'2401-HIV-24a01H-s-Samedi-00',600,74300,4,'',0,7400,4,'',0,3200,4,'',0,7100,4,'',0,3100,4,'',0,6700,4,'',0,3600,4,'',0,6700,4,'',0,3600,4,'',0,6700,4,'',0,3500,4,'',0,6600,4,'',0,3000,4,'',0,6600,4,'',0,2900,4,'',0,6600,4,'',0,3100,4,'',0,7200,4,'',0,3700,4,'',0,7000,4,'',0,3000,4,'',0,6200,4,'',0,3400,4,'',0,6800,4,'',0,3400,4,'',0,6700,4,'',0
'2401-HIV-24a01H-s-Samedi-00',601,72500,,'',0,2900,,'',0,7300,,'',0,2900,,'',0,7400,,'',0,2800,,'',0,7000,,'',0,7300,,'',0,3000,,'',0,7300,,'',0,3000,,'',0,6600,,'',0,2700,,'',0,2500,,'',0,6800,,'',0,2800,,'',0,7800,,'',0,2800,,'',0,7500,,'',0,2400,,'',0,7100,,'',0,2600,,'',0,7800,,'',0,3100,,'',0,7100,,'',0
'2401-HIV-24a01Vlv-Semaine-01',600,71600,4,'',0,2000,4,'',0,2100,4,'',0,7000,4,'',0,7300,4,'',0,3300,4,'',0,2600,4,'',0,8000,4,'',0,6600,4,'',0,2800,4,'',0,6800,4,'',0,2600,4,'',0,3200,4,'',0,7700,4,'',0,2100,4,'',0,7200,4,'',0,2700,4,'',0,6700,4,'',0,2400,4,'',0,6300,4,'',0,2900,4,'',0,6900,4,'',0,2900,4,'',0,7400,4,'',0,3400,4,'',0,6400,4,'',0,9400,4,'',0
'2401-HIV-24a01Vlv-Semaine-01',601,55600,,'',0,15400,,'',0,1800,,'',0,8500,,'',0,2300,,'',0,7400,,'',0,3300,,'',0,6800,,'',0,2600,,'',0,6600,,'',0,2500,,'',0,2800,,'',0,6700,,'',0,1700,,'',0,7000,,'',0,2300,,'',0,2400,,'',0,6600,,'',0,2400,,'',0,6400,,'',0,3400,,'',0,7200,,'',0,3200,,'',0,6800,,'',0,2700,,'',0,7700,,'',0,3100,,'',0,6700,,'',0
'2401-HIV-24a08H-w-Mercredi-01',600,71800,4,'',0,2400,4,'',0,6000,4,'',0,2600,4,'',0,7300,4,'',0,3400,4,'',0,6600,4,'',0,3800,4,'',0,6700,4,'',0,2700,4,'',0,6900,4,'',0,2700,4,'',0,7200,4,'',0,3700,4,'',0,2000,4,'',0,7200,4,'',0,2700,4,'',0,6600,4,'',0,2500,4,'',0,6600,4,'',0,2500,4,'',0,6900,4,'',0,3700,4,'',0,6800,4,'',0,2800,4,'',0,6700,4,'',0,9500,4,'',0
'2401-HIV-24a08H-w-Mercredi-01',601,55600,,'',0,15400,,'',0,1600,,'',0,8500,,'',0,2400,,'',0,7400,,'',0,3300,,'',0,6800,,'',0,2600,,'',0,6600,,'',0,2500,,'',0,2600,,'',0,6900,,'',0,1700,,'',0,7100,,'',0,2300,,'',0,2400,,'',0,6600,,'',0,2400,,'',0,6400,,'',0,3400,,'',0,6900,,'',0,3400,,'',0,7000,,'',0,3600,,'',0,6900,,'',0,3100,,'',0,6300,,'',0
'2401-HIV-24a08Hlv-L-Ma-J-V-01',600,71800,4,'',0,2400,4,'',0,6000,4,'',0,2600,4,'',0,7300,4,'',0,3400,4,'',0,6600,4,'',0,3800,4,'',0,6700,4,'',0,2700,4,'',0,6900,4,'',0,2700,4,'',0,7200,4,'',0,3700,4,'',0,2000,4,'',0,7200,4,'',0,2700,4,'',0,6600,4,'',0,2500,4,'',0,6600,4,'',0,2500,4,'',0,6900,4,'',0,3700,4,'',0,6800,4,'',0,2800,4,'',0,6700,4,'',0,9500,4,'',0
'2401-HIV-24a08Hlv-L-Ma-J-V-01',601,55600,,'',0,15400,,'',0,1600,,'',0,8500,,'',0,2400,,'',0,7400,,'',0,3300,,'',0,6800,,'',0,2600,,'',0,6600,,'',0,2500,,'',0,2600,,'',0,6900,,'',0,1700,,'',0,7100,,'',0,2300,,'',0,2400,,'',0,6600,,'',0,2400,,'',0,6400,,'',0,3400,,'',0,6900,,'',0,3400,,'',0,7000,,'',0,3600,,'',0,6900,,'',0,3100,,'',0,6300,,'',0
'2401-HIV-24b12Vlv-Semaine-01',600,71600,4,'',0,2000,4,'',0,2100,4,'',0,7000,4,'',0,7300,4,'',0,3300,4,'',0,2600,4,'',0,8000,4,'',0,6600,4,'',0,2800,4,'',0,6800,4,'',0,2600,4,'',0,3200,4,'',0,7700,4,'',0,2100,4,'',0,7200,4,'',0,2700,4,'',0,6700,4,'',0,2400,4,'',0,6300,4,'',0,2900,4,'',0,6900,4,'',0,2900,4,'',0,7400,4,'',0,3400,4,'',0,6400,4,'',0,9400,4,'',0
'2401-HIV-24b12Vlv-Semaine-01',601,55600,,'',0,15400,,'',0,1800,,'',0,8500,,'',0,2300,,'',0,7400,,'',0,3300,,'',0,6800,,'',0,2600,,'',0,6600,,'',0,2500,,'',0,2800,,'',0,6700,,'',0,1700,,'',0,7000,,'',0,2300,,'',0,2400,,'',0,6600,,'',0,2400,,'',0,6400,,'',0,3400,,'',0,7200,,'',0,3200,,'',0,6800,,'',0,2700,,'',0,7700,,'',0,3100,,'',0,6700,,'',0
'2401-HIV-24b19Vlv-Semaine-00',600,71600,4,'',0,2000,4,'',0,2100,4,'',0,7000,4,'',0,7300,4,'',0,3300,4,'',0,2600,4,'',0,8000,4,'',0,6600,4,'',0,2800,4,'',0,6800,4,'',0,2600,4,'',0,3200,4,'',0,7700,4,'',0,2100,4,'',0,7200,4,'',0,2700,4,'',0,6700,4,'',0,2400,4,'',0,6300,4,'',0,2900,4,'',0,6900,4,'',0,2900,4,'',0,7400,4,'',0,3400,4,'',0,6400,4,'',0,9400,4,'',0
'2401-HIV-24b19Vlv-Semaine-00',601,55600,,'',0,15400,,'',0,1800,,'',0,8500,,'',0,2300,,'',0,7400,,'',0,3300,,'',0,6800,,'',0,2600,,'',0,6600,,'',0,2500,,'',0,2800,,'',0,6700,,'',0,1700,,'',0,7000,,'',0,2300,,'',0,2400,,'',0,6600,,'',0,2400,,'',0,6400,,'',0,3400,,'',0,7200,,'',0,3200,,'',0,6800,,'',0,2700,,'',0,7700,,'',0,3100,,'',0,6700,,'',0
