'2309-HIV-23i04H-d-Dimanche-00',800,82000,4,'',0,10000,4,'',0,10000,4,'',0,10000,4,'',0,10100,4,'',0,12900,4,'',0,10000,4,'',0,10000,4,'',0,10000,4,'',0,10100,4,'',0,9900,4,'',0,9900,4,'',0
'2309-HIV-23i04H-s-Samedi-00',800,65000,4,'',0,6100,4,'',0,2200,4,'',0,2100,4,'',0,6400,4,'',0,2400,4,'',0,6400,4,'',0,2400,4,'',0,2600,4,'',0,6500,4,'',0,2400,4,'',0,6500,4,'',0,2500,4,'',0,2400,4,'',0,6300,4,'',0,2100,4,'',0,6200,4,'',0,2400,4,'',0,2000,4,'',0,6000,4,'',0,2500,4,'',0,2300,4,'',0,6200,4,'',0,1900,4,'',0,2000,4,'',0,6200,4,'',0,2200,4,'',0,6000,4,'',0,2200,4,'',0,2000,4,'',0,5900,4,'',0,1900,4,'',0,2000,4,'',0,5800,4,'',0,1600,4,'',0,1700,4,'',0,2000,4,'',0,6200,4,'',0,2100,4,'',0,2200,4,'',0
'2309-HIV-23i04H-w-Mercredi-01',800,65000,4,'',0,6500,4,'',0,2300,4,'',0,2100,4,'',0,6200,4,'',0,1800,4,'',0,2000,4,'',0,6000,4,'',0,2100,4,'',0,6000,4,'',0,2000,4,'',0,2000,4,'',0,6100,4,'',0,2000,4,'',0,2000,4,'',0,6000,4,'',0,2000,4,'',0,1900,4,'',0,1900,4,'',0,6100,4,'',0,2000,4,'',0,6000,4,'',0,1900,4,'',0,2000,4,'',0,2000,4,'',0,6000,4,'',0,1800,4,'',0,2100,4,'',0,6100,4,'',0,2000,4,'',0,6300,4,'',0,2100,4,'',0,2300,4,'',0,6100,4,'',0,2000,4,'',0,1900,4,'',0,5700,4,'',0,1700,4,'',0,1700,4,'',0,2100,4,'',0,7000,4,'',0,7300,4,'',0
'2309-HIV-23i04Hlv-L-Ma-J-V-00',800,65000,4,'',0,6500,4,'',0,2300,4,'',0,2100,4,'',0,6200,4,'',0,1800,4,'',0,2000,4,'',0,6000,4,'',0,2100,4,'',0,6000,4,'',0,2000,4,'',0,2000,4,'',0,6100,4,'',0,2000,4,'',0,2000,4,'',0,6000,4,'',0,2000,4,'',0,1900,4,'',0,1900,4,'',0,6100,4,'',0,2000,4,'',0,6000,4,'',0,1900,4,'',0,2000,4,'',0,2000,4,'',0,6000,4,'',0,1800,4,'',0,2100,4,'',0,6100,4,'',0,2000,4,'',0,6300,4,'',0,2100,4,'',0,2300,4,'',0,6100,4,'',0,2000,4,'',0,1900,4,'',0,5700,4,'',0,1700,4,'',0,1700,4,'',0,2100,4,'',0,7000,4,'',0,7300,4,'',0
'2309-HIV-23i14Hlv-L-Ma-J-V-00',800,65000,4,'',0,6500,4,'',0,2300,4,'',0,2100,4,'',0,6200,4,'',0,1800,4,'',0,2000,4,'',0,6000,4,'',0,2100,4,'',0,6000,4,'',0,2000,4,'',0,2000,4,'',0,6100,4,'',0,2000,4,'',0,2000,4,'',0,6000,4,'',0,2000,4,'',0,1900,4,'',0,1900,4,'',0,6100,4,'',0,2000,4,'',0,6000,4,'',0,1900,4,'',0,2000,4,'',0,2000,4,'',0,6000,4,'',0,1800,4,'',0,2100,4,'',0,6100,4,'',0,2000,4,'',0,6300,4,'',0,2100,4,'',0,2300,4,'',0,6100,4,'',0,2000,4,'',0,1900,4,'',0,5700,4,'',0,1700,4,'',0,1700,4,'',0,2100,4,'',0,7000,4,'',0,7300,4,'',0
'2309-HIV-23i17H-d-Dimanche-00',800,82000,4,'',0,10000,4,'',0,10000,4,'',0,10000,4,'',0,10100,4,'',0,12900,4,'',0,10000,4,'',0,10000,4,'',0,10000,4,'',0,10100,4,'',0,9900,4,'',0,9900,4,'',0
'2309-HIV-23j01H-d-Dimanche-00',800,82000,4,'',0,10000,4,'',0,10000,4,'',0,10000,4,'',0,10100,4,'',0,12900,4,'',0,10000,4,'',0,10000,4,'',0,10000,4,'',0,10100,4,'',0,9900,4,'',0,9900,4,'',0
'2309-HIV-23j23Vlv-Semaine-00',800,65000,4,'',0,6100,4,'',0,2200,4,'',0,2100,4,'',0,6400,4,'',0,2400,4,'',0,6400,4,'',0,2400,4,'',0,2600,4,'',0,6500,4,'',0,2400,4,'',0,6500,4,'',0,2500,4,'',0,2400,4,'',0,6300,4,'',0,2100,4,'',0,6200,4,'',0,2400,4,'',0,2000,4,'',0,6000,4,'',0,2500,4,'',0,2300,4,'',0,6200,4,'',0,1900,4,'',0,2000,4,'',0,6200,4,'',0,2200,4,'',0,6000,4,'',0,2200,4,'',0,2000,4,'',0,5900,4,'',0,1900,4,'',0,2000,4,'',0,5800,4,'',0,1600,4,'',0,1700,4,'',0,2000,4,'',0,6200,4,'',0,2100,4,'',0,2200,4,'',0
'2309-HIV-23j30Vlv-Semaine-00',800,65000,4,'',0,6100,4,'',0,2200,4,'',0,2100,4,'',0,6400,4,'',0,2400,4,'',0,6400,4,'',0,2400,4,'',0,2600,4,'',0,6500,4,'',0,2400,4,'',0,6500,4,'',0,2500,4,'',0,2400,4,'',0,6300,4,'',0,2100,4,'',0,6200,4,'',0,2400,4,'',0,2000,4,'',0,6000,4,'',0,2500,4,'',0,2300,4,'',0,6200,4,'',0,1900,4,'',0,2000,4,'',0,6200,4,'',0,2200,4,'',0,6000,4,'',0,2200,4,'',0,2000,4,'',0,5900,4,'',0,1900,4,'',0,2000,4,'',0,5800,4,'',0,1600,4,'',0,1700,4,'',0,2000,4,'',0,6200,4,'',0,2100,4,'',0,2200,4,'',0
'2309-HIV-23l15Hlv-L-Ma-J-V-00',800,65000,4,'',0,6500,4,'',0,2300,4,'',0,2100,4,'',0,6200,4,'',0,1800,4,'',0,2000,4,'',0,6000,4,'',0,2100,4,'',0,6000,4,'',0,2000,4,'',0,2000,4,'',0,6100,4,'',0,2000,4,'',0,2000,4,'',0,6000,4,'',0,2000,4,'',0,1900,4,'',0,1900,4,'',0,6100,4,'',0,2000,4,'',0,6000,4,'',0,1900,4,'',0,2000,4,'',0,2000,4,'',0,6000,4,'',0,1800,4,'',0,2100,4,'',0,6100,4,'',0,2000,4,'',0,6300,4,'',0,2100,4,'',0,2300,4,'',0,6100,4,'',0,2000,4,'',0,1900,4,'',0,5700,4,'',0,1700,4,'',0,1700,4,'',0,2100,4,'',0,7000,4,'',0,7300,4,'',0
'2309-HIV-23l25Vlv-Semaine-00',800,65000,4,'',0,6100,4,'',0,2200,4,'',0,2100,4,'',0,6400,4,'',0,2400,4,'',0,6400,4,'',0,2400,4,'',0,2600,4,'',0,6500,4,'',0,2400,4,'',0,6500,4,'',0,2500,4,'',0,2400,4,'',0,6300,4,'',0,2100,4,'',0,6200,4,'',0,2400,4,'',0,2000,4,'',0,6000,4,'',0,2500,4,'',0,2300,4,'',0,6200,4,'',0,1900,4,'',0,2000,4,'',0,6200,4,'',0,2200,4,'',0,6000,4,'',0,2200,4,'',0,2000,4,'',0,5900,4,'',0,1900,4,'',0,2000,4,'',0,5800,4,'',0,1600,4,'',0,1700,4,'',0,2000,4,'',0,6200,4,'',0,2100,4,'',0,2200,4,'',0
