'2401-HIV-24a01H-d-Dimanche-02',200,114400,4,'',0,28000,4,'',0,28000,4,'',0,24000,4,'',0
'2401-HIV-24a01H-s-Samedi-00',200,81700,4,'',0,10600,4,'',0,10700,4,'',0,10200,4,'',0,10700,4,'',0,10500,4,'',0,10300,4,'',0,10400,4,'',0,10500,4,'',0,14500,4,'',0,10200,4,'',0,4900,4,'',0
'2401-HIV-24a01Vlv-Semaine-01',200,75100,4,'',0,15300,4,'',0,12600,4,'',0,10000,4,'',0,10400,4,'',0,9500,4,'',0,9100,4,'',0,10100,4,'',0,11900,4,'',0,10100,4,'',0,9900,4,'',0,11200,4,'',0
'2401-HIV-24a08H-w-Mercredi-01',200,75900,4,'',0,15400,4,'',0,11600,4,'',0,10000,4,'',0,10500,4,'',0,9400,4,'',0,9200,4,'',0,10000,4,'',0,12200,4,'',0,10800,4,'',0,9700,4,'',0,10600,4,'',0
'2401-HIV-24a08Hlv-L-Ma-J-V-01',200,75900,4,'',0,15400,4,'',0,11600,4,'',0,10000,4,'',0,10500,4,'',0,9400,4,'',0,9200,4,'',0,10000,4,'',0,12200,4,'',0,10800,4,'',0,9700,4,'',0,10600,4,'',0
'2401-HIV-24b12Vlv-Semaine-01',200,75100,4,'',0,15300,4,'',0,12600,4,'',0,10000,4,'',0,10400,4,'',0,9500,4,'',0,9100,4,'',0,10100,4,'',0,11900,4,'',0,10100,4,'',0,9900,4,'',0,11200,4,'',0
'2401-HIV-24b18H-d-Dimanche-00',200,114400,4,'',0,28000,4,'',0,28000,4,'',0,24000,4,'',0
'2401-HIV-24b19Vlv-Semaine-00',200,75100,4,'',0,15300,4,'',0,12600,4,'',0,10000,4,'',0,10400,4,'',0,9500,4,'',0,9100,4,'',0,10100,4,'',0,11900,4,'',0,10100,4,'',0,9900,4,'',0,11200,4,'',0
'2401-HIV-S24a08-w-Mercredi-00',20700,72200,,'',0
'2401-HIV-S24a08lv-L-Ma-J-V-00',20700,72200,,'',0
