'2401-HIV-24a01H-d-Dimanche-02',1500,90600,4,'',0,23600,4,'',0,30000,4,'',0,36900,4,'',0
'2401-HIV-24a01H-s-Samedi-00',1500,75200,4,'',0,6100,4,'',0,11400,4,'',0,11700,4,'',0,15800,4,'',0,4000,4,'',0,7500,4,'',0,9700,4,'',0,22300,4,'',0,10900,4,'',0,9800,4,'',0,10900,4,'',0
'2401-HIV-24a01Vlv-Semaine-01',1500,75200,4,'',0,6100,4,'',0,11400,4,'',0,11700,4,'',0,15800,4,'',0,4000,4,'',0,7500,4,'',0,9700,4,'',0,22300,4,'',0,10900,4,'',0,9800,4,'',0,10900,4,'',0
'2401-HIV-24a08H-w-Mercredi-01',1500,75200,4,'',0,6100,4,'',0,11400,4,'',0,11700,4,'',0,15800,4,'',0,4000,4,'',0,7500,4,'',0,9700,4,'',0,22300,4,'',0,10900,4,'',0,9800,4,'',0,10900,4,'',0
'2401-HIV-24a08Hlv-L-Ma-J-V-01',1500,75200,4,'',0,6100,4,'',0,11400,4,'',0,11700,4,'',0,15800,4,'',0,4000,4,'',0,7500,4,'',0,9700,4,'',0,22300,4,'',0,10900,4,'',0,9800,4,'',0,10900,4,'',0
'2401-HIV-24b12Vlv-Semaine-01',1500,75200,4,'',0,6100,4,'',0,11400,4,'',0,11700,4,'',0,15800,4,'',0,4000,4,'',0,7500,4,'',0,9700,4,'',0,22300,4,'',0,10900,4,'',0,9800,4,'',0,10900,4,'',0
'2401-HIV-24b18H-d-Dimanche-00',1500,90600,4,'',0,23600,4,'',0,30000,4,'',0,36900,4,'',0
'2401-HIV-24b19Vlv-Semaine-00',1500,75200,4,'',0,6100,4,'',0,11400,4,'',0,11700,4,'',0,15800,4,'',0,4000,4,'',0,7500,4,'',0,9700,4,'',0,22300,4,'',0,10900,4,'',0,9800,4,'',0,10900,4,'',0
'2401-HIV-S24a08-w-Mercredi-00',11800,72600,,'',0
'2401-HIV-S24a08lv-L-Ma-J-V-00',11800,72600,,'',0
'2401-HIV-S24a08-w-Mercredi-00',15000,71500,,'',0
'2401-HIV-S24a08lv-L-Ma-J-V-00',15000,71500,,'',0
'2401-HIV-S24a08-w-Mercredi-00-0010000',15201,130700,4,'',0
'2401-HIV-S24a08lv-L-Ma-J-V-00-1101100',15201,163700,4,'',0,10000,4,'',0
