'2401-HIV-24a01H-d-Dimanche-02',201,94600,4,'',0,39300,4,'',0,28200,4,'',0,28500,4,'',0
'2401-HIV-24a01H-s-Samedi-00',201,83600,4,'',0,10900,4,'',0,10500,4,'',0,10500,4,'',0,14500,4,'',0,10500,4,'',0,10700,4,'',0,10500,4,'',0,10500,4,'',0,10600,4,'',0,10300,4,'',0,7400,4,'',0
'2401-HIV-24a01Vlv-Semaine-01',201,75600,4,'',0,8500,4,'',0,15900,4,'',0,15000,4,'',0,10000,4,'',0,6000,4,'',0,11600,4,'',0,18700,4,'',0,8900,4,'',0,2500,4,'',0,7500,4,'',0,3100,4,'',0,6900,4,'',0,2400,4,'',0,8200,4,'',0
'2401-HIV-24a08H-w-Mercredi-01',201,75500,4,'',0,8500,4,'',0,16100,4,'',0,14900,4,'',0,10000,4,'',0,6000,4,'',0,11600,4,'',0,18600,4,'',0,9100,4,'',0,2600,4,'',0,7600,4,'',0,2900,4,'',0,6800,4,'',0,2400,4,'',0,8100,4,'',0
'2401-HIV-24a08Hlv-L-Ma-J-V-01',201,75500,4,'',0,8500,4,'',0,16100,4,'',0,14900,4,'',0,10000,4,'',0,6000,4,'',0,11600,4,'',0,18600,4,'',0,9100,4,'',0,2600,4,'',0,7600,4,'',0,2900,4,'',0,6800,4,'',0,2400,4,'',0,8100,4,'',0
'2401-HIV-24b12Vlv-Semaine-01',201,75600,4,'',0,8500,4,'',0,15900,4,'',0,15000,4,'',0,10000,4,'',0,6000,4,'',0,11600,4,'',0,18700,4,'',0,8900,4,'',0,2500,4,'',0,7500,4,'',0,3100,4,'',0,6900,4,'',0,2400,4,'',0,8200,4,'',0
'2401-HIV-24b18H-d-Dimanche-00',201,94600,4,'',0,39300,4,'',0,28200,4,'',0,28500,4,'',0
'2401-HIV-24b19Vlv-Semaine-00',201,75600,4,'',0,8500,4,'',0,15900,4,'',0,15000,4,'',0,10000,4,'',0,6000,4,'',0,11600,4,'',0,18700,4,'',0,8900,4,'',0,2500,4,'',0,7500,4,'',0,3100,4,'',0,6900,4,'',0,2400,4,'',0,8200,4,'',0
'2401-HIV-S24a08-w-Mercredi-00-0010000',14101,124800,4,'',0
'2401-HIV-S24a08lv-L-Ma-J-V-00-1101100',14101,163600,4,'',0,16500,4,'',0,4000,4,'',0
'2401-HIV-S24a08-w-Mercredi-00-0010000',14201,124800,4,'',0
'2401-HIV-S24a08lv-L-Ma-J-V-00-1101100',14201,163600,4,'',0,16500,4,'',0,4000,4,'',0
'2401-HIV-S24a08-w-Mercredi-00-0010000',14301,125800,4,'',0
'2401-HIV-S24a08-w-Mercredi-00-0010000',14401,125800,,'',0
'2401-HIV-S24a08lv-L-Ma-J-V-00-1101100',14401,162800,,'',0,10000,,'',0
