100,0,'Aller',1
101,0,'Retour',1
200,0,'Aller',2
201,0,'Retour',2
300,0,'Aller',3
301,0,'Retour',3
400,0,'Aller',4
401,0,'Retour',4
500,0,'Aller',5
501,0,'Retour',5
600,0,'Aller',6
601,0,'Retour',6
700,0,'Aller',7
701,0,'Retour',7
800,0,'Aller',8
801,0,'Retour',8
900,0,'Aller',9
901,0,'Retour',9
1000,0,'Aller',10
1001,0,'Retour',10
1100,0,'Aller',11
1101,0,'Retour',11
1300,0,'Aller',13
1301,0,'Retour',13
1400,0,'Aller',14
1401,0,'Retour',14
1500,0,'Aller',15
1501,0,'Retour',15
1600,0,'Aller',16
1601,0,'Retour',16
1700,0,'Aller',17
1701,0,'Retour',17
1800,0,'Aller',18
1801,0,'Retour',18
1900,0,'Aller',19
1901,0,'Retour',19
2000,0,'Aller',20
2001,0,'Retour',20
2100,0,'Aller',21
2101,0,'Retour',21
2200,0,'Aller',22
2201,0,'Retour',22
2400,0,'Aller',24
2401,0,'Retour',24
2500,0,'Aller',25
2501,0,'Retour',25
10000,0,'Aller',100
10100,0,'Aller',101
10101,0,'Retour',101
10200,0,'Aller',102
10201,0,'Retour',102
10300,0,'Aller',103
10301,0,'Retour',103
10400,0,'Aller',104
10401,0,'Retour',104
10500,0,'Aller',105
10501,0,'Retour',105
10600,0,'Aller',106
10700,0,'Aller',107
10701,0,'Retour',107
10800,0,'Aller',108
10801,0,'Retour',108
10900,0,'Aller',109
10901,0,'Retour',109
11000,0,'Aller',110
11001,0,'Retour',110
11100,0,'Aller',111
11101,0,'Retour',111
11200,0,'Aller',112
11201,0,'Retour',112
11301,0,'Retour',113
11400,0,'Aller',114
11401,0,'Retour',114
11500,0,'Aller',115
11501,0,'Retour',115
11600,0,'Aller',116
11601,0,'Retour',116
11700,0,'Aller',117
11800,0,'Aller',118
11801,0,'Retour',118
11901,0,'Retour',119
12000,0,'Aller',120
12001,0,'Retour',120
12100,0,'Aller',121
12200,0,'Aller',122
12201,0,'Retour',122
12300,0,'Aller',123
12301,0,'Retour',123
12500,0,'Aller',125
12501,0,'Retour',125
12600,0,'Aller',126
12601,0,'Retour',126
12700,0,'Aller',127
12701,0,'Retour',127
12800,0,'Aller',128
12801,0,'Retour',128
12900,0,'Aller',129
12901,0,'Retour',129
13000,0,'Aller',130
13001,0,'Retour',130
13100,0,'Aller',131
13101,0,'Retour',131
13200,0,'Aller',132
13300,0,'Aller',133
13400,0,'Aller',134
13401,0,'Retour',134
13500,0,'Aller',135
13501,0,'Retour',135
13700,0,'Aller',137
13701,0,'Retour',137
13800,0,'Aller',138
13801,0,'Retour',138
13900,0,'Aller',139
13901,0,'Retour',139
14000,0,'Aller',140
14100,0,'Aller',141
14101,0,'Retour',141
14200,0,'Aller',142
14201,0,'Retour',142
14300,0,'Aller',143
14301,0,'Retour',143
14400,0,'Aller',144
14401,0,'Retour',144
14500,0,'Aller',145
14501,0,'Retour',145
14600,0,'Aller',146
14700,0,'Aller',147
14701,0,'Retour',147
14800,0,'Aller',148
14801,0,'Retour',148
14900,0,'Aller',149
14901,0,'Retour',149
15000,0,'Aller',150
15001,0,'Retour',150
15101,0,'Retour',151
15200,0,'Aller',152
15201,0,'Retour',152
15400,0,'Aller',154
15500,0,'Aller',155
15501,0,'Retour',155
15700,0,'Aller',157
15800,0,'Aller',158
15801,0,'Retour',158
15901,0,'Retour',159
16000,0,'Aller',160
16100,0,'Aller',161
16101,0,'Retour',161
16200,0,'Aller',162
16201,0,'Retour',162
16300,0,'Aller',163
16301,0,'Retour',163
16400,0,'Aller',164
16500,0,'Aller',165
16501,0,'Retour',165
16700,0,'Aller',167
16701,0,'Retour',167
16800,0,'Aller',168
16801,0,'Retour',168
16900,0,'Aller',169
16901,0,'Retour',169
17001,0,'Retour',170
17100,0,'Aller',171
17101,0,'Retour',171
17200,0,'Aller',172
17201,0,'Retour',172
17300,0,'Aller',173
17301,0,'Retour',173
17400,0,'Aller',174
17401,0,'Retour',174
17500,0,'Aller',175
17501,0,'Retour',175
17600,0,'Aller',176
17700,0,'Aller',177
17701,0,'Retour',177
17800,0,'Aller',178
17801,0,'Retour',178
17900,0,'Aller',179
17901,0,'Retour',179
18000,0,'Aller',180
18100,0,'Aller',181
18101,0,'Retour',181
18200,0,'Aller',182
18201,0,'Retour',182
18300,0,'Aller',183
18301,0,'Retour',183
18400,0,'Aller',184
18401,0,'Retour',184
18500,0,'Aller',185
18600,0,'Aller',186
18601,0,'Retour',186
18700,0,'Aller',187
18800,0,'Aller',188
18801,0,'Retour',188
18900,0,'Aller',189
19000,0,'Aller',190
19001,0,'Retour',190
19100,0,'Aller',191
19101,0,'Retour',191
19200,0,'Aller',192
19201,0,'Retour',192
19300,0,'Aller',193
19301,0,'Retour',193
19400,0,'Aller',194
19401,0,'Retour',194
19500,0,'Aller',195
19600,0,'Aller',196
19700,0,'Aller',197
19701,0,'Retour',197
19800,0,'Aller',198
19801,0,'Retour',198
19900,0,'Aller',199
20000,0,'Aller',200
20100,0,'Aller',201
20101,0,'Retour',201
20200,0,'Aller',202
20300,0,'Aller',203
20301,0,'Retour',203
20400,0,'Aller',204
20401,0,'Retour',204
20500,0,'Aller',205
20501,0,'Retour',205
20600,0,'Aller',206
20601,0,'Retour',206
20700,0,'Aller',207
20701,0,'Retour',207
20801,0,'Retour',208
20900,0,'Aller',209
20901,0,'Retour',209
21000,0,'Aller',210
21100,0,'Aller',211
21201,0,'Retour',212
21300,0,'Aller',213
21301,0,'Retour',213
21401,0,'Retour',214
21500,0,'Aller',215
21501,0,'Retour',215
21600,0,'Aller',216
21601,0,'Retour',216
21700,0,'Aller',217
21701,0,'Retour',217
21800,0,'Aller',218
21900,0,'Aller',219
50500,0,'Aller',505
50501,0,'Retour',505
50600,0,'Aller',506
50601,0,'Retour',506
50700,0,'Aller',507
50701,0,'Retour',507
50800,0,'Aller',508
50900,0,'Aller',509
50901,0,'Retour',509
51000,0,'Aller',510
51001,0,'Retour',510
51401,0,'Retour',514
51500,0,'Aller',515
51701,0,'Retour',517
51801,0,'Retour',518
51900,0,'Aller',519
52000,0,'Aller',520
52001,0,'Retour',520
52101,0,'Retour',521
52201,0,'Retour',522
100000,0,'Aller',1000
100001,0,'Retour',1000
200000,0,'Aller',2000
200001,0,'Retour',2000
300000,0,'Aller',3000
300001,0,'Retour',3000
900300,0,'Aller',9003
900301,0,'Retour',9003
900500,0,'Aller',9005
900501,0,'Retour',9005
900600,0,'Aller',9006
900601,0,'Retour',9006
900700,0,'Aller',9007
900901,0,'Retour',9009
1001200,0,'Aller',10012
1001201,0,'Retour',10012
2000100,0,'Aller',20001
2000101,0,'Retour',20001
2001200,0,'Aller',20012
2001201,0,'Retour',20012
8000100,0,'Aller',80001
8000101,0,'Retour',80001
9000100,0,'Aller',90001
9000101,0,'Retour',90001
10000200,0,'Aller',100002
10000201,0,'Retour',100002
10000400,0,'Aller',100004
10000401,0,'Retour',100004
12000100,0,'Aller',120001
12000101,0,'Retour',120001
17000200,0,'Aller',170002
17000201,0,'Retour',170002
20000100,0,'Aller',200001
20000101,0,'Retour',200001
20000200,0,'Aller',200002
20000201,0,'Retour',200002
23000100,0,'Aller',230001
23000101,0,'Retour',230001
30001100,0,'Aller',300011
30001101,0,'Retour',300011
30002200,0,'Aller',300022
30002201,0,'Retour',300022
30003300,0,'Aller',300033
30003301,0,'Retour',300033
50001100,0,'Aller',500011
50001101,0,'Retour',500011
50002200,0,'Aller',500022
50002201,0,'Retour',500022
