'23E07-ETED-Dimanche-00',1000,120500,4,'',0,31900,4,'',0,40900,4,'',0,30800,4,'',0
'23E07-ETED-Dimanche-00',1001,90500,,'',0,32100,,'',0,40900,,'',0,31000,,'',0
'23E07-ETEJF1-Dimanche-02',1000,72100,4,'',0,10300,4,'',0,21900,4,'',0,56100,4,'',0,5100,4,'',0,16500,4,'',0,9000,4,'',0
'23E07-ETEJF1-Dimanche-02',1001,73500,,'',0,10300,,'',0,21700,,'',0,30100,,'',0,25900,,'',0,12000,,'',0,9500,,'',0,10000,,'',0
'23E07-ETEJF2-Dimanche-03',1000,72100,4,'',0,10300,4,'',0,21900,4,'',0,56100,4,'',0,5100,4,'',0,16500,4,'',0,9000,4,'',0
'23E07-ETEJF2-Dimanche-03',1001,73500,,'',0,10300,,'',0,21700,,'',0,30100,,'',0,25900,,'',0,12000,,'',0,9500,,'',0,10000,,'',0
'23E07-ETELS-Lun-Sam-00',1000,72100,4,'',0,10300,4,'',0,21900,4,'',0,56100,4,'',0,5100,4,'',0,16500,4,'',0,9000,4,'',0
'23E07-ETELS-Lun-Sam-00',1001,73500,,'',0,10300,,'',0,21700,,'',0,30100,,'',0,25900,,'',0,12000,,'',0,9500,,'',0,10000,,'',0
'23E07-ETES-Samedi-00',1000,71800,4,'',0,10600,4,'',0,10000,4,'',0,10000,4,'',0,10000,4,'',0,10000,4,'',0,12300,4,'',0,7700,4,'',0,10000,4,'',0,9000,4,'',0,9000,4,'',0,4800,4,'',0,10500,4,'',0,10000,4,'',0,14700,4,'',0,10200,4,'',0
'23E07-ETES-Samedi-00',1001,64500,,'',0,10000,,'',0,11100,,'',0,14800,,'',0,13400,,'',0,9800,,'',0,9000,,'',0,11500,,'',0,10000,,'',0,8900,,'',0,10000,,'',0,10600,,'',0,9400,,'',0,9600,,'',0,10000,,'',0
'23E07-ETEJF1-Dimanche-02',29001000,92400,4,'',0,28000,4,'',0,20000,4,'',0,10000,4,'',0,21800,4,'',0,19800,4,'',0,18300,4,'',0
'23E07-ETEJF1-Dimanche-02',29001001,95400,,'',0,19000,,'',0,9700,,'',0,28500,,'',0,17900,,'',0
'23E07-ETEJF2-Dimanche-03',29001000,92400,4,'',0,28000,4,'',0,20000,4,'',0,10000,4,'',0,21800,4,'',0,19800,4,'',0,18300,4,'',0
'23E07-ETEJF2-Dimanche-03',29001001,95400,,'',0,19000,,'',0,9700,,'',0,28500,,'',0,17900,,'',0
'23E07-ETELS-Lun-Sam-00',29001000,92400,4,'',0,28000,4,'',0,20000,4,'',0,10000,4,'',0,21800,4,'',0,19800,4,'',0,18300,4,'',0
'23E07-ETELS-Lun-Sam-00',29001001,95400,,'',0,19000,,'',0,9700,,'',0,28500,,'',0,17900,,'',0
'23E07-ETES-Samedi-00',29001000,84800,4,'',0,19700,4,'',0,10100,4,'',0,8500,4,'',0,11500,4,'',0,10000,4,'',0,8600,4,'',0,9100,4,'',0,19700,4,'',0,13400,4,'',0
'23E07-ETES-Samedi-00',29001001,100400,,'',0,10100,,'',0,13100,,'',0,9000,,'',0,7400,,'',0,4100,,'',0,6200,,'',0,3800,,'',0,18900,,'',0
