'2309-HIV-23i04H-d-Dimanche-00',100,84500,,'',0,15700,,'',0,4800,,'',0,15200,,'',0,9800,,'',0,20600,,'',0,10600,,'',0,10100,,'',0,10600,,'',0,10200,,'',0
'2309-HIV-23i04H-d-Dimanche-00',101,94400,4,'',0,9900,4,'',0,11100,4,'',0,8700,4,'',0,21500,4,'',0,14600,4,'',0,10100,4,'',0,10900,4,'',0,9900,4,'',0
'2309-HIV-23i04H-s-Samedi-00',100,65500,,'',0,8700,,'',0,7200,,'',0,3500,,'',0,8900,,'',0,8400,,'',0,8600,,'',0,4300,,'',0,8800,,'',0,8700,,'',0,10000,,'',0,8900,,'',0,4400,,'',0,8800,,'',0,9200,,'',0,7900,,'',0,8500,,'',0
'2309-HIV-23i04H-s-Samedi-00',101,75200,4,'',0,8300,4,'',0,9400,4,'',0,8100,4,'',0,9100,4,'',0,5100,4,'',0,8000,4,'',0,8200,4,'',0,10700,4,'',0,8100,4,'',0,4600,4,'',0,8900,4,'',0,9000,4,'',0,7900,4,'',0,3700,4,'',0,7400,4,'',0,8500,4,'',0
'2309-HIV-23i04H-w-Mercredi-01',100,65100,,'',0,6200,,'',0,4600,,'',0,5500,,'',0,1700,,'',0,2300,,'',0,7200,,'',0,3300,,'',0,7200,,'',0,7300,,'',0,3500,,'',0,2000,,'',0,6600,,'',0,2900,,'',0,6100,,'',0,2500,,'',0,6600,,'',0,2600,,'',0,2700,,'',0,7400,,'',0,6900,,'',0,2800,,'',0,2600,,'',0,7600,,'',0,7200,,'',0,3200,,'',0,7100,,'',0
'2309-HIV-23i04H-w-Mercredi-01',101,80300,4,'',0,1400,4,'',0,2800,4,'',0,7000,4,'',0,3200,4,'',0,7200,4,'',0,3100,4,'',0,7000,4,'',0,2900,4,'',0,6500,4,'',0,2700,4,'',0,6400,4,'',0,3500,4,'',0,7600,4,'',0,3200,4,'',0,6700,4,'',0,2900,4,'',0,7000,4,'',0,3300,4,'',0,6900,4,'',0,3500,4,'',0,7600,4,'',0,1800,4,'',0,5800,4,'',0,3000,4,'',0,6900,4,'',0
'2309-HIV-23i04Hlv-L-Ma-J-V-00',100,65100,,'',0,6200,,'',0,4600,,'',0,5500,,'',0,1700,,'',0,2300,,'',0,7200,,'',0,3300,,'',0,7200,,'',0,7300,,'',0,3500,,'',0,2000,,'',0,6600,,'',0,2900,,'',0,6100,,'',0,2500,,'',0,6600,,'',0,2600,,'',0,2700,,'',0,7400,,'',0,6900,,'',0,2800,,'',0,2600,,'',0,7600,,'',0,7200,,'',0,3200,,'',0,7100,,'',0
'2309-HIV-23i04Hlv-L-Ma-J-V-00',101,80300,4,'',0,1400,4,'',0,2800,4,'',0,7000,4,'',0,3200,4,'',0,7200,4,'',0,3100,4,'',0,7000,4,'',0,2900,4,'',0,6500,4,'',0,2700,4,'',0,6400,4,'',0,3500,4,'',0,7600,4,'',0,3200,4,'',0,6700,4,'',0,2900,4,'',0,7000,4,'',0,3300,4,'',0,6900,4,'',0,3500,4,'',0,7600,4,'',0,1800,4,'',0,5800,4,'',0,3000,4,'',0,6900,4,'',0
'2309-HIV-23i14Hlv-L-Ma-J-V-00',100,65100,,'',0,6200,,'',0,4600,,'',0,5500,,'',0,1700,,'',0,2300,,'',0,7200,,'',0,3300,,'',0,7200,,'',0,7300,,'',0,3500,,'',0,2000,,'',0,6600,,'',0,2900,,'',0,6100,,'',0,2500,,'',0,6600,,'',0,2600,,'',0,2700,,'',0,7400,,'',0,6900,,'',0,2800,,'',0,2600,,'',0,7600,,'',0,7200,,'',0,3200,,'',0,7100,,'',0
'2309-HIV-23i14Hlv-L-Ma-J-V-00',101,80300,4,'',0,1400,4,'',0,2800,4,'',0,7000,4,'',0,3200,4,'',0,7200,4,'',0,3100,4,'',0,7000,4,'',0,2900,4,'',0,6500,4,'',0,2700,4,'',0,6400,4,'',0,3500,4,'',0,7600,4,'',0,3200,4,'',0,6700,4,'',0,2900,4,'',0,7000,4,'',0,3300,4,'',0,6900,4,'',0,3500,4,'',0,7600,4,'',0,1800,4,'',0,5800,4,'',0,3000,4,'',0,6900,4,'',0
'2309-HIV-23i17H-d-Dimanche-00',100,84500,,'',0,15700,,'',0,4800,,'',0,15200,,'',0,9800,,'',0,20600,,'',0,10600,,'',0,10100,,'',0,10600,,'',0,10200,,'',0
'2309-HIV-23i17H-d-Dimanche-00',101,94400,4,'',0,9900,4,'',0,11100,4,'',0,8700,4,'',0,21500,4,'',0,14600,4,'',0,10100,4,'',0,10900,4,'',0,9900,4,'',0
'2309-HIV-23j01H-d-Dimanche-00',100,84500,,'',0,15700,,'',0,4800,,'',0,15200,,'',0,9800,,'',0,20600,,'',0,10600,,'',0,10100,,'',0,10600,,'',0,10200,,'',0
'2309-HIV-23j01H-d-Dimanche-00',101,94400,4,'',0,9900,4,'',0,11100,4,'',0,8700,4,'',0,21500,4,'',0,14600,4,'',0,10100,4,'',0,10900,4,'',0,9900,4,'',0
'2309-HIV-23j23Vlv-Semaine-00',100,65500,,'',0,8700,,'',0,7200,,'',0,3500,,'',0,8900,,'',0,8400,,'',0,8600,,'',0,4300,,'',0,8800,,'',0,8700,,'',0,10000,,'',0,8900,,'',0,4400,,'',0,8800,,'',0,9200,,'',0,7900,,'',0,8500,,'',0
'2309-HIV-23j23Vlv-Semaine-00',101,75200,4,'',0,8300,4,'',0,9400,4,'',0,8100,4,'',0,9100,4,'',0,5100,4,'',0,8000,4,'',0,8200,4,'',0,10700,4,'',0,8100,4,'',0,4600,4,'',0,8900,4,'',0,9000,4,'',0,7900,4,'',0,3700,4,'',0,7400,4,'',0,8500,4,'',0
'2309-HIV-23j30Vlv-Semaine-00',100,65500,,'',0,8700,,'',0,7200,,'',0,3500,,'',0,8900,,'',0,8400,,'',0,8600,,'',0,4300,,'',0,8800,,'',0,8700,,'',0,10000,,'',0,8900,,'',0,4400,,'',0,8800,,'',0,9200,,'',0,7900,,'',0,8500,,'',0
'2309-HIV-23j30Vlv-Semaine-00',101,75200,4,'',0,8300,4,'',0,9400,4,'',0,8100,4,'',0,9100,4,'',0,5100,4,'',0,8000,4,'',0,8200,4,'',0,10700,4,'',0,8100,4,'',0,4600,4,'',0,8900,4,'',0,9000,4,'',0,7900,4,'',0,3700,4,'',0,7400,4,'',0,8500,4,'',0
'2309-HIV-23l15Hlv-L-Ma-J-V-00',100,65100,,'',0,6200,,'',0,4600,,'',0,5500,,'',0,1700,,'',0,2300,,'',0,7200,,'',0,3300,,'',0,7200,,'',0,7300,,'',0,3500,,'',0,2000,,'',0,6600,,'',0,2900,,'',0,6100,,'',0,2500,,'',0,6600,,'',0,2600,,'',0,2700,,'',0,7400,,'',0,6900,,'',0,2800,,'',0,2600,,'',0,7600,,'',0,7200,,'',0,3200,,'',0,7100,,'',0
'2309-HIV-23l15Hlv-L-Ma-J-V-00',101,80300,4,'',0,1400,4,'',0,2800,4,'',0,7000,4,'',0,3200,4,'',0,7200,4,'',0,3100,4,'',0,7000,4,'',0,2900,4,'',0,6500,4,'',0,2700,4,'',0,6400,4,'',0,3500,4,'',0,7600,4,'',0,3200,4,'',0,6700,4,'',0,2900,4,'',0,7000,4,'',0,3300,4,'',0,6900,4,'',0,3500,4,'',0,7600,4,'',0,1800,4,'',0,5800,4,'',0,3000,4,'',0,6900,4,'',0
'2309-HIV-23l25Vlv-Semaine-00',100,65500,,'',0,8700,,'',0,7200,,'',0,3500,,'',0,8900,,'',0,8400,,'',0,8600,,'',0,4300,,'',0,8800,,'',0,8700,,'',0,10000,,'',0,8900,,'',0,4400,,'',0,8800,,'',0,9200,,'',0,7900,,'',0,8500,,'',0
'2309-HIV-23l25Vlv-Semaine-00',101,75200,4,'',0,8300,4,'',0,9400,4,'',0,8100,4,'',0,9100,4,'',0,5100,4,'',0,8000,4,'',0,8200,4,'',0,10700,4,'',0,8100,4,'',0,4600,4,'',0,8900,4,'',0,9000,4,'',0,7900,4,'',0,3700,4,'',0,7400,4,'',0,8500,4,'',0
