'2309-HIV-23i04H-s-Samedi-00',601,63600,4,'',0,16700,4,'',0,14200,4,'',0,10000,4,'',0,9600,4,'',0,9000,4,'',0,9200,4,'',0,10200,4,'',0,18600,4,'',0,9600,4,'',0,9800,4,'',0,9900,4,'',0,9700,4,'',0
'2309-HIV-23i04H-w-Mercredi-01',601,63700,4,'',0,16700,4,'',0,5100,4,'',0,10100,4,'',0,15200,4,'',0,13400,4,'',0,6900,4,'',0,13400,4,'',0,19400,4,'',0,6900,4,'',0,3500,4,'',0,6800,4,'',0,3400,4,'',0,5900,4,'',0,9800,4,'',0
'2309-HIV-23i14Hlv-L-Ma-J-V-00',601,63700,4,'',0,16700,4,'',0,5100,4,'',0,10100,4,'',0,15200,4,'',0,13400,4,'',0,6900,4,'',0,13400,4,'',0,19400,4,'',0,6900,4,'',0,3500,4,'',0,6800,4,'',0,3400,4,'',0,5900,4,'',0,9800,4,'',0
'2309-HIV-23j01H-d-Dimanche-00',601,102400,4,'',0,29600,4,'',0,21000,4,'',0,21300,4,'',0
'2309-HIV-23j23Vlv-Semaine-00',601,63600,4,'',0,16700,4,'',0,14200,4,'',0,10000,4,'',0,9600,4,'',0,9000,4,'',0,9200,4,'',0,10200,4,'',0,18600,4,'',0,9600,4,'',0,9800,4,'',0,9900,4,'',0,9700,4,'',0
'2309-HIV-23j30Vlv-Semaine-00',601,63600,4,'',0,16700,4,'',0,14200,4,'',0,10000,4,'',0,9600,4,'',0,9000,4,'',0,9200,4,'',0,10200,4,'',0,18600,4,'',0,9600,4,'',0,9800,4,'',0,9900,4,'',0,9700,4,'',0
'2309-HIV-23l15Hlv-L-Ma-J-V-00',601,63700,4,'',0,16700,4,'',0,5100,4,'',0,10100,4,'',0,15200,4,'',0,13400,4,'',0,6900,4,'',0,13400,4,'',0,19400,4,'',0,6900,4,'',0,3500,4,'',0,6800,4,'',0,3400,4,'',0,5900,4,'',0,9800,4,'',0
'2309-HIV-23l25Vlv-Semaine-00',601,63600,4,'',0,16700,4,'',0,14200,4,'',0,10000,4,'',0,9600,4,'',0,9000,4,'',0,9200,4,'',0,10200,4,'',0,18600,4,'',0,9600,4,'',0,9800,4,'',0,9900,4,'',0,9700,4,'',0
'2309-HIV-23i04H-s-Samedi-00',1400,94800,,'',0,18000,,'',0,29100,,'',0,11600,,'',0,11300,,'',0
'2309-HIV-23i04H-w-Mercredi-01',1400,95500,,'',0,17500,,'',0,27900,,'',0,13000,,'',0
'2309-HIV-23i14Hlv-L-Ma-J-V-00',1400,95500,,'',0,17500,,'',0,27900,,'',0,13000,,'',0
'2309-HIV-23j23Vlv-Semaine-00',1400,94800,,'',0,18000,,'',0,29100,,'',0,13100,,'',0
'2309-HIV-23j30Vlv-Semaine-00',1400,94800,,'',0,18000,,'',0,29100,,'',0,13100,,'',0
'2309-HIV-23l15Hlv-L-Ma-J-V-00',1400,95500,,'',0,17500,,'',0,27900,,'',0,13000,,'',0
'2309-HIV-23l25Vlv-Semaine-00',1400,94800,,'',0,18000,,'',0,29100,,'',0,13100,,'',0
'2309-HIV-23i04H-w-Mercredi-01',1800,64800,,'',0,7400,,'',0,3000,,'',0,96800,,'',0,9600,,'',0,9600,,'',0
'2309-HIV-23i04H-w-Mercredi-01-0010000',1800,124700,,'',0,7000,,'',0
'2309-HIV-23i14Hlv-L-Ma-J-V-00',1800,64800,,'',0,7400,,'',0,3000,,'',0,96800,,'',0,9600,,'',0,9600,,'',0
'2309-HIV-23i14Hlv-L-Ma-J-V-00-1101100',1800,162200,,'',0,2800,,'',0,9700,,'',0,10100,,'',0
'2309-HIV-23j01H-d-Dimanche-00',1800,103100,,'',0,29500,,'',0,21100,,'',0,21500,,'',0
'2309-HIV-23l15Hlv-L-Ma-J-V-00',1800,64800,,'',0,7400,,'',0,3000,,'',0,96800,,'',0,9600,,'',0,9600,,'',0
'2309-HIV-23l15Hlv-L-Ma-J-V-00-1101100',1800,162200,,'',0,2800,,'',0,9700,,'',0,10100,,'',0
'2309-HIV-S23k06-w-Mercredi-00-0010000',10201,130500,4,'',0
'2309-HIV-S23k06lv-L-Ma-J-V-00-1101100',10201,164800,4,'',0,15700,4,'',0,9500,4,'',0
'2309-HIV-S23k06-w-Mercredi-00-0010000',10301,130200,4,'',0
'2309-HIV-S23k06lv-L-Ma-J-V-00-1101100',10301,173200,4,'',0,7400,,'',0
'2309-HIV-S23k06-w-Mercredi-00',10400,75300,,'',0
'2309-HIV-S23k06lv-L-Ma-J-V-00',10400,75300,,'',0
'2309-HIV-S23k06-w-Mercredi-00',10500,75300,,'',0
'2309-HIV-S23k06lv-L-Ma-J-V-00',10500,75300,,'',0
'2309-HIV-S23k06lv-L-Ma-J-V-00-1101100',17501,163000,,'',0
