'2309-HIV-23i04H-s-Samedi-00',301,72100,4,'',0,3500,4,'',0,7500,4,'',0,7400,4,'',0,3300,4,'',0,7300,4,'',0,3200,4,'',0,7300,4,'',0,3200,4,'',0,7100,4,'',0,2900,4,'',0,7100,4,'',0,3000,4,'',0,7100,4,'',0,3200,4,'',0,7200,4,'',0,3300,4,'',0,7300,4,'',0,7300,4,'',0,3100,4,'',0,7300,4,'',0,3100,4,'',0,7200,4,'',0,2900,4,'',0,6800,4,'',0,3000,4,'',0,6900,4,'',0
'2309-HIV-23i04H-w-Mercredi-01',301,72200,4,'',0,2700,4,'',0,6400,4,'',0,3400,4,'',0,7300,4,'',0,3000,4,'',0,7100,4,'',0,3300,4,'',0,7200,4,'',0,3300,4,'',0,7400,4,'',0,6700,4,'',0,1800,4,'',0,2600,4,'',0,7000,4,'',0,2900,4,'',0,7100,4,'',0,3000,4,'',0,6800,4,'',0,2500,4,'',0,7200,4,'',0,2800,4,'',0,6800,4,'',0,3000,4,'',0,6500,4,'',0,2400,4,'',0,2700,4,'',0,7100,4,'',0,3500,4,'',0
'2309-HIV-23i14Hlv-L-Ma-J-V-00',301,72200,4,'',0,2700,4,'',0,6400,4,'',0,3400,4,'',0,7300,4,'',0,3000,4,'',0,7100,4,'',0,3300,4,'',0,7200,4,'',0,3300,4,'',0,7400,4,'',0,6700,4,'',0,1800,4,'',0,2600,4,'',0,7000,4,'',0,2900,4,'',0,7100,4,'',0,3000,4,'',0,6800,4,'',0,2500,4,'',0,7200,4,'',0,2800,4,'',0,6800,4,'',0,3000,4,'',0,6500,4,'',0,2400,4,'',0,2700,4,'',0,7100,4,'',0,3500,4,'',0
'2309-HIV-23j01H-d-Dimanche-00',301,84800,4,'',0,20000,4,'',0,30000,4,'',0,10000,4,'',0,10000,4,'',0,10000,4,'',0,10000,4,'',0,10000,4,'',0
'2309-HIV-23j30Vlv-Semaine-00',301,72100,4,'',0,3500,4,'',0,7500,4,'',0,7400,4,'',0,3300,4,'',0,7300,4,'',0,3200,4,'',0,7300,4,'',0,3200,4,'',0,7100,4,'',0,2900,4,'',0,7100,4,'',0,3000,4,'',0,7100,4,'',0,3200,4,'',0,7200,4,'',0,3300,4,'',0,7300,4,'',0,7300,4,'',0,3100,4,'',0,7300,4,'',0,3100,4,'',0,7200,4,'',0,2900,4,'',0,6800,4,'',0,3000,4,'',0,6900,4,'',0
'2309-HIV-23l15Hlv-L-Ma-J-V-00',301,72200,4,'',0,2700,4,'',0,6400,4,'',0,3400,4,'',0,7300,4,'',0,3000,4,'',0,7100,4,'',0,3300,4,'',0,7200,4,'',0,3300,4,'',0,7400,4,'',0,6700,4,'',0,1800,4,'',0,2600,4,'',0,7000,4,'',0,2900,4,'',0,7100,4,'',0,3000,4,'',0,6800,4,'',0,2500,4,'',0,7200,4,'',0,2800,4,'',0,6800,4,'',0,3000,4,'',0,6500,4,'',0,2400,4,'',0,2700,4,'',0,7100,4,'',0,3500,4,'',0
'2309-HIV-23l25Vlv-Semaine-00',301,72100,4,'',0,3500,4,'',0,7500,4,'',0,7400,4,'',0,3300,4,'',0,7300,4,'',0,3200,4,'',0,7300,4,'',0,3200,4,'',0,7100,4,'',0,2900,4,'',0,7100,4,'',0,3000,4,'',0,7100,4,'',0,3200,4,'',0,7200,4,'',0,3300,4,'',0,7300,4,'',0,7300,4,'',0,3100,4,'',0,7300,4,'',0,3100,4,'',0,7200,4,'',0,2900,4,'',0,6800,4,'',0,3000,4,'',0,6900,4,'',0
'2309-HIV-S23k06-w-Mercredi-00-0010000',11401,131200,,'',0
'2309-HIV-S23k06lv-L-Ma-J-V-00-1101000',11501,173100,,'',0
'2309-HIV-S23k06lv-L-Ma-J-V-00-1101100',11501,163100,,'',0
'2309-HIV-23i04H-s-Samedi-00',900601,82300,4,'',0,11400,4,'',0,16600,4,'',0,11600,4,'',0,12000,4,'',0,16100,4,'',0,11500,4,'',0,13700,4,'',0
'2309-HIV-23i04H-w-Mercredi-01',900601,82300,4,'',0,11400,4,'',0,16600,4,'',0,11600,4,'',0,12000,4,'',0,16100,4,'',0,11500,4,'',0,13700,4,'',0
'2309-HIV-23i14Hlv-L-Ma-J-V-00',900601,82300,4,'',0,11400,4,'',0,16600,4,'',0,11600,4,'',0,12000,4,'',0,16100,4,'',0,11500,4,'',0,13700,4,'',0
'2309-HIV-23j30Vlv-Semaine-00',900601,82300,4,'',0,11400,4,'',0,16600,4,'',0,11600,4,'',0,12000,4,'',0,16100,4,'',0,11500,4,'',0,13700,4,'',0
'2309-HIV-23l15Hlv-L-Ma-J-V-00',900601,82300,4,'',0,11400,4,'',0,16600,4,'',0,11600,4,'',0,12000,4,'',0,16100,4,'',0,11500,4,'',0,13700,4,'',0
'2309-HIV-23l25Vlv-Semaine-00',900601,82300,4,'',0,11400,4,'',0,16600,4,'',0,11600,4,'',0,12000,4,'',0,16100,4,'',0,11500,4,'',0,13700,4,'',0
'2309-HIV-S23k06lv-L-Ma-J-V-00-1101100',30002200,84600,,'',0
'2309-HIV-S23k06lv-L-Ma-J-V-00-1101100',30002201,172900,,'',0
