'2309-HIV-23i04H-s-Samedi-00',100,80100,4,'',0,4800,4,'',0,45200,4,'',0,4800,4,'',0,36700,4,'',0,13400,4,'',0,15500,4,'',0
'2309-HIV-23i04H-w-Mercredi-01',100,82100,4,'',0,10500,4,'',0,22200,4,'',0,6800,4,'',0,3700,4,'',0,5300,4,'',0,14400,4,'',0,9600,4,'',0,7200,4,'',0,10900,4,'',0,9500,4,'',0,9400,4,'',0,9400,4,'',0
'2309-HIV-23i04H-w-Mercredi-01-0010000',100,131400,4,'',0
'2309-HIV-23i14Hlv-L-Ma-J-V-00',100,82100,4,'',0,10500,4,'',0,22200,4,'',0,6800,4,'',0,3700,4,'',0,5300,4,'',0,14400,4,'',0,9600,4,'',0,7200,4,'',0,10900,4,'',0,9500,4,'',0,9400,4,'',0,9400,4,'',0
'2309-HIV-23i14Hlv-L-Ma-J-V-00-1101100',100,182300,4,'',0,7700,4,'',0
'2309-HIV-23j01H-d-Dimanche-00',100,95300,4,'',0,15600,4,'',0,29800,4,'',0,41500,4,'',0
'2309-HIV-23j30Vlv-Semaine-00',100,80100,4,'',0,4800,4,'',0,45200,4,'',0,4800,4,'',0,36700,4,'',0,13400,4,'',0,15500,4,'',0
'2309-HIV-23l15Hlv-L-Ma-J-V-00',100,82100,4,'',0,10500,4,'',0,22200,4,'',0,6800,4,'',0,3700,4,'',0,5300,4,'',0,14400,4,'',0,9600,4,'',0,7200,4,'',0,10900,4,'',0,9500,4,'',0,9400,4,'',0,9400,4,'',0
'2309-HIV-23l15Hlv-L-Ma-J-V-00-1101100',100,182300,4,'',0,7700,4,'',0
'2309-HIV-23l25Vlv-Semaine-00',100,80100,4,'',0,4800,4,'',0,45200,4,'',0,4800,4,'',0,36700,4,'',0,13400,4,'',0,15500,4,'',0
