'23H01-HIVDIM-Dimanche-00',200000,84500,4,'',0,8000,4,'',0,8000,4,'',0,4000,4,'',0,8000,4,'',0,8000,4,'',0,4000,4,'',0,16000,4,'',0,4000,4,'',0,8000,4,'',0,8000,4,'',0,4000,4,'',0,8000,4,'',0,8000,4,'',0,4000,4,'',0,8000,4,'',0,8000,4,'',0
'23H01-HIVDIM-Dimanche-00',200001,81300,,'',0,4000,,'',0,8000,,'',0,8000,,'',0,4000,,'',0,8000,,'',0,8000,,'',0,4000,,'',0,16000,,'',0,4000,,'',0,8000,,'',0,8000,,'',0,4000,,'',0,8000,,'',0,8000,,'',0,4000,,'',0,8000,,'',0
'23H01-HIVSAM-Samedi-01',200000,70500,4,'',0,2200,4,'',0,1600,4,'',0,1600,4,'',0,5500,4,'',0,1600,4,'',0,1500,4,'',0,5600,4,'',0,1600,4,'',0,1600,4,'',0,1700,4,'',0,5600,4,'',0,1600,4,'',0,1600,4,'',0,1600,4,'',0,5600,4,'',0,1600,4,'',0,1600,4,'',0,1600,4,'',0,5600,4,'',0,1600,4,'',0,1500,4,'',0,5600,4,'',0,1600,4,'',0,1400,4,'',0,1600,4,'',0,5600,4,'',0,1600,4,'',0,1600,4,'',0,1600,4,'',0,5600,4,'',0,1600,4,'',0,1600,4,'',0,1600,4,'',0,5600,4,'',0,1600,4,'',0,1600,4,'',0,1600,4,'',0,5600,4,'',0,1600,4,'',0,1600,4,'',0,5600,4,'',0,1600,4,'',0,1700,4,'',0,1500,4,'',0,5400,4,'',0,1600,4,'',0,1600,4,'',0,2000,4,'',0,6000,4,'',0,2000,4,'',0,2000,4,'',0,6000,4,'',0
'23H01-HIVSAM-Samedi-01',200001,64000,,'',0,6000,,'',0,1600,,'',0,1600,,'',0,1600,,'',0,5600,,'',0,1500,,'',0,1600,,'',0,1500,,'',0,5600,,'',0,1600,,'',0,1600,,'',0,1600,,'',0,5600,,'',0,1600,,'',0,1600,,'',0,1600,,'',0,5600,,'',0,1600,,'',0,1600,,'',0,5600,,'',0,1600,,'',0,1600,,'',0,1500,,'',0,5600,,'',0,1600,,'',0,1500,,'',0,1600,,'',0,5600,,'',0,1600,,'',0,1600,,'',0,1600,,'',0,5600,,'',0,1600,,'',0,1600,,'',0,5600,,'',0,1600,,'',0,1600,,'',0,1600,,'',0,5600,,'',0,1600,,'',0,1600,,'',0,1600,,'',0,5600,,'',0,1600,,'',0,1600,,'',0,1600,,'',0,5400,,'',0,1600,,'',0,1500,,'',0,6100,,'',0,2000,,'',0,2000,,'',0,6000,,'',0
'23H01-PSLMJV-L-Ma-J-V-01',200000,70600,4,'',0,2200,4,'',0,1600,4,'',0,1400,4,'',0,5400,4,'',0,1600,4,'',0,1600,4,'',0,1500,4,'',0,5600,4,'',0,1500,4,'',0,1500,4,'',0,5500,4,'',0,1500,4,'',0,1500,4,'',0,1500,4,'',0,5500,4,'',0,1500,4,'',0,1500,4,'',0,1500,4,'',0,5600,4,'',0,1500,4,'',0,1600,4,'',0,1100,4,'',0,1500,4,'',0,5600,4,'',0,1500,4,'',0,1500,4,'',0,1500,4,'',0,5500,4,'',0,1500,4,'',0,1500,4,'',0,5600,4,'',0,1500,4,'',0,1500,4,'',0,1500,4,'',0,5600,4,'',0,1600,4,'',0,1500,4,'',0,1500,4,'',0,5800,4,'',0,1300,4,'',0,1600,4,'',0,1600,4,'',0,5600,4,'',0,1600,4,'',0,1400,4,'',0,1300,4,'',0,5500,4,'',0,1400,4,'',0,1500,4,'',0,1600,4,'',0,5900,4,'',0,2200,4,'',0,2000,4,'',0,6200,4,'',0
'23H01-PSLMJV-L-Ma-J-V-01',200001,63700,,'',0,1900,,'',0,5500,,'',0,1400,,'',0,1500,,'',0,1400,,'',0,5400,,'',0,1400,,'',0,1400,,'',0,1500,,'',0,5500,,'',0,1400,,'',0,1500,,'',0,1500,,'',0,5500,,'',0,1500,,'',0,1500,,'',0,1500,,'',0,5500,,'',0,1500,,'',0,1500,,'',0,1500,,'',0,5500,,'',0,1500,,'',0,1700,,'',0,1300,,'',0,5500,,'',0,1500,,'',0,1600,,'',0,1500,,'',0,5500,,'',0,1500,,'',0,1500,,'',0,1500,,'',0,5500,,'',0,1400,,'',0,1600,,'',0,1600,,'',0,5500,,'',0,1600,,'',0,1400,,'',0,1500,,'',0,5600,,'',0,1600,,'',0,1500,,'',0,1700,,'',0,5600,,'',0,1600,,'',0,1600,,'',0,1500,,'',0,5600,,'',0,1500,,'',0,2200,,'',0,6100,,'',0,2100,,'',0,2100,,'',0
'23H01-PSMe-Mercredi-00',200000,70600,4,'',0,2200,4,'',0,1600,4,'',0,1400,4,'',0,5400,4,'',0,1600,4,'',0,1600,4,'',0,1500,4,'',0,5600,4,'',0,1500,4,'',0,1500,4,'',0,5500,4,'',0,1500,4,'',0,1500,4,'',0,1500,4,'',0,5500,4,'',0,1500,4,'',0,1500,4,'',0,1500,4,'',0,5600,4,'',0,1500,4,'',0,1600,4,'',0,1100,4,'',0,1500,4,'',0,5600,4,'',0,1500,4,'',0,1500,4,'',0,1500,4,'',0,5500,4,'',0,1500,4,'',0,1500,4,'',0,5600,4,'',0,1500,4,'',0,1500,4,'',0,1500,4,'',0,5600,4,'',0,1600,4,'',0,1500,4,'',0,1500,4,'',0,5800,4,'',0,1300,4,'',0,1600,4,'',0,1600,4,'',0,5600,4,'',0,1600,4,'',0,1400,4,'',0,1300,4,'',0,5500,4,'',0,1400,4,'',0,1500,4,'',0,1600,4,'',0,5900,4,'',0,2200,4,'',0,2000,4,'',0,6200,4,'',0
'23H01-PSMe-Mercredi-00',200001,63700,,'',0,1900,,'',0,5500,,'',0,1400,,'',0,1500,,'',0,1400,,'',0,5400,,'',0,1400,,'',0,1400,,'',0,1500,,'',0,5500,,'',0,1400,,'',0,1500,,'',0,1500,,'',0,5500,,'',0,1500,,'',0,1500,,'',0,1500,,'',0,5500,,'',0,1500,,'',0,1500,,'',0,1500,,'',0,5500,,'',0,1500,,'',0,1700,,'',0,1300,,'',0,5500,,'',0,1500,,'',0,1600,,'',0,1500,,'',0,5500,,'',0,1500,,'',0,1500,,'',0,1500,,'',0,5500,,'',0,1400,,'',0,1600,,'',0,1600,,'',0,5500,,'',0,1600,,'',0,1400,,'',0,1500,,'',0,5600,,'',0,1600,,'',0,1500,,'',0,1700,,'',0,5600,,'',0,1600,,'',0,1600,,'',0,1500,,'',0,5600,,'',0,1500,,'',0,2200,,'',0,6100,,'',0,2100,,'',0,2100,,'',0
'23H01-PVSSEM-Semaine-00',200000,70500,4,'',0,2200,4,'',0,1600,4,'',0,1600,4,'',0,5500,4,'',0,1600,4,'',0,1500,4,'',0,5600,4,'',0,1600,4,'',0,1600,4,'',0,1700,4,'',0,5600,4,'',0,1600,4,'',0,1600,4,'',0,1600,4,'',0,5600,4,'',0,1600,4,'',0,1600,4,'',0,1600,4,'',0,5600,4,'',0,1600,4,'',0,1500,4,'',0,5600,4,'',0,1600,4,'',0,1400,4,'',0,1600,4,'',0,5600,4,'',0,1600,4,'',0,1600,4,'',0,1600,4,'',0,5600,4,'',0,1600,4,'',0,1600,4,'',0,1600,4,'',0,5600,4,'',0,1600,4,'',0,1600,4,'',0,1600,4,'',0,5600,4,'',0,1600,4,'',0,1600,4,'',0,5600,4,'',0,1600,4,'',0,1700,4,'',0,1500,4,'',0,5400,4,'',0,1600,4,'',0,1600,4,'',0,2000,4,'',0,6000,4,'',0,2000,4,'',0,2000,4,'',0,6000,4,'',0
'23H01-PVSSEM-Semaine-00',200001,64000,,'',0,6000,,'',0,1600,,'',0,1600,,'',0,1600,,'',0,5600,,'',0,1500,,'',0,1600,,'',0,1500,,'',0,5600,,'',0,1600,,'',0,1600,,'',0,1600,,'',0,5600,,'',0,1600,,'',0,1600,,'',0,1600,,'',0,5600,,'',0,1600,,'',0,1600,,'',0,5600,,'',0,1600,,'',0,1600,,'',0,1500,,'',0,5600,,'',0,1600,,'',0,1500,,'',0,1600,,'',0,5600,,'',0,1600,,'',0,1600,,'',0,1600,,'',0,5600,,'',0,1600,,'',0,1600,,'',0,5600,,'',0,1600,,'',0,1600,,'',0,1600,,'',0,5600,,'',0,1600,,'',0,1600,,'',0,1600,,'',0,5600,,'',0,1600,,'',0,1600,,'',0,1600,,'',0,5400,,'',0,1600,,'',0,1500,,'',0,6100,,'',0,2000,,'',0,2000,,'',0,6000,,'',0
