'2401-HIV-24a01H-s-Samedi-00',700,72500,,'',0,11000,,'',0,11000,,'',0,11000,,'',0,15000,,'',0,11000,,'',0,11000,,'',0,11000,,'',0,11000,,'',0,11000,,'',0,15000,,'',0
'2401-HIV-24a01Vlv-Semaine-01',700,72600,,'',0,11000,,'',0,11000,,'',0,11000,,'',0,15000,,'',0,11000,,'',0,11000,,'',0,11000,,'',0,11200,,'',0,10900,,'',0,14800,,'',0
'2401-HIV-24a08H-w-Mercredi-01',700,72600,,'',0,11000,,'',0,11000,,'',0,11000,,'',0,15000,,'',0,11000,,'',0,11000,,'',0,11000,,'',0,11200,,'',0,10900,,'',0,14800,,'',0
'2401-HIV-24a08Hlv-L-Ma-J-V-01',700,72600,,'',0,11000,,'',0,11000,,'',0,11000,,'',0,15000,,'',0,11000,,'',0,11000,,'',0,11000,,'',0,11200,,'',0,10900,,'',0,14800,,'',0
'2401-HIV-24b12Vlv-Semaine-01',700,72600,,'',0,11000,,'',0,11000,,'',0,11000,,'',0,15000,,'',0,11000,,'',0,11000,,'',0,11000,,'',0,11200,,'',0,10900,,'',0,14800,,'',0
'2401-HIV-24b19Vlv-Semaine-00',700,72600,,'',0,11000,,'',0,11000,,'',0,11000,,'',0,15000,,'',0,11000,,'',0,11000,,'',0,11000,,'',0,11200,,'',0,10900,,'',0,14800,,'',0
'2401-HIV-24a08H-w-Mercredi-01',900300,72500,4,'',0,2000,4,'',0,6500,4,'',0,3000,4,'',0,7000,4,'',0,3000,4,'',0,7000,4,'',0,3000,4,'',0,7000,4,'',0,3000,4,'',0,7000,4,'',0,3000,4,'',0,7000,4,'',0,3000,4,'',0,7000,4,'',0,3000,4,'',0,7000,4,'',0,3000,4,'',0,7000,4,'',0,3000,4,'',0,7000,4,'',0,3000,4,'',0,7000,4,'',0,3000,4,'',0,6000,4,'',0
'2401-HIV-24a08H-w-Mercredi-01',900301,72500,0,'Ncmi',0,2000,0,'Ncmi',0,6500,0,'Ncmi',0,3000,0,'Ncmi',0,7000,0,'Ncmi',0,3000,0,'Ncmi',0,7000,0,'Ncmi',0,3000,0,'Ncmi',0,7000,0,'Ncmi',0,3000,0,'Ncmi',0,7000,0,'Ncmi',0,3000,0,'Ncmi',0,7000,0,'Ncmi',0,3000,0,'Ncmi',0,7000,0,'Ncmi',0,3000,0,'Ncmi',0,7000,0,'Ncmi',0,3000,0,'Ncmi',0,7000,0,'Ncmi',0,3000,0,'Ncmi',0,7000,0,'Ncmi',0,3000,0,'Ncmi',0,7000,0,'Ncmi',0,3000,0,'Ncmi',0,6000,0,'Ncmi',0
'2401-HIV-24a08Hlv-L-Ma-J-V-01',900300,72500,4,'',0,2000,4,'',0,6500,4,'',0,3000,4,'',0,7000,4,'',0,3000,4,'',0,7000,4,'',0,3000,4,'',0,7000,4,'',0,3000,4,'',0,7000,4,'',0,3000,4,'',0,7000,4,'',0,3000,4,'',0,7000,4,'',0,3000,4,'',0,7000,4,'',0,3000,4,'',0,7000,4,'',0,3000,4,'',0,7000,4,'',0,3000,4,'',0,7000,4,'',0,3000,4,'',0,6000,4,'',0
'2401-HIV-24a08Hlv-L-Ma-J-V-01',900301,72500,0,'Ncmi',0,2000,0,'Ncmi',0,6500,0,'Ncmi',0,3000,0,'Ncmi',0,7000,0,'Ncmi',0,3000,0,'Ncmi',0,7000,0,'Ncmi',0,3000,0,'Ncmi',0,7000,0,'Ncmi',0,3000,0,'Ncmi',0,7000,0,'Ncmi',0,3000,0,'Ncmi',0,7000,0,'Ncmi',0,3000,0,'Ncmi',0,7000,0,'Ncmi',0,3000,0,'Ncmi',0,7000,0,'Ncmi',0,3000,0,'Ncmi',0,7000,0,'Ncmi',0,3000,0,'Ncmi',0,7000,0,'Ncmi',0,3000,0,'Ncmi',0,7000,0,'Ncmi',0,3000,0,'Ncmi',0,6000,0,'Ncmi',0
'2401-HIV-24b12Vlv-Semaine-01',900300,72500,4,'',0,2000,4,'',0,6500,4,'',0,3000,4,'',0,7000,4,'',0,3000,4,'',0,7000,4,'',0,3000,4,'',0,7000,4,'',0,3000,4,'',0,7000,4,'',0,3000,4,'',0,7000,4,'',0,3000,4,'',0,7000,4,'',0,3000,4,'',0,7000,4,'',0,3000,4,'',0,7000,4,'',0,3000,4,'',0,7000,4,'',0,3000,4,'',0,7000,4,'',0,3000,4,'',0,6000,4,'',0
'2401-HIV-24b12Vlv-Semaine-01',900301,72500,0,'Ncmi',0,2000,0,'Ncmi',0,6500,0,'Ncmi',0,3000,0,'Ncmi',0,7000,0,'Ncmi',0,3000,0,'Ncmi',0,7000,0,'Ncmi',0,3000,0,'Ncmi',0,7000,0,'Ncmi',0,3000,0,'Ncmi',0,7000,0,'Ncmi',0,3000,0,'Ncmi',0,7000,0,'Ncmi',0,3000,0,'Ncmi',0,7000,0,'Ncmi',0,3000,0,'Ncmi',0,7000,0,'Ncmi',0,3000,0,'Ncmi',0,7000,0,'Ncmi',0,3000,0,'Ncmi',0,7000,0,'Ncmi',0,3000,0,'Ncmi',0,7000,0,'Ncmi',0,3000,0,'Ncmi',0,6000,0,'Ncmi',0
