'2307-ETE-23g08E-d-Dimanche-00',400,83500,,'',0,12000,,'',0,17500,,'',0,12300,,'',0,15700,,'',0,19000,,'',0,11600,,'',0,12000,,'',0
'2307-ETE-23g08E-d-Dimanche-00',401,95200,4,'',0,29700,4,'',0,15400,4,'',0,14700,4,'',0,16100,4,'',0,11400,4,'',0
'2307-ETE-23g17E-s-Samedi-00',400,64200,,'',0,8600,,'',0,7400,,'',0,3500,,'',0,8400,,'',0,8600,,'',0,4500,,'',0,8200,,'',0,9100,,'',0,8400,,'',0,3000,,'',0,7400,,'',0,4500,,'',0,7700,,'',0,8500,,'',0,10300,,'',0,7900,,'',0,4600,,'',0,8200,,'',0,8800,,'',0
'2307-ETE-23g17E-s-Samedi-00',401,75300,4,'',0,7900,4,'',0,11000,4,'',0,8400,4,'',0,9100,4,'',0,8900,4,'',0,4200,4,'',0,8200,4,'',0,7400,4,'',0,3100,4,'',0,7900,4,'',0,9800,4,'',0,3900,4,'',0,8800,4,'',0,8300,4,'',0,9900,4,'',0,9300,4,'',0
'2307-ETE-23g20Elv-Semaine-00',400,64200,,'',0,8600,,'',0,7400,,'',0,3500,,'',0,8400,,'',0,8600,,'',0,4500,,'',0,8200,,'',0,9100,,'',0,8400,,'',0,3000,,'',0,7400,,'',0,4500,,'',0,7700,,'',0,8500,,'',0,10300,,'',0,7900,,'',0,4600,,'',0,8200,,'',0,8800,,'',0
'2307-ETE-23g20Elv-Semaine-00',401,75300,4,'',0,7900,4,'',0,11000,4,'',0,8400,4,'',0,9100,4,'',0,8900,4,'',0,4200,4,'',0,8200,4,'',0,7400,4,'',0,3100,4,'',0,7900,4,'',0,9800,4,'',0,3900,4,'',0,8800,4,'',0,8300,4,'',0,9900,4,'',0,9300,4,'',0
'2307-ETE-23h15Ejf-Dimanche-00',400,83500,,'',0,12000,,'',0,17500,,'',0,12300,,'',0,15700,,'',0,19000,,'',0,11600,,'',0,12000,,'',0
'2307-ETE-23h15Ejf-Dimanche-00',401,95200,4,'',0,29700,4,'',0,15400,4,'',0,14700,4,'',0,16100,4,'',0,11400,4,'',0
'2307-ETE-23h25Elv-Semaine-00',400,64200,,'',0,8600,,'',0,7400,,'',0,3500,,'',0,8400,,'',0,8600,,'',0,4500,,'',0,8200,,'',0,9100,,'',0,8400,,'',0,3000,,'',0,7400,,'',0,4500,,'',0,7700,,'',0,8500,,'',0,10300,,'',0,7900,,'',0,4600,,'',0,8200,,'',0,8800,,'',0
'2307-ETE-23h25Elv-Semaine-00',401,75300,4,'',0,7900,4,'',0,11000,4,'',0,8400,4,'',0,9100,4,'',0,8900,4,'',0,4200,4,'',0,8200,4,'',0,7400,4,'',0,3100,4,'',0,7900,4,'',0,9800,4,'',0,3900,4,'',0,8800,4,'',0,8300,4,'',0,9900,4,'',0,9300,4,'',0
