'2309-HIV-23i04H-d-Dimanche-00',200,82500,4,'',0,11000,4,'',0,11000,4,'',0,11000,4,'',0,15000,4,'',0,12000,4,'',0,11000,4,'',0,11000,4,'',0,11000,4,'',0,15000,4,'',0
'2309-HIV-23i04H-s-Samedi-00',200,73700,4,'',0,7100,4,'',0,1900,4,'',0,2400,4,'',0,6500,4,'',0,2500,4,'',0,6500,4,'',0,2500,4,'',0,2500,4,'',0,6400,4,'',0,2500,4,'',0,6500,4,'',0,2200,4,'',0,2600,4,'',0,6100,4,'',0,2200,4,'',0,6500,4,'',0,2600,4,'',0,2500,4,'',0,6500,4,'',0,2400,4,'',0,6600,4,'',0,2500,4,'',0,6700,4,'',0,2500,4,'',0,2500,4,'',0,6600,4,'',0,2300,4,'',0,7000,4,'',0,3500,4,'',0
'2309-HIV-23i04H-w-Mercredi-01',200,74100,4,'',0,6000,4,'',0,1900,4,'',0,1900,4,'',0,6100,4,'',0,2600,4,'',0,2700,4,'',0,6400,4,'',0,2500,4,'',0,6600,4,'',0,2600,4,'',0,6600,4,'',0,2500,4,'',0,1800,4,'',0,6000,4,'',0,2000,4,'',0,2100,4,'',0,6100,4,'',0,3000,4,'',0,7000,4,'',0,2800,4,'',0,1900,4,'',0,5900,4,'',0,2000,4,'',0,2000,4,'',0,5800,4,'',0,2100,4,'',0,1700,4,'',0,5700,4,'',0,1800,4,'',0,1600,4,'',0,1600,4,'',0,6500,4,'',0,2500,4,'',0
'2309-HIV-23i04Hlv-L-Ma-J-V-00',200,74100,4,'',0,6000,4,'',0,1900,4,'',0,1900,4,'',0,6100,4,'',0,2600,4,'',0,2700,4,'',0,6400,4,'',0,2500,4,'',0,6600,4,'',0,2600,4,'',0,6600,4,'',0,2500,4,'',0,1800,4,'',0,6000,4,'',0,2000,4,'',0,2100,4,'',0,6100,4,'',0,3000,4,'',0,7000,4,'',0,2800,4,'',0,1900,4,'',0,5900,4,'',0,2000,4,'',0,2000,4,'',0,5800,4,'',0,2100,4,'',0,1700,4,'',0,5700,4,'',0,1800,4,'',0,1600,4,'',0,1600,4,'',0,6500,4,'',0,2500,4,'',0
'2309-HIV-23i14Hlv-L-Ma-J-V-00',200,74100,4,'',0,6000,4,'',0,1900,4,'',0,1900,4,'',0,6100,4,'',0,2600,4,'',0,2700,4,'',0,6400,4,'',0,2500,4,'',0,6600,4,'',0,2600,4,'',0,6600,4,'',0,2500,4,'',0,1800,4,'',0,6000,4,'',0,2000,4,'',0,2100,4,'',0,6100,4,'',0,3000,4,'',0,7000,4,'',0,2800,4,'',0,1900,4,'',0,5900,4,'',0,2000,4,'',0,2000,4,'',0,5800,4,'',0,2100,4,'',0,1700,4,'',0,5700,4,'',0,1800,4,'',0,1600,4,'',0,1600,4,'',0,6500,4,'',0,2500,4,'',0
'2309-HIV-23i17H-d-Dimanche-00',200,82500,4,'',0,11000,4,'',0,11000,4,'',0,11000,4,'',0,15000,4,'',0,12000,4,'',0,11000,4,'',0,11000,4,'',0,11000,4,'',0,15000,4,'',0
'2309-HIV-23j01H-d-Dimanche-00',200,82500,4,'',0,11000,4,'',0,11000,4,'',0,11000,4,'',0,15000,4,'',0,12000,4,'',0,11000,4,'',0,11000,4,'',0,11000,4,'',0,15000,4,'',0
'2309-HIV-23j23Vlv-Semaine-00',200,73700,4,'',0,7100,4,'',0,1900,4,'',0,2400,4,'',0,6500,4,'',0,2500,4,'',0,6500,4,'',0,2500,4,'',0,2500,4,'',0,6400,4,'',0,2500,4,'',0,6500,4,'',0,2200,4,'',0,2600,4,'',0,6100,4,'',0,2200,4,'',0,6500,4,'',0,2600,4,'',0,2500,4,'',0,6500,4,'',0,2400,4,'',0,6600,4,'',0,2500,4,'',0,6700,4,'',0,2500,4,'',0,2500,4,'',0,6600,4,'',0,2300,4,'',0,7000,4,'',0,3500,4,'',0
'2309-HIV-23j30Vlv-Semaine-00',200,73700,4,'',0,7100,4,'',0,1900,4,'',0,2400,4,'',0,6500,4,'',0,2500,4,'',0,6500,4,'',0,2500,4,'',0,2500,4,'',0,6400,4,'',0,2500,4,'',0,6500,4,'',0,2200,4,'',0,2600,4,'',0,6100,4,'',0,2200,4,'',0,6500,4,'',0,2600,4,'',0,2500,4,'',0,6500,4,'',0,2400,4,'',0,6600,4,'',0,2500,4,'',0,6700,4,'',0,2500,4,'',0,2500,4,'',0,6600,4,'',0,2300,4,'',0,7000,4,'',0,3500,4,'',0
'2309-HIV-23l15Hlv-L-Ma-J-V-00',200,74100,4,'',0,6000,4,'',0,1900,4,'',0,1900,4,'',0,6100,4,'',0,2600,4,'',0,2700,4,'',0,6400,4,'',0,2500,4,'',0,6600,4,'',0,2600,4,'',0,6600,4,'',0,2500,4,'',0,1800,4,'',0,6000,4,'',0,2000,4,'',0,2100,4,'',0,6100,4,'',0,3000,4,'',0,7000,4,'',0,2800,4,'',0,1900,4,'',0,5900,4,'',0,2000,4,'',0,2000,4,'',0,5800,4,'',0,2100,4,'',0,1700,4,'',0,5700,4,'',0,1800,4,'',0,1600,4,'',0,1600,4,'',0,6500,4,'',0,2500,4,'',0
'2309-HIV-23l25Vlv-Semaine-00',200,73700,4,'',0,7100,4,'',0,1900,4,'',0,2400,4,'',0,6500,4,'',0,2500,4,'',0,6500,4,'',0,2500,4,'',0,2500,4,'',0,6400,4,'',0,2500,4,'',0,6500,4,'',0,2200,4,'',0,2600,4,'',0,6100,4,'',0,2200,4,'',0,6500,4,'',0,2600,4,'',0,2500,4,'',0,6500,4,'',0,2400,4,'',0,6600,4,'',0,2500,4,'',0,6700,4,'',0,2500,4,'',0,2500,4,'',0,6600,4,'',0,2300,4,'',0,7000,4,'',0,3500,4,'',0
'2309-HIV-23i04H-w-Mercredi-01',2400,74800,4,'',0
'2309-HIV-23i04H-w-Mercredi-01-0010000',2400,123800,4,'',0
'2309-HIV-23i04H-w-Mercredi-01-0010000',2401,123800,,'',0
'2309-HIV-23i04Hlv-L-Ma-J-V-00',2400,74800,4,'',0
'2309-HIV-23i04Hlv-L-Ma-J-V-00-1101100',2400,161600,4,'',0,10400,4,'',0,9400,4,'',0
'2309-HIV-23i04Hlv-L-Ma-J-V-00-1101100',2401,161600,,'',0,10400,,'',0,9400,,'',0
'2309-HIV-23i14Hlv-L-Ma-J-V-00',2400,74800,4,'',0
'2309-HIV-23i14Hlv-L-Ma-J-V-00-1101100',2400,161600,4,'',0,10400,4,'',0,9400,4,'',0
'2309-HIV-23i14Hlv-L-Ma-J-V-00-1101100',2401,161600,,'',0,10400,,'',0,9400,,'',0
'2309-HIV-23l15Hlv-L-Ma-J-V-00',2400,74800,4,'',0
'2309-HIV-23l15Hlv-L-Ma-J-V-00-1101100',2400,161600,4,'',0,10400,4,'',0,9400,4,'',0
'2309-HIV-23l15Hlv-L-Ma-J-V-00-1101100',2401,161600,,'',0,10400,,'',0,9400,,'',0
'2309-HIV-23i14Hlv-L-Ma-J-V-00',900500,213800,,'',0,9000,,'',0,9000,,'',0,9000,,'',0,4800,,'',0
'2309-HIV-23j23Vlv-Semaine-00',900500,213800,,'',0,9000,,'',0,9000,,'',0,9000,,'',0,4800,,'',0
'2309-HIV-23j30Vlv-Semaine-00',900500,213800,,'',0,9000,,'',0,9000,,'',0,9000,,'',0,4800,,'',0
