'2309-HIV-23i04H-d-Dimanche-00',201,90200,4,'',0,11000,4,'',0,11000,4,'',0,11000,4,'',0,11000,4,'',0,16000,4,'',0,11000,4,'',0,11000,4,'',0,11000,4,'',0,11000,4,'',0
'2309-HIV-23i04H-s-Samedi-00',201,73600,4,'',0,7500,4,'',0,3200,4,'',0,6400,4,'',0,2500,4,'',0,2500,4,'',0,6500,4,'',0,2400,4,'',0,6600,4,'',0,2600,4,'',0,6200,4,'',0,2600,4,'',0,2100,4,'',0,6300,4,'',0,2800,4,'',0,6200,4,'',0,2200,4,'',0,2500,4,'',0,6500,4,'',0,2600,4,'',0,6400,4,'',0,2600,4,'',0,2600,4,'',0,6500,4,'',0,2500,4,'',0,6600,4,'',0,2400,4,'',0,2300,4,'',0,6100,4,'',0,2800,4,'',0,7400,4,'',0
'2309-HIV-23i04H-w-Mercredi-01',201,73700,4,'',0,2100,4,'',0,6200,4,'',0,2100,4,'',0,6000,4,'',0,1600,4,'',0,2200,4,'',0,6600,4,'',0,2900,4,'',0,2300,4,'',0,6600,4,'',0,2900,4,'',0,7100,4,'',0,1900,4,'',0,6100,4,'',0,2000,4,'',0,2000,4,'',0,6100,4,'',0,2300,4,'',0,2800,4,'',0,6900,4,'',0,3000,4,'',0,7300,4,'',0,2000,4,'',0,5900,4,'',0,1800,4,'',0,1700,4,'',0,1700,4,'',0,5800,4,'',0,1700,4,'',0,1400,4,'',0,6100,4,'',0,2300,4,'',0,2400,4,'',0,6200,4,'',0
'2309-HIV-23i04Hlv-L-Ma-J-V-00',201,73700,4,'',0,2100,4,'',0,6200,4,'',0,2100,4,'',0,6000,4,'',0,1600,4,'',0,2200,4,'',0,6600,4,'',0,2900,4,'',0,2300,4,'',0,6600,4,'',0,2900,4,'',0,7100,4,'',0,1900,4,'',0,6100,4,'',0,2000,4,'',0,2000,4,'',0,6100,4,'',0,2300,4,'',0,2800,4,'',0,6900,4,'',0,3000,4,'',0,7300,4,'',0,2000,4,'',0,5900,4,'',0,1800,4,'',0,1700,4,'',0,1700,4,'',0,5800,4,'',0,1700,4,'',0,1400,4,'',0,6100,4,'',0,2300,4,'',0,2400,4,'',0,6200,4,'',0
'2309-HIV-23i14Hlv-L-Ma-J-V-00',201,73700,4,'',0,2100,4,'',0,6200,4,'',0,2100,4,'',0,6000,4,'',0,1600,4,'',0,2200,4,'',0,6600,4,'',0,2900,4,'',0,2300,4,'',0,6600,4,'',0,2900,4,'',0,7100,4,'',0,1900,4,'',0,6100,4,'',0,2000,4,'',0,2000,4,'',0,6100,4,'',0,2300,4,'',0,2800,4,'',0,6900,4,'',0,3000,4,'',0,7300,4,'',0,2000,4,'',0,5900,4,'',0,1800,4,'',0,1700,4,'',0,1700,4,'',0,5800,4,'',0,1700,4,'',0,1400,4,'',0,6100,4,'',0,2300,4,'',0,2400,4,'',0,6200,4,'',0
'2309-HIV-23i17H-d-Dimanche-00',201,90200,4,'',0,11000,4,'',0,11000,4,'',0,11000,4,'',0,11000,4,'',0,16000,4,'',0,11000,4,'',0,11000,4,'',0,11000,4,'',0,11000,4,'',0
'2309-HIV-23j01H-d-Dimanche-00',201,90200,4,'',0,11000,4,'',0,11000,4,'',0,11000,4,'',0,11000,4,'',0,16000,4,'',0,11000,4,'',0,11000,4,'',0,11000,4,'',0,11000,4,'',0
'2309-HIV-23j23Vlv-Semaine-00',201,73600,4,'',0,7500,4,'',0,3200,4,'',0,6400,4,'',0,2500,4,'',0,2500,4,'',0,6500,4,'',0,2400,4,'',0,6600,4,'',0,2600,4,'',0,6200,4,'',0,2600,4,'',0,2100,4,'',0,6300,4,'',0,2800,4,'',0,6200,4,'',0,2200,4,'',0,2500,4,'',0,6500,4,'',0,2600,4,'',0,6400,4,'',0,2600,4,'',0,2600,4,'',0,6500,4,'',0,2500,4,'',0,6600,4,'',0,2400,4,'',0,2300,4,'',0,6100,4,'',0,2800,4,'',0,7400,4,'',0
'2309-HIV-23j30Vlv-Semaine-00',201,73600,4,'',0,7500,4,'',0,3200,4,'',0,6400,4,'',0,2500,4,'',0,2500,4,'',0,6500,4,'',0,2400,4,'',0,6600,4,'',0,2600,4,'',0,6200,4,'',0,2600,4,'',0,2100,4,'',0,6300,4,'',0,2800,4,'',0,6200,4,'',0,2200,4,'',0,2500,4,'',0,6500,4,'',0,2600,4,'',0,6400,4,'',0,2600,4,'',0,2600,4,'',0,6500,4,'',0,2500,4,'',0,6600,4,'',0,2400,4,'',0,2300,4,'',0,6100,4,'',0,2800,4,'',0,7400,4,'',0
'2309-HIV-23l15Hlv-L-Ma-J-V-00',201,73700,4,'',0,2100,4,'',0,6200,4,'',0,2100,4,'',0,6000,4,'',0,1600,4,'',0,2200,4,'',0,6600,4,'',0,2900,4,'',0,2300,4,'',0,6600,4,'',0,2900,4,'',0,7100,4,'',0,1900,4,'',0,6100,4,'',0,2000,4,'',0,2000,4,'',0,6100,4,'',0,2300,4,'',0,2800,4,'',0,6900,4,'',0,3000,4,'',0,7300,4,'',0,2000,4,'',0,5900,4,'',0,1800,4,'',0,1700,4,'',0,1700,4,'',0,5800,4,'',0,1700,4,'',0,1400,4,'',0,6100,4,'',0,2300,4,'',0,2400,4,'',0,6200,4,'',0
'2309-HIV-23l25Vlv-Semaine-00',201,73600,4,'',0,7500,4,'',0,3200,4,'',0,6400,4,'',0,2500,4,'',0,2500,4,'',0,6500,4,'',0,2400,4,'',0,6600,4,'',0,2600,4,'',0,6200,4,'',0,2600,4,'',0,2100,4,'',0,6300,4,'',0,2800,4,'',0,6200,4,'',0,2200,4,'',0,2500,4,'',0,6500,4,'',0,2600,4,'',0,6400,4,'',0,2600,4,'',0,2600,4,'',0,6500,4,'',0,2500,4,'',0,6600,4,'',0,2400,4,'',0,2300,4,'',0,6100,4,'',0,2800,4,'',0,7400,4,'',0
