'23H01-HIVDIM-Dimanche-00',1300,92500,,'',0,27900,,'',0,20100,,'',0,44000,,'',0
'23H01-HIVSAM-Samedi-01',1300,74200,,'',0,10300,,'',0,10200,4,'',0,10000,4,'',0,16200,4,'',0,4300,,'',0,9200,,'',0,10900,4,'',0,9000,4,'',0,8900,,'',0,10200,,'',0,9600,,'',0,11300,,'',0
'23H01-PSLMJV-L-Ma-J-V-01',1300,74000,,'',0,6500,,'',0,3600,4,'',0,6400,,'',0,5200,4,'',0,8900,4,'',0,9000,4,'',0,9400,,'',0,10100,,'',0,8100,,'',0,13000,4,'',0,8500,,'',0,10700,,'',0,8900,,'',0,3000,,'',0,9000,,'',0
'23H01-PSMe-Mercredi-00',1300,74000,,'',0,6500,,'',0,3600,4,'',0,6400,,'',0,5200,4,'',0,8900,4,'',0,9000,4,'',0,9400,,'',0,10100,,'',0,8100,,'',0,13000,4,'',0,8500,,'',0,10700,,'',0,8900,,'',0,3000,,'',0,9000,,'',0
'23H01-PVSSEM-Semaine-00',1300,74200,,'',0,10300,,'',0,10200,4,'',0,10000,4,'',0,16200,4,'',0,4300,,'',0,9200,,'',0,10900,4,'',0,9000,4,'',0,8900,,'',0,10200,,'',0,9600,,'',0,11300,,'',0
'23H01-HIVDIM-Dimanche-00',100000,83600,4,'',0,8000,4,'',0,4000,4,'',0,8000,4,'',0,8000,4,'',0,4000,4,'',0,8000,4,'',0,8000,4,'',0,4000,4,'',0,8000,4,'',0,8000,4,'',0,4000,4,'',0,8000,4,'',0,8000,4,'',0,4000,4,'',0,8000,4,'',0,8000,4,'',0
'23H01-HIVSAM-Samedi-01',100000,55700,4,'',0,5500,4,'',0,1500,4,'',0,1600,,'',0,1500,,'',0,5500,,'',0,1100,,'',0,1000,,'',0,1100,,'',0,1100,,'',0,5000,,'',0,1000,,'',0,1000,,'',0,1000,,'',0,1000,,'',0,1000,,'',0,5100,4,'',0,1000,4,'',0,1000,4,'',0,1000,4,'',0,1000,4,'',0,900,,'',0,5100,4,'',0,1100,4,'',0,1100,4,'',0,1100,4,'',0,1100,4,'',0,5100,4,'',0,1000,,'',0,1200,4,'',0,1100,4,'',0,1000,,'',0,1100,,'',0,5100,,'',0,1100,,'',0,1100,,'',0,1100,,'',0,1100,,'',0,5100,,'',0,1000,,'',0,1000,,'',0,1000,,'',0,1000,,'',0,1100,4,'',0,5000,4,'',0,800,,'',0,1200,4,'',0,1100,4,'',0,1100,4,'',0,1100,4,'',0,5000,,'',0,1200,4,'',0,1100,4,'',0,1100,4,'',0,1000,,'',0,5000,,'',0,1100,,'',0,1200,,'',0,1200,,'',0,1100,,'',0,1200,,'',0,5100,,'',0,1100,,'',0,1100,,'',0,1100,,'',0,1100,,'',0,5100,,'',0,1100,,'',0,1100,,'',0,1000,,'',0,700,,'',0,1000,,'',0,5000,4,'',0,1000,4,'',0,1100,,'',0,1300,4,'',0,1200,4,'',0,1000,,'',0,5100,4,'',0,1400,4,'',0,1400,4,'',0,1500,4,'',0,5500,4,'',0,1500,4,'',0,1500,4,'',0,1500,4,'',0
'23H01-PSLMJV-L-Ma-J-V-01',100000,55700,4,'',0,5500,4,'',0,1500,4,'',0,1500,,'',0,1600,,'',0,5500,,'',0,1300,,'',0,900,,'',0,600,,'',0,300,,'',0,1000,,'',0,5100,,'',0,1000,,'',0,1100,,'',0,1100,,'',0,1000,,'',0,900,4,'',0,4900,4,'',0,1000,4,'',0,1000,4,'',0,1000,4,'',0,1000,4,'',0,1000,,'',0,5100,4,'',0,1000,4,'',0,1100,4,'',0,1000,4,'',0,1100,4,'',0,1000,4,'',0,5100,,'',0,1000,4,'',0,1100,4,'',0,1100,,'',0,1100,,'',0,5200,,'',0,1100,,'',0,1000,,'',0,1000,,'',0,1000,,'',0,900,,'',0,5000,,'',0,1000,,'',0,1100,,'',0,1000,,'',0,1000,,'',0,1000,4,'',0,5000,4,'',0,1100,,'',0,900,4,'',0,1000,4,'',0,1100,4,'',0,900,,'',0,5200,4,'',0,1200,4,'',0,900,4,'',0,1000,4,'',0,1100,,'',0,900,,'',0,4900,,'',0,1000,,'',0,900,,'',0,1100,,'',0,1000,,'',0,1000,,'',0,5100,,'',0,1100,,'',0,900,,'',0,1100,,'',0,1000,,'',0,800,,'',0,5000,,'',0,1000,,'',0,900,,'',0,800,,'',0,1000,,'',0,1000,,'',0,5000,4,'',0,1000,4,'',0,1000,,'',0,1000,4,'',0,1000,,'',0,900,4,'',0,5200,4,'',0,800,4,'',0,1500,4,'',0,1500,4,'',0,1500,4,'',0,5500,4,'',0,1500,4,'',0,1500,4,'',0,1500,4,'',0
'23H01-PSMe-Mercredi-00',100000,55700,4,'',0,5500,4,'',0,1500,4,'',0,1500,,'',0,1600,,'',0,5500,,'',0,1300,,'',0,900,,'',0,600,,'',0,300,,'',0,1000,,'',0,5100,,'',0,1000,,'',0,1100,,'',0,1100,,'',0,1000,,'',0,900,4,'',0,4900,4,'',0,1000,4,'',0,1000,4,'',0,1000,4,'',0,1000,4,'',0,1000,,'',0,5100,4,'',0,1000,4,'',0,1100,4,'',0,1000,4,'',0,1100,4,'',0,1000,4,'',0,5100,,'',0,1000,4,'',0,1100,4,'',0,1100,,'',0,1100,,'',0,5200,,'',0,1100,,'',0,1000,,'',0,1000,,'',0,1000,,'',0,900,,'',0,5000,,'',0,1000,,'',0,1100,,'',0,1000,,'',0,1000,,'',0,1000,4,'',0,5000,4,'',0,1100,,'',0,900,4,'',0,1000,4,'',0,1100,4,'',0,900,,'',0,5200,4,'',0,1200,4,'',0,900,4,'',0,1000,4,'',0,1100,,'',0,900,,'',0,4900,,'',0,1000,,'',0,900,,'',0,1100,,'',0,1000,,'',0,1000,,'',0,5100,,'',0,1100,,'',0,900,,'',0,1100,,'',0,1000,,'',0,800,,'',0,5000,,'',0,1000,,'',0,900,,'',0,800,,'',0,1000,,'',0,1000,,'',0,5000,4,'',0,1000,4,'',0,1000,,'',0,1000,4,'',0,1000,,'',0,900,4,'',0,5200,4,'',0,800,4,'',0,1500,4,'',0,1500,4,'',0,1500,4,'',0,5500,4,'',0,1500,4,'',0,1500,4,'',0,1500,4,'',0
'23H01-PVSSEM-Semaine-00',100000,55700,4,'',0,5500,4,'',0,1500,4,'',0,1600,,'',0,1500,,'',0,5500,,'',0,1100,,'',0,1000,,'',0,1100,,'',0,1100,,'',0,5000,,'',0,1000,,'',0,1000,,'',0,1000,,'',0,1000,,'',0,1000,,'',0,5100,4,'',0,1000,4,'',0,1000,4,'',0,1000,4,'',0,1000,4,'',0,900,,'',0,5100,4,'',0,1100,4,'',0,1100,4,'',0,1100,4,'',0,1100,4,'',0,5100,4,'',0,1000,,'',0,1200,4,'',0,1100,4,'',0,1000,,'',0,1100,,'',0,5100,,'',0,1100,,'',0,1100,,'',0,1100,,'',0,1100,,'',0,5100,,'',0,1000,,'',0,1000,,'',0,1000,,'',0,1000,,'',0,1100,4,'',0,5000,4,'',0,800,,'',0,1200,4,'',0,1100,4,'',0,1100,4,'',0,1100,4,'',0,5000,,'',0,1200,4,'',0,1100,4,'',0,1100,4,'',0,1000,,'',0,5000,,'',0,1100,,'',0,1200,,'',0,1200,,'',0,1100,,'',0,1200,,'',0,5100,,'',0,1100,,'',0,1100,,'',0,1100,,'',0,1100,,'',0,5100,,'',0,1100,,'',0,1100,,'',0,1000,,'',0,700,,'',0,1000,,'',0,5000,4,'',0,1000,4,'',0,1100,,'',0,1300,4,'',0,1200,4,'',0,1000,,'',0,5100,4,'',0,1400,4,'',0,1400,4,'',0,1500,4,'',0,5500,4,'',0,1500,4,'',0,1500,4,'',0,1500,4,'',0
