100,65466618,1,0
100,64329321,2,0
100,56220744,3,0
100,69963757,4,0
100,64929516,5,0
100,65466432,6,0
100,64929605,7,0
100,1993171219,8,0
100,1984971006,9,0
100,1975630366,10,0
100,1974138491,11,0
100,1984866196,12,0
100,64124659,13,0
100,70969025,14,0
100,56724897,15,0
100,55688598,16,0
100,64600354,17,0
100,67807769,18,0
100,59502280,19,0
100,55694302,20,0
100,55189746,21,0
100,74396323,22,0
100,73242597,23,0
100,56008363,24,0
100,55722575,25,0
100,69783585,26,0
100,55677934,27,0
100,70842142,28,0
100,56106168,29,0
100,59877380,30,0
100,64924273,31,0
100,71033474,32,0
100,64958404,33,0
100,64241343,34,0
100,65160555,35,0
100,71988708,36,0
100,68202213,37,0
100,55279305,38,0
100,64915066,39,0
100,56851811,40,0
100,64054568,41,0
100,57198329,42,0
100,64929016,43,0
100,1282039588,44,0
100,1275141468,45,0
100,1276198599,46,0
100,1281130792,47,0
100,1278048524,48,0
100,1283904083,49,0
100,1286174957,50,0
100,1290279171,51,0
100,1290275513,52,0
100,1282039712,53,0
100,213122066,54,0
100,220678502,55,0
100,215136074,56,0
100,229413031,57,0
100,220182347,58,0
100,214133224,59,1
101,214133223,1,0
101,220182346,2,0
101,229413030,3,0
101,215136074,4,0
101,220678501,5,0
101,213122065,6,0
101,1282039711,7,0
101,1290275512,8,0
101,1290279170,9,0
101,1286174956,10,0
101,1283904082,11,0
101,1278048523,12,0
101,1281130791,13,0
101,1275141467,14,0
101,1276198599,15,0
101,1282039587,16,0
101,64929017,17,0
101,57198330,18,0
101,64054569,19,0
101,56851812,20,0
101,64915067,21,0
101,55279306,22,0
101,68202214,23,0
101,71988709,24,0
101,65160556,25,0
101,64241344,26,0
101,64958405,27,0
101,71033475,28,0
101,64924274,29,0
101,59877381,30,0
101,56106169,31,0
101,60729509,32,0
101,56141633,33,0
101,54336038,34,0
101,55694334,35,0
101,74396324,36,0
101,55189747,37,0
101,55694303,38,0
101,59502281,39,0
101,67807770,40,0
101,64600355,41,0
101,55688599,42,0
101,56724898,43,0
101,70969026,44,0
101,64124660,45,0
101,1984866195,46,0
101,1974138490,47,0
101,1975630365,48,0
101,1984971007,49,0
101,1993171220,50,0
101,64929606,51,0
101,65466433,52,0
101,64929514,53,0
101,69963758,54,0
101,56220745,55,0
101,64329322,56,0
101,65466618,57,1
200,70465585,1,0
200,56735468,2,0
200,68118606,3,0
200,64125062,4,0
200,54769851,5,0
200,64121838,6,0
200,64124938,7,0
200,63998706,8,0
200,60633842,9,0
200,73242596,10,0
200,56008363,11,0
200,55722574,12,0
200,68413664,13,0
200,65047219,14,0
200,69543893,15,0
200,63196674,16,0
200,55885603,17,0
200,55272826,18,0
200,58775113,19,0
200,54771308,20,0
200,64931403,21,0
200,66820450,22,0
200,65348291,23,0
200,54761357,24,0
200,68233308,25,1
201,67698623,1,0
201,54761358,2,0
201,65348292,3,0
201,66820451,4,0
201,64931404,5,0
201,54771309,6,0
201,55272827,7,0
201,55885604,8,0
201,63196675,9,0
201,69543894,10,0
201,65047220,11,0
201,68413665,12,0
201,56141633,13,0
201,68009983,14,0
201,55694333,15,0
201,73239931,16,0
201,60633843,17,0
201,63998707,18,0
201,64124939,19,0
201,64121839,20,0
201,54769852,21,0
201,64125063,22,0
201,68118607,23,0
201,56735469,24,0
201,70465586,25,1
300,1661248391,1,0
300,1661128297,2,0
300,1669944511,3,0
300,1661125910,4,0
300,1664893774,5,0
300,1663805085,6,0
300,1665446473,7,0
300,1675489047,8,0
300,1661150276,9,0
300,1659475656,10,0
300,1669427493,11,0
300,1669138542,12,0
300,1669143874,13,0
300,1669021859,14,0
300,1669143875,15,0
300,1663152473,16,0
300,1670355943,17,0
300,1669135225,18,0
300,1663707497,19,0
300,1661326480,20,0
300,1669243942,21,0
300,1661120826,22,0
300,1665322101,23,0
300,1676046985,24,0
300,1676528725,25,0
300,1669945379,26,0
300,1669945720,27,0
300,1669945689,28,0
300,55885572,29,0
300,64929512,30,0
300,56018159,31,0
300,63990274,32,0
300,70969118,33,0
300,55189746,34,0
300,74396323,35,0
300,56008363,36,0
300,55722575,37,0
300,59386991,38,1
301,59386992,1,0
301,56141633,2,0
301,56008364,3,0
301,74396324,4,0
301,55189747,5,0
301,71027461,6,0
301,63990275,7,0
301,55706641,8,0
301,64929513,9,0
301,55885573,10,0
301,1669945690,11,0
301,1669945721,12,0
301,1669945380,13,0
301,1676528726,14,0
301,1676046986,15,0
301,1665322102,16,0
301,1661120827,17,0
301,1669243943,18,0
301,1661326481,19,0
301,1663707498,20,0
301,1669135226,21,0
301,1670355944,22,0
301,1663152474,23,0
301,1669143874,24,0
301,1669021859,25,0
301,1669143875,26,0
301,1669138543,27,0
301,1669427494,28,0
301,1659475657,29,0
301,1661150277,30,0
301,1675489048,31,0
301,1665446474,32,0
301,1663805086,33,0
301,1664893775,34,0
301,1661125911,35,0
301,1669944512,36,0
301,1661128298,37,0
301,1661248392,38,1
400,1975614588,1,0
400,1978385553,2,0
400,1977533921,3,0
400,1979439367,4,0
400,1979443459,5,0
400,1975216361,6,0
400,1984859934,7,0
400,1984866041,8,0
400,1982197716,9,0
400,1976661953,10,0
400,1987859525,11,0
400,1988054236,12,0
400,1978403936,13,0
400,1984866010,14,0
400,1984971006,15,0
400,64929606,16,0
400,65466433,17,0
400,64929515,18,0
400,64929512,19,0
400,56018159,20,0
400,70969118,21,0
400,55189746,22,0
400,74396323,23,0
400,73242597,24,0
400,56008363,25,0
400,55722575,26,0
400,69783585,27,0
400,55677934,28,0
400,70842142,29,0
400,69947544,30,0
400,59386991,31,0
400,70968839,32,0
400,63993095,33,0
400,67694774,34,0
400,57028604,35,0
400,64621837,36,0
400,58880544,37,0
400,58466880,38,0
400,58883830,39,0
400,69966144,40,0
400,55898499,41,0
400,60305614,42,0
400,58880792,43,0
400,67699579,44,0
400,69957992,45,0
400,64417796,46,0
400,70968902,47,1
401,70968903,1,0
401,64417795,2,0
401,69957991,3,0
401,67699579,4,0
401,58880793,5,0
401,55898500,6,0
401,69966145,7,0
401,58883831,8,0
401,58466881,9,0
401,58880545,10,0
401,64621838,11,0
401,57028605,12,0
401,67694775,13,0
401,63993096,14,0
401,70968840,15,0
401,59386992,16,0
401,69947545,17,0
401,56106169,18,0
401,60729509,19,0
401,56141633,20,0
401,56008364,21,0
401,74396324,22,0
401,55189747,23,0
401,71027461,24,0
401,55706641,25,0
401,64929516,26,0
401,65466432,27,0
401,64929605,28,0
401,1984971007,29,0
401,1984866009,30,0
401,1978403935,31,0
401,1988054235,32,0
401,1987859524,33,0
401,1976661952,34,0
401,1982823667,35,0
401,1984866040,36,0
401,1984859933,37,0
401,1975216360,38,0
401,1979443458,39,0
401,1979439366,40,0
401,1985462077,41,0
401,1978385552,42,0
401,1975614588,43,1
500,1588970457,1,0
500,1576523709,2,0
500,1585059869,3,0
500,1582867766,4,0
500,1572110332,5,0
500,1588958553,6,0
500,1573628092,7,0
500,1588969992,8,0
500,1588958863,9,0
500,1496211195,10,0
500,1495782775,11,0
500,1504335489,12,0
500,1498970288,13,0
500,1486556400,14,0
500,816605217,15,0
500,815807835,16,0
500,810487894,17,0
500,801891718,18,0
500,802027374,19,0
500,811071407,20,0
500,67698618,21,0
500,70471165,22,0
500,56004767,23,0
500,56109516,24,0
500,64005991,25,0
500,67693162,26,0
500,67700075,27,0
500,73242597,28,0
500,56008363,29,0
500,55722575,30,0
500,69783585,31,0
500,55677934,32,0
500,70842142,33,0
500,69947544,34,0
500,59386991,35,1
501,59386992,1,0
501,69947545,2,0
501,56106169,3,0
501,60729509,4,0
501,56141633,5,0
501,54336038,6,0
501,55694334,7,0
501,67700076,8,0
501,67693163,9,0
501,64005992,10,0
501,56109517,11,0
501,56004768,12,0
501,70471166,13,0
501,67698619,14,0
501,811071408,15,0
501,802027375,16,0
501,801891719,17,0
501,810487895,18,0
501,815807836,19,0
501,816605218,20,0
501,1486556401,21,0
501,1498970289,22,0
501,1504335490,23,0
501,1495782776,24,0
501,1496211196,25,0
501,1588958864,26,0
501,1588969993,27,0
501,1573628093,28,0
501,1588958554,29,0
501,1572110333,30,0
501,1582867767,31,0
501,1585059870,32,0
501,1576523710,33,0
501,1588970457,34,1
600,1075311688,1,0
600,1059504261,2,0
600,1074823128,3,0
600,1058565550,4,0
600,640407994,5,0
600,636585694,6,0
600,636707617,7,0
600,628277322,8,0
600,637004938,9,0
600,53965339,10,0
600,71810243,11,0
600,58954045,12,0
600,56053747,13,0
600,65348198,14,0
600,53965343,15,0
600,69966113,16,0
600,64345877,17,0
600,59625195,18,0
600,64125031,19,0
600,67845155,20,0
600,60633842,21,0
600,73242597,22,0
600,56008363,23,0
600,55722575,24,0
600,69783585,25,0
600,55677934,26,0
600,70842142,27,0
600,69947544,28,0
600,59386991,29,0
600,53860280,30,1
601,53860281,1,0
601,59386992,2,0
601,69947545,3,0
601,56106169,4,0
601,60729509,5,0
601,56141633,6,0
601,68009983,7,0
601,55694333,8,0
601,73239931,9,0
601,60633843,10,0
601,67845156,11,0
601,54769263,12,0
601,64125032,13,0
601,59625196,14,0
601,64345876,15,0
601,69966114,16,0
601,53965344,17,0
601,56053747,18,0
601,65348198,19,0
601,58954046,20,0
601,71810244,21,0
601,53965339,22,0
601,628277323,23,0
601,636707618,24,0
601,636585695,25,0
601,640407995,26,0
601,1058565549,27,0
601,1074823127,28,0
601,1059504260,29,0
601,1075311687,30,1
700,55888982,1,0
700,67014449,2,0
700,69660919,3,0
700,55183051,4,0
700,58881940,5,0
700,68413665,6,0
700,56141633,7,0
700,54336038,8,0
700,55694334,9,0
700,74396324,10,0
700,55189747,11,0
700,55694303,12,0
700,59502281,13,0
700,55889478,14,0
700,64109438,15,0
700,59989817,16,0
700,54769324,17,0
700,70661629,18,0
700,71027894,19,0
700,56720092,20,0
700,56108400,21,0
700,56012238,22,0
700,64928985,23,0
700,1677306886,24,0
700,1675920845,25,0
700,1677323905,26,0
700,1691283670,27,0
700,1691278989,28,0
700,1686243349,29,0
700,1689021476,30,0
700,1688090918,31,0
700,774643058,32,0
700,1681820734,33,0
700,1676509380,34,1
701,1676509380,1,0
701,1681820733,2,0
701,1690775889,3,0
701,1688090917,4,0
701,1689021475,5,0
701,1686243348,6,0
701,1691278988,7,0
701,1691283669,8,0
701,1677323904,9,0
701,1677306886,10,0
701,1675920845,11,0
701,64928986,12,0
701,56012239,13,0
701,56108401,14,0
701,56720093,15,0
701,71027895,16,0
701,70661630,17,0
701,54769325,18,0
701,59989818,19,0
701,64109439,20,0
701,55889479,21,0
701,59502280,22,0
701,55694302,23,0
701,55189746,24,0
701,74396323,25,0
701,73242596,26,0
701,56008363,27,0
701,55722574,28,0
701,64004472,29,0
701,58881939,30,0
701,55183050,31,0
701,69660918,32,0
701,67014448,33,0
701,55888982,34,1
800,56141633,1,0
800,64004472,2,0
800,69663274,3,0
800,54340098,4,0
800,63989716,5,0
800,61830163,6,0
800,65520403,7,0
800,54769789,8,0
800,55689528,9,0
800,54159089,10,0
800,59506465,11,0
800,55263806,12,0
800,67716382,13,0
800,56110509,14,0
800,67819271,15,0
800,65526356,16,0
800,55273447,17,0
800,54760955,18,1
801,54760954,1,0
801,55273446,2,0
801,65526355,3,0
801,67819270,4,0
801,56110508,5,0
801,67716381,6,0
801,55263805,7,0
801,54159090,8,0
801,59506465,9,0
801,55689529,10,0
801,54769790,11,0
801,65520404,12,0
801,61830195,13,0
801,63989717,14,0
801,54340099,15,0
801,69663275,16,0
801,71030344,17,0
801,68413665,18,0
801,55948410,19,1
900,1355416759,1,0
900,1361191501,2,0
900,788073064,3,0
900,791776386,4,0
900,803660484,5,0
900,803984403,6,0
900,916097410,7,0
900,914123857,8,0
900,1719871995,9,0
900,1717968564,10,0
900,1229048114,11,0
900,1231233303,12,0
900,1229906410,13,0
900,1959311860,14,0
900,1954229131,15,0
900,1959987319,16,0
900,1959993178,17,0
900,1954872443,18,0
900,1943872310,19,0
900,559688005,20,0
900,64000814,21,0
900,68110608,22,0
900,67818247,23,0
900,65341812,24,0
900,60313860,25,0
900,60725788,26,0
900,55279181,27,0
900,69966113,28,0
900,64345875,29,0
900,70455231,30,0
900,71029816,31,0
900,67688388,32,0
900,56736832,33,0
900,56736894,34,0
900,68111290,35,0
900,59891051,36,1
901,59891051,1,0
901,68111291,2,0
901,56736895,3,0
901,56736833,4,0
901,67688389,5,0
901,71029817,6,0
901,70455232,7,0
901,64345879,8,0
901,69966114,9,0
901,55279182,10,0
901,60725789,11,0
901,60313861,12,0
901,65341813,13,0
901,67818248,14,0
901,68110609,15,0
901,64000816,16,0
901,559688006,17,0
901,1943872311,18,0
901,1954872444,19,0
901,1959993179,20,0
901,1959987320,21,0
901,1954229132,22,0
901,1959311860,23,0
901,1229906411,24,0
901,1231233304,25,0
901,1229048113,26,0
901,1717968565,27,0
901,1719871995,28,1
901,914123856,29,0
901,916097410,30,1
901,803984402,31,0
901,803660483,32,0
901,791776385,33,0
901,788073063,34,0
901,1361191502,35,0
901,1355416759,36,1
1000,730571281,1,0
1000,723173379,2,0
1000,730650300,3,0
1000,724907984,4,0
1000,723993360,5,0
1000,723771369,6,0
1000,729031232,7,0
1000,726868641,8,0
1000,715177952,9,0
1000,2055153337,10,0
1000,724920105,11,0
1000,723294899,12,0
1000,713294547,13,0
1000,730033958,14,0
1000,727181338,15,0
1000,724099070,16,0
1000,723984990,17,0
1000,715175007,18,0
1000,717853810,19,0
1000,725841363,20,0
1000,730452954,21,0
1000,1209767514,22,0
1000,1216790068,23,0
1000,1199990114,24,0
1000,1213453910,25,0
1000,1215726799,26,0
1000,1206490194,27,0
1000,1202490390,28,0
1000,2129582902,29,0
1000,2133518755,30,0
1000,2133457220,31,0
1000,1945332659,32,0
1000,1945425411,33,0
1000,1945215355,34,0
1000,64000814,35,0
1000,68110608,36,0
1000,67818247,37,0
1000,65341812,38,0
1000,60313860,39,0
1000,60725788,40,0
1000,55279181,41,0
1000,69966113,42,0
1000,64345877,43,0
1000,56141633,44,0
1000,59706353,45,1
1001,59706353,1,0
1001,56141633,2,0
1001,64345876,3,0
1001,69966114,4,0
1001,55279182,5,0
1001,60725789,6,0
1001,60313861,7,0
1001,65341813,8,0
1001,67818248,9,0
1001,68110609,10,0
1001,64000816,11,0
1001,1945215354,12,0
1001,1945425410,13,0
1001,1945332658,14,0
1001,2133457221,15,0
1001,2133518756,16,0
1001,2129582902,17,0
1001,1202490391,18,0
1001,1206490194,19,0
1001,1215726800,20,0
1001,1213453911,21,0
1001,1199990115,22,0
1001,2038959079,23,0
1001,1209767515,24,0
1001,730452955,25,0
1001,725841364,26,0
1001,717853811,27,0
1001,715175008,28,0
1001,723984991,29,0
1001,724099071,30,0
1001,727181339,31,0
1001,730033959,32,0
1001,713294548,33,0
1001,723294900,34,0
1001,724920106,35,0
1001,2055153337,36,0
1001,715177953,37,0
1001,726868642,38,0
1001,729031233,39,0
1001,723771370,40,0
1001,723993361,41,0
1001,724907985,42,0
1001,730650301,43,0
1001,723173380,44,0
1001,730571281,45,1
1100,1216790068,1,0
1100,1199990114,2,0
1100,1213453910,3,0
1100,1216729804,4,0
1100,1210680371,5,0
1100,1213868070,6,0
1100,1210690198,7,0
1100,1201769049,8,0
1100,1210689795,9,0
1100,1213877866,10,0
1100,1200096909,11,0
1100,2129582902,12,0
1100,2133518755,13,0
1100,2133457220,14,0
1100,1945332659,15,0
1100,1945425411,16,0
1100,1945215355,17,0
1100,64000814,18,0
1100,68110608,19,0
1100,67818247,20,0
1100,56141633,21,0
1100,59386991,22,1
1101,59386992,1,0
1101,56141633,2,0
1101,67818248,3,0
1101,68110609,4,0
1101,64000816,5,0
1101,1945215354,6,0
1101,1945425410,7,0
1101,1945332658,8,0
1101,2133457221,9,0
1101,2133518756,10,0
1101,2129582902,11,0
1101,1200096910,12,0
1101,1213877866,13,0
1101,1210689796,14,0
1101,1201769050,15,0
1101,1210690199,16,0
1101,1213868071,17,0
1101,1210680372,18,0
1101,1216729805,19,0
1101,1213453911,20,0
1101,1199990115,21,0
1101,1216790068,22,1
1300,73359249,1,0
1300,57871618,2,0
1300,63999698,3,0
1300,67821068,4,0
1300,54876522,5,0
1300,56004767,6,0
1300,56607036,7,0
1300,65161951,8,0
1300,56841303,9,0
1300,70969118,10,0
1300,55189746,11,0
1300,74396323,12,0
1300,73242596,13,0
1300,56008363,14,0
1300,55722574,15,0
1300,56232245,16,0
1300,68117180,17,0
1300,62576612,18,0
1300,55933033,19,0
1300,54337990,20,0
1300,64920739,21,0
1300,62260660,22,0
1300,55267060,23,0
1300,56196595,24,0
1300,63999326,25,0
1300,73472585,26,0
1300,55688443,27,0
1300,65407780,28,0
1300,68233306,29,0
1300,56111903,30,0
1300,62742679,31,0
1300,69768674,32,0
1300,58466291,33,0
1300,57774867,34,0
1300,71495932,35,0
1300,1725420177,36,0
1300,1725419805,37,0
1300,1725410629,38,0
1300,1724608628,39,0
1300,1724499322,40,0
1300,1716302798,41,0
1300,1716417188,42,0
1300,1716179945,43,0
1300,1726759718,44,0
1300,1733724767,45,0
1300,1733963343,46,1
1301,1733963343,1,0
1301,1733724768,2,0
1301,1726759719,3,0
1301,1716179945,4,0
1301,1716417189,5,0
1301,1716302799,6,0
1301,1724499323,7,0
1301,1725410629,8,0
1301,1724608628,9,0
1301,1725419806,10,0
1301,1725420178,11,0
1301,71495933,12,0
1301,57774868,13,0
1301,58466292,14,0
1301,69768675,15,0
1301,62742680,16,0
1301,56111904,17,0
1301,68233307,18,0
1301,65407781,19,0
1301,55688444,20,0
1301,73472586,21,0
1301,63999327,22,0
1301,56196596,23,0
1301,55267061,24,0
1301,62260661,25,0
1301,64920740,26,0
1301,54337991,27,0
1301,55933034,28,0
1301,65047220,29,0
1301,67698867,30,0
1301,68117181,31,0
1301,56232246,32,0
1301,68009983,33,0
1301,55694334,34,0
1301,74396324,35,0
1301,55189747,36,0
1301,71027461,37,0
1301,56841302,38,0
1301,65161950,39,0
1301,56607035,40,0
1301,56004768,41,0
1301,54876523,42,0
1301,67821069,43,0
1301,63999699,44,0
1301,57871619,45,0
1301,73359250,46,1
1400,669037827,1,0
1400,656967760,2,0
1400,665439719,3,0
1400,657020863,4,0
1400,1209491265,5,0
1400,1218043979,6,0
1400,416718082,7,0
1400,403496830,8,0
1400,409443188,9,0
1400,400093836,10,0
1400,1058565549,11,0
1400,1074823127,12,0
1400,1059504260,13,0
1400,1075311687,14,0
1400,715785547,15,0
1400,694450665,16,0
1400,701328573,17,0
1400,717036459,18,0
1400,706763834,19,0
1400,712913955,20,0
1400,712917241,21,0
1400,715691617,22,0
1400,717627102,23,0
1400,700828822,24,0
1400,715693353,25,0
1400,717461748,26,0
1400,706877914,27,0
1400,715871355,28,0
1400,700767442,29,0
1400,714677669,30,0
1400,704098919,31,0
1400,67803522,32,0
1400,71809776,33,0
1400,73242596,34,0
1400,56008363,35,0
1400,55722574,36,1
1401,56141633,1,0
1401,68009983,2,0
1401,55694333,3,0
1401,54338021,4,0
1401,704098918,5,0
1401,714677668,6,0
1401,700767441,7,0
1401,715871354,8,0
1401,706877913,9,0
1401,717461747,10,0
1401,715693352,11,0
1401,700828821,12,0
1401,717627101,13,0
1401,715691616,14,0
1401,712917240,15,0
1401,712913954,16,0
1401,706763833,17,0
1401,717036458,18,0
1401,701328572,19,0
1401,694450664,20,0
1401,715785546,21,0
1401,1075311688,22,0
1401,1059504261,23,0
1401,1074823128,24,0
1401,1058565550,25,1
1401,400093837,26,0
1401,409443189,27,0
1401,403496831,28,0
1401,416718083,29,0
1401,1218043980,30,0
1401,1209491265,31,0
1401,657020864,32,0
1401,665439720,33,0
1401,656967761,34,0
1401,669037828,35,1
1500,73242596,1,0
1500,56008363,2,0
1500,55722574,3,0
1500,68413664,4,0
1500,65047219,5,0
1500,59974379,6,0
1500,63989716,7,0
1500,61830163,8,0
1500,65520403,9,0
1500,54769789,10,0
1500,55689528,11,0
1500,59506465,12,0
1500,340750772,13,0
1500,344427589,14,0
1500,342100202,15,0
1500,342177082,16,0
1500,358174911,17,0
1500,343147165,18,0
1500,351816346,19,0
1500,340628756,20,0
1500,350519058,21,0
1500,340750773,22,0
1500,341988261,23,0
1500,354410116,24,0
1500,342398082,25,0
1500,354401717,26,1
1501,354401716,1,0
1501,342398081,2,0
1501,354410117,3,0
1501,341988262,4,0
1501,342100202,5,0
1501,342177082,6,0
1501,358174911,7,0
1501,343147165,8,0
1501,351816346,9,0
1501,340628756,10,0
1501,350519058,11,0
1501,340750772,12,0
1501,344427590,13,0
1501,340750773,14,0
1501,55263806,15,0
1501,55689529,16,0
1501,54769790,17,0
1501,65520404,18,0
1501,61830195,19,0
1501,63989717,20,0
1501,59974380,21,0
1501,65047220,22,0
1501,68413665,23,0
1501,56141633,24,0
1501,68009983,25,0
1501,55694333,26,1
1600,1948957488,1,0
1600,1945215354,2,0
1600,1945425410,3,0
1600,1945332658,4,0
1600,1954453013,5,0
1600,1957325535,6,0
1600,1957340012,7,0
1600,1962996551,8,0
1600,1947598107,9,0
1600,1962996552,10,0
1600,1957340013,11,0
1600,1956618704,12,0
1600,1949145441,13,0
1600,1962757975,14,0
1600,1945212192,15,0
1600,1959471696,16,0
1600,1959311860,17,0
1600,1954229131,18,0
1600,1959987319,19,0
1600,1959993178,20,0
1600,1954872443,21,0
1600,1943872310,22,0
1600,559688005,23,0
1600,64000814,24,1
1601,64000816,1,0
1601,559688006,2,0
1601,1943872311,3,0
1601,1954872444,4,0
1601,1959993179,5,0
1601,1959987320,6,0
1601,1954229132,7,0
1601,1959311860,8,0
1601,1959471697,9,0
1601,1945212193,10,0
1601,1962757976,11,0
1601,1956618705,12,0
1601,1957340012,13,0
1601,1962996551,14,0
1601,1947598107,15,0
1601,1962996552,16,0
1601,1957340013,17,0
1601,1954453013,18,0
1601,1957325535,19,0
1601,1945332659,20,0
1601,1945425411,21,0
1601,1945215355,22,0
1601,1948957488,23,1
1700,1460306639,1,0
1700,698445950,2,0
1700,1984089575,3,0
1700,914123857,4,1
1701,914123856,1,0
1701,1984089575,2,0
1701,698445951,3,0
1701,1460306639,4,1
1800,1074823127,1,0
1800,1059504260,2,0
1800,1075311687,3,0
1800,1345783401,4,1
1801,1345783401,1,0
1801,1348559080,2,0
1801,1075311688,3,0
1801,1059504261,4,0
1801,1074823128,5,1
1900,505363383,1,0
1900,502625153,2,0
1900,504573038,3,0
1900,504380528,4,0
1900,1948103066,5,0
1900,1949145441,6,0
1900,1962757975,7,0
1900,1945212192,8,0
1900,1959471696,9,0
1900,1959311860,10,1
1901,1959311860,1,0
1901,1959471697,2,0
1901,1945212193,3,0
1901,1962757976,4,0
1901,1949145442,5,0
1901,1948103067,6,0
1901,502625153,7,0
1901,504573038,8,0
1901,504380528,9,0
1901,505363383,10,1
2000,59891051,1,0
2000,68413664,2,0
2000,65047219,3,0
2000,59974379,4,0
2000,63989716,5,0
2000,61830163,6,0
2000,65520403,7,0
2000,54769789,8,0
2000,55689528,9,0
2000,59506465,10,0
2000,344427589,11,0
2000,1135863052,12,0
2000,491594788,13,0
2000,500406292,14,0
2000,497549640,15,0
2000,497135883,16,0
2000,1012451367,17,0
2000,1013367138,18,0
2000,1009692150,19,0
2000,1010518579,20,1
2001,1010518580,1,0
2001,1009692150,2,0
2001,1013367139,3,0
2001,1012451368,4,0
2001,497135884,5,0
2001,497549641,6,0
2001,500406291,7,0
2001,491594789,8,0
2001,1135863051,9,0
2001,344427590,10,0
2001,55263806,11,0
2001,55689529,12,0
2001,54769790,13,0
2001,65520404,14,0
2001,61830195,15,0
2001,63989717,16,0
2001,59974380,17,0
2001,65047220,18,0
2001,68413665,19,0
2001,59891051,20,1
2100,1947598107,1,0
2100,1962996552,2,0
2100,1957340013,3,0
2100,1954453013,4,0
2100,1957325535,5,0
2100,59891051,6,0
2100,56141633,7,0
2100,59386991,8,1
2101,59386992,1,0
2101,56141633,2,0
2101,59891051,3,0
2101,1954453013,4,0
2101,1957325535,5,0
2101,1957340012,6,0
2101,1962996551,7,0
2101,1947598107,8,1
2200,1661150276,1,0
2200,1663152473,2,0
2200,1670355943,3,0
2200,1669135225,4,0
2200,1663707497,5,0
2200,1825399213,6,0
2200,1833835522,7,0
2200,1818504566,8,0
2200,1824604095,9,0
2200,1818492661,10,0
2200,1976661953,11,0
2200,1987859525,12,0
2200,1988054236,13,0
2200,1978403936,14,0
2200,1984866010,15,0
2200,1984971006,16,0
2200,64929606,17,0
2200,65466433,18,0
2200,64929515,19,1
2201,64929516,1,0
2201,65466432,2,0
2201,64929605,3,0
2201,1984971007,4,0
2201,1984866009,5,0
2201,1978403935,6,0
2201,1988054235,7,0
2201,1987859524,8,0
2201,1976661952,9,0
2201,1818492662,10,0
2201,1824604094,11,0
2201,1818504566,12,0
2201,1833835523,13,0
2201,1825399214,14,0
2201,1663707498,15,0
2201,1669135226,16,0
2201,1670355944,17,0
2201,1663152474,18,0
2201,1661150277,19,1
2500,55948410,1,0
2500,69783585,2,0
2500,55677934,3,0
2500,70842142,4,0
2500,69947544,5,0
2500,59386991,6,0
2500,70968839,7,0
2500,54882815,8,0
2500,56610569,9,0
2500,54337773,10,0
2500,56733670,11,0
2500,57029937,12,0
2500,54159089,13,0
2500,65162911,14,0
2500,54755808,15,0
2500,67819890,16,0
2500,62571156,17,0
2500,69782438,18,0
2500,68116219,19,0
2500,56111407,20,0
2500,55178245,21,1
2501,55178245,1,0
2501,56111408,2,0
2501,68116220,3,0
2501,69782439,4,0
2501,62571157,5,0
2501,67819891,6,0
2501,54755809,7,0
2501,65162912,8,0
2501,59506465,9,0
2501,54159090,10,0
2501,57029938,11,0
2501,56733671,12,0
2501,54337774,13,0
2501,56610570,14,0
2501,54882816,15,0
2501,70968840,16,0
2501,59386992,17,0
2501,69947545,18,0
2501,56106169,19,0
2501,60729509,20,0
2501,55948410,21,1
100000,64000816,1,0
100000,64000814,2,0
100000,68110608,3,0
100000,67818247,4,0
100000,65341812,5,0
100000,60313860,6,0
100000,60725788,7,0
100000,55279181,8,0
100000,69966113,9,0
100000,64345877,10,0
100000,59625195,11,0
100000,64125031,12,0
100000,67845155,13,0
100000,60633842,14,0
100000,73242596,15,0
100000,56008363,16,0
100000,55722574,17,0
100000,68413664,18,0
100000,65047219,19,0
100000,59974379,20,0
100000,62745004,21,0
100000,54338858,22,0
100000,73472585,23,0
100000,55688443,24,0
100000,65407780,25,0
100000,68233306,26,0
100000,56111903,27,0
100000,62742679,28,0
100000,69768674,29,0
100000,58466291,30,0
100000,57774867,31,0
100000,71497794,32,1
100001,71497793,1,0
100001,57774868,2,0
100001,58466292,3,0
100001,69768675,4,0
100001,62742680,5,0
100001,56111904,6,0
100001,68233309,7,0
100001,65407781,8,0
100001,55688444,9,0
100001,73472586,10,0
100001,54338859,11,0
100001,62745005,12,0
100001,59974380,13,0
100001,65047220,14,0
100001,68413665,15,0
100001,56141633,16,0
100001,68009983,17,0
100001,55694333,18,0
100001,73239931,19,0
100001,60633843,20,0
100001,67845156,21,0
100001,54769263,22,0
100001,64125032,23,0
100001,59625196,24,0
100001,64345876,25,0
100001,69966114,26,0
100001,55279182,27,0
100001,60725789,28,0
100001,60313861,29,0
100001,65341813,30,0
100001,67818248,31,0
100001,68110609,32,0
100001,64000815,33,1
200000,64929512,1,0
200000,67922469,2,0
200000,70581029,3,0
200000,64005495,4,0
200000,70126166,5,0
200000,65039066,6,0
200000,55189281,7,0
200000,65047529,8,0
200000,55694302,9,0
200000,55189746,10,0
200000,74396323,11,0
200000,73242597,12,0
200000,56008363,13,0
200000,55722575,14,0
200000,69783585,15,0
200000,55677934,16,0
200000,70842142,17,0
200000,69947544,18,0
200000,59386991,19,0
200000,53860282,20,0
200000,69537511,21,0
200000,57543421,22,0
200000,59387394,23,0
200000,69656175,24,0
200000,56230943,25,1
200001,56230943,1,0
200001,69656176,2,0
200001,59387395,3,0
200001,57543422,4,0
200001,69537512,5,0
200001,53860281,6,0
200001,59386992,7,0
200001,69947545,8,0
200001,56106169,9,0
200001,60729509,10,0
200001,56141633,11,0
200001,54336038,12,0
200001,55694334,13,0
200001,74396324,14,0
200001,55189747,15,0
200001,55694303,16,0
200001,65047530,17,0
200001,55189282,18,0
200001,65039067,19,0
200001,70126167,20,0
200001,64005496,21,0
200001,70581030,22,0
200001,67922470,23,0
200001,55706641,24,0
200001,64929517,25,1
300000,64345875,1,0
300000,70455231,2,0
300000,71029816,3,0
300000,67688388,4,0
300000,56736832,5,0
300000,56736894,6,0
300000,68111290,7,0
300000,54768735,8,0
300000,54768797,9,0
300000,54768828,10,0
300000,56017694,11,0
300000,67803522,12,0
300000,71809776,13,0
300000,73242597,14,0
300000,56008363,15,0
300000,55722575,16,0
300000,69783585,17,0
300000,55677934,18,0
300000,70842142,19,0
300000,69947544,20,0
300000,59386991,21,0
300000,70968839,22,0
300000,69660918,23,0
300000,67014448,24,0
300000,54754909,25,0
300000,54462703,26,0
300000,66443676,27,0
300000,56220775,28,0
300000,55933157,29,0
300000,65407781,30,0
300000,55688444,31,0
300000,73472586,32,0
300000,71497607,33,0
300000,1730176327,34,0
300000,58775114,35,1
300001,58775114,1,0
300001,71497606,2,0
300001,73472585,3,0
300001,55688443,4,0
300001,65407780,5,0
300001,55933158,6,0
300001,56220776,7,0
300001,66443677,8,0
300001,54462704,9,0
300001,54754910,10,0
300001,67014449,11,0
300001,69660919,12,0
300001,70968840,13,0
300001,59386992,14,0
300001,69947545,15,0
300001,56106169,16,0
300001,60729509,17,0
300001,56141633,18,0
300001,68009983,19,0
300001,55694333,20,0
300001,73239931,21,0
300001,71809777,22,0
300001,56017695,23,0
300001,54768829,24,0
300001,54768798,25,0
300001,54768736,26,0
300001,68111291,27,0
300001,56736895,28,0
300001,56736833,29,0
300001,67688389,30,0
300001,71029817,31,0
300001,70455232,32,0
300001,64345877,33,1
900600,1661248391,1,0
900600,1661128297,2,0
900600,1674980151,3,0
900600,1659928318,4,0
900600,1670179119,5,0
900600,1661212989,6,0
900600,1672715260,7,0
900600,1660705426,8,0
900600,1670364437,9,0
900600,1661150276,10,0
900600,1674982507,11,0
900600,1673132613,12,0
900600,1670166750,13,0
900600,1669427494,14,0
900600,1682067619,15,0
900600,1660825089,16,0
900600,1659181963,17,0
900600,1993634477,18,0
900600,1660949861,19,0
900600,1670050159,20,0
900600,1669143874,21,0
900600,1669021858,22,0
900600,1665745902,23,0
900600,1661326481,24,0
900600,1663707497,25,0
900600,1669942992,26,0
900600,1678375829,27,1
900601,1678375829,1,0
900601,1669942993,2,0
900601,1663707498,3,0
900601,1661326480,4,0
900601,1665745903,5,0
900601,1669021859,6,0
900601,1669143875,7,0
900601,1660949861,8,0
900601,1670050159,9,0
900601,1993634477,10,0
900601,1659181962,11,0
900601,1660825089,12,0
900601,1682067620,13,0
900601,1669427493,14,0
900601,1670166751,15,0
900601,1673132614,16,0
900601,1674982508,17,0
900601,1661150277,18,0
900601,1670364438,19,0
900601,1660705427,20,0
900601,1672715261,21,0
900601,1661212990,22,0
900601,1670179120,23,0
900601,1659928350,24,0
900601,1674980152,25,0
900601,1661128298,26,0
900601,1661248392,27,1
900700,69006509,1,0
900700,55948410,2,0
900700,68117180,3,0
900700,68009982,4,0
900700,62260661,5,0
900700,55694334,6,0
900700,73242597,7,0
900700,55722574,8,0
900700,56113267,9,0
900700,69006508,10,1
901000,67698618,1,0
901000,70471165,2,0
901000,67700075,3,1
901001,73239931,1,0
901001,70471166,2,0
901001,67698618,3,1
901100,788073064,1,0
901100,1719871995,2,0
901100,59386991,3,1
901101,59386992,1,0
901101,1719871995,2,0
901101,788073063,3,1
901200,729031232,1,0
901200,726868641,2,0
901200,715177952,3,0
901200,724920105,4,0
901200,719795991,5,0
901200,723984990,6,0
901200,715175007,7,0
901200,717853810,8,0
901200,725841363,9,0
901200,730452954,10,0
901200,304763503,11,0
901200,305860903,12,0
901200,308768052,13,0
901200,1572110334,14,0
901200,1669138543,15,0
901200,1669427494,16,0
901200,1659475657,17,0
901200,1661150277,18,1
901201,1661150276,1,0
901201,1659475656,2,0
901201,1669427493,3,0
901201,1669138542,4,0
901201,1572110334,5,0
901201,304763503,6,0
901201,305860903,7,0
901201,308768052,8,0
901201,730452955,9,0
901201,725841364,10,0
901201,717853811,11,0
901201,715175008,12,0
901201,723984991,13,0
901201,719795992,14,0
901201,724920106,15,0
901201,715177953,16,0
901201,726868642,17,0
901201,729031233,18,1
1001200,304763503,1,0
1001200,305860903,2,0
1001200,308768052,3,0
1001200,301745529,4,0
1001200,310025040,5,0
1001200,310210482,6,0
1001200,300963368,7,0
1001200,318012283,8,0
1001200,299291755,9,0
1001200,801891720,10,0
1001200,814152374,11,0
1001200,810141532,12,0
1001200,811071284,13,0
1001200,806019244,14,0
1001200,800477903,15,0
1001200,806446827,16,0
1001200,814259044,17,0
1001200,813840482,18,0
1001200,54889015,19,0
1001200,73581395,20,0
1001200,57029627,21,0
1001200,65038849,22,0
1001200,65465316,23,0
1001200,59389936,24,0
1001200,56104432,25,0
1001200,59625195,26,0
1001200,64125031,27,0
1001200,67845155,28,0
1001200,60633842,29,0
1001200,73242597,30,0
1001200,56008363,31,0
1001200,55722575,32,0
1001200,69783585,33,0
1001200,55677934,34,0
1001200,70842142,35,0
1001200,69947544,36,0
1001200,59386991,37,0
1001200,70968839,38,0
1001200,63993095,39,0
1001200,67694774,40,0
1001200,57028604,41,0
1001200,64621837,42,0
1001200,58880544,43,0
1001200,58466880,44,0
1001200,58883830,45,0
1001200,69966144,46,0
1001200,55898499,47,0
1001200,60305614,48,0
1001200,64945384,49,0
1001200,59506248,50,0
1001200,394671966,51,0
1001200,390959561,52,0
1001200,393731643,53,0
1001200,386848124,54,0
1001200,394671005,55,0
1001200,404502872,56,0
1001200,403896977,57,0
1001200,392807006,58,0
1001200,402656667,59,0
1001200,402556630,60,0
1001200,1288941956,61,0
1001200,1304728055,62,0
1001200,1296842926,63,0
1001200,1288525874,64,0
1001200,1286713211,65,0
1001200,1288526804,66,0
1001200,1288530462,67,0
1001200,1294569696,68,0
1001200,1288530214,69,0
1001200,500406292,70,1
1001201,500406292,1,0
1001201,1288530214,2,0
1001201,1294569696,3,0
1001201,1288530462,4,0
1001201,1288526804,5,0
1001201,1297766946,6,0
1001201,1288528913,7,0
1001201,1288525875,8,0
1001201,1296842927,9,0
1001201,1304728056,10,0
1001201,1288941957,11,0
1001201,402556629,12,0
1001201,402656666,13,0
1001201,392807005,14,0
1001201,403896976,15,0
1001201,404502871,16,0
1001201,394671004,17,0
1001201,386848123,18,0
1001201,393731643,19,0
1001201,390959560,20,0
1001201,394671965,21,0
1001201,59506249,22,0
1001201,64945385,23,0
1001201,55898500,24,0
1001201,69966145,25,0
1001201,58883831,26,0
1001201,58466881,27,0
1001201,58880545,28,0
1001201,64621838,29,0
1001201,57028605,30,0
1001201,67694775,31,0
1001201,63993096,32,0
1001201,70968840,33,0
1001201,59386992,34,0
1001201,69947545,35,0
1001201,56106169,36,0
1001201,60729509,37,0
1001201,56141633,38,0
1001201,68009983,39,0
1001201,55694333,40,0
1001201,73239931,41,0
1001201,60633843,42,0
1001201,67845156,43,0
1001201,54769263,44,0
1001201,64125032,45,0
1001201,59625196,46,0
1001201,56104433,47,0
1001201,59389937,48,0
1001201,65465317,49,0
1001201,65038850,50,0
1001201,57029628,51,0
1001201,73581396,52,0
1001201,54889016,53,0
1001201,813840483,54,0
1001201,814259045,55,0
1001201,806446828,56,0
1001201,800477902,57,0
1001201,806019245,58,0
1001201,811071283,59,0
1001201,810141531,60,0
1001201,814152373,61,0
1001201,801891720,62,0
1001201,299291754,63,0
1001201,318012282,64,0
1001201,300963367,65,0
1001201,310210481,66,0
1001201,310025039,67,0
1001201,301745528,68,0
1001201,308768051,69,0
1001201,305860902,70,0
1001201,304763502,71,1
29001000,723173379,1,0
29001000,730650300,2,0
29001000,724907984,3,0
29001000,723993360,4,0
29001000,723771369,5,0
29001000,729031232,6,0
29001000,719795991,7,0
29001000,723984990,8,0
29001000,715175007,9,0
29001000,717853810,10,0
29001000,725841363,11,0
29001000,730452954,12,0
29001000,56141633,13,0
29001000,59706353,14,1
29001001,59706353,1,0
29001001,56141633,2,0
29001001,730452955,3,0
29001001,725841364,4,0
29001001,717853811,5,0
29001001,715175008,6,0
29001001,723984991,7,0
29001001,719795992,8,0
29001001,729031233,9,0
29001001,723771370,10,0
29001001,723993361,11,0
29001001,724907985,12,0
29001001,730650301,13,0
29001001,723173380,14,1
