'2309-HIV-23i04H-s-Samedi-00',700,74300,,'',0,9900,,'',0,10500,,'',0,18000,,'',0,10000,,'',0,11500,,'',0,18300,,'',0,10200,,'',0,10000,,'',0,10000,,'',0,9600,,'',0
'2309-HIV-23i04H-s-Samedi-00',701,73000,4,'',0,10000,4,'',0,9600,4,'',0,19500,4,'',0,9500,4,'',0,8400,4,'',0,21600,4,'',0,9400,4,'',0,9100,4,'',0,10400,4,'',0,10200,4,'',0
'2309-HIV-23i04H-w-Mercredi-01',700,71000,,'',0,3500,,'',0,9800,,'',0,9600,,'',0,9600,,'',0,9500,,'',0,9500,,'',0,10500,,'',0,9600,,'',0,9300,,'',0,9800,,'',0,9800,,'',0,10800,,'',0,9800,,'',0
'2309-HIV-23i04H-w-Mercredi-01',701,73600,4,'',0,9600,4,'',0,9600,4,'',0,9500,4,'',0,9600,4,'',0,9600,4,'',0,9800,4,'',0,9200,4,'',0,10300,4,'',0,9700,4,'',0,9900,4,'',0,10400,4,'',0,10100,4,'',0
'2309-HIV-23i04Hlv-L-Ma-J-V-00',700,71000,,'',0,3500,,'',0,9800,,'',0,9600,,'',0,9600,,'',0,9500,,'',0,9500,,'',0,10500,,'',0,9600,,'',0,9300,,'',0,9800,,'',0,9800,,'',0,10800,,'',0,9800,,'',0
'2309-HIV-23i04Hlv-L-Ma-J-V-00',701,73600,4,'',0,9600,4,'',0,9600,4,'',0,9500,4,'',0,9600,4,'',0,9600,4,'',0,9800,4,'',0,9200,4,'',0,10300,4,'',0,9700,4,'',0,9900,4,'',0,10400,4,'',0,10100,4,'',0
'2309-HIV-23i14Hlv-L-Ma-J-V-00',700,71000,,'',0,3500,,'',0,9800,,'',0,9600,,'',0,9600,,'',0,9500,,'',0,9500,,'',0,10500,,'',0,9600,,'',0,9300,,'',0,9800,,'',0,9800,,'',0,10800,,'',0,9800,,'',0
'2309-HIV-23i14Hlv-L-Ma-J-V-00',701,73600,4,'',0,9600,4,'',0,9600,4,'',0,9500,4,'',0,9600,4,'',0,9600,4,'',0,9800,4,'',0,9200,4,'',0,10300,4,'',0,9700,4,'',0,9900,4,'',0,10400,4,'',0,10100,4,'',0
'2309-HIV-23j23Vlv-Semaine-00',700,74300,,'',0,9900,,'',0,10500,,'',0,18000,,'',0,10000,,'',0,11500,,'',0,18300,,'',0,10200,,'',0,10000,,'',0,10000,,'',0,9600,,'',0
'2309-HIV-23j23Vlv-Semaine-00',701,73000,4,'',0,10000,4,'',0,9600,4,'',0,19500,4,'',0,9500,4,'',0,8400,4,'',0,21600,4,'',0,9400,4,'',0,9100,4,'',0,10400,4,'',0,10200,4,'',0
'2309-HIV-23j30Vlv-Semaine-00',700,74300,,'',0,9900,,'',0,10500,,'',0,18000,,'',0,10000,,'',0,11500,,'',0,18300,,'',0,10200,,'',0,10000,,'',0,10000,,'',0,9600,,'',0
'2309-HIV-23j30Vlv-Semaine-00',701,73000,4,'',0,10000,4,'',0,9600,4,'',0,19500,4,'',0,9500,4,'',0,8400,4,'',0,21600,4,'',0,9400,4,'',0,9100,4,'',0,10400,4,'',0,10200,4,'',0
'2309-HIV-23l15Hlv-L-Ma-J-V-00',700,71000,,'',0,3500,,'',0,9800,,'',0,9600,,'',0,9600,,'',0,9500,,'',0,9500,,'',0,10500,,'',0,9600,,'',0,9300,,'',0,9800,,'',0,9800,,'',0,10800,,'',0,9800,,'',0
'2309-HIV-23l15Hlv-L-Ma-J-V-00',701,73600,4,'',0,9600,4,'',0,9600,4,'',0,9500,4,'',0,9600,4,'',0,9600,4,'',0,9800,4,'',0,9200,4,'',0,10300,4,'',0,9700,4,'',0,9900,4,'',0,10400,4,'',0,10100,4,'',0
'2309-HIV-23l25Vlv-Semaine-00',700,74300,,'',0,9900,,'',0,10500,,'',0,18000,,'',0,10000,,'',0,11500,,'',0,18300,,'',0,10200,,'',0,10000,,'',0,10000,,'',0,9600,,'',0
'2309-HIV-23l25Vlv-Semaine-00',701,73000,4,'',0,10000,4,'',0,9600,4,'',0,19500,4,'',0,9500,4,'',0,8400,4,'',0,21600,4,'',0,9400,4,'',0,9100,4,'',0,10400,4,'',0,10200,4,'',0
