'22H09-SCOGTFS-Semaine-00',10600,70400,,'',0
'22H09-SCOGTFS-Semaine-00',10700,70800,,'',0
'22H09-SCOGTFS-Semaine-00',10800,71200,,'',0
'22H09-SCOGTFS-Semaine-00-0010000',10801,123100,,'',0
'22H09-SCOGTFS-Semaine-00',19200,80300,,'',0
'22H09-SCOGTFS-Semaine-00-0010000',19401,123100,,'',0
'22H09-SCOGTFS-Semaine-00-1101100',19401,163100,,'',0,10000,,'',0,10000,,'',0
'23H01-HIVDIM-Dimanche-00',1001201,100700,4,'',0,1100,,'',0,21400,4,'',0,1400,,'',0,26500,4,'',0,500,,'',0,22500,4,'',0,500,,'',0,26000,4,'',0,700,,'',0
'23H01-HIVDIM-Dimanche-01',1001201,100700,4,'',0,1100,,'',0,21400,4,'',0,1400,,'',0,26500,4,'',0,500,,'',0,22500,4,'',0,500,,'',0,26000,4,'',0,700,,'',0
'23H01-HIVSAM-Samedi-01',1001201,75200,,'',0,6400,,'',0,8400,4,'',0,4400,4,'',0,8700,4,'',0,8500,4,'',0,8500,4,'',0,4400,,'',0,8800,4,'',0,8400,4,'',0,3600,,'',0,9000,4,'',0,8100,4,'',0,8500,,'',0,3200,4,'',0,7500,,'',0,3400,4,'',0,7300,4,'',0,3200,,'',0
'23H01-PSLMJV-L-Ma-J-V-01',1001201,75300,,'',0,6500,,'',0,2800,4,'',0,6700,4,'',0,4600,4,'',0,7900,4,'',0,8000,4,'',0,4100,,'',0,7900,4,'',0,6400,,'',0,3100,4,'',0,7400,,'',0,2700,4,'',0,2500,4,'',0,7500,,'',0,7500,4,'',0,3200,4,'',0,7400,,'',0,2200,4,'',0,7800,,'',0,1900,4,'',0,6800,,'',0,3200,4,'',0,2200,,'',0
'23H01-PSMe-Mercredi-00',1001201,75300,,'',0,6500,,'',0,2800,4,'',0,6700,4,'',0,4600,4,'',0,7900,4,'',0,8000,4,'',0,4100,,'',0,7900,4,'',0,6400,,'',0,3100,4,'',0,7400,,'',0,2700,4,'',0,2500,4,'',0,7500,,'',0,7500,4,'',0,3200,4,'',0,7400,,'',0,2200,4,'',0,7800,,'',0,1900,4,'',0,6800,,'',0,3200,4,'',0,2200,,'',0
'23H01-PVSSEM-Semaine-00',1001201,75200,,'',0,6400,,'',0,8400,4,'',0,4400,4,'',0,8700,4,'',0,8500,4,'',0,8500,4,'',0,4400,,'',0,8800,4,'',0,8400,4,'',0,3600,,'',0,9000,4,'',0,8100,4,'',0,8500,,'',0,3200,4,'',0,7500,,'',0,3400,4,'',0,7300,4,'',0,3200,,'',0
