'2309-HIV-S23i04-w-Mercredi-00-0010000',11901,124900,,'',0
'2309-HIV-S23i04-w-Mercredi-00-0010000',15201,124300,,'',0
'2309-HIV-S23i04lv-L-Ma-J-V-00-1101100',15201,161300,,'',0,10000,,'',0
'2309-HIV-S23i04-w-Mercredi-00-0010000',15501,124900,,'',0
'2309-HIV-S23i04lv-L-Ma-J-V-00-1101100',15501,162100,,'',0,10000,,'',0
'2309-HIV-23i04H-d-Dimanche-00',1001200,85000,4,'',0,29000,4,'',0,21000,4,'',0,29100,4,'',0,19100,4,'',0
'2309-HIV-23i04H-d-Dimanche-00',1001201,90500,,'',0,25000,,'',0,25000,,'',0,29500,,'',0,20000,,'',0
'2309-HIV-23i04H-s-Samedi-00',1001200,75400,4,'',0,8000,4,'',0,8400,4,'',0,8500,4,'',0,4800,4,'',0,8500,4,'',0,8500,4,'',0,8000,4,'',0,4400,4,'',0,8400,4,'',0,8200,4,'',0,4400,4,'',0,7500,4,'',0,7000,,'',0,3700,4,'',0,7500,4,'',0,3900,4,'',0,7400,,'',0,3300,4,'',0
'2309-HIV-23i04H-s-Samedi-00',1001201,72100,,'',0,8300,,'',0,4300,,'',0,8500,,'',0,8500,,'',0,8500,,'',0,4400,,'',0,8600,,'',0,12000,,'',0,17100,,'',0,8300,,'',0,3500,,'',0,11100,,'',0,7400,,'',0,7500,,'',0
'2309-HIV-23i04H-w-Mercredi-01',1001200,75900,4,'',0,6500,4,'',0,2500,4,'',0,6800,4,'',0,8500,4,'',0,4000,4,'',0,8000,4,'',0,8000,4,'',0,4200,4,'',0,6800,,'',0,3200,4,'',0,7700,4,'',0,3400,4,'',0,7300,4,'',0,8100,4,'',0,3400,4,'',0,7500,4,'',0,2300,4,'',0,400,4,'',0,5700,4,'',0,1600,,'',0,2900,4,'',0,6400,,'',0,2600,4,'',0,2200,4,'',0
'2309-HIV-23i04H-w-Mercredi-01',1001201,64400,,'',0,6700,,'',0,3100,,'',0,6500,,'',0,5000,,'',0,7900,,'',0,8000,,'',0,4000,,'',0,7900,,'',0,9300,,'',0,7700,,'',0,5200,,'',0,7500,,'',0,7300,,'',0,3000,,'',0,6700,,'',0,2400,,'',0,3100,,'',0,6900,,'',0,3300,,'',0,14100,,'',0
'2309-HIV-23i04Hlv-L-Ma-J-V-00',1001200,75900,4,'',0,6500,4,'',0,2500,4,'',0,6800,4,'',0,8500,4,'',0,4000,4,'',0,8000,4,'',0,8000,4,'',0,4200,4,'',0,6800,,'',0,3200,4,'',0,7700,4,'',0,3400,4,'',0,7300,4,'',0,8100,4,'',0,3400,4,'',0,7500,4,'',0,2300,4,'',0,400,4,'',0,5700,4,'',0,1600,,'',0,2900,4,'',0,6400,,'',0,2600,4,'',0,2200,4,'',0
'2309-HIV-23i04Hlv-L-Ma-J-V-00',1001201,64400,,'',0,6700,,'',0,3100,,'',0,6500,,'',0,5000,,'',0,7900,,'',0,8000,,'',0,4000,,'',0,7900,,'',0,9300,,'',0,7700,,'',0,5200,,'',0,7500,,'',0,7300,,'',0,3000,,'',0,6700,,'',0,2400,,'',0,3100,,'',0,6900,,'',0,3300,,'',0,14100,,'',0
'2309-HIV-23i14Hlv-L-Ma-J-V-00',1001200,75900,4,'',0,6500,4,'',0,2500,4,'',0,6800,4,'',0,8500,4,'',0,4000,4,'',0,8000,4,'',0,8000,4,'',0,4200,4,'',0,6800,,'',0,3200,4,'',0,7700,4,'',0,3400,4,'',0,7300,4,'',0,8100,4,'',0,3400,4,'',0,7500,4,'',0,2300,4,'',0,400,4,'',0,5700,4,'',0,1600,,'',0,2900,4,'',0,6400,,'',0,2600,4,'',0,2200,4,'',0
'2309-HIV-23i14Hlv-L-Ma-J-V-00',1001201,64400,,'',0,6700,,'',0,3100,,'',0,6500,,'',0,5000,,'',0,7900,,'',0,8000,,'',0,4000,,'',0,7900,,'',0,9300,,'',0,7700,,'',0,5200,,'',0,7500,,'',0,7300,,'',0,3000,,'',0,6700,,'',0,2400,,'',0,3100,,'',0,6900,,'',0,3300,,'',0,14100,,'',0
'2309-HIV-23i17H-d-Dimanche-00',1001200,85000,4,'',0,29000,4,'',0,21000,4,'',0,29100,4,'',0,19100,4,'',0
'2309-HIV-23i17H-d-Dimanche-00',1001201,90500,,'',0,25000,,'',0,25000,,'',0,29500,,'',0,20000,,'',0
'2309-HIV-23j01H-d-Dimanche-00',1001200,90600,4,'',0,22000,4,'',0,27800,4,'',0,23000,4,'',0,26900,4,'',0
'2309-HIV-23j01H-d-Dimanche-00',1001201,91500,,'',0,22500,,'',0,27800,,'',0,23000,,'',0,26500,,'',0
'2309-HIV-23j23Vlv-Semaine-00',1001200,75400,4,'',0,8000,4,'',0,8400,4,'',0,8500,4,'',0,4800,4,'',0,8500,4,'',0,8500,4,'',0,8000,4,'',0,4400,4,'',0,8400,4,'',0,8200,4,'',0,4400,4,'',0,7500,4,'',0,7000,,'',0,3700,4,'',0,7500,4,'',0,3900,4,'',0,7400,,'',0,3300,4,'',0
'2309-HIV-23j23Vlv-Semaine-00',1001201,72100,,'',0,8300,,'',0,4300,,'',0,8500,,'',0,8500,,'',0,8500,,'',0,4400,,'',0,8600,,'',0,12000,,'',0,17100,,'',0,8300,,'',0,3500,,'',0,11100,,'',0,7400,,'',0,7500,,'',0
'2309-HIV-23j23Vlv-Semaine-00-1111100',1001200,175500,4,'',0
'2309-HIV-23j30Vlv-Semaine-00',1001200,75400,4,'',0,8000,4,'',0,8400,4,'',0,8500,4,'',0,4800,4,'',0,8500,4,'',0,8500,4,'',0,8000,4,'',0,4400,4,'',0,8400,4,'',0,8200,4,'',0,4400,4,'',0,7500,4,'',0,7000,,'',0,3700,4,'',0,7500,4,'',0,3900,4,'',0,7400,,'',0,3300,4,'',0
'2309-HIV-23j30Vlv-Semaine-00',1001201,72100,,'',0,8300,,'',0,4300,,'',0,8500,,'',0,8500,,'',0,8500,,'',0,4400,,'',0,8600,,'',0,12000,,'',0,17100,,'',0,8300,,'',0,3500,,'',0,11100,,'',0,7400,,'',0,7500,,'',0
'2309-HIV-23j30Vlv-Semaine-00-1111100',1001200,175500,4,'',0
'2309-HIV-23l15Hlv-L-Ma-J-V-00',1001200,75900,4,'',0,6500,4,'',0,2500,4,'',0,6800,4,'',0,8500,4,'',0,4000,4,'',0,8000,4,'',0,8000,4,'',0,4200,4,'',0,6800,,'',0,3200,4,'',0,7700,4,'',0,3400,4,'',0,7300,4,'',0,8100,4,'',0,3400,4,'',0,7500,4,'',0,2300,4,'',0,400,4,'',0,5700,4,'',0,1600,,'',0,2900,4,'',0,6400,,'',0,2600,4,'',0,2200,4,'',0
'2309-HIV-23l15Hlv-L-Ma-J-V-00',1001201,64400,,'',0,6700,,'',0,3100,,'',0,6500,,'',0,5000,,'',0,7900,,'',0,8000,,'',0,4000,,'',0,7900,,'',0,9300,,'',0,7700,,'',0,5200,,'',0,7500,,'',0,7300,,'',0,3000,,'',0,6700,,'',0,2400,,'',0,3100,,'',0,6900,,'',0,3300,,'',0,14100,,'',0
'2309-HIV-23l25Vlv-Semaine-00',1001200,75400,4,'',0,8000,4,'',0,8400,4,'',0,8500,4,'',0,4800,4,'',0,8500,4,'',0,8500,4,'',0,8000,4,'',0,4400,4,'',0,8400,4,'',0,8200,4,'',0,4400,4,'',0,7500,4,'',0,7000,,'',0,3700,4,'',0,7500,4,'',0,3900,4,'',0,7400,,'',0,3300,4,'',0
'2309-HIV-23l25Vlv-Semaine-00',1001201,72100,,'',0,8300,,'',0,4300,,'',0,8500,,'',0,8500,,'',0,8500,,'',0,4400,,'',0,8600,,'',0,12000,,'',0,17100,,'',0,8300,,'',0,3500,,'',0,11100,,'',0,7400,,'',0,7500,,'',0
'2309-HIV-23l25Vlv-Semaine-00-1111100',1001200,175500,4,'',0
'2309-HIV-23i04H-w-Mercredi-01-0010000',2001200,123800,,'',0,300,,'',0
'2309-HIV-23i04Hlv-L-Ma-J-V-00-1101100',2001200,163500,,'',0,10500,,'',0,9500,,'',0
'2309-HIV-23i14Hlv-L-Ma-J-V-00-1101100',2001200,163500,,'',0,10500,,'',0,9500,,'',0
'2309-HIV-23l15Hlv-L-Ma-J-V-00-1101100',2001200,163500,,'',0,10500,,'',0,9500,,'',0
