900600,'0_6',900,,68268,28,,,0,130,,68270,28,,,0,125,,68271,28,,,0,175,,68272,28,,,0,120,,68273,28,,,0,175,,68274,28,,,0,130,,68275,28,,,0,169,,68269,28,,,0
900600,'3_1',900,,68316,28,,,0,130,,68318,28,,,0,125,,68319,28,,,0,175,,68320,28,,,0,120,,68321,28,,,0,175,,68322,28,,,0,130,,68323,28,,,0,169,,68317,28,,,0
900600,'3_3',900,,68324,28,,,0,130,,68326,28,,,0,125,,68327,28,,,0,175,,68328,28,,,0,120,,68329,28,,,0,175,,68330,28,,,0,130,,68331,28,,,0,169,,68325,28,,,0
900600,'3_4',900,,68332,28,,,0,130,,68334,28,,,0,125,,68335,28,,,0,175,,68336,28,,,0,120,,68337,28,,,0,175,,68338,28,,,0,130,,68339,28,,,0,169,,68333,28,,,0
900600,'3_5',900,,68340,28,,,0,130,,68342,28,,,0,125,,68343,28,,,0,175,,68344,28,,,0,120,,68345,28,,,0,175,,68346,28,,,0,130,,68347,28,,,0,169,,68341,28,,,0
900601,'0_6',749,,68348,2,,,0,170,,68349,2,,,0,130,,68350,2,,,0,175,,68351,2,,,0,120,,68352,2,,,0,175,,68353,2,,,0,125,,68354,2,,,0,170,,68355,2,,,0
900601,'3_1',749,,68396,2,,,0,170,,68397,2,,,0,130,,68398,2,,,0,175,,68399,2,,,0,120,,68400,2,,,0,175,,68401,2,,,0,125,,68402,2,,,0,170,,68403,2,,,0
900601,'3_3',749,,68404,2,,,0,170,,68405,2,,,0,130,,68406,2,,,0,175,,68407,2,,,0,120,,68408,2,,,0,175,,68409,2,,,0,125,,68410,2,,,0,170,,68411,2,,,0
900601,'3_4',749,,68412,2,,,0,170,,68413,2,,,0,130,,68414,2,,,0,175,,68415,2,,,0,120,,68416,2,,,0,175,,68417,2,,,0,125,,68418,2,,,0,170,,68419,2,,,0
900601,'3_5',749,,68420,2,,,0,170,,68421,2,,,0,130,,68422,2,,,0,175,,68423,2,,,0,120,,68424,2,,,0,175,,68425,2,,,0,125,,68426,2,,,0,170,,68427,2,,,0
