'2409-HIV-24i02H-s-Samedi-00',1500,73000,,'',0,2100,,'',0,15400,,'',0,11700,,'',0,11700,,'',0,8000,,'',0,3600,,'',0,9600,,'',0,15900,0,'Pollestres Europe',0,10100,,'',0,10700,,'',0,9900,,'',0,11600,,'',0
'2409-HIV-24j06H-d-Dimanche-00',1500,84500,,'',0,27600,,'',0,30000,,'',0,32600,,'',0
'2409-HIV-24j26H-d-Dimanche-00',1500,84500,,'',0,27600,,'',0,30000,,'',0,32600,,'',0
'2409-HIV-24j28Vlv-Semaine-01',1500,73000,,'',0,2100,,'',0,15400,,'',0,11700,,'',0,11700,,'',0,8000,,'',0,3600,,'',0,9600,,'',0,15900,0,'Pollestres Europe',0,10100,,'',0,10700,,'',0,9900,,'',0,11600,,'',0
'2409-HIV-25a06H-s-Samedi-00',1500,73000,,'',0,2100,,'',0,15400,,'',0,11700,,'',0,11700,,'',0,8000,,'',0,3600,,'',0,9600,,'',0,15900,0,'Pollestres Europe',0,10100,,'',0,10700,,'',0,9900,,'',0,11600,,'',0
'2409-HIV-25a06H-w-Mercredi-01',1500,73000,,'',0,2100,,'',0,15400,,'',0,11700,,'',0,11700,,'',0,8000,,'',0,3600,,'',0,9600,,'',0,15900,0,'Pollestres Europe',0,10100,,'',0,10700,,'',0,9900,,'',0,11600,,'',0
'2409-HIV-25a06Hlv-L-Ma-J-V-01',1500,73000,,'',0,2100,,'',0,15400,,'',0,11700,,'',0,11700,,'',0,8000,,'',0,3600,,'',0,9600,,'',0,15900,0,'Pollestres Europe',0,10100,,'',0,10700,,'',0,9900,,'',0,11600,,'',0
'2409-HIV-25b17Vlv-Semaine-00',1500,73000,,'',0,2100,,'',0,15400,,'',0,11700,,'',0,11700,,'',0,8000,,'',0,3600,,'',0,9600,,'',0,15900,0,'Pollestres Europe',0,10100,,'',0,10700,,'',0,9900,,'',0,11600,,'',0
'2409-HIV-25b24Vlv-Semaine-00',1500,73000,,'',0,2100,,'',0,15400,,'',0,11700,,'',0,11700,,'',0,8000,,'',0,3600,,'',0,9600,,'',0,15900,0,'Pollestres Europe',0,10100,,'',0,10700,,'',0,9900,,'',0,11600,,'',0
'2409-HIV-24j06H-d-Dimanche-00',2000,92200,,'',0,90200,,'',0
'2409-HIV-24j26H-d-Dimanche-00',2000,92200,,'',0,90200,,'',0
'2409-HIV-25a06H-w-Mercredi-01',2000,163900,,'',0,10500,,'',0,9500,,'',0
'2409-HIV-25a06H-w-Mercredi-01-0010000',2000,124200,,'',0
'2409-HIV-25a06Hlv-L-Ma-J-V-01',2000,163900,,'',0,10500,,'',0,9500,,'',0
'2409-HIV-24i02H-s-Samedi-00',4000000,64200,0,'Tourné',0,5800,0,'Baillat',0,2700,0,'Tourné',0,2000,0,'Baillat',0,6000,0,'Tourné',0,2000,0,'Baillat',0,2000,0,'Tourné',0,6000,0,'Baillat',0,2000,0,'Tourné',0,2000,0,'Baillat',0,6000,0,'Tourné',0,2000,0,'Baillat',0,2000,0,'Tourné',0,6100,0,'Baillat',0,2000,0,'Tourné',0,2000,0,'Baillat',0,6000,0,'Tourné',0,1900,0,'Baillat',0,2000,0,'Tourné',0,6000,0,'Baillat',0,2000,0,'Tourné',0,2000,0,'Baillat',0,6000,0,'Tourné',0,2000,0,'Baillat',0,2000,0,'Tourné',0,6000,0,'Baillat',0,2000,0,'Tourné',0,2100,0,'Baillat',0,6100,0,'Tourné',0,2000,0,'Baillat',0,2000,0,'Tourné',0,6000,0,'Baillat',0,2000,0,'Tourné',0,2000,0,'Baillat',0,6000,0,'Tourné',0,1900,0,'Baillat',0,2000,0,'Tourné',0,6000,0,'Baillat',0,1900,0,'Tourné',0,2000,0,'Baillat',0,6000,0,'Tourné',0,2000,0,'Baillat',0
'2409-HIV-24j06H-d-Dimanche-00',4000000,82900,0,'Baillat',0,11000,0,'Tourné',0,11000,0,'Baillat',0,11000,0,'Tourné',0,15000,0,'Baillat',0,11000,0,'Tourné',0,11000,0,'Baillat',0,11000,0,'Tourné',0,11000,0,'Baillat',0,11000,0,'Tourné',0
'2409-HIV-24j26H-d-Dimanche-00',4000000,82900,0,'Baillat',0,11000,0,'Tourné',0,11000,0,'Baillat',0,11000,0,'Tourné',0,15000,0,'Baillat',0,11000,0,'Tourné',0,11000,0,'Baillat',0,11000,0,'Tourné',0,11000,0,'Baillat',0,11000,0,'Tourné',0
'2409-HIV-24j28Vlv-Semaine-01',4000000,64200,0,'Tourné',0,5800,0,'Baillat',0,2700,0,'Tourné',0,2000,0,'Baillat',0,6000,0,'Tourné',0,2000,0,'Baillat',0,2000,0,'Tourné',0,6000,0,'Baillat',0,2000,0,'Tourné',0,2000,0,'Baillat',0,6000,0,'Tourné',0,2000,0,'Baillat',0,2000,0,'Tourné',0,6100,0,'Baillat',0,2000,0,'Tourné',0,2000,0,'Baillat',0,6000,0,'Tourné',0,1900,0,'Baillat',0,2000,0,'Tourné',0,6000,0,'Baillat',0,2000,0,'Tourné',0,2000,0,'Baillat',0,6000,0,'Tourné',0,2000,0,'Baillat',0,2000,0,'Tourné',0,6000,0,'Baillat',0,2000,0,'Tourné',0,2100,0,'Baillat',0,6100,0,'Tourné',0,2000,0,'Baillat',0,2000,0,'Tourné',0,6000,0,'Baillat',0,2000,0,'Tourné',0,2000,0,'Baillat',0,6000,0,'Tourné',0,1900,0,'Baillat',0,2000,0,'Tourné',0,6000,0,'Baillat',0,1900,0,'Tourné',0,2000,0,'Baillat',0,6000,0,'Tourné',0,2000,0,'Baillat',0
'2409-HIV-25a06H-s-Samedi-00',4000000,64200,0,'Tourné',0,5800,0,'Baillat',0,2700,0,'Tourné',0,2000,0,'Baillat',0,6000,0,'Tourné',0,2000,0,'Baillat',0,2000,0,'Tourné',0,6000,0,'Baillat',0,2000,0,'Tourné',0,2000,0,'Baillat',0,6000,0,'Tourné',0,2000,0,'Baillat',0,2000,0,'Tourné',0,6100,0,'Baillat',0,2000,0,'Tourné',0,2000,0,'Baillat',0,6000,0,'Tourné',0,1900,0,'Baillat',0,2000,0,'Tourné',0,6000,0,'Baillat',0,2000,0,'Tourné',0,2000,0,'Baillat',0,6000,0,'Tourné',0,2000,0,'Baillat',0,2000,0,'Tourné',0,6000,0,'Baillat',0,2000,0,'Tourné',0,2100,0,'Baillat',0,6100,0,'Tourné',0,2000,0,'Baillat',0,2000,0,'Tourné',0,6000,0,'Baillat',0,2000,0,'Tourné',0,2000,0,'Baillat',0,6000,0,'Tourné',0,1900,0,'Baillat',0,2000,0,'Tourné',0,6000,0,'Baillat',0,1900,0,'Tourné',0,2000,0,'Baillat',0,6000,0,'Tourné',0,2000,0,'Baillat',0
'2409-HIV-25a06H-w-Mercredi-01',4000000,64200,0,'Tourné',0,5800,0,'Baillat',0,2700,0,'Tourné',0,2300,0,'Baillat',0,5900,0,'Tourné',0,1900,0,'Baillat',0,2200,0,'Tourné',0,6000,0,'Baillat',0,1700,0,'Tourné',0,1900,0,'Baillat',0,5800,0,'Tourné',0,2000,0,'Baillat',0,2000,0,'Tourné',0,6000,0,'Baillat',0,2000,0,'Tourné',0,2000,0,'Baillat',0,6100,0,'Tourné',0,1900,0,'Baillat',0,2000,0,'Tourné',0,6000,0,'Baillat',0,2000,0,'Tourné',0,2000,0,'Baillat',0,6000,0,'Tourné',0,2000,0,'Baillat',0,2200,0,'Tourné',0,5900,0,'Baillat',0,2200,0,'Tourné',0,1900,0,'Baillat',0,6100,0,'Tourné',0,1900,0,'Baillat',0,2200,0,'Tourné',0,6400,0,'Baillat',0,2100,0,'Tourné',0,2100,0,'Baillat',0,6000,0,'Tourné',0,2000,0,'Baillat',0,1900,0,'Tourné',0,5600,0,'Baillat',0,1900,0,'Tourné',0,2000,0,'Baillat',0,5900,0,'Tourné',0,1900,0,'Baillat',0
'2409-HIV-25a06Hlv-L-Ma-J-V-01',4000000,64200,0,'Tourné',0,5800,0,'Baillat',0,2700,0,'Tourné',0,2300,0,'Baillat',0,5900,0,'Tourné',0,1900,0,'Baillat',0,2200,0,'Tourné',0,6000,0,'Baillat',0,1700,0,'Tourné',0,1900,0,'Baillat',0,5800,0,'Tourné',0,2000,0,'Baillat',0,2000,0,'Tourné',0,6000,0,'Baillat',0,2000,0,'Tourné',0,2000,0,'Baillat',0,6100,0,'Tourné',0,1900,0,'Baillat',0,2000,0,'Tourné',0,6000,0,'Baillat',0,2000,0,'Tourné',0,2000,0,'Baillat',0,6000,0,'Tourné',0,2000,0,'Baillat',0,2200,0,'Tourné',0,5900,0,'Baillat',0,2200,0,'Tourné',0,1900,0,'Baillat',0,6100,0,'Tourné',0,1900,0,'Baillat',0,2200,0,'Tourné',0,6400,0,'Baillat',0,2100,0,'Tourné',0,2100,0,'Baillat',0,6000,0,'Tourné',0,2000,0,'Baillat',0,1900,0,'Tourné',0,5600,0,'Baillat',0,1900,0,'Tourné',0,2000,0,'Baillat',0,5900,0,'Tourné',0,1900,0,'Baillat',0
'2409-HIV-25b17Vlv-Semaine-00',4000000,64200,0,'Tourné',0,5800,0,'Baillat',0,2700,0,'Tourné',0,2000,0,'Baillat',0,6000,0,'Tourné',0,2000,0,'Baillat',0,2000,0,'Tourné',0,6000,0,'Baillat',0,2000,0,'Tourné',0,2000,0,'Baillat',0,6000,0,'Tourné',0,2000,0,'Baillat',0,2000,0,'Tourné',0,6100,0,'Baillat',0,2000,0,'Tourné',0,2000,0,'Baillat',0,6000,0,'Tourné',0,1900,0,'Baillat',0,2000,0,'Tourné',0,6000,0,'Baillat',0,2000,0,'Tourné',0,2000,0,'Baillat',0,6000,0,'Tourné',0,2000,0,'Baillat',0,2000,0,'Tourné',0,6000,0,'Baillat',0,2000,0,'Tourné',0,2100,0,'Baillat',0,6100,0,'Tourné',0,2000,0,'Baillat',0,2000,0,'Tourné',0,6000,0,'Baillat',0,2000,0,'Tourné',0,2000,0,'Baillat',0,6000,0,'Tourné',0,1900,0,'Baillat',0,2000,0,'Tourné',0,6000,0,'Baillat',0,1900,0,'Tourné',0,2000,0,'Baillat',0,6000,0,'Tourné',0,2000,0,'Baillat',0
'2409-HIV-25b24Vlv-Semaine-00',4000000,64200,0,'Tourné',0,5800,0,'Baillat',0,2700,0,'Tourné',0,2000,0,'Baillat',0,6000,0,'Tourné',0,2000,0,'Baillat',0,2000,0,'Tourné',0,6000,0,'Baillat',0,2000,0,'Tourné',0,2000,0,'Baillat',0,6000,0,'Tourné',0,2000,0,'Baillat',0,2000,0,'Tourné',0,6100,0,'Baillat',0,2000,0,'Tourné',0,2000,0,'Baillat',0,6000,0,'Tourné',0,1900,0,'Baillat',0,2000,0,'Tourné',0,6000,0,'Baillat',0,2000,0,'Tourné',0,2000,0,'Baillat',0,6000,0,'Tourné',0,2000,0,'Baillat',0,2000,0,'Tourné',0,6000,0,'Baillat',0,2000,0,'Tourné',0,2100,0,'Baillat',0,6100,0,'Tourné',0,2000,0,'Baillat',0,2000,0,'Tourné',0,6000,0,'Baillat',0,2000,0,'Tourné',0,2000,0,'Baillat',0,6000,0,'Tourné',0,1900,0,'Baillat',0,2000,0,'Tourné',0,6000,0,'Baillat',0,1900,0,'Tourné',0,2000,0,'Baillat',0,6000,0,'Tourné',0,2000,0,'Baillat',0
