1600,'0_6',916,,67350,5,0,25,0,87,,67354,5,,,0,119,,67351,5,0,25,0,127,,67356,5,,,0,62,,67357,5,0,54 55,0,112,,67352,5,,,0,193,,67353,5,0,25,0,92,,67358,5,,,0,137,,67355,5,,,0
1600,'3_1',916,,67410,5,0,25,0,87,,67414,5,,,0,119,,67411,5,0,25,0,127,,67416,5,,,0,62,,67417,5,0,54 55,0,112,,67412,5,,,0,193,,67413,5,0,25,0,92,,67418,5,,,0,137,,67415,5,,,0
1600,'3_3',916,,67420,5,0,25,0,87,,67424,5,,,0,119,,67421,5,0,25,0,127,,67426,5,,,0,62,,67427,5,0,54 55,0,112,,67422,5,,,0,193,,67423,5,0,25,0,92,,67428,5,,,0,137,,67425,5,,,0
1600,'3_4',916,,67430,5,0,25,0,87,,67434,5,,,0,119,,67431,5,0,25,0,127,,67436,5,,,0,62,,67437,5,0,54 55,0,112,,67432,5,,,0,193,,67433,5,0,25,0,92,,67438,5,,,0,137,,67435,5,,,0
1600,'3_5',916,,67440,5,0,25,0,87,,67444,5,,,0,119,,67441,5,0,25,0,127,,67446,5,,,0,62,,67447,5,0,54 55,0,112,,67442,5,,,0,193,,67443,5,0,25,0,92,,67448,5,,,0,137,,67445,5,,,0
1601,'0_6',856,,67449,14,,,0,87,,67450,7,,,0,159,,67451,14,,,0,125,,67454,19,,,0,174,,67452,14,,,0,138,,67455,14,,,0,107,,67456,7,,,0,175,,67453,14,,,0
1601,'3_1',856,,67497,14,,,0,87,,67498,7,,,0,159,,67499,14,,,0,125,,67502,19,,,0,174,,67500,14,,,0,138,,67503,14,,,0,107,,67504,7,,,0,175,,67501,14,,,0
1601,'3_3',856,,67505,14,,,0,87,,67506,7,,,0,159,,67507,14,,,0,125,,67510,19,,,0,174,,67508,14,,,0,138,,67511,14,,,0,107,,67512,7,,,0,175,,67509,14,,,0
1601,'3_4',856,,67513,14,,,0,87,,67514,7,,,0,159,,67515,14,,,0,125,,67518,19,,,0,174,,67516,14,,,0,138,,67519,14,,,0,107,,67520,7,,,0,175,,67517,14,,,0
1601,'3_5',856,,67521,14,,,0,87,,67522,7,,,0,159,,67523,14,,,0,125,,67526,19,,,0,174,,67524,14,,,0,138,,67527,14,,,0,107,,67528,7,,,0,175,,67525,14,,,0
2100,'3_1',1648,,67540,5,,,0
2100,'3_3',1648,,67541,5,,,0
2100,'3_4',1648,,67542,5,,,0
2101,'3_1',748,,67560,4,,,0
2101,'3_3',748,,67562,4,,,0
2101,'3_4',748,,67564,4,,,0
2101,'3_5',748,,67566,4,,,0
