400,'1_3',734,,48708,30,0,43,0,15,,48716,30,0,40,0,56,,48686,30,0,40,0,13,,48687,30,0,40,0,16,,48710,30,0,40,0,14,,48688,30,0,40,0,53,,48689,30,0,40,0,30,,48690,30,0,40,0,80,,48691,42,0,40,0,31,,48692,30,0,40,0,70,,48693,30,0,40,0,35,,48694,30,0,40,0,77,,48695,30,0,40,0,22,,48714,30,,,0,65,,48711,42,0,40,0,31,,48696,30,0,40,0,67,,48697,30,0,40,0,28,,48700,42,0,40,0,75,,48698,30,0,40,0,31,,48701,42,0,40,0,77,,48699,30,0,40,0,30,,48717,30,0,40,0,66,,48702,14,0,40,0,5,,48712,42,0,40,0,14,,48703,30,0,40,0,15,,48718,30,,,0,55,,48704,42,0,40,0,23,,48705,30,0,40,0,18,,48715,30,,,0,74,,48706,30,0,40,0,25,,48707,42,0,40,0
400,'2_6',731,,31221,30,0,40,0,105,,31222,30,0,40,0,73,,31215,42,0,40,0,27,,31223,30,0,40,0,72,,31224,30,0,40,0,30,,31225,30,0,40,0,71,,31216,42,0,40,0,31,,31226,30,0,40,0,69,,31228,30,0,40,0,30,,31227,30,0,40,0,69,,31217,42,0,40,0,31,,31229,30,0,40,0,70,,31230,30,0,40,0,29,,31231,30,0,40,0,73,,31218,42,0,40,0,32,,31232,30,0,40,0,69,,31233,30,0,40,0,30,,31234,30,0,40,0,73,,31219,42,0,40,0,34,,31235,30,0,40,0,70,,31236,30,0,40,0,31,,31237,30,0,40,0,69,,31220,42,0,40,0,31,,31238,30,0,40,0
400,'3_7',930,,31239,30,0,40,0,100,,31240,30,0,40,0,100,,31241,30,0,40,0,100,,31242,30,0,40,0,100,,31243,30,0,40,0,100,,31244,30,0,40,0,100,,31245,30,0,40,0,100,,31246,30,0,40,0,100,,31247,30,0,40,0,100,,31248,30,0,40,0
400,'4_7',930,,46882,30,0,40,0,100,,46883,30,0,40,0,100,,46884,30,0,40,0,100,,46885,30,0,40,0,100,,46886,30,0,40,0,100,,46887,30,0,40,0,100,,46888,30,0,40,0,100,,46889,30,0,40,0,100,,46890,30,0,40,0,100,,46891,30,0,40,0
400,'7_1',734,,46915,30,0,43,0,15,,46923,30,0,40,0,56,,46892,30,0,40,0,13,,46893,30,0,40,0,16,,46917,30,0,40,0,14,,46894,30,0,40,0,53,,46895,30,0,40,0,30,,46896,30,0,40,0,80,,46897,42,0,40,0,31,,46898,30,0,40,0,70,,46899,30,0,40,0,35,,46900,30,0,40,0,77,,46901,30,0,40,0,22,,46921,30,,,0,65,,46918,42,0,40,0,31,,46902,30,0,40,0,67,,46903,30,0,40,0,28,,46906,42,0,40,0,75,,46904,30,0,40,0,31,,46907,42,0,40,0,77,,46905,30,0,40,0,30,,46924,30,0,40,0,66,,46908,14,0,40,0,5,,46919,42,0,40,0,14,,46909,30,0,40,0,15,,46925,30,,,0,55,,46910,42,0,40,0,23,,46914,14,0,40,0,18,,46922,30,,,0,74,,46912,30,0,40,0,25,,46913,42,0,40,0
400,'7_2',734,,48742,30,0,43,0,15,,48750,30,0,40,0,56,,48719,30,0,40,0,13,,48720,30,0,40,0,16,,48744,30,0,40,0,14,,48721,30,0,40,0,53,,48722,30,0,40,0,30,,48723,30,0,40,0,80,,48724,42,0,40,0,31,,48725,30,0,40,0,70,,48726,30,0,40,0,35,,48727,30,0,40,0,77,,48728,30,0,40,0,22,,48748,30,,,0,65,,48745,42,0,40,0,31,,48729,30,0,40,0,67,,48730,30,0,40,0,28,,48733,42,0,40,0,75,,48731,30,0,40,0,31,,48734,42,0,40,0,77,,48732,30,0,40,0,30,,48751,30,0,40,0,66,,48735,14,0,40,0,5,,48746,42,0,40,0,14,,48736,30,0,40,0,15,,48752,30,,,0,55,,48737,42,0,40,0,23,,48741,14,0,40,0,18,,48749,30,,,0,74,,48739,30,0,40,0,25,,48740,42,0,40,0
400,'7_4',734,,48776,30,0,43,0,15,,48784,30,0,40,0,56,,48753,30,0,40,0,13,,48754,30,0,40,0,16,,48778,30,0,40,0,14,,48755,30,0,40,0,53,,48756,30,0,40,0,30,,48757,30,0,40,0,80,,48758,42,0,40,0,31,,48759,30,0,40,0,70,,48760,30,0,40,0,35,,48761,30,0,40,0,77,,48762,30,0,40,0,22,,48782,30,,,0,65,,48779,42,0,40,0,31,,48763,30,0,40,0,67,,48764,30,0,40,0,28,,48767,42,0,40,0,75,,48765,30,0,40,0,31,,48768,42,0,40,0,77,,48766,30,0,40,0,30,,48785,30,0,40,0,66,,48769,14,0,40,0,5,,48780,42,0,40,0,14,,48770,30,0,40,0,15,,48786,30,,,0,55,,48771,42,0,40,0,23,,48775,14,0,40,0,18,,48783,30,,,0,74,,48773,30,0,40,0,25,,48774,42,0,40,0
400,'8_7',930,,51936,30,0,40,0,100,,51937,30,0,40,0,100,,51938,30,0,40,0,100,,51939,30,0,40,0,100,,51940,30,0,40,0,100,,51941,30,0,40,0,100,,51942,30,0,40,0,100,,51943,30,0,40,0,100,,51944,30,0,40,0,100,,51945,30,0,40,0
400,'9_7',930,,52163,30,0,40,0,100,,52164,30,0,40,0,100,,52165,30,0,40,0,100,,52166,30,0,40,0,100,,52167,30,0,40,0,100,,52168,30,0,40,0,100,,52169,30,0,40,0,100,,52170,30,0,40,0,100,,52171,30,0,40,0,100,,52172,30,0,40,0
2300,'1_3',1218,,49781,11,,,0,3,,49780,11,,,0
2300,'7_1',1612,,47270,11,,,0,103,,47271,11,,,0,98,,47272,11,,,0
2300,'7_2',1612,,49782,11,,,0,103,,49783,11,,,0,98,,49784,11,,,0
2300,'7_4',1612,,49785,11,,,0,103,,49786,11,,,0,98,,49787,11,,,0
