1000,'0_6',950,,66750,30,,,0,83,,66753,31,,,0,225,,66754,31,,,0,288,,66751,30,,,0,171,,66746,31,,,0,207,,66752,30,,,0
1000,'3_1',908,,66827,29,0,18 30,0,151,,66833,29,0,18 30,0,249,,66834,29,0,18 30,0,208,,66830,30,,,0,208,,66831,30,,,0,225,,66832,30,0,18 30,0
1000,'3_3',908,,66840,29,0,18 30,0,151,,66846,29,0,18 30,0,249,,66847,29,0,18 30,0,208,,66843,30,,,0,208,,66844,30,,,0,225,,66845,30,0,18 30,0
1000,'3_4',908,,66853,29,0,18 30,0,151,,66859,29,0,18 30,0,249,,66860,29,0,18 30,0,208,,66856,30,,,0,208,,66857,30,,,0,225,,66858,30,0,18 30,0
1000,'3_5',908,,66866,29,0,18 30,0,151,,66872,29,0,18 30,0,249,,66873,29,0,18 30,0,208,,66869,30,,,0,208,,66870,30,,,0,225,,66871,30,0,18 30,0
1000,'4_7',908,,66879,29,0,18 30,0,151,,66885,29,0,18 30,0,249,,66886,29,0,18 30,0,208,,66882,30,,,0,208,,66883,30,,,0,225,,66884,30,0,18 30,0
1100,'0_6',658,,67029,15,,,0,160,,67030,15,,,0,905,,67031,15,,,0,119,,67032,15,,,0
1100,'3_1',658,,67053,15,,,0,160,,67054,15,,,0,905,,67055,15,,,0,119,,67056,15,,,0
1100,'3_3',658,,67057,15,,,0,160,,67058,15,,,0,905,,67059,15,,,0,119,,67060,15,,,0
1100,'3_4',658,,67061,15,,,0,160,,67062,15,,,0,905,,67063,15,,,0,119,,67064,15,,,0
1100,'3_5',658,,67065,15,,,0,160,,67066,15,,,0,905,,67067,15,,,0,119,,67068,15,,,0
