'2409-HIV-24i02H-d-Dimanche-00',2000,95400,4,'',0,90400,4,'',0
'2409-HIV-24i02H-w-Mercredi-00',2000,171600,4,'',0,10600,4,'',0,9000,4,'',0
'2409-HIV-24i02H-w-Mercredi-00-0010000',2000,131500,4,'',0
'2409-HIV-24i02Hlv-L-Ma-J-V-00',2000,171600,4,'',0,10600,4,'',0,9000,4,'',0
'2409-HIV-24i09H-d-Dimanche-00',2000,95400,4,'',0,90400,4,'',0
'2409-HIV-24i12Hlv-L-Ma-J-V-00',2000,171600,4,'',0,10600,4,'',0,9000,4,'',0
'2409-HIV-24j06H-d-Dimanche-00',2000,95400,4,'',0,90400,4,'',0
'2409-HIV-24j26H-d-Dimanche-00',2000,95400,4,'',0,90400,4,'',0
'2409-HIV-S24i02-w-Mercredi-00-0010000',13901,130500,4,'',0
'2409-HIV-S24i02lv-L-Ma-J-V-00-1101100',13901,170100,4,'',0,10400,4,'',0,10000,4,'',0
'2409-HIV-S24i02-w-Mercredi-00-0010000',15001,133100,4,'',0
'2409-HIV-S24i02lv-L-Ma-J-V-00-1101100',15001,190600,4,'',0
