700,'0_6',725,,66037,16,,,0,110,,66038,16,,,0,110,,66039,16,,,0,110,,66040,16,,,0,150,,66041,16,,,0,110,,66042,16,,,0,110,,66043,16,,,0,110,,66044,16,,,0,110,,66045,16,,,0,110,,66035,16,,,0,150,,66036,16,,,0
700,'3_1',726,,66101,16,,,0,110,,66103,16,,,0,110,,66104,16,,,0,110,,66105,16,,,0,150,,66106,16,,,0,110,,66107,16,,,0,110,,66108,16,,,0,110,,66109,16,,,0,112,,66110,16,,,0,109,,66111,16,,,0,148,,66102,16,,,0
700,'3_3',726,,66112,16,,,0,110,,66114,16,,,0,110,,66115,16,,,0,110,,66116,16,,,0,150,,66117,16,,,0,110,,66118,16,,,0,110,,66119,16,,,0,110,,66120,16,,,0,112,,66121,16,,,0,109,,66122,16,,,0,148,,66113,16,,,0
700,'3_4',726,,66123,16,,,0,110,,66125,16,,,0,110,,66126,16,,,0,110,,66127,16,,,0,150,,66128,16,,,0,110,,66129,16,,,0,110,,66130,16,,,0,110,,66131,16,,,0,112,,66132,16,,,0,109,,66133,16,,,0,148,,66124,16,,,0
700,'3_5',726,,66134,16,,,0,110,,66136,16,,,0,110,,66137,16,,,0,110,,66138,16,,,0,150,,66139,16,,,0,110,,66140,16,,,0,110,,66141,16,,,0,110,,66142,16,,,0,112,,66143,16,,,0,109,,66144,16,,,0,148,,66135,16,,,0
901500,'0_6',843,,68498,5,,,0,60,,68499,5,,,0,20,,68500,5,,,0,20,,68501,5,,,0,60,,68502,5,,,0,20,,68503,5,,,0,20,,68504,5,,,0,60,,68505,5,,,0,20,,68506,5,,,0,20,,68507,5,,,0,60,,68508,5,,,0,20,,68509,5,,,0,20,,68510,5,,,0,60,,68511,5,,,0,20,,68512,5,,,0,20,,68513,5,,,0,60,,68514,5,,,0,20,,68515,5,,,0,20,,68516,5,,,0,80,,68517,5,,,0,20,,68518,5,,,0,60,,68519,5,,,0,20,,68520,5,,,0,20,,68521,5,,,0,60,,68522,5,,,0,20,,68523,5,,,0,20,,68524,5,,,0,60,,68525,5,,,0,20,,68526,5,,,0,20,,68527,5,,,0,60,,68528,5,,,0,20,,68529,5,,,0
901500,'3_1',843,,68690,5,,,0,60,,68691,5,,,0,20,,68692,5,,,0,20,,68693,5,,,0,60,,68694,5,,,0,20,,68695,5,,,0,20,,68696,5,,,0,60,,68697,5,,,0,20,,68698,5,,,0,20,,68699,5,,,0,60,,68700,5,,,0,20,,68701,5,,,0,20,,68702,5,,,0,60,,68703,5,,,0,20,,68704,5,,,0,20,,68705,5,,,0,60,,68706,5,,,0,20,,68707,5,,,0,20,,68708,5,,,0,80,,68709,5,,,0,20,,68710,5,,,0,60,,68711,5,,,0,20,,68712,5,,,0,20,,68713,5,,,0,60,,68714,5,,,0,20,,68715,5,,,0,20,,68716,5,,,0,60,,68717,5,,,0,20,,68718,5,,,0,20,,68719,5,,,0,60,,68720,5,,,0,20,,68721,5,,,0
901500,'3_3',843,,68722,5,,,0,60,,68723,5,,,0,20,,68724,5,,,0,20,,68725,5,,,0,60,,68726,5,,,0,20,,68727,5,,,0,20,,68728,5,,,0,60,,68729,5,,,0,20,,68730,5,,,0,20,,68731,5,,,0,60,,68732,5,,,0,20,,68733,5,,,0,20,,68734,5,,,0,60,,68735,5,,,0,20,,68736,5,,,0,20,,68737,5,,,0,60,,68738,5,,,0,20,,68739,5,,,0,20,,68740,5,,,0,80,,68741,5,,,0,20,,68742,5,,,0,60,,68743,5,,,0,20,,68744,5,,,0,20,,68745,5,,,0,60,,68746,5,,,0,20,,68747,5,,,0,20,,68748,5,,,0,60,,68749,5,,,0,20,,68750,5,,,0,20,,68751,5,,,0,60,,68752,5,,,0,20,,68753,5,,,0
901500,'3_4',843,,68754,5,,,0,60,,68755,5,,,0,20,,68756,5,,,0,20,,68757,5,,,0,60,,68758,5,,,0,20,,68759,5,,,0,20,,68760,5,,,0,60,,68761,5,,,0,20,,68762,5,,,0,20,,68763,5,,,0,60,,68764,5,,,0,20,,68765,5,,,0,20,,68766,5,,,0,60,,68767,5,,,0,20,,68768,5,,,0,20,,68769,5,,,0,60,,68770,5,,,0,20,,68771,5,,,0,20,,68772,5,,,0,80,,68773,5,,,0,20,,68774,5,,,0,60,,68775,5,,,0,20,,68776,5,,,0,20,,68777,5,,,0,60,,68778,5,,,0,20,,68779,5,,,0,20,,68780,5,,,0,60,,68781,5,,,0,20,,68782,5,,,0,20,,68783,5,,,0,60,,68784,5,,,0,20,,68785,5,,,0
901500,'3_5',843,,68786,5,,,0,60,,68787,5,,,0,20,,68788,5,,,0,20,,68789,5,,,0,60,,68790,5,,,0,20,,68791,5,,,0,20,,68792,5,,,0,60,,68793,5,,,0,20,,68794,5,,,0,20,,68795,5,,,0,60,,68796,5,,,0,20,,68797,5,,,0,20,,68798,5,,,0,60,,68799,5,,,0,20,,68800,5,,,0,20,,68801,5,,,0,60,,68802,5,,,0,20,,68803,5,,,0,20,,68804,5,,,0,80,,68805,5,,,0,20,,68806,5,,,0,60,,68807,5,,,0,20,,68808,5,,,0,20,,68809,5,,,0,60,,68810,5,,,0,20,,68811,5,,,0,20,,68812,5,,,0,60,,68813,5,,,0,20,,68814,5,,,0,20,,68815,5,,,0,60,,68816,5,,,0,20,,68817,5,,,0
