600,'1_3',713,,48968,22,,,0,20,,48982,22,0,11 12,0,93,,48969,22,,,0,110,,48970,22,0,11 12,0,101,,48971,22,0,11 12,0,90,,48972,22,0,11 12,0,110,,48973,22,0,11 12,0,107,,48974,22,0,11 12,0,97,,48983,22,0,11 12,0,92,,48975,22,0,11 12,0,97,,48976,22,0,11 12,0,83,,48977,22,0,11 12,0,41,,48978,22,0,11 12,0,74,,48979,22,0,11 12,0,31,,48980,22,0,11 12,0,80,,48981,22,0,11 12,0
600,'2_6',801,,31710,22,0,11 12,0,54,,31712,22,0,11 12,0,93,,31713,22,0,11 12,0,87,,31714,22,0,11 12,0,90,,31715,22,0,11 12,0,88,,31716,22,0,11 12,0,88,,31717,22,0,11 12,0,50,,31718,22,0,11 12,0,87,,31719,22,0,11 12,0,99,,31720,22,0,11 12,0,90,,31721,22,0,11 12,0,91,,31722,22,0,11 12,0,90,,31723,22,0,11 12,0,94,,31724,22,0,11 12,0,41,,31711,22,0,11 12,0
600,'7_1',713,,46997,22,,,0,20,,47011,22,0,11 12,0,93,,46998,22,,,0,110,,46999,22,0,11 12,0,101,,47000,22,0,11 12,0,90,,47001,22,0,11 12,0,110,,47002,22,0,11 12,0,107,,47003,22,0,11 12,0,97,,47012,22,0,11 12,0,92,,47004,22,0,11 12,0,97,,47005,22,0,11 12,0,83,,47006,22,0,11 12,0,41,,47007,22,0,11 12,0,74,,47008,22,0,11 12,0,31,,47009,22,0,11 12,0,80,,47010,22,0,11 12,0
600,'7_2',713,,48984,22,,,0,20,,48998,22,0,11 12,0,93,,48985,22,,,0,110,,48986,22,0,11 12,0,101,,48987,22,0,11 12,0,90,,48988,22,0,11 12,0,110,,48989,22,0,11 12,0,107,,48990,22,0,11 12,0,97,,48999,22,0,11 12,0,92,,48991,22,0,11 12,0,97,,48992,22,0,11 12,0,83,,48993,22,0,11 12,0,41,,48994,22,0,11 12,0,74,,48995,22,0,11 12,0,31,,48996,22,0,11 12,0,80,,48997,22,0,11 12,0
600,'7_4',713,,49000,22,,,0,20,,49014,22,0,11 12,0,93,,49001,22,,,0,110,,49002,22,0,11 12,0,101,,49003,22,0,11 12,0,90,,49004,22,0,11 12,0,110,,49005,22,0,11 12,0,107,,49006,22,0,11 12,0,97,,49015,22,0,11 12,0,92,,49007,22,0,11 12,0,97,,49008,22,0,11 12,0,83,,49009,22,0,11 12,0,41,,49010,22,0,11 12,0,74,,49011,22,0,11 12,0,31,,49012,22,0,11 12,0,80,,49013,22,0,11 12,0
900,'1_3',710,,49212,23,,,0,28,,49213,23,,,0,81,,49217,29,,,0,21,,49218,20,,,0,4,,49219,30,,,0,84,,49214,23,,,0,90,,49220,30,,,0,189,,49222,26,,,0,102,,49223,26,,,0,31,,49215,23,,,0,172,,49226,31,,,0,44,,49224,26,,,0,151,,49225,26,,,0,31,,49216,23,,,0,166,,49227,31,,,0
900,'2_6',717,,32184,26,,,0,100,,32185,26,,,0,315,,32186,26,,,0,324,,32187,26,,,0,90,,32182,20,,,0,98,,32193,20,,,0,174,,32188,27,,,0,92,,32189,26,,,0
900,'7_1',710,,47079,23,,,0,28,,47080,23,,,0,81,,47084,29,,,0,21,,47085,20,,,0,4,,47086,30,,,0,84,,47081,23,,,0,90,,47087,30,,,0,189,,47089,26,,,0,102,,47090,26,,,0,31,,47082,23,,,0,172,,47093,31,,,0,44,,47091,26,,,0,151,,47092,26,,,0,31,,47083,23,,,0,166,,47094,31,,,0
900,'7_2',710,,49231,23,,,0,28,,49232,23,,,0,81,,49236,29,,,0,21,,49237,20,,,0,4,,49238,30,,,0,84,,49233,23,,,0,90,,49239,30,,,0,189,,49241,26,,,0,102,,49242,26,,,0,31,,49234,23,,,0,172,,49245,31,,,0,44,,49243,26,,,0,151,,49244,26,,,0,31,,49235,23,,,0,166,,49246,31,,,0
900,'7_4',710,,49250,23,,,0,28,,49251,23,,,0,81,,49255,29,,,0,21,,49256,20,,,0,4,,49257,30,,,0,84,,49252,23,,,0,90,,49258,30,,,0,189,,49260,26,,,0,102,,49261,26,,,0,31,,49253,23,,,0,172,,49264,31,,,0,44,,49262,26,,,0,151,,49263,26,,,0,31,,49254,23,,,0,166,,49265,31,,,0
1900,'1_3',739,,49657,25,,,0,105,,49662,25,,,0,583,,49661,25,,,0,390,,49658,25,,,0
1900,'7_1',739,,47229,25,,,0,105,,47233,25,,,0,973,,47230,25,,,0
1900,'7_2',739,,49666,25,,,0,105,,49670,25,,,0,973,,49667,25,,,0
1900,'7_4',739,,49674,25,,,0,105,,49678,25,,,0,973,,49675,25,,,0
2600,'1_3',653,,49895,5,,,0,51,,49906,5,,,0,45,,49907,5,,,0,56,,49908,5,,,0,44,,49909,5,,,0,69,,49910,5,,,0,96,,49896,5,,,0,99,,49897,5,,,0,93,,49913,5,0,47,0,2,,49917,5,0,47,0,2,,49898,5,,,0,28,,49899,5,,,0,69,,49914,5,,,0,95,,49915,5,,,0,111,,49900,5,,,0,45,,49901,5,,,0,65,,49911,5,,,0,30,,49912,5,,,0,60,,49902,5,,,0,30,,49903,5,,,0,74,,49904,5,,,0,30,,49916,5,,,0
2600,'2_6',715,,33480,5,,,0,85,,33481,5,,,0,44,,33482,5,,,0,85,,33483,5,,,0,84,,33484,5,,,0,90,,33485,5,,,0,44,,33486,5,,,0,82,,33487,5,,,0,84,,33488,5,,,0,45,,33489,5,,,0,83,,33490,5,,,0,86,,33491,5,,,0,90,,33492,5,,,0,87,,33493,5,,,0,43,,33494,5,,,0,85,,33495,5,,,0,84,,33496,5,,,0
2600,'7_1',653,,47310,5,,,0,51,,47321,5,,,0,45,,47322,5,,,0,56,,47323,5,,,0,44,,47324,5,,,0,69,,47325,5,,,0,96,,47311,5,,,0,99,,47312,5,,,0,93,,47328,5,0,47,0,2,,47333,5,0,47,0,2,,47313,5,,,0,28,,47314,5,,,0,69,,47329,5,,,0,95,,47330,5,,,0,111,,47315,5,,,0,26,,47320,5,0,48,0,19,,47316,5,,,0,65,,47326,5,,,0,30,,47327,5,,,0,60,,47317,5,,,0,10,,47331,5,0,48,0,20,,47318,5,,,0,74,,47319,5,,,0,30,,47332,5,,,0
2600,'7_2',653,,49918,5,,,0,51,,49929,5,,,0,45,,49930,5,,,0,56,,49931,5,,,0,44,,49932,5,,,0,69,,49933,5,,,0,96,,49919,5,,,0,99,,49920,5,,,0,93,,49936,5,0,47,0,2,,49941,5,0,47,0,2,,49921,5,,,0,28,,49922,5,,,0,69,,49937,5,,,0,95,,49938,5,,,0,111,,49923,5,,,0,26,,49942,5,0,48,0,19,,49924,5,,,0,65,,49934,5,,,0,30,,49935,5,,,0,60,,49925,5,,,0,10,,49939,5,0,48,0,20,,49926,5,,,0,74,,49927,5,,,0,30,,49940,5,,,0
2600,'7_4',653,,49943,5,,,0,51,,49954,5,,,0,45,,49955,5,,,0,56,,49956,5,,,0,44,,49957,5,,,0,69,,49958,5,,,0,96,,49944,5,,,0,99,,49945,5,,,0,93,,49961,5,0,47,0,2,,49966,5,0,47,0,2,,49946,5,,,0,28,,49947,5,,,0,69,,49962,5,,,0,95,,49963,5,,,0,111,,49948,5,,,0,26,,49953,5,0,48,0,19,,49949,5,,,0,65,,49959,5,,,0,30,,49960,5,,,0,60,,49950,5,,,0,10,,49964,5,0,48,0,20,,49951,5,,,0,74,,49952,5,,,0,30,,49965,5,,,0
