900300,'1_3',715,,50037,2,,,0,20,,50038,2,,,0,65,,50039,2,,,0,30,,50040,2,,,0,70,,50041,2,,,0,30,,50042,2,,,0,70,,50043,2,,,0,30,,50044,2,,,0,70,,50045,2,,,0,30,,50046,2,,,0,70,,50047,2,,,0,30,,50048,2,,,0,70,,50049,2,,,0,30,,50050,2,,,0,70,,50051,2,,,0,30,,50052,2,,,0,70,,50053,2,,,0,30,,50054,2,,,0,70,,50055,2,,,0,30,,50056,2,,,0,70,,50057,2,,,0,30,,50058,2,,,0,70,,50059,2,,,0,30,,50060,2,,,0,20,,50061,2,,,0,60,,50062,2,0,14,0
900300,'7_1',715,,47358,2,,,0,20,,47359,2,,,0,65,,47360,2,,,0,30,,47361,2,,,0,70,,47362,2,,,0,30,,47363,2,,,0,70,,47364,2,,,0,30,,47365,2,,,0,70,,47366,2,,,0,30,,47367,2,,,0,70,,47368,2,,,0,30,,47369,2,,,0,70,,47370,2,,,0,30,,47371,2,,,0,70,,47372,2,,,0,30,,47373,2,,,0,70,,47374,2,,,0,30,,47375,2,,,0,70,,47376,2,,,0,30,,47377,2,,,0,70,,47378,2,,,0,30,,47379,2,,,0,70,,47380,2,,,0,30,,47381,2,,,0,20,,47382,2,,,0,60,,47383,2,0,14,0
900300,'7_2',715,,50063,2,,,0,20,,50064,2,,,0,65,,50065,2,,,0,30,,50066,2,,,0,70,,50067,2,,,0,30,,50068,2,,,0,70,,50069,2,,,0,30,,50070,2,,,0,70,,50071,2,,,0,30,,50072,2,,,0,70,,50073,2,,,0,30,,50074,2,,,0,70,,50075,2,,,0,30,,50076,2,,,0,70,,50077,2,,,0,30,,50078,2,,,0,70,,50079,2,,,0,30,,50080,2,,,0,70,,50081,2,,,0,30,,50082,2,,,0,70,,50083,2,,,0,30,,50084,2,,,0,70,,50085,2,,,0,30,,50086,2,,,0,20,,50087,2,,,0,60,,50088,2,0,14,0
900300,'7_4',715,,50089,2,,,0,20,,50090,2,,,0,65,,50091,2,,,0,30,,50092,2,,,0,70,,50093,2,,,0,30,,50094,2,,,0,70,,50095,2,,,0,30,,50096,2,,,0,70,,50097,2,,,0,30,,50098,2,,,0,70,,50099,2,,,0,30,,50100,2,,,0,70,,50101,2,,,0,30,,50102,2,,,0,70,,50103,2,,,0,30,,50104,2,,,0,70,,50105,2,,,0,30,,50106,2,,,0,70,,50107,2,,,0,30,,50108,2,,,0,70,,50109,2,,,0,30,,50110,2,,,0,70,,50111,2,,,0,30,,50112,2,,,0,20,,50113,2,,,0,60,,50114,2,0,14,0
3000000,'1_3',654,,51336,24,,,0,60,,51335,24,,,0,22,,51340,9,0,14,0,4,,51295,24,,,0,9,,51337,9,0,14,0,51,,51296,24,,,0,7,,51338,9,0,14,0,10,,51297,24,,,0,8,,51339,9,0,14,0,13,,51298,24,,,0,20,,51299,24,,,0,62,,51300,24,,,0,19,,51301,24,,,0,20,,51302,24,,,0,61,,51303,24,,,0,17,,51304,24,,,0,22,,51305,24,,,0,60,,51306,24,,,0,19,,51307,24,,,0,62,,51308,24,,,0,21,,51309,24,,,0,19,,51310,24,,,0,60,,51311,24,,,0,19,,51312,24,,,0,21,,51313,24,,,0,19,,51314,24,,,0,59,,51315,24,,,0,21,,51316,24,,,0,20,,51317,24,,,0,62,,51318,24,,,0,19,,51319,24,,,0,19,,51320,24,,,0,61,,51321,24,,,0,16,,51322,24,,,0,20,,51323,24,,,0,65,,51324,24,,,0,19,,51325,24,,,0,19,,51326,24,,,0,58,,51327,24,,,0,19,,51328,24,,,0,19,,51329,24,,,0,60,,51330,24,,,0,19,,51331,24,,,0,70,,51332,24,,,0,32,,51333,24,,,0,72,,51334,24,,,0
3000000,'2_6',657,,36384,24,,,0,83,,36385,24,,,0,82,,36386,24,,,0,30,,36387,24,,,0,60,,36388,24,,,0,20,,36389,24,,,0,21,,36390,24,,,0,60,,36391,24,,,0,20,,36392,24,,,0,20,,36393,24,,,0,61,,36394,24,,,0,19,,36395,24,,,0,20,,36396,24,,,0,61,,36397,24,,,0,19,,36398,24,,,0,19,,36399,24,,,0,59,,36400,24,,,0,20,,36401,24,,,0,21,,36402,24,,,0,59,,36403,24,,,0,21,,36404,24,,,0,20,,36405,24,,,0,61,,36406,24,,,0,20,,36407,24,,,0,20,,36408,24,,,0,60,,36409,24,,,0,20,,36410,24,,,0,21,,36411,24,,,0,60,,36412,24,,,0,20,,36413,24,,,0,20,,36414,24,,,0,60,,36415,24,,,0,19,,36416,24,,,0,18,,36417,24,,,0,59,,36418,24,,,0,30,,36419,24,,,0,70,,36420,24,,,0,29,,36421,24,,,0,69,,36422,24,,,0
3000000,'3_7',819,,36423,24,,,0,130,,36424,24,,,0,170,,36425,24,,,0,130,,36426,24,,,0,170,,36427,24,,,0,130,,36428,24,,,0,170,,36429,24,,,0,129,,36430,24,,,0,170,,36431,24,,,0
3000000,'4_7',819,,47850,24,,,0,130,,47851,24,,,0,170,,47858,24,,,0,130,,47857,24,,,0,170,,47856,24,,,0,130,,47854,24,,,0,100,,47864,9,0,14,0,70,,47855,24,,,0,30,,47849,9,0,14,0,70,,47859,9,0,14,0,29,,47853,24,,,0,71,,47860,9,0,14,0,30,,47861,9,0,14,0,69,,47852,24,,,0,31,,47863,9,0,14,0,70,,47862,9,0,14,0
3000000,'7_1',654,,47906,24,,,0,60,,47905,24,,,0,22,,47910,9,0,14,0,4,,47865,24,,,0,9,,47907,9,0,14,0,51,,47866,24,,,0,7,,47908,9,0,14,0,10,,47867,24,,,0,8,,47909,9,0,14,0,13,,47868,24,,,0,20,,47869,24,,,0,62,,47870,24,,,0,19,,47871,24,,,0,20,,47872,24,,,0,61,,47873,24,,,0,17,,47874,24,,,0,22,,47875,24,,,0,60,,47876,24,,,0,19,,47877,24,,,0,62,,47878,24,,,0,21,,47879,24,,,0,19,,47880,24,,,0,60,,47881,24,,,0,19,,47882,24,,,0,21,,47883,24,,,0,19,,47884,24,,,0,59,,47885,24,,,0,21,,47886,24,,,0,20,,47887,24,,,0,62,,47888,24,,,0,19,,47889,24,,,0,19,,47890,24,,,0,61,,47891,24,,,0,16,,47892,24,,,0,20,,47893,24,,,0,65,,47894,24,,,0,19,,47895,24,,,0,19,,47896,24,,,0,58,,47897,24,,,0,19,,47898,24,,,0,19,,47899,24,,,0,60,,47900,24,,,0,19,,47901,24,,,0,70,,47902,24,,,0,32,,47903,24,,,0,72,,47904,24,,,0
3000000,'7_2',654,,51382,24,,,0,60,,51381,24,,,0,22,,51386,9,0,14,0,4,,51341,24,,,0,9,,51383,9,0,14,0,51,,51342,24,,,0,7,,51384,9,0,14,0,10,,51343,24,,,0,8,,51385,9,0,14,0,13,,51344,24,,,0,20,,51345,24,,,0,62,,51346,24,,,0,19,,51347,24,,,0,20,,51348,24,,,0,61,,51349,24,,,0,17,,51350,24,,,0,22,,51351,24,,,0,60,,51352,24,,,0,19,,51353,24,,,0,62,,51354,24,,,0,21,,51355,24,,,0,19,,51356,24,,,0,60,,51357,24,,,0,19,,51358,24,,,0,21,,51359,24,,,0,19,,51360,24,,,0,59,,51361,24,,,0,21,,51362,24,,,0,20,,51363,24,,,0,62,,51364,24,,,0,19,,51365,24,,,0,19,,51366,24,,,0,61,,51367,24,,,0,16,,51368,24,,,0,20,,51369,24,,,0,65,,51370,24,,,0,19,,51371,24,,,0,19,,51372,24,,,0,58,,51373,24,,,0,19,,51374,24,,,0,19,,51375,24,,,0,60,,51376,24,,,0,19,,51377,24,,,0,70,,51378,24,,,0,32,,51379,24,,,0,72,,51380,24,,,0
3000000,'7_4',654,,51428,24,,,0,60,,51427,24,,,0,22,,51432,9,0,14,0,4,,51387,24,,,0,9,,51429,9,0,14,0,51,,51388,24,,,0,7,,51430,9,0,14,0,10,,51389,24,,,0,8,,51431,9,0,14,0,13,,51390,24,,,0,20,,51391,24,,,0,62,,51392,24,,,0,19,,51393,24,,,0,20,,51394,24,,,0,61,,51395,24,,,0,17,,51396,24,,,0,22,,51397,24,,,0,60,,51398,24,,,0,19,,51399,24,,,0,62,,51400,24,,,0,21,,51401,24,,,0,19,,51402,24,,,0,60,,51403,24,,,0,19,,51404,24,,,0,21,,51405,24,,,0,19,,51406,24,,,0,59,,51407,24,,,0,21,,51408,24,,,0,20,,51409,24,,,0,62,,51410,24,,,0,19,,51411,24,,,0,19,,51412,24,,,0,61,,51413,24,,,0,16,,51414,24,,,0,20,,51415,24,,,0,65,,51416,24,,,0,19,,51417,24,,,0,19,,51418,24,,,0,58,,51419,24,,,0,19,,51420,24,,,0,19,,51421,24,,,0,60,,51422,24,,,0,19,,51423,24,,,0,70,,51424,24,,,0,32,,51425,24,,,0,72,,51426,24,,,0
3000000,'8_7',819,,52029,24,,,0,130,,52030,24,,,0,170,,52037,24,,,0,130,,52036,24,,,0,170,,52035,24,,,0,130,,52033,24,,,0,100,,52043,9,0,14,0,70,,52034,24,,,0,30,,52028,9,0,14,0,70,,52038,9,0,14,0,29,,52032,24,,,0,71,,52039,9,0,14,0,30,,52040,9,0,14,0,69,,52031,24,,,0,31,,52042,9,0,14,0,70,,52041,9,0,14,0
3000000,'9_7',819,,52255,24,,,0,130,,52256,24,,,0,170,,52257,24,,,0,130,,52258,24,,,0,170,,52259,24,,,0,130,,52260,24,,,0,170,,52261,24,,,0,129,,52262,24,,,0,170,,52263,24,,,0
