200,'0_6',805,,63326,36,0,35 37,0,105,,63327,36,0,35 37,0,106,,63328,27,0,35 37,0,106,,63329,36,0,35 37,0,109,,63330,36,0,35 37,0,100,,63331,27,0,35 37,0,102,,63332,36,0,35 37,0,102,,63333,36,0,35 37,0,112,,63334,36,0,35 37,0,102,,63335,36,0,35 37,0,94,,63349,36,0,35 37,0,89,,63336,39,0,35 37,0
200,'3_1',805,,63544,36,0,35 37,0,105,,63545,36,0,35 37,0,106,,63546,27,0,35 37,0,106,,63547,36,0,35 37,0,109,,63548,36,0,35 37,0,100,,63549,27,0,35 37,0,102,,63550,36,0,35 37,0,102,,63551,36,0,35 37,0,112,,63552,36,0,35 37,0,102,,63553,36,0,35 37,0,94,,63567,36,0,35 37,0,89,,63554,39,0,35 37,0
200,'3_3',805,,63579,36,0,35 37,0,105,,63580,36,0,35 37,0,106,,63581,27,0,35 37,0,106,,63582,36,0,35 37,0,109,,63583,36,0,35 37,0,100,,63584,27,0,35 37,0,102,,63585,36,0,35 37,0,102,,63586,36,0,35 37,0,112,,63587,36,0,35 37,0,102,,63588,36,0,35 37,0,94,,63602,36,0,35 37,0,89,,63589,39,0,35 37,0
200,'3_4',805,,63614,36,0,35 37,0,105,,63615,36,0,35 37,0,106,,63616,27,0,35 37,0,106,,63617,36,0,35 37,0,109,,63618,36,0,35 37,0,100,,63619,27,0,35 37,0,102,,63620,36,0,35 37,0,102,,63621,36,0,35 37,0,112,,63622,36,0,35 37,0,102,,63623,36,0,35 37,0,94,,63637,36,0,35 37,0,89,,63624,39,0,35 37,0
200,'3_5',805,,63649,36,0,35 37,0,105,,63650,36,0,35 37,0,106,,63651,27,0,35 37,0,106,,63652,36,0,35 37,0,109,,63653,36,0,35 37,0,100,,63654,27,0,35 37,0,102,,63655,36,0,35 37,0,102,,63656,36,0,35 37,0,112,,63657,36,0,35 37,0,102,,63658,36,0,35 37,0,94,,63672,36,0,35 37,0,89,,63659,39,0,35 37,0
201,'0_6',703,,63705,8,0,62,0,141,,63706,8,0,20,0,100,,63707,8,0,62,0,110,,63708,8,0,64,0,151,,63709,8,0,20,0,104,,63710,8,0,20,0,105,,63711,8,0,20,0,105,,63712,8,0,20,0,101,,63713,8,0,20,0,103,,63714,8,0,20,0,105,,63715,8,0,62,0,94,,63716,8,0,21,0
201,'3_1',703,,63929,8,0,62,0,141,,63930,8,0,20,0,100,,63931,8,0,62,0,110,,63932,8,0,64,0,151,,63933,8,0,20,0,104,,63934,8,0,20,0,105,,63935,8,0,20,0,105,,63936,8,0,20,0,101,,63937,8,0,20,0,103,,63938,8,0,20,0,105,,63939,8,0,62,0,94,,63940,8,0,21,0
201,'3_3',703,,63965,8,0,62,0,141,,63966,8,0,20,0,100,,63967,8,0,62,0,110,,63968,8,0,64,0,151,,63969,8,0,20,0,104,,63970,8,0,20,0,105,,63971,8,0,20,0,105,,63972,8,0,20,0,101,,63973,8,0,20,0,103,,63974,8,0,20,0,105,,63975,8,0,62,0,94,,63976,8,0,21,0
201,'3_4',703,,64001,8,0,62,0,141,,64002,8,0,20,0,100,,64003,8,0,62,0,110,,64004,8,0,64,0,151,,64005,8,0,20,0,104,,64006,8,0,20,0,105,,64007,8,0,20,0,105,,64008,8,0,20,0,101,,64009,8,0,20,0,103,,64010,8,0,20,0,105,,64011,8,0,62,0,94,,64012,8,0,21,0
201,'3_5',703,,64037,8,0,62,0,141,,64038,8,0,20,0,100,,64039,8,0,62,0,110,,64040,8,0,64,0,151,,64041,8,0,20,0,104,,64042,8,0,20,0,105,,64043,8,0,20,0,105,,64044,8,0,20,0,101,,64045,8,0,20,0,103,,64046,8,0,20,0,105,,64047,8,0,62,0,94,,64048,8,0,21,0
