401,'0_6',751,,65084,55,,,0,195,,65081,55,,,0,201,,65077,55,,,0,203,,65091,55,,,0,196,,65079,55,,,0,195,,65085,55,,,0,90,,65090,55,,,0,184,,65080,55,,,0
401,'1_7',1022,,65093,55,,,0,125,,65094,55,,,0,166,,65095,55,,,0,200,,65096,55,,,0,125,,65097,55,,,0,165,,65098,55,,,0,125,,65099,55,,,0
401,'3_1',751,,65240,63,,,0,195,,65253,55,,,0,201,,65248,55,,,0,207,,65245,58,,,0,192,,65250,55,,,0,98,,65238,55,,,0,93,,65242,57,,,0,106,,65255,58,,,0,170,,65251,55,,,0
401,'3_3',751,,65266,63,,,0,195,,65279,55,,,0,201,,65274,55,,,0,207,,65271,58,,,0,192,,65276,55,,,0,98,,65264,55,,,0,93,,65268,57,,,0,106,,65281,58,,,0,170,,65277,55,,,0
401,'3_4',751,,65292,63,,,0,195,,65305,55,,,0,201,,65300,55,,,0,207,,65297,58,,,0,192,,65302,55,,,0,98,,65290,55,,,0,93,,65294,57,,,0,106,,65307,58,,,0,170,,65303,55,,,0
401,'3_5',751,,65318,63,,,0,195,,65331,55,,,0,201,,65326,55,,,0,207,,65323,58,,,0,192,,65328,55,,,0,98,,65316,55,,,0,93,,65320,57,,,0,106,,65333,58,,,0,170,,65329,55,,,0
401,'4_7',1022,,65334,55,,,0,125,,65335,55,,,0,166,,65336,55,,,0,200,,65337,55,,,0,125,,65338,55,,,0,165,,65339,55,,,0,125,,65340,55,,,0
2901201,'3_1',1658,,71209,10,,,0,144,,71210,10,,,0,100,,71211,10,,,0
2901201,'3_3',1658,,71212,10,,,0,144,,71213,10,,,0,100,,71214,10,,,0
2901201,'3_4',1658,,71215,10,,,0,144,,71216,10,,,0,100,,71217,10,,,0
2901201,'3_5',1658,,71218,10,,,0,144,,71219,10,,,0,100,,71220,10,,,0
