501,'0_6',724,,65511,8,,,0,98,,65512,8,,,0,98,,65513,8,,,0,101,,65514,8,,,0,99,,65515,8,,,0,99,,65516,8,,,0,40,,65517,8,,,0,78,,65518,8,,,0,96,,65519,8,,,0,103,,65520,8,,,0,99,,65521,8,,,0,72,,65522,8,,,0,30,,65523,8,,,0,99,,65524,8,,,0,98,,65525,8,,,0
501,'1_7',1110,,65526,8,,,0,191,,65527,8,,,0,151,,65528,8,,,0,184,,65529,8,,,0,191,,65530,8,,,0
501,'3_1',724,,65606,8,,,0,98,,65607,8,,,0,98,,65608,8,,,0,101,,65609,8,,,0,99,,65610,8,,,0,99,,65611,8,,,0,40,,65612,8,,,0,78,,65613,8,,,0,96,,65614,8,,,0,103,,65615,8,,,0,99,,65616,8,,,0,72,,65617,8,,,0,30,,65618,8,,,0,99,,65619,8,,,0,98,,65620,8,,,0
501,'3_3',724,,65621,8,,,0,98,,65622,8,,,0,98,,65623,8,,,0,101,,65624,8,,,0,99,,65625,8,,,0,99,,65626,8,,,0,40,,65627,8,,,0,78,,65628,8,,,0,96,,65629,8,,,0,103,,65630,8,,,0,99,,65631,8,,,0,72,,65632,8,,,0,30,,65633,8,,,0,99,,65634,8,,,0,98,,65635,8,,,0
501,'3_4',724,,65636,8,,,0,98,,65637,8,,,0,98,,65638,8,,,0,101,,65639,8,,,0,99,,65640,8,,,0,99,,65641,8,,,0,40,,65642,8,,,0,78,,65643,8,,,0,96,,65644,8,,,0,103,,65645,8,,,0,99,,65646,8,,,0,72,,65647,8,,,0,30,,65648,8,,,0,99,,65649,8,,,0,98,,65650,8,,,0
501,'3_5',724,,65651,8,,,0,98,,65652,8,,,0,98,,65653,8,,,0,101,,65654,8,,,0,99,,65655,8,,,0,99,,65656,8,,,0,40,,65657,8,,,0,78,,65658,8,,,0,96,,65659,8,,,0,103,,65660,8,,,0,99,,65661,8,,,0,72,,65662,8,,,0,30,,65663,8,,,0,99,,65664,8,,,0,98,,65665,8,,,0
501,'4_7',1110,,65666,8,,,0,191,,65667,8,,,0,151,,65668,8,,,0,184,,65669,8,,,0,191,,65670,8,,,0
2601,'0_6',728,,68098,12,,,0,86,,68101,12,,,0,45,,68102,12,,,0,86,,68103,12,,,0,90,,68104,12,,,0,84,,68105,12,,,0,83,,68106,12,,,0,45,,68107,12,,,0,82,,68108,12,,,0,85,,68109,12,,,0,86,,68110,12,,,0,50,,68111,12,,,0,86,,68112,12,,,0,81,,68113,12,,,0,86,,68114,12,,,0,43,,68100,12,,,0,82,,68099,12,,,0
2601,'3_1',728,,68200,12,,,0,86,,68201,12,,,0,45,,68202,12,,,0,86,,68203,12,,,0,90,,68204,12,,,0,84,,68205,12,,,0,83,,68206,12,,,0,45,,68207,12,,,0,82,,68208,12,,,0,85,,68209,12,,,0,86,,68210,12,,,0,50,,68211,12,,,0,86,,68212,12,,,0,81,,68213,12,,,0,86,,68214,12,,,0,43,,68215,12,,,0,82,,68216,12,,,0
2601,'3_3',728,,68217,12,,,0,86,,68218,12,,,0,45,,68219,12,,,0,86,,68220,12,,,0,90,,68221,12,,,0,84,,68222,12,,,0,83,,68223,12,,,0,45,,68224,12,,,0,82,,68225,12,,,0,85,,68226,12,,,0,86,,68227,12,,,0,50,,68228,12,,,0,86,,68229,12,,,0,81,,68230,12,,,0,86,,68231,12,,,0,43,,68232,12,,,0,82,,68233,12,,,0
2601,'3_4',728,,68234,12,,,0,86,,68235,12,,,0,45,,68236,12,,,0,86,,68237,12,,,0,90,,68238,12,,,0,84,,68239,12,,,0,83,,68240,12,,,0,45,,68241,12,,,0,82,,68242,12,,,0,85,,68243,12,,,0,86,,68244,12,,,0,50,,68245,12,,,0,86,,68246,12,,,0,81,,68247,12,,,0,86,,68248,12,,,0,43,,68249,12,,,0,82,,68250,12,,,0
2601,'3_5',728,,68251,12,,,0,86,,68252,12,,,0,45,,68253,12,,,0,86,,68254,12,,,0,90,,68255,12,,,0,84,,68256,12,,,0,83,,68257,12,,,0,45,,68258,12,,,0,82,,68259,12,,,0,85,,68260,12,,,0,86,,68261,12,,,0,50,,68262,12,,,0,86,,68263,12,,,0,81,,68264,12,,,0,86,,68265,12,,,0,43,,68266,12,,,0,82,,68267,12,,,0
901001,'3_4',2030,,68464,1,,,0,20,,68465,1,,,0,60,,68466,1,,,0,10,,68467,1,,,0,10,,68468,1,,,0,10,,68469,1,,,0,10,,68470,1,,,0,50,,68471,1,,,0,10,,68472,1,,,0,10,,68473,1,,,0,10,,68474,1,,,0,10,,68475,1,,,0,10,,68476,1,,,0,50,,68477,1,,,0,10,,68478,1,,,0,10,,68479,1,,,0,10,,68480,1,,,0
901001,'3_5',2030,,68481,1,,,0,20,,68482,1,,,0,60,,68483,1,,,0,10,,68484,1,,,0,10,,68485,1,,,0,10,,68486,1,,,0,10,,68487,1,,,0,50,,68488,1,,,0,10,,68489,1,,,0,10,,68490,1,,,0,10,,68491,1,,,0,10,,68492,1,,,0,10,,68493,1,,,0,50,,68494,1,,,0,10,,68495,1,,,0,10,,68496,1,,,0,10,,68497,1,,,0
1000001,'0_6',545,,69463,13,,,0,79,,69464,13,,,0,82,,69465,13,,,0,44,,69466,19,,,0,55,,69472,13,,,0,15,,69473,13,,,0,14,,69474,19,,,0,15,,69475,13,,,0,55,,69476,13,,,0,16,,69477,19,,,0,15,,69478,13,,,0,15,,69479,13,,,0,55,,69480,19,,,0,16,,69481,13,,,0,16,,69482,13,,,0,16,,69483,19,,,0,55,,69484,13,,,0,16,,69485,19,,,0,16,,69486,13,,,0,16,,69487,13,,,0,56,,69488,19,,,0,14,,69489,13,,,0,15,,69490,13,,,0,15,,69491,19,,,0,55,,69492,13,,,0,16,,69493,13,,,0,15,,69494,19,,,0,16,,69495,13,,,0,55,,69496,19,,,0,16,,69497,13,,,0,16,,69498,13,,,0,56,,69499,19,,,0,16,,69500,13,,,0,16,,69501,13,,,0,16,,69502,19,,,0,56,,69503,13,,,0,16,,69504,13,,,0,16,,69505,19,,,0,16,,69506,13,,,0,56,,69507,19,,,0,16,,69508,13,,,0,16,,69509,13,,,0,16,,69510,19,,,0,56,,69512,13,,,0,15,,69514,13,,,0,15,,69513,19,,,0,15,,69511,13,,,0,56,,69471,19,,,0,20,,69470,13,,,0,20,,69468,13,,,0,61,,69461,13,,,0,18,,69459,13,,,0,19,,69462,13,,,0,60,,69469,13,,,0,20,,69467,13,,,0,20,,69460,13,,,0
1000001,'1_7',814,,69515,13,,,0,40,,69516,13,,,0,80,,69517,13,,,0,80,,69518,13,,,0,40,,69519,13,,,0,80,,69520,13,,,0,80,,69521,13,,,0,40,,69522,13,,,0,80,,69523,13,,,0,80,,69524,13,,,0,40,,69525,13,,,0,80,,69526,13,,,0,80,,69527,13,,,0,40,,69528,13,,,0,80,,69529,13,,,0,80,,69530,13,,,0,40,,69531,13,,,0,80,,69532,13,,,0
1000001,'3_1',548,,69843,13,,,0,57,,69858,13,,,0,15,,69857,13,,,0,15,,69856,13,,,0,14,,69855,13,,,0,55,,69854,13,,,0,15,,69846,13,,,0,15,,69844,19,,,0,14,,69847,19,,,0,55,,69848,19,,,0,15,,69849,19,,,0,15,,69850,19,,,0,16,,69851,19,,,0,54,,69852,19,,,0,15,,69853,19,,,0,15,,69859,13,,,0,15,,69878,19,,,0,56,,69860,13,,,0,16,,69879,19,,,0,15,,69861,13,,,0,16,,69880,19,,,0,56,,69862,13,,,0,16,,69881,19,,,0,16,,69863,13,,,0,16,,69882,19,,,0,56,,69864,13,,,0,14,,69883,19,,,0,16,,69865,13,,,0,15,,69884,19,,,0,56,,69866,13,,,0,16,,69885,19,,,0,16,,69867,13,,,0,15,,69886,19,,,0,56,,69868,13,,,0,16,,69887,19,,,0,16,,69869,13,,,0,55,,69888,19,,,0,14,,69870,13,,,0,14,,69889,19,,,0,14,,69871,13,,,0,14,,69890,19,,,0,54,,69872,13,,,0,15,,69891,19,,,0,14,,69873,19,,,0,14,,69892,19,,,0,55,,69874,19,,,0,15,,69893,19,,,0,15,,69875,19,,,0,15,,69894,19,,,0,55,,69876,19,,,0,14,,69895,19,,,0,14,,69877,19,,,0,14,,69845,19,,,0,58,,69896,19,,,0,19,,69901,13,,,0,20,,69897,19,,,0,61,,69902,13,,,0,19,,69898,13,,,0,18,,69903,13,,,0,60,,69899,13,,,0,20,,69904,13,,,0,20,,69900,13,,,0
1000001,'3_3',548,,69905,13,,,0,57,,69920,13,,,0,15,,69919,13,,,0,15,,69918,13,,,0,14,,69917,13,,,0,55,,69916,13,,,0,15,,69908,13,,,0,15,,69906,19,,,0,14,,69909,19,,,0,55,,69910,19,,,0,15,,69911,19,,,0,15,,69912,19,,,0,16,,69913,19,,,0,54,,69914,19,,,0,15,,69915,19,,,0,15,,69921,13,,,0,15,,69940,19,,,0,56,,69922,13,,,0,16,,69941,19,,,0,15,,69923,13,,,0,16,,69942,19,,,0,56,,69924,13,,,0,16,,69943,19,,,0,16,,69925,13,,,0,16,,69944,19,,,0,56,,69926,13,,,0,14,,69945,19,,,0,16,,69927,13,,,0,15,,69946,19,,,0,56,,69928,13,,,0,16,,69947,19,,,0,16,,69929,13,,,0,15,,69948,19,,,0,56,,69930,13,,,0,16,,69949,19,,,0,16,,69931,13,,,0,55,,69950,19,,,0,14,,69932,13,,,0,14,,69951,19,,,0,14,,69933,13,,,0,14,,69952,19,,,0,54,,69934,13,,,0,15,,69953,19,,,0,14,,69935,19,,,0,14,,69954,19,,,0,55,,69936,19,,,0,15,,69955,19,,,0,15,,69937,19,,,0,15,,69956,19,,,0,55,,69938,19,,,0,14,,69957,19,,,0,14,,69939,19,,,0,14,,69907,19,,,0,58,,69958,19,,,0,19,,69963,13,,,0,20,,69959,19,,,0,61,,69964,13,,,0,19,,69960,13,,,0,18,,69965,13,,,0,60,,69961,13,,,0,20,,69966,13,,,0,20,,69962,13,,,0
1000001,'3_4',548,,69967,13,,,0,57,,69982,13,,,0,15,,69981,13,,,0,15,,69980,13,,,0,14,,69979,13,,,0,55,,69978,13,,,0,15,,69970,13,,,0,15,,69968,19,,,0,14,,69971,19,,,0,55,,69972,19,,,0,15,,69973,19,,,0,15,,69974,19,,,0,16,,69975,19,,,0,54,,69976,19,,,0,15,,69977,19,,,0,15,,69983,13,,,0,15,,70002,19,,,0,56,,69984,13,,,0,16,,70003,19,,,0,15,,69985,13,,,0,16,,70004,19,,,0,56,,69986,13,,,0,16,,70005,19,,,0,16,,69987,13,,,0,16,,70006,19,,,0,56,,69988,13,,,0,14,,70007,19,,,0,16,,69989,13,,,0,15,,70008,19,,,0,56,,69990,13,,,0,16,,70009,19,,,0,16,,69991,13,,,0,15,,70010,19,,,0,56,,69992,13,,,0,16,,70011,19,,,0,16,,69993,13,,,0,55,,70012,19,,,0,14,,69994,13,,,0,14,,70013,19,,,0,14,,69995,13,,,0,14,,70014,19,,,0,54,,69996,13,,,0,15,,70015,19,,,0,14,,69997,19,,,0,14,,70016,19,,,0,55,,69998,19,,,0,15,,70017,19,,,0,15,,69999,19,,,0,15,,70018,19,,,0,55,,70000,19,,,0,14,,70019,19,,,0,14,,70001,19,,,0,14,,69969,19,,,0,58,,70020,19,,,0,19,,70025,13,,,0,20,,70021,19,,,0,61,,70026,13,,,0,19,,70022,13,,,0,18,,70027,13,,,0,60,,70023,13,,,0,20,,70028,13,,,0,20,,70024,13,,,0
1000001,'3_5',548,,70029,13,,,0,57,,70044,13,,,0,15,,70043,13,,,0,15,,70042,13,,,0,14,,70041,13,,,0,55,,70040,13,,,0,15,,70032,13,,,0,15,,70030,19,,,0,14,,70033,19,,,0,55,,70034,19,,,0,15,,70035,19,,,0,15,,70036,19,,,0,16,,70037,19,,,0,54,,70038,19,,,0,15,,70039,19,,,0,15,,70045,13,,,0,15,,70064,19,,,0,56,,70046,13,,,0,16,,70065,19,,,0,15,,70047,13,,,0,16,,70066,19,,,0,56,,70048,13,,,0,16,,70067,19,,,0,16,,70049,13,,,0,16,,70068,19,,,0,56,,70050,13,,,0,14,,70069,19,,,0,16,,70051,13,,,0,15,,70070,19,,,0,56,,70052,13,,,0,16,,70071,19,,,0,16,,70053,13,,,0,15,,70072,19,,,0,56,,70054,13,,,0,16,,70073,19,,,0,16,,70055,13,,,0,55,,70074,19,,,0,14,,70056,13,,,0,14,,70075,19,,,0,14,,70057,13,,,0,14,,70076,19,,,0,54,,70058,13,,,0,15,,70077,19,,,0,14,,70059,19,,,0,14,,70078,19,,,0,55,,70060,19,,,0,15,,70079,19,,,0,15,,70061,19,,,0,15,,70080,19,,,0,55,,70062,19,,,0,14,,70081,19,,,0,14,,70063,19,,,0,14,,70031,19,,,0,58,,70082,19,,,0,19,,70087,13,,,0,20,,70083,19,,,0,61,,70088,13,,,0,19,,70084,13,,,0,18,,70089,13,,,0,60,,70085,13,,,0,20,,70090,13,,,0,20,,70086,13,,,0
1000001,'4_7',814,,70091,13,,,0,40,,70092,13,,,0,80,,70093,13,,,0,80,,70094,13,,,0,40,,70095,13,,,0,80,,70096,13,,,0,80,,70097,13,,,0,40,,70098,13,,,0,80,,70099,13,,,0,80,,70100,13,,,0,40,,70101,13,,,0,80,,70102,13,,,0,80,,70103,13,,,0,40,,70104,13,,,0,80,,70105,13,,,0,80,,70106,13,,,0,40,,70107,13,,,0,80,,70108,13,,,0
3000001,'0_6',652,,71656,21,,,0,82,,71657,21,,,0,84,,71658,21,,,0,38,,71659,21,,,0,62,,71660,21,,,0,19,,71661,21,,,0,21,,71662,21,,,0,60,,71663,21,,,0,20,,71664,21,,,0,20,,71665,21,,,0,60,,71666,21,,,0,19,,71667,21,,,0,21,,71668,21,,,0,60,,71669,21,,,0,19,,71670,21,,,0,19,,71671,21,,,0,60,,71672,21,,,0,21,,71673,21,,,0,20,,71674,21,,,0,61,,71675,21,,,0,20,,71676,21,,,0,20,,71677,21,,,0,61,,71678,21,,,0,20,,71679,21,,,0,20,,71680,21,,,0,60,,71681,21,,,0,20,,71682,21,,,0,61,,71683,21,,,0,20,,71684,21,,,0,20,,71685,21,,,0,19,,71686,21,,,0,59,,71687,21,,,0,19,,71688,21,,,0,20,,71689,21,,,0,58,,71690,21,,,0,31,,71692,21,,,0,67,,71693,21,,,0,30,,71691,21,,,0,68,,71694,21,,,0
3000001,'1_7',859,,71695,21,,,0,170,,71697,21,,,0,130,,71698,21,,,0,170,,71699,21,,,0,130,,71700,21,,,0,170,,71701,21,,,0,130,,71702,21,,,0,170,,71703,21,,,0,130,,71696,21,,,0
3000001,'3_1',702,,71955,21,,,0,21,,71914,21,,,0,20,,71915,21,,,0,60,,71916,21,,,0,20,,71917,21,,,0,20,,71918,21,,,0,60,,71919,21,,,0,21,,71920,21,,,0,20,,71921,21,,,0,60,,71922,21,,,0,20,,71923,21,,,0,20,,71924,21,,,0,60,,71925,21,,,0,19,,71926,21,,,0,20,,71927,21,,,0,60,,71928,21,,,0,19,,71929,21,,,0,19,,71930,21,,,0,60,,71931,21,,,0,20,,71932,21,,,0,21,,71933,21,,,0,60,,71934,21,,,0,21,,71935,21,,,0,20,,71936,21,,,0,59,,71937,21,,,0,21,,71938,21,,,0,20,,71939,21,,,0,60,,71940,21,,,0,20,,71941,21,,,0,20,,71942,21,,,0,61,,71943,21,,,0,20,,71944,21,,,0,20,,71945,21,,,0,60,,71946,21,,,0,19,,71947,21,,,0,19,,71948,21,,,0,61,,71949,21,,,0,20,,71950,21,,,0,21,,71951,21,,,0,69,,71952,21,,,0,27,,71953,21,,,0,69,,71954,21,,,0
3000001,'3_3',702,,71997,21,,,0,21,,71956,21,,,0,20,,71957,21,,,0,60,,71958,21,,,0,20,,71959,21,,,0,20,,71960,21,,,0,60,,71961,21,,,0,21,,71962,21,,,0,20,,71963,21,,,0,60,,71964,21,,,0,20,,71965,21,,,0,20,,71966,21,,,0,60,,71967,21,,,0,19,,71968,21,,,0,20,,71969,21,,,0,60,,71970,21,,,0,19,,71971,21,,,0,19,,71972,21,,,0,60,,71973,21,,,0,20,,71974,21,,,0,21,,71975,21,,,0,60,,71976,21,,,0,21,,71977,21,,,0,20,,71978,21,,,0,59,,71979,21,,,0,21,,71980,21,,,0,20,,71981,21,,,0,60,,71982,21,,,0,20,,71983,21,,,0,20,,71984,21,,,0,61,,71985,21,,,0,20,,71986,21,,,0,20,,71987,21,,,0,60,,71988,21,,,0,19,,71989,21,,,0,19,,71990,21,,,0,61,,71991,21,,,0,20,,71992,21,,,0,21,,71993,21,,,0,69,,71994,21,,,0,27,,71995,21,,,0,69,,71996,21,,,0
3000001,'3_4',702,,72039,21,,,0,21,,71998,21,,,0,20,,71999,21,,,0,60,,72000,21,,,0,20,,72001,21,,,0,20,,72002,21,,,0,60,,72003,21,,,0,21,,72004,21,,,0,20,,72005,21,,,0,60,,72006,21,,,0,20,,72007,21,,,0,20,,72008,21,,,0,60,,72009,21,,,0,19,,72010,21,,,0,20,,72011,21,,,0,60,,72012,21,,,0,19,,72013,21,,,0,19,,72014,21,,,0,60,,72015,21,,,0,20,,72016,21,,,0,21,,72017,21,,,0,60,,72018,21,,,0,21,,72019,21,,,0,20,,72020,21,,,0,59,,72021,21,,,0,21,,72022,21,,,0,20,,72023,21,,,0,60,,72024,21,,,0,20,,72025,21,,,0,20,,72026,21,,,0,61,,72027,21,,,0,20,,72028,21,,,0,20,,72029,21,,,0,60,,72030,21,,,0,19,,72031,21,,,0,19,,72032,21,,,0,61,,72033,21,,,0,20,,72034,21,,,0,21,,72035,21,,,0,69,,72036,21,,,0,27,,72037,21,,,0,69,,72038,21,,,0
3000001,'3_5',702,,72081,21,,,0,21,,72040,21,,,0,20,,72041,21,,,0,60,,72042,21,,,0,20,,72043,21,,,0,20,,72044,21,,,0,60,,72045,21,,,0,21,,72046,21,,,0,20,,72047,21,,,0,60,,72048,21,,,0,20,,72049,21,,,0,20,,72050,21,,,0,60,,72051,21,,,0,19,,72052,21,,,0,20,,72053,21,,,0,60,,72054,21,,,0,19,,72055,21,,,0,19,,72056,21,,,0,60,,72057,21,,,0,20,,72058,21,,,0,21,,72059,21,,,0,60,,72060,21,,,0,21,,72061,21,,,0,20,,72062,21,,,0,59,,72063,21,,,0,21,,72064,21,,,0,20,,72065,21,,,0,60,,72066,21,,,0,20,,72067,21,,,0,20,,72068,21,,,0,61,,72069,21,,,0,20,,72070,21,,,0,20,,72071,21,,,0,60,,72072,21,,,0,19,,72073,21,,,0,19,,72074,21,,,0,61,,72075,21,,,0,20,,72076,21,,,0,21,,72077,21,,,0,69,,72078,21,,,0,27,,72079,21,,,0,69,,72080,21,,,0
3000001,'4_7',859,,72082,21,,,0,170,,72084,21,,,0,130,,72085,21,,,0,170,,72086,21,,,0,130,,72087,21,,,0,170,,72088,21,,,0,130,,72089,21,,,0,170,,72090,21,,,0,130,,72083,21,,,0
