100,'0_6',714,,62779,22,0,61 8,0,110,,62791,22,0,61 8,0,95,,62780,22,0,61 8,0,30,,62792,22,0,61 8,0,69,,62781,22,0,61 8,0,33,,62793,22,0,61 8,0,70,,62782,22,0,61 8,0,29,,62794,22,0,61 8,0,71,,62783,22,0,61 8,0,28,,62795,22,0,61 8,0,70,,62784,22,0,61 8,0,30,,62796,22,0,61 8,0,70,,62785,22,0,61 8,0,31,,62797,22,0,61 8,0,69,,62786,22,0,61 8,0,31,,62798,22,0,61 8,0,71,,62787,22,0,61 8,0,31,,62799,22,0,61 8,0,73,,62788,22,0,61 8,0,28,,62800,22,0,61 8,0,70,,62789,22,0,61 8,0,31,,62801,22,0,61 8,0,69,,62790,22,0,61 8,0
100,'1_7',918,,62802,22,0,61 8,0,105,,62807,22,0,61 8,0,106,,62803,22,0,61 8,0,104,,62808,22,0,61 8,0,90,,62804,22,0,61 8,0,100,,62809,22,0,61 8,0,105,,62805,22,0,61 8,0,105,,62810,22,0,61 8,0,105,,62806,22,0,61 8,0,105,,62811,22,0,61 8,0
100,'3_1',714,,62937,22,0,61 8,0,30,,62938,22,,,0,75,,62940,22,0,61 8,0,25,,62941,22,0,61 8,0,70,,62939,22,0,61 8,0,29,,62942,22,0,61 8,0,74,,62943,22,0,61 8,0,31,,62946,22,0,61 8,0,71,,62944,22,0,61 8,0,32,,62945,22,0,61 8,0,72,,62948,22,,,0,30,,62947,22,0,61 8,0,70,,62949,22,,,0,30,,62950,22,0,61 8,0,70,,62952,22,0,61 8,0,30,,62951,22,0,61 8,0,70,,62956,22,0,61 8,0,30,,62955,22,0,61 8,0,71,,62957,22,,,0,34,,62953,22,0,61 8,0,70,,62958,22,,,0,30,,62954,22,0,61 8,0,70,,62959,22,,,0,30,,62960,22,0,61 8,0,70,,62961,22,,,0
100,'3_3',714,,62962,22,0,61 8,0,30,,62963,22,,,0,75,,62965,22,0,61 8,0,25,,62966,22,0,61 8,0,70,,62964,22,0,61 8,0,29,,62967,22,0,61 8,0,74,,62968,22,0,61 8,0,31,,62971,22,0,61 8,0,71,,62969,22,0,61 8,0,32,,62970,22,0,61 8,0,72,,62973,22,,,0,30,,62972,22,0,61 8,0,70,,62974,22,,,0,30,,62975,22,0,61 8,0,70,,62977,22,0,61 8,0,30,,62976,22,0,61 8,0,70,,62981,22,0,61 8,0,30,,62980,22,0,61 8,0,71,,62982,22,,,0,34,,62978,22,0,61 8,0,70,,62983,22,,,0,30,,62979,22,0,61 8,0,70,,62984,22,,,0,30,,62985,22,0,61 8,0,70,,62986,22,,,0
100,'3_4',714,,62987,22,0,61 8,0,30,,62988,22,,,0,75,,62990,22,0,61 8,0,25,,62991,22,0,61 8,0,70,,62989,22,0,61 8,0,29,,62992,22,0,61 8,0,74,,62993,22,0,61 8,0,31,,62996,22,0,61 8,0,71,,62994,22,0,61 8,0,32,,62995,22,0,61 8,0,72,,62998,22,,,0,30,,62997,22,0,61 8,0,70,,62999,22,,,0,30,,63000,22,0,61 8,0,70,,63002,22,0,61 8,0,30,,63001,22,0,61 8,0,70,,63006,22,0,61 8,0,30,,63005,22,0,61 8,0,71,,63007,22,,,0,34,,63003,22,0,61 8,0,70,,63008,22,,,0,30,,63004,22,0,61 8,0,70,,63009,22,,,0,30,,63010,22,0,61 8,0,70,,63011,22,,,0
100,'3_5',714,,63012,22,0,61 8,0,30,,63013,22,,,0,75,,63015,22,0,61 8,0,25,,63016,22,0,61 8,0,70,,63014,22,0,61 8,0,29,,63017,22,0,61 8,0,74,,63018,22,0,61 8,0,31,,63021,22,0,61 8,0,71,,63019,22,0,61 8,0,32,,63020,22,0,61 8,0,72,,63023,22,,,0,30,,63022,22,0,61 8,0,70,,63024,22,,,0,30,,63025,22,0,61 8,0,70,,63027,22,0,61 8,0,30,,63026,22,0,61 8,0,70,,63031,22,0,61 8,0,30,,63030,22,0,61 8,0,71,,63032,22,,,0,34,,63028,22,0,61 8,0,70,,63033,22,,,0,30,,63029,22,0,61 8,0,70,,63034,22,,,0,30,,63035,22,0,61 8,0,70,,63036,22,,,0
100,'4_7',918,,63037,22,0,61 8,0,105,,63042,22,0,61 8,0,106,,63038,22,0,61 8,0,104,,63043,22,0,61 8,0,90,,63039,22,0,61 8,0,100,,63044,22,0,61 8,0,105,,63040,22,0,61 8,0,105,,63045,22,0,61 8,0,105,,63041,22,0,61 8,0,105,,63046,22,0,61 8,0
300,'0_6',717,,64083,32,,,0,29,,64084,32,,,0,69,,64085,32,,,0,30,,64086,32,,,0,75,,64087,32,,,0,33,,64088,32,,,0,75,,64089,32,,,0,74,,64090,32,,,0,32,,64091,32,,,0,72,,64082,32,,,0,33,,64081,32,,,0,72,,64080,32,,,0,33,,64079,32,,,0,72,,64057,32,,,0,28,,64058,32,,,0,69,,64059,32,,,0,28,,64060,32,,,0,68,,64061,32,,,0,30,,64062,32,,,0,72,,64063,32,,,0,28,,64064,32,,,0,67,,64065,32,,,0,28,,64066,32,,,0,69,,64067,32,,,0,27,,64068,32,,,0,26,,64069,32,,,0,65,,64070,32,,,0,23,,64071,32,,,0,64,,64093,32,,,0,24,,64092,32,,,0,24,,64072,20,,,0,70,,64073,20,,,0,30,,64074,20,,,0,70,,64075,20,,,0,30,,64076,20,,,0,69,,64077,20,,,0,30,,64078,20,,,0
300,'1_7',920,,64116,32,,,0,33,,64117,32,,,0,75,,64118,32,,,0,74,,64119,32,,,0,32,,64110,32,,,0,72,,64115,32,,,0,33,,64114,32,,,0,72,,64113,32,,,0,33,,64112,32,,,0,72,,64094,32,,,0,28,,64095,32,,,0,69,,64096,32,,,0,28,,64097,32,,,0,68,,64098,32,,,0,30,,64099,32,,,0,72,,64100,32,,,0,28,,64101,32,,,0,67,,64102,32,,,0,28,,64103,32,,,0,69,,64104,32,,,0,27,,64105,32,,,0,26,,64106,32,,,0,65,,64107,32,,,0,23,,64108,32,,,0,64,,64111,32,,,0,24,,64109,32,,,0
300,'3_1',717,,64296,32,,,0,29,,64297,32,,,0,69,,64298,32,,,0,30,,64299,32,,,0,75,,64300,32,,,0,33,,64301,32,,,0,75,,64302,32,,,0,74,,64303,32,,,0,32,,64304,32,,,0,72,,64295,32,,,0,33,,64294,32,,,0,72,,64293,32,,,0,33,,64292,32,,,0,72,,64277,32,,,0,28,,64278,32,,,0,69,,64279,32,,,0,28,,64280,32,,,0,68,,64281,32,,,0,30,,64282,32,,,0,72,,64283,32,,,0,28,,64284,32,,,0,67,,64285,32,,,0,28,,64286,32,,,0,69,,64287,32,,,0,27,,64288,32,,,0,26,,64289,32,,,0,65,,64290,32,,,0,23,,64291,32,,,0,64,,64306,32,,,0,24,,64305,32,,,0
300,'3_3',717,,64326,32,,,0,29,,64327,32,,,0,69,,64328,32,,,0,30,,64329,32,,,0,75,,64330,32,,,0,33,,64331,32,,,0,75,,64332,32,,,0,74,,64333,32,,,0,32,,64334,32,,,0,72,,64325,32,,,0,33,,64324,32,,,0,72,,64323,32,,,0,33,,64322,32,,,0,72,,64307,32,,,0,28,,64308,32,,,0,69,,64309,32,,,0,28,,64310,32,,,0,68,,64311,32,,,0,30,,64312,32,,,0,72,,64313,32,,,0,28,,64314,32,,,0,67,,64315,32,,,0,28,,64316,32,,,0,69,,64317,32,,,0,27,,64318,32,,,0,26,,64319,32,,,0,65,,64320,32,,,0,23,,64321,32,,,0,64,,64336,32,,,0,24,,64335,32,,,0
300,'3_4',717,,64356,32,,,0,29,,64357,32,,,0,69,,64358,32,,,0,30,,64359,32,,,0,75,,64360,32,,,0,33,,64361,32,,,0,75,,64362,32,,,0,74,,64363,32,,,0,32,,64364,32,,,0,72,,64355,32,,,0,33,,64354,32,,,0,72,,64353,32,,,0,33,,64352,32,,,0,72,,64337,32,,,0,28,,64338,32,,,0,69,,64339,32,,,0,28,,64340,32,,,0,68,,64341,32,,,0,30,,64342,32,,,0,72,,64343,32,,,0,28,,64344,32,,,0,67,,64345,32,,,0,28,,64346,32,,,0,69,,64347,32,,,0,27,,64348,32,,,0,26,,64349,32,,,0,65,,64350,32,,,0,23,,64351,32,,,0,64,,64366,32,,,0,24,,64365,32,,,0
300,'3_5',717,,64393,32,,,0,29,,64394,32,,,0,69,,64395,32,,,0,30,,64396,32,,,0,75,,64397,32,,,0,33,,64398,32,,,0,75,,64399,32,,,0,74,,64400,32,,,0,32,,64401,32,,,0,72,,64392,32,,,0,33,,64391,32,,,0,72,,64390,32,,,0,33,,64389,32,,,0,72,,64367,32,,,0,28,,64368,32,,,0,69,,64369,32,,,0,28,,64370,32,,,0,68,,64371,32,,,0,30,,64372,32,,,0,72,,64373,32,,,0,28,,64374,32,,,0,67,,64375,32,,,0,28,,64376,32,,,0,69,,64377,32,,,0,27,,64378,32,,,0,26,,64379,32,,,0,65,,64380,32,,,0,23,,64381,32,,,0,64,,64403,32,,,0,24,,64402,32,,,0,24,,64382,20,,,0,70,,64383,20,,,0,30,,64384,20,,,0,70,,64385,20,,,0,30,,64386,20,,,0,69,,64387,20,,,0,30,,64388,20,,,0
300,'4_7',717,,64423,32,,,0,29,,64424,32,,,0,69,,64425,32,,,0,30,,64426,32,,,0,75,,64427,32,,,0,33,,64428,32,,,0,75,,64429,32,,,0,74,,64430,32,,,0,32,,64431,32,,,0,72,,64422,32,,,0,33,,64421,32,,,0,72,,64420,32,,,0,33,,64419,32,,,0,72,,64404,32,,,0,28,,64405,32,,,0,69,,64406,32,,,0,28,,64407,32,,,0,68,,64408,32,,,0,30,,64409,32,,,0,72,,64410,32,,,0,28,,64411,32,,,0,67,,64412,32,,,0,28,,64413,32,,,0,69,,64414,32,,,0,27,,64415,32,,,0,26,,64416,32,,,0,65,,64417,32,,,0,23,,64418,32,,,0,64,,64433,32,,,0,24,,64432,32,,,0
700,'0_6',712,,66037,6,,,0,110,,66038,6,,,0,109,,66039,6,,,0,110,,66040,6,,,0,110,,66041,6,,,0,150,,66042,6,,,0,110,,66043,6,,,0,110,,66044,6,,,0,110,,66045,6,,,0,110,,66035,6,,,0,111,,66036,6,,,0
700,'3_1',709,,66101,6,,,0,110,,66103,6,,,0,110,,66104,6,,,0,110,,66105,6,,,0,110,,66106,6,,,0,110,,66107,6,,,0,150,,66108,6,,,0,110,,66109,6,,,0,110,,66110,6,,,0,110,,66111,6,,,0,110,,66102,6,,,0
700,'3_3',709,,66112,6,,,0,110,,66114,6,,,0,110,,66115,6,,,0,110,,66116,6,,,0,110,,66117,6,,,0,110,,66118,6,,,0,150,,66119,6,,,0,110,,66120,6,,,0,110,,66121,6,,,0,110,,66122,6,,,0,110,,66113,6,,,0
700,'3_4',709,,66123,6,,,0,110,,66125,6,,,0,110,,66126,6,,,0,110,,66127,6,,,0,110,,66128,6,,,0,110,,66129,6,,,0,150,,66130,6,,,0,110,,66131,6,,,0,110,,66132,6,,,0,110,,66133,6,,,0,110,,66124,6,,,0
700,'3_5',709,,66134,6,,,0,110,,66136,6,,,0,110,,66137,6,,,0,110,,66138,6,,,0,110,,66139,6,,,0,110,,66140,6,,,0,150,,66141,6,,,0,110,,66142,6,,,0,110,,66143,6,,,0,110,,66144,6,,,0,110,,66135,6,,,0
800,'3_1',712,,66310,20,,,0,33,,66311,20,,,0,67,,66312,20,,,0,30,,66313,20,,,0,80,,66314,20,,,0,110,,66315,20,,,0,117,,66316,20,,,0,151,,66317,20,,,0,111,,66318,20,,,0,112,,66320,20,,,0,110,,66319,20,,,0
800,'3_3',712,,66321,20,,,0,33,,66322,20,,,0,67,,66323,20,,,0,30,,66324,20,,,0,80,,66325,20,,,0,110,,66326,20,,,0,117,,66327,20,,,0,151,,66328,20,,,0,111,,66329,20,,,0,112,,66331,20,,,0,110,,66330,20,,,0
800,'3_4',712,,66332,20,,,0,33,,66333,20,,,0,67,,66334,20,,,0,30,,66335,20,,,0,80,,66336,20,,,0,110,,66337,20,,,0,117,,66338,20,,,0,151,,66339,20,,,0,111,,66340,20,,,0,112,,66342,20,,,0,110,,66341,20,,,0
800,'3_5',712,,66343,20,,,0,33,,66344,20,,,0,67,,66345,20,,,0,30,,66346,20,,,0,80,,66347,20,,,0,110,,66348,20,,,0,117,,66349,20,,,0,151,,66350,20,,,0,111,,66351,20,,,0,112,,66353,20,,,0,110,,66352,20,,,0
2000000,'0_6',646,,70109,11,,,0,81,,70110,11,,,0,79,,70111,11,,,0,30,,70112,11,,,0,20,,70113,11,,,0,60,,70114,11,,,0,18,,70115,11,,,0,18,,70116,11,,,0,59,,70117,11,,,0,20,,70118,11,,,0,19,,70119,11,,,0,59,,70120,11,,,0,19,,70121,11,,,0,20,,70122,11,,,0,58,,70123,11,,,0,19,,70124,11,,,0,18,,70125,11,,,0,59,,70126,11,,,0,19,,70127,11,,,0,19,,70128,11,,,0,18,,70129,11,,,0,59,,70130,11,,,0,20,,70131,11,,,0,20,,70132,11,,,0,59,,70133,11,,,0,19,,70134,11,,,0,20,,70135,11,,,0,60,,70136,11,,,0,20,,70137,11,,,0,20,,70138,11,,,0,59,,70139,11,,,0,20,,70140,11,,,0,20,,70141,11,,,0,60,,70142,11,,,0,18,,70143,11,,,0,20,,70144,11,,,0,64,,70145,11,,,0,25,,70146,11,,,0,65,,70147,11,,,0,24,,70148,11,,,0,25,,70149,11,,,0
2000000,'1_7',822,,70150,11,,,0,80,,70151,11,,,0,40,,70152,11,,,0,80,,70153,11,,,0,80,,70154,11,,,0,40,,70155,11,,,0,80,,70156,11,,,0,80,,70157,11,,,0,40,,70158,11,,,0,80,,70159,11,,,0,80,,70160,11,,,0,40,,70161,11,,,0,80,,70162,11,,,0,80,,70163,11,,,0,40,,70164,11,,,0,80,,70165,11,,,0,80,,70166,11,,,0,40,,70167,11,,,0
2000000,'3_1',646,,70383,11,,,0,65,,70384,11,,,0,25,,70424,11,,,0,20,,70385,11,,,0,61,,70386,11,,,0,20,,70387,11,,,0,21,,70388,11,,,0,60,,70389,11,,,0,18,,70390,11,,,0,18,,70391,11,,,0,57,,70392,11,,,0,19,,70393,11,,,0,20,,70394,11,,,0,59,,70395,11,,,0,19,,70396,11,,,0,19,,70397,11,,,0,59,,70398,11,,,0,19,,70399,11,,,0,19,,70400,11,,,0,59,,70401,11,,,0,18,,70402,11,,,0,19,,70403,11,,,0,19,,70404,11,,,0,59,,70405,11,,,0,20,,70406,11,,,0,20,,70407,11,,,0,59,,70408,11,,,0,19,,70409,11,,,0,19,,70410,11,,,0,60,,70411,11,,,0,20,,70412,11,,,0,21,,70413,11,,,0,61,,70414,11,,,0,21,,70415,11,,,0,21,,70416,11,,,0,61,,70417,11,,,0,21,,70418,11,,,0,61,,70419,11,,,0,20,,70420,11,,,0,20,,70421,11,,,0,64,,70422,11,,,0,24,,70423,11,,,0,25,,70425,11,,,0
2000000,'3_3',646,,70426,11,,,0,65,,70427,11,,,0,25,,70467,11,,,0,20,,70428,11,,,0,61,,70429,11,,,0,20,,70430,11,,,0,21,,70431,11,,,0,60,,70432,11,,,0,18,,70433,11,,,0,18,,70434,11,,,0,57,,70435,11,,,0,19,,70436,11,,,0,20,,70437,11,,,0,59,,70438,11,,,0,19,,70439,11,,,0,19,,70440,11,,,0,59,,70441,11,,,0,19,,70442,11,,,0,19,,70443,11,,,0,59,,70444,11,,,0,18,,70445,11,,,0,19,,70446,11,,,0,19,,70447,11,,,0,59,,70448,11,,,0,20,,70449,11,,,0,20,,70450,11,,,0,59,,70451,11,,,0,19,,70452,11,,,0,19,,70453,11,,,0,60,,70454,11,,,0,20,,70455,11,,,0,21,,70456,11,,,0,61,,70457,11,,,0,21,,70458,11,,,0,21,,70459,11,,,0,61,,70460,11,,,0,21,,70461,11,,,0,61,,70462,11,,,0,20,,70463,11,,,0,20,,70464,11,,,0,64,,70465,11,,,0,24,,70466,11,,,0,25,,70468,11,,,0
2000000,'3_4',646,,70469,11,,,0,65,,70470,11,,,0,25,,70510,11,,,0,20,,70471,11,,,0,61,,70472,11,,,0,20,,70473,11,,,0,21,,70474,11,,,0,60,,70475,11,,,0,18,,70476,11,,,0,18,,70477,11,,,0,57,,70478,11,,,0,19,,70479,11,,,0,20,,70480,11,,,0,59,,70481,11,,,0,19,,70482,11,,,0,19,,70483,11,,,0,59,,70484,11,,,0,19,,70485,11,,,0,19,,70486,11,,,0,59,,70487,11,,,0,18,,70488,11,,,0,19,,70489,11,,,0,19,,70490,11,,,0,59,,70491,11,,,0,20,,70492,11,,,0,20,,70493,11,,,0,59,,70494,11,,,0,19,,70495,11,,,0,19,,70496,11,,,0,60,,70497,11,,,0,20,,70498,11,,,0,21,,70499,11,,,0,61,,70500,11,,,0,21,,70501,11,,,0,21,,70502,11,,,0,61,,70503,11,,,0,21,,70504,11,,,0,61,,70505,11,,,0,20,,70506,11,,,0,20,,70507,11,,,0,64,,70508,11,,,0,24,,70509,11,,,0,25,,70511,11,,,0
2000000,'3_5',646,,70512,11,,,0,65,,70513,11,,,0,25,,70553,11,,,0,20,,70514,11,,,0,61,,70515,11,,,0,20,,70516,11,,,0,21,,70517,11,,,0,60,,70518,11,,,0,18,,70519,11,,,0,18,,70520,11,,,0,57,,70521,11,,,0,19,,70522,11,,,0,20,,70523,11,,,0,59,,70524,11,,,0,19,,70525,11,,,0,19,,70526,11,,,0,59,,70527,11,,,0,19,,70528,11,,,0,19,,70529,11,,,0,59,,70530,11,,,0,18,,70531,11,,,0,19,,70532,11,,,0,19,,70533,11,,,0,59,,70534,11,,,0,20,,70535,11,,,0,20,,70536,11,,,0,59,,70537,11,,,0,19,,70538,11,,,0,19,,70539,11,,,0,60,,70540,11,,,0,20,,70541,11,,,0,21,,70542,11,,,0,61,,70543,11,,,0,21,,70544,11,,,0,21,,70545,11,,,0,61,,70546,11,,,0,21,,70547,11,,,0,61,,70548,11,,,0,20,,70549,11,,,0,20,,70550,11,,,0,64,,70551,11,,,0,24,,70552,11,,,0,25,,70554,11,,,0
2000000,'4_7',822,,70555,11,,,0,80,,70556,11,,,0,40,,70557,11,,,0,80,,70558,11,,,0,80,,70559,11,,,0,40,,70560,11,,,0,80,,70561,11,,,0,80,,70562,11,,,0,40,,70563,11,,,0,80,,70564,11,,,0,80,,70565,11,,,0,40,,70566,11,,,0,80,,70567,11,,,0,80,,70568,11,,,0,40,,70569,11,,,0,80,,70570,11,,,0,80,,70571,11,,,0,40,,70572,11,,,0
