1500,'1_3',740,,49425,13,,,0,61,,49426,13,,,0,114,,49427,13,,,0,117,,49428,13,,,0,118,,49429,13,,,0,80,,49430,13,,,0,75,,49431,13,,,0,97,,49432,13,,,0,119,,49424,13,0,44,0,103,,49433,13,,,0,109,,49434,13,,,0,98,,49435,13,,,0,110,,49436,13,,,0
1500,'2_6',740,,32564,13,,,0,61,,32565,13,,,0,114,,32566,13,,,0,117,,32567,13,,,0,118,,32568,13,,,0,80,,32569,13,,,0,75,,32570,13,,,0,97,,32571,13,,,0,119,,32563,13,0,44,0,103,,32572,13,,,0,109,,32573,13,,,0,98,,32574,13,,,0,110,,32575,13,,,0
1500,'7_1',740,,47150,13,,,0,61,,47151,13,,,0,114,,47152,13,,,0,117,,47153,13,,,0,118,,47154,13,,,0,80,,47155,13,,,0,75,,47156,13,,,0,97,,47157,13,,,0,119,,47149,13,0,44,0,103,,47158,13,,,0,109,,47159,13,,,0,98,,47160,13,,,0,110,,47161,13,,,0
1500,'7_2',740,,49438,13,,,0,61,,49439,13,,,0,114,,49440,13,,,0,117,,49441,13,,,0,118,,49442,13,,,0,80,,49443,13,,,0,75,,49444,13,,,0,97,,49445,13,,,0,119,,49437,13,0,44,0,103,,49446,13,,,0,109,,49447,13,,,0,98,,49448,13,,,0,110,,49449,13,,,0
1500,'7_4',740,,49451,13,,,0,61,,49452,13,,,0,114,,49453,13,,,0,117,,49454,13,,,0,118,,49455,13,,,0,80,,49456,13,,,0,75,,49457,13,,,0,97,,49458,13,,,0,119,,49450,13,0,44,0,103,,49459,13,,,0,109,,49460,13,,,0,98,,49461,13,,,0,110,,49462,13,,,0
1501,'1_3',658,,49464,12,,,0,58,,49465,12,,,0,95,,49466,12,,,0,21,,49467,12,,,0,117,,49468,12,,,0,156,,49469,12,,,0,118,,49470,12,,,0,94,,49471,12,,,0,118,,49472,12,,,0,222,,49473,12,,,0,150,,49474,12,,,0,95,,49475,12,,,0
1501,'2_6',658,,32642,12,,,0,58,,32643,12,,,0,95,,32644,12,,,0,21,,32645,12,,,0,117,,32646,12,,,0,156,,32647,12,,,0,118,,32648,12,,,0,94,,32649,12,,,0,118,,32650,12,,,0,222,,32651,12,,,0,150,,32652,12,,,0,95,,32653,12,,,0
1501,'7_1',658,,47163,12,,,0,58,,47164,12,,,0,95,,47165,12,,,0,21,,47166,12,,,0,117,,47167,12,,,0,156,,47168,12,,,0,118,,47169,12,,,0,94,,47170,12,,,0,118,,47171,12,,,0,222,,47172,12,,,0,150,,47173,12,,,0,95,,47174,12,,,0
1501,'7_2',658,,49477,12,,,0,58,,49478,12,,,0,95,,49479,12,,,0,21,,49480,12,,,0,117,,49481,12,,,0,156,,49482,12,,,0,118,,49483,12,,,0,94,,49484,12,,,0,118,,49485,12,,,0,222,,49486,12,,,0,150,,49487,12,,,0,95,,49488,12,,,0
1501,'7_4',658,,49490,12,,,0,58,,49491,12,,,0,95,,49492,12,,,0,21,,49493,12,,,0,117,,49494,12,,,0,156,,49495,12,,,0,118,,49496,12,,,0,94,,49497,12,,,0,118,,49498,12,,,0,222,,49499,12,,,0,150,,49500,12,,,0,95,,49501,12,,,0
