400,'1_3',759,,48709,50,0,40,0,59,,48716,53,0,40,0,6,,48686,49,0,40,0,17,,48687,50,0,40,0,11,,48710,49,0,40,0,54,,48688,49,0,40,0,13,,48689,49,0,40,0,30,,48690,49,0,40,0,80,,48691,61,0,40,0,71,,48692,49,0,40,0,30,,48693,49,0,40,0,75,,48694,49,0,40,0,37,,48695,49,0,40,0,68,,48714,52,,,0,25,,48711,62,0,40,0,24,,48696,49,0,40,0,67,,48697,49,0,40,0,29,,48700,61,0,40,0,75,,48698,49,0,40,0,73,,48701,61,0,40,0,38,,48699,49,0,40,0,83,,48717,53,0,40,0,15,,48702,33,0,40,0,10,,48712,62,0,40,0,8,,48703,49,0,40,0,65,,48718,53,,,0,4,,48704,61,0,40,0,22,,48705,49,0,40,0,61,,48715,52,,,0,28,,48706,49,0,40,0,65,,48707,61,0,40,0
400,'2_6',750,,31221,49,0,40,0,104,,31222,49,0,40,0,72,,31215,61,0,40,0,27,,31223,49,0,40,0,72,,31224,49,0,40,0,30,,31225,49,0,40,0,71,,31216,61,0,40,0,31,,31226,49,0,40,0,70,,31228,49,0,40,0,29,,31227,49,0,40,0,69,,31217,61,0,40,0,30,,31229,49,0,40,0,71,,31230,49,0,40,0,29,,31231,49,0,40,0,72,,31218,61,0,40,0,73,,31232,49,0,40,0,31,,31233,49,0,40,0,71,,31234,49,0,40,0,33,,31219,61,0,40,0,72,,31235,49,0,40,0,30,,31236,49,0,40,0,71,,31237,49,0,40,0,29,,31220,61,0,40,0,70,,31238,49,0,40,0
400,'3_7',947,,31239,49,0,40,0,100,,31240,49,0,40,0,100,,31241,49,0,40,0,100,,31242,49,0,40,0,100,,31243,49,0,40,0,100,,31244,49,0,40,0,100,,31245,49,0,40,0,100,,31246,49,0,40,0,100,,31247,49,0,40,0,100,,31248,49,0,40,0
400,'4_7',947,,46882,49,0,40,0,100,,46883,49,0,40,0,100,,46884,49,0,40,0,100,,46885,49,0,40,0,100,,46886,49,0,40,0,100,,46887,49,0,40,0,100,,46888,49,0,40,0,100,,46889,49,0,40,0,100,,46890,49,0,40,0,100,,46891,49,0,40,0
400,'7_1',759,,46916,50,0,40,0,59,,46923,53,0,40,0,6,,46892,49,0,40,0,17,,46893,50,0,40,0,11,,46917,49,0,40,0,54,,46894,49,0,40,0,13,,46895,49,0,40,0,30,,46896,49,0,40,0,80,,46897,61,0,40,0,71,,46898,49,0,40,0,30,,46899,49,0,40,0,75,,46900,49,0,40,0,37,,46901,49,0,40,0,68,,46921,52,,,0,25,,46918,62,0,40,0,24,,46902,49,0,40,0,67,,46903,49,0,40,0,29,,46906,61,0,40,0,75,,46904,49,0,40,0,73,,46907,61,0,40,0,38,,46905,49,0,40,0,83,,46924,53,0,40,0,15,,46908,33,0,40,0,10,,46919,62,0,40,0,8,,46909,49,0,40,0,65,,46925,53,,,0,4,,46910,61,0,40,0,22,,46914,33,0,40,0,61,,46922,52,,,0,28,,46912,49,0,40,0,65,,46913,61,0,40,0
400,'7_2',759,,48743,50,0,40,0,59,,48750,53,0,40,0,6,,48719,49,0,40,0,17,,48720,50,0,40,0,11,,48744,49,0,40,0,54,,48721,49,0,40,0,13,,48722,49,0,40,0,30,,48723,49,0,40,0,80,,48724,61,0,40,0,71,,48725,49,0,40,0,30,,48726,49,0,40,0,75,,48727,49,0,40,0,37,,48728,49,0,40,0,68,,48748,52,,,0,25,,48745,62,0,40,0,24,,48729,49,0,40,0,67,,48730,49,0,40,0,29,,48733,61,0,40,0,75,,48731,49,0,40,0,73,,48734,61,0,40,0,38,,48732,49,0,40,0,83,,48751,53,0,40,0,15,,48735,33,0,40,0,10,,48746,62,0,40,0,8,,48736,49,0,40,0,65,,48752,53,,,0,4,,48737,61,0,40,0,22,,48741,33,0,40,0,61,,48749,52,,,0,28,,48739,49,0,40,0,65,,48740,61,0,40,0
400,'7_4',759,,48777,50,0,40,0,59,,48784,53,0,40,0,6,,48753,49,0,40,0,17,,48754,50,0,40,0,11,,48778,49,0,40,0,54,,48755,49,0,40,0,13,,48756,49,0,40,0,30,,48757,49,0,40,0,80,,48758,61,0,40,0,71,,48759,49,0,40,0,30,,48760,49,0,40,0,75,,48761,49,0,40,0,37,,48762,49,0,40,0,68,,48782,52,,,0,25,,48779,62,0,40,0,24,,48763,49,0,40,0,67,,48764,49,0,40,0,29,,48767,61,0,40,0,75,,48765,49,0,40,0,73,,48768,61,0,40,0,38,,48766,49,0,40,0,83,,48785,53,0,40,0,15,,48769,33,0,40,0,10,,48780,62,0,40,0,8,,48770,49,0,40,0,65,,48786,53,,,0,4,,48771,61,0,40,0,22,,48775,33,0,40,0,61,,48783,52,,,0,28,,48773,49,0,40,0,65,,48774,61,0,40,0
400,'8_7',947,,51936,49,0,40,0,100,,51937,49,0,40,0,100,,51938,49,0,40,0,100,,51939,49,0,40,0,100,,51940,49,0,40,0,100,,51941,49,0,40,0,100,,51942,49,0,40,0,100,,51943,49,0,40,0,100,,51944,49,0,40,0,100,,51945,49,0,40,0
400,'9_7',947,,52163,49,0,40,0,100,,52164,49,0,40,0,100,,52165,49,0,40,0,100,,52166,49,0,40,0,100,,52167,49,0,40,0,100,,52168,49,0,40,0,100,,52169,49,0,40,0,100,,52170,49,0,40,0,100,,52171,49,0,40,0,100,,52172,49,0,40,0
2300,'1_3',1236,,49781,30,,,0,3,,49780,30,,,0
2300,'7_1',1633,,47270,30,,,0,105,,47271,30,,,0,95,,47272,30,,,0
2300,'7_2',1633,,49782,30,,,0,105,,49783,30,,,0,95,,49784,30,,,0
2300,'7_4',1633,,49785,30,,,0,105,,49786,30,,,0,95,,49787,30,,,0
2900400,'1_3',1706,,51230,9,,,0,100,,51231,9,,,0
2900400,'7_1',1706,,47828,9,,,0,100,,47829,9,,,0
2900400,'7_2',1706,,51232,9,,,0,100,,51233,9,,,0
2900400,'7_4',1706,,51234,9,,,0,100,,51235,9,,,0
