800,'3_1',703,,66310,14,,,0,33,,66311,14,,,0,67,,66312,14,,,0,31,,66313,14,,,0,80,,66314,14,,,0,110,,66315,14,,,0,117,,66316,14,,,0,111,,66317,14,,,0,150,,66318,14,,,0,112,,66320,14,,,0,110,,66319,14,,,0
800,'3_3',703,,66321,14,,,0,33,,66322,14,,,0,67,,66323,14,,,0,31,,66324,14,,,0,80,,66325,14,,,0,110,,66326,14,,,0,117,,66327,14,,,0,111,,66328,14,,,0,150,,66329,14,,,0,112,,66331,14,,,0,110,,66330,14,,,0
800,'3_4',703,,66332,14,,,0,33,,66333,14,,,0,67,,66334,14,,,0,31,,66335,14,,,0,80,,66336,14,,,0,110,,66337,14,,,0,117,,66338,14,,,0,111,,66339,14,,,0,150,,66340,14,,,0,112,,66342,14,,,0,110,,66341,14,,,0
800,'3_5',703,,66343,14,,,0,33,,66344,14,,,0,67,,66345,14,,,0,31,,66346,14,,,0,80,,66347,14,,,0,110,,66348,14,,,0,117,,66349,14,,,0,111,,66350,14,,,0,150,,66351,14,,,0,112,,66353,14,,,0,110,,66352,14,,,0
2200,'0_6',1027,,67568,16,,,0,120,,67569,16,,,0,170,,67570,16,,,0,217,,67571,16,,,0,183,,67572,16,,,0,127,,67573,16,,,0,164,,67574,16,,,0
2200,'1_7',1356,,67575,16,,,0,160,,67576,16,,,0,120,,67577,16,,,0,120,,67578,16,,,0,159,,67579,16,,,0
2200,'3_1',1027,,67615,16,,,0,120,,67616,16,,,0,170,,67617,16,,,0,217,,67618,16,,,0,183,,67619,16,,,0,127,,67620,16,,,0,164,,67621,16,,,0
2200,'3_3',1027,,67622,16,,,0,120,,67623,16,,,0,170,,67624,16,,,0,217,,67625,16,,,0,183,,67626,16,,,0,127,,67627,16,,,0,164,,67628,16,,,0
2200,'3_4',1027,,67629,16,,,0,120,,67630,16,,,0,170,,67631,16,,,0,217,,67632,16,,,0,183,,67633,16,,,0,127,,67634,16,,,0,164,,67635,16,,,0
2200,'3_5',1027,,67636,16,,,0,120,,67637,16,,,0,170,,67638,16,,,0,217,,67639,16,,,0,183,,67640,16,,,0,127,,67641,16,,,0,164,,67642,16,,,0
2200,'4_7',1356,,67643,16,,,0,160,,67644,16,,,0,120,,67645,16,,,0,120,,67646,16,,,0,159,,67647,16,,,0
