100,'1_3',700,,48090,2,0,61 8,0,31,,48081,2,,,0,75,,48091,2,0,9 10,0,38,,48082,2,0,61 8,0,156,,48083,2,0,61 8,0,117,,48084,2,0,61 8,0,116,,48085,2,0,61 8,0,89,,48086,2,0,61 8,0,114,,48087,2,0,61 8,0,99,,48092,2,0,61 8,0,102,,48088,2,0,61 8,0,84,,48089,2,0,61 8,0,83,,48079,2,,,0,111,,48080,2,,,0
100,'2_6',651,,29921,2,0,61 8,0,202,,29922,2,0,61 8,0,99,,29923,2,0,61 8,0,102,,29924,2,0,61 8,0,100,,29925,2,0,61 8,0,100,,29926,2,0,61 8,0,99,,29927,2,0,61 8,0,100,,29928,2,0,61 8,0,101,,29929,2,0,61 8,0,104,,29930,2,0,61 8,0,99,,29931,2,0,61 8,0,102,,29932,2,0,61 8,0
100,'3_7',1004,,29949,2,0,61 8,0,210,,29950,2,0,61 8,0,190,,29951,2,0,61 8,0,209,,29952,2,0,61 8,0,212,,29953,2,0,61 8,0
100,'4_7',1004,,46627,2,0,61 8,0,210,,46628,2,0,61 8,0,190,,46629,2,0,61 8,0,209,,46630,2,0,61 8,0,212,,46631,2,0,61 8,0
100,'7_1',700,,46643,2,0,61 8,0,31,,46634,2,,,0,75,,46644,2,0,9 10,0,38,,46635,2,0,61 8,0,156,,46636,2,0,61 8,0,117,,46637,2,0,61 8,0,116,,46638,2,0,61 8,0,89,,46639,2,0,61 8,0,114,,46640,2,0,61 8,0,99,,46645,2,0,61 8,0,102,,46641,2,0,61 8,0,84,,46642,2,0,61 8,0,83,,46632,2,,,0,111,,46633,2,,,0
100,'7_2',700,,48125,2,0,61 8,0,31,,48116,2,,,0,75,,48126,2,0,9 10,0,38,,48117,2,0,61 8,0,156,,48118,2,0,61 8,0,117,,48119,2,0,61 8,0,116,,48120,2,0,61 8,0,89,,48121,2,0,61 8,0,114,,48122,2,0,61 8,0,99,,48127,2,0,61 8,0,102,,48123,2,0,61 8,0,84,,48124,2,0,61 8,0,83,,48114,2,,,0,111,,48115,2,,,0
100,'7_4',700,,48160,2,0,61 8,0,31,,48151,2,,,0,75,,48161,2,0,9 10,0,38,,48152,2,0,61 8,0,156,,48153,2,0,61 8,0,117,,48154,2,0,61 8,0,116,,48155,2,0,61 8,0,89,,48156,2,0,61 8,0,114,,48157,2,0,61 8,0,99,,48162,2,0,61 8,0,102,,48158,2,0,61 8,0,84,,48159,2,0,61 8,0,83,,48149,2,,,0,111,,48150,2,,,0
100,'8_7',1004,,51852,2,0,61 8,0,210,,51853,2,0,61 8,0,190,,51854,2,0,61 8,0,209,,51855,2,0,61 8,0,212,,51856,2,0,61 8,0
100,'9_7',1004,,52079,2,0,61 8,0,210,,52080,2,0,61 8,0,190,,52081,2,0,61 8,0,209,,52082,2,0,61 8,0,212,,52083,2,0,61 8,0
800,'1_3',653,,49136,5,,,0,73,,49137,5,,,0,28,,49138,5,,,0,71,,49139,5,,,0,80,,49140,5,,,0,110,,49141,5,,,0,117,,49142,5,,,0,111,,49143,5,,,0,110,,49144,5,,,0,152,,49146,5,,,0,110,,49145,5,,,0
800,'7_1',653,,47053,5,,,0,73,,47054,5,,,0,28,,47055,5,,,0,71,,47056,5,,,0,80,,47057,5,,,0,110,,47058,5,,,0,117,,47059,5,,,0,111,,47060,5,,,0,110,,47061,5,,,0,152,,47063,5,,,0,110,,47062,5,,,0
800,'7_2',653,,49147,5,,,0,73,,49148,5,,,0,28,,49149,5,,,0,71,,49150,5,,,0,80,,49151,5,,,0,110,,49152,5,,,0,117,,49153,5,,,0,111,,49154,5,,,0,110,,49155,5,,,0,152,,49157,5,,,0,110,,49156,5,,,0
800,'7_4',653,,49158,5,,,0,73,,49159,5,,,0,28,,49160,5,,,0,71,,49161,5,,,0,80,,49162,5,,,0,110,,49163,5,,,0,117,,49164,5,,,0,111,,49165,5,,,0,110,,49166,5,,,0,152,,49168,5,,,0,110,,49167,5,,,0
