1500,'1_3',743,,49425,17,,,0,61,,49426,17,,,0,114,,49427,17,,,0,117,,49428,17,,,0,118,,49429,17,,,0,80,,49430,17,,,0,75,,49431,17,,,0,97,,49432,17,,,0,222,,49433,17,,,0,109,,49434,17,,,0,98,,49435,17,,,0,110,,49436,17,,,0
1500,'2_6',743,,32564,17,,,0,61,,32565,17,,,0,114,,32566,17,,,0,117,,32567,17,,,0,118,,32568,17,,,0,80,,32569,17,,,0,75,,32570,17,,,0,97,,32571,17,,,0,222,,32572,17,,,0,109,,32573,17,,,0,98,,32574,17,,,0,110,,32575,17,,,0
1500,'7_1',743,,47150,17,,,0,61,,47151,17,,,0,114,,47152,17,,,0,117,,47153,17,,,0,118,,47154,17,,,0,80,,47155,17,,,0,75,,47156,17,,,0,97,,47157,17,,,0,222,,47158,17,,,0,109,,47159,17,,,0,98,,47160,17,,,0,110,,47161,17,,,0
1500,'7_2',743,,49438,17,,,0,61,,49439,17,,,0,114,,49440,17,,,0,117,,49441,17,,,0,118,,49442,17,,,0,80,,49443,17,,,0,75,,49444,17,,,0,97,,49445,17,,,0,222,,49446,17,,,0,109,,49447,17,,,0,98,,49448,17,,,0,110,,49449,17,,,0
1500,'7_4',743,,49451,17,,,0,61,,49452,17,,,0,114,,49453,17,,,0,117,,49454,17,,,0,118,,49455,17,,,0,80,,49456,17,,,0,75,,49457,17,,,0,97,,49458,17,,,0,222,,49459,17,,,0,109,,49460,17,,,0,98,,49461,17,,,0,110,,49462,17,,,0
1501,'1_3',653,,49464,7,,,0,58,,49465,7,,,0,95,,49466,7,,,0,21,,49467,7,,,0,117,,49468,7,,,0,156,,49469,7,,,0,118,,49470,7,,,0,94,,49471,7,,,0,119,,49472,7,,,0,222,,49473,7,,,0,150,,49474,7,,,0,55,,49475,7,,,0
1501,'2_6',653,,32642,7,,,0,58,,32643,7,,,0,95,,32644,7,,,0,21,,32645,7,,,0,117,,32646,7,,,0,156,,32647,7,,,0,118,,32648,7,,,0,94,,32649,7,,,0,119,,32650,7,,,0,222,,32651,7,,,0,150,,32652,7,,,0,55,,32653,7,,,0
1501,'7_1',653,,47163,7,,,0,58,,47164,7,,,0,95,,47165,7,,,0,21,,47166,7,,,0,117,,47167,7,,,0,156,,47168,7,,,0,118,,47169,7,,,0,94,,47170,7,,,0,119,,47171,7,,,0,222,,47172,7,,,0,150,,47173,7,,,0,55,,47174,7,,,0
1501,'7_2',653,,49477,7,,,0,58,,49478,7,,,0,95,,49479,7,,,0,21,,49480,7,,,0,117,,49481,7,,,0,156,,49482,7,,,0,118,,49483,7,,,0,94,,49484,7,,,0,119,,49485,7,,,0,222,,49486,7,,,0,150,,49487,7,,,0,55,,49488,7,,,0
1501,'7_4',653,,49490,7,,,0,58,,49491,7,,,0,95,,49492,7,,,0,21,,49493,7,,,0,117,,49494,7,,,0,156,,49495,7,,,0,118,,49496,7,,,0,94,,49497,7,,,0,119,,49498,7,,,0,222,,49499,7,,,0,150,,49500,7,,,0,55,,49501,7,,,0
