1000,'0_6',947,,66750,28,,,0,83,,66753,29,,,0,225,,66754,29,,,0,288,,66751,28,,,0,171,,66746,29,,,0,207,,66752,28,,,0
1000,'3_1',906,,66827,27,0,18 30,0,151,,66833,27,0,18 30,0,249,,66834,27,0,18 30,0,207,,66830,28,,,0,208,,66831,28,,,0,226,,66832,28,0,18 30,0
1000,'3_3',906,,66840,27,0,18 30,0,151,,66846,27,0,18 30,0,249,,66847,27,0,18 30,0,207,,66843,28,,,0,208,,66844,28,,,0,226,,66845,28,0,18 30,0
1000,'3_4',906,,66853,27,0,18 30,0,151,,66859,27,0,18 30,0,249,,66860,27,0,18 30,0,207,,66856,28,,,0,208,,66857,28,,,0,226,,66858,28,0,18 30,0
1000,'3_5',906,,66866,27,0,18 30,0,151,,66872,27,0,18 30,0,249,,66873,27,0,18 30,0,207,,66869,28,,,0,208,,66870,28,,,0,226,,66871,28,0,18 30,0
1000,'4_7',906,,66879,27,0,18 30,0,151,,66885,27,0,18 30,0,249,,66886,27,0,18 30,0,207,,66882,28,,,0,208,,66883,28,,,0,226,,66884,28,0,18 30,0
1001,'0_6',812,,66900,14,,,0,222,,66901,17,,,0,183,,66902,17,,,0,87,,66897,17,0,61 65,0,153,,66903,17,,,0,445,,66898,17,0,61 65,0,111,,66899,17,0,61 65,0
1001,'3_1',808,,66969,14,,,0,113,,66970,17,0,61 65,0,210,,66971,17,0,61 65,0,195,,66974,15,,,0,200,,66975,15,,,0,383,,66972,17,0,61 65,0,99,,66973,17,0,61 65,0
1001,'3_3',808,,66981,14,,,0,113,,66982,17,0,61 65,0,210,,66983,17,0,61 65,0,195,,66986,15,,,0,200,,66987,15,,,0,383,,66984,17,0,61 65,0,99,,66985,17,0,61 65,0
1001,'3_4',808,,66993,14,,,0,113,,66994,17,0,61 65,0,210,,66995,17,0,61 65,0,195,,66998,15,,,0,200,,66999,15,,,0,383,,66996,17,0,61 65,0,99,,66997,17,0,61 65,0
1001,'3_5',808,,67005,14,,,0,113,,67006,17,0,61 65,0,210,,67007,17,0,61 65,0,195,,67010,15,,,0,200,,67011,15,,,0,383,,67008,17,0,61 65,0,99,,67009,17,0,61 65,0
1001,'4_7',808,,67017,14,,,0,113,,67018,17,0,61 65,0,210,,67019,17,0,61 65,0,195,,67022,15,,,0,200,,67023,15,,,0,383,,67020,17,0,61 65,0,99,,67021,17,0,61 65,0
1100,'0_6',656,,67029,13,,,0,160,,67030,13,,,0,905,,67031,13,,,0,119,,67032,13,,,0
1100,'3_1',656,,67053,13,,,0,160,,67054,13,,,0,905,,67055,13,,,0,119,,67056,13,,,0
1100,'3_3',656,,67057,13,,,0,160,,67058,13,,,0,905,,67059,13,,,0,119,,67060,13,,,0
1100,'3_4',656,,67061,13,,,0,160,,67062,13,,,0,905,,67063,13,,,0,119,,67064,13,,,0
1100,'3_5',656,,67065,13,,,0,160,,67066,13,,,0,905,,67067,13,,,0,119,,67068,13,,,0
1101,'0_6',1638,,67069,11,,,0,119,,67070,11,,,0
1101,'3_1',1638,,67081,11,,,0,119,,67082,11,,,0
1101,'3_3',1638,,67083,11,,,0,119,,67084,11,,,0
1101,'3_4',1638,,67085,11,,,0,119,,67086,11,,,0
1101,'3_5',1638,,67087,11,,,0,119,,67088,11,,,0
