100,'1_3',722,,48093,28,0,61 8,0,14,,48090,28,0,61 8,0,16,,48094,28,0,61 8,0,54,,48081,28,,,0,16,,48100,28,0,61 8,0,30,,48095,28,0,61 8,0,67,,48082,28,0,61 8,0,38,,48096,28,0,61 8,0,78,,48083,28,0,61 8,0,80,,48097,28,0,61 8,0,38,,48084,28,0,61 8,0,59,,48101,28,,,0,21,,48112,5,,,0,3,,48102,28,,,0,71,,48085,28,0,61 8,0,25,,48098,28,0,61 8,0,25,,48086,28,0,61 8,0,75,,48099,28,0,61 8,0,80,,48087,28,0,61 8,0,24,,48103,28,,,0,76,,48092,28,0,61 8,0,20,,48104,28,,,0,13,,48109,5,0,61 8,0,62,,48105,28,,,0,10,,48088,28,0,61 8,0,20,,48106,28,,,0,20,,48089,28,0,61 8,0,55,,48107,28,,,0,25,,48079,28,,,0,74,,48108,28,0,61 8,0,35,,48080,28,,,0
100,'2_6',722,,29921,28,0,61 8,0,110,,29933,28,0,61 8,0,95,,29922,28,0,61 8,0,31,,29934,28,0,61 8,0,70,,29923,28,0,61 8,0,72,,29935,28,0,61 8,0,30,,29924,28,0,61 8,0,29,,29936,28,0,61 8,0,71,,29925,28,0,61 8,0,28,,29937,28,0,61 8,0,70,,29926,28,0,61 8,0,30,,29938,28,0,61 8,0,70,,29927,28,0,61 8,0,31,,29939,28,0,61 8,0,69,,29928,28,0,61 8,0,31,,29940,28,0,61 8,0,71,,29929,28,0,61 8,0,71,,29941,28,0,61 8,0,33,,29930,28,0,61 8,0,68,,29942,28,0,61 8,0,30,,29931,28,0,61 8,0,71,,29943,28,0,61 8,0,29,,29932,28,0,61 8,0
100,'3_7',926,,29944,28,0,61 8,0,105,,29949,28,0,61 8,0,106,,29945,28,0,61 8,0,104,,29950,28,0,61 8,0,90,,29946,28,0,61 8,0,100,,29951,28,0,61 8,0,105,,29947,28,0,61 8,0,105,,29952,28,0,61 8,0,105,,29948,28,0,61 8,0,105,,29953,28,0,61 8,0
100,'4_7',926,,46622,28,0,61 8,0,105,,46627,28,0,61 8,0,106,,46623,28,0,61 8,0,104,,46628,28,0,61 8,0,90,,46624,28,0,61 8,0,100,,46629,28,0,61 8,0,105,,46625,28,0,61 8,0,105,,46630,28,0,61 8,0,105,,46626,28,0,61 8,0,105,,46631,28,0,61 8,0
100,'7_1',722,,46646,28,0,61 8,0,14,,46643,28,0,61 8,0,16,,46647,28,0,61 8,0,54,,46634,28,,,0,16,,46653,28,0,61 8,0,30,,46648,28,0,61 8,0,67,,46635,28,0,61 8,0,38,,46649,28,0,61 8,0,78,,46636,28,0,61 8,0,80,,46650,28,0,61 8,0,38,,46637,28,0,61 8,0,59,,46654,28,,,0,24,,46655,28,,,0,71,,46638,28,0,61 8,0,25,,46651,28,0,61 8,0,25,,46639,28,0,61 8,0,75,,46652,28,0,61 8,0,80,,46640,28,0,61 8,0,24,,46656,28,,,0,76,,46645,28,0,61 8,0,20,,46657,28,,,0,13,,46662,5,0,61 8,0,62,,46658,28,,,0,10,,46641,28,0,61 8,0,13,,46665,12,,,0,7,,46659,28,,,0,20,,46642,28,0,61 8,0,55,,46660,28,,,0,6,,46666,12,,,0,19,,46632,28,,,0,74,,46661,28,0,61 8,0,35,,46633,28,,,0
100,'7_2',722,,48128,28,0,61 8,0,14,,48125,28,0,61 8,0,16,,48129,28,0,61 8,0,54,,48116,28,,,0,16,,48135,28,0,61 8,0,30,,48130,28,0,61 8,0,67,,48117,28,0,61 8,0,38,,48131,28,0,61 8,0,78,,48118,28,0,61 8,0,80,,48132,28,0,61 8,0,38,,48119,28,0,61 8,0,59,,48136,28,,,0,24,,48137,28,,,0,71,,48120,28,0,61 8,0,25,,48133,28,0,61 8,0,25,,48121,28,0,61 8,0,75,,48134,28,0,61 8,0,80,,48122,28,0,61 8,0,24,,48138,28,,,0,76,,48127,28,0,61 8,0,20,,48139,28,,,0,13,,48144,5,0,61 8,0,62,,48140,28,,,0,10,,48123,28,0,61 8,0,13,,48147,12,,,0,7,,48141,28,,,0,20,,48124,28,0,61 8,0,55,,48142,28,,,0,6,,48148,12,,,0,19,,48114,28,,,0,74,,48143,28,0,61 8,0,35,,48115,28,,,0
100,'7_4',722,,48163,28,0,61 8,0,14,,48160,28,0,61 8,0,16,,48164,28,0,61 8,0,54,,48151,28,,,0,16,,48170,28,0,61 8,0,30,,48165,28,0,61 8,0,67,,48152,28,0,61 8,0,38,,48166,28,0,61 8,0,78,,48153,28,0,61 8,0,80,,48167,28,0,61 8,0,38,,48154,28,0,61 8,0,59,,48171,28,,,0,24,,48172,28,,,0,71,,48155,28,0,61 8,0,25,,48168,28,0,61 8,0,25,,48156,28,0,61 8,0,75,,48169,28,0,61 8,0,80,,48157,28,0,61 8,0,24,,48173,28,,,0,76,,48162,28,0,61 8,0,20,,48174,28,,,0,13,,48179,5,0,61 8,0,62,,48175,28,,,0,10,,48158,28,0,61 8,0,13,,48182,12,,,0,7,,48176,28,,,0,20,,48159,28,0,61 8,0,55,,48177,28,,,0,6,,48183,12,,,0,19,,48149,28,,,0,74,,48178,28,0,61 8,0,35,,48150,28,,,0
100,'8_7',926,,51847,28,0,61 8,0,105,,51852,28,0,61 8,0,106,,51848,28,0,61 8,0,104,,51853,28,0,61 8,0,90,,51849,28,0,61 8,0,100,,51854,28,0,61 8,0,105,,51850,28,0,61 8,0,105,,51855,28,0,61 8,0,105,,51851,28,0,61 8,0,105,,51856,28,0,61 8,0
100,'9_7',926,,52074,28,0,61 8,0,105,,52079,28,0,61 8,0,106,,52075,28,0,61 8,0,104,,52080,28,0,61 8,0,90,,52076,28,0,61 8,0,100,,52081,28,0,61 8,0,105,,52077,28,0,61 8,0,105,,52082,28,0,61 8,0,105,,52078,28,0,61 8,0,105,,52083,28,0,61 8,0
400,'1_3',722,,48708,19,0,43,0,15,,48716,19,0,40,0,15,,48686,19,0,40,0,54,,48687,19,0,40,0,16,,48710,19,0,40,0,15,,48688,19,0,40,0,14,,48689,19,0,40,0,70,,48690,19,0,40,0,80,,48691,31,0,40,0,31,,48692,19,0,40,0,70,,48693,19,0,40,0,35,,48694,19,0,40,0,75,,48695,19,0,40,0,24,,48714,19,,,0,66,,48711,31,0,40,0,30,,48696,19,0,40,0,27,,48697,19,0,40,0,68,,48700,31,0,40,0,75,,48698,19,0,40,0,30,,48701,31,0,40,0,75,,48699,19,0,40,0,30,,48717,19,0,40,0,65,,48702,3,0,40,0,5,,48712,31,0,40,0,15,,48703,19,0,40,0,15,,48718,19,,,0,15,,48704,31,0,40,0,65,,48705,19,0,40,0,20,,48715,19,,,0,74,,48706,19,0,40,0,25,,48707,31,0,40,0
400,'2_6',722,,31221,19,0,40,0,104,,31222,19,0,40,0,74,,31215,31,0,40,0,27,,31223,19,0,40,0,32,,31224,19,0,40,0,70,,31225,19,0,40,0,30,,31216,31,0,40,0,71,,31226,19,0,40,0,29,,31228,19,0,40,0,71,,31227,19,0,40,0,29,,31217,31,0,40,0,70,,31229,19,0,40,0,71,,31230,19,0,40,0,29,,31231,19,0,40,0,72,,31218,31,0,40,0,32,,31232,19,0,40,0,69,,31233,19,0,40,0,30,,31234,19,0,40,0,72,,31219,31,0,40,0,35,,31235,19,0,40,0,71,,31236,19,0,40,0,32,,31237,19,0,40,0,69,,31220,31,0,40,0,31,,31238,19,0,40,0
400,'3_7',921,,31239,19,0,40,0,100,,31240,19,0,40,0,100,,31241,19,0,40,0,100,,31242,19,0,40,0,100,,31243,19,0,40,0,100,,31244,19,0,40,0,100,,31245,19,0,40,0,100,,31246,19,0,40,0,100,,31247,19,0,40,0,100,,31248,19,0,40,0
400,'4_7',921,,46882,19,0,40,0,100,,46883,19,0,40,0,100,,46884,19,0,40,0,100,,46885,19,0,40,0,100,,46886,19,0,40,0,100,,46887,19,0,40,0,100,,46888,19,0,40,0,100,,46889,19,0,40,0,100,,46890,19,0,40,0,100,,46891,19,0,40,0
400,'7_1',722,,46915,19,0,43,0,15,,46923,19,0,40,0,15,,46892,19,0,40,0,54,,46893,19,0,40,0,16,,46917,19,0,40,0,15,,46894,19,0,40,0,14,,46895,19,0,40,0,70,,46896,19,0,40,0,80,,46897,31,0,40,0,31,,46898,19,0,40,0,70,,46899,19,0,40,0,35,,46900,19,0,40,0,75,,46901,19,0,40,0,24,,46921,19,,,0,66,,46918,31,0,40,0,30,,46902,19,0,40,0,27,,46903,19,0,40,0,68,,46906,31,0,40,0,75,,46904,19,0,40,0,30,,46907,31,0,40,0,75,,46905,19,0,40,0,30,,46924,19,0,40,0,65,,46908,3,0,40,0,5,,46919,31,0,40,0,15,,46909,19,0,40,0,15,,46925,19,,,0,15,,46910,31,0,40,0,65,,46914,3,0,40,0,20,,46922,19,,,0,74,,46912,19,0,40,0,25,,46913,31,0,40,0
400,'7_2',722,,48742,19,0,43,0,15,,48750,19,0,40,0,15,,48719,19,0,40,0,54,,48720,19,0,40,0,16,,48744,19,0,40,0,15,,48721,19,0,40,0,14,,48722,19,0,40,0,70,,48723,19,0,40,0,80,,48724,31,0,40,0,31,,48725,19,0,40,0,70,,48726,19,0,40,0,35,,48727,19,0,40,0,75,,48728,19,0,40,0,24,,48748,19,,,0,66,,48745,31,0,40,0,30,,48729,19,0,40,0,27,,48730,19,0,40,0,68,,48733,31,0,40,0,75,,48731,19,0,40,0,30,,48734,31,0,40,0,75,,48732,19,0,40,0,30,,48751,19,0,40,0,65,,48735,3,0,40,0,5,,48746,31,0,40,0,15,,48736,19,0,40,0,15,,48752,19,,,0,15,,48737,31,0,40,0,65,,48741,3,0,40,0,20,,48749,19,,,0,74,,48739,19,0,40,0,25,,48740,31,0,40,0
400,'7_4',722,,48776,19,0,43,0,15,,48784,19,0,40,0,15,,48753,19,0,40,0,54,,48754,19,0,40,0,16,,48778,19,0,40,0,15,,48755,19,0,40,0,14,,48756,19,0,40,0,70,,48757,19,0,40,0,80,,48758,31,0,40,0,31,,48759,19,0,40,0,70,,48760,19,0,40,0,35,,48761,19,0,40,0,75,,48762,19,0,40,0,24,,48782,19,,,0,66,,48779,31,0,40,0,30,,48763,19,0,40,0,27,,48764,19,0,40,0,68,,48767,31,0,40,0,75,,48765,19,0,40,0,30,,48768,31,0,40,0,75,,48766,19,0,40,0,30,,48785,19,0,40,0,65,,48769,3,0,40,0,5,,48780,31,0,40,0,15,,48770,19,0,40,0,15,,48786,19,,,0,15,,48771,31,0,40,0,65,,48775,3,0,40,0,20,,48783,19,,,0,74,,48773,19,0,40,0,25,,48774,31,0,40,0
400,'8_7',921,,51936,19,0,40,0,100,,51937,19,0,40,0,100,,51938,19,0,40,0,100,,51939,19,0,40,0,100,,51940,19,0,40,0,100,,51941,19,0,40,0,100,,51942,19,0,40,0,100,,51943,19,0,40,0,100,,51944,19,0,40,0,100,,51945,19,0,40,0
400,'9_7',921,,52163,19,0,40,0,100,,52164,19,0,40,0,100,,52165,19,0,40,0,100,,52166,19,0,40,0,100,,52167,19,0,40,0,100,,52168,19,0,40,0,100,,52169,19,0,40,0,100,,52170,19,0,40,0,100,,52171,19,0,40,0,100,,52172,19,0,40,0
500,'1_3',722,,48894,25,,,0,20,,48895,39,,,0,80,,48896,25,,,0,36,,48883,39,,,0,144,,48884,39,,,0,100,,48885,39,,,0,105,,48886,39,,,0,100,,48887,39,,,0,44,,48888,39,,,0,94,,48889,39,,,0,100,,48890,39,,,0,103,,48891,39,,,0,107,,48892,39,,,0,100,,48897,39,,,0,98,,48893,39,,,0
500,'2_6',752,,31549,39,,,0,100,,31538,39,,,0,100,,31539,39,,,0,100,,31540,39,,,0,99,,31541,39,,,0,96,,31542,39,,,0,98,,31543,39,,,0,100,,31544,39,,,0,100,,31545,39,,,0,100,,31546,39,,,0,100,,31547,39,,,0,191,,31548,39,,,0
500,'7_1',722,,46979,25,,,0,20,,46980,39,,,0,80,,46981,25,,,0,36,,46968,39,,,0,144,,46969,39,,,0,100,,46970,39,,,0,105,,46971,39,,,0,100,,46972,39,,,0,44,,46973,39,,,0,94,,46974,39,,,0,100,,46975,39,,,0,103,,46976,39,,,0,107,,46977,39,,,0,100,,46982,39,,,0,98,,46978,39,,,0
500,'7_2',722,,48909,25,,,0,20,,48910,39,,,0,80,,48911,25,,,0,36,,48898,39,,,0,144,,48899,39,,,0,100,,48900,39,,,0,105,,48901,39,,,0,100,,48902,39,,,0,44,,48903,39,,,0,94,,48904,39,,,0,100,,48905,39,,,0,103,,48906,39,,,0,107,,48907,39,,,0,100,,48912,39,,,0,98,,48908,39,,,0
500,'7_4',722,,48924,25,,,0,20,,48925,39,,,0,80,,48926,25,,,0,36,,48913,39,,,0,144,,48914,39,,,0,100,,48915,39,,,0,105,,48916,39,,,0,100,,48917,39,,,0,44,,48918,39,,,0,94,,48919,39,,,0,100,,48920,39,,,0,103,,48921,39,,,0,107,,48922,39,,,0,100,,48927,39,,,0,98,,48923,39,,,0
600,'1_3',725,,48968,27,,,0,24,,48982,27,0,11 12,0,93,,48969,27,,,0,106,,48970,27,0,11 12,0,100,,48971,27,0,11 12,0,89,,48972,27,0,11 12,0,110,,48973,27,0,11 12,0,110,,48974,27,0,11 12,0,96,,48983,27,0,11 12,0,91,,48975,27,0,11 12,0,101,,48976,27,0,11 12,0,89,,48977,27,0,11 12,0,79,,48978,27,0,11 12,0,27,,48979,27,0,11 12,0,68,,48980,27,0,11 12,0,39,,48981,27,0,11 12,0
600,'2_6',810,,31710,27,0,11 12,0,94,,31712,27,0,11 12,0,53,,31713,27,0,11 12,0,88,,31714,27,0,11 12,0,89,,31715,27,0,11 12,0,88,,31716,27,0,11 12,0,88,,31717,27,0,11 12,0,90,,31718,27,0,11 12,0,48,,31719,27,0,11 12,0,99,,31720,27,0,11 12,0,91,,31721,27,0,11 12,0,92,,31722,27,0,11 12,0,90,,31723,27,0,11 12,0,91,,31724,27,0,11 12,0,40,,31711,27,0,11 12,0
600,'7_1',725,,46997,27,,,0,24,,47011,27,0,11 12,0,93,,46998,27,,,0,106,,46999,27,0,11 12,0,100,,47000,27,0,11 12,0,89,,47001,27,0,11 12,0,110,,47002,27,0,11 12,0,110,,47003,27,0,11 12,0,96,,47012,27,0,11 12,0,91,,47004,27,0,11 12,0,101,,47005,27,0,11 12,0,89,,47006,27,0,11 12,0,79,,47007,27,0,11 12,0,27,,47008,27,0,11 12,0,68,,47009,27,0,11 12,0,39,,47010,27,0,11 12,0
600,'7_2',725,,48984,27,,,0,24,,48998,27,0,11 12,0,93,,48985,27,,,0,106,,48986,27,0,11 12,0,100,,48987,27,0,11 12,0,89,,48988,27,0,11 12,0,110,,48989,27,0,11 12,0,110,,48990,27,0,11 12,0,96,,48999,27,0,11 12,0,91,,48991,27,0,11 12,0,101,,48992,27,0,11 12,0,89,,48993,27,0,11 12,0,79,,48994,27,0,11 12,0,27,,48995,27,0,11 12,0,68,,48996,27,0,11 12,0,39,,48997,27,0,11 12,0
600,'7_4',725,,49000,27,,,0,24,,49014,27,0,11 12,0,93,,49001,27,,,0,106,,49002,27,0,11 12,0,100,,49003,27,0,11 12,0,89,,49004,27,0,11 12,0,110,,49005,27,0,11 12,0,110,,49006,27,0,11 12,0,96,,49015,27,0,11 12,0,91,,49007,27,0,11 12,0,101,,49008,27,0,11 12,0,89,,49009,27,0,11 12,0,79,,49010,27,0,11 12,0,27,,49011,27,0,11 12,0,68,,49012,27,0,11 12,0,39,,49013,27,0,11 12,0
2500,'1_3',731,,49817,3,,,0,72,,49818,3,,,0,40,,49819,3,,,0,112,,49820,3,,,0,152,,49821,3,,,0,131,,49822,3,,,0,116,,49823,3,,,0,156,,49824,3,,,0,44,,49825,3,,,0,84,,49826,3,,,0,109,,49827,3,,,0,86,,49828,3,,,0,112,,49829,3,,,0
2500,'2_6',732,,33275,3,,,0,112,,33276,3,,,0,167,,33277,3,,,0,113,,33278,3,,,0,128,,33279,3,,,0,152,,33280,3,,,0,132,,33281,3,,,0,120,,33282,3,,,0,161,,33283,3,,,0,115,,33284,3,,,0
2500,'7_1',731,,47284,3,,,0,72,,47285,3,,,0,40,,47286,3,,,0,112,,47287,3,,,0,152,,47288,3,,,0,131,,47289,3,,,0,116,,47290,3,,,0,156,,47291,3,,,0,44,,47292,3,,,0,84,,47293,3,,,0,109,,47294,3,,,0,86,,47295,3,,,0,112,,47296,3,,,0
2500,'7_2',731,,49830,3,,,0,72,,49831,3,,,0,40,,49832,3,,,0,112,,49833,3,,,0,152,,49834,3,,,0,131,,49835,3,,,0,116,,49836,3,,,0,156,,49837,3,,,0,44,,49838,3,,,0,84,,49839,3,,,0,109,,49840,3,,,0,86,,49841,3,,,0,112,,49842,3,,,0
2500,'7_4',731,,49843,3,,,0,72,,49844,3,,,0,40,,49845,3,,,0,112,,49846,3,,,0,152,,49847,3,,,0,131,,49848,3,,,0,116,,49849,3,,,0,156,,49850,3,,,0,44,,49851,3,,,0,84,,49852,3,,,0,109,,49853,3,,,0,86,,49854,3,,,0,112,,49855,3,,,0
2600,'1_3',711,,49895,18,,,0,13,,49906,18,,,0,83,,49907,18,,,0,17,,49908,18,,,0,84,,49909,18,,,0,29,,49910,18,,,0,95,,49896,18,,,0,99,,49897,18,,,0,97,,49898,18,,,0,28,,49899,18,,,0,70,,49914,18,,,0,95,,49915,18,,,0,111,,49900,18,,,0,85,,49901,18,,,0,25,,49911,18,,,0,71,,49912,18,,,0,21,,49902,18,,,0,68,,49903,18,,,0,32,,49904,18,,,0,68,,49916,18,,,0
2600,'2_6',732,,33480,18,,,0,85,,33481,18,,,0,85,,33482,18,,,0,45,,33483,18,,,0,84,,33484,18,,,0,90,,33485,18,,,0,84,,33486,18,,,0,42,,33487,18,,,0,85,,33488,18,,,0,85,,33489,18,,,0,83,,33490,18,,,0,45,,33491,18,,,0,90,,33492,18,,,0,86,,33493,18,,,0,83,,33494,18,,,0,45,,33495,18,,,0,82,,33496,18,,,0
2600,'7_1',711,,47310,18,,,0,13,,47321,18,,,0,83,,47322,18,,,0,17,,47323,18,,,0,84,,47324,18,,,0,29,,47325,18,,,0,95,,47311,18,,,0,99,,47312,18,,,0,97,,47313,18,,,0,28,,47314,18,,,0,70,,47329,18,,,0,95,,47330,18,,,0,111,,47315,18,,,0,85,,47316,18,,,0,25,,47326,18,,,0,71,,47327,18,,,0,21,,47317,18,,,0,68,,47318,18,,,0,32,,47319,18,,,0,68,,47332,18,,,0
2600,'7_2',711,,49918,18,,,0,13,,49929,18,,,0,83,,49930,18,,,0,17,,49931,18,,,0,84,,49932,18,,,0,29,,49933,18,,,0,95,,49919,18,,,0,99,,49920,18,,,0,97,,49921,18,,,0,28,,49922,18,,,0,70,,49937,18,,,0,95,,49938,18,,,0,111,,49923,18,,,0,85,,49924,18,,,0,25,,49934,18,,,0,71,,49935,18,,,0,21,,49925,18,,,0,68,,49926,18,,,0,32,,49927,18,,,0,68,,49940,18,,,0
2600,'7_4',711,,49943,18,,,0,13,,49954,18,,,0,83,,49955,18,,,0,17,,49956,18,,,0,84,,49957,18,,,0,29,,49958,18,,,0,95,,49944,18,,,0,99,,49945,18,,,0,97,,49946,18,,,0,28,,49947,18,,,0,70,,49962,18,,,0,95,,49963,18,,,0,111,,49948,18,,,0,85,,49949,18,,,0,25,,49959,18,,,0,71,,49960,18,,,0,21,,49950,18,,,0,68,,49951,18,,,0,32,,49952,18,,,0,68,,49965,18,,,0
901500,'1_3',900,,50238,13,,,0,20,,50239,13,,,0,20,,50240,13,,,0,60,,50241,13,,,0,20,,50242,13,,,0,20,,50243,13,,,0,60,,50244,13,,,0,20,,50245,13,,,0,20,,50246,13,,,0,60,,50247,13,,,0,20,,50248,13,,,0,20,,50249,13,,,0,60,,50250,13,,,0,20,,50251,13,,,0,20,,50252,13,,,0,60,,50253,13,,,0,20,,50254,13,,,0,20,,50255,13,,,0,60,,50256,13,,,0,40,,50257,13,,,0,60,,50258,13,,,0,20,,50259,13,,,0,20,,50260,13,,,0,60,,50261,13,,,0,20,,50262,13,,,0,20,,50263,13,,,0,60,,50264,13,,,0,20,,50265,13,,,0,20,,50266,13,,,0,60,,50267,13,,,0,20,,50268,13,,,0,20,,50269,13,,,0
901500,'2_6',900,,34159,13,,,0,20,,34160,13,,,0,20,,34161,13,,,0,60,,34162,13,,,0,20,,34163,13,,,0,20,,34164,13,,,0,60,,34165,13,,,0,20,,34166,13,,,0,20,,34167,13,,,0,60,,34168,13,,,0,20,,34169,13,,,0,20,,34170,13,,,0,60,,34171,13,,,0,20,,34172,13,,,0,20,,34173,13,,,0,60,,34174,13,,,0,20,,34175,13,,,0,20,,34176,13,,,0,60,,34177,13,,,0,40,,34178,13,,,0,60,,34179,13,,,0,20,,34180,13,,,0,20,,34181,13,,,0,60,,34182,13,,,0,20,,34183,13,,,0,20,,34184,13,,,0,60,,34185,13,,,0,20,,34186,13,,,0,20,,34187,13,,,0,60,,34188,13,,,0,20,,34189,13,,,0,20,,34190,13,,,0
901500,'7_1',900,,47425,13,,,0,20,,47426,13,,,0,20,,47427,13,,,0,60,,47428,13,,,0,20,,47429,13,,,0,20,,47430,13,,,0,60,,47431,13,,,0,20,,47432,13,,,0,20,,47433,13,,,0,60,,47434,13,,,0,20,,47435,13,,,0,20,,47436,13,,,0,60,,47437,13,,,0,20,,47438,13,,,0,20,,47439,13,,,0,60,,47440,13,,,0,20,,47441,13,,,0,20,,47442,13,,,0,60,,47443,13,,,0,40,,47444,13,,,0,60,,47445,13,,,0,20,,47446,13,,,0,20,,47447,13,,,0,60,,47448,13,,,0,20,,47449,13,,,0,20,,47450,13,,,0,60,,47451,13,,,0,20,,47452,13,,,0,20,,47453,13,,,0,60,,47454,13,,,0,20,,47455,13,,,0,20,,47456,13,,,0
901500,'7_2',900,,50270,13,,,0,20,,50271,13,,,0,20,,50272,13,,,0,60,,50273,13,,,0,20,,50274,13,,,0,20,,50275,13,,,0,60,,50276,13,,,0,20,,50277,13,,,0,20,,50278,13,,,0,60,,50279,13,,,0,20,,50280,13,,,0,20,,50281,13,,,0,60,,50282,13,,,0,20,,50283,13,,,0,20,,50284,13,,,0,60,,50285,13,,,0,20,,50286,13,,,0,20,,50287,13,,,0,60,,50288,13,,,0,40,,50289,13,,,0,60,,50290,13,,,0,20,,50291,13,,,0,20,,50292,13,,,0,60,,50293,13,,,0,20,,50294,13,,,0,20,,50295,13,,,0,60,,50296,13,,,0,20,,50297,13,,,0,20,,50298,13,,,0,60,,50299,13,,,0,20,,50300,13,,,0,20,,50301,13,,,0
901500,'7_4',900,,50302,13,,,0,20,,50303,13,,,0,20,,50304,13,,,0,60,,50305,13,,,0,20,,50306,13,,,0,20,,50307,13,,,0,60,,50308,13,,,0,20,,50309,13,,,0,20,,50310,13,,,0,60,,50311,13,,,0,20,,50312,13,,,0,20,,50313,13,,,0,60,,50314,13,,,0,20,,50315,13,,,0,20,,50316,13,,,0,60,,50317,13,,,0,20,,50318,13,,,0,20,,50319,13,,,0,60,,50320,13,,,0,40,,50321,13,,,0,60,,50322,13,,,0,20,,50323,13,,,0,20,,50324,13,,,0,60,,50325,13,,,0,20,,50326,13,,,0,20,,50327,13,,,0,60,,50328,13,,,0,20,,50329,13,,,0,20,,50330,13,,,0,60,,50331,13,,,0,20,,50332,13,,,0,20,,50333,13,,,0
2000000,'1_3',656,,50888,17,,,0,64,,50870,17,,,0,17,,50898,17,,,0,15,,50854,17,,,0,55,,50881,17,,,0,15,,50863,17,,,0,15,,50890,17,,,0,15,,50873,17,,,0,56,,50901,17,,,0,16,,50855,17,,,0,16,,50886,17,,,0,16,,50864,17,,,0,56,,50891,17,,,0,16,,50871,17,,,0,16,,50899,17,,,0,56,,50856,17,,,0,16,,50887,17,,,0,14,,50865,17,,,0,16,,50892,17,,,0,56,,50872,17,,,0,15,,50902,17,,,0,15,,50857,17,,,0,15,,50880,17,,,0,56,,50866,17,,,0,15,,50889,17,,,0,15,,50874,17,,,0,15,,50900,17,,,0,55,,50859,17,,,0,15,,50882,17,,,0,15,,50869,17,,,0,15,,50894,17,,,0,55,,50875,17,,,0,15,,50903,17,,,0,15,,50860,17,,,0,15,,50883,17,,,0,56,,50868,17,,,0,15,,50893,17,,,0,15,,50876,17,,,0,16,,50852,17,,,0,56,,50904,17,,,0,18,,50858,17,,,0,14,,50885,17,,,0,16,,50867,17,,,0,55,,50895,17,,,0,15,,50878,17,,,0,13,,50853,17,,,0,13,,50905,17,,,0,54,,50861,17,,,0,14,,50884,17,,,0,13,,50896,17,,,0,19,,50877,17,,,0,61,,50906,17,,,0,20,,50862,17,,,0,19,,50897,17,,,0,60,,50879,17,,,0
2000000,'2_6',653,,35553,17,,,0,82,,35554,17,,,0,79,,35555,17,,,0,30,,35556,17,,,0,60,,35557,17,,,0,20,,35558,17,,,0,19,,35559,17,,,0,58,,35560,17,,,0,20,,35561,17,,,0,20,,35562,17,,,0,18,,35563,17,,,0,59,,35564,17,,,0,19,,35565,17,,,0,20,,35566,17,,,0,58,,35567,17,,,0,19,,35568,17,,,0,18,,35569,17,,,0,59,,35570,17,,,0,19,,35571,17,,,0,19,,35572,17,,,0,58,,35573,17,,,0,19,,35574,17,,,0,20,,35575,17,,,0,60,,35576,17,,,0,19,,35577,17,,,0,19,,35578,17,,,0,60,,35579,17,,,0,20,,35580,17,,,0,20,,35581,17,,,0,60,,35582,17,,,0,19,,35583,17,,,0,20,,35584,17,,,0,60,,35585,17,,,0,20,,35586,17,,,0,18,,35587,17,,,0,60,,35588,17,,,0,24,,35589,17,,,0,24,,35590,17,,,0,64,,35591,17,,,0,24,,35592,17,,,0,65,,35593,17,,,0
2000000,'3_7',830,,35594,17,,,0,80,,35595,17,,,0,40,,35596,17,,,0,80,,35597,17,,,0,80,,35598,17,,,0,40,,35599,17,,,0,80,,35600,17,,,0,80,,35601,17,,,0,40,,35602,17,,,0,80,,35603,17,,,0,80,,35604,17,,,0,40,,35605,17,,,0,80,,35606,17,,,0,80,,35607,17,,,0,40,,35608,17,,,0,80,,35609,17,,,0,80,,35610,17,,,0,40,,35611,17,,,0
2000000,'4_7',830,,47665,17,,,0,80,,47666,17,,,0,40,,47667,17,,,0,80,,47668,17,,,0,80,,47669,17,,,0,40,,47670,17,,,0,80,,47671,17,,,0,80,,47672,17,,,0,40,,47673,17,,,0,80,,47674,17,,,0,80,,47675,17,,,0,40,,47676,17,,,0,80,,47677,17,,,0,80,,47678,17,,,0,40,,47679,17,,,0,80,,47680,17,,,0,80,,47681,17,,,0,40,,47682,17,,,0
2000000,'7_1',656,,47722,17,,,0,64,,47704,17,,,0,17,,47732,17,,,0,15,,47688,17,,,0,55,,47715,17,,,0,15,,47697,17,,,0,15,,47724,17,,,0,15,,47707,17,,,0,56,,47735,17,,,0,16,,47689,17,,,0,16,,47720,17,,,0,16,,47698,17,,,0,56,,47725,17,,,0,16,,47705,17,,,0,16,,47733,17,,,0,56,,47690,17,,,0,16,,47721,17,,,0,14,,47699,17,,,0,16,,47726,17,,,0,56,,47706,17,,,0,15,,47736,17,,,0,15,,47691,17,,,0,15,,47714,17,,,0,56,,47700,17,,,0,15,,47723,17,,,0,15,,47708,17,,,0,15,,47734,17,,,0,55,,47693,17,,,0,15,,47716,17,,,0,15,,47703,17,,,0,15,,47728,17,,,0,55,,47709,17,,,0,15,,47737,17,,,0,15,,47694,17,,,0,15,,47717,17,,,0,56,,47702,17,,,0,15,,47727,17,,,0,15,,47710,17,,,0,16,,47686,17,,,0,56,,47738,17,,,0,18,,47692,17,,,0,14,,47719,17,,,0,16,,47701,17,,,0,55,,47729,17,,,0,15,,47712,17,,,0,13,,47687,17,,,0,13,,47739,17,,,0,54,,47695,17,,,0,14,,47718,17,,,0,13,,47730,17,,,0,19,,47711,17,,,0,61,,47740,17,,,0,20,,47696,17,,,0,19,,47731,17,,,0,60,,47713,17,,,0
2000000,'7_2',656,,50947,17,,,0,64,,50929,17,,,0,17,,50957,17,,,0,15,,50913,17,,,0,55,,50940,17,,,0,15,,50922,17,,,0,15,,50949,17,,,0,15,,50932,17,,,0,56,,50960,17,,,0,16,,50914,17,,,0,16,,50945,17,,,0,16,,50923,17,,,0,56,,50950,17,,,0,16,,50930,17,,,0,16,,50958,17,,,0,56,,50915,17,,,0,16,,50946,17,,,0,14,,50924,17,,,0,16,,50951,17,,,0,56,,50931,17,,,0,15,,50961,17,,,0,15,,50916,17,,,0,15,,50939,17,,,0,56,,50925,17,,,0,15,,50948,17,,,0,15,,50933,17,,,0,15,,50959,17,,,0,55,,50918,17,,,0,15,,50941,17,,,0,15,,50928,17,,,0,15,,50953,17,,,0,55,,50934,17,,,0,15,,50962,17,,,0,15,,50919,17,,,0,15,,50942,17,,,0,56,,50927,17,,,0,15,,50952,17,,,0,15,,50935,17,,,0,16,,50911,17,,,0,56,,50963,17,,,0,18,,50917,17,,,0,14,,50944,17,,,0,16,,50926,17,,,0,55,,50954,17,,,0,15,,50937,17,,,0,13,,50912,17,,,0,13,,50964,17,,,0,54,,50920,17,,,0,14,,50943,17,,,0,13,,50955,17,,,0,19,,50936,17,,,0,61,,50965,17,,,0,20,,50921,17,,,0,19,,50956,17,,,0,60,,50938,17,,,0
2000000,'7_4',656,,51006,17,,,0,64,,50988,17,,,0,17,,51016,17,,,0,15,,50972,17,,,0,55,,50999,17,,,0,15,,50981,17,,,0,15,,51008,17,,,0,15,,50991,17,,,0,56,,51019,17,,,0,16,,50973,17,,,0,16,,51004,17,,,0,16,,50982,17,,,0,56,,51009,17,,,0,16,,50989,17,,,0,16,,51017,17,,,0,56,,50974,17,,,0,16,,51005,17,,,0,14,,50983,17,,,0,16,,51010,17,,,0,56,,50990,17,,,0,15,,51020,17,,,0,15,,50975,17,,,0,15,,50998,17,,,0,56,,50984,17,,,0,15,,51007,17,,,0,15,,50992,17,,,0,15,,51018,17,,,0,55,,50977,17,,,0,15,,51000,17,,,0,15,,50987,17,,,0,15,,51012,17,,,0,55,,50993,17,,,0,15,,51021,17,,,0,15,,50978,17,,,0,15,,51001,17,,,0,56,,50986,17,,,0,15,,51011,17,,,0,15,,50994,17,,,0,16,,50970,17,,,0,56,,51022,17,,,0,18,,50976,17,,,0,14,,51003,17,,,0,16,,50985,17,,,0,55,,51013,17,,,0,15,,50996,17,,,0,13,,50971,17,,,0,13,,51023,17,,,0,54,,50979,17,,,0,14,,51002,17,,,0,13,,51014,17,,,0,19,,50995,17,,,0,61,,51024,17,,,0,20,,50980,17,,,0,19,,51015,17,,,0,60,,50997,17,,,0
2000000,'8_7',830,,51992,17,,,0,80,,51993,17,,,0,40,,51994,17,,,0,80,,51995,17,,,0,80,,51996,17,,,0,40,,51997,17,,,0,80,,51998,17,,,0,80,,51999,17,,,0,40,,52000,17,,,0,80,,52001,17,,,0,80,,52002,17,,,0,40,,52003,17,,,0,80,,52004,17,,,0,80,,52005,17,,,0,40,,52006,17,,,0,80,,52007,17,,,0,80,,52008,17,,,0,40,,52009,17,,,0
2000000,'9_7',830,,52219,17,,,0,80,,52220,17,,,0,40,,52221,17,,,0,80,,52222,17,,,0,80,,52223,17,,,0,40,,52224,17,,,0,80,,52225,17,,,0,80,,52226,17,,,0,40,,52227,17,,,0,80,,52228,17,,,0,80,,52229,17,,,0,40,,52230,17,,,0,80,,52231,17,,,0,80,,52232,17,,,0,40,,52233,17,,,0,80,,52234,17,,,0,80,,52235,17,,,0,40,,52236,17,,,0
3000000,'1_3',641,,51336,13,,,0,59,,51335,13,,,0,22,,51295,13,,,0,20,,51296,13,,,0,60,,51297,13,,,0,20,,51298,13,,,0,20,,51299,13,,,0,62,,51300,13,,,0,20,,51301,13,,,0,20,,51302,13,,,0,60,,51303,13,,,0,19,,51304,13,,,0,21,,51305,13,,,0,60,,51306,13,,,0,20,,51307,13,,,0,19,,51308,13,,,0,60,,51309,13,,,0,21,,51310,13,,,0,21,,51311,13,,,0,59,,51312,13,,,0,20,,51313,13,,,0,19,,51314,13,,,0,60,,51315,13,,,0,21,,51316,13,,,0,20,,51317,13,,,0,60,,51318,13,,,0,20,,51319,13,,,0,19,,51320,13,,,0,59,,51321,13,,,0,17,,51322,13,,,0,19,,51323,13,,,0,18,,51324,13,,,0,61,,51325,13,,,0,21,,51326,13,,,0,21,,51327,13,,,0,61,,51328,13,,,0,21,,51329,13,,,0,60,,51330,13,,,0,20,,51331,13,,,0,28,,51332,13,,,0,73,,51333,13,,,0,32,,51334,13,,,0
3000000,'2_6',645,,36384,13,,,0,82,,36385,13,,,0,81,,36386,13,,,0,30,,36387,13,,,0,20,,36388,13,,,0,60,,36389,13,,,0,21,,36390,13,,,0,20,,36391,13,,,0,60,,36392,13,,,0,20,,36393,13,,,0,20,,36394,13,,,0,59,,36395,13,,,0,20,,36396,13,,,0,20,,36397,13,,,0,60,,36398,13,,,0,19,,36399,13,,,0,20,,36400,13,,,0,60,,36401,13,,,0,20,,36402,13,,,0,20,,36403,13,,,0,61,,36404,13,,,0,20,,36405,13,,,0,20,,36406,13,,,0,60,,36407,13,,,0,20,,36408,13,,,0,20,,36409,13,,,0,60,,36410,13,,,0,20,,36411,13,,,0,20,,36412,13,,,0,60,,36413,13,,,0,20,,36414,13,,,0,20,,36415,13,,,0,59,,36416,13,,,0,20,,36417,13,,,0,19,,36418,13,,,0,70,,36419,13,,,0,30,,36420,13,,,0,69,,36421,13,,,0,29,,36422,13,,,0
3000000,'3_7',806,,36423,13,,,0,130,,36424,13,,,0,170,,36425,13,,,0,130,,36426,13,,,0,170,,36427,13,,,0,130,,36428,13,,,0,170,,36429,13,,,0,129,,36430,13,,,0,170,,36431,13,,,0
3000000,'4_7',806,,47850,13,,,0,130,,47851,13,,,0,170,,47858,13,,,0,130,,47857,13,,,0,170,,47856,13,,,0,130,,47854,13,,,0,170,,47855,13,,,0,129,,47853,13,,,0,170,,47852,13,,,0
3000000,'7_1',641,,47906,13,,,0,59,,47905,13,,,0,22,,47865,13,,,0,20,,47866,13,,,0,60,,47867,13,,,0,20,,47868,13,,,0,20,,47869,13,,,0,62,,47870,13,,,0,20,,47871,13,,,0,20,,47872,13,,,0,60,,47873,13,,,0,19,,47874,13,,,0,21,,47875,13,,,0,60,,47876,13,,,0,20,,47877,13,,,0,19,,47878,13,,,0,60,,47879,13,,,0,21,,47880,13,,,0,21,,47881,13,,,0,59,,47882,13,,,0,20,,47883,13,,,0,19,,47884,13,,,0,60,,47885,13,,,0,21,,47886,13,,,0,20,,47887,13,,,0,60,,47888,13,,,0,20,,47889,13,,,0,19,,47890,13,,,0,59,,47891,13,,,0,17,,47892,13,,,0,19,,47893,13,,,0,18,,47894,13,,,0,61,,47895,13,,,0,21,,47896,13,,,0,21,,47897,13,,,0,61,,47898,13,,,0,21,,47899,13,,,0,60,,47900,13,,,0,20,,47901,13,,,0,28,,47902,13,,,0,73,,47903,13,,,0,32,,47904,13,,,0
3000000,'7_2',641,,51382,13,,,0,59,,51381,13,,,0,22,,51341,13,,,0,20,,51342,13,,,0,60,,51343,13,,,0,20,,51344,13,,,0,20,,51345,13,,,0,62,,51346,13,,,0,20,,51347,13,,,0,20,,51348,13,,,0,60,,51349,13,,,0,19,,51350,13,,,0,21,,51351,13,,,0,60,,51352,13,,,0,20,,51353,13,,,0,19,,51354,13,,,0,60,,51355,13,,,0,21,,51356,13,,,0,21,,51357,13,,,0,59,,51358,13,,,0,20,,51359,13,,,0,19,,51360,13,,,0,60,,51361,13,,,0,21,,51362,13,,,0,20,,51363,13,,,0,60,,51364,13,,,0,20,,51365,13,,,0,19,,51366,13,,,0,59,,51367,13,,,0,17,,51368,13,,,0,19,,51369,13,,,0,18,,51370,13,,,0,61,,51371,13,,,0,21,,51372,13,,,0,21,,51373,13,,,0,61,,51374,13,,,0,21,,51375,13,,,0,60,,51376,13,,,0,20,,51377,13,,,0,28,,51378,13,,,0,73,,51379,13,,,0,32,,51380,13,,,0
3000000,'7_4',641,,51428,13,,,0,59,,51427,13,,,0,22,,51387,13,,,0,20,,51388,13,,,0,60,,51389,13,,,0,20,,51390,13,,,0,20,,51391,13,,,0,62,,51392,13,,,0,20,,51393,13,,,0,20,,51394,13,,,0,60,,51395,13,,,0,19,,51396,13,,,0,21,,51397,13,,,0,60,,51398,13,,,0,20,,51399,13,,,0,19,,51400,13,,,0,60,,51401,13,,,0,21,,51402,13,,,0,21,,51403,13,,,0,59,,51404,13,,,0,20,,51405,13,,,0,19,,51406,13,,,0,60,,51407,13,,,0,21,,51408,13,,,0,20,,51409,13,,,0,60,,51410,13,,,0,20,,51411,13,,,0,19,,51412,13,,,0,59,,51413,13,,,0,17,,51414,13,,,0,19,,51415,13,,,0,18,,51416,13,,,0,61,,51417,13,,,0,21,,51418,13,,,0,21,,51419,13,,,0,61,,51420,13,,,0,21,,51421,13,,,0,60,,51422,13,,,0,20,,51423,13,,,0,28,,51424,13,,,0,73,,51425,13,,,0,32,,51426,13,,,0
3000000,'8_7',806,,52029,13,,,0,130,,52030,13,,,0,170,,52037,13,,,0,130,,52036,13,,,0,170,,52035,13,,,0,130,,52033,13,,,0,170,,52034,13,,,0,129,,52032,13,,,0,170,,52031,13,,,0
3000000,'9_7',806,,52255,13,,,0,130,,52256,13,,,0,170,,52257,13,,,0,130,,52258,13,,,0,170,,52259,13,,,0,130,,52260,13,,,0,170,,52261,13,,,0,129,,52262,13,,,0,170,,52263,13,,,0
