900,'1_3',704,,49212,17,,,0,28,,49213,17,,,0,81,,49217,23,,,0,21,,49218,14,,,0,4,,49219,24,,,0,84,,49214,17,,,0,89,,49220,24,,,0,148,,49222,20,,,0,144,,49223,20,,,0,31,,49215,17,,,0,171,,49226,25,,,0,44,,49224,20,,,0,151,,49225,20,,,0,31,,49216,17,,,0,128,,49227,25,,,0
900,'2_6',712,,32184,20,,,0,100,,32185,20,,,0,315,,32186,20,,,0,325,,32187,20,,,0,89,,32182,14,,,0,98,,32193,14,,,0,174,,32188,21,,,0,93,,32189,20,,,0
900,'7_1',704,,47079,17,,,0,28,,47080,17,,,0,81,,47084,23,,,0,21,,47085,14,,,0,4,,47086,24,,,0,84,,47081,17,,,0,89,,47087,24,,,0,148,,47089,20,,,0,144,,47090,20,,,0,31,,47082,17,,,0,171,,47093,25,,,0,44,,47091,20,,,0,151,,47092,20,,,0,31,,47083,17,,,0,128,,47094,25,,,0
900,'7_2',704,,49231,17,,,0,28,,49232,17,,,0,81,,49236,23,,,0,21,,49237,14,,,0,4,,49238,24,,,0,84,,49233,17,,,0,89,,49239,24,,,0,148,,49241,20,,,0,144,,49242,20,,,0,31,,49234,17,,,0,171,,49245,25,,,0,44,,49243,20,,,0,151,,49244,20,,,0,31,,49235,17,,,0,128,,49246,25,,,0
900,'7_4',704,,49250,17,,,0,28,,49251,17,,,0,81,,49255,23,,,0,21,,49256,14,,,0,4,,49257,24,,,0,84,,49252,17,,,0,89,,49258,24,,,0,148,,49260,20,,,0,144,,49261,20,,,0,31,,49253,17,,,0,171,,49264,25,,,0,44,,49262,20,,,0,151,,49263,20,,,0,31,,49254,17,,,0,128,,49265,25,,,0
1000,'1_3',936,,49330,39,0,18 30,0,65,,49318,33,,,0,122,,49321,39,0,18 30,0,87,,49322,39,0,18 30,0,35,,49323,39,0,18 30,0,82,,49324,39,0,18 30,0,99,,49325,39,0,18 30,0,80,,49327,39,,,0,30,,49328,39,,,0,96,,49329,39,,,0,24,,49319,33,,,0,185,,49320,33,,,0,163,,49326,39,0,18 30,0
1000,'2_6',706,,32362,33,,,0,96,,32363,33,,,0,132,,32369,39,0,18 30,0,67,,32364,33,,,0,118,,32370,39,0,18 30,0,101,,32371,39,0,18 30,0,100,,32372,39,0,18 30,0,102,,32373,39,0,18 30,0,92,,32367,39,,,0,115,,32368,39,,,0,29,,32365,33,,,0,185,,32366,33,,,0,160,,32374,39,0,18 30,0
1000,'7_1',936,,47127,39,0,18 30,0,65,,47115,33,,,0,122,,47118,39,0,18 30,0,87,,47119,39,0,18 30,0,35,,47120,39,0,18 30,0,82,,47121,39,0,18 30,0,99,,47122,39,0,18 30,0,80,,47124,39,,,0,30,,47125,39,,,0,96,,47126,39,,,0,24,,47116,33,,,0,185,,47117,33,,,0,163,,47123,39,0,18 30,0
1000,'7_2',936,,49345,39,0,18 30,0,65,,49333,33,,,0,122,,49336,39,0,18 30,0,87,,49337,39,0,18 30,0,35,,49338,39,0,18 30,0,82,,49339,39,0,18 30,0,99,,49340,39,0,18 30,0,80,,49342,39,,,0,30,,49343,39,,,0,96,,49344,39,,,0,24,,49334,33,,,0,185,,49335,33,,,0,163,,49341,39,0,18 30,0
1000,'7_4',936,,49360,39,0,18 30,0,65,,49348,33,,,0,122,,49351,39,0,18 30,0,87,,49352,39,0,18 30,0,35,,49353,39,0,18 30,0,82,,49354,39,0,18 30,0,99,,49355,39,0,18 30,0,80,,49357,39,,,0,30,,49358,39,,,0,96,,49359,39,,,0,24,,49349,33,,,0,185,,49350,33,,,0,163,,49356,39,0,18 30,0
1900,'1_3',733,,49657,19,,,0,105,,49662,19,,,0,582,,49661,19,,,0,392,,49658,19,,,0
1900,'7_1',733,,47229,19,,,0,105,,47233,19,,,0,974,,47230,19,,,0
1900,'7_2',733,,49666,19,,,0,105,,49670,19,,,0,974,,49667,19,,,0
1900,'7_4',733,,49674,19,,,0,105,,49678,19,,,0,974,,49675,19,,,0
1000000,'1_3',537,,50334,8,0,31 33,0,20,,50335,8,0,31 33,0,60,,50416,8,0,31 33,0,18,,50417,8,,,0,14,,50419,8,,,0,10,,50415,8,,,0,49,,50368,8,,,0,8,,50369,8,,,0,11,,50370,8,,,0,11,,50371,8,,,0,10,,50372,8,,,0,11,,50373,8,,,0,50,,50374,8,,,0,10,,50375,8,,,0,9,,50418,8,,,0,9,,50336,8,0,31 33,0,9,,50337,8,,,0,10,,50338,8,0,31 33,0,50,,50339,8,,,0,11,,50340,8,0,31 33,0,9,,50376,8,,,0,11,,50341,8,0,31 33,0,11,,50342,8,,,0,11,,50343,8,0,31 33,0,51,,50344,8,,,0,11,,50345,8,0,31 33,0,10,,50346,8,,,0,11,,50348,8,0,31 33,0,10,,50347,8,,,0,51,,50378,8,0,31 33,0,12,,50377,8,,,0,11,,50379,8,0,31 33,0,11,,50380,8,,,0,10,,50381,8,0,31 33,0,10,,50382,8,,,0,50,,50383,8,0,31 33,0,11,,50384,8,,,0,11,,50385,8,0,31 33,0,10,,50386,8,,,0,10,,50387,8,0,31 33,0,10,,50388,8,,,0,49,,50389,8,0,31 33,0,10,,50390,8,,,0,10,,50349,8,0,31 33,0,11,,50350,8,,,0,9,,50391,8,0,31 33,0,10,,50351,8,,,0,49,,50352,8,0,31 33,0,11,,50353,8,,,0,10,,50392,8,0,31 33,0,11,,50354,8,,,0,10,,50355,8,0,31 33,0,10,,50356,8,,,0,50,,50357,8,0,31 33,0,11,,50393,8,,,0,11,,50394,8,,,0,10,,50395,8,,,0,10,,50396,8,,,0,49,,50397,8,,,0,11,,50398,8,,,0,10,,50399,8,,,0,11,,50400,8,,,0,9,,50401,8,,,0,9,,50402,8,,,0,50,,50403,8,,,0,10,,50404,8,,,0,9,,50405,8,,,0,10,,50406,8,,,0,9,,50407,8,,,0,10,,50408,8,,,0,10,,50409,8,0,31 33,0,50,,50410,8,,,0,9,,50414,8,0,31 33,0,10,,50358,8,0,31 33,0,11,,50411,8,,,0,10,,50359,8,0,31 33,0,10,,50412,8,,,0,49,,50360,8,0,31 33,0,19,,50361,8,0,31 33,0,19,,50362,8,0,31 33,0,58,,50363,8,0,31 33,0,21,,50364,8,0,31 33,0,21,,50365,8,0,31 33,0,61,,50366,8,0,31 33,0,20,,50367,8,0,31 33,0
1000000,'2_6',534,,34621,8,0,31 33,0,80,,34622,8,0,31 33,0,41,,34623,8,,,0,80,,34624,8,,,0,70,,34625,8,0,31 33,0,15,,34626,8,,,0,16,,34627,8,0,31 33,0,15,,34628,8,0,31 33,0,53,,34629,8,,,0,15,,34630,8,0,31 33,0,15,,34688,8,0,31 33,0,16,,34631,8,,,0,56,,34632,8,0,31 33,0,16,,34633,8,0,31 33,0,14,,34634,8,,,0,16,,34635,8,0,31 33,0,56,,34636,8,0,31 33,0,16,,34637,8,,,0,15,,34638,8,0,31 33,0,15,,34639,8,0,31 33,0,56,,34640,8,,,0,14,,34641,8,0,31 33,0,15,,34642,8,0,31 33,0,15,,34643,8,,,0,54,,34644,8,0,31 33,0,9,,34645,8,0,31 33,0,11,,34646,8,,,0,12,,34647,8,0,31 33,0,10,,34648,8,0,31 33,0,9,,34649,8,0,31 33,0,49,,34650,8,,,0,10,,34651,8,0,31 33,0,11,,34652,8,0,31 33,0,11,,34653,8,0,31 33,0,10,,34654,8,,,0,52,,34655,8,0,31 33,0,9,,34656,8,0,31 33,0,9,,34657,8,0,31 33,0,10,,34658,8,,,0,11,,34659,8,0,31 33,0,10,,34660,8,0,31 33,0,50,,34661,8,0,31 33,0,11,,34662,8,,,0,11,,34663,8,0,31 33,0,9,,34664,8,0,31 33,0,10,,34665,8,0,31 33,0,11,,34666,8,,,0,53,,34667,8,0,31 33,0,9,,34668,8,0,31 33,0,9,,34669,8,0,31 33,0,10,,34670,8,,,0,8,,34671,8,0,31 33,0,9,,34672,8,0,31 33,0,50,,34673,8,0,31 33,0,9,,34675,8,0,31 33,0,10,,34674,8,,,0,9,,34676,8,0,31 33,0,9,,34677,8,0,31 33,0,9,,34679,8,0,31 33,0,10,,34678,8,0,31 33,0,51,,34680,8,0,31 33,0,21,,34681,8,0,31 33,0,17,,34682,8,0,31 33,0,60,,34683,8,0,31 33,0,20,,34684,8,0,31 33,0,20,,34685,8,0,31 33,0,60,,34686,8,0,31 33,0,19,,34687,8,0,31 33,0
1000000,'3_7',805,,34689,8,0,31 33,0,40,,34690,8,0,31 33,0,80,,34691,8,0,31 33,0,80,,34692,8,0,31 33,0,40,,34693,8,0,31 33,0,80,,34694,8,0,31 33,0,80,,34695,8,0,31 33,0,40,,34696,8,0,31 33,0,80,,34697,8,0,31 33,0,80,,34698,8,0,31 33,0,40,,34699,8,0,31 33,0,80,,34700,8,0,31 33,0,80,,34701,8,0,31 33,0,40,,34702,8,0,31 33,0,80,,34703,8,0,31 33,0,80,,34704,8,0,31 33,0,40,,34705,8,0,31 33,0,80,,34706,8,0,31 33,0
1000000,'4_7',805,,47457,8,0,31 33,0,40,,47458,8,0,31 33,0,80,,47459,8,0,31 33,0,80,,47460,8,0,31 33,0,40,,47461,8,0,31 33,0,80,,47462,8,0,31 33,0,80,,47463,8,0,31 33,0,40,,47464,8,0,31 33,0,80,,47465,8,0,31 33,0,80,,47466,8,0,31 33,0,40,,47467,8,0,31 33,0,80,,47468,8,0,31 33,0,80,,47469,8,0,31 33,0,40,,47470,8,0,31 33,0,80,,47471,8,0,31 33,0,80,,47472,8,0,31 33,0,40,,47473,8,0,31 33,0,80,,47474,8,0,31 33,0
1000000,'7_1',537,,47475,8,0,31 33,0,20,,47476,8,0,31 33,0,60,,47557,8,0,31 33,0,18,,47558,8,,,0,14,,47560,8,,,0,10,,47556,8,,,0,49,,47509,8,,,0,8,,47510,8,,,0,11,,47511,8,,,0,11,,47512,8,,,0,10,,47513,8,,,0,11,,47514,8,,,0,50,,47515,8,,,0,10,,47516,8,,,0,9,,47559,8,,,0,9,,47477,8,0,31 33,0,9,,47478,8,,,0,10,,47479,8,0,31 33,0,50,,47480,8,,,0,11,,47481,8,0,31 33,0,9,,47517,8,,,0,11,,47482,8,0,31 33,0,11,,47483,8,,,0,11,,47484,8,0,31 33,0,51,,47485,8,,,0,11,,47486,8,0,31 33,0,10,,47487,8,,,0,11,,47489,8,0,31 33,0,10,,47488,8,,,0,51,,47519,8,0,31 33,0,12,,47518,8,,,0,11,,47520,8,0,31 33,0,11,,47521,8,,,0,10,,47522,8,0,31 33,0,10,,47523,8,,,0,50,,47524,8,0,31 33,0,11,,47525,8,,,0,11,,47526,8,0,31 33,0,10,,47527,8,,,0,10,,47528,8,0,31 33,0,10,,47529,8,,,0,49,,47530,8,0,31 33,0,10,,47531,8,,,0,10,,47490,8,0,31 33,0,11,,47491,8,,,0,9,,47532,8,0,31 33,0,10,,47492,8,,,0,49,,47493,8,0,31 33,0,11,,47494,8,,,0,10,,47533,8,0,31 33,0,11,,47495,8,,,0,10,,47496,8,0,31 33,0,10,,47497,8,,,0,50,,47498,8,0,31 33,0,11,,47534,8,,,0,11,,47535,8,,,0,10,,47536,8,,,0,10,,47537,8,,,0,49,,47538,8,,,0,11,,47539,8,,,0,10,,47540,8,,,0,11,,47541,8,,,0,9,,47542,8,,,0,9,,47543,8,,,0,50,,47544,8,,,0,10,,47545,8,,,0,9,,47546,8,,,0,10,,47547,8,,,0,9,,47548,8,,,0,10,,47549,8,,,0,10,,47550,8,0,31 33,0,50,,47551,8,,,0,9,,47555,8,0,31 33,0,10,,47499,8,0,31 33,0,11,,47552,8,,,0,10,,47500,8,0,31 33,0,10,,47553,8,,,0,49,,47501,8,0,31 33,0,19,,47502,8,0,31 33,0,19,,47503,8,0,31 33,0,58,,47504,8,0,31 33,0,21,,47505,8,0,31 33,0,21,,47506,8,0,31 33,0,61,,47507,8,0,31 33,0,20,,47508,8,0,31 33,0
1000000,'7_2',537,,50420,8,0,31 33,0,20,,50421,8,0,31 33,0,60,,50502,8,0,31 33,0,18,,50503,8,,,0,14,,50505,8,,,0,10,,50501,8,,,0,49,,50454,8,,,0,8,,50455,8,,,0,11,,50456,8,,,0,11,,50457,8,,,0,10,,50458,8,,,0,11,,50459,8,,,0,50,,50460,8,,,0,10,,50461,8,,,0,9,,50504,8,,,0,9,,50422,8,0,31 33,0,9,,50423,8,,,0,10,,50424,8,0,31 33,0,50,,50425,8,,,0,11,,50426,8,0,31 33,0,9,,50462,8,,,0,11,,50427,8,0,31 33,0,11,,50428,8,,,0,11,,50429,8,0,31 33,0,51,,50430,8,,,0,11,,50431,8,0,31 33,0,10,,50432,8,,,0,11,,50434,8,0,31 33,0,10,,50433,8,,,0,51,,50464,8,0,31 33,0,12,,50463,8,,,0,11,,50465,8,0,31 33,0,11,,50466,8,,,0,10,,50467,8,0,31 33,0,10,,50468,8,,,0,50,,50469,8,0,31 33,0,11,,50470,8,,,0,11,,50471,8,0,31 33,0,10,,50472,8,,,0,10,,50473,8,0,31 33,0,10,,50474,8,,,0,49,,50475,8,0,31 33,0,10,,50476,8,,,0,10,,50435,8,0,31 33,0,11,,50436,8,,,0,9,,50477,8,0,31 33,0,10,,50437,8,,,0,49,,50438,8,0,31 33,0,11,,50439,8,,,0,10,,50478,8,0,31 33,0,11,,50440,8,,,0,10,,50441,8,0,31 33,0,10,,50442,8,,,0,50,,50443,8,0,31 33,0,11,,50479,8,,,0,11,,50480,8,,,0,10,,50481,8,,,0,10,,50482,8,,,0,49,,50483,8,,,0,11,,50484,8,,,0,10,,50485,8,,,0,11,,50486,8,,,0,9,,50487,8,,,0,9,,50488,8,,,0,50,,50489,8,,,0,10,,50490,8,,,0,9,,50491,8,,,0,10,,50492,8,,,0,9,,50493,8,,,0,10,,50494,8,,,0,10,,50495,8,0,31 33,0,50,,50496,8,,,0,9,,50500,8,0,31 33,0,10,,50444,8,0,31 33,0,11,,50497,8,,,0,10,,50445,8,0,31 33,0,10,,50498,8,,,0,49,,50446,8,0,31 33,0,19,,50447,8,0,31 33,0,19,,50448,8,0,31 33,0,58,,50449,8,0,31 33,0,21,,50450,8,0,31 33,0,21,,50451,8,0,31 33,0,61,,50452,8,0,31 33,0,20,,50453,8,0,31 33,0
1000000,'7_4',537,,50506,8,0,31 33,0,20,,50507,8,0,31 33,0,60,,50588,8,0,31 33,0,18,,50589,8,,,0,14,,50591,8,,,0,10,,50587,8,,,0,49,,50540,8,,,0,8,,50541,8,,,0,11,,50542,8,,,0,11,,50543,8,,,0,10,,50544,8,,,0,11,,50545,8,,,0,50,,50546,8,,,0,10,,50547,8,,,0,9,,50590,8,,,0,9,,50508,8,0,31 33,0,9,,50509,8,,,0,10,,50510,8,0,31 33,0,50,,50511,8,,,0,11,,50512,8,0,31 33,0,9,,50548,8,,,0,11,,50513,8,0,31 33,0,11,,50514,8,,,0,11,,50515,8,0,31 33,0,51,,50516,8,,,0,11,,50517,8,0,31 33,0,10,,50518,8,,,0,11,,50520,8,0,31 33,0,10,,50519,8,,,0,51,,50550,8,0,31 33,0,12,,50549,8,,,0,11,,50551,8,0,31 33,0,11,,50552,8,,,0,10,,50553,8,0,31 33,0,10,,50554,8,,,0,50,,50555,8,0,31 33,0,11,,50556,8,,,0,11,,50557,8,0,31 33,0,10,,50558,8,,,0,10,,50559,8,0,31 33,0,10,,50560,8,,,0,49,,50561,8,0,31 33,0,10,,50562,8,,,0,10,,50521,8,0,31 33,0,11,,50522,8,,,0,9,,50563,8,0,31 33,0,10,,50523,8,,,0,49,,50524,8,0,31 33,0,11,,50525,8,,,0,10,,50564,8,0,31 33,0,11,,50526,8,,,0,10,,50527,8,0,31 33,0,10,,50528,8,,,0,50,,50529,8,0,31 33,0,11,,50565,8,,,0,11,,50566,8,,,0,10,,50567,8,,,0,10,,50568,8,,,0,49,,50569,8,,,0,11,,50570,8,,,0,10,,50571,8,,,0,11,,50572,8,,,0,9,,50573,8,,,0,9,,50574,8,,,0,50,,50575,8,,,0,10,,50576,8,,,0,9,,50577,8,,,0,10,,50578,8,,,0,9,,50579,8,,,0,10,,50580,8,,,0,10,,50581,8,0,31 33,0,50,,50582,8,,,0,9,,50586,8,0,31 33,0,10,,50530,8,0,31 33,0,11,,50583,8,,,0,10,,50531,8,0,31 33,0,10,,50584,8,,,0,49,,50532,8,0,31 33,0,19,,50533,8,0,31 33,0,19,,50534,8,0,31 33,0,58,,50535,8,0,31 33,0,21,,50536,8,0,31 33,0,21,,50537,8,0,31 33,0,61,,50538,8,0,31 33,0,20,,50539,8,0,31 33,0
1000000,'8_7',805,,51956,8,0,31 33,0,40,,51957,8,0,31 33,0,80,,51958,8,0,31 33,0,80,,51959,8,0,31 33,0,40,,51960,8,0,31 33,0,80,,51961,8,0,31 33,0,80,,51962,8,0,31 33,0,40,,51963,8,0,31 33,0,80,,51964,8,0,31 33,0,80,,51965,8,0,31 33,0,40,,51966,8,0,31 33,0,80,,51967,8,0,31 33,0,80,,51968,8,0,31 33,0,40,,51969,8,0,31 33,0,80,,51970,8,0,31 33,0,80,,51971,8,0,31 33,0,40,,51972,8,0,31 33,0,80,,51973,8,0,31 33,0
1000000,'9_7',805,,52183,8,0,31 33,0,40,,52184,8,0,31 33,0,80,,52185,8,0,31 33,0,80,,52186,8,0,31 33,0,40,,52187,8,0,31 33,0,80,,52188,8,0,31 33,0,80,,52189,8,0,31 33,0,40,,52190,8,0,31 33,0,80,,52191,8,0,31 33,0,80,,52192,8,0,31 33,0,40,,52193,8,0,31 33,0,80,,52194,8,0,31 33,0,80,,52195,8,0,31 33,0,40,,52196,8,0,31 33,0,80,,52197,8,0,31 33,0,80,,52198,8,0,31 33,0,40,,52199,8,0,31 33,0,80,,52200,8,0,31 33,0
