101,'0_6',1040,,63060,51,0,6,0,100,,63061,51,0,6,0,98,,63062,51,0,6,0,99,,63063,51,0,6,0,100,,63064,51,0,6,0,101,,63065,51,0,6,0,103,,63066,51,0,6,0,103,,63067,51,0,6,0,100,,63068,51,0,6,0,96,,63069,51,0,6,0
101,'1_7',950,,63070,51,0,6,0,250,,63071,51,0,6,0,210,,63072,51,0,6,0,190,,63073,51,0,6,0,210,,63074,51,0,6,0
101,'3_1',854,,63207,57,0,6,0,146,,63208,57,0,6,0,106,,63214,51,0,6,0,103,,63212,51,0,6,0,99,,63215,51,0,6,0,100,,63217,51,0,6,0,100,,63218,51,0,6,0,102,,63222,51,0,6,0,104,,63225,51,0,6,0,102,,63224,51,0,6,0,93,,63227,51,0,6,0,50,,63229,51,0,6,0
101,'3_3',854,,63232,57,0,6,0,146,,63233,57,0,6,0,106,,63239,51,0,6,0,103,,63237,51,0,6,0,99,,63240,51,0,6,0,100,,63242,51,0,6,0,100,,63243,51,0,6,0,102,,63247,51,0,6,0,104,,63250,51,0,6,0,102,,63249,51,0,6,0,93,,63252,51,0,6,0,50,,63254,51,0,6,0
101,'3_4',854,,63257,57,0,6,0,146,,63258,57,0,6,0,106,,63264,51,0,6,0,103,,63262,51,0,6,0,99,,63265,51,0,6,0,100,,63267,51,0,6,0,100,,63268,51,0,6,0,102,,63272,51,0,6,0,104,,63275,51,0,6,0,102,,63274,51,0,6,0,93,,63277,51,0,6,0,50,,63279,51,0,6,0
101,'3_5',854,,63282,57,0,6,0,146,,63283,57,0,6,0,106,,63289,51,0,6,0,103,,63287,51,0,6,0,99,,63290,51,0,6,0,100,,63292,51,0,6,0,100,,63293,51,0,6,0,102,,63297,51,0,6,0,104,,63300,51,0,6,0,102,,63299,51,0,6,0,93,,63302,51,0,6,0,50,,63304,51,0,6,0
101,'4_7',950,,63305,51,0,6,0,250,,63306,51,0,6,0,210,,63307,51,0,6,0,190,,63308,51,0,6,0,210,,63309,51,0,6,0
801,'3_1',848,,66430,18,,,0,108,,66431,18,,,0,150,,66432,18,,,0,119,,66424,18,,,0,111,,66433,18,,,0,112,,66434,18,,,0,152,,66435,18,,,0,36,,66425,18,,,0,76,,66426,18,,,0,30,,66427,18,,,0,76,,66428,18,,,0,33,,66429,18,,,0,71,,66436,18,,,0,34,,66437,18,,,0
801,'3_3',848,,66444,18,,,0,108,,66445,18,,,0,150,,66446,18,,,0,119,,66438,18,,,0,111,,66447,18,,,0,112,,66448,18,,,0,152,,66449,18,,,0,36,,66439,18,,,0,76,,66440,18,,,0,30,,66441,18,,,0,76,,66442,18,,,0,33,,66443,18,,,0,71,,66450,18,,,0,34,,66451,18,,,0
801,'3_4',848,,66458,18,,,0,108,,66459,18,,,0,150,,66460,18,,,0,119,,66452,18,,,0,111,,66461,18,,,0,112,,66462,18,,,0,152,,66463,18,,,0,36,,66453,18,,,0,76,,66454,18,,,0,30,,66455,18,,,0,76,,66456,18,,,0,33,,66457,18,,,0,71,,66464,18,,,0,34,,66465,18,,,0
801,'3_5',848,,66472,18,,,0,108,,66473,18,,,0,150,,66474,18,,,0,119,,66466,18,,,0,111,,66475,18,,,0,112,,66476,18,,,0,152,,66477,18,,,0,36,,66467,18,,,0,76,,66468,18,,,0,30,,66469,18,,,0,76,,66470,18,,,0,33,,66471,18,,,0,71,,66478,18,,,0,34,,66479,18,,,0
