1001,'1_3',906,,49363,13,,,0,46,,49364,13,,,0,79,,49368,11,,,0,86,,49365,13,,,0,90,,49369,11,,,0,42,,49370,11,,,0,71,,49371,11,,,0,139,,49372,11,,,0,500,,49367,13,,,0
1001,'2_6',906,,32446,13,,,0,101,,32453,11,,,0,102,,32447,13,,,0,100,,32454,11,,,0,45,,32455,11,,,0,164,,32450,13,,,0,38,,32456,11,,,0,395,,32448,13,,,0,107,,32449,13,,,0
1001,'7_1',906,,47130,13,,,0,46,,47131,13,,,0,79,,47135,11,,,0,86,,47132,13,,,0,90,,47136,11,,,0,42,,47137,11,,,0,71,,47138,11,,,0,139,,47139,11,,,0,500,,47134,13,,,0
1001,'7_2',906,,49377,13,,,0,46,,49378,13,,,0,79,,49382,11,,,0,86,,49379,13,,,0,90,,49383,11,,,0,42,,49384,11,,,0,71,,49385,11,,,0,139,,49386,11,,,0,500,,49381,13,,,0
1001,'7_4',906,,49391,13,,,0,46,,49392,13,,,0,79,,49396,11,,,0,86,,49393,13,,,0,90,,49397,11,,,0,42,,49398,11,,,0,71,,49399,11,,,0,139,,49400,11,,,0,500,,49395,13,,,0
1101,'1_3',1626,,49415,7,,,0,119,,49416,7,,,0,94,,49417,7,,,0
1101,'2_6',1626,,32496,7,,,0,119,,32497,7,,,0
1101,'7_1',1626,,47146,7,,,0,119,,47147,7,,,0,94,,47148,7,,,0
1101,'7_2',1626,,49418,7,,,0,119,,49419,7,,,0,94,,49420,7,,,0
1101,'7_4',1626,,49421,7,,,0,119,,49422,7,,,0,94,,49423,7,,,0
1600,'1_3',839,,49503,2,0,25,0,85,,49504,2,0,25,0,76,,49508,2,,,0,116,,49505,2,0,25,0,125,,49510,2,,,0,66,,49511,2,0,54 55,0,100,,49506,2,0,25,0,104,,49512,2,0,25,0,104,,49507,2,0,25,0,87,,49513,2,,,0,137,,49509,2,,,0
1600,'2_6',839,,32715,2,0,25,0,85,,32716,2,0,25,0,76,,32720,2,,,0,116,,32717,2,0,25,0,125,,32722,2,,,0,66,,32723,2,0,54 55,0,100,,32718,2,0,25,0,104,,32724,2,0,25,0,104,,32719,2,0,25,0,87,,32725,2,,,0,137,,32721,2,,,0
1600,'7_1',839,,47176,2,0,25,0,85,,47177,2,0,25,0,76,,47181,2,,,0,116,,47178,2,0,25,0,125,,47183,2,,,0,66,,47184,2,0,54 55,0,100,,47179,2,0,25,0,104,,47185,2,0,25,0,104,,47180,2,0,25,0,87,,47186,2,,,0,137,,47182,2,,,0
1600,'7_2',839,,49515,2,0,25,0,85,,49516,2,0,25,0,76,,49520,2,,,0,116,,49517,2,0,25,0,125,,49522,2,,,0,66,,49523,2,0,54 55,0,100,,49518,2,0,25,0,104,,49524,2,0,25,0,104,,49519,2,0,25,0,87,,49525,2,,,0,137,,49521,2,,,0
1600,'7_4',839,,49527,2,0,25,0,85,,49528,2,0,25,0,76,,49532,2,,,0,116,,49529,2,0,25,0,125,,49534,2,,,0,66,,49535,2,0,54 55,0,100,,49530,2,0,25,0,104,,49536,2,0,25,0,104,,49531,2,0,25,0,87,,49537,2,,,0,137,,49533,2,,,0
