201,'1_3',717,,48400,21,0,20,0,29,,48439,21,0,21,0,58,,48422,9,0,62,0,12,,48403,21,0,21,0,15,,48401,9,0,20,0,20,,48423,21,0,62,0,67,,48404,21,0,21,0,28,,48414,21,0,20,0,81,,48408,21,0,21,0,26,,48415,21,0,62,0,83,,48409,21,0,21,0,75,,48416,21,0,62,0,40,,48405,21,0,20,0,75,,48424,21,0,21,0,20,,48438,21,0,62,0,65,,48417,21,0,21,0,30,,48402,21,0,20,0,65,,48425,21,0,21,0,25,,48406,21,0,62,0,75,,48418,21,0,21,0,39,,48432,21,0,62,0,60,,48426,9,0,21,0,15,,48419,9,0,62,0,12,,48427,21,0,21,0,13,,48407,21,0,62,0,55,,48428,9,0,21,0,16,,48430,9,0,62,0,15,,48429,9,0,21,0,16,,48420,21,0,62,0,60,,48411,21,0,21,0,25,,48421,21,0,62,0,20,,48412,21,0,21,0
201,'2_6',717,,30614,21,0,20,0,5,,30638,21,0,62,0,25,,30626,9,0,21,0,70,,30615,21,0,21,0,25,,30627,9,0,62,0,65,,30639,21,0,20,0,25,,30616,21,0,20,0,20,,30628,9,0,21,0,55,,30640,21,0,62,0,31,,30617,21,0,20,0,19,,30629,9,0,21,0,60,,30641,21,0,64,0,25,,30618,21,0,20,0,60,,30630,9,0,62,0,20,,30642,21,0,21,0,30,,30619,21,0,21,0,58,,30631,9,0,62,0,20,,30643,21,0,20,0,25,,30620,21,0,21,0,57,,30632,9,0,62,0,25,,30644,21,0,20,0,65,,30621,21,0,62,0,18,,30633,9,0,21,0,22,,30645,21,0,20,0,62,,30622,21,0,62,0,16,,30634,9,0,21,0,24,,30646,21,0,20,0,65,,30623,21,0,21,0,18,,30635,9,0,62,0,20,,30647,21,0,20,0,65,,30624,21,0,21,0,20,,30636,9,0,20,0,20,,30648,21,0,62,0,60,,30625,21,0,21,0,15,,30637,9,0,62,0,15,,30649,21,0,21,0
201,'3_7',842,,30650,9,0,21,0,165,,30651,9,0,21,0,125,,30652,9,0,21,0,125,,30653,9,0,21,0,150,,30654,9,0,21,0,125,,30655,9,0,21,0,125,,30656,9,0,21,0,165,,30657,9,0,21,0
201,'4_7',842,,46757,9,0,21,0,165,,46758,9,0,21,0,125,,46759,9,0,21,0,125,,46760,9,0,21,0,150,,46761,9,0,21,0,125,,46762,9,0,21,0,125,,46763,9,0,21,0,165,,46764,9,0,21,0
201,'7_1',717,,46765,21,0,20,0,29,,46803,21,0,21,0,58,,46787,9,0,62,0,12,,46768,21,0,21,0,15,,46766,9,0,20,0,20,,46788,21,0,62,0,67,,46769,21,0,21,0,28,,46779,21,0,20,0,81,,46773,21,0,21,0,26,,46780,21,0,62,0,83,,46774,21,0,21,0,75,,46781,21,0,62,0,40,,46770,21,0,20,0,75,,46789,21,0,21,0,20,,46802,21,0,62,0,65,,46782,21,0,21,0,30,,46767,21,0,20,0,65,,46790,21,0,21,0,25,,46771,21,0,62,0,75,,46783,21,0,21,0,39,,46797,21,0,62,0,60,,46791,9,0,21,0,15,,46784,9,0,62,0,12,,46792,21,0,21,0,13,,46772,21,0,62,0,55,,46793,9,0,21,0,16,,46795,9,0,62,0,15,,46794,9,0,21,0,16,,46785,21,0,62,0,60,,46776,21,0,21,0,25,,46786,21,0,62,0,20,,46777,21,0,21,0
201,'7_2',717,,48440,21,0,20,0,29,,48478,21,0,21,0,58,,48462,9,0,62,0,12,,48443,21,0,21,0,15,,48441,9,0,20,0,20,,48463,21,0,62,0,67,,48444,21,0,21,0,28,,48454,21,0,20,0,81,,48448,21,0,21,0,26,,48455,21,0,62,0,83,,48449,21,0,21,0,75,,48456,21,0,62,0,40,,48445,21,0,20,0,75,,48464,21,0,21,0,20,,48477,21,0,62,0,65,,48457,21,0,21,0,30,,48442,21,0,20,0,65,,48465,21,0,21,0,25,,48446,21,0,62,0,75,,48458,21,0,21,0,39,,48472,21,0,62,0,60,,48466,9,0,21,0,15,,48459,9,0,62,0,12,,48467,21,0,21,0,13,,48447,21,0,62,0,55,,48468,9,0,21,0,16,,48470,9,0,62,0,15,,48469,9,0,21,0,16,,48460,21,0,62,0,60,,48451,21,0,21,0,25,,48461,21,0,62,0,20,,48452,21,0,21,0
201,'7_4',717,,48479,21,0,20,0,29,,48517,21,0,21,0,58,,48501,9,0,62,0,12,,48482,21,0,21,0,15,,48480,9,0,20,0,20,,48502,21,0,62,0,67,,48483,21,0,21,0,28,,48493,21,0,20,0,81,,48487,21,0,21,0,26,,48494,21,0,62,0,83,,48488,21,0,21,0,75,,48495,21,0,62,0,40,,48484,21,0,20,0,75,,48503,21,0,21,0,20,,48516,21,0,62,0,65,,48496,21,0,21,0,30,,48481,21,0,20,0,65,,48504,21,0,21,0,25,,48485,21,0,62,0,75,,48497,21,0,21,0,39,,48511,21,0,62,0,60,,48505,9,0,21,0,15,,48498,9,0,62,0,12,,48506,21,0,21,0,13,,48486,21,0,62,0,55,,48507,9,0,21,0,16,,48509,9,0,62,0,15,,48508,9,0,21,0,16,,48499,21,0,62,0,60,,48490,21,0,21,0,25,,48500,21,0,62,0,20,,48491,21,0,21,0
201,'8_7',842,,51875,9,0,21,0,165,,51876,9,0,21,0,125,,51877,9,0,21,0,125,,51878,9,0,21,0,150,,51879,9,0,21,0,125,,51880,9,0,21,0,125,,51881,9,0,21,0,165,,51882,9,0,21,0
201,'9_7',842,,52102,9,0,21,0,165,,52103,9,0,21,0,125,,52104,9,0,21,0,125,,52105,9,0,21,0,150,,52106,9,0,21,0,125,,52107,9,0,21,0,125,,52108,9,0,21,0,165,,52109,9,0,21,0
1501,'1_3',716,,49464,23,,,0,19,,49465,23,,,0,94,,49466,23,,,0,21,,49467,23,,,0,158,,49468,23,,,0,116,,49469,23,,,0,117,,49470,23,,,0,95,,49471,23,,,0,118,,49472,23,,,0,99,,49463,11,,,0,169,,49473,23,,,0,105,,49474,23,,,0,93,,49475,23,,,0
1501,'2_6',716,,32642,23,,,0,19,,32643,23,,,0,94,,32644,23,,,0,21,,32645,23,,,0,158,,32646,23,,,0,116,,32647,23,,,0,117,,32648,23,,,0,95,,32649,23,,,0,118,,32650,23,,,0,99,,32641,11,,,0,169,,32651,23,,,0,105,,32652,23,,,0,93,,32653,23,,,0
1501,'7_1',716,,47163,23,,,0,19,,47164,23,,,0,94,,47165,23,,,0,21,,47166,23,,,0,158,,47167,23,,,0,116,,47168,23,,,0,117,,47169,23,,,0,95,,47170,23,,,0,118,,47171,23,,,0,99,,47162,11,,,0,169,,47172,23,,,0,105,,47173,23,,,0,93,,47174,23,,,0
1501,'7_2',716,,49477,23,,,0,19,,49478,23,,,0,94,,49479,23,,,0,21,,49480,23,,,0,158,,49481,23,,,0,116,,49482,23,,,0,117,,49483,23,,,0,95,,49484,23,,,0,118,,49485,23,,,0,99,,49476,11,,,0,169,,49486,23,,,0,105,,49487,23,,,0,93,,49488,23,,,0
1501,'7_4',716,,49490,23,,,0,19,,49491,23,,,0,94,,49492,23,,,0,21,,49493,23,,,0,158,,49494,23,,,0,116,,49495,23,,,0,117,,49496,23,,,0,95,,49497,23,,,0,118,,49498,23,,,0,99,,49489,11,,,0,169,,49499,23,,,0,105,,49500,23,,,0,93,,49501,23,,,0
2001,'1_3',720,,49714,19,,,0,120,,49715,19,,,0,79,,49716,19,,,0,486,,49718,19,,,0,409,,49717,19,,,0
2001,'7_1',720,,47247,19,,,0,120,,47248,19,,,0,79,,47249,19,,,0,895,,47250,19,,,0
2001,'7_2',720,,49719,19,,,0,120,,49720,19,,,0,79,,49721,19,,,0,895,,49722,19,,,0
2001,'7_4',720,,49723,19,,,0,120,,49724,19,,,0,79,,49725,19,,,0,895,,49726,19,,,0
2301,'1_3',717,,49790,23,,,0,25,,49789,23,,,0,1,,49788,33,,,0
2301,'7_1',717,,47275,23,,,0,25,,47274,23,,,0,1,,47273,33,,,0
2301,'7_2',717,,49793,23,,,0,25,,49792,23,,,0,1,,49791,33,,,0
2301,'7_4',717,,49796,23,,,0,25,,49795,23,,,0,1,,49794,33,,,0
1000001,'1_3',540,,50592,9,,,0,60,,50593,9,,,0,20,,50594,9,,,0,20,,50595,9,,,0,60,,50596,9,,,0,10,,50676,9,,,0,9,,50677,9,,,0,9,,50627,15,,,0,10,,50628,15,,,0,10,,50629,15,,,0,52,,50630,15,,,0,10,,50631,15,,,0,9,,50632,15,,,0,9,,50633,15,,,0,10,,50634,15,,,0,10,,50635,15,,,0,10,,50636,15,,,0,50,,50637,15,,,0,11,,50638,15,,,0,11,,50597,9,,,0,11,,50598,15,,,0,10,,50599,9,,,0,50,,50600,15,,,0,11,,50601,9,,,0,11,,50639,15,,,0,11,,50602,9,,,0,11,,50603,15,,,0,10,,50604,9,,,0,51,,50605,15,,,0,10,,50606,9,,,0,11,,50640,15,,,0,10,,50607,9,,,0,11,,50608,15,,,0,10,,50609,9,,,0,49,,50610,15,,,0,9,,50641,9,,,0,11,,50642,15,,,0,10,,50643,9,,,0,10,,50644,15,,,0,10,,50645,9,,,0,50,,50646,15,,,0,10,,50647,9,,,0,9,,50648,15,,,0,10,,50649,9,,,0,10,,50650,15,,,0,10,,50651,9,,,0,50,,50652,15,,,0,10,,50653,9,,,0,10,,50611,15,,,0,10,,50612,9,,,0,9,,50654,15,,,0,10,,50613,9,,,0,49,,50614,15,,,0,11,,50615,9,,,0,11,,50655,15,,,0,11,,50616,9,,,0,11,,50617,15,,,0,11,,50618,9,,,0,50,,50619,15,,,0,9,,50620,15,,,0,10,,50656,15,,,0,10,,50657,15,,,0,10,,50658,15,,,0,10,,50659,15,,,0,51,,50660,15,,,0,11,,50661,15,,,0,10,,50662,15,,,0,10,,50663,15,,,0,10,,50664,15,,,0,50,,50665,15,,,0,10,,50666,15,,,0,9,,50667,15,,,0,9,,50668,15,,,0,10,,50669,15,,,0,9,,50670,15,,,0,9,,50671,9,,,0,50,,50672,15,,,0,10,,50673,9,,,0,13,,50675,15,,,0,19,,50674,15,,,0,60,,50621,9,,,0,21,,50622,9,,,0,20,,50623,9,,,0,60,,50624,9,,,0,20,,50625,9,,,0,20,,50626,9,,,0
1000001,'2_6',540,,35155,9,,,0,81,,35156,9,,,0,80,,35157,9,,,0,29,,35158,9,,,0,29,,35159,15,,,0,69,,35160,15,,,0,15,,35161,9,,,0,15,,35162,9,,,0,54,,35163,15,,,0,15,,35164,9,,,0,15,,35165,9,,,0,15,,35166,15,,,0,56,,35167,9,,,0,15,,35168,9,,,0,16,,35169,15,,,0,15,,35170,9,,,0,55,,35171,9,,,0,16,,35172,15,,,0,15,,35173,9,,,0,56,,35174,9,,,0,16,,35175,15,,,0,14,,35176,9,,,0,16,,35177,9,,,0,56,,35178,15,,,0,9,,35179,9,,,0,9,,35180,9,,,0,8,,35181,9,,,0,10,,35183,9,,,0,10,,35182,15,,,0,10,,35184,9,,,0,51,,35185,9,,,0,12,,35186,15,,,0,10,,35187,9,,,0,9,,35188,9,,,0,10,,35189,9,,,0,51,,35190,15,,,0,10,,35191,9,,,0,10,,35192,9,,,0,11,,35193,9,,,0,11,,35194,15,,,0,9,,35195,9,,,0,50,,35196,9,,,0,10,,35197,9,,,0,12,,35198,15,,,0,9,,35199,9,,,0,9,,35200,9,,,0,9,,35201,9,,,0,50,,35203,9,,,0,9,,35202,15,,,0,10,,35204,9,,,0,10,,35205,9,,,0,10,,35207,9,,,0,10,,35206,15,,,0,49,,35208,9,,,0,9,,35209,9,,,0,10,,35211,9,,,0,10,,35210,15,,,0,10,,35212,9,,,0,13,,35213,9,,,0,59,,35214,15,,,0,17,,35215,9,,,0,21,,35216,9,,,0,61,,35217,9,,,0,17,,35218,9,,,0,20,,35219,9,,,0,60,,35220,9,,,0,20,,35221,9,,,0,21,,35222,9,,,0
1000001,'3_7',808,,35223,9,,,0,40,,35224,9,,,0,80,,35225,9,,,0,80,,35226,9,,,0,40,,35227,9,,,0,80,,35228,9,,,0,80,,35229,9,,,0,40,,35230,9,,,0,80,,35231,9,,,0,80,,35232,9,,,0,40,,35233,9,,,0,80,,35234,9,,,0,80,,35235,9,,,0,40,,35236,9,,,0,80,,35237,9,,,0,80,,35238,9,,,0,40,,35239,9,,,0,80,,35240,9,,,0
1000001,'4_7',808,,47561,9,,,0,40,,47562,9,,,0,80,,47563,9,,,0,80,,47564,9,,,0,40,,47565,9,,,0,80,,47566,9,,,0,80,,47567,9,,,0,40,,47568,9,,,0,80,,47569,9,,,0,80,,47570,9,,,0,40,,47571,9,,,0,80,,47572,9,,,0,80,,47573,9,,,0,40,,47574,9,,,0,80,,47575,9,,,0,80,,47576,9,,,0,40,,47577,9,,,0,80,,47578,9,,,0
1000001,'7_1',540,,47579,9,,,0,60,,47580,9,,,0,20,,47581,9,,,0,20,,47582,9,,,0,60,,47583,9,,,0,10,,47663,9,,,0,9,,47664,9,,,0,9,,47614,15,,,0,10,,47615,15,,,0,10,,47616,15,,,0,52,,47617,15,,,0,10,,47618,15,,,0,9,,47619,15,,,0,9,,47620,15,,,0,10,,47621,15,,,0,10,,47622,15,,,0,10,,47623,15,,,0,50,,47624,15,,,0,11,,47625,15,,,0,11,,47584,9,,,0,11,,47585,15,,,0,10,,47586,9,,,0,50,,47587,15,,,0,11,,47588,9,,,0,11,,47626,15,,,0,11,,47589,9,,,0,11,,47590,15,,,0,10,,47591,9,,,0,51,,47592,15,,,0,10,,47593,9,,,0,11,,47627,15,,,0,10,,47594,9,,,0,11,,47595,15,,,0,10,,47596,9,,,0,49,,47597,15,,,0,9,,47628,9,,,0,11,,47629,15,,,0,10,,47630,9,,,0,10,,47631,15,,,0,10,,47632,9,,,0,50,,47633,15,,,0,10,,47634,9,,,0,9,,47635,15,,,0,10,,47636,9,,,0,10,,47637,15,,,0,10,,47638,9,,,0,50,,47639,15,,,0,10,,47640,9,,,0,10,,47598,15,,,0,10,,47599,9,,,0,9,,47641,15,,,0,10,,47600,9,,,0,49,,47601,15,,,0,11,,47602,9,,,0,11,,47642,15,,,0,11,,47603,9,,,0,11,,47604,15,,,0,11,,47605,9,,,0,50,,47606,15,,,0,9,,47607,15,,,0,10,,47643,15,,,0,10,,47644,15,,,0,10,,47645,15,,,0,10,,47646,15,,,0,51,,47647,15,,,0,11,,47648,15,,,0,10,,47649,15,,,0,10,,47650,15,,,0,10,,47651,15,,,0,50,,47652,15,,,0,10,,47653,15,,,0,9,,47654,15,,,0,9,,47655,15,,,0,10,,47656,15,,,0,9,,47657,15,,,0,9,,47658,9,,,0,50,,47659,15,,,0,10,,47660,9,,,0,13,,47662,15,,,0,19,,47661,15,,,0,60,,47608,9,,,0,21,,47609,9,,,0,20,,47610,9,,,0,60,,47611,9,,,0,20,,47612,9,,,0,20,,47613,9,,,0
1000001,'7_2',540,,50678,9,,,0,60,,50679,9,,,0,20,,50680,9,,,0,20,,50681,9,,,0,60,,50682,9,,,0,10,,50762,9,,,0,9,,50763,9,,,0,9,,50713,15,,,0,10,,50714,15,,,0,10,,50715,15,,,0,52,,50716,15,,,0,10,,50717,15,,,0,9,,50718,15,,,0,9,,50719,15,,,0,10,,50720,15,,,0,10,,50721,15,,,0,10,,50722,15,,,0,50,,50723,15,,,0,11,,50724,15,,,0,11,,50683,9,,,0,11,,50684,15,,,0,10,,50685,9,,,0,50,,50686,15,,,0,11,,50687,9,,,0,11,,50725,15,,,0,11,,50688,9,,,0,11,,50689,15,,,0,10,,50690,9,,,0,51,,50691,15,,,0,10,,50692,9,,,0,11,,50726,15,,,0,10,,50693,9,,,0,11,,50694,15,,,0,10,,50695,9,,,0,49,,50696,15,,,0,9,,50727,9,,,0,11,,50728,15,,,0,10,,50729,9,,,0,10,,50730,15,,,0,10,,50731,9,,,0,50,,50732,15,,,0,10,,50733,9,,,0,9,,50734,15,,,0,10,,50735,9,,,0,10,,50736,15,,,0,10,,50737,9,,,0,50,,50738,15,,,0,10,,50739,9,,,0,10,,50697,15,,,0,10,,50698,9,,,0,9,,50740,15,,,0,10,,50699,9,,,0,49,,50700,15,,,0,11,,50701,9,,,0,11,,50741,15,,,0,11,,50702,9,,,0,11,,50703,15,,,0,11,,50704,9,,,0,50,,50705,15,,,0,9,,50706,15,,,0,10,,50742,15,,,0,10,,50743,15,,,0,10,,50744,15,,,0,10,,50745,15,,,0,51,,50746,15,,,0,11,,50747,15,,,0,10,,50748,15,,,0,10,,50749,15,,,0,10,,50750,15,,,0,50,,50751,15,,,0,10,,50752,15,,,0,9,,50753,15,,,0,9,,50754,15,,,0,10,,50755,15,,,0,9,,50756,15,,,0,9,,50757,9,,,0,50,,50758,15,,,0,10,,50759,9,,,0,13,,50761,15,,,0,19,,50760,15,,,0,60,,50707,9,,,0,21,,50708,9,,,0,20,,50709,9,,,0,60,,50710,9,,,0,20,,50711,9,,,0,20,,50712,9,,,0
1000001,'7_4',540,,50764,9,,,0,60,,50765,9,,,0,20,,50766,9,,,0,20,,50767,9,,,0,60,,50768,9,,,0,10,,50848,9,,,0,9,,50849,9,,,0,9,,50799,15,,,0,10,,50800,15,,,0,10,,50801,15,,,0,52,,50802,15,,,0,10,,50803,15,,,0,9,,50804,15,,,0,9,,50805,15,,,0,10,,50806,15,,,0,10,,50807,15,,,0,10,,50808,15,,,0,50,,50809,15,,,0,11,,50810,15,,,0,11,,50769,9,,,0,11,,50770,15,,,0,10,,50771,9,,,0,50,,50772,15,,,0,11,,50773,9,,,0,11,,50811,15,,,0,11,,50774,9,,,0,11,,50775,15,,,0,10,,50776,9,,,0,51,,50777,15,,,0,10,,50778,9,,,0,11,,50812,15,,,0,10,,50779,9,,,0,11,,50780,15,,,0,10,,50781,9,,,0,49,,50782,15,,,0,9,,50813,9,,,0,11,,50814,15,,,0,10,,50815,9,,,0,10,,50816,15,,,0,10,,50817,9,,,0,50,,50818,15,,,0,10,,50819,9,,,0,9,,50820,15,,,0,10,,50821,9,,,0,10,,50822,15,,,0,10,,50823,9,,,0,50,,50824,15,,,0,10,,50825,9,,,0,10,,50783,15,,,0,10,,50784,9,,,0,9,,50826,15,,,0,10,,50785,9,,,0,49,,50786,15,,,0,11,,50787,9,,,0,11,,50827,15,,,0,11,,50788,9,,,0,11,,50789,15,,,0,11,,50790,9,,,0,50,,50791,15,,,0,9,,50792,15,,,0,10,,50828,15,,,0,10,,50829,15,,,0,10,,50830,15,,,0,10,,50831,15,,,0,51,,50832,15,,,0,11,,50833,15,,,0,10,,50834,15,,,0,10,,50835,15,,,0,10,,50836,15,,,0,50,,50837,15,,,0,10,,50838,15,,,0,9,,50839,15,,,0,9,,50840,15,,,0,10,,50841,15,,,0,9,,50842,15,,,0,9,,50843,9,,,0,50,,50844,15,,,0,10,,50845,9,,,0,13,,50847,15,,,0,19,,50846,15,,,0,60,,50793,9,,,0,21,,50794,9,,,0,20,,50795,9,,,0,60,,50796,9,,,0,20,,50797,9,,,0,20,,50798,9,,,0
1000001,'8_7',808,,51974,9,,,0,40,,51975,9,,,0,80,,51976,9,,,0,80,,51977,9,,,0,40,,51978,9,,,0,80,,51979,9,,,0,80,,51980,9,,,0,40,,51981,9,,,0,80,,51982,9,,,0,80,,51983,9,,,0,40,,51984,9,,,0,80,,51985,9,,,0,80,,51986,9,,,0,40,,51987,9,,,0,80,,51988,9,,,0,80,,51989,9,,,0,40,,51990,9,,,0,80,,51991,9,,,0
1000001,'9_7',808,,52201,9,,,0,40,,52202,9,,,0,80,,52203,9,,,0,80,,52204,9,,,0,40,,52205,9,,,0,80,,52206,9,,,0,80,,52207,9,,,0,40,,52208,9,,,0,80,,52209,9,,,0,80,,52210,9,,,0,40,,52211,9,,,0,80,,52212,9,,,0,80,,52213,9,,,0,40,,52214,9,,,0,80,,52215,9,,,0,80,,52216,9,,,0,40,,52217,9,,,0,80,,52218,9,,,0
4000001,'1_3',658,,51718,18,,,0,60,,51736,16,,,0,20,,51719,18,,,0,19,,51760,16,,,0,61,,51720,18,,,0,20,,51737,16,,,0,20,,51721,18,,,0,60,,51738,16,,,0,20,,51722,18,,,0,20,,51739,16,,,0,60,,51759,18,,,0,20,,51740,16,,,0,20,,51723,18,,,0,60,,51741,16,,,0,20,,51724,18,,,0,20,,51742,16,,,0,60,,51725,18,,,0,20,,51743,16,,,0,20,,51726,18,,,0,60,,51744,16,,,0,20,,51727,18,,,0,20,,51745,16,,,0,60,,51758,18,,,0,20,,51746,16,,,0,20,,51728,18,,,0,60,,51747,16,,,0,20,,51729,18,,,0,20,,51748,16,,,0,60,,51757,18,,,0,20,,51749,16,,,0,19,,51730,18,,,0,62,,51750,16,,,0,18,,51731,18,,,0,20,,51751,16,,,0,60,,51732,18,,,0,21,,51752,16,,,0,20,,51733,18,,,0,60,,51753,16,,,0,20,,51734,18,,,0,20,,51754,16,,,0,60,,51755,16,,,0,20,,51735,18,,,0,70,,51756,16,,,0
4000001,'2_6',657,,37262,18,,,0,60,,37283,16,,,0,20,,37263,18,,,0,20,,37284,16,,,0,60,,37264,18,,,0,20,,37285,16,,,0,20,,37265,18,,,0,61,,37286,16,,,0,20,,37266,18,,,0,21,,37287,16,,,0,61,,37267,18,,,0,21,,37288,16,,,0,61,,37268,18,,,0,21,,37289,16,,,0,22,,37269,18,,,0,60,,37290,16,,,0,21,,37270,18,,,0,21,,37291,16,,,0,61,,37271,18,,,0,18,,37292,16,,,0,18,,37272,18,,,0,58,,37293,16,,,0,18,,37273,18,,,0,19,,37294,16,,,0,20,,37274,18,,,0,60,,37295,16,,,0,20,,37275,18,,,0,20,,37296,16,,,0,60,,37276,18,,,0,19,,37297,16,,,0,20,,37277,18,,,0,60,,37298,16,,,0,20,,37278,18,,,0,20,,37299,16,,,0,61,,37279,18,,,0,20,,37300,16,,,0,20,,37280,18,,,0,60,,37301,16,,,0,20,,37281,16,,,0,20,,37302,18,,,0,60,,37304,16,,,0,20,,37282,18,,,0,70,,37303,16,,,0
4000001,'3_7',914,,37306,18,,,0,110,,37311,16,,,0,110,,37307,18,,,0,110,,37312,16,,,0,110,,37308,18,,,0,150,,37313,16,,,0,110,,37309,18,,,0,110,,37314,16,,,0,110,,37310,18,,,0,110,,37305,16,,,0
4000001,'4_7',914,,48027,18,,,0,110,,48032,16,,,0,110,,48028,18,,,0,110,,48033,16,,,0,110,,48029,18,,,0,150,,48034,16,,,0,110,,48030,18,,,0,110,,48035,16,,,0,110,,48031,18,,,0,110,,48026,16,,,0
4000001,'7_1',658,,48036,18,,,0,60,,48054,16,,,0,20,,48037,18,,,0,19,,48078,16,,,0,61,,48038,18,,,0,20,,48055,16,,,0,20,,48039,18,,,0,60,,48056,16,,,0,20,,48040,18,,,0,20,,48057,16,,,0,60,,48077,18,,,0,20,,48058,16,,,0,20,,48041,18,,,0,60,,48059,16,,,0,20,,48042,18,,,0,20,,48060,16,,,0,60,,48043,18,,,0,20,,48061,16,,,0,20,,48044,18,,,0,60,,48062,16,,,0,20,,48045,18,,,0,20,,48063,16,,,0,60,,48076,18,,,0,20,,48064,16,,,0,20,,48046,18,,,0,60,,48065,16,,,0,20,,48047,18,,,0,20,,48066,16,,,0,60,,48075,18,,,0,20,,48067,16,,,0,19,,48048,18,,,0,62,,48068,16,,,0,18,,48049,18,,,0,20,,48069,16,,,0,60,,48050,18,,,0,21,,48070,16,,,0,20,,48051,18,,,0,60,,48071,16,,,0,20,,48052,18,,,0,20,,48072,16,,,0,60,,48073,16,,,0,20,,48053,18,,,0,70,,48074,16,,,0
4000001,'7_2',658,,51761,18,,,0,60,,51779,16,,,0,20,,51762,18,,,0,19,,51803,16,,,0,61,,51763,18,,,0,20,,51780,16,,,0,20,,51764,18,,,0,60,,51781,16,,,0,20,,51765,18,,,0,20,,51782,16,,,0,60,,51802,18,,,0,20,,51783,16,,,0,20,,51766,18,,,0,60,,51784,16,,,0,20,,51767,18,,,0,20,,51785,16,,,0,60,,51768,18,,,0,20,,51786,16,,,0,20,,51769,18,,,0,60,,51787,16,,,0,20,,51770,18,,,0,20,,51788,16,,,0,60,,51801,18,,,0,20,,51789,16,,,0,20,,51771,18,,,0,60,,51790,16,,,0,20,,51772,18,,,0,20,,51791,16,,,0,60,,51800,18,,,0,20,,51792,16,,,0,19,,51773,18,,,0,62,,51793,16,,,0,18,,51774,18,,,0,20,,51794,16,,,0,60,,51775,18,,,0,21,,51795,16,,,0,20,,51776,18,,,0,60,,51796,16,,,0,20,,51777,18,,,0,20,,51797,16,,,0,60,,51798,16,,,0,20,,51778,18,,,0,70,,51799,16,,,0
4000001,'7_4',658,,51804,18,,,0,60,,51822,16,,,0,20,,51805,18,,,0,19,,51846,16,,,0,61,,51806,18,,,0,20,,51823,16,,,0,20,,51807,18,,,0,60,,51824,16,,,0,20,,51808,18,,,0,20,,51825,16,,,0,60,,51845,18,,,0,20,,51826,16,,,0,20,,51809,18,,,0,60,,51827,16,,,0,20,,51810,18,,,0,20,,51828,16,,,0,60,,51811,18,,,0,20,,51829,16,,,0,20,,51812,18,,,0,60,,51830,16,,,0,20,,51813,18,,,0,20,,51831,16,,,0,60,,51844,18,,,0,20,,51832,16,,,0,20,,51814,18,,,0,60,,51833,16,,,0,20,,51815,18,,,0,20,,51834,16,,,0,60,,51843,18,,,0,20,,51835,16,,,0,19,,51816,18,,,0,62,,51836,16,,,0,18,,51817,18,,,0,20,,51837,16,,,0,60,,51818,18,,,0,21,,51838,16,,,0,20,,51819,18,,,0,60,,51839,16,,,0,20,,51820,18,,,0,20,,51840,16,,,0,60,,51841,16,,,0,20,,51821,18,,,0,70,,51842,16,,,0
4000001,'8_7',914,,52065,18,,,0,110,,52070,16,,,0,110,,52066,18,,,0,110,,52071,16,,,0,110,,52067,18,,,0,150,,52072,16,,,0,110,,52068,18,,,0,110,,52073,16,,,0,110,,52069,18,,,0,110,,52064,16,,,0
4000001,'9_7',914,,52285,18,,,0,110,,52290,16,,,0,110,,52286,18,,,0,110,,52291,16,,,0,110,,52287,18,,,0,150,,52292,16,,,0,110,,52288,18,,,0,110,,52293,16,,,0,110,,52289,18,,,0,110,,52284,16,,,0
