601,'0_6',610,,65847,7,,,0,102,,65848,7,,,0,35,,65849,7,,,0,99,,65850,7,,,0,92,,65851,7,,,0,101,,65852,7,,,0,84,,65853,7,,,0,98,,65854,7,,,0,38,,65862,7,,,0,94,,65863,7,0,69,0,84,,65855,7,,,0,87,,65856,7,,,0,94,,65857,7,,,0,90,,65858,7,,,0,51,,65859,7,,,0,91,,65860,7,,,0,86,,65861,7,,,0
601,'1_7',814,,65864,7,0,69,0,105,,65865,7,0,69,0,115,,65866,7,0,69,0,118,,65867,7,0,69,0,197,,65868,7,0,69,0,162,,65869,7,0,69,0,111,,65870,7,0,69,0,106,,65871,7,0,69,0,108,,65872,7,0,69,0
601,'3_1',610,,65958,7,,,0,102,,65959,7,,,0,35,,65960,7,,,0,99,,65961,7,,,0,92,,65962,7,,,0,101,,65963,7,,,0,84,,65964,7,,,0,98,,65965,7,,,0,38,,65973,7,,,0,94,,65974,7,0,69,0,84,,65966,7,,,0,87,,65967,7,,,0,94,,65968,7,,,0,90,,65969,7,,,0,51,,65970,7,,,0,91,,65971,7,,,0,86,,65972,7,,,0
601,'3_3',610,,65975,7,,,0,102,,65976,7,,,0,35,,65977,7,,,0,99,,65978,7,,,0,92,,65979,7,,,0,101,,65980,7,,,0,84,,65981,7,,,0,98,,65982,7,,,0,38,,65990,7,,,0,94,,65991,7,0,69,0,84,,65983,7,,,0,87,,65984,7,,,0,94,,65985,7,,,0,90,,65986,7,,,0,51,,65987,7,,,0,91,,65988,7,,,0,86,,65989,7,,,0
601,'3_4',610,,65992,7,,,0,102,,65993,7,,,0,35,,65994,7,,,0,99,,65995,7,,,0,92,,65996,7,,,0,101,,65997,7,,,0,84,,65998,7,,,0,98,,65999,7,,,0,38,,66007,7,,,0,94,,66008,7,0,69,0,84,,66000,7,,,0,87,,66001,7,,,0,94,,66002,7,,,0,90,,66003,7,,,0,51,,66004,7,,,0,91,,66005,7,,,0,86,,66006,7,,,0
601,'3_5',610,,66009,7,,,0,102,,66010,7,,,0,35,,66011,7,,,0,99,,66012,7,,,0,92,,66013,7,,,0,101,,66014,7,,,0,84,,66015,7,,,0,98,,66016,7,,,0,38,,66024,7,,,0,94,,66025,7,0,69,0,84,,66017,7,,,0,87,,66018,7,,,0,94,,66019,7,,,0,90,,66020,7,,,0,51,,66021,7,,,0,91,,66022,7,,,0,86,,66023,7,,,0
601,'4_7',814,,66026,7,0,69,0,105,,66027,7,0,69,0,115,,66028,7,0,69,0,118,,66029,7,0,69,0,197,,66030,7,0,69,0,162,,66031,7,0,69,0,111,,66032,7,0,69,0,106,,66033,7,0,69,0,108,,66034,7,0,69,0
901,'0_6',737,,66610,3,,,0,99,,66618,3,0,66,0,264,,66621,3,,,0,56,,66619,3,0,66,0,366,,66622,3,,,0,91,,66611,3,,,0,95,,66612,3,,,0,129,,66613,3,,,0,95,,66614,3,,,0
901,'3_1',737,,66688,3,,,0,99,,66696,3,0,66,0,264,,66699,3,,,0,56,,66697,3,0,66,0,366,,66700,3,,,0,91,,66689,3,,,0,95,,66690,3,,,0,129,,66691,3,,,0,95,,66692,3,,,0
901,'3_3',737,,66701,3,,,0,99,,66709,3,0,66,0,264,,66712,3,,,0,56,,66710,3,0,66,0,366,,66713,3,,,0,91,,66702,3,,,0,95,,66703,3,,,0,129,,66704,3,,,0,95,,66705,3,,,0
901,'3_4',737,,66714,3,,,0,99,,66722,3,0,66,0,264,,66725,3,,,0,56,,66723,3,0,66,0,366,,66726,3,,,0,91,,66715,3,,,0,95,,66716,3,,,0,129,,66717,3,,,0,95,,66718,3,,,0
901,'3_5',737,,66727,3,,,0,99,,66735,3,0,66,0,264,,66738,3,,,0,56,,66736,3,0,66,0,366,,66739,3,,,0,91,,66728,3,,,0,95,,66729,3,,,0,129,,66730,3,,,0,95,,66731,3,,,0
2601,'0_6',738,,68098,19,,,0,86,,68101,19,,,0,85,,68102,19,,,0,47,,68103,19,,,0,90,,68104,19,,,0,84,,68105,19,,,0,83,,68106,19,,,0,45,,68107,19,,,0,82,,68108,19,,,0,85,,68109,19,,,0,86,,68110,19,,,0,91,,68111,19,,,0,46,,68112,19,,,0,81,,68113,19,,,0,86,,68114,19,,,0,42,,68100,19,,,0,81,,68099,19,,,0
2601,'3_1',738,,68200,19,,,0,86,,68201,19,,,0,85,,68202,19,,,0,47,,68203,19,,,0,90,,68204,19,,,0,84,,68205,19,,,0,83,,68206,19,,,0,45,,68207,19,,,0,82,,68208,19,,,0,85,,68209,19,,,0,86,,68210,19,,,0,91,,68211,19,,,0,46,,68212,19,,,0,81,,68213,19,,,0,86,,68214,19,,,0,42,,68215,19,,,0,81,,68216,19,,,0
2601,'3_3',738,,68217,19,,,0,86,,68218,19,,,0,85,,68219,19,,,0,47,,68220,19,,,0,90,,68221,19,,,0,84,,68222,19,,,0,83,,68223,19,,,0,45,,68224,19,,,0,82,,68225,19,,,0,85,,68226,19,,,0,86,,68227,19,,,0,91,,68228,19,,,0,46,,68229,19,,,0,81,,68230,19,,,0,86,,68231,19,,,0,42,,68232,19,,,0,81,,68233,19,,,0
2601,'3_4',738,,68234,19,,,0,86,,68235,19,,,0,85,,68236,19,,,0,47,,68237,19,,,0,90,,68238,19,,,0,84,,68239,19,,,0,83,,68240,19,,,0,45,,68241,19,,,0,82,,68242,19,,,0,85,,68243,19,,,0,86,,68244,19,,,0,91,,68245,19,,,0,46,,68246,19,,,0,81,,68247,19,,,0,86,,68248,19,,,0,42,,68249,19,,,0,81,,68250,19,,,0
2601,'3_5',738,,68251,19,,,0,86,,68252,19,,,0,85,,68253,19,,,0,47,,68254,19,,,0,90,,68255,19,,,0,84,,68256,19,,,0,83,,68257,19,,,0,45,,68258,19,,,0,82,,68259,19,,,0,85,,68260,19,,,0,86,,68261,19,,,0,91,,68262,19,,,0,46,,68263,19,,,0,81,,68264,19,,,0,86,,68265,19,,,0,42,,68266,19,,,0,81,,68267,19,,,0
