300,'0_6',659,,64083,16,,,0,69,,64084,16,,,0,28,,64085,16,,,0,70,,64086,16,,,0,75,,64087,16,,,0,32,,64088,16,,,0,75,,64089,16,,,0,34,,64090,16,,,0,72,,64091,16,,,0,33,,64082,16,,,0,73,,64081,16,,,0,33,,64080,16,,,0,72,,64079,16,,,0,32,,64057,16,,,0,68,,64058,16,,,0,29,,64059,16,,,0,68,,64060,16,,,0,28,,64061,16,,,0,68,,64062,16,,,0,31,,64063,16,,,0,68,,64064,16,,,0,27,,64065,16,,,0,68,,64066,16,,,0,29,,64067,16,,,0,67,,64068,16,,,0,26,,64069,16,,,0,66,,64070,16,,,0,24,,64071,16,,,0,24,,64093,16,,,0,66,,64092,16,,,0,24,,64072,4,,,0,70,,64073,4,,,0,30,,64074,4,,,0,70,,64075,4,,,0,30,,64076,4,,,0,70,,64077,4,,,0,30,,64078,4,,,0
300,'1_7',901,,64116,16,,,0,32,,64117,16,,,0,75,,64118,16,,,0,34,,64119,16,,,0,72,,64110,16,,,0,33,,64115,16,,,0,73,,64114,16,,,0,33,,64113,16,,,0,72,,64112,16,,,0,32,,64094,16,,,0,68,,64095,16,,,0,29,,64096,16,,,0,68,,64097,16,,,0,28,,64098,16,,,0,68,,64099,16,,,0,31,,64100,16,,,0,68,,64101,16,,,0,27,,64102,16,,,0,68,,64103,16,,,0,29,,64104,16,,,0,67,,64105,16,,,0,26,,64106,16,,,0,66,,64107,16,,,0,24,,64108,16,,,0,24,,64111,16,,,0,66,,64109,16,,,0
300,'3_1',659,,64296,16,,,0,69,,64297,16,,,0,28,,64298,16,,,0,70,,64299,16,,,0,75,,64300,16,,,0,32,,64301,16,,,0,75,,64302,16,,,0,34,,64303,16,,,0,72,,64304,16,,,0,33,,64295,16,,,0,73,,64294,16,,,0,33,,64293,16,,,0,72,,64292,16,,,0,32,,64277,16,,,0,68,,64278,16,,,0,29,,64279,16,,,0,68,,64280,16,,,0,28,,64281,16,,,0,68,,64282,16,,,0,31,,64283,16,,,0,68,,64284,16,,,0,27,,64285,16,,,0,68,,64286,16,,,0,29,,64287,16,,,0,67,,64288,16,,,0,26,,64289,16,,,0,66,,64290,16,,,0,24,,64291,16,,,0,24,,64306,16,,,0,66,,64305,16,,,0
300,'3_3',659,,64326,16,,,0,69,,64327,16,,,0,28,,64328,16,,,0,70,,64329,16,,,0,75,,64330,16,,,0,32,,64331,16,,,0,75,,64332,16,,,0,34,,64333,16,,,0,72,,64334,16,,,0,33,,64325,16,,,0,73,,64324,16,,,0,33,,64323,16,,,0,72,,64322,16,,,0,32,,64307,16,,,0,68,,64308,16,,,0,29,,64309,16,,,0,68,,64310,16,,,0,28,,64311,16,,,0,68,,64312,16,,,0,31,,64313,16,,,0,68,,64314,16,,,0,27,,64315,16,,,0,68,,64316,16,,,0,29,,64317,16,,,0,67,,64318,16,,,0,26,,64319,16,,,0,66,,64320,16,,,0,24,,64321,16,,,0,24,,64336,16,,,0,66,,64335,16,,,0
300,'3_4',659,,64356,16,,,0,69,,64357,16,,,0,28,,64358,16,,,0,70,,64359,16,,,0,75,,64360,16,,,0,32,,64361,16,,,0,75,,64362,16,,,0,34,,64363,16,,,0,72,,64364,16,,,0,33,,64355,16,,,0,73,,64354,16,,,0,33,,64353,16,,,0,72,,64352,16,,,0,32,,64337,16,,,0,68,,64338,16,,,0,29,,64339,16,,,0,68,,64340,16,,,0,28,,64341,16,,,0,68,,64342,16,,,0,31,,64343,16,,,0,68,,64344,16,,,0,27,,64345,16,,,0,68,,64346,16,,,0,29,,64347,16,,,0,67,,64348,16,,,0,26,,64349,16,,,0,66,,64350,16,,,0,24,,64351,16,,,0,24,,64366,16,,,0,66,,64365,16,,,0
300,'3_5',659,,64393,16,,,0,69,,64394,16,,,0,28,,64395,16,,,0,70,,64396,16,,,0,75,,64397,16,,,0,32,,64398,16,,,0,75,,64399,16,,,0,34,,64400,16,,,0,72,,64401,16,,,0,33,,64392,16,,,0,73,,64391,16,,,0,33,,64390,16,,,0,72,,64389,16,,,0,32,,64367,16,,,0,68,,64368,16,,,0,29,,64369,16,,,0,68,,64370,16,,,0,28,,64371,16,,,0,68,,64372,16,,,0,31,,64373,16,,,0,68,,64374,16,,,0,27,,64375,16,,,0,68,,64376,16,,,0,29,,64377,16,,,0,67,,64378,16,,,0,26,,64379,16,,,0,66,,64380,16,,,0,24,,64381,16,,,0,24,,64403,16,,,0,66,,64402,16,,,0,24,,64382,4,,,0,70,,64383,4,,,0,30,,64384,4,,,0,70,,64385,4,,,0,30,,64386,4,,,0,70,,64387,4,,,0,30,,64388,4,,,0
300,'4_7',659,,64423,16,,,0,69,,64424,16,,,0,28,,64425,16,,,0,70,,64426,16,,,0,75,,64427,16,,,0,32,,64428,16,,,0,75,,64429,16,,,0,34,,64430,16,,,0,72,,64431,16,,,0,33,,64422,16,,,0,73,,64421,16,,,0,33,,64420,16,,,0,72,,64419,16,,,0,32,,64404,16,,,0,68,,64405,16,,,0,29,,64406,16,,,0,68,,64407,16,,,0,28,,64408,16,,,0,68,,64409,16,,,0,31,,64410,16,,,0,68,,64411,16,,,0,27,,64412,16,,,0,68,,64413,16,,,0,29,,64414,16,,,0,67,,64415,16,,,0,26,,64416,16,,,0,66,,64417,16,,,0,24,,64418,16,,,0,24,,64433,16,,,0,66,,64432,16,,,0
2200,'0_6',1004,,67568,4,,,0,120,,67569,4,,,0,131,,67570,4,,,0,256,,67571,4,,,0,143,,67572,4,,,0,168,,67573,4,,,0,125,,67574,4,,,0
2200,'1_7',1335,,67575,4,,,0,120,,67576,4,,,0,160,,67577,4,,,0,120,,67578,4,,,0,120,,67579,4,,,0
2200,'3_1',1004,,67615,4,,,0,120,,67616,4,,,0,131,,67617,4,,,0,256,,67618,4,,,0,143,,67619,4,,,0,168,,67620,4,,,0,125,,67621,4,,,0
2200,'3_3',1004,,67622,4,,,0,120,,67623,4,,,0,131,,67624,4,,,0,256,,67625,4,,,0,143,,67626,4,,,0,168,,67627,4,,,0,125,,67628,4,,,0
2200,'3_4',1004,,67629,4,,,0,120,,67630,4,,,0,131,,67631,4,,,0,256,,67632,4,,,0,143,,67633,4,,,0,168,,67634,4,,,0,125,,67635,4,,,0
2200,'3_5',1004,,67636,4,,,0,120,,67637,4,,,0,131,,67638,4,,,0,256,,67639,4,,,0,143,,67640,4,,,0,168,,67641,4,,,0,125,,67642,4,,,0
2200,'4_7',1335,,67643,4,,,0,120,,67644,4,,,0,160,,67645,4,,,0,120,,67646,4,,,0,120,,67647,4,,,0
