100,'0_6',713,,62779,21,0,61 8,0,109,,62791,21,0,61 8,0,95,,62780,21,0,61 8,0,30,,62792,21,0,61 8,0,69,,62781,21,0,61 8,0,33,,62793,21,0,61 8,0,70,,62782,21,0,61 8,0,29,,62794,21,0,61 8,0,71,,62783,21,0,61 8,0,28,,62795,21,0,61 8,0,70,,62784,21,0,61 8,0,30,,62796,21,0,61 8,0,70,,62785,21,0,61 8,0,31,,62797,21,0,61 8,0,69,,62786,21,0,61 8,0,31,,62798,21,0,61 8,0,71,,62787,21,0,61 8,0,31,,62799,21,0,61 8,0,73,,62788,21,0,61 8,0,28,,62800,21,0,61 8,0,70,,62789,21,0,61 8,0,31,,62801,21,0,61 8,0,69,,62790,21,0,61 8,0
100,'1_7',916,,62802,21,0,61 8,0,105,,62807,21,0,61 8,0,106,,62803,21,0,61 8,0,104,,62808,21,0,61 8,0,90,,62804,21,0,61 8,0,100,,62809,21,0,61 8,0,105,,62805,21,0,61 8,0,105,,62810,21,0,61 8,0,105,,62806,21,0,61 8,0,105,,62811,21,0,61 8,0
100,'3_1',713,,62937,21,0,61 8,0,30,,62938,21,,,0,74,,62940,21,0,61 8,0,25,,62941,21,0,61 8,0,70,,62939,21,0,61 8,0,29,,62942,21,0,61 8,0,74,,62943,21,0,61 8,0,31,,62946,21,0,61 8,0,71,,62944,21,0,61 8,0,32,,62945,21,0,61 8,0,72,,62948,21,,,0,30,,62947,21,0,61 8,0,70,,62949,21,,,0,30,,62950,21,0,61 8,0,70,,62952,21,0,61 8,0,30,,62951,21,0,61 8,0,70,,62956,21,0,61 8,0,30,,62955,21,0,61 8,0,71,,62957,21,,,0,34,,62953,21,0,61 8,0,70,,62958,21,,,0,30,,62954,21,0,61 8,0,70,,62959,21,,,0,30,,62960,21,0,61 8,0,70,,62961,21,,,0
100,'3_3',713,,62962,21,0,61 8,0,30,,62963,21,,,0,74,,62965,21,0,61 8,0,25,,62966,21,0,61 8,0,70,,62964,21,0,61 8,0,29,,62967,21,0,61 8,0,74,,62968,21,0,61 8,0,31,,62971,21,0,61 8,0,71,,62969,21,0,61 8,0,32,,62970,21,0,61 8,0,72,,62973,21,,,0,30,,62972,21,0,61 8,0,70,,62974,21,,,0,30,,62975,21,0,61 8,0,70,,62977,21,0,61 8,0,30,,62976,21,0,61 8,0,70,,62981,21,0,61 8,0,30,,62980,21,0,61 8,0,71,,62982,21,,,0,34,,62978,21,0,61 8,0,70,,62983,21,,,0,30,,62979,21,0,61 8,0,70,,62984,21,,,0,30,,62985,21,0,61 8,0,70,,62986,21,,,0
100,'3_4',713,,62987,21,0,61 8,0,30,,62988,21,,,0,74,,62990,21,0,61 8,0,25,,62991,21,0,61 8,0,70,,62989,21,0,61 8,0,29,,62992,21,0,61 8,0,74,,62993,21,0,61 8,0,31,,62996,21,0,61 8,0,71,,62994,21,0,61 8,0,32,,62995,21,0,61 8,0,72,,62998,21,,,0,30,,62997,21,0,61 8,0,70,,62999,21,,,0,30,,63000,21,0,61 8,0,70,,63002,21,0,61 8,0,30,,63001,21,0,61 8,0,70,,63006,21,0,61 8,0,30,,63005,21,0,61 8,0,71,,63007,21,,,0,34,,63003,21,0,61 8,0,70,,63008,21,,,0,30,,63004,21,0,61 8,0,70,,63009,21,,,0,30,,63010,21,0,61 8,0,70,,63011,21,,,0
100,'3_5',713,,63012,21,0,61 8,0,30,,63013,21,,,0,74,,63015,21,0,61 8,0,25,,63016,21,0,61 8,0,70,,63014,21,0,61 8,0,29,,63017,21,0,61 8,0,74,,63018,21,0,61 8,0,31,,63021,21,0,61 8,0,71,,63019,21,0,61 8,0,32,,63020,21,0,61 8,0,72,,63023,21,,,0,30,,63022,21,0,61 8,0,70,,63024,21,,,0,30,,63025,21,0,61 8,0,70,,63027,21,0,61 8,0,30,,63026,21,0,61 8,0,70,,63031,21,0,61 8,0,30,,63030,21,0,61 8,0,71,,63032,21,,,0,34,,63028,21,0,61 8,0,70,,63033,21,,,0,30,,63029,21,0,61 8,0,70,,63034,21,,,0,30,,63035,21,0,61 8,0,70,,63036,21,,,0
100,'4_7',916,,63037,21,0,61 8,0,105,,63042,21,0,61 8,0,106,,63038,21,0,61 8,0,104,,63043,21,0,61 8,0,90,,63039,21,0,61 8,0,100,,63044,21,0,61 8,0,105,,63040,21,0,61 8,0,105,,63045,21,0,61 8,0,105,,63041,21,0,61 8,0,105,,63046,21,0,61 8,0
2000000,'0_6',645,,70109,10,,,0,81,,70110,10,,,0,79,,70111,10,,,0,29,,70112,10,,,0,20,,70113,10,,,0,60,,70114,10,,,0,18,,70115,10,,,0,18,,70116,10,,,0,59,,70117,10,,,0,20,,70118,10,,,0,19,,70119,10,,,0,59,,70120,10,,,0,19,,70121,10,,,0,20,,70122,10,,,0,58,,70123,10,,,0,19,,70124,10,,,0,18,,70125,10,,,0,59,,70126,10,,,0,19,,70127,10,,,0,19,,70128,10,,,0,18,,70129,10,,,0,59,,70130,10,,,0,20,,70131,10,,,0,20,,70132,10,,,0,59,,70133,10,,,0,19,,70134,10,,,0,20,,70135,10,,,0,60,,70136,10,,,0,20,,70137,10,,,0,20,,70138,10,,,0,59,,70139,10,,,0,20,,70140,10,,,0,20,,70141,10,,,0,60,,70142,10,,,0,18,,70143,10,,,0,20,,70144,10,,,0,64,,70145,10,,,0,25,,70146,10,,,0,65,,70147,10,,,0,25,,70148,10,,,0,25,,70149,10,,,0
2000000,'1_7',820,,70150,10,,,0,80,,70151,10,,,0,40,,70152,10,,,0,80,,70153,10,,,0,80,,70154,10,,,0,40,,70155,10,,,0,80,,70156,10,,,0,80,,70157,10,,,0,40,,70158,10,,,0,80,,70159,10,,,0,80,,70160,10,,,0,40,,70161,10,,,0,80,,70162,10,,,0,80,,70163,10,,,0,40,,70164,10,,,0,80,,70165,10,,,0,80,,70166,10,,,0,40,,70167,10,,,0
2000000,'3_1',645,,70383,10,,,0,65,,70384,10,,,0,25,,70424,10,,,0,20,,70385,10,,,0,60,,70386,10,,,0,20,,70387,10,,,0,21,,70388,10,,,0,60,,70389,10,,,0,18,,70390,10,,,0,18,,70391,10,,,0,57,,70392,10,,,0,19,,70393,10,,,0,20,,70394,10,,,0,59,,70395,10,,,0,19,,70396,10,,,0,19,,70397,10,,,0,59,,70398,10,,,0,19,,70399,10,,,0,19,,70400,10,,,0,59,,70401,10,,,0,18,,70402,10,,,0,19,,70403,10,,,0,19,,70404,10,,,0,59,,70405,10,,,0,20,,70406,10,,,0,20,,70407,10,,,0,59,,70408,10,,,0,19,,70409,10,,,0,19,,70410,10,,,0,60,,70411,10,,,0,20,,70412,10,,,0,21,,70413,10,,,0,61,,70414,10,,,0,21,,70415,10,,,0,21,,70416,10,,,0,61,,70417,10,,,0,21,,70418,10,,,0,61,,70419,10,,,0,20,,70420,10,,,0,20,,70421,10,,,0,64,,70422,10,,,0,25,,70423,10,,,0,25,,70425,10,,,0
2000000,'3_3',645,,70426,10,,,0,65,,70427,10,,,0,25,,70467,10,,,0,20,,70428,10,,,0,60,,70429,10,,,0,20,,70430,10,,,0,21,,70431,10,,,0,60,,70432,10,,,0,18,,70433,10,,,0,18,,70434,10,,,0,57,,70435,10,,,0,19,,70436,10,,,0,20,,70437,10,,,0,59,,70438,10,,,0,19,,70439,10,,,0,19,,70440,10,,,0,59,,70441,10,,,0,19,,70442,10,,,0,19,,70443,10,,,0,59,,70444,10,,,0,18,,70445,10,,,0,19,,70446,10,,,0,19,,70447,10,,,0,59,,70448,10,,,0,20,,70449,10,,,0,20,,70450,10,,,0,59,,70451,10,,,0,19,,70452,10,,,0,19,,70453,10,,,0,60,,70454,10,,,0,20,,70455,10,,,0,21,,70456,10,,,0,61,,70457,10,,,0,21,,70458,10,,,0,21,,70459,10,,,0,61,,70460,10,,,0,21,,70461,10,,,0,61,,70462,10,,,0,20,,70463,10,,,0,20,,70464,10,,,0,64,,70465,10,,,0,25,,70466,10,,,0,25,,70468,10,,,0
2000000,'3_4',645,,70469,10,,,0,65,,70470,10,,,0,25,,70510,10,,,0,20,,70471,10,,,0,60,,70472,10,,,0,20,,70473,10,,,0,21,,70474,10,,,0,60,,70475,10,,,0,18,,70476,10,,,0,18,,70477,10,,,0,57,,70478,10,,,0,19,,70479,10,,,0,20,,70480,10,,,0,59,,70481,10,,,0,19,,70482,10,,,0,19,,70483,10,,,0,59,,70484,10,,,0,19,,70485,10,,,0,19,,70486,10,,,0,59,,70487,10,,,0,18,,70488,10,,,0,19,,70489,10,,,0,19,,70490,10,,,0,59,,70491,10,,,0,20,,70492,10,,,0,20,,70493,10,,,0,59,,70494,10,,,0,19,,70495,10,,,0,19,,70496,10,,,0,60,,70497,10,,,0,20,,70498,10,,,0,21,,70499,10,,,0,61,,70500,10,,,0,21,,70501,10,,,0,21,,70502,10,,,0,61,,70503,10,,,0,21,,70504,10,,,0,61,,70505,10,,,0,20,,70506,10,,,0,20,,70507,10,,,0,64,,70508,10,,,0,25,,70509,10,,,0,25,,70511,10,,,0
2000000,'3_5',645,,70512,10,,,0,65,,70513,10,,,0,25,,70553,10,,,0,20,,70514,10,,,0,60,,70515,10,,,0,20,,70516,10,,,0,21,,70517,10,,,0,60,,70518,10,,,0,18,,70519,10,,,0,18,,70520,10,,,0,57,,70521,10,,,0,19,,70522,10,,,0,20,,70523,10,,,0,59,,70524,10,,,0,19,,70525,10,,,0,19,,70526,10,,,0,59,,70527,10,,,0,19,,70528,10,,,0,19,,70529,10,,,0,59,,70530,10,,,0,18,,70531,10,,,0,19,,70532,10,,,0,19,,70533,10,,,0,59,,70534,10,,,0,20,,70535,10,,,0,20,,70536,10,,,0,59,,70537,10,,,0,19,,70538,10,,,0,19,,70539,10,,,0,60,,70540,10,,,0,20,,70541,10,,,0,21,,70542,10,,,0,61,,70543,10,,,0,21,,70544,10,,,0,21,,70545,10,,,0,61,,70546,10,,,0,21,,70547,10,,,0,61,,70548,10,,,0,20,,70549,10,,,0,20,,70550,10,,,0,64,,70551,10,,,0,25,,70552,10,,,0,25,,70554,10,,,0
2000000,'4_7',820,,70555,10,,,0,80,,70556,10,,,0,40,,70557,10,,,0,80,,70558,10,,,0,80,,70559,10,,,0,40,,70560,10,,,0,80,,70561,10,,,0,80,,70562,10,,,0,40,,70563,10,,,0,80,,70564,10,,,0,80,,70565,10,,,0,40,,70566,10,,,0,80,,70567,10,,,0,80,,70568,10,,,0,40,,70569,10,,,0,80,,70570,10,,,0,80,,70571,10,,,0,40,,70572,10,,,0
