801,'3_1',839,,66430,7,,,0,108,,66431,7,,,0,110,,66432,7,,,0,159,,66424,7,,,0,111,,66433,7,,,0,112,,66434,7,,,0,112,,66435,7,,,0,75,,66425,7,,,0,75,,66426,7,,,0,30,,66427,7,,,0,75,,66428,7,,,0,35,,66429,7,,,0,71,,66436,7,,,0,34,,66437,7,,,0
801,'3_3',839,,66444,7,,,0,108,,66445,7,,,0,110,,66446,7,,,0,159,,66438,7,,,0,111,,66447,7,,,0,112,,66448,7,,,0,112,,66449,7,,,0,75,,66439,7,,,0,75,,66440,7,,,0,30,,66441,7,,,0,75,,66442,7,,,0,35,,66443,7,,,0,71,,66450,7,,,0,34,,66451,7,,,0
801,'3_4',839,,66458,7,,,0,108,,66459,7,,,0,110,,66460,7,,,0,159,,66452,7,,,0,111,,66461,7,,,0,112,,66462,7,,,0,112,,66463,7,,,0,75,,66453,7,,,0,75,,66454,7,,,0,30,,66455,7,,,0,75,,66456,7,,,0,35,,66457,7,,,0,71,,66464,7,,,0,34,,66465,7,,,0
801,'3_5',839,,66472,7,,,0,108,,66473,7,,,0,110,,66474,7,,,0,159,,66466,7,,,0,111,,66475,7,,,0,112,,66476,7,,,0,112,,66477,7,,,0,75,,66467,7,,,0,75,,66468,7,,,0,30,,66469,7,,,0,75,,66470,7,,,0,35,,66471,7,,,0,71,,66478,7,,,0,34,,66479,7,,,0
2201,'0_6',922,,67648,1,,,0,122,,67649,1,,,0,172,,67650,1,,,0,213,,67651,1,,,0,177,,67652,1,,,0,138,,67653,1,,,0,160,,67654,1,,,0
2201,'1_7',1245,,67655,1,,,0,159,,67656,1,,,0,120,,67657,1,,,0,120,,67658,1,,,0,160,,67659,1,,,0
2201,'3_1',922,,67695,1,,,0,122,,67696,1,,,0,172,,67697,1,,,0,213,,67698,1,,,0,177,,67699,1,,,0,138,,67700,1,,,0,160,,67701,1,,,0
2201,'3_3',922,,67702,1,,,0,122,,67703,1,,,0,172,,67704,1,,,0,213,,67705,1,,,0,177,,67706,1,,,0,138,,67707,1,,,0,160,,67708,1,,,0
2201,'3_4',922,,67709,1,,,0,122,,67710,1,,,0,172,,67711,1,,,0,213,,67712,1,,,0,177,,67713,1,,,0,138,,67714,1,,,0,160,,67715,1,,,0
2201,'3_5',922,,67716,1,,,0,122,,67717,1,,,0,172,,67718,1,,,0,213,,67719,1,,,0,177,,67720,1,,,0,138,,67721,1,,,0,160,,67722,1,,,0
2201,'4_7',1245,,67723,1,,,0,159,,67724,1,,,0,120,,67725,1,,,0,120,,67726,1,,,0,160,,67727,1,,,0
