101,'1_3',731,,48184,39,0,6,0,7,,48216,7,0,7,0,2,,48214,33,0,7,0,60,,48185,39,0,6,0,15,,48212,33,0,5,0,15,,48186,39,0,6,0,17,,48215,39,0,5,0,53,,48199,33,0,7,0,25,,48190,33,0,6,0,80,,48200,39,0,5,0,35,,48191,33,0,6,0,80,,48203,33,0,5,0,35,,48192,33,0,6,0,70,,48204,33,0,5,0,20,,48193,33,0,6,0,75,,48205,33,0,5,0,38,,48187,39,0,6,0,67,,48201,39,0,5,0,30,,48194,33,0,6,0,65,,48206,33,0,5,0,35,,48195,33,0,6,0,62,,48207,33,0,5,0,25,,48196,33,0,6,0,15,,48211,7,0,5,0,61,,48197,33,0,6,0,21,,48202,39,0,5,0,14,,48198,33,0,6,0,69,,48208,33,0,5,0,13,,48188,39,0,6,0,16,,48209,33,0,5,0,68,,48189,39,0,6,0,35,,48210,33,0,5,0
101,'2_6',727,,30129,33,0,5,0,117,,30130,33,0,5,0,106,,30131,33,0,5,0,70,,30142,33,0,6,0,29,,30132,33,0,5,0,70,,30143,33,0,6,0,31,,30133,33,0,5,0,70,,30144,33,0,6,0,29,,30134,33,0,5,0,68,,30145,33,0,6,0,31,,30135,33,0,5,0,70,,30146,33,0,6,0,30,,30136,33,0,5,0,70,,30147,33,0,6,0,31,,30137,33,0,5,0,72,,30148,33,0,6,0,31,,30138,33,0,5,0,69,,30149,33,0,6,0,33,,30139,33,0,5,0,69,,30150,33,0,6,0,35,,30140,33,0,5,0,65,,30151,33,0,6,0,25,,30141,33,0,5,0
101,'3_7',934,,30152,33,0,6,0,105,,30157,33,0,5,0,105,,30153,33,0,6,0,105,,30158,33,0,5,0,105,,30154,33,0,6,0,90,,30159,33,0,5,0,100,,30155,33,0,6,0,105,,30160,33,0,5,0,105,,30156,33,0,6,0,105,,30161,33,0,5,0
101,'4_7',934,,46667,33,0,6,0,105,,46672,33,0,5,0,105,,46668,33,0,6,0,105,,46673,33,0,5,0,105,,46669,33,0,6,0,90,,46674,33,0,5,0,100,,46670,33,0,6,0,105,,46675,33,0,5,0,105,,46671,33,0,6,0,105,,46676,33,0,5,0
101,'7_1',731,,46677,39,0,6,0,7,,46709,7,0,7,0,2,,46707,33,0,7,0,60,,46678,39,0,6,0,15,,46705,33,0,5,0,15,,46679,39,0,6,0,17,,46708,39,0,5,0,53,,46692,33,0,7,0,25,,46683,33,0,6,0,80,,46693,39,0,5,0,35,,46684,33,0,6,0,80,,46696,33,0,5,0,35,,46685,33,0,6,0,70,,46697,33,0,5,0,20,,46686,33,0,6,0,75,,46698,33,0,5,0,38,,46680,39,0,6,0,67,,46694,39,0,5,0,30,,46687,33,0,6,0,65,,46699,33,0,5,0,35,,46688,33,0,6,0,62,,46700,33,0,5,0,25,,46689,33,0,6,0,15,,46704,7,0,5,0,61,,46690,33,0,6,0,21,,46695,39,0,5,0,14,,46691,33,0,6,0,69,,46701,33,0,5,0,13,,46681,39,0,6,0,16,,46702,33,0,5,0,68,,46682,39,0,6,0,35,,46703,33,0,5,0
101,'7_2',731,,48217,39,0,6,0,7,,48249,7,0,7,0,2,,48247,33,0,7,0,60,,48218,39,0,6,0,15,,48245,33,0,5,0,15,,48219,39,0,6,0,17,,48248,39,0,5,0,53,,48232,33,0,7,0,25,,48223,33,0,6,0,80,,48233,39,0,5,0,35,,48224,33,0,6,0,80,,48236,33,0,5,0,35,,48225,33,0,6,0,70,,48237,33,0,5,0,20,,48226,33,0,6,0,75,,48238,33,0,5,0,38,,48220,39,0,6,0,67,,48234,39,0,5,0,30,,48227,33,0,6,0,65,,48239,33,0,5,0,35,,48228,33,0,6,0,62,,48240,33,0,5,0,25,,48229,33,0,6,0,15,,48244,7,0,5,0,61,,48230,33,0,6,0,21,,48235,39,0,5,0,14,,48231,33,0,6,0,69,,48241,33,0,5,0,13,,48221,39,0,6,0,16,,48242,33,0,5,0,68,,48222,39,0,6,0,35,,48243,33,0,5,0
101,'7_4',731,,48250,39,0,6,0,7,,48282,7,0,7,0,2,,48280,33,0,7,0,60,,48251,39,0,6,0,15,,48278,33,0,5,0,15,,48252,39,0,6,0,17,,48281,39,0,5,0,53,,48265,33,0,7,0,25,,48256,33,0,6,0,80,,48266,39,0,5,0,35,,48257,33,0,6,0,80,,48269,33,0,5,0,35,,48258,33,0,6,0,70,,48270,33,0,5,0,20,,48259,33,0,6,0,75,,48271,33,0,5,0,38,,48253,39,0,6,0,67,,48267,39,0,5,0,30,,48260,33,0,6,0,65,,48272,33,0,5,0,35,,48261,33,0,6,0,62,,48273,33,0,5,0,25,,48262,33,0,6,0,15,,48277,7,0,5,0,61,,48263,33,0,6,0,21,,48268,39,0,5,0,14,,48264,33,0,6,0,69,,48274,33,0,5,0,13,,48254,39,0,6,0,16,,48275,33,0,5,0,68,,48255,39,0,6,0,35,,48276,33,0,5,0
101,'8_7',934,,51857,33,0,6,0,105,,51862,33,0,5,0,105,,51858,33,0,6,0,105,,51863,33,0,5,0,105,,51859,33,0,6,0,90,,51864,33,0,5,0,100,,51860,33,0,6,0,105,,51865,33,0,5,0,105,,51861,33,0,6,0,105,,51866,33,0,5,0
101,'9_7',934,,52084,33,0,6,0,105,,52089,33,0,5,0,105,,52085,33,0,6,0,105,,52090,33,0,5,0,105,,52086,33,0,6,0,90,,52091,33,0,5,0,100,,52087,33,0,6,0,105,,52092,33,0,5,0,105,,52088,33,0,6,0,105,,52093,33,0,5,0
2400,'1_3',737,,49797,13,,,0,490,,49798,8,,,0
2400,'7_1',737,,47276,13,,,0,868,,47277,8,,,0,103,,47278,8,,,0,95,,47279,8,,,0
2400,'7_2',737,,49799,13,,,0,868,,49800,8,,,0,103,,49801,8,,,0,95,,49802,8,,,0
2400,'7_4',737,,49803,13,,,0,868,,49804,8,,,0,103,,49805,8,,,0,95,,49806,8,,,0
