901,'0_6',758,,66610,19,,,0,99,,66618,19,0,66,0,97,,66615,4,,,0,169,,66621,19,,,0,95,,66619,19,0,66,0,94,,66616,4,,,0,100,,66617,4,0,25,0,92,,66620,4,0,25,0,42,,66622,19,,,0,91,,66611,19,,,0,96,,66612,19,,,0,126,,66613,19,,,0,94,,66614,19,,,0
901,'3_1',758,,66688,19,,,0,99,,66696,19,0,66,0,97,,66693,4,,,0,169,,66699,19,,,0,95,,66697,19,0,66,0,94,,66694,4,,,0,100,,66695,4,0,25,0,92,,66698,4,0,25,0,42,,66700,19,,,0,91,,66689,19,,,0,96,,66690,19,,,0,126,,66691,19,,,0,94,,66692,19,,,0
901,'3_3',758,,66701,19,,,0,99,,66709,19,0,66,0,97,,66706,4,,,0,169,,66712,19,,,0,95,,66710,19,0,66,0,94,,66707,4,,,0,100,,66708,4,0,25,0,92,,66711,4,0,25,0,42,,66713,19,,,0,91,,66702,19,,,0,96,,66703,19,,,0,126,,66704,19,,,0,94,,66705,19,,,0
901,'3_4',758,,66714,19,,,0,99,,66722,19,0,66,0,97,,66719,4,,,0,169,,66725,19,,,0,95,,66723,19,0,66,0,94,,66720,4,,,0,100,,66721,4,0,25,0,92,,66724,4,0,25,0,42,,66726,19,,,0,91,,66715,19,,,0,96,,66716,19,,,0,126,,66717,19,,,0,94,,66718,19,,,0
901,'3_5',758,,66727,19,,,0,99,,66735,19,0,66,0,97,,66732,4,,,0,169,,66738,19,,,0,95,,66736,19,0,66,0,94,,66733,4,,,0,100,,66734,4,0,25,0,92,,66737,4,0,25,0,42,,66739,19,,,0,91,,66728,19,,,0,96,,66729,19,,,0,126,,66730,19,,,0,94,,66731,19,,,0
1601,'0_6',842,,67449,4,,,0,205,,67451,4,,,0,153,,67454,4,,,0,146,,67452,4,,,0,178,,67455,4,,,0,282,,67453,4,,,0
1601,'3_1',842,,67497,4,,,0,205,,67499,4,,,0,153,,67502,4,,,0,146,,67500,4,,,0,178,,67503,4,,,0,282,,67501,4,,,0
1601,'3_3',842,,67505,4,,,0,205,,67507,4,,,0,153,,67510,4,,,0,146,,67508,4,,,0,178,,67511,4,,,0,282,,67509,4,,,0
1601,'3_4',842,,67513,4,,,0,205,,67515,4,,,0,153,,67518,4,,,0,146,,67516,4,,,0,178,,67519,4,,,0,282,,67517,4,,,0
1601,'3_5',842,,67521,4,,,0,205,,67523,4,,,0,153,,67526,4,,,0,146,,67524,4,,,0,178,,67527,4,,,0,282,,67525,4,,,0
