3000000,'0_6',703,,71221,30,4,,0,44,,71222,30,4,,0,82,,71223,30,4,,0,29,,71224,30,4,,0,60,,71225,30,4,,0,20,,71226,30,4,,0,21,,71227,30,4,,0,60,,71228,30,4,,0,20,,71229,30,4,,0,20,,71230,30,4,,0,61,,71231,30,4,,0,19,,71232,30,4,,0,20,,71233,30,4,,0,62,,71234,30,4,,0,19,,71235,30,4,,0,19,,71236,30,4,,0,59,,71237,30,4,,0,20,,71238,30,4,,0,21,,71239,30,4,,0,59,,71240,30,4,,0,21,,71241,30,4,,0,20,,71242,30,4,,0,61,,71243,30,4,,0,20,,71244,30,4,,0,60,,71245,30,4,,0,20,,71246,30,4,,0,20,,71247,30,4,,0,61,,71248,30,4,,0,20,,71249,30,4,,0,20,,71250,30,4,,0,60,,71251,30,4,,0,20,,71252,30,4,,0,19,,71253,30,4,,0,18,,71254,30,4,,0,59,,71255,30,4,,0,30,,71256,30,4,,0,69,,71257,30,4,,0,29,,71258,30,4,,0,69,,71259,30,4,,0
3000000,'1_7',825,,71260,30,4,,0,130,,71261,30,4,,0,170,,71262,30,4,,0,130,,71263,30,4,,0,170,,71264,30,4,,0,130,,71265,30,4,,0,170,,71266,30,4,,0,129,,71267,30,4,,0,170,,71268,30,4,,0
3000000,'3_1',659,,71520,30,4,,0,60,,71519,30,4,,0,23,,71479,30,4,,0,61,,71480,30,4,,0,20,,71481,30,4,,0,20,,71482,30,4,,0,59,,71483,30,4,,0,21,,71484,30,4,,0,20,,71485,30,4,,0,60,,71486,30,4,,0,21,,71487,30,4,,0,20,,71488,30,4,,0,60,,71489,30,4,,0,21,,71490,30,4,,0,20,,71491,30,4,,0,60,,71492,30,4,,0,21,,71493,30,4,,0,19,,71494,30,4,,0,59,,71495,30,4,,0,20,,71496,30,4,,0,22,,71497,30,4,,0,60,,71498,30,4,,0,19,,71499,30,4,,0,20,,71500,30,4,,0,60,,71501,30,4,,0,20,,71502,30,4,,0,20,,71503,30,4,,0,60,,71504,30,4,,0,20,,71505,30,4,,0,20,,71506,30,4,,0,60,,71507,30,4,,0,21,,71508,30,4,,0,20,,71509,30,4,,0,61,,71510,30,4,,0,20,,71511,30,4,,0,20,,71512,30,4,,0,57,,71513,30,4,,0,19,,71514,30,4,,0,18,,71515,30,4,,0,68,,71516,30,4,,0,32,,71517,30,4,,0,73,,71518,30,4,,0
3000000,'3_3',659,,71562,30,4,,0,60,,71561,30,4,,0,23,,71521,30,4,,0,61,,71522,30,4,,0,20,,71523,30,4,,0,20,,71524,30,4,,0,59,,71525,30,4,,0,21,,71526,30,4,,0,20,,71527,30,4,,0,60,,71528,30,4,,0,21,,71529,30,4,,0,20,,71530,30,4,,0,60,,71531,30,4,,0,21,,71532,30,4,,0,20,,71533,30,4,,0,60,,71534,30,4,,0,21,,71535,30,4,,0,19,,71536,30,4,,0,59,,71537,30,4,,0,20,,71538,30,4,,0,22,,71539,30,4,,0,60,,71540,30,4,,0,19,,71541,30,4,,0,20,,71542,30,4,,0,60,,71543,30,4,,0,20,,71544,30,4,,0,20,,71545,30,4,,0,60,,71546,30,4,,0,20,,71547,30,4,,0,20,,71548,30,4,,0,60,,71549,30,4,,0,21,,71550,30,4,,0,20,,71551,30,4,,0,61,,71552,30,4,,0,20,,71553,30,4,,0,20,,71554,30,4,,0,57,,71555,30,4,,0,19,,71556,30,4,,0,18,,71557,30,4,,0,68,,71558,30,4,,0,32,,71559,30,4,,0,73,,71560,30,4,,0
3000000,'3_4',659,,71604,30,4,,0,60,,71603,30,4,,0,23,,71563,30,4,,0,61,,71564,30,4,,0,20,,71565,30,4,,0,20,,71566,30,4,,0,59,,71567,30,4,,0,21,,71568,30,4,,0,20,,71569,30,4,,0,60,,71570,30,4,,0,21,,71571,30,4,,0,20,,71572,30,4,,0,60,,71573,30,4,,0,21,,71574,30,4,,0,20,,71575,30,4,,0,60,,71576,30,4,,0,21,,71577,30,4,,0,19,,71578,30,4,,0,59,,71579,30,4,,0,20,,71580,30,4,,0,22,,71581,30,4,,0,60,,71582,30,4,,0,19,,71583,30,4,,0,20,,71584,30,4,,0,60,,71585,30,4,,0,20,,71586,30,4,,0,20,,71587,30,4,,0,60,,71588,30,4,,0,20,,71589,30,4,,0,20,,71590,30,4,,0,60,,71591,30,4,,0,21,,71592,30,4,,0,20,,71593,30,4,,0,61,,71594,30,4,,0,20,,71595,30,4,,0,20,,71596,30,4,,0,57,,71597,30,4,,0,19,,71598,30,4,,0,18,,71599,30,4,,0,68,,71600,30,4,,0,32,,71601,30,4,,0,73,,71602,30,4,,0
3000000,'3_5',659,,71646,30,4,,0,60,,71645,30,4,,0,23,,71605,30,4,,0,61,,71606,30,4,,0,20,,71607,30,4,,0,20,,71608,30,4,,0,59,,71609,30,4,,0,21,,71610,30,4,,0,20,,71611,30,4,,0,60,,71612,30,4,,0,21,,71613,30,4,,0,20,,71614,30,4,,0,60,,71615,30,4,,0,21,,71616,30,4,,0,20,,71617,30,4,,0,60,,71618,30,4,,0,21,,71619,30,4,,0,19,,71620,30,4,,0,59,,71621,30,4,,0,20,,71622,30,4,,0,22,,71623,30,4,,0,60,,71624,30,4,,0,19,,71625,30,4,,0,20,,71626,30,4,,0,60,,71627,30,4,,0,20,,71628,30,4,,0,20,,71629,30,4,,0,60,,71630,30,4,,0,20,,71631,30,4,,0,20,,71632,30,4,,0,60,,71633,30,4,,0,21,,71634,30,4,,0,20,,71635,30,4,,0,61,,71636,30,4,,0,20,,71637,30,4,,0,20,,71638,30,4,,0,57,,71639,30,4,,0,19,,71640,30,4,,0,18,,71641,30,4,,0,68,,71642,30,4,,0,32,,71643,30,4,,0,73,,71644,30,4,,0
3000000,'4_7',825,,71647,30,4,,0,130,,71648,30,4,,0,170,,71649,30,4,,0,130,,71650,30,4,,0,170,,71651,30,4,,0,130,,71652,30,4,,0,170,,71653,30,4,,0,129,,71654,30,4,,0,170,,71655,30,4,,0
3000001,'0_6',630,,71656,1,,,0,80,,71657,1,,,0,43,,71658,1,,,0,77,,71659,1,,,0,20,,71660,1,,,0,60,,71661,1,,,0,20,,71662,1,,,0,20,,71663,1,,,0,60,,71664,1,,,0,20,,71665,1,,,0,20,,71666,1,,,0,60,,71667,1,,,0,20,,71668,1,,,0,20,,71669,1,,,0,60,,71670,1,,,0,20,,71671,1,,,0,20,,71672,1,,,0,60,,71673,1,,,0,20,,71674,1,,,0,20,,71675,1,,,0,60,,71676,1,,,0,20,,71677,1,,,0,20,,71678,1,,,0,60,,71679,1,,,0,20,,71680,1,,,0,20,,71681,1,,,0,60,,71682,1,,,0,20,,71683,1,,,0,20,,71684,1,,,0,60,,71685,1,,,0,20,,71686,1,,,0,20,,71687,1,,,0,60,,71688,1,,,0,20,,71689,1,,,0,20,,71690,1,,,0,71,,71692,1,,,0,29,,71693,1,,,0,70,,71691,1,,,0,30,,71694,1,,,0
3000001,'1_7',835,,71695,1,,,0,170,,71697,1,,,0,130,,71698,1,,,0,170,,71699,1,,,0,130,,71700,1,,,0,170,,71701,1,,,0,130,,71702,1,,,0,170,,71703,1,,,0,130,,71696,1,,,0
3000001,'3_1',640,,71955,1,,,0,19,,71914,1,,,0,59,,71915,1,,,0,20,,71916,1,,,0,20,,71917,1,,,0,59,,71918,1,,,0,19,,71919,1,,,0,20,,71920,1,,,0,61,,71921,1,,,0,19,,71922,1,,,0,20,,71923,1,,,0,60,,71924,1,,,0,19,,71925,1,,,0,21,,71926,1,,,0,60,,71927,1,,,0,19,,71928,1,,,0,20,,71929,1,,,0,60,,71930,1,,,0,20,,71931,1,,,0,20,,71932,1,,,0,60,,71933,1,,,0,19,,71934,1,,,0,21,,71935,1,,,0,60,,71936,1,,,0,19,,71937,1,,,0,20,,71938,1,,,0,60,,71939,1,,,0,20,,71940,1,,,0,20,,71941,1,,,0,60,,71942,1,,,0,20,,71943,1,,,0,20,,71944,1,,,0,60,,71945,1,,,0,21,,71946,1,,,0,21,,71947,1,,,0,59,,71948,1,,,0,22,,71949,1,,,0,21,,71950,1,,,0,61,,71951,1,,,0,31,,71952,1,,,0,67,,71953,1,,,0,31,,71954,1,,,0
3000001,'3_3',640,,71997,1,,,0,19,,71956,1,,,0,59,,71957,1,,,0,20,,71958,1,,,0,20,,71959,1,,,0,59,,71960,1,,,0,19,,71961,1,,,0,20,,71962,1,,,0,61,,71963,1,,,0,19,,71964,1,,,0,20,,71965,1,,,0,60,,71966,1,,,0,19,,71967,1,,,0,21,,71968,1,,,0,60,,71969,1,,,0,19,,71970,1,,,0,20,,71971,1,,,0,60,,71972,1,,,0,20,,71973,1,,,0,20,,71974,1,,,0,60,,71975,1,,,0,19,,71976,1,,,0,21,,71977,1,,,0,60,,71978,1,,,0,19,,71979,1,,,0,20,,71980,1,,,0,60,,71981,1,,,0,20,,71982,1,,,0,20,,71983,1,,,0,60,,71984,1,,,0,20,,71985,1,,,0,20,,71986,1,,,0,60,,71987,1,,,0,21,,71988,1,,,0,21,,71989,1,,,0,59,,71990,1,,,0,22,,71991,1,,,0,21,,71992,1,,,0,61,,71993,1,,,0,31,,71994,1,,,0,67,,71995,1,,,0,31,,71996,1,,,0
3000001,'3_4',640,,72039,1,,,0,19,,71998,1,,,0,59,,71999,1,,,0,20,,72000,1,,,0,20,,72001,1,,,0,59,,72002,1,,,0,19,,72003,1,,,0,20,,72004,1,,,0,61,,72005,1,,,0,19,,72006,1,,,0,20,,72007,1,,,0,60,,72008,1,,,0,19,,72009,1,,,0,21,,72010,1,,,0,60,,72011,1,,,0,19,,72012,1,,,0,20,,72013,1,,,0,60,,72014,1,,,0,20,,72015,1,,,0,20,,72016,1,,,0,60,,72017,1,,,0,19,,72018,1,,,0,21,,72019,1,,,0,60,,72020,1,,,0,19,,72021,1,,,0,20,,72022,1,,,0,60,,72023,1,,,0,20,,72024,1,,,0,20,,72025,1,,,0,60,,72026,1,,,0,20,,72027,1,,,0,20,,72028,1,,,0,60,,72029,1,,,0,21,,72030,1,,,0,21,,72031,1,,,0,59,,72032,1,,,0,22,,72033,1,,,0,21,,72034,1,,,0,61,,72035,1,,,0,31,,72036,1,,,0,67,,72037,1,,,0,31,,72038,1,,,0
3000001,'3_5',640,,72081,1,,,0,19,,72040,1,,,0,59,,72041,1,,,0,20,,72042,1,,,0,20,,72043,1,,,0,59,,72044,1,,,0,19,,72045,1,,,0,20,,72046,1,,,0,61,,72047,1,,,0,19,,72048,1,,,0,20,,72049,1,,,0,60,,72050,1,,,0,19,,72051,1,,,0,21,,72052,1,,,0,60,,72053,1,,,0,19,,72054,1,,,0,20,,72055,1,,,0,60,,72056,1,,,0,20,,72057,1,,,0,20,,72058,1,,,0,60,,72059,1,,,0,19,,72060,1,,,0,21,,72061,1,,,0,60,,72062,1,,,0,19,,72063,1,,,0,20,,72064,1,,,0,60,,72065,1,,,0,20,,72066,1,,,0,20,,72067,1,,,0,60,,72068,1,,,0,20,,72069,1,,,0,20,,72070,1,,,0,60,,72071,1,,,0,21,,72072,1,,,0,21,,72073,1,,,0,59,,72074,1,,,0,22,,72075,1,,,0,21,,72076,1,,,0,61,,72077,1,,,0,31,,72078,1,,,0,67,,72079,1,,,0,31,,72080,1,,,0
3000001,'4_7',835,,72082,1,,,0,170,,72084,1,,,0,130,,72085,1,,,0,170,,72086,1,,,0,130,,72087,1,,,0,170,,72088,1,,,0,130,,72089,1,,,0,170,,72090,1,,,0,130,,72083,1,,,0
