401,'0_6',742,,65084,50,,,0,195,,65081,50,,,0,201,,65077,50,,,0,203,,65091,50,,,0,196,,65079,50,,,0,195,,65085,50,,,0,90,,65090,50,,,0,184,,65080,50,,,0
401,'1_7',1011,,65093,50,,,0,125,,65094,50,,,0,166,,65095,50,,,0,200,,65096,50,,,0,125,,65097,50,,,0,125,,65098,50,,,0,165,,65099,50,,,0
401,'3_1',742,,65240,58,,,0,195,,65253,50,,,0,201,,65248,50,,,0,207,,65245,53,,,0,192,,65250,50,,,0,98,,65238,50,,,0,93,,65242,52,,,0,106,,65255,53,,,0,170,,65251,50,,,0
401,'3_3',742,,65266,58,,,0,195,,65279,50,,,0,201,,65274,50,,,0,207,,65271,53,,,0,192,,65276,50,,,0,98,,65264,50,,,0,93,,65268,52,,,0,106,,65281,53,,,0,170,,65277,50,,,0
401,'3_4',742,,65292,58,,,0,195,,65305,50,,,0,201,,65300,50,,,0,207,,65297,53,,,0,192,,65302,50,,,0,98,,65290,50,,,0,93,,65294,52,,,0,106,,65307,53,,,0,170,,65303,50,,,0
401,'3_5',742,,65318,58,,,0,195,,65331,50,,,0,201,,65326,50,,,0,207,,65323,53,,,0,192,,65328,50,,,0,98,,65316,50,,,0,93,,65320,52,,,0,106,,65333,53,,,0,170,,65329,50,,,0
401,'4_7',1011,,65334,50,,,0,125,,65335,50,,,0,166,,65336,50,,,0,200,,65337,50,,,0,125,,65338,50,,,0,125,,65339,50,,,0,165,,65340,50,,,0
501,'0_6',741,,65511,27,,,0,99,,65512,27,,,0,98,,65513,27,,,0,102,,65514,27,,,0,99,,65515,27,,,0,98,,65516,27,,,0,80,,65517,27,,,0,38,,65518,27,,,0,97,,65519,27,,,0,102,,65520,27,,,0,101,,65521,27,,,0,74,,65522,27,,,0,28,,65523,27,,,0,98,,65524,27,,,0,96,,65525,27,,,0
501,'1_7',1126,,65526,27,,,0,191,,65527,27,,,0,191,,65528,27,,,0,144,,65529,27,,,0,191,,65530,27,,,0
501,'3_1',741,,65606,27,,,0,99,,65607,27,,,0,98,,65608,27,,,0,102,,65609,27,,,0,99,,65610,27,,,0,98,,65611,27,,,0,80,,65612,27,,,0,38,,65613,27,,,0,97,,65614,27,,,0,102,,65615,27,,,0,101,,65616,27,,,0,74,,65617,27,,,0,28,,65618,27,,,0,98,,65619,27,,,0,96,,65620,27,,,0
501,'3_3',741,,65621,27,,,0,99,,65622,27,,,0,98,,65623,27,,,0,102,,65624,27,,,0,99,,65625,27,,,0,98,,65626,27,,,0,80,,65627,27,,,0,38,,65628,27,,,0,97,,65629,27,,,0,102,,65630,27,,,0,101,,65631,27,,,0,74,,65632,27,,,0,28,,65633,27,,,0,98,,65634,27,,,0,96,,65635,27,,,0
501,'3_4',741,,65636,27,,,0,99,,65637,27,,,0,98,,65638,27,,,0,102,,65639,27,,,0,99,,65640,27,,,0,98,,65641,27,,,0,80,,65642,27,,,0,38,,65643,27,,,0,97,,65644,27,,,0,102,,65645,27,,,0,101,,65646,27,,,0,74,,65647,27,,,0,28,,65648,27,,,0,98,,65649,27,,,0,96,,65650,27,,,0
501,'3_5',741,,65651,27,,,0,99,,65652,27,,,0,98,,65653,27,,,0,102,,65654,27,,,0,99,,65655,27,,,0,98,,65656,27,,,0,80,,65657,27,,,0,38,,65658,27,,,0,97,,65659,27,,,0,102,,65660,27,,,0,101,,65661,27,,,0,74,,65662,27,,,0,28,,65663,27,,,0,98,,65664,27,,,0,96,,65665,27,,,0
501,'4_7',1126,,65666,27,,,0,191,,65667,27,,,0,191,,65668,27,,,0,144,,65669,27,,,0,191,,65670,27,,,0
