401,'1_3',734,,48804,44,0,41,0,10,,48788,39,0,41,0,14,,48805,41,0,41,0,55,,48789,39,0,41,0,15,,48812,41,,,0,24,,48790,39,0,41,0,51,,48791,39,0,41,0,35,,48792,39,0,41,0,75,,48793,39,0,41,0,35,,48794,39,0,41,0,75,,48814,39,,,0,30,,48795,39,0,41,0,71,,48796,39,0,41,0,19,,48813,41,,,0,70,,48809,42,0,41,0,30,,48815,39,,,0,73,,48787,42,0,41,0,37,,48797,39,0,41,0,70,,48816,39,,,0,27,,48798,39,0,41,0,69,,48799,39,0,41,0,16,,48800,39,0,41,0,16,,48810,42,0,41,0,64,,48806,41,0,41,0,15,,48801,39,0,41,0,15,,48807,41,0,41,0,12,,48811,42,,,0,67,,48802,39,0,41,0,19,,48808,41,0,41,0,75,,48803,39,0,41,0,24,,48817,39,,,0
401,'2_6',726,,31419,39,,,0,117,,31426,39,0,41,0,74,,31420,39,,,0,28,,31427,39,0,41,0,72,,31428,39,0,41,0,28,,31429,39,0,41,0,72,,31421,39,,,0,28,,31430,39,0,41,0,73,,31431,39,0,41,0,29,,31432,39,0,41,0,71,,31422,39,,,0,29,,31433,39,0,41,0,69,,31434,39,0,41,0,31,,31435,39,0,41,0,71,,31423,39,,,0,28,,31436,39,0,41,0,73,,31437,39,0,41,0,33,,31438,39,0,41,0,71,,31424,39,,,0,32,,31439,39,0,41,0,72,,31440,39,0,41,0,31,,31441,39,0,41,0,68,,31442,39,0,41,0,30,,31425,39,,,0
401,'3_7',937,,31443,39,0,41,0,100,,31444,39,0,41,0,100,,31445,39,0,41,0,100,,31446,39,0,41,0,100,,31447,39,0,41,0,100,,31448,39,0,41,0,100,,31449,39,0,41,0,100,,31450,39,0,41,0,100,,31451,39,0,41,0,100,,31452,39,0,41,0
401,'4_7',937,,46926,39,0,41,0,100,,46927,39,0,41,0,100,,46928,39,0,41,0,100,,46929,39,0,41,0,100,,46930,39,0,41,0,100,,46931,39,0,41,0,100,,46932,39,0,41,0,100,,46933,39,0,41,0,100,,46934,39,0,41,0,100,,46935,39,0,41,0
401,'7_1',734,,46953,44,0,41,0,10,,46937,39,0,41,0,14,,46954,41,0,41,0,55,,46938,39,0,41,0,15,,46961,41,,,0,24,,46939,39,0,41,0,51,,46940,39,0,41,0,35,,46941,39,0,41,0,75,,46942,39,0,41,0,35,,46943,39,0,41,0,75,,46963,39,,,0,30,,46944,39,0,41,0,71,,46945,39,0,41,0,19,,46962,41,,,0,70,,46958,42,0,41,0,30,,46964,39,,,0,73,,46936,42,0,41,0,37,,46946,39,0,41,0,70,,46965,39,,,0,27,,46947,39,0,41,0,69,,46948,39,0,41,0,16,,46949,39,0,41,0,16,,46959,42,0,41,0,64,,46955,41,0,41,0,15,,46950,39,0,41,0,15,,46956,41,0,41,0,12,,46960,42,,,0,67,,46951,39,0,41,0,19,,46957,41,0,41,0,75,,46952,39,0,41,0,24,,46966,39,,,0
401,'7_2',734,,48836,44,0,41,0,10,,48820,39,0,41,0,14,,48837,41,0,41,0,55,,48821,39,0,41,0,15,,48844,41,,,0,24,,48822,39,0,41,0,51,,48823,39,0,41,0,35,,48824,39,0,41,0,75,,48825,39,0,41,0,35,,48826,39,0,41,0,75,,48846,39,,,0,30,,48827,39,0,41,0,71,,48828,39,0,41,0,19,,48845,41,,,0,70,,48841,42,0,41,0,30,,48847,39,,,0,73,,48819,42,0,41,0,37,,48829,39,0,41,0,70,,48848,39,,,0,27,,48830,39,0,41,0,69,,48831,39,0,41,0,16,,48832,39,0,41,0,16,,48842,42,0,41,0,64,,48838,41,0,41,0,15,,48833,39,0,41,0,15,,48839,41,0,41,0,12,,48843,42,,,0,67,,48834,39,0,41,0,19,,48840,41,0,41,0,75,,48835,39,0,41,0,24,,48849,39,,,0
401,'7_4',734,,48868,44,0,41,0,10,,48852,39,0,41,0,14,,48869,41,0,41,0,55,,48853,39,0,41,0,15,,48876,41,,,0,24,,48854,39,0,41,0,51,,48855,39,0,41,0,35,,48856,39,0,41,0,75,,48857,39,0,41,0,35,,48858,39,0,41,0,75,,48878,39,,,0,30,,48859,39,0,41,0,71,,48860,39,0,41,0,19,,48877,41,,,0,70,,48873,42,0,41,0,30,,48879,39,,,0,73,,48851,42,0,41,0,37,,48861,39,0,41,0,70,,48880,39,,,0,27,,48862,39,0,41,0,69,,48863,39,0,41,0,16,,48864,39,0,41,0,16,,48874,42,0,41,0,64,,48870,41,0,41,0,15,,48865,39,0,41,0,15,,48871,41,0,41,0,12,,48875,42,,,0,67,,48866,39,0,41,0,19,,48872,41,0,41,0,75,,48867,39,0,41,0,24,,48881,39,,,0
401,'8_7',937,,51946,39,0,41,0,100,,51947,39,0,41,0,100,,51948,39,0,41,0,100,,51949,39,0,41,0,100,,51950,39,0,41,0,100,,51951,39,0,41,0,100,,51952,39,0,41,0,100,,51953,39,0,41,0,100,,51954,39,0,41,0,100,,51955,39,0,41,0
401,'9_7',937,,52173,39,0,41,0,100,,52174,39,0,41,0,100,,52175,39,0,41,0,100,,52176,39,0,41,0,100,,52177,39,0,41,0,100,,52178,39,0,41,0,100,,52179,39,0,41,0,100,,52180,39,0,41,0,100,,52181,39,0,41,0,100,,52182,39,0,41,0
701,'1_3',731,,49103,22,,,0,111,,49104,22,,,0,108,,49105,22,,,0,150,,49106,22,,,0,111,,49107,22,,,0,110,,49108,22,,,0,110,,49109,22,,,0,110,,49110,22,,,0,110,,49111,22,,,0,151,,49112,22,,,0,108,,49113,22,,,0
701,'2_6',729,,31953,22,,,0,110,,31954,22,,,0,110,,31955,22,,,0,110,,31956,22,,,0,150,,31957,22,,,0,110,,31958,22,,,0,110,,31959,22,,,0,110,,31960,22,,,0,110,,31961,22,,,0,110,,31951,22,,,0,150,,31952,22,,,0
701,'7_1',731,,47042,22,,,0,111,,47043,22,,,0,108,,47044,22,,,0,150,,47045,22,,,0,111,,47046,22,,,0,110,,47047,22,,,0,110,,47048,22,,,0,110,,47049,22,,,0,110,,47050,22,,,0,151,,47051,22,,,0,108,,47052,22,,,0
701,'7_2',731,,49114,22,,,0,111,,49115,22,,,0,108,,49116,22,,,0,150,,49117,22,,,0,111,,49118,22,,,0,110,,49119,22,,,0,110,,49120,22,,,0,110,,49121,22,,,0,110,,49122,22,,,0,151,,49123,22,,,0,108,,49124,22,,,0
701,'7_4',731,,49125,22,,,0,111,,49126,22,,,0,108,,49127,22,,,0,150,,49128,22,,,0,111,,49129,22,,,0,110,,49130,22,,,0,110,,49131,22,,,0,110,,49132,22,,,0,110,,49133,22,,,0,151,,49134,22,,,0,108,,49135,22,,,0
