1000,'1_3',922,,49330,32,0,18 30,0,186,,49321,32,0,18 30,0,47,,49322,32,0,18 30,0,77,,49323,32,0,18 30,0,80,,49324,32,0,18 30,0,99,,49325,32,0,18 30,0,39,,49327,32,,,0,70,,49328,32,,,0,96,,49329,32,,,0,335,,49326,32,0,18 30,0
1000,'2_6',919,,32369,32,0,18 30,0,184,,32370,32,0,18 30,0,101,,32371,32,0,18 30,0,101,,32372,32,0,18 30,0,101,,32373,32,0,18 30,0,52,,32367,32,,,0,155,,32368,32,,,0,337,,32374,32,0,18 30,0
1000,'7_1',922,,47127,32,0,18 30,0,186,,47118,32,0,18 30,0,47,,47119,32,0,18 30,0,77,,47120,32,0,18 30,0,80,,47121,32,0,18 30,0,99,,47122,32,0,18 30,0,39,,47124,32,,,0,70,,47125,32,,,0,96,,47126,32,,,0,335,,47123,32,0,18 30,0
1000,'7_2',922,,49345,32,0,18 30,0,186,,49336,32,0,18 30,0,47,,49337,32,0,18 30,0,77,,49338,32,0,18 30,0,80,,49339,32,0,18 30,0,99,,49340,32,0,18 30,0,39,,49342,32,,,0,70,,49343,32,,,0,96,,49344,32,,,0,335,,49341,32,0,18 30,0
1000,'7_4',922,,49360,32,0,18 30,0,186,,49351,32,0,18 30,0,47,,49352,32,0,18 30,0,77,,49353,32,0,18 30,0,80,,49354,32,0,18 30,0,99,,49355,32,0,18 30,0,39,,49357,32,,,0,70,,49358,32,,,0,96,,49359,32,,,0,335,,49356,32,0,18 30,0
1100,'1_3',828,,49404,18,,,0,905,,49405,18,,,0,119,,49406,18,,,0
1100,'2_6',828,,32478,18,,,0,905,,32479,18,,,0,119,,32480,18,,,0
1100,'7_1',828,,47143,18,,,0,905,,47144,18,,,0,119,,47145,18,,,0
1100,'7_2',828,,49408,18,,,0,905,,49409,18,,,0,119,,49410,18,,,0
1100,'7_4',828,,49412,18,,,0,905,,49413,18,,,0,119,,49414,18,,,0
1601,'1_3',838,,49538,10,4,,0,77,,49539,10,4,,0,44,,49540,10,4,,0,155,,49542,17,4,,0,124,,49545,24,4,,0,164,,49543,17,4,,0,105,,49546,17,4,,0,45,,49541,10,4,,0,106,,49547,10,4,,0,169,,49544,17,4,,0
1601,'2_6',838,,32776,10,4,,0,77,,32777,10,4,,0,44,,32778,10,4,,0,155,,32780,17,4,,0,124,,32783,24,4,,0,164,,32781,17,4,,0,105,,32784,17,4,,0,45,,32779,10,4,,0,106,,32785,10,4,,0,169,,32782,17,4,,0
1601,'7_1',838,,47187,10,4,,0,77,,47188,10,4,,0,44,,47189,10,4,,0,155,,47191,17,4,,0,124,,47194,24,4,,0,164,,47192,17,4,,0,105,,47195,17,4,,0,45,,47190,10,4,,0,106,,47196,10,4,,0,169,,47193,17,4,,0
1601,'7_2',838,,49548,10,4,,0,77,,49549,10,4,,0,44,,49550,10,4,,0,155,,49552,17,4,,0,124,,49555,24,4,,0,164,,49553,17,4,,0,105,,49556,17,4,,0,45,,49551,10,4,,0,106,,49557,10,4,,0,169,,49554,17,4,,0
1601,'7_4',838,,49558,10,4,,0,77,,49559,10,4,,0,44,,49560,10,4,,0,155,,49562,17,4,,0,124,,49565,24,4,,0,164,,49563,17,4,,0,105,,49566,17,4,,0,45,,49561,10,4,,0,106,,49567,10,4,,0,169,,49564,17,4,,0
