601,'1_3',612,,49016,10,,,0,108,,49030,10,,,0,96,,49017,10,,,0,102,,49018,10,,,0,98,,49019,10,,,0,100,,49020,10,,,0,103,,49021,11,,,0,22,,49022,10,,,0,80,,49023,10,,,0,104,,49024,10,,,0,94,,49025,10,,,0,40,,49031,10,,,0,80,,49026,11,,,0,75,,49032,10,,,0,28,,49027,11,,,0,72,,49033,11,,,0,27,,49028,10,,,0,95,,49029,10,,,0
601,'2_6',742,,31815,10,,,0,90,,31817,10,,,0,96,,31818,10,,,0,93,,31819,10,,,0,89,,31820,10,,,0,48,,31821,10,,,0,88,,31822,10,,,0,90,,31823,10,,,0,88,,31824,10,,,0,89,,31825,10,,,0,100,,31826,10,,,0,91,,31827,10,,,0,54,,31828,10,,,0,87,,31829,10,,,0,90,,31816,10,,,0
601,'7_1',612,,47013,10,,,0,108,,47026,10,,,0,96,,47014,10,,,0,102,,47015,10,,,0,98,,47016,10,,,0,100,,47017,10,,,0,103,,47030,10,,,0,22,,47018,10,,,0,80,,47019,10,,,0,104,,47020,10,,,0,94,,47021,10,,,0,40,,47027,10,,,0,80,,47022,11,,,0,75,,47028,10,,,0,28,,47023,11,,,0,72,,47029,11,,,0,27,,47024,10,,,0,95,,47025,10,,,0
601,'7_2',612,,49034,10,,,0,108,,49047,10,,,0,96,,49035,10,,,0,102,,49036,10,,,0,98,,49037,10,,,0,100,,49038,10,,,0,103,,49051,10,,,0,22,,49039,10,,,0,80,,49040,10,,,0,104,,49041,10,,,0,94,,49042,10,,,0,40,,49048,10,,,0,80,,49043,11,,,0,75,,49049,10,,,0,28,,49044,11,,,0,72,,49050,11,,,0,27,,49045,10,,,0,95,,49046,10,,,0
601,'7_4',612,,49052,10,,,0,108,,49065,10,,,0,96,,49053,10,,,0,102,,49054,10,,,0,98,,49055,10,,,0,100,,49056,10,,,0,103,,49069,10,,,0,22,,49057,10,,,0,80,,49058,10,,,0,104,,49059,10,,,0,94,,49060,10,,,0,40,,49066,10,,,0,80,,49061,11,,,0,75,,49067,10,,,0,28,,49062,11,,,0,72,,49068,11,,,0,27,,49063,10,,,0,95,,49064,10,,,0
901,'1_3',740,,49268,6,0,26,0,66,,49269,6,0,27 63,0,102,,49274,6,0,23 24,0,192,,49275,6,0,23 24,0,107,,49270,6,0,27 63,0,34,,49279,6,,,0,105,,49276,6,0,23 24,0,111,,49277,6,0,23 24,0,150,,49271,6,0,27 63,0,21,,49282,6,,,0,79,,49272,6,0,27 63,0,100,,49273,6,0,27 63,0,128,,49283,6,,,0
901,'2_6',740,,32274,6,0,23 24,0,99,,32286,6,0,25,0,367,,32284,6,0,25,0,319,,32282,6,0,25,0,82,,32275,6,0,23 24,0,103,,32276,6,0,23 24,0,135,,32277,6,0,23 24,0,90,,32278,6,0,23 24,0
901,'7_1',740,,47097,6,0,26,0,66,,47098,6,0,27 63,0,102,,47103,6,0,23 24,0,192,,47104,6,0,23 24,0,107,,47099,6,0,27 63,0,34,,47108,6,,,0,105,,47105,6,0,23 24,0,111,,47106,6,0,23 24,0,150,,47100,6,0,27 63,0,21,,47111,6,,,0,79,,47101,6,0,27 63,0,100,,47102,6,0,27 63,0,128,,47112,6,,,0
901,'7_2',740,,49284,6,0,26,0,66,,49285,6,0,27 63,0,102,,49290,6,0,23 24,0,192,,49291,6,0,23 24,0,107,,49286,6,0,27 63,0,34,,49295,6,,,0,105,,49292,6,0,23 24,0,111,,49293,6,0,23 24,0,150,,49287,6,0,27 63,0,21,,49298,6,,,0,79,,49288,6,0,27 63,0,100,,49289,6,0,27 63,0,128,,49299,6,,,0
901,'7_4',740,,49300,6,0,26,0,66,,49301,6,0,27 63,0,102,,49306,6,0,23 24,0,192,,49307,6,0,23 24,0,107,,49302,6,0,27 63,0,34,,49311,6,,,0,105,,49308,6,0,23 24,0,111,,49309,6,0,23 24,0,150,,49303,6,0,27 63,0,21,,49314,6,,,0,79,,49304,6,0,27 63,0,100,,49305,6,0,27 63,0,128,,49315,6,,,0
1901,'1_3',1207,,49683,6,,,0,34,,49684,6,,,0
1901,'7_1',1607,,47235,6,,,0,100,,47236,6,,,0,100,,47237,6,,,0
1901,'7_2',1607,,49686,6,,,0,100,,49687,6,,,0,100,,49688,6,,,0
1901,'7_4',1607,,49695,6,,,0,100,,49696,6,,,0,100,,49697,6,,,0
2601,'1_3',737,,49975,9,,,0,2,,49988,9,,,0,1,,49973,9,,,0,2,,49967,22,,,0,72,,49976,22,,,0,24,,49978,22,,,0,9,,49974,10,,,0,55,,49977,22,,,0,39,,49968,22,,,0,100,,49969,22,,,0,100,,49985,22,,,0,100,,49970,22,,,0,67,,49986,22,,,0,22,,49987,22,,,0,92,,49971,22,,,0,95,,49972,22,,,0,114,,49980,22,,,0,89,,49981,22,,,0,27,,49982,22,,,0,89,,49983,22,,,0,22,,49984,22,,,0,93,,49979,22,,,0
2601,'2_6',741,,33615,22,,,0,86,,33618,22,,,0,85,,33619,22,,,0,47,,33620,22,,,0,90,,33621,22,,,0,84,,33622,22,,,0,83,,33623,22,,,0,85,,33624,22,,,0,42,,33625,22,,,0,85,,33626,22,,,0,86,,33627,22,,,0,90,,33628,22,,,0,46,,33629,22,,,0,81,,33630,22,,,0,86,,33631,22,,,0,83,,33617,22,,,0,41,,33616,22,,,0
2601,'7_1',737,,47343,9,,,0,2,,47356,9,,,0,1,,47341,9,,,0,2,,47334,22,,,0,72,,47344,22,,,0,24,,47346,22,,,0,9,,47342,10,,,0,55,,47345,22,,,0,39,,47335,22,,,0,100,,47336,22,,,0,100,,47353,22,,,0,100,,47337,22,,,0,67,,47354,22,,,0,22,,47355,22,,,0,5,,47357,9,,,0,87,,47338,22,,,0,95,,47339,22,,,0,114,,47348,22,,,0,89,,47349,22,,,0,27,,47350,22,,,0,89,,47351,22,,,0,22,,47352,22,,,0,93,,47347,22,,,0
2601,'7_2',737,,49998,9,,,0,2,,50011,9,,,0,1,,49996,9,,,0,2,,49989,22,,,0,72,,49999,22,,,0,24,,50001,22,,,0,9,,49997,10,,,0,55,,50000,22,,,0,39,,49990,22,,,0,100,,49991,22,,,0,100,,50008,22,,,0,100,,49992,22,,,0,67,,50009,22,,,0,22,,50010,22,,,0,5,,50012,9,,,0,87,,49993,22,,,0,95,,49994,22,,,0,114,,50003,22,,,0,89,,50004,22,,,0,27,,50005,22,,,0,89,,50006,22,,,0,22,,50007,22,,,0,93,,50002,22,,,0
2601,'7_4',737,,50022,9,,,0,2,,50035,9,,,0,1,,50020,9,,,0,2,,50013,22,,,0,72,,50023,22,,,0,24,,50025,22,,,0,9,,50021,10,,,0,55,,50024,22,,,0,39,,50014,22,,,0,100,,50015,22,,,0,100,,50032,22,,,0,100,,50016,22,,,0,67,,50033,22,,,0,22,,50034,22,,,0,5,,50036,9,,,0,87,,50017,22,,,0,95,,50018,22,,,0,114,,50027,22,,,0,89,,50028,22,,,0,27,,50029,22,,,0,89,,50030,22,,,0,22,,50031,22,,,0,93,,50026,22,,,0
