1600,'1_3',801,,49502,3,0,25,0,457,,49510,10,,,0,463,,49513,12,,,0
1600,'2_6',801,,32714,3,0,25,0,457,,32722,10,,,0,463,,32725,12,,,0
1600,'7_1',801,,47175,3,0,25,0,457,,47183,10,,,0,463,,47186,12,,,0
1600,'7_2',801,,49514,3,0,25,0,457,,49522,10,,,0,463,,49525,12,,,0
1600,'7_4',801,,49526,3,0,25,0,457,,49534,10,,,0,463,,49537,12,,,0
1601,'1_3',1225,,49545,17,,,0
1601,'2_6',1225,,32783,17,,,0
1601,'7_1',1225,,47194,17,,,0
1601,'7_2',1225,,49555,17,,,0
1601,'7_4',1225,,49565,17,,,0
2100,'1_3',1643,,49727,3,,,0
2100,'7_1',1643,,47251,3,,,0
2100,'7_2',1643,,49729,3,,,0
2100,'7_4',1643,,49731,3,,,0
