901,'0_6',756,,66610,17,,,0,99,,66618,17,0,66,0,97,,66615,2,,,0,168,,66621,17,,,0,95,,66619,17,0,66,0,94,,66616,2,,,0,100,,66617,2,0,25,0,92,,66620,2,0,25,0,42,,66622,17,,,0,91,,66611,17,,,0,96,,66612,17,,,0,126,,66613,17,,,0,95,,66614,17,,,0
901,'3_1',756,,66688,17,,,0,99,,66696,17,0,66,0,97,,66693,2,,,0,168,,66699,17,,,0,95,,66697,17,0,66,0,94,,66694,2,,,0,100,,66695,2,0,25,0,92,,66698,2,0,25,0,42,,66700,17,,,0,91,,66689,17,,,0,96,,66690,17,,,0,126,,66691,17,,,0,95,,66692,17,,,0
901,'3_3',756,,66701,17,,,0,99,,66709,17,0,66,0,97,,66706,2,,,0,168,,66712,17,,,0,95,,66710,17,0,66,0,94,,66707,2,,,0,100,,66708,2,0,25,0,92,,66711,2,0,25,0,42,,66713,17,,,0,91,,66702,17,,,0,96,,66703,17,,,0,126,,66704,17,,,0,95,,66705,17,,,0
901,'3_4',756,,66714,17,,,0,99,,66722,17,0,66,0,97,,66719,2,,,0,168,,66725,17,,,0,95,,66723,17,0,66,0,94,,66720,2,,,0,100,,66721,2,0,25,0,92,,66724,2,0,25,0,42,,66726,17,,,0,91,,66715,17,,,0,96,,66716,17,,,0,126,,66717,17,,,0,95,,66718,17,,,0
901,'3_5',756,,66727,17,,,0,99,,66735,17,0,66,0,97,,66732,2,,,0,168,,66738,17,,,0,95,,66736,17,0,66,0,94,,66733,2,,,0,100,,66734,2,0,25,0,92,,66737,2,0,25,0,42,,66739,17,,,0,91,,66728,17,,,0,96,,66729,17,,,0,126,,66730,17,,,0,95,,66731,17,,,0
1601,'0_6',840,,67449,2,,,0,205,,67451,2,,,0,113,,67454,2,,,0,186,,67452,2,,,0,178,,67455,2,,,0,282,,67453,2,,,0
1601,'3_1',840,,67497,2,,,0,205,,67499,2,,,0,113,,67502,2,,,0,186,,67500,2,,,0,178,,67503,2,,,0,282,,67501,2,,,0
1601,'3_3',840,,67505,2,,,0,205,,67507,2,,,0,113,,67510,2,,,0,186,,67508,2,,,0,178,,67511,2,,,0,282,,67509,2,,,0
1601,'3_4',840,,67513,2,,,0,205,,67515,2,,,0,113,,67518,2,,,0,186,,67516,2,,,0,178,,67519,2,,,0,282,,67517,2,,,0
1601,'3_5',840,,67521,2,,,0,205,,67523,2,,,0,113,,67526,2,,,0,186,,67524,2,,,0,178,,67527,2,,,0,282,,67525,2,,,0
