1600,'1_3',1251,,49510,6,,,0,69,,49511,8,0,54 55,0,394,,49513,8,,,0
1600,'2_6',1251,,32722,6,,,0,69,,32723,8,0,54 55,0,394,,32725,8,,,0
1600,'7_1',1251,,47183,6,,,0,69,,47184,8,0,54 55,0,394,,47186,8,,,0
1600,'7_2',1251,,49522,6,,,0,69,,49523,8,0,54 55,0,394,,49525,8,,,0
1600,'7_4',1251,,49534,6,,,0,69,,49535,8,0,54 55,0,394,,49537,8,,,0
1601,'1_3',1218,,49545,13,,,0
1601,'2_6',1218,,32783,13,,,0
1601,'7_1',1218,,47194,13,,,0
1601,'7_2',1218,,49555,13,,,0
1601,'7_4',1218,,49565,13,,,0
2101,'1_3',754,,49734,7,,,0,158,,49735,4,,,0
2101,'7_1',754,,47254,7,,,0,158,,47255,4,,,0
2101,'7_2',754,,49737,7,,,0,158,,49738,4,,,0
2101,'7_4',754,,49740,7,,,0,158,,49741,4,,,0
