200,'1_3',727,,48283,27,0,35 37,0,5,,48315,30,0,38,0,21,,48316,30,0,38,0,60,,48310,18,0,34,0,15,,48290,30,0,35 37,0,15,,48317,27,0,38,0,83,,48311,18,0,34,0,16,,48294,27,0,35 37,0,90,,48297,27,0,34,0,69,,48285,30,0,35 37,0,40,,48298,27,0,34,0,74,,48305,18,0,35 37,0,26,,48295,30,0,34,0,60,,48306,27,0,35 37,0,27,,48300,18,0,34,0,25,,48286,27,0,35 37,0,70,,48299,30,0,34,0,30,,48307,27,0,35 37,0,70,,48296,27,0,34,0,25,,48313,30,0,38,0,67,,48308,27,0,35 37,0,18,,48314,27,0,34,0,15,,48318,18,0,38,0,73,,48287,18,0,35 37,0,9,,48319,27,0,38,0,10,,48301,30,0,34,0,14,,48291,27,0,38,0,60,,48309,30,0,35 37,0,13,,48292,27,0,38,0,15,,48302,30,0,34,0,14,,48320,27,0,38,0,60,,48293,30,0,38,0,15,,48288,27,0,35 37,0,10,,48303,30,0,34,0
200,'2_6',720,,30367,30,0,34,0,31,,30378,27,0,35 37,0,60,,30390,18,0,38,0,20,,30368,30,0,34,0,25,,30379,27,0,35 37,0,60,,30391,30,0,38,0,21,,30369,27,0,34,0,64,,30380,18,0,35 37,0,20,,30392,18,0,38,0,21,,30370,30,0,34,0,65,,30381,27,0,35 37,0,22,,30393,18,0,38,0,23,,30371,30,0,34,0,64,,30382,27,0,35 37,0,20,,30394,18,0,38,0,20,,30372,28,0,34,0,60,,30383,18,0,35 37,0,20,,30395,27,0,38,0,20,,30373,30,0,34,0,60,,30384,27,0,35 37,0,21,,30396,18,0,38,0,21,,30374,30,0,34,0,61,,30385,27,0,35 37,0,21,,30397,18,0,38,0,64,,30375,30,0,34,0,27,,30386,27,0,35 37,0,18,,30398,18,0,38,0,59,,30376,30,0,34,0,24,,30387,27,0,35 37,0,18,,30399,18,0,38,0,57,,30377,30,0,34,0,20,,30401,27,0,35 37,0,25,,30400,18,0,38,0,66,,30388,30,0,35 37,0,23,,30389,27,0,34,0
200,'3_7',945,,30402,27,0,38,0,165,,30403,27,0,38,0,125,,30404,27,0,38,0,110,,30405,27,0,38,0,165,,30406,27,0,38,0,125,,30407,27,0,38,0,165,,30408,27,0,38,0,125,,30409,27,0,38,0
200,'4_7',945,,46710,27,0,38,0,165,,46711,27,0,38,0,125,,46712,27,0,38,0,110,,46713,27,0,38,0,165,,46714,27,0,38,0,125,,46715,27,0,38,0,165,,46716,27,0,38,0,125,,46717,27,0,38,0
200,'7_1',727,,46718,27,0,35 37,0,5,,46750,30,0,38,0,21,,46751,30,0,38,0,60,,46745,18,0,34,0,15,,46725,30,0,35 37,0,15,,46752,27,0,38,0,83,,46746,18,0,34,0,16,,46729,27,0,35 37,0,90,,46732,27,0,34,0,69,,46720,30,0,35 37,0,40,,46733,27,0,34,0,74,,46740,18,0,35 37,0,26,,46730,30,0,34,0,60,,46741,27,0,35 37,0,27,,46735,18,0,34,0,25,,46721,27,0,35 37,0,70,,46734,30,0,34,0,30,,46742,27,0,35 37,0,70,,46731,27,0,34,0,25,,46748,30,0,38,0,67,,46743,27,0,35 37,0,18,,46749,27,0,34,0,15,,46753,18,0,38,0,73,,46722,18,0,35 37,0,9,,46754,27,0,38,0,10,,46736,30,0,34,0,14,,46726,27,0,38,0,60,,46744,30,0,35 37,0,13,,46727,27,0,38,0,15,,46737,30,0,34,0,14,,46755,27,0,38,0,60,,46728,30,0,38,0,15,,46723,27,0,35 37,0,10,,46738,30,0,34,0
200,'7_2',727,,48322,27,0,35 37,0,5,,48354,30,0,38,0,21,,48355,30,0,38,0,60,,48349,18,0,34,0,15,,48329,30,0,35 37,0,15,,48356,27,0,38,0,83,,48350,18,0,34,0,16,,48333,27,0,35 37,0,90,,48336,27,0,34,0,69,,48324,30,0,35 37,0,40,,48337,27,0,34,0,74,,48344,18,0,35 37,0,26,,48334,30,0,34,0,60,,48345,27,0,35 37,0,27,,48339,18,0,34,0,25,,48325,27,0,35 37,0,70,,48338,30,0,34,0,30,,48346,27,0,35 37,0,70,,48335,27,0,34,0,25,,48352,30,0,38,0,67,,48347,27,0,35 37,0,18,,48353,27,0,34,0,15,,48357,18,0,38,0,73,,48326,18,0,35 37,0,9,,48358,27,0,38,0,10,,48340,30,0,34,0,14,,48330,27,0,38,0,60,,48348,30,0,35 37,0,13,,48331,27,0,38,0,15,,48341,30,0,34,0,14,,48359,27,0,38,0,60,,48332,30,0,38,0,15,,48327,27,0,35 37,0,10,,48342,30,0,34,0
200,'7_4',727,,48361,27,0,35 37,0,5,,48393,30,0,38,0,21,,48394,30,0,38,0,60,,48388,18,0,34,0,15,,48368,30,0,35 37,0,15,,48395,27,0,38,0,83,,48389,18,0,34,0,16,,48372,27,0,35 37,0,90,,48375,27,0,34,0,69,,48363,30,0,35 37,0,40,,48376,27,0,34,0,74,,48383,18,0,35 37,0,26,,48373,30,0,34,0,60,,48384,27,0,35 37,0,27,,48378,18,0,34,0,25,,48364,27,0,35 37,0,70,,48377,30,0,34,0,30,,48385,27,0,35 37,0,70,,48374,27,0,34,0,25,,48391,30,0,38,0,67,,48386,27,0,35 37,0,18,,48392,27,0,34,0,15,,48396,18,0,38,0,73,,48365,18,0,35 37,0,9,,48397,27,0,38,0,10,,48379,30,0,34,0,14,,48369,27,0,38,0,60,,48387,30,0,35 37,0,13,,48370,27,0,38,0,15,,48380,30,0,34,0,14,,48398,27,0,38,0,60,,48371,30,0,38,0,15,,48366,27,0,35 37,0,10,,48381,30,0,34,0
200,'8_7',945,,51867,27,0,38,0,165,,51868,27,0,38,0,125,,51869,27,0,38,0,110,,51870,27,0,38,0,165,,51871,27,0,38,0,125,,51872,27,0,38,0,165,,51873,27,0,38,0,125,,51874,27,0,38,0
200,'9_7',945,,52094,27,0,38,0,165,,52095,27,0,38,0,125,,52096,27,0,38,0,110,,52097,27,0,38,0,165,,52098,27,0,38,0,125,,52099,27,0,38,0,165,,52100,27,0,38,0,125,,52101,27,0,38,0
2401,'1_3',1247,,49808,7,,,0
2401,'7_1',1625,,47281,7,,,0,104,,47282,7,,,0,94,,47283,7,,,0
2401,'7_2',1625,,49810,7,,,0,104,,49811,7,,,0,94,,49812,7,,,0
2401,'7_4',1625,,49814,7,,,0,104,,49815,7,,,0,94,,49816,7,,,0
