300,'0_6',713,,64083,29,,,0,29,,64084,29,,,0,68,,64085,29,,,0,30,,64086,29,,,0,75,,64087,29,,,0,33,,64088,29,,,0,75,,64089,29,,,0,34,,64090,29,,,0,72,,64091,29,,,0,72,,64082,29,,,0,33,,64081,29,,,0,73,,64080,29,,,0,32,,64079,29,,,0,72,,64057,29,,,0,28,,64058,29,,,0,69,,64059,29,,,0,28,,64060,29,,,0,68,,64061,29,,,0,29,,64062,29,,,0,72,,64063,29,,,0,28,,64064,29,,,0,67,,64065,29,,,0,28,,64066,29,,,0,29,,64067,29,,,0,67,,64068,29,,,0,26,,64069,29,,,0,65,,64070,29,,,0,23,,64071,29,,,0,64,,64093,29,,,0,25,,64092,29,,,0,24,,64072,17,,,0,70,,64073,17,,,0,30,,64074,17,,,0,70,,64075,17,,,0,30,,64076,17,,,0,70,,64077,17,,,0,30,,64078,17,,,0
300,'1_7',915,,64116,29,,,0,33,,64117,29,,,0,75,,64118,29,,,0,34,,64119,29,,,0,72,,64110,29,,,0,72,,64115,29,,,0,33,,64114,29,,,0,73,,64113,29,,,0,32,,64112,29,,,0,72,,64094,29,,,0,28,,64095,29,,,0,69,,64096,29,,,0,28,,64097,29,,,0,68,,64098,29,,,0,29,,64099,29,,,0,72,,64100,29,,,0,28,,64101,29,,,0,67,,64102,29,,,0,28,,64103,29,,,0,29,,64104,29,,,0,67,,64105,29,,,0,26,,64106,29,,,0,65,,64107,29,,,0,23,,64108,29,,,0,64,,64111,29,,,0,25,,64109,29,,,0
300,'3_1',713,,64296,29,,,0,29,,64297,29,,,0,68,,64298,29,,,0,30,,64299,29,,,0,75,,64300,29,,,0,33,,64301,29,,,0,75,,64302,29,,,0,34,,64303,29,,,0,72,,64304,29,,,0,72,,64295,29,,,0,33,,64294,29,,,0,73,,64293,29,,,0,32,,64292,29,,,0,72,,64277,29,,,0,28,,64278,29,,,0,69,,64279,29,,,0,28,,64280,29,,,0,68,,64281,29,,,0,29,,64282,29,,,0,72,,64283,29,,,0,28,,64284,29,,,0,67,,64285,29,,,0,28,,64286,29,,,0,29,,64287,29,,,0,67,,64288,29,,,0,26,,64289,29,,,0,65,,64290,29,,,0,23,,64291,29,,,0,64,,64306,29,,,0,25,,64305,29,,,0
300,'3_3',713,,64326,29,,,0,29,,64327,29,,,0,68,,64328,29,,,0,30,,64329,29,,,0,75,,64330,29,,,0,33,,64331,29,,,0,75,,64332,29,,,0,34,,64333,29,,,0,72,,64334,29,,,0,72,,64325,29,,,0,33,,64324,29,,,0,73,,64323,29,,,0,32,,64322,29,,,0,72,,64307,29,,,0,28,,64308,29,,,0,69,,64309,29,,,0,28,,64310,29,,,0,68,,64311,29,,,0,29,,64312,29,,,0,72,,64313,29,,,0,28,,64314,29,,,0,67,,64315,29,,,0,28,,64316,29,,,0,29,,64317,29,,,0,67,,64318,29,,,0,26,,64319,29,,,0,65,,64320,29,,,0,23,,64321,29,,,0,64,,64336,29,,,0,25,,64335,29,,,0
300,'3_4',713,,64356,29,,,0,29,,64357,29,,,0,68,,64358,29,,,0,30,,64359,29,,,0,75,,64360,29,,,0,33,,64361,29,,,0,75,,64362,29,,,0,34,,64363,29,,,0,72,,64364,29,,,0,72,,64355,29,,,0,33,,64354,29,,,0,73,,64353,29,,,0,32,,64352,29,,,0,72,,64337,29,,,0,28,,64338,29,,,0,69,,64339,29,,,0,28,,64340,29,,,0,68,,64341,29,,,0,29,,64342,29,,,0,72,,64343,29,,,0,28,,64344,29,,,0,67,,64345,29,,,0,28,,64346,29,,,0,29,,64347,29,,,0,67,,64348,29,,,0,26,,64349,29,,,0,65,,64350,29,,,0,23,,64351,29,,,0,64,,64366,29,,,0,25,,64365,29,,,0
300,'3_5',713,,64393,29,,,0,29,,64394,29,,,0,68,,64395,29,,,0,30,,64396,29,,,0,75,,64397,29,,,0,33,,64398,29,,,0,75,,64399,29,,,0,34,,64400,29,,,0,72,,64401,29,,,0,72,,64392,29,,,0,33,,64391,29,,,0,73,,64390,29,,,0,32,,64389,29,,,0,72,,64367,29,,,0,28,,64368,29,,,0,69,,64369,29,,,0,28,,64370,29,,,0,68,,64371,29,,,0,29,,64372,29,,,0,72,,64373,29,,,0,28,,64374,29,,,0,67,,64375,29,,,0,28,,64376,29,,,0,29,,64377,29,,,0,67,,64378,29,,,0,26,,64379,29,,,0,65,,64380,29,,,0,23,,64381,29,,,0,64,,64403,29,,,0,25,,64402,29,,,0,24,,64382,17,,,0,70,,64383,17,,,0,30,,64384,17,,,0,70,,64385,17,,,0,30,,64386,17,,,0,70,,64387,17,,,0,30,,64388,17,,,0
300,'4_7',713,,64423,29,,,0,29,,64424,29,,,0,68,,64425,29,,,0,30,,64426,29,,,0,75,,64427,29,,,0,33,,64428,29,,,0,75,,64429,29,,,0,34,,64430,29,,,0,72,,64431,29,,,0,72,,64422,29,,,0,33,,64421,29,,,0,73,,64420,29,,,0,32,,64419,29,,,0,72,,64404,29,,,0,28,,64405,29,,,0,69,,64406,29,,,0,28,,64407,29,,,0,68,,64408,29,,,0,29,,64409,29,,,0,72,,64410,29,,,0,28,,64411,29,,,0,67,,64412,29,,,0,28,,64413,29,,,0,29,,64414,29,,,0,67,,64415,29,,,0,26,,64416,29,,,0,65,,64417,29,,,0,23,,64418,29,,,0,64,,64433,29,,,0,25,,64432,29,,,0
800,'3_1',706,,66310,18,,,0,33,,66311,18,,,0,67,,66312,18,,,0,31,,66313,18,,,0,80,,66314,18,,,0,110,,66315,18,,,0,117,,66316,18,,,0,111,,66317,18,,,0,150,,66318,18,,,0,112,,66320,18,,,0,110,,66319,18,,,0
800,'3_3',706,,66321,18,,,0,33,,66322,18,,,0,67,,66323,18,,,0,31,,66324,18,,,0,80,,66325,18,,,0,110,,66326,18,,,0,117,,66327,18,,,0,111,,66328,18,,,0,150,,66329,18,,,0,112,,66331,18,,,0,110,,66330,18,,,0
800,'3_4',706,,66332,18,,,0,33,,66333,18,,,0,67,,66334,18,,,0,31,,66335,18,,,0,80,,66336,18,,,0,110,,66337,18,,,0,117,,66338,18,,,0,111,,66339,18,,,0,150,,66340,18,,,0,112,,66342,18,,,0,110,,66341,18,,,0
800,'3_5',706,,66343,18,,,0,33,,66344,18,,,0,67,,66345,18,,,0,31,,66346,18,,,0,80,,66347,18,,,0,110,,66348,18,,,0,117,,66349,18,,,0,111,,66350,18,,,0,150,,66351,18,,,0,112,,66353,18,,,0,110,,66352,18,,,0
