101,'1_3',754,,48184,56,0,6,0,68,,48185,56,0,6,0,29,,48186,56,0,6,0,95,,48190,50,0,6,0,157,,48191,50,0,6,0,114,,48192,50,0,6,0,89,,48193,50,0,6,0,114,,48187,56,0,6,0,97,,48194,50,0,6,0,100,,48195,50,0,6,0,88,,48196,50,0,6,0,38,,48197,50,0,6,0,75,,48198,50,0,6,0,37,,48188,56,0,6,0,84,,48189,56,0,6,0
101,'2_6',1040,,30142,50,0,6,0,100,,30143,50,0,6,0,98,,30144,50,0,6,0,99,,30145,50,0,6,0,100,,30146,50,0,6,0,101,,30147,50,0,6,0,103,,30148,50,0,6,0,103,,30149,50,0,6,0,100,,30150,50,0,6,0,96,,30151,50,0,6,0
101,'3_7',950,,30152,50,0,6,0,250,,30153,50,0,6,0,210,,30154,50,0,6,0,190,,30155,50,0,6,0,210,,30156,50,0,6,0
101,'4_7',950,,46667,50,0,6,0,250,,46668,50,0,6,0,210,,46669,50,0,6,0,190,,46670,50,0,6,0,210,,46671,50,0,6,0
101,'7_1',754,,46677,56,0,6,0,68,,46678,56,0,6,0,29,,46679,56,0,6,0,95,,46683,50,0,6,0,157,,46684,50,0,6,0,114,,46685,50,0,6,0,89,,46686,50,0,6,0,114,,46680,56,0,6,0,97,,46687,50,0,6,0,100,,46688,50,0,6,0,88,,46689,50,0,6,0,38,,46690,50,0,6,0,75,,46691,50,0,6,0,37,,46681,56,0,6,0,84,,46682,56,0,6,0
101,'7_2',754,,48217,56,0,6,0,68,,48218,56,0,6,0,29,,48219,56,0,6,0,95,,48223,50,0,6,0,157,,48224,50,0,6,0,114,,48225,50,0,6,0,89,,48226,50,0,6,0,114,,48220,56,0,6,0,97,,48227,50,0,6,0,100,,48228,50,0,6,0,88,,48229,50,0,6,0,38,,48230,50,0,6,0,75,,48231,50,0,6,0,37,,48221,56,0,6,0,84,,48222,56,0,6,0
101,'7_4',754,,48250,56,0,6,0,68,,48251,56,0,6,0,29,,48252,56,0,6,0,95,,48256,50,0,6,0,157,,48257,50,0,6,0,114,,48258,50,0,6,0,89,,48259,50,0,6,0,114,,48253,56,0,6,0,97,,48260,50,0,6,0,100,,48261,50,0,6,0,88,,48262,50,0,6,0,38,,48263,50,0,6,0,75,,48264,50,0,6,0,37,,48254,56,0,6,0,84,,48255,56,0,6,0
101,'8_7',950,,51857,50,0,6,0,250,,51858,50,0,6,0,210,,51859,50,0,6,0,190,,51860,50,0,6,0,210,,51861,50,0,6,0
101,'9_7',950,,52084,50,0,6,0,250,,52085,50,0,6,0,210,,52086,50,0,6,0,190,,52087,50,0,6,0,210,,52088,50,0,6,0
801,'1_3',848,,49175,17,,,0,108,,49176,17,,,0,150,,49177,17,,,0,119,,49169,17,,,0,111,,49178,17,,,0,112,,49179,17,,,0,152,,49180,17,,,0,36,,49170,17,,,0,76,,49171,17,,,0,30,,49172,17,,,0,76,,49173,17,,,0,33,,49174,17,,,0,71,,49181,17,,,0,34,,49182,17,,,0
801,'7_1',848,,47070,17,,,0,108,,47071,17,,,0,150,,47072,17,,,0,119,,47064,17,,,0,111,,47073,17,,,0,112,,47074,17,,,0,152,,47075,17,,,0,36,,47065,17,,,0,76,,47066,17,,,0,30,,47067,17,,,0,76,,47068,17,,,0,33,,47069,17,,,0,71,,47076,17,,,0,34,,47077,17,,,0
801,'7_2',848,,49189,17,,,0,108,,49190,17,,,0,150,,49191,17,,,0,119,,49183,17,,,0,111,,49192,17,,,0,112,,49193,17,,,0,152,,49194,17,,,0,36,,49184,17,,,0,76,,49185,17,,,0,30,,49186,17,,,0,76,,49187,17,,,0,33,,49188,17,,,0,71,,49195,17,,,0,34,,49196,17,,,0
801,'7_4',848,,49203,17,,,0,108,,49204,17,,,0,150,,49205,17,,,0,119,,49197,17,,,0,111,,49206,17,,,0,112,,49207,17,,,0,152,,49208,17,,,0,36,,49198,17,,,0,76,,49199,17,,,0,30,,49200,17,,,0,76,,49201,17,,,0,33,,49202,17,,,0,71,,49209,17,,,0,34,,49210,17,,,0
