301,'1_3',733,,48628,22,,,0,21,,48602,22,,,0,74,,48629,22,,,0,73,,48603,22,,,0,30,,48604,22,,,0,71,,48605,22,,,0,32,,48606,22,,,0,72,,48607,22,,,0,33,,48608,22,,,0,73,,48609,22,,,0,32,,48610,22,,,0,71,,48611,22,,,0,33,,48612,22,,,0,72,,48613,22,,,0,31,,48614,22,,,0,70,,48615,22,,,0,27,,48616,22,,,0,67,,48617,22,,,0,31,,48618,22,,,0,70,,48619,22,,,0,30,,48620,22,,,0,70,,48621,22,,,0,25,,48622,22,,,0,62,,48623,22,,,0,24,,48624,22,,,0,29,,48625,22,,,0,68,,48626,22,,,0,30,,48627,22,,,0
301,'2_6',737,,30999,22,,,0,71,,30996,22,,,0,30,,30997,22,,,0,70,,30998,22,,,0,31,,31000,22,,,0,70,,31001,22,,,0,31,,31002,22,,,0,70,,31003,22,,,0,31,,31007,22,,,0,69,,31006,22,,,0,28,,31004,22,,,0,69,,31005,22,,,0,29,,31009,22,,,0,71,,31010,22,,,0,30,,31008,22,,,0,71,,31011,22,,,0,30,,31014,22,,,0,72,,31012,22,,,0,33,,31013,22,,,0,71,,31016,22,,,0,32,,31015,22,,,0,70,,31017,22,,,0,32,,31018,22,,,0,68,,31019,22,,,0,29,,31020,22,,,0,69,,31021,22,,,0,30,,31022,22,,,0,63,,31023,22,,,0
301,'3_7',931,,31024,22,,,0,100,,31025,22,,,0,100,,31026,22,,,0,100,,31027,22,,,0,100,,31028,22,,,0,100,,31029,22,,,0,100,,31030,22,,,0,100,,31031,22,,,0,100,,31032,22,,,0,100,,31033,22,,,0,100,,31034,22,,,0
301,'4_7',931,,46843,22,,,0,100,,46844,22,,,0,100,,46845,22,,,0,100,,46846,22,,,0,100,,46847,22,,,0,100,,46848,22,,,0,100,,46849,22,,,0,100,,46850,22,,,0,100,,46851,22,,,0,100,,46852,22,,,0,100,,46853,22,,,0
301,'7_1',733,,46880,22,,,0,21,,46854,22,,,0,74,,46881,22,,,0,73,,46855,22,,,0,30,,46856,22,,,0,71,,46857,22,,,0,32,,46858,22,,,0,72,,46859,22,,,0,33,,46860,22,,,0,73,,46861,22,,,0,32,,46862,22,,,0,71,,46863,22,,,0,33,,46864,22,,,0,72,,46865,22,,,0,31,,46866,22,,,0,70,,46867,22,,,0,27,,46868,22,,,0,67,,46869,22,,,0,31,,46870,22,,,0,70,,46871,22,,,0,30,,46872,22,,,0,70,,46873,22,,,0,25,,46874,22,,,0,62,,46875,22,,,0,24,,46876,22,,,0,29,,46877,22,,,0,68,,46878,22,,,0,30,,46879,22,,,0
301,'7_2',733,,48656,22,,,0,21,,48630,22,,,0,74,,48657,22,,,0,73,,48631,22,,,0,30,,48632,22,,,0,71,,48633,22,,,0,32,,48634,22,,,0,72,,48635,22,,,0,33,,48636,22,,,0,73,,48637,22,,,0,32,,48638,22,,,0,71,,48639,22,,,0,33,,48640,22,,,0,72,,48641,22,,,0,31,,48642,22,,,0,70,,48643,22,,,0,27,,48644,22,,,0,67,,48645,22,,,0,31,,48646,22,,,0,70,,48647,22,,,0,30,,48648,22,,,0,70,,48649,22,,,0,25,,48650,22,,,0,62,,48651,22,,,0,24,,48652,22,,,0,29,,48653,22,,,0,68,,48654,22,,,0,30,,48655,22,,,0
301,'7_4',733,,48684,22,,,0,21,,48658,22,,,0,74,,48685,22,,,0,73,,48659,22,,,0,30,,48660,22,,,0,71,,48661,22,,,0,32,,48662,22,,,0,72,,48663,22,,,0,33,,48664,22,,,0,73,,48665,22,,,0,32,,48666,22,,,0,71,,48667,22,,,0,33,,48668,22,,,0,72,,48669,22,,,0,31,,48670,22,,,0,70,,48671,22,,,0,27,,48672,22,,,0,67,,48673,22,,,0,31,,48674,22,,,0,70,,48675,22,,,0,30,,48676,22,,,0,70,,48677,22,,,0,25,,48678,22,,,0,62,,48679,22,,,0,24,,48680,22,,,0,29,,48681,22,,,0,68,,48682,22,,,0,30,,48683,22,,,0
301,'8_7',812,,51930,22,,,0,32,,51925,22,,,0,72,,51931,22,,,0,33,,51926,22,,,0,72,,51932,22,,,0,32,,51927,22,,,0,73,,51933,22,,,0,32,,51928,22,,,0,72,,51934,22,,,0,73,,51909,22,,,0,27,,51910,22,,,0,29,,51911,22,,,0,66,,51912,22,,,0,28,,51913,22,,,0,67,,51914,22,,,0,29,,51915,22,,,0,68,,51935,22,,,0,26,,51916,22,,,0,72,,51917,22,,,0,34,,51918,22,,,0,68,,51919,22,,,0,28,,51920,22,,,0,65,,51921,22,,,0,25,,51922,22,,,0,67,,51923,22,,,0,27,,51929,22,,,0,25,,51924,22,,,0
301,'9_7',812,,52157,22,,,0,32,,52152,22,,,0,72,,52158,22,,,0,33,,52153,22,,,0,72,,52159,22,,,0,32,,52154,22,,,0,73,,52160,22,,,0,32,,52155,22,,,0,72,,52161,22,,,0,73,,52136,22,,,0,27,,52137,22,,,0,29,,52138,22,,,0,66,,52139,22,,,0,28,,52140,22,,,0,67,,52141,22,,,0,29,,52142,22,,,0,68,,52162,22,,,0,26,,52143,22,,,0,72,,52144,22,,,0,34,,52145,22,,,0,68,,52146,22,,,0,28,,52147,22,,,0,65,,52148,22,,,0,25,,52149,22,,,0,67,,52150,22,,,0,27,,52156,22,,,0,25,,52151,22,,,0
2900301,'1_3',1723,,51218,8,,,0,28,,51219,8,,,0,73,,51220,8,,,0,22,,51221,8,,,0
2900301,'7_1',1723,,47824,8,,,0,28,,47825,8,,,0,73,,47826,8,,,0,22,,47827,8,,,0
2900301,'7_2',1723,,51222,8,,,0,28,,51223,8,,,0,73,,51224,8,,,0,22,,51225,8,,,0
2900301,'7_4',1723,,51226,8,,,0,28,,51227,8,,,0,73,,51228,8,,,0,22,,51229,8,,,0
