400,'1_3',748,,48709,40,0,40,0,59,,48713,9,0,23 51,0,6,,48686,39,0,40,0,18,,48687,40,0,40,0,11,,48710,39,0,40,0,14,,48688,39,0,40,0,53,,48689,39,0,40,0,30,,48690,39,0,40,0,80,,48691,51,0,40,0,31,,48692,39,0,40,0,70,,48693,39,0,40,0,35,,48694,39,0,40,0,77,,48695,39,0,40,0,68,,48714,42,,,0,25,,48711,52,0,40,0,24,,48696,39,0,40,0,67,,48697,39,0,40,0,29,,48700,51,0,40,0,75,,48698,39,0,40,0,31,,48701,51,0,40,0,78,,48699,39,0,40,0,82,,48717,43,0,40,0,15,,48702,23,0,40,0,10,,48712,52,0,40,0,8,,48703,39,0,40,0,66,,48718,43,,,0,4,,48704,51,0,40,0,22,,48705,39,0,40,0,22,,48715,42,,,0,69,,48706,39,0,40,0,25,,48707,51,0,40,0
400,'2_6',739,,31221,39,0,40,0,105,,31222,39,0,40,0,72,,31215,51,0,40,0,27,,31223,39,0,40,0,72,,31224,39,0,40,0,30,,31225,39,0,40,0,71,,31216,51,0,40,0,31,,31226,39,0,40,0,70,,31228,39,0,40,0,29,,31227,39,0,40,0,69,,31217,51,0,40,0,31,,31229,39,0,40,0,70,,31230,39,0,40,0,29,,31231,39,0,40,0,73,,31218,51,0,40,0,33,,31232,39,0,40,0,70,,31233,39,0,40,0,30,,31234,39,0,40,0,73,,31219,51,0,40,0,33,,31235,39,0,40,0,70,,31236,39,0,40,0,31,,31237,39,0,40,0,69,,31220,51,0,40,0,31,,31238,39,0,40,0
400,'3_7',938,,31239,39,0,40,0,100,,31240,39,0,40,0,100,,31241,39,0,40,0,100,,31242,39,0,40,0,100,,31243,39,0,40,0,100,,31244,39,0,40,0,100,,31245,39,0,40,0,100,,31246,39,0,40,0,100,,31247,39,0,40,0,100,,31248,39,0,40,0
400,'4_7',938,,46882,39,0,40,0,100,,46883,39,0,40,0,100,,46884,39,0,40,0,100,,46885,39,0,40,0,100,,46886,39,0,40,0,100,,46887,39,0,40,0,100,,46888,39,0,40,0,100,,46889,39,0,40,0,100,,46890,39,0,40,0,100,,46891,39,0,40,0
400,'7_1',748,,46916,40,0,40,0,59,,46920,9,0,23 51,0,6,,46892,39,0,40,0,18,,46893,40,0,40,0,11,,46917,39,0,40,0,14,,46894,39,0,40,0,53,,46895,39,0,40,0,30,,46896,39,0,40,0,80,,46897,51,0,40,0,31,,46898,39,0,40,0,70,,46899,39,0,40,0,35,,46900,39,0,40,0,77,,46901,39,0,40,0,68,,46921,42,,,0,25,,46918,52,0,40,0,24,,46902,39,0,40,0,67,,46903,39,0,40,0,29,,46906,51,0,40,0,75,,46904,39,0,40,0,31,,46907,51,0,40,0,78,,46905,39,0,40,0,82,,46924,43,0,40,0,15,,46908,23,0,40,0,10,,46919,52,0,40,0,8,,46909,39,0,40,0,66,,46925,43,,,0,4,,46910,51,0,40,0,22,,46914,23,0,40,0,22,,46922,42,,,0,69,,46912,39,0,40,0,25,,46913,51,0,40,0
400,'7_2',748,,48743,40,0,40,0,59,,48747,9,0,23 51,0,6,,48719,39,0,40,0,18,,48720,40,0,40,0,11,,48744,39,0,40,0,14,,48721,39,0,40,0,53,,48722,39,0,40,0,30,,48723,39,0,40,0,80,,48724,51,0,40,0,31,,48725,39,0,40,0,70,,48726,39,0,40,0,35,,48727,39,0,40,0,77,,48728,39,0,40,0,68,,48748,42,,,0,25,,48745,52,0,40,0,24,,48729,39,0,40,0,67,,48730,39,0,40,0,29,,48733,51,0,40,0,75,,48731,39,0,40,0,31,,48734,51,0,40,0,78,,48732,39,0,40,0,82,,48751,43,0,40,0,15,,48735,23,0,40,0,10,,48746,52,0,40,0,8,,48736,39,0,40,0,66,,48752,43,,,0,4,,48737,51,0,40,0,22,,48741,23,0,40,0,22,,48749,42,,,0,69,,48739,39,0,40,0,25,,48740,51,0,40,0
400,'7_4',748,,48777,40,0,40,0,59,,48781,9,0,23 51,0,6,,48753,39,0,40,0,18,,48754,40,0,40,0,11,,48778,39,0,40,0,14,,48755,39,0,40,0,53,,48756,39,0,40,0,30,,48757,39,0,40,0,80,,48758,51,0,40,0,31,,48759,39,0,40,0,70,,48760,39,0,40,0,35,,48761,39,0,40,0,77,,48762,39,0,40,0,68,,48782,42,,,0,25,,48779,52,0,40,0,24,,48763,39,0,40,0,67,,48764,39,0,40,0,29,,48767,51,0,40,0,75,,48765,39,0,40,0,31,,48768,51,0,40,0,78,,48766,39,0,40,0,82,,48785,43,0,40,0,15,,48769,23,0,40,0,10,,48780,52,0,40,0,8,,48770,39,0,40,0,66,,48786,43,,,0,4,,48771,51,0,40,0,22,,48775,23,0,40,0,22,,48783,42,,,0,69,,48773,39,0,40,0,25,,48774,51,0,40,0
400,'8_7',938,,51936,39,0,40,0,100,,51937,39,0,40,0,100,,51938,39,0,40,0,100,,51939,39,0,40,0,100,,51940,39,0,40,0,100,,51941,39,0,40,0,100,,51942,39,0,40,0,100,,51943,39,0,40,0,100,,51944,39,0,40,0,100,,51945,39,0,40,0
400,'9_7',938,,52163,39,0,40,0,100,,52164,39,0,40,0,100,,52165,39,0,40,0,100,,52166,39,0,40,0,100,,52167,39,0,40,0,100,,52168,39,0,40,0,100,,52169,39,0,40,0,100,,52170,39,0,40,0,100,,52171,39,0,40,0,100,,52172,39,0,40,0
2300,'1_3',1226,,49781,20,,,0,3,,49780,20,,,0
2300,'7_1',1621,,47270,20,,,0,104,,47271,20,,,0,96,,47272,20,,,0
2300,'7_2',1621,,49782,20,,,0,104,,49783,20,,,0,96,,49784,20,,,0
2300,'7_4',1621,,49785,20,,,0,104,,49786,20,,,0,96,,49787,20,,,0
2900400,'1_3',1701,,51230,5,,,0,100,,51231,5,,,0
2900400,'7_1',1701,,47828,5,,,0,100,,47829,5,,,0
2900400,'7_2',1701,,51232,5,,,0,100,,51233,5,,,0
2900400,'7_4',1701,,51234,5,,,0,100,,51235,5,,,0
