301,'0_6',721,,64459,37,4,,0,34,,64460,37,4,,0,73,,64461,37,4,,0,73,,64462,37,4,,0,32,,64463,37,4,,0,74,,64464,37,4,,0,33,,64465,37,4,,0,72,,64466,37,4,,0,33,,64467,37,4,,0,72,,64468,37,4,,0,32,,64469,37,4,,0,74,,64434,37,4,,0,27,,64435,37,4,,0,70,,64436,37,4,,0,26,,64437,37,4,,0,68,,64438,37,4,,0,27,,64439,37,4,,0,69,,64440,37,4,,0,28,,64458,37,4,,0,64,,64441,37,4,,0,32,,64442,37,4,,0,74,,64443,37,4,,0,28,,64444,37,4,,0,67,,64445,37,4,,0,25,,64446,37,4,,0,25,,64447,37,4,,0,65,,64448,37,4,,0,27,,64470,37,4,,0,64,,64449,37,4,,0
301,'1_7',828,,64492,37,4,,0,73,,64487,37,4,,0,32,,64493,37,4,,0,74,,64488,37,4,,0,33,,64494,37,4,,0,72,,64489,37,4,,0,33,,64495,37,4,,0,72,,64490,37,4,,0,32,,64496,37,4,,0,74,,64471,37,4,,0,27,,64472,37,4,,0,70,,64473,37,4,,0,26,,64474,37,4,,0,68,,64475,37,4,,0,27,,64476,37,4,,0,69,,64477,37,4,,0,28,,64497,37,4,,0,64,,64478,37,4,,0,32,,64479,37,4,,0,74,,64480,37,4,,0,28,,64481,37,4,,0,67,,64482,37,4,,0,25,,64483,37,4,,0,25,,64484,37,4,,0,65,,64485,37,4,,0,27,,64491,37,4,,0,64,,64486,37,4,,0
301,'3_1',721,,64668,37,4,,0,34,,64669,37,4,,0,73,,64670,37,4,,0,73,,64671,37,4,,0,32,,64672,37,4,,0,74,,64673,37,4,,0,33,,64674,37,4,,0,72,,64675,37,4,,0,33,,64676,37,4,,0,72,,64677,37,4,,0,32,,64678,37,4,,0,74,,64651,37,4,,0,27,,64652,37,4,,0,70,,64653,37,4,,0,26,,64654,37,4,,0,68,,64655,37,4,,0,27,,64656,37,4,,0,69,,64657,37,4,,0,28,,64667,37,4,,0,64,,64658,37,4,,0,32,,64659,37,4,,0,74,,64660,37,4,,0,28,,64661,37,4,,0,67,,64662,37,4,,0,25,,64663,37,4,,0,25,,64664,37,4,,0,65,,64665,37,4,,0,27,,64679,37,4,,0,64,,64666,37,4,,0
301,'3_3',721,,64697,37,4,,0,34,,64698,37,4,,0,73,,64699,37,4,,0,73,,64700,37,4,,0,32,,64701,37,4,,0,74,,64702,37,4,,0,33,,64703,37,4,,0,72,,64704,37,4,,0,33,,64705,37,4,,0,72,,64706,37,4,,0,32,,64707,37,4,,0,74,,64680,37,4,,0,27,,64681,37,4,,0,70,,64682,37,4,,0,26,,64683,37,4,,0,68,,64684,37,4,,0,27,,64685,37,4,,0,69,,64686,37,4,,0,28,,64696,37,4,,0,64,,64687,37,4,,0,32,,64688,37,4,,0,74,,64689,37,4,,0,28,,64690,37,4,,0,67,,64691,37,4,,0,25,,64692,37,4,,0,25,,64693,37,4,,0,65,,64694,37,4,,0,27,,64708,37,4,,0,64,,64695,37,4,,0
301,'3_4',721,,64726,37,4,,0,34,,64727,37,4,,0,73,,64728,37,4,,0,73,,64729,37,4,,0,32,,64730,37,4,,0,74,,64731,37,4,,0,33,,64732,37,4,,0,72,,64733,37,4,,0,33,,64734,37,4,,0,72,,64735,37,4,,0,32,,64736,37,4,,0,74,,64709,37,4,,0,27,,64710,37,4,,0,70,,64711,37,4,,0,26,,64712,37,4,,0,68,,64713,37,4,,0,27,,64714,37,4,,0,69,,64715,37,4,,0,28,,64725,37,4,,0,64,,64716,37,4,,0,32,,64717,37,4,,0,74,,64718,37,4,,0,28,,64719,37,4,,0,67,,64720,37,4,,0,25,,64721,37,4,,0,25,,64722,37,4,,0,65,,64723,37,4,,0,27,,64737,37,4,,0,64,,64724,37,4,,0
301,'3_5',721,,64763,37,4,,0,34,,64764,37,4,,0,73,,64765,37,4,,0,73,,64766,37,4,,0,32,,64767,37,4,,0,74,,64768,37,4,,0,33,,64769,37,4,,0,72,,64770,37,4,,0,33,,64771,37,4,,0,72,,64772,37,4,,0,32,,64773,37,4,,0,74,,64738,37,4,,0,27,,64739,37,4,,0,70,,64740,37,4,,0,26,,64741,37,4,,0,68,,64742,37,4,,0,27,,64743,37,4,,0,69,,64744,37,4,,0,28,,64762,37,4,,0,64,,64745,37,4,,0,32,,64746,37,4,,0,74,,64747,37,4,,0,28,,64748,37,4,,0,67,,64749,37,4,,0,25,,64750,37,4,,0,25,,64751,37,4,,0,65,,64752,37,4,,0,27,,64774,37,4,,0,64,,64753,37,4,,0
301,'4_7',721,,64792,37,4,,0,34,,64793,37,4,,0,73,,64794,37,4,,0,73,,64795,37,4,,0,32,,64796,37,4,,0,74,,64797,37,4,,0,33,,64798,37,4,,0,72,,64799,37,4,,0,33,,64800,37,4,,0,72,,64801,37,4,,0,32,,64802,37,4,,0,74,,64775,37,4,,0,27,,64776,37,4,,0,70,,64777,37,4,,0,26,,64778,37,4,,0,68,,64779,37,4,,0,27,,64780,37,4,,0,69,,64781,37,4,,0,28,,64791,37,4,,0,64,,64782,37,4,,0,32,,64783,37,4,,0,74,,64784,37,4,,0,28,,64785,37,4,,0,67,,64786,37,4,,0,25,,64787,37,4,,0,25,,64788,37,4,,0,65,,64789,37,4,,0,27,,64803,37,4,,0,64,,64790,37,4,,0
900601,'0_6',819,,68348,30,4,,0,130,,68349,30,4,,0,170,,68350,30,4,,0,135,,68351,30,4,,0,160,,68352,30,4,,0,135,,68353,30,4,,0,165,,68354,30,4,,0,130,,68355,30,4,,0
900601,'3_1',819,,68396,30,4,,0,130,,68397,30,4,,0,170,,68398,30,4,,0,135,,68399,30,4,,0,160,,68400,30,4,,0,135,,68401,30,4,,0,165,,68402,30,4,,0,130,,68403,30,4,,0
900601,'3_3',819,,68404,30,4,,0,130,,68405,30,4,,0,170,,68406,30,4,,0,135,,68407,30,4,,0,160,,68408,30,4,,0,135,,68409,30,4,,0,165,,68410,30,4,,0,130,,68411,30,4,,0
900601,'3_4',819,,68412,30,4,,0,130,,68413,30,4,,0,170,,68414,30,4,,0,135,,68415,30,4,,0,160,,68416,30,4,,0,135,,68417,30,4,,0,165,,68418,30,4,,0,130,,68419,30,4,,0
900601,'3_5',819,,68420,30,4,,0,130,,68421,30,4,,0,170,,68422,30,4,,0,135,,68423,30,4,,0,160,,68424,30,4,,0,135,,68425,30,4,,0,165,,68426,30,4,,0,130,,68427,30,4,,0
