'2509-HIV-25i01H-d-Dimanche-00',200,101100,4,'',0,29100,4,'',0,23400,4,'',0,29000,4,'',0
'2509-HIV-25i01H-s-Samedi-00',200,74200,4,'',0,11200,4,'',0,14600,4,'',0,10500,4,'',0,11000,4,'',0,10400,4,'',0,10000,4,'',0,10400,4,'',0,10500,4,'',0,10500,4,'',0,9900,4,'',0,17100,4,'',0
'2509-HIV-25i01H-w-Mercredi-00',200,83900,4,'',0,11100,4,'',0,10600,4,'',0,14900,4,'',0,10100,4,'',0,4700,4,'',0,9500,4,'',0,10000,4,'',0,15200,4,'',0,10700,4,'',0,10100,4,'',0,9700,4,'',0
'2509-HIV-25i01Hlv-L-Ma-J-V-00',200,83900,4,'',0,11100,4,'',0,10600,4,'',0,14900,4,'',0,10100,4,'',0,4700,4,'',0,9500,4,'',0,10000,4,'',0,15200,4,'',0,10700,4,'',0,10100,4,'',0,9700,4,'',0
'2509-HIV-25i11Hlv-L-Ma-J-V-00',200,83900,4,'',0,11100,4,'',0,10600,4,'',0,14900,4,'',0,10100,4,'',0,4700,4,'',0,9500,4,'',0,10000,4,'',0,15200,4,'',0,10700,4,'',0,10100,4,'',0,9700,4,'',0
'2509-HIV-25i14H-d-Dimanche-00',200,101100,4,'',0,29100,4,'',0,23400,4,'',0,29000,4,'',0
'2509-HIV-25j05H-d-Dimanche-00',200,101100,4,'',0,29100,4,'',0,23400,4,'',0,29000,4,'',0
'2509-HIV-25j20Vlv-Semaine-00',200,83300,4,'',0,11500,4,'',0,10700,4,'',0,14800,4,'',0,10100,4,'',0,4500,4,'',0,9600,4,'',0,10000,4,'',0,11100,4,'',0,14600,4,'',0,10400,4,'',0,9700,4,'',0
'2509-HIV-25j26H-d-Dimanche-00',200,101100,4,'',0,29100,4,'',0,23400,4,'',0,29000,4,'',0
'2509-HIV-25j27Vlv-Semaine-00',200,83300,4,'',0,11500,4,'',0,10700,4,'',0,14800,4,'',0,10100,4,'',0,4500,4,'',0,9600,4,'',0,10000,4,'',0,11100,4,'',0,14600,4,'',0,10400,4,'',0,9700,4,'',0
