400,'1_3',758,,48713,1,0,23 51,0,50,,48686,34,0,40,0,29,,48710,34,0,40,0,14,,48688,34,0,40,0,53,,48689,34,0,40,0,30,,48690,34,0,40,0,80,,48691,46,0,40,0,31,,48692,34,0,40,0,70,,48693,34,0,40,0,35,,48694,34,0,40,0,77,,48695,34,0,40,0,22,,48714,34,,,0,96,,48696,34,0,40,0,67,,48697,34,0,40,0,28,,48700,46,0,40,0,75,,48698,34,0,40,0,31,,48701,46,0,40,0,77,,48699,34,0,40,0,97,,48702,18,0,40,0,18,,48703,34,0,40,0,70,,48704,46,0,40,0,23,,48705,34,0,40,0,18,,48715,34,,,0,74,,48706,34,0,40,0,25,,48707,46,0,40,0
400,'2_6',734,,31221,34,0,40,0,105,,31222,34,0,40,0,73,,31215,46,0,40,0,27,,31223,34,0,40,0,72,,31224,34,0,40,0,30,,31225,34,0,40,0,71,,31216,46,0,40,0,31,,31226,34,0,40,0,69,,31228,34,0,40,0,30,,31227,34,0,40,0,69,,31217,46,0,40,0,31,,31229,34,0,40,0,70,,31230,34,0,40,0,29,,31231,34,0,40,0,73,,31218,46,0,40,0,32,,31232,34,0,40,0,70,,31233,34,0,40,0,30,,31234,34,0,40,0,73,,31219,46,0,40,0,33,,31235,34,0,40,0,70,,31236,34,0,40,0,31,,31237,34,0,40,0,69,,31220,46,0,40,0,31,,31238,34,0,40,0
400,'3_7',933,,31239,34,0,40,0,100,,31240,34,0,40,0,100,,31241,34,0,40,0,100,,31242,34,0,40,0,100,,31243,34,0,40,0,100,,31244,34,0,40,0,100,,31245,34,0,40,0,100,,31246,34,0,40,0,100,,31247,34,0,40,0,100,,31248,34,0,40,0
400,'4_7',933,,46882,34,0,40,0,100,,46883,34,0,40,0,100,,46884,34,0,40,0,100,,46885,34,0,40,0,100,,46886,34,0,40,0,100,,46887,34,0,40,0,100,,46888,34,0,40,0,100,,46889,34,0,40,0,100,,46890,34,0,40,0,100,,46891,34,0,40,0
400,'7_1',758,,46920,1,0,23 51,0,50,,46892,34,0,40,0,29,,46917,34,0,40,0,14,,46894,34,0,40,0,53,,46895,34,0,40,0,30,,46896,34,0,40,0,80,,46897,46,0,40,0,31,,46898,34,0,40,0,70,,46899,34,0,40,0,35,,46900,34,0,40,0,77,,46901,34,0,40,0,22,,46921,34,,,0,96,,46902,34,0,40,0,67,,46903,34,0,40,0,28,,46906,46,0,40,0,75,,46904,34,0,40,0,31,,46907,46,0,40,0,77,,46905,34,0,40,0,97,,46908,18,0,40,0,18,,46909,34,0,40,0,70,,46910,46,0,40,0,23,,46914,18,0,40,0,18,,46922,34,,,0,74,,46912,34,0,40,0,25,,46913,46,0,40,0
400,'7_2',758,,48747,1,0,23 51,0,50,,48719,34,0,40,0,29,,48744,34,0,40,0,14,,48721,34,0,40,0,53,,48722,34,0,40,0,30,,48723,34,0,40,0,80,,48724,46,0,40,0,31,,48725,34,0,40,0,70,,48726,34,0,40,0,35,,48727,34,0,40,0,77,,48728,34,0,40,0,22,,48748,34,,,0,96,,48729,34,0,40,0,67,,48730,34,0,40,0,28,,48733,46,0,40,0,75,,48731,34,0,40,0,31,,48734,46,0,40,0,77,,48732,34,0,40,0,97,,48735,18,0,40,0,18,,48736,34,0,40,0,70,,48737,46,0,40,0,23,,48741,18,0,40,0,18,,48749,34,,,0,74,,48739,34,0,40,0,25,,48740,46,0,40,0
400,'7_4',758,,48781,1,0,23 51,0,50,,48753,34,0,40,0,29,,48778,34,0,40,0,14,,48755,34,0,40,0,53,,48756,34,0,40,0,30,,48757,34,0,40,0,80,,48758,46,0,40,0,31,,48759,34,0,40,0,70,,48760,34,0,40,0,35,,48761,34,0,40,0,77,,48762,34,0,40,0,22,,48782,34,,,0,96,,48763,34,0,40,0,67,,48764,34,0,40,0,28,,48767,46,0,40,0,75,,48765,34,0,40,0,31,,48768,46,0,40,0,77,,48766,34,0,40,0,97,,48769,18,0,40,0,18,,48770,34,0,40,0,70,,48771,46,0,40,0,23,,48775,18,0,40,0,18,,48783,34,,,0,74,,48773,34,0,40,0,25,,48774,46,0,40,0
400,'8_7',933,,51936,34,0,40,0,100,,51937,34,0,40,0,100,,51938,34,0,40,0,100,,51939,34,0,40,0,100,,51940,34,0,40,0,100,,51941,34,0,40,0,100,,51942,34,0,40,0,100,,51943,34,0,40,0,100,,51944,34,0,40,0,100,,51945,34,0,40,0
400,'9_7',933,,52163,34,0,40,0,100,,52164,34,0,40,0,100,,52165,34,0,40,0,100,,52166,34,0,40,0,100,,52167,34,0,40,0,100,,52168,34,0,40,0,100,,52169,34,0,40,0,100,,52170,34,0,40,0,100,,52171,34,0,40,0,100,,52172,34,0,40,0
2300,'1_3',1221,,49781,15,,,0,3,,49780,15,,,0
2300,'7_1',1615,,47270,15,,,0,104,,47271,15,,,0,97,,47272,15,,,0
2300,'7_2',1615,,49782,15,,,0,104,,49783,15,,,0,97,,49784,15,,,0
2300,'7_4',1615,,49785,15,,,0,104,,49786,15,,,0,97,,49787,15,,,0
