101,'0_6',738,,63047,43,0,5,0,118,,63048,43,0,5,0,146,,63049,43,0,5,0,30,,63060,43,0,6,0,69,,63050,43,0,5,0,31,,63061,43,0,6,0,69,,63051,43,0,5,0,29,,63062,43,0,6,0,70,,63052,43,0,5,0,29,,63063,43,0,6,0,71,,63053,43,0,5,0,29,,63064,43,0,6,0,71,,63054,43,0,5,0,30,,63065,43,0,6,0,71,,63055,43,0,5,0,32,,63066,43,0,6,0,72,,63056,43,0,5,0,31,,63067,43,0,6,0,71,,63057,43,0,5,0,29,,63068,43,0,6,0,73,,63058,43,0,5,0,23,,63069,43,0,6,0,25,,63059,43,0,5,0
101,'1_7',944,,63070,43,0,6,0,105,,63075,43,0,5,0,105,,63071,43,0,6,0,105,,63076,43,0,5,0,145,,63072,43,0,6,0,50,,63077,43,0,5,0,100,,63073,43,0,6,0,105,,63078,43,0,5,0,145,,63074,43,0,6,0,105,,63079,43,0,5,0
101,'3_1',738,,63205,49,0,5,0,73,,63206,43,0,5,0,35,,63207,49,0,6,0,70,,63209,43,0,5,0,36,,63208,49,0,6,0,75,,63210,43,0,5,0,31,,63214,43,0,6,0,72,,63211,43,0,5,0,71,,63212,43,0,6,0,29,,63213,43,0,5,0,70,,63215,43,0,6,0,30,,63216,43,0,5,0,70,,63217,43,0,6,0,28,,63219,49,0,5,0,72,,63218,43,0,6,0,31,,63220,49,0,5,0,71,,63222,43,0,6,0,31,,63226,43,0,5,0,73,,63225,43,0,6,0,34,,63223,43,0,5,0,68,,63224,43,0,6,0,29,,63221,49,0,5,0,64,,63227,43,0,6,0,27,,63228,49,0,5,0,24,,63229,43,0,6,0
101,'3_3',738,,63230,49,0,5,0,73,,63231,43,0,5,0,35,,63232,49,0,6,0,70,,63234,43,0,5,0,36,,63233,49,0,6,0,75,,63235,43,0,5,0,31,,63239,43,0,6,0,72,,63236,43,0,5,0,71,,63237,43,0,6,0,29,,63238,43,0,5,0,70,,63240,43,0,6,0,30,,63241,43,0,5,0,70,,63242,43,0,6,0,28,,63244,49,0,5,0,72,,63243,43,0,6,0,31,,63245,49,0,5,0,71,,63247,43,0,6,0,31,,63251,43,0,5,0,73,,63250,43,0,6,0,34,,63248,43,0,5,0,68,,63249,43,0,6,0,29,,63246,49,0,5,0,64,,63252,43,0,6,0,27,,63253,49,0,5,0,24,,63254,43,0,6,0
101,'3_4',738,,63255,49,0,5,0,73,,63256,43,0,5,0,35,,63257,49,0,6,0,70,,63259,43,0,5,0,36,,63258,49,0,6,0,75,,63260,43,0,5,0,31,,63264,43,0,6,0,72,,63261,43,0,5,0,71,,63262,43,0,6,0,29,,63263,43,0,5,0,70,,63265,43,0,6,0,30,,63266,43,0,5,0,70,,63267,43,0,6,0,28,,63269,49,0,5,0,72,,63268,43,0,6,0,31,,63270,49,0,5,0,71,,63272,43,0,6,0,31,,63276,43,0,5,0,73,,63275,43,0,6,0,34,,63273,43,0,5,0,68,,63274,43,0,6,0,29,,63271,49,0,5,0,64,,63277,43,0,6,0,27,,63278,49,0,5,0,24,,63279,43,0,6,0
101,'3_5',738,,63280,49,0,5,0,73,,63281,43,0,5,0,35,,63282,49,0,6,0,70,,63284,43,0,5,0,36,,63283,49,0,6,0,75,,63285,43,0,5,0,31,,63289,43,0,6,0,72,,63286,43,0,5,0,71,,63287,43,0,6,0,29,,63288,43,0,5,0,70,,63290,43,0,6,0,30,,63291,43,0,5,0,70,,63292,43,0,6,0,28,,63294,49,0,5,0,72,,63293,43,0,6,0,31,,63295,49,0,5,0,71,,63297,43,0,6,0,31,,63301,43,0,5,0,73,,63300,43,0,6,0,34,,63298,43,0,5,0,68,,63299,43,0,6,0,29,,63296,49,0,5,0,64,,63302,43,0,6,0,27,,63303,49,0,5,0,24,,63304,43,0,6,0
101,'4_7',944,,63305,43,0,6,0,105,,63310,43,0,5,0,105,,63306,43,0,6,0,105,,63311,43,0,5,0,145,,63307,43,0,6,0,50,,63312,43,0,5,0,100,,63308,43,0,6,0,105,,63313,43,0,5,0,145,,63309,43,0,6,0,105,,63314,43,0,5,0
2201,'0_6',924,,67648,4,,,0,122,,67649,4,,,0,172,,67650,4,,,0,213,,67651,4,,,0,177,,67652,4,,,0,138,,67653,4,,,0,160,,67654,4,,,0
2201,'1_7',1247,,67655,4,,,0,159,,67656,4,,,0,120,,67657,4,,,0,120,,67658,4,,,0,160,,67659,4,,,0
2201,'3_1',924,,67695,4,,,0,122,,67696,4,,,0,172,,67697,4,,,0,213,,67698,4,,,0,177,,67699,4,,,0,138,,67700,4,,,0,160,,67701,4,,,0
2201,'3_3',924,,67702,4,,,0,122,,67703,4,,,0,172,,67704,4,,,0,213,,67705,4,,,0,177,,67706,4,,,0,138,,67707,4,,,0,160,,67708,4,,,0
2201,'3_4',924,,67709,4,,,0,122,,67710,4,,,0,172,,67711,4,,,0,213,,67712,4,,,0,177,,67713,4,,,0,138,,67714,4,,,0,160,,67715,4,,,0
2201,'3_5',924,,67716,4,,,0,122,,67717,4,,,0,172,,67718,4,,,0,213,,67719,4,,,0,177,,67720,4,,,0,138,,67721,4,,,0,160,,67722,4,,,0
2201,'4_7',1247,,67723,4,,,0,159,,67724,4,,,0,120,,67725,4,,,0,120,,67726,4,,,0,160,,67727,4,,,0
