701,'1_3',717,,49103,15,,,0,110,,49104,15,,,0,110,,49105,15,,,0,110,,49106,15,,,0,110,,49107,15,,,0,150,,49108,15,,,0,110,,49109,15,,,0,110,,49110,15,,,0,110,,49111,15,,,0,110,,49112,15,,,0,110,,49113,15,,,0
701,'2_6',717,,31953,15,,,0,110,,31954,15,,,0,110,,31955,15,,,0,110,,31956,15,,,0,110,,31957,15,,,0,150,,31958,15,,,0,110,,31959,15,,,0,110,,31960,15,,,0,110,,31961,15,,,0,110,,31951,15,,,0,110,,31952,15,,,0
701,'7_1',717,,47042,15,,,0,110,,47043,15,,,0,110,,47044,15,,,0,110,,47045,15,,,0,110,,47046,15,,,0,150,,47047,15,,,0,110,,47048,15,,,0,110,,47049,15,,,0,110,,47050,15,,,0,110,,47051,15,,,0,110,,47052,15,,,0
701,'7_2',717,,49114,15,,,0,110,,49115,15,,,0,110,,49116,15,,,0,110,,49117,15,,,0,110,,49118,15,,,0,150,,49119,15,,,0,110,,49120,15,,,0,110,,49121,15,,,0,110,,49122,15,,,0,110,,49123,15,,,0,110,,49124,15,,,0
701,'7_4',717,,49125,15,,,0,110,,49126,15,,,0,110,,49127,15,,,0,110,,49128,15,,,0,110,,49129,15,,,0,150,,49130,15,,,0,110,,49131,15,,,0,110,,49132,15,,,0,110,,49133,15,,,0,110,,49134,15,,,0,110,,49135,15,,,0
901500,'1_3',835,,50238,4,,,0,20,,50239,4,,,0,60,,50240,4,,,0,20,,50241,4,,,0,20,,50242,4,,,0,60,,50243,4,,,0,20,,50244,4,,,0,20,,50245,4,,,0,60,,50246,4,,,0,20,,50247,4,,,0,20,,50248,4,,,0,60,,50249,4,,,0,20,,50250,4,,,0,20,,50251,4,,,0,60,,50252,4,,,0,20,,50253,4,,,0,20,,50254,4,,,0,60,,50255,4,,,0,20,,50256,4,,,0,80,,50257,4,,,0,20,,50258,4,,,0,20,,50259,4,,,0,60,,50260,4,,,0,20,,50261,4,,,0,20,,50262,4,,,0,60,,50263,4,,,0,20,,50264,4,,,0,20,,50265,4,,,0,60,,50266,4,,,0,20,,50267,4,,,0,20,,50268,4,,,0,60,,50269,4,,,0
901500,'2_6',835,,34159,4,,,0,20,,34160,4,,,0,60,,34161,4,,,0,20,,34162,4,,,0,20,,34163,4,,,0,60,,34164,4,,,0,20,,34165,4,,,0,20,,34166,4,,,0,60,,34167,4,,,0,20,,34168,4,,,0,20,,34169,4,,,0,60,,34170,4,,,0,20,,34171,4,,,0,20,,34172,4,,,0,60,,34173,4,,,0,20,,34174,4,,,0,20,,34175,4,,,0,60,,34176,4,,,0,20,,34177,4,,,0,80,,34178,4,,,0,20,,34179,4,,,0,20,,34180,4,,,0,60,,34181,4,,,0,20,,34182,4,,,0,20,,34183,4,,,0,60,,34184,4,,,0,20,,34185,4,,,0,20,,34186,4,,,0,60,,34187,4,,,0,20,,34188,4,,,0,20,,34189,4,,,0,60,,34190,4,,,0
901500,'7_1',835,,47425,4,,,0,20,,47426,4,,,0,60,,47427,4,,,0,20,,47428,4,,,0,20,,47429,4,,,0,60,,47430,4,,,0,20,,47431,4,,,0,20,,47432,4,,,0,60,,47433,4,,,0,20,,47434,4,,,0,20,,47435,4,,,0,60,,47436,4,,,0,20,,47437,4,,,0,20,,47438,4,,,0,60,,47439,4,,,0,20,,47440,4,,,0,20,,47441,4,,,0,60,,47442,4,,,0,20,,47443,4,,,0,80,,47444,4,,,0,20,,47445,4,,,0,20,,47446,4,,,0,60,,47447,4,,,0,20,,47448,4,,,0,20,,47449,4,,,0,60,,47450,4,,,0,20,,47451,4,,,0,20,,47452,4,,,0,60,,47453,4,,,0,20,,47454,4,,,0,20,,47455,4,,,0,60,,47456,4,,,0
901500,'7_2',835,,50270,4,,,0,20,,50271,4,,,0,60,,50272,4,,,0,20,,50273,4,,,0,20,,50274,4,,,0,60,,50275,4,,,0,20,,50276,4,,,0,20,,50277,4,,,0,60,,50278,4,,,0,20,,50279,4,,,0,20,,50280,4,,,0,60,,50281,4,,,0,20,,50282,4,,,0,20,,50283,4,,,0,60,,50284,4,,,0,20,,50285,4,,,0,20,,50286,4,,,0,60,,50287,4,,,0,20,,50288,4,,,0,80,,50289,4,,,0,20,,50290,4,,,0,20,,50291,4,,,0,60,,50292,4,,,0,20,,50293,4,,,0,20,,50294,4,,,0,60,,50295,4,,,0,20,,50296,4,,,0,20,,50297,4,,,0,60,,50298,4,,,0,20,,50299,4,,,0,20,,50300,4,,,0,60,,50301,4,,,0
901500,'7_4',835,,50302,4,,,0,20,,50303,4,,,0,60,,50304,4,,,0,20,,50305,4,,,0,20,,50306,4,,,0,60,,50307,4,,,0,20,,50308,4,,,0,20,,50309,4,,,0,60,,50310,4,,,0,20,,50311,4,,,0,20,,50312,4,,,0,60,,50313,4,,,0,20,,50314,4,,,0,20,,50315,4,,,0,60,,50316,4,,,0,20,,50317,4,,,0,20,,50318,4,,,0,60,,50319,4,,,0,20,,50320,4,,,0,80,,50321,4,,,0,20,,50322,4,,,0,20,,50323,4,,,0,60,,50324,4,,,0,20,,50325,4,,,0,20,,50326,4,,,0,60,,50327,4,,,0,20,,50328,4,,,0,20,,50329,4,,,0,60,,50330,4,,,0,20,,50331,4,,,0,20,,50332,4,,,0,60,,50333,4,,,0
