400,'0_6',822,,64806,5,0,40,0,202,,64821,5,0,40,0,202,,64824,5,0,40,0,195,,64814,5,0,40,0,201,,64818,5,0,40,0,200,,64820,5,0,40,0,84,,64816,5,0,40,0
400,'1_7',806,,64828,5,0,40,0,125,,64829,5,0,40,0,125,,64830,5,0,40,0,200,,64831,5,0,40,0,165,,64832,5,0,40,0,125,,64833,5,0,40,0,166,,64834,5,0,40,0,125,,64835,5,0,40,0
400,'3_1',822,,64963,5,0,40,0,203,,64983,5,0,40,0,201,,64977,5,0,40,0,195,,64971,5,0,40,0,205,,64978,5,0,40,0,93,,64974,5,,,0,108,,64984,5,0,40,0,86,,64975,5,0,40,0
400,'3_3',822,,64988,5,0,40,0,203,,65008,5,0,40,0,201,,65002,5,0,40,0,195,,64996,5,0,40,0,205,,65003,5,0,40,0,93,,64999,5,,,0,108,,65009,5,0,40,0,86,,65000,5,0,40,0
400,'3_4',822,,65013,5,0,40,0,203,,65033,5,0,40,0,201,,65027,5,0,40,0,195,,65021,5,0,40,0,205,,65028,5,0,40,0,93,,65024,5,,,0,108,,65034,5,0,40,0,86,,65025,5,0,40,0
400,'3_5',822,,65038,5,0,40,0,203,,65058,5,0,40,0,201,,65052,5,0,40,0,195,,65046,5,0,40,0,205,,65053,5,0,40,0,93,,65049,5,,,0,108,,65059,5,0,40,0,86,,65050,5,0,40,0
400,'4_7',806,,65061,5,0,40,0,125,,65062,5,0,40,0,125,,65063,5,0,40,0,200,,65064,5,0,40,0,165,,65065,5,0,40,0,125,,65066,5,0,40,0,166,,65067,5,0,40,0,125,,65068,5,0,40,0
2901200,'3_1',647,,71186,5,,,0,104,,71187,5,,,0
2901200,'3_3',647,,71188,5,,,0,104,,71189,5,,,0
2901200,'3_4',647,,71190,5,,,0,104,,71191,5,,,0
2901200,'3_5',647,,71192,5,,,0,104,,71193,5,,,0
