2601,'0_6',734,,68098,16,,,0,86,,68101,16,,,0,85,,68102,16,,,0,47,,68103,16,,,0,90,,68104,16,,,0,84,,68105,16,,,0,83,,68106,16,,,0,45,,68107,16,,,0,82,,68108,16,,,0,85,,68109,16,,,0,86,,68110,16,,,0,50,,68111,16,,,0,86,,68112,16,,,0,81,,68113,16,,,0,86,,68114,16,,,0,43,,68100,16,,,0,81,,68099,16,,,0
2601,'3_1',734,,68200,16,,,0,86,,68201,16,,,0,85,,68202,16,,,0,47,,68203,16,,,0,90,,68204,16,,,0,84,,68205,16,,,0,83,,68206,16,,,0,45,,68207,16,,,0,82,,68208,16,,,0,85,,68209,16,,,0,86,,68210,16,,,0,50,,68211,16,,,0,86,,68212,16,,,0,81,,68213,16,,,0,86,,68214,16,,,0,43,,68215,16,,,0,81,,68216,16,,,0
2601,'3_3',734,,68217,16,,,0,86,,68218,16,,,0,85,,68219,16,,,0,47,,68220,16,,,0,90,,68221,16,,,0,84,,68222,16,,,0,83,,68223,16,,,0,45,,68224,16,,,0,82,,68225,16,,,0,85,,68226,16,,,0,86,,68227,16,,,0,50,,68228,16,,,0,86,,68229,16,,,0,81,,68230,16,,,0,86,,68231,16,,,0,43,,68232,16,,,0,81,,68233,16,,,0
2601,'3_4',734,,68234,16,,,0,86,,68235,16,,,0,85,,68236,16,,,0,47,,68237,16,,,0,90,,68238,16,,,0,84,,68239,16,,,0,83,,68240,16,,,0,45,,68241,16,,,0,82,,68242,16,,,0,85,,68243,16,,,0,86,,68244,16,,,0,50,,68245,16,,,0,86,,68246,16,,,0,81,,68247,16,,,0,86,,68248,16,,,0,43,,68249,16,,,0,81,,68250,16,,,0
2601,'3_5',734,,68251,16,,,0,86,,68252,16,,,0,85,,68253,16,,,0,47,,68254,16,,,0,90,,68255,16,,,0,84,,68256,16,,,0,83,,68257,16,,,0,45,,68258,16,,,0,82,,68259,16,,,0,85,,68260,16,,,0,86,,68261,16,,,0,50,,68262,16,,,0,86,,68263,16,,,0,81,,68264,16,,,0,86,,68265,16,,,0,43,,68266,16,,,0,81,,68267,16,,,0
4000000,'0_6',628,,72135,2,0,46,0,18,,72091,2,0,45,0,62,,72113,2,0,46,0,20,,72092,2,0,45,0,20,,72114,2,0,46,0,60,,72093,2,0,45,0,20,,72115,2,0,46,0,20,,72094,2,0,45,0,60,,72116,2,0,46,0,21,,72095,2,0,45,0,20,,72117,2,0,46,0,61,,72096,2,0,45,0,21,,72118,2,0,46,0,21,,72097,2,0,45,0,61,,72119,2,0,46,0,21,,72098,2,0,45,0,22,,72120,2,0,46,0,60,,72099,2,0,45,0,21,,72121,2,0,45,0,21,,72100,2,0,46,0,61,,72122,2,0,45,0,18,,72101,2,0,46,0,18,,72123,2,0,45,0,58,,72102,2,0,46,0,18,,72124,2,0,45,0,19,,72103,2,0,46,0,60,,72125,2,0,45,0,20,,72104,2,0,46,0,20,,72126,2,0,45,0,60,,72105,2,0,46,0,20,,72127,2,0,45,0,20,,72106,2,0,46,0,60,,72128,2,0,45,0,20,,72107,2,0,46,0,20,,72129,2,0,45,0,60,,72108,2,0,46,0,20,,72130,2,0,45,0,20,,72109,2,0,46,0,60,,72131,2,0,45,0,19,,72110,2,0,46,0,20,,72132,2,0,45,0,60,,72111,2,0,46,0,19,,72133,2,0,58 59 60,0,20,,72112,2,0,58 59 60,0,70,,72134,2,0,58 59 60,0
4000000,'1_7',816,,72136,2,0,46,0,110,,72141,2,0,45,0,110,,72137,2,0,46,0,110,,72142,2,0,45,0,110,,72138,2,0,46,0,150,,72143,2,0,45,0,110,,72139,2,0,46,0,110,,72144,2,0,45,0,110,,72140,2,0,46,0,110,,72145,2,0,45,0,109,,72146,2,0,58 59 60,0
4000000,'3_1',628,,72416,2,0,46,0,18,,72372,2,0,45,0,62,,72394,2,0,46,0,20,,72373,2,0,45,0,20,,72395,2,0,46,0,60,,72374,2,0,45,0,20,,72396,2,0,46,0,20,,72375,2,0,45,0,60,,72397,2,0,46,0,21,,72376,2,0,45,0,20,,72398,2,0,46,0,61,,72377,2,0,45,0,21,,72399,2,0,46,0,21,,72378,2,0,45,0,61,,72400,2,0,46,0,21,,72379,2,0,45,0,22,,72401,2,0,46,0,60,,72380,2,0,45,0,21,,72402,2,0,45,0,21,,72381,2,0,46,0,61,,72403,2,0,45,0,18,,72382,2,0,46,0,18,,72404,2,0,45,0,58,,72383,2,0,46,0,18,,72405,2,0,45,0,19,,72384,2,0,46,0,60,,72406,2,0,45,0,20,,72385,2,0,46,0,20,,72407,2,0,45,0,60,,72386,2,0,46,0,20,,72408,2,0,45,0,20,,72387,2,0,46,0,60,,72409,2,0,45,0,20,,72388,2,0,46,0,20,,72410,2,0,45,0,60,,72389,2,0,46,0,20,,72411,2,0,45,0,20,,72390,2,0,46,0,60,,72412,2,0,45,0,19,,72391,2,0,46,0,20,,72413,2,0,45,0,60,,72392,2,0,46,0,19,,72414,2,0,58 59 60,0,20,,72393,2,0,58 59 60,0,70,,72415,2,0,58 59 60,0
4000000,'3_3',628,,72461,2,0,46,0,18,,72417,2,0,45,0,62,,72439,2,0,46,0,20,,72418,2,0,45,0,20,,72440,2,0,46,0,60,,72419,2,0,45,0,20,,72441,2,0,46,0,20,,72420,2,0,45,0,60,,72442,2,0,46,0,21,,72421,2,0,45,0,20,,72443,2,0,46,0,61,,72422,2,0,45,0,21,,72444,2,0,46,0,21,,72423,2,0,45,0,61,,72445,2,0,46,0,21,,72424,2,0,45,0,22,,72446,2,0,46,0,60,,72425,2,0,45,0,21,,72447,2,0,45,0,21,,72426,2,0,46,0,61,,72448,2,0,45,0,18,,72427,2,0,46,0,18,,72449,2,0,45,0,58,,72428,2,0,46,0,18,,72450,2,0,45,0,19,,72429,2,0,46,0,60,,72451,2,0,45,0,20,,72430,2,0,46,0,20,,72452,2,0,45,0,60,,72431,2,0,46,0,20,,72453,2,0,45,0,20,,72432,2,0,46,0,60,,72454,2,0,45,0,20,,72433,2,0,46,0,20,,72455,2,0,45,0,60,,72434,2,0,46,0,20,,72456,2,0,45,0,20,,72435,2,0,46,0,60,,72457,2,0,45,0,19,,72436,2,0,46,0,20,,72458,2,0,45,0,60,,72437,2,0,46,0,19,,72459,2,0,58 59 60,0,20,,72438,2,0,58 59 60,0,70,,72460,2,0,58 59 60,0
4000000,'3_4',628,,72506,2,0,46,0,18,,72462,2,0,45,0,62,,72484,2,0,46,0,20,,72463,2,0,45,0,20,,72485,2,0,46,0,60,,72464,2,0,45,0,20,,72486,2,0,46,0,20,,72465,2,0,45,0,60,,72487,2,0,46,0,21,,72466,2,0,45,0,20,,72488,2,0,46,0,61,,72467,2,0,45,0,21,,72489,2,0,46,0,21,,72468,2,0,45,0,61,,72490,2,0,46,0,21,,72469,2,0,45,0,22,,72491,2,0,46,0,60,,72470,2,0,45,0,21,,72492,2,0,45,0,21,,72471,2,0,46,0,61,,72493,2,0,45,0,18,,72472,2,0,46,0,18,,72494,2,0,45,0,58,,72473,2,0,46,0,18,,72495,2,0,45,0,19,,72474,2,0,46,0,60,,72496,2,0,45,0,20,,72475,2,0,46,0,20,,72497,2,0,45,0,60,,72476,2,0,46,0,20,,72498,2,0,45,0,20,,72477,2,0,46,0,60,,72499,2,0,45,0,20,,72478,2,0,46,0,20,,72500,2,0,45,0,60,,72479,2,0,46,0,20,,72501,2,0,45,0,20,,72480,2,0,46,0,60,,72502,2,0,45,0,19,,72481,2,0,46,0,20,,72503,2,0,45,0,60,,72482,2,0,46,0,19,,72504,2,0,58 59 60,0,20,,72483,2,0,58 59 60,0,70,,72505,2,0,58 59 60,0
4000000,'3_5',628,,72551,2,0,46,0,18,,72507,2,0,45,0,62,,72529,2,0,46,0,20,,72508,2,0,45,0,20,,72530,2,0,46,0,60,,72509,2,0,45,0,20,,72531,2,0,46,0,20,,72510,2,0,45,0,60,,72532,2,0,46,0,21,,72511,2,0,45,0,20,,72533,2,0,46,0,61,,72512,2,0,45,0,21,,72534,2,0,46,0,21,,72513,2,0,45,0,61,,72535,2,0,46,0,21,,72514,2,0,45,0,22,,72536,2,0,46,0,60,,72515,2,0,45,0,21,,72537,2,0,45,0,21,,72516,2,0,46,0,61,,72538,2,0,45,0,18,,72517,2,0,46,0,18,,72539,2,0,45,0,58,,72518,2,0,46,0,18,,72540,2,0,45,0,19,,72519,2,0,46,0,60,,72541,2,0,45,0,20,,72520,2,0,46,0,20,,72542,2,0,45,0,60,,72521,2,0,46,0,20,,72543,2,0,45,0,20,,72522,2,0,46,0,60,,72544,2,0,45,0,20,,72523,2,0,46,0,20,,72545,2,0,45,0,60,,72524,2,0,46,0,20,,72546,2,0,45,0,20,,72525,2,0,46,0,60,,72547,2,0,45,0,19,,72526,2,0,46,0,20,,72548,2,0,45,0,60,,72527,2,0,46,0,19,,72549,2,0,58 59 60,0,20,,72528,2,0,58 59 60,0,70,,72550,2,0,58 59 60,0
4000000,'4_7',816,,72552,2,0,46,0,110,,72557,2,0,45,0,110,,72553,2,0,46,0,110,,72558,2,0,45,0,110,,72554,2,0,46,0,150,,72559,2,0,45,0,110,,72555,2,0,46,0,110,,72560,2,0,45,0,110,,72556,2,0,46,0,110,,72561,2,0,45,0,109,,72562,2,0,58 59 60,0
