101,'0_6',720,,63047,27,0,5,0,115,,63048,27,0,5,0,105,,63049,27,0,5,0,70,,63060,27,0,6,0,29,,63050,27,0,5,0,71,,63061,27,0,6,0,30,,63051,27,0,5,0,70,,63062,27,0,6,0,30,,63052,27,0,5,0,69,,63063,27,0,6,0,31,,63053,27,0,5,0,69,,63064,27,0,6,0,30,,63054,27,0,5,0,70,,63065,27,0,6,0,30,,63055,27,0,5,0,72,,63066,27,0,6,0,31,,63056,27,0,5,0,69,,63067,27,0,6,0,33,,63057,27,0,5,0,70,,63068,27,0,6,0,35,,63058,27,0,5,0,65,,63069,27,0,6,0,26,,63059,27,0,5,0
101,'1_7',925,,63070,27,0,6,0,105,,63075,27,0,5,0,105,,63071,27,0,6,0,105,,63076,27,0,5,0,105,,63072,27,0,6,0,90,,63077,27,0,5,0,100,,63073,27,0,6,0,105,,63078,27,0,5,0,105,,63074,27,0,6,0,105,,63079,27,0,5,0
101,'3_1',720,,63205,33,0,5,0,30,,63206,27,0,5,0,75,,63207,33,0,6,0,30,,63209,27,0,5,0,75,,63208,33,0,6,0,75,,63210,27,0,5,0,31,,63214,27,0,6,0,72,,63211,27,0,5,0,32,,63212,27,0,6,0,70,,63213,27,0,5,0,30,,63215,27,0,6,0,70,,63216,27,0,5,0,30,,63217,27,0,6,0,68,,63219,33,0,5,0,31,,63218,27,0,6,0,71,,63220,33,0,5,0,30,,63222,27,0,6,0,71,,63226,27,0,5,0,32,,63225,27,0,6,0,72,,63223,27,0,5,0,30,,63224,27,0,6,0,70,,63221,33,0,5,0,25,,63227,27,0,6,0,70,,63228,33,0,5,0,25,,63229,27,0,6,0
101,'3_3',720,,63230,33,0,5,0,30,,63231,27,0,5,0,75,,63232,33,0,6,0,30,,63234,27,0,5,0,75,,63233,33,0,6,0,75,,63235,27,0,5,0,31,,63239,27,0,6,0,72,,63236,27,0,5,0,32,,63237,27,0,6,0,70,,63238,27,0,5,0,30,,63240,27,0,6,0,70,,63241,27,0,5,0,30,,63242,27,0,6,0,68,,63244,33,0,5,0,31,,63243,27,0,6,0,71,,63245,33,0,5,0,30,,63247,27,0,6,0,71,,63251,27,0,5,0,32,,63250,27,0,6,0,72,,63248,27,0,5,0,30,,63249,27,0,6,0,70,,63246,33,0,5,0,25,,63252,27,0,6,0,70,,63253,33,0,5,0,25,,63254,27,0,6,0
101,'3_4',720,,63255,33,0,5,0,30,,63256,27,0,5,0,75,,63257,33,0,6,0,30,,63259,27,0,5,0,75,,63258,33,0,6,0,75,,63260,27,0,5,0,31,,63264,27,0,6,0,72,,63261,27,0,5,0,32,,63262,27,0,6,0,70,,63263,27,0,5,0,30,,63265,27,0,6,0,70,,63266,27,0,5,0,30,,63267,27,0,6,0,68,,63269,33,0,5,0,31,,63268,27,0,6,0,71,,63270,33,0,5,0,30,,63272,27,0,6,0,71,,63276,27,0,5,0,32,,63275,27,0,6,0,72,,63273,27,0,5,0,30,,63274,27,0,6,0,70,,63271,33,0,5,0,25,,63277,27,0,6,0,70,,63278,33,0,5,0,25,,63279,27,0,6,0
101,'3_5',720,,63280,33,0,5,0,30,,63281,27,0,5,0,75,,63282,33,0,6,0,30,,63284,27,0,5,0,75,,63283,33,0,6,0,75,,63285,27,0,5,0,31,,63289,27,0,6,0,72,,63286,27,0,5,0,32,,63287,27,0,6,0,70,,63288,27,0,5,0,30,,63290,27,0,6,0,70,,63291,27,0,5,0,30,,63292,27,0,6,0,68,,63294,33,0,5,0,31,,63293,27,0,6,0,71,,63295,33,0,5,0,30,,63297,27,0,6,0,71,,63301,27,0,5,0,32,,63300,27,0,6,0,72,,63298,27,0,5,0,30,,63299,27,0,6,0,70,,63296,33,0,5,0,25,,63302,27,0,6,0,70,,63303,33,0,5,0,25,,63304,27,0,6,0
101,'4_7',925,,63305,27,0,6,0,105,,63310,27,0,5,0,105,,63306,27,0,6,0,105,,63311,27,0,5,0,105,,63307,27,0,6,0,90,,63312,27,0,5,0,100,,63308,27,0,6,0,105,,63313,27,0,5,0,105,,63309,27,0,6,0,105,,63314,27,0,5,0
201,'0_6',720,,63681,22,0,20,0,5,,63705,22,0,62,0,25,,63693,10,0,21,0,70,,63682,22,0,21,0,25,,63694,10,0,62,0,65,,63706,22,0,20,0,25,,63683,22,0,20,0,20,,63695,10,0,21,0,55,,63707,22,0,62,0,31,,63684,22,0,20,0,59,,63696,10,0,21,0,20,,63708,22,0,64,0,25,,63685,22,0,20,0,62,,63697,10,0,62,0,23,,63709,22,0,20,0,25,,63686,22,0,21,0,58,,63698,10,0,62,0,20,,63710,22,0,20,0,25,,63687,22,0,21,0,57,,63699,10,0,62,0,25,,63711,22,0,20,0,65,,63688,22,0,62,0,18,,63700,10,0,21,0,22,,63712,22,0,20,0,62,,63689,22,0,62,0,16,,63701,10,0,21,0,24,,63713,22,0,20,0,65,,63690,22,0,21,0,18,,63702,10,0,62,0,20,,63714,22,0,20,0,65,,63691,22,0,21,0,20,,63703,10,0,20,0,20,,63715,22,0,62,0,60,,63692,22,0,21,0,15,,63704,10,0,62,0,15,,63716,22,0,21,0
201,'1_7',845,,63717,10,0,21,0,165,,63718,10,0,21,0,125,,63719,10,0,21,0,165,,63720,10,0,21,0,110,,63721,10,0,21,0,125,,63722,10,0,21,0,165,,63723,10,0,21,0,125,,63724,10,0,21,0
201,'3_1',720,,63905,22,0,20,0,5,,63929,22,0,62,0,25,,63917,10,0,21,0,70,,63906,22,0,21,0,25,,63918,10,0,62,0,65,,63930,22,0,20,0,25,,63907,22,0,20,0,20,,63919,10,0,21,0,55,,63931,22,0,62,0,31,,63908,22,0,20,0,59,,63920,10,0,21,0,20,,63932,22,0,64,0,25,,63909,22,0,20,0,62,,63921,10,0,62,0,23,,63933,22,0,20,0,25,,63910,22,0,21,0,58,,63922,10,0,62,0,20,,63934,22,0,20,0,25,,63911,22,0,21,0,57,,63923,10,0,62,0,25,,63935,22,0,20,0,65,,63912,22,0,62,0,18,,63924,10,0,21,0,22,,63936,22,0,20,0,62,,63913,22,0,62,0,16,,63925,10,0,21,0,24,,63937,22,0,20,0,65,,63914,22,0,21,0,18,,63926,10,0,62,0,20,,63938,22,0,20,0,65,,63915,22,0,21,0,20,,63927,10,0,20,0,20,,63939,22,0,62,0,60,,63916,22,0,21,0,15,,63928,10,0,62,0,15,,63940,22,0,21,0
201,'3_3',720,,63941,22,0,20,0,5,,63965,22,0,62,0,25,,63953,10,0,21,0,70,,63942,22,0,21,0,25,,63954,10,0,62,0,65,,63966,22,0,20,0,25,,63943,22,0,20,0,20,,63955,10,0,21,0,55,,63967,22,0,62,0,31,,63944,22,0,20,0,59,,63956,10,0,21,0,20,,63968,22,0,64,0,25,,63945,22,0,20,0,62,,63957,10,0,62,0,23,,63969,22,0,20,0,25,,63946,22,0,21,0,58,,63958,10,0,62,0,20,,63970,22,0,20,0,25,,63947,22,0,21,0,57,,63959,10,0,62,0,25,,63971,22,0,20,0,65,,63948,22,0,62,0,18,,63960,10,0,21,0,22,,63972,22,0,20,0,62,,63949,22,0,62,0,16,,63961,10,0,21,0,24,,63973,22,0,20,0,65,,63950,22,0,21,0,18,,63962,10,0,62,0,20,,63974,22,0,20,0,65,,63951,22,0,21,0,20,,63963,10,0,20,0,20,,63975,22,0,62,0,60,,63952,22,0,21,0,15,,63964,10,0,62,0,15,,63976,22,0,21,0
201,'3_4',720,,63977,22,0,20,0,5,,64001,22,0,62,0,25,,63989,10,0,21,0,70,,63978,22,0,21,0,25,,63990,10,0,62,0,65,,64002,22,0,20,0,25,,63979,22,0,20,0,20,,63991,10,0,21,0,55,,64003,22,0,62,0,31,,63980,22,0,20,0,59,,63992,10,0,21,0,20,,64004,22,0,64,0,25,,63981,22,0,20,0,62,,63993,10,0,62,0,23,,64005,22,0,20,0,25,,63982,22,0,21,0,58,,63994,10,0,62,0,20,,64006,22,0,20,0,25,,63983,22,0,21,0,57,,63995,10,0,62,0,25,,64007,22,0,20,0,65,,63984,22,0,62,0,18,,63996,10,0,21,0,22,,64008,22,0,20,0,62,,63985,22,0,62,0,16,,63997,10,0,21,0,24,,64009,22,0,20,0,65,,63986,22,0,21,0,18,,63998,10,0,62,0,20,,64010,22,0,20,0,65,,63987,22,0,21,0,20,,63999,10,0,20,0,20,,64011,22,0,62,0,60,,63988,22,0,21,0,15,,64000,10,0,62,0,15,,64012,22,0,21,0
201,'3_5',720,,64013,22,0,20,0,5,,64037,22,0,62,0,25,,64025,10,0,21,0,70,,64014,22,0,21,0,25,,64026,10,0,62,0,65,,64038,22,0,20,0,25,,64015,22,0,20,0,20,,64027,10,0,21,0,55,,64039,22,0,62,0,31,,64016,22,0,20,0,59,,64028,10,0,21,0,20,,64040,22,0,64,0,25,,64017,22,0,20,0,62,,64029,10,0,62,0,23,,64041,22,0,20,0,25,,64018,22,0,21,0,58,,64030,10,0,62,0,20,,64042,22,0,20,0,25,,64019,22,0,21,0,57,,64031,10,0,62,0,25,,64043,22,0,20,0,65,,64020,22,0,62,0,18,,64032,10,0,21,0,22,,64044,22,0,20,0,62,,64021,22,0,62,0,16,,64033,10,0,21,0,24,,64045,22,0,20,0,65,,64022,22,0,21,0,18,,64034,10,0,62,0,20,,64046,22,0,20,0,65,,64023,22,0,21,0,20,,64035,10,0,20,0,20,,64047,22,0,62,0,60,,64024,22,0,21,0,15,,64036,10,0,62,0,15,,64048,22,0,21,0
201,'4_7',845,,64049,10,0,21,0,165,,64050,10,0,21,0,125,,64051,10,0,21,0,165,,64052,10,0,21,0,110,,64053,10,0,21,0,125,,64054,10,0,21,0,165,,64055,10,0,21,0,125,,64056,10,0,21,0
301,'0_6',643,,64459,2,,,0,72,,64460,2,,,0,32,,64461,2,,,0,72,,64462,2,,,0,32,,64463,2,,,0,72,,64464,2,,,0,32,,64465,2,,,0,72,,64466,2,,,0,32,,64467,2,,,0,72,,64468,2,,,0,73,,64469,2,,,0,31,,64434,2,,,0,67,,64435,2,,,0,27,,64436,2,,,0,26,,64437,2,,,0,68,,64438,2,,,0,27,,64439,2,,,0,69,,64440,2,,,0,28,,64458,2,,,0,69,,64441,2,,,0,32,,64442,2,,,0,72,,64443,2,,,0,28,,64444,2,,,0,68,,64445,2,,,0,27,,64446,2,,,0,68,,64447,2,,,0,27,,64448,2,,,0,67,,64470,2,,,0,26,,64449,2,,,0,19,,64450,2,0,67 68,0,70,,64451,2,0,67 68,0,30,,64452,2,0,67 68,0,70,,64453,2,0,67 68,0,30,,64454,2,0,67 68,0,70,,64455,2,0,67 68,0,30,,64456,2,0,67 68,0,70,,64457,2,0,67 68,0
301,'1_7',747,,64492,2,,,0,72,,64487,2,,,0,32,,64493,2,,,0,72,,64488,2,,,0,32,,64494,2,,,0,72,,64489,2,,,0,32,,64495,2,,,0,72,,64490,2,,,0,73,,64496,2,,,0,31,,64471,2,,,0,67,,64472,2,,,0,27,,64473,2,,,0,26,,64474,2,,,0,68,,64475,2,,,0,27,,64476,2,,,0,69,,64477,2,,,0,28,,64497,2,,,0,69,,64478,2,,,0,32,,64479,2,,,0,72,,64480,2,,,0,28,,64481,2,,,0,68,,64482,2,,,0,27,,64483,2,,,0,68,,64484,2,,,0,27,,64485,2,,,0,67,,64491,2,,,0,26,,64486,2,,,0
301,'3_1',643,,64668,2,,,0,72,,64669,2,,,0,32,,64670,2,,,0,72,,64671,2,,,0,32,,64672,2,,,0,72,,64673,2,,,0,32,,64674,2,,,0,72,,64675,2,,,0,32,,64676,2,,,0,72,,64677,2,,,0,73,,64678,2,,,0,31,,64651,2,,,0,67,,64652,2,,,0,27,,64653,2,,,0,26,,64654,2,,,0,68,,64655,2,,,0,27,,64656,2,,,0,69,,64657,2,,,0,28,,64667,2,,,0,69,,64658,2,,,0,32,,64659,2,,,0,72,,64660,2,,,0,28,,64661,2,,,0,68,,64662,2,,,0,27,,64663,2,,,0,68,,64664,2,,,0,27,,64665,2,,,0,67,,64679,2,,,0,26,,64666,2,,,0
301,'3_3',643,,64697,2,,,0,72,,64698,2,,,0,32,,64699,2,,,0,72,,64700,2,,,0,32,,64701,2,,,0,72,,64702,2,,,0,32,,64703,2,,,0,72,,64704,2,,,0,32,,64705,2,,,0,72,,64706,2,,,0,73,,64707,2,,,0,31,,64680,2,,,0,67,,64681,2,,,0,27,,64682,2,,,0,26,,64683,2,,,0,68,,64684,2,,,0,27,,64685,2,,,0,69,,64686,2,,,0,28,,64696,2,,,0,69,,64687,2,,,0,32,,64688,2,,,0,72,,64689,2,,,0,28,,64690,2,,,0,68,,64691,2,,,0,27,,64692,2,,,0,68,,64693,2,,,0,27,,64694,2,,,0,67,,64708,2,,,0,26,,64695,2,,,0
301,'3_4',643,,64726,2,,,0,72,,64727,2,,,0,32,,64728,2,,,0,72,,64729,2,,,0,32,,64730,2,,,0,72,,64731,2,,,0,32,,64732,2,,,0,72,,64733,2,,,0,32,,64734,2,,,0,72,,64735,2,,,0,73,,64736,2,,,0,31,,64709,2,,,0,67,,64710,2,,,0,27,,64711,2,,,0,26,,64712,2,,,0,68,,64713,2,,,0,27,,64714,2,,,0,69,,64715,2,,,0,28,,64725,2,,,0,69,,64716,2,,,0,32,,64717,2,,,0,72,,64718,2,,,0,28,,64719,2,,,0,68,,64720,2,,,0,27,,64721,2,,,0,68,,64722,2,,,0,27,,64723,2,,,0,67,,64737,2,,,0,26,,64724,2,,,0
301,'3_5',643,,64763,2,,,0,72,,64764,2,,,0,32,,64765,2,,,0,72,,64766,2,,,0,32,,64767,2,,,0,72,,64768,2,,,0,32,,64769,2,,,0,72,,64770,2,,,0,32,,64771,2,,,0,72,,64772,2,,,0,73,,64773,2,,,0,31,,64738,2,,,0,67,,64739,2,,,0,27,,64740,2,,,0,26,,64741,2,,,0,68,,64742,2,,,0,27,,64743,2,,,0,69,,64744,2,,,0,28,,64762,2,,,0,69,,64745,2,,,0,32,,64746,2,,,0,72,,64747,2,,,0,28,,64748,2,,,0,68,,64749,2,,,0,27,,64750,2,,,0,68,,64751,2,,,0,27,,64752,2,,,0,67,,64774,2,,,0,26,,64753,2,,,0,19,,64754,2,0,67 68,0,70,,64755,2,0,67 68,0,30,,64756,2,0,67 68,0,70,,64757,2,0,67 68,0,30,,64758,2,0,67 68,0,70,,64759,2,0,67 68,0,30,,64760,2,0,67 68,0,70,,64761,2,0,67 68,0
301,'4_7',643,,64792,2,,,0,72,,64793,2,,,0,32,,64794,2,,,0,72,,64795,2,,,0,32,,64796,2,,,0,72,,64797,2,,,0,32,,64798,2,,,0,72,,64799,2,,,0,32,,64800,2,,,0,72,,64801,2,,,0,73,,64802,2,,,0,31,,64775,2,,,0,67,,64776,2,,,0,27,,64777,2,,,0,26,,64778,2,,,0,68,,64779,2,,,0,27,,64780,2,,,0,69,,64781,2,,,0,28,,64791,2,,,0,69,,64782,2,,,0,32,,64783,2,,,0,72,,64784,2,,,0,28,,64785,2,,,0,68,,64786,2,,,0,27,,64787,2,,,0,68,,64788,2,,,0,27,,64789,2,,,0,67,,64803,2,,,0,26,,64790,2,,,0
401,'0_6',720,,65084,33,,,0,125,,65083,33,0,41,0,70,,65081,33,,,0,23,,65070,33,0,41,0,72,,65082,33,0,41,0,30,,65071,33,0,41,0,75,,65077,33,,,0,26,,65072,33,0,41,0,74,,65073,33,0,41,0,32,,65089,33,0,41,0,71,,65091,33,,,0,32,,65078,33,0,41,0,69,,65069,33,0,41,0,28,,65074,33,0,41,0,68,,65079,33,,,0,27,,65075,33,0,41,0,70,,65092,33,0,41,0,31,,65088,33,0,41,0,66,,65085,33,,,0,25,,65086,33,0,41,0,66,,65090,33,,,0,35,,65087,33,0,41,0,75,,65076,33,0,41,0,35,,65080,33,,,0
401,'1_7',953,,65093,33,,,0,165,,65094,33,,,0,125,,65095,33,,,0,201,,65096,33,,,0,165,,65097,33,,,0,125,,65098,33,,,0,125,,65099,33,,,0
401,'3_1',720,,65240,41,,,0,16,,65241,35,0,41,0,79,,65252,35,0,41,0,35,,65231,36,0,41,0,65,,65253,33,,,0,26,,65232,33,0,41,0,69,,65254,33,0,41,0,30,,65233,33,0,41,0,75,,65248,33,,,0,30,,65234,33,0,41,0,71,,65235,33,0,41,0,32,,65247,35,0,41,0,75,,65245,36,,,0,30,,65249,33,0,41,0,66,,65230,33,0,41,0,28,,65236,33,0,41,0,68,,65250,33,,,0,25,,65237,33,0,41,0,72,,65238,33,,,0,25,,65246,36,0,41,0,68,,65242,35,,,0,29,,65243,38,0,41,0,77,,65255,36,,,0,24,,65244,35,0,41,0,70,,65239,33,0,41,0,38,,65251,33,,,0
401,'3_3',720,,65266,41,,,0,16,,65267,35,0,41,0,79,,65278,35,0,41,0,35,,65257,36,0,41,0,65,,65279,33,,,0,26,,65258,33,0,41,0,69,,65280,33,0,41,0,30,,65259,33,0,41,0,75,,65274,33,,,0,30,,65260,33,0,41,0,71,,65261,33,0,41,0,32,,65273,35,0,41,0,75,,65271,36,,,0,30,,65275,33,0,41,0,66,,65256,33,0,41,0,28,,65262,33,0,41,0,68,,65276,33,,,0,25,,65263,33,0,41,0,72,,65264,33,,,0,25,,65272,36,0,41,0,68,,65268,35,,,0,29,,65269,38,0,41,0,77,,65281,36,,,0,24,,65270,35,0,41,0,70,,65265,33,0,41,0,38,,65277,33,,,0
401,'3_4',720,,65292,41,,,0,16,,65293,35,0,41,0,79,,65304,35,0,41,0,35,,65283,36,0,41,0,65,,65305,33,,,0,26,,65284,33,0,41,0,69,,65306,33,0,41,0,30,,65285,33,0,41,0,75,,65300,33,,,0,30,,65286,33,0,41,0,71,,65287,33,0,41,0,32,,65299,35,0,41,0,75,,65297,36,,,0,30,,65301,33,0,41,0,66,,65282,33,0,41,0,28,,65288,33,0,41,0,68,,65302,33,,,0,25,,65289,33,0,41,0,72,,65290,33,,,0,25,,65298,36,0,41,0,68,,65294,35,,,0,29,,65295,38,0,41,0,77,,65307,36,,,0,24,,65296,35,0,41,0,70,,65291,33,0,41,0,38,,65303,33,,,0
401,'3_5',720,,65318,41,,,0,16,,65319,35,0,41,0,79,,65330,35,0,41,0,35,,65309,36,0,41,0,65,,65331,33,,,0,26,,65310,33,0,41,0,69,,65332,33,0,41,0,30,,65311,33,0,41,0,75,,65326,33,,,0,30,,65312,33,0,41,0,71,,65313,33,0,41,0,32,,65325,35,0,41,0,75,,65323,36,,,0,30,,65327,33,0,41,0,66,,65308,33,0,41,0,28,,65314,33,0,41,0,68,,65328,33,,,0,25,,65315,33,0,41,0,72,,65316,33,,,0,25,,65324,36,0,41,0,68,,65320,35,,,0,29,,65321,38,0,41,0,77,,65333,36,,,0,24,,65322,35,0,41,0,70,,65317,33,0,41,0,38,,65329,33,,,0
401,'4_7',953,,65334,33,,,0,165,,65335,33,,,0,125,,65336,33,,,0,201,,65337,33,,,0,165,,65338,33,,,0,125,,65339,33,,,0,125,,65340,33,,,0
501,'0_6',721,,65511,5,,,0,98,,65512,5,,,0,97,,65513,5,,,0,101,,65514,5,,,0,99,,65515,5,,,0,100,,65516,5,,,0,40,,65517,5,,,0,77,,65518,5,,,0,96,,65519,5,,,0,103,,65520,5,,,0,99,,65521,5,,,0,72,,65522,5,,,0,30,,65523,5,,,0,100,,65524,5,,,0,98,,65525,5,,,0
501,'1_7',1107,,65526,5,,,0,151,,65527,5,,,0,191,,65528,5,,,0,184,,65529,5,,,0,191,,65530,5,,,0
501,'3_1',721,,65606,5,,,0,98,,65607,5,,,0,97,,65608,5,,,0,101,,65609,5,,,0,99,,65610,5,,,0,100,,65611,5,,,0,40,,65612,5,,,0,77,,65613,5,,,0,96,,65614,5,,,0,103,,65615,5,,,0,99,,65616,5,,,0,72,,65617,5,,,0,30,,65618,5,,,0,100,,65619,5,,,0,98,,65620,5,,,0
501,'3_3',721,,65621,5,,,0,98,,65622,5,,,0,97,,65623,5,,,0,101,,65624,5,,,0,99,,65625,5,,,0,100,,65626,5,,,0,40,,65627,5,,,0,77,,65628,5,,,0,96,,65629,5,,,0,103,,65630,5,,,0,99,,65631,5,,,0,72,,65632,5,,,0,30,,65633,5,,,0,100,,65634,5,,,0,98,,65635,5,,,0
501,'3_4',721,,65636,5,,,0,98,,65637,5,,,0,97,,65638,5,,,0,101,,65639,5,,,0,99,,65640,5,,,0,100,,65641,5,,,0,40,,65642,5,,,0,77,,65643,5,,,0,96,,65644,5,,,0,103,,65645,5,,,0,99,,65646,5,,,0,72,,65647,5,,,0,30,,65648,5,,,0,100,,65649,5,,,0,98,,65650,5,,,0
501,'3_5',721,,65651,5,,,0,98,,65652,5,,,0,97,,65653,5,,,0,101,,65654,5,,,0,99,,65655,5,,,0,100,,65656,5,,,0,40,,65657,5,,,0,77,,65658,5,,,0,96,,65659,5,,,0,103,,65660,5,,,0,99,,65661,5,,,0,72,,65662,5,,,0,30,,65663,5,,,0,100,,65664,5,,,0,98,,65665,5,,,0
501,'4_7',1107,,65666,5,,,0,151,,65667,5,,,0,191,,65668,5,,,0,184,,65669,5,,,0,191,,65670,5,,,0
801,'3_1',825,,66430,1,,,0,110,,66431,1,,,0,110,,66432,1,,,0,157,,66424,1,,,0,111,,66433,1,,,0,111,,66434,1,,,0,112,,66435,1,,,0,75,,66425,1,,,0,35,,66426,1,,,0,70,,66427,1,,,0,34,,66428,1,,,0,75,,66429,1,,,0,75,,66436,1,,,0,35,,66437,1,,,0
801,'3_3',825,,66444,1,,,0,110,,66445,1,,,0,110,,66446,1,,,0,157,,66438,1,,,0,111,,66447,1,,,0,111,,66448,1,,,0,112,,66449,1,,,0,75,,66439,1,,,0,35,,66440,1,,,0,70,,66441,1,,,0,34,,66442,1,,,0,75,,66443,1,,,0,75,,66450,1,,,0,35,,66451,1,,,0
801,'3_4',825,,66458,1,,,0,110,,66459,1,,,0,110,,66460,1,,,0,157,,66452,1,,,0,111,,66461,1,,,0,111,,66462,1,,,0,112,,66463,1,,,0,75,,66453,1,,,0,35,,66454,1,,,0,70,,66455,1,,,0,34,,66456,1,,,0,75,,66457,1,,,0,75,,66464,1,,,0,35,,66465,1,,,0
801,'3_5',825,,66472,1,,,0,110,,66473,1,,,0,110,,66474,1,,,0,157,,66466,1,,,0,111,,66475,1,,,0,111,,66476,1,,,0,112,,66477,1,,,0,75,,66467,1,,,0,35,,66468,1,,,0,70,,66469,1,,,0,34,,66470,1,,,0,75,,66471,1,,,0,75,,66478,1,,,0,35,,66479,1,,,0
1000,'0_6',712,,66740,37,,,0,108,,66741,37,,,0,101,,66742,40,,,0,105,,66750,43,,,0,83,,66753,44,,,0,114,,66743,40,,,0,110,,66754,44,,,0,96,,66744,40,,,0,95,,66755,41,,,0,100,,66751,43,,,0,96,,66745,40,,,0,35,,66746,44,,,0,149,,66748,40,,,0,53,,66752,43,,,0,98,,66749,41,,,0,102,,66747,40,,,0
1000,'1_7',1154,,66756,40,,,0,361,,66757,40,,,0,408,,66758,40,,,0,307,,66759,39,,,0
1000,'3_1',711,,66825,36,,,0,102,,66826,36,,,0,217,,66828,40,,,0,523,,66830,43,,,0,92,,66836,39,,,0,157,,66831,43,,,0,99,,66837,39,,,0
1000,'3_3',711,,66838,36,,,0,102,,66839,36,,,0,217,,66841,40,,,0,523,,66843,43,,,0,92,,66849,39,,,0,157,,66844,43,,,0,99,,66850,39,,,0
1000,'3_4',711,,66851,36,,,0,102,,66852,36,,,0,217,,66854,40,,,0,523,,66856,43,,,0,92,,66862,39,,,0,157,,66857,43,,,0,99,,66863,39,,,0
1000,'3_5',711,,66864,36,,,0,102,,66865,36,,,0,217,,66867,40,,,0,523,,66869,43,,,0,92,,66875,39,,,0,157,,66870,43,,,0,99,,66876,39,,,0
1000,'4_7',711,,66877,36,,,0,102,,66878,36,,,0,217,,66880,40,,,0,523,,66882,43,,,0,92,,66888,39,,,0,157,,66883,43,,,0,99,,66889,39,,,0
1001,'0_6',651,,66890,2,0,61 65,0,94,,66900,2,,,0,112,,66891,2,0,61 65,0,145,,66901,2,,,0,143,,66902,2,,,0,87,,66897,2,0,61 65,0,97,,66892,2,0,61 65,0,95,,66903,2,,,0,111,,66893,2,0,61 65,0,95,,66894,2,0,61 65,0,107,,66904,2,,,0,92,,66898,2,0,61 65,0,111,,66899,2,0,61 65,0,91,,66895,2,0,61 65,0,100,,66896,2,0,61 65,0
1001,'1_7',910,,66905,2,,,0,320,,66906,2,,,0,410,,66907,2,,,0,310,,66908,2,0,61 65,0
1001,'3_1',741,,66969,2,,,0,108,,66970,2,0,61 65,0,210,,66971,2,0,61 65,0,344,,66978,2,0,61 65,0,219,,66979,2,0,61 65,0,120,,66980,2,,,0,94,,66972,2,0,61 65,0,99,,66973,2,0,61 65,0
1001,'3_3',741,,66981,2,,,0,108,,66982,2,0,61 65,0,210,,66983,2,0,61 65,0,344,,66990,2,0,61 65,0,219,,66991,2,0,61 65,0,120,,66992,2,,,0,94,,66984,2,0,61 65,0,99,,66985,2,0,61 65,0
1001,'3_4',741,,66993,2,,,0,108,,66994,2,0,61 65,0,210,,66995,2,0,61 65,0,344,,67002,2,0,61 65,0,219,,67003,2,0,61 65,0,120,,67004,2,,,0,94,,66996,2,0,61 65,0,99,,66997,2,0,61 65,0
1001,'3_5',741,,67005,2,,,0,108,,67006,2,0,61 65,0,210,,67007,2,0,61 65,0,344,,67014,2,0,61 65,0,219,,67015,2,0,61 65,0,120,,67016,2,,,0,94,,67008,2,0,61 65,0,99,,67009,2,0,61 65,0
1001,'4_7',741,,67017,2,,,0,108,,67018,2,0,61 65,0,210,,67019,2,0,61 65,0,344,,67026,2,0,61 65,0,219,,67027,2,0,61 65,0,120,,67028,2,,,0,94,,67020,2,0,61 65,0,99,,67021,2,0,61 65,0
1100,'0_6',720,,67029,19,,,0,130,,67030,22,,,0,909,,67031,22,,,0,155,,67032,22,,,0
1100,'3_1',720,,67053,19,,,0,130,,67054,22,,,0,909,,67055,22,,,0,155,,67056,22,,,0
1100,'3_3',720,,67057,19,,,0,130,,67058,22,,,0,909,,67059,22,,,0,155,,67060,22,,,0
1100,'3_4',720,,67061,19,,,0,130,,67062,22,,,0,909,,67063,22,,,0,155,,67064,22,,,0
1100,'3_5',720,,67065,19,,,0,130,,67066,22,,,0,909,,67067,22,,,0,155,,67068,22,,,0
1101,'0_6',1610,,67069,2,,,0,117,,67070,2,,,0
1101,'3_1',1610,,67081,2,,,0,117,,67082,2,,,0
1101,'3_3',1610,,67083,2,,,0,117,,67084,2,,,0
1101,'3_4',1610,,67085,2,,,0,117,,67086,2,,,0
1101,'3_5',1610,,67087,2,,,0,117,,67088,2,,,0
1501,'0_6',719,,67220,24,,,0,20,,67221,24,,,0,94,,67222,24,,,0,21,,67223,24,,,0,158,,67224,24,,,0,116,,67225,24,,,0,117,,67226,24,,,0,95,,67227,24,,,0,118,,67228,24,,,0,99,,67219,12,,,0,170,,67229,24,,,0,104,,67230,24,,,0,92,,67231,24,,,0
1501,'3_1',719,,67298,24,,,0,20,,67299,24,,,0,94,,67300,24,,,0,21,,67301,24,,,0,158,,67302,24,,,0,116,,67303,24,,,0,117,,67304,24,,,0,95,,67305,24,,,0,118,,67306,24,,,0,99,,67297,12,,,0,170,,67307,24,,,0,104,,67308,24,,,0,92,,67309,24,,,0
1501,'3_3',719,,67311,24,,,0,20,,67312,24,,,0,94,,67313,24,,,0,21,,67314,24,,,0,158,,67315,24,,,0,116,,67316,24,,,0,117,,67317,24,,,0,95,,67318,24,,,0,118,,67319,24,,,0,99,,67310,12,,,0,170,,67320,24,,,0,104,,67321,24,,,0,92,,67322,24,,,0
1501,'3_4',719,,67324,24,,,0,20,,67325,24,,,0,94,,67326,24,,,0,21,,67327,24,,,0,158,,67328,24,,,0,116,,67329,24,,,0,117,,67330,24,,,0,95,,67331,24,,,0,118,,67332,24,,,0,99,,67323,12,,,0,170,,67333,24,,,0,104,,67334,24,,,0,92,,67335,24,,,0
1501,'3_5',719,,67337,24,,,0,20,,67338,24,,,0,94,,67339,24,,,0,21,,67340,24,,,0,158,,67341,24,,,0,116,,67342,24,,,0,117,,67343,24,,,0,95,,67344,24,,,0,118,,67345,24,,,0,99,,67336,12,,,0,170,,67346,24,,,0,104,,67347,24,,,0,92,,67348,24,,,0
2100,'3_5',1259,,67543,4,0,11 12,0
2101,'3_1',855,,67561,2,,,0
2101,'3_3',855,,67563,2,,,0
2101,'3_4',855,,67565,2,,,0
2101,'3_5',855,,67567,2,,,0
2601,'0_6',725,,68098,9,,,0,85,,68101,9,,,0,45,,68102,9,,,0,86,,68103,9,,,0,90,,68104,9,,,0,84,,68105,9,,,0,43,,68106,9,,,0,85,,68107,9,,,0,82,,68108,9,,,0,85,,68109,9,,,0,46,,68110,9,,,0,90,,68111,9,,,0,85,,68112,9,,,0,81,,68113,9,,,0,46,,68114,9,,,0,84,,68100,9,,,0,83,,68099,9,,,0
2601,'3_1',725,,68200,9,,,0,85,,68201,9,,,0,45,,68202,9,,,0,86,,68203,9,,,0,90,,68204,9,,,0,84,,68205,9,,,0,43,,68206,9,,,0,85,,68207,9,,,0,82,,68208,9,,,0,85,,68209,9,,,0,46,,68210,9,,,0,90,,68211,9,,,0,85,,68212,9,,,0,81,,68213,9,,,0,46,,68214,9,,,0,84,,68215,9,,,0,83,,68216,9,,,0
2601,'3_3',725,,68217,9,,,0,85,,68218,9,,,0,45,,68219,9,,,0,86,,68220,9,,,0,90,,68221,9,,,0,84,,68222,9,,,0,43,,68223,9,,,0,85,,68224,9,,,0,82,,68225,9,,,0,85,,68226,9,,,0,46,,68227,9,,,0,90,,68228,9,,,0,85,,68229,9,,,0,81,,68230,9,,,0,46,,68231,9,,,0,84,,68232,9,,,0,83,,68233,9,,,0
2601,'3_4',725,,68234,9,,,0,85,,68235,9,,,0,45,,68236,9,,,0,86,,68237,9,,,0,90,,68238,9,,,0,84,,68239,9,,,0,43,,68240,9,,,0,85,,68241,9,,,0,82,,68242,9,,,0,85,,68243,9,,,0,46,,68244,9,,,0,90,,68245,9,,,0,85,,68246,9,,,0,81,,68247,9,,,0,46,,68248,9,,,0,84,,68249,9,,,0,83,,68250,9,,,0
2601,'3_5',725,,68251,9,,,0,85,,68252,9,,,0,45,,68253,9,,,0,86,,68254,9,,,0,90,,68255,9,,,0,84,,68256,9,,,0,43,,68257,9,,,0,85,,68258,9,,,0,82,,68259,9,,,0,85,,68260,9,,,0,46,,68261,9,,,0,90,,68262,9,,,0,85,,68263,9,,,0,81,,68264,9,,,0,46,,68265,9,,,0,84,,68266,9,,,0,83,,68267,9,,,0
1000001,'0_6',543,,69463,10,,,0,79,,69464,10,,,0,82,,69465,10,,,0,43,,69466,16,,,0,55,,69472,10,,,0,15,,69473,10,,,0,14,,69474,16,,,0,15,,69475,10,,,0,55,,69476,10,,,0,15,,69477,16,,,0,15,,69478,10,,,0,15,,69479,10,,,0,55,,69480,16,,,0,16,,69481,10,,,0,16,,69482,10,,,0,16,,69483,16,,,0,55,,69484,10,,,0,16,,69485,16,,,0,16,,69486,10,,,0,16,,69487,10,,,0,56,,69488,16,,,0,15,,69489,10,,,0,15,,69490,10,,,0,15,,69491,16,,,0,55,,69492,10,,,0,15,,69493,10,,,0,15,,69494,16,,,0,16,,69495,10,,,0,55,,69496,16,,,0,16,,69497,10,,,0,16,,69498,10,,,0,16,,69499,16,,,0,56,,69500,10,,,0,16,,69501,10,,,0,16,,69502,16,,,0,56,,69503,10,,,0,16,,69504,10,,,0,16,,69505,16,,,0,16,,69506,10,,,0,56,,69507,16,,,0,16,,69508,10,,,0,16,,69509,10,,,0,16,,69510,16,,,0,56,,69512,10,,,0,16,,69514,10,,,0,15,,69513,16,,,0,15,,69511,10,,,0,56,,69471,16,,,0,20,,69470,10,,,0,20,,69468,10,,,0,61,,69461,10,,,0,18,,69459,10,,,0,20,,69462,10,,,0,60,,69469,10,,,0,20,,69467,10,,,0,20,,69460,10,,,0
1000001,'1_7',811,,69515,10,,,0,40,,69516,10,,,0,80,,69517,10,,,0,80,,69518,10,,,0,40,,69519,10,,,0,80,,69520,10,,,0,80,,69521,10,,,0,40,,69522,10,,,0,80,,69523,10,,,0,80,,69524,10,,,0,40,,69525,10,,,0,80,,69526,10,,,0,80,,69527,10,,,0,40,,69528,10,,,0,80,,69529,10,,,0,80,,69530,10,,,0,40,,69531,10,,,0,80,,69532,10,,,0
1000001,'3_1',546,,69843,10,,,0,57,,69858,10,,,0,15,,69857,10,,,0,15,,69856,10,,,0,14,,69855,10,,,0,55,,69854,10,,,0,14,,69846,10,,,0,15,,69844,16,,,0,14,,69847,16,,,0,55,,69848,16,,,0,15,,69849,16,,,0,15,,69850,16,,,0,16,,69851,16,,,0,54,,69852,16,,,0,14,,69853,16,,,0,15,,69859,10,,,0,15,,69878,16,,,0,56,,69860,10,,,0,16,,69879,16,,,0,15,,69861,10,,,0,16,,69880,16,,,0,56,,69862,10,,,0,16,,69881,16,,,0,16,,69863,10,,,0,16,,69882,16,,,0,56,,69864,10,,,0,15,,69883,16,,,0,16,,69865,10,,,0,15,,69884,16,,,0,56,,69866,10,,,0,15,,69885,16,,,0,16,,69867,10,,,0,15,,69886,16,,,0,56,,69868,10,,,0,16,,69887,16,,,0,16,,69869,10,,,0,15,,69888,16,,,0,54,,69870,10,,,0,14,,69889,16,,,0,14,,69871,10,,,0,14,,69890,16,,,0,54,,69872,10,,,0,15,,69891,16,,,0,14,,69873,16,,,0,14,,69892,16,,,0,55,,69874,16,,,0,15,,69893,16,,,0,15,,69875,16,,,0,15,,69894,16,,,0,55,,69876,16,,,0,15,,69895,16,,,0,14,,69877,16,,,0,14,,69845,16,,,0,58,,69896,16,,,0,19,,69901,10,,,0,20,,69897,16,,,0,61,,69902,10,,,0,19,,69898,10,,,0,19,,69903,10,,,0,60,,69899,10,,,0,20,,69904,10,,,0,20,,69900,10,,,0
1000001,'3_3',546,,69905,10,,,0,57,,69920,10,,,0,15,,69919,10,,,0,15,,69918,10,,,0,14,,69917,10,,,0,55,,69916,10,,,0,14,,69908,10,,,0,15,,69906,16,,,0,14,,69909,16,,,0,55,,69910,16,,,0,15,,69911,16,,,0,15,,69912,16,,,0,16,,69913,16,,,0,54,,69914,16,,,0,14,,69915,16,,,0,15,,69921,10,,,0,15,,69940,16,,,0,56,,69922,10,,,0,16,,69941,16,,,0,15,,69923,10,,,0,16,,69942,16,,,0,56,,69924,10,,,0,16,,69943,16,,,0,16,,69925,10,,,0,16,,69944,16,,,0,56,,69926,10,,,0,15,,69945,16,,,0,16,,69927,10,,,0,15,,69946,16,,,0,56,,69928,10,,,0,15,,69947,16,,,0,16,,69929,10,,,0,15,,69948,16,,,0,56,,69930,10,,,0,16,,69949,16,,,0,16,,69931,10,,,0,15,,69950,16,,,0,54,,69932,10,,,0,14,,69951,16,,,0,14,,69933,10,,,0,14,,69952,16,,,0,54,,69934,10,,,0,15,,69953,16,,,0,14,,69935,16,,,0,14,,69954,16,,,0,55,,69936,16,,,0,15,,69955,16,,,0,15,,69937,16,,,0,15,,69956,16,,,0,55,,69938,16,,,0,15,,69957,16,,,0,14,,69939,16,,,0,14,,69907,16,,,0,58,,69958,16,,,0,19,,69963,10,,,0,20,,69959,16,,,0,61,,69964,10,,,0,19,,69960,10,,,0,19,,69965,10,,,0,60,,69961,10,,,0,20,,69966,10,,,0,20,,69962,10,,,0
1000001,'3_4',546,,69967,10,,,0,57,,69982,10,,,0,15,,69981,10,,,0,15,,69980,10,,,0,14,,69979,10,,,0,55,,69978,10,,,0,14,,69970,10,,,0,15,,69968,16,,,0,14,,69971,16,,,0,55,,69972,16,,,0,15,,69973,16,,,0,15,,69974,16,,,0,16,,69975,16,,,0,54,,69976,16,,,0,14,,69977,16,,,0,15,,69983,10,,,0,15,,70002,16,,,0,56,,69984,10,,,0,16,,70003,16,,,0,15,,69985,10,,,0,16,,70004,16,,,0,56,,69986,10,,,0,16,,70005,16,,,0,16,,69987,10,,,0,16,,70006,16,,,0,56,,69988,10,,,0,15,,70007,16,,,0,16,,69989,10,,,0,15,,70008,16,,,0,56,,69990,10,,,0,15,,70009,16,,,0,16,,69991,10,,,0,15,,70010,16,,,0,56,,69992,10,,,0,16,,70011,16,,,0,16,,69993,10,,,0,15,,70012,16,,,0,54,,69994,10,,,0,14,,70013,16,,,0,14,,69995,10,,,0,14,,70014,16,,,0,54,,69996,10,,,0,15,,70015,16,,,0,14,,69997,16,,,0,14,,70016,16,,,0,55,,69998,16,,,0,15,,70017,16,,,0,15,,69999,16,,,0,15,,70018,16,,,0,55,,70000,16,,,0,15,,70019,16,,,0,14,,70001,16,,,0,14,,69969,16,,,0,58,,70020,16,,,0,19,,70025,10,,,0,20,,70021,16,,,0,61,,70026,10,,,0,19,,70022,10,,,0,19,,70027,10,,,0,60,,70023,10,,,0,20,,70028,10,,,0,20,,70024,10,,,0
1000001,'3_5',546,,70029,10,,,0,57,,70044,10,,,0,15,,70043,10,,,0,15,,70042,10,,,0,14,,70041,10,,,0,55,,70040,10,,,0,14,,70032,10,,,0,15,,70030,16,,,0,14,,70033,16,,,0,55,,70034,16,,,0,15,,70035,16,,,0,15,,70036,16,,,0,16,,70037,16,,,0,54,,70038,16,,,0,14,,70039,16,,,0,15,,70045,10,,,0,15,,70064,16,,,0,56,,70046,10,,,0,16,,70065,16,,,0,15,,70047,10,,,0,16,,70066,16,,,0,56,,70048,10,,,0,16,,70067,16,,,0,16,,70049,10,,,0,16,,70068,16,,,0,56,,70050,10,,,0,15,,70069,16,,,0,16,,70051,10,,,0,15,,70070,16,,,0,56,,70052,10,,,0,15,,70071,16,,,0,16,,70053,10,,,0,15,,70072,16,,,0,56,,70054,10,,,0,16,,70073,16,,,0,16,,70055,10,,,0,15,,70074,16,,,0,54,,70056,10,,,0,14,,70075,16,,,0,14,,70057,10,,,0,14,,70076,16,,,0,54,,70058,10,,,0,15,,70077,16,,,0,14,,70059,16,,,0,14,,70078,16,,,0,55,,70060,16,,,0,15,,70079,16,,,0,15,,70061,16,,,0,15,,70080,16,,,0,55,,70062,16,,,0,15,,70081,16,,,0,14,,70063,16,,,0,14,,70031,16,,,0,58,,70082,16,,,0,19,,70087,10,,,0,20,,70083,16,,,0,61,,70088,10,,,0,19,,70084,10,,,0,19,,70089,10,,,0,60,,70085,10,,,0,20,,70090,10,,,0,20,,70086,10,,,0
1000001,'4_7',811,,70091,10,,,0,40,,70092,10,,,0,80,,70093,10,,,0,80,,70094,10,,,0,40,,70095,10,,,0,80,,70096,10,,,0,80,,70097,10,,,0,40,,70098,10,,,0,80,,70099,10,,,0,80,,70100,10,,,0,40,,70101,10,,,0,80,,70102,10,,,0,80,,70103,10,,,0,40,,70104,10,,,0,80,,70105,10,,,0,80,,70106,10,,,0,40,,70107,10,,,0,80,,70108,10,,,0
2000001,'0_6',648,,70573,11,,,0,80,,70574,11,,,0,79,,70575,11,,,0,31,,70613,11,,,0,21,,70577,11,,,0,60,,70576,11,,,0,20,,70578,11,,,0,20,,70579,11,,,0,59,,70581,11,,,0,18,,70580,11,,,0,20,,70586,11,,,0,60,,70584,11,,,0,17,,70588,11,,,0,19,,70582,11,,,0,59,,70587,11,,,0,21,,70583,11,,,0,17,,70585,11,,,0,58,,70594,11,,,0,18,,70591,11,,,0,20,,70592,11,,,0,60,,70593,11,,,0,18,,70590,11,,,0,17,,70589,11,,,0,19,,70595,11,,,0,61,,70596,11,,,0,20,,70598,11,,,0,19,,70597,11,,,0,60,,70599,11,,,0,20,,70600,11,,,0,61,,70601,11,,,0,20,,70603,11,,,0,19,,70602,11,,,0,19,,70604,11,,,0,59,,70605,11,,,0,19,,70606,11,,,0,19,,70607,11,,,0,57,,70608,11,,,0,18,,70609,11,,,0,23,,70610,11,,,0,64,,70611,11,,,0,23,,70612,11,,,0
2000001,'1_7',819,,70631,11,,,0,40,,70614,11,,,0,80,,70615,11,,,0,80,,70616,11,,,0,40,,70617,11,,,0,80,,70618,11,,,0,80,,70619,11,,,0,40,,70620,11,,,0,80,,70622,11,,,0,80,,70621,11,,,0,40,,70623,11,,,0,80,,70624,11,,,0,80,,70625,11,,,0,40,,70626,11,,,0,80,,70628,11,,,0,80,,70627,11,,,0,40,,70629,11,,,0,80,,70630,11,,,0
2000001,'3_1',650,,70847,11,,,0,67,,70848,11,,,0,19,,70888,11,,,0,20,,70849,11,,,0,60,,70889,11,,,0,21,,70851,11,,,0,22,,70850,11,,,0,61,,70852,11,,,0,21,,70853,11,,,0,60,,70855,11,,,0,19,,70854,11,,,0,18,,70860,11,,,0,18,,70858,11,,,0,59,,70862,11,,,0,18,,70856,11,,,0,19,,70861,11,,,0,59,,70857,11,,,0,20,,70859,11,,,0,18,,70868,11,,,0,58,,70865,11,,,0,19,,70866,11,,,0,20,,70867,11,,,0,59,,70864,11,,,0,18,,70863,11,,,0,18,,70869,11,,,0,59,,70870,11,,,0,21,,70872,11,,,0,20,,70871,11,,,0,59,,70873,11,,,0,20,,70874,11,,,0,19,,70875,11,,,0,61,,70877,11,,,0,20,,70876,11,,,0,20,,70878,11,,,0,61,,70879,11,,,0,20,,70880,11,,,0,20,,70881,11,,,0,60,,70882,11,,,0,19,,70883,11,,,0,20,,70884,11,,,0,19,,70885,11,,,0,59,,70886,11,,,0,22,,70887,11,,,0
2000001,'3_3',650,,70890,11,,,0,67,,70891,11,,,0,19,,70931,11,,,0,20,,70892,11,,,0,60,,70932,11,,,0,21,,70894,11,,,0,22,,70893,11,,,0,61,,70895,11,,,0,21,,70896,11,,,0,60,,70898,11,,,0,19,,70897,11,,,0,18,,70903,11,,,0,18,,70901,11,,,0,59,,70905,11,,,0,18,,70899,11,,,0,19,,70904,11,,,0,59,,70900,11,,,0,20,,70902,11,,,0,18,,70911,11,,,0,58,,70908,11,,,0,19,,70909,11,,,0,20,,70910,11,,,0,59,,70907,11,,,0,18,,70906,11,,,0,18,,70912,11,,,0,59,,70913,11,,,0,21,,70915,11,,,0,20,,70914,11,,,0,59,,70916,11,,,0,20,,70917,11,,,0,19,,70918,11,,,0,61,,70920,11,,,0,20,,70919,11,,,0,20,,70921,11,,,0,61,,70922,11,,,0,20,,70923,11,,,0,20,,70924,11,,,0,60,,70925,11,,,0,19,,70926,11,,,0,20,,70927,11,,,0,19,,70928,11,,,0,59,,70929,11,,,0,22,,70930,11,,,0
2000001,'3_4',650,,70933,11,,,0,67,,70934,11,,,0,19,,70974,11,,,0,20,,70935,11,,,0,60,,70975,11,,,0,21,,70937,11,,,0,22,,70936,11,,,0,61,,70938,11,,,0,21,,70939,11,,,0,60,,70941,11,,,0,19,,70940,11,,,0,18,,70946,11,,,0,18,,70944,11,,,0,59,,70948,11,,,0,18,,70942,11,,,0,19,,70947,11,,,0,59,,70943,11,,,0,20,,70945,11,,,0,18,,70954,11,,,0,58,,70951,11,,,0,19,,70952,11,,,0,20,,70953,11,,,0,59,,70950,11,,,0,18,,70949,11,,,0,18,,70955,11,,,0,59,,70956,11,,,0,21,,70958,11,,,0,20,,70957,11,,,0,59,,70959,11,,,0,20,,70960,11,,,0,19,,70961,11,,,0,61,,70963,11,,,0,20,,70962,11,,,0,20,,70964,11,,,0,61,,70965,11,,,0,20,,70966,11,,,0,20,,70967,11,,,0,60,,70968,11,,,0,19,,70969,11,,,0,20,,70970,11,,,0,19,,70971,11,,,0,59,,70972,11,,,0,22,,70973,11,,,0
2000001,'3_5',650,,70976,11,,,0,67,,70977,11,,,0,19,,71017,11,,,0,20,,70978,11,,,0,60,,71018,11,,,0,21,,70980,11,,,0,22,,70979,11,,,0,61,,70981,11,,,0,21,,70982,11,,,0,60,,70984,11,,,0,19,,70983,11,,,0,18,,70989,11,,,0,18,,70987,11,,,0,59,,70991,11,,,0,18,,70985,11,,,0,19,,70990,11,,,0,59,,70986,11,,,0,20,,70988,11,,,0,18,,70997,11,,,0,58,,70994,11,,,0,19,,70995,11,,,0,20,,70996,11,,,0,59,,70993,11,,,0,18,,70992,11,,,0,18,,70998,11,,,0,59,,70999,11,,,0,21,,71001,11,,,0,20,,71000,11,,,0,59,,71002,11,,,0,20,,71003,11,,,0,19,,71004,11,,,0,61,,71006,11,,,0,20,,71005,11,,,0,20,,71007,11,,,0,61,,71008,11,,,0,20,,71009,11,,,0,20,,71010,11,,,0,60,,71011,11,,,0,19,,71012,11,,,0,20,,71013,11,,,0,19,,71014,11,,,0,59,,71015,11,,,0,22,,71016,11,,,0
2000001,'4_7',819,,71036,11,,,0,40,,71019,11,,,0,80,,71020,11,,,0,80,,71021,11,,,0,40,,71022,11,,,0,80,,71023,11,,,0,80,,71024,11,,,0,40,,71025,11,,,0,80,,71027,11,,,0,80,,71026,11,,,0,40,,71028,11,,,0,80,,71029,11,,,0,80,,71030,11,,,0,40,,71031,11,,,0,80,,71033,11,,,0,80,,71032,11,,,0,40,,71034,11,,,0,80,,71035,11,,,0
2901000,'0_6',847,,71037,13,,,0,101,,71039,13,,,0,200,,71038,13,,,0,175,,71044,13,,,0,30,,71041,13,,,0,95,,71040,13,,,0,95,,71042,13,,,0,98,,71043,13,,,0,117,,71046,13,,,0,99,,71045,13,,,0
2901000,'3_1',923,,71082,13,,,0,298,,71083,13,,,0,208,,71084,13,,,0,93,,71085,13,,,0,192,,71086,13,,,0,199,,71087,13,,,0,143,,71088,13,,,0
2901000,'3_3',923,,71089,13,,,0,298,,71090,13,,,0,208,,71091,13,,,0,93,,71092,13,,,0,192,,71093,13,,,0,199,,71094,13,,,0,143,,71095,13,,,0
2901000,'3_4',923,,71096,13,,,0,298,,71097,13,,,0,208,,71098,13,,,0,93,,71099,13,,,0,192,,71100,13,,,0,199,,71101,13,,,0,143,,71102,13,,,0
2901000,'3_5',923,,71103,13,,,0,298,,71104,13,,,0,208,,71105,13,,,0,93,,71106,13,,,0,192,,71107,13,,,0,199,,71108,13,,,0,143,,71109,13,,,0
2901000,'4_7',923,,71110,13,,,0,298,,71111,13,,,0,208,,71112,13,,,0,93,,71113,13,,,0,192,,71114,13,,,0,199,,71115,13,,,0,143,,71116,13,,,0
2901001,'0_6',1102,,71124,2,,,0,43,,71117,2,,,0,87,,71120,2,,,0,97,,71121,2,,,0,95,,71118,2,,,0,33,,71122,2,,,0,78,,71123,2,,,0,95,,71119,2,,,0,199,,71125,2,,,0
2901001,'3_1',1009,,71151,2,,,0,221,,71152,2,,,0,95,,71153,2,,,0,208,,71154,2,,,0,179,,71155,2,,,0
2901001,'3_3',1009,,71156,2,,,0,221,,71157,2,,,0,95,,71158,2,,,0,208,,71159,2,,,0,179,,71160,2,,,0
2901001,'3_4',1009,,71161,2,,,0,221,,71162,2,,,0,95,,71163,2,,,0,208,,71164,2,,,0,179,,71165,2,,,0
2901001,'3_5',1009,,71166,2,,,0,221,,71167,2,,,0,95,,71168,2,,,0,208,,71169,2,,,0,179,,71170,2,,,0
2901001,'4_7',1009,,71171,2,,,0,221,,71172,2,,,0,95,,71173,2,,,0,208,,71174,2,,,0,179,,71175,2,,,0
3000001,'0_6',650,,71656,18,,,0,81,,71657,18,,,0,84,,71658,18,,,0,38,,71659,18,,,0,61,,71660,18,,,0,19,,71661,18,,,0,21,,71662,18,,,0,60,,71663,18,,,0,20,,71664,18,,,0,20,,71665,18,,,0,60,,71666,18,,,0,19,,71667,18,,,0,21,,71668,18,,,0,61,,71669,18,,,0,19,,71670,18,,,0,19,,71671,18,,,0,60,,71672,18,,,0,20,,71673,18,,,0,20,,71674,18,,,0,61,,71675,18,,,0,20,,71676,18,,,0,20,,71677,18,,,0,61,,71678,18,,,0,20,,71679,18,,,0,20,,71680,18,,,0,60,,71681,18,,,0,20,,71682,18,,,0,21,,71683,18,,,0,60,,71684,18,,,0,20,,71685,18,,,0,19,,71686,18,,,0,59,,71687,18,,,0,20,,71688,18,,,0,20,,71689,18,,,0,58,,71690,18,,,0,31,,71692,18,,,0,67,,71693,18,,,0,30,,71691,18,,,0,69,,71694,18,,,0
3000001,'1_7',856,,71695,18,,,0,170,,71697,18,,,0,130,,71698,18,,,0,170,,71699,18,,,0,130,,71700,18,,,0,170,,71701,18,,,0,130,,71702,18,,,0,170,,71703,18,,,0,130,,71696,18,,,0
3000001,'3_1',700,,71955,18,,,0,20,,71914,18,,,0,20,,71915,18,,,0,60,,71916,18,,,0,20,,71917,18,,,0,20,,71918,18,,,0,60,,71919,18,,,0,20,,71920,18,,,0,20,,71921,18,,,0,60,,71922,18,,,0,20,,71923,18,,,0,20,,71924,18,,,0,60,,71925,18,,,0,19,,71926,18,,,0,20,,71927,18,,,0,20,,71928,18,,,0,60,,71929,18,,,0,19,,71930,18,,,0,20,,71931,18,,,0,60,,71932,18,,,0,20,,71933,18,,,0,20,,71934,18,,,0,61,,71935,18,,,0,20,,71936,18,,,0,19,,71937,18,,,0,61,,71938,18,,,0,20,,71939,18,,,0,20,,71940,18,,,0,60,,71941,18,,,0,20,,71942,18,,,0,61,,71943,18,,,0,20,,71944,18,,,0,20,,71945,18,,,0,60,,71946,18,,,0,20,,71947,18,,,0,19,,71948,18,,,0,61,,71949,18,,,0,20,,71950,18,,,0,21,,71951,18,,,0,69,,71952,18,,,0,27,,71953,18,,,0,70,,71954,18,,,0
3000001,'3_3',700,,71997,18,,,0,20,,71956,18,,,0,20,,71957,18,,,0,60,,71958,18,,,0,20,,71959,18,,,0,20,,71960,18,,,0,60,,71961,18,,,0,20,,71962,18,,,0,20,,71963,18,,,0,60,,71964,18,,,0,20,,71965,18,,,0,20,,71966,18,,,0,60,,71967,18,,,0,19,,71968,18,,,0,20,,71969,18,,,0,20,,71970,18,,,0,60,,71971,18,,,0,19,,71972,18,,,0,20,,71973,18,,,0,60,,71974,18,,,0,20,,71975,18,,,0,20,,71976,18,,,0,61,,71977,18,,,0,20,,71978,18,,,0,19,,71979,18,,,0,61,,71980,18,,,0,20,,71981,18,,,0,20,,71982,18,,,0,60,,71983,18,,,0,20,,71984,18,,,0,61,,71985,18,,,0,20,,71986,18,,,0,20,,71987,18,,,0,60,,71988,18,,,0,20,,71989,18,,,0,19,,71990,18,,,0,61,,71991,18,,,0,20,,71992,18,,,0,21,,71993,18,,,0,69,,71994,18,,,0,27,,71995,18,,,0,70,,71996,18,,,0
3000001,'3_4',700,,72039,18,,,0,20,,71998,18,,,0,20,,71999,18,,,0,60,,72000,18,,,0,20,,72001,18,,,0,20,,72002,18,,,0,60,,72003,18,,,0,20,,72004,18,,,0,20,,72005,18,,,0,60,,72006,18,,,0,20,,72007,18,,,0,20,,72008,18,,,0,60,,72009,18,,,0,19,,72010,18,,,0,20,,72011,18,,,0,20,,72012,18,,,0,60,,72013,18,,,0,19,,72014,18,,,0,20,,72015,18,,,0,60,,72016,18,,,0,20,,72017,18,,,0,20,,72018,18,,,0,61,,72019,18,,,0,20,,72020,18,,,0,19,,72021,18,,,0,61,,72022,18,,,0,20,,72023,18,,,0,20,,72024,18,,,0,60,,72025,18,,,0,20,,72026,18,,,0,61,,72027,18,,,0,20,,72028,18,,,0,20,,72029,18,,,0,60,,72030,18,,,0,20,,72031,18,,,0,19,,72032,18,,,0,61,,72033,18,,,0,20,,72034,18,,,0,21,,72035,18,,,0,69,,72036,18,,,0,27,,72037,18,,,0,70,,72038,18,,,0
3000001,'3_5',700,,72081,18,,,0,20,,72040,18,,,0,20,,72041,18,,,0,60,,72042,18,,,0,20,,72043,18,,,0,20,,72044,18,,,0,60,,72045,18,,,0,20,,72046,18,,,0,20,,72047,18,,,0,60,,72048,18,,,0,20,,72049,18,,,0,20,,72050,18,,,0,60,,72051,18,,,0,19,,72052,18,,,0,20,,72053,18,,,0,20,,72054,18,,,0,60,,72055,18,,,0,19,,72056,18,,,0,20,,72057,18,,,0,60,,72058,18,,,0,20,,72059,18,,,0,20,,72060,18,,,0,61,,72061,18,,,0,20,,72062,18,,,0,19,,72063,18,,,0,61,,72064,18,,,0,20,,72065,18,,,0,20,,72066,18,,,0,60,,72067,18,,,0,20,,72068,18,,,0,61,,72069,18,,,0,20,,72070,18,,,0,20,,72071,18,,,0,60,,72072,18,,,0,20,,72073,18,,,0,19,,72074,18,,,0,61,,72075,18,,,0,20,,72076,18,,,0,21,,72077,18,,,0,69,,72078,18,,,0,27,,72079,18,,,0,70,,72080,18,,,0
3000001,'4_7',856,,72082,18,,,0,170,,72084,18,,,0,130,,72085,18,,,0,170,,72086,18,,,0,130,,72087,18,,,0,170,,72088,18,,,0,130,,72089,18,,,0,170,,72090,18,,,0,130,,72083,18,,,0
4000000,'0_6',635,,72135,4,0,46,0,18,,72091,4,0,45,0,62,,72113,4,0,46,0,20,,72092,4,0,45,0,20,,72114,4,0,46,0,61,,72093,4,0,45,0,20,,72115,4,0,46,0,20,,72094,4,0,45,0,60,,72116,4,0,46,0,22,,72095,4,0,45,0,19,,72117,4,0,46,0,61,,72096,4,0,45,0,21,,72118,4,0,46,0,61,,72097,4,0,45,0,21,,72119,4,0,46,0,21,,72098,4,0,45,0,62,,72120,4,0,46,0,21,,72099,4,0,45,0,20,,72121,4,0,45,0,61,,72100,4,0,46,0,21,,72122,4,0,45,0,18,,72101,4,0,46,0,59,,72123,4,0,45,0,18,,72102,4,0,46,0,18,,72124,4,0,45,0,19,,72103,4,0,46,0,60,,72125,4,0,45,0,20,,72104,4,0,46,0,20,,72126,4,0,45,0,60,,72105,4,0,46,0,20,,72127,4,0,45,0,61,,72106,4,0,46,0,20,,72128,4,0,45,0,20,,72107,4,0,46,0,19,,72129,4,0,45,0,60,,72108,4,0,46,0,19,,72130,4,0,45,0,19,,72109,4,0,46,0,60,,72131,4,0,45,0,19,,72110,4,0,46,0,20,,72132,4,0,45,0,60,,72111,4,0,46,0
4000000,'1_7',822,,72136,4,0,46,0,110,,72141,4,0,45,0,110,,72137,4,0,46,0,110,,72142,4,0,45,0,150,,72138,4,0,46,0,110,,72143,4,0,45,0,110,,72139,4,0,46,0,110,,72144,4,0,45,0,110,,72140,4,0,46,0,110,,72145,4,0,45,0
4000000,'3_1',635,,72416,4,0,46,0,18,,72372,4,0,45,0,62,,72394,4,0,46,0,20,,72373,4,0,45,0,20,,72395,4,0,46,0,61,,72374,4,0,45,0,20,,72396,4,0,46,0,20,,72375,4,0,45,0,60,,72397,4,0,46,0,22,,72376,4,0,45,0,19,,72398,4,0,46,0,61,,72377,4,0,45,0,21,,72399,4,0,46,0,61,,72378,4,0,45,0,21,,72400,4,0,46,0,21,,72379,4,0,45,0,62,,72401,4,0,46,0,21,,72380,4,0,45,0,20,,72402,4,0,45,0,61,,72381,4,0,46,0,21,,72403,4,0,45,0,18,,72382,4,0,46,0,59,,72404,4,0,45,0,18,,72383,4,0,46,0,18,,72405,4,0,45,0,19,,72384,4,0,46,0,60,,72406,4,0,45,0,20,,72385,4,0,46,0,20,,72407,4,0,45,0,60,,72386,4,0,46,0,20,,72408,4,0,45,0,61,,72387,4,0,46,0,20,,72409,4,0,45,0,20,,72388,4,0,46,0,19,,72410,4,0,45,0,60,,72389,4,0,46,0,19,,72411,4,0,45,0,19,,72390,4,0,46,0,60,,72412,4,0,45,0,19,,72391,4,0,46,0,20,,72413,4,0,45,0,60,,72392,4,0,46,0
4000000,'3_3',635,,72461,4,0,46,0,18,,72417,4,0,45,0,62,,72439,4,0,46,0,20,,72418,4,0,45,0,20,,72440,4,0,46,0,61,,72419,4,0,45,0,20,,72441,4,0,46,0,20,,72420,4,0,45,0,60,,72442,4,0,46,0,22,,72421,4,0,45,0,19,,72443,4,0,46,0,61,,72422,4,0,45,0,21,,72444,4,0,46,0,61,,72423,4,0,45,0,21,,72445,4,0,46,0,21,,72424,4,0,45,0,62,,72446,4,0,46,0,21,,72425,4,0,45,0,20,,72447,4,0,45,0,61,,72426,4,0,46,0,21,,72448,4,0,45,0,18,,72427,4,0,46,0,59,,72449,4,0,45,0,18,,72428,4,0,46,0,18,,72450,4,0,45,0,19,,72429,4,0,46,0,60,,72451,4,0,45,0,20,,72430,4,0,46,0,20,,72452,4,0,45,0,60,,72431,4,0,46,0,20,,72453,4,0,45,0,61,,72432,4,0,46,0,20,,72454,4,0,45,0,20,,72433,4,0,46,0,19,,72455,4,0,45,0,60,,72434,4,0,46,0,19,,72456,4,0,45,0,19,,72435,4,0,46,0,60,,72457,4,0,45,0,19,,72436,4,0,46,0,20,,72458,4,0,45,0,60,,72437,4,0,46,0
4000000,'3_4',635,,72506,4,0,46,0,18,,72462,4,0,45,0,62,,72484,4,0,46,0,20,,72463,4,0,45,0,20,,72485,4,0,46,0,61,,72464,4,0,45,0,20,,72486,4,0,46,0,20,,72465,4,0,45,0,60,,72487,4,0,46,0,22,,72466,4,0,45,0,19,,72488,4,0,46,0,61,,72467,4,0,45,0,21,,72489,4,0,46,0,61,,72468,4,0,45,0,21,,72490,4,0,46,0,21,,72469,4,0,45,0,62,,72491,4,0,46,0,21,,72470,4,0,45,0,20,,72492,4,0,45,0,61,,72471,4,0,46,0,21,,72493,4,0,45,0,18,,72472,4,0,46,0,59,,72494,4,0,45,0,18,,72473,4,0,46,0,18,,72495,4,0,45,0,19,,72474,4,0,46,0,60,,72496,4,0,45,0,20,,72475,4,0,46,0,20,,72497,4,0,45,0,60,,72476,4,0,46,0,20,,72498,4,0,45,0,61,,72477,4,0,46,0,20,,72499,4,0,45,0,20,,72478,4,0,46,0,19,,72500,4,0,45,0,60,,72479,4,0,46,0,19,,72501,4,0,45,0,19,,72480,4,0,46,0,60,,72502,4,0,45,0,19,,72481,4,0,46,0,20,,72503,4,0,45,0,60,,72482,4,0,46,0
4000000,'3_5',635,,72551,4,0,46,0,18,,72507,4,0,45,0,62,,72529,4,0,46,0,20,,72508,4,0,45,0,20,,72530,4,0,46,0,61,,72509,4,0,45,0,20,,72531,4,0,46,0,20,,72510,4,0,45,0,60,,72532,4,0,46,0,22,,72511,4,0,45,0,19,,72533,4,0,46,0,61,,72512,4,0,45,0,21,,72534,4,0,46,0,61,,72513,4,0,45,0,21,,72535,4,0,46,0,21,,72514,4,0,45,0,62,,72536,4,0,46,0,21,,72515,4,0,45,0,20,,72537,4,0,45,0,61,,72516,4,0,46,0,21,,72538,4,0,45,0,18,,72517,4,0,46,0,59,,72539,4,0,45,0,18,,72518,4,0,46,0,18,,72540,4,0,45,0,19,,72519,4,0,46,0,60,,72541,4,0,45,0,20,,72520,4,0,46,0,20,,72542,4,0,45,0,60,,72521,4,0,46,0,20,,72543,4,0,45,0,61,,72522,4,0,46,0,20,,72544,4,0,45,0,20,,72523,4,0,46,0,19,,72545,4,0,45,0,60,,72524,4,0,46,0,19,,72546,4,0,45,0,19,,72525,4,0,46,0,60,,72547,4,0,45,0,19,,72526,4,0,46,0,20,,72548,4,0,45,0,60,,72527,4,0,46,0
4000000,'4_7',822,,72552,4,0,46,0,110,,72557,4,0,45,0,110,,72553,4,0,46,0,110,,72558,4,0,45,0,150,,72554,4,0,46,0,110,,72559,4,0,45,0,110,,72555,4,0,46,0,110,,72560,4,0,45,0,110,,72556,4,0,46,0,110,,72561,4,0,45,0
4000001,'0_6',659,,72563,19,,,0,60,,72584,17,,,0,20,,72564,19,,,0,20,,72585,17,,,0,60,,72565,19,,,0,20,,72586,17,,,0,20,,72566,19,,,0,61,,72587,17,,,0,20,,72567,19,,,0,61,,72588,17,,,0,21,,72568,19,,,0,21,,72589,17,,,0,61,,72569,19,,,0,21,,72590,17,,,0,22,,72570,19,,,0,60,,72591,17,,,0,21,,72571,19,,,0,21,,72592,17,,,0,61,,72572,19,,,0,18,,72593,17,,,0,18,,72573,19,,,0,58,,72594,17,,,0,18,,72574,19,,,0,19,,72595,17,,,0,60,,72575,19,,,0,20,,72596,17,,,0,20,,72576,19,,,0,60,,72597,17,,,0,20,,72577,19,,,0,19,,72598,17,,,0,60,,72578,19,,,0,20,,72599,17,,,0,20,,72579,19,,,0,60,,72600,17,,,0,21,,72580,19,,,0,20,,72601,17,,,0,60,,72581,19,,,0,20,,72602,17,,,0,20,,72582,17,,,0,60,,72603,19,,,0,20,,72605,17,,,0,20,,72583,19,,,0,70,,72604,17,,,0
4000001,'1_7',915,,72607,19,,,0,110,,72612,17,,,0,110,,72608,19,,,0,110,,72613,17,,,0,110,,72609,19,,,0,150,,72614,17,,,0,110,,72610,19,,,0,110,,72615,17,,,0,110,,72611,19,,,0,110,,72606,17,,,0
4000001,'3_1',659,,72831,19,,,0,60,,72852,17,,,0,20,,72832,19,,,0,20,,72853,17,,,0,60,,72833,19,,,0,20,,72854,17,,,0,20,,72834,19,,,0,61,,72855,17,,,0,20,,72835,19,,,0,61,,72856,17,,,0,21,,72836,19,,,0,21,,72857,17,,,0,61,,72837,19,,,0,21,,72858,17,,,0,22,,72838,19,,,0,60,,72859,17,,,0,21,,72839,19,,,0,21,,72860,17,,,0,61,,72840,19,,,0,18,,72861,17,,,0,18,,72841,19,,,0,58,,72862,17,,,0,18,,72842,19,,,0,19,,72863,17,,,0,60,,72843,19,,,0,20,,72864,17,,,0,20,,72844,19,,,0,60,,72865,17,,,0,20,,72845,19,,,0,19,,72866,17,,,0,60,,72846,19,,,0,20,,72867,17,,,0,20,,72847,19,,,0,60,,72868,17,,,0,21,,72848,19,,,0,20,,72869,17,,,0,60,,72849,19,,,0,20,,72870,17,,,0,20,,72850,17,,,0,60,,72871,19,,,0,20,,72872,17,,,0,20,,72851,19,,,0,70,,72873,17,,,0
4000001,'3_3',659,,72874,19,,,0,60,,72895,17,,,0,20,,72875,19,,,0,20,,72896,17,,,0,60,,72876,19,,,0,20,,72897,17,,,0,20,,72877,19,,,0,61,,72898,17,,,0,20,,72878,19,,,0,61,,72899,17,,,0,21,,72879,19,,,0,21,,72900,17,,,0,61,,72880,19,,,0,21,,72901,17,,,0,22,,72881,19,,,0,60,,72902,17,,,0,21,,72882,19,,,0,21,,72903,17,,,0,61,,72883,19,,,0,18,,72904,17,,,0,18,,72884,19,,,0,58,,72905,17,,,0,18,,72885,19,,,0,19,,72906,17,,,0,60,,72886,19,,,0,20,,72907,17,,,0,20,,72887,19,,,0,60,,72908,17,,,0,20,,72888,19,,,0,19,,72909,17,,,0,60,,72889,19,,,0,20,,72910,17,,,0,20,,72890,19,,,0,60,,72911,17,,,0,21,,72891,19,,,0,20,,72912,17,,,0,60,,72892,19,,,0,20,,72913,17,,,0,20,,72893,17,,,0,60,,72914,19,,,0,20,,72915,17,,,0,20,,72894,19,,,0,70,,72916,17,,,0
4000001,'3_4',659,,72917,19,,,0,60,,72938,17,,,0,20,,72918,19,,,0,20,,72939,17,,,0,60,,72919,19,,,0,20,,72940,17,,,0,20,,72920,19,,,0,61,,72941,17,,,0,20,,72921,19,,,0,61,,72942,17,,,0,21,,72922,19,,,0,21,,72943,17,,,0,61,,72923,19,,,0,21,,72944,17,,,0,22,,72924,19,,,0,60,,72945,17,,,0,21,,72925,19,,,0,21,,72946,17,,,0,61,,72926,19,,,0,18,,72947,17,,,0,18,,72927,19,,,0,58,,72948,17,,,0,18,,72928,19,,,0,19,,72949,17,,,0,60,,72929,19,,,0,20,,72950,17,,,0,20,,72930,19,,,0,60,,72951,17,,,0,20,,72931,19,,,0,19,,72952,17,,,0,60,,72932,19,,,0,20,,72953,17,,,0,20,,72933,19,,,0,60,,72954,17,,,0,21,,72934,19,,,0,20,,72955,17,,,0,60,,72935,19,,,0,20,,72956,17,,,0,20,,72936,17,,,0,60,,72957,19,,,0,20,,72958,17,,,0,20,,72937,19,,,0,70,,72959,17,,,0
4000001,'3_5',659,,72960,19,,,0,60,,72981,17,,,0,20,,72961,19,,,0,20,,72982,17,,,0,60,,72962,19,,,0,20,,72983,17,,,0,20,,72963,19,,,0,61,,72984,17,,,0,20,,72964,19,,,0,61,,72985,17,,,0,21,,72965,19,,,0,21,,72986,17,,,0,61,,72966,19,,,0,21,,72987,17,,,0,22,,72967,19,,,0,60,,72988,17,,,0,21,,72968,19,,,0,21,,72989,17,,,0,61,,72969,19,,,0,18,,72990,17,,,0,18,,72970,19,,,0,58,,72991,17,,,0,18,,72971,19,,,0,19,,72992,17,,,0,60,,72972,19,,,0,20,,72993,17,,,0,20,,72973,19,,,0,60,,72994,17,,,0,20,,72974,19,,,0,19,,72995,17,,,0,60,,72975,19,,,0,20,,72996,17,,,0,20,,72976,19,,,0,60,,72997,17,,,0,21,,72977,19,,,0,20,,72998,17,,,0,60,,72978,19,,,0,20,,72999,17,,,0,20,,72979,17,,,0,60,,73000,19,,,0,20,,73001,17,,,0,20,,72980,19,,,0,70,,73002,17,,,0
4000001,'4_7',915,,73004,19,,,0,110,,73009,17,,,0,110,,73005,19,,,0,110,,73010,17,,,0,110,,73006,19,,,0,150,,73011,17,,,0,110,,73007,19,,,0,110,,73012,17,,,0,110,,73008,19,,,0,110,,73003,17,,,0
