1501,'0_6',707,,67220,18,,,0,18,,67221,18,,,0,95,,67222,18,,,0,21,,67223,18,,,0,118,,67224,18,,,0,156,,67225,18,,,0,118,,67226,18,,,0,94,,67227,18,,,0,118,,67228,18,,,0,99,,67219,6,,,0,164,,67229,18,,,0,109,,67230,18,,,0,95,,67231,18,,,0
1501,'3_1',707,,67298,18,,,0,18,,67299,18,,,0,95,,67300,18,,,0,21,,67301,18,,,0,118,,67302,18,,,0,156,,67303,18,,,0,118,,67304,18,,,0,94,,67305,18,,,0,118,,67306,18,,,0,99,,67297,6,,,0,164,,67307,18,,,0,109,,67308,18,,,0,95,,67309,18,,,0
1501,'3_3',707,,67311,18,,,0,18,,67312,18,,,0,95,,67313,18,,,0,21,,67314,18,,,0,118,,67315,18,,,0,156,,67316,18,,,0,118,,67317,18,,,0,94,,67318,18,,,0,118,,67319,18,,,0,99,,67310,6,,,0,164,,67320,18,,,0,109,,67321,18,,,0,95,,67322,18,,,0
1501,'3_4',707,,67324,18,,,0,18,,67325,18,,,0,95,,67326,18,,,0,21,,67327,18,,,0,118,,67328,18,,,0,156,,67329,18,,,0,118,,67330,18,,,0,94,,67331,18,,,0,118,,67332,18,,,0,99,,67323,6,,,0,164,,67333,18,,,0,109,,67334,18,,,0,95,,67335,18,,,0
1501,'3_5',707,,67337,18,,,0,18,,67338,18,,,0,95,,67339,18,,,0,21,,67340,18,,,0,118,,67341,18,,,0,156,,67342,18,,,0,118,,67343,18,,,0,94,,67344,18,,,0,118,,67345,18,,,0,99,,67336,6,,,0,164,,67346,18,,,0,109,,67347,18,,,0,95,,67348,18,,,0
4000001,'0_6',650,,72563,12,,,0,59,,72584,10,,,0,20,,72564,12,,,0,20,,72585,10,,,0,59,,72565,12,,,0,20,,72586,10,,,0,20,,72566,12,,,0,61,,72587,10,,,0,20,,72567,12,,,0,21,,72588,10,,,0,61,,72568,12,,,0,20,,72589,10,,,0,21,,72569,12,,,0,61,,72590,10,,,0,22,,72570,12,,,0,20,,72591,10,,,0,63,,72571,12,,,0,21,,72592,10,,,0,61,,72572,12,,,0,18,,72593,10,,,0,18,,72573,12,,,0,17,,72594,10,,,0,58,,72574,12,,,0,19,,72595,10,,,0,20,,72575,12,,,0,60,,72596,10,,,0,20,,72576,12,,,0,20,,72597,10,,,0,59,,72577,12,,,0,19,,72598,10,,,0,20,,72578,12,,,0,60,,72599,10,,,0,20,,72579,12,,,0,20,,72600,10,,,0,61,,72580,12,,,0,21,,72601,10,,,0,20,,72581,12,,,0,60,,72602,10,,,0,20,,72582,10,,,0,21,,72603,12,,,0,61,,72605,10,,,0,20,,72583,12,,,0,70,,72604,10,,,0
4000001,'1_7',907,,72607,12,,,0,110,,72612,10,,,0,110,,72608,12,,,0,110,,72613,10,,,0,110,,72609,12,,,0,110,,72614,10,,,0,150,,72610,12,,,0,110,,72615,10,,,0,110,,72611,12,,,0,110,,72606,10,,,0
4000001,'3_1',650,,72831,12,,,0,59,,72852,10,,,0,20,,72832,12,,,0,20,,72853,10,,,0,59,,72833,12,,,0,20,,72854,10,,,0,20,,72834,12,,,0,61,,72855,10,,,0,20,,72835,12,,,0,21,,72856,10,,,0,61,,72836,12,,,0,20,,72857,10,,,0,21,,72837,12,,,0,61,,72858,10,,,0,22,,72838,12,,,0,20,,72859,10,,,0,63,,72839,12,,,0,21,,72860,10,,,0,61,,72840,12,,,0,18,,72861,10,,,0,18,,72841,12,,,0,17,,72862,10,,,0,58,,72842,12,,,0,19,,72863,10,,,0,20,,72843,12,,,0,60,,72864,10,,,0,20,,72844,12,,,0,20,,72865,10,,,0,59,,72845,12,,,0,19,,72866,10,,,0,20,,72846,12,,,0,60,,72867,10,,,0,20,,72847,12,,,0,20,,72868,10,,,0,61,,72848,12,,,0,21,,72869,10,,,0,20,,72849,12,,,0,60,,72870,10,,,0,20,,72850,10,,,0,21,,72871,12,,,0,61,,72872,10,,,0,20,,72851,12,,,0,70,,72873,10,,,0
4000001,'3_3',650,,72874,12,,,0,59,,72895,10,,,0,20,,72875,12,,,0,20,,72896,10,,,0,59,,72876,12,,,0,20,,72897,10,,,0,20,,72877,12,,,0,61,,72898,10,,,0,20,,72878,12,,,0,21,,72899,10,,,0,61,,72879,12,,,0,20,,72900,10,,,0,21,,72880,12,,,0,61,,72901,10,,,0,22,,72881,12,,,0,20,,72902,10,,,0,63,,72882,12,,,0,21,,72903,10,,,0,61,,72883,12,,,0,18,,72904,10,,,0,18,,72884,12,,,0,17,,72905,10,,,0,58,,72885,12,,,0,19,,72906,10,,,0,20,,72886,12,,,0,60,,72907,10,,,0,20,,72887,12,,,0,20,,72908,10,,,0,59,,72888,12,,,0,19,,72909,10,,,0,20,,72889,12,,,0,60,,72910,10,,,0,20,,72890,12,,,0,20,,72911,10,,,0,61,,72891,12,,,0,21,,72912,10,,,0,20,,72892,12,,,0,60,,72913,10,,,0,20,,72893,10,,,0,21,,72914,12,,,0,61,,72915,10,,,0,20,,72894,12,,,0,70,,72916,10,,,0
4000001,'3_4',650,,72917,12,,,0,59,,72938,10,,,0,20,,72918,12,,,0,20,,72939,10,,,0,59,,72919,12,,,0,20,,72940,10,,,0,20,,72920,12,,,0,61,,72941,10,,,0,20,,72921,12,,,0,21,,72942,10,,,0,61,,72922,12,,,0,20,,72943,10,,,0,21,,72923,12,,,0,61,,72944,10,,,0,22,,72924,12,,,0,20,,72945,10,,,0,63,,72925,12,,,0,21,,72946,10,,,0,61,,72926,12,,,0,18,,72947,10,,,0,18,,72927,12,,,0,17,,72948,10,,,0,58,,72928,12,,,0,19,,72949,10,,,0,20,,72929,12,,,0,60,,72950,10,,,0,20,,72930,12,,,0,20,,72951,10,,,0,59,,72931,12,,,0,19,,72952,10,,,0,20,,72932,12,,,0,60,,72953,10,,,0,20,,72933,12,,,0,20,,72954,10,,,0,61,,72934,12,,,0,21,,72955,10,,,0,20,,72935,12,,,0,60,,72956,10,,,0,20,,72936,10,,,0,21,,72957,12,,,0,61,,72958,10,,,0,20,,72937,12,,,0,70,,72959,10,,,0
4000001,'3_5',650,,72960,12,,,0,59,,72981,10,,,0,20,,72961,12,,,0,20,,72982,10,,,0,59,,72962,12,,,0,20,,72983,10,,,0,20,,72963,12,,,0,61,,72984,10,,,0,20,,72964,12,,,0,21,,72985,10,,,0,61,,72965,12,,,0,20,,72986,10,,,0,21,,72966,12,,,0,61,,72987,10,,,0,22,,72967,12,,,0,20,,72988,10,,,0,63,,72968,12,,,0,21,,72989,10,,,0,61,,72969,12,,,0,18,,72990,10,,,0,18,,72970,12,,,0,17,,72991,10,,,0,58,,72971,12,,,0,19,,72992,10,,,0,20,,72972,12,,,0,60,,72993,10,,,0,20,,72973,12,,,0,20,,72994,10,,,0,59,,72974,12,,,0,19,,72995,10,,,0,20,,72975,12,,,0,60,,72996,10,,,0,20,,72976,12,,,0,20,,72997,10,,,0,61,,72977,12,,,0,21,,72998,10,,,0,20,,72978,12,,,0,60,,72999,10,,,0,20,,72979,10,,,0,21,,73000,12,,,0,61,,73001,10,,,0,20,,72980,12,,,0,70,,73002,10,,,0
4000001,'4_7',907,,73004,12,,,0,110,,73009,10,,,0,110,,73005,12,,,0,110,,73010,10,,,0,110,,73006,12,,,0,110,,73011,10,,,0,150,,73007,12,,,0,110,,73012,10,,,0,110,,73008,12,,,0,110,,73003,10,,,0
