101,'1_3',752,,48184,55,0,6,0,68,,48185,55,0,6,0,29,,48186,55,0,6,0,95,,48190,49,0,6,0,157,,48191,49,0,6,0,114,,48192,49,0,6,0,89,,48193,49,0,6,0,114,,48187,55,0,6,0,97,,48194,49,0,6,0,100,,48195,49,0,6,0,88,,48196,49,0,6,0,38,,48197,49,0,6,0,75,,48198,49,0,6,0,37,,48188,55,0,6,0,84,,48189,55,0,6,0
101,'2_6',1038,,30142,49,0,6,0,100,,30143,49,0,6,0,98,,30144,49,0,6,0,99,,30145,49,0,6,0,100,,30146,49,0,6,0,101,,30147,49,0,6,0,103,,30148,49,0,6,0,103,,30149,49,0,6,0,100,,30150,49,0,6,0,96,,30151,49,0,6,0
101,'3_7',948,,30152,49,0,6,0,210,,30153,49,0,6,0,250,,30154,49,0,6,0,150,,30155,49,0,6,0,250,,30156,49,0,6,0
101,'4_7',948,,46667,49,0,6,0,210,,46668,49,0,6,0,250,,46669,49,0,6,0,150,,46670,49,0,6,0,250,,46671,49,0,6,0
101,'7_1',752,,46677,55,0,6,0,68,,46678,55,0,6,0,29,,46679,55,0,6,0,95,,46683,49,0,6,0,157,,46684,49,0,6,0,114,,46685,49,0,6,0,89,,46686,49,0,6,0,114,,46680,55,0,6,0,97,,46687,49,0,6,0,100,,46688,49,0,6,0,88,,46689,49,0,6,0,38,,46690,49,0,6,0,75,,46691,49,0,6,0,37,,46681,55,0,6,0,84,,46682,55,0,6,0
101,'7_2',752,,48217,55,0,6,0,68,,48218,55,0,6,0,29,,48219,55,0,6,0,95,,48223,49,0,6,0,157,,48224,49,0,6,0,114,,48225,49,0,6,0,89,,48226,49,0,6,0,114,,48220,55,0,6,0,97,,48227,49,0,6,0,100,,48228,49,0,6,0,88,,48229,49,0,6,0,38,,48230,49,0,6,0,75,,48231,49,0,6,0,37,,48221,55,0,6,0,84,,48222,55,0,6,0
101,'7_4',752,,48250,55,0,6,0,68,,48251,55,0,6,0,29,,48252,55,0,6,0,95,,48256,49,0,6,0,157,,48257,49,0,6,0,114,,48258,49,0,6,0,89,,48259,49,0,6,0,114,,48253,55,0,6,0,97,,48260,49,0,6,0,100,,48261,49,0,6,0,88,,48262,49,0,6,0,38,,48263,49,0,6,0,75,,48264,49,0,6,0,37,,48254,55,0,6,0,84,,48255,55,0,6,0
101,'8_7',948,,51857,49,0,6,0,210,,51858,49,0,6,0,250,,51859,49,0,6,0,150,,51860,49,0,6,0,250,,51861,49,0,6,0
101,'9_7',948,,52084,49,0,6,0,210,,52085,49,0,6,0,250,,52086,49,0,6,0,150,,52087,49,0,6,0,250,,52088,49,0,6,0
2201,'1_3',1227,,49765,11,,,0,75,,49761,15,,,0,346,,49762,15,,,0,158,,49763,15,,,0,101,,49764,15,,,0
2201,'7_1',1302,,47263,15,,,0,324,,47267,11,,,0,22,,47264,15,,,0,78,,47268,11,,,0,80,,47265,15,,,0,20,,47269,11,,,0,81,,47266,15,,,0
2201,'7_2',1302,,49766,15,,,0,324,,49770,11,,,0,22,,49767,15,,,0,78,,49771,11,,,0,80,,49768,15,,,0,20,,49772,11,,,0,81,,49769,15,,,0
2201,'7_4',1302,,49773,15,,,0,324,,49777,11,,,0,22,,49774,15,,,0,78,,49778,11,,,0,80,,49775,15,,,0,20,,49779,11,,,0,81,,49776,15,,,0
