2600,'1_3',723,,49895,25,4,,0,17,,49906,25,4,,0,79,,49907,25,4,,0,18,,49908,25,4,,0,83,,49909,25,4,,0,29,,49910,25,4,,0,95,,49896,25,4,,0,99,,49897,25,4,,0,98,,49898,25,4,,0,67,,49899,25,4,,0,30,,49914,25,4,,0,94,,49915,25,4,,0,112,,49900,25,4,,0,86,,49901,25,4,,0,26,,49911,25,4,,0,73,,49912,25,4,,0,20,,49902,25,4,,0,67,,49903,25,4,,0,29,,49904,25,4,,0,68,,49916,25,4,,0
2600,'2_6',743,,33480,25,4,,0,86,,33481,25,4,,0,84,,33482,25,4,,0,45,,33483,25,4,,0,84,,33484,25,4,,0,90,,33485,25,4,,0,84,,33486,25,4,,0,42,,33487,25,4,,0,85,,33488,25,4,,0,85,,33489,25,4,,0,83,,33490,25,4,,0,45,,33491,25,4,,0,91,,33492,25,4,,0,86,,33493,25,4,,0,83,,33494,25,4,,0,84,,33495,25,4,,0,42,,33496,25,4,,0
2600,'7_1',723,,47310,25,4,,0,17,,47321,25,4,,0,79,,47322,25,4,,0,18,,47323,25,4,,0,83,,47324,25,4,,0,29,,47325,25,4,,0,95,,47311,25,4,,0,99,,47312,25,4,,0,98,,47313,25,4,,0,67,,47314,25,4,,0,30,,47329,25,4,,0,94,,47330,25,4,,0,112,,47315,25,4,,0,86,,47316,25,4,,0,26,,47326,25,4,,0,73,,47327,25,4,,0,20,,47317,25,4,,0,67,,47318,25,4,,0,29,,47319,25,4,,0,68,,47332,25,4,,0
2600,'7_2',723,,49918,25,4,,0,17,,49929,25,4,,0,79,,49930,25,4,,0,18,,49931,25,4,,0,83,,49932,25,4,,0,29,,49933,25,4,,0,95,,49919,25,4,,0,99,,49920,25,4,,0,98,,49921,25,4,,0,67,,49922,25,4,,0,30,,49937,25,4,,0,94,,49938,25,4,,0,112,,49923,25,4,,0,86,,49924,25,4,,0,26,,49934,25,4,,0,73,,49935,25,4,,0,20,,49925,25,4,,0,67,,49926,25,4,,0,29,,49927,25,4,,0,68,,49940,25,4,,0
2600,'7_4',723,,49943,25,4,,0,17,,49954,25,4,,0,79,,49955,25,4,,0,18,,49956,25,4,,0,83,,49957,25,4,,0,29,,49958,25,4,,0,95,,49944,25,4,,0,99,,49945,25,4,,0,98,,49946,25,4,,0,67,,49947,25,4,,0,30,,49962,25,4,,0,94,,49963,25,4,,0,112,,49948,25,4,,0,86,,49949,25,4,,0,26,,49959,25,4,,0,73,,49960,25,4,,0,20,,49950,25,4,,0,67,,49951,25,4,,0,29,,49952,25,4,,0,68,,49965,25,4,,0
2601,'1_3',707,,49967,1,,,0,33,,49976,1,,,0,66,,49978,1,,,0,24,,49977,1,,,0,79,,49968,1,,,0,99,,49969,1,,,0,100,,49985,1,,,0,98,,49970,1,,,0,29,,49986,1,,,0,22,,49987,1,,,0,91,,49971,1,,,0,94,,49972,1,,,0,113,,49980,1,,,0,85,,49981,1,,,0,65,,49982,1,,,0,95,,49983,1,,,0,26,,49984,1,,,0,96,,49979,1,,,0
2601,'2_6',713,,33615,1,,,0,45,,33618,1,,,0,85,,33619,1,,,0,85,,33620,1,,,0,90,,33621,1,,,0,84,,33622,1,,,0,44,,33623,1,,,0,85,,33624,1,,,0,82,,33625,1,,,0,42,,33626,1,,,0,86,,33627,1,,,0,90,,33628,1,,,0,85,,33629,1,,,0,40,,33630,1,,,0,87,,33631,1,,,0,84,,33617,1,,,0,85,,33616,1,,,0
2601,'7_1',707,,47334,1,,,0,33,,47344,1,,,0,66,,47346,1,,,0,24,,47345,1,,,0,79,,47335,1,,,0,99,,47336,1,,,0,100,,47353,1,,,0,98,,47337,1,,,0,29,,47354,1,,,0,22,,47355,1,,,0,91,,47338,1,,,0,94,,47339,1,,,0,113,,47348,1,,,0,85,,47349,1,,,0,65,,47350,1,,,0,95,,47351,1,,,0,26,,47352,1,,,0,96,,47347,1,,,0
2601,'7_2',707,,49989,1,,,0,33,,49999,1,,,0,66,,50001,1,,,0,24,,50000,1,,,0,79,,49990,1,,,0,99,,49991,1,,,0,100,,50008,1,,,0,98,,49992,1,,,0,29,,50009,1,,,0,22,,50010,1,,,0,91,,49993,1,,,0,94,,49994,1,,,0,113,,50003,1,,,0,85,,50004,1,,,0,65,,50005,1,,,0,95,,50006,1,,,0,26,,50007,1,,,0,96,,50002,1,,,0
2601,'7_4',707,,50013,1,,,0,33,,50023,1,,,0,66,,50025,1,,,0,24,,50024,1,,,0,79,,50014,1,,,0,99,,50015,1,,,0,100,,50032,1,,,0,98,,50016,1,,,0,29,,50033,1,,,0,22,,50034,1,,,0,91,,50017,1,,,0,94,,50018,1,,,0,113,,50027,1,,,0,85,,50028,1,,,0,65,,50029,1,,,0,95,,50030,1,,,0,26,,50031,1,,,0,96,,50026,1,,,0
