'2407-ETE-24g06E-d-Dimanche-00',300000,82500,4,'',0,13000,4,'',0,17000,4,'',0,13000,4,'',0,17000,4,'',0,13000,4,'',0,17000,4,'',0,12900,4,'',0,17000,4,'',0
'2407-ETE-24g06E-d-Dimanche-00',300001,83500,,'',0,17000,,'',0,13000,,'',0,17000,,'',0,13000,,'',0,17000,,'',0,13000,,'',0,17000,,'',0,13000,,'',0
'2407-ETE-24g06E-s-Samedi-00',300000,70400,4,'',0,4300,4,'',0,8300,4,'',0,2800,4,'',0,5900,4,'',0,2100,4,'',0,2000,4,'',0,6000,4,'',0,2000,4,'',0,2000,4,'',0,6000,4,'',0,2000,4,'',0,2000,4,'',0,6000,4,'',0,2000,4,'',0,1900,4,'',0,6000,4,'',0,2100,4,'',0,2000,4,'',0,6000,4,'',0,2000,4,'',0,2000,4,'',0,6000,4,'',0,2000,4,'',0,2000,4,'',0,6100,4,'',0,2100,4,'',0,6000,4,'',0,2100,4,'',0,2000,4,'',0,6000,4,'',0,2000,4,'',0,2000,4,'',0,1600,4,'',0,5800,4,'',0,2800,4,'',0,7000,4,'',0,3000,4,'',0,7000,4,'',0
'2407-ETE-24g06E-s-Samedi-00',300001,63000,,'',0,8000,,'',0,4300,,'',0,7700,,'',0,2000,,'',0,6000,,'',0,2000,,'',0,2000,,'',0,6000,,'',0,2000,,'',0,2000,,'',0,6000,,'',0,2000,,'',0,2000,,'',0,6000,,'',0,2000,,'',0,2000,,'',0,6000,,'',0,2000,,'',0,2000,,'',0,6000,,'',0,2000,,'',0,2000,,'',0,6000,,'',0,2000,,'',0,2000,,'',0,6000,,'',0,2000,,'',0,2000,,'',0,6000,,'',0,2000,,'',0,2000,,'',0,6000,,'',0,2000,,'',0,2000,,'',0,7100,,'',0,2900,,'',0,7000,,'',0,3000,,'',0
'2407-ETE-24g06Elv-Semaine-01',300000,70000,4,'',0,1900,4,'',0,2300,4,'',0,6100,4,'',0,2000,4,'',0,2000,4,'',0,6000,4,'',0,2100,4,'',0,2100,4,'',0,6000,4,'',0,2000,4,'',0,1900,4,'',0,6100,4,'',0,2000,4,'',0,2000,4,'',0,6000,4,'',0,2000,4,'',0,2000,4,'',0,6000,4,'',0,2100,4,'',0,1900,4,'',0,5900,4,'',0,2000,4,'',0,2100,4,'',0,6000,4,'',0,2000,4,'',0,2000,4,'',0,5900,4,'',0,2000,4,'',0,2100,4,'',0,6000,4,'',0,2000,4,'',0,2000,4,'',0,6100,4,'',0,2000,4,'',0,2000,4,'',0,5800,4,'',0,1700,4,'',0,1700,4,'',0,7000,4,'',0,3200,4,'',0,7300,4,'',0
'2407-ETE-24g06Elv-Semaine-01',300001,63800,,'',0,6200,,'',0,1900,,'',0,2000,,'',0,2000,,'',0,6000,,'',0,1900,,'',0,2000,,'',0,6000,,'',0,2000,,'',0,2000,,'',0,6000,,'',0,2000,,'',0,1900,,'',0,5900,,'',0,2200,,'',0,2100,,'',0,5800,,'',0,1900,,'',0,2100,,'',0,6100,,'',0,1700,,'',0,2000,,'',0,6000,,'',0,1900,,'',0,2000,,'',0,6100,,'',0,2000,,'',0,2000,,'',0,5900,,'',0,2000,,'',0,2000,,'',0,6000,,'',0,2100,,'',0,2000,,'',0,6200,,'',0,2100,,'',0,2100,,'',0,6300,,'',0,2300,,'',0,7100,,'',0,3200,,'',0
'2407-ETE-24g17E-s-Samedi-00',300000,70400,4,'',0,4300,4,'',0,8300,4,'',0,2800,4,'',0,5900,4,'',0,2100,4,'',0,2000,4,'',0,6000,4,'',0,2000,4,'',0,2000,4,'',0,6000,4,'',0,2000,4,'',0,2000,4,'',0,6000,4,'',0,2000,4,'',0,1900,4,'',0,6000,4,'',0,2100,4,'',0,2000,4,'',0,6000,4,'',0,2000,4,'',0,2000,4,'',0,6000,4,'',0,2000,4,'',0,2000,4,'',0,6100,4,'',0,2100,4,'',0,6000,4,'',0,2100,4,'',0,2000,4,'',0,6000,4,'',0,2000,4,'',0,2000,4,'',0,1600,4,'',0,5800,4,'',0,2800,4,'',0,7000,4,'',0,3000,4,'',0,7000,4,'',0
'2407-ETE-24g17E-s-Samedi-00',300001,63000,,'',0,8000,,'',0,4300,,'',0,7700,,'',0,2000,,'',0,6000,,'',0,2000,,'',0,2000,,'',0,6000,,'',0,2000,,'',0,2000,,'',0,6000,,'',0,2000,,'',0,2000,,'',0,6000,,'',0,2000,,'',0,2000,,'',0,6000,,'',0,2000,,'',0,2000,,'',0,6000,,'',0,2000,,'',0,2000,,'',0,6000,,'',0,2000,,'',0,2000,,'',0,6000,,'',0,2000,,'',0,2000,,'',0,6000,,'',0,2000,,'',0,2000,,'',0,6000,,'',0,2000,,'',0,2000,,'',0,7100,,'',0,2900,,'',0,7000,,'',0,3000,,'',0
'2407-ETE-24g17Elv-Semaine-00',300000,70000,4,'',0,1900,4,'',0,2300,4,'',0,6100,4,'',0,2000,4,'',0,2000,4,'',0,6000,4,'',0,2100,4,'',0,2100,4,'',0,6000,4,'',0,2000,4,'',0,1900,4,'',0,6100,4,'',0,2000,4,'',0,2000,4,'',0,6000,4,'',0,2000,4,'',0,2000,4,'',0,6000,4,'',0,2100,4,'',0,1900,4,'',0,5900,4,'',0,2000,4,'',0,2100,4,'',0,6000,4,'',0,2000,4,'',0,2000,4,'',0,5900,4,'',0,2000,4,'',0,2100,4,'',0,6000,4,'',0,2000,4,'',0,2000,4,'',0,6100,4,'',0,2000,4,'',0,2000,4,'',0,5800,4,'',0,1700,4,'',0,1700,4,'',0,7000,4,'',0,3200,4,'',0,7300,4,'',0
'2407-ETE-24g17Elv-Semaine-00',300001,63800,,'',0,6200,,'',0,1900,,'',0,2000,,'',0,2000,,'',0,6000,,'',0,1900,,'',0,2000,,'',0,6000,,'',0,2000,,'',0,2000,,'',0,6000,,'',0,2000,,'',0,1900,,'',0,5900,,'',0,2200,,'',0,2100,,'',0,5800,,'',0,1900,,'',0,2100,,'',0,6100,,'',0,1700,,'',0,2000,,'',0,6000,,'',0,1900,,'',0,2000,,'',0,6100,,'',0,2000,,'',0,2000,,'',0,5900,,'',0,2000,,'',0,2000,,'',0,6000,,'',0,2100,,'',0,2000,,'',0,6200,,'',0,2100,,'',0,2100,,'',0,6300,,'',0,2300,,'',0,7100,,'',0,3200,,'',0
'2407-ETE-24h02Elv-Semaine-00',300000,70000,4,'',0,1900,4,'',0,2300,4,'',0,6100,4,'',0,2000,4,'',0,2000,4,'',0,6000,4,'',0,2100,4,'',0,2100,4,'',0,6000,4,'',0,2000,4,'',0,1900,4,'',0,6100,4,'',0,2000,4,'',0,2000,4,'',0,6000,4,'',0,2000,4,'',0,2000,4,'',0,6000,4,'',0,2100,4,'',0,1900,4,'',0,5900,4,'',0,2000,4,'',0,2100,4,'',0,6000,4,'',0,2000,4,'',0,2000,4,'',0,5900,4,'',0,2000,4,'',0,2100,4,'',0,6000,4,'',0,2000,4,'',0,2000,4,'',0,6100,4,'',0,2000,4,'',0,2000,4,'',0,5800,4,'',0,1700,4,'',0,1700,4,'',0,7000,4,'',0,3200,4,'',0,7300,4,'',0
'2407-ETE-24h02Elv-Semaine-00',300001,63800,,'',0,6200,,'',0,1900,,'',0,2000,,'',0,2000,,'',0,6000,,'',0,1900,,'',0,2000,,'',0,6000,,'',0,2000,,'',0,2000,,'',0,6000,,'',0,2000,,'',0,1900,,'',0,5900,,'',0,2200,,'',0,2100,,'',0,5800,,'',0,1900,,'',0,2100,,'',0,6100,,'',0,1700,,'',0,2000,,'',0,6000,,'',0,1900,,'',0,2000,,'',0,6100,,'',0,2000,,'',0,2000,,'',0,5900,,'',0,2000,,'',0,2000,,'',0,6000,,'',0,2100,,'',0,2000,,'',0,6200,,'',0,2100,,'',0,2100,,'',0,6300,,'',0,2300,,'',0,7100,,'',0,3200,,'',0
'2407-ETE-24h15E-d-Dimanche-00',300000,82500,4,'',0,13000,4,'',0,17000,4,'',0,13000,4,'',0,17000,4,'',0,13000,4,'',0,17000,4,'',0,12900,4,'',0,17000,4,'',0
'2407-ETE-24h15E-d-Dimanche-00',300001,83500,,'',0,17000,,'',0,13000,,'',0,17000,,'',0,13000,,'',0,17000,,'',0,13000,,'',0,17000,,'',0,13000,,'',0
'2407-ETE-24h22Elv-Semaine-00',300000,70000,4,'',0,1900,4,'',0,2300,4,'',0,6100,4,'',0,2000,4,'',0,2000,4,'',0,6000,4,'',0,2100,4,'',0,2100,4,'',0,6000,4,'',0,2000,4,'',0,1900,4,'',0,6100,4,'',0,2000,4,'',0,2000,4,'',0,6000,4,'',0,2000,4,'',0,2000,4,'',0,6000,4,'',0,2100,4,'',0,1900,4,'',0,5900,4,'',0,2000,4,'',0,2100,4,'',0,6000,4,'',0,2000,4,'',0,2000,4,'',0,5900,4,'',0,2000,4,'',0,2100,4,'',0,6000,4,'',0,2000,4,'',0,2000,4,'',0,6100,4,'',0,2000,4,'',0,2000,4,'',0,5800,4,'',0,1700,4,'',0,1700,4,'',0,7000,4,'',0,3200,4,'',0,7300,4,'',0
'2407-ETE-24h22Elv-Semaine-00',300001,63800,,'',0,6200,,'',0,1900,,'',0,2000,,'',0,2000,,'',0,6000,,'',0,1900,,'',0,2000,,'',0,6000,,'',0,2000,,'',0,2000,,'',0,6000,,'',0,2000,,'',0,1900,,'',0,5900,,'',0,2200,,'',0,2100,,'',0,5800,,'',0,1900,,'',0,2100,,'',0,6100,,'',0,1700,,'',0,2000,,'',0,6000,,'',0,1900,,'',0,2000,,'',0,6100,,'',0,2000,,'',0,2000,,'',0,5900,,'',0,2000,,'',0,2000,,'',0,6000,,'',0,2100,,'',0,2000,,'',0,6200,,'',0,2100,,'',0,2100,,'',0,6300,,'',0,2300,,'',0,7100,,'',0,3200,,'',0
'2407-ETE-24i06E-d-Dimanche-00',300000,82500,4,'',0,13000,4,'',0,17000,4,'',0,13000,4,'',0,17000,4,'',0,13000,4,'',0,17000,4,'',0,12900,4,'',0,17000,4,'',0
'2407-ETE-24i06E-d-Dimanche-00',300001,83500,,'',0,17000,,'',0,13000,,'',0,17000,,'',0,13000,,'',0,17000,,'',0,13000,,'',0,17000,,'',0,13000,,'',0
