400,'0_6',817,,64806,3,0,40,0,201,,64821,3,0,40,0,203,,64824,3,0,40,0,195,,64814,3,0,40,0,201,,64818,3,0,40,0,200,,64820,3,0,40,0,84,,64816,3,0,40,0
400,'1_7',802,,64828,3,0,40,0,125,,64829,3,0,40,0,125,,64830,3,0,40,0,200,,64831,3,0,40,0,165,,64832,3,0,40,0,125,,64833,3,0,40,0,165,,64834,3,0,40,0,125,,64835,3,0,40,0
400,'3_1',817,,64963,3,0,40,0,202,,64983,3,0,40,0,202,,64977,3,0,40,0,195,,64971,3,0,40,0,205,,64978,3,0,40,0,94,,64974,3,,,0,107,,64984,3,0,40,0,86,,64975,3,0,40,0
400,'3_3',817,,64988,3,0,40,0,202,,65008,3,0,40,0,202,,65002,3,0,40,0,195,,64996,3,0,40,0,205,,65003,3,0,40,0,94,,64999,3,,,0,107,,65009,3,0,40,0,86,,65000,3,0,40,0
400,'3_4',817,,65013,3,0,40,0,202,,65033,3,0,40,0,202,,65027,3,0,40,0,195,,65021,3,0,40,0,205,,65028,3,0,40,0,94,,65024,3,,,0,107,,65034,3,0,40,0,86,,65025,3,0,40,0
400,'3_5',817,,65038,3,0,40,0,202,,65058,3,0,40,0,202,,65052,3,0,40,0,195,,65046,3,0,40,0,205,,65053,3,0,40,0,94,,65049,3,,,0,107,,65059,3,0,40,0,86,,65050,3,0,40,0
400,'4_7',802,,65061,3,0,40,0,125,,65062,3,0,40,0,125,,65063,3,0,40,0,200,,65064,3,0,40,0,165,,65065,3,0,40,0,125,,65066,3,0,40,0,165,,65067,3,0,40,0,125,,65068,3,0,40,0
2901200,'3_1',642,,71186,3,,,0,104,,71187,3,,,0
2901200,'3_3',642,,71188,3,,,0,104,,71189,3,,,0
2901200,'3_4',642,,71190,3,,,0,104,,71191,3,,,0
2901200,'3_5',642,,71192,3,,,0,104,,71193,3,,,0
