400,'1_3',733,,48708,29,0,43,0,15,,48716,29,0,40,0,56,,48686,29,0,40,0,13,,48687,29,0,40,0,16,,48710,29,0,40,0,15,,48688,29,0,40,0,53,,48689,29,0,40,0,30,,48690,29,0,40,0,80,,48691,41,0,40,0,31,,48692,29,0,40,0,70,,48693,29,0,40,0,35,,48694,29,0,40,0,76,,48695,29,0,40,0,23,,48714,29,,,0,65,,48711,41,0,40,0,30,,48696,29,0,40,0,67,,48697,29,0,40,0,28,,48700,41,0,40,0,75,,48698,29,0,40,0,31,,48701,41,0,40,0,77,,48699,29,0,40,0,30,,48717,29,0,40,0,66,,48702,13,0,40,0,5,,48712,41,0,40,0,14,,48703,29,0,40,0,15,,48718,29,,,0,55,,48704,41,0,40,0,24,,48705,29,0,40,0,18,,48715,29,,,0,74,,48706,29,0,40,0,25,,48707,41,0,40,0
400,'2_6',730,,31221,29,0,40,0,105,,31222,29,0,40,0,73,,31215,41,0,40,0,27,,31223,29,0,40,0,72,,31224,29,0,40,0,30,,31225,29,0,40,0,71,,31216,41,0,40,0,31,,31226,29,0,40,0,69,,31228,29,0,40,0,30,,31227,29,0,40,0,69,,31217,41,0,40,0,31,,31229,29,0,40,0,70,,31230,29,0,40,0,29,,31231,29,0,40,0,73,,31218,41,0,40,0,32,,31232,29,0,40,0,69,,31233,29,0,40,0,30,,31234,29,0,40,0,73,,31219,41,0,40,0,34,,31235,29,0,40,0,71,,31236,29,0,40,0,31,,31237,29,0,40,0,69,,31220,41,0,40,0,31,,31238,29,0,40,0
400,'3_7',930,,31239,29,0,40,0,100,,31240,29,0,40,0,100,,31241,29,0,40,0,100,,31242,29,0,40,0,100,,31243,29,0,40,0,100,,31244,29,0,40,0,100,,31245,29,0,40,0,100,,31246,29,0,40,0,100,,31247,29,0,40,0,100,,31248,29,0,40,0
400,'4_7',930,,46882,29,0,40,0,100,,46883,29,0,40,0,100,,46884,29,0,40,0,100,,46885,29,0,40,0,100,,46886,29,0,40,0,100,,46887,29,0,40,0,100,,46888,29,0,40,0,100,,46889,29,0,40,0,100,,46890,29,0,40,0,100,,46891,29,0,40,0
400,'7_1',733,,46915,29,0,43,0,15,,46923,29,0,40,0,56,,46892,29,0,40,0,13,,46893,29,0,40,0,16,,46917,29,0,40,0,15,,46894,29,0,40,0,53,,46895,29,0,40,0,30,,46896,29,0,40,0,80,,46897,41,0,40,0,31,,46898,29,0,40,0,70,,46899,29,0,40,0,35,,46900,29,0,40,0,76,,46901,29,0,40,0,23,,46921,29,,,0,65,,46918,41,0,40,0,30,,46902,29,0,40,0,67,,46903,29,0,40,0,28,,46906,41,0,40,0,75,,46904,29,0,40,0,31,,46907,41,0,40,0,77,,46905,29,0,40,0,30,,46924,29,0,40,0,66,,46908,13,0,40,0,5,,46919,41,0,40,0,14,,46909,29,0,40,0,15,,46925,29,,,0,55,,46910,41,0,40,0,24,,46914,13,0,40,0,18,,46922,29,,,0,74,,46912,29,0,40,0,25,,46913,41,0,40,0
400,'7_2',733,,48742,29,0,43,0,15,,48750,29,0,40,0,56,,48719,29,0,40,0,13,,48720,29,0,40,0,16,,48744,29,0,40,0,15,,48721,29,0,40,0,53,,48722,29,0,40,0,30,,48723,29,0,40,0,80,,48724,41,0,40,0,31,,48725,29,0,40,0,70,,48726,29,0,40,0,35,,48727,29,0,40,0,76,,48728,29,0,40,0,23,,48748,29,,,0,65,,48745,41,0,40,0,30,,48729,29,0,40,0,67,,48730,29,0,40,0,28,,48733,41,0,40,0,75,,48731,29,0,40,0,31,,48734,41,0,40,0,77,,48732,29,0,40,0,30,,48751,29,0,40,0,66,,48735,13,0,40,0,5,,48746,41,0,40,0,14,,48736,29,0,40,0,15,,48752,29,,,0,55,,48737,41,0,40,0,24,,48741,13,0,40,0,18,,48749,29,,,0,74,,48739,29,0,40,0,25,,48740,41,0,40,0
400,'7_4',733,,48776,29,0,43,0,15,,48784,29,0,40,0,56,,48753,29,0,40,0,13,,48754,29,0,40,0,16,,48778,29,0,40,0,15,,48755,29,0,40,0,53,,48756,29,0,40,0,30,,48757,29,0,40,0,80,,48758,41,0,40,0,31,,48759,29,0,40,0,70,,48760,29,0,40,0,35,,48761,29,0,40,0,76,,48762,29,0,40,0,23,,48782,29,,,0,65,,48779,41,0,40,0,30,,48763,29,0,40,0,67,,48764,29,0,40,0,28,,48767,41,0,40,0,75,,48765,29,0,40,0,31,,48768,41,0,40,0,77,,48766,29,0,40,0,30,,48785,29,0,40,0,66,,48769,13,0,40,0,5,,48780,41,0,40,0,14,,48770,29,0,40,0,15,,48786,29,,,0,55,,48771,41,0,40,0,24,,48775,13,0,40,0,18,,48783,29,,,0,74,,48773,29,0,40,0,25,,48774,41,0,40,0
400,'8_7',930,,51936,29,0,40,0,100,,51937,29,0,40,0,100,,51938,29,0,40,0,100,,51939,29,0,40,0,100,,51940,29,0,40,0,100,,51941,29,0,40,0,100,,51942,29,0,40,0,100,,51943,29,0,40,0,100,,51944,29,0,40,0,100,,51945,29,0,40,0
400,'9_7',930,,52163,29,0,40,0,100,,52164,29,0,40,0,100,,52165,29,0,40,0,100,,52166,29,0,40,0,100,,52167,29,0,40,0,100,,52168,29,0,40,0,100,,52169,29,0,40,0,100,,52170,29,0,40,0,100,,52171,29,0,40,0,100,,52172,29,0,40,0
2300,'1_3',1217,,49781,10,,,0,3,,49780,10,,,0
2300,'7_1',1611,,47270,10,,,0,103,,47271,10,,,0,99,,47272,10,,,0
2300,'7_2',1611,,49782,10,,,0,103,,49783,10,,,0,99,,49784,10,,,0
2300,'7_4',1611,,49785,10,,,0,103,,49786,10,,,0,99,,49787,10,,,0
