301,'1_3',725,,48628,16,,,0,22,,48602,16,,,0,74,,48629,16,,,0,33,,48603,16,,,0,70,,48604,16,,,0,31,,48605,16,,,0,72,,48606,16,,,0,32,,48607,16,,,0,73,,48608,16,,,0,73,,48609,16,,,0,32,,48610,16,,,0,71,,48611,16,,,0,33,,48612,16,,,0,72,,48613,16,,,0,30,,48614,16,,,0,70,,48615,16,,,0,27,,48616,16,,,0,67,,48617,16,,,0,31,,48618,16,,,0,70,,48619,16,,,0,30,,48620,16,,,0,70,,48621,16,,,0,26,,48622,16,,,0,24,,48623,16,,,0,64,,48624,16,,,0,29,,48625,16,,,0,68,,48626,16,,,0,30,,48627,16,,,0
301,'2_6',732,,30999,16,,,0,71,,30996,16,,,0,30,,30997,16,,,0,70,,30998,16,,,0,31,,31000,16,,,0,70,,31001,16,,,0,31,,31002,16,,,0,69,,31003,16,,,0,31,,31007,16,,,0,70,,31006,16,,,0,29,,31004,16,,,0,69,,31005,16,,,0,29,,31009,16,,,0,69,,31010,16,,,0,30,,31008,16,,,0,71,,31011,16,,,0,30,,31014,16,,,0,72,,31012,16,,,0,33,,31013,16,,,0,71,,31016,16,,,0,32,,31015,16,,,0,70,,31017,16,,,0,32,,31018,16,,,0,69,,31019,16,,,0,29,,31020,16,,,0,69,,31021,16,,,0,30,,31022,16,,,0,63,,31023,16,,,0
301,'3_7',926,,31024,16,,,0,100,,31025,16,,,0,100,,31026,16,,,0,100,,31027,16,,,0,100,,31028,16,,,0,100,,31029,16,,,0,100,,31030,16,,,0,100,,31031,16,,,0,100,,31032,16,,,0,100,,31033,16,,,0,100,,31034,16,,,0
301,'4_7',926,,46843,16,,,0,100,,46844,16,,,0,100,,46845,16,,,0,100,,46846,16,,,0,100,,46847,16,,,0,100,,46848,16,,,0,100,,46849,16,,,0,100,,46850,16,,,0,100,,46851,16,,,0,100,,46852,16,,,0,100,,46853,16,,,0
301,'7_1',725,,46880,16,,,0,22,,46854,16,,,0,74,,46881,16,,,0,33,,46855,16,,,0,70,,46856,16,,,0,31,,46857,16,,,0,72,,46858,16,,,0,32,,46859,16,,,0,73,,46860,16,,,0,73,,46861,16,,,0,32,,46862,16,,,0,71,,46863,16,,,0,33,,46864,16,,,0,72,,46865,16,,,0,30,,46866,16,,,0,70,,46867,16,,,0,27,,46868,16,,,0,67,,46869,16,,,0,31,,46870,16,,,0,70,,46871,16,,,0,30,,46872,16,,,0,70,,46873,16,,,0,26,,46874,16,,,0,24,,46875,16,,,0,64,,46876,16,,,0,29,,46877,16,,,0,68,,46878,16,,,0,30,,46879,16,,,0
301,'7_2',725,,48656,16,,,0,22,,48630,16,,,0,74,,48657,16,,,0,33,,48631,16,,,0,70,,48632,16,,,0,31,,48633,16,,,0,72,,48634,16,,,0,32,,48635,16,,,0,73,,48636,16,,,0,73,,48637,16,,,0,32,,48638,16,,,0,71,,48639,16,,,0,33,,48640,16,,,0,72,,48641,16,,,0,30,,48642,16,,,0,70,,48643,16,,,0,27,,48644,16,,,0,67,,48645,16,,,0,31,,48646,16,,,0,70,,48647,16,,,0,30,,48648,16,,,0,70,,48649,16,,,0,26,,48650,16,,,0,24,,48651,16,,,0,64,,48652,16,,,0,29,,48653,16,,,0,68,,48654,16,,,0,30,,48655,16,,,0
301,'7_4',725,,48684,16,,,0,22,,48658,16,,,0,74,,48685,16,,,0,33,,48659,16,,,0,70,,48660,16,,,0,31,,48661,16,,,0,72,,48662,16,,,0,32,,48663,16,,,0,73,,48664,16,,,0,73,,48665,16,,,0,32,,48666,16,,,0,71,,48667,16,,,0,33,,48668,16,,,0,72,,48669,16,,,0,30,,48670,16,,,0,70,,48671,16,,,0,27,,48672,16,,,0,67,,48673,16,,,0,31,,48674,16,,,0,70,,48675,16,,,0,30,,48676,16,,,0,70,,48677,16,,,0,26,,48678,16,,,0,24,,48679,16,,,0,64,,48680,16,,,0,29,,48681,16,,,0,68,,48682,16,,,0,30,,48683,16,,,0
301,'8_7',806,,51930,16,,,0,32,,51925,16,,,0,72,,51931,16,,,0,32,,51926,16,,,0,72,,51932,16,,,0,33,,51927,16,,,0,73,,51933,16,,,0,33,,51928,16,,,0,73,,51934,16,,,0,33,,51909,16,,,0,67,,51910,16,,,0,27,,51911,16,,,0,66,,51912,16,,,0,28,,51913,16,,,0,67,,51914,16,,,0,29,,51915,16,,,0,68,,51935,16,,,0,26,,51916,16,,,0,72,,51917,16,,,0,34,,51918,16,,,0,68,,51919,16,,,0,28,,51920,16,,,0,65,,51921,16,,,0,26,,51922,16,,,0,27,,51923,16,,,0,67,,51929,16,,,0,25,,51924,16,,,0
301,'9_7',806,,52157,16,,,0,32,,52152,16,,,0,72,,52158,16,,,0,32,,52153,16,,,0,72,,52159,16,,,0,33,,52154,16,,,0,73,,52160,16,,,0,33,,52155,16,,,0,73,,52161,16,,,0,33,,52136,16,,,0,67,,52137,16,,,0,27,,52138,16,,,0,66,,52139,16,,,0,28,,52140,16,,,0,67,,52141,16,,,0,29,,52142,16,,,0,68,,52162,16,,,0,26,,52143,16,,,0,72,,52144,16,,,0,34,,52145,16,,,0,68,,52146,16,,,0,28,,52147,16,,,0,65,,52148,16,,,0,26,,52149,16,,,0,27,,52150,16,,,0,67,,52156,16,,,0,25,,52151,16,,,0
2900301,'1_3',1715,,51218,2,,,0,28,,51219,2,,,0,73,,51220,2,,,0,23,,51221,2,,,0
2900301,'7_1',1715,,47824,2,,,0,28,,47825,2,,,0,73,,47826,2,,,0,23,,47827,2,,,0
2900301,'7_2',1715,,51222,2,,,0,28,,51223,2,,,0,73,,51224,2,,,0,23,,51225,2,,,0
2900301,'7_4',1715,,51226,2,,,0,28,,51227,2,,,0,73,,51228,2,,,0,23,,51229,2,,,0
