301,'1_3',728,,48628,19,,,0,21,,48602,19,,,0,74,,48629,19,,,0,33,,48603,19,,,0,70,,48604,19,,,0,31,,48605,19,,,0,72,,48606,19,,,0,72,,48607,19,,,0,33,,48608,19,,,0,73,,48609,19,,,0,32,,48610,19,,,0,71,,48611,19,,,0,33,,48612,19,,,0,72,,48613,19,,,0,31,,48614,19,,,0,70,,48615,19,,,0,27,,48616,19,,,0,67,,48617,19,,,0,31,,48618,19,,,0,70,,48619,19,,,0,30,,48620,19,,,0,70,,48621,19,,,0,25,,48622,19,,,0,64,,48623,19,,,0,24,,48624,19,,,0,29,,48625,19,,,0,68,,48626,19,,,0,30,,48627,19,,,0
301,'2_6',734,,30999,19,,,0,71,,30996,19,,,0,30,,30997,19,,,0,70,,30998,19,,,0,31,,31000,19,,,0,70,,31001,19,,,0,31,,31002,19,,,0,70,,31003,19,,,0,31,,31007,19,,,0,69,,31006,19,,,0,29,,31004,19,,,0,69,,31005,19,,,0,29,,31009,19,,,0,70,,31010,19,,,0,30,,31008,19,,,0,71,,31011,19,,,0,30,,31014,19,,,0,72,,31012,19,,,0,33,,31013,19,,,0,71,,31016,19,,,0,32,,31015,19,,,0,70,,31017,19,,,0,32,,31018,19,,,0,68,,31019,19,,,0,29,,31020,19,,,0,69,,31021,19,,,0,30,,31022,19,,,0,63,,31023,19,,,0
301,'3_7',928,,31024,19,,,0,100,,31025,19,,,0,100,,31026,19,,,0,100,,31027,19,,,0,100,,31028,19,,,0,100,,31029,19,,,0,100,,31030,19,,,0,100,,31031,19,,,0,100,,31032,19,,,0,100,,31033,19,,,0,100,,31034,19,,,0
301,'4_7',928,,46843,19,,,0,100,,46844,19,,,0,100,,46845,19,,,0,100,,46846,19,,,0,100,,46847,19,,,0,100,,46848,19,,,0,100,,46849,19,,,0,100,,46850,19,,,0,100,,46851,19,,,0,100,,46852,19,,,0,100,,46853,19,,,0
301,'7_1',728,,46880,19,,,0,21,,46854,19,,,0,74,,46881,19,,,0,33,,46855,19,,,0,70,,46856,19,,,0,31,,46857,19,,,0,72,,46858,19,,,0,72,,46859,19,,,0,33,,46860,19,,,0,73,,46861,19,,,0,32,,46862,19,,,0,71,,46863,19,,,0,33,,46864,19,,,0,72,,46865,19,,,0,31,,46866,19,,,0,70,,46867,19,,,0,27,,46868,19,,,0,67,,46869,19,,,0,31,,46870,19,,,0,70,,46871,19,,,0,30,,46872,19,,,0,70,,46873,19,,,0,25,,46874,19,,,0,64,,46875,19,,,0,24,,46876,19,,,0,29,,46877,19,,,0,68,,46878,19,,,0,30,,46879,19,,,0
301,'7_2',728,,48656,19,,,0,21,,48630,19,,,0,74,,48657,19,,,0,33,,48631,19,,,0,70,,48632,19,,,0,31,,48633,19,,,0,72,,48634,19,,,0,72,,48635,19,,,0,33,,48636,19,,,0,73,,48637,19,,,0,32,,48638,19,,,0,71,,48639,19,,,0,33,,48640,19,,,0,72,,48641,19,,,0,31,,48642,19,,,0,70,,48643,19,,,0,27,,48644,19,,,0,67,,48645,19,,,0,31,,48646,19,,,0,70,,48647,19,,,0,30,,48648,19,,,0,70,,48649,19,,,0,25,,48650,19,,,0,64,,48651,19,,,0,24,,48652,19,,,0,29,,48653,19,,,0,68,,48654,19,,,0,30,,48655,19,,,0
301,'7_4',728,,48684,19,,,0,21,,48658,19,,,0,74,,48685,19,,,0,33,,48659,19,,,0,70,,48660,19,,,0,31,,48661,19,,,0,72,,48662,19,,,0,72,,48663,19,,,0,33,,48664,19,,,0,73,,48665,19,,,0,32,,48666,19,,,0,71,,48667,19,,,0,33,,48668,19,,,0,72,,48669,19,,,0,31,,48670,19,,,0,70,,48671,19,,,0,27,,48672,19,,,0,67,,48673,19,,,0,31,,48674,19,,,0,70,,48675,19,,,0,30,,48676,19,,,0,70,,48677,19,,,0,25,,48678,19,,,0,64,,48679,19,,,0,24,,48680,19,,,0,29,,48681,19,,,0,68,,48682,19,,,0,30,,48683,19,,,0
301,'8_7',808,,51930,19,,,0,32,,51925,19,,,0,72,,51931,19,,,0,33,,51926,19,,,0,72,,51932,19,,,0,33,,51927,19,,,0,73,,51933,19,,,0,32,,51928,19,,,0,73,,51934,19,,,0,73,,51909,19,,,0,27,,51910,19,,,0,28,,51911,19,,,0,66,,51912,19,,,0,28,,51913,19,,,0,67,,51914,19,,,0,29,,51915,19,,,0,68,,51935,19,,,0,26,,51916,19,,,0,72,,51917,19,,,0,34,,51918,19,,,0,68,,51919,19,,,0,28,,51920,19,,,0,65,,51921,19,,,0,25,,51922,19,,,0,27,,51923,19,,,0,67,,51929,19,,,0,25,,51924,19,,,0
301,'9_7',808,,52157,19,,,0,32,,52152,19,,,0,72,,52158,19,,,0,33,,52153,19,,,0,72,,52159,19,,,0,33,,52154,19,,,0,73,,52160,19,,,0,32,,52155,19,,,0,73,,52161,19,,,0,73,,52136,19,,,0,27,,52137,19,,,0,28,,52138,19,,,0,66,,52139,19,,,0,28,,52140,19,,,0,67,,52141,19,,,0,29,,52142,19,,,0,68,,52162,19,,,0,26,,52143,19,,,0,72,,52144,19,,,0,34,,52145,19,,,0,68,,52146,19,,,0,28,,52147,19,,,0,65,,52148,19,,,0,25,,52149,19,,,0,27,,52150,19,,,0,67,,52156,19,,,0,25,,52151,19,,,0
2900301,'1_3',1718,,51218,5,,,0,28,,51219,5,,,0,73,,51220,5,,,0,23,,51221,5,,,0
2900301,'7_1',1718,,47824,5,,,0,28,,47825,5,,,0,73,,47826,5,,,0,23,,47827,5,,,0
2900301,'7_2',1718,,51222,5,,,0,28,,51223,5,,,0,73,,51224,5,,,0,23,,51225,5,,,0
2900301,'7_4',1718,,51226,5,,,0,28,,51227,5,,,0,73,,51228,5,,,0,23,,51229,5,,,0
