100,'0_6',721,,62779,27,0,61 8,0,110,,62791,27,0,61 8,0,95,,62780,27,0,61 8,0,31,,62792,27,0,61 8,0,70,,62781,27,0,61 8,0,32,,62793,27,0,61 8,0,70,,62782,27,0,61 8,0,29,,62794,27,0,61 8,0,71,,62783,27,0,61 8,0,28,,62795,27,0,61 8,0,70,,62784,27,0,61 8,0,30,,62796,27,0,61 8,0,70,,62785,27,0,61 8,0,31,,62797,27,0,61 8,0,69,,62786,27,0,61 8,0,31,,62798,27,0,61 8,0,71,,62787,27,0,61 8,0,71,,62799,27,0,61 8,0,33,,62788,27,0,61 8,0,68,,62800,27,0,61 8,0,30,,62789,27,0,61 8,0,71,,62801,27,0,61 8,0,29,,62790,27,0,61 8,0
100,'1_7',925,,62802,27,0,61 8,0,105,,62807,27,0,61 8,0,106,,62803,27,0,61 8,0,104,,62808,27,0,61 8,0,90,,62804,27,0,61 8,0,100,,62809,27,0,61 8,0,105,,62805,27,0,61 8,0,105,,62810,27,0,61 8,0,105,,62806,27,0,61 8,0,105,,62811,27,0,61 8,0
100,'3_1',721,,62937,27,0,61 8,0,30,,62938,27,,,0,75,,62940,27,0,61 8,0,25,,62941,27,0,61 8,0,70,,62939,27,0,61 8,0,30,,62942,27,0,61 8,0,75,,62943,27,0,61 8,0,30,,62946,27,0,61 8,0,71,,62944,27,0,61 8,0,32,,62945,27,0,61 8,0,72,,62948,27,,,0,70,,62947,27,0,61 8,0,30,,62949,27,,,0,70,,62950,27,0,61 8,0,30,,62952,27,0,61 8,0,70,,62951,27,0,61 8,0,30,,62956,27,0,61 8,0,70,,62955,27,0,61 8,0,31,,62957,27,,,0,74,,62953,27,0,61 8,0,30,,62958,27,,,0,70,,62954,27,0,61 8,0,30,,62959,27,,,0,70,,62960,27,0,61 8,0,30,,62961,27,,,0
100,'3_3',721,,62962,27,0,61 8,0,30,,62963,27,,,0,75,,62965,27,0,61 8,0,25,,62966,27,0,61 8,0,70,,62964,27,0,61 8,0,30,,62967,27,0,61 8,0,75,,62968,27,0,61 8,0,30,,62971,27,0,61 8,0,71,,62969,27,0,61 8,0,32,,62970,27,0,61 8,0,72,,62973,27,,,0,70,,62972,27,0,61 8,0,30,,62974,27,,,0,70,,62975,27,0,61 8,0,30,,62977,27,0,61 8,0,70,,62976,27,0,61 8,0,30,,62981,27,0,61 8,0,70,,62980,27,0,61 8,0,31,,62982,27,,,0,74,,62978,27,0,61 8,0,30,,62983,27,,,0,70,,62979,27,0,61 8,0,30,,62984,27,,,0,70,,62985,27,0,61 8,0,30,,62986,27,,,0
100,'3_4',721,,62987,27,0,61 8,0,30,,62988,27,,,0,75,,62990,27,0,61 8,0,25,,62991,27,0,61 8,0,70,,62989,27,0,61 8,0,30,,62992,27,0,61 8,0,75,,62993,27,0,61 8,0,30,,62996,27,0,61 8,0,71,,62994,27,0,61 8,0,32,,62995,27,0,61 8,0,72,,62998,27,,,0,70,,62997,27,0,61 8,0,30,,62999,27,,,0,70,,63000,27,0,61 8,0,30,,63002,27,0,61 8,0,70,,63001,27,0,61 8,0,30,,63006,27,0,61 8,0,70,,63005,27,0,61 8,0,31,,63007,27,,,0,74,,63003,27,0,61 8,0,30,,63008,27,,,0,70,,63004,27,0,61 8,0,30,,63009,27,,,0,70,,63010,27,0,61 8,0,30,,63011,27,,,0
100,'3_5',721,,63012,27,0,61 8,0,30,,63013,27,,,0,75,,63015,27,0,61 8,0,25,,63016,27,0,61 8,0,70,,63014,27,0,61 8,0,30,,63017,27,0,61 8,0,75,,63018,27,0,61 8,0,30,,63021,27,0,61 8,0,71,,63019,27,0,61 8,0,32,,63020,27,0,61 8,0,72,,63023,27,,,0,70,,63022,27,0,61 8,0,30,,63024,27,,,0,70,,63025,27,0,61 8,0,30,,63027,27,0,61 8,0,70,,63026,27,0,61 8,0,30,,63031,27,0,61 8,0,70,,63030,27,0,61 8,0,31,,63032,27,,,0,74,,63028,27,0,61 8,0,30,,63033,27,,,0,70,,63029,27,0,61 8,0,30,,63034,27,,,0,70,,63035,27,0,61 8,0,30,,63036,27,,,0
100,'4_7',925,,63037,27,0,61 8,0,105,,63042,27,0,61 8,0,106,,63038,27,0,61 8,0,104,,63043,27,0,61 8,0,90,,63039,27,0,61 8,0,100,,63044,27,0,61 8,0,105,,63040,27,0,61 8,0,105,,63045,27,0,61 8,0,105,,63041,27,0,61 8,0,105,,63046,27,0,61 8,0
400,'0_6',731,,64825,18,0,40,0,95,,64817,18,0,40,0,30,,64806,30,0,40,0,70,,64805,18,0,40,0,31,,64804,18,0,40,0,72,,64807,18,0,40,0,71,,64821,30,0,40,0,31,,64808,18,0,40,0,70,,64809,18,0,40,0,31,,64827,18,0,40,0,69,,64824,30,0,40,0,30,,64810,18,0,40,0,70,,64811,18,0,40,0,28,,64812,18,0,40,0,28,,64814,30,0,40,0,71,,64815,18,0,40,0,74,,64813,18,0,40,0,33,,64826,18,0,40,0,24,,64818,30,0,40,0,63,,64822,18,0,40,0,29,,64823,18,0,40,0,76,,64819,18,0,40,0,30,,64820,30,0,40,0,85,,64816,30,0,40,0
400,'1_7',835,,64828,30,0,40,0,165,,64829,30,0,40,0,125,,64830,30,0,40,0,200,,64831,30,0,40,0,126,,64832,30,0,40,0,165,,64833,30,0,40,0,126,,64834,30,0,40,0,165,,64835,30,0,40,0
400,'3_1',716,,64985,18,,,0,35,,64982,18,0,40,0,75,,64976,18,0,40,0,30,,64963,30,0,40,0,70,,64962,18,0,40,0,30,,64961,18,0,40,0,77,,64964,18,0,40,0,68,,64983,30,0,40,0,30,,64965,18,0,40,0,75,,64966,18,0,40,0,32,,64979,18,0,40,0,63,,64977,30,0,40,0,30,,64967,18,0,40,0,70,,64968,18,0,40,0,26,,64969,18,0,40,0,30,,64971,30,0,40,0,71,,64972,18,0,40,0,74,,64970,18,0,40,0,33,,64981,18,,,0,68,,64978,30,0,40,0,28,,64973,18,0,40,0,25,,64974,30,,,0,71,,64980,18,0,40,0,75,,64984,30,0,40,0,46,,64975,30,0,40,0
400,'3_3',716,,65010,18,,,0,35,,65007,18,0,40,0,75,,65001,18,0,40,0,30,,64988,30,0,40,0,70,,64987,18,0,40,0,30,,64986,18,0,40,0,77,,64989,18,0,40,0,68,,65008,30,0,40,0,30,,64990,18,0,40,0,75,,64991,18,0,40,0,32,,65004,18,0,40,0,63,,65002,30,0,40,0,30,,64992,18,0,40,0,70,,64993,18,0,40,0,26,,64994,18,0,40,0,30,,64996,30,0,40,0,71,,64997,18,0,40,0,74,,64995,18,0,40,0,33,,65006,18,,,0,68,,65003,30,0,40,0,28,,64998,18,0,40,0,25,,64999,30,,,0,71,,65005,18,0,40,0,75,,65009,30,0,40,0,46,,65000,30,0,40,0
400,'3_4',716,,65035,18,,,0,35,,65032,18,0,40,0,75,,65026,18,0,40,0,30,,65013,30,0,40,0,70,,65012,18,0,40,0,30,,65011,18,0,40,0,77,,65014,18,0,40,0,68,,65033,30,0,40,0,30,,65015,18,0,40,0,75,,65016,18,0,40,0,32,,65029,18,0,40,0,63,,65027,30,0,40,0,30,,65017,18,0,40,0,70,,65018,18,0,40,0,26,,65019,18,0,40,0,30,,65021,30,0,40,0,71,,65022,18,0,40,0,74,,65020,18,0,40,0,33,,65031,18,,,0,68,,65028,30,0,40,0,28,,65023,18,0,40,0,25,,65024,30,,,0,71,,65030,18,0,40,0,75,,65034,30,0,40,0,46,,65025,30,0,40,0
400,'3_5',716,,65060,18,,,0,35,,65057,18,0,40,0,75,,65051,18,0,40,0,30,,65038,30,0,40,0,70,,65037,18,0,40,0,30,,65036,18,0,40,0,77,,65039,18,0,40,0,68,,65058,30,0,40,0,30,,65040,18,0,40,0,75,,65041,18,0,40,0,32,,65054,18,0,40,0,63,,65052,30,0,40,0,30,,65042,18,0,40,0,70,,65043,18,0,40,0,26,,65044,18,0,40,0,30,,65046,30,0,40,0,71,,65047,18,0,40,0,74,,65045,18,0,40,0,33,,65056,18,,,0,68,,65053,30,0,40,0,28,,65048,18,0,40,0,25,,65049,30,,,0,71,,65055,18,0,40,0,75,,65059,30,0,40,0,46,,65050,30,0,40,0
400,'4_7',835,,65061,30,0,40,0,165,,65062,30,0,40,0,125,,65063,30,0,40,0,200,,65064,30,0,40,0,126,,65065,30,0,40,0,165,,65066,30,0,40,0,126,,65067,30,0,40,0,165,,65068,30,0,40,0
500,'0_6',716,,65341,38,,,0,33,,65342,38,,,0,102,,65343,38,,,0,102,,65344,38,,,0,98,,65345,38,,,0,99,,65346,38,,,0,99,,65347,38,,,0,98,,65348,38,,,0,81,,65349,38,,,0,78,,65350,38,,,0,99,,65351,38,,,0,102,,65352,38,,,0,100,,65353,38,,,0,33,,65354,38,,,0,66,,65355,38,,,0,97,,65356,38,,,0
500,'1_7',1234,,65357,38,,,0,191,,65358,38,,,0,191,,65359,38,,,0,184,,65360,38,,,0,151,,65361,38,,,0
500,'3_1',716,,65442,38,,,0,33,,65443,38,,,0,102,,65444,38,,,0,102,,65445,38,,,0,98,,65446,38,,,0,99,,65447,38,,,0,99,,65448,38,,,0,98,,65449,38,,,0,81,,65450,38,,,0,78,,65451,38,,,0,99,,65452,38,,,0,102,,65453,38,,,0,100,,65454,38,,,0,33,,65455,38,,,0,66,,65456,38,,,0,97,,65457,38,,,0
500,'3_3',716,,65458,38,,,0,33,,65459,38,,,0,102,,65460,38,,,0,102,,65461,38,,,0,98,,65462,38,,,0,99,,65463,38,,,0,99,,65464,38,,,0,98,,65465,38,,,0,81,,65466,38,,,0,78,,65467,38,,,0,99,,65468,38,,,0,102,,65469,38,,,0,100,,65470,38,,,0,33,,65471,38,,,0,66,,65472,38,,,0,97,,65473,38,,,0
500,'3_4',716,,65474,38,,,0,33,,65475,38,,,0,102,,65476,38,,,0,102,,65477,38,,,0,98,,65478,38,,,0,99,,65479,38,,,0,99,,65480,38,,,0,98,,65481,38,,,0,81,,65482,38,,,0,78,,65483,38,,,0,99,,65484,38,,,0,102,,65485,38,,,0,100,,65486,38,,,0,33,,65487,38,,,0,66,,65488,38,,,0,97,,65489,38,,,0
500,'3_5',716,,65490,38,,,0,33,,65491,38,,,0,102,,65492,38,,,0,102,,65493,38,,,0,98,,65494,38,,,0,99,,65495,38,,,0,99,,65496,38,,,0,98,,65497,38,,,0,81,,65498,38,,,0,78,,65499,38,,,0,99,,65500,38,,,0,102,,65501,38,,,0,100,,65502,38,,,0,33,,65503,38,,,0,66,,65504,38,,,0,97,,65505,38,,,0
500,'4_7',1234,,65506,38,,,0,191,,65507,38,,,0,191,,65508,38,,,0,184,,65509,38,,,0,151,,65510,38,,,0
600,'0_6',721,,65671,26,,,0,103,,65672,26,,,0,79,,65673,26,,,0,112,,65674,26,,,0,85,,65675,26,,,0,58,,65676,26,,,0,84,,65677,26,,,0,87,,65685,26,,,0,84,,65678,26,,,0,45,,65686,17,,,0,92,,65679,26,,,0,94,,65680,26,,,0,93,,65681,26,,,0,89,,65682,26,,,0,86,,65683,26,,,0,90,,65684,26,,,0
600,'1_7',855,,65687,17,,,0,150,,65688,17,,,0,120,,65689,17,,,0,200,,65690,17,,,0,120,,65691,17,,,0,111,,65692,17,,,0,148,,65693,17,,,0,106,,65694,17,,,0
600,'3_1',721,,65775,26,,,0,103,,65776,26,,,0,79,,65777,26,,,0,112,,65778,26,,,0,85,,65779,26,,,0,58,,65780,26,,,0,84,,65781,26,,,0,87,,65789,26,,,0,84,,65782,26,,,0,45,,65790,17,,,0,92,,65783,26,,,0,94,,65784,26,,,0,93,,65785,26,,,0,89,,65786,26,,,0,86,,65787,26,,,0,90,,65788,26,,,0
600,'3_3',721,,65791,26,,,0,103,,65792,26,,,0,79,,65793,26,,,0,112,,65794,26,,,0,85,,65795,26,,,0,58,,65796,26,,,0,84,,65797,26,,,0,87,,65805,26,,,0,84,,65798,26,,,0,45,,65806,17,,,0,92,,65799,26,,,0,94,,65800,26,,,0,93,,65801,26,,,0,89,,65802,26,,,0,86,,65803,26,,,0,90,,65804,26,,,0
600,'3_4',721,,65807,26,,,0,103,,65808,26,,,0,79,,65809,26,,,0,112,,65810,26,,,0,85,,65811,26,,,0,58,,65812,26,,,0,84,,65813,26,,,0,87,,65821,26,,,0,84,,65814,26,,,0,45,,65822,17,,,0,92,,65815,26,,,0,94,,65816,26,,,0,93,,65817,26,,,0,89,,65818,26,,,0,86,,65819,26,,,0,90,,65820,26,,,0
600,'3_5',721,,65823,26,,,0,103,,65824,26,,,0,79,,65825,26,,,0,112,,65826,26,,,0,85,,65827,26,,,0,58,,65828,26,,,0,84,,65829,26,,,0,87,,65837,26,,,0,84,,65830,26,,,0,45,,65838,17,,,0,92,,65831,26,,,0,94,,65832,26,,,0,93,,65833,26,,,0,89,,65834,26,,,0,86,,65835,26,,,0,90,,65836,26,,,0
600,'4_7',855,,65839,17,,,0,150,,65840,17,,,0,120,,65841,17,,,0,200,,65842,17,,,0,120,,65843,17,,,0,111,,65844,17,,,0,148,,65845,17,,,0,106,,65846,17,,,0
2500,'0_6',731,,67728,2,,,0,112,,67729,2,,,0,167,,67730,2,,,0,113,,67731,2,,,0,128,,67732,2,,,0,152,,67733,2,,,0,132,,67734,2,,,0,120,,67735,2,,,0,161,,67736,2,,,0,115,,67737,2,,,0
2500,'3_1',731,,67788,2,,,0,112,,67789,2,,,0,167,,67790,2,,,0,113,,67791,2,,,0,128,,67792,2,,,0,152,,67793,2,,,0,132,,67794,2,,,0,120,,67795,2,,,0,161,,67796,2,,,0,115,,67797,2,,,0
2500,'3_3',731,,67798,2,,,0,112,,67799,2,,,0,167,,67800,2,,,0,113,,67801,2,,,0,128,,67802,2,,,0,152,,67803,2,,,0,132,,67804,2,,,0,120,,67805,2,,,0,161,,67806,2,,,0,115,,67807,2,,,0
2500,'3_4',731,,67808,2,,,0,112,,67809,2,,,0,167,,67810,2,,,0,113,,67811,2,,,0,128,,67812,2,,,0,152,,67813,2,,,0,132,,67814,2,,,0,120,,67815,2,,,0,161,,67816,2,,,0,115,,67817,2,,,0
2500,'3_5',731,,67818,2,,,0,112,,67819,2,,,0,167,,67820,2,,,0,113,,67821,2,,,0,128,,67822,2,,,0,152,,67823,2,,,0,132,,67824,2,,,0,120,,67825,2,,,0,161,,67826,2,,,0,115,,67827,2,,,0
2600,'0_6',731,,67928,17,,,0,85,,67929,17,,,0,85,,67930,17,,,0,45,,67931,17,,,0,84,,67932,17,,,0,90,,67933,17,,,0,84,,67934,17,,,0,42,,67935,17,,,0,85,,67936,17,,,0,85,,67937,17,,,0,43,,67938,17,,,0,85,,67939,17,,,0,90,,67940,17,,,0,86,,67941,17,,,0,83,,67942,17,,,0,45,,67943,17,,,0,82,,67944,17,,,0
2600,'3_1',731,,68030,17,,,0,85,,68031,17,,,0,85,,68032,17,,,0,45,,68033,17,,,0,84,,68034,17,,,0,90,,68035,17,,,0,84,,68036,17,,,0,42,,68037,17,,,0,85,,68038,17,,,0,85,,68039,17,,,0,43,,68040,17,,,0,85,,68041,17,,,0,90,,68042,17,,,0,86,,68043,17,,,0,83,,68044,17,,,0,45,,68045,17,,,0,82,,68046,17,,,0
2600,'3_3',731,,68047,17,,,0,85,,68048,17,,,0,85,,68049,17,,,0,45,,68050,17,,,0,84,,68051,17,,,0,90,,68052,17,,,0,84,,68053,17,,,0,42,,68054,17,,,0,85,,68055,17,,,0,85,,68056,17,,,0,43,,68057,17,,,0,85,,68058,17,,,0,90,,68059,17,,,0,86,,68060,17,,,0,83,,68061,17,,,0,45,,68062,17,,,0,82,,68063,17,,,0
2600,'3_4',731,,68064,17,,,0,85,,68065,17,,,0,85,,68066,17,,,0,45,,68067,17,,,0,84,,68068,17,,,0,90,,68069,17,,,0,84,,68070,17,,,0,42,,68071,17,,,0,85,,68072,17,,,0,85,,68073,17,,,0,43,,68074,17,,,0,85,,68075,17,,,0,90,,68076,17,,,0,86,,68077,17,,,0,83,,68078,17,,,0,45,,68079,17,,,0,82,,68080,17,,,0
2600,'3_5',731,,68081,17,,,0,85,,68082,17,,,0,85,,68083,17,,,0,45,,68084,17,,,0,84,,68085,17,,,0,90,,68086,17,,,0,84,,68087,17,,,0,42,,68088,17,,,0,85,,68089,17,,,0,85,,68090,17,,,0,43,,68091,17,,,0,85,,68092,17,,,0,90,,68093,17,,,0,86,,68094,17,,,0,83,,68095,17,,,0,45,,68096,17,,,0,82,,68097,17,,,0
901500,'0_6',859,,68498,12,,,0,60,,68499,12,,,0,20,,68500,12,,,0,20,,68501,12,,,0,60,,68502,12,,,0,20,,68503,12,,,0,20,,68504,12,,,0,60,,68505,12,,,0,20,,68506,12,,,0,20,,68507,12,,,0,60,,68508,12,,,0,20,,68509,12,,,0,20,,68510,12,,,0,60,,68511,12,,,0,20,,68512,12,,,0,20,,68513,12,,,0,60,,68514,12,,,0,20,,68515,12,,,0,20,,68516,12,,,0,80,,68517,12,,,0,20,,68518,12,,,0,60,,68519,12,,,0,20,,68520,12,,,0,20,,68521,12,,,0,60,,68522,12,,,0,20,,68523,12,,,0,20,,68524,12,,,0,60,,68525,12,,,0,20,,68526,12,,,0,20,,68527,12,,,0,60,,68528,12,,,0,20,,68529,12,,,0
901500,'3_1',859,,68690,12,,,0,60,,68691,12,,,0,20,,68692,12,,,0,20,,68693,12,,,0,60,,68694,12,,,0,20,,68695,12,,,0,20,,68696,12,,,0,60,,68697,12,,,0,20,,68698,12,,,0,20,,68699,12,,,0,60,,68700,12,,,0,20,,68701,12,,,0,20,,68702,12,,,0,60,,68703,12,,,0,20,,68704,12,,,0,20,,68705,12,,,0,60,,68706,12,,,0,20,,68707,12,,,0,20,,68708,12,,,0,80,,68709,12,,,0,20,,68710,12,,,0,60,,68711,12,,,0,20,,68712,12,,,0,20,,68713,12,,,0,60,,68714,12,,,0,20,,68715,12,,,0,20,,68716,12,,,0,60,,68717,12,,,0,20,,68718,12,,,0,20,,68719,12,,,0,60,,68720,12,,,0,20,,68721,12,,,0
901500,'3_3',859,,68722,12,,,0,60,,68723,12,,,0,20,,68724,12,,,0,20,,68725,12,,,0,60,,68726,12,,,0,20,,68727,12,,,0,20,,68728,12,,,0,60,,68729,12,,,0,20,,68730,12,,,0,20,,68731,12,,,0,60,,68732,12,,,0,20,,68733,12,,,0,20,,68734,12,,,0,60,,68735,12,,,0,20,,68736,12,,,0,20,,68737,12,,,0,60,,68738,12,,,0,20,,68739,12,,,0,20,,68740,12,,,0,80,,68741,12,,,0,20,,68742,12,,,0,60,,68743,12,,,0,20,,68744,12,,,0,20,,68745,12,,,0,60,,68746,12,,,0,20,,68747,12,,,0,20,,68748,12,,,0,60,,68749,12,,,0,20,,68750,12,,,0,20,,68751,12,,,0,60,,68752,12,,,0,20,,68753,12,,,0
901500,'3_4',859,,68754,12,,,0,60,,68755,12,,,0,20,,68756,12,,,0,20,,68757,12,,,0,60,,68758,12,,,0,20,,68759,12,,,0,20,,68760,12,,,0,60,,68761,12,,,0,20,,68762,12,,,0,20,,68763,12,,,0,60,,68764,12,,,0,20,,68765,12,,,0,20,,68766,12,,,0,60,,68767,12,,,0,20,,68768,12,,,0,20,,68769,12,,,0,60,,68770,12,,,0,20,,68771,12,,,0,20,,68772,12,,,0,80,,68773,12,,,0,20,,68774,12,,,0,60,,68775,12,,,0,20,,68776,12,,,0,20,,68777,12,,,0,60,,68778,12,,,0,20,,68779,12,,,0,20,,68780,12,,,0,60,,68781,12,,,0,20,,68782,12,,,0,20,,68783,12,,,0,60,,68784,12,,,0,20,,68785,12,,,0
901500,'3_5',859,,68786,12,,,0,60,,68787,12,,,0,20,,68788,12,,,0,20,,68789,12,,,0,60,,68790,12,,,0,20,,68791,12,,,0,20,,68792,12,,,0,60,,68793,12,,,0,20,,68794,12,,,0,20,,68795,12,,,0,60,,68796,12,,,0,20,,68797,12,,,0,20,,68798,12,,,0,60,,68799,12,,,0,20,,68800,12,,,0,20,,68801,12,,,0,60,,68802,12,,,0,20,,68803,12,,,0,20,,68804,12,,,0,80,,68805,12,,,0,20,,68806,12,,,0,60,,68807,12,,,0,20,,68808,12,,,0,20,,68809,12,,,0,60,,68810,12,,,0,20,,68811,12,,,0,20,,68812,12,,,0,60,,68813,12,,,0,20,,68814,12,,,0,20,,68815,12,,,0,60,,68816,12,,,0,20,,68817,12,,,0
2000000,'0_6',652,,70109,16,,,0,82,,70110,16,,,0,79,,70111,16,,,0,30,,70112,16,,,0,60,,70113,16,,,0,20,,70114,16,,,0,19,,70115,16,,,0,58,,70116,16,,,0,20,,70117,16,,,0,20,,70118,16,,,0,18,,70119,16,,,0,59,,70120,16,,,0,19,,70121,16,,,0,20,,70122,16,,,0,58,,70123,16,,,0,19,,70124,16,,,0,18,,70125,16,,,0,59,,70126,16,,,0,19,,70127,16,,,0,19,,70128,16,,,0,58,,70129,16,,,0,19,,70130,16,,,0,20,,70131,16,,,0,60,,70132,16,,,0,19,,70133,16,,,0,19,,70134,16,,,0,60,,70135,16,,,0,20,,70136,16,,,0,20,,70137,16,,,0,60,,70138,16,,,0,19,,70139,16,,,0,20,,70140,16,,,0,60,,70141,16,,,0,20,,70142,16,,,0,18,,70143,16,,,0,60,,70144,16,,,0,24,,70145,16,,,0,24,,70146,16,,,0,64,,70147,16,,,0,24,,70148,16,,,0,65,,70149,16,,,0
2000000,'1_7',829,,70150,16,,,0,80,,70151,16,,,0,40,,70152,16,,,0,80,,70153,16,,,0,80,,70154,16,,,0,40,,70155,16,,,0,80,,70156,16,,,0,80,,70157,16,,,0,40,,70158,16,,,0,80,,70159,16,,,0,80,,70160,16,,,0,40,,70161,16,,,0,80,,70162,16,,,0,80,,70163,16,,,0,40,,70164,16,,,0,80,,70165,16,,,0,80,,70166,16,,,0,40,,70167,16,,,0
2000000,'3_1',652,,70383,16,,,0,66,,70384,16,,,0,25,,70424,16,,,0,60,,70385,16,,,0,21,,70386,16,,,0,20,,70387,16,,,0,61,,70388,16,,,0,20,,70389,16,,,0,19,,70390,16,,,0,58,,70391,16,,,0,18,,70392,16,,,0,19,,70393,16,,,0,19,,70394,16,,,0,59,,70395,16,,,0,19,,70396,16,,,0,19,,70397,16,,,0,59,,70398,16,,,0,19,,70399,16,,,0,19,,70400,16,,,0,59,,70401,16,,,0,18,,70402,16,,,0,19,,70403,16,,,0,59,,70404,16,,,0,19,,70405,16,,,0,20,,70406,16,,,0,60,,70407,16,,,0,19,,70408,16,,,0,19,,70409,16,,,0,59,,70410,16,,,0,20,,70411,16,,,0,20,,70412,16,,,0,61,,70413,16,,,0,21,,70414,16,,,0,21,,70415,16,,,0,61,,70416,16,,,0,21,,70417,16,,,0,21,,70418,16,,,0,61,,70419,16,,,0,20,,70420,16,,,0,19,,70421,16,,,0,63,,70422,16,,,0,24,,70423,16,,,0,65,,70425,16,,,0
2000000,'3_3',652,,70426,16,,,0,66,,70427,16,,,0,25,,70467,16,,,0,60,,70428,16,,,0,21,,70429,16,,,0,20,,70430,16,,,0,61,,70431,16,,,0,20,,70432,16,,,0,19,,70433,16,,,0,58,,70434,16,,,0,18,,70435,16,,,0,19,,70436,16,,,0,19,,70437,16,,,0,59,,70438,16,,,0,19,,70439,16,,,0,19,,70440,16,,,0,59,,70441,16,,,0,19,,70442,16,,,0,19,,70443,16,,,0,59,,70444,16,,,0,18,,70445,16,,,0,19,,70446,16,,,0,59,,70447,16,,,0,19,,70448,16,,,0,20,,70449,16,,,0,60,,70450,16,,,0,19,,70451,16,,,0,19,,70452,16,,,0,59,,70453,16,,,0,20,,70454,16,,,0,20,,70455,16,,,0,61,,70456,16,,,0,21,,70457,16,,,0,21,,70458,16,,,0,61,,70459,16,,,0,21,,70460,16,,,0,21,,70461,16,,,0,61,,70462,16,,,0,20,,70463,16,,,0,19,,70464,16,,,0,63,,70465,16,,,0,24,,70466,16,,,0,65,,70468,16,,,0
2000000,'3_4',652,,70469,16,,,0,66,,70470,16,,,0,25,,70510,16,,,0,60,,70471,16,,,0,21,,70472,16,,,0,20,,70473,16,,,0,61,,70474,16,,,0,20,,70475,16,,,0,19,,70476,16,,,0,58,,70477,16,,,0,18,,70478,16,,,0,19,,70479,16,,,0,19,,70480,16,,,0,59,,70481,16,,,0,19,,70482,16,,,0,19,,70483,16,,,0,59,,70484,16,,,0,19,,70485,16,,,0,19,,70486,16,,,0,59,,70487,16,,,0,18,,70488,16,,,0,19,,70489,16,,,0,59,,70490,16,,,0,19,,70491,16,,,0,20,,70492,16,,,0,60,,70493,16,,,0,19,,70494,16,,,0,19,,70495,16,,,0,59,,70496,16,,,0,20,,70497,16,,,0,20,,70498,16,,,0,61,,70499,16,,,0,21,,70500,16,,,0,21,,70501,16,,,0,61,,70502,16,,,0,21,,70503,16,,,0,21,,70504,16,,,0,61,,70505,16,,,0,20,,70506,16,,,0,19,,70507,16,,,0,63,,70508,16,,,0,24,,70509,16,,,0,65,,70511,16,,,0
2000000,'3_5',652,,70512,16,,,0,66,,70513,16,,,0,25,,70553,16,,,0,60,,70514,16,,,0,21,,70515,16,,,0,20,,70516,16,,,0,61,,70517,16,,,0,20,,70518,16,,,0,19,,70519,16,,,0,58,,70520,16,,,0,18,,70521,16,,,0,19,,70522,16,,,0,19,,70523,16,,,0,59,,70524,16,,,0,19,,70525,16,,,0,19,,70526,16,,,0,59,,70527,16,,,0,19,,70528,16,,,0,19,,70529,16,,,0,59,,70530,16,,,0,18,,70531,16,,,0,19,,70532,16,,,0,59,,70533,16,,,0,19,,70534,16,,,0,20,,70535,16,,,0,60,,70536,16,,,0,19,,70537,16,,,0,19,,70538,16,,,0,59,,70539,16,,,0,20,,70540,16,,,0,20,,70541,16,,,0,61,,70542,16,,,0,21,,70543,16,,,0,21,,70544,16,,,0,61,,70545,16,,,0,21,,70546,16,,,0,21,,70547,16,,,0,61,,70548,16,,,0,20,,70549,16,,,0,19,,70550,16,,,0,63,,70551,16,,,0,24,,70552,16,,,0,65,,70554,16,,,0
2000000,'4_7',829,,70555,16,,,0,80,,70556,16,,,0,40,,70557,16,,,0,80,,70558,16,,,0,80,,70559,16,,,0,40,,70560,16,,,0,80,,70561,16,,,0,80,,70562,16,,,0,40,,70563,16,,,0,80,,70564,16,,,0,80,,70565,16,,,0,40,,70566,16,,,0,80,,70567,16,,,0,80,,70568,16,,,0,40,,70569,16,,,0,80,,70570,16,,,0,80,,70571,16,,,0,40,,70572,16,,,0
3000000,'0_6',644,,71221,12,,,0,82,,71222,12,,,0,81,,71223,12,,,0,30,,71224,12,,,0,20,,71225,12,,,0,60,,71226,12,,,0,21,,71227,12,,,0,20,,71228,12,,,0,60,,71229,12,,,0,20,,71230,12,,,0,20,,71231,12,,,0,59,,71232,12,,,0,20,,71233,12,,,0,20,,71234,12,,,0,60,,71235,12,,,0,19,,71236,12,,,0,20,,71237,12,,,0,60,,71238,12,,,0,20,,71239,12,,,0,20,,71240,12,,,0,61,,71241,12,,,0,20,,71242,12,,,0,20,,71243,12,,,0,60,,71244,12,,,0,20,,71245,12,,,0,20,,71246,12,,,0,60,,71247,12,,,0,20,,71248,12,,,0,20,,71249,12,,,0,60,,71250,12,,,0,20,,71251,12,,,0,20,,71252,12,,,0,59,,71253,12,,,0,20,,71254,12,,,0,19,,71255,12,,,0,70,,71256,12,,,0,30,,71257,12,,,0,69,,71258,12,,,0,29,,71259,12,,,0
3000000,'1_7',805,,71260,12,,,0,130,,71261,12,,,0,170,,71262,12,,,0,130,,71263,12,,,0,170,,71264,12,,,0,130,,71265,12,,,0,170,,71266,12,,,0,129,,71267,12,,,0,170,,71268,12,,,0
3000000,'3_1',640,,71520,12,,,0,60,,71519,12,,,0,21,,71479,12,,,0,20,,71480,12,,,0,60,,71481,12,,,0,20,,71482,12,,,0,20,,71483,12,,,0,61,,71484,12,,,0,20,,71485,12,,,0,20,,71486,12,,,0,61,,71487,12,,,0,20,,71488,12,,,0,20,,71489,12,,,0,60,,71490,12,,,0,20,,71491,12,,,0,20,,71492,12,,,0,60,,71493,12,,,0,19,,71494,12,,,0,20,,71495,12,,,0,60,,71496,12,,,0,21,,71497,12,,,0,20,,71498,12,,,0,60,,71499,12,,,0,20,,71500,12,,,0,19,,71501,12,,,0,60,,71502,12,,,0,20,,71503,12,,,0,20,,71504,12,,,0,60,,71505,12,,,0,19,,71506,12,,,0,20,,71507,12,,,0,61,,71508,12,,,0,20,,71509,12,,,0,21,,71510,12,,,0,60,,71511,12,,,0,20,,71512,12,,,0,19,,71513,12,,,0,59,,71514,12,,,0,18,,71515,12,,,0,29,,71516,12,,,0,72,,71517,12,,,0,33,,71518,12,,,0
3000000,'3_3',640,,71562,12,,,0,60,,71561,12,,,0,21,,71521,12,,,0,20,,71522,12,,,0,60,,71523,12,,,0,20,,71524,12,,,0,20,,71525,12,,,0,61,,71526,12,,,0,20,,71527,12,,,0,20,,71528,12,,,0,61,,71529,12,,,0,20,,71530,12,,,0,20,,71531,12,,,0,60,,71532,12,,,0,20,,71533,12,,,0,20,,71534,12,,,0,60,,71535,12,,,0,19,,71536,12,,,0,20,,71537,12,,,0,60,,71538,12,,,0,21,,71539,12,,,0,20,,71540,12,,,0,60,,71541,12,,,0,20,,71542,12,,,0,19,,71543,12,,,0,60,,71544,12,,,0,20,,71545,12,,,0,20,,71546,12,,,0,60,,71547,12,,,0,19,,71548,12,,,0,20,,71549,12,,,0,61,,71550,12,,,0,20,,71551,12,,,0,21,,71552,12,,,0,60,,71553,12,,,0,20,,71554,12,,,0,19,,71555,12,,,0,59,,71556,12,,,0,18,,71557,12,,,0,29,,71558,12,,,0,72,,71559,12,,,0,33,,71560,12,,,0
3000000,'3_4',640,,71604,12,,,0,60,,71603,12,,,0,21,,71563,12,,,0,20,,71564,12,,,0,60,,71565,12,,,0,20,,71566,12,,,0,20,,71567,12,,,0,61,,71568,12,,,0,20,,71569,12,,,0,20,,71570,12,,,0,61,,71571,12,,,0,20,,71572,12,,,0,20,,71573,12,,,0,60,,71574,12,,,0,20,,71575,12,,,0,20,,71576,12,,,0,60,,71577,12,,,0,19,,71578,12,,,0,20,,71579,12,,,0,60,,71580,12,,,0,21,,71581,12,,,0,20,,71582,12,,,0,60,,71583,12,,,0,20,,71584,12,,,0,19,,71585,12,,,0,60,,71586,12,,,0,20,,71587,12,,,0,20,,71588,12,,,0,60,,71589,12,,,0,19,,71590,12,,,0,20,,71591,12,,,0,61,,71592,12,,,0,20,,71593,12,,,0,21,,71594,12,,,0,60,,71595,12,,,0,20,,71596,12,,,0,19,,71597,12,,,0,59,,71598,12,,,0,18,,71599,12,,,0,29,,71600,12,,,0,72,,71601,12,,,0,33,,71602,12,,,0
3000000,'3_5',640,,71646,12,,,0,60,,71645,12,,,0,21,,71605,12,,,0,20,,71606,12,,,0,60,,71607,12,,,0,20,,71608,12,,,0,20,,71609,12,,,0,61,,71610,12,,,0,20,,71611,12,,,0,20,,71612,12,,,0,61,,71613,12,,,0,20,,71614,12,,,0,20,,71615,12,,,0,60,,71616,12,,,0,20,,71617,12,,,0,20,,71618,12,,,0,60,,71619,12,,,0,19,,71620,12,,,0,20,,71621,12,,,0,60,,71622,12,,,0,21,,71623,12,,,0,20,,71624,12,,,0,60,,71625,12,,,0,20,,71626,12,,,0,19,,71627,12,,,0,60,,71628,12,,,0,20,,71629,12,,,0,20,,71630,12,,,0,60,,71631,12,,,0,19,,71632,12,,,0,20,,71633,12,,,0,61,,71634,12,,,0,20,,71635,12,,,0,21,,71636,12,,,0,60,,71637,12,,,0,20,,71638,12,,,0,19,,71639,12,,,0,59,,71640,12,,,0,18,,71641,12,,,0,29,,71642,12,,,0,72,,71643,12,,,0,33,,71644,12,,,0
3000000,'4_7',805,,71647,12,,,0,130,,71648,12,,,0,170,,71649,12,,,0,130,,71650,12,,,0,170,,71651,12,,,0,130,,71652,12,,,0,170,,71653,12,,,0,129,,71654,12,,,0,170,,71655,12,,,0
