'2409-HIV-24i02H-s-Samedi-00',100,75200,4,'',0,15000,4,'',0,5500,4,'',0,7100,4,'',0,3000,4,'',0,7100,4,'',0,3000,4,'',0,6900,4,'',0,3100,4,'',0,6800,4,'',0,3000,4,'',0,7000,4,'',0,3000,4,'',0,7100,4,'',0,3000,4,'',0,7200,4,'',0,7300,4,'',0,3200,4,'',0,7400,4,'',0,2600,4,'',0,6700,4,'',0,2800,4,'',0,2800,4,'',0
'2409-HIV-24j06H-d-Dimanche-00',100,95300,4,'',0,500,,'',0,9900,4,'',0,4600,,'',0,10000,4,'',0,10400,4,'',0,5000,4,'',0,4600,,'',0,5400,4,'',0,14600,4,'',0,10500,4,'',0,10400,4,'',0,600,,'',0,9900,4,'',0
'2409-HIV-24j26H-d-Dimanche-00',100,95300,4,'',0,500,,'',0,9900,4,'',0,4600,,'',0,10000,4,'',0,10400,4,'',0,5000,4,'',0,4600,,'',0,5400,4,'',0,14600,4,'',0,10500,4,'',0,10400,4,'',0,600,,'',0,9900,4,'',0
'2409-HIV-24j28Vlv-Semaine-01',100,75200,,'',0,5600,4,'',0,1500,4,'',0,1400,,'',0,1500,4,'',0,7000,4,'',0,2500,4,'',0,8000,4,'',0,8000,4,'',0,3900,4,'',0,7500,4,'',0,2000,,'',0,6500,,'',0,3000,4,'',0,6500,4,'',0,2500,4,'',0,3200,4,'',0,7800,4,'',0,7100,4,'',0,3200,4,'',0,6600,,'',0,3600,,'',0,7000,,'',0,2900,,'',0,6600,,'',0,3300,4,'',0,6400,,'',0
'2409-HIV-25a06H-s-Samedi-00',100,75200,4,'',0,15000,4,'',0,5500,4,'',0,7100,4,'',0,3000,4,'',0,7100,4,'',0,3000,4,'',0,6900,4,'',0,3100,4,'',0,6800,4,'',0,3000,4,'',0,7000,4,'',0,3000,4,'',0,7100,4,'',0,3000,4,'',0,7200,4,'',0,7300,4,'',0,3200,4,'',0,7400,4,'',0,2600,4,'',0,6700,4,'',0,2800,4,'',0,2800,4,'',0
'2409-HIV-25a06H-w-Mercredi-01',100,75600,4,'',0,5600,4,'',0,1500,4,'',0,1300,,'',0,1300,4,'',0,6900,4,'',0,2600,4,'',0,7800,4,'',0,7800,4,'',0,4000,4,'',0,8000,4,'',0,1700,,'',0,6200,,'',0,3200,4,'',0,2400,4,'',0,6600,4,'',0,7500,4,'',0,4300,4,'',0,6600,,'',0,3700,4,'',0,6000,,'',0,1500,4,'',0,2600,,'',0,1100,4,'',0,5600,,'',0,1600,4,'',0,1300,,'',0,6200,,'',0,3200,4,'',0,7500,,'',0
'2409-HIV-25a06H-w-Mercredi-01-0010000',100,130000,,'',0
'2409-HIV-25a06Hlv-L-Ma-J-V-01',100,75600,4,'',0,5600,4,'',0,1500,4,'',0,1300,,'',0,1300,4,'',0,6900,4,'',0,2600,4,'',0,7800,4,'',0,7800,4,'',0,4000,4,'',0,8000,4,'',0,1700,,'',0,6200,,'',0,3200,4,'',0,2400,4,'',0,6600,4,'',0,7500,4,'',0,4300,4,'',0,6600,,'',0,3700,4,'',0,6000,,'',0,1500,4,'',0,2600,,'',0,1100,4,'',0,5600,,'',0,1600,4,'',0,1300,,'',0,6200,,'',0,3200,4,'',0,7500,,'',0
'2409-HIV-25a06Hlv-L-Ma-J-V-01-1101100',100,181000,,'',0,3800,,'',0
'2409-HIV-25b17Vlv-Semaine-00',100,75200,,'',0,5600,4,'',0,1500,4,'',0,1400,,'',0,1500,4,'',0,7000,4,'',0,2500,4,'',0,8000,4,'',0,8000,4,'',0,3900,4,'',0,7500,4,'',0,2000,,'',0,6500,,'',0,3000,4,'',0,6500,4,'',0,2500,4,'',0,3200,4,'',0,7800,4,'',0,7100,4,'',0,3200,4,'',0,6600,,'',0,3600,,'',0,7000,,'',0,2900,,'',0,6600,,'',0,3300,4,'',0,6400,,'',0
'2409-HIV-25b24Vlv-Semaine-00',100,75200,,'',0,5600,4,'',0,1500,4,'',0,1400,,'',0,1500,4,'',0,7000,4,'',0,2500,4,'',0,8000,4,'',0,8000,4,'',0,3900,4,'',0,7500,4,'',0,2000,,'',0,6500,,'',0,3000,4,'',0,6500,4,'',0,2500,4,'',0,3200,4,'',0,7800,4,'',0,7100,4,'',0,3200,4,'',0,6600,,'',0,3600,,'',0,7000,,'',0,2900,,'',0,6600,,'',0,3300,4,'',0,6400,,'',0
