1001,'1_3',811,,49361,13,,,0,106,,49363,16,,,0,86,,49364,16,,,0,39,,49368,14,,,0,86,,49365,16,,,0,90,,49369,14,,,0,82,,49370,14,,,0,31,,49371,14,,,0,95,,49362,13,,,0,584,,49367,16,,,0
1001,'2_6',808,,32445,13,,,0,108,,32446,16,,,0,101,,32453,14,,,0,102,,32447,16,,,0,100,,32454,14,,,0,85,,32455,14,,,0,202,,32456,14,,,0,395,,32448,16,,,0,107,,32449,16,,,0
1001,'7_1',811,,47128,13,,,0,106,,47130,16,,,0,86,,47131,16,,,0,39,,47135,14,,,0,86,,47132,16,,,0,90,,47136,14,,,0,82,,47137,14,,,0,31,,47138,14,,,0,95,,47129,13,,,0,584,,47134,16,,,0
1001,'7_2',811,,49375,13,,,0,106,,49377,16,,,0,86,,49378,16,,,0,39,,49382,14,,,0,86,,49379,16,,,0,90,,49383,14,,,0,82,,49384,14,,,0,31,,49385,14,,,0,95,,49376,13,,,0,584,,49381,16,,,0
1001,'7_4',811,,49389,13,,,0,106,,49391,16,,,0,86,,49392,16,,,0,39,,49396,14,,,0,86,,49393,16,,,0,90,,49397,14,,,0,82,,49398,14,,,0,31,,49399,14,,,0,95,,49390,13,,,0,584,,49395,16,,,0
1101,'1_3',1637,,49415,10,,,0,119,,49416,10,,,0,94,,49417,10,,,0
1101,'2_6',1637,,32496,10,,,0,119,,32497,10,,,0
1101,'7_1',1637,,47146,10,,,0,119,,47147,10,,,0,94,,47148,10,,,0
1101,'7_2',1637,,49418,10,,,0,119,,49419,10,,,0,94,,49420,10,,,0
1101,'7_4',1637,,49421,10,,,0,119,,49422,10,,,0,94,,49423,10,,,0
