100,'1_3',704,,48090,5,0,61 8,0,31,,48081,5,,,0,75,,48091,5,0,9 10,0,38,,48082,5,0,61 8,0,156,,48083,5,0,61 8,0,117,,48084,5,0,61 8,0,116,,48085,5,0,61 8,0,89,,48086,5,0,61 8,0,114,,48087,5,0,61 8,0,99,,48092,5,0,61 8,0,102,,48088,5,0,61 8,0,84,,48089,5,0,61 8,0,83,,48079,5,,,0,111,,48080,5,,,0
100,'2_6',654,,29921,5,0,61 8,0,202,,29922,5,0,61 8,0,99,,29923,5,0,61 8,0,102,,29924,5,0,61 8,0,100,,29925,5,0,61 8,0,100,,29926,5,0,61 8,0,99,,29927,5,0,61 8,0,100,,29928,5,0,61 8,0,101,,29929,5,0,61 8,0,144,,29930,5,0,61 8,0,99,,29931,5,0,61 8,0,101,,29932,5,0,61 8,0
100,'3_7',1007,,29949,5,0,61 8,0,210,,29950,5,0,61 8,0,190,,29951,5,0,61 8,0,209,,29952,5,0,61 8,0,212,,29953,5,0,61 8,0
100,'4_7',1007,,46627,5,0,61 8,0,210,,46628,5,0,61 8,0,190,,46629,5,0,61 8,0,209,,46630,5,0,61 8,0,212,,46631,5,0,61 8,0
100,'7_1',704,,46643,5,0,61 8,0,31,,46634,5,,,0,75,,46644,5,0,9 10,0,38,,46635,5,0,61 8,0,156,,46636,5,0,61 8,0,117,,46637,5,0,61 8,0,116,,46638,5,0,61 8,0,89,,46639,5,0,61 8,0,114,,46640,5,0,61 8,0,99,,46645,5,0,61 8,0,102,,46641,5,0,61 8,0,84,,46642,5,0,61 8,0,83,,46632,5,,,0,111,,46633,5,,,0
100,'7_2',704,,48125,5,0,61 8,0,31,,48116,5,,,0,75,,48126,5,0,9 10,0,38,,48117,5,0,61 8,0,156,,48118,5,0,61 8,0,117,,48119,5,0,61 8,0,116,,48120,5,0,61 8,0,89,,48121,5,0,61 8,0,114,,48122,5,0,61 8,0,99,,48127,5,0,61 8,0,102,,48123,5,0,61 8,0,84,,48124,5,0,61 8,0,83,,48114,5,,,0,111,,48115,5,,,0
100,'7_4',704,,48160,5,0,61 8,0,31,,48151,5,,,0,75,,48161,5,0,9 10,0,38,,48152,5,0,61 8,0,156,,48153,5,0,61 8,0,117,,48154,5,0,61 8,0,116,,48155,5,0,61 8,0,89,,48156,5,0,61 8,0,114,,48157,5,0,61 8,0,99,,48162,5,0,61 8,0,102,,48158,5,0,61 8,0,84,,48159,5,0,61 8,0,83,,48149,5,,,0,111,,48150,5,,,0
100,'8_7',1007,,51852,5,0,61 8,0,210,,51853,5,0,61 8,0,190,,51854,5,0,61 8,0,209,,51855,5,0,61 8,0,212,,51856,5,0,61 8,0
100,'9_7',1007,,52079,5,0,61 8,0,210,,52080,5,0,61 8,0,190,,52081,5,0,61 8,0,209,,52082,5,0,61 8,0,212,,52083,5,0,61 8,0
800,'1_3',700,,49136,10,,,0,33,,49137,10,,,0,67,,49138,10,,,0,31,,49139,10,,,0,80,,49140,10,,,0,110,,49141,10,,,0,117,,49142,10,,,0,111,,49143,10,,,0,110,,49144,10,,,0,152,,49146,10,,,0,110,,49145,10,,,0
800,'7_1',700,,47053,10,,,0,33,,47054,10,,,0,67,,47055,10,,,0,31,,47056,10,,,0,80,,47057,10,,,0,110,,47058,10,,,0,117,,47059,10,,,0,111,,47060,10,,,0,110,,47061,10,,,0,152,,47063,10,,,0,110,,47062,10,,,0
800,'7_2',700,,49147,10,,,0,33,,49148,10,,,0,67,,49149,10,,,0,31,,49150,10,,,0,80,,49151,10,,,0,110,,49152,10,,,0,117,,49153,10,,,0,111,,49154,10,,,0,110,,49155,10,,,0,152,,49157,10,,,0,110,,49156,10,,,0
800,'7_4',700,,49158,10,,,0,33,,49159,10,,,0,67,,49160,10,,,0,31,,49161,10,,,0,80,,49162,10,,,0,110,,49163,10,,,0,117,,49164,10,,,0,111,,49165,10,,,0,110,,49166,10,,,0,152,,49168,10,,,0,110,,49167,10,,,0
2200,'1_3',703,,49742,5,0,11 15 16,0,20,,49746,5,0,17,0,102,,49743,5,0,11 15 16,0,513,,49745,5,0,42,0,368,,49744,5,0,11 15 16,0
2200,'7_1',703,,47256,5,0,11 15 16,0,20,,47262,5,0,17,0,102,,47257,5,0,11 15 16,0,513,,47259,5,0,42,0,305,,47260,5,0,42,0,63,,47258,5,0,11 15 16,0,37,,47261,5,0,42,0
2200,'7_2',703,,49747,5,0,11 15 16,0,20,,49753,5,0,17,0,102,,49748,5,0,11 15 16,0,513,,49750,5,0,42,0,305,,49751,5,0,42,0,63,,49749,5,0,11 15 16,0,37,,49752,5,0,42,0
2200,'7_4',703,,49754,5,0,11 15 16,0,20,,49760,5,0,17,0,102,,49755,5,0,11 15 16,0,513,,49757,5,0,42,0,305,,49758,5,0,42,0,63,,49756,5,0,11 15 16,0,37,,49759,5,0,42,0
