601,'0_6',610,,65847,6,,,0,102,,65848,6,,,0,35,,65849,6,,,0,99,,65850,6,,,0,92,,65851,6,,,0,101,,65852,6,,,0,84,,65853,6,,,0,98,,65854,6,,,0,38,,65862,6,,,0,94,,65863,6,0,69,0,84,,65855,6,,,0,87,,65856,6,,,0,94,,65857,6,,,0,90,,65858,6,,,0,51,,65859,6,,,0,91,,65860,6,,,0,86,,65861,6,,,0
601,'1_7',813,,65864,6,0,69,0,105,,65865,6,0,69,0,115,,65866,6,0,69,0,118,,65867,6,0,69,0,197,,65868,6,0,69,0,162,,65869,6,0,69,0,111,,65870,6,0,69,0,106,,65871,6,0,69,0,108,,65872,6,0,69,0
601,'3_1',610,,65958,6,,,0,102,,65959,6,,,0,35,,65960,6,,,0,99,,65961,6,,,0,92,,65962,6,,,0,101,,65963,6,,,0,84,,65964,6,,,0,98,,65965,6,,,0,38,,65973,6,,,0,94,,65974,6,0,69,0,84,,65966,6,,,0,87,,65967,6,,,0,94,,65968,6,,,0,90,,65969,6,,,0,51,,65970,6,,,0,91,,65971,6,,,0,86,,65972,6,,,0
601,'3_3',610,,65975,6,,,0,102,,65976,6,,,0,35,,65977,6,,,0,99,,65978,6,,,0,92,,65979,6,,,0,101,,65980,6,,,0,84,,65981,6,,,0,98,,65982,6,,,0,38,,65990,6,,,0,94,,65991,6,0,69,0,84,,65983,6,,,0,87,,65984,6,,,0,94,,65985,6,,,0,90,,65986,6,,,0,51,,65987,6,,,0,91,,65988,6,,,0,86,,65989,6,,,0
601,'3_4',610,,65992,6,,,0,102,,65993,6,,,0,35,,65994,6,,,0,99,,65995,6,,,0,92,,65996,6,,,0,101,,65997,6,,,0,84,,65998,6,,,0,98,,65999,6,,,0,38,,66007,6,,,0,94,,66008,6,0,69,0,84,,66000,6,,,0,87,,66001,6,,,0,94,,66002,6,,,0,90,,66003,6,,,0,51,,66004,6,,,0,91,,66005,6,,,0,86,,66006,6,,,0
601,'3_5',610,,66009,6,,,0,102,,66010,6,,,0,35,,66011,6,,,0,99,,66012,6,,,0,92,,66013,6,,,0,101,,66014,6,,,0,84,,66015,6,,,0,98,,66016,6,,,0,38,,66024,6,,,0,94,,66025,6,0,69,0,84,,66017,6,,,0,87,,66018,6,,,0,94,,66019,6,,,0,90,,66020,6,,,0,51,,66021,6,,,0,91,,66022,6,,,0,86,,66023,6,,,0
601,'4_7',813,,66026,6,0,69,0,105,,66027,6,0,69,0,115,,66028,6,0,69,0,118,,66029,6,0,69,0,197,,66030,6,0,69,0,162,,66031,6,0,69,0,111,,66032,6,0,69,0,106,,66033,6,0,69,0,108,,66034,6,0,69,0
901,'0_6',737,,66610,2,,,0,99,,66618,2,0,66,0,264,,66621,2,,,0,56,,66619,2,0,66,0,366,,66622,2,,,0,91,,66611,2,,,0,95,,66612,2,,,0,129,,66613,2,,,0,95,,66614,2,,,0
901,'3_1',737,,66688,2,,,0,99,,66696,2,0,66,0,264,,66699,2,,,0,56,,66697,2,0,66,0,366,,66700,2,,,0,91,,66689,2,,,0,95,,66690,2,,,0,129,,66691,2,,,0,95,,66692,2,,,0
901,'3_3',737,,66701,2,,,0,99,,66709,2,0,66,0,264,,66712,2,,,0,56,,66710,2,0,66,0,366,,66713,2,,,0,91,,66702,2,,,0,95,,66703,2,,,0,129,,66704,2,,,0,95,,66705,2,,,0
901,'3_4',737,,66714,2,,,0,99,,66722,2,0,66,0,264,,66725,2,,,0,56,,66723,2,0,66,0,366,,66726,2,,,0,91,,66715,2,,,0,95,,66716,2,,,0,129,,66717,2,,,0,95,,66718,2,,,0
901,'3_5',737,,66727,2,,,0,99,,66735,2,0,66,0,264,,66738,2,,,0,56,,66736,2,0,66,0,366,,66739,2,,,0,91,,66728,2,,,0,95,,66729,2,,,0,129,,66730,2,,,0,95,,66731,2,,,0
2601,'0_6',738,,68098,18,,,0,86,,68101,18,,,0,85,,68102,18,,,0,47,,68103,18,,,0,90,,68104,18,,,0,84,,68105,18,,,0,83,,68106,18,,,0,45,,68107,18,,,0,82,,68108,18,,,0,85,,68109,18,,,0,86,,68110,18,,,0,90,,68111,18,,,0,46,,68112,18,,,0,81,,68113,18,,,0,86,,68114,18,,,0,43,,68100,18,,,0,81,,68099,18,,,0
2601,'3_1',738,,68200,18,,,0,86,,68201,18,,,0,85,,68202,18,,,0,47,,68203,18,,,0,90,,68204,18,,,0,84,,68205,18,,,0,83,,68206,18,,,0,45,,68207,18,,,0,82,,68208,18,,,0,85,,68209,18,,,0,86,,68210,18,,,0,90,,68211,18,,,0,46,,68212,18,,,0,81,,68213,18,,,0,86,,68214,18,,,0,43,,68215,18,,,0,81,,68216,18,,,0
2601,'3_3',738,,68217,18,,,0,86,,68218,18,,,0,85,,68219,18,,,0,47,,68220,18,,,0,90,,68221,18,,,0,84,,68222,18,,,0,83,,68223,18,,,0,45,,68224,18,,,0,82,,68225,18,,,0,85,,68226,18,,,0,86,,68227,18,,,0,90,,68228,18,,,0,46,,68229,18,,,0,81,,68230,18,,,0,86,,68231,18,,,0,43,,68232,18,,,0,81,,68233,18,,,0
2601,'3_4',738,,68234,18,,,0,86,,68235,18,,,0,85,,68236,18,,,0,47,,68237,18,,,0,90,,68238,18,,,0,84,,68239,18,,,0,83,,68240,18,,,0,45,,68241,18,,,0,82,,68242,18,,,0,85,,68243,18,,,0,86,,68244,18,,,0,90,,68245,18,,,0,46,,68246,18,,,0,81,,68247,18,,,0,86,,68248,18,,,0,43,,68249,18,,,0,81,,68250,18,,,0
2601,'3_5',738,,68251,18,,,0,86,,68252,18,,,0,85,,68253,18,,,0,47,,68254,18,,,0,90,,68255,18,,,0,84,,68256,18,,,0,83,,68257,18,,,0,45,,68258,18,,,0,82,,68259,18,,,0,85,,68260,18,,,0,86,,68261,18,,,0,90,,68262,18,,,0,46,,68263,18,,,0,81,,68264,18,,,0,86,,68265,18,,,0,43,,68266,18,,,0,81,,68267,18,,,0
