2600,'0_6',740,,67928,24,,,0,86,,67929,24,,,0,84,,67930,24,,,0,45,,67931,24,,,0,84,,67932,24,,,0,90,,67933,24,,,0,84,,67934,24,,,0,42,,67935,24,,,0,85,,67936,24,,,0,85,,67937,24,,,0,83,,67938,24,,,0,45,,67939,24,,,0,91,,67940,24,,,0,86,,67941,24,,,0,83,,67942,24,,,0,44,,67943,24,,,0,82,,67944,24,,,0
2600,'3_1',740,,68030,24,,,0,86,,68031,24,,,0,84,,68032,24,,,0,45,,68033,24,,,0,84,,68034,24,,,0,90,,68035,24,,,0,84,,68036,24,,,0,42,,68037,24,,,0,85,,68038,24,,,0,85,,68039,24,,,0,83,,68040,24,,,0,45,,68041,24,,,0,91,,68042,24,,,0,86,,68043,24,,,0,83,,68044,24,,,0,44,,68045,24,,,0,82,,68046,24,,,0
2600,'3_3',740,,68047,24,,,0,86,,68048,24,,,0,84,,68049,24,,,0,45,,68050,24,,,0,84,,68051,24,,,0,90,,68052,24,,,0,84,,68053,24,,,0,42,,68054,24,,,0,85,,68055,24,,,0,85,,68056,24,,,0,83,,68057,24,,,0,45,,68058,24,,,0,91,,68059,24,,,0,86,,68060,24,,,0,83,,68061,24,,,0,44,,68062,24,,,0,82,,68063,24,,,0
2600,'3_4',740,,68064,24,,,0,86,,68065,24,,,0,84,,68066,24,,,0,45,,68067,24,,,0,84,,68068,24,,,0,90,,68069,24,,,0,84,,68070,24,,,0,42,,68071,24,,,0,85,,68072,24,,,0,85,,68073,24,,,0,83,,68074,24,,,0,45,,68075,24,,,0,91,,68076,24,,,0,86,,68077,24,,,0,83,,68078,24,,,0,44,,68079,24,,,0,82,,68080,24,,,0
2600,'3_5',740,,68081,24,,,0,86,,68082,24,,,0,84,,68083,24,,,0,45,,68084,24,,,0,84,,68085,24,,,0,90,,68086,24,,,0,84,,68087,24,,,0,42,,68088,24,,,0,85,,68089,24,,,0,85,,68090,24,,,0,83,,68091,24,,,0,45,,68092,24,,,0,91,,68093,24,,,0,86,,68094,24,,,0,83,,68095,24,,,0,44,,68096,24,,,0,82,,68097,24,,,0
3000000,'0_6',652,,71221,19,,,0,82,,71222,19,,,0,82,,71223,19,,,0,30,,71224,19,,,0,60,,71225,19,,,0,20,,71226,19,,,0,21,,71227,19,,,0,60,,71228,19,,,0,20,,71229,19,,,0,20,,71230,19,,,0,61,,71231,19,,,0,19,,71232,19,,,0,20,,71233,19,,,0,60,,71234,19,,,0,19,,71235,19,,,0,19,,71236,19,,,0,60,,71237,19,,,0,20,,71238,19,,,0,21,,71239,19,,,0,59,,71240,19,,,0,21,,71241,19,,,0,20,,71242,19,,,0,61,,71243,19,,,0,20,,71244,19,,,0,20,,71245,19,,,0,60,,71246,19,,,0,20,,71247,19,,,0,20,,71248,19,,,0,60,,71249,19,,,0,20,,71250,19,,,0,20,,71251,19,,,0,60,,71252,19,,,0,19,,71253,19,,,0,19,,71254,19,,,0,59,,71255,19,,,0,30,,71256,19,,,0,70,,71257,19,,,0,29,,71258,19,,,0,69,,71259,19,,,0
3000000,'1_7',814,,71260,19,,,0,130,,71261,19,,,0,170,,71262,19,,,0,130,,71263,19,,,0,170,,71264,19,,,0,130,,71265,19,,,0,170,,71266,19,,,0,129,,71267,19,,,0,170,,71268,19,,,0
3000000,'3_1',648,,71520,19,,,0,60,,71519,19,,,0,21,,71479,19,,,0,21,,71480,19,,,0,60,,71481,19,,,0,20,,71482,19,,,0,20,,71483,19,,,0,61,,71484,19,,,0,20,,71485,19,,,0,20,,71486,19,,,0,61,,71487,19,,,0,20,,71488,19,,,0,20,,71489,19,,,0,61,,71490,19,,,0,20,,71491,19,,,0,20,,71492,19,,,0,59,,71493,19,,,0,19,,71494,19,,,0,20,,71495,19,,,0,60,,71496,19,,,0,22,,71497,19,,,0,20,,71498,19,,,0,59,,71499,19,,,0,20,,71500,19,,,0,20,,71501,19,,,0,60,,71502,19,,,0,20,,71503,19,,,0,20,,71504,19,,,0,60,,71505,19,,,0,19,,71506,19,,,0,20,,71507,19,,,0,61,,71508,19,,,0,20,,71509,19,,,0,21,,71510,19,,,0,60,,71511,19,,,0,20,,71512,19,,,0,18,,71513,19,,,0,59,,71514,19,,,0,18,,71515,19,,,0,29,,71516,19,,,0,72,,71517,19,,,0,73,,71518,19,,,0
3000000,'3_3',648,,71562,19,,,0,60,,71561,19,,,0,21,,71521,19,,,0,21,,71522,19,,,0,60,,71523,19,,,0,20,,71524,19,,,0,20,,71525,19,,,0,61,,71526,19,,,0,20,,71527,19,,,0,20,,71528,19,,,0,61,,71529,19,,,0,20,,71530,19,,,0,20,,71531,19,,,0,61,,71532,19,,,0,20,,71533,19,,,0,20,,71534,19,,,0,59,,71535,19,,,0,19,,71536,19,,,0,20,,71537,19,,,0,60,,71538,19,,,0,22,,71539,19,,,0,20,,71540,19,,,0,59,,71541,19,,,0,20,,71542,19,,,0,20,,71543,19,,,0,60,,71544,19,,,0,20,,71545,19,,,0,20,,71546,19,,,0,60,,71547,19,,,0,19,,71548,19,,,0,20,,71549,19,,,0,61,,71550,19,,,0,20,,71551,19,,,0,21,,71552,19,,,0,60,,71553,19,,,0,20,,71554,19,,,0,18,,71555,19,,,0,59,,71556,19,,,0,18,,71557,19,,,0,29,,71558,19,,,0,72,,71559,19,,,0,73,,71560,19,,,0
3000000,'3_4',648,,71604,19,,,0,60,,71603,19,,,0,21,,71563,19,,,0,21,,71564,19,,,0,60,,71565,19,,,0,20,,71566,19,,,0,20,,71567,19,,,0,61,,71568,19,,,0,20,,71569,19,,,0,20,,71570,19,,,0,61,,71571,19,,,0,20,,71572,19,,,0,20,,71573,19,,,0,61,,71574,19,,,0,20,,71575,19,,,0,20,,71576,19,,,0,59,,71577,19,,,0,19,,71578,19,,,0,20,,71579,19,,,0,60,,71580,19,,,0,22,,71581,19,,,0,20,,71582,19,,,0,59,,71583,19,,,0,20,,71584,19,,,0,20,,71585,19,,,0,60,,71586,19,,,0,20,,71587,19,,,0,20,,71588,19,,,0,60,,71589,19,,,0,19,,71590,19,,,0,20,,71591,19,,,0,61,,71592,19,,,0,20,,71593,19,,,0,21,,71594,19,,,0,60,,71595,19,,,0,20,,71596,19,,,0,18,,71597,19,,,0,59,,71598,19,,,0,18,,71599,19,,,0,29,,71600,19,,,0,72,,71601,19,,,0,73,,71602,19,,,0
3000000,'3_5',648,,71646,19,,,0,60,,71645,19,,,0,21,,71605,19,,,0,21,,71606,19,,,0,60,,71607,19,,,0,20,,71608,19,,,0,20,,71609,19,,,0,61,,71610,19,,,0,20,,71611,19,,,0,20,,71612,19,,,0,61,,71613,19,,,0,20,,71614,19,,,0,20,,71615,19,,,0,61,,71616,19,,,0,20,,71617,19,,,0,20,,71618,19,,,0,59,,71619,19,,,0,19,,71620,19,,,0,20,,71621,19,,,0,60,,71622,19,,,0,22,,71623,19,,,0,20,,71624,19,,,0,59,,71625,19,,,0,20,,71626,19,,,0,20,,71627,19,,,0,60,,71628,19,,,0,20,,71629,19,,,0,20,,71630,19,,,0,60,,71631,19,,,0,19,,71632,19,,,0,20,,71633,19,,,0,61,,71634,19,,,0,20,,71635,19,,,0,21,,71636,19,,,0,60,,71637,19,,,0,20,,71638,19,,,0,18,,71639,19,,,0,59,,71640,19,,,0,18,,71641,19,,,0,29,,71642,19,,,0,72,,71643,19,,,0,73,,71644,19,,,0
3000000,'4_7',814,,71647,19,,,0,130,,71648,19,,,0,170,,71649,19,,,0,130,,71650,19,,,0,170,,71651,19,,,0,130,,71652,19,,,0,170,,71653,19,,,0,129,,71654,19,,,0,170,,71655,19,,,0
