1500,'1_3',744,,49425,18,,,0,61,,49426,18,,,0,114,,49427,18,,,0,117,,49428,18,,,0,118,,49429,18,,,0,80,,49430,18,,,0,75,,49431,18,,,0,97,,49432,18,,,0,222,,49433,18,,,0,109,,49434,18,,,0,98,,49435,18,,,0,110,,49436,18,,,0
1500,'2_6',744,,32564,18,,,0,61,,32565,18,,,0,114,,32566,18,,,0,117,,32567,18,,,0,118,,32568,18,,,0,80,,32569,18,,,0,75,,32570,18,,,0,97,,32571,18,,,0,222,,32572,18,,,0,109,,32573,18,,,0,98,,32574,18,,,0,110,,32575,18,,,0
1500,'7_1',744,,47150,18,,,0,61,,47151,18,,,0,114,,47152,18,,,0,117,,47153,18,,,0,118,,47154,18,,,0,80,,47155,18,,,0,75,,47156,18,,,0,97,,47157,18,,,0,222,,47158,18,,,0,109,,47159,18,,,0,98,,47160,18,,,0,110,,47161,18,,,0
1500,'7_2',744,,49438,18,,,0,61,,49439,18,,,0,114,,49440,18,,,0,117,,49441,18,,,0,118,,49442,18,,,0,80,,49443,18,,,0,75,,49444,18,,,0,97,,49445,18,,,0,222,,49446,18,,,0,109,,49447,18,,,0,98,,49448,18,,,0,110,,49449,18,,,0
1500,'7_4',744,,49451,18,,,0,61,,49452,18,,,0,114,,49453,18,,,0,117,,49454,18,,,0,118,,49455,18,,,0,80,,49456,18,,,0,75,,49457,18,,,0,97,,49458,18,,,0,222,,49459,18,,,0,109,,49460,18,,,0,98,,49461,18,,,0,110,,49462,18,,,0
1501,'1_3',654,,49464,8,,,0,58,,49465,8,,,0,95,,49466,8,,,0,21,,49467,8,,,0,117,,49468,8,,,0,156,,49469,8,,,0,118,,49470,8,,,0,94,,49471,8,,,0,118,,49472,8,,,0,222,,49473,8,,,0,150,,49474,8,,,0,55,,49475,8,,,0
1501,'2_6',654,,32642,8,,,0,58,,32643,8,,,0,95,,32644,8,,,0,21,,32645,8,,,0,117,,32646,8,,,0,156,,32647,8,,,0,118,,32648,8,,,0,94,,32649,8,,,0,118,,32650,8,,,0,222,,32651,8,,,0,150,,32652,8,,,0,55,,32653,8,,,0
1501,'7_1',654,,47163,8,,,0,58,,47164,8,,,0,95,,47165,8,,,0,21,,47166,8,,,0,117,,47167,8,,,0,156,,47168,8,,,0,118,,47169,8,,,0,94,,47170,8,,,0,118,,47171,8,,,0,222,,47172,8,,,0,150,,47173,8,,,0,55,,47174,8,,,0
1501,'7_2',654,,49477,8,,,0,58,,49478,8,,,0,95,,49479,8,,,0,21,,49480,8,,,0,117,,49481,8,,,0,156,,49482,8,,,0,118,,49483,8,,,0,94,,49484,8,,,0,118,,49485,8,,,0,222,,49486,8,,,0,150,,49487,8,,,0,55,,49488,8,,,0
1501,'7_4',654,,49490,8,,,0,58,,49491,8,,,0,95,,49492,8,,,0,21,,49493,8,,,0,117,,49494,8,,,0,156,,49495,8,,,0,118,,49496,8,,,0,94,,49497,8,,,0,118,,49498,8,,,0,222,,49499,8,,,0,150,,49500,8,,,0,55,,49501,8,,,0
