401,'1_3',702,,48818,13,0,52,0,13,,48788,17,0,41,0,8,,48805,17,0,41,0,22,,48789,17,0,41,0,12,,48812,17,,,0,66,,48790,17,0,41,0,11,,48791,17,0,41,0,77,,48792,17,0,41,0,35,,48793,17,0,41,0,75,,48794,17,0,41,0,35,,48814,17,,,0,71,,48795,17,0,41,0,28,,48796,17,0,41,0,57,,48813,17,,,0,33,,48809,20,0,41,0,71,,48815,17,,,0,34,,48787,20,0,41,0,77,,48797,17,0,41,0,30,,48816,17,,,0,66,,48798,17,0,41,0,28,,48799,17,0,41,0,55,,48800,17,0,41,0,14,,48810,20,0,41,0,14,,48806,17,0,41,0,23,,48801,17,0,41,0,48,,48807,17,0,41,0,16,,48811,20,,,0,33,,48802,17,0,41,0,55,,48808,17,0,41,0,45,,48803,17,0,41,0,65,,48817,17,,,0
401,'2_6',701,,31419,17,,,0,116,,31426,17,0,41,0,34,,31420,17,,,0,69,,31427,17,0,41,0,32,,31428,17,0,41,0,67,,31429,17,0,41,0,32,,31421,17,,,0,69,,31430,17,0,41,0,31,,31431,17,0,41,0,71,,31432,17,0,41,0,30,,31422,17,,,0,69,,31433,17,0,41,0,29,,31434,17,0,41,0,71,,31435,17,0,41,0,31,,31423,17,,,0,68,,31436,17,0,41,0,32,,31437,17,0,41,0,73,,31438,17,0,41,0,31,,31424,17,,,0,71,,31439,17,0,41,0,73,,31440,17,0,41,0,32,,31441,17,0,41,0,71,,31442,17,0,41,0,30,,31425,17,,,0
401,'3_7',915,,31443,17,0,41,0,100,,31444,17,0,41,0,100,,31445,17,0,41,0,100,,31446,17,0,41,0,100,,31447,17,0,41,0,100,,31448,17,0,41,0,100,,31449,17,0,41,0,100,,31450,17,0,41,0,100,,31451,17,0,41,0,100,,31452,17,0,41,0
401,'4_7',915,,46926,17,0,41,0,100,,46927,17,0,41,0,100,,46928,17,0,41,0,100,,46929,17,0,41,0,100,,46930,17,0,41,0,100,,46931,17,0,41,0,100,,46932,17,0,41,0,100,,46933,17,0,41,0,100,,46934,17,0,41,0,100,,46935,17,0,41,0
401,'7_1',702,,46967,13,0,52,0,13,,46937,17,0,41,0,8,,46954,17,0,41,0,22,,46938,17,0,41,0,12,,46961,17,,,0,66,,46939,17,0,41,0,11,,46940,17,0,41,0,77,,46941,17,0,41,0,35,,46942,17,0,41,0,75,,46943,17,0,41,0,35,,46963,17,,,0,71,,46944,17,0,41,0,28,,46945,17,0,41,0,57,,46962,17,,,0,33,,46958,20,0,41,0,71,,46964,17,,,0,34,,46936,20,0,41,0,77,,46946,17,0,41,0,30,,46965,17,,,0,66,,46947,17,0,41,0,28,,46948,17,0,41,0,55,,46949,17,0,41,0,14,,46959,20,0,41,0,14,,46955,17,0,41,0,23,,46950,17,0,41,0,48,,46956,17,0,41,0,16,,46960,20,,,0,33,,46951,17,0,41,0,55,,46957,17,0,41,0,45,,46952,17,0,41,0,65,,46966,17,,,0
401,'7_2',702,,48850,13,0,52,0,13,,48820,17,0,41,0,8,,48837,17,0,41,0,22,,48821,17,0,41,0,12,,48844,17,,,0,66,,48822,17,0,41,0,11,,48823,17,0,41,0,77,,48824,17,0,41,0,35,,48825,17,0,41,0,75,,48826,17,0,41,0,35,,48846,17,,,0,71,,48827,17,0,41,0,28,,48828,17,0,41,0,57,,48845,17,,,0,33,,48841,20,0,41,0,71,,48847,17,,,0,34,,48819,20,0,41,0,77,,48829,17,0,41,0,30,,48848,17,,,0,66,,48830,17,0,41,0,28,,48831,17,0,41,0,55,,48832,17,0,41,0,14,,48842,20,0,41,0,14,,48838,17,0,41,0,23,,48833,17,0,41,0,48,,48839,17,0,41,0,16,,48843,20,,,0,33,,48834,17,0,41,0,55,,48840,17,0,41,0,45,,48835,17,0,41,0,65,,48849,17,,,0
401,'7_4',702,,48882,13,0,52,0,13,,48852,17,0,41,0,8,,48869,17,0,41,0,22,,48853,17,0,41,0,12,,48876,17,,,0,66,,48854,17,0,41,0,11,,48855,17,0,41,0,77,,48856,17,0,41,0,35,,48857,17,0,41,0,75,,48858,17,0,41,0,35,,48878,17,,,0,71,,48859,17,0,41,0,28,,48860,17,0,41,0,57,,48877,17,,,0,33,,48873,20,0,41,0,71,,48879,17,,,0,34,,48851,20,0,41,0,77,,48861,17,0,41,0,30,,48880,17,,,0,66,,48862,17,0,41,0,28,,48863,17,0,41,0,55,,48864,17,0,41,0,14,,48874,20,0,41,0,14,,48870,17,0,41,0,23,,48865,17,0,41,0,48,,48871,17,0,41,0,16,,48875,20,,,0,33,,48866,17,0,41,0,55,,48872,17,0,41,0,45,,48867,17,0,41,0,65,,48881,17,,,0
401,'8_7',915,,51946,17,0,41,0,100,,51947,17,0,41,0,100,,51948,17,0,41,0,100,,51949,17,0,41,0,100,,51950,17,0,41,0,100,,51951,17,0,41,0,100,,51952,17,0,41,0,100,,51953,17,0,41,0,100,,51954,17,0,41,0,100,,51955,17,0,41,0
401,'9_7',915,,52173,17,0,41,0,100,,52174,17,0,41,0,100,,52175,17,0,41,0,100,,52176,17,0,41,0,100,,52177,17,0,41,0,100,,52178,17,0,41,0,100,,52179,17,0,41,0,100,,52180,17,0,41,0,100,,52181,17,0,41,0,100,,52182,17,0,41,0
2301,'1_3',702,,49790,10,,,0,22,,49789,10,,,0,1,,49788,20,,,0
2301,'7_1',702,,47275,10,,,0,22,,47274,10,,,0,1,,47273,20,,,0
2301,'7_2',702,,49793,10,,,0,22,,49792,10,,,0,1,,49791,20,,,0
2301,'7_4',702,,49796,10,,,0,22,,49795,10,,,0,1,,49794,20,,,0
