200,'0_6',811,,63326,40,0,35 37,0,105,,63327,40,0,35 37,0,106,,63328,31,0,35 37,0,106,,63329,40,0,35 37,0,109,,63330,40,0,35 37,0,100,,63331,31,0,35 37,0,102,,63332,40,0,35 37,0,102,,63333,40,0,35 37,0,112,,63334,40,0,35 37,0,102,,63335,40,0,35 37,0,94,,63349,40,0,35 37,0,89,,63336,43,0,35 37,0
200,'3_1',811,,63544,40,0,35 37,0,105,,63545,40,0,35 37,0,106,,63546,31,0,35 37,0,106,,63547,40,0,35 37,0,109,,63548,40,0,35 37,0,100,,63549,31,0,35 37,0,102,,63550,40,0,35 37,0,102,,63551,40,0,35 37,0,112,,63552,40,0,35 37,0,102,,63553,40,0,35 37,0,94,,63567,40,0,35 37,0,89,,63554,43,0,35 37,0
200,'3_3',811,,63579,40,0,35 37,0,105,,63580,40,0,35 37,0,106,,63581,31,0,35 37,0,106,,63582,40,0,35 37,0,109,,63583,40,0,35 37,0,100,,63584,31,0,35 37,0,102,,63585,40,0,35 37,0,102,,63586,40,0,35 37,0,112,,63587,40,0,35 37,0,102,,63588,40,0,35 37,0,94,,63602,40,0,35 37,0,89,,63589,43,0,35 37,0
200,'3_4',811,,63614,40,0,35 37,0,105,,63615,40,0,35 37,0,106,,63616,31,0,35 37,0,106,,63617,40,0,35 37,0,109,,63618,40,0,35 37,0,100,,63619,31,0,35 37,0,102,,63620,40,0,35 37,0,102,,63621,40,0,35 37,0,112,,63622,40,0,35 37,0,102,,63623,40,0,35 37,0,94,,63637,40,0,35 37,0,89,,63624,43,0,35 37,0
200,'3_5',811,,63649,40,0,35 37,0,105,,63650,40,0,35 37,0,106,,63651,31,0,35 37,0,106,,63652,40,0,35 37,0,109,,63653,40,0,35 37,0,100,,63654,31,0,35 37,0,102,,63655,40,0,35 37,0,102,,63656,40,0,35 37,0,112,,63657,40,0,35 37,0,102,,63658,40,0,35 37,0,94,,63672,40,0,35 37,0,89,,63659,43,0,35 37,0
201,'0_6',658,,63705,4,0,62,0,181,,63706,4,0,20,0,100,,63707,4,0,62,0,110,,63708,4,0,64,0,151,,63709,4,0,20,0,104,,63710,4,0,20,0,105,,63711,4,0,20,0,105,,63712,4,0,20,0,101,,63713,4,0,20,0,103,,63714,4,0,20,0,105,,63715,4,0,62,0,94,,63716,4,0,21,0
201,'3_1',658,,63929,4,0,62,0,181,,63930,4,0,20,0,100,,63931,4,0,62,0,110,,63932,4,0,64,0,151,,63933,4,0,20,0,104,,63934,4,0,20,0,105,,63935,4,0,20,0,105,,63936,4,0,20,0,101,,63937,4,0,20,0,103,,63938,4,0,20,0,105,,63939,4,0,62,0,94,,63940,4,0,21,0
201,'3_3',658,,63965,4,0,62,0,181,,63966,4,0,20,0,100,,63967,4,0,62,0,110,,63968,4,0,64,0,151,,63969,4,0,20,0,104,,63970,4,0,20,0,105,,63971,4,0,20,0,105,,63972,4,0,20,0,101,,63973,4,0,20,0,103,,63974,4,0,20,0,105,,63975,4,0,62,0,94,,63976,4,0,21,0
201,'3_4',658,,64001,4,0,62,0,181,,64002,4,0,20,0,100,,64003,4,0,62,0,110,,64004,4,0,64,0,151,,64005,4,0,20,0,104,,64006,4,0,20,0,105,,64007,4,0,20,0,105,,64008,4,0,20,0,101,,64009,4,0,20,0,103,,64010,4,0,20,0,105,,64011,4,0,62,0,94,,64012,4,0,21,0
201,'3_5',658,,64037,4,0,62,0,181,,64038,4,0,20,0,100,,64039,4,0,62,0,110,,64040,4,0,64,0,151,,64041,4,0,20,0,104,,64042,4,0,20,0,105,,64043,4,0,20,0,105,,64044,4,0,20,0,101,,64045,4,0,20,0,103,,64046,4,0,20,0,105,,64047,4,0,62,0,94,,64048,4,0,21,0
