'2409-HIV-24i02H-s-Samedi-00',2601,73500,,'',0,8600,,'',0,8500,,'',0,4600,,'',0,9000,,'',0,8400,,'',0,8300,,'',0,4500,,'',0,8200,,'',0,8500,,'',0,8600,,'',0,5000,,'',0,8600,,'',0,8100,,'',0,8600,,'',0,4300,,'',0,8200,,'',0
'2409-HIV-24i02H-w-Mercredi-00',2601,72900,,'',0,300,,'',0,200,,'',0,7200,,'',0,2400,,'',0,1000,,'',0,1500,,'',0,7900,,'',0,9900,,'',0,10000,,'',0,10000,,'',0,6700,,'',0,2200,,'',0,9200,,'',0,9500,,'',0,11400,,'',0,8900,,'',0,2700,,'',0,8900,,'',0,2300,,'',0,9400,,'',0
'2409-HIV-24i02Hlv-L-Ma-J-V-00',2601,72900,,'',0,300,,'',0,200,,'',0,7200,,'',0,2400,,'',0,1000,,'',0,1500,,'',0,7900,,'',0,9900,,'',0,10000,,'',0,10000,,'',0,6700,,'',0,2200,,'',0,9200,,'',0,9500,,'',0,11400,,'',0,8900,,'',0,2700,,'',0,8900,,'',0,2300,,'',0,9400,,'',0
'2409-HIV-24i02Hlv-L-Ma-J-V-00-1101100',2601,132700,,'',0
'2409-HIV-24i12Hlv-L-Ma-J-V-00',2601,72900,,'',0,300,,'',0,200,,'',0,7200,,'',0,2400,,'',0,1000,,'',0,1500,,'',0,7900,,'',0,9900,,'',0,10000,,'',0,10000,,'',0,6700,,'',0,2200,,'',0,9200,,'',0,9500,,'',0,11400,,'',0,8900,,'',0,2700,,'',0,8900,,'',0,2300,,'',0,9400,,'',0
'2409-HIV-24i12Hlv-L-Ma-J-V-00-1101100',2601,132700,,'',0
'2409-HIV-24j21Vlv-Semaine-01',2601,73500,,'',0,8600,,'',0,8500,,'',0,4600,,'',0,9000,,'',0,8400,,'',0,8300,,'',0,4500,,'',0,8200,,'',0,8500,,'',0,8600,,'',0,5000,,'',0,8600,,'',0,8100,,'',0,8600,,'',0,4300,,'',0,8200,,'',0
'2409-HIV-24j28Vlv-Semaine-01',2601,73500,,'',0,8600,,'',0,8500,,'',0,4600,,'',0,9000,,'',0,8400,,'',0,8300,,'',0,4500,,'',0,8200,,'',0,8500,,'',0,8600,,'',0,5000,,'',0,8600,,'',0,8100,,'',0,8600,,'',0,4300,,'',0,8200,,'',0
'2409-HIV-24l23Vlv-Semaine-00',2601,73500,,'',0,8600,,'',0,8500,,'',0,4600,,'',0,9000,,'',0,8400,,'',0,8300,,'',0,4500,,'',0,8200,,'',0,8500,,'',0,8600,,'',0,5000,,'',0,8600,,'',0,8100,,'',0,8600,,'',0,4300,,'',0,8200,,'',0
'2409-HIV-24i02H-d-Dimanche-00',400000,81600,0,'Baillat',0,11000,0,'Tourné',0,11000,0,'Baillat',0,11000,0,'Tourné',0,11000,0,'Baillat',0,15000,0,'Tourné',0,11000,0,'Baillat',0,11000,0,'Tourné',0,11000,0,'Baillat',0,11000,0,'Tourné',0,11000,0,'Bas Vernet 1',0
'2409-HIV-24i02H-s-Samedi-00',400000,62800,0,'Tourné',0,1800,0,'Baillat',0,6700,0,'Tourné',0,2000,0,'Baillat',0,2000,0,'Tourné',0,6000,0,'Baillat',0,2000,0,'Tourné',0,2000,0,'Baillat',0,6000,0,'Tourné',0,2000,0,'Baillat',0,2000,0,'Tourné',0,6000,0,'Baillat',0,2000,0,'Tourné',0,2000,0,'Baillat',0,6000,0,'Tourné',0,2000,0,'Baillat',0,2000,0,'Tourné',0,6000,0,'Baillat',0,2000,0,'Tourné',0,2000,0,'Baillat',0,6000,0,'Tourné',0,2000,0,'Baillat',0,2000,0,'Tourné',0,6000,0,'Baillat',0,2000,0,'Tourné',0,2000,0,'Baillat',0,6000,0,'Tourné',0,2000,0,'Baillat',0,2000,0,'Tourné',0,6000,0,'Baillat',0,2000,0,'Tourné',0,2000,0,'Baillat',0,6000,0,'Tourné',0,2000,0,'Baillat',0,2000,0,'Tourné',0,6000,0,'Baillat',0,2000,0,'Tourné',0,2000,0,'Baillat',0,6000,0,'Tourné',0,2000,0,'Baillat',0,2000,0,'Tourné',0,6000,0,'Baillat',0,2100,0,'Bas Vernet 1',0,2000,0,'Bas Vernet 1',0,6900,0,'Bas Vernet 1',0
'2409-HIV-24i02H-w-Mercredi-00',400000,62800,0,'Tourné',0,1800,0,'Baillat',0,6700,0,'Tourné',0,2000,0,'Baillat',0,1900,0,'Tourné',0,5900,0,'Baillat',0,2200,0,'Tourné',0,2000,0,'Baillat',0,5700,0,'Tourné',0,1900,0,'Baillat',0,2000,0,'Tourné',0,6000,0,'Baillat',0,2000,0,'Tourné',0,2000,0,'Baillat',0,6000,0,'Tourné',0,2000,0,'Baillat',0,2000,0,'Tourné',0,6000,0,'Baillat',0,2000,0,'Tourné',0,2000,0,'Baillat',0,6000,0,'Tourné',0,2000,0,'Baillat',0,2000,0,'Tourné',0,6000,0,'Baillat',0,2100,0,'Tourné',0,1900,0,'Baillat',0,6200,0,'Tourné',0,1900,0,'Baillat',0,2100,0,'Tourné',0,5900,0,'Baillat',0,2100,0,'Tourné',0,2100,0,'Baillat',0,6200,0,'Tourné',0,2100,0,'Baillat',0,2100,0,'Tourné',0,6000,0,'Baillat',0,2000,0,'Tourné',0,1800,0,'Baillat',0,5900,0,'Tourné',0,2000,0,'Baillat',0,1900,0,'Tourné',0,5900,0,'Baillat',0,2100,0,'Bas Vernet 1',0,2100,0,'Bas Vernet 1',0,7000,0,'Bas Vernet 1',0
'2409-HIV-24i02Hlv-L-Ma-J-V-00',400000,62800,0,'Tourné',0,1800,0,'Baillat',0,6700,0,'Tourné',0,2000,0,'Baillat',0,1900,0,'Tourné',0,5900,0,'Baillat',0,2200,0,'Tourné',0,2000,0,'Baillat',0,5700,0,'Tourné',0,1900,0,'Baillat',0,2000,0,'Tourné',0,6000,0,'Baillat',0,2000,0,'Tourné',0,2000,0,'Baillat',0,6000,0,'Tourné',0,2000,0,'Baillat',0,2000,0,'Tourné',0,6000,0,'Baillat',0,2000,0,'Tourné',0,2000,0,'Baillat',0,6000,0,'Tourné',0,2000,0,'Baillat',0,2000,0,'Tourné',0,6000,0,'Baillat',0,2100,0,'Tourné',0,1900,0,'Baillat',0,6200,0,'Tourné',0,1900,0,'Baillat',0,2100,0,'Tourné',0,5900,0,'Baillat',0,2100,0,'Tourné',0,2100,0,'Baillat',0,6200,0,'Tourné',0,2100,0,'Baillat',0,2100,0,'Tourné',0,6000,0,'Baillat',0,2000,0,'Tourné',0,1800,0,'Baillat',0,5900,0,'Tourné',0,2000,0,'Baillat',0,1900,0,'Tourné',0,5900,0,'Baillat',0,2100,0,'Bas Vernet 1',0,2100,0,'Bas Vernet 1',0,7000,0,'Bas Vernet 1',0
'2409-HIV-24i09H-d-Dimanche-00',400000,81600,0,'Baillat',0,11000,0,'Tourné',0,11000,0,'Baillat',0,11000,0,'Tourné',0,11000,0,'Baillat',0,15000,0,'Tourné',0,11000,0,'Baillat',0,11000,0,'Tourné',0,11000,0,'Baillat',0,11000,0,'Tourné',0,11000,0,'Bas Vernet 1',0
'2409-HIV-24i12Hlv-L-Ma-J-V-00',400000,62800,0,'Tourné',0,1800,0,'Baillat',0,6700,0,'Tourné',0,2000,0,'Baillat',0,1900,0,'Tourné',0,5900,0,'Baillat',0,2200,0,'Tourné',0,2000,0,'Baillat',0,5700,0,'Tourné',0,1900,0,'Baillat',0,2000,0,'Tourné',0,6000,0,'Baillat',0,2000,0,'Tourné',0,2000,0,'Baillat',0,6000,0,'Tourné',0,2000,0,'Baillat',0,2000,0,'Tourné',0,6000,0,'Baillat',0,2000,0,'Tourné',0,2000,0,'Baillat',0,6000,0,'Tourné',0,2000,0,'Baillat',0,2000,0,'Tourné',0,6000,0,'Baillat',0,2100,0,'Tourné',0,1900,0,'Baillat',0,6200,0,'Tourné',0,1900,0,'Baillat',0,2100,0,'Tourné',0,5900,0,'Baillat',0,2100,0,'Tourné',0,2100,0,'Baillat',0,6200,0,'Tourné',0,2100,0,'Baillat',0,2100,0,'Tourné',0,6000,0,'Baillat',0,2000,0,'Tourné',0,1800,0,'Baillat',0,5900,0,'Tourné',0,2000,0,'Baillat',0,1900,0,'Tourné',0,5900,0,'Baillat',0,2100,0,'Bas Vernet 1',0,2100,0,'Bas Vernet 1',0,7000,0,'Bas Vernet 1',0
'2409-HIV-24j06H-d-Dimanche-00',400000,81600,0,'Baillat',0,11000,0,'Tourné',0,11000,0,'Baillat',0,11000,0,'Tourné',0,11000,0,'Baillat',0,15000,0,'Tourné',0,11000,0,'Baillat',0,11000,0,'Tourné',0,11000,0,'Baillat',0,11000,0,'Tourné',0,11000,0,'Bas Vernet 1',0
'2409-HIV-24j21Vlv-Semaine-01',400000,62800,0,'Tourné',0,1800,0,'Baillat',0,6700,0,'Tourné',0,2000,0,'Baillat',0,2000,0,'Tourné',0,6000,0,'Baillat',0,2000,0,'Tourné',0,2000,0,'Baillat',0,6000,0,'Tourné',0,2000,0,'Baillat',0,2000,0,'Tourné',0,6000,0,'Baillat',0,2000,0,'Tourné',0,2000,0,'Baillat',0,6000,0,'Tourné',0,2000,0,'Baillat',0,2000,0,'Tourné',0,6000,0,'Baillat',0,2000,0,'Tourné',0,2000,0,'Baillat',0,6000,0,'Tourné',0,2000,0,'Baillat',0,2000,0,'Tourné',0,6000,0,'Baillat',0,2000,0,'Tourné',0,2000,0,'Baillat',0,6000,0,'Tourné',0,2000,0,'Baillat',0,2000,0,'Tourné',0,6000,0,'Baillat',0,2000,0,'Tourné',0,2000,0,'Baillat',0,6000,0,'Tourné',0,2000,0,'Baillat',0,2000,0,'Tourné',0,6000,0,'Baillat',0,2000,0,'Tourné',0,2000,0,'Baillat',0,6000,0,'Tourné',0,2000,0,'Baillat',0,2000,0,'Tourné',0,6000,0,'Baillat',0,2100,0,'Bas Vernet 1',0,2000,0,'Bas Vernet 1',0,6900,0,'Bas Vernet 1',0
'2409-HIV-24j26H-d-Dimanche-00',400000,81600,0,'Baillat',0,11000,0,'Tourné',0,11000,0,'Baillat',0,11000,0,'Tourné',0,11000,0,'Baillat',0,15000,0,'Tourné',0,11000,0,'Baillat',0,11000,0,'Tourné',0,11000,0,'Baillat',0,11000,0,'Tourné',0,11000,0,'Bas Vernet 1',0
'2409-HIV-24j28Vlv-Semaine-01',400000,62800,0,'Tourné',0,1800,0,'Baillat',0,6700,0,'Tourné',0,2000,0,'Baillat',0,2000,0,'Tourné',0,6000,0,'Baillat',0,2000,0,'Tourné',0,2000,0,'Baillat',0,6000,0,'Tourné',0,2000,0,'Baillat',0,2000,0,'Tourné',0,6000,0,'Baillat',0,2000,0,'Tourné',0,2000,0,'Baillat',0,6000,0,'Tourné',0,2000,0,'Baillat',0,2000,0,'Tourné',0,6000,0,'Baillat',0,2000,0,'Tourné',0,2000,0,'Baillat',0,6000,0,'Tourné',0,2000,0,'Baillat',0,2000,0,'Tourné',0,6000,0,'Baillat',0,2000,0,'Tourné',0,2000,0,'Baillat',0,6000,0,'Tourné',0,2000,0,'Baillat',0,2000,0,'Tourné',0,6000,0,'Baillat',0,2000,0,'Tourné',0,2000,0,'Baillat',0,6000,0,'Tourné',0,2000,0,'Baillat',0,2000,0,'Tourné',0,6000,0,'Baillat',0,2000,0,'Tourné',0,2000,0,'Baillat',0,6000,0,'Tourné',0,2000,0,'Baillat',0,2000,0,'Tourné',0,6000,0,'Baillat',0,2100,0,'Bas Vernet 1',0,2000,0,'Bas Vernet 1',0,6900,0,'Bas Vernet 1',0
'2409-HIV-24l23Vlv-Semaine-00',400000,62800,0,'Tourné',0,1800,0,'Baillat',0,6700,0,'Tourné',0,2000,0,'Baillat',0,2000,0,'Tourné',0,6000,0,'Baillat',0,2000,0,'Tourné',0,2000,0,'Baillat',0,6000,0,'Tourné',0,2000,0,'Baillat',0,2000,0,'Tourné',0,6000,0,'Baillat',0,2000,0,'Tourné',0,2000,0,'Baillat',0,6000,0,'Tourné',0,2000,0,'Baillat',0,2000,0,'Tourné',0,6000,0,'Baillat',0,2000,0,'Tourné',0,2000,0,'Baillat',0,6000,0,'Tourné',0,2000,0,'Baillat',0,2000,0,'Tourné',0,6000,0,'Baillat',0,2000,0,'Tourné',0,2000,0,'Baillat',0,6000,0,'Tourné',0,2000,0,'Baillat',0,2000,0,'Tourné',0,6000,0,'Baillat',0,2000,0,'Tourné',0,2000,0,'Baillat',0,6000,0,'Tourné',0,2000,0,'Baillat',0,2000,0,'Tourné',0,6000,0,'Baillat',0,2000,0,'Tourné',0,2000,0,'Baillat',0,6000,0,'Tourné',0,2000,0,'Baillat',0,2000,0,'Tourné',0,6000,0,'Baillat',0,2100,0,'Bas Vernet 1',0,2000,0,'Bas Vernet 1',0,6900,0,'Bas Vernet 1',0
