1500,'0_6',732,,67090,9,,,0,21,,67091,9,,,0,154,,67092,9,,,0,117,,67093,9,,,0,117,,67094,9,,,0,80,,67095,9,,,0,36,,67096,9,,,0,96,,67097,9,,,0,159,,67089,9,0,44,0,103,,67098,9,,,0,107,,67099,9,,,0,99,,67100,9,,,0,113,,67101,9,,,0
1500,'3_1',732,,67168,9,,,0,21,,67169,9,,,0,154,,67170,9,,,0,117,,67171,9,,,0,117,,67172,9,,,0,80,,67173,9,,,0,36,,67174,9,,,0,96,,67175,9,,,0,159,,67167,9,0,44,0,103,,67176,9,,,0,107,,67177,9,,,0,99,,67178,9,,,0,113,,67179,9,,,0
1500,'3_3',732,,67181,9,,,0,21,,67182,9,,,0,154,,67183,9,,,0,117,,67184,9,,,0,117,,67185,9,,,0,80,,67186,9,,,0,36,,67187,9,,,0,96,,67188,9,,,0,159,,67180,9,0,44,0,103,,67189,9,,,0,107,,67190,9,,,0,99,,67191,9,,,0,113,,67192,9,,,0
1500,'3_4',732,,67194,9,,,0,21,,67195,9,,,0,154,,67196,9,,,0,117,,67197,9,,,0,117,,67198,9,,,0,80,,67199,9,,,0,36,,67200,9,,,0,96,,67201,9,,,0,159,,67193,9,0,44,0,103,,67202,9,,,0,107,,67203,9,,,0,99,,67204,9,,,0,113,,67205,9,,,0
1500,'3_5',732,,67207,9,,,0,21,,67208,9,,,0,154,,67209,9,,,0,117,,67210,9,,,0,117,,67211,9,,,0,80,,67212,9,,,0,36,,67213,9,,,0,96,,67214,9,,,0,159,,67206,9,0,44,0,103,,67215,9,,,0,107,,67216,9,,,0,99,,67217,9,,,0,113,,67218,9,,,0
4000000,'0_6',641,,72135,10,0,46,0,18,,72091,10,0,45,0,63,,72113,10,0,46,0,20,,72092,10,0,45,0,60,,72114,10,0,46,0,21,,72093,10,0,45,0,21,,72115,10,0,46,0,60,,72094,10,0,45,0,20,,72116,10,0,46,0,22,,72095,10,0,45,0,59,,72117,10,0,46,0,21,,72096,10,0,45,0,22,,72118,10,0,46,0,61,,72097,10,0,45,0,21,,72119,10,0,46,0,21,,72098,10,0,45,0,62,,72120,10,0,46,0,20,,72099,10,0,45,0,20,,72121,10,0,45,0,61,,72100,10,0,46,0,21,,72122,10,0,45,0,18,,72101,10,0,46,0,59,,72123,10,0,45,0,18,,72102,10,0,46,0,18,,72124,10,0,45,0,59,,72103,10,0,46,0,20,,72125,10,0,45,0,20,,72104,10,0,46,0,60,,72126,10,0,45,0,21,,72105,10,0,46,0,20,,72127,10,0,45,0,61,,72106,10,0,46,0,20,,72128,10,0,45,0,20,,72107,10,0,46,0,59,,72129,10,0,45,0,20,,72108,10,0,46,0,18,,72130,10,0,45,0,58,,72109,10,0,46,0,20,,72131,10,0,45,0,19,,72110,10,0,46,0,60,,72132,10,0,45,0,19,,72111,10,0,46,0
4000000,'1_7',830,,72136,10,0,46,0,110,,72141,10,0,45,0,110,,72137,10,0,46,0,150,,72142,10,0,45,0,110,,72138,10,0,46,0,110,,72143,10,0,45,0,110,,72139,10,0,46,0,110,,72144,10,0,45,0,110,,72140,10,0,46,0,150,,72145,10,0,45,0
4000000,'3_1',641,,72416,10,0,46,0,18,,72372,10,0,45,0,63,,72394,10,0,46,0,20,,72373,10,0,45,0,60,,72395,10,0,46,0,21,,72374,10,0,45,0,21,,72396,10,0,46,0,60,,72375,10,0,45,0,20,,72397,10,0,46,0,22,,72376,10,0,45,0,59,,72398,10,0,46,0,21,,72377,10,0,45,0,22,,72399,10,0,46,0,61,,72378,10,0,45,0,21,,72400,10,0,46,0,21,,72379,10,0,45,0,62,,72401,10,0,46,0,20,,72380,10,0,45,0,20,,72402,10,0,45,0,61,,72381,10,0,46,0,21,,72403,10,0,45,0,18,,72382,10,0,46,0,59,,72404,10,0,45,0,18,,72383,10,0,46,0,18,,72405,10,0,45,0,59,,72384,10,0,46,0,20,,72406,10,0,45,0,20,,72385,10,0,46,0,60,,72407,10,0,45,0,21,,72386,10,0,46,0,20,,72408,10,0,45,0,61,,72387,10,0,46,0,20,,72409,10,0,45,0,20,,72388,10,0,46,0,59,,72410,10,0,45,0,20,,72389,10,0,46,0,18,,72411,10,0,45,0,58,,72390,10,0,46,0,20,,72412,10,0,45,0,19,,72391,10,0,46,0,60,,72413,10,0,45,0,19,,72392,10,0,46,0
4000000,'3_3',641,,72461,10,0,46,0,18,,72417,10,0,45,0,63,,72439,10,0,46,0,20,,72418,10,0,45,0,60,,72440,10,0,46,0,21,,72419,10,0,45,0,21,,72441,10,0,46,0,60,,72420,10,0,45,0,20,,72442,10,0,46,0,22,,72421,10,0,45,0,59,,72443,10,0,46,0,21,,72422,10,0,45,0,22,,72444,10,0,46,0,61,,72423,10,0,45,0,21,,72445,10,0,46,0,21,,72424,10,0,45,0,62,,72446,10,0,46,0,20,,72425,10,0,45,0,20,,72447,10,0,45,0,61,,72426,10,0,46,0,21,,72448,10,0,45,0,18,,72427,10,0,46,0,59,,72449,10,0,45,0,18,,72428,10,0,46,0,18,,72450,10,0,45,0,59,,72429,10,0,46,0,20,,72451,10,0,45,0,20,,72430,10,0,46,0,60,,72452,10,0,45,0,21,,72431,10,0,46,0,20,,72453,10,0,45,0,61,,72432,10,0,46,0,20,,72454,10,0,45,0,20,,72433,10,0,46,0,59,,72455,10,0,45,0,20,,72434,10,0,46,0,18,,72456,10,0,45,0,58,,72435,10,0,46,0,20,,72457,10,0,45,0,19,,72436,10,0,46,0,60,,72458,10,0,45,0,19,,72437,10,0,46,0
4000000,'3_4',641,,72506,10,0,46,0,18,,72462,10,0,45,0,63,,72484,10,0,46,0,20,,72463,10,0,45,0,60,,72485,10,0,46,0,21,,72464,10,0,45,0,21,,72486,10,0,46,0,60,,72465,10,0,45,0,20,,72487,10,0,46,0,22,,72466,10,0,45,0,59,,72488,10,0,46,0,21,,72467,10,0,45,0,22,,72489,10,0,46,0,61,,72468,10,0,45,0,21,,72490,10,0,46,0,21,,72469,10,0,45,0,62,,72491,10,0,46,0,20,,72470,10,0,45,0,20,,72492,10,0,45,0,61,,72471,10,0,46,0,21,,72493,10,0,45,0,18,,72472,10,0,46,0,59,,72494,10,0,45,0,18,,72473,10,0,46,0,18,,72495,10,0,45,0,59,,72474,10,0,46,0,20,,72496,10,0,45,0,20,,72475,10,0,46,0,60,,72497,10,0,45,0,21,,72476,10,0,46,0,20,,72498,10,0,45,0,61,,72477,10,0,46,0,20,,72499,10,0,45,0,20,,72478,10,0,46,0,59,,72500,10,0,45,0,20,,72479,10,0,46,0,18,,72501,10,0,45,0,58,,72480,10,0,46,0,20,,72502,10,0,45,0,19,,72481,10,0,46,0,60,,72503,10,0,45,0,19,,72482,10,0,46,0
4000000,'3_5',641,,72551,10,0,46,0,18,,72507,10,0,45,0,63,,72529,10,0,46,0,20,,72508,10,0,45,0,60,,72530,10,0,46,0,21,,72509,10,0,45,0,21,,72531,10,0,46,0,60,,72510,10,0,45,0,20,,72532,10,0,46,0,22,,72511,10,0,45,0,59,,72533,10,0,46,0,21,,72512,10,0,45,0,22,,72534,10,0,46,0,61,,72513,10,0,45,0,21,,72535,10,0,46,0,21,,72514,10,0,45,0,62,,72536,10,0,46,0,20,,72515,10,0,45,0,20,,72537,10,0,45,0,61,,72516,10,0,46,0,21,,72538,10,0,45,0,18,,72517,10,0,46,0,59,,72539,10,0,45,0,18,,72518,10,0,46,0,18,,72540,10,0,45,0,59,,72519,10,0,46,0,20,,72541,10,0,45,0,20,,72520,10,0,46,0,60,,72542,10,0,45,0,21,,72521,10,0,46,0,20,,72543,10,0,45,0,61,,72522,10,0,46,0,20,,72544,10,0,45,0,20,,72523,10,0,46,0,59,,72545,10,0,45,0,20,,72524,10,0,46,0,18,,72546,10,0,45,0,58,,72525,10,0,46,0,20,,72547,10,0,45,0,19,,72526,10,0,46,0,60,,72548,10,0,45,0,19,,72527,10,0,46,0
4000000,'4_7',830,,72552,10,0,46,0,110,,72557,10,0,45,0,110,,72553,10,0,46,0,150,,72558,10,0,45,0,110,,72554,10,0,46,0,110,,72559,10,0,45,0,110,,72555,10,0,46,0,110,,72560,10,0,45,0,110,,72556,10,0,46,0,150,,72561,10,0,45,0
