100,'0_6',655,,62779,6,0,61 8,0,202,,62780,6,0,61 8,0,99,,62781,6,0,61 8,0,102,,62782,6,0,61 8,0,100,,62783,6,0,61 8,0,100,,62784,6,0,61 8,0,99,,62785,6,0,61 8,0,100,,62786,6,0,61 8,0,101,,62787,6,0,61 8,0,144,,62788,6,0,61 8,0,99,,62789,6,0,61 8,0,101,,62790,6,0,61 8,0
100,'1_7',1008,,62807,6,0,61 8,0,210,,62808,6,0,61 8,0,190,,62809,6,0,61 8,0,209,,62810,6,0,61 8,0,212,,62811,6,0,61 8,0
100,'3_1',725,,62938,6,,,0,98,,62941,6,0,61 8,0,98,,62942,6,0,61 8,0,105,,62946,6,0,61 8,0,103,,62945,6,0,61 8,0,103,,62947,6,0,61 8,0,100,,62950,6,0,61 8,0,99,,62951,6,0,61 8,0,99,,62955,6,0,61 8,0,105,,62953,6,0,61 8,0,101,,62954,6,0,61 8,0,101,,62960,6,0,61 8,0
100,'3_3',725,,62963,6,,,0,98,,62966,6,0,61 8,0,98,,62967,6,0,61 8,0,105,,62971,6,0,61 8,0,103,,62970,6,0,61 8,0,103,,62972,6,0,61 8,0,100,,62975,6,0,61 8,0,99,,62976,6,0,61 8,0,99,,62980,6,0,61 8,0,105,,62978,6,0,61 8,0,101,,62979,6,0,61 8,0,101,,62985,6,0,61 8,0
100,'3_4',725,,62988,6,,,0,98,,62991,6,0,61 8,0,98,,62992,6,0,61 8,0,105,,62996,6,0,61 8,0,103,,62995,6,0,61 8,0,103,,62997,6,0,61 8,0,100,,63000,6,0,61 8,0,99,,63001,6,0,61 8,0,99,,63005,6,0,61 8,0,105,,63003,6,0,61 8,0,101,,63004,6,0,61 8,0,101,,63010,6,0,61 8,0
100,'3_5',725,,63013,6,,,0,98,,63016,6,0,61 8,0,98,,63017,6,0,61 8,0,105,,63021,6,0,61 8,0,103,,63020,6,0,61 8,0,103,,63022,6,0,61 8,0,100,,63025,6,0,61 8,0,99,,63026,6,0,61 8,0,99,,63030,6,0,61 8,0,105,,63028,6,0,61 8,0,101,,63029,6,0,61 8,0,101,,63035,6,0,61 8,0
100,'4_7',1008,,63042,6,0,61 8,0,210,,63043,6,0,61 8,0,190,,63044,6,0,61 8,0,209,,63045,6,0,61 8,0,212,,63046,6,0,61 8,0
800,'3_1',700,,66310,11,,,0,33,,66311,11,,,0,67,,66312,11,,,0,31,,66313,11,,,0,80,,66314,11,,,0,110,,66315,11,,,0,117,,66316,11,,,0,111,,66317,11,,,0,110,,66318,11,,,0,152,,66320,11,,,0,110,,66319,11,,,0
800,'3_3',700,,66321,11,,,0,33,,66322,11,,,0,67,,66323,11,,,0,31,,66324,11,,,0,80,,66325,11,,,0,110,,66326,11,,,0,117,,66327,11,,,0,111,,66328,11,,,0,110,,66329,11,,,0,152,,66331,11,,,0,110,,66330,11,,,0
800,'3_4',700,,66332,11,,,0,33,,66333,11,,,0,67,,66334,11,,,0,31,,66335,11,,,0,80,,66336,11,,,0,110,,66337,11,,,0,117,,66338,11,,,0,111,,66339,11,,,0,110,,66340,11,,,0,152,,66342,11,,,0,110,,66341,11,,,0
800,'3_5',700,,66343,11,,,0,33,,66344,11,,,0,67,,66345,11,,,0,31,,66346,11,,,0,80,,66347,11,,,0,110,,66348,11,,,0,117,,66349,11,,,0,111,,66350,11,,,0,110,,66351,11,,,0,152,,66353,11,,,0,110,,66352,11,,,0
2200,'0_6',1022,,67568,13,,,0,120,,67569,13,,,0,171,,67570,13,,,0,216,,67571,13,,,0,183,,67572,13,,,0,127,,67573,13,,,0,165,,67574,13,,,0
2200,'1_7',1352,,67575,13,,,0,160,,67576,13,,,0,120,,67577,13,,,0,120,,67578,13,,,0,159,,67579,13,,,0
2200,'3_1',1022,,67615,13,,,0,120,,67616,13,,,0,171,,67617,13,,,0,216,,67618,13,,,0,183,,67619,13,,,0,127,,67620,13,,,0,165,,67621,13,,,0
2200,'3_3',1022,,67622,13,,,0,120,,67623,13,,,0,171,,67624,13,,,0,216,,67625,13,,,0,183,,67626,13,,,0,127,,67627,13,,,0,165,,67628,13,,,0
2200,'3_4',1022,,67629,13,,,0,120,,67630,13,,,0,171,,67631,13,,,0,216,,67632,13,,,0,183,,67633,13,,,0,127,,67634,13,,,0,165,,67635,13,,,0
2200,'3_5',1022,,67636,13,,,0,120,,67637,13,,,0,171,,67638,13,,,0,216,,67639,13,,,0,183,,67640,13,,,0,127,,67641,13,,,0,165,,67642,13,,,0
2200,'4_7',1352,,67643,13,,,0,160,,67644,13,,,0,120,,67645,13,,,0,120,,67646,13,,,0,159,,67647,13,,,0
