1100,'0_6',649,,67029,11,,,0,160,,67030,11,,,0,905,,67031,11,,,0,119,,67032,11,,,0
1100,'3_1',649,,67053,11,,,0,160,,67054,11,,,0,905,,67055,11,,,0,119,,67056,11,,,0
1100,'3_3',649,,67057,11,,,0,160,,67058,11,,,0,905,,67059,11,,,0,119,,67060,11,,,0
1100,'3_4',649,,67061,11,,,0,160,,67062,11,,,0,905,,67063,11,,,0,119,,67064,11,,,0
1100,'3_5',649,,67065,11,,,0,160,,67066,11,,,0,905,,67067,11,,,0,119,,67068,11,,,0
1101,'0_6',1645,,67069,13,,,0,159,,67070,13,,,0
1101,'3_1',1645,,67081,13,,,0,159,,67082,13,,,0
1101,'3_3',1645,,67083,13,,,0,159,,67084,13,,,0
1101,'3_4',1645,,67085,13,,,0,159,,67086,13,,,0
1101,'3_5',1645,,67087,13,,,0,159,,67088,13,,,0
