300,'0_6',716,,64083,31,,,0,29,,64084,31,,,0,69,,64085,31,,,0,30,,64086,31,,,0,75,,64087,31,,,0,33,,64088,31,,,0,75,,64089,31,,,0,74,,64090,31,,,0,32,,64091,31,,,0,72,,64082,31,,,0,33,,64081,31,,,0,72,,64080,31,,,0,33,,64079,31,,,0,72,,64057,31,,,0,28,,64058,31,,,0,69,,64059,31,,,0,28,,64060,31,,,0,68,,64061,31,,,0,30,,64062,31,,,0,72,,64063,31,,,0,28,,64064,31,,,0,67,,64065,31,,,0,28,,64066,31,,,0,69,,64067,31,,,0,27,,64068,31,,,0,26,,64069,31,,,0,65,,64070,31,,,0,23,,64071,31,,,0,64,,64093,31,,,0,24,,64092,31,,,0,24,,64072,19,,,0,70,,64073,19,,,0,30,,64074,19,,,0,70,,64075,19,,,0,30,,64076,19,,,0,69,,64077,19,,,0,30,,64078,19,,,0
300,'1_7',919,,64116,31,,,0,33,,64117,31,,,0,75,,64118,31,,,0,74,,64119,31,,,0,32,,64110,31,,,0,72,,64115,31,,,0,33,,64114,31,,,0,72,,64113,31,,,0,33,,64112,31,,,0,72,,64094,31,,,0,28,,64095,31,,,0,69,,64096,31,,,0,28,,64097,31,,,0,68,,64098,31,,,0,30,,64099,31,,,0,72,,64100,31,,,0,28,,64101,31,,,0,67,,64102,31,,,0,28,,64103,31,,,0,69,,64104,31,,,0,27,,64105,31,,,0,26,,64106,31,,,0,65,,64107,31,,,0,23,,64108,31,,,0,64,,64111,31,,,0,24,,64109,31,,,0
300,'3_1',716,,64296,31,,,0,29,,64297,31,,,0,69,,64298,31,,,0,30,,64299,31,,,0,75,,64300,31,,,0,33,,64301,31,,,0,75,,64302,31,,,0,74,,64303,31,,,0,32,,64304,31,,,0,72,,64295,31,,,0,33,,64294,31,,,0,72,,64293,31,,,0,33,,64292,31,,,0,72,,64277,31,,,0,28,,64278,31,,,0,69,,64279,31,,,0,28,,64280,31,,,0,68,,64281,31,,,0,30,,64282,31,,,0,72,,64283,31,,,0,28,,64284,31,,,0,67,,64285,31,,,0,28,,64286,31,,,0,69,,64287,31,,,0,27,,64288,31,,,0,26,,64289,31,,,0,65,,64290,31,,,0,23,,64291,31,,,0,64,,64306,31,,,0,24,,64305,31,,,0
300,'3_3',716,,64326,31,,,0,29,,64327,31,,,0,69,,64328,31,,,0,30,,64329,31,,,0,75,,64330,31,,,0,33,,64331,31,,,0,75,,64332,31,,,0,74,,64333,31,,,0,32,,64334,31,,,0,72,,64325,31,,,0,33,,64324,31,,,0,72,,64323,31,,,0,33,,64322,31,,,0,72,,64307,31,,,0,28,,64308,31,,,0,69,,64309,31,,,0,28,,64310,31,,,0,68,,64311,31,,,0,30,,64312,31,,,0,72,,64313,31,,,0,28,,64314,31,,,0,67,,64315,31,,,0,28,,64316,31,,,0,69,,64317,31,,,0,27,,64318,31,,,0,26,,64319,31,,,0,65,,64320,31,,,0,23,,64321,31,,,0,64,,64336,31,,,0,24,,64335,31,,,0
300,'3_4',716,,64356,31,,,0,29,,64357,31,,,0,69,,64358,31,,,0,30,,64359,31,,,0,75,,64360,31,,,0,33,,64361,31,,,0,75,,64362,31,,,0,74,,64363,31,,,0,32,,64364,31,,,0,72,,64355,31,,,0,33,,64354,31,,,0,72,,64353,31,,,0,33,,64352,31,,,0,72,,64337,31,,,0,28,,64338,31,,,0,69,,64339,31,,,0,28,,64340,31,,,0,68,,64341,31,,,0,30,,64342,31,,,0,72,,64343,31,,,0,28,,64344,31,,,0,67,,64345,31,,,0,28,,64346,31,,,0,69,,64347,31,,,0,27,,64348,31,,,0,26,,64349,31,,,0,65,,64350,31,,,0,23,,64351,31,,,0,64,,64366,31,,,0,24,,64365,31,,,0
300,'3_5',716,,64393,31,,,0,29,,64394,31,,,0,69,,64395,31,,,0,30,,64396,31,,,0,75,,64397,31,,,0,33,,64398,31,,,0,75,,64399,31,,,0,74,,64400,31,,,0,32,,64401,31,,,0,72,,64392,31,,,0,33,,64391,31,,,0,72,,64390,31,,,0,33,,64389,31,,,0,72,,64367,31,,,0,28,,64368,31,,,0,69,,64369,31,,,0,28,,64370,31,,,0,68,,64371,31,,,0,30,,64372,31,,,0,72,,64373,31,,,0,28,,64374,31,,,0,67,,64375,31,,,0,28,,64376,31,,,0,69,,64377,31,,,0,27,,64378,31,,,0,26,,64379,31,,,0,65,,64380,31,,,0,23,,64381,31,,,0,64,,64403,31,,,0,24,,64402,31,,,0,24,,64382,19,,,0,70,,64383,19,,,0,30,,64384,19,,,0,70,,64385,19,,,0,30,,64386,19,,,0,69,,64387,19,,,0,30,,64388,19,,,0
300,'4_7',716,,64423,31,,,0,29,,64424,31,,,0,69,,64425,31,,,0,30,,64426,31,,,0,75,,64427,31,,,0,33,,64428,31,,,0,75,,64429,31,,,0,74,,64430,31,,,0,32,,64431,31,,,0,72,,64422,31,,,0,33,,64421,31,,,0,72,,64420,31,,,0,33,,64419,31,,,0,72,,64404,31,,,0,28,,64405,31,,,0,69,,64406,31,,,0,28,,64407,31,,,0,68,,64408,31,,,0,30,,64409,31,,,0,72,,64410,31,,,0,28,,64411,31,,,0,67,,64412,31,,,0,28,,64413,31,,,0,69,,64414,31,,,0,27,,64415,31,,,0,26,,64416,31,,,0,65,,64417,31,,,0,23,,64418,31,,,0,64,,64433,31,,,0,24,,64432,31,,,0
800,'3_1',711,,66310,19,,,0,33,,66311,19,,,0,67,,66312,19,,,0,30,,66313,19,,,0,80,,66314,19,,,0,110,,66315,19,,,0,117,,66316,19,,,0,111,,66317,19,,,0,151,,66318,19,,,0,112,,66320,19,,,0,110,,66319,19,,,0
800,'3_3',711,,66321,19,,,0,33,,66322,19,,,0,67,,66323,19,,,0,30,,66324,19,,,0,80,,66325,19,,,0,110,,66326,19,,,0,117,,66327,19,,,0,111,,66328,19,,,0,151,,66329,19,,,0,112,,66331,19,,,0,110,,66330,19,,,0
800,'3_4',711,,66332,19,,,0,33,,66333,19,,,0,67,,66334,19,,,0,30,,66335,19,,,0,80,,66336,19,,,0,110,,66337,19,,,0,117,,66338,19,,,0,111,,66339,19,,,0,151,,66340,19,,,0,112,,66342,19,,,0,110,,66341,19,,,0
800,'3_5',711,,66343,19,,,0,33,,66344,19,,,0,67,,66345,19,,,0,30,,66346,19,,,0,80,,66347,19,,,0,110,,66348,19,,,0,117,,66349,19,,,0,111,,66350,19,,,0,151,,66351,19,,,0,112,,66353,19,,,0,110,,66352,19,,,0
