1000,'0_6',553,,66740,2,,,0,103,,66741,2,,,0,94,,66742,2,,,0,100,,66750,2,,,0,83,,66753,3,,,0,117,,66743,2,,,0,108,,66754,3,,,0,97,,66744,2,,,0,95,,66755,3,,,0,96,,66751,2,,,0,98,,66745,2,,,0,73,,66746,3,,,0,116,,66748,2,,,0,92,,66752,2,,,0,103,,66749,3,,,0,102,,66747,2,,,0
1000,'1_7',1043,,66756,3,,,0,360,,66757,3,,,0,410,,66758,3,,,0,307,,66759,2,,,0
1000,'3_1',610,,66825,2,,,0,97,,66826,2,,,0,120,,66827,2,0,18 30,0,88,,66828,3,,,0,102,,66833,2,0,18 30,0,97,,66829,3,0,18 30,0,112,,66834,2,0,18 30,0,105,,66835,2,0,18 30,0,103,,66830,3,,,0,93,,66836,2,,,0,115,,66831,3,,,0,106,,66837,2,,,0,160,,66832,3,0,18 30,0
1000,'3_3',610,,66838,2,,,0,97,,66839,2,,,0,120,,66840,2,0,18 30,0,88,,66841,3,,,0,102,,66846,2,0,18 30,0,97,,66842,3,0,18 30,0,112,,66847,2,0,18 30,0,105,,66848,2,0,18 30,0,103,,66843,3,,,0,93,,66849,2,,,0,115,,66844,3,,,0,106,,66850,2,,,0,160,,66845,3,0,18 30,0
1000,'3_4',610,,66851,2,,,0,97,,66852,2,,,0,120,,66853,2,0,18 30,0,88,,66854,3,,,0,102,,66859,2,0,18 30,0,97,,66855,3,0,18 30,0,112,,66860,2,0,18 30,0,105,,66861,2,0,18 30,0,103,,66856,3,,,0,93,,66862,2,,,0,115,,66857,3,,,0,106,,66863,2,,,0,160,,66858,3,0,18 30,0
1000,'3_5',610,,66864,2,,,0,97,,66865,2,,,0,120,,66866,2,0,18 30,0,88,,66867,3,,,0,102,,66872,2,0,18 30,0,97,,66868,3,0,18 30,0,112,,66873,2,0,18 30,0,105,,66874,2,0,18 30,0,103,,66869,3,,,0,93,,66875,2,,,0,115,,66870,3,,,0,106,,66876,2,,,0,160,,66871,3,0,18 30,0
1000,'4_7',610,,66877,2,,,0,97,,66878,2,,,0,120,,66879,2,0,18 30,0,88,,66880,3,,,0,102,,66885,2,0,18 30,0,97,,66881,3,0,18 30,0,112,,66886,2,0,18 30,0,105,,66887,2,0,18 30,0,103,,66882,3,,,0,93,,66888,2,,,0,115,,66883,3,,,0,106,,66889,2,,,0,160,,66884,3,0,18 30,0
2901000,'0_6',750,,71037,2,,,0,100,,71039,2,,,0,200,,71038,2,,,0,175,,71044,2,,,0,30,,71041,2,,,0,95,,71040,2,,,0,96,,71042,2,,,0,98,,71043,2,,,0,157,,71046,2,,,0,99,,71045,2,,,0
2901000,'3_1',831,,71082,2,,,0,298,,71083,2,,,0,208,,71084,2,,,0,94,,71085,2,,,0,192,,71086,2,,,0,199,,71087,2,,,0,183,,71088,2,,,0
2901000,'3_3',831,,71089,2,,,0,298,,71090,2,,,0,208,,71091,2,,,0,94,,71092,2,,,0,192,,71093,2,,,0,199,,71094,2,,,0,183,,71095,2,,,0
2901000,'3_4',831,,71096,2,,,0,298,,71097,2,,,0,208,,71098,2,,,0,94,,71099,2,,,0,192,,71100,2,,,0,199,,71101,2,,,0,183,,71102,2,,,0
2901000,'3_5',831,,71103,2,,,0,298,,71104,2,,,0,208,,71105,2,,,0,94,,71106,2,,,0,192,,71107,2,,,0,199,,71108,2,,,0,183,,71109,2,,,0
2901000,'4_7',831,,71110,2,,,0,298,,71111,2,,,0,208,,71112,2,,,0,94,,71113,2,,,0,192,,71114,2,,,0,199,,71115,2,,,0,183,,71116,2,,,0
