400,'0_6',722,,64825,11,0,40,0,94,,64817,11,0,40,0,31,,64806,23,0,40,0,70,,64805,11,0,40,0,30,,64804,11,0,40,0,72,,64807,11,0,40,0,31,,64821,23,0,40,0,71,,64808,11,0,40,0,30,,64809,11,0,40,0,71,,64827,11,0,40,0,29,,64824,23,0,40,0,70,,64810,11,0,40,0,30,,64811,11,0,40,0,68,,64812,11,0,40,0,27,,64814,23,0,40,0,71,,64815,11,0,40,0,35,,64813,11,0,40,0,72,,64826,11,0,40,0,24,,64818,23,0,40,0,63,,64822,11,0,40,0,29,,64823,11,0,40,0,77,,64819,11,0,40,0,30,,64820,23,0,40,0,85,,64816,23,0,40,0
400,'1_7',828,,64828,23,0,40,0,125,,64829,23,0,40,0,165,,64830,23,0,40,0,200,,64831,23,0,40,0,126,,64832,23,0,40,0,165,,64833,23,0,40,0,126,,64834,23,0,40,0,165,,64835,23,0,40,0
400,'3_1',707,,64985,11,,,0,34,,64982,11,0,40,0,75,,64976,11,0,40,0,31,,64963,23,0,40,0,70,,64962,11,0,40,0,29,,64961,11,0,40,0,77,,64964,11,0,40,0,28,,64983,23,0,40,0,70,,64965,11,0,40,0,35,,64966,11,0,40,0,72,,64979,11,0,40,0,23,,64977,23,0,40,0,70,,64967,11,0,40,0,30,,64968,11,0,40,0,66,,64969,11,0,40,0,29,,64971,23,0,40,0,71,,64972,11,0,40,0,35,,64970,11,0,40,0,72,,64981,11,,,0,28,,64978,23,0,40,0,68,,64973,11,0,40,0,26,,64974,23,,,0,71,,64980,11,0,40,0,35,,64984,23,0,40,0,86,,64975,23,0,40,0
400,'3_3',707,,65010,11,,,0,34,,65007,11,0,40,0,75,,65001,11,0,40,0,31,,64988,23,0,40,0,70,,64987,11,0,40,0,29,,64986,11,0,40,0,77,,64989,11,0,40,0,28,,65008,23,0,40,0,70,,64990,11,0,40,0,35,,64991,11,0,40,0,72,,65004,11,0,40,0,23,,65002,23,0,40,0,70,,64992,11,0,40,0,30,,64993,11,0,40,0,66,,64994,11,0,40,0,29,,64996,23,0,40,0,71,,64997,11,0,40,0,35,,64995,11,0,40,0,72,,65006,11,,,0,28,,65003,23,0,40,0,68,,64998,11,0,40,0,26,,64999,23,,,0,71,,65005,11,0,40,0,35,,65009,23,0,40,0,86,,65000,23,0,40,0
400,'3_4',707,,65035,11,,,0,34,,65032,11,0,40,0,75,,65026,11,0,40,0,31,,65013,23,0,40,0,70,,65012,11,0,40,0,29,,65011,11,0,40,0,77,,65014,11,0,40,0,28,,65033,23,0,40,0,70,,65015,11,0,40,0,35,,65016,11,0,40,0,72,,65029,11,0,40,0,23,,65027,23,0,40,0,70,,65017,11,0,40,0,30,,65018,11,0,40,0,66,,65019,11,0,40,0,29,,65021,23,0,40,0,71,,65022,11,0,40,0,35,,65020,11,0,40,0,72,,65031,11,,,0,28,,65028,23,0,40,0,68,,65023,11,0,40,0,26,,65024,23,,,0,71,,65030,11,0,40,0,35,,65034,23,0,40,0,86,,65025,23,0,40,0
400,'3_5',707,,65060,11,,,0,34,,65057,11,0,40,0,75,,65051,11,0,40,0,31,,65038,23,0,40,0,70,,65037,11,0,40,0,29,,65036,11,0,40,0,77,,65039,11,0,40,0,28,,65058,23,0,40,0,70,,65040,11,0,40,0,35,,65041,11,0,40,0,72,,65054,11,0,40,0,23,,65052,23,0,40,0,70,,65042,11,0,40,0,30,,65043,11,0,40,0,66,,65044,11,0,40,0,29,,65046,23,0,40,0,71,,65047,11,0,40,0,35,,65045,11,0,40,0,72,,65056,11,,,0,28,,65053,23,0,40,0,68,,65048,11,0,40,0,26,,65049,23,,,0,71,,65055,11,0,40,0,35,,65059,23,0,40,0,86,,65050,23,0,40,0
400,'4_7',828,,65061,23,0,40,0,125,,65062,23,0,40,0,165,,65063,23,0,40,0,200,,65064,23,0,40,0,126,,65065,23,0,40,0,165,,65066,23,0,40,0,126,,65067,23,0,40,0,165,,65068,23,0,40,0
700,'0_6',710,,66037,5,,,0,110,,66038,5,,,0,109,,66039,5,,,0,110,,66040,5,,,0,110,,66041,5,,,0,110,,66042,5,,,0,150,,66043,5,,,0,110,,66044,5,,,0,110,,66045,5,,,0,110,,66035,5,,,0,111,,66036,5,,,0
700,'3_1',707,,66101,5,,,0,110,,66103,5,,,0,110,,66104,5,,,0,110,,66105,5,,,0,110,,66106,5,,,0,110,,66107,5,,,0,150,,66108,5,,,0,110,,66109,5,,,0,110,,66110,5,,,0,110,,66111,5,,,0,110,,66102,5,,,0
700,'3_3',707,,66112,5,,,0,110,,66114,5,,,0,110,,66115,5,,,0,110,,66116,5,,,0,110,,66117,5,,,0,110,,66118,5,,,0,150,,66119,5,,,0,110,,66120,5,,,0,110,,66121,5,,,0,110,,66122,5,,,0,110,,66113,5,,,0
700,'3_4',707,,66123,5,,,0,110,,66125,5,,,0,110,,66126,5,,,0,110,,66127,5,,,0,110,,66128,5,,,0,110,,66129,5,,,0,150,,66130,5,,,0,110,,66131,5,,,0,110,,66132,5,,,0,110,,66133,5,,,0,110,,66124,5,,,0
700,'3_5',707,,66134,5,,,0,110,,66136,5,,,0,110,,66137,5,,,0,110,,66138,5,,,0,110,,66139,5,,,0,110,,66140,5,,,0,150,,66141,5,,,0,110,,66142,5,,,0,110,,66143,5,,,0,110,,66144,5,,,0,110,,66135,5,,,0
