301,'0_6',704,,64459,20,,,0,32,,64460,20,,,0,73,,64461,20,,,0,32,,64462,20,,,0,72,,64463,20,,,0,33,,64464,20,,,0,72,,64465,20,,,0,33,,64466,20,,,0,73,,64467,20,,,0,32,,64468,20,,,0,73,,64469,20,,,0,73,,64434,20,,,0,27,,64435,20,,,0,28,,64436,20,,,0,66,,64437,20,,,0,28,,64438,20,,,0,67,,64439,20,,,0,29,,64440,20,,,0,68,,64458,20,,,0,26,,64441,20,,,0,72,,64442,20,,,0,34,,64443,20,,,0,68,,64444,20,,,0,28,,64445,20,,,0,65,,64446,20,,,0,25,,64447,20,,,0,67,,64448,20,,,0,27,,64470,20,,,0,25,,64449,20,,,0,58,,64450,20,0,67 68,0,30,,64451,20,0,67 68,0,70,,64452,20,0,67 68,0,29,,64453,20,0,67 68,0,70,,64454,20,0,67 68,0,30,,64455,20,0,67 68,0,68,,64456,20,0,67 68,0,30,,64457,20,0,67 68,0
301,'1_7',809,,64492,20,,,0,32,,64487,20,,,0,72,,64493,20,,,0,33,,64488,20,,,0,72,,64494,20,,,0,33,,64489,20,,,0,73,,64495,20,,,0,32,,64490,20,,,0,73,,64496,20,,,0,73,,64471,20,,,0,27,,64472,20,,,0,28,,64473,20,,,0,66,,64474,20,,,0,28,,64475,20,,,0,67,,64476,20,,,0,29,,64477,20,,,0,68,,64497,20,,,0,26,,64478,20,,,0,72,,64479,20,,,0,34,,64480,20,,,0,68,,64481,20,,,0,28,,64482,20,,,0,65,,64483,20,,,0,25,,64484,20,,,0,67,,64485,20,,,0,27,,64491,20,,,0,25,,64486,20,,,0
301,'3_1',704,,64668,20,,,0,32,,64669,20,,,0,73,,64670,20,,,0,32,,64671,20,,,0,72,,64672,20,,,0,33,,64673,20,,,0,72,,64674,20,,,0,33,,64675,20,,,0,73,,64676,20,,,0,32,,64677,20,,,0,73,,64678,20,,,0,73,,64651,20,,,0,27,,64652,20,,,0,28,,64653,20,,,0,66,,64654,20,,,0,28,,64655,20,,,0,67,,64656,20,,,0,29,,64657,20,,,0,68,,64667,20,,,0,26,,64658,20,,,0,72,,64659,20,,,0,34,,64660,20,,,0,68,,64661,20,,,0,28,,64662,20,,,0,65,,64663,20,,,0,25,,64664,20,,,0,67,,64665,20,,,0,27,,64679,20,,,0,25,,64666,20,,,0
301,'3_3',704,,64697,20,,,0,32,,64698,20,,,0,73,,64699,20,,,0,32,,64700,20,,,0,72,,64701,20,,,0,33,,64702,20,,,0,72,,64703,20,,,0,33,,64704,20,,,0,73,,64705,20,,,0,32,,64706,20,,,0,73,,64707,20,,,0,73,,64680,20,,,0,27,,64681,20,,,0,28,,64682,20,,,0,66,,64683,20,,,0,28,,64684,20,,,0,67,,64685,20,,,0,29,,64686,20,,,0,68,,64696,20,,,0,26,,64687,20,,,0,72,,64688,20,,,0,34,,64689,20,,,0,68,,64690,20,,,0,28,,64691,20,,,0,65,,64692,20,,,0,25,,64693,20,,,0,67,,64694,20,,,0,27,,64708,20,,,0,25,,64695,20,,,0
301,'3_4',704,,64726,20,,,0,32,,64727,20,,,0,73,,64728,20,,,0,32,,64729,20,,,0,72,,64730,20,,,0,33,,64731,20,,,0,72,,64732,20,,,0,33,,64733,20,,,0,73,,64734,20,,,0,32,,64735,20,,,0,73,,64736,20,,,0,73,,64709,20,,,0,27,,64710,20,,,0,28,,64711,20,,,0,66,,64712,20,,,0,28,,64713,20,,,0,67,,64714,20,,,0,29,,64715,20,,,0,68,,64725,20,,,0,26,,64716,20,,,0,72,,64717,20,,,0,34,,64718,20,,,0,68,,64719,20,,,0,28,,64720,20,,,0,65,,64721,20,,,0,25,,64722,20,,,0,67,,64723,20,,,0,27,,64737,20,,,0,25,,64724,20,,,0
301,'3_5',704,,64763,20,,,0,32,,64764,20,,,0,73,,64765,20,,,0,32,,64766,20,,,0,72,,64767,20,,,0,33,,64768,20,,,0,72,,64769,20,,,0,33,,64770,20,,,0,73,,64771,20,,,0,32,,64772,20,,,0,73,,64773,20,,,0,73,,64738,20,,,0,27,,64739,20,,,0,28,,64740,20,,,0,66,,64741,20,,,0,28,,64742,20,,,0,67,,64743,20,,,0,29,,64744,20,,,0,68,,64762,20,,,0,26,,64745,20,,,0,72,,64746,20,,,0,34,,64747,20,,,0,68,,64748,20,,,0,28,,64749,20,,,0,65,,64750,20,,,0,25,,64751,20,,,0,67,,64752,20,,,0,27,,64774,20,,,0,25,,64753,20,,,0,58,,64754,20,0,67 68,0,30,,64755,20,0,67 68,0,70,,64756,20,0,67 68,0,29,,64757,20,0,67 68,0,70,,64758,20,0,67 68,0,30,,64759,20,0,67 68,0,68,,64760,20,0,67 68,0,30,,64761,20,0,67 68,0
301,'4_7',704,,64792,20,,,0,32,,64793,20,,,0,73,,64794,20,,,0,32,,64795,20,,,0,72,,64796,20,,,0,33,,64797,20,,,0,72,,64798,20,,,0,33,,64799,20,,,0,73,,64800,20,,,0,32,,64801,20,,,0,73,,64802,20,,,0,73,,64775,20,,,0,27,,64776,20,,,0,28,,64777,20,,,0,66,,64778,20,,,0,28,,64779,20,,,0,67,,64780,20,,,0,29,,64781,20,,,0,68,,64791,20,,,0,26,,64782,20,,,0,72,,64783,20,,,0,34,,64784,20,,,0,68,,64785,20,,,0,28,,64786,20,,,0,65,,64787,20,,,0,25,,64788,20,,,0,67,,64789,20,,,0,27,,64803,20,,,0,25,,64790,20,,,0
900600,'0_6',854,,68268,25,,,0,170,,68270,25,,,0,125,,68271,25,,,0,175,,68272,25,,,0,120,,68273,25,,,0,175,,68274,25,,,0,130,,68275,25,,,0,170,,68269,25,,,0
900600,'3_1',854,,68316,25,,,0,170,,68318,25,,,0,125,,68319,25,,,0,175,,68320,25,,,0,120,,68321,25,,,0,175,,68322,25,,,0,130,,68323,25,,,0,170,,68317,25,,,0
900600,'3_3',854,,68324,25,,,0,170,,68326,25,,,0,125,,68327,25,,,0,175,,68328,25,,,0,120,,68329,25,,,0,175,,68330,25,,,0,130,,68331,25,,,0,170,,68325,25,,,0
900600,'3_4',854,,68332,25,,,0,170,,68334,25,,,0,125,,68335,25,,,0,175,,68336,25,,,0,120,,68337,25,,,0,175,,68338,25,,,0,130,,68339,25,,,0,170,,68333,25,,,0
900600,'3_5',854,,68340,25,,,0,170,,68342,25,,,0,125,,68343,25,,,0,175,,68344,25,,,0,120,,68345,25,,,0,175,,68346,25,,,0,130,,68347,25,,,0,170,,68341,25,,,0
