900600,'0_6',832,,68268,5,,,0,170,,68270,5,,,0,125,,68271,5,,,0,175,,68272,5,,,0,120,,68273,5,,,0,135,,68274,5,,,0,170,,68275,5,,,0,130,,68269,5,,,0
900600,'2_1',832,,68276,5,,,0,170,,68278,5,,,0,125,,68279,5,,,0,175,,68280,5,,,0,120,,68281,5,,,0,135,,68282,5,,,0,170,,68283,5,,,0,130,,68277,5,,,0
900600,'2_2',832,,68284,5,,,0,170,,68286,5,,,0,125,,68287,5,,,0,175,,68288,5,,,0,120,,68289,5,,,0,135,,68290,5,,,0,170,,68291,5,,,0,130,,68285,5,,,0
900600,'2_3',832,,68292,5,,,0,170,,68294,5,,,0,125,,68295,5,,,0,175,,68296,5,,,0,120,,68297,5,,,0,135,,68298,5,,,0,170,,68299,5,,,0,130,,68293,5,,,0
900600,'2_4',832,,68300,5,,,0,170,,68302,5,,,0,125,,68303,5,,,0,175,,68304,5,,,0,120,,68305,5,,,0,135,,68306,5,,,0,170,,68307,5,,,0,130,,68301,5,,,0
900600,'2_5',832,,68308,5,,,0,170,,68310,5,,,0,125,,68311,5,,,0,175,,68312,5,,,0,120,,68313,5,,,0,135,,68314,5,,,0,170,,68315,5,,,0,130,,68309,5,,,0
900600,'3_1',832,,68316,5,,,0,170,,68318,5,,,0,125,,68319,5,,,0,175,,68320,5,,,0,120,,68321,5,,,0,135,,68322,5,,,0,170,,68323,5,,,0,130,,68317,5,,,0
900600,'3_3',832,,68324,5,,,0,170,,68326,5,,,0,125,,68327,5,,,0,175,,68328,5,,,0,120,,68329,5,,,0,135,,68330,5,,,0,170,,68331,5,,,0,130,,68325,5,,,0
900600,'3_4',832,,68332,5,,,0,170,,68334,5,,,0,125,,68335,5,,,0,175,,68336,5,,,0,120,,68337,5,,,0,135,,68338,5,,,0,170,,68339,5,,,0,130,,68333,5,,,0
900600,'3_5',832,,68340,5,,,0,170,,68342,5,,,0,125,,68343,5,,,0,175,,68344,5,,,0,120,,68345,5,,,0,135,,68346,5,,,0,170,,68347,5,,,0,130,,68341,5,,,0
