400,'2509-HIV-25j05H-d-Dimanche-00',1155,,9587,0,20 35,0,300,,9588,0,20 35,0,300,,9589,0,20 35,0
400,'2509-HIV-25j26H-d-Dimanche-00',1155,,9600,0,20 35,0,300,,9601,0,20 35,0,300,,9602,0,20 35,0
400,'2509-HIV-25k03H-s-Samedi-00',836,,9603,0,36,0,199,,9604,0,36,0,200,,9605,0,36,0,200,,9606,0,36,0,203,,9607,0,36,0,209,,9608,0,36,0
400,'2509-HIV-25l22Vlv-Semaine-00',937,,9632,0,36,0,301,,9649,0,36,0,165,,9641,0,36,0,103,,9642,0,36,0,135,,9650,0,36,0,106,,9644,0,36,0,165,,9646,0,36,0
400,'2509-HIV-26a05H-s-Samedi-00',836,,9655,0,36,0,199,,9656,0,36,0,200,,9657,0,36,0,200,,9658,0,36,0,203,,9659,0,36,0,209,,9660,0,36,0
400,'2509-HIV-26a05H-w-Mercredi-00',936,,9684,0,36,0,300,,9704,0,36,0,165,,9693,0,36,0,105,,9694,0,36,0,135,,9705,0,36,0,85,,9697,0,36,0,187,,9700,0,36,0
400,'2509-HIV-26a05Hlv-L-Ma-J-V-00',936,,9716,0,36,0,300,,9736,0,36,0,165,,9725,0,36,0,105,,9726,0,36,0,135,,9737,0,36,0,85,,9729,0,36,0,187,,9732,0,36,0
400,'2509-HIV-26b23Vlv-Semaine-00',937,,9748,0,36,0,301,,9765,0,36,0,165,,9757,0,36,0,103,,9758,0,36,0,135,,9766,0,36,0,106,,9760,0,36,0,165,,9762,0,36,0
400,'2509-HIV-26c02Vlv-Semaine-00',937,,9776,0,36,0,301,,9793,0,36,0,165,,9785,0,36,0,103,,9786,0,36,0,135,,9794,0,36,0,106,,9788,0,36,0,165,,9790,0,36,0
401,'2509-HIV-25j05H-d-Dimanche-00',1049,,9809,,,0,201,,9810,,,0,199,,9811,,,0,200,,9812,,,0
401,'2509-HIV-25j26H-d-Dimanche-00',1049,,9823,,,0,201,,9824,,,0,199,,9825,,,0,200,,9826,,,0
401,'2509-HIV-25k03H-s-Samedi-00',741,,9827,,,0,189,,9828,,,0,202,,9829,,,0,201,,9830,,,0,199,,9831,,,0,206,,9832,,,0,272,,9833,,,0
401,'2509-HIV-25l22Vlv-Semaine-00',840,,9873,,,0,297,,9875,,,0,119,,9874,,,0,100,,9876,,,0,180,,9877,,,0,96,,9863,,,0,125,,9869,,,0,198,,9878,,,0
401,'2509-HIV-26a05H-s-Samedi-00',741,,9879,,,0,189,,9880,,,0,202,,9881,,,0,201,,9882,,,0,199,,9883,,,0,206,,9884,,,0,272,,9885,,,0
401,'2509-HIV-26a05H-w-Mercredi-00',842,,9928,,,0,295,,9930,,,0,120,,9929,,,0,100,,9931,,,0,180,,9932,,,0,274,,9927,,,0,145,,9933,,,0
401,'2509-HIV-26a05Hlv-L-Ma-J-V-00',842,,9959,,,0,295,,9961,,,0,120,,9960,,,0,100,,9962,,,0,180,,9963,,,0,274,,9958,,,0,145,,9964,,,0
401,'2509-HIV-26b23Vlv-Semaine-00',840,,9987,,,0,297,,9989,,,0,119,,9988,,,0,100,,9990,,,0,180,,9991,,,0,96,,9977,,,0,125,,9983,,,0,198,,9992,,,0
401,'2509-HIV-26c02Vlv-Semaine-00',840,,10015,,,0,297,,10017,,,0,119,,10016,,,0,100,,10018,,,0,180,,10019,,,0,96,,10005,,,0,125,,10011,,,0,198,,10020,,,0
500,'2509-HIV-25j05H-d-Dimanche-00',1059,,10021,0,6 7,0,200,,10022,0,6 7,0,200,,10023,0,6 7,0,200,,10024,0,6 7,0
500,'2509-HIV-25j26H-d-Dimanche-00',1059,,10025,0,6 7,0,200,,10026,0,6 7,0,200,,10027,0,6 7,0,200,,10028,0,6 7,0
500,'2509-HIV-25k03H-s-Samedi-00',730,,10040,,,0,98,,10029,,,0,100,,10030,,,0,100,,10031,,,0,100,,10032,,,0,96,,10033,,,0,98,,10034,,,0,100,,10035,,,0,100,,10036,,,0,100,,10037,,,0,100,,10038,,,0,193,,10039,,,0
500,'2509-HIV-25l22Vlv-Semaine-00',655,,10041,,,0,102,,10042,,,0,76,,10043,,,0,104,,10044,,,0,100,,10045,,,0,105,,10046,,,0,101,,10047,,,0,84,,10048,,,0,94,,10049,,,0,100,,10050,,,0,102,,10051,,,0,106,,10052,,,0,103,,10053,,,0,99,,10054,,,0
500,'2509-HIV-26a05H-s-Samedi-00',730,,10066,,,0,98,,10055,,,0,100,,10056,,,0,100,,10057,,,0,100,,10058,,,0,96,,10059,,,0,98,,10060,,,0,100,,10061,,,0,100,,10062,,,0,100,,10063,,,0,100,,10064,,,0,193,,10065,,,0
500,'2509-HIV-26a05H-w-Mercredi-00',655,,10078,,,0,61,,10079,,,0,41,,10080,,,0,76,,10067,,,0,104,,10068,,,0,100,,10069,,,0,105,,10070,,,0,101,,10071,,,0,84,,10072,,,0,94,,10073,,,0,100,,10074,,,0,102,,10075,,,0,106,,10076,,,0,103,,10081,,,0,99,,10077,,,0
500,'2509-HIV-26a05Hlv-L-Ma-J-V-00',655,,10093,,,0,61,,10094,,,0,41,,10095,,,0,76,,10082,,,0,104,,10083,,,0,100,,10084,,,0,105,,10085,,,0,101,,10086,,,0,84,,10087,,,0,94,,10088,,,0,100,,10089,,,0,102,,10090,,,0,106,,10091,,,0,103,,10096,,,0,99,,10092,,,0
500,'2509-HIV-26b23Vlv-Semaine-00',655,,10097,,,0,102,,10098,,,0,76,,10099,,,0,104,,10100,,,0,100,,10101,,,0,105,,10102,,,0,101,,10103,,,0,84,,10104,,,0,94,,10105,,,0,100,,10106,,,0,102,,10107,,,0,106,,10108,,,0,103,,10109,,,0,99,,10110,,,0
500,'2509-HIV-26c02Vlv-Semaine-00',655,,10111,,,0,102,,10112,,,0,76,,10113,,,0,104,,10114,,,0,100,,10115,,,0,105,,10116,,,0,101,,10117,,,0,84,,10118,,,0,94,,10119,,,0,100,,10120,,,0,102,,10121,,,0,106,,10122,,,0,103,,10123,,,0,99,,10124,,,0
