501,'S2-0_6',727,,56026,9,,,0,98,,56027,9,,,0,98,,56028,9,,,0,101,,56029,9,,,0,99,,56030,9,,,0,99,,56031,9,,,0,80,,56032,9,,,0,38,,56033,9,,,0,96,,56034,9,,,0,103,,56035,9,,,0,99,,56036,9,,,0,72,,56037,9,,,0,30,,56038,9,,,0,99,,56039,9,,,0,98,,56040,9,,,0
501,'S2-1_7',1113,,56041,9,,,0,191,,56042,9,,,0,151,,56043,9,,,0,184,,56044,9,,,0,191,,56045,9,,,0
501,'S2-2_1',727,,56046,9,,,0,98,,56047,9,,,0,98,,56048,9,,,0,101,,56049,9,,,0,99,,56050,9,,,0,99,,56051,9,,,0,80,,56052,9,,,0,38,,56053,9,,,0,96,,56054,9,,,0,103,,56055,9,,,0,99,,56056,9,,,0,72,,56057,9,,,0,30,,56058,9,,,0,99,,56059,9,,,0,98,,56060,9,,,0
501,'S2-2_2',727,,56061,9,,,0,98,,56062,9,,,0,98,,56063,9,,,0,101,,56064,9,,,0,99,,56065,9,,,0,99,,56066,9,,,0,80,,56067,9,,,0,38,,56068,9,,,0,96,,56069,9,,,0,103,,56070,9,,,0,99,,56071,9,,,0,72,,56072,9,,,0,30,,56073,9,,,0,99,,56074,9,,,0,98,,56075,9,,,0
501,'S2-2_3',727,,56076,9,,,0,98,,56077,9,,,0,98,,56078,9,,,0,101,,56079,9,,,0,99,,56080,9,,,0,99,,56081,9,,,0,80,,56082,9,,,0,38,,56083,9,,,0,96,,56084,9,,,0,103,,56085,9,,,0,99,,56086,9,,,0,72,,56087,9,,,0,30,,56088,9,,,0,99,,56089,9,,,0,98,,56090,9,,,0
501,'S2-2_4',727,,56091,9,,,0,98,,56092,9,,,0,98,,56093,9,,,0,101,,56094,9,,,0,99,,56095,9,,,0,99,,56096,9,,,0,80,,56097,9,,,0,38,,56098,9,,,0,96,,56099,9,,,0,103,,56100,9,,,0,99,,56101,9,,,0,72,,56102,9,,,0,30,,56103,9,,,0,99,,56104,9,,,0,98,,56105,9,,,0
501,'S2-2_5',727,,56106,9,,,0,98,,56107,9,,,0,98,,56108,9,,,0,101,,56109,9,,,0,99,,56110,9,,,0,99,,56111,9,,,0,80,,56112,9,,,0,38,,56113,9,,,0,96,,56114,9,,,0,103,,56115,9,,,0,99,,56116,9,,,0,72,,56117,9,,,0,30,,56118,9,,,0,99,,56119,9,,,0,98,,56120,9,,,0
501,'S2-3_1',727,,56121,9,,,0,98,,56122,9,,,0,98,,56123,9,,,0,101,,56124,9,,,0,99,,56125,9,,,0,99,,56126,9,,,0,80,,56127,9,,,0,38,,56128,9,,,0,96,,56129,9,,,0,103,,56130,9,,,0,99,,56131,9,,,0,72,,56132,9,,,0,30,,56133,9,,,0,99,,56134,9,,,0,98,,56135,9,,,0
501,'S2-3_3',727,,56136,9,,,0,98,,56137,9,,,0,98,,56138,9,,,0,101,,56139,9,,,0,99,,56140,9,,,0,99,,56141,9,,,0,80,,56142,9,,,0,38,,56143,9,,,0,96,,56144,9,,,0,103,,56145,9,,,0,99,,56146,9,,,0,72,,56147,9,,,0,30,,56148,9,,,0,99,,56149,9,,,0,98,,56150,9,,,0
501,'S2-3_4',727,,56151,9,,,0,98,,56152,9,,,0,98,,56153,9,,,0,101,,56154,9,,,0,99,,56155,9,,,0,99,,56156,9,,,0,80,,56157,9,,,0,38,,56158,9,,,0,96,,56159,9,,,0,103,,56160,9,,,0,99,,56161,9,,,0,72,,56162,9,,,0,30,,56163,9,,,0,99,,56164,9,,,0,98,,56165,9,,,0
501,'S2-4_7',1113,,56166,9,,,0,191,,56167,9,,,0,151,,56168,9,,,0,184,,56169,9,,,0,191,,56170,9,,,0
1000001,'S2-0_6',548,,59566,14,,,0,79,,59567,14,,,0,82,,59568,14,,,0,44,,59569,20,,,0,55,,59575,14,,,0,15,,59576,14,,,0,14,,59577,20,,,0,15,,59578,14,,,0,55,,59579,14,,,0,16,,59580,20,,,0,15,,59581,14,,,0,15,,59582,14,,,0,55,,59583,20,,,0,16,,59584,14,,,0,16,,59585,14,,,0,16,,59586,20,,,0,55,,59587,14,,,0,16,,59588,20,,,0,16,,59589,14,,,0,16,,59590,14,,,0,56,,59591,20,,,0,14,,59592,14,,,0,15,,59593,14,,,0,15,,59594,20,,,0,55,,59595,14,,,0,16,,59596,14,,,0,15,,59597,20,,,0,56,,59598,14,,,0,15,,59599,20,,,0,16,,59600,14,,,0,16,,59601,14,,,0,56,,59602,20,,,0,16,,59603,14,,,0,16,,59604,14,,,0,16,,59605,20,,,0,56,,59606,14,,,0,16,,59607,14,,,0,16,,59608,20,,,0,16,,59609,14,,,0,56,,59610,20,,,0,16,,59611,14,,,0,16,,59612,14,,,0,56,,59613,20,,,0,16,,59615,14,,,0,15,,59617,14,,,0,15,,59616,20,,,0,55,,59614,14,,,0,16,,59574,20,,,0,20,,59573,14,,,0,20,,59571,14,,,0,61,,59564,14,,,0,18,,59562,14,,,0,19,,59565,14,,,0,60,,59572,14,,,0,20,,59570,14,,,0,20,,59563,14,,,0
1000001,'S2-1_7',817,,59618,14,,,0,40,,59619,14,,,0,80,,59620,14,,,0,80,,59621,14,,,0,40,,59622,14,,,0,80,,59623,14,,,0,80,,59624,14,,,0,40,,59625,14,,,0,80,,59626,14,,,0,80,,59627,14,,,0,40,,59628,14,,,0,80,,59629,14,,,0,80,,59630,14,,,0,40,,59631,14,,,0,80,,59632,14,,,0,80,,59633,14,,,0,40,,59634,14,,,0,80,,59635,14,,,0
1000001,'S2-2_1',551,,59636,14,,,0,57,,59651,14,,,0,15,,59650,14,,,0,15,,59649,14,,,0,14,,59648,14,,,0,55,,59647,14,,,0,15,,59639,14,,,0,15,,59637,20,,,0,14,,59640,20,,,0,55,,59641,20,,,0,15,,59642,20,,,0,15,,59643,20,,,0,16,,59644,20,,,0,54,,59645,20,,,0,15,,59646,20,,,0,15,,59652,14,,,0,15,,59671,20,,,0,56,,59653,14,,,0,16,,59672,20,,,0,15,,59654,14,,,0,16,,59673,20,,,0,56,,59655,14,,,0,16,,59674,20,,,0,16,,59656,14,,,0,16,,59675,20,,,0,56,,59657,14,,,0,14,,59676,20,,,0,16,,59658,14,,,0,15,,59677,20,,,0,56,,59659,14,,,0,16,,59678,20,,,0,16,,59660,14,,,0,55,,59679,20,,,0,16,,59661,14,,,0,16,,59680,20,,,0,16,,59662,14,,,0,55,,59681,20,,,0,14,,59663,14,,,0,14,,59682,20,,,0,14,,59664,14,,,0,54,,59683,20,,,0,14,,59665,14,,,0,15,,59684,20,,,0,14,,59666,20,,,0,14,,59685,20,,,0,55,,59667,20,,,0,15,,59686,20,,,0,15,,59668,20,,,0,15,,59687,20,,,0,55,,59669,20,,,0,14,,59688,20,,,0,14,,59670,20,,,0,14,,59638,20,,,0,58,,59689,20,,,0,19,,59694,14,,,0,20,,59690,20,,,0,61,,59695,14,,,0,19,,59691,14,,,0,18,,59696,14,,,0,60,,59692,14,,,0,20,,59697,14,,,0,20,,59693,14,,,0
1000001,'S2-2_2',551,,59698,14,,,0,57,,59713,14,,,0,15,,59712,14,,,0,15,,59711,14,,,0,14,,59710,14,,,0,55,,59709,14,,,0,15,,59701,14,,,0,15,,59699,20,,,0,14,,59702,20,,,0,55,,59703,20,,,0,15,,59704,20,,,0,15,,59705,20,,,0,16,,59706,20,,,0,54,,59707,20,,,0,15,,59708,20,,,0,15,,59714,14,,,0,15,,59733,20,,,0,56,,59715,14,,,0,16,,59734,20,,,0,15,,59716,14,,,0,16,,59735,20,,,0,56,,59717,14,,,0,16,,59736,20,,,0,16,,59718,14,,,0,16,,59737,20,,,0,56,,59719,14,,,0,14,,59738,20,,,0,16,,59720,14,,,0,15,,59739,20,,,0,56,,59721,14,,,0,16,,59740,20,,,0,16,,59722,14,,,0,55,,59741,20,,,0,16,,59723,14,,,0,16,,59742,20,,,0,16,,59724,14,,,0,55,,59743,20,,,0,14,,59725,14,,,0,14,,59744,20,,,0,14,,59726,14,,,0,54,,59745,20,,,0,14,,59727,14,,,0,15,,59746,20,,,0,14,,59728,20,,,0,14,,59747,20,,,0,55,,59729,20,,,0,15,,59748,20,,,0,15,,59730,20,,,0,15,,59749,20,,,0,55,,59731,20,,,0,14,,59750,20,,,0,14,,59732,20,,,0,14,,59700,20,,,0,58,,59751,20,,,0,19,,59756,14,,,0,20,,59752,20,,,0,61,,59757,14,,,0,19,,59753,14,,,0,18,,59758,14,,,0,60,,59754,14,,,0,20,,59759,14,,,0,20,,59755,14,,,0
1000001,'S2-2_3',551,,59760,14,,,0,57,,59775,14,,,0,15,,59774,14,,,0,15,,59773,14,,,0,14,,59772,14,,,0,55,,59771,14,,,0,15,,59763,14,,,0,15,,59761,20,,,0,14,,59764,20,,,0,55,,59765,20,,,0,15,,59766,20,,,0,15,,59767,20,,,0,16,,59768,20,,,0,54,,59769,20,,,0,15,,59770,20,,,0,15,,59776,14,,,0,15,,59795,20,,,0,56,,59777,14,,,0,16,,59796,20,,,0,15,,59778,14,,,0,16,,59797,20,,,0,56,,59779,14,,,0,16,,59798,20,,,0,16,,59780,14,,,0,16,,59799,20,,,0,56,,59781,14,,,0,14,,59800,20,,,0,16,,59782,14,,,0,15,,59801,20,,,0,56,,59783,14,,,0,16,,59802,20,,,0,16,,59784,14,,,0,55,,59803,20,,,0,16,,59785,14,,,0,16,,59804,20,,,0,16,,59786,14,,,0,55,,59805,20,,,0,14,,59787,14,,,0,14,,59806,20,,,0,14,,59788,14,,,0,54,,59807,20,,,0,14,,59789,14,,,0,15,,59808,20,,,0,14,,59790,20,,,0,14,,59809,20,,,0,55,,59791,20,,,0,15,,59810,20,,,0,15,,59792,20,,,0,15,,59811,20,,,0,55,,59793,20,,,0,14,,59812,20,,,0,14,,59794,20,,,0,14,,59762,20,,,0,58,,59813,20,,,0,19,,59818,14,,,0,20,,59814,20,,,0,61,,59819,14,,,0,19,,59815,14,,,0,18,,59820,14,,,0,60,,59816,14,,,0,20,,59821,14,,,0,20,,59817,14,,,0
1000001,'S2-2_4',551,,59822,14,,,0,57,,59837,14,,,0,15,,59836,14,,,0,15,,59835,14,,,0,14,,59834,14,,,0,55,,59833,14,,,0,15,,59825,14,,,0,15,,59823,20,,,0,14,,59826,20,,,0,55,,59827,20,,,0,15,,59828,20,,,0,15,,59829,20,,,0,16,,59830,20,,,0,54,,59831,20,,,0,15,,59832,20,,,0,15,,59838,14,,,0,15,,59857,20,,,0,56,,59839,14,,,0,16,,59858,20,,,0,15,,59840,14,,,0,16,,59859,20,,,0,56,,59841,14,,,0,16,,59860,20,,,0,16,,59842,14,,,0,16,,59861,20,,,0,56,,59843,14,,,0,14,,59862,20,,,0,16,,59844,14,,,0,15,,59863,20,,,0,56,,59845,14,,,0,16,,59864,20,,,0,16,,59846,14,,,0,55,,59865,20,,,0,16,,59847,14,,,0,16,,59866,20,,,0,16,,59848,14,,,0,55,,59867,20,,,0,14,,59849,14,,,0,14,,59868,20,,,0,14,,59850,14,,,0,54,,59869,20,,,0,14,,59851,14,,,0,15,,59870,20,,,0,14,,59852,20,,,0,14,,59871,20,,,0,55,,59853,20,,,0,15,,59872,20,,,0,15,,59854,20,,,0,15,,59873,20,,,0,55,,59855,20,,,0,14,,59874,20,,,0,14,,59856,20,,,0,14,,59824,20,,,0,58,,59875,20,,,0,19,,59880,14,,,0,20,,59876,20,,,0,61,,59881,14,,,0,19,,59877,14,,,0,18,,59882,14,,,0,60,,59878,14,,,0,20,,59883,14,,,0,20,,59879,14,,,0
1000001,'S2-2_5',551,,59884,14,,,0,57,,59899,14,,,0,15,,59898,14,,,0,15,,59897,14,,,0,14,,59896,14,,,0,55,,59895,14,,,0,15,,59887,14,,,0,15,,59885,20,,,0,14,,59888,20,,,0,55,,59889,20,,,0,15,,59890,20,,,0,15,,59891,20,,,0,16,,59892,20,,,0,54,,59893,20,,,0,15,,59894,20,,,0,15,,59900,14,,,0,15,,59919,20,,,0,56,,59901,14,,,0,16,,59920,20,,,0,15,,59902,14,,,0,16,,59921,20,,,0,56,,59903,14,,,0,16,,59922,20,,,0,16,,59904,14,,,0,16,,59923,20,,,0,56,,59905,14,,,0,14,,59924,20,,,0,16,,59906,14,,,0,15,,59925,20,,,0,56,,59907,14,,,0,16,,59926,20,,,0,16,,59908,14,,,0,55,,59927,20,,,0,16,,59909,14,,,0,16,,59928,20,,,0,16,,59910,14,,,0,55,,59929,20,,,0,14,,59911,14,,,0,14,,59930,20,,,0,14,,59912,14,,,0,54,,59931,20,,,0,14,,59913,14,,,0,15,,59932,20,,,0,14,,59914,20,,,0,14,,59933,20,,,0,55,,59915,20,,,0,15,,59934,20,,,0,15,,59916,20,,,0,15,,59935,20,,,0,55,,59917,20,,,0,14,,59936,20,,,0,14,,59918,20,,,0,14,,59886,20,,,0,58,,59937,20,,,0,19,,59942,14,,,0,20,,59938,20,,,0,61,,59943,14,,,0,19,,59939,14,,,0,18,,59944,14,,,0,60,,59940,14,,,0,20,,59945,14,,,0,20,,59941,14,,,0
1000001,'S2-3_1',551,,59946,14,,,0,57,,59961,14,,,0,15,,59960,14,,,0,15,,59959,14,,,0,14,,59958,14,,,0,55,,59957,14,,,0,15,,59949,14,,,0,15,,59947,20,,,0,14,,59950,20,,,0,55,,59951,20,,,0,15,,59952,20,,,0,15,,59953,20,,,0,16,,59954,20,,,0,54,,59955,20,,,0,15,,59956,20,,,0,15,,59962,14,,,0,15,,59981,20,,,0,56,,59963,14,,,0,16,,59982,20,,,0,15,,59964,14,,,0,16,,59983,20,,,0,56,,59965,14,,,0,16,,59984,20,,,0,16,,59966,14,,,0,16,,59985,20,,,0,56,,59967,14,,,0,14,,59986,20,,,0,16,,59968,14,,,0,15,,59987,20,,,0,56,,59969,14,,,0,16,,59988,20,,,0,16,,59970,14,,,0,55,,59989,20,,,0,16,,59971,14,,,0,16,,59990,20,,,0,16,,59972,14,,,0,55,,59991,20,,,0,14,,59973,14,,,0,14,,59992,20,,,0,14,,59974,14,,,0,54,,59993,20,,,0,14,,59975,14,,,0,15,,59994,20,,,0,14,,59976,20,,,0,14,,59995,20,,,0,55,,59977,20,,,0,15,,59996,20,,,0,15,,59978,20,,,0,15,,59997,20,,,0,55,,59979,20,,,0,14,,59998,20,,,0,14,,59980,20,,,0,14,,59948,20,,,0,58,,59999,20,,,0,19,,60004,14,,,0,20,,60000,20,,,0,61,,60005,14,,,0,19,,60001,14,,,0,18,,60006,14,,,0,60,,60002,14,,,0,20,,60007,14,,,0,20,,60003,14,,,0
1000001,'S2-3_3',551,,60008,14,,,0,57,,60023,14,,,0,15,,60022,14,,,0,15,,60021,14,,,0,14,,60020,14,,,0,55,,60019,14,,,0,15,,60011,14,,,0,15,,60009,20,,,0,14,,60012,20,,,0,55,,60013,20,,,0,15,,60014,20,,,0,15,,60015,20,,,0,16,,60016,20,,,0,54,,60017,20,,,0,15,,60018,20,,,0,15,,60024,14,,,0,15,,60043,20,,,0,56,,60025,14,,,0,16,,60044,20,,,0,15,,60026,14,,,0,16,,60045,20,,,0,56,,60027,14,,,0,16,,60046,20,,,0,16,,60028,14,,,0,16,,60047,20,,,0,56,,60029,14,,,0,14,,60048,20,,,0,16,,60030,14,,,0,15,,60049,20,,,0,56,,60031,14,,,0,16,,60050,20,,,0,16,,60032,14,,,0,55,,60051,20,,,0,16,,60033,14,,,0,16,,60052,20,,,0,16,,60034,14,,,0,55,,60053,20,,,0,14,,60035,14,,,0,14,,60054,20,,,0,14,,60036,14,,,0,54,,60055,20,,,0,14,,60037,14,,,0,15,,60056,20,,,0,14,,60038,20,,,0,14,,60057,20,,,0,55,,60039,20,,,0,15,,60058,20,,,0,15,,60040,20,,,0,15,,60059,20,,,0,55,,60041,20,,,0,14,,60060,20,,,0,14,,60042,20,,,0,14,,60010,20,,,0,58,,60061,20,,,0,19,,60066,14,,,0,20,,60062,20,,,0,61,,60067,14,,,0,19,,60063,14,,,0,18,,60068,14,,,0,60,,60064,14,,,0,20,,60069,14,,,0,20,,60065,14,,,0
1000001,'S2-3_4',551,,60070,14,,,0,57,,60085,14,,,0,15,,60084,14,,,0,15,,60083,14,,,0,14,,60082,14,,,0,55,,60081,14,,,0,15,,60073,14,,,0,15,,60071,20,,,0,14,,60074,20,,,0,55,,60075,20,,,0,15,,60076,20,,,0,15,,60077,20,,,0,16,,60078,20,,,0,54,,60079,20,,,0,15,,60080,20,,,0,15,,60086,14,,,0,15,,60105,20,,,0,56,,60087,14,,,0,16,,60106,20,,,0,15,,60088,14,,,0,16,,60107,20,,,0,56,,60089,14,,,0,16,,60108,20,,,0,16,,60090,14,,,0,16,,60109,20,,,0,56,,60091,14,,,0,14,,60110,20,,,0,16,,60092,14,,,0,15,,60111,20,,,0,56,,60093,14,,,0,16,,60112,20,,,0,16,,60094,14,,,0,55,,60113,20,,,0,16,,60095,14,,,0,16,,60114,20,,,0,16,,60096,14,,,0,55,,60115,20,,,0,14,,60097,14,,,0,14,,60116,20,,,0,14,,60098,14,,,0,54,,60117,20,,,0,14,,60099,14,,,0,15,,60118,20,,,0,14,,60100,20,,,0,14,,60119,20,,,0,55,,60101,20,,,0,15,,60120,20,,,0,15,,60102,20,,,0,15,,60121,20,,,0,55,,60103,20,,,0,14,,60122,20,,,0,14,,60104,20,,,0,14,,60072,20,,,0,58,,60123,20,,,0,19,,60128,14,,,0,20,,60124,20,,,0,61,,60129,14,,,0,19,,60125,14,,,0,18,,60130,14,,,0,60,,60126,14,,,0,20,,60131,14,,,0,20,,60127,14,,,0
1000001,'S2-4_7',817,,60132,14,,,0,40,,60133,14,,,0,80,,60134,14,,,0,80,,60135,14,,,0,40,,60136,14,,,0,80,,60137,14,,,0,80,,60138,14,,,0,40,,60139,14,,,0,80,,60140,14,,,0,80,,60141,14,,,0,40,,60142,14,,,0,80,,60143,14,,,0,80,,60144,14,,,0,40,,60145,14,,,0,80,,60146,14,,,0,80,,60147,14,,,0,40,,60148,14,,,0,80,,60149,14,,,0
3000001,'S2-0_6',655,,61552,22,,,0,82,,61553,22,,,0,84,,61554,22,,,0,38,,61555,22,,,0,62,,61556,22,,,0,19,,61557,22,,,0,61,,61558,22,,,0,20,,61559,22,,,0,20,,61560,22,,,0,60,,61561,22,,,0,20,,61562,22,,,0,19,,61563,22,,,0,61,,61564,22,,,0,20,,61565,22,,,0,19,,61566,22,,,0,19,,61567,22,,,0,60,,61568,22,,,0,21,,61569,22,,,0,60,,61570,22,,,0,21,,61571,22,,,0,20,,61572,22,,,0,60,,61573,22,,,0,21,,61574,22,,,0,20,,61575,22,,,0,60,,61576,22,,,0,20,,61577,22,,,0,20,,61578,22,,,0,61,,61579,22,,,0,20,,61580,22,,,0,20,,61581,22,,,0,59,,61582,22,,,0,19,,61583,22,,,0,19,,61584,22,,,0,60,,61585,22,,,0,18,,61586,22,,,0,31,,61588,22,,,0,67,,61589,22,,,0,30,,61587,22,,,0,68,,61590,22,,,0
3000001,'S2-1_7',902,,61591,22,,,0,130,,61593,22,,,0,170,,61594,22,,,0,130,,61595,22,,,0,170,,61596,22,,,0,130,,61597,22,,,0,170,,61598,22,,,0,130,,61599,22,,,0,170,,61592,22,,,0
3000001,'S2-2_1',705,,61641,22,,,0,21,,61600,22,,,0,20,,61601,22,,,0,60,,61602,22,,,0,20,,61603,22,,,0,20,,61604,22,,,0,60,,61605,22,,,0,21,,61606,22,,,0,20,,61607,22,,,0,60,,61608,22,,,0,20,,61609,22,,,0,20,,61610,22,,,0,60,,61611,22,,,0,19,,61612,22,,,0,20,,61613,22,,,0,60,,61614,22,,,0,19,,61615,22,,,0,19,,61616,22,,,0,60,,61617,22,,,0,20,,61618,22,,,0,21,,61619,22,,,0,60,,61620,22,,,0,21,,61621,22,,,0,20,,61622,22,,,0,59,,61623,22,,,0,21,,61624,22,,,0,20,,61625,22,,,0,60,,61626,22,,,0,20,,61627,22,,,0,20,,61628,22,,,0,61,,61629,22,,,0,20,,61630,22,,,0,20,,61631,22,,,0,60,,61632,22,,,0,19,,61633,22,,,0,19,,61634,22,,,0,61,,61635,22,,,0,20,,61636,22,,,0,21,,61637,22,,,0,69,,61638,22,,,0,27,,61639,22,,,0,69,,61640,22,,,0
3000001,'S2-2_2',705,,61683,22,,,0,21,,61642,22,,,0,20,,61643,22,,,0,60,,61644,22,,,0,20,,61645,22,,,0,20,,61646,22,,,0,60,,61647,22,,,0,21,,61648,22,,,0,20,,61649,22,,,0,60,,61650,22,,,0,20,,61651,22,,,0,20,,61652,22,,,0,60,,61653,22,,,0,19,,61654,22,,,0,20,,61655,22,,,0,60,,61656,22,,,0,19,,61657,22,,,0,19,,61658,22,,,0,60,,61659,22,,,0,20,,61660,22,,,0,21,,61661,22,,,0,60,,61662,22,,,0,21,,61663,22,,,0,20,,61664,22,,,0,59,,61665,22,,,0,21,,61666,22,,,0,20,,61667,22,,,0,60,,61668,22,,,0,20,,61669,22,,,0,20,,61670,22,,,0,61,,61671,22,,,0,20,,61672,22,,,0,20,,61673,22,,,0,60,,61674,22,,,0,19,,61675,22,,,0,19,,61676,22,,,0,61,,61677,22,,,0,20,,61678,22,,,0,21,,61679,22,,,0,69,,61680,22,,,0,27,,61681,22,,,0,69,,61682,22,,,0
3000001,'S2-2_3',705,,61725,22,,,0,21,,61684,22,,,0,20,,61685,22,,,0,60,,61686,22,,,0,20,,61687,22,,,0,20,,61688,22,,,0,60,,61689,22,,,0,21,,61690,22,,,0,20,,61691,22,,,0,60,,61692,22,,,0,20,,61693,22,,,0,20,,61694,22,,,0,60,,61695,22,,,0,19,,61696,22,,,0,20,,61697,22,,,0,60,,61698,22,,,0,19,,61699,22,,,0,19,,61700,22,,,0,60,,61701,22,,,0,20,,61702,22,,,0,21,,61703,22,,,0,60,,61704,22,,,0,21,,61705,22,,,0,20,,61706,22,,,0,59,,61707,22,,,0,21,,61708,22,,,0,20,,61709,22,,,0,60,,61710,22,,,0,20,,61711,22,,,0,20,,61712,22,,,0,61,,61713,22,,,0,20,,61714,22,,,0,20,,61715,22,,,0,60,,61716,22,,,0,19,,61717,22,,,0,19,,61718,22,,,0,61,,61719,22,,,0,20,,61720,22,,,0,21,,61721,22,,,0,69,,61722,22,,,0,27,,61723,22,,,0,69,,61724,22,,,0
3000001,'S2-2_4',705,,61767,22,,,0,21,,61726,22,,,0,20,,61727,22,,,0,60,,61728,22,,,0,20,,61729,22,,,0,20,,61730,22,,,0,60,,61731,22,,,0,21,,61732,22,,,0,20,,61733,22,,,0,60,,61734,22,,,0,20,,61735,22,,,0,20,,61736,22,,,0,60,,61737,22,,,0,19,,61738,22,,,0,20,,61739,22,,,0,60,,61740,22,,,0,19,,61741,22,,,0,19,,61742,22,,,0,60,,61743,22,,,0,20,,61744,22,,,0,21,,61745,22,,,0,60,,61746,22,,,0,21,,61747,22,,,0,20,,61748,22,,,0,59,,61749,22,,,0,21,,61750,22,,,0,20,,61751,22,,,0,60,,61752,22,,,0,20,,61753,22,,,0,20,,61754,22,,,0,61,,61755,22,,,0,20,,61756,22,,,0,20,,61757,22,,,0,60,,61758,22,,,0,19,,61759,22,,,0,19,,61760,22,,,0,61,,61761,22,,,0,20,,61762,22,,,0,21,,61763,22,,,0,69,,61764,22,,,0,27,,61765,22,,,0,69,,61766,22,,,0
3000001,'S2-2_5',705,,61809,22,,,0,21,,61768,22,,,0,20,,61769,22,,,0,60,,61770,22,,,0,20,,61771,22,,,0,20,,61772,22,,,0,60,,61773,22,,,0,21,,61774,22,,,0,20,,61775,22,,,0,60,,61776,22,,,0,20,,61777,22,,,0,20,,61778,22,,,0,60,,61779,22,,,0,19,,61780,22,,,0,20,,61781,22,,,0,60,,61782,22,,,0,19,,61783,22,,,0,19,,61784,22,,,0,60,,61785,22,,,0,20,,61786,22,,,0,21,,61787,22,,,0,60,,61788,22,,,0,21,,61789,22,,,0,20,,61790,22,,,0,59,,61791,22,,,0,21,,61792,22,,,0,20,,61793,22,,,0,60,,61794,22,,,0,20,,61795,22,,,0,20,,61796,22,,,0,61,,61797,22,,,0,20,,61798,22,,,0,20,,61799,22,,,0,60,,61800,22,,,0,19,,61801,22,,,0,19,,61802,22,,,0,61,,61803,22,,,0,20,,61804,22,,,0,21,,61805,22,,,0,69,,61806,22,,,0,27,,61807,22,,,0,69,,61808,22,,,0
3000001,'S2-3_1',705,,61851,22,,,0,21,,61810,22,,,0,20,,61811,22,,,0,60,,61812,22,,,0,20,,61813,22,,,0,20,,61814,22,,,0,60,,61815,22,,,0,21,,61816,22,,,0,20,,61817,22,,,0,60,,61818,22,,,0,20,,61819,22,,,0,20,,61820,22,,,0,60,,61821,22,,,0,19,,61822,22,,,0,20,,61823,22,,,0,60,,61824,22,,,0,19,,61825,22,,,0,19,,61826,22,,,0,60,,61827,22,,,0,20,,61828,22,,,0,21,,61829,22,,,0,60,,61830,22,,,0,21,,61831,22,,,0,20,,61832,22,,,0,59,,61833,22,,,0,21,,61834,22,,,0,20,,61835,22,,,0,60,,61836,22,,,0,20,,61837,22,,,0,20,,61838,22,,,0,61,,61839,22,,,0,20,,61840,22,,,0,20,,61841,22,,,0,60,,61842,22,,,0,19,,61843,22,,,0,19,,61844,22,,,0,61,,61845,22,,,0,20,,61846,22,,,0,21,,61847,22,,,0,69,,61848,22,,,0,27,,61849,22,,,0,69,,61850,22,,,0
3000001,'S2-3_3',705,,61893,22,,,0,21,,61852,22,,,0,20,,61853,22,,,0,60,,61854,22,,,0,20,,61855,22,,,0,20,,61856,22,,,0,60,,61857,22,,,0,21,,61858,22,,,0,20,,61859,22,,,0,60,,61860,22,,,0,20,,61861,22,,,0,20,,61862,22,,,0,60,,61863,22,,,0,19,,61864,22,,,0,20,,61865,22,,,0,60,,61866,22,,,0,19,,61867,22,,,0,19,,61868,22,,,0,60,,61869,22,,,0,20,,61870,22,,,0,21,,61871,22,,,0,60,,61872,22,,,0,21,,61873,22,,,0,20,,61874,22,,,0,59,,61875,22,,,0,21,,61876,22,,,0,20,,61877,22,,,0,60,,61878,22,,,0,20,,61879,22,,,0,20,,61880,22,,,0,61,,61881,22,,,0,20,,61882,22,,,0,20,,61883,22,,,0,60,,61884,22,,,0,19,,61885,22,,,0,19,,61886,22,,,0,61,,61887,22,,,0,20,,61888,22,,,0,21,,61889,22,,,0,69,,61890,22,,,0,27,,61891,22,,,0,69,,61892,22,,,0
3000001,'S2-3_4',705,,61935,22,,,0,21,,61894,22,,,0,20,,61895,22,,,0,60,,61896,22,,,0,20,,61897,22,,,0,20,,61898,22,,,0,60,,61899,22,,,0,21,,61900,22,,,0,20,,61901,22,,,0,60,,61902,22,,,0,20,,61903,22,,,0,20,,61904,22,,,0,60,,61905,22,,,0,19,,61906,22,,,0,20,,61907,22,,,0,60,,61908,22,,,0,19,,61909,22,,,0,19,,61910,22,,,0,60,,61911,22,,,0,20,,61912,22,,,0,21,,61913,22,,,0,60,,61914,22,,,0,21,,61915,22,,,0,20,,61916,22,,,0,59,,61917,22,,,0,21,,61918,22,,,0,20,,61919,22,,,0,60,,61920,22,,,0,20,,61921,22,,,0,20,,61922,22,,,0,61,,61923,22,,,0,20,,61924,22,,,0,20,,61925,22,,,0,60,,61926,22,,,0,19,,61927,22,,,0,19,,61928,22,,,0,61,,61929,22,,,0,20,,61930,22,,,0,21,,61931,22,,,0,69,,61932,22,,,0,27,,61933,22,,,0,69,,61934,22,,,0
3000001,'S2-4_7',902,,61936,22,,,0,130,,61938,22,,,0,170,,61939,22,,,0,130,,61940,22,,,0,170,,61941,22,,,0,130,,61942,22,,,0,170,,61943,22,,,0,130,,61944,22,,,0,170,,61937,22,,,0
