200,'0_6',804,,63326,35,0,35 37,0,105,,63327,35,0,35 37,0,106,,63328,26,0,35 37,0,106,,63329,35,0,35 37,0,109,,63330,35,0,35 37,0,100,,63331,26,0,35 37,0,102,,63332,35,0,35 37,0,102,,63333,35,0,35 37,0,112,,63334,35,0,35 37,0,102,,63335,35,0,35 37,0,94,,63349,35,0,35 37,0,89,,63336,38,0,35 37,0
200,'2_1',804,,63369,35,0,35 37,0,105,,63370,35,0,35 37,0,106,,63371,26,0,35 37,0,106,,63372,35,0,35 37,0,109,,63373,35,0,35 37,0,100,,63374,26,0,35 37,0,102,,63375,35,0,35 37,0,102,,63376,35,0,35 37,0,112,,63377,35,0,35 37,0,102,,63378,35,0,35 37,0,94,,63392,35,0,35 37,0,89,,63379,38,0,35 37,0
200,'2_2',804,,63404,35,0,35 37,0,105,,63405,35,0,35 37,0,106,,63406,26,0,35 37,0,106,,63407,35,0,35 37,0,109,,63408,35,0,35 37,0,100,,63409,26,0,35 37,0,102,,63410,35,0,35 37,0,102,,63411,35,0,35 37,0,112,,63412,35,0,35 37,0,102,,63413,35,0,35 37,0,94,,63427,35,0,35 37,0,89,,63414,38,0,35 37,0
200,'2_3',804,,63439,35,0,35 37,0,105,,63440,35,0,35 37,0,106,,63441,26,0,35 37,0,106,,63442,35,0,35 37,0,109,,63443,35,0,35 37,0,100,,63444,26,0,35 37,0,102,,63445,35,0,35 37,0,102,,63446,35,0,35 37,0,112,,63447,35,0,35 37,0,102,,63448,35,0,35 37,0,94,,63462,35,0,35 37,0,89,,63449,38,0,35 37,0
200,'2_4',804,,63474,35,0,35 37,0,105,,63475,35,0,35 37,0,106,,63476,26,0,35 37,0,106,,63477,35,0,35 37,0,109,,63478,35,0,35 37,0,100,,63479,26,0,35 37,0,102,,63480,35,0,35 37,0,102,,63481,35,0,35 37,0,112,,63482,35,0,35 37,0,102,,63483,35,0,35 37,0,94,,63497,35,0,35 37,0,89,,63484,38,0,35 37,0
200,'2_5',804,,63509,35,0,35 37,0,105,,63510,35,0,35 37,0,106,,63511,26,0,35 37,0,106,,63512,35,0,35 37,0,109,,63513,35,0,35 37,0,100,,63514,26,0,35 37,0,102,,63515,35,0,35 37,0,102,,63516,35,0,35 37,0,112,,63517,35,0,35 37,0,102,,63518,35,0,35 37,0,94,,63532,35,0,35 37,0,89,,63519,38,0,35 37,0
200,'3_1',804,,63544,35,0,35 37,0,105,,63545,35,0,35 37,0,106,,63546,26,0,35 37,0,106,,63547,35,0,35 37,0,109,,63548,35,0,35 37,0,100,,63549,26,0,35 37,0,102,,63550,35,0,35 37,0,102,,63551,35,0,35 37,0,112,,63552,35,0,35 37,0,102,,63553,35,0,35 37,0,94,,63567,35,0,35 37,0,89,,63554,38,0,35 37,0
200,'3_3',804,,63579,35,0,35 37,0,105,,63580,35,0,35 37,0,106,,63581,26,0,35 37,0,106,,63582,35,0,35 37,0,109,,63583,35,0,35 37,0,100,,63584,26,0,35 37,0,102,,63585,35,0,35 37,0,102,,63586,35,0,35 37,0,112,,63587,35,0,35 37,0,102,,63588,35,0,35 37,0,94,,63602,35,0,35 37,0,89,,63589,38,0,35 37,0
200,'3_4',804,,63614,35,0,35 37,0,105,,63615,35,0,35 37,0,106,,63616,26,0,35 37,0,106,,63617,35,0,35 37,0,109,,63618,35,0,35 37,0,100,,63619,26,0,35 37,0,102,,63620,35,0,35 37,0,102,,63621,35,0,35 37,0,112,,63622,35,0,35 37,0,102,,63623,35,0,35 37,0,94,,63637,35,0,35 37,0,89,,63624,38,0,35 37,0
200,'3_5',804,,63649,35,0,35 37,0,105,,63650,35,0,35 37,0,106,,63651,26,0,35 37,0,106,,63652,35,0,35 37,0,109,,63653,35,0,35 37,0,100,,63654,26,0,35 37,0,102,,63655,35,0,35 37,0,102,,63656,35,0,35 37,0,112,,63657,35,0,35 37,0,102,,63658,35,0,35 37,0,94,,63672,35,0,35 37,0,89,,63659,38,0,35 37,0
