1900,'2509-HIV-25j05H-d-Dimanche-00',820,,11650,0,8,0,900,,11651,0,8,0
1900,'2509-HIV-25j26H-d-Dimanche-00',820,,11652,0,8,0,900,,11653,0,8,0
1900,'2509-HIV-26a05H-w-Mercredi-00',637,,11655,,,0,16,,11656,,,0,84,,11661,,,0,9,,11658,0,8 10 55,0,12,,11660,,,0,974,,11657,,,0,110,,11659,0,8,0
1900,'2509-HIV-26a05H-w-Mercredi-00-0010000',1340,,11662,,,0
1900,'2509-HIV-26a05Hlv-L-Ma-J-V-00',637,,11664,,,0,16,,11665,,,0,84,,11670,,,0,9,,11667,0,8 10 55,0,12,,11669,,,0,974,,11666,,,0,110,,11668,0,8,0
1901,'2509-HIV-25j05H-d-Dimanche-00',1035,,11671,,,0,895,,11672,,,0
1901,'2509-HIV-25j26H-d-Dimanche-00',1035,,11673,,,0,895,,11674,,,0
1901,'2509-HIV-26a05H-w-Mercredi-00',1709,,11675,,,0,110,,11676,,,0,99,,11677,,,0
1901,'2509-HIV-26a05H-w-Mercredi-00-0010000',1248,,11678,,,0,60,,11680,,,0,23,,11679,0,,0
1901,'2509-HIV-26a05Hlv-L-Ma-J-V-00',1709,,11681,,,0,110,,11682,,,0,99,,11683,,,0
1901,'2509-HIV-26a05Hlv-L-Ma-J-V-00-1101100',1630,,11687,,,0,19,,11684,,,0,81,,11688,,,0,19,,11685,,,0,99,,11686,,,0
