201,'0_6',809,,63693,27,0,21,0,30,,63682,39,0,21,0,175,,63695,27,0,21,0,106,,63696,27,0,21,0,194,,63686,39,0,21,0,102,,63687,39,0,21,0,128,,63700,27,0,21,0,100,,63701,27,0,21,0,89,,63690,39,0,21,0,103,,63691,39,0,21,0,99,,63692,39,0,21,0,68,,63716,39,0,21,0
201,'1_7',902,,63717,27,0,21,0,125,,63718,27,0,21,0,125,,63719,27,0,21,0,165,,63720,27,0,21,0,110,,63721,27,0,21,0,125,,63722,27,0,21,0,165,,63723,27,0,21,0,125,,63724,27,0,21,0
201,'2_1',809,,63737,27,0,21,0,30,,63726,39,0,21,0,175,,63739,27,0,21,0,106,,63740,27,0,21,0,194,,63730,39,0,21,0,102,,63731,39,0,21,0,128,,63744,27,0,21,0,100,,63745,27,0,21,0,89,,63734,39,0,21,0,103,,63735,39,0,21,0,99,,63736,39,0,21,0,68,,63760,39,0,21,0
201,'2_2',809,,63773,27,0,21,0,30,,63762,39,0,21,0,175,,63775,27,0,21,0,106,,63776,27,0,21,0,194,,63766,39,0,21,0,102,,63767,39,0,21,0,128,,63780,27,0,21,0,100,,63781,27,0,21,0,89,,63770,39,0,21,0,103,,63771,39,0,21,0,99,,63772,39,0,21,0,68,,63796,39,0,21,0
201,'2_3',809,,63809,27,0,21,0,30,,63798,39,0,21,0,175,,63811,27,0,21,0,106,,63812,27,0,21,0,194,,63802,39,0,21,0,102,,63803,39,0,21,0,128,,63816,27,0,21,0,100,,63817,27,0,21,0,89,,63806,39,0,21,0,103,,63807,39,0,21,0,99,,63808,39,0,21,0,68,,63832,39,0,21,0
201,'2_4',809,,63845,27,0,21,0,30,,63834,39,0,21,0,175,,63847,27,0,21,0,106,,63848,27,0,21,0,194,,63838,39,0,21,0,102,,63839,39,0,21,0,128,,63852,27,0,21,0,100,,63853,27,0,21,0,89,,63842,39,0,21,0,103,,63843,39,0,21,0,99,,63844,39,0,21,0,68,,63868,39,0,21,0
201,'2_5',809,,63881,27,0,21,0,30,,63870,39,0,21,0,175,,63883,27,0,21,0,106,,63884,27,0,21,0,194,,63874,39,0,21,0,102,,63875,39,0,21,0,128,,63888,27,0,21,0,100,,63889,27,0,21,0,89,,63878,39,0,21,0,103,,63879,39,0,21,0,99,,63880,39,0,21,0,68,,63904,39,0,21,0
201,'3_1',809,,63917,27,0,21,0,30,,63906,39,0,21,0,175,,63919,27,0,21,0,106,,63920,27,0,21,0,194,,63910,39,0,21,0,102,,63911,39,0,21,0,128,,63924,27,0,21,0,100,,63925,27,0,21,0,89,,63914,39,0,21,0,103,,63915,39,0,21,0,99,,63916,39,0,21,0,68,,63940,39,0,21,0
201,'3_3',809,,63953,27,0,21,0,30,,63942,39,0,21,0,175,,63955,27,0,21,0,106,,63956,27,0,21,0,194,,63946,39,0,21,0,102,,63947,39,0,21,0,128,,63960,27,0,21,0,100,,63961,27,0,21,0,89,,63950,39,0,21,0,103,,63951,39,0,21,0,99,,63952,39,0,21,0,68,,63976,39,0,21,0
201,'3_4',809,,63989,27,0,21,0,30,,63978,39,0,21,0,175,,63991,27,0,21,0,106,,63992,27,0,21,0,194,,63982,39,0,21,0,102,,63983,39,0,21,0,128,,63996,27,0,21,0,100,,63997,27,0,21,0,89,,63986,39,0,21,0,103,,63987,39,0,21,0,99,,63988,39,0,21,0,68,,64012,39,0,21,0
201,'3_5',809,,64025,27,0,21,0,30,,64014,39,0,21,0,175,,64027,27,0,21,0,106,,64028,27,0,21,0,194,,64018,39,0,21,0,102,,64019,39,0,21,0,128,,64032,27,0,21,0,100,,64033,27,0,21,0,89,,64022,39,0,21,0,103,,64023,39,0,21,0,99,,64024,39,0,21,0,68,,64048,39,0,21,0
201,'4_7',902,,64049,27,0,21,0,125,,64050,27,0,21,0,125,,64051,27,0,21,0,165,,64052,27,0,21,0,110,,64053,27,0,21,0,125,,64054,27,0,21,0,165,,64055,27,0,21,0,125,,64056,27,0,21,0
