400,'S2-1_6',825,,8632,5,0,40,0,197,,8633,5,0,40,0,201,,8634,5,0,40,0,201,,8635,5,0,40,0,202,,8636,5,0,40,0,209,,8637,5,0,40,0
400,'S2-5_1',923,,8671,5,0,40,0,300,,8692,5,0,40,0,125,,8680,5,0,40,0,105,,8681,5,0,40,0,175,,8693,5,0,40,0,85,,8684,5,0,40,0,188,,8687,5,0,40,0
400,'S2-5_2',923,,8705,5,0,40,0,300,,8726,5,0,40,0,125,,8714,5,0,40,0,105,,8715,5,0,40,0,175,,8727,5,0,40,0,85,,8718,5,0,40,0,188,,8721,5,0,40,0
400,'S2-5_4',923,,8739,5,0,40,0,300,,8760,5,0,40,0,125,,8748,5,0,40,0,105,,8749,5,0,40,0,175,,8761,5,0,40,0,85,,8752,5,0,40,0,188,,8755,5,0,40,0
400,'S2-5_5',923,,8773,5,0,40,0,300,,8794,5,0,40,0,125,,8782,5,0,40,0,105,,8783,5,0,40,0,175,,8795,5,0,40,0,85,,8786,5,0,40,0,188,,8789,5,0,40,0
400,'S2-6_3',923,,8807,5,0,40,0,300,,8827,5,0,40,0,125,,8816,5,0,40,0,105,,8817,5,0,40,0,175,,8828,5,0,40,0,85,,8820,5,0,40,0,188,,8823,5,0,40,0
2901200,'S2-5_1',641,,13622,5,,,0,104,,13621,5,,,0
2901200,'S2-5_2',641,,13624,5,,,0,104,,13623,5,,,0
2901200,'S2-5_4',641,,13626,5,,,0,104,,13625,5,,,0
2901200,'S2-5_5',641,,13628,5,,,0,104,,13627,5,,,0
2901200,'S2-6_3',641,,13630,5,,,0,104,,13629,5,,,0
