2400,'26a05H-Mercredi',737,,3711,,,0
2400,'26a05H-Mercredi0010000',1227,,3712,,,0
2400,'26a05H-L-Ma-J-V',737,,3713,,,0
2400,'26a05H-L-Ma-J-V1101100',1605,,3714,,,0,103,,3715,,,0,95,,3716,,,0
2000000,'25j05H-Dimanche',819,,5888,,,0,40,,5889,,,0,80,,5890,,,0,80,,5891,,,0,40,,5892,,,0,80,,5893,,,0,80,,5894,,,0,40,,5895,,,0,80,,5896,,,0,80,,5897,,,0,40,,5898,,,0,80,,5899,,,0,80,,5900,,,0,40,,5901,,,0,80,,5902,,,0,80,,5903,,,0,40,,5904,,,0,80,,5905,,,0
2000000,'25j26H-Dimanche',819,,5906,,,0,40,,5907,,,0,80,,5908,,,0,80,,5909,,,0,40,,5910,,,0,80,,5911,,,0,80,,5912,,,0,40,,5913,,,0,80,,5914,,,0,80,,5915,,,0,40,,5916,,,0,80,,5917,,,0,80,,5918,,,0,40,,5919,,,0,80,,5920,,,0,80,,5921,,,0,40,,5922,,,0,80,,5923,,,0
2000000,'26a05H-Samedi',644,,6020,,,0,81,,6021,,,0,79,,6022,,,0,29,,6023,,,0,20,,6024,,,0,60,,6025,,,0,18,,6026,,,0,18,,6027,,,0,59,,6028,,,0,20,,6029,,,0,19,,6030,,,0,59,,6031,,,0,19,,6032,,,0,20,,6033,,,0,58,,6034,,,0,19,,6035,,,0,18,,6036,,,0,19,,6037,,,0,59,,6038,,,0,19,,6039,,,0,18,,6040,,,0,59,,6041,,,0,20,,6042,,,0,20,,6043,,,0,59,,6044,,,0,19,,6045,,,0,20,,6046,,,0,60,,6047,,,0,20,,6048,,,0,20,,6049,,,0,59,,6050,,,0,20,,6051,,,0,20,,6052,,,0,60,,6053,,,0,18,,6054,,,0,20,,6055,,,0,64,,6056,,,0,25,,6057,,,0,65,,6058,,,0,25,,6059,,,0,25,,6060,,,0
2000000,'26a05H-Mercredi',647,,6097,,,0,62,,6079,,,0,16,,6107,,,0,15,,6063,,,0,14,,6090,,,0,56,,6072,,,0,15,,6099,,,0,15,,6082,,,0,16,,6110,,,0,56,,6064,,,0,16,,6095,,,0,15,,6073,,,0,16,,6100,,,0,55,,6080,,,0,16,,6108,,,0,16,,6065,,,0,56,,6096,,,0,15,,6074,,,0,16,,6101,,,0,17,,6081,,,0,54,,6111,,,0,15,,6066,,,0,16,,6089,,,0,16,,6075,,,0,55,,6098,,,0,15,,6083,,,0,15,,6109,,,0,15,,6068,,,0,55,,6091,,,0,15,,6078,,,0,15,,6103,,,0,15,,6084,,,0,54,,6112,,,0,15,,6069,,,0,15,,6092,,,0,16,,6077,,,0,55,,6102,,,0,14,,6085,,,0,16,,6061,,,0,14,,6113,,,0,58,,6067,,,0,14,,6094,,,0,17,,6076,,,0,15,,6104,,,0,56,,6087,,,0,13,,6062,,,0,14,,6114,,,0,15,,6070,,,0,55,,6093,,,0,14,,6105,,,0,19,,6086,,,0,62,,6115,,,0,20,,6071,,,0,19,,6106,,,0,61,,6088,,,0
2000000,'26a05H-Mercredi0010000',1217,,6117,0,6 7,0,5,,6116,0,6 7,0
2000000,'26a05H-L-Ma-J-V',647,,6154,,,0,62,,6136,,,0,16,,6164,,,0,15,,6120,,,0,14,,6147,,,0,56,,6129,,,0,15,,6156,,,0,15,,6139,,,0,16,,6167,,,0,56,,6121,,,0,16,,6152,,,0,15,,6130,,,0,16,,6157,,,0,55,,6137,,,0,16,,6165,,,0,16,,6122,,,0,56,,6153,,,0,15,,6131,,,0,16,,6158,,,0,17,,6138,,,0,54,,6168,,,0,15,,6123,,,0,16,,6146,,,0,16,,6132,,,0,55,,6155,,,0,15,,6140,,,0,15,,6166,,,0,15,,6125,,,0,55,,6148,,,0,15,,6135,,,0,15,,6160,,,0,15,,6141,,,0,54,,6169,,,0,15,,6126,,,0,15,,6149,,,0,16,,6134,,,0,55,,6159,,,0,14,,6142,,,0,16,,6118,,,0,14,,6170,,,0,58,,6124,,,0,14,,6151,,,0,17,,6133,,,0,15,,6161,,,0,56,,6144,,,0,13,,6119,,,0,14,,6171,,,0,15,,6127,,,0,55,,6150,,,0,14,,6162,,,0,19,,6143,,,0,62,,6172,,,0,20,,6128,,,0,19,,6163,,,0,61,,6145,,,0
2000000,'26a05H-L-Ma-J-V1101100',1558,,6175,0,6 7,0,147,,6174,0,6 7,0,99,,6173,0,6 7,0
2000000,'26b23V-Semaine',647,,6181,,,0,63,,6178,,,0,17,,6183,,,0,15,,6176,,,0,15,,6180,,,0,54,,6177,,,0,15,,6182,,,0,15,,6179,,,0,15,,6184,,,0,55,,6185,,,0,14,,6186,,,0,15,,6187,,,0,15,,6188,,,0,54,,6189,,,0,15,,6190,,,0,15,,6191,,,0,16,,6192,,,0,55,,6193,,,0,15,,6194,,,0,15,,6195,,,0,15,,6196,,,0,55,,6197,,,0,15,,6198,,,0,15,,6199,,,0,15,,6200,,,0,55,,6201,,,0,15,,6202,,,0,15,,6203,,,0,15,,6204,,,0,55,,6205,,,0,15,,6206,,,0,15,,6207,,,0,15,,6208,,,0,55,,6209,,,0,15,,6210,,,0,15,,6211,,,0,15,,6212,,,0,55,,6213,,,0,15,,6214,,,0,15,,6215,,,0,15,,6216,,,0,55,,6217,,,0,15,,6218,,,0,15,,6219,,,0,15,,6220,,,0,55,,6221,,,0,15,,6222,,,0,15,,6223,,,0,15,,6224,,,0,60,,6227,,,0,21,,6228,,,0,20,,6229,,,0,60,,6230,,,0,21,,6225,,,0,20,,6226,,,0
2000000,'26c02V-Semaine',647,,6236,,,0,63,,6233,,,0,17,,6238,,,0,15,,6231,,,0,15,,6235,,,0,54,,6232,,,0,15,,6237,,,0,15,,6234,,,0,15,,6239,,,0,55,,6240,,,0,14,,6241,,,0,15,,6242,,,0,15,,6243,,,0,54,,6244,,,0,15,,6245,,,0,15,,6246,,,0,16,,6247,,,0,55,,6248,,,0,15,,6249,,,0,15,,6250,,,0,15,,6251,,,0,55,,6252,,,0,15,,6253,,,0,15,,6254,,,0,15,,6255,,,0,55,,6256,,,0,15,,6257,,,0,15,,6258,,,0,15,,6259,,,0,55,,6260,,,0,15,,6261,,,0,15,,6262,,,0,15,,6263,,,0,55,,6264,,,0,15,,6265,,,0,15,,6266,,,0,15,,6267,,,0,55,,6268,,,0,15,,6269,,,0,15,,6270,,,0,15,,6271,,,0,55,,6272,,,0,15,,6273,,,0,15,,6274,,,0,15,,6275,,,0,55,,6276,,,0,15,,6277,,,0,15,,6278,,,0,15,,6279,,,0,60,,6282,,,0,21,,6283,,,0,20,,6284,,,0,60,,6285,,,0,21,,6280,,,0,20,,6281,,,0
