401,'2_6',713,,31419,30,,,0,116,,31426,30,0,41,0,73,,31420,30,,,0,28,,31427,30,0,41,0,72,,31428,30,0,41,0,28,,31429,30,0,41,0,72,,31421,30,,,0,28,,31430,30,0,41,0,73,,31431,30,0,41,0,30,,31432,30,0,41,0,70,,31422,30,,,0,29,,31433,30,0,41,0,69,,31434,30,0,41,0,31,,31435,30,0,41,0,71,,31423,30,,,0,28,,31436,30,0,41,0,73,,31437,30,0,41,0,33,,31438,30,0,41,0,71,,31424,30,,,0,32,,31439,30,0,41,0,72,,31440,30,0,41,0,31,,31441,30,0,41,0,70,,31442,30,0,41,0,30,,31425,30,,,0
401,'3_7',923,,31443,30,0,41,0,100,,31444,30,0,41,0,100,,31445,30,0,41,0,100,,31446,30,0,41,0,100,,31447,30,0,41,0,100,,31448,30,0,41,0,100,,31449,30,0,41,0,100,,31450,30,0,41,0,100,,31451,30,0,41,0,100,,31452,30,0,41,0
401,'4_7',923,,46926,30,0,41,0,100,,46927,30,0,41,0,100,,46928,30,0,41,0,100,,46929,30,0,41,0,100,,46930,30,0,41,0,100,,46931,30,0,41,0,100,,46932,30,0,41,0,100,,46933,30,0,41,0,100,,46934,30,0,41,0,100,,46935,30,0,41,0
401,'5_5',718,,39546,38,0,41,0,10,,39532,30,0,41,0,15,,39547,32,0,41,0,15,,39533,30,0,41,0,55,,39553,32,,,0,19,,39534,30,0,41,0,15,,39535,30,0,41,0,80,,39536,30,0,41,0,31,,39537,30,0,41,0,76,,39538,30,0,41,0,73,,39555,30,,,0,30,,39539,30,0,41,0,70,,39540,30,0,41,0,20,,39554,32,,,0,30,,39551,33,0,41,0,70,,39556,30,,,0,30,,39531,30,0,41,0,80,,39541,30,0,41,0,70,,39557,30,,,0,25,,39542,30,0,41,0,70,,39543,30,,,0,25,,39552,33,0,41,0,30,,39548,32,0,41,0,70,,39549,35,,,0,75,,39544,30,0,41,0,25,,39550,32,0,41,0,30,,39545,30,0,41,0,71,,39558,30,,,0
401,'6_1',718,,39574,38,0,41,0,10,,39560,30,0,41,0,15,,39575,32,0,41,0,15,,39561,30,0,41,0,55,,39581,32,,,0,19,,39562,30,0,41,0,15,,39563,30,0,41,0,80,,39564,30,0,41,0,31,,39565,30,0,41,0,76,,39566,30,0,41,0,73,,39583,30,,,0,30,,39567,30,0,41,0,70,,39568,30,0,41,0,20,,39582,32,,,0,30,,39579,33,0,41,0,70,,39584,30,,,0,30,,39559,30,0,41,0,80,,39569,30,0,41,0,70,,39585,30,,,0,25,,39570,30,0,41,0,70,,39571,30,,,0,25,,39580,33,0,41,0,30,,39576,32,0,41,0,70,,39577,35,,,0,75,,39572,30,0,41,0,25,,39578,32,0,41,0,30,,39573,30,0,41,0,71,,39586,30,,,0
401,'6_2',718,,44189,38,0,41,0,10,,44175,30,0,41,0,15,,44190,32,0,41,0,15,,44176,30,0,41,0,55,,44196,32,,,0,19,,44177,30,0,41,0,15,,44178,30,0,41,0,80,,44179,30,0,41,0,31,,44180,30,0,41,0,76,,44181,30,0,41,0,73,,44198,30,,,0,30,,44182,30,0,41,0,70,,44183,30,0,41,0,20,,44197,32,,,0,30,,44194,33,0,41,0,70,,44199,30,,,0,30,,44174,30,0,41,0,80,,44184,30,0,41,0,70,,44200,30,,,0,25,,44185,30,0,41,0,70,,44186,30,,,0,25,,44195,33,0,41,0,30,,44191,32,0,41,0,70,,44192,35,,,0,75,,44187,30,0,41,0,25,,44193,32,0,41,0,30,,44188,30,0,41,0,71,,44201,30,,,0
401,'6_3',718,,44217,38,0,41,0,10,,44203,30,0,41,0,15,,44218,32,0,41,0,15,,44204,30,0,41,0,55,,44224,32,,,0,19,,44205,30,0,41,0,15,,44206,30,0,41,0,80,,44207,30,0,41,0,31,,44208,30,0,41,0,76,,44209,30,0,41,0,73,,44226,30,,,0,30,,44210,30,0,41,0,70,,44211,30,0,41,0,20,,44225,32,,,0,30,,44222,33,0,41,0,70,,44227,30,,,0,30,,44202,30,0,41,0,80,,44212,30,0,41,0,70,,44228,30,,,0,25,,44213,30,0,41,0,70,,44214,30,,,0,25,,44223,33,0,41,0,30,,44219,32,0,41,0,70,,44220,35,,,0,75,,44215,30,0,41,0,25,,44221,32,0,41,0,30,,44216,30,0,41,0,71,,44229,30,,,0
401,'6_4',718,,44245,38,0,41,0,10,,44231,30,0,41,0,15,,44246,32,0,41,0,15,,44232,30,0,41,0,55,,44252,32,,,0,19,,44233,30,0,41,0,15,,44234,30,0,41,0,80,,44235,30,0,41,0,31,,44236,30,0,41,0,76,,44237,30,0,41,0,73,,44254,30,,,0,30,,44238,30,0,41,0,70,,44239,30,0,41,0,20,,44253,32,,,0,30,,44250,33,0,41,0,70,,44255,30,,,0,30,,44230,30,0,41,0,80,,44240,30,0,41,0,70,,44256,30,,,0,25,,44241,30,0,41,0,70,,44242,30,,,0,25,,44251,33,0,41,0,30,,44247,32,0,41,0,70,,44248,35,,,0,75,,44243,30,0,41,0,25,,44249,32,0,41,0,30,,44244,30,0,41,0,71,,44257,30,,,0
401,'7_1',717,,46967,28,0,52,0,10,,46937,30,0,41,0,15,,46954,32,0,41,0,15,,46938,30,0,41,0,55,,46961,32,,,0,23,,46939,30,0,41,0,11,,46940,30,0,41,0,75,,46941,30,0,41,0,35,,46942,30,0,41,0,75,,46943,30,0,41,0,75,,46963,30,,,0,31,,46944,30,0,41,0,69,,46945,30,0,41,0,20,,46962,32,,,0,30,,46958,33,0,41,0,70,,46964,30,,,0,74,,46936,33,0,41,0,37,,46946,30,0,41,0,70,,46965,30,,,0,26,,46947,30,0,41,0,69,,46948,30,0,41,0,15,,46949,30,0,41,0,16,,46959,33,0,41,0,20,,46955,32,0,41,0,57,,46950,30,0,41,0,16,,46956,32,0,41,0,12,,46960,33,,,0,69,,46951,30,0,41,0,20,,46957,32,0,41,0,76,,46952,30,0,41,0,25,,46966,30,,,0
501,'2_6',805,,31618,2,,,0,99,,31619,2,,,0,100,,31620,2,,,0,100,,31621,2,,,0,100,,31622,2,,,0,55,,31623,2,,,0,98,,31624,2,,,0,100,,31625,2,,,0,100,,31626,2,,,0,100,,31627,2,,,0,100,,31628,2,,,0,192,,31629,2,,,0
501,'5_5',911,,39690,2,,,0,104,,39691,2,,,0,100,,39692,2,,,0,86,,39693,2,,,0,55,,39694,2,,,0,99,,39695,2,,,0,102,,39696,2,,,0,100,,39697,2,,,0,144,,39698,2,,,0,106,,39699,2,,,0,131,,39700,2,,,0
501,'6_1',911,,39701,2,,,0,104,,39702,2,,,0,100,,39703,2,,,0,86,,39704,2,,,0,55,,39705,2,,,0,99,,39706,2,,,0,102,,39707,2,,,0,100,,39708,2,,,0,144,,39709,2,,,0,106,,39710,2,,,0,131,,39711,2,,,0
501,'6_2',911,,44300,2,,,0,104,,44301,2,,,0,100,,44302,2,,,0,86,,44303,2,,,0,55,,44304,2,,,0,99,,44305,2,,,0,102,,44306,2,,,0,100,,44307,2,,,0,144,,44308,2,,,0,106,,44309,2,,,0,131,,44310,2,,,0
501,'6_3',911,,44311,2,,,0,104,,44312,2,,,0,100,,44313,2,,,0,86,,44314,2,,,0,55,,44315,2,,,0,99,,44316,2,,,0,102,,44317,2,,,0,100,,44318,2,,,0,144,,44319,2,,,0,106,,44320,2,,,0,131,,44321,2,,,0
501,'6_4',911,,44322,2,,,0,104,,44323,2,,,0,100,,44324,2,,,0,86,,44325,2,,,0,55,,44326,2,,,0,99,,44327,2,,,0,102,,44328,2,,,0,100,,44329,2,,,0,144,,44330,2,,,0,106,,44331,2,,,0,131,,44332,2,,,0
501,'7_1',911,,46983,2,,,0,104,,46984,2,,,0,100,,46985,2,,,0,86,,46986,2,,,0,55,,46987,2,,,0,99,,46988,2,,,0,102,,46989,2,,,0,100,,46990,2,,,0,65,,46992,2,0,13,0,79,,46991,2,,,0,30,,46993,2,0,13,0,76,,46995,2,,,0,20,,46994,2,0,13,0,111,,46996,2,,,0
601,'2_6',731,,31815,2,,,0,90,,31817,2,,,0,94,,31818,2,,,0,94,,31819,2,,,0,48,,31820,2,,,0,89,,31821,2,,,0,89,,31822,2,,,0,89,,31823,2,,,0,87,,31824,2,,,0,89,,31825,2,,,0,100,,31826,2,,,0,51,,31827,2,,,0,95,,31828,2,,,0,87,,31829,2,,,0,91,,31816,2,,,0
601,'5_5',602,,39843,2,,,0,108,,39857,2,,,0,92,,39844,2,,,0,52,,39845,2,,,0,92,,39846,2,,,0,86,,39847,2,,,0,92,,39858,2,,,0,84,,39848,2,,,0,21,,39849,2,,,0,95,,39850,2,,,0,83,,39851,2,,,0,103,,39852,2,,,0,45,,39853,2,,,0,94,,39854,2,,,0,90,,39859,2,,,0,90,,39855,2,,,0,95,,39856,2,,,0
601,'6_1',602,,39860,2,,,0,108,,39874,2,,,0,92,,39861,2,,,0,52,,39862,2,,,0,92,,39863,2,,,0,86,,39864,2,,,0,92,,39875,2,,,0,84,,39865,2,,,0,21,,39866,2,,,0,95,,39867,2,,,0,83,,39868,2,,,0,103,,39869,2,,,0,45,,39870,2,,,0,94,,39871,2,,,0,90,,39876,2,,,0,90,,39872,2,,,0,95,,39873,2,,,0
601,'6_2',602,,44381,2,,,0,108,,44395,2,,,0,92,,44382,2,,,0,52,,44383,2,,,0,92,,44384,2,,,0,86,,44385,2,,,0,92,,44396,2,,,0,84,,44386,2,,,0,21,,44387,2,,,0,95,,44388,2,,,0,83,,44389,2,,,0,103,,44390,2,,,0,45,,44391,2,,,0,94,,44392,2,,,0,90,,44397,2,,,0,90,,44393,2,,,0,95,,44394,2,,,0
601,'6_3',602,,44398,2,,,0,108,,44412,2,,,0,92,,44399,2,,,0,52,,44400,2,,,0,92,,44401,2,,,0,86,,44402,2,,,0,92,,44413,2,,,0,84,,44403,2,,,0,21,,44404,2,,,0,95,,44405,2,,,0,83,,44406,2,,,0,103,,44407,2,,,0,45,,44408,2,,,0,94,,44409,2,,,0,90,,44414,2,,,0,90,,44410,2,,,0,95,,44411,2,,,0
601,'6_4',602,,44415,2,,,0,108,,44429,2,,,0,92,,44416,2,,,0,52,,44417,2,,,0,92,,44418,2,,,0,86,,44419,2,,,0,92,,44430,2,,,0,84,,44420,2,,,0,21,,44421,2,,,0,95,,44422,2,,,0,83,,44423,2,,,0,103,,44424,2,,,0,45,,44425,2,,,0,94,,44426,2,,,0,90,,44431,2,,,0,90,,44427,2,,,0,95,,44428,2,,,0
601,'7_1',602,,47013,2,,,0,103,,47026,2,,,0,98,,47014,2,,,0,102,,47015,2,,,0,98,,47016,2,,,0,100,,47017,2,,,0,99,,47030,2,,,0,26,,47018,2,,,0,81,,47019,2,,,0,104,,47020,2,,,0,94,,47021,2,,,0,39,,47027,2,,,0,78,,47022,3,,,0,35,,47028,2,,,0,69,,47023,3,,,0,72,,47029,3,,,0,28,,47024,2,,,0,96,,47025,2,,,0
2501,'2_6',716,,33350,18,,,0,112,,33351,18,,,0,126,,33352,18,,,0,152,,33353,18,,,0,113,,33354,18,,,0,128,,33355,18,,,0,168,,33356,18,,,0,121,,33357,18,,,0,121,,33358,18,,,0,157,,33359,18,,,0
2501,'5_5',710,,40776,18,,,0,28,,40786,18,,,0,88,,40777,18,,,0,77,,40787,18,,,0,51,,40778,18,,,0,152,,40779,18,,,0,113,,40780,18,,,0,128,,40781,18,,,0,168,,40782,18,,,0,121,,40783,18,,,0,121,,40784,18,,,0,157,,40785,18,,,0
2501,'6_1',710,,40788,18,,,0,28,,40798,18,,,0,88,,40789,18,,,0,77,,40799,18,,,0,51,,40790,18,,,0,152,,40791,18,,,0,113,,40792,18,,,0,128,,40793,18,,,0,168,,40794,18,,,0,121,,40795,18,,,0,121,,40796,18,,,0,157,,40797,18,,,0
2501,'6_2',710,,44954,18,,,0,28,,44964,18,,,0,88,,44955,18,,,0,77,,44965,18,,,0,51,,44956,18,,,0,152,,44957,18,,,0,113,,44958,18,,,0,128,,44959,18,,,0,168,,44960,18,,,0,121,,44961,18,,,0,121,,44962,18,,,0,157,,44963,18,,,0
2501,'6_3',710,,44966,18,,,0,28,,44976,18,,,0,88,,44967,18,,,0,77,,44977,18,,,0,51,,44968,18,,,0,152,,44969,18,,,0,113,,44970,18,,,0,128,,44971,18,,,0,168,,44972,18,,,0,121,,44973,18,,,0,121,,44974,18,,,0,157,,44975,18,,,0
2501,'6_4',710,,44978,18,,,0,28,,44988,18,,,0,88,,44979,18,,,0,77,,44989,18,,,0,51,,44980,18,,,0,152,,44981,18,,,0,113,,44982,18,,,0,128,,44983,18,,,0,168,,44984,18,,,0,121,,44985,18,,,0,121,,44986,18,,,0,157,,44987,18,,,0
2501,'7_1',713,,47297,18,,,0,30,,47298,18,,,0,85,,47299,18,,,0,77,,47300,18,,,0,36,,47301,18,,,0,112,,47302,18,,,0,166,,47303,18,,,0,120,,47304,18,,,0,117,,47305,18,,,0,157,,47306,18,,,0,104,,47307,18,,,0,95,,47308,18,,,0,118,,47309,18,,,0
2601,'2_6',719,,33615,6,,,0,85,,33618,6,,,0,45,,33619,6,,,0,85,,33620,6,,,0,90,,33621,6,,,0,84,,33622,6,,,0,44,,33623,6,,,0,85,,33624,6,,,0,82,,33625,6,,,0,83,,33626,6,,,0,46,,33627,6,,,0,90,,33628,6,,,0,85,,33629,6,,,0,81,,33630,6,,,0,47,,33631,6,,,0,84,,33617,6,,,0,83,,33616,6,,,0
2601,'5_5',719,,40936,6,,,0,85,,40937,6,,,0,45,,40938,6,,,0,85,,40939,6,,,0,90,,40940,6,,,0,84,,40941,6,,,0,44,,40942,6,,,0,85,,40943,6,,,0,82,,40944,6,,,0,83,,40945,6,,,0,46,,40946,6,,,0,90,,40947,6,,,0,85,,40948,6,,,0,81,,40949,6,,,0,47,,40950,6,,,0,84,,40951,6,,,0,83,,40952,6,,,0
2601,'6_1',719,,40953,6,,,0,85,,40954,6,,,0,45,,40955,6,,,0,85,,40956,6,,,0,90,,40957,6,,,0,84,,40958,6,,,0,44,,40959,6,,,0,85,,40960,6,,,0,82,,40961,6,,,0,83,,40962,6,,,0,46,,40963,6,,,0,90,,40964,6,,,0,85,,40965,6,,,0,81,,40966,6,,,0,47,,40967,6,,,0,84,,40968,6,,,0,83,,40969,6,,,0
2601,'6_2',719,,45041,6,,,0,85,,45042,6,,,0,45,,45043,6,,,0,85,,45044,6,,,0,90,,45045,6,,,0,84,,45046,6,,,0,44,,45047,6,,,0,85,,45048,6,,,0,82,,45049,6,,,0,83,,45050,6,,,0,46,,45051,6,,,0,90,,45052,6,,,0,85,,45053,6,,,0,81,,45054,6,,,0,47,,45055,6,,,0,84,,45056,6,,,0,83,,45057,6,,,0
2601,'6_3',719,,45058,6,,,0,85,,45059,6,,,0,45,,45060,6,,,0,85,,45061,6,,,0,90,,45062,6,,,0,84,,45063,6,,,0,44,,45064,6,,,0,85,,45065,6,,,0,82,,45066,6,,,0,83,,45067,6,,,0,46,,45068,6,,,0,90,,45069,6,,,0,85,,45070,6,,,0,81,,45071,6,,,0,47,,45072,6,,,0,84,,45073,6,,,0,83,,45074,6,,,0
2601,'6_4',719,,45075,6,,,0,85,,45076,6,,,0,45,,45077,6,,,0,85,,45078,6,,,0,90,,45079,6,,,0,84,,45080,6,,,0,44,,45081,6,,,0,85,,45082,6,,,0,82,,45083,6,,,0,83,,45084,6,,,0,46,,45085,6,,,0,90,,45086,6,,,0,85,,45087,6,,,0,81,,45088,6,,,0,47,,45089,6,,,0,84,,45090,6,,,0,83,,45091,6,,,0
2601,'7_1',714,,47334,6,,,0,33,,47344,6,,,0,65,,47346,6,,,0,24,,47345,6,,,0,79,,47335,6,,,0,99,,47336,6,,,0,100,,47353,6,,,0,100,,47337,6,,,0,28,,47354,6,,,0,61,,47355,6,,,0,53,,47338,6,,,0,94,,47339,6,,,0,153,,47348,6,,,0,46,,47349,6,,,0,67,,47350,6,,,0,92,,47351,6,,,0,25,,47352,6,,,0,95,,47347,6,,,0
2000001,'2_6',642,,35915,8,,,0,79,,35916,8,,,0,79,,35917,8,,,0,30,,35955,8,,,0,21,,35919,8,,,0,60,,35918,8,,,0,20,,35920,8,,,0,20,,35921,8,,,0,59,,35923,8,,,0,18,,35922,8,,,0,20,,35928,8,,,0,60,,35926,8,,,0,17,,35930,8,,,0,19,,35924,8,,,0,59,,35929,8,,,0,21,,35925,8,,,0,17,,35927,8,,,0,18,,35936,8,,,0,58,,35933,8,,,0,20,,35934,8,,,0,20,,35935,8,,,0,58,,35932,8,,,0,17,,35931,8,,,0,19,,35937,8,,,0,61,,35938,8,,,0,20,,35940,8,,,0,19,,35939,8,,,0,60,,35941,8,,,0,20,,35942,8,,,0,21,,35943,8,,,0,60,,35945,8,,,0,19,,35944,8,,,0,19,,35946,8,,,0,59,,35947,8,,,0,19,,35948,8,,,0,19,,35949,8,,,0,57,,35950,8,,,0,19,,35951,8,,,0,24,,35952,8,,,0,64,,35953,8,,,0,23,,35954,8,,,0
2000001,'3_7',812,,35973,8,,,0,40,,35956,8,,,0,80,,35957,8,,,0,80,,35958,8,,,0,40,,35959,8,,,0,80,,35960,8,,,0,80,,35961,8,,,0,40,,35962,8,,,0,80,,35964,8,,,0,80,,35963,8,,,0,40,,35965,8,,,0,80,,35966,8,,,0,80,,35967,8,,,0,40,,35968,8,,,0,80,,35970,8,,,0,80,,35969,8,,,0,40,,35971,8,,,0,80,,35972,8,,,0
2000001,'4_7',812,,47759,8,,,0,40,,47742,8,,,0,80,,47743,8,,,0,80,,47744,8,,,0,40,,47745,8,,,0,80,,47746,8,,,0,80,,47747,8,,,0,40,,47748,8,,,0,80,,47750,8,,,0,80,,47749,8,,,0,40,,47751,8,,,0,80,,47752,8,,,0,80,,47753,8,,,0,40,,47754,8,,,0,80,,47756,8,,,0,80,,47755,8,,,0,40,,47757,8,,,0,80,,47758,8,,,0
2000001,'5_5',639,,42511,8,,,0,64,,42508,8,,,0,17,,42506,8,,,0,15,,42510,8,,,0,15,,42507,8,,,0,55,,42512,8,,,0,15,,42505,8,,,0,13,,42509,8,,,0,15,,42514,8,,,0,56,,42553,8,,,0,15,,42552,8,,,0,15,,42551,8,,,0,15,,42550,8,,,0,55,,42548,8,,,0,15,,42549,8,,,0,15,,42547,8,,,0,15,,42546,8,,,0,55,,42544,8,,,0,14,,42545,8,,,0,15,,42543,8,,,0,15,,42542,8,,,0,55,,42541,8,,,0,15,,42540,8,,,0,15,,42535,8,,,0,14,,42536,8,,,0,55,,42537,8,,,0,15,,42533,8,,,0,16,,42538,8,,,0,15,,42539,8,,,0,56,,42534,8,,,0,14,,42526,8,,,0,14,,42529,8,,,0,15,,42532,8,,,0,55,,42528,8,,,0,16,,42530,8,,,0,15,,42531,8,,,0,15,,42527,8,,,0,56,,42524,8,,,0,15,,42525,8,,,0,15,,42523,8,,,0,16,,42520,8,,,0,55,,42521,8,,,0,14,,42522,8,,,0,15,,42519,8,,,0,15,,42517,8,,,0,54,,42518,8,,,0,15,,42515,8,,,0,14,,42516,8,,,0,16,,42513,8,,,0,54,,42559,8,,,0,27,,42554,8,,,0,20,,42555,8,,,0,60,,42558,8,,,0,19,,42557,8,,,0,19,,42556,8,,,0
2000001,'6_1',639,,42566,8,,,0,64,,42563,8,,,0,17,,42561,8,,,0,15,,42565,8,,,0,15,,42562,8,,,0,55,,42567,8,,,0,15,,42560,8,,,0,13,,42564,8,,,0,15,,42569,8,,,0,56,,42608,8,,,0,15,,42607,8,,,0,15,,42606,8,,,0,15,,42605,8,,,0,55,,42603,8,,,0,15,,42604,8,,,0,15,,42602,8,,,0,15,,42601,8,,,0,55,,42599,8,,,0,14,,42600,8,,,0,15,,42598,8,,,0,15,,42597,8,,,0,55,,42596,8,,,0,15,,42595,8,,,0,15,,42590,8,,,0,14,,42591,8,,,0,55,,42592,8,,,0,15,,42588,8,,,0,16,,42593,8,,,0,15,,42594,8,,,0,56,,42589,8,,,0,14,,42581,8,,,0,14,,42584,8,,,0,15,,42587,8,,,0,55,,42583,8,,,0,16,,42585,8,,,0,15,,42586,8,,,0,15,,42582,8,,,0,56,,42579,8,,,0,15,,42580,8,,,0,15,,42578,8,,,0,16,,42575,8,,,0,55,,42576,8,,,0,14,,42577,8,,,0,15,,42574,8,,,0,15,,42572,8,,,0,54,,42573,8,,,0,15,,42570,8,,,0,14,,42571,8,,,0,16,,42568,8,,,0,54,,42614,8,,,0,27,,42609,8,,,0,20,,42610,8,,,0,60,,42613,8,,,0,19,,42612,8,,,0,19,,42611,8,,,0
2000001,'6_2',639,,45920,8,,,0,64,,45917,8,,,0,17,,45915,8,,,0,15,,45919,8,,,0,15,,45916,8,,,0,55,,45921,8,,,0,15,,45914,8,,,0,13,,45918,8,,,0,15,,45923,8,,,0,56,,45962,8,,,0,15,,45961,8,,,0,15,,45960,8,,,0,15,,45959,8,,,0,55,,45957,8,,,0,15,,45958,8,,,0,15,,45956,8,,,0,15,,45955,8,,,0,55,,45953,8,,,0,14,,45954,8,,,0,15,,45952,8,,,0,15,,45951,8,,,0,55,,45950,8,,,0,15,,45949,8,,,0,15,,45944,8,,,0,14,,45945,8,,,0,55,,45946,8,,,0,15,,45942,8,,,0,16,,45947,8,,,0,15,,45948,8,,,0,56,,45943,8,,,0,14,,45935,8,,,0,14,,45938,8,,,0,15,,45941,8,,,0,55,,45937,8,,,0,16,,45939,8,,,0,15,,45940,8,,,0,15,,45936,8,,,0,56,,45933,8,,,0,15,,45934,8,,,0,15,,45932,8,,,0,16,,45929,8,,,0,55,,45930,8,,,0,14,,45931,8,,,0,15,,45928,8,,,0,15,,45926,8,,,0,54,,45927,8,,,0,15,,45924,8,,,0,14,,45925,8,,,0,16,,45922,8,,,0,54,,45968,8,,,0,27,,45963,8,,,0,20,,45964,8,,,0,60,,45967,8,,,0,19,,45966,8,,,0,19,,45965,8,,,0
2000001,'6_3',639,,45975,8,,,0,64,,45972,8,,,0,17,,45970,8,,,0,15,,45974,8,,,0,15,,45971,8,,,0,55,,45976,8,,,0,15,,45969,8,,,0,13,,45973,8,,,0,15,,45978,8,,,0,56,,46017,8,,,0,15,,46016,8,,,0,15,,46015,8,,,0,15,,46014,8,,,0,55,,46012,8,,,0,15,,46013,8,,,0,15,,46011,8,,,0,15,,46010,8,,,0,55,,46008,8,,,0,14,,46009,8,,,0,15,,46007,8,,,0,15,,46006,8,,,0,55,,46005,8,,,0,15,,46004,8,,,0,15,,45999,8,,,0,14,,46000,8,,,0,55,,46001,8,,,0,15,,45997,8,,,0,16,,46002,8,,,0,15,,46003,8,,,0,56,,45998,8,,,0,14,,45990,8,,,0,14,,45993,8,,,0,15,,45996,8,,,0,55,,45992,8,,,0,16,,45994,8,,,0,15,,45995,8,,,0,15,,45991,8,,,0,56,,45988,8,,,0,15,,45989,8,,,0,15,,45987,8,,,0,16,,45984,8,,,0,55,,45985,8,,,0,14,,45986,8,,,0,15,,45983,8,,,0,15,,45981,8,,,0,54,,45982,8,,,0,15,,45979,8,,,0,14,,45980,8,,,0,16,,45977,8,,,0,54,,46023,8,,,0,27,,46018,8,,,0,20,,46019,8,,,0,60,,46022,8,,,0,19,,46021,8,,,0,19,,46020,8,,,0
2000001,'6_4',639,,46030,8,,,0,64,,46027,8,,,0,17,,46025,8,,,0,15,,46029,8,,,0,15,,46026,8,,,0,55,,46031,8,,,0,15,,46024,8,,,0,13,,46028,8,,,0,15,,46033,8,,,0,56,,46072,8,,,0,15,,46071,8,,,0,15,,46070,8,,,0,15,,46069,8,,,0,55,,46067,8,,,0,15,,46068,8,,,0,15,,46066,8,,,0,15,,46065,8,,,0,55,,46063,8,,,0,14,,46064,8,,,0,15,,46062,8,,,0,15,,46061,8,,,0,55,,46060,8,,,0,15,,46059,8,,,0,15,,46054,8,,,0,14,,46055,8,,,0,55,,46056,8,,,0,15,,46052,8,,,0,16,,46057,8,,,0,15,,46058,8,,,0,56,,46053,8,,,0,14,,46045,8,,,0,14,,46048,8,,,0,15,,46051,8,,,0,55,,46047,8,,,0,16,,46049,8,,,0,15,,46050,8,,,0,15,,46046,8,,,0,56,,46043,8,,,0,15,,46044,8,,,0,15,,46042,8,,,0,16,,46039,8,,,0,55,,46040,8,,,0,14,,46041,8,,,0,15,,46038,8,,,0,15,,46036,8,,,0,54,,46037,8,,,0,15,,46034,8,,,0,14,,46035,8,,,0,16,,46032,8,,,0,54,,46078,8,,,0,27,,46073,8,,,0,20,,46074,8,,,0,60,,46077,8,,,0,19,,46076,8,,,0,19,,46075,8,,,0
2000001,'7_1',638,,47812,8,,,0,63,,47789,8,,,0,13,,47770,2,,,0,3,,47772,8,,,0,16,,47797,8,,,0,18,,47780,8,,,0,54,,47815,8,,,0,14,,47762,8,,,0,14,,47790,8,,,0,15,,47774,8,,,0,56,,47798,8,,,0,15,,47782,8,,,0,16,,47806,8,,,0,17,,47763,8,,,0,56,,47796,8,,,0,15,,47773,8,,,0,16,,47799,8,,,0,16,,47781,8,,,0,56,,47808,8,,,0,15,,47764,8,,,0,16,,47794,8,,,0,15,,47779,8,,,0,57,,47800,8,,,0,16,,47788,8,,,0,14,,47807,8,,,0,13,,47766,8,,,0,55,,47791,8,,,0,17,,47775,8,,,0,15,,47802,8,,,0,15,,47783,8,,,0,56,,47811,8,,,0,15,,47767,8,,,0,15,,47792,8,,,0,55,,47776,8,,,0,15,,47801,8,,,0,16,,47784,8,,,0,14,,47810,8,,,0,55,,47765,8,,,0,16,,47793,8,,,0,17,,47777,8,,,0,15,,47803,8,,,0,56,,47785,8,,,0,17,,47761,8,,,0,17,,47809,8,,,0,17,,47816,8,,,0,52,,47795,8,,,0,13,,47778,8,,,0,14,,47804,8,,,0,15,,47786,8,,,0,52,,47760,8,,,0,13,,47813,8,,,0,14,,47769,8,,,0,23,,47805,8,,,0,60,,47787,8,,,0,21,,47814,8,,,0,20,,47771,8,,,0
3000001,'2_6',644,,36698,15,,,0,80,,36699,15,,,0,84,,36700,15,,,0,37,,36701,15,,,0,61,,36702,15,,,0,19,,36703,15,,,0,21,,36704,15,,,0,60,,36705,15,,,0,20,,36706,15,,,0,20,,36707,15,,,0,60,,36708,15,,,0,19,,36709,15,,,0,21,,36710,15,,,0,61,,36711,15,,,0,19,,36712,15,,,0,19,,36713,15,,,0,60,,36714,15,,,0,20,,36715,15,,,0,20,,36716,15,,,0,61,,36717,15,,,0,20,,36718,15,,,0,20,,36719,15,,,0,61,,36720,15,,,0,20,,36721,15,,,0,20,,36722,15,,,0,60,,36723,15,,,0,20,,36724,15,,,0,21,,36725,15,,,0,60,,36726,15,,,0,20,,36727,15,,,0,19,,36728,15,,,0,59,,36729,15,,,0,20,,36730,15,,,0,20,,36731,15,,,0,58,,36732,15,,,0,32,,36734,15,,,0,68,,36735,15,,,0,30,,36733,15,,,0,69,,36736,15,,,0
3000001,'3_7',849,,36737,15,,,0,170,,36739,15,,,0,130,,36740,15,,,0,170,,36741,15,,,0,130,,36742,15,,,0,170,,36743,15,,,0,130,,36744,15,,,0,170,,36745,15,,,0,130,,36738,15,,,0
3000001,'4_7',849,,47911,15,,,0,170,,47919,15,,,0,130,,47918,15,,,0,170,,47917,15,,,0,130,,47914,15,,,0,170,,47915,15,,,0,130,,47916,15,,,0,170,,47913,15,,,0,130,,47912,15,,,0
3000001,'5_5',654,,43037,15,,,0,59,,42996,15,,,0,20,,42997,15,,,0,20,,42998,15,,,0,60,,42999,15,,,0,19,,43000,15,,,0,20,,43001,15,,,0,60,,43002,15,,,0,20,,43003,15,,,0,20,,43004,15,,,0,60,,43005,15,,,0,20,,43006,15,,,0,20,,43007,15,,,0,59,,43008,15,,,0,20,,43009,15,,,0,20,,43010,15,,,0,60,,43011,15,,,0,19,,43012,15,,,0,20,,43013,15,,,0,60,,43014,15,,,0,20,,43015,15,,,0,20,,43016,15,,,0,61,,43017,15,,,0,20,,43018,15,,,0,19,,43019,15,,,0,61,,43020,15,,,0,20,,43021,15,,,0,20,,43022,15,,,0,60,,43023,15,,,0,20,,43024,15,,,0,21,,43025,15,,,0,60,,43026,15,,,0,20,,43027,15,,,0,20,,43028,15,,,0,60,,43029,15,,,0,19,,43030,15,,,0,21,,43031,15,,,0,61,,43032,15,,,0,21,,43033,15,,,0,70,,43034,15,,,0,27,,43035,15,,,0,70,,43036,15,,,0
3000001,'6_1',654,,43079,15,,,0,59,,43038,15,,,0,20,,43039,15,,,0,20,,43040,15,,,0,60,,43041,15,,,0,19,,43042,15,,,0,20,,43043,15,,,0,60,,43044,15,,,0,20,,43045,15,,,0,20,,43046,15,,,0,60,,43047,15,,,0,20,,43048,15,,,0,20,,43049,15,,,0,59,,43050,15,,,0,20,,43051,15,,,0,20,,43052,15,,,0,60,,43053,15,,,0,19,,43054,15,,,0,20,,43055,15,,,0,60,,43056,15,,,0,20,,43057,15,,,0,20,,43058,15,,,0,61,,43059,15,,,0,20,,43060,15,,,0,19,,43061,15,,,0,61,,43062,15,,,0,20,,43063,15,,,0,20,,43064,15,,,0,60,,43065,15,,,0,20,,43066,15,,,0,21,,43067,15,,,0,60,,43068,15,,,0,20,,43069,15,,,0,20,,43070,15,,,0,60,,43071,15,,,0,19,,43072,15,,,0,21,,43073,15,,,0,61,,43074,15,,,0,21,,43075,15,,,0,70,,43076,15,,,0,27,,43077,15,,,0,70,,43078,15,,,0
3000001,'6_2',654,,46273,15,,,0,59,,46232,15,,,0,20,,46233,15,,,0,20,,46234,15,,,0,60,,46235,15,,,0,19,,46236,15,,,0,20,,46237,15,,,0,60,,46238,15,,,0,20,,46239,15,,,0,20,,46240,15,,,0,60,,46241,15,,,0,20,,46242,15,,,0,20,,46243,15,,,0,59,,46244,15,,,0,20,,46245,15,,,0,20,,46246,15,,,0,60,,46247,15,,,0,19,,46248,15,,,0,20,,46249,15,,,0,60,,46250,15,,,0,20,,46251,15,,,0,20,,46252,15,,,0,61,,46253,15,,,0,20,,46254,15,,,0,19,,46255,15,,,0,61,,46256,15,,,0,20,,46257,15,,,0,20,,46258,15,,,0,60,,46259,15,,,0,20,,46260,15,,,0,21,,46261,15,,,0,60,,46262,15,,,0,20,,46263,15,,,0,20,,46264,15,,,0,60,,46265,15,,,0,19,,46266,15,,,0,21,,46267,15,,,0,61,,46268,15,,,0,21,,46269,15,,,0,70,,46270,15,,,0,27,,46271,15,,,0,70,,46272,15,,,0
3000001,'6_3',654,,46315,15,,,0,59,,46274,15,,,0,20,,46275,15,,,0,20,,46276,15,,,0,60,,46277,15,,,0,19,,46278,15,,,0,20,,46279,15,,,0,60,,46280,15,,,0,20,,46281,15,,,0,20,,46282,15,,,0,60,,46283,15,,,0,20,,46284,15,,,0,20,,46285,15,,,0,59,,46286,15,,,0,20,,46287,15,,,0,20,,46288,15,,,0,60,,46289,15,,,0,19,,46290,15,,,0,20,,46291,15,,,0,60,,46292,15,,,0,20,,46293,15,,,0,20,,46294,15,,,0,61,,46295,15,,,0,20,,46296,15,,,0,19,,46297,15,,,0,61,,46298,15,,,0,20,,46299,15,,,0,20,,46300,15,,,0,60,,46301,15,,,0,20,,46302,15,,,0,21,,46303,15,,,0,60,,46304,15,,,0,20,,46305,15,,,0,20,,46306,15,,,0,60,,46307,15,,,0,19,,46308,15,,,0,21,,46309,15,,,0,61,,46310,15,,,0,21,,46311,15,,,0,70,,46312,15,,,0,27,,46313,15,,,0,70,,46314,15,,,0
3000001,'6_4',654,,46357,15,,,0,59,,46316,15,,,0,20,,46317,15,,,0,20,,46318,15,,,0,60,,46319,15,,,0,19,,46320,15,,,0,20,,46321,15,,,0,60,,46322,15,,,0,20,,46323,15,,,0,20,,46324,15,,,0,60,,46325,15,,,0,20,,46326,15,,,0,20,,46327,15,,,0,59,,46328,15,,,0,20,,46329,15,,,0,20,,46330,15,,,0,60,,46331,15,,,0,19,,46332,15,,,0,20,,46333,15,,,0,60,,46334,15,,,0,20,,46335,15,,,0,20,,46336,15,,,0,61,,46337,15,,,0,20,,46338,15,,,0,19,,46339,15,,,0,61,,46340,15,,,0,20,,46341,15,,,0,20,,46342,15,,,0,60,,46343,15,,,0,20,,46344,15,,,0,21,,46345,15,,,0,60,,46346,15,,,0,20,,46347,15,,,0,20,,46348,15,,,0,60,,46349,15,,,0,19,,46350,15,,,0,21,,46351,15,,,0,61,,46352,15,,,0,21,,46353,15,,,0,70,,46354,15,,,0,27,,46355,15,,,0,70,,46356,15,,,0
3000001,'7_1',651,,47961,15,,,0,59,,47920,15,,,0,20,,47921,15,,,0,22,,47922,15,,,0,60,,47923,15,,,0,20,,47924,15,,,0,20,,47925,15,,,0,60,,47926,15,,,0,20,,47927,15,,,0,20,,47928,15,,,0,60,,47929,15,,,0,20,,47930,15,,,0,20,,47931,15,,,0,59,,47932,15,,,0,19,,47933,15,,,0,21,,47934,15,,,0,60,,47935,15,,,0,21,,47936,15,,,0,20,,47937,15,,,0,59,,47938,15,,,0,20,,47939,15,,,0,20,,47940,15,,,0,61,,47941,15,,,0,20,,47942,15,,,0,20,,47943,15,,,0,61,,47944,15,,,0,22,,47945,15,,,0,20,,47946,15,,,0,60,,47947,15,,,0,19,,47948,15,,,0,23,,47949,15,,,0,62,,47950,15,,,0,19,,47951,15,,,0,19,,47952,15,,,0,56,,47953,15,,,0,18,,47954,15,,,0,22,,47955,15,,,0,60,,47956,15,,,0,22,,47957,15,,,0,66,,47958,15,,,0,29,,47959,15,,,0,71,,47960,15,,,0
