2500,'2_6',752,,33275,19,,,0,153,,33276,19,,,0,127,,33277,19,,,0,114,,33278,19,,,0,168,,33279,19,,,0,113,,33280,19,,,0,132,,33281,19,,,0,159,,33282,19,,,0,120,,33283,19,,,0,114,,33284,19,,,0
2500,'5_1',750,,37790,19,,,0,72,,37800,19,,,0,81,,37791,19,,,0,129,,37792,19,,,0,114,,37793,19,,,0,168,,37794,19,,,0,113,,37795,19,,,0,132,,37796,19,,,0,159,,37797,19,,,0,120,,37798,19,,,0,114,,37799,19,,,0
2500,'5_2',750,,40685,19,,,0,72,,40695,19,,,0,81,,40686,19,,,0,129,,40687,19,,,0,114,,40688,19,,,0,168,,40689,19,,,0,113,,40690,19,,,0,132,,40691,19,,,0,159,,40692,19,,,0,120,,40693,19,,,0,114,,40694,19,,,0
2500,'5_3',750,,40696,19,,,0,72,,40706,19,,,0,81,,40697,19,,,0,129,,40698,19,,,0,114,,40699,19,,,0,168,,40700,19,,,0,113,,40701,19,,,0,132,,40702,19,,,0,159,,40703,19,,,0,120,,40704,19,,,0,114,,40705,19,,,0
2500,'5_4',750,,40707,19,,,0,72,,40717,19,,,0,81,,40708,19,,,0,129,,40709,19,,,0,114,,40710,19,,,0,168,,40711,19,,,0,113,,40712,19,,,0,132,,40713,19,,,0,159,,40714,19,,,0,120,,40715,19,,,0,114,,40716,19,,,0
2500,'5_5',750,,40718,19,,,0,72,,40728,19,,,0,81,,40719,19,,,0,129,,40720,19,,,0,114,,40721,19,,,0,168,,40722,19,,,0,113,,40723,19,,,0,132,,40724,19,,,0,159,,40725,19,,,0,120,,40726,19,,,0,114,,40727,19,,,0
2500,'6_1',750,,40729,19,,,0,72,,40739,19,,,0,81,,40730,19,,,0,129,,40731,19,,,0,114,,40732,19,,,0,168,,40733,19,,,0,113,,40734,19,,,0,132,,40735,19,,,0,159,,40736,19,,,0,120,,40737,19,,,0,114,,40738,19,,,0
2500,'6_2',750,,44921,19,,,0,72,,44931,19,,,0,81,,44922,19,,,0,129,,44923,19,,,0,114,,44924,19,,,0,168,,44925,19,,,0,113,,44926,19,,,0,132,,44927,19,,,0,159,,44928,19,,,0,120,,44929,19,,,0,114,,44930,19,,,0
2500,'6_3',750,,44932,19,,,0,72,,44942,19,,,0,81,,44933,19,,,0,129,,44934,19,,,0,114,,44935,19,,,0,168,,44936,19,,,0,113,,44937,19,,,0,132,,44938,19,,,0,159,,44939,19,,,0,120,,44940,19,,,0,114,,44941,19,,,0
2500,'6_4',750,,44943,19,,,0,72,,44953,19,,,0,81,,44944,19,,,0,129,,44945,19,,,0,114,,44946,19,,,0,168,,44947,19,,,0,113,,44948,19,,,0,132,,44949,19,,,0,159,,44950,19,,,0,120,,44951,19,,,0,114,,44952,19,,,0
