100,'0_6',657,,62779,8,0,61 8,0,148,,62791,8,0,61 8,0,54,,62780,8,0,61 8,0,70,,62792,8,0,61 8,0,29,,62781,8,0,61 8,0,73,,62793,8,0,61 8,0,69,,62782,8,0,61 8,0,29,,62794,8,0,61 8,0,71,,62783,8,0,61 8,0,30,,62795,8,0,61 8,0,70,,62784,8,0,61 8,0,30,,62796,8,0,61 8,0,29,,62785,8,0,61 8,0,71,,62797,8,0,61 8,0,29,,62786,8,0,61 8,0,71,,62798,8,0,61 8,0,70,,62787,8,0,61 8,0,31,,62799,8,0,61 8,0,73,,62788,8,0,61 8,0,29,,62800,8,0,61 8,0,70,,62789,8,0,61 8,0,32,,62801,8,0,61 8,0,69,,62790,8,0,61 8,0
100,'1_7',904,,62802,8,0,61 8,0,105,,62807,8,0,61 8,0,106,,62803,8,0,61 8,0,104,,62808,8,0,61 8,0,90,,62804,8,0,61 8,0,100,,62809,8,0,61 8,0,105,,62805,8,0,61 8,0,104,,62810,8,0,61 8,0,106,,62806,8,0,61 8,0,106,,62811,8,0,61 8,0
100,'2_1',657,,62812,8,0,61 8,0,70,,62813,8,,,0,73,,62815,8,0,61 8,0,25,,62816,8,0,61 8,0,29,,62814,8,0,61 8,0,69,,62817,8,0,61 8,0,34,,62818,8,0,61 8,0,71,,62821,8,0,61 8,0,30,,62819,8,0,61 8,0,73,,62820,8,0,61 8,0,71,,62823,8,,,0,32,,62822,8,0,61 8,0,70,,62824,8,,,0,30,,62825,8,0,61 8,0,69,,62827,8,0,61 8,0,30,,62826,8,0,61 8,0,70,,62831,8,0,61 8,0,29,,62830,8,0,61 8,0,71,,62832,8,,,0,34,,62828,8,0,61 8,0,70,,62833,8,,,0,31,,62829,8,0,61 8,0,70,,62834,8,,,0,31,,62835,8,0,61 8,0,70,,62836,8,,,0
100,'2_2',657,,62837,8,0,61 8,0,70,,62838,8,,,0,73,,62840,8,0,61 8,0,25,,62841,8,0,61 8,0,29,,62839,8,0,61 8,0,69,,62842,8,0,61 8,0,34,,62843,8,0,61 8,0,71,,62846,8,0,61 8,0,30,,62844,8,0,61 8,0,73,,62845,8,0,61 8,0,71,,62848,8,,,0,32,,62847,8,0,61 8,0,70,,62849,8,,,0,30,,62850,8,0,61 8,0,69,,62852,8,0,61 8,0,30,,62851,8,0,61 8,0,70,,62856,8,0,61 8,0,29,,62855,8,0,61 8,0,71,,62857,8,,,0,34,,62853,8,0,61 8,0,70,,62858,8,,,0,31,,62854,8,0,61 8,0,70,,62859,8,,,0,31,,62860,8,0,61 8,0,70,,62861,8,,,0
100,'2_3',657,,62862,8,0,61 8,0,70,,62863,8,,,0,73,,62865,8,0,61 8,0,25,,62866,8,0,61 8,0,29,,62864,8,0,61 8,0,69,,62867,8,0,61 8,0,34,,62868,8,0,61 8,0,71,,62871,8,0,61 8,0,30,,62869,8,0,61 8,0,73,,62870,8,0,61 8,0,71,,62873,8,,,0,32,,62872,8,0,61 8,0,70,,62874,8,,,0,30,,62875,8,0,61 8,0,69,,62877,8,0,61 8,0,30,,62876,8,0,61 8,0,70,,62881,8,0,61 8,0,29,,62880,8,0,61 8,0,71,,62882,8,,,0,34,,62878,8,0,61 8,0,70,,62883,8,,,0,31,,62879,8,0,61 8,0,70,,62884,8,,,0,31,,62885,8,0,61 8,0,70,,62886,8,,,0
100,'2_4',657,,62887,8,0,61 8,0,70,,62888,8,,,0,73,,62890,8,0,61 8,0,25,,62891,8,0,61 8,0,29,,62889,8,0,61 8,0,69,,62892,8,0,61 8,0,34,,62893,8,0,61 8,0,71,,62896,8,0,61 8,0,30,,62894,8,0,61 8,0,73,,62895,8,0,61 8,0,71,,62898,8,,,0,32,,62897,8,0,61 8,0,70,,62899,8,,,0,30,,62900,8,0,61 8,0,69,,62902,8,0,61 8,0,30,,62901,8,0,61 8,0,70,,62906,8,0,61 8,0,29,,62905,8,0,61 8,0,71,,62907,8,,,0,34,,62903,8,0,61 8,0,70,,62908,8,,,0,31,,62904,8,0,61 8,0,70,,62909,8,,,0,31,,62910,8,0,61 8,0,70,,62911,8,,,0
100,'2_5',657,,62912,8,0,61 8,0,70,,62913,8,,,0,73,,62915,8,0,61 8,0,25,,62916,8,0,61 8,0,29,,62914,8,0,61 8,0,69,,62917,8,0,61 8,0,34,,62918,8,0,61 8,0,71,,62921,8,0,61 8,0,30,,62919,8,0,61 8,0,73,,62920,8,0,61 8,0,71,,62923,8,,,0,32,,62922,8,0,61 8,0,70,,62924,8,,,0,30,,62925,8,0,61 8,0,69,,62927,8,0,61 8,0,30,,62926,8,0,61 8,0,70,,62931,8,0,61 8,0,29,,62930,8,0,61 8,0,71,,62932,8,,,0,34,,62928,8,0,61 8,0,70,,62933,8,,,0,31,,62929,8,0,61 8,0,70,,62934,8,,,0,31,,62935,8,0,61 8,0,70,,62936,8,,,0
100,'3_1',657,,62937,8,0,61 8,0,70,,62938,8,,,0,73,,62940,8,0,61 8,0,25,,62941,8,0,61 8,0,29,,62939,8,0,61 8,0,69,,62942,8,0,61 8,0,34,,62943,8,0,61 8,0,71,,62946,8,0,61 8,0,30,,62944,8,0,61 8,0,73,,62945,8,0,61 8,0,71,,62948,8,,,0,32,,62947,8,0,61 8,0,70,,62949,8,,,0,30,,62950,8,0,61 8,0,69,,62952,8,0,61 8,0,30,,62951,8,0,61 8,0,70,,62956,8,0,61 8,0,29,,62955,8,0,61 8,0,71,,62957,8,,,0,34,,62953,8,0,61 8,0,70,,62958,8,,,0,31,,62954,8,0,61 8,0,70,,62959,8,,,0,31,,62960,8,0,61 8,0,70,,62961,8,,,0
100,'3_3',657,,62962,8,0,61 8,0,70,,62963,8,,,0,73,,62965,8,0,61 8,0,25,,62966,8,0,61 8,0,29,,62964,8,0,61 8,0,69,,62967,8,0,61 8,0,34,,62968,8,0,61 8,0,71,,62971,8,0,61 8,0,30,,62969,8,0,61 8,0,73,,62970,8,0,61 8,0,71,,62973,8,,,0,32,,62972,8,0,61 8,0,70,,62974,8,,,0,30,,62975,8,0,61 8,0,69,,62977,8,0,61 8,0,30,,62976,8,0,61 8,0,70,,62981,8,0,61 8,0,29,,62980,8,0,61 8,0,71,,62982,8,,,0,34,,62978,8,0,61 8,0,70,,62983,8,,,0,31,,62979,8,0,61 8,0,70,,62984,8,,,0,31,,62985,8,0,61 8,0,70,,62986,8,,,0
100,'3_4',657,,62987,8,0,61 8,0,70,,62988,8,,,0,73,,62990,8,0,61 8,0,25,,62991,8,0,61 8,0,29,,62989,8,0,61 8,0,69,,62992,8,0,61 8,0,34,,62993,8,0,61 8,0,71,,62996,8,0,61 8,0,30,,62994,8,0,61 8,0,73,,62995,8,0,61 8,0,71,,62998,8,,,0,32,,62997,8,0,61 8,0,70,,62999,8,,,0,30,,63000,8,0,61 8,0,69,,63002,8,0,61 8,0,30,,63001,8,0,61 8,0,70,,63006,8,0,61 8,0,29,,63005,8,0,61 8,0,71,,63007,8,,,0,34,,63003,8,0,61 8,0,70,,63008,8,,,0,31,,63004,8,0,61 8,0,70,,63009,8,,,0,31,,63010,8,0,61 8,0,70,,63011,8,,,0
100,'3_5',657,,63012,8,0,61 8,0,70,,63013,8,,,0,73,,63015,8,0,61 8,0,25,,63016,8,0,61 8,0,29,,63014,8,0,61 8,0,69,,63017,8,0,61 8,0,34,,63018,8,0,61 8,0,71,,63021,8,0,61 8,0,30,,63019,8,0,61 8,0,73,,63020,8,0,61 8,0,71,,63023,8,,,0,32,,63022,8,0,61 8,0,70,,63024,8,,,0,30,,63025,8,0,61 8,0,69,,63027,8,0,61 8,0,30,,63026,8,0,61 8,0,70,,63031,8,0,61 8,0,29,,63030,8,0,61 8,0,71,,63032,8,,,0,34,,63028,8,0,61 8,0,70,,63033,8,,,0,31,,63029,8,0,61 8,0,70,,63034,8,,,0,31,,63035,8,0,61 8,0,70,,63036,8,,,0
100,'4_7',904,,63037,8,0,61 8,0,105,,63042,8,0,61 8,0,106,,63038,8,0,61 8,0,104,,63043,8,0,61 8,0,90,,63039,8,0,61 8,0,100,,63044,8,0,61 8,0,105,,63040,8,0,61 8,0,104,,63045,8,0,61 8,0,106,,63041,8,0,61 8,0,106,,63046,8,0,61 8,0
