200,'0_5',728,,758,0,35 27 36 37,0,5,,760,0,38 39,0,21,,759,0,38 39,0,60,,754,0,40,0,15,,751,0,35 27 36 37,0,15,,755,0,38 39,0,84,,753,0,40,0,16,,752,0,35 27 36 37,0,91,,750,0,40,0,69,,744,0,35 27 36 37,0,39,,742,0,40,0,75,,745,0,35 27 36 37,0,26,,743,0,40,0,60,,746,0,35 27 36 37,0,25,,737,0,40,0,25,,735,0,35 27 36 37,0,70,,739,0,40,0,30,,736,0,35 27 36 37,0,70,,738,0,40,0,25,,741,0,38 39,0,68,,740,0,35 27 36 37,0,18,,731,0,40,0,15,,734,0,38 39,0,71,,732,0,35 27 36 37,0,9,,733,0,38 39,0,10,,730,0,40,0,15,,728,0,38 39,0,61,,725,0,35 27 36 37,0,14,,726,0,38 39,0,15,,727,0,40,0,14,,729,0,38 39,0,60,,722,0,38 39,0,15,,723,0,35 27 36 37,0,10,,724,0,40,0
200,'1_6',723,,761,0,40,0,31,,772,0,35 27 36 37,0,60,,784,0,38 39,0,20,,762,0,40,0,24,,773,0,35 27 36 37,0,60,,785,0,38 39,0,22,,763,0,40,0,64,,774,0,35 27 36 37,0,20,,786,0,38 39,0,21,,764,0,40,0,65,,775,0,35 27 36 37,0,22,,787,0,38 39,0,23,,765,0,40,0,64,,776,0,35 27 36 37,0,20,,788,0,38 39,0,20,,766,0,40,0,60,,777,0,35 27 36 37,0,20,,789,0,38 39,0,20,,767,0,40,0,60,,778,0,35 27 36 37,0,21,,790,0,38 39,0,61,,768,0,40,0,21,,779,0,35 27 36 37,0,21,,791,0,38 39,0,64,,769,0,40,0,27,,780,0,35 27 36 37,0,18,,792,0,38 39,0,59,,770,0,40,0,24,,781,0,35 27 36 37,0,18,,793,0,38 39,0,57,,771,0,40,0,20,,795,0,35 27 36 37,0,25,,794,0,38 39,0,66,,782,0,35 27 36 37,0,23,,783,0,40,0
200,'2_7',948,,796,0,38 39,0,165,,797,0,38 39,0,125,,798,0,38 39,0,110,,799,0,38 39,0,165,,800,0,38 39,0,125,,801,0,38 39,0,165,,802,0,38 39,0,125,,803,0,38 39,0
200,'3_1',728,,840,0,35 27 36 37,0,5,,842,0,38 39,0,21,,841,0,38 39,0,60,,836,0,40,0,15,,833,0,35 27 36 37,0,15,,837,0,38 39,0,84,,835,0,40,0,16,,834,0,35 27 36 37,0,91,,832,0,40,0,69,,826,0,35 27 36 37,0,39,,824,0,40,0,75,,827,0,35 27 36 37,0,26,,825,0,40,0,60,,828,0,35 27 36 37,0,25,,819,0,40,0,25,,817,0,35 27 36 37,0,70,,821,0,40,0,30,,818,0,35 27 36 37,0,70,,820,0,40,0,25,,823,0,38 39,0,68,,822,0,35 27 36 37,0,18,,813,0,40,0,15,,816,0,38 39,0,71,,814,0,35 27 36 37,0,9,,815,0,38 39,0,10,,812,0,40,0,15,,810,0,38 39,0,61,,807,0,35 27 36 37,0,14,,808,0,38 39,0,15,,809,0,40,0,14,,811,0,38 39,0,60,,804,0,38 39,0,15,,805,0,35 27 36 37,0,10,,806,0,40,0
200,'3_2',728,,879,0,35 27 36 37,0,5,,881,0,38 39,0,21,,880,0,38 39,0,60,,875,0,40,0,15,,872,0,35 27 36 37,0,15,,876,0,38 39,0,84,,874,0,40,0,16,,873,0,35 27 36 37,0,91,,871,0,40,0,69,,865,0,35 27 36 37,0,39,,863,0,40,0,75,,866,0,35 27 36 37,0,26,,864,0,40,0,60,,867,0,35 27 36 37,0,25,,858,0,40,0,25,,856,0,35 27 36 37,0,70,,860,0,40,0,30,,857,0,35 27 36 37,0,70,,859,0,40,0,25,,862,0,38 39,0,68,,861,0,35 27 36 37,0,18,,852,0,40,0,15,,855,0,38 39,0,71,,853,0,35 27 36 37,0,9,,854,0,38 39,0,10,,851,0,40,0,15,,849,0,38 39,0,61,,846,0,35 27 36 37,0,14,,847,0,38 39,0,15,,848,0,40,0,14,,850,0,38 39,0,60,,843,0,38 39,0,15,,844,0,35 27 36 37,0,10,,845,0,40,0
200,'3_3',728,,918,0,35 27 36 37,0,5,,920,0,38 39,0,21,,919,0,38 39,0,60,,914,0,40,0,15,,911,0,35 27 36 37,0,15,,915,0,38 39,0,84,,913,0,40,0,16,,912,0,35 27 36 37,0,91,,910,0,40,0,69,,904,0,35 27 36 37,0,39,,902,0,40,0,75,,905,0,35 27 36 37,0,26,,903,0,40,0,60,,906,0,35 27 36 37,0,25,,897,0,40,0,25,,895,0,35 27 36 37,0,70,,899,0,40,0,30,,896,0,35 27 36 37,0,70,,898,0,40,0,25,,901,0,38 39,0,68,,900,0,35 27 36 37,0,18,,891,0,40,0,15,,894,0,38 39,0,71,,892,0,35 27 36 37,0,9,,893,0,38 39,0,10,,890,0,40,0,15,,888,0,38 39,0,61,,885,0,35 27 36 37,0,14,,886,0,38 39,0,15,,887,0,40,0,14,,889,0,38 39,0,60,,882,0,38 39,0,15,,883,0,35 27 36 37,0,10,,884,0,40,0
200,'3_4',728,,957,0,35 27 36 37,0,5,,959,0,38 39,0,21,,958,0,38 39,0,60,,953,0,40,0,15,,950,0,35 27 36 37,0,15,,954,0,38 39,0,84,,952,0,40,0,16,,951,0,35 27 36 37,0,91,,949,0,40,0,69,,943,0,35 27 36 37,0,39,,941,0,40,0,75,,944,0,35 27 36 37,0,26,,942,0,40,0,60,,945,0,35 27 36 37,0,25,,936,0,40,0,25,,934,0,35 27 36 37,0,70,,938,0,40,0,30,,935,0,35 27 36 37,0,70,,937,0,40,0,25,,940,0,38 39,0,68,,939,0,35 27 36 37,0,18,,930,0,40,0,15,,933,0,38 39,0,71,,931,0,35 27 36 37,0,9,,932,0,38 39,0,10,,929,0,40,0,15,,927,0,38 39,0,61,,924,0,35 27 36 37,0,14,,925,0,38 39,0,15,,926,0,40,0,14,,928,0,38 39,0,60,,921,0,38 39,0,15,,922,0,35 27 36 37,0,10,,923,0,40,0
200,'3_5',728,,996,0,35 27 36 37,0,5,,998,0,38 39,0,21,,997,0,38 39,0,60,,992,0,40,0,15,,989,0,35 27 36 37,0,15,,993,0,38 39,0,84,,991,0,40,0,16,,990,0,35 27 36 37,0,91,,988,0,40,0,69,,982,0,35 27 36 37,0,39,,980,0,40,0,75,,983,0,35 27 36 37,0,26,,981,0,40,0,60,,984,0,35 27 36 37,0,25,,975,0,40,0,25,,973,0,35 27 36 37,0,70,,977,0,40,0,30,,974,0,35 27 36 37,0,70,,976,0,40,0,25,,979,0,38 39,0,68,,978,0,35 27 36 37,0,18,,969,0,40,0,15,,972,0,38 39,0,71,,970,0,35 27 36 37,0,9,,971,0,38 39,0,10,,968,0,40,0,15,,966,0,38 39,0,61,,963,0,35 27 36 37,0,14,,964,0,38 39,0,15,,965,0,40,0,14,,967,0,38 39,0,60,,960,0,38 39,0,15,,961,0,35 27 36 37,0,10,,962,0,40,0
200,'4_7',948,,999,0,38 39,0,165,,1000,0,38 39,0,125,,1001,0,38 39,0,110,,1002,0,38 39,0,165,,1003,0,38 39,0,125,,1004,0,38 39,0,165,,1005,0,38 39,0,125,,1006,0,38 39,0
200,'5_1',730,,1007,0,35 27 36 37,0,5,,1039,0,38 39,0,21,,1040,0,38 39,0,60,,1034,0,40,0,15,,1014,0,35 27 36 37,0,15,,1041,0,38 39,0,83,,1035,0,40,0,16,,1018,0,35 27 36 37,0,90,,1021,0,40,0,69,,1009,0,35 27 36 37,0,40,,1022,0,40,0,74,,1029,0,35 27 36 37,0,26,,1019,0,40,0,60,,1030,0,35 27 36 37,0,27,,1024,0,40,0,25,,1010,0,35 27 36 37,0,70,,1023,0,40,0,30,,1031,0,35 27 36 37,0,70,,1020,0,40,0,25,,1037,0,38 39,0,67,,1032,0,35 27 36 37,0,18,,1038,0,40,0,15,,1042,0,38 39,0,73,,1011,0,35 27 36 37,0,9,,1043,0,38 39,0,10,,1025,0,40,0,14,,1015,0,38 39,0,60,,1033,0,35 27 36 37,0,13,,1016,0,38 39,0,15,,1026,0,40,0,14,,1044,0,38 39,0,60,,1017,0,38 39,0,15,,1012,0,35 27 36 37,0,10,,1027,0,40,0
200,'5_2',730,,1046,0,35 27 36 37,0,5,,1078,0,38 39,0,21,,1079,0,38 39,0,60,,1073,0,40,0,15,,1053,0,35 27 36 37,0,15,,1080,0,38 39,0,83,,1074,0,40,0,16,,1057,0,35 27 36 37,0,90,,1060,0,40,0,69,,1048,0,35 27 36 37,0,40,,1061,0,40,0,74,,1068,0,35 27 36 37,0,26,,1058,0,40,0,60,,1069,0,35 27 36 37,0,27,,1063,0,40,0,25,,1049,0,35 27 36 37,0,70,,1062,0,40,0,30,,1070,0,35 27 36 37,0,70,,1059,0,40,0,25,,1076,0,38 39,0,67,,1071,0,35 27 36 37,0,18,,1077,0,40,0,15,,1081,0,38 39,0,73,,1050,0,35 27 36 37,0,9,,1082,0,38 39,0,10,,1064,0,40,0,14,,1054,0,38 39,0,60,,1072,0,35 27 36 37,0,13,,1055,0,38 39,0,15,,1065,0,40,0,14,,1083,0,38 39,0,60,,1056,0,38 39,0,15,,1051,0,35 27 36 37,0,10,,1066,0,40,0
200,'5_4',730,,12462,0,35 27 36 37,0,5,,12494,0,38 39,0,21,,12495,0,38 39,0,60,,12489,0,40,0,15,,12469,0,35 27 36 37,0,15,,12496,0,38 39,0,83,,12490,0,40,0,16,,12473,0,35 27 36 37,0,90,,12476,0,40,0,69,,12464,0,35 27 36 37,0,40,,12477,0,40,0,74,,12484,0,35 27 36 37,0,26,,12474,0,40,0,60,,12485,0,35 27 36 37,0,27,,12479,0,40,0,25,,12465,0,35 27 36 37,0,70,,12478,0,40,0,30,,12486,0,35 27 36 37,0,70,,12475,0,40,0,25,,12492,0,38 39,0,67,,12487,0,35 27 36 37,0,18,,12493,0,40,0,15,,12497,0,38 39,0,73,,12466,0,35 27 36 37,0,9,,12498,0,38 39,0,10,,12480,0,40,0,14,,12470,0,38 39,0,60,,12488,0,35 27 36 37,0,13,,12471,0,38 39,0,15,,12481,0,40,0,14,,12499,0,38 39,0,60,,12472,0,38 39,0,15,,12467,0,35 27 36 37,0,10,,12482,0,40,0
200,'6_3',730,,1085,0,35 27 36 37,0,5,,1117,0,38 39,0,21,,1118,0,38 39,0,60,,1112,0,40,0,15,,1092,0,35 27 36 37,0,15,,1119,0,38 39,0,83,,1113,0,40,0,16,,1096,0,35 27 36 37,0,90,,1099,0,40,0,69,,1087,0,35 27 36 37,0,40,,1100,0,40,0,74,,1107,0,35 27 36 37,0,26,,1097,0,40,0,60,,1108,0,35 27 36 37,0,27,,1102,0,40,0,25,,1088,0,35 27 36 37,0,70,,1101,0,40,0,30,,1109,0,35 27 36 37,0,70,,1098,0,40,0,25,,1115,0,38 39,0,67,,1110,0,35 27 36 37,0,18,,1116,0,40,0,15,,1120,0,38 39,0,73,,1089,0,35 27 36 37,0,9,,1121,0,38 39,0,10,,1103,0,40,0,14,,1093,0,38 39,0,60,,1111,0,35 27 36 37,0,13,,1094,0,38 39,0,15,,1104,0,40,0,14,,1122,0,38 39,0,60,,1095,0,38 39,0,15,,1090,0,35 27 36 37,0,10,,1105,0,40,0
