700,'S2-1_6',731,,24176,23,,,0,110,,24177,23,,,0,112,,24178,23,,,0,150,,24179,23,,,0,110,,24180,23,,,0,110,,24181,23,,,0,111,,24182,23,,,0,109,,24183,23,,,0,111,,24184,23,,,0,150,,24174,23,,,0,107,,24175,23,,,0
700,'S2-5_1',733,,24185,23,,,0,110,,24187,23,,,0,111,,24188,23,,,0,150,,24189,23,,,0,110,,24190,23,,,0,110,,24191,23,,,0,110,,24192,23,,,0,110,,24193,23,,,0,113,,24194,23,,,0,150,,24195,23,,,0,105,,24186,23,,,0
700,'S2-5_2',733,,24196,23,,,0,110,,24198,23,,,0,111,,24199,23,,,0,150,,24200,23,,,0,110,,24201,23,,,0,110,,24202,23,,,0,110,,24203,23,,,0,110,,24204,23,,,0,113,,24205,23,,,0,150,,24206,23,,,0,105,,24197,23,,,0
700,'S2-5_4',733,,24207,23,,,0,110,,24209,23,,,0,111,,24210,23,,,0,150,,24211,23,,,0,110,,24212,23,,,0,110,,24213,23,,,0,110,,24214,23,,,0,110,,24215,23,,,0,113,,24216,23,,,0,150,,24217,23,,,0,105,,24208,23,,,0
700,'S2-5_5',733,,24218,23,,,0,110,,24220,23,,,0,111,,24221,23,,,0,150,,24222,23,,,0,110,,24223,23,,,0,110,,24224,23,,,0,110,,24225,23,,,0,110,,24226,23,,,0,113,,24227,23,,,0,150,,24228,23,,,0,105,,24219,23,,,0
700,'S2-6_3',733,,24229,23,,,0,110,,24231,23,,,0,111,,24232,23,,,0,150,,24233,23,,,0,110,,24234,23,,,0,110,,24235,23,,,0,110,,24236,23,,,0,110,,24237,23,,,0,113,,24238,23,,,0,150,,24239,23,,,0,105,,24230,23,,,0
2400,'S2-5_1',742,,25518,19,,,0,868,,25519,14,,,0,104,,25520,14,,,0,94,,25521,14,,,0
2400,'S2-5_2',742,,25522,19,,,0,868,,25523,14,,,0,104,,25524,14,,,0,94,,25525,14,,,0
2400,'S2-5_4',742,,25526,19,,,0,868,,25527,14,,,0,104,,25528,14,,,0,94,,25529,14,,,0
2400,'S2-5_5',742,,25530,19,,,0,868,,25531,14,,,0,104,,25532,14,,,0,94,,25533,14,,,0
2400,'S2-6_3',742,,25534,19,,,0,490,,25535,14,,,0
