1500,'2509-HIV-25j05H-d-Dimanche-00',855,,3141,0,48,0,276,,3142,0,48,0,300,,3143,0,48,0,328,,3144,0,48,0
1500,'2509-HIV-25j26H-d-Dimanche-00',855,,3145,0,48,0,276,,3146,0,48,0,300,,3147,0,48,0,328,,3148,0,48,0
1500,'2509-HIV-25k03H-s-Samedi-00',741,,3150,0,48,0,61,,3151,0,48,0,114,,3152,0,48,0,117,,3153,0,48,0,118,,3154,0,48,0,80,,3155,0,48,0,75,,3156,0,48,0,97,,3157,0,48,0,119,,3149,4,,0,103,,3158,0,48,0,109,,3159,0,48,0,98,,3160,0,48,0,110,,3161,0,48,0
1500,'2509-HIV-25l22Vlv-Semaine-00',741,,3163,0,48,0,61,,3164,0,48,0,114,,3165,0,48,0,117,,3166,0,48,0,118,,3167,0,48,0,80,,3168,0,48,0,75,,3169,0,48,0,97,,3170,0,48,0,119,,3162,4,,0,103,,3171,0,48,0,109,,3172,0,48,0,98,,3173,0,48,0,110,,3174,0,48,0
1500,'2509-HIV-26a05H-s-Samedi-00',741,,3176,0,48,0,61,,3177,0,48,0,114,,3178,0,48,0,117,,3179,0,48,0,118,,3180,0,48,0,80,,3181,0,48,0,75,,3182,0,48,0,97,,3183,0,48,0,119,,3175,4,,0,103,,3184,0,48,0,109,,3185,0,48,0,98,,3186,0,48,0,110,,3187,0,48,0
1500,'2509-HIV-26a05H-w-Mercredi-00',741,,3189,0,48,0,61,,3190,0,48,0,114,,3191,0,48,0,117,,3192,0,48,0,118,,3193,0,48,0,80,,3194,0,48,0,75,,3195,0,48,0,97,,3196,0,48,0,119,,3188,4,,0,103,,3197,0,48,0,109,,3198,0,48,0,98,,3199,0,48,0,110,,3200,0,48,0
1500,'2509-HIV-26a05Hlv-L-Ma-J-V-00',741,,3202,0,48,0,61,,3203,0,48,0,114,,3204,0,48,0,117,,3205,0,48,0,118,,3206,0,48,0,80,,3207,0,48,0,75,,3208,0,48,0,97,,3209,0,48,0,119,,3201,4,,0,103,,3210,0,48,0,109,,3211,0,48,0,98,,3212,0,48,0,110,,3213,0,48,0
1500,'2509-HIV-26b23Vlv-Semaine-00',741,,3215,0,48,0,61,,3216,0,48,0,114,,3217,0,48,0,117,,3218,0,48,0,118,,3219,0,48,0,80,,3220,0,48,0,75,,3221,0,48,0,97,,3222,0,48,0,119,,3214,4,,0,103,,3223,0,48,0,109,,3224,0,48,0,98,,3225,0,48,0,110,,3226,0,48,0
1500,'2509-HIV-26c02Vlv-Semaine-00',741,,3228,0,48,0,61,,3229,0,48,0,114,,3230,0,48,0,117,,3231,0,48,0,118,,3232,0,48,0,80,,3233,0,48,0,75,,3234,0,48,0,97,,3235,0,48,0,119,,3227,4,,0,103,,3236,0,48,0,109,,3237,0,48,0,98,,3238,0,48,0,110,,3239,0,48,0
2000,'2509-HIV-25j05H-d-Dimanche-00',932,,3613,,,0,904,,3614,,,0
2000,'2509-HIV-25j26H-d-Dimanche-00',932,,3615,,,0,904,,3616,,,0
2000,'2509-HIV-26a05H-w-Mercredi-00',1654,,3617,,,0,146,,3618,,,0,50,,3619,,,0
2000,'2509-HIV-26a05H-w-Mercredi-00-0010000',1253,,3620,,,0
2000,'2509-HIV-26a05Hlv-L-Ma-J-V-00',1654,,3621,,,0,146,,3622,,,0,50,,3623,,,0
