1501,'2_6',647,,32642,1,,,0,58,,32643,1,,,0,95,,32644,1,,,0,21,,32645,1,,,0,117,,32646,1,,,0,116,,32647,1,,,0,158,,32648,1,,,0,94,,32649,1,,,0,119,,32650,1,,,0,222,,32651,1,,,0,110,,32652,1,,,0,95,,32653,1,,,0
1501,'5_1',647,,37753,1,,,0,58,,37754,1,,,0,95,,37755,1,,,0,21,,37756,1,,,0,117,,37757,1,,,0,116,,37758,1,,,0,158,,37759,1,,,0,94,,37760,1,,,0,119,,37761,1,,,0,222,,37762,1,,,0,110,,37763,1,,,0,95,,37764,1,,,0
1501,'5_2',647,,40493,1,,,0,58,,40494,1,,,0,95,,40495,1,,,0,21,,40496,1,,,0,117,,40497,1,,,0,116,,40498,1,,,0,158,,40499,1,,,0,94,,40500,1,,,0,119,,40501,1,,,0,222,,40502,1,,,0,110,,40503,1,,,0,95,,40504,1,,,0
1501,'5_3',647,,40506,1,,,0,58,,40507,1,,,0,95,,40508,1,,,0,21,,40509,1,,,0,117,,40510,1,,,0,116,,40511,1,,,0,158,,40512,1,,,0,94,,40513,1,,,0,119,,40514,1,,,0,222,,40515,1,,,0,110,,40516,1,,,0,95,,40517,1,,,0
1501,'5_4',647,,40519,1,,,0,58,,40520,1,,,0,95,,40521,1,,,0,21,,40522,1,,,0,117,,40523,1,,,0,116,,40524,1,,,0,158,,40525,1,,,0,94,,40526,1,,,0,119,,40527,1,,,0,222,,40528,1,,,0,110,,40529,1,,,0,95,,40530,1,,,0
1501,'5_5',647,,40532,1,,,0,58,,40533,1,,,0,95,,40534,1,,,0,21,,40535,1,,,0,117,,40536,1,,,0,116,,40537,1,,,0,158,,40538,1,,,0,94,,40539,1,,,0,119,,40540,1,,,0,222,,40541,1,,,0,110,,40542,1,,,0,95,,40543,1,,,0
1501,'6_1',647,,40545,1,,,0,58,,40546,1,,,0,95,,40547,1,,,0,21,,40548,1,,,0,117,,40549,1,,,0,116,,40550,1,,,0,158,,40551,1,,,0,94,,40552,1,,,0,119,,40553,1,,,0,222,,40554,1,,,0,110,,40555,1,,,0,95,,40556,1,,,0
1501,'6_2',647,,44802,1,,,0,58,,44803,1,,,0,95,,44804,1,,,0,21,,44805,1,,,0,117,,44806,1,,,0,116,,44807,1,,,0,158,,44808,1,,,0,94,,44809,1,,,0,119,,44810,1,,,0,222,,44811,1,,,0,110,,44812,1,,,0,95,,44813,1,,,0
1501,'6_3',647,,44815,1,,,0,58,,44816,1,,,0,95,,44817,1,,,0,21,,44818,1,,,0,117,,44819,1,,,0,116,,44820,1,,,0,158,,44821,1,,,0,94,,44822,1,,,0,119,,44823,1,,,0,222,,44824,1,,,0,110,,44825,1,,,0,95,,44826,1,,,0
1501,'6_4',647,,44828,1,,,0,58,,44829,1,,,0,95,,44830,1,,,0,21,,44831,1,,,0,117,,44832,1,,,0,116,,44833,1,,,0,158,,44834,1,,,0,94,,44835,1,,,0,119,,44836,1,,,0,222,,44837,1,,,0,110,,44838,1,,,0,95,,44839,1,,,0
