301,'S2-0_6',715,,55078,30,,,0,33,,55079,30,,,0,73,,55080,30,,,0,33,,55081,30,,,0,72,,55082,30,,,0,74,,55083,30,,,0,33,,55084,30,,,0,72,,55085,30,,,0,33,,55086,30,,,0,72,,55087,30,,,0,32,,55088,30,,,0,73,,55053,30,,,0,27,,55054,30,,,0,69,,55055,30,,,0,26,,55056,30,,,0,68,,55057,30,,,0,27,,55058,30,,,0,69,,55059,30,,,0,28,,55077,30,,,0,26,,55060,30,,,0,72,,55061,30,,,0,74,,55062,30,,,0,28,,55063,30,,,0,27,,55064,30,,,0,65,,55065,30,,,0,25,,55066,30,,,0,65,,55067,30,,,0,27,,55089,30,,,0,65,,55068,30,,,0
301,'S2-1_7',821,,55111,30,,,0,33,,55106,30,,,0,72,,55112,30,,,0,74,,55107,30,,,0,33,,55113,30,,,0,72,,55108,30,,,0,33,,55114,30,,,0,72,,55109,30,,,0,32,,55115,30,,,0,73,,55090,30,,,0,27,,55091,30,,,0,69,,55092,30,,,0,26,,55093,30,,,0,68,,55094,30,,,0,27,,55095,30,,,0,69,,55096,30,,,0,28,,55116,30,,,0,26,,55097,30,,,0,72,,55098,30,,,0,74,,55099,30,,,0,28,,55100,30,,,0,27,,55101,30,,,0,65,,55102,30,,,0,25,,55103,30,,,0,65,,55104,30,,,0,27,,55110,30,,,0,65,,55105,30,,,0
301,'S2-2_1',715,,55134,30,,,0,33,,55135,30,,,0,73,,55136,30,,,0,33,,55137,30,,,0,72,,55138,30,,,0,74,,55139,30,,,0,33,,55140,30,,,0,72,,55141,30,,,0,33,,55142,30,,,0,72,,55143,30,,,0,32,,55144,30,,,0,73,,55117,30,,,0,27,,55118,30,,,0,69,,55119,30,,,0,26,,55120,30,,,0,68,,55121,30,,,0,27,,55122,30,,,0,69,,55123,30,,,0,28,,55133,30,,,0,26,,55124,30,,,0,72,,55125,30,,,0,74,,55126,30,,,0,28,,55127,30,,,0,27,,55128,30,,,0,65,,55129,30,,,0,25,,55130,30,,,0,65,,55131,30,,,0,27,,55145,30,,,0,65,,55132,30,,,0
301,'S2-2_2',715,,55163,30,,,0,33,,55164,30,,,0,73,,55165,30,,,0,33,,55166,30,,,0,72,,55167,30,,,0,74,,55168,30,,,0,33,,55169,30,,,0,72,,55170,30,,,0,33,,55171,30,,,0,72,,55172,30,,,0,32,,55173,30,,,0,73,,55146,30,,,0,27,,55147,30,,,0,69,,55148,30,,,0,26,,55149,30,,,0,68,,55150,30,,,0,27,,55151,30,,,0,69,,55152,30,,,0,28,,55162,30,,,0,26,,55153,30,,,0,72,,55154,30,,,0,74,,55155,30,,,0,28,,55156,30,,,0,27,,55157,30,,,0,65,,55158,30,,,0,25,,55159,30,,,0,65,,55160,30,,,0,27,,55174,30,,,0,65,,55161,30,,,0
301,'S2-2_3',715,,55192,30,,,0,33,,55193,30,,,0,73,,55194,30,,,0,33,,55195,30,,,0,72,,55196,30,,,0,74,,55197,30,,,0,33,,55198,30,,,0,72,,55199,30,,,0,33,,55200,30,,,0,72,,55201,30,,,0,32,,55202,30,,,0,73,,55175,30,,,0,27,,55176,30,,,0,69,,55177,30,,,0,26,,55178,30,,,0,68,,55179,30,,,0,27,,55180,30,,,0,69,,55181,30,,,0,28,,55191,30,,,0,26,,55182,30,,,0,72,,55183,30,,,0,74,,55184,30,,,0,28,,55185,30,,,0,27,,55186,30,,,0,65,,55187,30,,,0,25,,55188,30,,,0,65,,55189,30,,,0,27,,55203,30,,,0,65,,55190,30,,,0
301,'S2-2_4',715,,55221,30,,,0,33,,55222,30,,,0,73,,55223,30,,,0,33,,55224,30,,,0,72,,55225,30,,,0,74,,55226,30,,,0,33,,55227,30,,,0,72,,55228,30,,,0,33,,55229,30,,,0,72,,55230,30,,,0,32,,55231,30,,,0,73,,55204,30,,,0,27,,55205,30,,,0,69,,55206,30,,,0,26,,55207,30,,,0,68,,55208,30,,,0,27,,55209,30,,,0,69,,55210,30,,,0,28,,55220,30,,,0,26,,55211,30,,,0,72,,55212,30,,,0,74,,55213,30,,,0,28,,55214,30,,,0,27,,55215,30,,,0,65,,55216,30,,,0,25,,55217,30,,,0,65,,55218,30,,,0,27,,55232,30,,,0,65,,55219,30,,,0
301,'S2-2_5',715,,55258,30,,,0,33,,55259,30,,,0,73,,55260,30,,,0,33,,55261,30,,,0,72,,55262,30,,,0,74,,55263,30,,,0,33,,55264,30,,,0,72,,55265,30,,,0,33,,55266,30,,,0,72,,55267,30,,,0,32,,55268,30,,,0,73,,55233,30,,,0,27,,55234,30,,,0,69,,55235,30,,,0,26,,55236,30,,,0,68,,55237,30,,,0,27,,55238,30,,,0,69,,55239,30,,,0,28,,55257,30,,,0,26,,55240,30,,,0,72,,55241,30,,,0,74,,55242,30,,,0,28,,55243,30,,,0,27,,55244,30,,,0,65,,55245,30,,,0,25,,55246,30,,,0,65,,55247,30,,,0,27,,55269,30,,,0,65,,55248,30,,,0
301,'S2-3_1',715,,55287,30,,,0,33,,55288,30,,,0,73,,55289,30,,,0,33,,55290,30,,,0,72,,55291,30,,,0,74,,55292,30,,,0,33,,55293,30,,,0,72,,55294,30,,,0,33,,55295,30,,,0,72,,55296,30,,,0,32,,55297,30,,,0,73,,55270,30,,,0,27,,55271,30,,,0,69,,55272,30,,,0,26,,55273,30,,,0,68,,55274,30,,,0,27,,55275,30,,,0,69,,55276,30,,,0,28,,55286,30,,,0,26,,55277,30,,,0,72,,55278,30,,,0,74,,55279,30,,,0,28,,55280,30,,,0,27,,55281,30,,,0,65,,55282,30,,,0,25,,55283,30,,,0,65,,55284,30,,,0,27,,55298,30,,,0,65,,55285,30,,,0
301,'S2-3_3',715,,55316,30,,,0,33,,55317,30,,,0,73,,55318,30,,,0,33,,55319,30,,,0,72,,55320,30,,,0,74,,55321,30,,,0,33,,55322,30,,,0,72,,55323,30,,,0,33,,55324,30,,,0,72,,55325,30,,,0,32,,55326,30,,,0,73,,55299,30,,,0,27,,55300,30,,,0,69,,55301,30,,,0,26,,55302,30,,,0,68,,55303,30,,,0,27,,55304,30,,,0,69,,55305,30,,,0,28,,55315,30,,,0,26,,55306,30,,,0,72,,55307,30,,,0,74,,55308,30,,,0,28,,55309,30,,,0,27,,55310,30,,,0,65,,55311,30,,,0,25,,55312,30,,,0,65,,55313,30,,,0,27,,55327,30,,,0,65,,55314,30,,,0
301,'S2-3_4',715,,55345,30,,,0,33,,55346,30,,,0,73,,55347,30,,,0,33,,55348,30,,,0,72,,55349,30,,,0,74,,55350,30,,,0,33,,55351,30,,,0,72,,55352,30,,,0,33,,55353,30,,,0,72,,55354,30,,,0,32,,55355,30,,,0,73,,55328,30,,,0,27,,55329,30,,,0,69,,55330,30,,,0,26,,55331,30,,,0,68,,55332,30,,,0,27,,55333,30,,,0,69,,55334,30,,,0,28,,55344,30,,,0,26,,55335,30,,,0,72,,55336,30,,,0,74,,55337,30,,,0,28,,55338,30,,,0,27,,55339,30,,,0,65,,55340,30,,,0,25,,55341,30,,,0,65,,55342,30,,,0,27,,55356,30,,,0,65,,55343,30,,,0
301,'S2-4_7',715,,55374,30,,,0,33,,55375,30,,,0,73,,55376,30,,,0,33,,55377,30,,,0,72,,55378,30,,,0,74,,55379,30,,,0,33,,55380,30,,,0,72,,55381,30,,,0,33,,55382,30,,,0,72,,55383,30,,,0,32,,55384,30,,,0,73,,55357,30,,,0,27,,55358,30,,,0,69,,55359,30,,,0,26,,55360,30,,,0,68,,55361,30,,,0,27,,55362,30,,,0,69,,55363,30,,,0,28,,55373,30,,,0,26,,55364,30,,,0,72,,55365,30,,,0,74,,55366,30,,,0,28,,55367,30,,,0,27,,55368,30,,,0,65,,55369,30,,,0,25,,55370,30,,,0,65,,55371,30,,,0,27,,55385,30,,,0,65,,55372,30,,,0
