1001,'S2-0_6',735,,57271,26,0,61 65,0,102,,57281,29,,,0,112,,57272,29,0,61 65,0,152,,57282,32,,,0,142,,57283,32,,,0,88,,57278,32,0,61 65,0,91,,57273,29,0,61 65,0,101,,57284,32,,,0,105,,57274,29,0,61 65,0,95,,57275,29,0,61 65,0,108,,57285,29,,,0,96,,57279,32,0,61 65,0,111,,57280,32,0,61 65,0,85,,57276,29,0,61 65,0,100,,57277,29,0,61 65,0
1001,'S2-1_7',1001,,57286,29,,,0,321,,57287,29,,,0,408,,57288,29,,,0,310,,57289,29,0,61 65,0
1001,'S2-2_1',831,,57290,29,,,0,113,,57291,32,0,61 65,0,94,,57297,27,,,0,117,,57292,32,0,61 65,0,96,,57298,27,0,61 65,0,99,,57295,30,,,0,105,,57299,29,0,61 65,0,94,,57296,30,,,0,164,,57300,29,0,61 65,0,121,,57301,29,,,0,98,,57293,32,0,61 65,0,99,,57294,32,0,61 65,0
1001,'S2-2_2',831,,57302,29,,,0,113,,57303,32,0,61 65,0,94,,57309,27,,,0,117,,57304,32,0,61 65,0,96,,57310,27,0,61 65,0,99,,57307,30,,,0,105,,57311,29,0,61 65,0,94,,57308,30,,,0,164,,57312,29,0,61 65,0,121,,57313,29,,,0,98,,57305,32,0,61 65,0,99,,57306,32,0,61 65,0
1001,'S2-2_3',831,,57314,29,,,0,113,,57315,32,0,61 65,0,94,,57321,27,,,0,117,,57316,32,0,61 65,0,96,,57322,27,0,61 65,0,99,,57319,30,,,0,105,,57323,29,0,61 65,0,94,,57320,30,,,0,164,,57324,29,0,61 65,0,121,,57325,29,,,0,98,,57317,32,0,61 65,0,99,,57318,32,0,61 65,0
1001,'S2-2_4',831,,57326,29,,,0,113,,57327,32,0,61 65,0,94,,57333,27,,,0,117,,57328,32,0,61 65,0,96,,57334,27,0,61 65,0,99,,57331,30,,,0,105,,57335,29,0,61 65,0,94,,57332,30,,,0,164,,57336,29,0,61 65,0,121,,57337,29,,,0,98,,57329,32,0,61 65,0,99,,57330,32,0,61 65,0
1001,'S2-2_5',831,,57338,29,,,0,113,,57339,32,0,61 65,0,94,,57345,27,,,0,117,,57340,32,0,61 65,0,96,,57346,27,0,61 65,0,99,,57343,30,,,0,105,,57347,29,0,61 65,0,94,,57344,30,,,0,164,,57348,29,0,61 65,0,121,,57349,29,,,0,98,,57341,32,0,61 65,0,99,,57342,32,0,61 65,0
1001,'S2-3_1',831,,57350,29,,,0,113,,57351,32,0,61 65,0,94,,57357,27,,,0,117,,57352,32,0,61 65,0,96,,57358,27,0,61 65,0,99,,57355,30,,,0,105,,57359,29,0,61 65,0,94,,57356,30,,,0,164,,57360,29,0,61 65,0,121,,57361,29,,,0,98,,57353,32,0,61 65,0,99,,57354,32,0,61 65,0
1001,'S2-3_3',831,,57362,29,,,0,113,,57363,32,0,61 65,0,94,,57369,27,,,0,117,,57364,32,0,61 65,0,96,,57370,27,0,61 65,0,99,,57367,30,,,0,105,,57371,29,0,61 65,0,94,,57368,30,,,0,164,,57372,29,0,61 65,0,121,,57373,29,,,0,98,,57365,32,0,61 65,0,99,,57366,32,0,61 65,0
1001,'S2-3_4',831,,57374,29,,,0,113,,57375,32,0,61 65,0,94,,57381,27,,,0,117,,57376,32,0,61 65,0,96,,57382,27,0,61 65,0,99,,57379,30,,,0,105,,57383,29,0,61 65,0,94,,57380,30,,,0,164,,57384,29,0,61 65,0,121,,57385,29,,,0,98,,57377,32,0,61 65,0,99,,57378,32,0,61 65,0
1001,'S2-4_7',831,,57386,29,,,0,113,,57387,32,0,61 65,0,94,,57393,27,,,0,117,,57388,32,0,61 65,0,96,,57394,27,0,61 65,0,99,,57391,30,,,0,105,,57395,29,0,61 65,0,94,,57392,30,,,0,164,,57396,29,0,61 65,0,121,,57397,29,,,0,98,,57389,32,0,61 65,0,99,,57390,32,0,61 65,0
