'2509-HIV-25j05H-d-Dimanche-00',101,105600,4,'',0,25000,4,'',0,19500,4,'',0,20500,4,'',0,21000,4,'',0
'2509-HIV-25j26H-d-Dimanche-00',101,105600,4,'',0,25000,4,'',0,19500,4,'',0,20500,4,'',0,21000,4,'',0
'2509-HIV-25k03H-s-Samedi-00',101,74700,4,'',0,15900,4,'',0,10600,4,'',0,9900,4,'',0,10000,4,'',0,9900,4,'',0,10000,4,'',0,10000,4,'',0,10100,4,'',0,10400,4,'',0,10200,4,'',0,10200,4,'',0,8700,4,'',0
'2509-HIV-25k03H-w-Mercredi-00',101,80300,4,'',0,3300,4,'',0,7200,4,'',0,12000,4,'',0,11600,4,'',0,10200,4,'',0,9500,4,'',0,10700,4,'',0,9400,4,'',0,9800,4,'',0,8200,4,'',0,8200,4,'',0,3900,4,'',0,6800,4,'',0,10200,4,'',0
'2509-HIV-25k03Hlv-L-Ma-J-V-00',101,80300,4,'',0,3300,4,'',0,7200,4,'',0,12000,4,'',0,11600,4,'',0,10200,4,'',0,9500,4,'',0,10700,4,'',0,9400,4,'',0,9800,4,'',0,8200,4,'',0,8200,4,'',0,3900,4,'',0,6800,4,'',0,10200,4,'',0
'2509-HIV-25l08H-w-Mercredi-00',101,80300,4,'',0,3300,4,'',0,7200,4,'',0,12000,4,'',0,11600,4,'',0,10200,4,'',0,9500,4,'',0,10700,4,'',0,9400,4,'',0,9800,4,'',0,8200,4,'',0,8200,4,'',0,3900,4,'',0,6800,4,'',0,10200,4,'',0
'2509-HIV-25l08Hlv-L-Ma-J-V-00',101,80300,4,'',0,3300,4,'',0,7200,4,'',0,12000,4,'',0,11600,4,'',0,10200,4,'',0,9500,4,'',0,10700,4,'',0,9400,4,'',0,9800,4,'',0,8200,4,'',0,8200,4,'',0,3900,4,'',0,6800,4,'',0,10200,4,'',0
'2509-HIV-25l18Hlv-L-Ma-J-V-00',101,80300,4,'',0,3300,4,'',0,7200,4,'',0,12000,4,'',0,11600,4,'',0,10200,4,'',0,9500,4,'',0,10700,4,'',0,9400,4,'',0,9800,4,'',0,8200,4,'',0,8200,4,'',0,3900,4,'',0,6800,4,'',0,10200,4,'',0
'2509-HIV-25l22Vlv-Semaine-00',101,80600,4,'',0,3200,4,'',0,7000,4,'',0,12000,4,'',0,11600,4,'',0,10300,4,'',0,9500,4,'',0,10600,4,'',0,9500,4,'',0,9700,4,'',0,10100,4,'',0,17700,4,'',0,9600,4,'',0
'2509-HIV-26a05H-s-Samedi-00',101,74700,4,'',0,15900,4,'',0,10600,4,'',0,9900,4,'',0,10000,4,'',0,9900,4,'',0,10000,4,'',0,10000,4,'',0,10100,4,'',0,10400,4,'',0,10200,4,'',0,10200,4,'',0,8700,4,'',0
'2509-HIV-26a05H-w-Mercredi-00',101,80300,4,'',0,3300,4,'',0,7200,4,'',0,12000,4,'',0,11600,4,'',0,10200,4,'',0,9500,4,'',0,10700,4,'',0,9400,4,'',0,9800,4,'',0,8200,4,'',0,8200,4,'',0,3900,4,'',0,6800,4,'',0,10200,4,'',0
'2509-HIV-26a05Hlv-L-Ma-J-V-00',101,80300,4,'',0,3300,4,'',0,7200,4,'',0,12000,4,'',0,11600,4,'',0,10200,4,'',0,9500,4,'',0,10700,4,'',0,9400,4,'',0,9800,4,'',0,8200,4,'',0,8200,4,'',0,3900,4,'',0,6800,4,'',0,10200,4,'',0
