'25j05H-Dimanche',20260104,0,20260111,0,20260118,0,20260125,0,20260201,0,20260208,0,20260215,0,20260222,0,20260301,0,20260301,2,20260308,0,20260315,0,20260322,0,20260329,0,20260405,0,20260405,2,20260406,1,20260412,0
'25j26H-Dimanche',20251225,1,20251228,0,20260101,1,20260104,0,20260104,2,20260111,0,20260111,2,20260118,0,20260118,2,20260125,0,20260125,2,20260201,0,20260201,2,20260208,0,20260208,2,20260215,0,20260215,2,20260222,0,20260222,2,20260301,0,20260308,0,20260308,2,20260315,0,20260315,2,20260322,0,20260322,2,20260329,0,20260329,2,20260405,0,20260412,0,20260412,2,20260419,0
'25k03H-Samedi',20251227,0,20260103,0
'25l22V-Semaine',20251223,0,20251224,0,20251225,0,20251225,2,20251226,0,20251229,0,20251230,0,20251231,0,20260101,0,20260101,2,20260102,0
'25l22V-Semaine0000100',20251225,2,20251226,0,20260101,2,20260102,0
'25l22V-Semaine0101000',20251223,0,20251225,0,20251225,2,20251230,0,20260101,0,20260101,2
'25l22V-Semaine1111000',20251223,0,20251224,0,20251225,0,20251225,2,20251229,0,20251230,0,20251231,0,20260101,0,20260101,2
'26a05H-Samedi',20260110,0,20260117,0,20260124,0,20260131,0,20260207,0,20260214,0,20260221,0,20260228,0,20260307,0,20260314,0,20260321,0,20260328,0,20260404,0,20260411,0,20260418,0
'26a05H-Mercredi',20260107,0,20260114,0,20260121,0,20260128,0,20260204,0,20260211,0,20260218,0,20260225,0,20260225,2,20260304,0,20260304,2,20260311,0,20260318,0,20260325,0,20260401,0,20260408,0,20260415,0
'26a05H-Mercredi0010000',20260107,0,20260114,0,20260121,0,20260128,0,20260204,0,20260211,0,20260218,0,20260225,0,20260225,2,20260304,0,20260304,2,20260311,0,20260318,0,20260325,0,20260401,0,20260408,0,20260415,0
'26a05H-L-Ma-J-V',20260105,0,20260106,0,20260108,0,20260109,0,20260112,0,20260113,0,20260115,0,20260116,0,20260119,0,20260120,0,20260122,0,20260123,0,20260126,0,20260127,0,20260129,0,20260130,0,20260202,0,20260203,0,20260205,0,20260206,0,20260209,0,20260210,0,20260212,0,20260213,0,20260216,0,20260217,0,20260219,0,20260220,0,20260223,0,20260223,2,20260224,0,20260224,2,20260226,0,20260226,2,20260227,0,20260227,2,20260302,0,20260302,2,20260303,0,20260303,2,20260305,0,20260305,2,20260306,0,20260306,2,20260309,0,20260310,0,20260312,0,20260313,0,20260316,0,20260317,0,20260319,0,20260320,0,20260323,0,20260324,0,20260326,0,20260327,0,20260330,0,20260331,0,20260402,0,20260403,0,20260406,0,20260406,2,20260407,0,20260409,0,20260410,0,20260413,0,20260414,0,20260416,0,20260417,0
'26a05H-L-Ma-J-V0000100',20260109,0,20260116,0,20260123,0,20260130,0,20260206,0,20260213,0,20260220,0,20260223,2,20260224,2,20260226,2,20260227,0,20260227,2,20260302,2,20260303,2,20260305,2,20260306,0,20260306,2,20260313,0,20260320,0,20260327,0,20260403,0,20260406,2,20260410,0,20260417,0
'26a05H-L-Ma-J-V0001000',20260108,0,20260115,0,20260122,0,20260129,0,20260205,0,20260212,0,20260219,0,20260223,2,20260224,2,20260226,0,20260226,2,20260227,2,20260302,2,20260303,2,20260305,0,20260305,2,20260306,2,20260312,0,20260319,0,20260326,0,20260402,0,20260406,2,20260409,0,20260416,0
'26a05H-L-Ma-J-V0101000',20260106,0,20260108,0,20260113,0,20260115,0,20260120,0,20260122,0,20260127,0,20260129,0,20260203,0,20260205,0,20260210,0,20260212,0,20260217,0,20260219,0,20260223,2,20260224,0,20260224,2,20260226,0,20260226,2,20260227,2,20260302,2,20260303,0,20260303,2,20260305,0,20260305,2,20260306,2,20260310,0,20260312,0,20260317,0,20260319,0,20260324,0,20260326,0,20260331,0,20260402,0,20260406,2,20260407,0,20260409,0,20260414,0,20260416,0
'26a05H-L-Ma-J-V1101000',20260105,0,20260106,0,20260108,0,20260112,0,20260113,0,20260115,0,20260119,0,20260120,0,20260122,0,20260126,0,20260127,0,20260129,0,20260202,0,20260203,0,20260205,0,20260209,0,20260210,0,20260212,0,20260216,0,20260217,0,20260219,0,20260223,0,20260223,2,20260224,0,20260224,2,20260226,0,20260226,2,20260227,2,20260302,0,20260302,2,20260303,0,20260303,2,20260305,0,20260305,2,20260306,2,20260309,0,20260310,0,20260312,0,20260316,0,20260317,0,20260319,0,20260323,0,20260324,0,20260326,0,20260330,0,20260331,0,20260402,0,20260406,0,20260406,2,20260407,0,20260409,0,20260413,0,20260414,0,20260416,0
'26a05H-L-Ma-J-V1101100',20260105,0,20260106,0,20260108,0,20260109,0,20260112,0,20260113,0,20260115,0,20260116,0,20260119,0,20260120,0,20260122,0,20260123,0,20260126,0,20260127,0,20260129,0,20260130,0,20260202,0,20260203,0,20260205,0,20260206,0,20260209,0,20260210,0,20260212,0,20260213,0,20260216,0,20260217,0,20260219,0,20260220,0,20260223,0,20260223,2,20260224,0,20260224,2,20260226,0,20260226,2,20260227,0,20260227,2,20260302,0,20260302,2,20260303,0,20260303,2,20260305,0,20260305,2,20260306,0,20260306,2,20260309,0,20260310,0,20260312,0,20260313,0,20260316,0,20260317,0,20260319,0,20260320,0,20260323,0,20260324,0,20260326,0,20260327,0,20260330,0,20260331,0,20260402,0,20260403,0,20260406,0,20260406,2,20260407,0,20260409,0,20260410,0,20260413,0,20260414,0,20260416,0,20260417,0
'26b23V-Semaine',20260223,0,20260224,0,20260225,0,20260226,0,20260227,0
'26b23V-Semaine0000100',20260227,0
'26b23V-Semaine0001000',20260226,0
'26b23V-Semaine0101000',20260224,0,20260226,0
'26b23V-Semaine1111000',20260223,0,20260224,0,20260225,0,20260226,0
'26c02V-Semaine',20260302,0,20260303,0,20260304,0,20260305,0,20260306,0
'26c02V-Semaine0000100',20260306,0
'26c02V-Semaine0101000',20260303,0,20260305,0
'26c02V-Semaine1111000',20260302,0,20260303,0,20260304,0,20260305,0
