500,'S2-0_6',704,,55872,26,,,0,33,,55873,26,,,0,100,,55874,26,,,0,101,,55875,26,,,0,98,,55876,26,,,0,100,,55877,26,,,0,99,,55878,26,,,0,98,,55879,26,,,0,80,,55880,26,,,0,39,,55881,26,,,0,99,,55882,26,,,0,102,,55883,26,,,0,100,,55884,26,,,0,74,,55885,26,,,0,26,,55886,26,,,0,97,,55887,26,,,0
500,'S2-1_7',1220,,55888,26,,,0,191,,55889,26,,,0,191,,55890,26,,,0,144,,55891,26,,,0,191,,55892,26,,,0
500,'S2-2_1',704,,55893,26,,,0,33,,55894,26,,,0,100,,55895,26,,,0,101,,55896,26,,,0,98,,55897,26,,,0,100,,55898,26,,,0,99,,55899,26,,,0,98,,55900,26,,,0,80,,55901,26,,,0,39,,55902,26,,,0,99,,55903,26,,,0,102,,55904,26,,,0,100,,55905,26,,,0,74,,55906,26,,,0,26,,55907,26,,,0,97,,55908,26,,,0
500,'S2-2_2',704,,55909,26,,,0,33,,55910,26,,,0,100,,55911,26,,,0,101,,55912,26,,,0,98,,55913,26,,,0,100,,55914,26,,,0,99,,55915,26,,,0,98,,55916,26,,,0,80,,55917,26,,,0,39,,55918,26,,,0,99,,55919,26,,,0,102,,55920,26,,,0,100,,55921,26,,,0,74,,55922,26,,,0,26,,55923,26,,,0,97,,55924,26,,,0
500,'S2-2_3',704,,55925,26,,,0,33,,55926,26,,,0,100,,55927,26,,,0,101,,55928,26,,,0,98,,55929,26,,,0,100,,55930,26,,,0,99,,55931,26,,,0,98,,55932,26,,,0,80,,55933,26,,,0,39,,55934,26,,,0,99,,55935,26,,,0,102,,55936,26,,,0,100,,55937,26,,,0,74,,55938,26,,,0,26,,55939,26,,,0,97,,55940,26,,,0
500,'S2-2_4',704,,55941,26,,,0,33,,55942,26,,,0,100,,55943,26,,,0,101,,55944,26,,,0,98,,55945,26,,,0,100,,55946,26,,,0,99,,55947,26,,,0,98,,55948,26,,,0,80,,55949,26,,,0,39,,55950,26,,,0,99,,55951,26,,,0,102,,55952,26,,,0,100,,55953,26,,,0,74,,55954,26,,,0,26,,55955,26,,,0,97,,55956,26,,,0
500,'S2-2_5',704,,55957,26,,,0,33,,55958,26,,,0,100,,55959,26,,,0,101,,55960,26,,,0,98,,55961,26,,,0,100,,55962,26,,,0,99,,55963,26,,,0,98,,55964,26,,,0,80,,55965,26,,,0,39,,55966,26,,,0,99,,55967,26,,,0,102,,55968,26,,,0,100,,55969,26,,,0,74,,55970,26,,,0,26,,55971,26,,,0,97,,55972,26,,,0
500,'S2-3_1',704,,55973,26,,,0,33,,55974,26,,,0,100,,55975,26,,,0,101,,55976,26,,,0,98,,55977,26,,,0,100,,55978,26,,,0,99,,55979,26,,,0,98,,55980,26,,,0,80,,55981,26,,,0,39,,55982,26,,,0,99,,55983,26,,,0,102,,55984,26,,,0,100,,55985,26,,,0,74,,55986,26,,,0,26,,55987,26,,,0,97,,55988,26,,,0
500,'S2-3_3',704,,55989,26,,,0,33,,55990,26,,,0,100,,55991,26,,,0,101,,55992,26,,,0,98,,55993,26,,,0,100,,55994,26,,,0,99,,55995,26,,,0,98,,55996,26,,,0,80,,55997,26,,,0,39,,55998,26,,,0,99,,55999,26,,,0,102,,56000,26,,,0,100,,56001,26,,,0,74,,56002,26,,,0,26,,56003,26,,,0,97,,56004,26,,,0
500,'S2-3_4',704,,56005,26,,,0,33,,56006,26,,,0,100,,56007,26,,,0,101,,56008,26,,,0,98,,56009,26,,,0,100,,56010,26,,,0,99,,56011,26,,,0,98,,56012,26,,,0,80,,56013,26,,,0,39,,56014,26,,,0,99,,56015,26,,,0,102,,56016,26,,,0,100,,56017,26,,,0,74,,56018,26,,,0,26,,56019,26,,,0,97,,56020,26,,,0
500,'S2-4_7',1220,,56021,26,,,0,191,,56022,26,,,0,191,,56023,26,,,0,144,,56024,26,,,0,191,,56025,26,,,0
