1000,'S2-0_6',721,,57134,38,4,,0,109,,57135,38,4,,0,101,,57136,41,4,,0,105,,57144,44,4,,0,83,,57147,45,4,,0,113,,57137,41,4,,0,110,,57148,45,4,,0,96,,57138,41,4,,0,95,,57149,42,4,,0,100,,57145,44,4,,0,96,,57139,41,4,,0,74,,57140,45,4,,0,109,,57142,41,4,,0,93,,57146,44,4,,0,98,,57143,42,4,,0,102,,57141,41,4,,0
1000,'S2-1_7',1204,,57150,41,4,,0,320,,57151,41,4,,0,407,,57152,41,4,,0,307,,57153,40,4,,0
1000,'S2-2_1',720,,57154,37,4,,0,103,,57155,37,4,,0,217,,57157,41,4,,0,562,,57159,44,4,,0,52,,57165,40,4,,0,156,,57160,44,4,,0,99,,57166,40,4,,0
1000,'S2-2_2',720,,57167,37,4,,0,103,,57168,37,4,,0,217,,57170,41,4,,0,562,,57172,44,4,,0,52,,57178,40,4,,0,156,,57173,44,4,,0,99,,57179,40,4,,0
1000,'S2-2_3',720,,57180,37,4,,0,103,,57181,37,4,,0,217,,57183,41,4,,0,562,,57185,44,4,,0,52,,57191,40,4,,0,156,,57186,44,4,,0,99,,57192,40,4,,0
1000,'S2-2_4',720,,57193,37,4,,0,103,,57194,37,4,,0,217,,57196,41,4,,0,562,,57198,44,4,,0,52,,57204,40,4,,0,156,,57199,44,4,,0,99,,57205,40,4,,0
1000,'S2-2_5',720,,57206,37,4,,0,103,,57207,37,4,,0,217,,57209,41,4,,0,562,,57211,44,4,,0,52,,57217,40,4,,0,156,,57212,44,4,,0,99,,57218,40,4,,0
1000,'S2-3_1',720,,57219,37,4,,0,103,,57220,37,4,,0,217,,57222,41,4,,0,562,,57224,44,4,,0,52,,57230,40,4,,0,156,,57225,44,4,,0,99,,57231,40,4,,0
1000,'S2-3_3',720,,57232,37,4,,0,103,,57233,37,4,,0,217,,57235,41,4,,0,562,,57237,44,4,,0,52,,57243,40,4,,0,156,,57238,44,4,,0,99,,57244,40,4,,0
1000,'S2-3_4',720,,57245,37,4,,0,103,,57246,37,4,,0,217,,57248,41,4,,0,562,,57250,44,4,,0,52,,57256,40,4,,0,156,,57251,44,4,,0,99,,57257,40,4,,0
1000,'S2-4_7',720,,57258,37,4,,0,103,,57259,37,4,,0,217,,57261,41,4,,0,562,,57263,44,4,,0,52,,57269,40,4,,0,156,,57264,44,4,,0,99,,57270,40,4,,0
1001,'S2-0_6',645,,57271,1,0,61 65,0,94,,57281,1,,,0,112,,57272,1,0,61 65,0,104,,57282,1,,,0,183,,57283,1,,,0,86,,57278,1,0,61 65,0,97,,57273,1,0,61 65,0,96,,57284,1,,,0,111,,57274,1,0,61 65,0,95,,57275,1,0,61 65,0,107,,57285,1,,,0,93,,57279,1,0,61 65,0,112,,57280,1,0,61 65,0,91,,57276,1,0,61 65,0,100,,57277,1,0,61 65,0
1001,'S2-1_7',905,,57286,1,,,0,320,,57287,1,,,0,410,,57288,1,,,0,310,,57289,1,0,61 65,0
1001,'S2-2_1',735,,57290,1,,,0,108,,57291,1,0,61 65,0,209,,57292,1,0,61 65,0,304,,57299,1,0,61 65,0,259,,57300,1,0,61 65,0,120,,57301,1,,,0,95,,57293,1,0,61 65,0,100,,57294,1,0,61 65,0
1001,'S2-2_2',735,,57302,1,,,0,108,,57303,1,0,61 65,0,209,,57304,1,0,61 65,0,304,,57311,1,0,61 65,0,259,,57312,1,0,61 65,0,120,,57313,1,,,0,95,,57305,1,0,61 65,0,100,,57306,1,0,61 65,0
1001,'S2-2_3',735,,57314,1,,,0,108,,57315,1,0,61 65,0,209,,57316,1,0,61 65,0,304,,57323,1,0,61 65,0,259,,57324,1,0,61 65,0,120,,57325,1,,,0,95,,57317,1,0,61 65,0,100,,57318,1,0,61 65,0
1001,'S2-2_4',735,,57326,1,,,0,108,,57327,1,0,61 65,0,209,,57328,1,0,61 65,0,304,,57335,1,0,61 65,0,259,,57336,1,0,61 65,0,120,,57337,1,,,0,95,,57329,1,0,61 65,0,100,,57330,1,0,61 65,0
1001,'S2-2_5',735,,57338,1,,,0,108,,57339,1,0,61 65,0,209,,57340,1,0,61 65,0,304,,57347,1,0,61 65,0,259,,57348,1,0,61 65,0,120,,57349,1,,,0,95,,57341,1,0,61 65,0,100,,57342,1,0,61 65,0
1001,'S2-3_1',735,,57350,1,,,0,108,,57351,1,0,61 65,0,209,,57352,1,0,61 65,0,304,,57359,1,0,61 65,0,259,,57360,1,0,61 65,0,120,,57361,1,,,0,95,,57353,1,0,61 65,0,100,,57354,1,0,61 65,0
1001,'S2-3_3',735,,57362,1,,,0,108,,57363,1,0,61 65,0,209,,57364,1,0,61 65,0,304,,57371,1,0,61 65,0,259,,57372,1,0,61 65,0,120,,57373,1,,,0,95,,57365,1,0,61 65,0,100,,57366,1,0,61 65,0
1001,'S2-3_4',735,,57374,1,,,0,108,,57375,1,0,61 65,0,209,,57376,1,0,61 65,0,304,,57383,1,0,61 65,0,259,,57384,1,0,61 65,0,120,,57385,1,,,0,95,,57377,1,0,61 65,0,100,,57378,1,0,61 65,0
1001,'S2-4_7',735,,57386,1,,,0,108,,57387,1,0,61 65,0,209,,57388,1,0,61 65,0,304,,57395,1,0,61 65,0,259,,57396,1,0,61 65,0,120,,57397,1,,,0,95,,57389,1,0,61 65,0,100,,57390,1,0,61 65,0
2901000,'S2-0_6',857,,60992,14,4,,0,101,,60994,14,4,,0,198,,60993,14,4,,0,176,,60999,14,4,,0,70,,60996,14,4,,0,55,,60995,14,4,,0,95,,60997,14,4,,0,98,,60998,14,4,,0,156,,61001,14,4,,0,99,,61000,14,4,,0
2901000,'S2-2_1',933,,61002,14,4,,0,297,,61003,14,4,,0,208,,61004,14,4,,0,93,,61005,14,4,,0,192,,61006,14,4,,0,198,,61007,14,4,,0,183,,61008,14,4,,0
2901000,'S2-2_2',933,,61009,14,4,,0,297,,61010,14,4,,0,208,,61011,14,4,,0,93,,61012,14,4,,0,192,,61013,14,4,,0,198,,61014,14,4,,0,183,,61015,14,4,,0
2901000,'S2-2_3',933,,61016,14,4,,0,297,,61017,14,4,,0,208,,61018,14,4,,0,93,,61019,14,4,,0,192,,61020,14,4,,0,198,,61021,14,4,,0,183,,61022,14,4,,0
2901000,'S2-2_4',933,,61023,14,4,,0,297,,61024,14,4,,0,208,,61025,14,4,,0,93,,61026,14,4,,0,192,,61027,14,4,,0,198,,61028,14,4,,0,183,,61029,14,4,,0
2901000,'S2-2_5',933,,61030,14,4,,0,297,,61031,14,4,,0,208,,61032,14,4,,0,93,,61033,14,4,,0,192,,61034,14,4,,0,198,,61035,14,4,,0,183,,61036,14,4,,0
2901000,'S2-3_1',933,,61037,14,4,,0,297,,61038,14,4,,0,208,,61039,14,4,,0,93,,61040,14,4,,0,192,,61041,14,4,,0,198,,61042,14,4,,0,183,,61043,14,4,,0
2901000,'S2-3_3',933,,61044,14,4,,0,297,,61045,14,4,,0,208,,61046,14,4,,0,93,,61047,14,4,,0,192,,61048,14,4,,0,198,,61049,14,4,,0,183,,61050,14,4,,0
2901000,'S2-3_4',933,,61051,14,4,,0,297,,61052,14,4,,0,208,,61053,14,4,,0,93,,61054,14,4,,0,192,,61055,14,4,,0,198,,61056,14,4,,0,183,,61057,14,4,,0
2901000,'S2-4_7',933,,61058,14,4,,0,297,,61059,14,4,,0,208,,61060,14,4,,0,93,,61061,14,4,,0,192,,61062,14,4,,0,198,,61063,14,4,,0,183,,61064,14,4,,0
2901001,'S2-0_6',1055,,61072,1,,,0,83,,61065,1,,,0,86,,61068,1,,,0,97,,61069,1,,,0,96,,61066,1,,,0,33,,61070,1,,,0,78,,61071,1,,,0,95,,61067,1,,,0,200,,61073,1,,,0
2901001,'S2-2_1',1002,,61074,1,,,0,220,,61075,1,,,0,95,,61076,1,,,0,209,,61077,1,,,0,179,,61078,1,,,0
2901001,'S2-2_2',1002,,61079,1,,,0,220,,61080,1,,,0,95,,61081,1,,,0,209,,61082,1,,,0,179,,61083,1,,,0
2901001,'S2-2_3',1002,,61084,1,,,0,220,,61085,1,,,0,95,,61086,1,,,0,209,,61087,1,,,0,179,,61088,1,,,0
2901001,'S2-2_4',1002,,61089,1,,,0,220,,61090,1,,,0,95,,61091,1,,,0,209,,61092,1,,,0,179,,61093,1,,,0
2901001,'S2-2_5',1002,,61094,1,,,0,220,,61095,1,,,0,95,,61096,1,,,0,209,,61097,1,,,0,179,,61098,1,,,0
2901001,'S2-3_1',1002,,61099,1,,,0,220,,61100,1,,,0,95,,61101,1,,,0,209,,61102,1,,,0,179,,61103,1,,,0
2901001,'S2-3_3',1002,,61104,1,,,0,220,,61105,1,,,0,95,,61106,1,,,0,209,,61107,1,,,0,179,,61108,1,,,0
2901001,'S2-3_4',1002,,61109,1,,,0,220,,61110,1,,,0,95,,61111,1,,,0,209,,61112,1,,,0,179,,61113,1,,,0
2901001,'S2-4_7',1002,,61114,1,,,0,220,,61115,1,,,0,95,,61116,1,,,0,209,,61117,1,,,0,179,,61118,1,,,0
