100,'0_6',658,,62779,9,0,61 8,0,148,,62791,9,0,61 8,0,94,,62780,9,0,61 8,0,30,,62792,9,0,61 8,0,29,,62781,9,0,61 8,0,73,,62793,9,0,61 8,0,69,,62782,9,0,61 8,0,29,,62794,9,0,61 8,0,71,,62783,9,0,61 8,0,30,,62795,9,0,61 8,0,70,,62784,9,0,61 8,0,30,,62796,9,0,61 8,0,69,,62785,9,0,61 8,0,31,,62797,9,0,61 8,0,69,,62786,9,0,61 8,0,31,,62798,9,0,61 8,0,70,,62787,9,0,61 8,0,31,,62799,9,0,61 8,0,73,,62788,9,0,61 8,0,29,,62800,9,0,61 8,0,70,,62789,9,0,61 8,0,32,,62801,9,0,61 8,0,69,,62790,9,0,61 8,0
100,'1_7',904,,62802,9,0,61 8,0,105,,62807,9,0,61 8,0,106,,62803,9,0,61 8,0,104,,62808,9,0,61 8,0,90,,62804,9,0,61 8,0,100,,62809,9,0,61 8,0,105,,62805,9,0,61 8,0,105,,62810,9,0,61 8,0,105,,62806,9,0,61 8,0,106,,62811,9,0,61 8,0
100,'2_1',658,,62812,9,0,61 8,0,70,,62813,9,,,0,73,,62815,9,0,61 8,0,25,,62816,9,0,61 8,0,29,,62814,9,0,61 8,0,69,,62817,9,0,61 8,0,34,,62818,9,0,61 8,0,71,,62821,9,0,61 8,0,30,,62819,9,0,61 8,0,73,,62820,9,0,61 8,0,71,,62823,9,,,0,32,,62822,9,0,61 8,0,70,,62824,9,,,0,30,,62825,9,0,61 8,0,69,,62827,9,0,61 8,0,30,,62826,9,0,61 8,0,70,,62831,9,0,61 8,0,29,,62830,9,0,61 8,0,71,,62832,9,,,0,34,,62828,9,0,61 8,0,70,,62833,9,,,0,31,,62829,9,0,61 8,0,70,,62834,9,,,0,31,,62835,9,0,61 8,0,70,,62836,9,,,0
100,'2_2',658,,62837,9,0,61 8,0,70,,62838,9,,,0,73,,62840,9,0,61 8,0,25,,62841,9,0,61 8,0,29,,62839,9,0,61 8,0,69,,62842,9,0,61 8,0,34,,62843,9,0,61 8,0,71,,62846,9,0,61 8,0,30,,62844,9,0,61 8,0,73,,62845,9,0,61 8,0,71,,62848,9,,,0,32,,62847,9,0,61 8,0,70,,62849,9,,,0,30,,62850,9,0,61 8,0,69,,62852,9,0,61 8,0,30,,62851,9,0,61 8,0,70,,62856,9,0,61 8,0,29,,62855,9,0,61 8,0,71,,62857,9,,,0,34,,62853,9,0,61 8,0,70,,62858,9,,,0,31,,62854,9,0,61 8,0,70,,62859,9,,,0,31,,62860,9,0,61 8,0,70,,62861,9,,,0
100,'2_3',658,,62862,9,0,61 8,0,70,,62863,9,,,0,73,,62865,9,0,61 8,0,25,,62866,9,0,61 8,0,29,,62864,9,0,61 8,0,69,,62867,9,0,61 8,0,34,,62868,9,0,61 8,0,71,,62871,9,0,61 8,0,30,,62869,9,0,61 8,0,73,,62870,9,0,61 8,0,71,,62873,9,,,0,32,,62872,9,0,61 8,0,70,,62874,9,,,0,30,,62875,9,0,61 8,0,69,,62877,9,0,61 8,0,30,,62876,9,0,61 8,0,70,,62881,9,0,61 8,0,29,,62880,9,0,61 8,0,71,,62882,9,,,0,34,,62878,9,0,61 8,0,70,,62883,9,,,0,31,,62879,9,0,61 8,0,70,,62884,9,,,0,31,,62885,9,0,61 8,0,70,,62886,9,,,0
100,'2_4',658,,62887,9,0,61 8,0,70,,62888,9,,,0,73,,62890,9,0,61 8,0,25,,62891,9,0,61 8,0,29,,62889,9,0,61 8,0,69,,62892,9,0,61 8,0,34,,62893,9,0,61 8,0,71,,62896,9,0,61 8,0,30,,62894,9,0,61 8,0,73,,62895,9,0,61 8,0,71,,62898,9,,,0,32,,62897,9,0,61 8,0,70,,62899,9,,,0,30,,62900,9,0,61 8,0,69,,62902,9,0,61 8,0,30,,62901,9,0,61 8,0,70,,62906,9,0,61 8,0,29,,62905,9,0,61 8,0,71,,62907,9,,,0,34,,62903,9,0,61 8,0,70,,62908,9,,,0,31,,62904,9,0,61 8,0,70,,62909,9,,,0,31,,62910,9,0,61 8,0,70,,62911,9,,,0
100,'2_5',658,,62912,9,0,61 8,0,70,,62913,9,,,0,73,,62915,9,0,61 8,0,25,,62916,9,0,61 8,0,29,,62914,9,0,61 8,0,69,,62917,9,0,61 8,0,34,,62918,9,0,61 8,0,71,,62921,9,0,61 8,0,30,,62919,9,0,61 8,0,73,,62920,9,0,61 8,0,71,,62923,9,,,0,32,,62922,9,0,61 8,0,70,,62924,9,,,0,30,,62925,9,0,61 8,0,69,,62927,9,0,61 8,0,30,,62926,9,0,61 8,0,70,,62931,9,0,61 8,0,29,,62930,9,0,61 8,0,71,,62932,9,,,0,34,,62928,9,0,61 8,0,70,,62933,9,,,0,31,,62929,9,0,61 8,0,70,,62934,9,,,0,31,,62935,9,0,61 8,0,70,,62936,9,,,0
100,'3_1',658,,62937,9,0,61 8,0,70,,62938,9,,,0,73,,62940,9,0,61 8,0,25,,62941,9,0,61 8,0,29,,62939,9,0,61 8,0,69,,62942,9,0,61 8,0,34,,62943,9,0,61 8,0,71,,62946,9,0,61 8,0,30,,62944,9,0,61 8,0,73,,62945,9,0,61 8,0,71,,62948,9,,,0,32,,62947,9,0,61 8,0,70,,62949,9,,,0,30,,62950,9,0,61 8,0,69,,62952,9,0,61 8,0,30,,62951,9,0,61 8,0,70,,62956,9,0,61 8,0,29,,62955,9,0,61 8,0,71,,62957,9,,,0,34,,62953,9,0,61 8,0,70,,62958,9,,,0,31,,62954,9,0,61 8,0,70,,62959,9,,,0,31,,62960,9,0,61 8,0,70,,62961,9,,,0
100,'3_3',658,,62962,9,0,61 8,0,70,,62963,9,,,0,73,,62965,9,0,61 8,0,25,,62966,9,0,61 8,0,29,,62964,9,0,61 8,0,69,,62967,9,0,61 8,0,34,,62968,9,0,61 8,0,71,,62971,9,0,61 8,0,30,,62969,9,0,61 8,0,73,,62970,9,0,61 8,0,71,,62973,9,,,0,32,,62972,9,0,61 8,0,70,,62974,9,,,0,30,,62975,9,0,61 8,0,69,,62977,9,0,61 8,0,30,,62976,9,0,61 8,0,70,,62981,9,0,61 8,0,29,,62980,9,0,61 8,0,71,,62982,9,,,0,34,,62978,9,0,61 8,0,70,,62983,9,,,0,31,,62979,9,0,61 8,0,70,,62984,9,,,0,31,,62985,9,0,61 8,0,70,,62986,9,,,0
100,'3_4',658,,62987,9,0,61 8,0,70,,62988,9,,,0,73,,62990,9,0,61 8,0,25,,62991,9,0,61 8,0,29,,62989,9,0,61 8,0,69,,62992,9,0,61 8,0,34,,62993,9,0,61 8,0,71,,62996,9,0,61 8,0,30,,62994,9,0,61 8,0,73,,62995,9,0,61 8,0,71,,62998,9,,,0,32,,62997,9,0,61 8,0,70,,62999,9,,,0,30,,63000,9,0,61 8,0,69,,63002,9,0,61 8,0,30,,63001,9,0,61 8,0,70,,63006,9,0,61 8,0,29,,63005,9,0,61 8,0,71,,63007,9,,,0,34,,63003,9,0,61 8,0,70,,63008,9,,,0,31,,63004,9,0,61 8,0,70,,63009,9,,,0,31,,63010,9,0,61 8,0,70,,63011,9,,,0
100,'3_5',658,,63012,9,0,61 8,0,70,,63013,9,,,0,73,,63015,9,0,61 8,0,25,,63016,9,0,61 8,0,29,,63014,9,0,61 8,0,69,,63017,9,0,61 8,0,34,,63018,9,0,61 8,0,71,,63021,9,0,61 8,0,30,,63019,9,0,61 8,0,73,,63020,9,0,61 8,0,71,,63023,9,,,0,32,,63022,9,0,61 8,0,70,,63024,9,,,0,30,,63025,9,0,61 8,0,69,,63027,9,0,61 8,0,30,,63026,9,0,61 8,0,70,,63031,9,0,61 8,0,29,,63030,9,0,61 8,0,71,,63032,9,,,0,34,,63028,9,0,61 8,0,70,,63033,9,,,0,31,,63029,9,0,61 8,0,70,,63034,9,,,0,31,,63035,9,0,61 8,0,70,,63036,9,,,0
100,'4_7',904,,63037,9,0,61 8,0,105,,63042,9,0,61 8,0,106,,63038,9,0,61 8,0,104,,63043,9,0,61 8,0,90,,63039,9,0,61 8,0,100,,63044,9,0,61 8,0,105,,63040,9,0,61 8,0,105,,63045,9,0,61 8,0,105,,63041,9,0,61 8,0,106,,63046,9,0,61 8,0
