100,'25j05H-Dimanche',944,,1,0,46,0,104,,6,0,46,0,106,,2,0,46,0,104,,7,0,46,0,90,,3,0,46,0,100,,8,0,46,0,106,,4,0,46,0,105,,9,0,46,0,144,,5,0,46,0,105,,10,0,46,0
100,'25j26H-Dimanche',944,,15,0,46,0,104,,20,0,46,0,106,,16,0,46,0,104,,21,0,46,0,90,,17,0,46,0,100,,22,0,46,0,106,,18,0,46,0,105,,23,0,46,0,144,,19,0,46,0,105,,24,0,46,0
100,'26a05H-Samedi',742,,80,0,46,0,109,,92,0,46,0,95,,81,0,46,0,70,,93,0,46,0,30,,82,0,46,0,72,,94,0,46,0,30,,83,0,46,0,69,,95,0,46,0,30,,84,0,46,0,68,,96,0,46,0,31,,85,0,46,0,70,,97,0,46,0,30,,86,0,46,0,70,,98,0,46,0,30,,87,0,46,0,72,,99,0,46,0,32,,88,0,46,0,72,,100,0,46,0,31,,89,0,46,0,68,,101,0,46,0,27,,90,0,46,0,71,,102,0,46,0,28,,91,0,46,0
100,'26a05H-Mercredi',745,,117,0,46,0,56,,114,0,46,0,15,,118,0,46,0,13,,105,,,0,13,,124,0,46,0,69,,119,0,46,0,26,,106,0,46,0,78,,120,0,46,0,38,,107,0,46,0,80,,121,0,46,0,80,,108,0,46,0,18,,125,,,0,23,,126,,,0,71,,109,0,46,0,24,,122,0,46,0,66,,110,0,46,0,35,,123,0,46,0,82,,111,0,46,0,26,,127,,,0,77,,116,0,46,0,20,,128,,,0,55,,133,0,46,0,25,,129,,,0,11,,112,0,46,0,57,,130,,,0,16,,113,0,46,0,13,,131,,,0,23,,103,,,0,72,,132,0,46,0,75,,104,,,0
100,'26a05H-Mercredi0010000',1251,,136,,,0
100,'26a05H-L-Ma-J-V',745,,151,0,46,0,56,,148,0,46,0,15,,152,0,46,0,13,,139,,,0,13,,158,0,46,0,69,,153,0,46,0,26,,140,0,46,0,78,,154,0,46,0,38,,141,0,46,0,80,,155,0,46,0,80,,142,0,46,0,18,,159,,,0,23,,160,,,0,71,,143,0,46,0,24,,156,0,46,0,66,,144,0,46,0,35,,157,0,46,0,82,,145,0,46,0,26,,161,,,0,77,,150,0,46,0,20,,162,,,0,55,,167,0,46,0,25,,163,,,0,11,,146,0,46,0,57,,164,,,0,16,,147,0,46,0,13,,165,,,0,23,,137,,,0,72,,166,0,46,0,75,,138,,,0
100,'26a05H-L-Ma-J-V1101100',1758,,170,,,0,79,,171,,,0
100,'26b23V-Semaine',741,,186,,,0,16,,183,0,46,0,55,,187,0,46,0,14,,174,,,0,15,,193,0,46,0,70,,188,0,46,0,25,,175,0,46,0,80,,189,0,46,0,40,,176,0,46,0,80,,190,0,46,0,75,,177,0,46,0,20,,194,,,0,25,,195,,,0,70,,178,0,46,0,25,,191,0,46,0,65,,179,0,46,0,32,,192,0,46,0,78,,180,0,46,0,31,,196,0,46,0,71,,185,0,46,0,26,,197,,,0,76,,181,,,0,70,,198,,,0,29,,182,,,0,26,,172,,,0,73,,199,0,46,0,25,,173,,,0
100,'26c02V-Semaine',741,,214,,,0,16,,211,0,46,0,55,,215,0,46,0,14,,202,,,0,15,,221,0,46,0,70,,216,0,46,0,25,,203,0,46,0,80,,217,0,46,0,40,,204,0,46,0,80,,218,0,46,0,75,,205,0,46,0,20,,222,,,0,25,,223,,,0,70,,206,0,46,0,25,,219,0,46,0,65,,207,0,46,0,32,,220,0,46,0,78,,208,0,46,0,31,,224,0,46,0,71,,213,0,46,0,26,,225,,,0,76,,209,,,0,70,,226,,,0,29,,210,,,0,26,,200,,,0,73,,227,0,46,0,25,,201,,,0
101,'25j05H-Dimanche',906,,228,0,41 42,0,105,,233,0,43,0,105,,229,0,41 42,0,105,,234,0,43,0,105,,230,0,41 42,0,90,,235,0,43,0,100,,231,0,41 42,0,105,,236,0,43,0,105,,232,0,41 42,0,105,,237,0,43,0
101,'25j26H-Dimanche',906,,242,0,41 42,0,105,,247,0,43,0,105,,243,0,41 42,0,105,,248,0,43,0,105,,244,0,41 42,0,90,,249,0,43,0,100,,245,0,41 42,0,105,,250,0,43,0,105,,246,0,41 42,0,105,,251,0,43,0
101,'26a05H-Samedi',659,,307,0,43,0,152,,308,0,43,0,107,,309,0,43,0,30,,320,0,41 42,0,69,,310,0,43,0,31,,321,0,41 42,0,70,,311,0,43,0,30,,322,0,41 42,0,70,,312,0,43,0,30,,323,0,41 42,0,71,,313,0,43,0,29,,324,0,41 42,0,69,,314,0,43,0,30,,325,0,41 42,0,70,,315,0,43,0,32,,326,0,41 42,0,70,,316,0,43,0,29,,327,0,41 42,0,73,,317,0,43,0,30,,328,0,41 42,0,78,,318,0,43,0,25,,329,0,41 42,0,67,,319,0,43,0
101,'26a05H-Mercredi',657,,330,0,41 42,0,50,,360,0,45,0,19,,331,0,41 42,0,13,,358,0,43,0,15,,332,0,41 42,0,58,,361,0,43,0,14,,345,0,45,0,27,,336,0,41 42,0,81,,346,0,43,0,75,,337,0,41 42,0,40,,349,0,43,0,76,,338,0,41 42,0,29,,350,0,43,0,60,,339,0,41 42,0,35,,351,0,43,0,78,,333,0,41 42,0,27,,347,0,43,0,70,,340,0,41 42,0,25,,352,0,43,0,74,,341,0,41 42,0,20,,353,0,43,0,62,,342,0,41 42,0,33,,343,0,41 42,0,20,,348,0,43,0,53,,344,0,41 42,0,30,,354,0,43,0,59,,334,0,41 42,0,20,,355,0,43,0,30,,335,0,41 42,0,75,,356,0,43,0
101,'26a05H-L-Ma-J-V',657,,363,0,41 42,0,50,,393,0,45,0,19,,364,0,41 42,0,13,,391,0,43,0,15,,365,0,41 42,0,58,,394,0,43,0,14,,378,0,45,0,27,,369,0,41 42,0,81,,379,0,43,0,75,,370,0,41 42,0,40,,382,0,43,0,76,,371,0,41 42,0,29,,383,0,43,0,60,,372,0,41 42,0,35,,384,0,43,0,78,,366,0,41 42,0,27,,380,0,43,0,70,,373,0,41 42,0,25,,385,0,43,0,74,,374,0,41 42,0,20,,386,0,43,0,62,,375,0,41 42,0,33,,376,0,41 42,0,20,,381,0,43,0,53,,377,0,41 42,0,30,,387,0,43,0,59,,367,0,41 42,0,20,,388,0,43,0,30,,368,0,41 42,0,75,,389,0,43,0
101,'26b23V-Semaine',701,,396,0,41 42,0,14,,422,0,43,0,15,,397,0,41 42,0,14,,421,0,43,0,15,,398,0,41 42,0,55,,423,0,43,0,16,,411,0,44,0,24,,402,0,41 42,0,80,,412,0,43,0,75,,403,0,41 42,0,40,,414,0,43,0,79,,404,0,41 42,0,27,,415,0,43,0,60,,405,0,41 42,0,35,,416,0,43,0,76,,399,0,41 42,0,28,,413,0,43,0,70,,406,0,41 42,0,25,,417,0,43,0,70,,407,0,41 42,0,24,,418,0,43,0,69,,408,0,41 42,0,30,,409,0,43,0,75,,410,0,41 42,0,37,,400,0,41 42,0,74,,419,0,43,0,29,,401,0,41 42,0,71,,420,0,43,0
101,'26c02V-Semaine',701,,424,0,41 42,0,14,,450,0,43,0,15,,425,0,41 42,0,14,,449,0,43,0,15,,426,0,41 42,0,55,,451,0,43,0,16,,439,0,44,0,24,,430,0,41 42,0,80,,440,0,43,0,75,,431,0,41 42,0,40,,442,0,43,0,79,,432,0,41 42,0,27,,443,0,43,0,60,,433,0,41 42,0,35,,444,0,43,0,76,,427,0,41 42,0,28,,441,0,43,0,70,,434,0,41 42,0,25,,445,0,43,0,70,,435,0,41 42,0,24,,446,0,43,0,69,,436,0,41 42,0,30,,437,0,43,0,75,,438,0,41 42,0,37,,428,0,41 42,0,74,,447,0,43,0,29,,429,0,41 42,0,71,,448,0,43,0
