2600,'2_6',740,,33480,23,,,0,86,,33481,23,,,0,84,,33482,23,,,0,45,,33483,23,,,0,84,,33484,23,,,0,90,,33485,23,,,0,84,,33486,23,,,0,42,,33487,23,,,0,85,,33488,23,,,0,85,,33489,23,,,0,83,,33490,23,,,0,45,,33491,23,,,0,91,,33492,23,,,0,86,,33493,23,,,0,83,,33494,23,,,0,44,,33495,23,,,0,82,,33496,23,,,0
2600,'5_5',740,,40851,23,,,0,86,,40852,23,,,0,84,,40853,23,,,0,45,,40854,23,,,0,84,,40855,23,,,0,90,,40856,23,,,0,84,,40857,23,,,0,42,,40858,23,,,0,85,,40859,23,,,0,85,,40860,23,,,0,83,,40861,23,,,0,45,,40862,23,,,0,91,,40863,23,,,0,86,,40864,23,,,0,83,,40865,23,,,0,44,,40866,23,,,0,82,,40867,23,,,0
2600,'6_1',740,,40868,23,,,0,86,,40869,23,,,0,84,,40870,23,,,0,45,,40871,23,,,0,84,,40872,23,,,0,90,,40873,23,,,0,84,,40874,23,,,0,42,,40875,23,,,0,85,,40876,23,,,0,85,,40877,23,,,0,83,,40878,23,,,0,45,,40879,23,,,0,91,,40880,23,,,0,86,,40881,23,,,0,83,,40882,23,,,0,44,,40883,23,,,0,82,,40884,23,,,0
2600,'6_2',740,,44990,23,,,0,86,,44991,23,,,0,84,,44992,23,,,0,45,,44993,23,,,0,84,,44994,23,,,0,90,,44995,23,,,0,84,,44996,23,,,0,42,,44997,23,,,0,85,,44998,23,,,0,85,,44999,23,,,0,83,,45000,23,,,0,45,,45001,23,,,0,91,,45002,23,,,0,86,,45003,23,,,0,83,,45004,23,,,0,44,,45005,23,,,0,82,,45006,23,,,0
2600,'6_3',740,,45007,23,,,0,86,,45008,23,,,0,84,,45009,23,,,0,45,,45010,23,,,0,84,,45011,23,,,0,90,,45012,23,,,0,84,,45013,23,,,0,42,,45014,23,,,0,85,,45015,23,,,0,85,,45016,23,,,0,83,,45017,23,,,0,45,,45018,23,,,0,91,,45019,23,,,0,86,,45020,23,,,0,83,,45021,23,,,0,44,,45022,23,,,0,82,,45023,23,,,0
2600,'6_4',740,,45024,23,,,0,86,,45025,23,,,0,84,,45026,23,,,0,45,,45027,23,,,0,84,,45028,23,,,0,90,,45029,23,,,0,84,,45030,23,,,0,42,,45031,23,,,0,85,,45032,23,,,0,85,,45033,23,,,0,83,,45034,23,,,0,45,,45035,23,,,0,91,,45036,23,,,0,86,,45037,23,,,0,83,,45038,23,,,0,44,,45039,23,,,0,82,,45040,23,,,0
2600,'7_1',720,,47310,23,,,0,17,,47321,23,,,0,79,,47322,23,,,0,18,,47323,23,,,0,83,,47324,23,,,0,29,,47325,23,,,0,95,,47311,23,,,0,99,,47312,23,,,0,97,,47313,23,,,0,67,,47314,23,,,0,30,,47329,23,,,0,95,,47330,23,,,0,112,,47315,23,,,0,86,,47316,23,,,0,26,,47326,23,,,0,73,,47327,23,,,0,20,,47317,23,,,0,67,,47318,23,,,0,29,,47319,23,,,0,68,,47332,23,,,0
3000000,'2_6',652,,36384,18,,,0,82,,36385,18,,,0,82,,36386,18,,,0,30,,36387,18,,,0,60,,36388,18,,,0,20,,36389,18,,,0,21,,36390,18,,,0,60,,36391,18,,,0,20,,36392,18,,,0,20,,36393,18,,,0,61,,36394,18,,,0,19,,36395,18,,,0,20,,36396,18,,,0,60,,36397,18,,,0,19,,36398,18,,,0,19,,36399,18,,,0,60,,36400,18,,,0,20,,36401,18,,,0,21,,36402,18,,,0,59,,36403,18,,,0,21,,36404,18,,,0,20,,36405,18,,,0,61,,36406,18,,,0,20,,36407,18,,,0,20,,36408,18,,,0,60,,36409,18,,,0,20,,36410,18,,,0,20,,36411,18,,,0,60,,36412,18,,,0,20,,36413,18,,,0,20,,36414,18,,,0,60,,36415,18,,,0,19,,36416,18,,,0,19,,36417,18,,,0,59,,36418,18,,,0,30,,36419,18,,,0,70,,36420,18,,,0,29,,36421,18,,,0,69,,36422,18,,,0
3000000,'3_7',814,,36423,18,,,0,130,,36424,18,,,0,170,,36425,18,,,0,130,,36426,18,,,0,170,,36427,18,,,0,130,,36428,18,,,0,170,,36429,18,,,0,129,,36430,18,,,0,170,,36431,18,,,0
3000000,'4_7',814,,47850,18,,,0,130,,47851,18,,,0,170,,47858,18,,,0,130,,47857,18,,,0,170,,47856,18,,,0,130,,47854,18,,,0,100,,47864,3,0,14,0,70,,47855,18,,,0,30,,47849,3,0,14,0,70,,47859,3,0,14,0,29,,47853,18,,,0,71,,47860,3,0,14,0,30,,47861,3,0,14,0,69,,47852,18,,,0,31,,47863,3,0,14,0,70,,47862,3,0,14,0
3000000,'5_5',648,,42827,18,,,0,60,,42826,18,,,0,21,,42786,18,,,0,21,,42787,18,,,0,60,,42788,18,,,0,20,,42789,18,,,0,20,,42790,18,,,0,61,,42791,18,,,0,20,,42792,18,,,0,20,,42793,18,,,0,61,,42794,18,,,0,20,,42795,18,,,0,20,,42796,18,,,0,61,,42797,18,,,0,20,,42798,18,,,0,20,,42799,18,,,0,59,,42800,18,,,0,19,,42801,18,,,0,20,,42802,18,,,0,60,,42803,18,,,0,22,,42804,18,,,0,20,,42805,18,,,0,59,,42806,18,,,0,20,,42807,18,,,0,20,,42808,18,,,0,60,,42809,18,,,0,20,,42810,18,,,0,20,,42811,18,,,0,60,,42812,18,,,0,19,,42813,18,,,0,20,,42814,18,,,0,61,,42815,18,,,0,20,,42816,18,,,0,21,,42817,18,,,0,60,,42818,18,,,0,20,,42819,18,,,0,18,,42820,18,,,0,59,,42821,18,,,0,18,,42822,18,,,0,29,,42823,18,,,0,72,,42824,18,,,0,73,,42825,18,,,0
3000000,'6_1',648,,42869,18,,,0,60,,42868,18,,,0,21,,42828,18,,,0,21,,42829,18,,,0,60,,42830,18,,,0,20,,42831,18,,,0,20,,42832,18,,,0,61,,42833,18,,,0,20,,42834,18,,,0,20,,42835,18,,,0,61,,42836,18,,,0,20,,42837,18,,,0,20,,42838,18,,,0,61,,42839,18,,,0,20,,42840,18,,,0,20,,42841,18,,,0,59,,42842,18,,,0,19,,42843,18,,,0,20,,42844,18,,,0,60,,42845,18,,,0,22,,42846,18,,,0,20,,42847,18,,,0,59,,42848,18,,,0,20,,42849,18,,,0,20,,42850,18,,,0,60,,42851,18,,,0,20,,42852,18,,,0,20,,42853,18,,,0,60,,42854,18,,,0,19,,42855,18,,,0,20,,42856,18,,,0,61,,42857,18,,,0,20,,42858,18,,,0,21,,42859,18,,,0,60,,42860,18,,,0,20,,42861,18,,,0,18,,42862,18,,,0,59,,42863,18,,,0,18,,42864,18,,,0,29,,42865,18,,,0,72,,42866,18,,,0,73,,42867,18,,,0
3000000,'6_2',648,,46147,18,,,0,60,,46146,18,,,0,21,,46106,18,,,0,21,,46107,18,,,0,60,,46108,18,,,0,20,,46109,18,,,0,20,,46110,18,,,0,61,,46111,18,,,0,20,,46112,18,,,0,20,,46113,18,,,0,61,,46114,18,,,0,20,,46115,18,,,0,20,,46116,18,,,0,61,,46117,18,,,0,20,,46118,18,,,0,20,,46119,18,,,0,59,,46120,18,,,0,19,,46121,18,,,0,20,,46122,18,,,0,60,,46123,18,,,0,22,,46124,18,,,0,20,,46125,18,,,0,59,,46126,18,,,0,20,,46127,18,,,0,20,,46128,18,,,0,60,,46129,18,,,0,20,,46130,18,,,0,20,,46131,18,,,0,60,,46132,18,,,0,19,,46133,18,,,0,20,,46134,18,,,0,61,,46135,18,,,0,20,,46136,18,,,0,21,,46137,18,,,0,60,,46138,18,,,0,20,,46139,18,,,0,18,,46140,18,,,0,59,,46141,18,,,0,18,,46142,18,,,0,29,,46143,18,,,0,72,,46144,18,,,0,73,,46145,18,,,0
3000000,'6_3',648,,46189,18,,,0,60,,46188,18,,,0,21,,46148,18,,,0,21,,46149,18,,,0,60,,46150,18,,,0,20,,46151,18,,,0,20,,46152,18,,,0,61,,46153,18,,,0,20,,46154,18,,,0,20,,46155,18,,,0,61,,46156,18,,,0,20,,46157,18,,,0,20,,46158,18,,,0,61,,46159,18,,,0,20,,46160,18,,,0,20,,46161,18,,,0,59,,46162,18,,,0,19,,46163,18,,,0,20,,46164,18,,,0,60,,46165,18,,,0,22,,46166,18,,,0,20,,46167,18,,,0,59,,46168,18,,,0,20,,46169,18,,,0,20,,46170,18,,,0,60,,46171,18,,,0,20,,46172,18,,,0,20,,46173,18,,,0,60,,46174,18,,,0,19,,46175,18,,,0,20,,46176,18,,,0,61,,46177,18,,,0,20,,46178,18,,,0,21,,46179,18,,,0,60,,46180,18,,,0,20,,46181,18,,,0,18,,46182,18,,,0,59,,46183,18,,,0,18,,46184,18,,,0,29,,46185,18,,,0,72,,46186,18,,,0,73,,46187,18,,,0
3000000,'6_4',648,,46231,18,,,0,60,,46230,18,,,0,21,,46190,18,,,0,21,,46191,18,,,0,60,,46192,18,,,0,20,,46193,18,,,0,20,,46194,18,,,0,61,,46195,18,,,0,20,,46196,18,,,0,20,,46197,18,,,0,61,,46198,18,,,0,20,,46199,18,,,0,20,,46200,18,,,0,61,,46201,18,,,0,20,,46202,18,,,0,20,,46203,18,,,0,59,,46204,18,,,0,19,,46205,18,,,0,20,,46206,18,,,0,60,,46207,18,,,0,22,,46208,18,,,0,20,,46209,18,,,0,59,,46210,18,,,0,20,,46211,18,,,0,20,,46212,18,,,0,60,,46213,18,,,0,20,,46214,18,,,0,20,,46215,18,,,0,60,,46216,18,,,0,19,,46217,18,,,0,20,,46218,18,,,0,61,,46219,18,,,0,20,,46220,18,,,0,21,,46221,18,,,0,60,,46222,18,,,0,20,,46223,18,,,0,18,,46224,18,,,0,59,,46225,18,,,0,18,,46226,18,,,0,29,,46227,18,,,0,72,,46228,18,,,0,73,,46229,18,,,0
3000000,'7_1',649,,47906,18,,,0,59,,47905,18,,,0,21,,47910,3,0,14,0,4,,47865,18,,,0,9,,47907,3,0,14,0,12,,47866,18,,,0,47,,47908,3,0,14,0,10,,47867,18,,,0,8,,47909,3,0,14,0,12,,47868,18,,,0,20,,47869,18,,,0,62,,47870,18,,,0,20,,47871,18,,,0,20,,47872,18,,,0,61,,47873,18,,,0,17,,47874,18,,,0,21,,47875,18,,,0,60,,47876,18,,,0,20,,47877,18,,,0,21,,47878,18,,,0,61,,47879,18,,,0,19,,47880,18,,,0,21,,47881,18,,,0,59,,47882,18,,,0,20,,47883,18,,,0,19,,47884,18,,,0,60,,47885,18,,,0,21,,47886,18,,,0,20,,47887,18,,,0,61,,47888,18,,,0,19,,47889,18,,,0,19,,47890,18,,,0,61,,47891,18,,,0,16,,47892,18,,,0,20,,47893,18,,,0,61,,47894,18,,,0,20,,47895,18,,,0,20,,47896,18,,,0,59,,47897,18,,,0,20,,47898,18,,,0,20,,47899,18,,,0,60,,47900,18,,,0,19,,47901,18,,,0,29,,47902,18,,,0,73,,47903,18,,,0,72,,47904,18,,,0
