400,'1_6',735,,16027,35,0,40,0,105,,16028,35,0,40,0,72,,16021,47,0,40,0,27,,16029,35,0,40,0,72,,16030,35,0,40,0,30,,16031,35,0,40,0,71,,16022,47,0,40,0,31,,16032,35,0,40,0,70,,16034,35,0,40,0,29,,16033,35,0,40,0,69,,16023,47,0,40,0,31,,16035,35,0,40,0,70,,16036,35,0,40,0,29,,16037,35,0,40,0,73,,16024,47,0,40,0,33,,16038,35,0,40,0,70,,16039,35,0,40,0,30,,16040,35,0,40,0,73,,16025,47,0,40,0,33,,16041,35,0,40,0,70,,16042,35,0,40,0,31,,16043,35,0,40,0,69,,16026,47,0,40,0,31,,16044,35,0,40,0
400,'4_7',934,,16045,35,0,40,0,100,,16046,35,0,40,0,100,,16047,35,0,40,0,100,,16048,35,0,40,0,100,,16049,35,0,40,0,100,,16050,35,0,40,0,100,,16051,35,0,40,0,100,,16052,35,0,40,0,100,,16053,35,0,40,0,100,,16054,35,0,40,0
400,'5_1',744,,16079,36,0,40,0,14,,16083,2,0,23 51,0,1,,16086,36,0,40,0,50,,16055,35,0,40,0,18,,16056,36,0,40,0,11,,16080,35,0,40,0,14,,16057,35,0,40,0,53,,16058,35,0,40,0,30,,16059,35,0,40,0,80,,16060,47,0,40,0,31,,16061,35,0,40,0,70,,16062,35,0,40,0,35,,16063,35,0,40,0,77,,16064,35,0,40,0,21,,16084,35,,,0,72,,16081,48,0,40,0,24,,16065,35,0,40,0,67,,16066,35,0,40,0,29,,16069,47,0,40,0,75,,16067,35,0,40,0,31,,16070,47,0,40,0,77,,16068,35,0,40,0,35,,16087,36,0,40,0,62,,16071,19,0,40,0,10,,16082,48,0,40,0,8,,16072,35,0,40,0,20,,16088,36,,,0,50,,16073,47,0,40,0,23,,16077,19,0,40,0,17,,16085,35,,,0,74,,16075,35,0,40,0,25,,16076,47,0,40,0
400,'5_2',744,,16113,36,0,40,0,14,,16117,2,0,23 51,0,1,,16120,36,0,40,0,50,,16089,35,0,40,0,18,,16090,36,0,40,0,11,,16114,35,0,40,0,14,,16091,35,0,40,0,53,,16092,35,0,40,0,30,,16093,35,0,40,0,80,,16094,47,0,40,0,31,,16095,35,0,40,0,70,,16096,35,0,40,0,35,,16097,35,0,40,0,77,,16098,35,0,40,0,21,,16118,35,,,0,72,,16115,48,0,40,0,24,,16099,35,0,40,0,67,,16100,35,0,40,0,29,,16103,47,0,40,0,75,,16101,35,0,40,0,31,,16104,47,0,40,0,77,,16102,35,0,40,0,35,,16121,36,0,40,0,62,,16105,19,0,40,0,10,,16116,48,0,40,0,8,,16106,35,0,40,0,20,,16122,36,,,0,50,,16107,47,0,40,0,23,,16111,19,0,40,0,17,,16119,35,,,0,74,,16109,35,0,40,0,25,,16110,47,0,40,0
400,'5_4',744,,16147,36,0,40,0,14,,16151,2,0,23 51,0,1,,16154,36,0,40,0,50,,16123,35,0,40,0,18,,16124,36,0,40,0,11,,16148,35,0,40,0,14,,16125,35,0,40,0,53,,16126,35,0,40,0,30,,16127,35,0,40,0,80,,16128,47,0,40,0,31,,16129,35,0,40,0,70,,16130,35,0,40,0,35,,16131,35,0,40,0,77,,16132,35,0,40,0,21,,16152,35,,,0,72,,16149,48,0,40,0,24,,16133,35,0,40,0,67,,16134,35,0,40,0,29,,16137,47,0,40,0,75,,16135,35,0,40,0,31,,16138,47,0,40,0,77,,16136,35,0,40,0,35,,16155,36,0,40,0,62,,16139,19,0,40,0,10,,16150,48,0,40,0,8,,16140,35,0,40,0,20,,16156,36,,,0,50,,16141,47,0,40,0,23,,16145,19,0,40,0,17,,16153,35,,,0,74,,16143,35,0,40,0,25,,16144,47,0,40,0
400,'5_5',744,,16181,36,0,40,0,14,,16185,2,0,23 51,0,1,,16188,36,0,40,0,50,,16157,35,0,40,0,18,,16158,36,0,40,0,11,,16182,35,0,40,0,14,,16159,35,0,40,0,53,,16160,35,0,40,0,30,,16161,35,0,40,0,80,,16162,47,0,40,0,31,,16163,35,0,40,0,70,,16164,35,0,40,0,35,,16165,35,0,40,0,77,,16166,35,0,40,0,21,,16186,35,,,0,72,,16183,48,0,40,0,24,,16167,35,0,40,0,67,,16168,35,0,40,0,29,,16171,47,0,40,0,75,,16169,35,0,40,0,31,,16172,47,0,40,0,77,,16170,35,0,40,0,35,,16189,36,0,40,0,62,,16173,19,0,40,0,10,,16184,48,0,40,0,8,,16174,35,0,40,0,20,,16190,36,,,0,50,,16175,47,0,40,0,23,,16179,19,0,40,0,17,,16187,35,,,0,74,,16177,35,0,40,0,25,,16178,47,0,40,0
400,'6_3',744,,16214,36,0,40,0,14,,16218,2,0,23 51,0,1,,16221,36,0,40,0,50,,16191,35,0,40,0,18,,16192,36,0,40,0,11,,16215,35,0,40,0,14,,16193,35,0,40,0,53,,16194,35,0,40,0,30,,16195,35,0,40,0,80,,16196,47,0,40,0,31,,16197,35,0,40,0,70,,16198,35,0,40,0,35,,16199,35,0,40,0,77,,16200,35,0,40,0,21,,16219,35,,,0,72,,16216,48,0,40,0,24,,16201,35,0,40,0,67,,16202,35,0,40,0,29,,16205,47,0,40,0,75,,16203,35,0,40,0,31,,16206,47,0,40,0,77,,16204,35,0,40,0,35,,16222,36,0,40,0,62,,16207,19,0,40,0,10,,16217,48,0,40,0,8,,16208,35,0,40,0,20,,16223,36,,,0,50,,16209,47,0,40,0,23,,16210,35,0,40,0,17,,16220,35,,,0,74,,16211,35,0,40,0,25,,16212,47,0,40,0
2300,'5_1',1616,,18100,16,,,0,104,,18101,16,,,0,97,,18102,16,,,0
2300,'5_2',1616,,18103,16,,,0,104,,18104,16,,,0,97,,18105,16,,,0
2300,'5_4',1616,,18106,16,,,0,104,,18107,16,,,0,97,,18108,16,,,0
2300,'5_5',1616,,18109,16,,,0,104,,18110,16,,,0,97,,18111,16,,,0
2300,'6_3',1222,,18113,16,,,0,3,,18112,16,,,0
