101,'0_6',721,,63047,28,0,5,0,115,,63048,28,0,5,0,105,,63049,28,0,5,0,70,,63060,28,0,6,0,30,,63050,28,0,5,0,71,,63061,28,0,6,0,30,,63051,28,0,5,0,70,,63062,28,0,6,0,29,,63052,28,0,5,0,69,,63063,28,0,6,0,31,,63053,28,0,5,0,70,,63064,28,0,6,0,30,,63054,28,0,5,0,70,,63065,28,0,6,0,30,,63055,28,0,5,0,72,,63066,28,0,6,0,31,,63056,28,0,5,0,69,,63067,28,0,6,0,33,,63057,28,0,5,0,70,,63068,28,0,6,0,34,,63058,28,0,5,0,65,,63069,28,0,6,0,26,,63059,28,0,5,0
101,'1_7',926,,63070,28,0,6,0,105,,63075,28,0,5,0,105,,63071,28,0,6,0,105,,63076,28,0,5,0,105,,63072,28,0,6,0,90,,63077,28,0,5,0,100,,63073,28,0,6,0,105,,63078,28,0,5,0,105,,63074,28,0,6,0,105,,63079,28,0,5,0
101,'2_1',721,,63080,34,0,5,0,30,,63081,28,0,5,0,75,,63082,34,0,6,0,30,,63084,28,0,5,0,75,,63083,34,0,6,0,75,,63085,28,0,5,0,32,,63089,28,0,6,0,72,,63086,28,0,5,0,32,,63087,28,0,6,0,70,,63088,28,0,5,0,29,,63090,28,0,6,0,70,,63091,28,0,5,0,30,,63092,28,0,6,0,69,,63094,34,0,5,0,31,,63093,28,0,6,0,71,,63095,34,0,5,0,30,,63097,28,0,6,0,71,,63101,28,0,5,0,32,,63100,28,0,6,0,72,,63098,28,0,5,0,30,,63099,28,0,6,0,70,,63096,34,0,5,0,24,,63102,28,0,6,0,70,,63103,34,0,5,0,25,,63104,28,0,6,0
101,'2_2',721,,63105,34,0,5,0,30,,63106,28,0,5,0,75,,63107,34,0,6,0,30,,63109,28,0,5,0,75,,63108,34,0,6,0,75,,63110,28,0,5,0,32,,63114,28,0,6,0,72,,63111,28,0,5,0,32,,63112,28,0,6,0,70,,63113,28,0,5,0,29,,63115,28,0,6,0,70,,63116,28,0,5,0,30,,63117,28,0,6,0,69,,63119,34,0,5,0,31,,63118,28,0,6,0,71,,63120,34,0,5,0,30,,63122,28,0,6,0,71,,63126,28,0,5,0,32,,63125,28,0,6,0,72,,63123,28,0,5,0,30,,63124,28,0,6,0,70,,63121,34,0,5,0,24,,63127,28,0,6,0,70,,63128,34,0,5,0,25,,63129,28,0,6,0
101,'2_3',721,,63130,34,0,5,0,30,,63131,28,0,5,0,75,,63132,34,0,6,0,30,,63134,28,0,5,0,75,,63133,34,0,6,0,75,,63135,28,0,5,0,32,,63139,28,0,6,0,72,,63136,28,0,5,0,32,,63137,28,0,6,0,70,,63138,28,0,5,0,29,,63140,28,0,6,0,70,,63141,28,0,5,0,30,,63142,28,0,6,0,69,,63144,34,0,5,0,31,,63143,28,0,6,0,71,,63145,34,0,5,0,30,,63147,28,0,6,0,71,,63151,28,0,5,0,32,,63150,28,0,6,0,72,,63148,28,0,5,0,30,,63149,28,0,6,0,70,,63146,34,0,5,0,24,,63152,28,0,6,0,70,,63153,34,0,5,0,25,,63154,28,0,6,0
101,'2_4',721,,63155,34,0,5,0,30,,63156,28,0,5,0,75,,63157,34,0,6,0,30,,63159,28,0,5,0,75,,63158,34,0,6,0,75,,63160,28,0,5,0,32,,63164,28,0,6,0,72,,63161,28,0,5,0,32,,63162,28,0,6,0,70,,63163,28,0,5,0,29,,63165,28,0,6,0,70,,63166,28,0,5,0,30,,63167,28,0,6,0,69,,63169,34,0,5,0,31,,63168,28,0,6,0,71,,63170,34,0,5,0,30,,63172,28,0,6,0,71,,63176,28,0,5,0,32,,63175,28,0,6,0,72,,63173,28,0,5,0,30,,63174,28,0,6,0,70,,63171,34,0,5,0,24,,63177,28,0,6,0,70,,63178,34,0,5,0,25,,63179,28,0,6,0
101,'2_5',721,,63180,34,0,5,0,30,,63181,28,0,5,0,75,,63182,34,0,6,0,30,,63184,28,0,5,0,75,,63183,34,0,6,0,75,,63185,28,0,5,0,32,,63189,28,0,6,0,72,,63186,28,0,5,0,32,,63187,28,0,6,0,70,,63188,28,0,5,0,29,,63190,28,0,6,0,70,,63191,28,0,5,0,30,,63192,28,0,6,0,69,,63194,34,0,5,0,31,,63193,28,0,6,0,71,,63195,34,0,5,0,30,,63197,28,0,6,0,71,,63201,28,0,5,0,32,,63200,28,0,6,0,72,,63198,28,0,5,0,30,,63199,28,0,6,0,70,,63196,34,0,5,0,24,,63202,28,0,6,0,70,,63203,34,0,5,0,25,,63204,28,0,6,0
101,'3_1',721,,63205,34,0,5,0,30,,63206,28,0,5,0,75,,63207,34,0,6,0,30,,63209,28,0,5,0,75,,63208,34,0,6,0,75,,63210,28,0,5,0,32,,63214,28,0,6,0,72,,63211,28,0,5,0,32,,63212,28,0,6,0,70,,63213,28,0,5,0,29,,63215,28,0,6,0,70,,63216,28,0,5,0,30,,63217,28,0,6,0,69,,63219,34,0,5,0,31,,63218,28,0,6,0,71,,63220,34,0,5,0,30,,63222,28,0,6,0,71,,63226,28,0,5,0,32,,63225,28,0,6,0,72,,63223,28,0,5,0,30,,63224,28,0,6,0,70,,63221,34,0,5,0,24,,63227,28,0,6,0,70,,63228,34,0,5,0,25,,63229,28,0,6,0
101,'3_3',721,,63230,34,0,5,0,30,,63231,28,0,5,0,75,,63232,34,0,6,0,30,,63234,28,0,5,0,75,,63233,34,0,6,0,75,,63235,28,0,5,0,32,,63239,28,0,6,0,72,,63236,28,0,5,0,32,,63237,28,0,6,0,70,,63238,28,0,5,0,29,,63240,28,0,6,0,70,,63241,28,0,5,0,30,,63242,28,0,6,0,69,,63244,34,0,5,0,31,,63243,28,0,6,0,71,,63245,34,0,5,0,30,,63247,28,0,6,0,71,,63251,28,0,5,0,32,,63250,28,0,6,0,72,,63248,28,0,5,0,30,,63249,28,0,6,0,70,,63246,34,0,5,0,24,,63252,28,0,6,0,70,,63253,34,0,5,0,25,,63254,28,0,6,0
101,'3_4',721,,63255,34,0,5,0,30,,63256,28,0,5,0,75,,63257,34,0,6,0,30,,63259,28,0,5,0,75,,63258,34,0,6,0,75,,63260,28,0,5,0,32,,63264,28,0,6,0,72,,63261,28,0,5,0,32,,63262,28,0,6,0,70,,63263,28,0,5,0,29,,63265,28,0,6,0,70,,63266,28,0,5,0,30,,63267,28,0,6,0,69,,63269,34,0,5,0,31,,63268,28,0,6,0,71,,63270,34,0,5,0,30,,63272,28,0,6,0,71,,63276,28,0,5,0,32,,63275,28,0,6,0,72,,63273,28,0,5,0,30,,63274,28,0,6,0,70,,63271,34,0,5,0,24,,63277,28,0,6,0,70,,63278,34,0,5,0,25,,63279,28,0,6,0
101,'3_5',721,,63280,34,0,5,0,30,,63281,28,0,5,0,75,,63282,34,0,6,0,30,,63284,28,0,5,0,75,,63283,34,0,6,0,75,,63285,28,0,5,0,32,,63289,28,0,6,0,72,,63286,28,0,5,0,32,,63287,28,0,6,0,70,,63288,28,0,5,0,29,,63290,28,0,6,0,70,,63291,28,0,5,0,30,,63292,28,0,6,0,69,,63294,34,0,5,0,31,,63293,28,0,6,0,71,,63295,34,0,5,0,30,,63297,28,0,6,0,71,,63301,28,0,5,0,32,,63300,28,0,6,0,72,,63298,28,0,5,0,30,,63299,28,0,6,0,70,,63296,34,0,5,0,24,,63302,28,0,6,0,70,,63303,34,0,5,0,25,,63304,28,0,6,0
101,'4_7',926,,63305,28,0,6,0,105,,63310,28,0,5,0,105,,63306,28,0,6,0,105,,63311,28,0,5,0,105,,63307,28,0,6,0,90,,63312,28,0,5,0,100,,63308,28,0,6,0,105,,63313,28,0,5,0,105,,63309,28,0,6,0,105,,63314,28,0,5,0
301,'0_6',644,,64459,3,,,0,72,,64460,3,,,0,32,,64461,3,,,0,72,,64462,3,,,0,32,,64463,3,,,0,72,,64464,3,,,0,32,,64465,3,,,0,72,,64466,3,,,0,73,,64467,3,,,0,32,,64468,3,,,0,73,,64469,3,,,0,31,,64434,3,,,0,67,,64435,3,,,0,27,,64436,3,,,0,26,,64437,3,,,0,68,,64438,3,,,0,27,,64439,3,,,0,69,,64440,3,,,0,28,,64458,3,,,0,69,,64441,3,,,0,32,,64442,3,,,0,72,,64443,3,,,0,28,,64444,3,,,0,68,,64445,3,,,0,27,,64446,3,,,0,67,,64447,3,,,0,27,,64448,3,,,0,67,,64470,3,,,0,26,,64449,3,,,0,19,,64450,3,0,67 68,0,70,,64451,3,0,67 68,0,30,,64452,3,0,67 68,0,70,,64453,3,0,67 68,0,30,,64454,3,0,67 68,0,70,,64455,3,0,67 68,0,30,,64456,3,0,67 68,0,70,,64457,3,0,67 68,0
301,'1_7',748,,64492,3,,,0,72,,64487,3,,,0,32,,64493,3,,,0,72,,64488,3,,,0,32,,64494,3,,,0,72,,64489,3,,,0,73,,64495,3,,,0,32,,64490,3,,,0,73,,64496,3,,,0,31,,64471,3,,,0,67,,64472,3,,,0,27,,64473,3,,,0,26,,64474,3,,,0,68,,64475,3,,,0,27,,64476,3,,,0,69,,64477,3,,,0,28,,64497,3,,,0,69,,64478,3,,,0,32,,64479,3,,,0,72,,64480,3,,,0,28,,64481,3,,,0,68,,64482,3,,,0,27,,64483,3,,,0,67,,64484,3,,,0,27,,64485,3,,,0,67,,64491,3,,,0,26,,64486,3,,,0
301,'2_1',644,,64515,3,,,0,72,,64516,3,,,0,32,,64517,3,,,0,72,,64518,3,,,0,32,,64519,3,,,0,72,,64520,3,,,0,32,,64521,3,,,0,72,,64522,3,,,0,73,,64523,3,,,0,32,,64524,3,,,0,73,,64525,3,,,0,31,,64498,3,,,0,67,,64499,3,,,0,27,,64500,3,,,0,26,,64501,3,,,0,68,,64502,3,,,0,27,,64503,3,,,0,69,,64504,3,,,0,28,,64514,3,,,0,69,,64505,3,,,0,32,,64506,3,,,0,72,,64507,3,,,0,28,,64508,3,,,0,68,,64509,3,,,0,27,,64510,3,,,0,67,,64511,3,,,0,27,,64512,3,,,0,67,,64526,3,,,0,26,,64513,3,,,0
301,'2_2',644,,64544,3,,,0,72,,64545,3,,,0,32,,64546,3,,,0,72,,64547,3,,,0,32,,64548,3,,,0,72,,64549,3,,,0,32,,64550,3,,,0,72,,64551,3,,,0,73,,64552,3,,,0,32,,64553,3,,,0,73,,64554,3,,,0,31,,64527,3,,,0,67,,64528,3,,,0,27,,64529,3,,,0,26,,64530,3,,,0,68,,64531,3,,,0,27,,64532,3,,,0,69,,64533,3,,,0,28,,64543,3,,,0,69,,64534,3,,,0,32,,64535,3,,,0,72,,64536,3,,,0,28,,64537,3,,,0,68,,64538,3,,,0,27,,64539,3,,,0,67,,64540,3,,,0,27,,64541,3,,,0,67,,64555,3,,,0,26,,64542,3,,,0
301,'2_3',644,,64573,3,,,0,72,,64574,3,,,0,32,,64575,3,,,0,72,,64576,3,,,0,32,,64577,3,,,0,72,,64578,3,,,0,32,,64579,3,,,0,72,,64580,3,,,0,73,,64581,3,,,0,32,,64582,3,,,0,73,,64583,3,,,0,31,,64556,3,,,0,67,,64557,3,,,0,27,,64558,3,,,0,26,,64559,3,,,0,68,,64560,3,,,0,27,,64561,3,,,0,69,,64562,3,,,0,28,,64572,3,,,0,69,,64563,3,,,0,32,,64564,3,,,0,72,,64565,3,,,0,28,,64566,3,,,0,68,,64567,3,,,0,27,,64568,3,,,0,67,,64569,3,,,0,27,,64570,3,,,0,67,,64584,3,,,0,26,,64571,3,,,0
301,'2_4',644,,64602,3,,,0,72,,64603,3,,,0,32,,64604,3,,,0,72,,64605,3,,,0,32,,64606,3,,,0,72,,64607,3,,,0,32,,64608,3,,,0,72,,64609,3,,,0,73,,64610,3,,,0,32,,64611,3,,,0,73,,64612,3,,,0,31,,64585,3,,,0,67,,64586,3,,,0,27,,64587,3,,,0,26,,64588,3,,,0,68,,64589,3,,,0,27,,64590,3,,,0,69,,64591,3,,,0,28,,64601,3,,,0,69,,64592,3,,,0,32,,64593,3,,,0,72,,64594,3,,,0,28,,64595,3,,,0,68,,64596,3,,,0,27,,64597,3,,,0,67,,64598,3,,,0,27,,64599,3,,,0,67,,64613,3,,,0,26,,64600,3,,,0
301,'2_5',644,,64639,3,,,0,72,,64640,3,,,0,32,,64641,3,,,0,72,,64642,3,,,0,32,,64643,3,,,0,72,,64644,3,,,0,32,,64645,3,,,0,72,,64646,3,,,0,73,,64647,3,,,0,32,,64648,3,,,0,73,,64649,3,,,0,31,,64614,3,,,0,67,,64615,3,,,0,27,,64616,3,,,0,26,,64617,3,,,0,68,,64618,3,,,0,27,,64619,3,,,0,69,,64620,3,,,0,28,,64638,3,,,0,69,,64621,3,,,0,32,,64622,3,,,0,72,,64623,3,,,0,28,,64624,3,,,0,68,,64625,3,,,0,27,,64626,3,,,0,67,,64627,3,,,0,27,,64628,3,,,0,67,,64650,3,,,0,26,,64629,3,,,0,19,,64630,3,0,67 68,0,70,,64631,3,0,67 68,0,30,,64632,3,0,67 68,0,70,,64633,3,0,67 68,0,30,,64634,3,0,67 68,0,70,,64635,3,0,67 68,0,30,,64636,3,0,67 68,0,70,,64637,3,0,67 68,0
301,'3_1',644,,64668,3,,,0,72,,64669,3,,,0,32,,64670,3,,,0,72,,64671,3,,,0,32,,64672,3,,,0,72,,64673,3,,,0,32,,64674,3,,,0,72,,64675,3,,,0,73,,64676,3,,,0,32,,64677,3,,,0,73,,64678,3,,,0,31,,64651,3,,,0,67,,64652,3,,,0,27,,64653,3,,,0,26,,64654,3,,,0,68,,64655,3,,,0,27,,64656,3,,,0,69,,64657,3,,,0,28,,64667,3,,,0,69,,64658,3,,,0,32,,64659,3,,,0,72,,64660,3,,,0,28,,64661,3,,,0,68,,64662,3,,,0,27,,64663,3,,,0,67,,64664,3,,,0,27,,64665,3,,,0,67,,64679,3,,,0,26,,64666,3,,,0
301,'3_3',644,,64697,3,,,0,72,,64698,3,,,0,32,,64699,3,,,0,72,,64700,3,,,0,32,,64701,3,,,0,72,,64702,3,,,0,32,,64703,3,,,0,72,,64704,3,,,0,73,,64705,3,,,0,32,,64706,3,,,0,73,,64707,3,,,0,31,,64680,3,,,0,67,,64681,3,,,0,27,,64682,3,,,0,26,,64683,3,,,0,68,,64684,3,,,0,27,,64685,3,,,0,69,,64686,3,,,0,28,,64696,3,,,0,69,,64687,3,,,0,32,,64688,3,,,0,72,,64689,3,,,0,28,,64690,3,,,0,68,,64691,3,,,0,27,,64692,3,,,0,67,,64693,3,,,0,27,,64694,3,,,0,67,,64708,3,,,0,26,,64695,3,,,0
301,'3_4',644,,64726,3,,,0,72,,64727,3,,,0,32,,64728,3,,,0,72,,64729,3,,,0,32,,64730,3,,,0,72,,64731,3,,,0,32,,64732,3,,,0,72,,64733,3,,,0,73,,64734,3,,,0,32,,64735,3,,,0,73,,64736,3,,,0,31,,64709,3,,,0,67,,64710,3,,,0,27,,64711,3,,,0,26,,64712,3,,,0,68,,64713,3,,,0,27,,64714,3,,,0,69,,64715,3,,,0,28,,64725,3,,,0,69,,64716,3,,,0,32,,64717,3,,,0,72,,64718,3,,,0,28,,64719,3,,,0,68,,64720,3,,,0,27,,64721,3,,,0,67,,64722,3,,,0,27,,64723,3,,,0,67,,64737,3,,,0,26,,64724,3,,,0
301,'3_5',644,,64763,3,,,0,72,,64764,3,,,0,32,,64765,3,,,0,72,,64766,3,,,0,32,,64767,3,,,0,72,,64768,3,,,0,32,,64769,3,,,0,72,,64770,3,,,0,73,,64771,3,,,0,32,,64772,3,,,0,73,,64773,3,,,0,31,,64738,3,,,0,67,,64739,3,,,0,27,,64740,3,,,0,26,,64741,3,,,0,68,,64742,3,,,0,27,,64743,3,,,0,69,,64744,3,,,0,28,,64762,3,,,0,69,,64745,3,,,0,32,,64746,3,,,0,72,,64747,3,,,0,28,,64748,3,,,0,68,,64749,3,,,0,27,,64750,3,,,0,67,,64751,3,,,0,27,,64752,3,,,0,67,,64774,3,,,0,26,,64753,3,,,0,19,,64754,3,0,67 68,0,70,,64755,3,0,67 68,0,30,,64756,3,0,67 68,0,70,,64757,3,0,67 68,0,30,,64758,3,0,67 68,0,70,,64759,3,0,67 68,0,30,,64760,3,0,67 68,0,70,,64761,3,0,67 68,0
301,'4_7',644,,64792,3,,,0,72,,64793,3,,,0,32,,64794,3,,,0,72,,64795,3,,,0,32,,64796,3,,,0,72,,64797,3,,,0,32,,64798,3,,,0,72,,64799,3,,,0,73,,64800,3,,,0,32,,64801,3,,,0,73,,64802,3,,,0,31,,64775,3,,,0,67,,64776,3,,,0,27,,64777,3,,,0,26,,64778,3,,,0,68,,64779,3,,,0,27,,64780,3,,,0,69,,64781,3,,,0,28,,64791,3,,,0,69,,64782,3,,,0,32,,64783,3,,,0,72,,64784,3,,,0,28,,64785,3,,,0,68,,64786,3,,,0,27,,64787,3,,,0,67,,64788,3,,,0,27,,64789,3,,,0,67,,64803,3,,,0,26,,64790,3,,,0
401,'0_6',721,,65084,34,,,0,125,,65083,34,0,41,0,70,,65081,34,,,0,23,,65070,34,0,41,0,72,,65082,34,0,41,0,31,,65071,34,0,41,0,75,,65077,34,,,0,26,,65072,34,0,41,0,73,,65073,34,0,41,0,32,,65089,34,0,41,0,71,,65091,34,,,0,32,,65078,34,0,41,0,70,,65069,34,0,41,0,28,,65074,34,0,41,0,68,,65079,34,,,0,27,,65075,34,0,41,0,70,,65092,34,0,41,0,31,,65088,34,0,41,0,66,,65085,34,,,0,25,,65086,34,0,41,0,66,,65090,34,,,0,34,,65087,34,0,41,0,75,,65076,34,0,41,0,35,,65080,34,,,0
401,'1_7',954,,65093,34,,,0,165,,65094,34,,,0,125,,65095,34,,,0,201,,65096,34,,,0,165,,65097,34,,,0,125,,65098,34,,,0,165,,65099,34,,,0
401,'2_1',721,,65110,42,,,0,16,,65111,36,0,41,0,79,,65122,36,0,41,0,35,,65101,37,0,41,0,65,,65123,34,,,0,26,,65102,34,0,41,0,69,,65124,34,0,41,0,31,,65103,34,0,41,0,75,,65118,34,,,0,30,,65104,34,0,41,0,70,,65105,34,0,41,0,32,,65117,36,0,41,0,75,,65115,37,,,0,30,,65119,34,0,41,0,67,,65100,34,0,41,0,28,,65106,34,0,41,0,68,,65120,34,,,0,25,,65107,34,0,41,0,72,,65108,34,,,0,25,,65116,37,0,41,0,68,,65112,36,,,0,29,,65113,39,0,41,0,77,,65125,37,,,0,23,,65114,36,0,41,0,70,,65109,34,0,41,0,38,,65121,34,,,0
401,'2_2',721,,65136,42,,,0,16,,65137,36,0,41,0,79,,65148,36,0,41,0,35,,65127,37,0,41,0,65,,65149,34,,,0,26,,65128,34,0,41,0,69,,65150,34,0,41,0,31,,65129,34,0,41,0,75,,65144,34,,,0,30,,65130,34,0,41,0,70,,65131,34,0,41,0,32,,65143,36,0,41,0,75,,65141,37,,,0,30,,65145,34,0,41,0,67,,65126,34,0,41,0,28,,65132,34,0,41,0,68,,65146,34,,,0,25,,65133,34,0,41,0,72,,65134,34,,,0,25,,65142,37,0,41,0,68,,65138,36,,,0,29,,65139,39,0,41,0,77,,65151,37,,,0,23,,65140,36,0,41,0,70,,65135,34,0,41,0,38,,65147,34,,,0
401,'2_3',721,,65162,42,,,0,16,,65163,36,0,41,0,79,,65174,36,0,41,0,35,,65153,37,0,41,0,65,,65175,34,,,0,26,,65154,34,0,41,0,69,,65176,34,0,41,0,31,,65155,34,0,41,0,75,,65170,34,,,0,30,,65156,34,0,41,0,70,,65157,34,0,41,0,32,,65169,36,0,41,0,75,,65167,37,,,0,30,,65171,34,0,41,0,67,,65152,34,0,41,0,28,,65158,34,0,41,0,68,,65172,34,,,0,25,,65159,34,0,41,0,72,,65160,34,,,0,25,,65168,37,0,41,0,68,,65164,36,,,0,29,,65165,39,0,41,0,77,,65177,37,,,0,23,,65166,36,0,41,0,70,,65161,34,0,41,0,38,,65173,34,,,0
401,'2_4',721,,65188,42,,,0,16,,65189,36,0,41,0,79,,65200,36,0,41,0,35,,65179,37,0,41,0,65,,65201,34,,,0,26,,65180,34,0,41,0,69,,65202,34,0,41,0,31,,65181,34,0,41,0,75,,65196,34,,,0,30,,65182,34,0,41,0,70,,65183,34,0,41,0,32,,65195,36,0,41,0,75,,65193,37,,,0,30,,65197,34,0,41,0,67,,65178,34,0,41,0,28,,65184,34,0,41,0,68,,65198,34,,,0,25,,65185,34,0,41,0,72,,65186,34,,,0,25,,65194,37,0,41,0,68,,65190,36,,,0,29,,65191,39,0,41,0,77,,65203,37,,,0,23,,65192,36,0,41,0,70,,65187,34,0,41,0,38,,65199,34,,,0
401,'2_5',721,,65214,42,,,0,16,,65215,36,0,41,0,79,,65226,36,0,41,0,35,,65205,37,0,41,0,65,,65227,34,,,0,26,,65206,34,0,41,0,69,,65228,34,0,41,0,31,,65207,34,0,41,0,75,,65222,34,,,0,30,,65208,34,0,41,0,70,,65209,34,0,41,0,32,,65221,36,0,41,0,75,,65219,37,,,0,30,,65223,34,0,41,0,67,,65204,34,0,41,0,28,,65210,34,0,41,0,68,,65224,34,,,0,25,,65211,34,0,41,0,72,,65212,34,,,0,25,,65220,37,0,41,0,68,,65216,36,,,0,29,,65217,39,0,41,0,77,,65229,37,,,0,23,,65218,36,0,41,0,70,,65213,34,0,41,0,38,,65225,34,,,0
401,'3_1',721,,65240,42,,,0,16,,65241,36,0,41,0,79,,65252,36,0,41,0,35,,65231,37,0,41,0,65,,65253,34,,,0,26,,65232,34,0,41,0,69,,65254,34,0,41,0,31,,65233,34,0,41,0,75,,65248,34,,,0,30,,65234,34,0,41,0,70,,65235,34,0,41,0,32,,65247,36,0,41,0,75,,65245,37,,,0,30,,65249,34,0,41,0,67,,65230,34,0,41,0,28,,65236,34,0,41,0,68,,65250,34,,,0,25,,65237,34,0,41,0,72,,65238,34,,,0,25,,65246,37,0,41,0,68,,65242,36,,,0,29,,65243,39,0,41,0,77,,65255,37,,,0,23,,65244,36,0,41,0,70,,65239,34,0,41,0,38,,65251,34,,,0
401,'3_3',721,,65266,42,,,0,16,,65267,36,0,41,0,79,,65278,36,0,41,0,35,,65257,37,0,41,0,65,,65279,34,,,0,26,,65258,34,0,41,0,69,,65280,34,0,41,0,31,,65259,34,0,41,0,75,,65274,34,,,0,30,,65260,34,0,41,0,70,,65261,34,0,41,0,32,,65273,36,0,41,0,75,,65271,37,,,0,30,,65275,34,0,41,0,67,,65256,34,0,41,0,28,,65262,34,0,41,0,68,,65276,34,,,0,25,,65263,34,0,41,0,72,,65264,34,,,0,25,,65272,37,0,41,0,68,,65268,36,,,0,29,,65269,39,0,41,0,77,,65281,37,,,0,23,,65270,36,0,41,0,70,,65265,34,0,41,0,38,,65277,34,,,0
401,'3_4',721,,65292,42,,,0,16,,65293,36,0,41,0,79,,65304,36,0,41,0,35,,65283,37,0,41,0,65,,65305,34,,,0,26,,65284,34,0,41,0,69,,65306,34,0,41,0,31,,65285,34,0,41,0,75,,65300,34,,,0,30,,65286,34,0,41,0,70,,65287,34,0,41,0,32,,65299,36,0,41,0,75,,65297,37,,,0,30,,65301,34,0,41,0,67,,65282,34,0,41,0,28,,65288,34,0,41,0,68,,65302,34,,,0,25,,65289,34,0,41,0,72,,65290,34,,,0,25,,65298,37,0,41,0,68,,65294,36,,,0,29,,65295,39,0,41,0,77,,65307,37,,,0,23,,65296,36,0,41,0,70,,65291,34,0,41,0,38,,65303,34,,,0
401,'3_5',721,,65318,42,,,0,16,,65319,36,0,41,0,79,,65330,36,0,41,0,35,,65309,37,0,41,0,65,,65331,34,,,0,26,,65310,34,0,41,0,69,,65332,34,0,41,0,31,,65311,34,0,41,0,75,,65326,34,,,0,30,,65312,34,0,41,0,70,,65313,34,0,41,0,32,,65325,36,0,41,0,75,,65323,37,,,0,30,,65327,34,0,41,0,67,,65308,34,0,41,0,28,,65314,34,0,41,0,68,,65328,34,,,0,25,,65315,34,0,41,0,72,,65316,34,,,0,25,,65324,37,0,41,0,68,,65320,36,,,0,29,,65321,39,0,41,0,77,,65333,37,,,0,23,,65322,36,0,41,0,70,,65317,34,0,41,0,38,,65329,34,,,0
401,'4_7',954,,65334,34,,,0,165,,65335,34,,,0,125,,65336,34,,,0,201,,65337,34,,,0,165,,65338,34,,,0,125,,65339,34,,,0,165,,65340,34,,,0
701,'0_6',721,,66147,18,,,0,110,,66148,18,,,0,110,,66149,18,,,0,110,,66150,18,,,0,150,,66151,18,,,0,110,,66152,18,,,0,110,,66153,18,,,0,110,,66154,18,,,0,110,,66155,18,,,0,110,,66145,18,,,0,150,,66146,18,,,0
701,'2_1',722,,66156,18,,,0,110,,66157,18,,,0,110,,66158,18,,,0,110,,66159,18,,,0,150,,66160,18,,,0,110,,66161,18,,,0,110,,66162,18,,,0,110,,66163,18,,,0,110,,66164,18,,,0,110,,66165,18,,,0,150,,66166,18,,,0
701,'2_2',722,,66167,18,,,0,110,,66168,18,,,0,110,,66169,18,,,0,110,,66170,18,,,0,150,,66171,18,,,0,110,,66172,18,,,0,110,,66173,18,,,0,110,,66174,18,,,0,110,,66175,18,,,0,110,,66176,18,,,0,150,,66177,18,,,0
701,'2_3',722,,66178,18,,,0,110,,66179,18,,,0,110,,66180,18,,,0,110,,66181,18,,,0,150,,66182,18,,,0,110,,66183,18,,,0,110,,66184,18,,,0,110,,66185,18,,,0,110,,66186,18,,,0,110,,66187,18,,,0,150,,66188,18,,,0
701,'2_4',722,,66189,18,,,0,110,,66190,18,,,0,110,,66191,18,,,0,110,,66192,18,,,0,150,,66193,18,,,0,110,,66194,18,,,0,110,,66195,18,,,0,110,,66196,18,,,0,110,,66197,18,,,0,110,,66198,18,,,0,150,,66199,18,,,0
701,'2_5',722,,66200,18,,,0,110,,66201,18,,,0,110,,66202,18,,,0,110,,66203,18,,,0,150,,66204,18,,,0,110,,66205,18,,,0,110,,66206,18,,,0,110,,66207,18,,,0,110,,66208,18,,,0,110,,66209,18,,,0,150,,66210,18,,,0
701,'3_1',722,,66211,18,,,0,110,,66212,18,,,0,110,,66213,18,,,0,110,,66214,18,,,0,150,,66215,18,,,0,110,,66216,18,,,0,110,,66217,18,,,0,110,,66218,18,,,0,110,,66219,18,,,0,110,,66220,18,,,0,150,,66221,18,,,0
701,'3_3',722,,66222,18,,,0,110,,66223,18,,,0,110,,66224,18,,,0,110,,66225,18,,,0,150,,66226,18,,,0,110,,66227,18,,,0,110,,66228,18,,,0,110,,66229,18,,,0,110,,66230,18,,,0,110,,66231,18,,,0,150,,66232,18,,,0
701,'3_4',722,,66233,18,,,0,110,,66234,18,,,0,110,,66235,18,,,0,110,,66236,18,,,0,150,,66237,18,,,0,110,,66238,18,,,0,110,,66239,18,,,0,110,,66240,18,,,0,110,,66241,18,,,0,110,,66242,18,,,0,150,,66243,18,,,0
701,'3_5',722,,66244,18,,,0,110,,66245,18,,,0,110,,66246,18,,,0,110,,66247,18,,,0,150,,66248,18,,,0,110,,66249,18,,,0,110,,66250,18,,,0,110,,66251,18,,,0,110,,66252,18,,,0,110,,66253,18,,,0,150,,66254,18,,,0
2000001,'0_6',649,,70573,12,,,0,80,,70574,12,,,0,79,,70575,12,,,0,31,,70613,12,,,0,61,,70577,12,,,0,20,,70576,12,,,0,20,,70578,12,,,0,60,,70579,12,,,0,19,,70581,12,,,0,19,,70580,12,,,0,20,,70586,12,,,0,60,,70584,12,,,0,17,,70588,12,,,0,19,,70582,12,,,0,59,,70587,12,,,0,20,,70583,12,,,0,17,,70585,12,,,0,58,,70594,12,,,0,18,,70591,12,,,0,20,,70592,12,,,0,61,,70593,12,,,0,18,,70590,12,,,0,17,,70589,12,,,0,59,,70595,12,,,0,21,,70596,12,,,0,20,,70598,12,,,0,59,,70597,12,,,0,20,,70599,12,,,0,20,,70600,12,,,0,61,,70601,12,,,0,20,,70603,12,,,0,19,,70602,12,,,0,59,,70604,12,,,0,19,,70605,12,,,0,18,,70606,12,,,0,19,,70607,12,,,0,57,,70608,12,,,0,18,,70609,12,,,0,23,,70610,12,,,0,64,,70611,12,,,0,23,,70612,12,,,0
2000001,'1_7',820,,70631,12,,,0,80,,70614,12,,,0,40,,70615,12,,,0,80,,70616,12,,,0,80,,70617,12,,,0,40,,70618,12,,,0,80,,70619,12,,,0,80,,70620,12,,,0,40,,70622,12,,,0,80,,70621,12,,,0,80,,70623,12,,,0,40,,70624,12,,,0,80,,70625,12,,,0,80,,70626,12,,,0,40,,70628,12,,,0,80,,70627,12,,,0,80,,70629,12,,,0,40,,70630,12,,,0
2000001,'2_1',651,,70632,12,,,0,67,,70633,12,,,0,19,,70673,12,,,0,20,,70634,12,,,0,60,,70674,12,,,0,21,,70636,12,,,0,62,,70635,12,,,0,21,,70637,12,,,0,21,,70638,12,,,0,60,,70640,12,,,0,19,,70639,12,,,0,19,,70645,12,,,0,18,,70643,12,,,0,59,,70647,12,,,0,18,,70641,12,,,0,19,,70646,12,,,0,59,,70642,12,,,0,19,,70644,12,,,0,18,,70653,12,,,0,58,,70650,12,,,0,19,,70651,12,,,0,20,,70652,12,,,0,60,,70649,12,,,0,18,,70648,12,,,0,18,,70654,12,,,0,59,,70655,12,,,0,21,,70657,12,,,0,20,,70656,12,,,0,59,,70658,12,,,0,20,,70659,12,,,0,19,,70660,12,,,0,61,,70662,12,,,0,20,,70661,12,,,0,20,,70663,12,,,0,61,,70664,12,,,0,19,,70665,12,,,0,20,,70666,12,,,0,60,,70667,12,,,0,19,,70668,12,,,0,20,,70669,12,,,0,59,,70670,12,,,0,19,,70671,12,,,0,22,,70672,12,,,0
2000001,'2_2',651,,70675,12,,,0,67,,70676,12,,,0,19,,70716,12,,,0,20,,70677,12,,,0,60,,70717,12,,,0,21,,70679,12,,,0,62,,70678,12,,,0,21,,70680,12,,,0,21,,70681,12,,,0,60,,70683,12,,,0,19,,70682,12,,,0,19,,70688,12,,,0,18,,70686,12,,,0,59,,70690,12,,,0,18,,70684,12,,,0,19,,70689,12,,,0,59,,70685,12,,,0,19,,70687,12,,,0,18,,70696,12,,,0,58,,70693,12,,,0,19,,70694,12,,,0,20,,70695,12,,,0,60,,70692,12,,,0,18,,70691,12,,,0,18,,70697,12,,,0,59,,70698,12,,,0,21,,70700,12,,,0,20,,70699,12,,,0,59,,70701,12,,,0,20,,70702,12,,,0,19,,70703,12,,,0,61,,70705,12,,,0,20,,70704,12,,,0,20,,70706,12,,,0,61,,70707,12,,,0,19,,70708,12,,,0,20,,70709,12,,,0,60,,70710,12,,,0,19,,70711,12,,,0,20,,70712,12,,,0,59,,70713,12,,,0,19,,70714,12,,,0,22,,70715,12,,,0
2000001,'2_3',651,,70718,12,,,0,67,,70719,12,,,0,19,,70759,12,,,0,20,,70720,12,,,0,60,,70760,12,,,0,21,,70722,12,,,0,62,,70721,12,,,0,21,,70723,12,,,0,21,,70724,12,,,0,60,,70726,12,,,0,19,,70725,12,,,0,19,,70731,12,,,0,18,,70729,12,,,0,59,,70733,12,,,0,18,,70727,12,,,0,19,,70732,12,,,0,59,,70728,12,,,0,19,,70730,12,,,0,18,,70739,12,,,0,58,,70736,12,,,0,19,,70737,12,,,0,20,,70738,12,,,0,60,,70735,12,,,0,18,,70734,12,,,0,18,,70740,12,,,0,59,,70741,12,,,0,21,,70743,12,,,0,20,,70742,12,,,0,59,,70744,12,,,0,20,,70745,12,,,0,19,,70746,12,,,0,61,,70748,12,,,0,20,,70747,12,,,0,20,,70749,12,,,0,61,,70750,12,,,0,19,,70751,12,,,0,20,,70752,12,,,0,60,,70753,12,,,0,19,,70754,12,,,0,20,,70755,12,,,0,59,,70756,12,,,0,19,,70757,12,,,0,22,,70758,12,,,0
2000001,'2_4',651,,70761,12,,,0,67,,70762,12,,,0,19,,70802,12,,,0,20,,70763,12,,,0,60,,70803,12,,,0,21,,70765,12,,,0,62,,70764,12,,,0,21,,70766,12,,,0,21,,70767,12,,,0,60,,70769,12,,,0,19,,70768,12,,,0,19,,70774,12,,,0,18,,70772,12,,,0,59,,70776,12,,,0,18,,70770,12,,,0,19,,70775,12,,,0,59,,70771,12,,,0,19,,70773,12,,,0,18,,70782,12,,,0,58,,70779,12,,,0,19,,70780,12,,,0,20,,70781,12,,,0,60,,70778,12,,,0,18,,70777,12,,,0,18,,70783,12,,,0,59,,70784,12,,,0,21,,70786,12,,,0,20,,70785,12,,,0,59,,70787,12,,,0,20,,70788,12,,,0,19,,70789,12,,,0,61,,70791,12,,,0,20,,70790,12,,,0,20,,70792,12,,,0,61,,70793,12,,,0,19,,70794,12,,,0,20,,70795,12,,,0,60,,70796,12,,,0,19,,70797,12,,,0,20,,70798,12,,,0,59,,70799,12,,,0,19,,70800,12,,,0,22,,70801,12,,,0
2000001,'2_5',651,,70804,12,,,0,67,,70805,12,,,0,19,,70845,12,,,0,20,,70806,12,,,0,60,,70846,12,,,0,21,,70808,12,,,0,62,,70807,12,,,0,21,,70809,12,,,0,21,,70810,12,,,0,60,,70812,12,,,0,19,,70811,12,,,0,19,,70817,12,,,0,18,,70815,12,,,0,59,,70819,12,,,0,18,,70813,12,,,0,19,,70818,12,,,0,59,,70814,12,,,0,19,,70816,12,,,0,18,,70825,12,,,0,58,,70822,12,,,0,19,,70823,12,,,0,20,,70824,12,,,0,60,,70821,12,,,0,18,,70820,12,,,0,18,,70826,12,,,0,59,,70827,12,,,0,21,,70829,12,,,0,20,,70828,12,,,0,59,,70830,12,,,0,20,,70831,12,,,0,19,,70832,12,,,0,61,,70834,12,,,0,20,,70833,12,,,0,20,,70835,12,,,0,61,,70836,12,,,0,19,,70837,12,,,0,20,,70838,12,,,0,60,,70839,12,,,0,19,,70840,12,,,0,20,,70841,12,,,0,59,,70842,12,,,0,19,,70843,12,,,0,22,,70844,12,,,0
2000001,'3_1',651,,70847,12,,,0,67,,70848,12,,,0,19,,70888,12,,,0,20,,70849,12,,,0,60,,70889,12,,,0,21,,70851,12,,,0,62,,70850,12,,,0,21,,70852,12,,,0,21,,70853,12,,,0,60,,70855,12,,,0,19,,70854,12,,,0,19,,70860,12,,,0,18,,70858,12,,,0,59,,70862,12,,,0,18,,70856,12,,,0,19,,70861,12,,,0,59,,70857,12,,,0,19,,70859,12,,,0,18,,70868,12,,,0,58,,70865,12,,,0,19,,70866,12,,,0,20,,70867,12,,,0,60,,70864,12,,,0,18,,70863,12,,,0,18,,70869,12,,,0,59,,70870,12,,,0,21,,70872,12,,,0,20,,70871,12,,,0,59,,70873,12,,,0,20,,70874,12,,,0,19,,70875,12,,,0,61,,70877,12,,,0,20,,70876,12,,,0,20,,70878,12,,,0,61,,70879,12,,,0,19,,70880,12,,,0,20,,70881,12,,,0,60,,70882,12,,,0,19,,70883,12,,,0,20,,70884,12,,,0,59,,70885,12,,,0,19,,70886,12,,,0,22,,70887,12,,,0
2000001,'3_3',651,,70890,12,,,0,67,,70891,12,,,0,19,,70931,12,,,0,20,,70892,12,,,0,60,,70932,12,,,0,21,,70894,12,,,0,62,,70893,12,,,0,21,,70895,12,,,0,21,,70896,12,,,0,60,,70898,12,,,0,19,,70897,12,,,0,19,,70903,12,,,0,18,,70901,12,,,0,59,,70905,12,,,0,18,,70899,12,,,0,19,,70904,12,,,0,59,,70900,12,,,0,19,,70902,12,,,0,18,,70911,12,,,0,58,,70908,12,,,0,19,,70909,12,,,0,20,,70910,12,,,0,60,,70907,12,,,0,18,,70906,12,,,0,18,,70912,12,,,0,59,,70913,12,,,0,21,,70915,12,,,0,20,,70914,12,,,0,59,,70916,12,,,0,20,,70917,12,,,0,19,,70918,12,,,0,61,,70920,12,,,0,20,,70919,12,,,0,20,,70921,12,,,0,61,,70922,12,,,0,19,,70923,12,,,0,20,,70924,12,,,0,60,,70925,12,,,0,19,,70926,12,,,0,20,,70927,12,,,0,59,,70928,12,,,0,19,,70929,12,,,0,22,,70930,12,,,0
2000001,'3_4',651,,70933,12,,,0,67,,70934,12,,,0,19,,70974,12,,,0,20,,70935,12,,,0,60,,70975,12,,,0,21,,70937,12,,,0,62,,70936,12,,,0,21,,70938,12,,,0,21,,70939,12,,,0,60,,70941,12,,,0,19,,70940,12,,,0,19,,70946,12,,,0,18,,70944,12,,,0,59,,70948,12,,,0,18,,70942,12,,,0,19,,70947,12,,,0,59,,70943,12,,,0,19,,70945,12,,,0,18,,70954,12,,,0,58,,70951,12,,,0,19,,70952,12,,,0,20,,70953,12,,,0,60,,70950,12,,,0,18,,70949,12,,,0,18,,70955,12,,,0,59,,70956,12,,,0,21,,70958,12,,,0,20,,70957,12,,,0,59,,70959,12,,,0,20,,70960,12,,,0,19,,70961,12,,,0,61,,70963,12,,,0,20,,70962,12,,,0,20,,70964,12,,,0,61,,70965,12,,,0,19,,70966,12,,,0,20,,70967,12,,,0,60,,70968,12,,,0,19,,70969,12,,,0,20,,70970,12,,,0,59,,70971,12,,,0,19,,70972,12,,,0,22,,70973,12,,,0
2000001,'3_5',651,,70976,12,,,0,67,,70977,12,,,0,19,,71017,12,,,0,20,,70978,12,,,0,60,,71018,12,,,0,21,,70980,12,,,0,62,,70979,12,,,0,21,,70981,12,,,0,21,,70982,12,,,0,60,,70984,12,,,0,19,,70983,12,,,0,19,,70989,12,,,0,18,,70987,12,,,0,59,,70991,12,,,0,18,,70985,12,,,0,19,,70990,12,,,0,59,,70986,12,,,0,19,,70988,12,,,0,18,,70997,12,,,0,58,,70994,12,,,0,19,,70995,12,,,0,20,,70996,12,,,0,60,,70993,12,,,0,18,,70992,12,,,0,18,,70998,12,,,0,59,,70999,12,,,0,21,,71001,12,,,0,20,,71000,12,,,0,59,,71002,12,,,0,20,,71003,12,,,0,19,,71004,12,,,0,61,,71006,12,,,0,20,,71005,12,,,0,20,,71007,12,,,0,61,,71008,12,,,0,19,,71009,12,,,0,20,,71010,12,,,0,60,,71011,12,,,0,19,,71012,12,,,0,20,,71013,12,,,0,59,,71014,12,,,0,19,,71015,12,,,0,22,,71016,12,,,0
2000001,'4_7',820,,71036,12,,,0,80,,71019,12,,,0,40,,71020,12,,,0,80,,71021,12,,,0,80,,71022,12,,,0,40,,71023,12,,,0,80,,71024,12,,,0,80,,71025,12,,,0,40,,71027,12,,,0,80,,71026,12,,,0,80,,71028,12,,,0,40,,71029,12,,,0,80,,71030,12,,,0,80,,71031,12,,,0,40,,71033,12,,,0,80,,71032,12,,,0,80,,71034,12,,,0,40,,71035,12,,,0
