500,'S2-0_6',655,,55872,16,,,0,72,,55873,16,,,0,100,,55874,16,,,0,101,,55875,16,,,0,98,,55876,16,,,0,100,,55877,16,,,0,99,,55878,16,,,0,98,,55879,16,,,0,80,,55880,16,,,0,40,,55881,16,,,0,98,,55882,16,,,0,102,,55883,16,,,0,100,,55884,16,,,0,74,,55885,16,,,0,27,,55886,16,,,0,98,,55887,16,,,0
500,'S2-1_7',1210,,55888,16,,,0,191,,55889,16,,,0,151,,55890,16,,,0,184,,55891,16,,,0,191,,55892,16,,,0
500,'S2-2_1',655,,55893,16,,,0,72,,55894,16,,,0,100,,55895,16,,,0,101,,55896,16,,,0,98,,55897,16,,,0,100,,55898,16,,,0,99,,55899,16,,,0,98,,55900,16,,,0,80,,55901,16,,,0,40,,55902,16,,,0,98,,55903,16,,,0,102,,55904,16,,,0,100,,55905,16,,,0,74,,55906,16,,,0,27,,55907,16,,,0,98,,55908,16,,,0
500,'S2-2_2',655,,55909,16,,,0,72,,55910,16,,,0,100,,55911,16,,,0,101,,55912,16,,,0,98,,55913,16,,,0,100,,55914,16,,,0,99,,55915,16,,,0,98,,55916,16,,,0,80,,55917,16,,,0,40,,55918,16,,,0,98,,55919,16,,,0,102,,55920,16,,,0,100,,55921,16,,,0,74,,55922,16,,,0,27,,55923,16,,,0,98,,55924,16,,,0
500,'S2-2_3',655,,55925,16,,,0,72,,55926,16,,,0,100,,55927,16,,,0,101,,55928,16,,,0,98,,55929,16,,,0,100,,55930,16,,,0,99,,55931,16,,,0,98,,55932,16,,,0,80,,55933,16,,,0,40,,55934,16,,,0,98,,55935,16,,,0,102,,55936,16,,,0,100,,55937,16,,,0,74,,55938,16,,,0,27,,55939,16,,,0,98,,55940,16,,,0
500,'S2-2_4',655,,55941,16,,,0,72,,55942,16,,,0,100,,55943,16,,,0,101,,55944,16,,,0,98,,55945,16,,,0,100,,55946,16,,,0,99,,55947,16,,,0,98,,55948,16,,,0,80,,55949,16,,,0,40,,55950,16,,,0,98,,55951,16,,,0,102,,55952,16,,,0,100,,55953,16,,,0,74,,55954,16,,,0,27,,55955,16,,,0,98,,55956,16,,,0
500,'S2-2_5',655,,55957,16,,,0,72,,55958,16,,,0,100,,55959,16,,,0,101,,55960,16,,,0,98,,55961,16,,,0,100,,55962,16,,,0,99,,55963,16,,,0,98,,55964,16,,,0,80,,55965,16,,,0,40,,55966,16,,,0,98,,55967,16,,,0,102,,55968,16,,,0,100,,55969,16,,,0,74,,55970,16,,,0,27,,55971,16,,,0,98,,55972,16,,,0
500,'S2-3_1',655,,55973,16,,,0,72,,55974,16,,,0,100,,55975,16,,,0,101,,55976,16,,,0,98,,55977,16,,,0,100,,55978,16,,,0,99,,55979,16,,,0,98,,55980,16,,,0,80,,55981,16,,,0,40,,55982,16,,,0,98,,55983,16,,,0,102,,55984,16,,,0,100,,55985,16,,,0,74,,55986,16,,,0,27,,55987,16,,,0,98,,55988,16,,,0
500,'S2-3_3',655,,55989,16,,,0,72,,55990,16,,,0,100,,55991,16,,,0,101,,55992,16,,,0,98,,55993,16,,,0,100,,55994,16,,,0,99,,55995,16,,,0,98,,55996,16,,,0,80,,55997,16,,,0,40,,55998,16,,,0,98,,55999,16,,,0,102,,56000,16,,,0,100,,56001,16,,,0,74,,56002,16,,,0,27,,56003,16,,,0,98,,56004,16,,,0
500,'S2-3_4',655,,56005,16,,,0,72,,56006,16,,,0,100,,56007,16,,,0,101,,56008,16,,,0,98,,56009,16,,,0,100,,56010,16,,,0,99,,56011,16,,,0,98,,56012,16,,,0,80,,56013,16,,,0,40,,56014,16,,,0,98,,56015,16,,,0,102,,56016,16,,,0,100,,56017,16,,,0,74,,56018,16,,,0,27,,56019,16,,,0,98,,56020,16,,,0
500,'S2-4_7',1210,,56021,16,,,0,191,,56022,16,,,0,151,,56023,16,,,0,184,,56024,16,,,0,191,,56025,16,,,0
