100,'2_6',700,,29921,10,0,61 8,0,108,,29933,10,0,61 8,0,94,,29922,10,0,61 8,0,30,,29934,10,0,61 8,0,69,,29923,10,0,61 8,0,33,,29935,10,0,61 8,0,69,,29924,10,0,61 8,0,29,,29936,10,0,61 8,0,71,,29925,10,0,61 8,0,30,,29937,10,0,61 8,0,70,,29926,10,0,61 8,0,30,,29938,10,0,61 8,0,69,,29927,10,0,61 8,0,31,,29939,10,0,61 8,0,69,,29928,10,0,61 8,0,31,,29940,10,0,61 8,0,70,,29929,10,0,61 8,0,31,,29941,10,0,61 8,0,73,,29930,10,0,61 8,0,29,,29942,10,0,61 8,0,70,,29931,10,0,61 8,0,32,,29943,10,0,61 8,0,69,,29932,10,0,61 8,0
100,'3_7',905,,29944,10,0,61 8,0,105,,29949,10,0,61 8,0,106,,29945,10,0,61 8,0,104,,29950,10,0,61 8,0,90,,29946,10,0,61 8,0,100,,29951,10,0,61 8,0,105,,29947,10,0,61 8,0,105,,29952,10,0,61 8,0,105,,29948,10,0,61 8,0,106,,29953,10,0,61 8,0
100,'5_1',659,,37339,10,,,0,55,,37336,10,0,61 8,0,15,,37340,10,0,61 8,0,15,,37327,10,,,0,15,,37346,10,0,61 8,0,56,,37337,10,0,9 10,0,15,,37341,10,0,61 8,0,23,,37328,10,0,61 8,0,79,,37342,10,0,61 8,0,81,,37329,10,0,61 8,0,39,,37343,10,0,61 8,0,75,,37330,10,0,61 8,0,21,,37347,10,,,0,65,,37348,10,,,0,31,,37331,10,0,61 8,0,65,,37344,10,0,61 8,0,24,,37332,10,0,61 8,0,71,,37345,10,0,61 8,0,38,,37333,10,0,61 8,0,70,,37349,10,0,61 8,0,31,,37338,10,0,61 8,0,63,,37350,10,,,0,34,,37334,10,,,0,72,,37351,10,,,0,30,,37335,10,,,0,71,,37325,10,,,0,37,,37352,10,0,61 8,0,65,,37326,10,,,0
100,'5_2',659,,38371,10,,,0,55,,38368,10,0,61 8,0,15,,38372,10,0,61 8,0,15,,38359,10,,,0,15,,38378,10,0,61 8,0,56,,38369,10,0,9 10,0,15,,38373,10,0,61 8,0,23,,38360,10,0,61 8,0,79,,38374,10,0,61 8,0,81,,38361,10,0,61 8,0,39,,38375,10,0,61 8,0,75,,38362,10,0,61 8,0,21,,38379,10,,,0,65,,38380,10,,,0,31,,38363,10,0,61 8,0,65,,38376,10,0,61 8,0,24,,38364,10,0,61 8,0,71,,38377,10,0,61 8,0,38,,38365,10,0,61 8,0,70,,38381,10,0,61 8,0,31,,38370,10,0,61 8,0,63,,38382,10,,,0,34,,38366,10,,,0,72,,38383,10,,,0,30,,38367,10,,,0,71,,38357,10,,,0,37,,38384,10,0,61 8,0,65,,38358,10,,,0
100,'5_3',659,,38399,10,,,0,55,,38396,10,0,61 8,0,15,,38400,10,0,61 8,0,15,,38387,10,,,0,15,,38406,10,0,61 8,0,56,,38397,10,0,9 10,0,15,,38401,10,0,61 8,0,23,,38388,10,0,61 8,0,79,,38402,10,0,61 8,0,81,,38389,10,0,61 8,0,39,,38403,10,0,61 8,0,75,,38390,10,0,61 8,0,21,,38407,10,,,0,65,,38408,10,,,0,31,,38391,10,0,61 8,0,65,,38404,10,0,61 8,0,24,,38392,10,0,61 8,0,71,,38405,10,0,61 8,0,38,,38393,10,0,61 8,0,70,,38409,10,0,61 8,0,31,,38398,10,0,61 8,0,63,,38410,10,,,0,34,,38394,10,,,0,72,,38411,10,,,0,30,,38395,10,,,0,71,,38385,10,,,0,37,,38412,10,0,61 8,0,65,,38386,10,,,0
100,'5_4',659,,38427,10,,,0,55,,38424,10,0,61 8,0,15,,38428,10,0,61 8,0,15,,38415,10,,,0,15,,38434,10,0,61 8,0,56,,38425,10,0,9 10,0,15,,38429,10,0,61 8,0,23,,38416,10,0,61 8,0,79,,38430,10,0,61 8,0,81,,38417,10,0,61 8,0,39,,38431,10,0,61 8,0,75,,38418,10,0,61 8,0,21,,38435,10,,,0,65,,38436,10,,,0,31,,38419,10,0,61 8,0,65,,38432,10,0,61 8,0,24,,38420,10,0,61 8,0,71,,38433,10,0,61 8,0,38,,38421,10,0,61 8,0,70,,38437,10,0,61 8,0,31,,38426,10,0,61 8,0,63,,38438,10,,,0,34,,38422,10,,,0,72,,38439,10,,,0,30,,38423,10,,,0,71,,38413,10,,,0,37,,38440,10,0,61 8,0,65,,38414,10,,,0
100,'5_5',659,,38455,10,,,0,55,,38452,10,0,61 8,0,15,,38456,10,0,61 8,0,15,,38443,10,,,0,15,,38462,10,0,61 8,0,56,,38453,10,0,9 10,0,15,,38457,10,0,61 8,0,23,,38444,10,0,61 8,0,79,,38458,10,0,61 8,0,81,,38445,10,0,61 8,0,39,,38459,10,0,61 8,0,75,,38446,10,0,61 8,0,21,,38463,10,,,0,65,,38464,10,,,0,31,,38447,10,0,61 8,0,65,,38460,10,0,61 8,0,24,,38448,10,0,61 8,0,71,,38461,10,0,61 8,0,38,,38449,10,0,61 8,0,70,,38465,10,0,61 8,0,31,,38454,10,0,61 8,0,63,,38466,10,,,0,34,,38450,10,,,0,72,,38467,10,,,0,30,,38451,10,,,0,71,,38441,10,,,0,37,,38468,10,0,61 8,0,65,,38442,10,,,0
100,'6_1',659,,38483,10,,,0,55,,38480,10,0,61 8,0,15,,38484,10,0,61 8,0,15,,38471,10,,,0,15,,38490,10,0,61 8,0,56,,38481,10,0,9 10,0,15,,38485,10,0,61 8,0,23,,38472,10,0,61 8,0,79,,38486,10,0,61 8,0,81,,38473,10,0,61 8,0,39,,38487,10,0,61 8,0,75,,38474,10,0,61 8,0,21,,38491,10,,,0,65,,38492,10,,,0,31,,38475,10,0,61 8,0,65,,38488,10,0,61 8,0,24,,38476,10,0,61 8,0,71,,38489,10,0,61 8,0,38,,38477,10,0,61 8,0,70,,38493,10,0,61 8,0,31,,38482,10,0,61 8,0,63,,38494,10,,,0,34,,38478,10,,,0,72,,38495,10,,,0,30,,38479,10,,,0,71,,38469,10,,,0,37,,38496,10,0,61 8,0,65,,38470,10,,,0
100,'6_2',659,,43534,10,,,0,55,,43531,10,0,61 8,0,15,,43535,10,0,61 8,0,15,,43522,10,,,0,15,,43541,10,0,61 8,0,56,,43532,10,0,9 10,0,15,,43536,10,0,61 8,0,23,,43523,10,0,61 8,0,79,,43537,10,0,61 8,0,81,,43524,10,0,61 8,0,39,,43538,10,0,61 8,0,75,,43525,10,0,61 8,0,21,,43542,10,,,0,65,,43543,10,,,0,31,,43526,10,0,61 8,0,65,,43539,10,0,61 8,0,24,,43527,10,0,61 8,0,71,,43540,10,0,61 8,0,38,,43528,10,0,61 8,0,70,,43544,10,0,61 8,0,31,,43533,10,0,61 8,0,63,,43545,10,,,0,34,,43529,10,,,0,72,,43546,10,,,0,30,,43530,10,,,0,71,,43520,10,,,0,37,,43547,10,0,61 8,0,65,,43521,10,,,0
100,'6_3',659,,43562,10,,,0,55,,43559,10,0,61 8,0,15,,43563,10,0,61 8,0,15,,43550,10,,,0,15,,43569,10,0,61 8,0,56,,43560,10,0,9 10,0,15,,43564,10,0,61 8,0,23,,43551,10,0,61 8,0,79,,43565,10,0,61 8,0,81,,43552,10,0,61 8,0,39,,43566,10,0,61 8,0,75,,43553,10,0,61 8,0,21,,43570,10,,,0,65,,43571,10,,,0,31,,43554,10,0,61 8,0,65,,43567,10,0,61 8,0,24,,43555,10,0,61 8,0,71,,43568,10,0,61 8,0,38,,43556,10,0,61 8,0,70,,43572,10,0,61 8,0,31,,43561,10,0,61 8,0,63,,43573,10,,,0,34,,43557,10,,,0,72,,43574,10,,,0,30,,43558,10,,,0,71,,43548,10,,,0,37,,43575,10,0,61 8,0,65,,43549,10,,,0
100,'6_4',659,,43590,10,,,0,55,,43587,10,0,61 8,0,15,,43591,10,0,61 8,0,15,,43578,10,,,0,15,,43597,10,0,61 8,0,56,,43588,10,0,9 10,0,15,,43592,10,0,61 8,0,23,,43579,10,0,61 8,0,79,,43593,10,0,61 8,0,81,,43580,10,0,61 8,0,39,,43594,10,0,61 8,0,75,,43581,10,0,61 8,0,21,,43598,10,,,0,65,,43599,10,,,0,31,,43582,10,0,61 8,0,65,,43595,10,0,61 8,0,24,,43583,10,0,61 8,0,71,,43596,10,0,61 8,0,38,,43584,10,0,61 8,0,70,,43600,10,0,61 8,0,31,,43589,10,0,61 8,0,63,,43601,10,,,0,34,,43585,10,,,0,72,,43602,10,,,0,30,,43586,10,,,0,71,,43576,10,,,0,37,,43603,10,0,61 8,0,65,,43577,10,,,0
