301,'S2-0_6',655,,55078,11,,,0,72,,55079,11,,,0,73,,55080,11,,,0,32,,55081,11,,,0,72,,55082,11,,,0,32,,55083,11,,,0,72,,55084,11,,,0,33,,55085,11,,,0,73,,55086,11,,,0,33,,55087,11,,,0,73,,55088,11,,,0,33,,55053,11,,,0,67,,55054,11,,,0,27,,55055,11,,,0,66,,55056,11,,,0,28,,55057,11,,,0,67,,55058,11,,,0,29,,55059,11,,,0,68,,55077,11,,,0,26,,55060,11,,,0,72,,55061,11,,,0,34,,55062,11,,,0,68,,55063,11,,,0,28,,55064,11,,,0,25,,55065,11,,,0,66,,55066,11,,,0,27,,55067,11,,,0,67,,55089,11,,,0,25,,55068,11,,,0,58,,55069,11,0,67 68,0,30,,55070,11,0,67 68,0,70,,55071,11,0,67 68,0,30,,55072,11,0,67 68,0,70,,55073,11,0,67 68,0,30,,55074,11,0,67 68,0,69,,55075,11,0,67 68,0,30,,55076,11,0,67 68,0
301,'S2-1_7',800,,55111,11,,,0,32,,55106,11,,,0,72,,55112,11,,,0,32,,55107,11,,,0,72,,55113,11,,,0,33,,55108,11,,,0,73,,55114,11,,,0,33,,55109,11,,,0,73,,55115,11,,,0,33,,55090,11,,,0,67,,55091,11,,,0,27,,55092,11,,,0,66,,55093,11,,,0,28,,55094,11,,,0,67,,55095,11,,,0,29,,55096,11,,,0,68,,55116,11,,,0,26,,55097,11,,,0,72,,55098,11,,,0,34,,55099,11,,,0,68,,55100,11,,,0,28,,55101,11,,,0,25,,55102,11,,,0,66,,55103,11,,,0,27,,55104,11,,,0,67,,55110,11,,,0,25,,55105,11,,,0
301,'S2-2_1',655,,55134,11,,,0,72,,55135,11,,,0,73,,55136,11,,,0,32,,55137,11,,,0,72,,55138,11,,,0,32,,55139,11,,,0,72,,55140,11,,,0,33,,55141,11,,,0,73,,55142,11,,,0,33,,55143,11,,,0,73,,55144,11,,,0,33,,55117,11,,,0,67,,55118,11,,,0,27,,55119,11,,,0,66,,55120,11,,,0,28,,55121,11,,,0,67,,55122,11,,,0,29,,55123,11,,,0,68,,55133,11,,,0,26,,55124,11,,,0,72,,55125,11,,,0,34,,55126,11,,,0,68,,55127,11,,,0,28,,55128,11,,,0,25,,55129,11,,,0,66,,55130,11,,,0,27,,55131,11,,,0,67,,55145,11,,,0,25,,55132,11,,,0
301,'S2-2_2',655,,55163,11,,,0,72,,55164,11,,,0,73,,55165,11,,,0,32,,55166,11,,,0,72,,55167,11,,,0,32,,55168,11,,,0,72,,55169,11,,,0,33,,55170,11,,,0,73,,55171,11,,,0,33,,55172,11,,,0,73,,55173,11,,,0,33,,55146,11,,,0,67,,55147,11,,,0,27,,55148,11,,,0,66,,55149,11,,,0,28,,55150,11,,,0,67,,55151,11,,,0,29,,55152,11,,,0,68,,55162,11,,,0,26,,55153,11,,,0,72,,55154,11,,,0,34,,55155,11,,,0,68,,55156,11,,,0,28,,55157,11,,,0,25,,55158,11,,,0,66,,55159,11,,,0,27,,55160,11,,,0,67,,55174,11,,,0,25,,55161,11,,,0
301,'S2-2_3',655,,55192,11,,,0,72,,55193,11,,,0,73,,55194,11,,,0,32,,55195,11,,,0,72,,55196,11,,,0,32,,55197,11,,,0,72,,55198,11,,,0,33,,55199,11,,,0,73,,55200,11,,,0,33,,55201,11,,,0,73,,55202,11,,,0,33,,55175,11,,,0,67,,55176,11,,,0,27,,55177,11,,,0,66,,55178,11,,,0,28,,55179,11,,,0,67,,55180,11,,,0,29,,55181,11,,,0,68,,55191,11,,,0,26,,55182,11,,,0,72,,55183,11,,,0,34,,55184,11,,,0,68,,55185,11,,,0,28,,55186,11,,,0,25,,55187,11,,,0,66,,55188,11,,,0,27,,55189,11,,,0,67,,55203,11,,,0,25,,55190,11,,,0
301,'S2-2_4',655,,55221,11,,,0,72,,55222,11,,,0,73,,55223,11,,,0,32,,55224,11,,,0,72,,55225,11,,,0,32,,55226,11,,,0,72,,55227,11,,,0,33,,55228,11,,,0,73,,55229,11,,,0,33,,55230,11,,,0,73,,55231,11,,,0,33,,55204,11,,,0,67,,55205,11,,,0,27,,55206,11,,,0,66,,55207,11,,,0,28,,55208,11,,,0,67,,55209,11,,,0,29,,55210,11,,,0,68,,55220,11,,,0,26,,55211,11,,,0,72,,55212,11,,,0,34,,55213,11,,,0,68,,55214,11,,,0,28,,55215,11,,,0,25,,55216,11,,,0,66,,55217,11,,,0,27,,55218,11,,,0,67,,55232,11,,,0,25,,55219,11,,,0
301,'S2-2_5',655,,55258,11,,,0,72,,55259,11,,,0,73,,55260,11,,,0,32,,55261,11,,,0,72,,55262,11,,,0,32,,55263,11,,,0,72,,55264,11,,,0,33,,55265,11,,,0,73,,55266,11,,,0,33,,55267,11,,,0,73,,55268,11,,,0,33,,55233,11,,,0,67,,55234,11,,,0,27,,55235,11,,,0,66,,55236,11,,,0,28,,55237,11,,,0,67,,55238,11,,,0,29,,55239,11,,,0,68,,55257,11,,,0,26,,55240,11,,,0,72,,55241,11,,,0,34,,55242,11,,,0,68,,55243,11,,,0,28,,55244,11,,,0,25,,55245,11,,,0,66,,55246,11,,,0,27,,55247,11,,,0,67,,55269,11,,,0,25,,55248,11,,,0,58,,55249,11,0,67 68,0,30,,55250,11,0,67 68,0,70,,55251,11,0,67 68,0,30,,55252,11,0,67 68,0,70,,55253,11,0,67 68,0,30,,55254,11,0,67 68,0,69,,55255,11,0,67 68,0,30,,55256,11,0,67 68,0
301,'S2-3_1',655,,55287,11,,,0,72,,55288,11,,,0,73,,55289,11,,,0,32,,55290,11,,,0,72,,55291,11,,,0,32,,55292,11,,,0,72,,55293,11,,,0,33,,55294,11,,,0,73,,55295,11,,,0,33,,55296,11,,,0,73,,55297,11,,,0,33,,55270,11,,,0,67,,55271,11,,,0,27,,55272,11,,,0,66,,55273,11,,,0,28,,55274,11,,,0,67,,55275,11,,,0,29,,55276,11,,,0,68,,55286,11,,,0,26,,55277,11,,,0,72,,55278,11,,,0,34,,55279,11,,,0,68,,55280,11,,,0,28,,55281,11,,,0,25,,55282,11,,,0,66,,55283,11,,,0,27,,55284,11,,,0,67,,55298,11,,,0,25,,55285,11,,,0
301,'S2-3_3',655,,55316,11,,,0,72,,55317,11,,,0,73,,55318,11,,,0,32,,55319,11,,,0,72,,55320,11,,,0,32,,55321,11,,,0,72,,55322,11,,,0,33,,55323,11,,,0,73,,55324,11,,,0,33,,55325,11,,,0,73,,55326,11,,,0,33,,55299,11,,,0,67,,55300,11,,,0,27,,55301,11,,,0,66,,55302,11,,,0,28,,55303,11,,,0,67,,55304,11,,,0,29,,55305,11,,,0,68,,55315,11,,,0,26,,55306,11,,,0,72,,55307,11,,,0,34,,55308,11,,,0,68,,55309,11,,,0,28,,55310,11,,,0,25,,55311,11,,,0,66,,55312,11,,,0,27,,55313,11,,,0,67,,55327,11,,,0,25,,55314,11,,,0
301,'S2-3_4',655,,55345,11,,,0,72,,55346,11,,,0,73,,55347,11,,,0,32,,55348,11,,,0,72,,55349,11,,,0,32,,55350,11,,,0,72,,55351,11,,,0,33,,55352,11,,,0,73,,55353,11,,,0,33,,55354,11,,,0,73,,55355,11,,,0,33,,55328,11,,,0,67,,55329,11,,,0,27,,55330,11,,,0,66,,55331,11,,,0,28,,55332,11,,,0,67,,55333,11,,,0,29,,55334,11,,,0,68,,55344,11,,,0,26,,55335,11,,,0,72,,55336,11,,,0,34,,55337,11,,,0,68,,55338,11,,,0,28,,55339,11,,,0,25,,55340,11,,,0,66,,55341,11,,,0,27,,55342,11,,,0,67,,55356,11,,,0,25,,55343,11,,,0
301,'S2-4_7',655,,55374,11,,,0,72,,55375,11,,,0,73,,55376,11,,,0,32,,55377,11,,,0,72,,55378,11,,,0,32,,55379,11,,,0,72,,55380,11,,,0,33,,55381,11,,,0,73,,55382,11,,,0,33,,55383,11,,,0,73,,55384,11,,,0,33,,55357,11,,,0,67,,55358,11,,,0,27,,55359,11,,,0,66,,55360,11,,,0,28,,55361,11,,,0,67,,55362,11,,,0,29,,55363,11,,,0,68,,55373,11,,,0,26,,55364,11,,,0,72,,55365,11,,,0,34,,55366,11,,,0,68,,55367,11,,,0,28,,55368,11,,,0,25,,55369,11,,,0,66,,55370,11,,,0,27,,55371,11,,,0,67,,55385,11,,,0,25,,55372,11,,,0
