300,'0_6',706,,64083,23,,,0,29,,64084,23,,,0,68,,64085,23,,,0,30,,64086,23,,,0,75,,64087,23,,,0,32,,64088,23,,,0,75,,64089,23,,,0,34,,64090,23,,,0,72,,64091,23,,,0,33,,64082,23,,,0,73,,64081,23,,,0,73,,64080,23,,,0,32,,64079,23,,,0,71,,64057,23,,,0,28,,64058,23,,,0,69,,64059,23,,,0,28,,64060,23,,,0,28,,64061,23,,,0,69,,64062,23,,,0,32,,64063,23,,,0,68,,64064,23,,,0,27,,64065,23,,,0,68,,64066,23,,,0,29,,64067,23,,,0,67,,64068,23,,,0,26,,64069,23,,,0,65,,64070,23,,,0,24,,64071,23,,,0,24,,64093,23,,,0,66,,64092,23,,,0,24,,64072,11,,,0,70,,64073,11,,,0,30,,64074,11,,,0,70,,64075,11,,,0,30,,64076,11,,,0,70,,64077,11,,,0,30,,64078,11,,,0
300,'1_7',908,,64116,23,,,0,32,,64117,23,,,0,75,,64118,23,,,0,34,,64119,23,,,0,72,,64110,23,,,0,33,,64115,23,,,0,73,,64114,23,,,0,73,,64113,23,,,0,32,,64112,23,,,0,71,,64094,23,,,0,28,,64095,23,,,0,69,,64096,23,,,0,28,,64097,23,,,0,28,,64098,23,,,0,69,,64099,23,,,0,32,,64100,23,,,0,68,,64101,23,,,0,27,,64102,23,,,0,68,,64103,23,,,0,29,,64104,23,,,0,67,,64105,23,,,0,26,,64106,23,,,0,65,,64107,23,,,0,24,,64108,23,,,0,24,,64111,23,,,0,66,,64109,23,,,0
300,'2_1',706,,64139,23,,,0,29,,64140,23,,,0,68,,64141,23,,,0,30,,64142,23,,,0,75,,64143,23,,,0,32,,64144,23,,,0,75,,64145,23,,,0,34,,64146,23,,,0,72,,64147,23,,,0,33,,64138,23,,,0,73,,64137,23,,,0,73,,64136,23,,,0,32,,64135,23,,,0,71,,64120,23,,,0,28,,64121,23,,,0,69,,64122,23,,,0,28,,64123,23,,,0,28,,64124,23,,,0,69,,64125,23,,,0,32,,64126,23,,,0,68,,64127,23,,,0,27,,64128,23,,,0,68,,64129,23,,,0,29,,64130,23,,,0,67,,64131,23,,,0,26,,64132,23,,,0,65,,64133,23,,,0,24,,64134,23,,,0,24,,64149,23,,,0,66,,64148,23,,,0
300,'2_2',706,,64169,23,,,0,29,,64170,23,,,0,68,,64171,23,,,0,30,,64172,23,,,0,75,,64173,23,,,0,32,,64174,23,,,0,75,,64175,23,,,0,34,,64176,23,,,0,72,,64177,23,,,0,33,,64168,23,,,0,73,,64167,23,,,0,73,,64166,23,,,0,32,,64165,23,,,0,71,,64150,23,,,0,28,,64151,23,,,0,69,,64152,23,,,0,28,,64153,23,,,0,28,,64154,23,,,0,69,,64155,23,,,0,32,,64156,23,,,0,68,,64157,23,,,0,27,,64158,23,,,0,68,,64159,23,,,0,29,,64160,23,,,0,67,,64161,23,,,0,26,,64162,23,,,0,65,,64163,23,,,0,24,,64164,23,,,0,24,,64179,23,,,0,66,,64178,23,,,0
300,'2_3',706,,64199,23,,,0,29,,64200,23,,,0,68,,64201,23,,,0,30,,64202,23,,,0,75,,64203,23,,,0,32,,64204,23,,,0,75,,64205,23,,,0,34,,64206,23,,,0,72,,64207,23,,,0,33,,64198,23,,,0,73,,64197,23,,,0,73,,64196,23,,,0,32,,64195,23,,,0,71,,64180,23,,,0,28,,64181,23,,,0,69,,64182,23,,,0,28,,64183,23,,,0,28,,64184,23,,,0,69,,64185,23,,,0,32,,64186,23,,,0,68,,64187,23,,,0,27,,64188,23,,,0,68,,64189,23,,,0,29,,64190,23,,,0,67,,64191,23,,,0,26,,64192,23,,,0,65,,64193,23,,,0,24,,64194,23,,,0,24,,64209,23,,,0,66,,64208,23,,,0
300,'2_4',706,,64229,23,,,0,29,,64230,23,,,0,68,,64231,23,,,0,30,,64232,23,,,0,75,,64233,23,,,0,32,,64234,23,,,0,75,,64235,23,,,0,34,,64236,23,,,0,72,,64237,23,,,0,33,,64228,23,,,0,73,,64227,23,,,0,73,,64226,23,,,0,32,,64225,23,,,0,71,,64210,23,,,0,28,,64211,23,,,0,69,,64212,23,,,0,28,,64213,23,,,0,28,,64214,23,,,0,69,,64215,23,,,0,32,,64216,23,,,0,68,,64217,23,,,0,27,,64218,23,,,0,68,,64219,23,,,0,29,,64220,23,,,0,67,,64221,23,,,0,26,,64222,23,,,0,65,,64223,23,,,0,24,,64224,23,,,0,24,,64239,23,,,0,66,,64238,23,,,0
300,'2_5',706,,64266,23,,,0,29,,64267,23,,,0,68,,64268,23,,,0,30,,64269,23,,,0,75,,64270,23,,,0,32,,64271,23,,,0,75,,64272,23,,,0,34,,64273,23,,,0,72,,64274,23,,,0,33,,64265,23,,,0,73,,64264,23,,,0,73,,64263,23,,,0,32,,64262,23,,,0,71,,64240,23,,,0,28,,64241,23,,,0,69,,64242,23,,,0,28,,64243,23,,,0,28,,64244,23,,,0,69,,64245,23,,,0,32,,64246,23,,,0,68,,64247,23,,,0,27,,64248,23,,,0,68,,64249,23,,,0,29,,64250,23,,,0,67,,64251,23,,,0,26,,64252,23,,,0,65,,64253,23,,,0,24,,64254,23,,,0,24,,64276,23,,,0,66,,64275,23,,,0,24,,64255,11,,,0,70,,64256,11,,,0,30,,64257,11,,,0,70,,64258,11,,,0,30,,64259,11,,,0,70,,64260,11,,,0,30,,64261,11,,,0
300,'3_1',706,,64296,23,,,0,29,,64297,23,,,0,68,,64298,23,,,0,30,,64299,23,,,0,75,,64300,23,,,0,32,,64301,23,,,0,75,,64302,23,,,0,34,,64303,23,,,0,72,,64304,23,,,0,33,,64295,23,,,0,73,,64294,23,,,0,73,,64293,23,,,0,32,,64292,23,,,0,71,,64277,23,,,0,28,,64278,23,,,0,69,,64279,23,,,0,28,,64280,23,,,0,28,,64281,23,,,0,69,,64282,23,,,0,32,,64283,23,,,0,68,,64284,23,,,0,27,,64285,23,,,0,68,,64286,23,,,0,29,,64287,23,,,0,67,,64288,23,,,0,26,,64289,23,,,0,65,,64290,23,,,0,24,,64291,23,,,0,24,,64306,23,,,0,66,,64305,23,,,0
300,'3_3',706,,64326,23,,,0,29,,64327,23,,,0,68,,64328,23,,,0,30,,64329,23,,,0,75,,64330,23,,,0,32,,64331,23,,,0,75,,64332,23,,,0,34,,64333,23,,,0,72,,64334,23,,,0,33,,64325,23,,,0,73,,64324,23,,,0,73,,64323,23,,,0,32,,64322,23,,,0,71,,64307,23,,,0,28,,64308,23,,,0,69,,64309,23,,,0,28,,64310,23,,,0,28,,64311,23,,,0,69,,64312,23,,,0,32,,64313,23,,,0,68,,64314,23,,,0,27,,64315,23,,,0,68,,64316,23,,,0,29,,64317,23,,,0,67,,64318,23,,,0,26,,64319,23,,,0,65,,64320,23,,,0,24,,64321,23,,,0,24,,64336,23,,,0,66,,64335,23,,,0
300,'3_4',706,,64356,23,,,0,29,,64357,23,,,0,68,,64358,23,,,0,30,,64359,23,,,0,75,,64360,23,,,0,32,,64361,23,,,0,75,,64362,23,,,0,34,,64363,23,,,0,72,,64364,23,,,0,33,,64355,23,,,0,73,,64354,23,,,0,73,,64353,23,,,0,32,,64352,23,,,0,71,,64337,23,,,0,28,,64338,23,,,0,69,,64339,23,,,0,28,,64340,23,,,0,28,,64341,23,,,0,69,,64342,23,,,0,32,,64343,23,,,0,68,,64344,23,,,0,27,,64345,23,,,0,68,,64346,23,,,0,29,,64347,23,,,0,67,,64348,23,,,0,26,,64349,23,,,0,65,,64350,23,,,0,24,,64351,23,,,0,24,,64366,23,,,0,66,,64365,23,,,0
300,'3_5',706,,64393,23,,,0,29,,64394,23,,,0,68,,64395,23,,,0,30,,64396,23,,,0,75,,64397,23,,,0,32,,64398,23,,,0,75,,64399,23,,,0,34,,64400,23,,,0,72,,64401,23,,,0,33,,64392,23,,,0,73,,64391,23,,,0,73,,64390,23,,,0,32,,64389,23,,,0,71,,64367,23,,,0,28,,64368,23,,,0,69,,64369,23,,,0,28,,64370,23,,,0,28,,64371,23,,,0,69,,64372,23,,,0,32,,64373,23,,,0,68,,64374,23,,,0,27,,64375,23,,,0,68,,64376,23,,,0,29,,64377,23,,,0,67,,64378,23,,,0,26,,64379,23,,,0,65,,64380,23,,,0,24,,64381,23,,,0,24,,64403,23,,,0,66,,64402,23,,,0,24,,64382,11,,,0,70,,64383,11,,,0,30,,64384,11,,,0,70,,64385,11,,,0,30,,64386,11,,,0,70,,64387,11,,,0,30,,64388,11,,,0
300,'4_7',706,,64423,23,,,0,29,,64424,23,,,0,68,,64425,23,,,0,30,,64426,23,,,0,75,,64427,23,,,0,32,,64428,23,,,0,75,,64429,23,,,0,34,,64430,23,,,0,72,,64431,23,,,0,33,,64422,23,,,0,73,,64421,23,,,0,73,,64420,23,,,0,32,,64419,23,,,0,71,,64404,23,,,0,28,,64405,23,,,0,69,,64406,23,,,0,28,,64407,23,,,0,28,,64408,23,,,0,69,,64409,23,,,0,32,,64410,23,,,0,68,,64411,23,,,0,27,,64412,23,,,0,68,,64413,23,,,0,29,,64414,23,,,0,67,,64415,23,,,0,26,,64416,23,,,0,65,,64417,23,,,0,24,,64418,23,,,0,24,,64433,23,,,0,66,,64432,23,,,0
