700,'2509-HIV-25k03H-s-Samedi-00',726,,10461,,,0,110,,10462,,,0,110,,10463,,,0,110,,10464,,,0,150,,10465,,,0,110,,10466,,,0,110,,10467,,,0,110,,10468,,,0,110,,10469,,,0,110,,10459,,,0,150,,10460,,,0
700,'2509-HIV-25l22Vlv-Semaine-00',727,,10470,,,0,110,,10472,,,0,110,,10473,,,0,110,,10474,,,0,150,,10475,,,0,110,,10476,,,0,110,,10477,,,0,110,,10478,,,0,112,,10479,,,0,109,,10480,,,0,148,,10471,,,0
700,'2509-HIV-26a05H-s-Samedi-00',726,,10483,,,0,110,,10484,,,0,110,,10485,,,0,110,,10486,,,0,150,,10487,,,0,110,,10488,,,0,110,,10489,,,0,110,,10490,,,0,110,,10491,,,0,110,,10481,,,0,150,,10482,,,0
700,'2509-HIV-26a05H-w-Mercredi-00',727,,10492,,,0,110,,10494,,,0,110,,10495,,,0,110,,10496,,,0,150,,10497,,,0,110,,10498,,,0,110,,10499,,,0,110,,10500,,,0,112,,10501,,,0,109,,10502,,,0,148,,10493,,,0
700,'2509-HIV-26a05Hlv-L-Ma-J-V-00',727,,10503,,,0,110,,10505,,,0,110,,10506,,,0,110,,10507,,,0,150,,10508,,,0,110,,10509,,,0,110,,10510,,,0,110,,10511,,,0,112,,10512,,,0,109,,10513,,,0,148,,10504,,,0
700,'2509-HIV-26b23Vlv-Semaine-00',727,,10514,,,0,110,,10516,,,0,110,,10517,,,0,110,,10518,,,0,150,,10519,,,0,110,,10520,,,0,110,,10521,,,0,110,,10522,,,0,112,,10523,,,0,109,,10524,,,0,148,,10515,,,0
700,'2509-HIV-26c02Vlv-Semaine-00',727,,10525,,,0,110,,10527,,,0,110,,10528,,,0,110,,10529,,,0,150,,10530,,,0,110,,10531,,,0,110,,10532,,,0,110,,10533,,,0,112,,10534,,,0,109,,10535,,,0,148,,10526,,,0
901500,'2509-HIV-25k03H-s-Samedi-00',845,,12539,,,0,60,,12540,,,0,20,,12541,,,0,20,,12542,,,0,60,,12543,,,0,20,,12544,,,0,20,,12545,,,0,60,,12546,,,0,20,,12547,,,0,20,,12548,,,0,60,,12549,,,0,20,,12550,,,0,20,,12551,,,0,60,,12552,,,0,20,,12553,,,0,20,,12554,,,0,60,,12555,,,0,20,,12556,,,0,20,,12557,,,0,80,,12558,,,0,20,,12559,,,0,60,,12560,,,0,20,,12561,,,0,20,,12562,,,0,60,,12563,,,0,20,,12564,,,0,20,,12565,,,0,60,,12566,,,0,20,,12567,,,0,20,,12568,,,0,60,,12569,,,0,20,,12570,,,0
901500,'2509-HIV-25l22Vlv-Semaine-00',845,,12571,,,0,60,,12572,,,0,20,,12573,,,0,20,,12574,,,0,60,,12575,,,0,20,,12576,,,0,20,,12577,,,0,60,,12578,,,0,20,,12579,,,0,20,,12580,,,0,60,,12581,,,0,20,,12582,,,0,20,,12583,,,0,60,,12584,,,0,20,,12585,,,0,20,,12586,,,0,60,,12587,,,0,20,,12588,,,0,20,,12589,,,0,80,,12590,,,0,20,,12591,,,0,60,,12592,,,0,20,,12593,,,0,20,,12594,,,0,60,,12595,,,0,20,,12596,,,0,20,,12597,,,0,60,,12598,,,0,20,,12599,,,0,20,,12600,,,0,60,,12601,,,0,20,,12602,,,0
901500,'2509-HIV-26a05H-s-Samedi-00',845,,12603,,,0,60,,12604,,,0,20,,12605,,,0,20,,12606,,,0,60,,12607,,,0,20,,12608,,,0,20,,12609,,,0,60,,12610,,,0,20,,12611,,,0,20,,12612,,,0,60,,12613,,,0,20,,12614,,,0,20,,12615,,,0,60,,12616,,,0,20,,12617,,,0,20,,12618,,,0,60,,12619,,,0,20,,12620,,,0,20,,12621,,,0,80,,12622,,,0,20,,12623,,,0,60,,12624,,,0,20,,12625,,,0,20,,12626,,,0,60,,12627,,,0,20,,12628,,,0,20,,12629,,,0,60,,12630,,,0,20,,12631,,,0,20,,12632,,,0,60,,12633,,,0,20,,12634,,,0
901500,'2509-HIV-26a05H-w-Mercredi-00',845,,12635,,,0,60,,12636,,,0,20,,12637,,,0,20,,12638,,,0,60,,12639,,,0,20,,12640,,,0,20,,12641,,,0,60,,12642,,,0,20,,12643,,,0,20,,12644,,,0,60,,12645,,,0,20,,12646,,,0,20,,12647,,,0,60,,12648,,,0,20,,12649,,,0,20,,12650,,,0,60,,12651,,,0,20,,12652,,,0,20,,12653,,,0,80,,12654,,,0,20,,12655,,,0,60,,12656,,,0,20,,12657,,,0,20,,12658,,,0,60,,12659,,,0,20,,12660,,,0,20,,12661,,,0,60,,12662,,,0,20,,12663,,,0,20,,12664,,,0,60,,12665,,,0,20,,12666,,,0
901500,'2509-HIV-26a05Hlv-L-Ma-J-V-00',845,,12667,,,0,60,,12668,,,0,20,,12669,,,0,20,,12670,,,0,60,,12671,,,0,20,,12672,,,0,20,,12673,,,0,60,,12674,,,0,20,,12675,,,0,20,,12676,,,0,60,,12677,,,0,20,,12678,,,0,20,,12679,,,0,60,,12680,,,0,20,,12681,,,0,20,,12682,,,0,60,,12683,,,0,20,,12684,,,0,20,,12685,,,0,80,,12686,,,0,20,,12687,,,0,60,,12688,,,0,20,,12689,,,0,20,,12690,,,0,60,,12691,,,0,20,,12692,,,0,20,,12693,,,0,60,,12694,,,0,20,,12695,,,0,20,,12696,,,0,60,,12697,,,0,20,,12698,,,0
901500,'2509-HIV-26b23Vlv-Semaine-00',845,,12699,,,0,60,,12700,,,0,20,,12701,,,0,20,,12702,,,0,60,,12703,,,0,20,,12704,,,0,20,,12705,,,0,60,,12706,,,0,20,,12707,,,0,20,,12708,,,0,60,,12709,,,0,20,,12710,,,0,20,,12711,,,0,60,,12712,,,0,20,,12713,,,0,20,,12714,,,0,60,,12715,,,0,20,,12716,,,0,20,,12717,,,0,80,,12718,,,0,20,,12719,,,0,60,,12720,,,0,20,,12721,,,0,20,,12722,,,0,60,,12723,,,0,20,,12724,,,0,20,,12725,,,0,60,,12726,,,0,20,,12727,,,0,20,,12728,,,0,60,,12729,,,0,20,,12730,,,0
901500,'2509-HIV-26c02Vlv-Semaine-00',845,,12731,,,0,60,,12732,,,0,20,,12733,,,0,20,,12734,,,0,60,,12735,,,0,20,,12736,,,0,20,,12737,,,0,60,,12738,,,0,20,,12739,,,0,20,,12740,,,0,60,,12741,,,0,20,,12742,,,0,20,,12743,,,0,60,,12744,,,0,20,,12745,,,0,20,,12746,,,0,60,,12747,,,0,20,,12748,,,0,20,,12749,,,0,80,,12750,,,0,20,,12751,,,0,60,,12752,,,0,20,,12753,,,0,20,,12754,,,0,60,,12755,,,0,20,,12756,,,0,20,,12757,,,0,60,,12758,,,0,20,,12759,,,0,20,,12760,,,0,60,,12761,,,0,20,,12762,,,0
