2201,'0_6',941,,67648,13,,,0,162,,67649,13,,,0,131,,67650,13,,,0,213,,67651,13,,,0,177,,67652,13,,,0,178,,67653,13,,,0,120,,67654,13,,,0
2201,'1_7',1303,,67655,13,,,0,118,,67656,13,,,0,120,,67657,13,,,0,160,,67658,13,,,0,120,,67659,13,,,0
2201,'2_1',941,,67660,13,,,0,162,,67661,13,,,0,131,,67662,13,,,0,213,,67663,13,,,0,177,,67664,13,,,0,178,,67665,13,,,0,120,,67666,13,,,0
2201,'2_2',941,,67667,13,,,0,162,,67668,13,,,0,131,,67669,13,,,0,213,,67670,13,,,0,177,,67671,13,,,0,178,,67672,13,,,0,120,,67673,13,,,0
2201,'2_3',941,,67674,13,,,0,162,,67675,13,,,0,131,,67676,13,,,0,213,,67677,13,,,0,177,,67678,13,,,0,178,,67679,13,,,0,120,,67680,13,,,0
2201,'2_4',941,,67681,13,,,0,162,,67682,13,,,0,131,,67683,13,,,0,213,,67684,13,,,0,177,,67685,13,,,0,178,,67686,13,,,0,120,,67687,13,,,0
2201,'2_5',941,,67688,13,,,0,162,,67689,13,,,0,131,,67690,13,,,0,213,,67691,13,,,0,177,,67692,13,,,0,178,,67693,13,,,0,120,,67694,13,,,0
2201,'3_1',941,,67695,13,,,0,162,,67696,13,,,0,131,,67697,13,,,0,213,,67698,13,,,0,177,,67699,13,,,0,178,,67700,13,,,0,120,,67701,13,,,0
2201,'3_3',941,,67702,13,,,0,162,,67703,13,,,0,131,,67704,13,,,0,213,,67705,13,,,0,177,,67706,13,,,0,178,,67707,13,,,0,120,,67708,13,,,0
2201,'3_4',941,,67709,13,,,0,162,,67710,13,,,0,131,,67711,13,,,0,213,,67712,13,,,0,177,,67713,13,,,0,178,,67714,13,,,0,120,,67715,13,,,0
2201,'3_5',941,,67716,13,,,0,162,,67717,13,,,0,131,,67718,13,,,0,213,,67719,13,,,0,177,,67720,13,,,0,178,,67721,13,,,0,120,,67722,13,,,0
2201,'4_7',1303,,67723,13,,,0,118,,67724,13,,,0,120,,67725,13,,,0,160,,67726,13,,,0,120,,67727,13,,,0
