301,'0_6',713,,64459,28,,,0,33,,64460,28,,,0,73,,64461,28,,,0,33,,64462,28,,,0,72,,64463,28,,,0,33,,64464,28,,,0,73,,64465,28,,,0,72,,64466,28,,,0,33,,64467,28,,,0,72,,64468,28,,,0,32,,64469,28,,,0,73,,64434,28,,,0,27,,64435,28,,,0,69,,64436,28,,,0,26,,64437,28,,,0,68,,64438,28,,,0,27,,64439,28,,,0,29,,64440,28,,,0,68,,64458,28,,,0,26,,64441,28,,,0,72,,64442,28,,,0,34,,64443,28,,,0,68,,64444,28,,,0,27,,64445,28,,,0,65,,64446,28,,,0,25,,64447,28,,,0,66,,64448,28,,,0,27,,64470,28,,,0,65,,64449,28,,,0
301,'1_7',819,,64492,28,,,0,33,,64487,28,,,0,72,,64493,28,,,0,33,,64488,28,,,0,73,,64494,28,,,0,72,,64489,28,,,0,33,,64495,28,,,0,72,,64490,28,,,0,32,,64496,28,,,0,73,,64471,28,,,0,27,,64472,28,,,0,69,,64473,28,,,0,26,,64474,28,,,0,68,,64475,28,,,0,27,,64476,28,,,0,29,,64477,28,,,0,68,,64497,28,,,0,26,,64478,28,,,0,72,,64479,28,,,0,34,,64480,28,,,0,68,,64481,28,,,0,27,,64482,28,,,0,65,,64483,28,,,0,25,,64484,28,,,0,66,,64485,28,,,0,27,,64491,28,,,0,65,,64486,28,,,0
301,'2_1',713,,64515,28,,,0,33,,64516,28,,,0,73,,64517,28,,,0,33,,64518,28,,,0,72,,64519,28,,,0,33,,64520,28,,,0,73,,64521,28,,,0,72,,64522,28,,,0,33,,64523,28,,,0,72,,64524,28,,,0,32,,64525,28,,,0,73,,64498,28,,,0,27,,64499,28,,,0,69,,64500,28,,,0,26,,64501,28,,,0,68,,64502,28,,,0,27,,64503,28,,,0,29,,64504,28,,,0,68,,64514,28,,,0,26,,64505,28,,,0,72,,64506,28,,,0,34,,64507,28,,,0,68,,64508,28,,,0,27,,64509,28,,,0,65,,64510,28,,,0,25,,64511,28,,,0,66,,64512,28,,,0,27,,64526,28,,,0,65,,64513,28,,,0
301,'2_2',713,,64544,28,,,0,33,,64545,28,,,0,73,,64546,28,,,0,33,,64547,28,,,0,72,,64548,28,,,0,33,,64549,28,,,0,73,,64550,28,,,0,72,,64551,28,,,0,33,,64552,28,,,0,72,,64553,28,,,0,32,,64554,28,,,0,73,,64527,28,,,0,27,,64528,28,,,0,69,,64529,28,,,0,26,,64530,28,,,0,68,,64531,28,,,0,27,,64532,28,,,0,29,,64533,28,,,0,68,,64543,28,,,0,26,,64534,28,,,0,72,,64535,28,,,0,34,,64536,28,,,0,68,,64537,28,,,0,27,,64538,28,,,0,65,,64539,28,,,0,25,,64540,28,,,0,66,,64541,28,,,0,27,,64555,28,,,0,65,,64542,28,,,0
301,'2_3',713,,64573,28,,,0,33,,64574,28,,,0,73,,64575,28,,,0,33,,64576,28,,,0,72,,64577,28,,,0,33,,64578,28,,,0,73,,64579,28,,,0,72,,64580,28,,,0,33,,64581,28,,,0,72,,64582,28,,,0,32,,64583,28,,,0,73,,64556,28,,,0,27,,64557,28,,,0,69,,64558,28,,,0,26,,64559,28,,,0,68,,64560,28,,,0,27,,64561,28,,,0,29,,64562,28,,,0,68,,64572,28,,,0,26,,64563,28,,,0,72,,64564,28,,,0,34,,64565,28,,,0,68,,64566,28,,,0,27,,64567,28,,,0,65,,64568,28,,,0,25,,64569,28,,,0,66,,64570,28,,,0,27,,64584,28,,,0,65,,64571,28,,,0
301,'2_4',713,,64602,28,,,0,33,,64603,28,,,0,73,,64604,28,,,0,33,,64605,28,,,0,72,,64606,28,,,0,33,,64607,28,,,0,73,,64608,28,,,0,72,,64609,28,,,0,33,,64610,28,,,0,72,,64611,28,,,0,32,,64612,28,,,0,73,,64585,28,,,0,27,,64586,28,,,0,69,,64587,28,,,0,26,,64588,28,,,0,68,,64589,28,,,0,27,,64590,28,,,0,29,,64591,28,,,0,68,,64601,28,,,0,26,,64592,28,,,0,72,,64593,28,,,0,34,,64594,28,,,0,68,,64595,28,,,0,27,,64596,28,,,0,65,,64597,28,,,0,25,,64598,28,,,0,66,,64599,28,,,0,27,,64613,28,,,0,65,,64600,28,,,0
301,'2_5',713,,64639,28,,,0,33,,64640,28,,,0,73,,64641,28,,,0,33,,64642,28,,,0,72,,64643,28,,,0,33,,64644,28,,,0,73,,64645,28,,,0,72,,64646,28,,,0,33,,64647,28,,,0,72,,64648,28,,,0,32,,64649,28,,,0,73,,64614,28,,,0,27,,64615,28,,,0,69,,64616,28,,,0,26,,64617,28,,,0,68,,64618,28,,,0,27,,64619,28,,,0,29,,64620,28,,,0,68,,64638,28,,,0,26,,64621,28,,,0,72,,64622,28,,,0,34,,64623,28,,,0,68,,64624,28,,,0,27,,64625,28,,,0,65,,64626,28,,,0,25,,64627,28,,,0,66,,64628,28,,,0,27,,64650,28,,,0,65,,64629,28,,,0
301,'3_1',713,,64668,28,,,0,33,,64669,28,,,0,73,,64670,28,,,0,33,,64671,28,,,0,72,,64672,28,,,0,33,,64673,28,,,0,73,,64674,28,,,0,72,,64675,28,,,0,33,,64676,28,,,0,72,,64677,28,,,0,32,,64678,28,,,0,73,,64651,28,,,0,27,,64652,28,,,0,69,,64653,28,,,0,26,,64654,28,,,0,68,,64655,28,,,0,27,,64656,28,,,0,29,,64657,28,,,0,68,,64667,28,,,0,26,,64658,28,,,0,72,,64659,28,,,0,34,,64660,28,,,0,68,,64661,28,,,0,27,,64662,28,,,0,65,,64663,28,,,0,25,,64664,28,,,0,66,,64665,28,,,0,27,,64679,28,,,0,65,,64666,28,,,0
301,'3_3',713,,64697,28,,,0,33,,64698,28,,,0,73,,64699,28,,,0,33,,64700,28,,,0,72,,64701,28,,,0,33,,64702,28,,,0,73,,64703,28,,,0,72,,64704,28,,,0,33,,64705,28,,,0,72,,64706,28,,,0,32,,64707,28,,,0,73,,64680,28,,,0,27,,64681,28,,,0,69,,64682,28,,,0,26,,64683,28,,,0,68,,64684,28,,,0,27,,64685,28,,,0,29,,64686,28,,,0,68,,64696,28,,,0,26,,64687,28,,,0,72,,64688,28,,,0,34,,64689,28,,,0,68,,64690,28,,,0,27,,64691,28,,,0,65,,64692,28,,,0,25,,64693,28,,,0,66,,64694,28,,,0,27,,64708,28,,,0,65,,64695,28,,,0
301,'3_4',713,,64726,28,,,0,33,,64727,28,,,0,73,,64728,28,,,0,33,,64729,28,,,0,72,,64730,28,,,0,33,,64731,28,,,0,73,,64732,28,,,0,72,,64733,28,,,0,33,,64734,28,,,0,72,,64735,28,,,0,32,,64736,28,,,0,73,,64709,28,,,0,27,,64710,28,,,0,69,,64711,28,,,0,26,,64712,28,,,0,68,,64713,28,,,0,27,,64714,28,,,0,29,,64715,28,,,0,68,,64725,28,,,0,26,,64716,28,,,0,72,,64717,28,,,0,34,,64718,28,,,0,68,,64719,28,,,0,27,,64720,28,,,0,65,,64721,28,,,0,25,,64722,28,,,0,66,,64723,28,,,0,27,,64737,28,,,0,65,,64724,28,,,0
301,'3_5',713,,64763,28,,,0,33,,64764,28,,,0,73,,64765,28,,,0,33,,64766,28,,,0,72,,64767,28,,,0,33,,64768,28,,,0,73,,64769,28,,,0,72,,64770,28,,,0,33,,64771,28,,,0,72,,64772,28,,,0,32,,64773,28,,,0,73,,64738,28,,,0,27,,64739,28,,,0,69,,64740,28,,,0,26,,64741,28,,,0,68,,64742,28,,,0,27,,64743,28,,,0,29,,64744,28,,,0,68,,64762,28,,,0,26,,64745,28,,,0,72,,64746,28,,,0,34,,64747,28,,,0,68,,64748,28,,,0,27,,64749,28,,,0,65,,64750,28,,,0,25,,64751,28,,,0,66,,64752,28,,,0,27,,64774,28,,,0,65,,64753,28,,,0
301,'4_7',713,,64792,28,,,0,33,,64793,28,,,0,73,,64794,28,,,0,33,,64795,28,,,0,72,,64796,28,,,0,33,,64797,28,,,0,73,,64798,28,,,0,72,,64799,28,,,0,33,,64800,28,,,0,72,,64801,28,,,0,32,,64802,28,,,0,73,,64775,28,,,0,27,,64776,28,,,0,69,,64777,28,,,0,26,,64778,28,,,0,68,,64779,28,,,0,27,,64780,28,,,0,29,,64781,28,,,0,68,,64791,28,,,0,26,,64782,28,,,0,72,,64783,28,,,0,34,,64784,28,,,0,68,,64785,28,,,0,27,,64786,28,,,0,65,,64787,28,,,0,25,,64788,28,,,0,66,,64789,28,,,0,27,,64803,28,,,0,65,,64790,28,,,0
