400,'25j05H-Dimanche',1142,,1511,0,20 35,0,299,,1512,0,20 35,0,299,,1513,0,20 35,0
400,'25j26H-Dimanche',1142,,1524,0,20 35,0,299,,1525,0,20 35,0,299,,1526,0,20 35,0
400,'25k03H-Samedi',820,,1527,0,36,0,197,,1528,0,36,0,201,,1529,0,36,0,201,,1530,0,36,0,202,,1531,0,36,0,209,,1532,0,36,0
400,'25l22V-Semaine',920,,1556,0,36,0,301,,1573,0,36,0,125,,1565,0,36,0,103,,1566,0,36,0,175,,1574,0,36,0,106,,1568,0,36,0,125,,1570,0,36,0
400,'26a05H-Samedi',820,,1579,0,36,0,197,,1580,0,36,0,201,,1581,0,36,0,201,,1582,0,36,0,202,,1583,0,36,0,209,,1584,0,36,0
400,'26a05H-Mercredi',918,,1608,0,36,0,300,,1628,0,36,0,125,,1617,0,36,0,105,,1618,0,36,0,175,,1629,0,36,0,85,,1621,0,36,0,148,,1624,0,36,0
400,'26a05H-L-Ma-J-V',918,,1640,0,36,0,300,,1660,0,36,0,125,,1649,0,36,0,105,,1650,0,36,0,175,,1661,0,36,0,85,,1653,0,36,0,148,,1656,0,36,0
400,'26b23V-Semaine',920,,1672,0,36,0,301,,1689,0,36,0,125,,1681,0,36,0,103,,1682,0,36,0,175,,1690,0,36,0,106,,1684,0,36,0,125,,1686,0,36,0
400,'26c02V-Semaine',920,,1700,0,36,0,301,,1717,0,36,0,125,,1709,0,36,0,103,,1710,0,36,0,175,,1718,0,36,0,106,,1712,0,36,0,125,,1714,0,36,0
29001200,'25l22V-Semaine',642,,8052,,,0,104,,8051,,,0
29001200,'26a05H-Mercredi',636,,8054,,,0,104,,8053,,,0
29001200,'26a05H-L-Ma-J-V',636,,8056,,,0,104,,8055,,,0
29001200,'26b23V-Semaine',642,,8058,,,0,104,,8057,,,0
29001200,'26c02V-Semaine',642,,8060,,,0,104,,8059,,,0
