101,'2_6',740,,30129,45,0,5,0,118,,30130,45,0,5,0,146,,30131,45,0,5,0,30,,30142,45,0,6,0,69,,30132,45,0,5,0,31,,30143,45,0,6,0,69,,30133,45,0,5,0,29,,30144,45,0,6,0,70,,30134,45,0,5,0,29,,30145,45,0,6,0,71,,30135,45,0,5,0,29,,30146,45,0,6,0,71,,30136,45,0,5,0,30,,30147,45,0,6,0,71,,30137,45,0,5,0,32,,30148,45,0,6,0,72,,30138,45,0,5,0,31,,30149,45,0,6,0,71,,30139,45,0,5,0,29,,30150,45,0,6,0,73,,30140,45,0,5,0,23,,30151,45,0,6,0,25,,30141,45,0,5,0
101,'3_7',945,,30152,45,0,6,0,105,,30157,45,0,5,0,105,,30153,45,0,6,0,145,,30158,45,0,5,0,105,,30154,45,0,6,0,50,,30159,45,0,5,0,100,,30155,45,0,6,0,145,,30160,45,0,5,0,105,,30156,45,0,6,0,105,,30161,45,0,5,0
101,'5_1',743,,37353,51,0,6,0,16,,37379,45,0,5,0,57,,37354,51,0,6,0,15,,37378,45,0,5,0,15,,37355,51,0,6,0,55,,37380,51,0,5,0,40,,37359,45,0,6,0,80,,37369,51,0,5,0,36,,37360,45,0,6,0,80,,37371,45,0,5,0,78,,37361,45,0,6,0,25,,37372,45,0,5,0,60,,37362,45,0,6,0,35,,37373,45,0,5,0,76,,37356,51,0,6,0,30,,37370,51,0,5,0,70,,37363,45,0,6,0,25,,37374,45,0,5,0,71,,37364,45,0,6,0,26,,37375,45,0,5,0,70,,37365,45,0,6,0,31,,37366,45,0,5,0,74,,37367,45,0,6,0,34,,37357,51,0,6,0,69,,37376,51,0,5,0,26,,37358,51,0,6,0,70,,37377,51,0,5,0
101,'5_2',743,,38497,51,0,6,0,16,,38523,45,0,5,0,57,,38498,51,0,6,0,15,,38522,45,0,5,0,15,,38499,51,0,6,0,55,,38524,51,0,5,0,40,,38503,45,0,6,0,80,,38513,51,0,5,0,36,,38504,45,0,6,0,80,,38515,45,0,5,0,78,,38505,45,0,6,0,25,,38516,45,0,5,0,60,,38506,45,0,6,0,35,,38517,45,0,5,0,76,,38500,51,0,6,0,30,,38514,51,0,5,0,70,,38507,45,0,6,0,25,,38518,45,0,5,0,71,,38508,45,0,6,0,26,,38519,45,0,5,0,70,,38509,45,0,6,0,31,,38510,45,0,5,0,74,,38511,45,0,6,0,34,,38501,51,0,6,0,69,,38520,51,0,5,0,26,,38502,51,0,6,0,70,,38521,51,0,5,0
101,'5_3',743,,38525,51,0,6,0,16,,38551,45,0,5,0,57,,38526,51,0,6,0,15,,38550,45,0,5,0,15,,38527,51,0,6,0,55,,38552,51,0,5,0,40,,38531,45,0,6,0,80,,38541,51,0,5,0,36,,38532,45,0,6,0,80,,38543,45,0,5,0,78,,38533,45,0,6,0,25,,38544,45,0,5,0,60,,38534,45,0,6,0,35,,38545,45,0,5,0,76,,38528,51,0,6,0,30,,38542,51,0,5,0,70,,38535,45,0,6,0,25,,38546,45,0,5,0,71,,38536,45,0,6,0,26,,38547,45,0,5,0,70,,38537,45,0,6,0,31,,38538,45,0,5,0,74,,38539,45,0,6,0,34,,38529,51,0,6,0,69,,38548,51,0,5,0,26,,38530,51,0,6,0,70,,38549,51,0,5,0
101,'5_4',743,,38553,51,0,6,0,16,,38579,45,0,5,0,57,,38554,51,0,6,0,15,,38578,45,0,5,0,15,,38555,51,0,6,0,55,,38580,51,0,5,0,40,,38559,45,0,6,0,80,,38569,51,0,5,0,36,,38560,45,0,6,0,80,,38571,45,0,5,0,78,,38561,45,0,6,0,25,,38572,45,0,5,0,60,,38562,45,0,6,0,35,,38573,45,0,5,0,76,,38556,51,0,6,0,30,,38570,51,0,5,0,70,,38563,45,0,6,0,25,,38574,45,0,5,0,71,,38564,45,0,6,0,26,,38575,45,0,5,0,70,,38565,45,0,6,0,31,,38566,45,0,5,0,74,,38567,45,0,6,0,34,,38557,51,0,6,0,69,,38576,51,0,5,0,26,,38558,51,0,6,0,70,,38577,51,0,5,0
101,'5_5',743,,38581,51,0,6,0,16,,38607,45,0,5,0,57,,38582,51,0,6,0,15,,38606,45,0,5,0,15,,38583,51,0,6,0,55,,38608,51,0,5,0,40,,38587,45,0,6,0,80,,38597,51,0,5,0,36,,38588,45,0,6,0,80,,38599,45,0,5,0,78,,38589,45,0,6,0,25,,38600,45,0,5,0,60,,38590,45,0,6,0,35,,38601,45,0,5,0,76,,38584,51,0,6,0,30,,38598,51,0,5,0,70,,38591,45,0,6,0,25,,38602,45,0,5,0,71,,38592,45,0,6,0,26,,38603,45,0,5,0,70,,38593,45,0,6,0,31,,38594,45,0,5,0,74,,38595,45,0,6,0,34,,38585,51,0,6,0,69,,38604,51,0,5,0,26,,38586,51,0,6,0,70,,38605,51,0,5,0
101,'6_1',743,,38609,51,0,6,0,16,,38635,45,0,5,0,57,,38610,51,0,6,0,15,,38634,45,0,5,0,15,,38611,51,0,6,0,55,,38636,51,0,5,0,40,,38615,45,0,6,0,80,,38625,51,0,5,0,36,,38616,45,0,6,0,80,,38627,45,0,5,0,78,,38617,45,0,6,0,25,,38628,45,0,5,0,60,,38618,45,0,6,0,35,,38629,45,0,5,0,76,,38612,51,0,6,0,30,,38626,51,0,5,0,70,,38619,45,0,6,0,25,,38630,45,0,5,0,71,,38620,45,0,6,0,26,,38631,45,0,5,0,70,,38621,45,0,6,0,31,,38622,45,0,5,0,74,,38623,45,0,6,0,34,,38613,51,0,6,0,69,,38632,51,0,5,0,26,,38614,51,0,6,0,70,,38633,51,0,5,0
101,'6_2',743,,43604,51,0,6,0,16,,43630,45,0,5,0,57,,43605,51,0,6,0,15,,43629,45,0,5,0,15,,43606,51,0,6,0,55,,43631,51,0,5,0,40,,43610,45,0,6,0,80,,43620,51,0,5,0,36,,43611,45,0,6,0,80,,43622,45,0,5,0,78,,43612,45,0,6,0,25,,43623,45,0,5,0,60,,43613,45,0,6,0,35,,43624,45,0,5,0,76,,43607,51,0,6,0,30,,43621,51,0,5,0,70,,43614,45,0,6,0,25,,43625,45,0,5,0,71,,43615,45,0,6,0,26,,43626,45,0,5,0,70,,43616,45,0,6,0,31,,43617,45,0,5,0,74,,43618,45,0,6,0,34,,43608,51,0,6,0,69,,43627,51,0,5,0,26,,43609,51,0,6,0,70,,43628,51,0,5,0
101,'6_3',743,,43632,51,0,6,0,16,,43658,45,0,5,0,57,,43633,51,0,6,0,15,,43657,45,0,5,0,15,,43634,51,0,6,0,55,,43659,51,0,5,0,40,,43638,45,0,6,0,80,,43648,51,0,5,0,36,,43639,45,0,6,0,80,,43650,45,0,5,0,78,,43640,45,0,6,0,25,,43651,45,0,5,0,60,,43641,45,0,6,0,35,,43652,45,0,5,0,76,,43635,51,0,6,0,30,,43649,51,0,5,0,70,,43642,45,0,6,0,25,,43653,45,0,5,0,71,,43643,45,0,6,0,26,,43654,45,0,5,0,70,,43644,45,0,6,0,31,,43645,45,0,5,0,74,,43646,45,0,6,0,34,,43636,51,0,6,0,69,,43655,51,0,5,0,26,,43637,51,0,6,0,70,,43656,51,0,5,0
101,'6_4',743,,43660,51,0,6,0,16,,43686,45,0,5,0,57,,43661,51,0,6,0,15,,43685,45,0,5,0,15,,43662,51,0,6,0,55,,43687,51,0,5,0,40,,43666,45,0,6,0,80,,43676,51,0,5,0,36,,43667,45,0,6,0,80,,43678,45,0,5,0,78,,43668,45,0,6,0,25,,43679,45,0,5,0,60,,43669,45,0,6,0,35,,43680,45,0,5,0,76,,43663,51,0,6,0,30,,43677,51,0,5,0,70,,43670,45,0,6,0,25,,43681,45,0,5,0,71,,43671,45,0,6,0,26,,43682,45,0,5,0,70,,43672,45,0,6,0,31,,43673,45,0,5,0,74,,43674,45,0,6,0,34,,43664,51,0,6,0,69,,43683,51,0,5,0,26,,43665,51,0,6,0,70,,43684,51,0,5,0
