300,'S2-0_6',646,,54739,4,,,0,69,,54740,4,,,0,28,,54741,4,,,0,69,,54742,4,,,0,34,,54743,4,,,0,72,,54744,4,,,0,34,,54745,4,,,0,74,,54746,4,,,0,32,,54747,4,,,0,74,,54738,4,,,0,73,,54737,4,,,0,34,,54736,4,,,0,71,,54735,4,,,0,32,,54713,4,,,0,68,,54714,4,,,0,28,,54715,4,,,0,67,,54716,4,,,0,28,,54717,4,,,0,67,,54718,4,,,0,30,,54719,4,,,0,28,,54720,4,,,0,67,,54721,4,,,0,28,,54722,4,,,0,69,,54723,4,,,0,27,,54724,4,,,0,67,,54725,4,,,0,27,,54726,4,,,0,65,,54727,4,,,0,24,,54749,4,,,0,27,,54748,4,,,0
300,'S2-1_7',846,,54772,4,,,0,72,,54773,4,,,0,34,,54774,4,,,0,74,,54775,4,,,0,32,,54766,4,,,0,74,,54771,4,,,0,73,,54770,4,,,0,34,,54769,4,,,0,71,,54768,4,,,0,32,,54750,4,,,0,68,,54751,4,,,0,28,,54752,4,,,0,67,,54753,4,,,0,28,,54754,4,,,0,67,,54755,4,,,0,30,,54756,4,,,0,28,,54757,4,,,0,67,,54758,4,,,0,28,,54759,4,,,0,69,,54760,4,,,0,27,,54761,4,,,0,67,,54762,4,,,0,27,,54763,4,,,0,65,,54764,4,,,0,24,,54767,4,,,0,27,,54765,4,,,0
300,'S2-2_1',646,,54795,4,,,0,69,,54796,4,,,0,28,,54797,4,,,0,69,,54798,4,,,0,34,,54799,4,,,0,72,,54800,4,,,0,34,,54801,4,,,0,74,,54802,4,,,0,32,,54803,4,,,0,74,,54794,4,,,0,73,,54793,4,,,0,34,,54792,4,,,0,71,,54791,4,,,0,32,,54776,4,,,0,68,,54777,4,,,0,28,,54778,4,,,0,67,,54779,4,,,0,28,,54780,4,,,0,67,,54781,4,,,0,30,,54782,4,,,0,28,,54783,4,,,0,67,,54784,4,,,0,28,,54785,4,,,0,69,,54786,4,,,0,27,,54787,4,,,0,67,,54788,4,,,0,27,,54789,4,,,0,65,,54790,4,,,0,24,,54805,4,,,0,27,,54804,4,,,0
300,'S2-2_2',646,,54825,4,,,0,69,,54826,4,,,0,28,,54827,4,,,0,69,,54828,4,,,0,34,,54829,4,,,0,72,,54830,4,,,0,34,,54831,4,,,0,74,,54832,4,,,0,32,,54833,4,,,0,74,,54824,4,,,0,73,,54823,4,,,0,34,,54822,4,,,0,71,,54821,4,,,0,32,,54806,4,,,0,68,,54807,4,,,0,28,,54808,4,,,0,67,,54809,4,,,0,28,,54810,4,,,0,67,,54811,4,,,0,30,,54812,4,,,0,28,,54813,4,,,0,67,,54814,4,,,0,28,,54815,4,,,0,69,,54816,4,,,0,27,,54817,4,,,0,67,,54818,4,,,0,27,,54819,4,,,0,65,,54820,4,,,0,24,,54835,4,,,0,27,,54834,4,,,0
300,'S2-2_3',646,,54855,4,,,0,69,,54856,4,,,0,28,,54857,4,,,0,69,,54858,4,,,0,34,,54859,4,,,0,72,,54860,4,,,0,34,,54861,4,,,0,74,,54862,4,,,0,32,,54863,4,,,0,74,,54854,4,,,0,73,,54853,4,,,0,34,,54852,4,,,0,71,,54851,4,,,0,32,,54836,4,,,0,68,,54837,4,,,0,28,,54838,4,,,0,67,,54839,4,,,0,28,,54840,4,,,0,67,,54841,4,,,0,30,,54842,4,,,0,28,,54843,4,,,0,67,,54844,4,,,0,28,,54845,4,,,0,69,,54846,4,,,0,27,,54847,4,,,0,67,,54848,4,,,0,27,,54849,4,,,0,65,,54850,4,,,0,24,,54865,4,,,0,27,,54864,4,,,0
300,'S2-2_4',646,,54885,4,,,0,69,,54886,4,,,0,28,,54887,4,,,0,69,,54888,4,,,0,34,,54889,4,,,0,72,,54890,4,,,0,34,,54891,4,,,0,74,,54892,4,,,0,32,,54893,4,,,0,74,,54884,4,,,0,73,,54883,4,,,0,34,,54882,4,,,0,71,,54881,4,,,0,32,,54866,4,,,0,68,,54867,4,,,0,28,,54868,4,,,0,67,,54869,4,,,0,28,,54870,4,,,0,67,,54871,4,,,0,30,,54872,4,,,0,28,,54873,4,,,0,67,,54874,4,,,0,28,,54875,4,,,0,69,,54876,4,,,0,27,,54877,4,,,0,67,,54878,4,,,0,27,,54879,4,,,0,65,,54880,4,,,0,24,,54895,4,,,0,27,,54894,4,,,0
300,'S2-2_5',646,,54922,4,,,0,69,,54923,4,,,0,28,,54924,4,,,0,69,,54925,4,,,0,34,,54926,4,,,0,72,,54927,4,,,0,34,,54928,4,,,0,74,,54929,4,,,0,32,,54930,4,,,0,74,,54921,4,,,0,73,,54920,4,,,0,34,,54919,4,,,0,71,,54918,4,,,0,32,,54896,4,,,0,68,,54897,4,,,0,28,,54898,4,,,0,67,,54899,4,,,0,28,,54900,4,,,0,67,,54901,4,,,0,30,,54902,4,,,0,28,,54903,4,,,0,67,,54904,4,,,0,28,,54905,4,,,0,69,,54906,4,,,0,27,,54907,4,,,0,67,,54908,4,,,0,27,,54909,4,,,0,65,,54910,4,,,0,24,,54932,4,,,0,27,,54931,4,,,0
300,'S2-3_1',646,,54952,4,,,0,69,,54953,4,,,0,28,,54954,4,,,0,69,,54955,4,,,0,34,,54956,4,,,0,72,,54957,4,,,0,34,,54958,4,,,0,74,,54959,4,,,0,32,,54960,4,,,0,74,,54951,4,,,0,73,,54950,4,,,0,34,,54949,4,,,0,71,,54948,4,,,0,32,,54933,4,,,0,68,,54934,4,,,0,28,,54935,4,,,0,67,,54936,4,,,0,28,,54937,4,,,0,67,,54938,4,,,0,30,,54939,4,,,0,28,,54940,4,,,0,67,,54941,4,,,0,28,,54942,4,,,0,69,,54943,4,,,0,27,,54944,4,,,0,67,,54945,4,,,0,27,,54946,4,,,0,65,,54947,4,,,0,24,,54962,4,,,0,27,,54961,4,,,0
300,'S2-3_3',646,,54982,4,,,0,69,,54983,4,,,0,28,,54984,4,,,0,69,,54985,4,,,0,34,,54986,4,,,0,72,,54987,4,,,0,34,,54988,4,,,0,74,,54989,4,,,0,32,,54990,4,,,0,74,,54981,4,,,0,73,,54980,4,,,0,34,,54979,4,,,0,71,,54978,4,,,0,32,,54963,4,,,0,68,,54964,4,,,0,28,,54965,4,,,0,67,,54966,4,,,0,28,,54967,4,,,0,67,,54968,4,,,0,30,,54969,4,,,0,28,,54970,4,,,0,67,,54971,4,,,0,28,,54972,4,,,0,69,,54973,4,,,0,27,,54974,4,,,0,67,,54975,4,,,0,27,,54976,4,,,0,65,,54977,4,,,0,24,,54992,4,,,0,27,,54991,4,,,0
300,'S2-3_4',646,,55012,4,,,0,69,,55013,4,,,0,28,,55014,4,,,0,69,,55015,4,,,0,34,,55016,4,,,0,72,,55017,4,,,0,34,,55018,4,,,0,74,,55019,4,,,0,32,,55020,4,,,0,74,,55011,4,,,0,73,,55010,4,,,0,34,,55009,4,,,0,71,,55008,4,,,0,32,,54993,4,,,0,68,,54994,4,,,0,28,,54995,4,,,0,67,,54996,4,,,0,28,,54997,4,,,0,67,,54998,4,,,0,30,,54999,4,,,0,28,,55000,4,,,0,67,,55001,4,,,0,28,,55002,4,,,0,69,,55003,4,,,0,27,,55004,4,,,0,67,,55005,4,,,0,27,,55006,4,,,0,65,,55007,4,,,0,24,,55022,4,,,0,27,,55021,4,,,0
300,'S2-4_7',646,,55042,4,,,0,69,,55043,4,,,0,28,,55044,4,,,0,69,,55045,4,,,0,34,,55046,4,,,0,72,,55047,4,,,0,34,,55048,4,,,0,74,,55049,4,,,0,32,,55050,4,,,0,74,,55041,4,,,0,73,,55040,4,,,0,34,,55039,4,,,0,71,,55038,4,,,0,32,,55023,4,,,0,68,,55024,4,,,0,28,,55025,4,,,0,67,,55026,4,,,0,28,,55027,4,,,0,67,,55028,4,,,0,30,,55029,4,,,0,28,,55030,4,,,0,67,,55031,4,,,0,28,,55032,4,,,0,69,,55033,4,,,0,27,,55034,4,,,0,67,,55035,4,,,0,27,,55036,4,,,0,65,,55037,4,,,0,24,,55052,4,,,0,27,,55051,4,,,0
