101,'25j05H-Dimanche',931,,228,0,41 42,0,105,,233,0,43,0,105,,229,0,41 42,0,105,,234,0,43,0,105,,230,0,41 42,0,90,,235,0,43,0,100,,231,0,41 42,0,105,,236,0,43,0,105,,232,0,41 42,0,105,,237,0,43,0
101,'25j26H-Dimanche',931,,242,0,41 42,0,105,,247,0,43,0,105,,243,0,41 42,0,105,,248,0,43,0,105,,244,0,41 42,0,90,,249,0,43,0,100,,245,0,41 42,0,105,,250,0,43,0,105,,246,0,41 42,0,105,,251,0,43,0
101,'25k03H-Samedi',725,,256,0,43,0,116,,257,0,43,0,106,,258,0,43,0,70,,269,0,41 42,0,29,,259,0,43,0,70,,270,0,41 42,0,31,,260,0,43,0,70,,271,0,41 42,0,29,,261,0,43,0,68,,272,0,41 42,0,31,,262,0,43,0,70,,273,0,41 42,0,30,,263,0,43,0,70,,274,0,41 42,0,32,,264,0,43,0,71,,275,0,41 42,0,31,,265,0,43,0,69,,276,0,41 42,0,33,,266,0,43,0,69,,277,0,41 42,0,35,,267,0,43,0,65,,278,0,41 42,0,26,,268,0,43,0
101,'25l22V-Semaine',726,,279,0,41 42,0,15,,305,0,43,0,16,,280,0,41 42,0,55,,304,0,43,0,15,,281,0,41 42,0,15,,306,0,43,0,16,,294,0,44,0,64,,285,0,41 42,0,80,,295,0,43,0,35,,286,0,41 42,0,80,,297,0,43,0,39,,287,0,41 42,0,66,,298,0,43,0,20,,288,0,41 42,0,75,,299,0,43,0,36,,282,0,41 42,0,69,,296,0,43,0,30,,289,0,41 42,0,65,,300,0,43,0,30,,290,0,41 42,0,66,,301,0,43,0,30,,291,0,41 42,0,71,,292,0,43,0,34,,293,0,41 42,0,75,,283,0,41 42,0,31,,302,0,43,0,67,,284,0,41 42,0,30,,303,0,43,0
101,'26a05H-Samedi',725,,307,0,43,0,116,,308,0,43,0,106,,309,0,43,0,70,,320,0,41 42,0,29,,310,0,43,0,70,,321,0,41 42,0,31,,311,0,43,0,70,,322,0,41 42,0,29,,312,0,43,0,68,,323,0,41 42,0,31,,313,0,43,0,70,,324,0,41 42,0,30,,314,0,43,0,70,,325,0,41 42,0,32,,315,0,43,0,71,,326,0,41 42,0,31,,316,0,43,0,69,,327,0,41 42,0,33,,317,0,43,0,69,,328,0,41 42,0,35,,318,0,43,0,65,,329,0,41 42,0,26,,319,0,43,0
101,'26a05H-Mercredi',727,,330,0,41 42,0,7,,362,0,45,0,3,,360,0,45,0,20,,331,0,41 42,0,55,,358,0,43,0,15,,332,0,41 42,0,17,,361,0,43,0,13,,345,0,45,0,65,,336,0,41 42,0,80,,346,0,43,0,35,,337,0,41 42,0,80,,349,0,43,0,35,,338,0,41 42,0,70,,350,0,43,0,20,,339,0,41 42,0,75,,351,0,43,0,38,,333,0,41 42,0,67,,347,0,43,0,30,,340,0,41 42,0,65,,352,0,43,0,35,,341,0,41 42,0,61,,353,0,43,0,25,,342,0,41 42,0,15,,357,0,43,0,61,,343,0,41 42,0,21,,348,0,43,0,14,,344,0,41 42,0,69,,354,0,43,0,14,,334,0,41 42,0,16,,355,0,43,0,68,,335,0,41 42,0,35,,356,0,43,0
101,'26a05H-L-Ma-J-V',727,,363,0,41 42,0,7,,395,0,45,0,3,,393,0,45,0,20,,364,0,41 42,0,55,,391,0,43,0,15,,365,0,41 42,0,17,,394,0,43,0,13,,378,0,45,0,65,,369,0,41 42,0,80,,379,0,43,0,35,,370,0,41 42,0,80,,382,0,43,0,35,,371,0,41 42,0,70,,383,0,43,0,20,,372,0,41 42,0,75,,384,0,43,0,38,,366,0,41 42,0,67,,380,0,43,0,30,,373,0,41 42,0,65,,385,0,43,0,35,,374,0,41 42,0,61,,386,0,43,0,25,,375,0,41 42,0,15,,390,0,43,0,61,,376,0,41 42,0,21,,381,0,43,0,14,,377,0,41 42,0,69,,387,0,43,0,14,,367,0,41 42,0,16,,388,0,43,0,68,,368,0,41 42,0,35,,389,0,43,0
101,'26b23V-Semaine',726,,396,0,41 42,0,15,,422,0,43,0,16,,397,0,41 42,0,55,,421,0,43,0,15,,398,0,41 42,0,15,,423,0,43,0,16,,411,0,44,0,64,,402,0,41 42,0,80,,412,0,43,0,35,,403,0,41 42,0,80,,414,0,43,0,39,,404,0,41 42,0,66,,415,0,43,0,20,,405,0,41 42,0,75,,416,0,43,0,36,,399,0,41 42,0,69,,413,0,43,0,30,,406,0,41 42,0,65,,417,0,43,0,30,,407,0,41 42,0,66,,418,0,43,0,30,,408,0,41 42,0,71,,409,0,43,0,34,,410,0,41 42,0,75,,400,0,41 42,0,31,,419,0,43,0,67,,401,0,41 42,0,30,,420,0,43,0
101,'26c02V-Semaine',726,,424,0,41 42,0,15,,450,0,43,0,16,,425,0,41 42,0,55,,449,0,43,0,15,,426,0,41 42,0,15,,451,0,43,0,16,,439,0,44,0,64,,430,0,41 42,0,80,,440,0,43,0,35,,431,0,41 42,0,80,,442,0,43,0,39,,432,0,41 42,0,66,,443,0,43,0,20,,433,0,41 42,0,75,,444,0,43,0,36,,427,0,41 42,0,69,,441,0,43,0,30,,434,0,41 42,0,65,,445,0,43,0,30,,435,0,41 42,0,66,,446,0,43,0,30,,436,0,41 42,0,71,,437,0,43,0,34,,438,0,41 42,0,75,,428,0,41 42,0,31,,447,0,43,0,67,,429,0,41 42,0,30,,448,0,43,0
301,'25j05H-Dimanche',912,,1283,,,0,100,,1284,,,0,100,,1285,,,0,100,,1286,,,0,100,,1287,,,0,100,,1288,,,0,100,,1289,,,0,100,,1290,,,0,100,,1291,,,0,100,,1292,,,0,100,,1293,,,0
301,'25j26H-Dimanche',912,,1294,,,0,100,,1295,,,0,100,,1296,,,0,100,,1297,,,0,100,,1298,,,0,100,,1299,,,0,100,,1300,,,0,100,,1301,,,0,100,,1302,,,0,100,,1303,,,0,100,,1304,,,0
301,'25k03H-Samedi',721,,1308,,,0,31,,1305,,,0,70,,1306,,,0,30,,1307,,,0,70,,1309,,,0,30,,1310,,,0,70,,1311,,,0,29,,1312,,,0,71,,1316,,,0,30,,1315,,,0,69,,1313,,,0,29,,1314,,,0,69,,1318,,,0,29,,1319,,,0,70,,1317,,,0,31,,1320,,,0,70,,1323,,,0,32,,1321,,,0,73,,1322,,,0,31,,1325,,,0,72,,1324,,,0,30,,1326,,,0,72,,1327,,,0,29,,1328,,,0,69,,1329,,,0,29,,1330,,,0,70,,1331,,,0,24,,1332,,,0
301,'25l22V-Semaine',711,,1333,,,0,22,,1334,,,0,73,,1345,,,0,32,,1337,,,0,72,,1338,,,0,32,,1342,,,0,72,,1339,,,0,32,,1340,,,0,72,,1336,,,0,32,,1341,,,0,72,,1335,,,0,31,,1344,,,0,73,,1343,,,0,32,,1349,,,0,70,,1346,,,0,30,,1348,,,0,67,,1347,,,0,27,,1350,,,0,71,,1353,,,0,30,,1354,,,0,70,,1355,,,0,29,,1356,,,0,66,,1357,,,0,25,,1351,,,0,65,,1358,,,0,29,,1359,,,0,69,,1360,,,0,30,,1352,,,0
301,'26a05H-Samedi',721,,1364,,,0,31,,1361,,,0,70,,1362,,,0,30,,1363,,,0,70,,1365,,,0,30,,1366,,,0,70,,1367,,,0,29,,1368,,,0,71,,1372,,,0,30,,1371,,,0,69,,1369,,,0,29,,1370,,,0,69,,1374,,,0,29,,1375,,,0,70,,1373,,,0,31,,1376,,,0,70,,1379,,,0,32,,1377,,,0,73,,1378,,,0,31,,1381,,,0,72,,1380,,,0,30,,1382,,,0,72,,1383,,,0,29,,1384,,,0,69,,1385,,,0,29,,1386,,,0,70,,1387,,,0,24,,1388,,,0
301,'26a05H-Mercredi',711,,1415,,,0,22,,1389,,,0,73,,1416,,,0,33,,1390,,,0,71,,1391,,,0,31,,1392,,,0,72,,1393,,,0,32,,1394,,,0,73,,1395,,,0,32,,1396,,,0,72,,1397,,,0,31,,1398,,,0,73,,1399,,,0,32,,1400,,,0,70,,1401,,,0,30,,1402,,,0,67,,1403,,,0,27,,1404,,,0,71,,1405,,,0,30,,1406,,,0,70,,1407,,,0,30,,1408,,,0,66,,1409,,,0,24,,1410,,,0,65,,1411,,,0,29,,1412,,,0,68,,1413,,,0,30,,1414,,,0
301,'26a05H-L-Ma-J-V',711,,1443,,,0,22,,1417,,,0,73,,1444,,,0,33,,1418,,,0,71,,1419,,,0,31,,1420,,,0,72,,1421,,,0,32,,1422,,,0,73,,1423,,,0,32,,1424,,,0,72,,1425,,,0,31,,1426,,,0,73,,1427,,,0,32,,1428,,,0,70,,1429,,,0,30,,1430,,,0,67,,1431,,,0,27,,1432,,,0,71,,1433,,,0,30,,1434,,,0,70,,1435,,,0,30,,1436,,,0,66,,1437,,,0,24,,1438,,,0,65,,1439,,,0,29,,1440,,,0,68,,1441,,,0,30,,1442,,,0
301,'26b23V-Semaine',711,,1445,,,0,22,,1446,,,0,73,,1457,,,0,32,,1449,,,0,72,,1450,,,0,32,,1454,,,0,72,,1451,,,0,32,,1452,,,0,72,,1448,,,0,32,,1453,,,0,72,,1447,,,0,31,,1456,,,0,73,,1455,,,0,32,,1461,,,0,70,,1458,,,0,30,,1460,,,0,67,,1459,,,0,27,,1462,,,0,71,,1465,,,0,30,,1466,,,0,70,,1467,,,0,29,,1468,,,0,66,,1469,,,0,25,,1463,,,0,65,,1470,,,0,29,,1471,,,0,69,,1472,,,0,30,,1464,,,0
301,'26c02V-Semaine',711,,1473,,,0,22,,1474,,,0,73,,1485,,,0,32,,1477,,,0,72,,1478,,,0,32,,1482,,,0,72,,1479,,,0,32,,1480,,,0,72,,1476,,,0,32,,1481,,,0,72,,1475,,,0,31,,1484,,,0,73,,1483,,,0,32,,1489,,,0,70,,1486,,,0,30,,1488,,,0,67,,1487,,,0,27,,1490,,,0,71,,1493,,,0,30,,1494,,,0,70,,1495,,,0,29,,1496,,,0,66,,1497,,,0,25,,1491,,,0,65,,1498,,,0,29,,1499,,,0,69,,1500,,,0,30,,1492,,,0
701,'25k03H-Samedi',727,,2462,,,0,110,,2463,,,0,110,,2464,,,0,110,,2465,,,0,150,,2466,,,0,110,,2467,,,0,110,,2468,,,0,110,,2469,,,0,110,,2470,,,0,110,,2460,,,0,150,,2461,,,0
701,'25l22V-Semaine',729,,2471,,,0,110,,2472,,,0,109,,2473,,,0,110,,2474,,,0,151,,2475,,,0,110,,2476,,,0,110,,2477,,,0,110,,2478,,,0,110,,2479,,,0,110,,2480,,,0,149,,2481,,,0
701,'26a05H-Samedi',727,,2484,,,0,110,,2485,,,0,110,,2486,,,0,110,,2487,,,0,150,,2488,,,0,110,,2489,,,0,110,,2490,,,0,110,,2491,,,0,110,,2492,,,0,110,,2482,,,0,150,,2483,,,0
701,'26a05H-Mercredi',729,,2493,,,0,110,,2494,,,0,109,,2495,,,0,110,,2496,,,0,151,,2497,,,0,110,,2498,,,0,110,,2499,,,0,110,,2500,,,0,110,,2501,,,0,110,,2502,,,0,149,,2503,,,0
701,'26a05H-L-Ma-J-V',729,,2504,,,0,110,,2505,,,0,109,,2506,,,0,110,,2507,,,0,151,,2508,,,0,110,,2509,,,0,110,,2510,,,0,110,,2511,,,0,110,,2512,,,0,110,,2513,,,0,149,,2514,,,0
701,'26b23V-Semaine',729,,2515,,,0,110,,2516,,,0,109,,2517,,,0,110,,2518,,,0,151,,2519,,,0,110,,2520,,,0,110,,2521,,,0,110,,2522,,,0,110,,2523,,,0,110,,2524,,,0,149,,2525,,,0
701,'26c02V-Semaine',729,,2526,,,0,110,,2527,,,0,109,,2528,,,0,110,,2529,,,0,151,,2530,,,0,110,,2531,,,0,110,,2532,,,0,110,,2533,,,0,110,,2534,,,0,110,,2535,,,0,149,,2536,,,0
801,'25l22V-Semaine',832,,2598,,,0,109,,2599,,,0,110,,2600,,,0,158,,2592,,,0,111,,2601,,,0,111,,2602,,,0,112,,2603,,,0,75,,2593,,,0,35,,2594,,,0,70,,2595,,,0,35,,2596,,,0,75,,2597,,,0,73,,2604,,,0,34,,2605,,,0
801,'26a05H-Mercredi',832,,2612,,,0,109,,2613,,,0,110,,2614,,,0,158,,2606,,,0,111,,2615,,,0,111,,2616,,,0,112,,2617,,,0,75,,2607,,,0,35,,2608,,,0,70,,2609,,,0,35,,2610,,,0,75,,2611,,,0,73,,2618,,,0,34,,2619,,,0
801,'26a05H-L-Ma-J-V',832,,2626,,,0,109,,2627,,,0,110,,2628,,,0,158,,2620,,,0,111,,2629,,,0,111,,2630,,,0,112,,2631,,,0,75,,2621,,,0,35,,2622,,,0,70,,2623,,,0,35,,2624,,,0,75,,2625,,,0,73,,2632,,,0,34,,2633,,,0
801,'26b23V-Semaine',832,,2640,,,0,109,,2641,,,0,110,,2642,,,0,158,,2634,,,0,111,,2643,,,0,111,,2644,,,0,112,,2645,,,0,75,,2635,,,0,35,,2636,,,0,70,,2637,,,0,35,,2638,,,0,75,,2639,,,0,73,,2646,,,0,34,,2647,,,0
801,'26c02V-Semaine',832,,2654,,,0,109,,2655,,,0,110,,2656,,,0,158,,2648,,,0,111,,2657,,,0,111,,2658,,,0,112,,2659,,,0,75,,2649,,,0,35,,2650,,,0,70,,2651,,,0,35,,2652,,,0,75,,2653,,,0,73,,2660,,,0,34,,2661,,,0
2201,'26a05H-Mercredi',1249,,3688,,,0,384,,3689,,,0,118,,3690,,,0,103,,3691,,,0
2201,'26a05H-L-Ma-J-V',1249,,3693,,,0,384,,3694,,,0,118,,3695,,,0,103,,3696,,,0
2000001,'25j05H-Dimanche',825,,6303,,,0,80,,6286,,,0,40,,6287,,,0,80,,6288,,,0,80,,6289,,,0,40,,6290,,,0,80,,6291,,,0,80,,6292,,,0,40,,6294,,,0,80,,6293,,,0,80,,6295,,,0,40,,6296,,,0,80,,6297,,,0,80,,6298,,,0,40,,6300,,,0,80,,6299,,,0,80,,6301,,,0,40,,6302,,,0
2000001,'25j26H-Dimanche',825,,6321,,,0,80,,6304,,,0,40,,6305,,,0,80,,6306,,,0,80,,6307,,,0,40,,6308,,,0,80,,6309,,,0,80,,6310,,,0,40,,6312,,,0,80,,6311,,,0,80,,6313,,,0,40,,6314,,,0,80,,6315,,,0,80,,6316,,,0,40,,6318,,,0,80,,6317,,,0,80,,6319,,,0,40,,6320,,,0
2000001,'25k03H-Samedi',652,,6322,,,0,81,,6323,,,0,79,,6324,,,0,32,,6362,,,0,61,,6326,,,0,20,,6325,,,0,21,,6327,,,0,60,,6328,,,0,19,,6330,,,0,18,,6329,,,0,60,,6335,,,0,19,,6333,,,0,18,,6337,,,0,19,,6331,,,0,59,,6336,,,0,20,,6332,,,0,16,,6334,,,0,58,,6343,,,0,18,,6340,,,0,20,,6341,,,0,61,,6342,,,0,18,,6339,,,0,17,,6338,,,0,59,,6344,,,0,23,,6345,,,0,20,,6347,,,0,59,,6346,,,0,19,,6348,,,0,20,,6349,,,0,61,,6350,,,0,20,,6352,,,0,19,,6351,,,0,58,,6353,,,0,19,,6354,,,0,19,,6355,,,0,59,,6356,,,0,17,,6357,,,0,18,,6358,,,0,22,,6359,,,0,64,,6360,,,0,23,,6361,,,0
2000001,'25l22V-Semaine',649,,6369,,,0,65,,6366,,,0,18,,6364,,,0,15,,6368,,,0,55,,6365,,,0,15,,6370,,,0,16,,6363,,,0,14,,6367,,,0,55,,6372,,,0,16,,6411,,,0,15,,6410,,,0,16,,6409,,,0,55,,6408,,,0,15,,6406,,,0,14,,6407,,,0,16,,6405,,,0,55,,6404,,,0,14,,6402,,,0,15,,6403,,,0,15,,6401,,,0,55,,6400,,,0,15,,6399,,,0,14,,6398,,,0,15,,6393,,,0,53,,6394,,,0,15,,6395,,,0,15,,6391,,,0,16,,6396,,,0,55,,6397,,,0,17,,6392,,,0,14,,6384,,,0,14,,6387,,,0,55,,6390,,,0,15,,6386,,,0,18,,6388,,,0,15,,6389,,,0,55,,6385,,,0,15,,6382,,,0,15,,6383,,,0,15,,6381,,,0,56,,6378,,,0,15,,6379,,,0,14,,6380,,,0,15,,6377,,,0,54,,6375,,,0,14,,6376,,,0,14,,6373,,,0,15,,6374,,,0,56,,6371,,,0,14,,6417,,,0,26,,6412,,,0,58,,6413,,,0,20,,6416,,,0,19,,6415,,,0,18,,6414,,,0
2000001,'26a05H-Samedi',652,,6418,,,0,81,,6419,,,0,79,,6420,,,0,32,,6458,,,0,61,,6422,,,0,20,,6421,,,0,21,,6423,,,0,60,,6424,,,0,19,,6426,,,0,18,,6425,,,0,60,,6431,,,0,19,,6429,,,0,18,,6433,,,0,19,,6427,,,0,59,,6432,,,0,20,,6428,,,0,16,,6430,,,0,58,,6439,,,0,18,,6436,,,0,20,,6437,,,0,61,,6438,,,0,18,,6435,,,0,17,,6434,,,0,59,,6440,,,0,23,,6441,,,0,20,,6443,,,0,59,,6442,,,0,19,,6444,,,0,20,,6445,,,0,61,,6446,,,0,20,,6448,,,0,19,,6447,,,0,58,,6449,,,0,19,,6450,,,0,19,,6451,,,0,59,,6452,,,0,17,,6453,,,0,18,,6454,,,0,22,,6455,,,0,64,,6456,,,0,23,,6457,,,0
2000001,'26a05H-Mercredi',649,,6511,,,0,66,,6488,,,0,14,,6469,,,0,3,,6467,0,26 27,0,1,,6471,,,0,16,,6496,,,0,56,,6479,,,0,14,,6514,,,0,14,,6461,,,0,14,,6489,,,0,55,,6473,,,0,16,,6497,,,0,16,,6481,,,0,17,,6505,,,0,57,,6462,,,0,15,,6495,,,0,15,,6472,,,0,16,,6498,,,0,56,,6480,,,0,16,,6507,,,0,15,,6463,,,0,16,,6493,,,0,55,,6478,,,0,17,,6499,,,0,15,,6487,,,0,14,,6506,,,0,53,,6465,,,0,15,,6490,,,0,17,,6474,,,0,15,,6501,,,0,55,,6482,,,0,15,,6510,,,0,15,,6466,,,0,16,,6491,,,0,56,,6475,,,0,15,,6500,,,0,16,,6483,,,0,54,,6509,,,0,15,,6464,,,0,16,,6492,,,0,17,,6476,,,0,56,,6502,,,0,17,,6484,,,0,17,,6460,,,0,16,,6508,,,0,56,,6515,,,0,12,,6494,,,0,12,,6477,,,0,14,,6503,,,0,54,,6485,,,0,11,,6459,,,0,13,,6512,,,0,14,,6468,,,0,62,,6504,,,0,20,,6486,,,0,20,,6513,,,0,60,,6470,,,0
2000001,'26a05H-L-Ma-J-V',649,,6568,,,0,66,,6545,,,0,14,,6526,,,0,3,,6524,0,26 27,0,1,,6528,,,0,16,,6553,,,0,56,,6536,,,0,14,,6571,,,0,14,,6518,,,0,14,,6546,,,0,55,,6530,,,0,16,,6554,,,0,16,,6538,,,0,17,,6562,,,0,57,,6519,,,0,15,,6552,,,0,15,,6529,,,0,16,,6555,,,0,56,,6537,,,0,16,,6564,,,0,15,,6520,,,0,16,,6550,,,0,55,,6535,,,0,17,,6556,,,0,15,,6544,,,0,14,,6563,,,0,53,,6522,,,0,15,,6547,,,0,17,,6531,,,0,15,,6558,,,0,55,,6539,,,0,15,,6567,,,0,15,,6523,,,0,16,,6548,,,0,56,,6532,,,0,15,,6557,,,0,16,,6540,,,0,54,,6566,,,0,15,,6521,,,0,16,,6549,,,0,17,,6533,,,0,56,,6559,,,0,17,,6541,,,0,17,,6517,,,0,16,,6565,,,0,56,,6572,,,0,12,,6551,,,0,12,,6534,,,0,14,,6560,,,0,54,,6542,,,0,11,,6516,,,0,13,,6569,,,0,14,,6525,,,0,62,,6561,,,0,20,,6543,,,0,20,,6570,,,0,60,,6527,,,0
2000001,'26b23V-Semaine',649,,6579,,,0,65,,6576,,,0,18,,6574,,,0,15,,6578,,,0,55,,6575,,,0,15,,6580,,,0,16,,6573,,,0,14,,6577,,,0,55,,6582,,,0,16,,6621,,,0,15,,6620,,,0,16,,6619,,,0,55,,6618,,,0,15,,6616,,,0,14,,6617,,,0,16,,6615,,,0,55,,6614,,,0,14,,6612,,,0,15,,6613,,,0,15,,6611,,,0,55,,6610,,,0,15,,6609,,,0,14,,6608,,,0,15,,6603,,,0,53,,6604,,,0,15,,6605,,,0,15,,6601,,,0,16,,6606,,,0,55,,6607,,,0,17,,6602,,,0,14,,6594,,,0,14,,6597,,,0,55,,6600,,,0,15,,6596,,,0,18,,6598,,,0,15,,6599,,,0,55,,6595,,,0,15,,6592,,,0,15,,6593,,,0,15,,6591,,,0,56,,6588,,,0,15,,6589,,,0,14,,6590,,,0,15,,6587,,,0,54,,6585,,,0,14,,6586,,,0,14,,6583,,,0,15,,6584,,,0,56,,6581,,,0,14,,6627,,,0,26,,6622,,,0,58,,6623,,,0,20,,6626,,,0,19,,6625,,,0,18,,6624,,,0
2000001,'26c02V-Semaine',649,,6634,,,0,65,,6631,,,0,18,,6629,,,0,15,,6633,,,0,55,,6630,,,0,15,,6635,,,0,16,,6628,,,0,14,,6632,,,0,55,,6637,,,0,16,,6676,,,0,15,,6675,,,0,16,,6674,,,0,55,,6673,,,0,15,,6671,,,0,14,,6672,,,0,16,,6670,,,0,55,,6669,,,0,14,,6667,,,0,15,,6668,,,0,15,,6666,,,0,55,,6665,,,0,15,,6664,,,0,14,,6663,,,0,15,,6658,,,0,53,,6659,,,0,15,,6660,,,0,15,,6656,,,0,16,,6661,,,0,55,,6662,,,0,17,,6657,,,0,14,,6649,,,0,14,,6652,,,0,55,,6655,,,0,15,,6651,,,0,18,,6653,,,0,15,,6654,,,0,55,,6650,,,0,15,,6647,,,0,15,,6648,,,0,15,,6646,,,0,56,,6643,,,0,15,,6644,,,0,14,,6645,,,0,15,,6642,,,0,54,,6640,,,0,14,,6641,,,0,14,,6638,,,0,15,,6639,,,0,56,,6636,,,0,14,,6682,,,0,26,,6677,,,0,58,,6678,,,0,20,,6681,,,0,19,,6680,,,0,18,,6679,,,0
