701,'0_6',714,,66147,13,,,0,110,,66148,13,,,0,111,,66149,13,,,0,110,,66150,13,,,0,111,,66151,13,,,0,149,,66152,13,,,0,110,,66153,13,,,0,111,,66154,13,,,0,109,,66155,13,,,0,110,,66145,13,,,0,111,,66146,13,,,0
701,'2_1',714,,66156,13,,,0,110,,66157,13,,,0,110,,66158,13,,,0,110,,66159,13,,,0,111,,66160,13,,,0,150,,66161,13,,,0,109,,66162,13,,,0,110,,66163,13,,,0,110,,66164,13,,,0,110,,66165,13,,,0,111,,66166,13,,,0
701,'2_2',714,,66167,13,,,0,110,,66168,13,,,0,110,,66169,13,,,0,110,,66170,13,,,0,111,,66171,13,,,0,150,,66172,13,,,0,109,,66173,13,,,0,110,,66174,13,,,0,110,,66175,13,,,0,110,,66176,13,,,0,111,,66177,13,,,0
701,'2_3',714,,66178,13,,,0,110,,66179,13,,,0,110,,66180,13,,,0,110,,66181,13,,,0,111,,66182,13,,,0,150,,66183,13,,,0,109,,66184,13,,,0,110,,66185,13,,,0,110,,66186,13,,,0,110,,66187,13,,,0,111,,66188,13,,,0
701,'2_4',714,,66189,13,,,0,110,,66190,13,,,0,110,,66191,13,,,0,110,,66192,13,,,0,111,,66193,13,,,0,150,,66194,13,,,0,109,,66195,13,,,0,110,,66196,13,,,0,110,,66197,13,,,0,110,,66198,13,,,0,111,,66199,13,,,0
701,'2_5',714,,66200,13,,,0,110,,66201,13,,,0,110,,66202,13,,,0,110,,66203,13,,,0,111,,66204,13,,,0,150,,66205,13,,,0,109,,66206,13,,,0,110,,66207,13,,,0,110,,66208,13,,,0,110,,66209,13,,,0,111,,66210,13,,,0
701,'3_1',714,,66211,13,,,0,110,,66212,13,,,0,110,,66213,13,,,0,110,,66214,13,,,0,111,,66215,13,,,0,150,,66216,13,,,0,109,,66217,13,,,0,110,,66218,13,,,0,110,,66219,13,,,0,110,,66220,13,,,0,111,,66221,13,,,0
701,'3_3',714,,66222,13,,,0,110,,66223,13,,,0,110,,66224,13,,,0,110,,66225,13,,,0,111,,66226,13,,,0,150,,66227,13,,,0,109,,66228,13,,,0,110,,66229,13,,,0,110,,66230,13,,,0,110,,66231,13,,,0,111,,66232,13,,,0
701,'3_4',714,,66233,13,,,0,110,,66234,13,,,0,110,,66235,13,,,0,110,,66236,13,,,0,111,,66237,13,,,0,150,,66238,13,,,0,109,,66239,13,,,0,110,,66240,13,,,0,110,,66241,13,,,0,110,,66242,13,,,0,111,,66243,13,,,0
701,'3_5',714,,66244,13,,,0,110,,66245,13,,,0,110,,66246,13,,,0,110,,66247,13,,,0,111,,66248,13,,,0,150,,66249,13,,,0,109,,66250,13,,,0,110,,66251,13,,,0,110,,66252,13,,,0,110,,66253,13,,,0,111,,66254,13,,,0
