400,'S2-5_1',1317,,23473,56,,,0,512,,23477,57,,,0,87,,23474,56,,,0
400,'S2-5_2',1317,,23507,56,,,0,512,,23511,57,,,0,87,,23508,56,,,0
400,'S2-5_4',1317,,23541,56,,,0,512,,23545,57,,,0,87,,23542,56,,,0
400,'S2-5_5',1317,,23575,56,,,0,512,,23579,57,,,0,87,,23576,56,,,0
400,'S2-6_3',1317,,23608,56,,,0,512,,23612,57,,,0,87,,23609,56,,,0
2300,'S2-5_1',1643,,25489,34,,,0,105,,25490,34,,,0,95,,25491,34,,,0
2300,'S2-5_2',1643,,25492,34,,,0,105,,25493,34,,,0,95,,25494,34,,,0
2300,'S2-5_4',1643,,25495,34,,,0,105,,25496,34,,,0,95,,25497,34,,,0
2300,'S2-5_5',1643,,25498,34,,,0,105,,25499,34,,,0,95,,25500,34,,,0
2300,'S2-6_3',1246,,25502,34,,,0,3,,25501,34,,,0
2900400,'S2-5_1',1716,,28318,13,,,0,97,,28319,13,,,0
2900400,'S2-5_2',1716,,28320,13,,,0,97,,28321,13,,,0
2900400,'S2-5_4',1716,,28322,13,,,0,97,,28323,13,,,0
2900400,'S2-5_5',1716,,28324,13,,,0,97,,28325,13,,,0
2900400,'S2-6_3',1716,,28326,13,,,0,97,,28327,13,,,0
