1601,'2_6',829,,32776,5,,,0,77,,32777,5,,,0,44,,32778,5,,,0,155,,32780,12,,,0,109,,32783,12,,,0,139,,32781,12,,,0,105,,32784,12,,,0,85,,32779,5,,,0,106,,32785,5,,,0,169,,32782,12,,,0
1601,'5_1',829,,37777,5,,,0,77,,37778,5,,,0,44,,37779,5,,,0,155,,37781,12,,,0,109,,37784,12,,,0,139,,37782,12,,,0,105,,37785,12,,,0,85,,37780,5,,,0,106,,37786,5,,,0,169,,37783,12,,,0
1601,'5_2',829,,40617,5,,,0,77,,40618,5,,,0,44,,40619,5,,,0,155,,40621,12,,,0,109,,40624,12,,,0,139,,40622,12,,,0,105,,40625,12,,,0,85,,40620,5,,,0,106,,40626,5,,,0,169,,40623,12,,,0
1601,'5_3',829,,40627,5,,,0,77,,40628,5,,,0,44,,40629,5,,,0,155,,40631,12,,,0,109,,40634,12,,,0,139,,40632,12,,,0,105,,40635,12,,,0,85,,40630,5,,,0,106,,40636,5,,,0,169,,40633,12,,,0
1601,'5_4',829,,40637,5,,,0,77,,40638,5,,,0,44,,40639,5,,,0,155,,40641,12,,,0,109,,40644,12,,,0,139,,40642,12,,,0,105,,40645,12,,,0,85,,40640,5,,,0,106,,40646,5,,,0,169,,40643,12,,,0
1601,'5_5',829,,40647,5,,,0,77,,40648,5,,,0,44,,40649,5,,,0,155,,40651,12,,,0,109,,40654,12,,,0,139,,40652,12,,,0,105,,40655,12,,,0,85,,40650,5,,,0,106,,40656,5,,,0,169,,40653,12,,,0
1601,'6_1',829,,40657,5,,,0,77,,40658,5,,,0,44,,40659,5,,,0,155,,40661,12,,,0,109,,40664,12,,,0,139,,40662,12,,,0,105,,40665,12,,,0,85,,40660,5,,,0,106,,40666,5,,,0,169,,40663,12,,,0
1601,'6_2',829,,44876,5,,,0,77,,44877,5,,,0,44,,44878,5,,,0,155,,44880,12,,,0,109,,44883,12,,,0,139,,44881,12,,,0,105,,44884,12,,,0,85,,44879,5,,,0,106,,44885,5,,,0,169,,44882,12,,,0
1601,'6_3',829,,44886,5,,,0,77,,44887,5,,,0,44,,44888,5,,,0,155,,44890,12,,,0,109,,44893,12,,,0,139,,44891,12,,,0,105,,44894,12,,,0,85,,44889,5,,,0,106,,44895,5,,,0,169,,44892,12,,,0
1601,'6_4',829,,44896,5,,,0,77,,44897,5,,,0,44,,44898,5,,,0,155,,44900,12,,,0,109,,44903,12,,,0,139,,44901,12,,,0,105,,44904,12,,,0,85,,44899,5,,,0,106,,44905,5,,,0,169,,44902,12,,,0
