'2409-HIV-24i02H-s-Samedi-00',100,65900,0,'Soler',0,15100,0,'Soler',0,9300,0,'Soler',0,3000,0,'Soler',0,7000,0,'Soler',0,3200,0,'Soler',0,7000,0,'Soler',0,2900,0,'Soler',0,7200,0,'Soler',0,2900,0,'Soler',0,7000,0,'Soler',0,2900,0,'Soler',0,6900,0,'Soler',0,3100,0,'Soler',0,6900,0,'Soler',0,3100,0,'Soler',0,7000,0,'Soler',0,3100,0,'Soler',0,7300,0,'Soler',0,2900,0,'Soler',0,7100,0,'Soler',0,3300,0,'Soler',0,6900,0,'Soler',0
'2409-HIV-24i02Hlv-L-Ma-J-V-00',100,65600,0,'Soler',0,5400,0,'Soler',0,1600,0,'Soler',0,1600,,'',0,1500,0,'Soler',0,6000,0,'Catalogne (Brasserie)',0,1000,0,'Soler',0,2700,0,'Soler',0,7800,0,'Soler',0,7800,0,'Soler',0,3900,0,'Soler',0,7800,0,'Soler',0,1900,,'',0,6500,,'',0,3200,0,'Soler',0,6500,0,'Soler',0,2400,0,'Soler',0,7400,0,'Soler',0,4000,0,'Soler',0,6400,,'',0,3500,0,'Soler',0,6000,,'',0,3300,,'',0,900,0,'Soler',0,5800,,'',0,2500,0,'Soler',0,1500,,'',0,6800,,'',0,3600,0,'Soler',0,7500,,'',0
'2409-HIV-24j06H-d-Dimanche-00',100,90500,0,'Soler',0,10500,0,'Soler',0,10600,0,'Soler',0,10400,0,'Soler',0,9000,0,'Soler',0,10000,0,'Soler',0,10500,0,'Soler',0,10500,0,'Soler',0,10500,0,'Soler',0,10600,0,'Soler',0
'2409-HIV-24j07H-w-Mercredi-00',100,65600,0,'Soler',0,5400,0,'Soler',0,1600,0,'Soler',0,1600,,'',0,1500,0,'Soler',0,6000,0,'Catalogne (Brasserie)',0,1000,0,'Soler',0,2700,0,'Soler',0,7800,0,'Soler',0,7800,0,'Soler',0,3900,0,'Soler',0,7800,0,'Soler',0,1900,,'',0,6500,,'',0,3200,0,'Soler',0,6500,0,'Soler',0,2400,0,'Soler',0,7400,0,'Soler',0,4000,0,'Soler',0,6400,,'',0,3500,0,'Soler',0,6000,,'',0,3300,,'',0,900,0,'Soler',0,5800,,'',0,2500,0,'Soler',0,1500,,'',0,6800,,'',0,3600,0,'Soler',0,7500,,'',0
'2409-HIV-24j07Hlv-L-Ma-J-V-00',100,65600,0,'Soler',0,5400,0,'Soler',0,1600,0,'Soler',0,1600,,'',0,1500,0,'Soler',0,6000,0,'Catalogne (Brasserie)',0,1000,0,'Soler',0,2700,0,'Soler',0,7800,0,'Soler',0,7800,0,'Soler',0,3900,0,'Soler',0,7800,0,'Soler',0,1900,,'',0,6500,,'',0,3200,0,'Soler',0,6500,0,'Soler',0,2400,0,'Soler',0,7400,0,'Soler',0,4000,0,'Soler',0,6400,,'',0,3500,0,'Soler',0,6000,,'',0,3300,,'',0,900,0,'Soler',0,5800,,'',0,2500,0,'Soler',0,1500,,'',0,6800,,'',0,3600,0,'Soler',0,7500,,'',0
'2409-HIV-24j21Vlv-Semaine-01',100,65900,,'',0,5500,0,'Soler',0,1500,0,'Soler',0,1500,,'',0,1500,0,'Soler',0,5600,0,'Catalogne (Brasserie)',0,1500,0,'Soler',0,2300,0,'Soler',0,7900,0,'Soler',0,8100,0,'Soler',0,3900,0,'Soler',0,7500,0,'Soler',0,2100,,'',0,6500,,'',0,3100,0,'Soler',0,6500,0,'Soler',0,2400,0,'Soler',0,7100,0,'Soler',0,3800,0,'Soler',0,7000,0,'Soler',0,3100,0,'Soler',0,6300,,'',0,3400,,'',0,7200,,'',0,3000,,'',0,7100,,'',0,3700,0,'Soler',0,6500,,'',0
'2409-HIV-24j26H-d-Dimanche-00',100,90500,0,'Soler',0,10500,0,'Soler',0,10600,0,'Soler',0,10400,0,'Soler',0,9000,0,'Soler',0,10000,0,'Soler',0,10500,0,'Soler',0,10500,0,'Soler',0,10500,0,'Soler',0,10600,0,'Soler',0
'2409-HIV-24j28Vlv-Semaine-01',100,65900,,'',0,5500,0,'Soler',0,1500,0,'Soler',0,1500,,'',0,1500,0,'Soler',0,5600,0,'Catalogne (Brasserie)',0,1500,0,'Soler',0,2300,0,'Soler',0,7900,0,'Soler',0,8100,0,'Soler',0,3900,0,'Soler',0,7500,0,'Soler',0,2100,,'',0,6500,,'',0,3100,0,'Soler',0,6500,0,'Soler',0,2400,0,'Soler',0,7100,0,'Soler',0,3800,0,'Soler',0,7000,0,'Soler',0,3100,0,'Soler',0,6300,,'',0,3400,,'',0,7200,,'',0,3000,,'',0,7100,,'',0,3700,0,'Soler',0,6500,,'',0
'2409-HIV-24l23Vlv-Semaine-00',100,65900,,'',0,5500,0,'Soler',0,1500,0,'Soler',0,1500,,'',0,1500,0,'Soler',0,5600,0,'Catalogne (Brasserie)',0,1500,0,'Soler',0,2300,0,'Soler',0,7900,0,'Soler',0,8100,0,'Soler',0,3900,0,'Soler',0,7500,0,'Soler',0,2100,,'',0,6500,,'',0,3100,0,'Soler',0,6500,0,'Soler',0,2400,0,'Soler',0,7100,0,'Soler',0,3800,0,'Soler',0,7000,0,'Soler',0,3100,0,'Soler',0,6300,,'',0,3400,,'',0,7200,,'',0,3000,,'',0,7100,,'',0,3700,0,'Soler',0,6500,,'',0
'2409-HIV-24i02Hlv-L-Ma-J-V-00',2200,70700,0,'Gare Routière Méditerranée',0,2000,0,'Lurçat',0,10200,0,'Gare Routière Méditerranée',0,51300,0,'Massilia',0,36800,0,'Gare Routière Méditerranée',0
'2409-HIV-24i02Hlv-L-Ma-J-V-00-1101100',2200,164700,0,'Massilia',0,10000,0,'Massilia',0
'2409-HIV-24j06H-d-Dimanche-00',2200,84400,0,'Massilia',0,36000,0,'Massilia',0,24000,0,'Massilia',0,36000,0,'Massilia',0
'2409-HIV-24j07H-w-Mercredi-00',2200,70700,0,'Gare Routière Méditerranée',0,2000,0,'Lurçat',0,10200,0,'Gare Routière Méditerranée',0,51300,0,'Massilia',0,36800,0,'Gare Routière Méditerranée',0
'2409-HIV-24j07Hlv-L-Ma-J-V-00',2200,70700,0,'Gare Routière Méditerranée',0,2000,0,'Lurçat',0,10200,0,'Gare Routière Méditerranée',0,51300,0,'Massilia',0,36800,0,'Gare Routière Méditerranée',0
'2409-HIV-24j07Hlv-L-Ma-J-V-00-1101100',2200,164700,0,'Massilia',0,10000,0,'Massilia',0
'2409-HIV-24j26H-d-Dimanche-00',2200,84400,0,'Massilia',0,36000,0,'Massilia',0,24000,0,'Massilia',0,36000,0,'Massilia',0
