300,'1_6',654,,15663,12,,,0,69,,15665,12,,,0,29,,15666,12,,,0,70,,15664,12,,,0,30,,15668,12,,,0,69,,15669,12,,,0,28,,15667,12,,,0,71,,15670,12,,,0,30,,15671,12,,,0,70,,15674,12,,,0,30,,15673,12,,,0,69,,15672,12,,,0,29,,15676,12,,,0,70,,15675,12,,,0,29,,15677,12,,,0,69,,15678,12,,,0,32,,15679,12,,,0,72,,15680,12,,,0,31,,15681,12,,,0,71,,15682,12,,,0,32,,15683,12,,,0,72,,15684,12,,,0,30,,15685,12,,,0,71,,15690,12,,,0,31,,15686,12,,,0,70,,15687,12,,,0,26,,15688,12,,,0,70,,15689,12,,,0
300,'4_7',911,,15691,12,,,0,100,,15692,12,,,0,100,,15693,12,,,0,100,,15694,12,,,0,100,,15695,12,,,0,100,,15696,12,,,0,100,,15697,12,,,0,100,,15698,12,,,0,100,,15699,12,,,0,100,,15700,12,,,0,100,,15701,12,,,0
300,'5_1',651,,15702,12,,,0,64,,15703,12,,,0,32,,15704,12,,,0,64,,15705,12,,,0,25,,15706,12,,,0,70,,15707,12,,,0,32,,15708,12,,,0,72,,15709,12,,,0,32,,15710,12,,,0,72,,15711,12,,,0,32,,15712,12,,,0,72,,15713,12,,,0,32,,15714,12,,,0,72,,15715,12,,,0,32,,15716,12,,,0,72,,15717,12,,,0,32,,15718,12,,,0,73,,15719,12,,,0,70,,15721,12,,,0,27,,15722,12,,,0,28,,15723,12,,,0,69,,15724,12,,,0,30,,15725,12,,,0,70,,15729,12,,,0,31,,15726,12,,,0,71,,15727,12,,,0,73,,15728,12,,,0,30,,15720,12,,,0
300,'5_2',651,,15730,12,,,0,64,,15731,12,,,0,32,,15732,12,,,0,64,,15733,12,,,0,25,,15734,12,,,0,70,,15735,12,,,0,32,,15736,12,,,0,72,,15737,12,,,0,32,,15738,12,,,0,72,,15739,12,,,0,32,,15740,12,,,0,72,,15741,12,,,0,32,,15742,12,,,0,72,,15743,12,,,0,32,,15744,12,,,0,72,,15745,12,,,0,32,,15746,12,,,0,73,,15747,12,,,0,70,,15749,12,,,0,27,,15750,12,,,0,28,,15751,12,,,0,69,,15752,12,,,0,30,,15753,12,,,0,70,,15757,12,,,0,31,,15754,12,,,0,71,,15755,12,,,0,73,,15756,12,,,0,30,,15748,12,,,0
300,'5_4',651,,15758,12,,,0,64,,15759,12,,,0,32,,15760,12,,,0,64,,15761,12,,,0,25,,15762,12,,,0,70,,15763,12,,,0,32,,15764,12,,,0,72,,15765,12,,,0,32,,15766,12,,,0,72,,15767,12,,,0,32,,15768,12,,,0,72,,15769,12,,,0,32,,15770,12,,,0,72,,15771,12,,,0,32,,15772,12,,,0,72,,15773,12,,,0,32,,15774,12,,,0,73,,15775,12,,,0,70,,15777,12,,,0,27,,15778,12,,,0,28,,15779,12,,,0,69,,15780,12,,,0,30,,15781,12,,,0,70,,15785,12,,,0,31,,15782,12,,,0,71,,15783,12,,,0,73,,15784,12,,,0,30,,15776,12,,,0
300,'5_5',651,,15786,12,,,0,64,,15787,12,,,0,32,,15788,12,,,0,64,,15789,12,,,0,25,,15790,12,,,0,70,,15791,12,,,0,32,,15792,12,,,0,72,,15793,12,,,0,32,,15794,12,,,0,72,,15795,12,,,0,32,,15796,12,,,0,72,,15797,12,,,0,32,,15798,12,,,0,72,,15799,12,,,0,32,,15800,12,,,0,72,,15801,12,,,0,32,,15802,12,,,0,73,,15803,12,,,0,70,,15805,12,,,0,27,,15806,12,,,0,28,,15807,12,,,0,69,,15808,12,,,0,30,,15809,12,,,0,70,,15813,12,,,0,31,,15810,12,,,0,71,,15811,12,,,0,73,,15812,12,,,0,30,,15804,12,,,0
300,'6_3',651,,15814,12,,,0,64,,15815,12,,,0,32,,15816,12,,,0,64,,15817,12,,,0,25,,15818,12,,,0,70,,15819,12,,,0,32,,15820,12,,,0,72,,15821,12,,,0,32,,15822,12,,,0,72,,15823,12,,,0,32,,15824,12,,,0,72,,15825,12,,,0,32,,15826,12,,,0,72,,15827,12,,,0,32,,15828,12,,,0,72,,15829,12,,,0,32,,15830,12,,,0,73,,15831,12,,,0,70,,15833,12,,,0,27,,15834,12,,,0,28,,15835,12,,,0,69,,15836,12,,,0,30,,15837,12,,,0,70,,15841,12,,,0,31,,15838,12,,,0,71,,15839,12,,,0,73,,15840,12,,,0,30,,15832,12,,,0
2900300,'5_1',706,,20894,4,,,0,30,,20895,4,,,0,69,,20896,4,,,0
2900300,'5_2',706,,20897,4,,,0,30,,20898,4,,,0,69,,20899,4,,,0
2900300,'5_4',706,,20900,4,,,0,30,,20901,4,,,0,69,,20902,4,,,0
2900300,'5_5',706,,20903,4,,,0,30,,20904,4,,,0,69,,20905,4,,,0
2900300,'6_3',706,,20906,4,,,0,30,,20907,4,,,0,69,,20908,4,,,0
