300,'S2-0_6',704,,54739,20,,,0,29,,54740,20,,,0,68,,54741,20,,,0,30,,54742,20,,,0,75,,54743,20,,,0,32,,54744,20,,,0,75,,54745,20,,,0,34,,54746,20,,,0,72,,54747,20,,,0,33,,54738,20,,,0,73,,54737,20,,,0,33,,54736,20,,,0,72,,54735,20,,,0,71,,54713,20,,,0,28,,54714,20,,,0,29,,54715,20,,,0,68,,54716,20,,,0,28,,54717,20,,,0,68,,54718,20,,,0,32,,54719,20,,,0,68,,54720,20,,,0,27,,54721,20,,,0,68,,54722,20,,,0,29,,54723,20,,,0,67,,54724,20,,,0,26,,54725,20,,,0,66,,54726,20,,,0,24,,54727,20,,,0,24,,54749,20,,,0,65,,54748,20,,,0,24,,54728,8,,,0,70,,54729,8,,,0,30,,54730,8,,,0,70,,54731,8,,,0,30,,54732,8,,,0,70,,54733,8,,,0,30,,54734,8,,,0
300,'S2-1_7',906,,54772,20,,,0,32,,54773,20,,,0,75,,54774,20,,,0,34,,54775,20,,,0,72,,54766,20,,,0,33,,54771,20,,,0,73,,54770,20,,,0,33,,54769,20,,,0,72,,54768,20,,,0,71,,54750,20,,,0,28,,54751,20,,,0,29,,54752,20,,,0,68,,54753,20,,,0,28,,54754,20,,,0,68,,54755,20,,,0,32,,54756,20,,,0,68,,54757,20,,,0,27,,54758,20,,,0,68,,54759,20,,,0,29,,54760,20,,,0,67,,54761,20,,,0,26,,54762,20,,,0,66,,54763,20,,,0,24,,54764,20,,,0,24,,54767,20,,,0,65,,54765,20,,,0
300,'S2-2_1',704,,54795,20,,,0,29,,54796,20,,,0,68,,54797,20,,,0,30,,54798,20,,,0,75,,54799,20,,,0,32,,54800,20,,,0,75,,54801,20,,,0,34,,54802,20,,,0,72,,54803,20,,,0,33,,54794,20,,,0,73,,54793,20,,,0,33,,54792,20,,,0,72,,54791,20,,,0,71,,54776,20,,,0,28,,54777,20,,,0,29,,54778,20,,,0,68,,54779,20,,,0,28,,54780,20,,,0,68,,54781,20,,,0,32,,54782,20,,,0,68,,54783,20,,,0,27,,54784,20,,,0,68,,54785,20,,,0,29,,54786,20,,,0,67,,54787,20,,,0,26,,54788,20,,,0,66,,54789,20,,,0,24,,54790,20,,,0,24,,54805,20,,,0,65,,54804,20,,,0
300,'S2-2_2',704,,54825,20,,,0,29,,54826,20,,,0,68,,54827,20,,,0,30,,54828,20,,,0,75,,54829,20,,,0,32,,54830,20,,,0,75,,54831,20,,,0,34,,54832,20,,,0,72,,54833,20,,,0,33,,54824,20,,,0,73,,54823,20,,,0,33,,54822,20,,,0,72,,54821,20,,,0,71,,54806,20,,,0,28,,54807,20,,,0,29,,54808,20,,,0,68,,54809,20,,,0,28,,54810,20,,,0,68,,54811,20,,,0,32,,54812,20,,,0,68,,54813,20,,,0,27,,54814,20,,,0,68,,54815,20,,,0,29,,54816,20,,,0,67,,54817,20,,,0,26,,54818,20,,,0,66,,54819,20,,,0,24,,54820,20,,,0,24,,54835,20,,,0,65,,54834,20,,,0
300,'S2-2_3',704,,54855,20,,,0,29,,54856,20,,,0,68,,54857,20,,,0,30,,54858,20,,,0,75,,54859,20,,,0,32,,54860,20,,,0,75,,54861,20,,,0,34,,54862,20,,,0,72,,54863,20,,,0,33,,54854,20,,,0,73,,54853,20,,,0,33,,54852,20,,,0,72,,54851,20,,,0,71,,54836,20,,,0,28,,54837,20,,,0,29,,54838,20,,,0,68,,54839,20,,,0,28,,54840,20,,,0,68,,54841,20,,,0,32,,54842,20,,,0,68,,54843,20,,,0,27,,54844,20,,,0,68,,54845,20,,,0,29,,54846,20,,,0,67,,54847,20,,,0,26,,54848,20,,,0,66,,54849,20,,,0,24,,54850,20,,,0,24,,54865,20,,,0,65,,54864,20,,,0
300,'S2-2_4',704,,54885,20,,,0,29,,54886,20,,,0,68,,54887,20,,,0,30,,54888,20,,,0,75,,54889,20,,,0,32,,54890,20,,,0,75,,54891,20,,,0,34,,54892,20,,,0,72,,54893,20,,,0,33,,54884,20,,,0,73,,54883,20,,,0,33,,54882,20,,,0,72,,54881,20,,,0,71,,54866,20,,,0,28,,54867,20,,,0,29,,54868,20,,,0,68,,54869,20,,,0,28,,54870,20,,,0,68,,54871,20,,,0,32,,54872,20,,,0,68,,54873,20,,,0,27,,54874,20,,,0,68,,54875,20,,,0,29,,54876,20,,,0,67,,54877,20,,,0,26,,54878,20,,,0,66,,54879,20,,,0,24,,54880,20,,,0,24,,54895,20,,,0,65,,54894,20,,,0
300,'S2-2_5',704,,54922,20,,,0,29,,54923,20,,,0,68,,54924,20,,,0,30,,54925,20,,,0,75,,54926,20,,,0,32,,54927,20,,,0,75,,54928,20,,,0,34,,54929,20,,,0,72,,54930,20,,,0,33,,54921,20,,,0,73,,54920,20,,,0,33,,54919,20,,,0,72,,54918,20,,,0,71,,54896,20,,,0,28,,54897,20,,,0,29,,54898,20,,,0,68,,54899,20,,,0,28,,54900,20,,,0,68,,54901,20,,,0,32,,54902,20,,,0,68,,54903,20,,,0,27,,54904,20,,,0,68,,54905,20,,,0,29,,54906,20,,,0,67,,54907,20,,,0,26,,54908,20,,,0,66,,54909,20,,,0,24,,54910,20,,,0,24,,54932,20,,,0,65,,54931,20,,,0,24,,54911,8,,,0,70,,54912,8,,,0,30,,54913,8,,,0,70,,54914,8,,,0,30,,54915,8,,,0,70,,54916,8,,,0,30,,54917,8,,,0
300,'S2-3_1',704,,54952,20,,,0,29,,54953,20,,,0,68,,54954,20,,,0,30,,54955,20,,,0,75,,54956,20,,,0,32,,54957,20,,,0,75,,54958,20,,,0,34,,54959,20,,,0,72,,54960,20,,,0,33,,54951,20,,,0,73,,54950,20,,,0,33,,54949,20,,,0,72,,54948,20,,,0,71,,54933,20,,,0,28,,54934,20,,,0,29,,54935,20,,,0,68,,54936,20,,,0,28,,54937,20,,,0,68,,54938,20,,,0,32,,54939,20,,,0,68,,54940,20,,,0,27,,54941,20,,,0,68,,54942,20,,,0,29,,54943,20,,,0,67,,54944,20,,,0,26,,54945,20,,,0,66,,54946,20,,,0,24,,54947,20,,,0,24,,54962,20,,,0,65,,54961,20,,,0
300,'S2-3_3',704,,54982,20,,,0,29,,54983,20,,,0,68,,54984,20,,,0,30,,54985,20,,,0,75,,54986,20,,,0,32,,54987,20,,,0,75,,54988,20,,,0,34,,54989,20,,,0,72,,54990,20,,,0,33,,54981,20,,,0,73,,54980,20,,,0,33,,54979,20,,,0,72,,54978,20,,,0,71,,54963,20,,,0,28,,54964,20,,,0,29,,54965,20,,,0,68,,54966,20,,,0,28,,54967,20,,,0,68,,54968,20,,,0,32,,54969,20,,,0,68,,54970,20,,,0,27,,54971,20,,,0,68,,54972,20,,,0,29,,54973,20,,,0,67,,54974,20,,,0,26,,54975,20,,,0,66,,54976,20,,,0,24,,54977,20,,,0,24,,54992,20,,,0,65,,54991,20,,,0
300,'S2-3_4',704,,55012,20,,,0,29,,55013,20,,,0,68,,55014,20,,,0,30,,55015,20,,,0,75,,55016,20,,,0,32,,55017,20,,,0,75,,55018,20,,,0,34,,55019,20,,,0,72,,55020,20,,,0,33,,55011,20,,,0,73,,55010,20,,,0,33,,55009,20,,,0,72,,55008,20,,,0,71,,54993,20,,,0,28,,54994,20,,,0,29,,54995,20,,,0,68,,54996,20,,,0,28,,54997,20,,,0,68,,54998,20,,,0,32,,54999,20,,,0,68,,55000,20,,,0,27,,55001,20,,,0,68,,55002,20,,,0,29,,55003,20,,,0,67,,55004,20,,,0,26,,55005,20,,,0,66,,55006,20,,,0,24,,55007,20,,,0,24,,55022,20,,,0,65,,55021,20,,,0
300,'S2-4_7',704,,55042,20,,,0,29,,55043,20,,,0,68,,55044,20,,,0,30,,55045,20,,,0,75,,55046,20,,,0,32,,55047,20,,,0,75,,55048,20,,,0,34,,55049,20,,,0,72,,55050,20,,,0,33,,55041,20,,,0,73,,55040,20,,,0,33,,55039,20,,,0,72,,55038,20,,,0,71,,55023,20,,,0,28,,55024,20,,,0,29,,55025,20,,,0,68,,55026,20,,,0,28,,55027,20,,,0,68,,55028,20,,,0,32,,55029,20,,,0,68,,55030,20,,,0,27,,55031,20,,,0,68,,55032,20,,,0,29,,55033,20,,,0,67,,55034,20,,,0,26,,55035,20,,,0,66,,55036,20,,,0,24,,55037,20,,,0,24,,55052,20,,,0,65,,55051,20,,,0
