1000,'25j05H-Dimanche',850,,2894,,,0,462,,2895,,,0,497,,2896,,,0
1000,'25j26H-Dimanche',850,,2897,,,0,462,,2898,,,0,497,,2899,,,0
1000,'25k03H-Samedi',708,,2900,,,0,97,,2901,,,0,132,,2907,4,,0,67,,2902,,,0,118,,2908,4,,0,101,,2909,4,,0,100,,2910,4,,0,102,,2911,4,,0,92,,2905,,,0,116,,2906,,,0,69,,2903,,,0,144,,2904,,,0,159,,2912,4,,0
1000,'25l22V-Semaine',940,,2925,4,,0,64,,2915,,,0,124,,2918,4,,0,95,,2919,4,,0,100,,2920,4,,0,102,,2921,4,,0,92,,2923,,,0,116,,2924,,,0,69,,2916,,,0,144,,2917,,,0,159,,2922,4,,0
1000,'26a05H-Samedi',708,,2926,,,0,97,,2927,,,0,132,,2933,4,,0,67,,2928,,,0,118,,2934,4,,0,101,,2935,4,,0,100,,2936,4,,0,102,,2937,4,,0,92,,2931,,,0,116,,2932,,,0,69,,2929,,,0,144,,2930,,,0,159,,2938,4,,0
1000,'26a05H-Mercredi',940,,2953,4,,0,65,,2941,,,0,122,,2944,4,,0,86,,2945,4,,0,35,,2946,4,,0,82,,2947,4,,0,100,,2948,4,,0,80,,2950,,,0,30,,2951,,,0,96,,2952,,,0,64,,2942,,,0,144,,2943,,,0,162,,2949,4,,0
1000,'26a05H-L-Ma-J-V',940,,2968,4,,0,65,,2956,,,0,122,,2959,4,,0,86,,2960,4,,0,35,,2961,4,,0,82,,2962,4,,0,100,,2963,4,,0,80,,2965,,,0,30,,2966,,,0,96,,2967,,,0,64,,2957,,,0,144,,2958,,,0,162,,2964,4,,0
1000,'26b23V-Semaine',940,,2981,4,,0,64,,2971,,,0,124,,2974,4,,0,95,,2975,4,,0,100,,2976,4,,0,102,,2977,4,,0,92,,2979,,,0,116,,2980,,,0,69,,2972,,,0,144,,2973,,,0,159,,2978,4,,0
1000,'26c02V-Semaine',940,,2994,4,,0,64,,2984,,,0,124,,2987,4,,0,95,,2988,4,,0,100,,2989,4,,0,102,,2990,4,,0,92,,2992,,,0,116,,2993,,,0,69,,2985,,,0,144,,2986,,,0,159,,2991,4,,0
2601,'25k03H-Samedi',743,,4030,4,,0,86,,4033,4,,0,85,,4034,4,,0,87,,4035,4,,0,50,,4036,4,,0,84,,4037,4,,0,83,,4038,4,,0,85,,4039,4,,0,42,,4040,4,,0,85,,4041,4,,0,86,,4042,4,,0,91,,4043,4,,0,46,,4044,4,,0,81,,4045,4,,0,86,,4046,4,,0,82,,4032,4,,0,41,,4031,4,,0
2601,'25l22V-Semaine',743,,4047,4,,0,86,,4048,4,,0,85,,4049,4,,0,87,,4050,4,,0,50,,4051,4,,0,84,,4052,4,,0,83,,4053,4,,0,85,,4054,4,,0,42,,4055,4,,0,85,,4056,4,,0,86,,4057,4,,0,91,,4058,4,,0,46,,4059,4,,0,81,,4060,4,,0,86,,4061,4,,0,82,,4062,4,,0,41,,4063,4,,0
2601,'26a05H-Samedi',743,,4064,4,,0,86,,4067,4,,0,85,,4068,4,,0,87,,4069,4,,0,50,,4070,4,,0,84,,4071,4,,0,83,,4072,4,,0,85,,4073,4,,0,42,,4074,4,,0,85,,4075,4,,0,86,,4076,4,,0,91,,4077,4,,0,46,,4078,4,,0,81,,4079,4,,0,86,,4080,4,,0,82,,4066,4,,0,41,,4065,4,,0
2601,'26a05H-Mercredi',740,,4089,4,,0,3,,4087,4,,0,2,,4081,4,,0,72,,4090,4,,0,24,,4092,4,,0,9,,4088,4,,0,55,,4091,4,,0,39,,4082,4,,0,100,,4083,4,,0,100,,4099,4,,0,100,,4084,4,,0,67,,4100,4,,0,22,,4101,4,,0,92,,4085,4,,0,95,,4086,4,,0,114,,4094,4,,0,89,,4095,4,,0,27,,4096,4,,0,89,,4097,4,,0,62,,4098,4,,0,52,,4093,4,,0
2601,'26a05H-L-Ma-J-V',740,,4110,4,,0,3,,4108,4,,0,2,,4102,4,,0,72,,4111,4,,0,24,,4113,4,,0,9,,4109,4,,0,55,,4112,4,,0,39,,4103,4,,0,100,,4104,4,,0,100,,4120,4,,0,100,,4105,4,,0,67,,4121,4,,0,22,,4122,4,,0,92,,4106,4,,0,95,,4107,4,,0,114,,4115,4,,0,89,,4116,4,,0,27,,4117,4,,0,89,,4118,4,,0,62,,4119,4,,0,52,,4114,4,,0
2601,'26a05H-L-Ma-J-V1101100',1338,,4123,4,,0
2601,'26b23V-Semaine',743,,4124,4,,0,86,,4125,4,,0,85,,4126,4,,0,87,,4127,4,,0,50,,4128,4,,0,84,,4129,4,,0,83,,4130,4,,0,85,,4131,4,,0,42,,4132,4,,0,85,,4133,4,,0,86,,4134,4,,0,91,,4135,4,,0,46,,4136,4,,0,81,,4137,4,,0,86,,4138,4,,0,82,,4139,4,,0,41,,4140,4,,0
2601,'26c02V-Semaine',743,,4141,4,,0,86,,4142,4,,0,85,,4143,4,,0,87,,4144,4,,0,50,,4145,4,,0,84,,4146,4,,0,83,,4147,4,,0,85,,4148,4,,0,42,,4149,4,,0,85,,4150,4,,0,86,,4151,4,,0,91,,4152,4,,0,46,,4153,4,,0,81,,4154,4,,0,86,,4155,4,,0,82,,4156,4,,0,41,,4157,4,,0
1000000,'25j05H-Dimanche',808,,4687,0,29 30 31,0,40,,4688,0,29 30 31,0,80,,4689,0,29 30 31,0,80,,4690,0,29 30 31,0,40,,4691,0,29 30 31,0,80,,4692,0,29 30 31,0,80,,4693,0,29 30 31,0,40,,4694,0,29 30 31,0,80,,4695,0,29 30 31,0,80,,4696,0,29 30 31,0,40,,4697,0,29 30 31,0,80,,4698,0,29 30 31,0,80,,4699,0,29 30 31,0,40,,4700,0,29 30 31,0,80,,4701,0,29 30 31,0,80,,4702,0,29 30 31,0,40,,4703,0,29 30 31,0,80,,4704,0,29 30 31,0
1000000,'25j26H-Dimanche',808,,4705,0,29 30 31,0,40,,4706,0,29 30 31,0,80,,4707,0,29 30 31,0,80,,4708,0,29 30 31,0,40,,4709,0,29 30 31,0,80,,4710,0,29 30 31,0,80,,4711,0,29 30 31,0,40,,4712,0,29 30 31,0,80,,4713,0,29 30 31,0,80,,4714,0,29 30 31,0,40,,4715,0,29 30 31,0,80,,4716,0,29 30 31,0,80,,4717,0,29 30 31,0,40,,4718,0,29 30 31,0,80,,4719,0,29 30 31,0,80,,4720,0,29 30 31,0,40,,4721,0,29 30 31,0,80,,4722,0,29 30 31,0
1000000,'25k03H-Samedi',536,,4723,0,29 30 31,0,80,,4724,0,29 30 31,0,41,,4725,,,0,81,,4726,,,0,70,,4727,0,29 30 31,0,15,,4728,,,0,16,,4729,0,29 30 31,0,15,,4730,0,29 30 31,0,53,,4731,,,0,15,,4732,0,29 30 31,0,16,,4790,0,29 30 31,0,16,,4733,,,0,56,,4734,0,29 30 31,0,16,,4735,0,29 30 31,0,14,,4736,,,0,16,,4737,0,29 30 31,0,55,,4738,0,29 30 31,0,16,,4739,,,0,15,,4740,0,29 30 31,0,15,,4741,0,29 30 31,0,56,,4742,,,0,14,,4743,0,29 30 31,0,15,,4744,0,29 30 31,0,15,,4745,,,0,54,,4746,0,29 30 31,0,10,,4747,0,29 30 31,0,11,,4748,,,0,12,,4749,0,29 30 31,0,10,,4750,0,29 30 31,0,49,,4751,0,29 30 31,0,9,,4752,,,0,10,,4753,0,29 30 31,0,11,,4754,0,29 30 31,0,10,,4755,0,29 30 31,0,10,,4756,,,0,52,,4757,0,29 30 31,0,9,,4758,0,29 30 31,0,9,,4759,0,29 30 31,0,10,,4760,,,0,11,,4761,0,29 30 31,0,10,,4762,0,29 30 31,0,50,,4763,0,29 30 31,0,11,,4764,,,0,11,,4765,0,29 30 31,0,9,,4766,0,29 30 31,0,11,,4767,0,29 30 31,0,11,,4768,,,0,53,,4769,0,29 30 31,0,9,,4770,0,29 30 31,0,9,,4771,0,29 30 31,0,10,,4772,,,0,8,,4773,0,29 30 31,0,9,,4774,0,29 30 31,0,50,,4775,0,29 30 31,0,8,,4777,0,29 30 31,0,10,,4776,,,0,9,,4778,0,29 30 31,0,9,,4779,0,29 30 31,0,9,,4781,0,29 30 31,0,50,,4780,0,29 30 31,0,11,,4782,0,29 30 31,0,21,,4783,0,29 30 31,0,17,,4784,0,29 30 31,0,60,,4785,0,29 30 31,0,20,,4786,0,29 30 31,0,20,,4787,0,29 30 31,0,59,,4788,0,29 30 31,0,19,,4789,0,29 30 31,0
1000000,'25l22V-Semaine',541,,4791,0,29 30 31,0,60,,4792,0,29 30 31,0,20,,4872,0,29 30 31,0,20,,4873,,,0,13,,4875,,,0,51,,4871,,,0,10,,4825,,,0,9,,4826,,,0,10,,4827,,,0,9,,4828,,,0,10,,4829,,,0,51,,4830,,,0,10,,4831,,,0,10,,4832,,,0,9,,4874,,,0,9,,4793,0,29 30 31,0,9,,4794,,,0,50,,4795,0,29 30 31,0,9,,4796,,,0,10,,4797,0,29 30 31,0,10,,4833,,,0,12,,4798,0,29 30 31,0,11,,4799,,,0,51,,4800,0,29 30 31,0,11,,4801,,,0,11,,4802,0,29 30 31,0,10,,4803,,,0,11,,4805,0,29 30 31,0,10,,4804,,,0,51,,4835,0,29 30 31,0,10,,4834,,,0,11,,4836,0,29 30 31,0,10,,4837,,,0,11,,4838,0,29 30 31,0,51,,4839,,,0,10,,4840,0,29 30 31,0,11,,4841,,,0,11,,4842,0,29 30 31,0,10,,4843,,,0,9,,4844,0,29 30 31,0,50,,4845,,,0,11,,4846,0,29 30 31,0,10,,4847,,,0,9,,4806,0,29 30 31,0,11,,4807,,,0,10,,4848,0,29 30 31,0,50,,4808,,,0,10,,4809,0,29 30 31,0,10,,4810,,,0,10,,4849,0,29 30 31,0,10,,4811,,,0,10,,4812,0,29 30 31,0,51,,4813,,,0,10,,4814,0,29 30 31,0,11,,4850,,,0,10,,4851,,,0,10,,4852,,,0,10,,4853,,,0,50,,4854,,,0,9,,4855,,,0,10,,4856,,,0,10,,4857,,,0,11,,4858,,,0,11,,4859,,,0,50,,4860,,,0,10,,4861,,,0,10,,4862,,,0,10,,4863,,,0,10,,4864,,,0,9,,4865,,,0,50,,4866,0,29 30 31,0,10,,4867,,,0,9,,4870,0,29 30 31,0,9,,4815,0,29 30 31,0,9,,4868,,,0,9,,4816,0,29 30 31,0,49,,4869,,,0,9,,4817,0,29 30 31,0,20,,4818,0,29 30 31,0,20,,4819,0,29 30 31,0,58,,4820,0,29 30 31,0,20,,4821,0,29 30 31,0,21,,4822,0,29 30 31,0,60,,4823,0,29 30 31,0,20,,4824,0,29 30 31,0
1000000,'26a05H-Samedi',536,,4876,0,29 30 31,0,80,,4877,0,29 30 31,0,41,,4878,,,0,81,,4879,,,0,70,,4880,0,29 30 31,0,15,,4881,,,0,16,,4882,0,29 30 31,0,15,,4883,0,29 30 31,0,53,,4884,,,0,15,,4885,0,29 30 31,0,16,,4943,0,29 30 31,0,16,,4886,,,0,56,,4887,0,29 30 31,0,16,,4888,0,29 30 31,0,14,,4889,,,0,16,,4890,0,29 30 31,0,55,,4891,0,29 30 31,0,16,,4892,,,0,15,,4893,0,29 30 31,0,15,,4894,0,29 30 31,0,56,,4895,,,0,14,,4896,0,29 30 31,0,15,,4897,0,29 30 31,0,15,,4898,,,0,54,,4899,0,29 30 31,0,10,,4900,0,29 30 31,0,11,,4901,,,0,12,,4902,0,29 30 31,0,10,,4903,0,29 30 31,0,49,,4904,0,29 30 31,0,9,,4905,,,0,10,,4906,0,29 30 31,0,11,,4907,0,29 30 31,0,10,,4908,0,29 30 31,0,10,,4909,,,0,52,,4910,0,29 30 31,0,9,,4911,0,29 30 31,0,9,,4912,0,29 30 31,0,10,,4913,,,0,11,,4914,0,29 30 31,0,10,,4915,0,29 30 31,0,50,,4916,0,29 30 31,0,11,,4917,,,0,11,,4918,0,29 30 31,0,9,,4919,0,29 30 31,0,11,,4920,0,29 30 31,0,11,,4921,,,0,53,,4922,0,29 30 31,0,9,,4923,0,29 30 31,0,9,,4924,0,29 30 31,0,10,,4925,,,0,8,,4926,0,29 30 31,0,9,,4927,0,29 30 31,0,50,,4928,0,29 30 31,0,8,,4930,0,29 30 31,0,10,,4929,,,0,9,,4931,0,29 30 31,0,9,,4932,0,29 30 31,0,9,,4934,0,29 30 31,0,50,,4933,0,29 30 31,0,11,,4935,0,29 30 31,0,21,,4936,0,29 30 31,0,17,,4937,0,29 30 31,0,60,,4938,0,29 30 31,0,20,,4939,0,29 30 31,0,20,,4940,0,29 30 31,0,59,,4941,0,29 30 31,0,19,,4942,0,29 30 31,0
1000000,'26a05H-Mercredi',539,,4944,0,29 30 31,0,20,,4945,0,29 30 31,0,60,,5026,0,29 30 31,0,19,,5027,,,0,14,,5029,,,0,50,,5025,,,0,9,,4978,,,0,8,,4979,,,0,12,,4980,,,0,11,,4981,,,0,10,,4982,,,0,51,,4983,,,0,10,,4984,,,0,10,,4985,,,0,8,,5028,,,0,9,,4946,0,29 30 31,0,9,,4947,,,0,10,,4948,0,29 30 31,0,50,,4949,,,0,11,,4950,0,29 30 31,0,10,,4986,,,0,11,,4951,0,29 30 31,0,11,,4952,,,0,51,,4953,0,29 30 31,0,11,,4954,,,0,11,,4955,0,29 30 31,0,10,,4956,,,0,11,,4958,0,29 30 31,0,10,,4957,,,0,51,,4988,0,29 30 31,0,12,,4987,,,0,11,,4989,0,29 30 31,0,11,,4990,,,0,10,,4991,0,29 30 31,0,50,,4992,,,0,10,,4993,0,29 30 31,0,11,,4994,,,0,11,,4995,0,29 30 31,0,10,,4996,,,0,10,,4997,0,29 30 31,0,50,,4998,,,0,9,,4999,0,29 30 31,0,10,,5000,,,0,10,,4959,0,29 30 31,0,11,,4960,,,0,9,,5001,0,29 30 31,0,50,,4961,,,0,9,,4962,0,29 30 31,0,11,,4963,,,0,10,,5002,0,29 30 31,0,11,,4964,,,0,10,,4965,0,29 30 31,0,50,,4966,,,0,10,,4967,0,29 30 31,0,11,,5003,,,0,11,,5004,,,0,10,,5005,,,0,10,,5006,,,0,49,,5007,,,0,11,,5008,,,0,10,,5009,,,0,11,,5010,,,0,9,,5011,,,0,9,,5012,,,0,50,,5013,,,0,10,,5014,,,0,9,,5015,,,0,10,,5016,,,0,9,,5017,,,0,10,,5018,,,0,50,,5019,0,29 30 31,0,10,,5020,,,0,8,,5024,0,29 30 31,0,10,,4968,0,29 30 31,0,11,,5021,,,0,10,,4969,0,29 30 31,0,50,,5022,,,0,9,,4970,0,29 30 31,0,19,,4971,0,29 30 31,0,19,,4972,0,29 30 31,0,58,,4973,0,29 30 31,0,21,,4974,0,29 30 31,0,21,,4975,0,29 30 31,0,60,,4976,0,29 30 31,0,20,,4977,0,29 30 31,0
1000000,'26a05H-L-Ma-J-V',539,,5030,0,29 30 31,0,20,,5031,0,29 30 31,0,60,,5112,0,29 30 31,0,19,,5113,,,0,14,,5115,,,0,50,,5111,,,0,9,,5064,,,0,8,,5065,,,0,12,,5066,,,0,11,,5067,,,0,10,,5068,,,0,51,,5069,,,0,10,,5070,,,0,10,,5071,,,0,8,,5114,,,0,9,,5032,0,29 30 31,0,9,,5033,,,0,10,,5034,0,29 30 31,0,50,,5035,,,0,11,,5036,0,29 30 31,0,10,,5072,,,0,11,,5037,0,29 30 31,0,11,,5038,,,0,51,,5039,0,29 30 31,0,11,,5040,,,0,11,,5041,0,29 30 31,0,10,,5042,,,0,11,,5044,0,29 30 31,0,10,,5043,,,0,51,,5074,0,29 30 31,0,12,,5073,,,0,11,,5075,0,29 30 31,0,11,,5076,,,0,10,,5077,0,29 30 31,0,50,,5078,,,0,10,,5079,0,29 30 31,0,11,,5080,,,0,11,,5081,0,29 30 31,0,10,,5082,,,0,10,,5083,0,29 30 31,0,50,,5084,,,0,9,,5085,0,29 30 31,0,10,,5086,,,0,10,,5045,0,29 30 31,0,11,,5046,,,0,9,,5087,0,29 30 31,0,50,,5047,,,0,9,,5048,0,29 30 31,0,11,,5049,,,0,10,,5088,0,29 30 31,0,11,,5050,,,0,10,,5051,0,29 30 31,0,50,,5052,,,0,10,,5053,0,29 30 31,0,11,,5089,,,0,11,,5090,,,0,10,,5091,,,0,10,,5092,,,0,49,,5093,,,0,11,,5094,,,0,10,,5095,,,0,11,,5096,,,0,9,,5097,,,0,9,,5098,,,0,50,,5099,,,0,10,,5100,,,0,9,,5101,,,0,10,,5102,,,0,9,,5103,,,0,10,,5104,,,0,50,,5105,0,29 30 31,0,10,,5106,,,0,8,,5110,0,29 30 31,0,10,,5054,0,29 30 31,0,11,,5107,,,0,10,,5055,0,29 30 31,0,50,,5108,,,0,9,,5056,0,29 30 31,0,19,,5057,0,29 30 31,0,19,,5058,0,29 30 31,0,58,,5059,0,29 30 31,0,21,,5060,0,29 30 31,0,21,,5061,0,29 30 31,0,60,,5062,0,29 30 31,0,20,,5063,0,29 30 31,0
1000000,'26b23V-Semaine',541,,5116,0,29 30 31,0,60,,5117,0,29 30 31,0,20,,5197,0,29 30 31,0,20,,5198,,,0,13,,5200,,,0,51,,5196,,,0,10,,5150,,,0,9,,5151,,,0,10,,5152,,,0,9,,5153,,,0,10,,5154,,,0,51,,5155,,,0,10,,5156,,,0,10,,5157,,,0,9,,5199,,,0,9,,5118,0,29 30 31,0,9,,5119,,,0,50,,5120,0,29 30 31,0,9,,5121,,,0,10,,5122,0,29 30 31,0,10,,5158,,,0,12,,5123,0,29 30 31,0,11,,5124,,,0,51,,5125,0,29 30 31,0,11,,5126,,,0,11,,5127,0,29 30 31,0,10,,5128,,,0,11,,5130,0,29 30 31,0,10,,5129,,,0,51,,5160,0,29 30 31,0,10,,5159,,,0,11,,5161,0,29 30 31,0,10,,5162,,,0,11,,5163,0,29 30 31,0,51,,5164,,,0,10,,5165,0,29 30 31,0,11,,5166,,,0,11,,5167,0,29 30 31,0,10,,5168,,,0,9,,5169,0,29 30 31,0,50,,5170,,,0,11,,5171,0,29 30 31,0,10,,5172,,,0,9,,5131,0,29 30 31,0,11,,5132,,,0,10,,5173,0,29 30 31,0,50,,5133,,,0,10,,5134,0,29 30 31,0,10,,5135,,,0,10,,5174,0,29 30 31,0,10,,5136,,,0,10,,5137,0,29 30 31,0,51,,5138,,,0,10,,5139,0,29 30 31,0,11,,5175,,,0,10,,5176,,,0,10,,5177,,,0,10,,5178,,,0,50,,5179,,,0,9,,5180,,,0,10,,5181,,,0,10,,5182,,,0,11,,5183,,,0,11,,5184,,,0,50,,5185,,,0,10,,5186,,,0,10,,5187,,,0,10,,5188,,,0,10,,5189,,,0,9,,5190,,,0,50,,5191,0,29 30 31,0,10,,5192,,,0,9,,5195,0,29 30 31,0,9,,5140,0,29 30 31,0,9,,5193,,,0,9,,5141,0,29 30 31,0,49,,5194,,,0,9,,5142,0,29 30 31,0,20,,5143,0,29 30 31,0,20,,5144,0,29 30 31,0,58,,5145,0,29 30 31,0,20,,5146,0,29 30 31,0,21,,5147,0,29 30 31,0,60,,5148,0,29 30 31,0,20,,5149,0,29 30 31,0
1000000,'26c02V-Semaine',541,,5201,0,29 30 31,0,60,,5202,0,29 30 31,0,20,,5282,0,29 30 31,0,20,,5283,,,0,13,,5285,,,0,51,,5281,,,0,10,,5235,,,0,9,,5236,,,0,10,,5237,,,0,9,,5238,,,0,10,,5239,,,0,51,,5240,,,0,10,,5241,,,0,10,,5242,,,0,9,,5284,,,0,9,,5203,0,29 30 31,0,9,,5204,,,0,50,,5205,0,29 30 31,0,9,,5206,,,0,10,,5207,0,29 30 31,0,10,,5243,,,0,12,,5208,0,29 30 31,0,11,,5209,,,0,51,,5210,0,29 30 31,0,11,,5211,,,0,11,,5212,0,29 30 31,0,10,,5213,,,0,11,,5215,0,29 30 31,0,10,,5214,,,0,51,,5245,0,29 30 31,0,10,,5244,,,0,11,,5246,0,29 30 31,0,10,,5247,,,0,11,,5248,0,29 30 31,0,51,,5249,,,0,10,,5250,0,29 30 31,0,11,,5251,,,0,11,,5252,0,29 30 31,0,10,,5253,,,0,9,,5254,0,29 30 31,0,50,,5255,,,0,11,,5256,0,29 30 31,0,10,,5257,,,0,9,,5216,0,29 30 31,0,11,,5217,,,0,10,,5258,0,29 30 31,0,50,,5218,,,0,10,,5219,0,29 30 31,0,10,,5220,,,0,10,,5259,0,29 30 31,0,10,,5221,,,0,10,,5222,0,29 30 31,0,51,,5223,,,0,10,,5224,0,29 30 31,0,11,,5260,,,0,10,,5261,,,0,10,,5262,,,0,10,,5263,,,0,50,,5264,,,0,9,,5265,,,0,10,,5266,,,0,10,,5267,,,0,11,,5268,,,0,11,,5269,,,0,50,,5270,,,0,10,,5271,,,0,10,,5272,,,0,10,,5273,,,0,10,,5274,,,0,9,,5275,,,0,50,,5276,0,29 30 31,0,10,,5277,,,0,9,,5280,0,29 30 31,0,9,,5225,0,29 30 31,0,9,,5278,,,0,9,,5226,0,29 30 31,0,49,,5279,,,0,9,,5227,0,29 30 31,0,20,,5228,0,29 30 31,0,20,,5229,0,29 30 31,0,58,,5230,0,29 30 31,0,20,,5231,0,29 30 31,0,21,,5232,0,29 30 31,0,60,,5233,0,29 30 31,0,20,,5234,0,29 30 31,0
