1001,'2_6',829,,32445,27,,,0,108,,32446,30,,,0,103,,32453,28,,,0,102,,32447,30,,,0,99,,32454,28,,,0,86,,32455,28,,,0,118,,32450,27,,,0,82,,32456,28,,,0,175,,32451,24,,,0,118,,32452,24,,,0,102,,32448,30,,,0,107,,32449,30,,,0
1001,'5_1',829,,37721,27,,,0,104,,37723,30,,,0,107,,37726,28,,,0,102,,37724,30,,,0,99,,37727,28,,,0,86,,37728,28,,,0,118,,37722,27,,,0,82,,37732,28,,,0,175,,37729,24,,,0,118,,37730,24,,,0,102,,37731,30,,,0,107,,37725,30,,,0
1001,'5_2',829,,40337,27,,,0,104,,40339,30,,,0,107,,40342,28,,,0,102,,40340,30,,,0,99,,40343,28,,,0,86,,40344,28,,,0,118,,40338,27,,,0,82,,40348,28,,,0,175,,40345,24,,,0,118,,40346,24,,,0,102,,40347,30,,,0,107,,40341,30,,,0
1001,'5_3',829,,40349,27,,,0,104,,40351,30,,,0,107,,40354,28,,,0,102,,40352,30,,,0,99,,40355,28,,,0,86,,40356,28,,,0,118,,40350,27,,,0,82,,40360,28,,,0,175,,40357,24,,,0,118,,40358,24,,,0,102,,40359,30,,,0,107,,40353,30,,,0
1001,'5_4',829,,40361,27,,,0,104,,40363,30,,,0,107,,40366,28,,,0,102,,40364,30,,,0,99,,40367,28,,,0,86,,40368,28,,,0,118,,40362,27,,,0,82,,40372,28,,,0,175,,40369,24,,,0,118,,40370,24,,,0,102,,40371,30,,,0,107,,40365,30,,,0
1001,'5_5',829,,40373,27,,,0,104,,40375,30,,,0,107,,40378,28,,,0,102,,40376,30,,,0,99,,40379,28,,,0,86,,40380,28,,,0,118,,40374,27,,,0,82,,40384,28,,,0,175,,40381,24,,,0,118,,40382,24,,,0,102,,40383,30,,,0,107,,40377,30,,,0
1001,'6_1',829,,40385,27,,,0,104,,40387,30,,,0,107,,40390,28,,,0,102,,40388,30,,,0,99,,40391,28,,,0,86,,40392,28,,,0,118,,40386,27,,,0,82,,40396,28,,,0,175,,40393,24,,,0,118,,40394,24,,,0,102,,40395,30,,,0,107,,40389,30,,,0
1001,'6_2',829,,44708,27,,,0,104,,44710,30,,,0,107,,44713,28,,,0,102,,44711,30,,,0,99,,44714,28,,,0,86,,44715,28,,,0,118,,44709,27,,,0,82,,44719,28,,,0,175,,44716,24,,,0,118,,44717,24,,,0,102,,44718,30,,,0,107,,44712,30,,,0
1001,'6_3',829,,44720,27,,,0,104,,44722,30,,,0,107,,44725,28,,,0,102,,44723,30,,,0,99,,44726,28,,,0,86,,44727,28,,,0,118,,44721,27,,,0,82,,44731,28,,,0,175,,44728,24,,,0,118,,44729,24,,,0,102,,44730,30,,,0,107,,44724,30,,,0
1001,'6_4',829,,44732,27,,,0,104,,44734,30,,,0,107,,44737,28,,,0,102,,44735,30,,,0,99,,44738,28,,,0,86,,44739,28,,,0,118,,44733,27,,,0,82,,44743,28,,,0,175,,44740,24,,,0,118,,44741,24,,,0,102,,44742,30,,,0,107,,44736,30,,,0
