400,'0_5',801,,31176,5,0,23 51,0,0,,31179,39,0,40,0,451,,31177,38,,,0,450,,31180,39,0,40,0,100,,31181,39,,,0,50,,31178,38,,,0
400,'5_1',755,,37541,39,0,40,0,1096,,37540,38,,,0
400,'5_2',755,,39333,39,0,40,0,1096,,39332,38,,,0
400,'5_3',755,,39361,39,0,40,0,1096,,39360,38,,,0
400,'5_4',755,,39389,39,0,40,0,1096,,39388,38,,,0
400,'5_5',755,,39417,39,0,40,0,1096,,39416,38,,,0
400,'6_1',755,,39445,39,0,40,0,1096,,39444,38,,,0
401,'0_5',655,,31386,8,0,52,0,584,,31377,15,0,41,0,375,,31378,15,0,41,0,100,,31379,15,,,0
401,'5_1',658,,37558,18,0,41,0,582,,37563,15,0,41,0,369,,37564,15,0,41,0,94,,37561,15,,,0
401,'5_2',658,,39462,18,0,41,0,582,,39467,15,0,41,0,369,,39468,15,0,41,0,94,,39465,15,,,0
401,'5_3',658,,39490,18,0,41,0,582,,39495,15,0,41,0,369,,39496,15,0,41,0,94,,39493,15,,,0
401,'5_4',658,,39518,18,0,41,0,582,,39523,15,0,41,0,369,,39524,15,0,41,0,94,,39521,15,,,0
401,'5_5',658,,39546,18,0,41,0,582,,39551,15,0,41,0,369,,39552,15,0,41,0,94,,39549,15,,,0
401,'6_1',658,,39574,18,0,41,0,582,,39579,15,0,41,0,369,,39580,15,0,41,0,94,,39577,15,,,0
