400,'2_6',734,,31221,34,0,40,0,105,,31222,34,0,40,0,73,,31215,46,0,40,0,27,,31223,34,0,40,0,72,,31224,34,0,40,0,30,,31225,34,0,40,0,71,,31216,46,0,40,0,31,,31226,34,0,40,0,69,,31228,34,0,40,0,30,,31227,34,0,40,0,69,,31217,46,0,40,0,31,,31229,34,0,40,0,70,,31230,34,0,40,0,29,,31231,34,0,40,0,73,,31218,46,0,40,0,32,,31232,34,0,40,0,70,,31233,34,0,40,0,30,,31234,34,0,40,0,73,,31219,46,0,40,0,33,,31235,34,0,40,0,70,,31236,34,0,40,0,31,,31237,34,0,40,0,69,,31220,46,0,40,0,31,,31238,34,0,40,0
400,'3_7',933,,31239,34,0,40,0,100,,31240,34,0,40,0,100,,31241,34,0,40,0,100,,31242,34,0,40,0,100,,31243,34,0,40,0,100,,31244,34,0,40,0,100,,31245,34,0,40,0,100,,31246,34,0,40,0,100,,31247,34,0,40,0,100,,31248,34,0,40,0
400,'4_7',933,,46882,34,0,40,0,100,,46883,34,0,40,0,100,,46884,34,0,40,0,100,,46885,34,0,40,0,100,,46886,34,0,40,0,100,,46887,34,0,40,0,100,,46888,34,0,40,0,100,,46889,34,0,40,0,100,,46890,34,0,40,0,100,,46891,34,0,40,0
400,'5_5',804,,39391,34,0,40,0,29,,39412,34,0,40,0,17,,39393,34,0,40,0,54,,39394,34,0,40,0,37,,39395,34,0,40,0,73,,39396,46,0,40,0,30,,39397,34,0,40,0,71,,39398,34,0,40,0,35,,39399,34,0,40,0,75,,39400,34,0,40,0,24,,39415,34,0,40,0,96,,39401,34,0,40,0,69,,39402,34,0,40,0,25,,39405,46,0,40,0,76,,39403,34,0,40,0,30,,39406,46,0,40,0,76,,39404,34,0,40,0,203,,39408,46,0,40,0,24,,39416,34,,,0,70,,39409,34,0,40,0,30,,39410,46,0,40,0
400,'6_1',804,,39419,34,0,40,0,29,,39440,34,0,40,0,17,,39421,34,0,40,0,54,,39422,34,0,40,0,37,,39423,34,0,40,0,73,,39424,46,0,40,0,30,,39425,34,0,40,0,71,,39426,34,0,40,0,35,,39427,34,0,40,0,75,,39428,34,0,40,0,24,,39443,34,0,40,0,96,,39429,34,0,40,0,69,,39430,34,0,40,0,25,,39433,46,0,40,0,76,,39431,34,0,40,0,30,,39434,46,0,40,0,76,,39432,34,0,40,0,203,,39436,46,0,40,0,24,,39444,34,,,0,70,,39437,34,0,40,0,30,,39438,46,0,40,0
400,'6_2',804,,44090,34,0,40,0,29,,44111,34,0,40,0,17,,44092,34,0,40,0,54,,44093,34,0,40,0,37,,44094,34,0,40,0,73,,44095,46,0,40,0,30,,44096,34,0,40,0,71,,44097,34,0,40,0,35,,44098,34,0,40,0,75,,44099,34,0,40,0,24,,44114,34,0,40,0,96,,44100,34,0,40,0,69,,44101,34,0,40,0,25,,44104,46,0,40,0,76,,44102,34,0,40,0,30,,44105,46,0,40,0,76,,44103,34,0,40,0,203,,44107,46,0,40,0,24,,44115,34,,,0,70,,44108,34,0,40,0,30,,44109,46,0,40,0
400,'6_3',804,,44118,34,0,40,0,29,,44139,34,0,40,0,17,,44120,34,0,40,0,54,,44121,34,0,40,0,37,,44122,34,0,40,0,73,,44123,46,0,40,0,30,,44124,34,0,40,0,71,,44125,34,0,40,0,35,,44126,34,0,40,0,75,,44127,34,0,40,0,24,,44142,34,0,40,0,96,,44128,34,0,40,0,69,,44129,34,0,40,0,25,,44132,46,0,40,0,76,,44130,34,0,40,0,30,,44133,46,0,40,0,76,,44131,34,0,40,0,203,,44135,46,0,40,0,24,,44143,34,,,0,70,,44136,34,0,40,0,30,,44137,46,0,40,0
400,'6_4',804,,44146,34,0,40,0,29,,44167,34,0,40,0,17,,44148,34,0,40,0,54,,44149,34,0,40,0,37,,44150,34,0,40,0,73,,44151,46,0,40,0,30,,44152,34,0,40,0,71,,44153,34,0,40,0,35,,44154,34,0,40,0,75,,44155,34,0,40,0,24,,44170,34,0,40,0,96,,44156,34,0,40,0,69,,44157,34,0,40,0,25,,44160,46,0,40,0,76,,44158,34,0,40,0,30,,44161,46,0,40,0,76,,44159,34,0,40,0,203,,44163,46,0,40,0,24,,44171,34,,,0,70,,44164,34,0,40,0,30,,44165,46,0,40,0
400,'7_1',758,,46920,1,0,23 51,0,50,,46892,34,0,40,0,29,,46917,34,0,40,0,14,,46894,34,0,40,0,53,,46895,34,0,40,0,30,,46896,34,0,40,0,80,,46897,46,0,40,0,31,,46898,34,0,40,0,70,,46899,34,0,40,0,35,,46900,34,0,40,0,77,,46901,34,0,40,0,22,,46921,34,,,0,96,,46902,34,0,40,0,67,,46903,34,0,40,0,28,,46906,46,0,40,0,75,,46904,34,0,40,0,31,,46907,46,0,40,0,77,,46905,34,0,40,0,97,,46908,18,0,40,0,18,,46909,34,0,40,0,70,,46910,46,0,40,0,23,,46914,18,0,40,0,18,,46922,34,,,0,74,,46912,34,0,40,0,25,,46913,46,0,40,0
2300,'7_1',1615,,47270,15,,,0,104,,47271,15,,,0,97,,47272,15,,,0
