600,'2509-HIV-25j05H-d-Dimanche-00',1042,,10216,0,22 23,0,295,,10217,0,22 23,0,215,,10218,0,22 23,0,255,,10219,0,22 23,0
600,'2509-HIV-25j26H-d-Dimanche-00',1042,,10220,0,22 23,0,295,,10221,0,22 23,0,215,,10222,0,22 23,0,255,,10223,0,22 23,0
600,'2509-HIV-25k03H-s-Samedi-00',751,,10224,0,22 23,0,93,,10226,0,22 23,0,91,,10227,0,22 23,0,87,,10228,0,22 23,0,90,,10229,0,22 23,0,90,,10230,0,22 23,0,47,,10231,0,22 23,0,91,,10232,0,22 23,0,87,,10233,0,22 23,0,98,,10234,0,22 23,0,89,,10235,0,22 23,0,91,,10236,0,22 23,0,51,,10237,0,22 23,0,95,,10238,0,22 23,0,81,,10225,0,22 23,0
600,'2509-HIV-25l22Vlv-Semaine-00',707,,10239,0,22 23,0,24,,10252,0,22 23,0,79,,10240,0,22 23,0,92,,10241,0,22 23,0,55,,10242,0,22 23,0,92,,10243,0,22 23,0,86,,10253,0,22 23,0,92,,10244,0,22 23,0,105,,10245,0,22 23,0,92,,10246,0,22 23,0,96,,10247,0,22 23,0,92,,10248,0,22 23,0,46,,10254,0,22 23,0,95,,10249,0,22 23,0,98,,10250,0,22 23,0,81,,10251,0,22 23,0
600,'2509-HIV-26a05H-s-Samedi-00',751,,10255,0,22 23,0,93,,10257,0,22 23,0,91,,10258,0,22 23,0,87,,10259,0,22 23,0,90,,10260,0,22 23,0,90,,10261,0,22 23,0,47,,10262,0,22 23,0,91,,10263,0,22 23,0,87,,10264,0,22 23,0,98,,10265,0,22 23,0,89,,10266,0,22 23,0,91,,10267,0,22 23,0,51,,10268,0,22 23,0,95,,10269,0,22 23,0,81,,10256,0,22 23,0
600,'2509-HIV-26a05H-w-Mercredi-00',702,,10270,,,0,19,,10284,0,22 23,0,92,,10271,,,0,110,,10272,0,22 23,0,101,,10273,0,22 23,0,91,,10274,0,22 23,0,110,,10275,0,22 23,0,106,,10276,0,22 23,0,97,,10285,0,22 23,0,92,,10277,0,22 23,0,95,,10278,0,22 23,0,40,,10279,0,22 23,0,84,,10280,0,22 23,0,77,,10281,0,22 23,0,32,,10282,0,22 23,0,81,,10283,0,22 23,0
600,'2509-HIV-26a05Hlv-L-Ma-J-V-00',702,,10286,,,0,19,,10300,0,22 23,0,92,,10287,,,0,110,,10288,0,22 23,0,101,,10289,0,22 23,0,91,,10290,0,22 23,0,110,,10291,0,22 23,0,106,,10292,0,22 23,0,97,,10301,0,22 23,0,92,,10293,0,22 23,0,95,,10294,0,22 23,0,40,,10295,0,22 23,0,84,,10296,0,22 23,0,77,,10297,0,22 23,0,32,,10298,0,22 23,0,81,,10299,0,22 23,0
600,'2509-HIV-26b23Vlv-Semaine-00',707,,10302,0,22 23,0,24,,10315,0,22 23,0,79,,10303,0,22 23,0,92,,10304,0,22 23,0,55,,10305,0,22 23,0,92,,10306,0,22 23,0,86,,10316,0,22 23,0,92,,10307,0,22 23,0,105,,10308,0,22 23,0,92,,10309,0,22 23,0,96,,10310,0,22 23,0,92,,10311,0,22 23,0,46,,10317,0,22 23,0,95,,10312,0,22 23,0,98,,10313,0,22 23,0,81,,10314,0,22 23,0
600,'2509-HIV-26c02Vlv-Semaine-00',707,,10318,0,22 23,0,24,,10331,0,22 23,0,79,,10319,0,22 23,0,92,,10320,0,22 23,0,55,,10321,0,22 23,0,92,,10322,0,22 23,0,86,,10332,0,22 23,0,92,,10323,0,22 23,0,105,,10324,0,22 23,0,92,,10325,0,22 23,0,96,,10326,0,22 23,0,92,,10327,0,22 23,0,46,,10333,0,22 23,0,95,,10328,0,22 23,0,98,,10329,0,22 23,0,81,,10330,0,22 23,0
601,'2509-HIV-25j05H-d-Dimanche-00',1011,,10334,,,0,295,,10335,,,0,210,,10336,,,0,215,,10337,,,0
601,'2509-HIV-25j26H-d-Dimanche-00',1011,,10338,,,0,295,,10339,,,0,210,,10340,,,0,215,,10341,,,0
601,'2509-HIV-25k03H-s-Samedi-00',753,,10342,,,0,91,,10344,,,0,96,,10345,,,0,92,,10346,,,0,89,,10347,,,0,88,,10348,,,0,48,,10349,,,0,89,,10350,,,0,90,,10351,,,0,88,,10352,,,0,100,,10353,,,0,92,,10354,,,0,93,,10355,,,0,45,,10356,,,0,90,,10343,,,0
601,'2509-HIV-25l22Vlv-Semaine-00',622,,10357,,,0,110,,10371,,,0,92,,10358,,,0,94,,10359,,,0,92,,10360,,,0,45,,10361,,,0,93,,10372,,,0,83,,10362,,,0,20,,10363,,,0,95,,10364,,,0,85,,10365,,,0,103,,10366,,,0,85,,10367,,,0,95,,10368,,,0,88,,10373,,,0,48,,10369,,,0,94,,10370,,,0
601,'2509-HIV-26a05H-s-Samedi-00',753,,10374,,,0,91,,10376,,,0,96,,10377,,,0,92,,10378,,,0,89,,10379,,,0,88,,10380,,,0,48,,10381,,,0,89,,10382,,,0,90,,10383,,,0,88,,10384,,,0,100,,10385,,,0,92,,10386,,,0,93,,10387,,,0,45,,10388,,,0,90,,10375,,,0
601,'2509-HIV-26a05H-w-Mercredi-00',623,,10389,,,0,109,,10402,,,0,95,,10390,,,0,102,,10391,,,0,99,,10392,,,0,100,,10393,,,0,125,,10394,,,0,81,,10395,,,0,104,,10396,,,0,94,,10397,,,0,82,,10403,,,0,38,,10398,,,0,80,,10404,,,0,27,,10399,,,0,68,,10405,,,0,25,,10400,,,0,95,,10401,,,0
601,'2509-HIV-26a05H-w-Mercredi-00-0010000',1233,,10406,,,0
601,'2509-HIV-26a05Hlv-L-Ma-J-V-00',623,,10407,,,0,109,,10420,,,0,95,,10408,,,0,102,,10409,,,0,99,,10410,,,0,100,,10411,,,0,125,,10412,,,0,81,,10413,,,0,104,,10414,,,0,94,,10415,,,0,82,,10421,,,0,38,,10416,,,0,80,,10422,,,0,27,,10417,,,0,68,,10423,,,0,25,,10418,,,0,95,,10419,,,0
601,'2509-HIV-26a05Hlv-L-Ma-J-V-00-1101100',1233,,10424,,,0
601,'2509-HIV-26b23Vlv-Semaine-00',622,,10425,,,0,110,,10439,,,0,92,,10426,,,0,94,,10427,,,0,92,,10428,,,0,45,,10429,,,0,93,,10440,,,0,83,,10430,,,0,20,,10431,,,0,95,,10432,,,0,85,,10433,,,0,103,,10434,,,0,85,,10435,,,0,95,,10436,,,0,88,,10441,,,0,48,,10437,,,0,94,,10438,,,0
601,'2509-HIV-26c02Vlv-Semaine-00',622,,10442,,,0,110,,10456,,,0,92,,10443,,,0,94,,10444,,,0,92,,10445,,,0,45,,10446,,,0,93,,10457,,,0,83,,10447,,,0,20,,10448,,,0,95,,10449,,,0,85,,10450,,,0,103,,10451,,,0,85,,10452,,,0,95,,10453,,,0,88,,10458,,,0,48,,10454,,,0,94,,10455,,,0
