900601,'2_6',756,,33991,9,,,0,170,,33992,9,,,0,130,,33993,9,,,0,175,,33994,9,,,0,120,,33995,9,,,0,175,,33996,9,,,0,125,,33997,9,,,0,170,,33998,9,,,0
900601,'5_1',756,,37855,9,,,0,170,,37856,9,,,0,130,,37857,9,,,0,175,,37858,9,,,0,120,,37859,9,,,0,175,,37860,9,,,0,125,,37861,9,,,0,170,,37862,9,,,0
900601,'5_2',756,,41010,9,,,0,170,,41011,9,,,0,130,,41012,9,,,0,175,,41013,9,,,0,120,,41014,9,,,0,175,,41015,9,,,0,125,,41016,9,,,0,170,,41017,9,,,0
900601,'5_3',756,,41018,9,,,0,170,,41019,9,,,0,130,,41020,9,,,0,175,,41021,9,,,0,120,,41022,9,,,0,175,,41023,9,,,0,125,,41024,9,,,0,170,,41025,9,,,0
900601,'5_4',756,,41026,9,,,0,170,,41027,9,,,0,130,,41028,9,,,0,175,,41029,9,,,0,120,,41030,9,,,0,175,,41031,9,,,0,125,,41032,9,,,0,170,,41033,9,,,0
900601,'5_5',756,,41034,9,,,0,170,,41035,9,,,0,130,,41036,9,,,0,175,,41037,9,,,0,120,,41038,9,,,0,175,,41039,9,,,0,125,,41040,9,,,0,170,,41041,9,,,0
900601,'6_1',756,,41042,9,,,0,170,,41043,9,,,0,130,,41044,9,,,0,175,,41045,9,,,0,120,,41046,9,,,0,175,,41047,9,,,0,125,,41048,9,,,0,170,,41049,9,,,0
900601,'6_2',756,,45116,9,,,0,170,,45117,9,,,0,130,,45118,9,,,0,175,,45119,9,,,0,120,,45120,9,,,0,175,,45121,9,,,0,125,,45122,9,,,0,170,,45123,9,,,0
900601,'6_3',756,,45124,9,,,0,170,,45125,9,,,0,130,,45126,9,,,0,175,,45127,9,,,0,120,,45128,9,,,0,175,,45129,9,,,0,125,,45130,9,,,0,170,,45131,9,,,0
900601,'6_4',756,,45132,9,,,0,170,,45133,9,,,0,130,,45134,9,,,0,175,,45135,9,,,0,120,,45136,9,,,0,175,,45137,9,,,0,125,,45138,9,,,0,170,,45139,9,,,0
