2200,'S2-0_6',1014,,57883,9,,,0,120,,57884,9,,,0,171,,57885,9,,,0,216,,57886,9,,,0,183,,57887,9,,,0,127,,57888,9,,,0,125,,57889,9,,,0
2200,'S2-1_7',1344,,57890,9,,,0,160,,57891,9,,,0,120,,57892,9,,,0,120,,57893,9,,,0,160,,57894,9,,,0
2200,'S2-2_1',1014,,57895,9,,,0,120,,57896,9,,,0,171,,57897,9,,,0,216,,57898,9,,,0,183,,57899,9,,,0,127,,57900,9,,,0,125,,57901,9,,,0
2200,'S2-2_2',1014,,57902,9,,,0,120,,57903,9,,,0,171,,57904,9,,,0,216,,57905,9,,,0,183,,57906,9,,,0,127,,57907,9,,,0,125,,57908,9,,,0
2200,'S2-2_3',1014,,57909,9,,,0,120,,57910,9,,,0,171,,57911,9,,,0,216,,57912,9,,,0,183,,57913,9,,,0,127,,57914,9,,,0,125,,57915,9,,,0
2200,'S2-2_4',1014,,57916,9,,,0,120,,57917,9,,,0,171,,57918,9,,,0,216,,57919,9,,,0,183,,57920,9,,,0,127,,57921,9,,,0,125,,57922,9,,,0
2200,'S2-2_5',1014,,57923,9,,,0,120,,57924,9,,,0,171,,57925,9,,,0,216,,57926,9,,,0,183,,57927,9,,,0,127,,57928,9,,,0,125,,57929,9,,,0
2200,'S2-3_1',1014,,57930,9,,,0,120,,57931,9,,,0,171,,57932,9,,,0,216,,57933,9,,,0,183,,57934,9,,,0,127,,57935,9,,,0,125,,57936,9,,,0
2200,'S2-3_3',1014,,57937,9,,,0,120,,57938,9,,,0,171,,57939,9,,,0,216,,57940,9,,,0,183,,57941,9,,,0,127,,57942,9,,,0,125,,57943,9,,,0
2200,'S2-3_4',1014,,57944,9,,,0,120,,57945,9,,,0,171,,57946,9,,,0,216,,57947,9,,,0,183,,57948,9,,,0,127,,57949,9,,,0,125,,57950,9,,,0
2200,'S2-4_7',1344,,57951,9,,,0,160,,57952,9,,,0,120,,57953,9,,,0,120,,57954,9,,,0,160,,57955,9,,,0
