700,'1_3',720,,49070,12,,,0,110,,49072,12,,,0,110,,49073,12,,,0,110,,49074,12,,,0,150,,49075,12,,,0,110,,49076,12,,,0,110,,49077,12,,,0,110,,49078,12,,,0,111,,49079,12,,,0,109,,49080,12,,,0,150,,49071,12,,,0
700,'2_6',720,,31887,12,,,0,110,,31888,12,,,0,110,,31889,12,,,0,110,,31890,12,,,0,150,,31891,12,,,0,110,,31892,12,,,0,110,,31893,12,,,0,110,,31894,12,,,0,110,,31895,12,,,0,110,,31885,12,,,0,150,,31886,12,,,0
700,'7_1',720,,47031,12,,,0,110,,47033,12,,,0,110,,47034,12,,,0,110,,47035,12,,,0,150,,47036,12,,,0,110,,47037,12,,,0,110,,47038,12,,,0,110,,47039,12,,,0,111,,47040,12,,,0,109,,47041,12,,,0,150,,47032,12,,,0
700,'7_2',720,,49081,12,,,0,110,,49083,12,,,0,110,,49084,12,,,0,110,,49085,12,,,0,150,,49086,12,,,0,110,,49087,12,,,0,110,,49088,12,,,0,110,,49089,12,,,0,111,,49090,12,,,0,109,,49091,12,,,0,150,,49082,12,,,0
700,'7_4',720,,49092,12,,,0,110,,49094,12,,,0,110,,49095,12,,,0,110,,49096,12,,,0,150,,49097,12,,,0,110,,49098,12,,,0,110,,49099,12,,,0,110,,49100,12,,,0,111,,49101,12,,,0,109,,49102,12,,,0,150,,49093,12,,,0
700,'7_5',720,,52625,12,,,0,110,,52627,12,,,0,110,,52628,12,,,0,110,,52629,12,,,0,150,,52630,12,,,0,110,,52631,12,,,0,110,,52632,12,,,0,110,,52633,12,,,0,111,,52634,12,,,0,109,,52635,12,,,0,150,,52626,12,,,0
901500,'1_3',833,,50238,3,,,0,20,,50239,3,,,0,60,,50240,3,,,0,20,,50241,3,,,0,20,,50242,3,,,0,60,,50243,3,,,0,20,,50244,3,,,0,20,,50245,3,,,0,60,,50246,3,,,0,20,,50247,3,,,0,20,,50248,3,,,0,60,,50249,3,,,0,20,,50250,3,,,0,20,,50251,3,,,0,60,,50252,3,,,0,20,,50253,3,,,0,20,,50254,3,,,0,60,,50255,3,,,0,20,,50256,3,,,0,80,,50257,3,,,0,20,,50258,3,,,0,20,,50259,3,,,0,60,,50260,3,,,0,20,,50261,3,,,0,20,,50262,3,,,0,60,,50263,3,,,0,20,,50264,3,,,0,20,,50265,3,,,0,60,,50266,3,,,0,20,,50267,3,,,0,20,,50268,3,,,0,60,,50269,3,,,0
901500,'2_6',833,,34159,3,,,0,20,,34160,3,,,0,60,,34161,3,,,0,20,,34162,3,,,0,20,,34163,3,,,0,60,,34164,3,,,0,20,,34165,3,,,0,20,,34166,3,,,0,60,,34167,3,,,0,20,,34168,3,,,0,20,,34169,3,,,0,60,,34170,3,,,0,20,,34171,3,,,0,20,,34172,3,,,0,60,,34173,3,,,0,20,,34174,3,,,0,20,,34175,3,,,0,60,,34176,3,,,0,20,,34177,3,,,0,80,,34178,3,,,0,20,,34179,3,,,0,20,,34180,3,,,0,60,,34181,3,,,0,20,,34182,3,,,0,20,,34183,3,,,0,60,,34184,3,,,0,20,,34185,3,,,0,20,,34186,3,,,0,60,,34187,3,,,0,20,,34188,3,,,0,20,,34189,3,,,0,60,,34190,3,,,0
901500,'7_1',833,,47425,3,,,0,20,,47426,3,,,0,60,,47427,3,,,0,20,,47428,3,,,0,20,,47429,3,,,0,60,,47430,3,,,0,20,,47431,3,,,0,20,,47432,3,,,0,60,,47433,3,,,0,20,,47434,3,,,0,20,,47435,3,,,0,60,,47436,3,,,0,20,,47437,3,,,0,20,,47438,3,,,0,60,,47439,3,,,0,20,,47440,3,,,0,20,,47441,3,,,0,60,,47442,3,,,0,20,,47443,3,,,0,80,,47444,3,,,0,20,,47445,3,,,0,20,,47446,3,,,0,60,,47447,3,,,0,20,,47448,3,,,0,20,,47449,3,,,0,60,,47450,3,,,0,20,,47451,3,,,0,20,,47452,3,,,0,60,,47453,3,,,0,20,,47454,3,,,0,20,,47455,3,,,0,60,,47456,3,,,0
901500,'7_2',833,,50270,3,,,0,20,,50271,3,,,0,60,,50272,3,,,0,20,,50273,3,,,0,20,,50274,3,,,0,60,,50275,3,,,0,20,,50276,3,,,0,20,,50277,3,,,0,60,,50278,3,,,0,20,,50279,3,,,0,20,,50280,3,,,0,60,,50281,3,,,0,20,,50282,3,,,0,20,,50283,3,,,0,60,,50284,3,,,0,20,,50285,3,,,0,20,,50286,3,,,0,60,,50287,3,,,0,20,,50288,3,,,0,80,,50289,3,,,0,20,,50290,3,,,0,20,,50291,3,,,0,60,,50292,3,,,0,20,,50293,3,,,0,20,,50294,3,,,0,60,,50295,3,,,0,20,,50296,3,,,0,20,,50297,3,,,0,60,,50298,3,,,0,20,,50299,3,,,0,20,,50300,3,,,0,60,,50301,3,,,0
901500,'7_4',833,,50302,3,,,0,20,,50303,3,,,0,60,,50304,3,,,0,20,,50305,3,,,0,20,,50306,3,,,0,60,,50307,3,,,0,20,,50308,3,,,0,20,,50309,3,,,0,60,,50310,3,,,0,20,,50311,3,,,0,20,,50312,3,,,0,60,,50313,3,,,0,20,,50314,3,,,0,20,,50315,3,,,0,60,,50316,3,,,0,20,,50317,3,,,0,20,,50318,3,,,0,60,,50319,3,,,0,20,,50320,3,,,0,80,,50321,3,,,0,20,,50322,3,,,0,20,,50323,3,,,0,60,,50324,3,,,0,20,,50325,3,,,0,20,,50326,3,,,0,60,,50327,3,,,0,20,,50328,3,,,0,20,,50329,3,,,0,60,,50330,3,,,0,20,,50331,3,,,0,20,,50332,3,,,0,60,,50333,3,,,0
901500,'7_5',833,,53020,3,,,0,20,,53021,3,,,0,60,,53022,3,,,0,20,,53023,3,,,0,20,,53024,3,,,0,60,,53025,3,,,0,20,,53026,3,,,0,20,,53027,3,,,0,60,,53028,3,,,0,20,,53029,3,,,0,20,,53030,3,,,0,60,,53031,3,,,0,20,,53032,3,,,0,20,,53033,3,,,0,60,,53034,3,,,0,20,,53035,3,,,0,20,,53036,3,,,0,60,,53037,3,,,0,20,,53038,3,,,0,80,,53039,3,,,0,20,,53040,3,,,0,20,,53041,3,,,0,60,,53042,3,,,0,20,,53043,3,,,0,20,,53044,3,,,0,60,,53045,3,,,0,20,,53046,3,,,0,20,,53047,3,,,0,60,,53048,3,,,0,20,,53049,3,,,0,20,,53050,3,,,0,60,,53051,3,,,0
