1000,'2509-HIV-25j05H-d-Dimanche-00',823,,10970,,,0,422,,10971,,,0,497,,10972,,,0
1000,'2509-HIV-25j26H-d-Dimanche-00',823,,10973,,,0,422,,10974,,,0,497,,10975,,,0
1000,'2509-HIV-25k03H-s-Samedi-00',908,,10983,0,26 32,0,144,,10984,0,26 32,0,101,,10985,0,26 32,0,101,,10986,0,26 32,0,101,,10987,0,26 32,0,92,,10981,,,0,155,,10982,,,0,337,,10988,0,26 32,0
1000,'2509-HIV-25l22Vlv-Semaine-00',910,,11001,0,26 32,0,148,,10994,0,26 32,0,95,,10995,0,26 32,0,101,,10996,0,26 32,0,101,,10997,0,26 32,0,92,,10999,,,0,155,,11000,,,0,337,,10998,0,26 32,0
1000,'2509-HIV-26a05H-s-Samedi-00',908,,11009,0,26 32,0,144,,11010,0,26 32,0,101,,11011,0,26 32,0,101,,11012,0,26 32,0,101,,11013,0,26 32,0,92,,11007,,,0,155,,11008,,,0,337,,11014,0,26 32,0
1000,'2509-HIV-26a05H-w-Mercredi-00',910,,11029,0,26 32,0,146,,11020,0,26 32,0,87,,11021,0,26 32,0,77,,11022,0,26 32,0,80,,11023,0,26 32,0,59,,11024,0,26 32,0,79,,11026,,,0,70,,11027,,,0,96,,11028,,,0,335,,11025,0,26 32,0
1000,'2509-HIV-26a05Hlv-L-Ma-J-V-00',910,,11044,0,26 32,0,146,,11035,0,26 32,0,87,,11036,0,26 32,0,77,,11037,0,26 32,0,80,,11038,0,26 32,0,59,,11039,0,26 32,0,79,,11041,,,0,70,,11042,,,0,96,,11043,,,0,335,,11040,0,26 32,0
1000,'2509-HIV-26b23Vlv-Semaine-00',910,,11057,0,26 32,0,148,,11050,0,26 32,0,95,,11051,0,26 32,0,101,,11052,0,26 32,0,101,,11053,0,26 32,0,92,,11055,,,0,155,,11056,,,0,337,,11054,0,26 32,0
1000,'2509-HIV-26c02Vlv-Semaine-00',910,,11070,0,26 32,0,148,,11063,0,26 32,0,95,,11064,0,26 32,0,101,,11065,0,26 32,0,101,,11066,0,26 32,0,92,,11068,,,0,155,,11069,,,0,337,,11067,0,26 32,0
1001,'2509-HIV-25j05H-d-Dimanche-00',954,,11071,,,0,460,,11072,,,0,500,,11073,,,0
1001,'2509-HIV-25j26H-d-Dimanche-00',954,,11074,,,0,460,,11075,,,0,500,,11076,,,0
1001,'2509-HIV-25k03H-s-Samedi-00',810,,11077,,,0,108,,11078,,,0,101,,11085,,,0,102,,11079,,,0,100,,11086,,,0,85,,11087,,,0,202,,11088,,,0,395,,11080,,,0,107,,11081,,,0
1001,'2509-HIV-25l22Vlv-Semaine-00',810,,11089,,,0,104,,11091,,,0,105,,11094,,,0,102,,11092,,,0,100,,11095,,,0,85,,11096,,,0,119,,11090,,,0,83,,11100,,,0,395,,11099,,,0,107,,11093,,,0
1001,'2509-HIV-26a05H-s-Samedi-00',810,,11101,,,0,108,,11102,,,0,101,,11109,,,0,102,,11103,,,0,100,,11110,,,0,85,,11111,,,0,202,,11112,,,0,395,,11104,,,0,107,,11105,,,0
1001,'2509-HIV-26a05H-w-Mercredi-00',813,,11113,,,0,106,,11115,,,0,86,,11116,,,0,39,,11120,,,0,86,,11117,,,0,90,,11121,,,0,82,,11122,,,0,31,,11123,,,0,95,,11114,,,0,584,,11119,,,0
1001,'2509-HIV-26a05Hlv-L-Ma-J-V-00',813,,11127,,,0,106,,11129,,,0,86,,11130,,,0,39,,11134,,,0,86,,11131,,,0,90,,11135,,,0,82,,11136,,,0,31,,11137,,,0,95,,11128,,,0,584,,11133,,,0
1001,'2509-HIV-26b23Vlv-Semaine-00',810,,11141,,,0,104,,11143,,,0,105,,11146,,,0,102,,11144,,,0,100,,11147,,,0,85,,11148,,,0,119,,11142,,,0,83,,11152,,,0,395,,11151,,,0,107,,11145,,,0
1001,'2509-HIV-26c02Vlv-Semaine-00',810,,11153,,,0,104,,11155,,,0,105,,11158,,,0,102,,11156,,,0,100,,11159,,,0,85,,11160,,,0,119,,11154,,,0,83,,11164,,,0,395,,11163,,,0,107,,11157,,,0
1100,'2509-HIV-25j05H-d-Dimanche-00',828,,11165,,,0,918,,11166,,,0
1100,'2509-HIV-25j26H-d-Dimanche-00',828,,11167,,,0,918,,11168,,,0
1100,'2509-HIV-25k03H-s-Samedi-00',656,,11169,,,0,160,,11170,,,0,905,,11171,,,0,119,,11172,,,0
1100,'2509-HIV-25l22Vlv-Semaine-00',656,,11173,,,0,160,,11174,,,0,905,,11175,,,0,119,,11176,,,0
1100,'2509-HIV-26a05H-s-Samedi-00',656,,11177,,,0,160,,11178,,,0,905,,11179,,,0,119,,11180,,,0
1100,'2509-HIV-26a05H-w-Mercredi-00',656,,11181,,,0,160,,11182,,,0,905,,11183,,,0,119,,11184,,,0
1100,'2509-HIV-26a05Hlv-L-Ma-J-V-00',656,,11185,,,0,160,,11186,,,0,905,,11187,,,0,119,,11188,,,0
1100,'2509-HIV-26b23Vlv-Semaine-00',656,,11189,,,0,160,,11190,,,0,905,,11191,,,0,119,,11192,,,0
1100,'2509-HIV-26c02Vlv-Semaine-00',656,,11193,,,0,160,,11194,,,0,905,,11195,,,0,119,,11196,,,0
1101,'2509-HIV-25j05H-d-Dimanche-00',951,,11197,,,0,960,,11198,,,0
1101,'2509-HIV-25j26H-d-Dimanche-00',951,,11199,,,0,960,,11200,,,0
1101,'2509-HIV-25k03H-s-Samedi-00',1638,,11201,,,0,119,,11202,,,0
1101,'2509-HIV-25l22Vlv-Semaine-00',1638,,11203,,,0,119,,11204,,,0
1101,'2509-HIV-26a05H-s-Samedi-00',1638,,11205,,,0,119,,11206,,,0
1101,'2509-HIV-26a05H-w-Mercredi-00',1638,,11207,,,0,119,,11208,,,0,94,,11209,,,0
1101,'2509-HIV-26a05Hlv-L-Ma-J-V-00',1638,,11210,,,0,119,,11211,,,0,94,,11212,,,0
1101,'2509-HIV-26b23Vlv-Semaine-00',1638,,11213,,,0,119,,11214,,,0
1101,'2509-HIV-26c02Vlv-Semaine-00',1638,,11215,,,0,119,,11216,,,0
