201,'1_3',712,,48400,19,0,20,0,28,,48439,19,0,21,0,17,,48422,7,0,62,0,53,,48403,19,0,21,0,15,,48401,7,0,20,0,20,,48423,19,0,62,0,68,,48404,19,0,21,0,28,,48414,19,0,20,0,81,,48408,19,0,21,0,26,,48415,19,0,62,0,83,,48409,19,0,21,0,74,,48416,19,0,62,0,41,,48405,19,0,20,0,75,,48424,19,0,21,0,20,,48438,19,0,62,0,65,,48417,19,0,21,0,30,,48402,19,0,20,0,65,,48425,19,0,21,0,25,,48406,19,0,62,0,74,,48418,19,0,21,0,38,,48432,19,0,62,0,19,,48426,7,0,21,0,55,,48419,7,0,62,0,13,,48427,19,0,21,0,13,,48407,19,0,62,0,15,,48428,7,0,21,0,56,,48430,7,0,62,0,16,,48429,7,0,21,0,17,,48420,19,0,62,0,60,,48411,19,0,21,0,25,,48421,19,0,62,0,21,,48412,19,0,21,0
201,'2_6',714,,30614,19,0,20,0,5,,30638,19,0,62,0,25,,30626,7,0,21,0,69,,30615,19,0,21,0,24,,30627,7,0,62,0,66,,30639,19,0,20,0,25,,30616,19,0,20,0,20,,30628,7,0,21,0,55,,30640,19,0,62,0,31,,30617,19,0,20,0,19,,30629,7,0,21,0,60,,30641,19,0,64,0,25,,30618,19,0,20,0,20,,30630,7,0,62,0,60,,30642,19,0,21,0,30,,30619,19,0,21,0,58,,30631,7,0,62,0,20,,30643,19,0,20,0,25,,30620,19,0,21,0,57,,30632,7,0,62,0,25,,30644,19,0,20,0,25,,30621,19,0,62,0,58,,30633,7,0,21,0,22,,30645,19,0,20,0,62,,30622,19,0,62,0,15,,30634,7,0,21,0,24,,30646,19,0,20,0,64,,30623,19,0,21,0,19,,30635,7,0,62,0,20,,30647,19,0,20,0,64,,30624,19,0,21,0,21,,30636,7,0,20,0,20,,30648,19,0,62,0,60,,30625,19,0,21,0,15,,30637,7,0,62,0,16,,30649,19,0,21,0
201,'3_7',839,,30650,7,0,21,0,165,,30651,7,0,21,0,125,,30652,7,0,21,0,125,,30653,7,0,21,0,150,,30654,7,0,21,0,125,,30655,7,0,21,0,125,,30656,7,0,21,0,165,,30657,7,0,21,0
201,'4_7',839,,46757,7,0,21,0,165,,46758,7,0,21,0,125,,46759,7,0,21,0,125,,46760,7,0,21,0,150,,46761,7,0,21,0,125,,46762,7,0,21,0,125,,46763,7,0,21,0,165,,46764,7,0,21,0
201,'6_2',714,,43842,19,0,20,0,30,,43840,19,0,21,0,58,,43839,7,0,62,0,11,,43837,19,0,21,0,14,,43836,7,0,20,0,20,,43841,19,0,62,0,68,,43838,19,0,21,0,28,,43835,19,0,20,0,81,,43830,19,0,21,0,26,,43831,19,0,62,0,83,,43828,19,0,21,0,75,,43827,19,0,62,0,40,,43829,19,0,20,0,75,,43825,19,0,21,0,20,,43823,19,0,62,0,65,,43822,19,0,21,0,30,,43820,19,0,20,0,65,,43826,19,0,21,0,25,,43821,19,0,62,0,75,,43816,19,0,21,0,24,,43815,19,0,21,0,74,,43817,7,0,21,0,16,,43809,7,0,62,0,12,,43811,19,0,21,0,13,,43808,19,0,62,0,14,,43812,7,0,21,0,55,,43814,7,0,62,0,16,,43813,19,0,21,0,15,,43810,19,0,62,0,60,,43806,7,0,21,0,25,,43807,19,0,62,0,21,,43805,19,0,21,0
201,'6_3',714,,43881,19,0,20,0,30,,43879,19,0,21,0,58,,43878,7,0,62,0,11,,43876,19,0,21,0,14,,43875,7,0,20,0,20,,43880,19,0,62,0,68,,43877,19,0,21,0,28,,43874,19,0,20,0,81,,43869,19,0,21,0,26,,43870,19,0,62,0,83,,43867,19,0,21,0,75,,43866,19,0,62,0,40,,43868,19,0,20,0,75,,43864,19,0,21,0,20,,43862,19,0,62,0,65,,43861,19,0,21,0,30,,43859,19,0,20,0,65,,43865,19,0,21,0,25,,43860,19,0,62,0,75,,43855,19,0,21,0,24,,43854,19,0,21,0,74,,43856,7,0,21,0,16,,43848,7,0,62,0,12,,43850,19,0,21,0,13,,43847,19,0,62,0,14,,43851,7,0,21,0,55,,43853,7,0,62,0,16,,43852,19,0,21,0,15,,43849,19,0,62,0,60,,43845,7,0,21,0,25,,43846,19,0,62,0,21,,43844,19,0,21,0
201,'6_4',714,,43920,19,0,20,0,30,,43918,19,0,21,0,58,,43917,7,0,62,0,11,,43915,19,0,21,0,14,,43914,7,0,20,0,20,,43919,19,0,62,0,68,,43916,19,0,21,0,28,,43913,19,0,20,0,81,,43908,19,0,21,0,26,,43909,19,0,62,0,83,,43906,19,0,21,0,75,,43905,19,0,62,0,40,,43907,19,0,20,0,75,,43903,19,0,21,0,20,,43901,19,0,62,0,65,,43900,19,0,21,0,30,,43898,19,0,20,0,65,,43904,19,0,21,0,25,,43899,19,0,62,0,75,,43894,19,0,21,0,24,,43893,19,0,21,0,74,,43895,7,0,21,0,16,,43887,7,0,62,0,12,,43889,19,0,21,0,13,,43886,19,0,62,0,14,,43890,7,0,21,0,55,,43892,7,0,62,0,16,,43891,19,0,21,0,15,,43888,19,0,62,0,60,,43884,7,0,21,0,25,,43885,19,0,62,0,21,,43883,19,0,21,0
201,'7_1',712,,46765,19,0,20,0,28,,46803,19,0,21,0,17,,46787,7,0,62,0,53,,46768,19,0,21,0,15,,46766,7,0,20,0,20,,46788,19,0,62,0,68,,46769,19,0,21,0,28,,46779,19,0,20,0,81,,46773,19,0,21,0,26,,46780,19,0,62,0,83,,46774,19,0,21,0,74,,46781,19,0,62,0,41,,46770,19,0,20,0,75,,46789,19,0,21,0,20,,46802,19,0,62,0,65,,46782,19,0,21,0,30,,46767,19,0,20,0,65,,46790,19,0,21,0,25,,46771,19,0,62,0,74,,46783,19,0,21,0,38,,46797,19,0,62,0,19,,46791,7,0,21,0,55,,46784,7,0,62,0,13,,46792,19,0,21,0,13,,46772,19,0,62,0,15,,46793,7,0,21,0,56,,46795,7,0,62,0,16,,46794,7,0,21,0,17,,46785,19,0,62,0,60,,46776,19,0,21,0,25,,46786,19,0,62,0,21,,46777,19,0,21,0
201,'7_2',712,,48440,19,0,20,0,28,,48478,19,0,21,0,17,,48462,7,0,62,0,53,,48443,19,0,21,0,15,,48441,7,0,20,0,20,,48463,19,0,62,0,68,,48444,19,0,21,0,28,,48454,19,0,20,0,81,,48448,19,0,21,0,26,,48455,19,0,62,0,83,,48449,19,0,21,0,74,,48456,19,0,62,0,41,,48445,19,0,20,0,75,,48464,19,0,21,0,20,,48477,19,0,62,0,65,,48457,19,0,21,0,30,,48442,19,0,20,0,65,,48465,19,0,21,0,25,,48446,19,0,62,0,74,,48458,19,0,21,0,38,,48472,19,0,62,0,19,,48466,7,0,21,0,55,,48459,7,0,62,0,13,,48467,19,0,21,0,13,,48447,19,0,62,0,15,,48468,7,0,21,0,56,,48470,7,0,62,0,16,,48469,7,0,21,0,17,,48460,19,0,62,0,60,,48451,19,0,21,0,25,,48461,19,0,62,0,21,,48452,19,0,21,0
201,'7_4',712,,48479,19,0,20,0,28,,48517,19,0,21,0,17,,48501,7,0,62,0,53,,48482,19,0,21,0,15,,48480,7,0,20,0,20,,48502,19,0,62,0,68,,48483,19,0,21,0,28,,48493,19,0,20,0,81,,48487,19,0,21,0,26,,48494,19,0,62,0,83,,48488,19,0,21,0,74,,48495,19,0,62,0,41,,48484,19,0,20,0,75,,48503,19,0,21,0,20,,48516,19,0,62,0,65,,48496,19,0,21,0,30,,48481,19,0,20,0,65,,48504,19,0,21,0,25,,48485,19,0,62,0,74,,48497,19,0,21,0,38,,48511,19,0,62,0,19,,48505,7,0,21,0,55,,48498,7,0,62,0,13,,48506,19,0,21,0,13,,48486,19,0,62,0,15,,48507,7,0,21,0,56,,48509,7,0,62,0,16,,48508,7,0,21,0,17,,48499,19,0,62,0,60,,48490,19,0,21,0,25,,48500,19,0,62,0,21,,48491,19,0,21,0
201,'8_7',839,,51875,7,0,21,0,165,,51876,7,0,21,0,125,,51877,7,0,21,0,125,,51878,7,0,21,0,150,,51879,7,0,21,0,125,,51880,7,0,21,0,125,,51881,7,0,21,0,165,,51882,7,0,21,0
