100,'0_5',754,,43,,,0,85,,31,,,0,404,,51,,,0,65,,52,,,0,399,,54,,,0,36,,38,,,0,70,,55,,,0,29,,39,,,0,66,,29,,,0,97,,30,,,0
100,'3_1',754,,104,,,0,85,,92,,,0,404,,112,,,0,65,,113,,,0,399,,115,,,0,36,,99,,,0,70,,116,,,0,29,,100,,,0,66,,90,,,0,97,,91,,,0
100,'3_2',754,,132,,,0,85,,120,,,0,404,,140,,,0,65,,141,,,0,399,,143,,,0,36,,127,,,0,70,,144,,,0,29,,128,,,0,66,,118,,,0,97,,119,,,0
100,'3_3',754,,160,,,0,85,,148,,,0,404,,168,,,0,65,,169,,,0,399,,171,,,0,36,,155,,,0,70,,172,,,0,29,,156,,,0,66,,146,,,0,97,,147,,,0
100,'3_4',754,,188,,,0,85,,176,,,0,404,,196,,,0,65,,197,,,0,399,,199,,,0,36,,183,,,0,70,,200,,,0,29,,184,,,0,66,,174,,,0,97,,175,,,0
100,'3_5',754,,216,,,0,85,,204,,,0,404,,224,,,0,65,,225,,,0,399,,227,,,0,36,,211,,,0,70,,228,,,0,29,,212,,,0,66,,202,,,0,97,,203,,,0
100,'5_1',843,,242,,,0,400,,262,,,0,62,,263,,,0,307,,264,,,0,97,,265,,,0,41,,266,,,0,63,,273,,,0,3,,267,,,0,29,,268,,,0,5,,274,,,0,57,,240,,,0,107,,241,,,0
100,'5_2',843,,277,,,0,400,,297,,,0,62,,298,,,0,307,,299,,,0,97,,300,,,0,41,,301,,,0,63,,308,,,0,3,,302,,,0,29,,303,,,0,5,,309,,,0,57,,275,,,0,107,,276,,,0
100,'5_4',843,,12396,,,0,400,,12416,,,0,62,,12417,,,0,307,,12418,,,0,97,,12419,,,0,41,,12420,,,0,63,,12427,,,0,3,,12421,,,0,29,,12422,,,0,5,,12428,,,0,57,,12394,,,0,107,,12395,,,0
100,'6_3',843,,312,,,0,400,,332,,,0,59,,343,,,0,3,,333,,,0,307,,334,,,0,97,,335,,,0,41,,336,,,0,66,,337,,,0,29,,338,,,0,62,,310,,,0,107,,311,,,0
