1501,'25j05H-Dimanche',812,,3240,,,0,235,,3241,,,0,300,,3242,,,0,364,,3243,,,0
1501,'25j26H-Dimanche',812,,3244,,,0,235,,3245,,,0,300,,3246,,,0,364,,3247,,,0
1501,'26a05H-Samedi',659,,3275,,,0,58,,3276,,,0,95,,3277,,,0,21,,3278,,,0,117,,3279,,,0,156,,3280,,,0,118,,3281,,,0,94,,3282,,,0,118,,3283,,,0,99,,3274,,,0,123,,3284,,,0,150,,3285,,,0,95,,3286,,,0
1501,'26a05H-Mercredi',659,,3288,,,0,58,,3289,,,0,95,,3290,,,0,21,,3291,,,0,117,,3292,,,0,156,,3293,,,0,118,,3294,,,0,94,,3295,,,0,118,,3296,,,0,99,,3287,,,0,123,,3297,,,0,150,,3298,,,0,95,,3299,,,0
1501,'26a05H-L-Ma-J-V',659,,3301,,,0,58,,3302,,,0,95,,3303,,,0,21,,3304,,,0,117,,3305,,,0,156,,3306,,,0,118,,3307,,,0,94,,3308,,,0,118,,3309,,,0,99,,3300,,,0,123,,3310,,,0,150,,3311,,,0,95,,3312,,,0
1501,'26b23V-Semaine',659,,3314,,,0,58,,3315,,,0,95,,3316,,,0,21,,3317,,,0,117,,3318,,,0,156,,3319,,,0,118,,3320,,,0,94,,3321,,,0,118,,3322,,,0,99,,3313,,,0,123,,3323,,,0,150,,3324,,,0,95,,3325,,,0
1501,'26c02V-Semaine',659,,3327,,,0,58,,3328,,,0,95,,3329,,,0,21,,3330,,,0,117,,3331,,,0,156,,3332,,,0,118,,3333,,,0,94,,3334,,,0,118,,3335,,,0,99,,3326,,,0,123,,3336,,,0,150,,3337,,,0,95,,3338,,,0
2001,'25j05H-Dimanche',853,,3624,,,0,900,,3625,,,0
2001,'25j26H-Dimanche',853,,3626,,,0,900,,3627,,,0
2001,'26a05H-Mercredi',703,,3628,,,0,121,,3629,,,0,79,,3630,,,0,850,,3631,,,0
2001,'26a05H-Mercredi0010000',1348,,3632,,,0
2001,'26a05H-L-Ma-J-V',703,,3633,,,0,121,,3634,,,0,79,,3635,,,0,850,,3636,,,0
