1000,'S2-0_6',611,,57134,10,,,0,103,,57135,10,,,0,94,,57136,10,,,0,101,,57144,10,,,0,43,,57147,11,,,0,157,,57137,10,,,0,108,,57148,11,,,0,97,,57138,10,,,0,95,,57149,11,,,0,95,,57145,10,,,0,98,,57139,10,,,0,33,,57140,11,,,0,116,,57142,10,,,0,92,,57146,10,,,0,103,,57143,11,,,0,102,,57141,10,,,0
1000,'S2-1_7',1053,,57150,10,,,0,360,,57151,10,,,0,409,,57152,10,,,0,307,,57153,9,,,0
1000,'S2-2_1',619,,57154,9,,,0,97,,57155,9,,,0,120,,57156,9,0,18 30,0,89,,57157,10,,,0,102,,57162,9,0,18 30,0,97,,57158,10,0,18 30,0,112,,57163,9,0,18 30,0,105,,57164,9,0,18 30,0,102,,57159,10,,,0,93,,57165,9,,,0,115,,57160,10,,,0,106,,57166,9,,,0,160,,57161,10,0,18 30,0
1000,'S2-2_2',619,,57167,9,,,0,97,,57168,9,,,0,120,,57169,9,0,18 30,0,89,,57170,10,,,0,102,,57175,9,0,18 30,0,97,,57171,10,0,18 30,0,112,,57176,9,0,18 30,0,105,,57177,9,0,18 30,0,102,,57172,10,,,0,93,,57178,9,,,0,115,,57173,10,,,0,106,,57179,9,,,0,160,,57174,10,0,18 30,0
1000,'S2-2_3',619,,57180,9,,,0,97,,57181,9,,,0,120,,57182,9,0,18 30,0,89,,57183,10,,,0,102,,57188,9,0,18 30,0,97,,57184,10,0,18 30,0,112,,57189,9,0,18 30,0,105,,57190,9,0,18 30,0,102,,57185,10,,,0,93,,57191,9,,,0,115,,57186,10,,,0,106,,57192,9,,,0,160,,57187,10,0,18 30,0
1000,'S2-2_4',619,,57193,9,,,0,97,,57194,9,,,0,120,,57195,9,0,18 30,0,89,,57196,10,,,0,102,,57201,9,0,18 30,0,97,,57197,10,0,18 30,0,112,,57202,9,0,18 30,0,105,,57203,9,0,18 30,0,102,,57198,10,,,0,93,,57204,9,,,0,115,,57199,10,,,0,106,,57205,9,,,0,160,,57200,10,0,18 30,0
1000,'S2-2_5',619,,57206,9,,,0,97,,57207,9,,,0,120,,57208,9,0,18 30,0,89,,57209,10,,,0,102,,57214,9,0,18 30,0,97,,57210,10,0,18 30,0,112,,57215,9,0,18 30,0,105,,57216,9,0,18 30,0,102,,57211,10,,,0,93,,57217,9,,,0,115,,57212,10,,,0,106,,57218,9,,,0,160,,57213,10,0,18 30,0
1000,'S2-3_1',619,,57219,9,,,0,97,,57220,9,,,0,120,,57221,9,0,18 30,0,89,,57222,10,,,0,102,,57227,9,0,18 30,0,97,,57223,10,0,18 30,0,112,,57228,9,0,18 30,0,105,,57229,9,0,18 30,0,102,,57224,10,,,0,93,,57230,9,,,0,115,,57225,10,,,0,106,,57231,9,,,0,160,,57226,10,0,18 30,0
1000,'S2-3_3',619,,57232,9,,,0,97,,57233,9,,,0,120,,57234,9,0,18 30,0,89,,57235,10,,,0,102,,57240,9,0,18 30,0,97,,57236,10,0,18 30,0,112,,57241,9,0,18 30,0,105,,57242,9,0,18 30,0,102,,57237,10,,,0,93,,57243,9,,,0,115,,57238,10,,,0,106,,57244,9,,,0,160,,57239,10,0,18 30,0
1000,'S2-3_4',619,,57245,9,,,0,97,,57246,9,,,0,120,,57247,9,0,18 30,0,89,,57248,10,,,0,102,,57253,9,0,18 30,0,97,,57249,10,0,18 30,0,112,,57254,9,0,18 30,0,105,,57255,9,0,18 30,0,102,,57250,10,,,0,93,,57256,9,,,0,115,,57251,10,,,0,106,,57257,9,,,0,160,,57252,10,0,18 30,0
1000,'S2-4_7',619,,57258,9,,,0,97,,57259,9,,,0,120,,57260,9,0,18 30,0,89,,57261,10,,,0,102,,57266,9,0,18 30,0,97,,57262,10,0,18 30,0,112,,57267,9,0,18 30,0,105,,57268,9,0,18 30,0,102,,57263,10,,,0,93,,57269,9,,,0,115,,57264,10,,,0,106,,57270,9,,,0,160,,57265,10,0,18 30,0
