2300,'2509-HIV-26a05H-w-Mercredi-00-0010000',1209,,3701,,,0,3,,3700,,,0
2300,'2509-HIV-26a05Hlv-L-Ma-J-V-00-1101100',1605,,3702,,,0,100,,3703,,,0,100,,3704,,,0
4000000,'2509-HIV-25j05H-d-Dimanche-00',826,,7326,0,50,0,110,,7331,0,51,0,110,,7327,0,50,0,110,,7332,0,51,0,150,,7328,0,50,0,110,,7333,0,51,0,110,,7329,0,50,0,110,,7334,0,51,0,110,,7330,0,50,0,110,,7335,0,51,0
4000000,'2509-HIV-25j26H-d-Dimanche-00',826,,7337,0,50,0,110,,7342,0,51,0,110,,7338,0,50,0,110,,7343,0,51,0,150,,7339,0,50,0,110,,7344,0,51,0,110,,7340,0,50,0,110,,7345,0,51,0,110,,7341,0,50,0,110,,7346,0,51,0
4000000,'2509-HIV-25k03H-s-Samedi-00',637,,7392,0,50,0,18,,7348,0,51,0,62,,7370,0,50,0,20,,7349,0,51,0,20,,7371,0,50,0,61,,7350,0,51,0,20,,7372,0,50,0,20,,7351,0,51,0,60,,7373,0,50,0,22,,7352,0,51,0,19,,7374,0,50,0,61,,7353,0,51,0,21,,7375,0,50,0,61,,7354,0,51,0,21,,7376,0,50,0,21,,7355,0,51,0,62,,7377,0,50,0,21,,7356,0,51,0,20,,7378,0,51,0,61,,7357,0,50,0,21,,7379,0,51,0,18,,7358,0,50,0,59,,7380,0,51,0,18,,7359,0,50,0,18,,7381,0,51,0,59,,7360,0,50,0,20,,7382,0,51,0,20,,7361,0,50,0,60,,7383,0,51,0,20,,7362,0,50,0,20,,7384,0,51,0,61,,7363,0,50,0,20,,7385,0,51,0,20,,7364,0,50,0,59,,7386,0,51,0,20,,7365,0,50,0,19,,7387,0,51,0,19,,7366,0,50,0,60,,7388,0,51,0,19,,7367,0,50,0,20,,7389,0,51,0,60,,7368,0,50,0
4000000,'2509-HIV-25l22Vlv-Semaine-00',637,,7437,0,50,0,18,,7393,0,51,0,62,,7415,0,50,0,20,,7394,0,51,0,20,,7416,0,50,0,61,,7395,0,51,0,20,,7417,0,50,0,20,,7396,0,51,0,60,,7418,0,50,0,22,,7397,0,51,0,19,,7419,0,50,0,61,,7398,0,51,0,21,,7420,0,50,0,61,,7399,0,51,0,21,,7421,0,50,0,21,,7400,0,51,0,62,,7422,0,50,0,21,,7401,0,51,0,20,,7423,0,51,0,61,,7402,0,50,0,21,,7424,0,51,0,18,,7403,0,50,0,59,,7425,0,51,0,18,,7404,0,50,0,18,,7426,0,51,0,59,,7405,0,50,0,20,,7427,0,51,0,20,,7406,0,50,0,60,,7428,0,51,0,20,,7407,0,50,0,20,,7429,0,51,0,61,,7408,0,50,0,20,,7430,0,51,0,20,,7409,0,50,0,59,,7431,0,51,0,20,,7410,0,50,0,19,,7432,0,51,0,19,,7411,0,50,0,60,,7433,0,51,0,19,,7412,0,50,0,20,,7434,0,51,0,60,,7413,0,50,0
4000000,'2509-HIV-26a05H-s-Samedi-00',637,,7482,0,50,0,18,,7438,0,51,0,62,,7460,0,50,0,20,,7439,0,51,0,20,,7461,0,50,0,61,,7440,0,51,0,20,,7462,0,50,0,20,,7441,0,51,0,60,,7463,0,50,0,22,,7442,0,51,0,19,,7464,0,50,0,61,,7443,0,51,0,21,,7465,0,50,0,61,,7444,0,51,0,21,,7466,0,50,0,21,,7445,0,51,0,62,,7467,0,50,0,21,,7446,0,51,0,20,,7468,0,51,0,61,,7447,0,50,0,21,,7469,0,51,0,18,,7448,0,50,0,59,,7470,0,51,0,18,,7449,0,50,0,18,,7471,0,51,0,59,,7450,0,50,0,20,,7472,0,51,0,20,,7451,0,50,0,60,,7473,0,51,0,20,,7452,0,50,0,20,,7474,0,51,0,61,,7453,0,50,0,20,,7475,0,51,0,20,,7454,0,50,0,59,,7476,0,51,0,20,,7455,0,50,0,19,,7477,0,51,0,19,,7456,0,50,0,60,,7478,0,51,0,19,,7457,0,50,0,20,,7479,0,51,0,60,,7458,0,50,0
4000000,'2509-HIV-26a05H-w-Mercredi-00',637,,7527,0,51,0,18,,7483,0,50,0,67,,7505,0,51,0,27,,7484,0,50,0,55,,7506,0,51,0,19,,7485,0,50,0,22,,7507,0,51,0,61,,7486,0,50,0,16,,7508,0,51,0,19,,7487,0,50,0,59,,7509,0,51,0,19,,7488,0,50,0,20,,7510,0,51,0,61,,7489,0,50,0,20,,7511,0,51,0,19,,7490,0,50,0,63,,7512,0,51,0,20,,7491,0,50,0,19,,7513,0,51,0,18,,7492,0,50,0,59,,7514,0,51,0,23,,7493,0,50,0,61,,7515,0,51,0,20,,7494,0,50,0,19,,7516,0,51,0,60,,7495,0,50,0,20,,7517,0,51,0,18,,7496,0,50,0,62,,7518,0,51,0,22,,7497,0,50,0,22,,7519,0,51,0,66,,7498,0,50,0,22,,7520,0,51,0,20,,7499,0,50,0,56,,7521,0,51,0,18,,7500,0,50,0,16,,7522,0,51,0,14,,7501,0,50,0,60,,7523,0,51,0,20,,7502,0,50,0,20,,7524,0,51,0,59,,7503,0,50,0
4000000,'2509-HIV-26a05Hlv-L-Ma-J-V-00',637,,7572,0,51,0,18,,7528,0,50,0,67,,7550,0,51,0,27,,7529,0,50,0,55,,7551,0,51,0,19,,7530,0,50,0,22,,7552,0,51,0,61,,7531,0,50,0,16,,7553,0,51,0,19,,7532,0,50,0,59,,7554,0,51,0,19,,7533,0,50,0,20,,7555,0,51,0,61,,7534,0,50,0,20,,7556,0,51,0,19,,7535,0,50,0,63,,7557,0,51,0,20,,7536,0,50,0,19,,7558,0,51,0,18,,7537,0,50,0,59,,7559,0,51,0,23,,7538,0,50,0,61,,7560,0,51,0,20,,7539,0,50,0,19,,7561,0,51,0,60,,7540,0,50,0,20,,7562,0,51,0,18,,7541,0,50,0,62,,7563,0,51,0,22,,7542,0,50,0,22,,7564,0,51,0,66,,7543,0,50,0,22,,7565,0,51,0,20,,7544,0,50,0,56,,7566,0,51,0,18,,7545,0,50,0,16,,7567,0,51,0,14,,7546,0,50,0,60,,7568,0,51,0,20,,7547,0,50,0,20,,7569,0,51,0,59,,7548,0,50,0
4000000,'2509-HIV-26b23Vlv-Semaine-00',637,,7617,0,50,0,18,,7573,0,51,0,62,,7595,0,50,0,20,,7574,0,51,0,20,,7596,0,50,0,61,,7575,0,51,0,20,,7597,0,50,0,20,,7576,0,51,0,60,,7598,0,50,0,22,,7577,0,51,0,19,,7599,0,50,0,61,,7578,0,51,0,21,,7600,0,50,0,61,,7579,0,51,0,21,,7601,0,50,0,21,,7580,0,51,0,62,,7602,0,50,0,21,,7581,0,51,0,20,,7603,0,51,0,61,,7582,0,50,0,21,,7604,0,51,0,18,,7583,0,50,0,59,,7605,0,51,0,18,,7584,0,50,0,18,,7606,0,51,0,59,,7585,0,50,0,20,,7607,0,51,0,20,,7586,0,50,0,60,,7608,0,51,0,20,,7587,0,50,0,20,,7609,0,51,0,61,,7588,0,50,0,20,,7610,0,51,0,20,,7589,0,50,0,59,,7611,0,51,0,20,,7590,0,50,0,19,,7612,0,51,0,19,,7591,0,50,0,60,,7613,0,51,0,19,,7592,0,50,0,20,,7614,0,51,0,60,,7593,0,50,0
4000000,'2509-HIV-26c02Vlv-Semaine-00',637,,7662,0,50,0,18,,7618,0,51,0,62,,7640,0,50,0,20,,7619,0,51,0,20,,7641,0,50,0,61,,7620,0,51,0,20,,7642,0,50,0,20,,7621,0,51,0,60,,7643,0,50,0,22,,7622,0,51,0,19,,7644,0,50,0,61,,7623,0,51,0,21,,7645,0,50,0,61,,7624,0,51,0,21,,7646,0,50,0,21,,7625,0,51,0,62,,7647,0,50,0,21,,7626,0,51,0,20,,7648,0,51,0,61,,7627,0,50,0,21,,7649,0,51,0,18,,7628,0,50,0,59,,7650,0,51,0,18,,7629,0,50,0,18,,7651,0,51,0,59,,7630,0,50,0,20,,7652,0,51,0,20,,7631,0,50,0,60,,7653,0,51,0,20,,7632,0,50,0,20,,7654,0,51,0,61,,7633,0,50,0,20,,7655,0,51,0,20,,7634,0,50,0,59,,7656,0,51,0,20,,7635,0,50,0,19,,7657,0,51,0,19,,7636,0,50,0,60,,7658,0,51,0,19,,7637,0,50,0,20,,7659,0,51,0,60,,7638,0,50,0
