200,'2_6',739,,30367,43,0,34,0,112,,30368,43,0,34,0,106,,30369,40,0,34,0,145,,30370,43,0,34,0,110,,30371,43,0,34,0,104,,30372,41,0,34,0,100,,30373,43,0,34,0,104,,30374,43,0,34,0,105,,30375,43,0,34,0,105,,30376,43,0,34,0,99,,30377,43,0,34,0,171,,30389,40,0,34,0
200,'5_1',830,,37413,31,0,34,0,115,,37412,31,0,34,0,107,,37409,40,0,34,0,148,,37401,40,0,34,0,101,,37402,43,0,34,0,45,,37396,31,0,34,0,96,,37398,43,0,34,0,100,,37397,40,0,34,0,111,,37390,40,0,34,0,106,,37389,43,0,34,0,144,,37386,43,0,34,0,97,,37383,43,0,34,0
200,'5_2',830,,38669,31,0,34,0,115,,38668,31,0,34,0,107,,38665,40,0,34,0,148,,38657,40,0,34,0,101,,38658,43,0,34,0,45,,38652,31,0,34,0,96,,38654,43,0,34,0,100,,38653,40,0,34,0,111,,38646,40,0,34,0,106,,38645,43,0,34,0,144,,38642,43,0,34,0,97,,38639,43,0,34,0
200,'5_3',830,,38708,31,0,34,0,115,,38707,31,0,34,0,107,,38704,40,0,34,0,148,,38696,40,0,34,0,101,,38697,43,0,34,0,45,,38691,31,0,34,0,96,,38693,43,0,34,0,100,,38692,40,0,34,0,111,,38685,40,0,34,0,106,,38684,43,0,34,0,144,,38681,43,0,34,0,97,,38678,43,0,34,0
200,'5_4',830,,38747,31,0,34,0,115,,38746,31,0,34,0,107,,38743,40,0,34,0,148,,38735,40,0,34,0,101,,38736,43,0,34,0,45,,38730,31,0,34,0,96,,38732,43,0,34,0,100,,38731,40,0,34,0,111,,38724,40,0,34,0,106,,38723,43,0,34,0,144,,38720,43,0,34,0,97,,38717,43,0,34,0
200,'5_5',830,,38786,31,0,34,0,115,,38785,31,0,34,0,107,,38782,40,0,34,0,148,,38774,40,0,34,0,101,,38775,43,0,34,0,45,,38769,31,0,34,0,96,,38771,43,0,34,0,100,,38770,40,0,34,0,111,,38763,40,0,34,0,106,,38762,43,0,34,0,144,,38759,43,0,34,0,97,,38756,43,0,34,0
200,'6_1',830,,38825,31,0,34,0,115,,38824,31,0,34,0,107,,38821,40,0,34,0,148,,38813,40,0,34,0,101,,38814,43,0,34,0,45,,38808,31,0,34,0,96,,38810,43,0,34,0,100,,38809,40,0,34,0,111,,38802,40,0,34,0,106,,38801,43,0,34,0,144,,38798,43,0,34,0,97,,38795,43,0,34,0
200,'6_2',830,,43720,31,0,34,0,115,,43719,31,0,34,0,107,,43716,40,0,34,0,148,,43708,40,0,34,0,101,,43709,43,0,34,0,45,,43703,31,0,34,0,96,,43705,43,0,34,0,100,,43704,40,0,34,0,111,,43697,40,0,34,0,106,,43696,43,0,34,0,144,,43693,43,0,34,0,97,,43690,43,0,34,0
200,'6_3',830,,43759,31,0,34,0,115,,43758,31,0,34,0,107,,43755,40,0,34,0,148,,43747,40,0,34,0,101,,43748,43,0,34,0,45,,43742,31,0,34,0,96,,43744,43,0,34,0,100,,43743,40,0,34,0,111,,43736,40,0,34,0,106,,43735,43,0,34,0,144,,43732,43,0,34,0,97,,43729,43,0,34,0
200,'6_4',830,,43798,31,0,34,0,115,,43797,31,0,34,0,107,,43794,40,0,34,0,148,,43786,40,0,34,0,101,,43787,43,0,34,0,45,,43781,31,0,34,0,96,,43783,43,0,34,0,100,,43782,40,0,34,0,111,,43775,40,0,34,0,106,,43774,43,0,34,0,144,,43771,43,0,34,0,97,,43768,43,0,34,0
