601,'1_3',636,,49016,25,,,0,108,,49030,25,,,0,95,,49017,25,,,0,102,,49018,25,,,0,99,,49019,25,,,0,100,,49020,25,,,0,106,,49021,26,,,0,59,,49022,25,,,0,42,,49023,25,,,0,103,,49024,25,,,0,95,,49025,25,,,0,82,,49031,25,,,0,79,,49026,26,,,0,40,,49032,25,,,0,66,,49027,26,,,0,27,,49033,26,,,0,65,,49028,25,,,0,55,,49029,25,,,0
601,'2_6',804,,31815,25,,,0,51,,31817,25,,,0,96,,31818,25,,,0,92,,31819,25,,,0,88,,31820,25,,,0,88,,31821,25,,,0,88,,31822,25,,,0,50,,31823,25,,,0,89,,31824,25,,,0,89,,31825,25,,,0,100,,31826,25,,,0,92,,31827,25,,,0,93,,31828,25,,,0,85,,31829,25,,,0,49,,31816,25,,,0
601,'7_1',636,,47013,25,,,0,108,,47026,25,,,0,95,,47014,25,,,0,102,,47015,25,,,0,99,,47016,25,,,0,100,,47017,25,,,0,106,,47030,25,,,0,59,,47018,25,,,0,42,,47019,25,,,0,103,,47020,25,,,0,95,,47021,25,,,0,82,,47027,25,,,0,79,,47022,26,,,0,40,,47028,25,,,0,66,,47023,26,,,0,27,,47029,26,,,0,65,,47024,25,,,0,55,,47025,25,,,0
601,'7_2',636,,49034,25,,,0,108,,49047,25,,,0,95,,49035,25,,,0,102,,49036,25,,,0,99,,49037,25,,,0,100,,49038,25,,,0,106,,49051,25,,,0,59,,49039,25,,,0,42,,49040,25,,,0,103,,49041,25,,,0,95,,49042,25,,,0,82,,49048,25,,,0,79,,49043,26,,,0,40,,49049,25,,,0,66,,49044,26,,,0,27,,49050,26,,,0,65,,49045,25,,,0,55,,49046,25,,,0
601,'7_4',636,,49052,25,,,0,108,,49065,25,,,0,95,,49053,25,,,0,102,,49054,25,,,0,99,,49055,25,,,0,100,,49056,25,,,0,106,,49069,25,,,0,59,,49057,25,,,0,42,,49058,25,,,0,103,,49059,25,,,0,95,,49060,25,,,0,82,,49066,25,,,0,79,,49061,26,,,0,40,,49067,25,,,0,66,,49062,26,,,0,27,,49068,26,,,0,65,,49063,25,,,0,55,,49064,25,,,0
601,'7_5',636,,52607,25,,,0,108,,52620,25,,,0,95,,52608,25,,,0,102,,52609,25,,,0,99,,52610,25,,,0,100,,52611,25,,,0,106,,52624,25,,,0,59,,52612,25,,,0,42,,52613,25,,,0,103,,52614,25,,,0,95,,52615,25,,,0,82,,52621,25,,,0,79,,52616,26,,,0,40,,52622,25,,,0,66,,52617,26,,,0,27,,52623,26,,,0,65,,52618,25,,,0,55,,52619,25,,,0
2900601,'1_3',1757,,51261,7,,,0,95,,51262,7,,,0
2900601,'7_1',1757,,47838,7,,,0,95,,47839,7,,,0
2900601,'7_2',1757,,51263,7,,,0,95,,51264,7,,,0
2900601,'7_4',1757,,51265,7,,,0,95,,51266,7,,,0
2900601,'7_5',1757,,53361,7,,,0,95,,53362,7,,,0
