401,'0_6',647,,65084,2,,,0,162,,65083,2,0,41,0,32,,65081,2,,,0,64,,65070,2,0,41,0,32,,65082,2,0,41,0,69,,65071,2,0,41,0,35,,65077,2,,,0,68,,65072,2,0,41,0,32,,65073,2,0,41,0,73,,65089,2,0,41,0,31,,65091,2,,,0,72,,65078,2,0,41,0,29,,65069,2,0,41,0,67,,65074,2,0,41,0,28,,65079,2,,,0,68,,65075,2,0,41,0,29,,65092,2,0,41,0,71,,65088,2,0,41,0,26,,65085,2,,,0,24,,65086,2,0,41,0,67,,65090,2,,,0,76,,65087,2,0,41,0,36,,65076,2,0,41,0,76,,65080,2,,,0
401,'1_7',926,,65093,2,,,0,125,,65094,2,,,0,165,,65095,2,,,0,200,,65096,2,,,0,125,,65097,2,,,0,165,,65098,2,,,0,125,,65099,2,,,0
401,'2_1',642,,65110,5,,,0,58,,65111,2,0,41,0,38,,65122,2,0,41,0,76,,65101,5,0,41,0,27,,65123,2,,,0,67,,65102,2,0,41,0,29,,65124,2,0,41,0,69,,65103,2,0,41,0,35,,65118,2,,,0,72,,65104,2,0,41,0,29,,65105,2,0,41,0,69,,65117,2,0,41,0,36,,65115,2,,,0,73,,65119,2,0,41,0,26,,65100,2,0,41,0,67,,65106,2,0,41,0,28,,65120,2,,,0,66,,65107,2,0,41,0,31,,65108,2,,,0,62,,65116,2,0,41,0,27,,65112,2,,,0,24,,65113,2,0,41,0,86,,65125,5,,,0,22,,65114,2,0,41,0,74,,65109,2,0,41,0,79,,65121,2,,,0
401,'2_2',642,,65136,5,,,0,58,,65137,2,0,41,0,38,,65148,2,0,41,0,76,,65127,5,0,41,0,27,,65149,2,,,0,67,,65128,2,0,41,0,29,,65150,2,0,41,0,69,,65129,2,0,41,0,35,,65144,2,,,0,72,,65130,2,0,41,0,29,,65131,2,0,41,0,69,,65143,2,0,41,0,36,,65141,2,,,0,73,,65145,2,0,41,0,26,,65126,2,0,41,0,67,,65132,2,0,41,0,28,,65146,2,,,0,66,,65133,2,0,41,0,31,,65134,2,,,0,62,,65142,2,0,41,0,27,,65138,2,,,0,24,,65139,2,0,41,0,86,,65151,5,,,0,22,,65140,2,0,41,0,74,,65135,2,0,41,0,79,,65147,2,,,0
401,'2_3',642,,65162,5,,,0,58,,65163,2,0,41,0,38,,65174,2,0,41,0,76,,65153,5,0,41,0,27,,65175,2,,,0,67,,65154,2,0,41,0,29,,65176,2,0,41,0,69,,65155,2,0,41,0,35,,65170,2,,,0,72,,65156,2,0,41,0,29,,65157,2,0,41,0,69,,65169,2,0,41,0,36,,65167,2,,,0,73,,65171,2,0,41,0,26,,65152,2,0,41,0,67,,65158,2,0,41,0,28,,65172,2,,,0,66,,65159,2,0,41,0,31,,65160,2,,,0,62,,65168,2,0,41,0,27,,65164,2,,,0,24,,65165,2,0,41,0,86,,65177,5,,,0,22,,65166,2,0,41,0,74,,65161,2,0,41,0,79,,65173,2,,,0
401,'2_4',642,,65188,5,,,0,58,,65189,2,0,41,0,38,,65200,2,0,41,0,76,,65179,5,0,41,0,27,,65201,2,,,0,67,,65180,2,0,41,0,29,,65202,2,0,41,0,69,,65181,2,0,41,0,35,,65196,2,,,0,72,,65182,2,0,41,0,29,,65183,2,0,41,0,69,,65195,2,0,41,0,36,,65193,2,,,0,73,,65197,2,0,41,0,26,,65178,2,0,41,0,67,,65184,2,0,41,0,28,,65198,2,,,0,66,,65185,2,0,41,0,31,,65186,2,,,0,62,,65194,2,0,41,0,27,,65190,2,,,0,24,,65191,2,0,41,0,86,,65203,5,,,0,22,,65192,2,0,41,0,74,,65187,2,0,41,0,79,,65199,2,,,0
401,'2_5',642,,65214,5,,,0,58,,65215,2,0,41,0,38,,65226,2,0,41,0,76,,65205,5,0,41,0,27,,65227,2,,,0,67,,65206,2,0,41,0,29,,65228,2,0,41,0,69,,65207,2,0,41,0,35,,65222,2,,,0,72,,65208,2,0,41,0,29,,65209,2,0,41,0,69,,65221,2,0,41,0,36,,65219,2,,,0,73,,65223,2,0,41,0,26,,65204,2,0,41,0,67,,65210,2,0,41,0,28,,65224,2,,,0,66,,65211,2,0,41,0,31,,65212,2,,,0,62,,65220,2,0,41,0,27,,65216,2,,,0,24,,65217,2,0,41,0,86,,65229,5,,,0,22,,65218,2,0,41,0,74,,65213,2,0,41,0,79,,65225,2,,,0
401,'3_1',642,,65240,5,,,0,58,,65241,2,0,41,0,38,,65252,2,0,41,0,76,,65231,5,0,41,0,27,,65253,2,,,0,67,,65232,2,0,41,0,29,,65254,2,0,41,0,69,,65233,2,0,41,0,35,,65248,2,,,0,72,,65234,2,0,41,0,29,,65235,2,0,41,0,69,,65247,2,0,41,0,36,,65245,2,,,0,73,,65249,2,0,41,0,26,,65230,2,0,41,0,67,,65236,2,0,41,0,28,,65250,2,,,0,66,,65237,2,0,41,0,31,,65238,2,,,0,62,,65246,2,0,41,0,27,,65242,2,,,0,24,,65243,2,0,41,0,86,,65255,5,,,0,22,,65244,2,0,41,0,74,,65239,2,0,41,0,79,,65251,2,,,0
401,'3_3',642,,65266,5,,,0,58,,65267,2,0,41,0,38,,65278,2,0,41,0,76,,65257,5,0,41,0,27,,65279,2,,,0,67,,65258,2,0,41,0,29,,65280,2,0,41,0,69,,65259,2,0,41,0,35,,65274,2,,,0,72,,65260,2,0,41,0,29,,65261,2,0,41,0,69,,65273,2,0,41,0,36,,65271,2,,,0,73,,65275,2,0,41,0,26,,65256,2,0,41,0,67,,65262,2,0,41,0,28,,65276,2,,,0,66,,65263,2,0,41,0,31,,65264,2,,,0,62,,65272,2,0,41,0,27,,65268,2,,,0,24,,65269,2,0,41,0,86,,65281,5,,,0,22,,65270,2,0,41,0,74,,65265,2,0,41,0,79,,65277,2,,,0
401,'3_4',642,,65292,5,,,0,58,,65293,2,0,41,0,38,,65304,2,0,41,0,76,,65283,5,0,41,0,27,,65305,2,,,0,67,,65284,2,0,41,0,29,,65306,2,0,41,0,69,,65285,2,0,41,0,35,,65300,2,,,0,72,,65286,2,0,41,0,29,,65287,2,0,41,0,69,,65299,2,0,41,0,36,,65297,2,,,0,73,,65301,2,0,41,0,26,,65282,2,0,41,0,67,,65288,2,0,41,0,28,,65302,2,,,0,66,,65289,2,0,41,0,31,,65290,2,,,0,62,,65298,2,0,41,0,27,,65294,2,,,0,24,,65295,2,0,41,0,86,,65307,5,,,0,22,,65296,2,0,41,0,74,,65291,2,0,41,0,79,,65303,2,,,0
401,'3_5',642,,65318,5,,,0,58,,65319,2,0,41,0,38,,65330,2,0,41,0,76,,65309,5,0,41,0,27,,65331,2,,,0,67,,65310,2,0,41,0,29,,65332,2,0,41,0,69,,65311,2,0,41,0,35,,65326,2,,,0,72,,65312,2,0,41,0,29,,65313,2,0,41,0,69,,65325,2,0,41,0,36,,65323,2,,,0,73,,65327,2,0,41,0,26,,65308,2,0,41,0,67,,65314,2,0,41,0,28,,65328,2,,,0,66,,65315,2,0,41,0,31,,65316,2,,,0,62,,65324,2,0,41,0,27,,65320,2,,,0,24,,65321,2,0,41,0,86,,65333,5,,,0,22,,65322,2,0,41,0,74,,65317,2,0,41,0,79,,65329,2,,,0
401,'4_7',926,,65334,2,,,0,125,,65335,2,,,0,165,,65336,2,,,0,200,,65337,2,,,0,125,,65338,2,,,0,165,,65339,2,,,0,125,,65340,2,,,0
