300,'2_6',726,,30806,36,4,,0,30,,30808,36,4,,0,70,,30809,36,4,,0,30,,30807,36,4,,0,70,,30811,36,4,,0,30,,30812,36,4,,0,69,,30810,36,4,,0,31,,30813,36,4,,0,70,,30814,36,4,,0,30,,30817,36,4,,0,69,,30816,36,4,,0,29,,30815,36,4,,0,68,,30819,36,4,,0,30,,30818,36,4,,0,70,,30820,36,4,,0,30,,30821,36,4,,0,72,,30822,36,4,,0,32,,30823,36,4,,0,71,,30824,36,4,,0,31,,30825,36,4,,0,72,,30826,36,4,,0,72,,30827,36,4,,0,30,,30828,36,4,,0,71,,30833,36,4,,0,29,,30829,36,4,,0,70,,30830,36,4,,0,24,,30831,36,4,,0,30,,30832,36,4,,0
300,'3_7',947,,30834,36,4,,0,100,,30835,36,4,,0,100,,30836,36,4,,0,100,,30837,36,4,,0,100,,30838,36,4,,0,100,,30839,36,4,,0,100,,30840,36,4,,0,100,,30841,36,4,,0,100,,30842,36,4,,0,100,,30843,36,4,,0,100,,30844,36,4,,0
300,'5_1',731,,37459,36,4,,0,25,,37460,36,4,,0,70,,37461,36,4,,0,23,,37464,36,4,,0,65,,37463,36,4,,0,30,,37462,36,4,,0,72,,37466,36,4,,0,32,,37469,36,4,,0,71,,37471,36,4,,0,32,,37467,36,4,,0,72,,37472,36,4,,0,32,,37465,36,4,,0,73,,37468,36,4,,0,73,,37470,36,4,,0,32,,37473,36,4,,0,73,,37474,36,4,,0,32,,37475,36,4,,0,74,,37477,36,4,,0,29,,37476,36,4,,0,68,,37479,36,4,,0,28,,37481,36,4,,0,67,,37483,36,4,,0,28,,37480,36,4,,0,70,,37486,36,4,,0,30,,37485,36,4,,0,70,,37482,36,4,,0,33,,37484,36,4,,0,70,,37478,36,4,,0
300,'5_2',731,,39027,36,4,,0,25,,39028,36,4,,0,70,,39029,36,4,,0,23,,39032,36,4,,0,65,,39031,36,4,,0,30,,39030,36,4,,0,72,,39034,36,4,,0,32,,39037,36,4,,0,71,,39039,36,4,,0,32,,39035,36,4,,0,72,,39040,36,4,,0,32,,39033,36,4,,0,73,,39036,36,4,,0,73,,39038,36,4,,0,32,,39041,36,4,,0,73,,39042,36,4,,0,32,,39043,36,4,,0,74,,39045,36,4,,0,29,,39044,36,4,,0,68,,39047,36,4,,0,28,,39049,36,4,,0,67,,39051,36,4,,0,28,,39048,36,4,,0,70,,39054,36,4,,0,30,,39053,36,4,,0,70,,39050,36,4,,0,33,,39052,36,4,,0,70,,39046,36,4,,0
300,'5_3',731,,39055,36,4,,0,25,,39056,36,4,,0,70,,39057,36,4,,0,23,,39060,36,4,,0,65,,39059,36,4,,0,30,,39058,36,4,,0,72,,39062,36,4,,0,32,,39065,36,4,,0,71,,39067,36,4,,0,32,,39063,36,4,,0,72,,39068,36,4,,0,32,,39061,36,4,,0,73,,39064,36,4,,0,73,,39066,36,4,,0,32,,39069,36,4,,0,73,,39070,36,4,,0,32,,39071,36,4,,0,74,,39073,36,4,,0,29,,39072,36,4,,0,68,,39075,36,4,,0,28,,39077,36,4,,0,67,,39079,36,4,,0,28,,39076,36,4,,0,70,,39082,36,4,,0,30,,39081,36,4,,0,70,,39078,36,4,,0,33,,39080,36,4,,0,70,,39074,36,4,,0
300,'5_4',731,,39083,36,4,,0,25,,39084,36,4,,0,70,,39085,36,4,,0,23,,39088,36,4,,0,65,,39087,36,4,,0,30,,39086,36,4,,0,72,,39090,36,4,,0,32,,39093,36,4,,0,71,,39095,36,4,,0,32,,39091,36,4,,0,72,,39096,36,4,,0,32,,39089,36,4,,0,73,,39092,36,4,,0,73,,39094,36,4,,0,32,,39097,36,4,,0,73,,39098,36,4,,0,32,,39099,36,4,,0,74,,39101,36,4,,0,29,,39100,36,4,,0,68,,39103,36,4,,0,28,,39105,36,4,,0,67,,39107,36,4,,0,28,,39104,36,4,,0,70,,39110,36,4,,0,30,,39109,36,4,,0,70,,39106,36,4,,0,33,,39108,36,4,,0,70,,39102,36,4,,0
300,'5_5',731,,39111,36,4,,0,25,,39112,36,4,,0,70,,39113,36,4,,0,23,,39116,36,4,,0,65,,39115,36,4,,0,30,,39114,36,4,,0,72,,39118,36,4,,0,32,,39121,36,4,,0,71,,39123,36,4,,0,32,,39119,36,4,,0,72,,39124,36,4,,0,32,,39117,36,4,,0,73,,39120,36,4,,0,73,,39122,36,4,,0,32,,39125,36,4,,0,73,,39126,36,4,,0,32,,39127,36,4,,0,74,,39129,36,4,,0,29,,39128,36,4,,0,68,,39131,36,4,,0,28,,39133,36,4,,0,67,,39135,36,4,,0,28,,39132,36,4,,0,70,,39138,36,4,,0,30,,39137,36,4,,0,70,,39134,36,4,,0,33,,39136,36,4,,0,70,,39130,36,4,,0
300,'6_1',731,,39139,36,4,,0,25,,39140,36,4,,0,70,,39141,36,4,,0,23,,39144,36,4,,0,65,,39143,36,4,,0,30,,39142,36,4,,0,72,,39146,36,4,,0,32,,39149,36,4,,0,71,,39151,36,4,,0,32,,39147,36,4,,0,72,,39152,36,4,,0,32,,39145,36,4,,0,73,,39148,36,4,,0,73,,39150,36,4,,0,32,,39153,36,4,,0,73,,39154,36,4,,0,32,,39155,36,4,,0,74,,39157,36,4,,0,29,,39156,36,4,,0,68,,39159,36,4,,0,28,,39161,36,4,,0,67,,39163,36,4,,0,28,,39160,36,4,,0,70,,39166,36,4,,0,30,,39165,36,4,,0,70,,39162,36,4,,0,33,,39164,36,4,,0,70,,39158,36,4,,0
300,'6_2',731,,43922,36,4,,0,25,,43923,36,4,,0,70,,43924,36,4,,0,23,,43927,36,4,,0,65,,43926,36,4,,0,30,,43925,36,4,,0,72,,43929,36,4,,0,32,,43932,36,4,,0,71,,43934,36,4,,0,32,,43930,36,4,,0,72,,43935,36,4,,0,32,,43928,36,4,,0,73,,43931,36,4,,0,73,,43933,36,4,,0,32,,43936,36,4,,0,73,,43937,36,4,,0,32,,43938,36,4,,0,74,,43940,36,4,,0,29,,43939,36,4,,0,68,,43942,36,4,,0,28,,43944,36,4,,0,67,,43946,36,4,,0,28,,43943,36,4,,0,70,,43949,36,4,,0,30,,43948,36,4,,0,70,,43945,36,4,,0,33,,43947,36,4,,0,70,,43941,36,4,,0
300,'6_3',731,,43950,36,4,,0,25,,43951,36,4,,0,70,,43952,36,4,,0,23,,43955,36,4,,0,65,,43954,36,4,,0,30,,43953,36,4,,0,72,,43957,36,4,,0,32,,43960,36,4,,0,71,,43962,36,4,,0,32,,43958,36,4,,0,72,,43963,36,4,,0,32,,43956,36,4,,0,73,,43959,36,4,,0,73,,43961,36,4,,0,32,,43964,36,4,,0,73,,43965,36,4,,0,32,,43966,36,4,,0,74,,43968,36,4,,0,29,,43967,36,4,,0,68,,43970,36,4,,0,28,,43972,36,4,,0,67,,43974,36,4,,0,28,,43971,36,4,,0,70,,43977,36,4,,0,30,,43976,36,4,,0,70,,43973,36,4,,0,33,,43975,36,4,,0,70,,43969,36,4,,0
300,'6_4',731,,43978,36,4,,0,25,,43979,36,4,,0,70,,43980,36,4,,0,23,,43983,36,4,,0,65,,43982,36,4,,0,30,,43981,36,4,,0,72,,43985,36,4,,0,32,,43988,36,4,,0,71,,43990,36,4,,0,32,,43986,36,4,,0,72,,43991,36,4,,0,32,,43984,36,4,,0,73,,43987,36,4,,0,73,,43989,36,4,,0,32,,43992,36,4,,0,73,,43993,36,4,,0,32,,43994,36,4,,0,74,,43996,36,4,,0,29,,43995,36,4,,0,68,,43998,36,4,,0,28,,44000,36,4,,0,67,,44002,36,4,,0,28,,43999,36,4,,0,70,,44005,36,4,,0,30,,44004,36,4,,0,70,,44001,36,4,,0,33,,44003,36,4,,0,70,,43997,36,4,,0
400,'2_6',726,,31221,22,0,40,0,104,,31222,22,0,40,0,74,,31215,34,0,40,0,27,,31223,22,0,40,0,72,,31224,22,0,40,0,30,,31225,22,0,40,0,71,,31216,34,0,40,0,31,,31226,22,0,40,0,69,,31228,22,0,40,0,30,,31227,22,0,40,0,69,,31217,34,0,40,0,31,,31229,22,0,40,0,70,,31230,22,0,40,0,29,,31231,22,0,40,0,73,,31218,34,0,40,0,32,,31232,22,0,40,0,69,,31233,22,0,40,0,30,,31234,22,0,40,0,72,,31219,34,0,40,0,35,,31235,22,0,40,0,71,,31236,22,0,40,0,31,,31237,22,0,40,0,69,,31220,34,0,40,0,31,,31238,22,0,40,0
400,'3_7',925,,31239,22,0,40,0,100,,31240,22,0,40,0,100,,31241,22,0,40,0,100,,31242,22,0,40,0,100,,31243,22,0,40,0,100,,31244,22,0,40,0,100,,31245,22,0,40,0,100,,31246,22,0,40,0,100,,31247,22,0,40,0,100,,31248,22,0,40,0
400,'5_1',725,,37535,22,0,40,0,14,,37541,22,0,40,0,17,,37515,22,0,40,0,55,,37516,22,0,40,0,13,,37536,22,0,40,0,17,,37517,22,0,40,0,15,,37518,22,0,40,0,77,,37519,22,0,40,0,73,,37520,34,0,40,0,30,,37521,22,0,40,0,71,,37522,22,0,40,0,35,,37523,22,0,40,0,74,,37524,22,0,40,0,25,,37539,22,0,40,0,65,,37537,34,0,40,0,31,,37525,22,0,40,0,69,,37526,22,0,40,0,25,,37529,34,0,40,0,76,,37527,22,0,40,0,30,,37530,34,0,40,0,75,,37528,22,0,40,0,30,,37542,22,0,40,0,70,,37538,34,0,40,0,30,,37531,22,0,40,0,75,,37532,34,0,40,0,24,,37540,22,,,0,70,,37533,22,0,40,0,30,,37534,34,0,40,0
400,'5_2',725,,39327,22,0,40,0,14,,39333,22,0,40,0,17,,39307,22,0,40,0,55,,39308,22,0,40,0,13,,39328,22,0,40,0,17,,39309,22,0,40,0,15,,39310,22,0,40,0,77,,39311,22,0,40,0,73,,39312,34,0,40,0,30,,39313,22,0,40,0,71,,39314,22,0,40,0,35,,39315,22,0,40,0,74,,39316,22,0,40,0,25,,39331,22,0,40,0,65,,39329,34,0,40,0,31,,39317,22,0,40,0,69,,39318,22,0,40,0,25,,39321,34,0,40,0,76,,39319,22,0,40,0,30,,39322,34,0,40,0,75,,39320,22,0,40,0,30,,39334,22,0,40,0,70,,39330,34,0,40,0,30,,39323,22,0,40,0,75,,39324,34,0,40,0,24,,39332,22,,,0,70,,39325,22,0,40,0,30,,39326,34,0,40,0
400,'5_3',725,,39355,22,0,40,0,14,,39361,22,0,40,0,17,,39335,22,0,40,0,55,,39336,22,0,40,0,13,,39356,22,0,40,0,17,,39337,22,0,40,0,15,,39338,22,0,40,0,77,,39339,22,0,40,0,73,,39340,34,0,40,0,30,,39341,22,0,40,0,71,,39342,22,0,40,0,35,,39343,22,0,40,0,74,,39344,22,0,40,0,25,,39359,22,0,40,0,65,,39357,34,0,40,0,31,,39345,22,0,40,0,69,,39346,22,0,40,0,25,,39349,34,0,40,0,76,,39347,22,0,40,0,30,,39350,34,0,40,0,75,,39348,22,0,40,0,30,,39362,22,0,40,0,70,,39358,34,0,40,0,30,,39351,22,0,40,0,75,,39352,34,0,40,0,24,,39360,22,,,0,70,,39353,22,0,40,0,30,,39354,34,0,40,0
400,'5_4',725,,39383,22,0,40,0,14,,39389,22,0,40,0,17,,39363,22,0,40,0,55,,39364,22,0,40,0,13,,39384,22,0,40,0,17,,39365,22,0,40,0,15,,39366,22,0,40,0,77,,39367,22,0,40,0,73,,39368,34,0,40,0,30,,39369,22,0,40,0,71,,39370,22,0,40,0,35,,39371,22,0,40,0,74,,39372,22,0,40,0,25,,39387,22,0,40,0,65,,39385,34,0,40,0,31,,39373,22,0,40,0,69,,39374,22,0,40,0,25,,39377,34,0,40,0,76,,39375,22,0,40,0,30,,39378,34,0,40,0,75,,39376,22,0,40,0,30,,39390,22,0,40,0,70,,39386,34,0,40,0,30,,39379,22,0,40,0,75,,39380,34,0,40,0,24,,39388,22,,,0,70,,39381,22,0,40,0,30,,39382,34,0,40,0
400,'5_5',725,,39411,22,0,40,0,14,,39417,22,0,40,0,17,,39391,22,0,40,0,55,,39392,22,0,40,0,13,,39412,22,0,40,0,17,,39393,22,0,40,0,15,,39394,22,0,40,0,77,,39395,22,0,40,0,73,,39396,34,0,40,0,30,,39397,22,0,40,0,71,,39398,22,0,40,0,35,,39399,22,0,40,0,74,,39400,22,0,40,0,25,,39415,22,0,40,0,65,,39413,34,0,40,0,31,,39401,22,0,40,0,69,,39402,22,0,40,0,25,,39405,34,0,40,0,76,,39403,22,0,40,0,30,,39406,34,0,40,0,75,,39404,22,0,40,0,30,,39418,22,0,40,0,70,,39414,34,0,40,0,30,,39407,22,0,40,0,75,,39408,34,0,40,0,24,,39416,22,,,0,70,,39409,22,0,40,0,30,,39410,34,0,40,0
400,'6_1',725,,39439,22,0,40,0,14,,39445,22,0,40,0,17,,39419,22,0,40,0,55,,39420,22,0,40,0,13,,39440,22,0,40,0,17,,39421,22,0,40,0,15,,39422,22,0,40,0,77,,39423,22,0,40,0,73,,39424,34,0,40,0,30,,39425,22,0,40,0,71,,39426,22,0,40,0,35,,39427,22,0,40,0,74,,39428,22,0,40,0,25,,39443,22,0,40,0,65,,39441,34,0,40,0,31,,39429,22,0,40,0,69,,39430,22,0,40,0,25,,39433,34,0,40,0,76,,39431,22,0,40,0,30,,39434,34,0,40,0,75,,39432,22,0,40,0,30,,39446,22,0,40,0,70,,39442,34,0,40,0,30,,39435,22,0,40,0,75,,39436,34,0,40,0,24,,39444,22,,,0,70,,39437,22,0,40,0,30,,39438,34,0,40,0
400,'6_2',725,,44110,22,0,40,0,14,,44116,22,0,40,0,17,,44090,22,0,40,0,55,,44091,22,0,40,0,13,,44111,22,0,40,0,17,,44092,22,0,40,0,15,,44093,22,0,40,0,77,,44094,22,0,40,0,73,,44095,34,0,40,0,30,,44096,22,0,40,0,71,,44097,22,0,40,0,35,,44098,22,0,40,0,74,,44099,22,0,40,0,25,,44114,22,0,40,0,65,,44112,34,0,40,0,31,,44100,22,0,40,0,69,,44101,22,0,40,0,25,,44104,34,0,40,0,76,,44102,22,0,40,0,30,,44105,34,0,40,0,75,,44103,22,0,40,0,30,,44117,22,0,40,0,70,,44113,34,0,40,0,30,,44106,22,0,40,0,75,,44107,34,0,40,0,24,,44115,22,,,0,70,,44108,22,0,40,0,30,,44109,34,0,40,0
400,'6_3',725,,44138,22,0,40,0,14,,44144,22,0,40,0,17,,44118,22,0,40,0,55,,44119,22,0,40,0,13,,44139,22,0,40,0,17,,44120,22,0,40,0,15,,44121,22,0,40,0,77,,44122,22,0,40,0,73,,44123,34,0,40,0,30,,44124,22,0,40,0,71,,44125,22,0,40,0,35,,44126,22,0,40,0,74,,44127,22,0,40,0,25,,44142,22,0,40,0,65,,44140,34,0,40,0,31,,44128,22,0,40,0,69,,44129,22,0,40,0,25,,44132,34,0,40,0,76,,44130,22,0,40,0,30,,44133,34,0,40,0,75,,44131,22,0,40,0,30,,44145,22,0,40,0,70,,44141,34,0,40,0,30,,44134,22,0,40,0,75,,44135,34,0,40,0,24,,44143,22,,,0,70,,44136,22,0,40,0,30,,44137,34,0,40,0
400,'6_4',725,,44166,22,0,40,0,14,,44172,22,0,40,0,17,,44146,22,0,40,0,55,,44147,22,0,40,0,13,,44167,22,0,40,0,17,,44148,22,0,40,0,15,,44149,22,0,40,0,77,,44150,22,0,40,0,73,,44151,34,0,40,0,30,,44152,22,0,40,0,71,,44153,22,0,40,0,35,,44154,22,0,40,0,74,,44155,22,0,40,0,25,,44170,22,0,40,0,65,,44168,34,0,40,0,31,,44156,22,0,40,0,69,,44157,22,0,40,0,25,,44160,34,0,40,0,76,,44158,22,0,40,0,30,,44161,34,0,40,0,75,,44159,22,0,40,0,30,,44173,22,0,40,0,70,,44169,34,0,40,0,30,,44162,22,0,40,0,75,,44163,34,0,40,0,24,,44171,22,,,0,70,,44164,22,0,40,0,30,,44165,34,0,40,0
500,'2_6',756,,31549,42,4,,0,100,,31538,42,4,,0,100,,31539,42,4,,0,100,,31540,42,4,,0,100,,31541,42,4,,0,95,,31542,42,4,,0,99,,31543,42,4,,0,100,,31544,42,4,,0,100,,31545,42,4,,0,100,,31546,42,4,,0,100,,31547,42,4,,0,190,,31548,42,4,,0
500,'5_1',726,,37571,28,4,,0,100,,37572,28,4,,0,77,,37573,42,4,,0,104,,37574,42,4,,0,100,,37575,42,4,,0,105,,37576,42,4,,0,99,,37577,42,4,,0,44,,37578,42,4,,0,94,,37579,42,4,,0,100,,37580,42,4,,0,103,,37581,42,4,,0,107,,37582,42,4,,0,100,,37583,42,4,,0,98,,37584,42,4,,0
500,'5_2',726,,39587,28,4,,0,100,,39588,28,4,,0,77,,39589,42,4,,0,104,,39590,42,4,,0,100,,39591,42,4,,0,105,,39592,42,4,,0,99,,39593,42,4,,0,44,,39594,42,4,,0,94,,39595,42,4,,0,100,,39596,42,4,,0,103,,39597,42,4,,0,107,,39598,42,4,,0,100,,39599,42,4,,0,98,,39600,42,4,,0
500,'5_3',726,,39601,28,4,,0,100,,39602,28,4,,0,77,,39603,42,4,,0,104,,39604,42,4,,0,100,,39605,42,4,,0,105,,39606,42,4,,0,99,,39607,42,4,,0,44,,39608,42,4,,0,94,,39609,42,4,,0,100,,39610,42,4,,0,103,,39611,42,4,,0,107,,39612,42,4,,0,100,,39613,42,4,,0,98,,39614,42,4,,0
500,'5_4',726,,39615,28,4,,0,100,,39616,28,4,,0,77,,39617,42,4,,0,104,,39618,42,4,,0,100,,39619,42,4,,0,105,,39620,42,4,,0,99,,39621,42,4,,0,44,,39622,42,4,,0,94,,39623,42,4,,0,100,,39624,42,4,,0,103,,39625,42,4,,0,107,,39626,42,4,,0,100,,39627,42,4,,0,98,,39628,42,4,,0
500,'5_5',726,,39629,28,4,,0,100,,39630,28,4,,0,77,,39631,42,4,,0,104,,39632,42,4,,0,100,,39633,42,4,,0,105,,39634,42,4,,0,99,,39635,42,4,,0,44,,39636,42,4,,0,94,,39637,42,4,,0,100,,39638,42,4,,0,103,,39639,42,4,,0,107,,39640,42,4,,0,100,,39641,42,4,,0,98,,39642,42,4,,0
500,'6_1',726,,39643,28,4,,0,100,,39644,28,4,,0,77,,39645,42,4,,0,104,,39646,42,4,,0,100,,39647,42,4,,0,105,,39648,42,4,,0,99,,39649,42,4,,0,44,,39650,42,4,,0,94,,39651,42,4,,0,100,,39652,42,4,,0,103,,39653,42,4,,0,107,,39654,42,4,,0,100,,39655,42,4,,0,98,,39656,42,4,,0
500,'6_2',726,,44258,28,4,,0,100,,44259,28,4,,0,77,,44260,42,4,,0,104,,44261,42,4,,0,100,,44262,42,4,,0,105,,44263,42,4,,0,99,,44264,42,4,,0,44,,44265,42,4,,0,94,,44266,42,4,,0,100,,44267,42,4,,0,103,,44268,42,4,,0,107,,44269,42,4,,0,100,,44270,42,4,,0,98,,44271,42,4,,0
500,'6_3',726,,44272,28,4,,0,100,,44273,28,4,,0,77,,44274,42,4,,0,104,,44275,42,4,,0,100,,44276,42,4,,0,105,,44277,42,4,,0,99,,44278,42,4,,0,44,,44279,42,4,,0,94,,44280,42,4,,0,100,,44281,42,4,,0,103,,44282,42,4,,0,107,,44283,42,4,,0,100,,44284,42,4,,0,98,,44285,42,4,,0
500,'6_4',726,,44286,28,4,,0,100,,44287,28,4,,0,77,,44288,42,4,,0,104,,44289,42,4,,0,100,,44290,42,4,,0,105,,44291,42,4,,0,99,,44292,42,4,,0,44,,44293,42,4,,0,94,,44294,42,4,,0,100,,44295,42,4,,0,103,,44296,42,4,,0,107,,44297,42,4,,0,100,,44298,42,4,,0,98,,44299,42,4,,0
600,'2_6',814,,31710,30,4,,0,94,,31712,30,4,,0,93,,31713,30,4,,0,48,,31714,30,4,,0,90,,31715,30,4,,0,87,,31716,30,4,,0,88,,31717,30,4,,0,90,,31718,30,4,,0,49,,31719,30,4,,0,99,,31720,30,4,,0,91,,31721,30,4,,0,92,,31722,30,4,,0,90,,31723,30,4,,0,90,,31724,30,4,,0,40,,31711,30,4,,0
600,'5_1',729,,37596,30,4,,0,24,,37609,30,4,,0,81,,37597,30,4,,0,92,,37598,30,4,,0,98,,37599,30,4,,0,93,,37600,30,4,,0,84,,37610,30,4,,0,51,,37601,30,4,,0,105,,37602,30,4,,0,93,,37603,30,4,,0,97,,37604,30,4,,0,94,,37605,30,4,,0,87,,37611,30,4,,0,94,,37606,30,4,,0,93,,37607,30,4,,0,40,,37608,30,4,,0
600,'5_2',729,,39712,30,4,,0,24,,39725,30,4,,0,81,,39713,30,4,,0,92,,39714,30,4,,0,98,,39715,30,4,,0,93,,39716,30,4,,0,84,,39726,30,4,,0,51,,39717,30,4,,0,105,,39718,30,4,,0,93,,39719,30,4,,0,97,,39720,30,4,,0,94,,39721,30,4,,0,87,,39727,30,4,,0,94,,39722,30,4,,0,93,,39723,30,4,,0,40,,39724,30,4,,0
600,'5_3',729,,39728,30,4,,0,24,,39741,30,4,,0,81,,39729,30,4,,0,92,,39730,30,4,,0,98,,39731,30,4,,0,93,,39732,30,4,,0,84,,39742,30,4,,0,51,,39733,30,4,,0,105,,39734,30,4,,0,93,,39735,30,4,,0,97,,39736,30,4,,0,94,,39737,30,4,,0,87,,39743,30,4,,0,94,,39738,30,4,,0,93,,39739,30,4,,0,40,,39740,30,4,,0
600,'5_4',729,,39744,30,4,,0,24,,39757,30,4,,0,81,,39745,30,4,,0,92,,39746,30,4,,0,98,,39747,30,4,,0,93,,39748,30,4,,0,84,,39758,30,4,,0,51,,39749,30,4,,0,105,,39750,30,4,,0,93,,39751,30,4,,0,97,,39752,30,4,,0,94,,39753,30,4,,0,87,,39759,30,4,,0,94,,39754,30,4,,0,93,,39755,30,4,,0,40,,39756,30,4,,0
600,'5_5',729,,39760,30,4,,0,24,,39773,30,4,,0,81,,39761,30,4,,0,92,,39762,30,4,,0,98,,39763,30,4,,0,93,,39764,30,4,,0,84,,39774,30,4,,0,51,,39765,30,4,,0,105,,39766,30,4,,0,93,,39767,30,4,,0,97,,39768,30,4,,0,94,,39769,30,4,,0,87,,39775,30,4,,0,94,,39770,30,4,,0,93,,39771,30,4,,0,40,,39772,30,4,,0
600,'6_1',729,,39776,30,4,,0,24,,39789,30,4,,0,81,,39777,30,4,,0,92,,39778,30,4,,0,98,,39779,30,4,,0,93,,39780,30,4,,0,84,,39790,30,4,,0,51,,39781,30,4,,0,105,,39782,30,4,,0,93,,39783,30,4,,0,97,,39784,30,4,,0,94,,39785,30,4,,0,87,,39791,30,4,,0,94,,39786,30,4,,0,93,,39787,30,4,,0,40,,39788,30,4,,0
600,'6_2',729,,44333,30,4,,0,24,,44346,30,4,,0,81,,44334,30,4,,0,92,,44335,30,4,,0,98,,44336,30,4,,0,93,,44337,30,4,,0,84,,44347,30,4,,0,51,,44338,30,4,,0,105,,44339,30,4,,0,93,,44340,30,4,,0,97,,44341,30,4,,0,94,,44342,30,4,,0,87,,44348,30,4,,0,94,,44343,30,4,,0,93,,44344,30,4,,0,40,,44345,30,4,,0
600,'6_3',729,,44349,30,4,,0,24,,44362,30,4,,0,81,,44350,30,4,,0,92,,44351,30,4,,0,98,,44352,30,4,,0,93,,44353,30,4,,0,84,,44363,30,4,,0,51,,44354,30,4,,0,105,,44355,30,4,,0,93,,44356,30,4,,0,97,,44357,30,4,,0,94,,44358,30,4,,0,87,,44364,30,4,,0,94,,44359,30,4,,0,93,,44360,30,4,,0,40,,44361,30,4,,0
600,'6_4',729,,44365,30,4,,0,24,,44378,30,4,,0,81,,44366,30,4,,0,92,,44367,30,4,,0,98,,44368,30,4,,0,93,,44369,30,4,,0,84,,44379,30,4,,0,51,,44370,30,4,,0,105,,44371,30,4,,0,93,,44372,30,4,,0,97,,44373,30,4,,0,94,,44374,30,4,,0,87,,44380,30,4,,0,94,,44375,30,4,,0,93,,44376,30,4,,0,40,,44377,30,4,,0
1000,'2_6',722,,32362,37,4,,0,101,,32363,37,4,,0,197,,32364,37,4,,0,512,,32367,43,4,,0,118,,32368,43,4,,0,69,,32365,37,4,,0,182,,32366,37,4,,0
1000,'5_1',722,,37708,28,4,,0,94,,37709,28,4,,0,204,,37710,37,4,,0,512,,37718,43,4,,0,118,,37719,43,4,,0,69,,37711,37,4,,0,182,,37712,37,4,,0
1000,'5_2',722,,40272,28,4,,0,94,,40273,28,4,,0,204,,40274,37,4,,0,512,,40282,43,4,,0,118,,40283,43,4,,0,69,,40275,37,4,,0,182,,40276,37,4,,0
1000,'5_3',722,,40285,28,4,,0,94,,40286,28,4,,0,204,,40287,37,4,,0,512,,40295,43,4,,0,118,,40296,43,4,,0,69,,40288,37,4,,0,182,,40289,37,4,,0
1000,'5_4',722,,40298,28,4,,0,94,,40299,28,4,,0,204,,40300,37,4,,0,512,,40308,43,4,,0,118,,40309,43,4,,0,69,,40301,37,4,,0,182,,40302,37,4,,0
1000,'5_5',722,,40311,28,4,,0,94,,40312,28,4,,0,204,,40313,37,4,,0,512,,40321,43,4,,0,118,,40322,43,4,,0,69,,40314,37,4,,0,182,,40315,37,4,,0
1000,'6_1',722,,40324,28,4,,0,94,,40325,28,4,,0,204,,40326,37,4,,0,512,,40334,43,4,,0,118,,40335,43,4,,0,69,,40327,37,4,,0,182,,40328,37,4,,0
1000,'6_2',722,,44669,28,4,,0,94,,44670,28,4,,0,204,,44671,37,4,,0,512,,44679,43,4,,0,118,,44680,43,4,,0,69,,44672,37,4,,0,182,,44673,37,4,,0
1000,'6_3',722,,44682,28,4,,0,94,,44683,28,4,,0,204,,44684,37,4,,0,512,,44692,43,4,,0,118,,44693,43,4,,0,69,,44685,37,4,,0,182,,44686,37,4,,0
1000,'6_4',722,,44695,28,4,,0,94,,44696,28,4,,0,204,,44697,37,4,,0,512,,44705,43,4,,0,118,,44706,43,4,,0,69,,44698,37,4,,0,182,,44699,37,4,,0
1100,'2_6',728,,32477,20,4,,0,131,,32478,23,4,,0,948,,32479,23,4,,0,114,,32480,23,4,,0
1100,'5_1',728,,37733,20,4,,0,131,,37734,23,4,,0,948,,37735,23,4,,0,114,,37736,23,4,,0
1100,'5_2',728,,40397,20,4,,0,131,,40398,23,4,,0,948,,40399,23,4,,0,114,,40400,23,4,,0
1100,'5_3',728,,40401,20,4,,0,131,,40402,23,4,,0,948,,40403,23,4,,0,114,,40404,23,4,,0
1100,'5_4',728,,40405,20,4,,0,131,,40406,23,4,,0,948,,40407,23,4,,0,114,,40408,23,4,,0
1100,'5_5',728,,40409,20,4,,0,131,,40410,23,4,,0,948,,40411,23,4,,0,114,,40412,23,4,,0
1100,'6_1',728,,40413,20,4,,0,131,,40414,23,4,,0,948,,40415,23,4,,0,114,,40416,23,4,,0
1100,'6_2',728,,44744,20,4,,0,131,,44745,23,4,,0,948,,44746,23,4,,0,114,,44747,23,4,,0
1100,'6_3',728,,44748,20,4,,0,131,,44749,23,4,,0,948,,44750,23,4,,0,114,,44751,23,4,,0
1100,'6_4',728,,44752,20,4,,0,131,,44753,23,4,,0,948,,44754,23,4,,0,114,,44755,23,4,,0
2100,'5_1',1711,,37787,8,,,0
2100,'5_2',1711,,40667,8,,,0
2100,'5_3',1711,,40668,8,,,0
2100,'5_4',1711,,40669,8,,,0
2100,'5_5',1307,,40670,5,4,,0,404,,40671,3,,,0
2100,'6_1',1711,,40673,3,,,0
2100,'6_2',1711,,44907,3,,,0
2100,'6_3',1711,,44909,3,,,0
2100,'6_4',1711,,44911,3,,,0
2500,'2_6',736,,33275,6,,,0,112,,33276,6,,,0,167,,33277,6,,,0,113,,33278,6,,,0,128,,33279,6,,,0,152,,33280,6,,,0,132,,33281,6,,,0,160,,33282,6,,,0,121,,33283,6,,,0,115,,33284,6,,,0
2500,'5_1',734,,37790,6,,,0,72,,37800,6,,,0,40,,37791,6,,,0,169,,37792,6,,,0,113,,37793,6,,,0,128,,37794,6,,,0,152,,37795,6,,,0,132,,37796,6,,,0,160,,37797,6,,,0,121,,37798,6,,,0,115,,37799,6,,,0
2500,'5_2',734,,40685,6,,,0,72,,40695,6,,,0,40,,40686,6,,,0,169,,40687,6,,,0,113,,40688,6,,,0,128,,40689,6,,,0,152,,40690,6,,,0,132,,40691,6,,,0,160,,40692,6,,,0,121,,40693,6,,,0,115,,40694,6,,,0
2500,'5_3',734,,40696,6,,,0,72,,40706,6,,,0,40,,40697,6,,,0,169,,40698,6,,,0,113,,40699,6,,,0,128,,40700,6,,,0,152,,40701,6,,,0,132,,40702,6,,,0,160,,40703,6,,,0,121,,40704,6,,,0,115,,40705,6,,,0
2500,'5_4',734,,40707,6,,,0,72,,40717,6,,,0,40,,40708,6,,,0,169,,40709,6,,,0,113,,40710,6,,,0,128,,40711,6,,,0,152,,40712,6,,,0,132,,40713,6,,,0,160,,40714,6,,,0,121,,40715,6,,,0,115,,40716,6,,,0
2500,'5_5',734,,40718,6,,,0,72,,40728,6,,,0,40,,40719,6,,,0,169,,40720,6,,,0,113,,40721,6,,,0,128,,40722,6,,,0,152,,40723,6,,,0,132,,40724,6,,,0,160,,40725,6,,,0,121,,40726,6,,,0,115,,40727,6,,,0
2500,'6_1',734,,40729,6,,,0,72,,40739,6,,,0,40,,40730,6,,,0,169,,40731,6,,,0,113,,40732,6,,,0,128,,40733,6,,,0,152,,40734,6,,,0,132,,40735,6,,,0,160,,40736,6,,,0,121,,40737,6,,,0,115,,40738,6,,,0
2500,'6_2',734,,44921,6,,,0,72,,44931,6,,,0,40,,44922,6,,,0,169,,44923,6,,,0,113,,44924,6,,,0,128,,44925,6,,,0,152,,44926,6,,,0,132,,44927,6,,,0,160,,44928,6,,,0,121,,44929,6,,,0,115,,44930,6,,,0
2500,'6_3',734,,44932,6,,,0,72,,44942,6,,,0,40,,44933,6,,,0,169,,44934,6,,,0,113,,44935,6,,,0,128,,44936,6,,,0,152,,44937,6,,,0,132,,44938,6,,,0,160,,44939,6,,,0,121,,44940,6,,,0,115,,44941,6,,,0
2500,'6_4',734,,44943,6,,,0,72,,44953,6,,,0,40,,44944,6,,,0,169,,44945,6,,,0,113,,44946,6,,,0,128,,44947,6,,,0,152,,44948,6,,,0,132,,44949,6,,,0,160,,44950,6,,,0,121,,44951,6,,,0,115,,44952,6,,,0
2600,'2_6',736,,33480,21,,,0,85,,33481,21,,,0,85,,33482,21,,,0,45,,33483,21,,,0,84,,33484,21,,,0,90,,33485,21,,,0,84,,33486,21,,,0,42,,33487,21,,,0,85,,33488,21,,,0,85,,33489,21,,,0,83,,33490,21,,,0,45,,33491,21,,,0,90,,33492,21,,,0,86,,33493,21,,,0,83,,33494,21,,,0,45,,33495,21,,,0,82,,33496,21,,,0
2600,'5_1',736,,37813,21,,,0,85,,37814,21,,,0,85,,37815,21,,,0,45,,37816,21,,,0,84,,37817,21,,,0,90,,37818,21,,,0,84,,37819,21,,,0,42,,37820,21,,,0,85,,37821,21,,,0,85,,37822,21,,,0,83,,37823,21,,,0,45,,37824,21,,,0,90,,37825,21,,,0,86,,37826,21,,,0,83,,37827,21,,,0,45,,37828,21,,,0,82,,37829,21,,,0
2600,'5_2',736,,40800,21,,,0,85,,40801,21,,,0,85,,40802,21,,,0,45,,40803,21,,,0,84,,40804,21,,,0,90,,40805,21,,,0,84,,40806,21,,,0,42,,40807,21,,,0,85,,40808,21,,,0,85,,40809,21,,,0,83,,40810,21,,,0,45,,40811,21,,,0,90,,40812,21,,,0,86,,40813,21,,,0,83,,40814,21,,,0,45,,40815,21,,,0,82,,40816,21,,,0
2600,'5_3',736,,40817,21,,,0,85,,40818,21,,,0,85,,40819,21,,,0,45,,40820,21,,,0,84,,40821,21,,,0,90,,40822,21,,,0,84,,40823,21,,,0,42,,40824,21,,,0,85,,40825,21,,,0,85,,40826,21,,,0,83,,40827,21,,,0,45,,40828,21,,,0,90,,40829,21,,,0,86,,40830,21,,,0,83,,40831,21,,,0,45,,40832,21,,,0,82,,40833,21,,,0
2600,'5_4',736,,40834,21,,,0,85,,40835,21,,,0,85,,40836,21,,,0,45,,40837,21,,,0,84,,40838,21,,,0,90,,40839,21,,,0,84,,40840,21,,,0,42,,40841,21,,,0,85,,40842,21,,,0,85,,40843,21,,,0,83,,40844,21,,,0,45,,40845,21,,,0,90,,40846,21,,,0,86,,40847,21,,,0,83,,40848,21,,,0,45,,40849,21,,,0,82,,40850,21,,,0
2600,'5_5',736,,40851,21,,,0,85,,40852,21,,,0,85,,40853,21,,,0,45,,40854,21,,,0,84,,40855,21,,,0,90,,40856,21,,,0,84,,40857,21,,,0,42,,40858,21,,,0,85,,40859,21,,,0,85,,40860,21,,,0,83,,40861,21,,,0,45,,40862,21,,,0,90,,40863,21,,,0,86,,40864,21,,,0,83,,40865,21,,,0,45,,40866,21,,,0,82,,40867,21,,,0
2600,'6_1',736,,40868,21,,,0,85,,40869,21,,,0,85,,40870,21,,,0,45,,40871,21,,,0,84,,40872,21,,,0,90,,40873,21,,,0,84,,40874,21,,,0,42,,40875,21,,,0,85,,40876,21,,,0,85,,40877,21,,,0,83,,40878,21,,,0,45,,40879,21,,,0,90,,40880,21,,,0,86,,40881,21,,,0,83,,40882,21,,,0,45,,40883,21,,,0,82,,40884,21,,,0
2600,'6_2',736,,44990,21,,,0,85,,44991,21,,,0,85,,44992,21,,,0,45,,44993,21,,,0,84,,44994,21,,,0,90,,44995,21,,,0,84,,44996,21,,,0,42,,44997,21,,,0,85,,44998,21,,,0,85,,44999,21,,,0,83,,45000,21,,,0,45,,45001,21,,,0,90,,45002,21,,,0,86,,45003,21,,,0,83,,45004,21,,,0,45,,45005,21,,,0,82,,45006,21,,,0
2600,'6_3',736,,45007,21,,,0,85,,45008,21,,,0,85,,45009,21,,,0,45,,45010,21,,,0,84,,45011,21,,,0,90,,45012,21,,,0,84,,45013,21,,,0,42,,45014,21,,,0,85,,45015,21,,,0,85,,45016,21,,,0,83,,45017,21,,,0,45,,45018,21,,,0,90,,45019,21,,,0,86,,45020,21,,,0,83,,45021,21,,,0,45,,45022,21,,,0,82,,45023,21,,,0
2600,'6_4',736,,45024,21,,,0,85,,45025,21,,,0,85,,45026,21,,,0,45,,45027,21,,,0,84,,45028,21,,,0,90,,45029,21,,,0,84,,45030,21,,,0,42,,45031,21,,,0,85,,45032,21,,,0,85,,45033,21,,,0,83,,45034,21,,,0,45,,45035,21,,,0,90,,45036,21,,,0,86,,45037,21,,,0,83,,45038,21,,,0,45,,45039,21,,,0,82,,45040,21,,,0
2000000,'2_6',657,,35553,20,,,0,82,,35554,20,,,0,79,,35555,20,,,0,30,,35556,20,,,0,60,,35557,20,,,0,20,,35558,20,,,0,19,,35559,20,,,0,58,,35560,20,,,0,20,,35561,20,,,0,20,,35562,20,,,0,59,,35563,20,,,0,19,,35564,20,,,0,19,,35565,20,,,0,60,,35566,20,,,0,17,,35567,20,,,0,19,,35568,20,,,0,18,,35569,20,,,0,59,,35570,20,,,0,20,,35571,20,,,0,19,,35572,20,,,0,57,,35573,20,,,0,19,,35574,20,,,0,21,,35575,20,,,0,60,,35576,20,,,0,19,,35577,20,,,0,19,,35578,20,,,0,60,,35579,20,,,0,20,,35580,20,,,0,20,,35581,20,,,0,60,,35582,20,,,0,19,,35583,20,,,0,20,,35584,20,,,0,60,,35585,20,,,0,20,,35586,20,,,0,17,,35587,20,,,0,60,,35588,20,,,0,24,,35589,20,,,0,24,,35590,20,,,0,64,,35591,20,,,0,24,,35592,20,,,0,65,,35593,20,,,0
2000000,'3_7',834,,35594,20,,,0,80,,35595,20,,,0,40,,35596,20,,,0,80,,35597,20,,,0,80,,35598,20,,,0,40,,35599,20,,,0,80,,35600,20,,,0,80,,35601,20,,,0,40,,35602,20,,,0,80,,35603,20,,,0,80,,35604,20,,,0,40,,35605,20,,,0,80,,35606,20,,,0,80,,35607,20,,,0,40,,35608,20,,,0,80,,35609,20,,,0,80,,35610,20,,,0,40,,35611,20,,,0
2000000,'5_1',700,,38071,20,,,0,24,,38068,20,,,0,17,,38073,20,,,0,15,,38066,20,,,0,55,,38070,20,,,0,15,,38067,20,,,0,15,,38072,20,,,0,15,,38069,20,,,0,55,,38074,20,,,0,15,,38075,20,,,0,15,,38076,20,,,0,15,,38077,20,,,0,55,,38078,20,,,0,15,,38079,20,,,0,15,,38080,20,,,0,15,,38081,20,,,0,56,,38082,20,,,0,15,,38083,20,,,0,15,,38084,20,,,0,15,,38085,20,,,0,54,,38086,20,,,0,15,,38087,20,,,0,15,,38088,20,,,0,15,,38089,20,,,0,55,,38090,20,,,0,15,,38091,20,,,0,16,,38092,20,,,0,15,,38093,20,,,0,54,,38094,20,,,0,15,,38095,20,,,0,15,,38096,20,,,0,16,,38097,20,,,0,55,,38098,20,,,0,15,,38099,20,,,0,15,,38100,20,,,0,15,,38101,20,,,0,55,,38102,20,,,0,15,,38103,20,,,0,15,,38104,20,,,0,15,,38105,20,,,0,55,,38106,20,,,0,15,,38107,20,,,0,15,,38108,20,,,0,15,,38109,20,,,0,55,,38110,20,,,0,15,,38111,20,,,0,14,,38112,20,,,0,15,,38113,20,,,0,55,,38114,20,,,0,20,,38117,20,,,0,20,,38118,20,,,0,60,,38119,20,,,0,19,,38120,20,,,0,20,,38115,20,,,0,60,,38116,20,,,0
2000000,'5_2',700,,42070,20,,,0,24,,42067,20,,,0,17,,42072,20,,,0,15,,42065,20,,,0,55,,42069,20,,,0,15,,42066,20,,,0,15,,42071,20,,,0,15,,42068,20,,,0,55,,42073,20,,,0,15,,42074,20,,,0,15,,42075,20,,,0,15,,42076,20,,,0,55,,42077,20,,,0,15,,42078,20,,,0,15,,42079,20,,,0,15,,42080,20,,,0,56,,42081,20,,,0,15,,42082,20,,,0,15,,42083,20,,,0,15,,42084,20,,,0,54,,42085,20,,,0,15,,42086,20,,,0,15,,42087,20,,,0,15,,42088,20,,,0,55,,42089,20,,,0,15,,42090,20,,,0,16,,42091,20,,,0,15,,42092,20,,,0,54,,42093,20,,,0,15,,42094,20,,,0,15,,42095,20,,,0,16,,42096,20,,,0,55,,42097,20,,,0,15,,42098,20,,,0,15,,42099,20,,,0,15,,42100,20,,,0,55,,42101,20,,,0,15,,42102,20,,,0,15,,42103,20,,,0,15,,42104,20,,,0,55,,42105,20,,,0,15,,42106,20,,,0,15,,42107,20,,,0,15,,42108,20,,,0,55,,42109,20,,,0,15,,42110,20,,,0,14,,42111,20,,,0,15,,42112,20,,,0,55,,42113,20,,,0,20,,42116,20,,,0,20,,42117,20,,,0,60,,42118,20,,,0,19,,42119,20,,,0,20,,42114,20,,,0,60,,42115,20,,,0
2000000,'5_3',700,,42125,20,,,0,24,,42122,20,,,0,17,,42127,20,,,0,15,,42120,20,,,0,55,,42124,20,,,0,15,,42121,20,,,0,15,,42126,20,,,0,15,,42123,20,,,0,55,,42128,20,,,0,15,,42129,20,,,0,15,,42130,20,,,0,15,,42131,20,,,0,55,,42132,20,,,0,15,,42133,20,,,0,15,,42134,20,,,0,15,,42135,20,,,0,56,,42136,20,,,0,15,,42137,20,,,0,15,,42138,20,,,0,15,,42139,20,,,0,54,,42140,20,,,0,15,,42141,20,,,0,15,,42142,20,,,0,15,,42143,20,,,0,55,,42144,20,,,0,15,,42145,20,,,0,16,,42146,20,,,0,15,,42147,20,,,0,54,,42148,20,,,0,15,,42149,20,,,0,15,,42150,20,,,0,16,,42151,20,,,0,55,,42152,20,,,0,15,,42153,20,,,0,15,,42154,20,,,0,15,,42155,20,,,0,55,,42156,20,,,0,15,,42157,20,,,0,15,,42158,20,,,0,15,,42159,20,,,0,55,,42160,20,,,0,15,,42161,20,,,0,15,,42162,20,,,0,15,,42163,20,,,0,55,,42164,20,,,0,15,,42165,20,,,0,14,,42166,20,,,0,15,,42167,20,,,0,55,,42168,20,,,0,20,,42171,20,,,0,20,,42172,20,,,0,60,,42173,20,,,0,19,,42174,20,,,0,20,,42169,20,,,0,60,,42170,20,,,0
2000000,'5_4',700,,42180,20,,,0,24,,42177,20,,,0,17,,42182,20,,,0,15,,42175,20,,,0,55,,42179,20,,,0,15,,42176,20,,,0,15,,42181,20,,,0,15,,42178,20,,,0,55,,42183,20,,,0,15,,42184,20,,,0,15,,42185,20,,,0,15,,42186,20,,,0,55,,42187,20,,,0,15,,42188,20,,,0,15,,42189,20,,,0,15,,42190,20,,,0,56,,42191,20,,,0,15,,42192,20,,,0,15,,42193,20,,,0,15,,42194,20,,,0,54,,42195,20,,,0,15,,42196,20,,,0,15,,42197,20,,,0,15,,42198,20,,,0,55,,42199,20,,,0,15,,42200,20,,,0,16,,42201,20,,,0,15,,42202,20,,,0,54,,42203,20,,,0,15,,42204,20,,,0,15,,42205,20,,,0,16,,42206,20,,,0,55,,42207,20,,,0,15,,42208,20,,,0,15,,42209,20,,,0,15,,42210,20,,,0,55,,42211,20,,,0,15,,42212,20,,,0,15,,42213,20,,,0,15,,42214,20,,,0,55,,42215,20,,,0,15,,42216,20,,,0,15,,42217,20,,,0,15,,42218,20,,,0,55,,42219,20,,,0,15,,42220,20,,,0,14,,42221,20,,,0,15,,42222,20,,,0,55,,42223,20,,,0,20,,42226,20,,,0,20,,42227,20,,,0,60,,42228,20,,,0,19,,42229,20,,,0,20,,42224,20,,,0,60,,42225,20,,,0
2000000,'5_5',700,,42235,20,,,0,24,,42232,20,,,0,17,,42237,20,,,0,15,,42230,20,,,0,55,,42234,20,,,0,15,,42231,20,,,0,15,,42236,20,,,0,15,,42233,20,,,0,55,,42238,20,,,0,15,,42239,20,,,0,15,,42240,20,,,0,15,,42241,20,,,0,55,,42242,20,,,0,15,,42243,20,,,0,15,,42244,20,,,0,15,,42245,20,,,0,56,,42246,20,,,0,15,,42247,20,,,0,15,,42248,20,,,0,15,,42249,20,,,0,54,,42250,20,,,0,15,,42251,20,,,0,15,,42252,20,,,0,15,,42253,20,,,0,55,,42254,20,,,0,15,,42255,20,,,0,16,,42256,20,,,0,15,,42257,20,,,0,54,,42258,20,,,0,15,,42259,20,,,0,15,,42260,20,,,0,16,,42261,20,,,0,55,,42262,20,,,0,15,,42263,20,,,0,15,,42264,20,,,0,15,,42265,20,,,0,55,,42266,20,,,0,15,,42267,20,,,0,15,,42268,20,,,0,15,,42269,20,,,0,55,,42270,20,,,0,15,,42271,20,,,0,15,,42272,20,,,0,15,,42273,20,,,0,55,,42274,20,,,0,15,,42275,20,,,0,14,,42276,20,,,0,15,,42277,20,,,0,55,,42278,20,,,0,20,,42281,20,,,0,20,,42282,20,,,0,60,,42283,20,,,0,19,,42284,20,,,0,20,,42279,20,,,0,60,,42280,20,,,0
2000000,'6_1',700,,42290,20,,,0,24,,42287,20,,,0,17,,42292,20,,,0,15,,42285,20,,,0,55,,42289,20,,,0,15,,42286,20,,,0,15,,42291,20,,,0,15,,42288,20,,,0,55,,42293,20,,,0,15,,42294,20,,,0,15,,42295,20,,,0,15,,42296,20,,,0,55,,42297,20,,,0,15,,42298,20,,,0,15,,42299,20,,,0,15,,42300,20,,,0,56,,42301,20,,,0,15,,42302,20,,,0,15,,42303,20,,,0,15,,42304,20,,,0,54,,42305,20,,,0,15,,42306,20,,,0,15,,42307,20,,,0,15,,42308,20,,,0,55,,42309,20,,,0,15,,42310,20,,,0,16,,42311,20,,,0,15,,42312,20,,,0,54,,42313,20,,,0,15,,42314,20,,,0,15,,42315,20,,,0,16,,42316,20,,,0,55,,42317,20,,,0,15,,42318,20,,,0,15,,42319,20,,,0,15,,42320,20,,,0,55,,42321,20,,,0,15,,42322,20,,,0,15,,42323,20,,,0,15,,42324,20,,,0,55,,42325,20,,,0,15,,42326,20,,,0,15,,42327,20,,,0,15,,42328,20,,,0,55,,42329,20,,,0,15,,42330,20,,,0,14,,42331,20,,,0,15,,42332,20,,,0,55,,42333,20,,,0,20,,42336,20,,,0,20,,42337,20,,,0,60,,42338,20,,,0,19,,42339,20,,,0,20,,42334,20,,,0,60,,42335,20,,,0
2000000,'6_2',700,,45754,20,,,0,24,,45751,20,,,0,17,,45756,20,,,0,15,,45749,20,,,0,55,,45753,20,,,0,15,,45750,20,,,0,15,,45755,20,,,0,15,,45752,20,,,0,55,,45757,20,,,0,15,,45758,20,,,0,15,,45759,20,,,0,15,,45760,20,,,0,55,,45761,20,,,0,15,,45762,20,,,0,15,,45763,20,,,0,15,,45764,20,,,0,56,,45765,20,,,0,15,,45766,20,,,0,15,,45767,20,,,0,15,,45768,20,,,0,54,,45769,20,,,0,15,,45770,20,,,0,15,,45771,20,,,0,15,,45772,20,,,0,55,,45773,20,,,0,15,,45774,20,,,0,16,,45775,20,,,0,15,,45776,20,,,0,54,,45777,20,,,0,15,,45778,20,,,0,15,,45779,20,,,0,16,,45780,20,,,0,55,,45781,20,,,0,15,,45782,20,,,0,15,,45783,20,,,0,15,,45784,20,,,0,55,,45785,20,,,0,15,,45786,20,,,0,15,,45787,20,,,0,15,,45788,20,,,0,55,,45789,20,,,0,15,,45790,20,,,0,15,,45791,20,,,0,15,,45792,20,,,0,55,,45793,20,,,0,15,,45794,20,,,0,14,,45795,20,,,0,15,,45796,20,,,0,55,,45797,20,,,0,20,,45800,20,,,0,20,,45801,20,,,0,60,,45802,20,,,0,19,,45803,20,,,0,20,,45798,20,,,0,60,,45799,20,,,0
2000000,'6_3',700,,45809,20,,,0,24,,45806,20,,,0,17,,45811,20,,,0,15,,45804,20,,,0,55,,45808,20,,,0,15,,45805,20,,,0,15,,45810,20,,,0,15,,45807,20,,,0,55,,45812,20,,,0,15,,45813,20,,,0,15,,45814,20,,,0,15,,45815,20,,,0,55,,45816,20,,,0,15,,45817,20,,,0,15,,45818,20,,,0,15,,45819,20,,,0,56,,45820,20,,,0,15,,45821,20,,,0,15,,45822,20,,,0,15,,45823,20,,,0,54,,45824,20,,,0,15,,45825,20,,,0,15,,45826,20,,,0,15,,45827,20,,,0,55,,45828,20,,,0,15,,45829,20,,,0,16,,45830,20,,,0,15,,45831,20,,,0,54,,45832,20,,,0,15,,45833,20,,,0,15,,45834,20,,,0,16,,45835,20,,,0,55,,45836,20,,,0,15,,45837,20,,,0,15,,45838,20,,,0,15,,45839,20,,,0,55,,45840,20,,,0,15,,45841,20,,,0,15,,45842,20,,,0,15,,45843,20,,,0,55,,45844,20,,,0,15,,45845,20,,,0,15,,45846,20,,,0,15,,45847,20,,,0,55,,45848,20,,,0,15,,45849,20,,,0,14,,45850,20,,,0,15,,45851,20,,,0,55,,45852,20,,,0,20,,45855,20,,,0,20,,45856,20,,,0,60,,45857,20,,,0,19,,45858,20,,,0,20,,45853,20,,,0,60,,45854,20,,,0
2000000,'6_4',700,,45864,20,,,0,24,,45861,20,,,0,17,,45866,20,,,0,15,,45859,20,,,0,55,,45863,20,,,0,15,,45860,20,,,0,15,,45865,20,,,0,15,,45862,20,,,0,55,,45867,20,,,0,15,,45868,20,,,0,15,,45869,20,,,0,15,,45870,20,,,0,55,,45871,20,,,0,15,,45872,20,,,0,15,,45873,20,,,0,15,,45874,20,,,0,56,,45875,20,,,0,15,,45876,20,,,0,15,,45877,20,,,0,15,,45878,20,,,0,54,,45879,20,,,0,15,,45880,20,,,0,15,,45881,20,,,0,15,,45882,20,,,0,55,,45883,20,,,0,15,,45884,20,,,0,16,,45885,20,,,0,15,,45886,20,,,0,54,,45887,20,,,0,15,,45888,20,,,0,15,,45889,20,,,0,16,,45890,20,,,0,55,,45891,20,,,0,15,,45892,20,,,0,15,,45893,20,,,0,15,,45894,20,,,0,55,,45895,20,,,0,15,,45896,20,,,0,15,,45897,20,,,0,15,,45898,20,,,0,55,,45899,20,,,0,15,,45900,20,,,0,15,,45901,20,,,0,15,,45902,20,,,0,55,,45903,20,,,0,15,,45904,20,,,0,14,,45905,20,,,0,15,,45906,20,,,0,55,,45907,20,,,0,20,,45910,20,,,0,20,,45911,20,,,0,60,,45912,20,,,0,19,,45913,20,,,0,20,,45908,20,,,0,60,,45909,20,,,0
2900500,'5_1',727,,38176,16,4,,0,105,,38177,16,4,,0
2900500,'5_2',727,,42615,16,4,,0,105,,42616,16,4,,0
2900500,'5_3',727,,42617,16,4,,0,105,,42618,16,4,,0
2900500,'5_4',727,,42619,16,4,,0,105,,42620,16,4,,0
2900500,'5_5',727,,42621,16,4,,0,105,,42622,16,4,,0
2900500,'6_1',727,,42623,16,4,,0,105,,42624,16,4,,0
2900500,'6_2',727,,46079,16,4,,0,105,,46080,16,4,,0
2900500,'6_3',727,,46081,16,4,,0,105,,46082,16,4,,0
2900500,'6_4',727,,46083,16,4,,0,105,,46084,16,4,,0
3000000,'2_6',649,,36384,16,,,0,82,,36385,16,,,0,81,,36386,16,,,0,30,,36387,16,,,0,60,,36388,16,,,0,20,,36389,16,,,0,21,,36390,16,,,0,60,,36391,16,,,0,20,,36392,16,,,0,20,,36393,16,,,0,61,,36394,16,,,0,19,,36395,16,,,0,20,,36396,16,,,0,60,,36397,16,,,0,19,,36398,16,,,0,19,,36399,16,,,0,60,,36400,16,,,0,20,,36401,16,,,0,21,,36402,16,,,0,59,,36403,16,,,0,21,,36404,16,,,0,20,,36405,16,,,0,61,,36406,16,,,0,20,,36407,16,,,0,20,,36408,16,,,0,60,,36409,16,,,0,20,,36410,16,,,0,20,,36411,16,,,0,60,,36412,16,,,0,20,,36413,16,,,0,20,,36414,16,,,0,60,,36415,16,,,0,19,,36416,16,,,0,19,,36417,16,,,0,59,,36418,16,,,0,30,,36419,16,,,0,70,,36420,16,,,0,29,,36421,16,,,0,29,,36422,16,,,0
3000000,'3_7',810,,36423,16,,,0,130,,36424,16,,,0,170,,36425,16,,,0,130,,36426,16,,,0,170,,36427,16,,,0,130,,36428,16,,,0,170,,36429,16,,,0,129,,36430,16,,,0,170,,36431,16,,,0
3000000,'5_1',645,,38226,16,,,0,60,,38225,16,,,0,21,,38185,16,,,0,20,,38186,16,,,0,60,,38187,16,,,0,20,,38188,16,,,0,20,,38189,16,,,0,61,,38190,16,,,0,20,,38191,16,,,0,20,,38192,16,,,0,61,,38193,16,,,0,20,,38194,16,,,0,20,,38195,16,,,0,61,,38196,16,,,0,20,,38197,16,,,0,20,,38198,16,,,0,59,,38199,16,,,0,19,,38200,16,,,0,20,,38201,16,,,0,60,,38202,16,,,0,22,,38203,16,,,0,20,,38204,16,,,0,59,,38205,16,,,0,20,,38206,16,,,0,20,,38207,16,,,0,60,,38208,16,,,0,20,,38209,16,,,0,20,,38210,16,,,0,60,,38211,16,,,0,19,,38212,16,,,0,20,,38213,16,,,0,61,,38214,16,,,0,20,,38215,16,,,0,21,,38216,16,,,0,60,,38217,16,,,0,20,,38218,16,,,0,18,,38219,16,,,0,59,,38220,16,,,0,18,,38221,16,,,0,29,,38222,16,,,0,72,,38223,16,,,0,33,,38224,16,,,0
3000000,'5_2',645,,42701,16,,,0,60,,42700,16,,,0,21,,42660,16,,,0,20,,42661,16,,,0,60,,42662,16,,,0,20,,42663,16,,,0,20,,42664,16,,,0,61,,42665,16,,,0,20,,42666,16,,,0,20,,42667,16,,,0,61,,42668,16,,,0,20,,42669,16,,,0,20,,42670,16,,,0,61,,42671,16,,,0,20,,42672,16,,,0,20,,42673,16,,,0,59,,42674,16,,,0,19,,42675,16,,,0,20,,42676,16,,,0,60,,42677,16,,,0,22,,42678,16,,,0,20,,42679,16,,,0,59,,42680,16,,,0,20,,42681,16,,,0,20,,42682,16,,,0,60,,42683,16,,,0,20,,42684,16,,,0,20,,42685,16,,,0,60,,42686,16,,,0,19,,42687,16,,,0,20,,42688,16,,,0,61,,42689,16,,,0,20,,42690,16,,,0,21,,42691,16,,,0,60,,42692,16,,,0,20,,42693,16,,,0,18,,42694,16,,,0,59,,42695,16,,,0,18,,42696,16,,,0,29,,42697,16,,,0,72,,42698,16,,,0,33,,42699,16,,,0
3000000,'5_3',645,,42743,16,,,0,60,,42742,16,,,0,21,,42702,16,,,0,20,,42703,16,,,0,60,,42704,16,,,0,20,,42705,16,,,0,20,,42706,16,,,0,61,,42707,16,,,0,20,,42708,16,,,0,20,,42709,16,,,0,61,,42710,16,,,0,20,,42711,16,,,0,20,,42712,16,,,0,61,,42713,16,,,0,20,,42714,16,,,0,20,,42715,16,,,0,59,,42716,16,,,0,19,,42717,16,,,0,20,,42718,16,,,0,60,,42719,16,,,0,22,,42720,16,,,0,20,,42721,16,,,0,59,,42722,16,,,0,20,,42723,16,,,0,20,,42724,16,,,0,60,,42725,16,,,0,20,,42726,16,,,0,20,,42727,16,,,0,60,,42728,16,,,0,19,,42729,16,,,0,20,,42730,16,,,0,61,,42731,16,,,0,20,,42732,16,,,0,21,,42733,16,,,0,60,,42734,16,,,0,20,,42735,16,,,0,18,,42736,16,,,0,59,,42737,16,,,0,18,,42738,16,,,0,29,,42739,16,,,0,72,,42740,16,,,0,33,,42741,16,,,0
3000000,'5_4',645,,42785,16,,,0,60,,42784,16,,,0,21,,42744,16,,,0,20,,42745,16,,,0,60,,42746,16,,,0,20,,42747,16,,,0,20,,42748,16,,,0,61,,42749,16,,,0,20,,42750,16,,,0,20,,42751,16,,,0,61,,42752,16,,,0,20,,42753,16,,,0,20,,42754,16,,,0,61,,42755,16,,,0,20,,42756,16,,,0,20,,42757,16,,,0,59,,42758,16,,,0,19,,42759,16,,,0,20,,42760,16,,,0,60,,42761,16,,,0,22,,42762,16,,,0,20,,42763,16,,,0,59,,42764,16,,,0,20,,42765,16,,,0,20,,42766,16,,,0,60,,42767,16,,,0,20,,42768,16,,,0,20,,42769,16,,,0,60,,42770,16,,,0,19,,42771,16,,,0,20,,42772,16,,,0,61,,42773,16,,,0,20,,42774,16,,,0,21,,42775,16,,,0,60,,42776,16,,,0,20,,42777,16,,,0,18,,42778,16,,,0,59,,42779,16,,,0,18,,42780,16,,,0,29,,42781,16,,,0,72,,42782,16,,,0,33,,42783,16,,,0
3000000,'5_5',645,,42827,16,,,0,60,,42826,16,,,0,21,,42786,16,,,0,20,,42787,16,,,0,60,,42788,16,,,0,20,,42789,16,,,0,20,,42790,16,,,0,61,,42791,16,,,0,20,,42792,16,,,0,20,,42793,16,,,0,61,,42794,16,,,0,20,,42795,16,,,0,20,,42796,16,,,0,61,,42797,16,,,0,20,,42798,16,,,0,20,,42799,16,,,0,59,,42800,16,,,0,19,,42801,16,,,0,20,,42802,16,,,0,60,,42803,16,,,0,22,,42804,16,,,0,20,,42805,16,,,0,59,,42806,16,,,0,20,,42807,16,,,0,20,,42808,16,,,0,60,,42809,16,,,0,20,,42810,16,,,0,20,,42811,16,,,0,60,,42812,16,,,0,19,,42813,16,,,0,20,,42814,16,,,0,61,,42815,16,,,0,20,,42816,16,,,0,21,,42817,16,,,0,60,,42818,16,,,0,20,,42819,16,,,0,18,,42820,16,,,0,59,,42821,16,,,0,18,,42822,16,,,0,29,,42823,16,,,0,72,,42824,16,,,0,33,,42825,16,,,0
3000000,'6_1',645,,42869,16,,,0,60,,42868,16,,,0,21,,42828,16,,,0,20,,42829,16,,,0,60,,42830,16,,,0,20,,42831,16,,,0,20,,42832,16,,,0,61,,42833,16,,,0,20,,42834,16,,,0,20,,42835,16,,,0,61,,42836,16,,,0,20,,42837,16,,,0,20,,42838,16,,,0,61,,42839,16,,,0,20,,42840,16,,,0,20,,42841,16,,,0,59,,42842,16,,,0,19,,42843,16,,,0,20,,42844,16,,,0,60,,42845,16,,,0,22,,42846,16,,,0,20,,42847,16,,,0,59,,42848,16,,,0,20,,42849,16,,,0,20,,42850,16,,,0,60,,42851,16,,,0,20,,42852,16,,,0,20,,42853,16,,,0,60,,42854,16,,,0,19,,42855,16,,,0,20,,42856,16,,,0,61,,42857,16,,,0,20,,42858,16,,,0,21,,42859,16,,,0,60,,42860,16,,,0,20,,42861,16,,,0,18,,42862,16,,,0,59,,42863,16,,,0,18,,42864,16,,,0,29,,42865,16,,,0,72,,42866,16,,,0,33,,42867,16,,,0
3000000,'6_2',645,,46147,16,,,0,60,,46146,16,,,0,21,,46106,16,,,0,20,,46107,16,,,0,60,,46108,16,,,0,20,,46109,16,,,0,20,,46110,16,,,0,61,,46111,16,,,0,20,,46112,16,,,0,20,,46113,16,,,0,61,,46114,16,,,0,20,,46115,16,,,0,20,,46116,16,,,0,61,,46117,16,,,0,20,,46118,16,,,0,20,,46119,16,,,0,59,,46120,16,,,0,19,,46121,16,,,0,20,,46122,16,,,0,60,,46123,16,,,0,22,,46124,16,,,0,20,,46125,16,,,0,59,,46126,16,,,0,20,,46127,16,,,0,20,,46128,16,,,0,60,,46129,16,,,0,20,,46130,16,,,0,20,,46131,16,,,0,60,,46132,16,,,0,19,,46133,16,,,0,20,,46134,16,,,0,61,,46135,16,,,0,20,,46136,16,,,0,21,,46137,16,,,0,60,,46138,16,,,0,20,,46139,16,,,0,18,,46140,16,,,0,59,,46141,16,,,0,18,,46142,16,,,0,29,,46143,16,,,0,72,,46144,16,,,0,33,,46145,16,,,0
3000000,'6_3',645,,46189,16,,,0,60,,46188,16,,,0,21,,46148,16,,,0,20,,46149,16,,,0,60,,46150,16,,,0,20,,46151,16,,,0,20,,46152,16,,,0,61,,46153,16,,,0,20,,46154,16,,,0,20,,46155,16,,,0,61,,46156,16,,,0,20,,46157,16,,,0,20,,46158,16,,,0,61,,46159,16,,,0,20,,46160,16,,,0,20,,46161,16,,,0,59,,46162,16,,,0,19,,46163,16,,,0,20,,46164,16,,,0,60,,46165,16,,,0,22,,46166,16,,,0,20,,46167,16,,,0,59,,46168,16,,,0,20,,46169,16,,,0,20,,46170,16,,,0,60,,46171,16,,,0,20,,46172,16,,,0,20,,46173,16,,,0,60,,46174,16,,,0,19,,46175,16,,,0,20,,46176,16,,,0,61,,46177,16,,,0,20,,46178,16,,,0,21,,46179,16,,,0,60,,46180,16,,,0,20,,46181,16,,,0,18,,46182,16,,,0,59,,46183,16,,,0,18,,46184,16,,,0,29,,46185,16,,,0,72,,46186,16,,,0,33,,46187,16,,,0
3000000,'6_4',645,,46231,16,,,0,60,,46230,16,,,0,21,,46190,16,,,0,20,,46191,16,,,0,60,,46192,16,,,0,20,,46193,16,,,0,20,,46194,16,,,0,61,,46195,16,,,0,20,,46196,16,,,0,20,,46197,16,,,0,61,,46198,16,,,0,20,,46199,16,,,0,20,,46200,16,,,0,61,,46201,16,,,0,20,,46202,16,,,0,20,,46203,16,,,0,59,,46204,16,,,0,19,,46205,16,,,0,20,,46206,16,,,0,60,,46207,16,,,0,22,,46208,16,,,0,20,,46209,16,,,0,59,,46210,16,,,0,20,,46211,16,,,0,20,,46212,16,,,0,60,,46213,16,,,0,20,,46214,16,,,0,20,,46215,16,,,0,60,,46216,16,,,0,19,,46217,16,,,0,20,,46218,16,,,0,61,,46219,16,,,0,20,,46220,16,,,0,21,,46221,16,,,0,60,,46222,16,,,0,20,,46223,16,,,0,18,,46224,16,,,0,59,,46225,16,,,0,18,,46226,16,,,0,29,,46227,16,,,0,72,,46228,16,,,0,33,,46229,16,,,0
