201,'2509-HIV-25j05H-d-Dimanche-00',906,,8833,4,,0,125,,8834,4,,0,125,,8835,4,,0,165,,8836,4,,0,110,,8837,4,,0,125,,8838,4,,0,165,,8839,4,,0,125,,8840,4,,0
201,'2509-HIV-25j26H-d-Dimanche-00',906,,8853,4,,0,125,,8854,4,,0,125,,8855,4,,0,165,,8856,4,,0,110,,8857,4,,0,125,,8858,4,,0,165,,8859,4,,0,125,,8860,4,,0
201,'2509-HIV-25k03H-s-Samedi-00',813,,8885,4,,0,30,,8874,4,,0,175,,8887,4,,0,106,,8888,4,,0,124,,8901,4,,0,70,,8878,4,,0,102,,8879,4,,0,128,,8892,4,,0,100,,8893,4,,0,90,,8882,4,,0,103,,8883,4,,0,98,,8884,4,,0,68,,8908,4,,0
201,'2509-HIV-25l22Vlv-Semaine-00',800,,8937,4,,0,13,,8944,4,,0,30,,8941,4,,0,103,,8942,4,,0,109,,8934,4,,0,149,,8932,4,,0,54,,8936,4,,0,95,,8929,4,,0,86,,8926,4,,0,96,,8930,4,,0,100,,8920,4,,0,65,,8919,4,,0,36,,8921,4,,0,67,,8915,4,,0,27,,8916,4,,0,70,,8917,4,,0,34,,8910,4,,0,83,,8909,4,,0
201,'2509-HIV-26a05H-s-Samedi-00',813,,8960,4,,0,30,,8949,4,,0,175,,8962,4,,0,106,,8963,4,,0,124,,8976,4,,0,70,,8953,4,,0,102,,8954,4,,0,128,,8967,4,,0,100,,8968,4,,0,90,,8957,4,,0,103,,8958,4,,0,98,,8959,4,,0,68,,8983,4,,0
201,'2509-HIV-26a05H-w-Mercredi-00',758,,9018,4,,0,53,,9022,4,,0,31,,8987,4,,0,102,,8988,4,,0,110,,8992,4,,0,149,,8993,4,,0,55,,9020,4,,0,95,,9008,4,,0,86,,9001,4,,0,95,,9009,4,,0,101,,9002,4,,0,65,,8994,4,,0,37,,9010,4,,0,67,,9011,4,,0,27,,9012,4,,0,69,,9013,4,,0,33,,8995,4,,0,82,,8996,4,,0
201,'2509-HIV-26a05H-w-Mercredi-00-0010000',1238,,9023,4,,0
201,'2509-HIV-26a05Hlv-L-Ma-J-V-00',758,,9058,4,,0,53,,9062,4,,0,31,,9027,4,,0,102,,9028,4,,0,110,,9032,4,,0,149,,9033,4,,0,55,,9060,4,,0,95,,9048,4,,0,86,,9041,4,,0,95,,9049,4,,0,101,,9042,4,,0,65,,9034,4,,0,37,,9050,4,,0,67,,9051,4,,0,27,,9052,4,,0,69,,9053,4,,0,33,,9035,4,,0,82,,9036,4,,0
201,'2509-HIV-26b23Vlv-Semaine-00',800,,9091,4,,0,13,,9098,4,,0,30,,9095,4,,0,103,,9096,4,,0,109,,9088,4,,0,149,,9086,4,,0,54,,9090,4,,0,95,,9083,4,,0,86,,9080,4,,0,96,,9084,4,,0,100,,9074,4,,0,65,,9073,4,,0,36,,9075,4,,0,67,,9069,4,,0,27,,9070,4,,0,70,,9071,4,,0,34,,9064,4,,0,83,,9063,4,,0
201,'2509-HIV-26c02Vlv-Semaine-00',800,,9130,4,,0,13,,9137,4,,0,30,,9134,4,,0,103,,9135,4,,0,109,,9127,4,,0,149,,9125,4,,0,54,,9129,4,,0,95,,9122,4,,0,86,,9119,4,,0,96,,9123,4,,0,100,,9113,4,,0,65,,9112,4,,0,36,,9114,4,,0,67,,9108,4,,0,27,,9109,4,,0,70,,9110,4,,0,34,,9103,4,,0,83,,9102,4,,0
