1000001,'0_6',730,,69466,1,,,0,82,,69474,1,,,0,46,,69477,1,,,0,84,,69480,1,,,0,88,,69483,1,,,0,71,,69485,1,,,0,48,,69488,1,,,0,87,,69491,1,,,0,84,,69494,1,,,0,30,,69496,1,,,0,88,,69499,1,,,0,88,,69502,1,,,0,88,,69505,1,,,0,31,,69507,1,,,0,88,,69510,1,,,0,90,,69513,1,,,0,31,,69471,1,,,0
1000001,'2_1',714,,69534,1,,,0,14,,69537,1,,,0,15,,69538,1,,,0,14,,69539,1,,,0,54,,69540,1,,,0,16,,69541,1,,,0,14,,69542,1,,,0,15,,69543,1,,,0,70,,69568,1,,,0,31,,69569,1,,,0,71,,69570,1,,,0,72,,69571,1,,,0,32,,69572,1,,,0,71,,69573,1,,,0,33,,69574,1,,,0,70,,69575,1,,,0,30,,69576,1,,,0,72,,69577,1,,,0,31,,69578,1,,,0,68,,69579,1,,,0,28,,69580,1,,,0,69,,69581,1,,,0,14,,69563,1,,,0,14,,69582,1,,,0,14,,69564,1,,,0,55,,69583,1,,,0,15,,69565,1,,,0,15,,69584,1,,,0,15,,69566,1,,,0,55,,69585,1,,,0,16,,69567,1,,,0,15,,69535,1,,,0,18,,69586,1,,,0,79,,69587,1,,,0
1000001,'2_2',714,,69596,1,,,0,14,,69599,1,,,0,15,,69600,1,,,0,14,,69601,1,,,0,54,,69602,1,,,0,16,,69603,1,,,0,14,,69604,1,,,0,15,,69605,1,,,0,70,,69630,1,,,0,31,,69631,1,,,0,71,,69632,1,,,0,72,,69633,1,,,0,32,,69634,1,,,0,71,,69635,1,,,0,33,,69636,1,,,0,70,,69637,1,,,0,30,,69638,1,,,0,72,,69639,1,,,0,31,,69640,1,,,0,68,,69641,1,,,0,28,,69642,1,,,0,69,,69643,1,,,0,14,,69625,1,,,0,14,,69644,1,,,0,14,,69626,1,,,0,55,,69645,1,,,0,15,,69627,1,,,0,15,,69646,1,,,0,15,,69628,1,,,0,55,,69647,1,,,0,16,,69629,1,,,0,15,,69597,1,,,0,18,,69648,1,,,0,79,,69649,1,,,0
1000001,'2_3',714,,69658,1,,,0,14,,69661,1,,,0,15,,69662,1,,,0,14,,69663,1,,,0,54,,69664,1,,,0,16,,69665,1,,,0,14,,69666,1,,,0,15,,69667,1,,,0,70,,69692,1,,,0,31,,69693,1,,,0,71,,69694,1,,,0,72,,69695,1,,,0,32,,69696,1,,,0,71,,69697,1,,,0,33,,69698,1,,,0,70,,69699,1,,,0,30,,69700,1,,,0,72,,69701,1,,,0,31,,69702,1,,,0,68,,69703,1,,,0,28,,69704,1,,,0,69,,69705,1,,,0,14,,69687,1,,,0,14,,69706,1,,,0,14,,69688,1,,,0,55,,69707,1,,,0,15,,69689,1,,,0,15,,69708,1,,,0,15,,69690,1,,,0,55,,69709,1,,,0,16,,69691,1,,,0,15,,69659,1,,,0,18,,69710,1,,,0,79,,69711,1,,,0
1000001,'2_4',714,,69720,1,,,0,14,,69723,1,,,0,15,,69724,1,,,0,14,,69725,1,,,0,54,,69726,1,,,0,16,,69727,1,,,0,14,,69728,1,,,0,15,,69729,1,,,0,70,,69754,1,,,0,31,,69755,1,,,0,71,,69756,1,,,0,72,,69757,1,,,0,32,,69758,1,,,0,71,,69759,1,,,0,33,,69760,1,,,0,70,,69761,1,,,0,30,,69762,1,,,0,72,,69763,1,,,0,31,,69764,1,,,0,68,,69765,1,,,0,28,,69766,1,,,0,69,,69767,1,,,0,14,,69749,1,,,0,14,,69768,1,,,0,14,,69750,1,,,0,55,,69769,1,,,0,15,,69751,1,,,0,15,,69770,1,,,0,15,,69752,1,,,0,55,,69771,1,,,0,16,,69753,1,,,0,15,,69721,1,,,0,18,,69772,1,,,0,79,,69773,1,,,0
1000001,'2_5',714,,69782,1,,,0,14,,69785,1,,,0,15,,69786,1,,,0,14,,69787,1,,,0,54,,69788,1,,,0,16,,69789,1,,,0,14,,69790,1,,,0,15,,69791,1,,,0,70,,69816,1,,,0,31,,69817,1,,,0,71,,69818,1,,,0,72,,69819,1,,,0,32,,69820,1,,,0,71,,69821,1,,,0,33,,69822,1,,,0,70,,69823,1,,,0,30,,69824,1,,,0,72,,69825,1,,,0,31,,69826,1,,,0,68,,69827,1,,,0,28,,69828,1,,,0,69,,69829,1,,,0,14,,69811,1,,,0,14,,69830,1,,,0,14,,69812,1,,,0,55,,69831,1,,,0,15,,69813,1,,,0,15,,69832,1,,,0,15,,69814,1,,,0,55,,69833,1,,,0,16,,69815,1,,,0,15,,69783,1,,,0,18,,69834,1,,,0,79,,69835,1,,,0
1000001,'3_1',714,,69844,1,,,0,14,,69847,1,,,0,15,,69848,1,,,0,14,,69849,1,,,0,54,,69850,1,,,0,16,,69851,1,,,0,14,,69852,1,,,0,15,,69853,1,,,0,70,,69878,1,,,0,31,,69879,1,,,0,71,,69880,1,,,0,72,,69881,1,,,0,32,,69882,1,,,0,71,,69883,1,,,0,33,,69884,1,,,0,70,,69885,1,,,0,30,,69886,1,,,0,72,,69887,1,,,0,31,,69888,1,,,0,68,,69889,1,,,0,28,,69890,1,,,0,69,,69891,1,,,0,14,,69873,1,,,0,14,,69892,1,,,0,14,,69874,1,,,0,55,,69893,1,,,0,15,,69875,1,,,0,15,,69894,1,,,0,15,,69876,1,,,0,55,,69895,1,,,0,16,,69877,1,,,0,15,,69845,1,,,0,18,,69896,1,,,0,79,,69897,1,,,0
1000001,'3_3',714,,69906,1,,,0,14,,69909,1,,,0,15,,69910,1,,,0,14,,69911,1,,,0,54,,69912,1,,,0,16,,69913,1,,,0,14,,69914,1,,,0,15,,69915,1,,,0,70,,69940,1,,,0,31,,69941,1,,,0,71,,69942,1,,,0,72,,69943,1,,,0,32,,69944,1,,,0,71,,69945,1,,,0,33,,69946,1,,,0,70,,69947,1,,,0,30,,69948,1,,,0,72,,69949,1,,,0,31,,69950,1,,,0,68,,69951,1,,,0,28,,69952,1,,,0,69,,69953,1,,,0,14,,69935,1,,,0,14,,69954,1,,,0,14,,69936,1,,,0,55,,69955,1,,,0,15,,69937,1,,,0,15,,69956,1,,,0,15,,69938,1,,,0,55,,69957,1,,,0,16,,69939,1,,,0,15,,69907,1,,,0,18,,69958,1,,,0,79,,69959,1,,,0
1000001,'3_4',714,,69968,1,,,0,14,,69971,1,,,0,15,,69972,1,,,0,14,,69973,1,,,0,54,,69974,1,,,0,16,,69975,1,,,0,14,,69976,1,,,0,15,,69977,1,,,0,70,,70002,1,,,0,31,,70003,1,,,0,71,,70004,1,,,0,72,,70005,1,,,0,32,,70006,1,,,0,71,,70007,1,,,0,33,,70008,1,,,0,70,,70009,1,,,0,30,,70010,1,,,0,72,,70011,1,,,0,31,,70012,1,,,0,68,,70013,1,,,0,28,,70014,1,,,0,69,,70015,1,,,0,14,,69997,1,,,0,14,,70016,1,,,0,14,,69998,1,,,0,55,,70017,1,,,0,15,,69999,1,,,0,15,,70018,1,,,0,15,,70000,1,,,0,55,,70019,1,,,0,16,,70001,1,,,0,15,,69969,1,,,0,18,,70020,1,,,0,79,,70021,1,,,0
1000001,'3_5',714,,70030,1,,,0,14,,70033,1,,,0,15,,70034,1,,,0,14,,70035,1,,,0,54,,70036,1,,,0,16,,70037,1,,,0,14,,70038,1,,,0,15,,70039,1,,,0,70,,70064,1,,,0,31,,70065,1,,,0,71,,70066,1,,,0,72,,70067,1,,,0,32,,70068,1,,,0,71,,70069,1,,,0,33,,70070,1,,,0,70,,70071,1,,,0,30,,70072,1,,,0,72,,70073,1,,,0,31,,70074,1,,,0,68,,70075,1,,,0,28,,70076,1,,,0,69,,70077,1,,,0,14,,70059,1,,,0,14,,70078,1,,,0,14,,70060,1,,,0,55,,70079,1,,,0,15,,70061,1,,,0,15,,70080,1,,,0,15,,70062,1,,,0,55,,70081,1,,,0,16,,70063,1,,,0,15,,70031,1,,,0,18,,70082,1,,,0,79,,70083,1,,,0
