601,'2509-HIV-25j05H-d-Dimanche-00',1011,,10334,,,0,295,,10335,,,0,210,,10336,,,0,215,,10337,,,0
601,'2509-HIV-25j26H-d-Dimanche-00',1011,,10338,,,0,295,,10339,,,0,210,,10340,,,0,215,,10341,,,0
601,'2509-HIV-25k03H-s-Samedi-00',753,,10342,,,0,90,,10344,,,0,96,,10345,,,0,92,,10346,,,0,89,,10347,,,0,88,,10348,,,0,48,,10349,,,0,90,,10350,,,0,89,,10351,,,0,88,,10352,,,0,100,,10353,,,0,92,,10354,,,0,94,,10355,,,0,45,,10356,,,0,90,,10343,,,0
601,'2509-HIV-25l22Vlv-Semaine-00',621,,10357,,,0,111,,10371,,,0,92,,10358,,,0,93,,10359,,,0,92,,10360,,,0,45,,10361,,,0,93,,10372,,,0,83,,10362,,,0,20,,10363,,,0,96,,10364,,,0,85,,10365,,,0,102,,10366,,,0,85,,10367,,,0,95,,10368,,,0,89,,10373,,,0,48,,10369,,,0,94,,10370,,,0
601,'2509-HIV-26a05H-s-Samedi-00',753,,10374,,,0,90,,10376,,,0,96,,10377,,,0,92,,10378,,,0,89,,10379,,,0,88,,10380,,,0,48,,10381,,,0,90,,10382,,,0,89,,10383,,,0,88,,10384,,,0,100,,10385,,,0,92,,10386,,,0,94,,10387,,,0,45,,10388,,,0,90,,10375,,,0
601,'2509-HIV-26a05H-w-Mercredi-00',623,,10389,,,0,108,,10402,,,0,95,,10390,,,0,103,,10391,,,0,99,,10392,,,0,100,,10393,,,0,124,,10394,,,0,82,,10395,,,0,104,,10396,,,0,94,,10397,,,0,82,,10403,,,0,38,,10398,,,0,80,,10404,,,0,26,,10399,,,0,68,,10405,,,0,26,,10400,,,0,94,,10401,,,0
601,'2509-HIV-26a05H-w-Mercredi-00-0010000',1233,,10406,,,0
601,'2509-HIV-26a05Hlv-L-Ma-J-V-00',623,,10407,,,0,108,,10420,,,0,95,,10408,,,0,103,,10409,,,0,99,,10410,,,0,100,,10411,,,0,124,,10412,,,0,82,,10413,,,0,104,,10414,,,0,94,,10415,,,0,82,,10421,,,0,38,,10416,,,0,80,,10422,,,0,26,,10417,,,0,68,,10423,,,0,26,,10418,,,0,94,,10419,,,0
601,'2509-HIV-26a05Hlv-L-Ma-J-V-00-1101100',1233,,10424,,,0
601,'2509-HIV-26b23Vlv-Semaine-00',621,,10425,,,0,111,,10439,,,0,92,,10426,,,0,93,,10427,,,0,92,,10428,,,0,45,,10429,,,0,93,,10440,,,0,83,,10430,,,0,20,,10431,,,0,96,,10432,,,0,85,,10433,,,0,102,,10434,,,0,85,,10435,,,0,95,,10436,,,0,89,,10441,,,0,48,,10437,,,0,94,,10438,,,0
601,'2509-HIV-26c02Vlv-Semaine-00',621,,10442,,,0,111,,10456,,,0,92,,10443,,,0,93,,10444,,,0,92,,10445,,,0,45,,10446,,,0,93,,10457,,,0,83,,10447,,,0,20,,10448,,,0,96,,10449,,,0,85,,10450,,,0,102,,10451,,,0,85,,10452,,,0,95,,10453,,,0,89,,10458,,,0,48,,10454,,,0,94,,10455,,,0
