500,'2_6',716,,31549,7,,,0,98,,31538,7,,,0,99,,31539,7,,,0,101,,31540,7,,,0,100,,31541,7,,,0,96,,31542,7,,,0,98,,31543,7,,,0,100,,31544,7,,,0,99,,31545,7,,,0,101,,31546,7,,,0,100,,31547,7,,,0,193,,31548,7,,,0
500,'5_5',816,,39631,7,,,0,105,,39632,7,,,0,100,,39633,7,,,0,105,,39634,7,,,0,101,,39635,7,,,0,84,,39636,7,,,0,94,,39637,7,,,0,100,,39638,7,,,0,101,,39639,7,,,0,106,,39640,7,,,0,104,,39641,7,,,0,100,,39642,7,,,0
500,'6_1',816,,39645,7,,,0,105,,39646,7,,,0,100,,39647,7,,,0,105,,39648,7,,,0,101,,39649,7,,,0,84,,39650,7,,,0,94,,39651,7,,,0,100,,39652,7,,,0,101,,39653,7,,,0,106,,39654,7,,,0,104,,39655,7,,,0,100,,39656,7,,,0
500,'6_2',816,,44260,7,,,0,105,,44261,7,,,0,100,,44262,7,,,0,105,,44263,7,,,0,101,,44264,7,,,0,84,,44265,7,,,0,94,,44266,7,,,0,100,,44267,7,,,0,101,,44268,7,,,0,106,,44269,7,,,0,104,,44270,7,,,0,100,,44271,7,,,0
500,'6_3',816,,44274,7,,,0,105,,44275,7,,,0,100,,44276,7,,,0,105,,44277,7,,,0,101,,44278,7,,,0,84,,44279,7,,,0,94,,44280,7,,,0,100,,44281,7,,,0,101,,44282,7,,,0,106,,44283,7,,,0,104,,44284,7,,,0,100,,44285,7,,,0
500,'6_4',816,,44288,7,,,0,105,,44289,7,,,0,100,,44290,7,,,0,105,,44291,7,,,0,101,,44292,7,,,0,84,,44293,7,,,0,94,,44294,7,,,0,100,,44295,7,,,0,101,,44296,7,,,0,106,,44297,7,,,0,104,,44298,7,,,0,100,,44299,7,,,0
500,'7_1',656,,46980,7,,,0,160,,46968,7,,,0,105,,46969,7,,,0,100,,46970,7,,,0,105,,46971,7,,,0,101,,46972,7,,,0,84,,46973,7,,,0,94,,46974,7,,,0,100,,46975,7,,,0,101,,46976,7,,,0,106,,46977,7,,,0,104,,46982,7,,,0,100,,46978,7,,,0
2900500,'5_5',656,,42621,7,,,0,147,,42622,7,,,0
2900500,'6_1',656,,42623,7,,,0,147,,42624,7,,,0
2900500,'6_2',656,,46079,7,,,0,147,,46080,7,,,0
2900500,'6_3',656,,46081,7,,,0,147,,46082,7,,,0
2900500,'6_4',656,,46083,7,,,0,147,,46084,7,,,0
2900500,'7_1',649,,47832,7,,,0,107,,47833,7,,,0
