601,'1_6',740,,16680,8,,,0,90,,16682,8,,,0,96,,16683,8,,,0,93,,16684,8,,,0,89,,16685,8,,,0,49,,16686,8,,,0,88,,16687,8,,,0,89,,16688,8,,,0,88,,16689,8,,,0,89,,16690,8,,,0,100,,16691,8,,,0,91,,16692,8,,,0,54,,16693,8,,,0,87,,16694,8,,,0,90,,16681,8,,,0
601,'5_1',610,,16695,8,,,0,108,,16708,8,,,0,96,,16696,8,,,0,102,,16697,8,,,0,99,,16698,8,,,0,100,,16699,8,,,0,101,,16712,8,,,0,24,,16700,8,,,0,80,,16701,8,,,0,104,,16702,8,,,0,94,,16703,8,,,0,39,,16709,8,,,0,79,,16704,9,,,0,76,,16710,8,,,0,28,,16705,9,,,0,73,,16711,9,,,0,27,,16706,8,,,0,94,,16707,8,,,0
601,'5_2',610,,16713,8,,,0,108,,16726,8,,,0,96,,16714,8,,,0,102,,16715,8,,,0,99,,16716,8,,,0,100,,16717,8,,,0,101,,16730,8,,,0,24,,16718,8,,,0,80,,16719,8,,,0,104,,16720,8,,,0,94,,16721,8,,,0,39,,16727,8,,,0,79,,16722,9,,,0,76,,16728,8,,,0,28,,16723,9,,,0,73,,16729,9,,,0,27,,16724,8,,,0,94,,16725,8,,,0
601,'5_4',610,,16731,8,,,0,108,,16744,8,,,0,96,,16732,8,,,0,102,,16733,8,,,0,99,,16734,8,,,0,100,,16735,8,,,0,101,,16748,8,,,0,24,,16736,8,,,0,80,,16737,8,,,0,104,,16738,8,,,0,94,,16739,8,,,0,39,,16745,8,,,0,79,,16740,9,,,0,76,,16746,8,,,0,28,,16741,9,,,0,73,,16747,9,,,0,27,,16742,8,,,0,94,,16743,8,,,0
601,'5_5',610,,16749,8,,,0,108,,16762,8,,,0,96,,16750,8,,,0,102,,16751,8,,,0,99,,16752,8,,,0,100,,16753,8,,,0,101,,16766,8,,,0,24,,16754,8,,,0,80,,16755,8,,,0,104,,16756,8,,,0,94,,16757,8,,,0,39,,16763,8,,,0,79,,16758,9,,,0,76,,16764,8,,,0,28,,16759,9,,,0,73,,16765,9,,,0,27,,16760,8,,,0,94,,16761,8,,,0
601,'6_3',610,,16767,8,,,0,108,,16781,8,,,0,96,,16768,8,,,0,102,,16769,8,,,0,99,,16770,8,,,0,100,,16771,8,,,0,101,,16772,9,,,0,24,,16773,8,,,0,80,,16774,8,,,0,104,,16775,8,,,0,94,,16776,8,,,0,39,,16782,8,,,0,79,,16777,9,,,0,76,,16783,8,,,0,28,,16778,9,,,0,73,,16784,9,,,0,27,,16779,8,,,0,94,,16780,8,,,0
901,'1_6',738,,17149,4,0,23 24,0,99,,17161,4,0,25,0,368,,17159,4,0,25,0,318,,17157,4,0,25,0,82,,17150,4,0,23 24,0,103,,17151,4,0,23 24,0,135,,17152,4,0,23 24,0,90,,17153,4,0,23 24,0
901,'5_1',738,,17162,4,0,26,0,66,,17163,4,0,27 28 29,0,102,,17168,4,0,23 24,0,152,,17169,4,0,23 24,0,147,,17164,4,0,27 28 29,0,34,,17173,4,,,0,105,,17170,4,0,23 24,0,111,,17171,4,0,23 24,0,150,,17165,4,0,27 28 29,0,21,,17176,4,,,0,79,,17166,4,0,27 28 29,0,100,,17167,4,0,27 28 29,0,128,,17177,4,,,0
901,'5_2',738,,17178,4,0,26,0,66,,17179,4,0,27 28 29,0,102,,17184,4,0,23 24,0,152,,17185,4,0,23 24,0,147,,17180,4,0,27 28 29,0,34,,17189,4,,,0,105,,17186,4,0,23 24,0,111,,17187,4,0,23 24,0,150,,17181,4,0,27 28 29,0,21,,17192,4,,,0,79,,17182,4,0,27 28 29,0,100,,17183,4,0,27 28 29,0,128,,17193,4,,,0
901,'5_4',738,,17194,4,0,26,0,66,,17195,4,0,27 28 29,0,102,,17200,4,0,23 24,0,152,,17201,4,0,23 24,0,147,,17196,4,0,27 28 29,0,34,,17205,4,,,0,105,,17202,4,0,23 24,0,111,,17203,4,0,23 24,0,150,,17197,4,0,27 28 29,0,21,,17208,4,,,0,79,,17198,4,0,27 28 29,0,100,,17199,4,0,27 28 29,0,128,,17209,4,,,0
901,'5_5',738,,17210,4,0,26,0,66,,17211,4,0,27 28 29,0,102,,17216,4,0,23 24,0,152,,17217,4,0,23 24,0,147,,17212,4,0,27 28 29,0,34,,17221,4,,,0,105,,17218,4,0,23 24,0,111,,17219,4,0,23 24,0,150,,17213,4,0,27 28 29,0,21,,17224,4,,,0,79,,17214,4,0,27 28 29,0,100,,17215,4,0,27 28 29,0,128,,17225,4,,,0
901,'6_3',738,,17226,4,0,26,0,66,,17227,4,0,27 28 29,0,102,,17232,4,0,23 24,0,152,,17233,4,0,23 24,0,147,,17228,4,0,27 28 29,0,34,,17237,4,,,0,105,,17234,4,0,23 24,0,111,,17235,4,0,23 24,0,150,,17229,4,0,27 28 29,0,21,,17240,4,,,0,79,,17230,4,0,27 28 29,0,100,,17231,4,0,27 28 29,0,128,,17241,4,,,0
1901,'5_1',1605,,17929,4,,,0,100,,17930,4,,,0,100,,17931,4,,,0
1901,'5_2',1605,,17938,4,,,0,100,,17939,4,,,0,100,,17940,4,,,0
1901,'5_4',1605,,17947,4,,,0,100,,17948,4,,,0,100,,17949,4,,,0
1901,'5_5',1605,,17956,4,,,0,100,,17957,4,,,0,100,,17958,4,,,0
1901,'6_3',1205,,17968,4,,,0,34,,17969,4,,,0
2601,'1_6',739,,18451,20,,,0,86,,18454,20,,,0,85,,18455,20,,,0,47,,18456,20,,,0,90,,18457,20,,,0,84,,18458,20,,,0,83,,18459,20,,,0,45,,18460,20,,,0,82,,18461,20,,,0,85,,18462,20,,,0,86,,18463,20,,,0,90,,18464,20,,,0,46,,18465,20,,,0,81,,18466,20,,,0,86,,18467,20,,,0,43,,18453,20,,,0,81,,18452,20,,,0
2601,'5_1',735,,18477,7,,,0,2,,18490,7,,,0,1,,18475,7,,,0,2,,18468,20,,,0,72,,18478,20,,,0,24,,18480,20,,,0,9,,18476,8,,,0,55,,18479,20,,,0,39,,18469,20,,,0,100,,18470,20,,,0,100,,18487,20,,,0,100,,18471,20,,,0,67,,18488,20,,,0,22,,18489,20,,,0,5,,18491,7,,,0,87,,18472,20,,,0,95,,18473,20,,,0,114,,18482,20,,,0,89,,18483,20,,,0,27,,18484,20,,,0,89,,18485,20,,,0,22,,18486,20,,,0,93,,18481,20,,,0
2601,'5_2',735,,18501,7,,,0,2,,18514,7,,,0,1,,18499,7,,,0,2,,18492,20,,,0,72,,18502,20,,,0,24,,18504,20,,,0,9,,18500,8,,,0,55,,18503,20,,,0,39,,18493,20,,,0,100,,18494,20,,,0,100,,18511,20,,,0,100,,18495,20,,,0,67,,18512,20,,,0,22,,18513,20,,,0,5,,18515,7,,,0,87,,18496,20,,,0,95,,18497,20,,,0,114,,18506,20,,,0,89,,18507,20,,,0,27,,18508,20,,,0,89,,18509,20,,,0,22,,18510,20,,,0,93,,18505,20,,,0
2601,'5_4',735,,18525,7,,,0,2,,18538,7,,,0,1,,18523,7,,,0,2,,18516,20,,,0,72,,18526,20,,,0,24,,18528,20,,,0,9,,18524,8,,,0,55,,18527,20,,,0,39,,18517,20,,,0,100,,18518,20,,,0,100,,18535,20,,,0,100,,18519,20,,,0,67,,18536,20,,,0,22,,18537,20,,,0,5,,18539,7,,,0,87,,18520,20,,,0,95,,18521,20,,,0,114,,18530,20,,,0,89,,18531,20,,,0,27,,18532,20,,,0,89,,18533,20,,,0,22,,18534,20,,,0,93,,18529,20,,,0
2601,'5_5',735,,18549,7,,,0,2,,18562,7,,,0,1,,18547,7,,,0,2,,18540,20,,,0,72,,18550,20,,,0,24,,18552,20,,,0,9,,18548,8,,,0,55,,18551,20,,,0,39,,18541,20,,,0,100,,18542,20,,,0,100,,18559,20,,,0,100,,18543,20,,,0,67,,18560,20,,,0,22,,18561,20,,,0,5,,18563,7,,,0,87,,18544,20,,,0,95,,18545,20,,,0,114,,18554,20,,,0,89,,18555,20,,,0,27,,18556,20,,,0,89,,18557,20,,,0,22,,18558,20,,,0,93,,18553,20,,,0
2601,'6_3',735,,18572,7,,,0,2,,18585,7,,,0,1,,18570,7,,,0,2,,18564,20,,,0,72,,18573,20,,,0,24,,18575,20,,,0,9,,18571,8,,,0,55,,18574,20,,,0,39,,18565,20,,,0,100,,18566,20,,,0,100,,18582,20,,,0,100,,18567,20,,,0,67,,18583,20,,,0,22,,18584,20,,,0,92,,18568,20,,,0,95,,18569,20,,,0,114,,18577,20,,,0,89,,18578,20,,,0,27,,18579,20,,,0,89,,18580,20,,,0,22,,18581,20,,,0,93,,18576,20,,,0
