101,'0_6',709,,63047,20,0,5,0,112,,63048,20,0,5,0,107,,63049,20,0,5,0,30,,63060,20,0,6,0,69,,63050,20,0,5,0,31,,63061,20,0,6,0,70,,63051,20,0,5,0,30,,63062,20,0,6,0,70,,63052,20,0,5,0,29,,63063,20,0,6,0,71,,63053,20,0,5,0,29,,63064,20,0,6,0,69,,63054,20,0,5,0,30,,63065,20,0,6,0,70,,63055,20,0,5,0,32,,63066,20,0,6,0,71,,63056,20,0,5,0,29,,63067,20,0,6,0,73,,63057,20,0,5,0,70,,63068,20,0,6,0,37,,63058,20,0,5,0,65,,63069,20,0,6,0,27,,63059,20,0,5,0
101,'1_7',913,,63070,20,0,6,0,105,,63075,20,0,5,0,105,,63071,20,0,6,0,105,,63076,20,0,5,0,105,,63072,20,0,6,0,90,,63077,20,0,5,0,100,,63073,20,0,6,0,105,,63078,20,0,5,0,105,,63074,20,0,6,0,105,,63079,20,0,5,0
101,'2_1',709,,63080,26,0,5,0,29,,63081,20,0,5,0,74,,63082,26,0,6,0,31,,63084,20,0,5,0,75,,63083,26,0,6,0,35,,63085,20,0,5,0,71,,63089,20,0,6,0,32,,63086,20,0,5,0,72,,63087,20,0,6,0,30,,63088,20,0,5,0,70,,63090,20,0,6,0,30,,63091,20,0,5,0,70,,63092,20,0,6,0,28,,63094,26,0,5,0,70,,63093,20,0,6,0,31,,63095,26,0,5,0,70,,63097,20,0,6,0,31,,63101,20,0,5,0,72,,63100,20,0,6,0,72,,63098,20,0,5,0,30,,63099,20,0,6,0,71,,63096,26,0,5,0,26,,63102,20,0,6,0,30,,63103,26,0,5,0,66,,63104,20,0,6,0
101,'2_2',709,,63105,26,0,5,0,29,,63106,20,0,5,0,74,,63107,26,0,6,0,31,,63109,20,0,5,0,75,,63108,26,0,6,0,35,,63110,20,0,5,0,71,,63114,20,0,6,0,32,,63111,20,0,5,0,72,,63112,20,0,6,0,30,,63113,20,0,5,0,70,,63115,20,0,6,0,30,,63116,20,0,5,0,70,,63117,20,0,6,0,28,,63119,26,0,5,0,70,,63118,20,0,6,0,31,,63120,26,0,5,0,70,,63122,20,0,6,0,31,,63126,20,0,5,0,72,,63125,20,0,6,0,72,,63123,20,0,5,0,30,,63124,20,0,6,0,71,,63121,26,0,5,0,26,,63127,20,0,6,0,30,,63128,26,0,5,0,66,,63129,20,0,6,0
101,'2_3',709,,63130,26,0,5,0,29,,63131,20,0,5,0,74,,63132,26,0,6,0,31,,63134,20,0,5,0,75,,63133,26,0,6,0,35,,63135,20,0,5,0,71,,63139,20,0,6,0,32,,63136,20,0,5,0,72,,63137,20,0,6,0,30,,63138,20,0,5,0,70,,63140,20,0,6,0,30,,63141,20,0,5,0,70,,63142,20,0,6,0,28,,63144,26,0,5,0,70,,63143,20,0,6,0,31,,63145,26,0,5,0,70,,63147,20,0,6,0,31,,63151,20,0,5,0,72,,63150,20,0,6,0,72,,63148,20,0,5,0,30,,63149,20,0,6,0,71,,63146,26,0,5,0,26,,63152,20,0,6,0,30,,63153,26,0,5,0,66,,63154,20,0,6,0
101,'2_4',709,,63155,26,0,5,0,29,,63156,20,0,5,0,74,,63157,26,0,6,0,31,,63159,20,0,5,0,75,,63158,26,0,6,0,35,,63160,20,0,5,0,71,,63164,20,0,6,0,32,,63161,20,0,5,0,72,,63162,20,0,6,0,30,,63163,20,0,5,0,70,,63165,20,0,6,0,30,,63166,20,0,5,0,70,,63167,20,0,6,0,28,,63169,26,0,5,0,70,,63168,20,0,6,0,31,,63170,26,0,5,0,70,,63172,20,0,6,0,31,,63176,20,0,5,0,72,,63175,20,0,6,0,72,,63173,20,0,5,0,30,,63174,20,0,6,0,71,,63171,26,0,5,0,26,,63177,20,0,6,0,30,,63178,26,0,5,0,66,,63179,20,0,6,0
101,'2_5',709,,63180,26,0,5,0,29,,63181,20,0,5,0,74,,63182,26,0,6,0,31,,63184,20,0,5,0,75,,63183,26,0,6,0,35,,63185,20,0,5,0,71,,63189,20,0,6,0,32,,63186,20,0,5,0,72,,63187,20,0,6,0,30,,63188,20,0,5,0,70,,63190,20,0,6,0,30,,63191,20,0,5,0,70,,63192,20,0,6,0,28,,63194,26,0,5,0,70,,63193,20,0,6,0,31,,63195,26,0,5,0,70,,63197,20,0,6,0,31,,63201,20,0,5,0,72,,63200,20,0,6,0,72,,63198,20,0,5,0,30,,63199,20,0,6,0,71,,63196,26,0,5,0,26,,63202,20,0,6,0,30,,63203,26,0,5,0,66,,63204,20,0,6,0
101,'3_1',709,,63205,26,0,5,0,29,,63206,20,0,5,0,74,,63207,26,0,6,0,31,,63209,20,0,5,0,75,,63208,26,0,6,0,35,,63210,20,0,5,0,71,,63214,20,0,6,0,32,,63211,20,0,5,0,72,,63212,20,0,6,0,30,,63213,20,0,5,0,70,,63215,20,0,6,0,30,,63216,20,0,5,0,70,,63217,20,0,6,0,28,,63219,26,0,5,0,70,,63218,20,0,6,0,31,,63220,26,0,5,0,70,,63222,20,0,6,0,31,,63226,20,0,5,0,72,,63225,20,0,6,0,72,,63223,20,0,5,0,30,,63224,20,0,6,0,71,,63221,26,0,5,0,26,,63227,20,0,6,0,30,,63228,26,0,5,0,66,,63229,20,0,6,0
101,'3_3',709,,63230,26,0,5,0,29,,63231,20,0,5,0,74,,63232,26,0,6,0,31,,63234,20,0,5,0,75,,63233,26,0,6,0,35,,63235,20,0,5,0,71,,63239,20,0,6,0,32,,63236,20,0,5,0,72,,63237,20,0,6,0,30,,63238,20,0,5,0,70,,63240,20,0,6,0,30,,63241,20,0,5,0,70,,63242,20,0,6,0,28,,63244,26,0,5,0,70,,63243,20,0,6,0,31,,63245,26,0,5,0,70,,63247,20,0,6,0,31,,63251,20,0,5,0,72,,63250,20,0,6,0,72,,63248,20,0,5,0,30,,63249,20,0,6,0,71,,63246,26,0,5,0,26,,63252,20,0,6,0,30,,63253,26,0,5,0,66,,63254,20,0,6,0
101,'3_4',709,,63255,26,0,5,0,29,,63256,20,0,5,0,74,,63257,26,0,6,0,31,,63259,20,0,5,0,75,,63258,26,0,6,0,35,,63260,20,0,5,0,71,,63264,20,0,6,0,32,,63261,20,0,5,0,72,,63262,20,0,6,0,30,,63263,20,0,5,0,70,,63265,20,0,6,0,30,,63266,20,0,5,0,70,,63267,20,0,6,0,28,,63269,26,0,5,0,70,,63268,20,0,6,0,31,,63270,26,0,5,0,70,,63272,20,0,6,0,31,,63276,20,0,5,0,72,,63275,20,0,6,0,72,,63273,20,0,5,0,30,,63274,20,0,6,0,71,,63271,26,0,5,0,26,,63277,20,0,6,0,30,,63278,26,0,5,0,66,,63279,20,0,6,0
101,'3_5',709,,63280,26,0,5,0,29,,63281,20,0,5,0,74,,63282,26,0,6,0,31,,63284,20,0,5,0,75,,63283,26,0,6,0,35,,63285,20,0,5,0,71,,63289,20,0,6,0,32,,63286,20,0,5,0,72,,63287,20,0,6,0,30,,63288,20,0,5,0,70,,63290,20,0,6,0,30,,63291,20,0,5,0,70,,63292,20,0,6,0,28,,63294,26,0,5,0,70,,63293,20,0,6,0,31,,63295,26,0,5,0,70,,63297,20,0,6,0,31,,63301,20,0,5,0,72,,63300,20,0,6,0,72,,63298,20,0,5,0,30,,63299,20,0,6,0,71,,63296,26,0,5,0,26,,63302,20,0,6,0,30,,63303,26,0,5,0,66,,63304,20,0,6,0
101,'4_7',913,,63305,20,0,6,0,105,,63310,20,0,5,0,105,,63306,20,0,6,0,105,,63311,20,0,5,0,105,,63307,20,0,6,0,90,,63312,20,0,5,0,100,,63308,20,0,6,0,105,,63313,20,0,5,0,105,,63309,20,0,6,0,105,,63314,20,0,5,0
