700,'S2-1_6',725,,9398,17,,,0,110,,9399,17,,,0,110,,9400,17,,,0,110,,9401,17,,,0,150,,9402,17,,,0,110,,9403,17,,,0,110,,9404,17,,,0,110,,9405,17,,,0,110,,9406,17,,,0,110,,9396,17,,,0,150,,9397,17,,,0
700,'S2-5_1',726,,9407,17,,,0,110,,9409,17,,,0,110,,9410,17,,,0,110,,9411,17,,,0,150,,9412,17,,,0,110,,9413,17,,,0,110,,9414,17,,,0,110,,9415,17,,,0,113,,9416,17,,,0,109,,9417,17,,,0,147,,9408,17,,,0
700,'S2-5_2',726,,9418,17,,,0,110,,9420,17,,,0,110,,9421,17,,,0,110,,9422,17,,,0,150,,9423,17,,,0,110,,9424,17,,,0,110,,9425,17,,,0,110,,9426,17,,,0,113,,9427,17,,,0,109,,9428,17,,,0,147,,9419,17,,,0
700,'S2-5_4',726,,9429,17,,,0,110,,9431,17,,,0,110,,9432,17,,,0,110,,9433,17,,,0,150,,9434,17,,,0,110,,9435,17,,,0,110,,9436,17,,,0,110,,9437,17,,,0,113,,9438,17,,,0,109,,9439,17,,,0,147,,9430,17,,,0
700,'S2-5_5',726,,9440,17,,,0,110,,9442,17,,,0,110,,9443,17,,,0,110,,9444,17,,,0,150,,9445,17,,,0,110,,9446,17,,,0,110,,9447,17,,,0,110,,9448,17,,,0,113,,9449,17,,,0,109,,9450,17,,,0,147,,9441,17,,,0
700,'S2-6_3',726,,9451,17,,,0,110,,9453,17,,,0,110,,9454,17,,,0,110,,9455,17,,,0,150,,9456,17,,,0,110,,9457,17,,,0,110,,9458,17,,,0,110,,9459,17,,,0,113,,9460,17,,,0,109,,9461,17,,,0,147,,9452,17,,,0
901500,'S2-1_6',844,,11564,6,,,0,60,,11565,6,,,0,20,,11566,6,,,0,20,,11567,6,,,0,60,,11568,6,,,0,20,,11569,6,,,0,20,,11570,6,,,0,60,,11571,6,,,0,20,,11572,6,,,0,20,,11573,6,,,0,60,,11574,6,,,0,20,,11575,6,,,0,20,,11576,6,,,0,60,,11577,6,,,0,20,,11578,6,,,0,20,,11579,6,,,0,60,,11580,6,,,0,20,,11581,6,,,0,20,,11582,6,,,0,80,,11583,6,,,0,20,,11584,6,,,0,60,,11585,6,,,0,20,,11586,6,,,0,20,,11587,6,,,0,60,,11588,6,,,0,20,,11589,6,,,0,20,,11590,6,,,0,60,,11591,6,,,0,20,,11592,6,,,0,20,,11593,6,,,0,60,,11594,6,,,0,20,,11595,6,,,0
901500,'S2-5_1',844,,11596,6,,,0,60,,11597,6,,,0,20,,11598,6,,,0,20,,11599,6,,,0,60,,11600,6,,,0,20,,11601,6,,,0,20,,11602,6,,,0,60,,11603,6,,,0,20,,11604,6,,,0,20,,11605,6,,,0,60,,11606,6,,,0,20,,11607,6,,,0,20,,11608,6,,,0,60,,11609,6,,,0,20,,11610,6,,,0,20,,11611,6,,,0,60,,11612,6,,,0,20,,11613,6,,,0,20,,11614,6,,,0,80,,11615,6,,,0,20,,11616,6,,,0,60,,11617,6,,,0,20,,11618,6,,,0,20,,11619,6,,,0,60,,11620,6,,,0,20,,11621,6,,,0,20,,11622,6,,,0,60,,11623,6,,,0,20,,11624,6,,,0,20,,11625,6,,,0,60,,11626,6,,,0,20,,11627,6,,,0
901500,'S2-5_2',844,,11628,6,,,0,60,,11629,6,,,0,20,,11630,6,,,0,20,,11631,6,,,0,60,,11632,6,,,0,20,,11633,6,,,0,20,,11634,6,,,0,60,,11635,6,,,0,20,,11636,6,,,0,20,,11637,6,,,0,60,,11638,6,,,0,20,,11639,6,,,0,20,,11640,6,,,0,60,,11641,6,,,0,20,,11642,6,,,0,20,,11643,6,,,0,60,,11644,6,,,0,20,,11645,6,,,0,20,,11646,6,,,0,80,,11647,6,,,0,20,,11648,6,,,0,60,,11649,6,,,0,20,,11650,6,,,0,20,,11651,6,,,0,60,,11652,6,,,0,20,,11653,6,,,0,20,,11654,6,,,0,60,,11655,6,,,0,20,,11656,6,,,0,20,,11657,6,,,0,60,,11658,6,,,0,20,,11659,6,,,0
901500,'S2-5_4',844,,11660,6,,,0,60,,11661,6,,,0,20,,11662,6,,,0,20,,11663,6,,,0,60,,11664,6,,,0,20,,11665,6,,,0,20,,11666,6,,,0,60,,11667,6,,,0,20,,11668,6,,,0,20,,11669,6,,,0,60,,11670,6,,,0,20,,11671,6,,,0,20,,11672,6,,,0,60,,11673,6,,,0,20,,11674,6,,,0,20,,11675,6,,,0,60,,11676,6,,,0,20,,11677,6,,,0,20,,11678,6,,,0,80,,11679,6,,,0,20,,11680,6,,,0,60,,11681,6,,,0,20,,11682,6,,,0,20,,11683,6,,,0,60,,11684,6,,,0,20,,11685,6,,,0,20,,11686,6,,,0,60,,11687,6,,,0,20,,11688,6,,,0,20,,11689,6,,,0,60,,11690,6,,,0,20,,11691,6,,,0
901500,'S2-5_5',844,,11692,6,,,0,60,,11693,6,,,0,20,,11694,6,,,0,20,,11695,6,,,0,60,,11696,6,,,0,20,,11697,6,,,0,20,,11698,6,,,0,60,,11699,6,,,0,20,,11700,6,,,0,20,,11701,6,,,0,60,,11702,6,,,0,20,,11703,6,,,0,20,,11704,6,,,0,60,,11705,6,,,0,20,,11706,6,,,0,20,,11707,6,,,0,60,,11708,6,,,0,20,,11709,6,,,0,20,,11710,6,,,0,80,,11711,6,,,0,20,,11712,6,,,0,60,,11713,6,,,0,20,,11714,6,,,0,20,,11715,6,,,0,60,,11716,6,,,0,20,,11717,6,,,0,20,,11718,6,,,0,60,,11719,6,,,0,20,,11720,6,,,0,20,,11721,6,,,0,60,,11722,6,,,0,20,,11723,6,,,0
901500,'S2-6_3',844,,11724,6,,,0,60,,11725,6,,,0,20,,11726,6,,,0,20,,11727,6,,,0,60,,11728,6,,,0,20,,11729,6,,,0,20,,11730,6,,,0,60,,11731,6,,,0,20,,11732,6,,,0,20,,11733,6,,,0,60,,11734,6,,,0,20,,11735,6,,,0,20,,11736,6,,,0,60,,11737,6,,,0,20,,11738,6,,,0,20,,11739,6,,,0,60,,11740,6,,,0,20,,11741,6,,,0,20,,11742,6,,,0,80,,11743,6,,,0,20,,11744,6,,,0,60,,11745,6,,,0,20,,11746,6,,,0,20,,11747,6,,,0,60,,11748,6,,,0,20,,11749,6,,,0,20,,11750,6,,,0,60,,11751,6,,,0,20,,11752,6,,,0,20,,11753,6,,,0,60,,11754,6,,,0,20,,11755,6,,,0
