701,'0_6',705,,66147,6,,,0,110,,66148,6,,,0,110,,66149,6,,,0,110,,66150,6,,,0,111,,66151,6,,,0,109,,66152,6,,,0,150,,66153,6,,,0,111,,66154,6,,,0,109,,66155,6,,,0,110,,66145,6,,,0,111,,66146,6,,,0
701,'2_1',703,,66156,6,,,0,112,,66157,6,,,0,109,,66158,6,,,0,110,,66159,6,,,0,111,,66160,6,,,0,110,,66161,6,,,0,149,,66162,6,,,0,108,,66163,6,,,0,110,,66164,6,,,0,110,,66165,6,,,0,113,,66166,6,,,0
701,'2_2',703,,66167,6,,,0,112,,66168,6,,,0,109,,66169,6,,,0,110,,66170,6,,,0,111,,66171,6,,,0,110,,66172,6,,,0,149,,66173,6,,,0,108,,66174,6,,,0,110,,66175,6,,,0,110,,66176,6,,,0,113,,66177,6,,,0
701,'2_3',703,,66178,6,,,0,112,,66179,6,,,0,109,,66180,6,,,0,110,,66181,6,,,0,111,,66182,6,,,0,110,,66183,6,,,0,149,,66184,6,,,0,108,,66185,6,,,0,110,,66186,6,,,0,110,,66187,6,,,0,113,,66188,6,,,0
701,'2_4',703,,66189,6,,,0,112,,66190,6,,,0,109,,66191,6,,,0,110,,66192,6,,,0,111,,66193,6,,,0,110,,66194,6,,,0,149,,66195,6,,,0,108,,66196,6,,,0,110,,66197,6,,,0,110,,66198,6,,,0,113,,66199,6,,,0
701,'2_5',703,,66200,6,,,0,112,,66201,6,,,0,109,,66202,6,,,0,110,,66203,6,,,0,111,,66204,6,,,0,110,,66205,6,,,0,149,,66206,6,,,0,108,,66207,6,,,0,110,,66208,6,,,0,110,,66209,6,,,0,113,,66210,6,,,0
701,'3_1',703,,66211,6,,,0,112,,66212,6,,,0,109,,66213,6,,,0,110,,66214,6,,,0,111,,66215,6,,,0,110,,66216,6,,,0,149,,66217,6,,,0,108,,66218,6,,,0,110,,66219,6,,,0,110,,66220,6,,,0,113,,66221,6,,,0
701,'3_3',703,,66222,6,,,0,112,,66223,6,,,0,109,,66224,6,,,0,110,,66225,6,,,0,111,,66226,6,,,0,110,,66227,6,,,0,149,,66228,6,,,0,108,,66229,6,,,0,110,,66230,6,,,0,110,,66231,6,,,0,113,,66232,6,,,0
701,'3_4',703,,66233,6,,,0,112,,66234,6,,,0,109,,66235,6,,,0,110,,66236,6,,,0,111,,66237,6,,,0,110,,66238,6,,,0,149,,66239,6,,,0,108,,66240,6,,,0,110,,66241,6,,,0,110,,66242,6,,,0,113,,66243,6,,,0
701,'3_5',703,,66244,6,,,0,112,,66245,6,,,0,109,,66246,6,,,0,110,,66247,6,,,0,111,,66248,6,,,0,110,,66249,6,,,0,149,,66250,6,,,0,108,,66251,6,,,0,110,,66252,6,,,0,110,,66253,6,,,0,113,,66254,6,,,0
