1600,'1_6',846,,17610,5,0,25,0,85,,17611,5,0,25,0,76,,17615,5,,,0,116,,17612,5,0,25,0,125,,17617,5,,,0,68,,17618,7,0,54 55,0,98,,17613,5,0,25,0,104,,17619,5,0,25,0,104,,17614,5,0,25,0,89,,17620,7,,,0,135,,17616,5,,,0
1600,'5_1',846,,17622,5,0,25,0,85,,17623,5,0,25,0,76,,17627,5,,,0,116,,17624,5,0,25,0,125,,17629,5,,,0,68,,17630,7,0,54 55,0,98,,17625,5,0,25,0,104,,17631,5,0,25,0,104,,17626,5,0,25,0,89,,17632,7,,,0,135,,17628,5,,,0
1600,'5_2',846,,17634,5,0,25,0,85,,17635,5,0,25,0,76,,17639,5,,,0,116,,17636,5,0,25,0,125,,17641,5,,,0,68,,17642,7,0,54 55,0,98,,17637,5,0,25,0,104,,17643,5,0,25,0,104,,17638,5,0,25,0,89,,17644,7,,,0,135,,17640,5,,,0
1600,'5_4',846,,17646,5,0,25,0,85,,17647,5,0,25,0,76,,17651,5,,,0,116,,17648,5,0,25,0,125,,17653,5,,,0,68,,17654,7,0,54 55,0,98,,17649,5,0,25,0,104,,17655,5,0,25,0,104,,17650,5,0,25,0,89,,17656,7,,,0,135,,17652,5,,,0
1600,'5_5',846,,17658,5,0,25,0,85,,17659,5,0,25,0,76,,17663,5,,,0,116,,17660,5,0,25,0,125,,17665,5,,,0,68,,17666,7,0,54 55,0,98,,17661,5,0,25,0,104,,17667,5,0,25,0,104,,17662,5,0,25,0,89,,17668,7,,,0,135,,17664,5,,,0
1600,'6_3',846,,17670,5,0,25,0,85,,17671,5,0,25,0,76,,17675,5,,,0,116,,17672,5,0,25,0,125,,17677,5,,,0,68,,17678,7,0,54 55,0,98,,17673,5,0,25,0,104,,17679,5,0,25,0,104,,17674,5,0,25,0,89,,17680,7,,,0,135,,17676,5,,,0
1601,'1_6',831,,17681,7,,,0,77,,17682,7,,,0,44,,17683,7,,,0,155,,17685,14,,,0,124,,17688,21,,,0,124,,17686,14,,,0,145,,17689,14,,,0,45,,17684,7,,,0,106,,17690,7,,,0,169,,17687,14,,,0
1601,'5_1',831,,17691,7,,,0,77,,17692,7,,,0,44,,17693,7,,,0,155,,17695,14,,,0,124,,17698,21,,,0,124,,17696,14,,,0,145,,17699,14,,,0,45,,17694,7,,,0,106,,17700,7,,,0,169,,17697,14,,,0
1601,'5_2',831,,17701,7,,,0,77,,17702,7,,,0,44,,17703,7,,,0,155,,17705,14,,,0,124,,17708,21,,,0,124,,17706,14,,,0,145,,17709,14,,,0,45,,17704,7,,,0,106,,17710,7,,,0,169,,17707,14,,,0
1601,'5_4',831,,17711,7,,,0,77,,17712,7,,,0,44,,17713,7,,,0,155,,17715,14,,,0,124,,17718,21,,,0,124,,17716,14,,,0,145,,17719,14,,,0,45,,17714,7,,,0,106,,17720,7,,,0,169,,17717,14,,,0
1601,'5_5',831,,17721,7,,,0,77,,17722,7,,,0,44,,17723,7,,,0,155,,17725,14,,,0,124,,17728,21,,,0,124,,17726,14,,,0,145,,17729,14,,,0,45,,17724,7,,,0,106,,17730,7,,,0,169,,17727,14,,,0
1601,'6_3',831,,17731,7,,,0,77,,17732,7,,,0,44,,17733,7,,,0,155,,17735,14,,,0,124,,17738,21,,,0,124,,17736,14,,,0,145,,17739,14,,,0,45,,17734,7,,,0,106,,17740,7,,,0,169,,17737,14,,,0
2100,'5_1',1651,,18009,2,,,0
2100,'5_2',1651,,18011,2,,,0
2100,'5_4',1651,,18013,2,,,0
2100,'5_5',1651,,18016,2,,,0
2100,'6_3',1651,,18018,2,,,0
2101,'5_1',750,,18020,6,,,0
2101,'5_2',750,,18023,6,,,0
2101,'5_4',750,,18026,6,,,0
2101,'5_5',750,,18029,6,,,0
2101,'6_3',750,,18032,6,,,0
