501,'0_6',740,,65511,26,,,0,99,,65512,26,,,0,98,,65513,26,,,0,102,,65514,26,,,0,99,,65515,26,,,0,98,,65516,26,,,0,80,,65517,26,,,0,38,,65518,26,,,0,97,,65519,26,,,0,102,,65520,26,,,0,101,,65521,26,,,0,74,,65522,26,,,0,28,,65523,26,,,0,98,,65524,26,,,0,96,,65525,26,,,0
501,'1_7',1125,,65526,26,,,0,191,,65527,26,,,0,191,,65528,26,,,0,144,,65529,26,,,0,191,,65530,26,,,0
501,'2_1',740,,65531,26,,,0,99,,65532,26,,,0,98,,65533,26,,,0,102,,65534,26,,,0,99,,65535,26,,,0,98,,65536,26,,,0,80,,65537,26,,,0,38,,65538,26,,,0,97,,65539,26,,,0,102,,65540,26,,,0,101,,65541,26,,,0,74,,65542,26,,,0,28,,65543,26,,,0,98,,65544,26,,,0,96,,65545,26,,,0
501,'2_2',740,,65546,26,,,0,99,,65547,26,,,0,98,,65548,26,,,0,102,,65549,26,,,0,99,,65550,26,,,0,98,,65551,26,,,0,80,,65552,26,,,0,38,,65553,26,,,0,97,,65554,26,,,0,102,,65555,26,,,0,101,,65556,26,,,0,74,,65557,26,,,0,28,,65558,26,,,0,98,,65559,26,,,0,96,,65560,26,,,0
501,'2_3',740,,65561,26,,,0,99,,65562,26,,,0,98,,65563,26,,,0,102,,65564,26,,,0,99,,65565,26,,,0,98,,65566,26,,,0,80,,65567,26,,,0,38,,65568,26,,,0,97,,65569,26,,,0,102,,65570,26,,,0,101,,65571,26,,,0,74,,65572,26,,,0,28,,65573,26,,,0,98,,65574,26,,,0,96,,65575,26,,,0
501,'2_4',740,,65576,26,,,0,99,,65577,26,,,0,98,,65578,26,,,0,102,,65579,26,,,0,99,,65580,26,,,0,98,,65581,26,,,0,80,,65582,26,,,0,38,,65583,26,,,0,97,,65584,26,,,0,102,,65585,26,,,0,101,,65586,26,,,0,74,,65587,26,,,0,28,,65588,26,,,0,98,,65589,26,,,0,96,,65590,26,,,0
501,'2_5',740,,65591,26,,,0,99,,65592,26,,,0,98,,65593,26,,,0,102,,65594,26,,,0,99,,65595,26,,,0,98,,65596,26,,,0,80,,65597,26,,,0,38,,65598,26,,,0,97,,65599,26,,,0,102,,65600,26,,,0,101,,65601,26,,,0,74,,65602,26,,,0,28,,65603,26,,,0,98,,65604,26,,,0,96,,65605,26,,,0
501,'3_1',740,,65606,26,,,0,99,,65607,26,,,0,98,,65608,26,,,0,102,,65609,26,,,0,99,,65610,26,,,0,98,,65611,26,,,0,80,,65612,26,,,0,38,,65613,26,,,0,97,,65614,26,,,0,102,,65615,26,,,0,101,,65616,26,,,0,74,,65617,26,,,0,28,,65618,26,,,0,98,,65619,26,,,0,96,,65620,26,,,0
501,'3_3',740,,65621,26,,,0,99,,65622,26,,,0,98,,65623,26,,,0,102,,65624,26,,,0,99,,65625,26,,,0,98,,65626,26,,,0,80,,65627,26,,,0,38,,65628,26,,,0,97,,65629,26,,,0,102,,65630,26,,,0,101,,65631,26,,,0,74,,65632,26,,,0,28,,65633,26,,,0,98,,65634,26,,,0,96,,65635,26,,,0
501,'3_4',740,,65636,26,,,0,99,,65637,26,,,0,98,,65638,26,,,0,102,,65639,26,,,0,99,,65640,26,,,0,98,,65641,26,,,0,80,,65642,26,,,0,38,,65643,26,,,0,97,,65644,26,,,0,102,,65645,26,,,0,101,,65646,26,,,0,74,,65647,26,,,0,28,,65648,26,,,0,98,,65649,26,,,0,96,,65650,26,,,0
501,'3_5',740,,65651,26,,,0,99,,65652,26,,,0,98,,65653,26,,,0,102,,65654,26,,,0,99,,65655,26,,,0,98,,65656,26,,,0,80,,65657,26,,,0,38,,65658,26,,,0,97,,65659,26,,,0,102,,65660,26,,,0,101,,65661,26,,,0,74,,65662,26,,,0,28,,65663,26,,,0,98,,65664,26,,,0,96,,65665,26,,,0
501,'4_7',1125,,65666,26,,,0,191,,65667,26,,,0,191,,65668,26,,,0,144,,65669,26,,,0,191,,65670,26,,,0
