101,'S2-0_6',744,,53799,49,0,5,0,159,,53800,49,0,5,0,106,,53801,49,0,5,0,99,,53802,49,0,5,0,100,,53803,49,0,5,0,99,,53804,49,0,5,0,100,,53805,49,0,5,0,100,,53806,49,0,5,0,101,,53807,49,0,5,0,104,,53808,49,0,5,0,102,,53809,49,0,5,0,102,,53810,49,0,5,0,87,,53811,49,0,5,0
101,'S2-1_7',1053,,53827,49,0,5,0,250,,53828,49,0,5,0,155,,53829,49,0,5,0,245,,53830,49,0,5,0,210,,53831,49,0,5,0
101,'S2-2_1',744,,53832,55,0,5,0,73,,53833,49,0,5,0,106,,53836,49,0,5,0,111,,53837,49,0,5,0,103,,53838,49,0,5,0,100,,53840,49,0,5,0,100,,53843,49,0,5,0,98,,53846,55,0,5,0,103,,53847,55,0,5,0,102,,53853,49,0,5,0,107,,53850,49,0,5,0,97,,53848,55,0,5,0,91,,53855,55,0,5,0
101,'S2-2_2',744,,53857,55,0,5,0,73,,53858,49,0,5,0,106,,53861,49,0,5,0,111,,53862,49,0,5,0,103,,53863,49,0,5,0,100,,53865,49,0,5,0,100,,53868,49,0,5,0,98,,53871,55,0,5,0,103,,53872,55,0,5,0,102,,53878,49,0,5,0,107,,53875,49,0,5,0,97,,53873,55,0,5,0,91,,53880,55,0,5,0
101,'S2-2_3',744,,53882,55,0,5,0,73,,53883,49,0,5,0,106,,53886,49,0,5,0,111,,53887,49,0,5,0,103,,53888,49,0,5,0,100,,53890,49,0,5,0,100,,53893,49,0,5,0,98,,53896,55,0,5,0,103,,53897,55,0,5,0,102,,53903,49,0,5,0,107,,53900,49,0,5,0,97,,53898,55,0,5,0,91,,53905,55,0,5,0
101,'S2-2_4',744,,53907,55,0,5,0,73,,53908,49,0,5,0,106,,53911,49,0,5,0,111,,53912,49,0,5,0,103,,53913,49,0,5,0,100,,53915,49,0,5,0,100,,53918,49,0,5,0,98,,53921,55,0,5,0,103,,53922,55,0,5,0,102,,53928,49,0,5,0,107,,53925,49,0,5,0,97,,53923,55,0,5,0,91,,53930,55,0,5,0
101,'S2-2_5',744,,53932,55,0,5,0,73,,53933,49,0,5,0,106,,53936,49,0,5,0,111,,53937,49,0,5,0,103,,53938,49,0,5,0,100,,53940,49,0,5,0,100,,53943,49,0,5,0,98,,53946,55,0,5,0,103,,53947,55,0,5,0,102,,53953,49,0,5,0,107,,53950,49,0,5,0,97,,53948,55,0,5,0,91,,53955,55,0,5,0
101,'S2-3_1',744,,53957,55,0,5,0,73,,53958,49,0,5,0,106,,53961,49,0,5,0,111,,53962,49,0,5,0,103,,53963,49,0,5,0,100,,53965,49,0,5,0,100,,53968,49,0,5,0,98,,53971,55,0,5,0,103,,53972,55,0,5,0,102,,53978,49,0,5,0,107,,53975,49,0,5,0,97,,53973,55,0,5,0,91,,53980,55,0,5,0
101,'S2-3_3',744,,53982,55,0,5,0,73,,53983,49,0,5,0,106,,53986,49,0,5,0,111,,53987,49,0,5,0,103,,53988,49,0,5,0,100,,53990,49,0,5,0,100,,53993,49,0,5,0,98,,53996,55,0,5,0,103,,53997,55,0,5,0,102,,54003,49,0,5,0,107,,54000,49,0,5,0,97,,53998,55,0,5,0,91,,54005,55,0,5,0
101,'S2-3_4',744,,54007,55,0,5,0,73,,54008,49,0,5,0,106,,54011,49,0,5,0,111,,54012,49,0,5,0,103,,54013,49,0,5,0,100,,54015,49,0,5,0,100,,54018,49,0,5,0,98,,54021,55,0,5,0,103,,54022,55,0,5,0,102,,54028,49,0,5,0,107,,54025,49,0,5,0,97,,54023,55,0,5,0,91,,54030,55,0,5,0
101,'S2-4_7',1053,,54037,49,0,5,0,250,,54038,49,0,5,0,155,,54039,49,0,5,0,245,,54040,49,0,5,0,210,,54041,49,0,5,0
