401,'2509-HIV-25j05H-d-Dimanche-00',1100,,9809,,,0,201,,9810,,,0,199,,9811,,,0,200,,9812,,,0
401,'2509-HIV-25j26H-d-Dimanche-00',1100,,9823,,,0,201,,9824,,,0,199,,9825,,,0,200,,9826,,,0
401,'2509-HIV-25k03H-s-Samedi-00',750,,9827,,,0,189,,9828,,,0,202,,9829,,,0,201,,9830,,,0,199,,9831,,,0,206,,9832,,,0,272,,9833,,,0
401,'2509-HIV-25l22Vlv-Semaine-00',849,,9873,,,0,297,,9875,,,0,159,,9874,,,0,100,,9876,,,0,140,,9877,,,0,96,,9863,,,0,165,,9869,,,0,198,,9878,,,0
401,'2509-HIV-26a05H-s-Samedi-00',750,,9879,,,0,189,,9880,,,0,202,,9881,,,0,201,,9882,,,0,199,,9883,,,0,206,,9884,,,0,272,,9885,,,0
401,'2509-HIV-26a05H-w-Mercredi-00',854,,9928,,,0,295,,9930,,,0,160,,9929,,,0,100,,9931,,,0,140,,9932,,,0,274,,9927,,,0,185,,9933,,,0
401,'2509-HIV-26a05Hlv-L-Ma-J-V-00',854,,9959,,,0,295,,9961,,,0,160,,9960,,,0,100,,9962,,,0,140,,9963,,,0,274,,9958,,,0,185,,9964,,,0
401,'2509-HIV-26b23Vlv-Semaine-00',849,,9987,,,0,297,,9989,,,0,159,,9988,,,0,100,,9990,,,0,140,,9991,,,0,96,,9977,,,0,165,,9983,,,0,198,,9992,,,0
401,'2509-HIV-26c02Vlv-Semaine-00',849,,10015,,,0,297,,10017,,,0,159,,10016,,,0,100,,10018,,,0,140,,10019,,,0,96,,10005,,,0,165,,10011,,,0,198,,10020,,,0
29001201,'2509-HIV-25l22Vlv-Semaine-00',1657,,16138,,,0,144,,16139,,,0,100,,16137,,,0
29001201,'2509-HIV-26a05H-w-Mercredi-00',1703,,16141,,,0,105,,16142,,,0,100,,16140,,,0
29001201,'2509-HIV-26a05H-w-Mercredi-00-0010000',1308,,16143,,,0
29001201,'2509-HIV-26a05Hlv-L-Ma-J-V-00',1703,,16145,,,0,105,,16146,,,0,100,,16144,,,0
29001201,'2509-HIV-26b23Vlv-Semaine-00',1657,,16148,,,0,144,,16149,,,0,100,,16147,,,0
29001201,'2509-HIV-26c02Vlv-Semaine-00',1657,,16151,,,0,144,,16152,,,0,100,,16150,,,0
