'2509-HIV-25i29H-w-Mercredi-00',100,85500,4,'',0,40000,4,'',0,6200,4,'',0,30700,4,'',0,9800,4,'',0,8100,4,'',0,2500,4,'',0,2900,4,'',0,6200,4,'',0,10700,4,'',0
'2509-HIV-25i29H-w-Mercredi-00-0010000',100,131400,4,'',0
'2509-HIV-25i29Hlv-L-Ma-J-V-00',100,85500,4,'',0,40000,4,'',0,6200,4,'',0,30700,4,'',0,9800,4,'',0,8100,4,'',0,2500,4,'',0,2900,4,'',0,6200,4,'',0,10700,4,'',0
'2509-HIV-25i29Hlv-L-Ma-J-V-00-1101100',100,182500,4,'',0,7700,4,'',0
'2509-HIV-25j05H-d-Dimanche-00',100,100600,4,'',0,10500,4,'',0,30000,4,'',0,41500,4,'',0
'2509-HIV-25j20Vlv-Semaine-00',100,80500,4,'',0,4500,4,'',0,40400,4,'',0,6500,4,'',0,40000,4,'',0,3600,4,'',0,6900,4,'',0,2900,4,'',0,6600,4,'',0,9700,4,'',0
'2509-HIV-25j26H-d-Dimanche-00',100,100600,4,'',0,10500,4,'',0,30000,4,'',0,41500,4,'',0
'2509-HIV-25j27Vlv-Semaine-00',100,80500,4,'',0,4500,4,'',0,40400,4,'',0,6500,4,'',0,40000,4,'',0,3600,4,'',0,6900,4,'',0,2900,4,'',0,6600,4,'',0,9700,4,'',0
'2509-HIV-25k03H-w-Mercredi-00',100,85500,4,'',0,40000,4,'',0,6200,4,'',0,30700,4,'',0,9800,4,'',0,8100,4,'',0,2500,4,'',0,2900,4,'',0,6200,4,'',0,10700,4,'',0
'2509-HIV-25k03H-w-Mercredi-00-0010000',100,131400,4,'',0
'2509-HIV-25k03Hlv-L-Ma-J-V-00',100,85500,4,'',0,40000,4,'',0,6200,4,'',0,30700,4,'',0,9800,4,'',0,8100,4,'',0,2500,4,'',0,2900,4,'',0,6200,4,'',0,10700,4,'',0
'2509-HIV-25k03Hlv-L-Ma-J-V-00-1101100',100,182500,4,'',0,7700,4,'',0
'2509-HIV-25l18Hlv-L-Ma-J-V-00',100,85500,4,'',0,40000,4,'',0,6200,4,'',0,30700,4,'',0,9800,4,'',0,8100,4,'',0,2500,4,'',0,2900,4,'',0,6200,4,'',0,10700,4,'',0
'2509-HIV-25l18Hlv-L-Ma-J-V-00-1101100',100,182500,4,'',0,7700,4,'',0
'2509-HIV-25l22Vlv-Semaine-00',100,80500,4,'',0,4500,4,'',0,40400,4,'',0,6500,4,'',0,40000,4,'',0,3600,4,'',0,6900,4,'',0,2900,4,'',0,6600,4,'',0,9700,4,'',0
