600,'S2-0_6',705,,56171,13,,,0,101,,56172,13,,,0,39,,56173,13,,,0,110,,56174,13,,,0,85,,56175,13,,,0,99,,56176,13,,,0,85,,56177,13,,,0,88,,56185,13,,,0,42,,56178,13,,,0,85,,56186,4,,,0,92,,56179,13,,,0,92,,56180,13,,,0,92,,56181,13,,,0,91,,56182,13,,,0,49,,56183,13,,,0,90,,56184,13,,,0
600,'S2-1_7',838,,56187,4,,,0,110,,56188,4,,,0,160,,56189,4,,,0,200,,56190,4,,,0,120,,56191,4,,,0,111,,56192,4,,,0,108,,56193,4,,,0,106,,56194,4,,,0
600,'S2-2_1',705,,56195,13,,,0,101,,56196,13,,,0,39,,56197,13,,,0,110,,56198,13,,,0,85,,56199,13,,,0,99,,56200,13,,,0,85,,56201,13,,,0,88,,56209,13,,,0,42,,56202,13,,,0,85,,56210,4,,,0,92,,56203,13,,,0,92,,56204,13,,,0,92,,56205,13,,,0,91,,56206,13,,,0,49,,56207,13,,,0,90,,56208,13,,,0
600,'S2-2_2',705,,56211,13,,,0,101,,56212,13,,,0,39,,56213,13,,,0,110,,56214,13,,,0,85,,56215,13,,,0,99,,56216,13,,,0,85,,56217,13,,,0,88,,56225,13,,,0,42,,56218,13,,,0,85,,56226,4,,,0,92,,56219,13,,,0,92,,56220,13,,,0,92,,56221,13,,,0,91,,56222,13,,,0,49,,56223,13,,,0,90,,56224,13,,,0
600,'S2-2_3',705,,56227,13,,,0,101,,56228,13,,,0,39,,56229,13,,,0,110,,56230,13,,,0,85,,56231,13,,,0,99,,56232,13,,,0,85,,56233,13,,,0,88,,56241,13,,,0,42,,56234,13,,,0,85,,56242,4,,,0,92,,56235,13,,,0,92,,56236,13,,,0,92,,56237,13,,,0,91,,56238,13,,,0,49,,56239,13,,,0,90,,56240,13,,,0
600,'S2-2_4',705,,56243,13,,,0,101,,56244,13,,,0,39,,56245,13,,,0,110,,56246,13,,,0,85,,56247,13,,,0,99,,56248,13,,,0,85,,56249,13,,,0,88,,56257,13,,,0,42,,56250,13,,,0,85,,56258,4,,,0,92,,56251,13,,,0,92,,56252,13,,,0,92,,56253,13,,,0,91,,56254,13,,,0,49,,56255,13,,,0,90,,56256,13,,,0
600,'S2-2_5',705,,56259,13,,,0,101,,56260,13,,,0,39,,56261,13,,,0,110,,56262,13,,,0,85,,56263,13,,,0,99,,56264,13,,,0,85,,56265,13,,,0,88,,56273,13,,,0,42,,56266,13,,,0,85,,56274,4,,,0,92,,56267,13,,,0,92,,56268,13,,,0,92,,56269,13,,,0,91,,56270,13,,,0,49,,56271,13,,,0,90,,56272,13,,,0
600,'S2-3_1',705,,56275,13,,,0,101,,56276,13,,,0,39,,56277,13,,,0,110,,56278,13,,,0,85,,56279,13,,,0,99,,56280,13,,,0,85,,56281,13,,,0,88,,56289,13,,,0,42,,56282,13,,,0,85,,56290,4,,,0,92,,56283,13,,,0,92,,56284,13,,,0,92,,56285,13,,,0,91,,56286,13,,,0,49,,56287,13,,,0,90,,56288,13,,,0
600,'S2-3_3',705,,56291,13,,,0,101,,56292,13,,,0,39,,56293,13,,,0,110,,56294,13,,,0,85,,56295,13,,,0,99,,56296,13,,,0,85,,56297,13,,,0,88,,56305,13,,,0,42,,56298,13,,,0,85,,56306,4,,,0,92,,56299,13,,,0,92,,56300,13,,,0,92,,56301,13,,,0,91,,56302,13,,,0,49,,56303,13,,,0,90,,56304,13,,,0
600,'S2-3_4',705,,56307,13,,,0,101,,56308,13,,,0,39,,56309,13,,,0,110,,56310,13,,,0,85,,56311,13,,,0,99,,56312,13,,,0,85,,56313,13,,,0,88,,56321,13,,,0,42,,56314,13,,,0,85,,56322,4,,,0,92,,56315,13,,,0,92,,56316,13,,,0,92,,56317,13,,,0,91,,56318,13,,,0,49,,56319,13,,,0,90,,56320,13,,,0
600,'S2-4_7',838,,56323,4,,,0,110,,56324,4,,,0,160,,56325,4,,,0,200,,56326,4,,,0,120,,56327,4,,,0,111,,56328,4,,,0,108,,56329,4,,,0,106,,56330,4,,,0
