2401,'1_3',740,,49807,19,0,18 19,0,517,,49808,17,,,0
2401,'7_1',740,,47280,19,0,18 19,0,895,,47281,17,,,0,104,,47282,17,,,0,94,,47283,17,,,0
2401,'7_2',740,,49809,19,0,18 19,0,895,,49810,17,,,0,104,,49811,17,,,0,94,,49812,17,,,0
2401,'7_4',740,,49813,19,0,18 19,0,895,,49814,17,,,0,104,,49815,17,,,0,94,,49816,17,,,0
2000001,'1_3',655,,51078,21,,,0,68,,51055,21,,,0,14,,51036,15,,,0,3,,51034,11,0,18 19,0,1,,51038,21,,,0,16,,51063,21,,,0,56,,51046,21,,,0,14,,51081,21,,,0,14,,51028,21,,,0,14,,51056,21,,,0,55,,51040,21,,,0,16,,51064,21,,,0,16,,51048,21,,,0,17,,51072,21,,,0,57,,51029,21,,,0,15,,51062,21,,,0,15,,51039,21,,,0,56,,51065,21,,,0,16,,51047,21,,,0,16,,51074,21,,,0,15,,51030,21,,,0,56,,51060,21,,,0,15,,51045,21,,,0,17,,51066,21,,,0,15,,51054,21,,,0,54,,51073,21,,,0,13,,51032,21,,,0,15,,51057,21,,,0,17,,51041,21,,,0,55,,51068,21,,,0,15,,51049,21,,,0,15,,51077,21,,,0,15,,51033,21,,,0,56,,51058,21,,,0,16,,51042,21,,,0,15,,51067,21,,,0,16,,51050,21,,,0,54,,51076,21,,,0,15,,51031,21,,,0,17,,51059,21,,,0,17,,51043,21,,,0,56,,51069,21,,,0,17,,51051,21,,,0,17,,51027,21,,,0,56,,51075,21,,,0,16,,51082,21,,,0,11,,51061,21,,,0,12,,51044,21,,,0,13,,51070,21,,,0,54,,51052,21,,,0,11,,51026,21,,,0,13,,51079,21,,,0,14,,51035,21,,,0,62,,51071,21,,,0,20,,51053,21,,,0,19,,51080,21,,,0,59,,51037,21,,,0
2000001,'2_6',658,,35915,21,,,0,81,,35916,21,,,0,80,,35917,21,,,0,32,,35955,21,,,0,61,,35919,21,,,0,20,,35918,21,,,0,21,,35920,21,,,0,60,,35921,21,,,0,19,,35923,21,,,0,18,,35922,21,,,0,60,,35928,21,,,0,19,,35926,21,,,0,18,,35930,21,,,0,59,,35924,21,,,0,19,,35929,21,,,0,20,,35925,21,,,0,57,,35927,21,,,0,18,,35936,21,,,0,18,,35933,21,,,0,20,,35934,21,,,0,61,,35935,21,,,0,18,,35932,21,,,0,17,,35931,21,,,0,59,,35937,21,,,0,22,,35938,21,,,0,20,,35940,21,,,0,59,,35939,21,,,0,20,,35941,21,,,0,20,,35942,21,,,0,61,,35943,21,,,0,20,,35945,21,,,0,19,,35944,21,,,0,58,,35946,21,,,0,19,,35947,21,,,0,19,,35948,21,,,0,58,,35949,21,,,0,17,,35950,21,,,0,18,,35951,21,,,0,62,,35952,21,,,0,24,,35953,21,,,0,22,,35954,21,,,0
2000001,'3_7',831,,35973,21,,,0,80,,35956,21,,,0,40,,35957,21,,,0,80,,35958,21,,,0,80,,35959,21,,,0,40,,35960,21,,,0,80,,35961,21,,,0,79,,35962,21,,,0,40,,35964,21,,,0,80,,35963,21,,,0,80,,35965,21,,,0,40,,35966,21,,,0,80,,35967,21,,,0,80,,35968,21,,,0,40,,35970,21,,,0,80,,35969,21,,,0,80,,35971,21,,,0,40,,35972,21,,,0
2000001,'4_7',831,,47759,21,,,0,80,,47742,21,,,0,40,,47743,21,,,0,80,,47744,21,,,0,80,,47745,21,,,0,40,,47746,21,,,0,80,,47747,21,,,0,79,,47748,21,,,0,40,,47750,21,,,0,80,,47749,21,,,0,80,,47751,21,,,0,40,,47752,21,,,0,80,,47753,21,,,0,80,,47754,21,,,0,40,,47756,21,,,0,80,,47755,21,,,0,80,,47757,21,,,0,40,,47758,21,,,0
2000001,'6_1',655,,42566,21,,,0,65,,42563,21,,,0,18,,42561,21,,,0,16,,42565,21,,,0,55,,42562,21,,,0,15,,42567,21,,,0,16,,42560,21,,,0,14,,42564,21,,,0,55,,42569,21,,,0,16,,42608,21,,,0,15,,42607,21,,,0,16,,42606,21,,,0,55,,42605,21,,,0,15,,42603,21,,,0,14,,42604,21,,,0,16,,42602,21,,,0,55,,42601,21,,,0,14,,42599,21,,,0,15,,42600,21,,,0,15,,42598,21,,,0,55,,42597,21,,,0,15,,42596,21,,,0,14,,42595,21,,,0,15,,42590,21,,,0,54,,42591,21,,,0,15,,42592,21,,,0,15,,42588,21,,,0,16,,42593,21,,,0,55,,42594,21,,,0,17,,42589,21,,,0,14,,42581,21,,,0,14,,42584,21,,,0,55,,42587,21,,,0,15,,42583,21,,,0,17,,42585,21,,,0,15,,42586,21,,,0,55,,42582,21,,,0,16,,42579,21,,,0,15,,42580,21,,,0,15,,42578,21,,,0,56,,42575,21,,,0,15,,42576,21,,,0,14,,42577,21,,,0,15,,42574,21,,,0,54,,42572,21,,,0,14,,42573,21,,,0,14,,42570,21,,,0,15,,42571,21,,,0,55,,42568,21,,,0,14,,42614,21,,,0,26,,42609,21,,,0,58,,42610,21,,,0,20,,42613,21,,,0,19,,42612,21,,,0,57,,42611,21,,,0
2000001,'6_2',655,,45920,21,,,0,65,,45917,21,,,0,18,,45915,21,,,0,16,,45919,21,,,0,55,,45916,21,,,0,15,,45921,21,,,0,16,,45914,21,,,0,14,,45918,21,,,0,55,,45923,21,,,0,16,,45962,21,,,0,15,,45961,21,,,0,16,,45960,21,,,0,55,,45959,21,,,0,15,,45957,21,,,0,14,,45958,21,,,0,16,,45956,21,,,0,55,,45955,21,,,0,14,,45953,21,,,0,15,,45954,21,,,0,15,,45952,21,,,0,55,,45951,21,,,0,15,,45950,21,,,0,14,,45949,21,,,0,15,,45944,21,,,0,54,,45945,21,,,0,15,,45946,21,,,0,15,,45942,21,,,0,16,,45947,21,,,0,55,,45948,21,,,0,17,,45943,21,,,0,14,,45935,21,,,0,14,,45938,21,,,0,55,,45941,21,,,0,15,,45937,21,,,0,17,,45939,21,,,0,15,,45940,21,,,0,55,,45936,21,,,0,16,,45933,21,,,0,15,,45934,21,,,0,15,,45932,21,,,0,56,,45929,21,,,0,15,,45930,21,,,0,14,,45931,21,,,0,15,,45928,21,,,0,54,,45926,21,,,0,14,,45927,21,,,0,14,,45924,21,,,0,15,,45925,21,,,0,55,,45922,21,,,0,14,,45968,21,,,0,26,,45963,21,,,0,58,,45964,21,,,0,20,,45967,21,,,0,19,,45966,21,,,0,57,,45965,21,,,0
2000001,'6_3',655,,45975,21,,,0,65,,45972,21,,,0,18,,45970,21,,,0,16,,45974,21,,,0,55,,45971,21,,,0,15,,45976,21,,,0,16,,45969,21,,,0,14,,45973,21,,,0,55,,45978,21,,,0,16,,46017,21,,,0,15,,46016,21,,,0,16,,46015,21,,,0,55,,46014,21,,,0,15,,46012,21,,,0,14,,46013,21,,,0,16,,46011,21,,,0,55,,46010,21,,,0,14,,46008,21,,,0,15,,46009,21,,,0,15,,46007,21,,,0,55,,46006,21,,,0,15,,46005,21,,,0,14,,46004,21,,,0,15,,45999,21,,,0,54,,46000,21,,,0,15,,46001,21,,,0,15,,45997,21,,,0,16,,46002,21,,,0,55,,46003,21,,,0,17,,45998,21,,,0,14,,45990,21,,,0,14,,45993,21,,,0,55,,45996,21,,,0,15,,45992,21,,,0,17,,45994,21,,,0,15,,45995,21,,,0,55,,45991,21,,,0,16,,45988,21,,,0,15,,45989,21,,,0,15,,45987,21,,,0,56,,45984,21,,,0,15,,45985,21,,,0,14,,45986,21,,,0,15,,45983,21,,,0,54,,45981,21,,,0,14,,45982,21,,,0,14,,45979,21,,,0,15,,45980,21,,,0,55,,45977,21,,,0,14,,46023,21,,,0,26,,46018,21,,,0,58,,46019,21,,,0,20,,46022,21,,,0,19,,46021,21,,,0,57,,46020,21,,,0
2000001,'6_4',655,,46030,21,,,0,65,,46027,21,,,0,18,,46025,21,,,0,16,,46029,21,,,0,55,,46026,21,,,0,15,,46031,21,,,0,16,,46024,21,,,0,14,,46028,21,,,0,55,,46033,21,,,0,16,,46072,21,,,0,15,,46071,21,,,0,16,,46070,21,,,0,55,,46069,21,,,0,15,,46067,21,,,0,14,,46068,21,,,0,16,,46066,21,,,0,55,,46065,21,,,0,14,,46063,21,,,0,15,,46064,21,,,0,15,,46062,21,,,0,55,,46061,21,,,0,15,,46060,21,,,0,14,,46059,21,,,0,15,,46054,21,,,0,54,,46055,21,,,0,15,,46056,21,,,0,15,,46052,21,,,0,16,,46057,21,,,0,55,,46058,21,,,0,17,,46053,21,,,0,14,,46045,21,,,0,14,,46048,21,,,0,55,,46051,21,,,0,15,,46047,21,,,0,17,,46049,21,,,0,15,,46050,21,,,0,55,,46046,21,,,0,16,,46043,21,,,0,15,,46044,21,,,0,15,,46042,21,,,0,56,,46039,21,,,0,15,,46040,21,,,0,14,,46041,21,,,0,15,,46038,21,,,0,54,,46036,21,,,0,14,,46037,21,,,0,14,,46034,21,,,0,15,,46035,21,,,0,55,,46032,21,,,0,14,,46078,21,,,0,26,,46073,21,,,0,58,,46074,21,,,0,20,,46077,21,,,0,19,,46076,21,,,0,57,,46075,21,,,0
2000001,'7_1',655,,47812,21,,,0,68,,47789,21,,,0,14,,47770,15,,,0,3,,47768,11,0,18 19,0,1,,47772,21,,,0,16,,47797,21,,,0,56,,47780,21,,,0,14,,47815,21,,,0,14,,47762,21,,,0,14,,47790,21,,,0,55,,47774,21,,,0,16,,47798,21,,,0,16,,47782,21,,,0,17,,47806,21,,,0,57,,47763,21,,,0,15,,47796,21,,,0,15,,47773,21,,,0,56,,47799,21,,,0,16,,47781,21,,,0,16,,47808,21,,,0,15,,47764,21,,,0,56,,47794,21,,,0,15,,47779,21,,,0,17,,47800,21,,,0,15,,47788,21,,,0,54,,47807,21,,,0,13,,47766,21,,,0,15,,47791,21,,,0,17,,47775,21,,,0,55,,47802,21,,,0,15,,47783,21,,,0,15,,47811,21,,,0,15,,47767,21,,,0,56,,47792,21,,,0,16,,47776,21,,,0,15,,47801,21,,,0,16,,47784,21,,,0,54,,47810,21,,,0,15,,47765,21,,,0,17,,47793,21,,,0,17,,47777,21,,,0,56,,47803,21,,,0,17,,47785,21,,,0,17,,47761,21,,,0,56,,47809,21,,,0,16,,47816,21,,,0,11,,47795,21,,,0,12,,47778,21,,,0,13,,47804,21,,,0,54,,47786,21,,,0,11,,47760,21,,,0,13,,47813,21,,,0,14,,47769,21,,,0,62,,47805,21,,,0,20,,47787,21,,,0,19,,47814,21,,,0,59,,47771,21,,,0
2000001,'7_2',655,,51135,21,,,0,68,,51112,21,,,0,14,,51093,15,,,0,3,,51091,11,0,18 19,0,1,,51095,21,,,0,16,,51120,21,,,0,56,,51103,21,,,0,14,,51138,21,,,0,14,,51085,21,,,0,14,,51113,21,,,0,55,,51097,21,,,0,16,,51121,21,,,0,16,,51105,21,,,0,17,,51129,21,,,0,57,,51086,21,,,0,15,,51119,21,,,0,15,,51096,21,,,0,56,,51122,21,,,0,16,,51104,21,,,0,16,,51131,21,,,0,15,,51087,21,,,0,56,,51117,21,,,0,15,,51102,21,,,0,17,,51123,21,,,0,15,,51111,21,,,0,54,,51130,21,,,0,13,,51089,21,,,0,15,,51114,21,,,0,17,,51098,21,,,0,55,,51125,21,,,0,15,,51106,21,,,0,15,,51134,21,,,0,15,,51090,21,,,0,56,,51115,21,,,0,16,,51099,21,,,0,15,,51124,21,,,0,16,,51107,21,,,0,54,,51133,21,,,0,15,,51088,21,,,0,17,,51116,21,,,0,17,,51100,21,,,0,56,,51126,21,,,0,17,,51108,21,,,0,17,,51084,21,,,0,56,,51132,21,,,0,16,,51139,21,,,0,11,,51118,21,,,0,12,,51101,21,,,0,13,,51127,21,,,0,54,,51109,21,,,0,11,,51083,21,,,0,13,,51136,21,,,0,14,,51092,21,,,0,62,,51128,21,,,0,20,,51110,21,,,0,19,,51137,21,,,0,59,,51094,21,,,0
2000001,'7_4',655,,51192,21,,,0,68,,51169,21,,,0,14,,51150,15,,,0,3,,51148,11,0,18 19,0,1,,51152,21,,,0,16,,51177,21,,,0,56,,51160,21,,,0,14,,51195,21,,,0,14,,51142,21,,,0,14,,51170,21,,,0,55,,51154,21,,,0,16,,51178,21,,,0,16,,51162,21,,,0,17,,51186,21,,,0,57,,51143,21,,,0,15,,51176,21,,,0,15,,51153,21,,,0,56,,51179,21,,,0,16,,51161,21,,,0,16,,51188,21,,,0,15,,51144,21,,,0,56,,51174,21,,,0,15,,51159,21,,,0,17,,51180,21,,,0,15,,51168,21,,,0,54,,51187,21,,,0,13,,51146,21,,,0,15,,51171,21,,,0,17,,51155,21,,,0,55,,51182,21,,,0,15,,51163,21,,,0,15,,51191,21,,,0,15,,51147,21,,,0,56,,51172,21,,,0,16,,51156,21,,,0,15,,51181,21,,,0,16,,51164,21,,,0,54,,51190,21,,,0,15,,51145,21,,,0,17,,51173,21,,,0,17,,51157,21,,,0,56,,51183,21,,,0,17,,51165,21,,,0,17,,51141,21,,,0,56,,51189,21,,,0,16,,51196,21,,,0,11,,51175,21,,,0,12,,51158,21,,,0,13,,51184,21,,,0,54,,51166,21,,,0,11,,51140,21,,,0,13,,51193,21,,,0,14,,51149,21,,,0,62,,51185,21,,,0,20,,51167,21,,,0,19,,51194,21,,,0,59,,51151,21,,,0
