401,'S2-0_6',707,,55641,24,,,0,124,,55640,24,0,41,0,70,,55638,24,,,0,23,,55627,24,0,41,0,32,,55639,24,0,41,0,70,,55628,24,0,41,0,75,,55634,24,,,0,27,,55629,24,0,41,0,73,,55630,24,0,41,0,32,,55646,24,0,41,0,71,,55648,24,,,0,32,,55635,24,0,41,0,69,,55626,24,0,41,0,28,,55631,24,0,41,0,68,,55636,24,,,0,27,,55632,24,0,41,0,29,,55649,24,0,41,0,71,,55645,24,0,41,0,26,,55642,24,,,0,65,,55643,24,0,41,0,26,,55647,24,,,0,76,,55644,24,0,41,0,36,,55633,24,0,41,0,76,,55637,24,,,0
401,'S2-1_7',942,,55650,24,,,0,165,,55651,24,,,0,125,,55652,24,,,0,201,,55653,24,,,0,125,,55654,24,,,0,165,,55655,24,,,0,125,,55656,24,,,0
401,'S2-2_1',707,,55667,32,,,0,16,,55668,26,0,41,0,79,,55679,26,0,41,0,34,,55658,27,0,41,0,65,,55680,24,,,0,26,,55659,24,0,41,0,29,,55681,24,0,41,0,70,,55660,24,0,41,0,75,,55675,24,,,0,31,,55661,24,0,41,0,70,,55662,24,0,41,0,32,,55674,26,0,41,0,75,,55672,27,,,0,30,,55676,24,0,41,0,66,,55657,24,0,41,0,28,,55663,24,0,41,0,68,,55677,24,,,0,25,,55664,24,0,41,0,31,,55665,24,,,0,65,,55673,27,0,41,0,28,,55669,26,,,0,69,,55670,29,0,41,0,37,,55682,27,,,0,65,,55671,26,0,41,0,31,,55666,24,0,41,0,79,,55678,24,,,0
401,'S2-2_2',707,,55693,32,,,0,16,,55694,26,0,41,0,79,,55705,26,0,41,0,34,,55684,27,0,41,0,65,,55706,24,,,0,26,,55685,24,0,41,0,29,,55707,24,0,41,0,70,,55686,24,0,41,0,75,,55701,24,,,0,31,,55687,24,0,41,0,70,,55688,24,0,41,0,32,,55700,26,0,41,0,75,,55698,27,,,0,30,,55702,24,0,41,0,66,,55683,24,0,41,0,28,,55689,24,0,41,0,68,,55703,24,,,0,25,,55690,24,0,41,0,31,,55691,24,,,0,65,,55699,27,0,41,0,28,,55695,26,,,0,69,,55696,29,0,41,0,37,,55708,27,,,0,65,,55697,26,0,41,0,31,,55692,24,0,41,0,79,,55704,24,,,0
401,'S2-2_3',707,,55719,32,,,0,16,,55720,26,0,41,0,79,,55731,26,0,41,0,34,,55710,27,0,41,0,65,,55732,24,,,0,26,,55711,24,0,41,0,29,,55733,24,0,41,0,70,,55712,24,0,41,0,75,,55727,24,,,0,31,,55713,24,0,41,0,70,,55714,24,0,41,0,32,,55726,26,0,41,0,75,,55724,27,,,0,30,,55728,24,0,41,0,66,,55709,24,0,41,0,28,,55715,24,0,41,0,68,,55729,24,,,0,25,,55716,24,0,41,0,31,,55717,24,,,0,65,,55725,27,0,41,0,28,,55721,26,,,0,69,,55722,29,0,41,0,37,,55734,27,,,0,65,,55723,26,0,41,0,31,,55718,24,0,41,0,79,,55730,24,,,0
401,'S2-2_4',707,,55745,32,,,0,16,,55746,26,0,41,0,79,,55757,26,0,41,0,34,,55736,27,0,41,0,65,,55758,24,,,0,26,,55737,24,0,41,0,29,,55759,24,0,41,0,70,,55738,24,0,41,0,75,,55753,24,,,0,31,,55739,24,0,41,0,70,,55740,24,0,41,0,32,,55752,26,0,41,0,75,,55750,27,,,0,30,,55754,24,0,41,0,66,,55735,24,0,41,0,28,,55741,24,0,41,0,68,,55755,24,,,0,25,,55742,24,0,41,0,31,,55743,24,,,0,65,,55751,27,0,41,0,28,,55747,26,,,0,69,,55748,29,0,41,0,37,,55760,27,,,0,65,,55749,26,0,41,0,31,,55744,24,0,41,0,79,,55756,24,,,0
401,'S2-2_5',707,,55771,32,,,0,16,,55772,26,0,41,0,79,,55783,26,0,41,0,34,,55762,27,0,41,0,65,,55784,24,,,0,26,,55763,24,0,41,0,29,,55785,24,0,41,0,70,,55764,24,0,41,0,75,,55779,24,,,0,31,,55765,24,0,41,0,70,,55766,24,0,41,0,32,,55778,26,0,41,0,75,,55776,27,,,0,30,,55780,24,0,41,0,66,,55761,24,0,41,0,28,,55767,24,0,41,0,68,,55781,24,,,0,25,,55768,24,0,41,0,31,,55769,24,,,0,65,,55777,27,0,41,0,28,,55773,26,,,0,69,,55774,29,0,41,0,37,,55786,27,,,0,65,,55775,26,0,41,0,31,,55770,24,0,41,0,79,,55782,24,,,0
401,'S2-3_1',707,,55797,32,,,0,16,,55798,26,0,41,0,79,,55809,26,0,41,0,34,,55788,27,0,41,0,65,,55810,24,,,0,26,,55789,24,0,41,0,29,,55811,24,0,41,0,70,,55790,24,0,41,0,75,,55805,24,,,0,31,,55791,24,0,41,0,70,,55792,24,0,41,0,32,,55804,26,0,41,0,75,,55802,27,,,0,30,,55806,24,0,41,0,66,,55787,24,0,41,0,28,,55793,24,0,41,0,68,,55807,24,,,0,25,,55794,24,0,41,0,31,,55795,24,,,0,65,,55803,27,0,41,0,28,,55799,26,,,0,69,,55800,29,0,41,0,37,,55812,27,,,0,65,,55801,26,0,41,0,31,,55796,24,0,41,0,79,,55808,24,,,0
401,'S2-3_3',707,,55823,32,,,0,16,,55824,26,0,41,0,79,,55835,26,0,41,0,34,,55814,27,0,41,0,65,,55836,24,,,0,26,,55815,24,0,41,0,29,,55837,24,0,41,0,70,,55816,24,0,41,0,75,,55831,24,,,0,31,,55817,24,0,41,0,70,,55818,24,0,41,0,32,,55830,26,0,41,0,75,,55828,27,,,0,30,,55832,24,0,41,0,66,,55813,24,0,41,0,28,,55819,24,0,41,0,68,,55833,24,,,0,25,,55820,24,0,41,0,31,,55821,24,,,0,65,,55829,27,0,41,0,28,,55825,26,,,0,69,,55826,29,0,41,0,37,,55838,27,,,0,65,,55827,26,0,41,0,31,,55822,24,0,41,0,79,,55834,24,,,0
401,'S2-3_4',707,,55849,32,,,0,16,,55850,26,0,41,0,79,,55861,26,0,41,0,34,,55840,27,0,41,0,65,,55862,24,,,0,26,,55841,24,0,41,0,29,,55863,24,0,41,0,70,,55842,24,0,41,0,75,,55857,24,,,0,31,,55843,24,0,41,0,70,,55844,24,0,41,0,32,,55856,26,0,41,0,75,,55854,27,,,0,30,,55858,24,0,41,0,66,,55839,24,0,41,0,28,,55845,24,0,41,0,68,,55859,24,,,0,25,,55846,24,0,41,0,31,,55847,24,,,0,65,,55855,27,0,41,0,28,,55851,26,,,0,69,,55852,29,0,41,0,37,,55864,27,,,0,65,,55853,26,0,41,0,31,,55848,24,0,41,0,79,,55860,24,,,0
401,'S2-4_7',942,,55865,24,,,0,165,,55866,24,,,0,125,,55867,24,,,0,201,,55868,24,,,0,125,,55869,24,,,0,165,,55870,24,,,0,125,,55871,24,,,0
