601,'25j05H-Dimanche',1026,,2258,4,,0,295,,2259,4,,0,210,,2260,4,,0,215,,2261,4,,0
601,'25j26H-Dimanche',1026,,2262,4,,0,295,,2263,4,,0,210,,2264,4,,0,215,,2265,4,,0
601,'26a05H-Samedi',809,,2298,4,,0,50,,2300,4,,0,96,,2301,4,,0,92,,2302,4,,0,89,,2303,4,,0,88,,2304,4,,0,87,,2305,4,,0,90,,2306,4,,0,49,,2307,4,,0,89,,2308,4,,0,101,,2309,4,,0,92,,2310,4,,0,93,,2311,4,,0,85,,2312,4,,0,49,,2299,4,,0
601,'26a05H-Mercredi',640,,2313,4,,0,109,,2326,4,,0,95,,2314,4,,0,101,,2315,4,,0,99,,2316,4,,0,101,,2317,4,,0,164,,2318,4,,0,42,,2319,4,,0,103,,2320,4,,0,96,,2321,4,,0,82,,2327,4,,0,78,,2322,4,,0,41,,2328,4,,0,66,,2323,4,,0,27,,2329,4,,0,64,,2324,4,,0,95,,2325,4,,0
601,'26a05H-Mercredi0010000',1250,,2330,4,,0
601,'26a05H-L-Ma-J-V',640,,2331,4,,0,109,,2344,4,,0,95,,2332,4,,0,101,,2333,4,,0,99,,2334,4,,0,101,,2335,4,,0,164,,2336,4,,0,42,,2337,4,,0,103,,2338,4,,0,96,,2339,4,,0,82,,2345,4,,0,78,,2340,4,,0,41,,2346,4,,0,66,,2341,4,,0,27,,2347,4,,0,64,,2342,4,,0,95,,2343,4,,0
601,'26a05H-L-Ma-J-V1101100',1250,,2348,4,,0
601,'26b23V-Semaine',636,,2349,4,,0,112,,2363,4,,0,91,,2350,4,,0,94,,2351,4,,0,92,,2352,4,,0,86,,2353,4,,0,92,,2364,4,,0,42,,2354,4,,0,60,,2355,4,,0,96,,2356,4,,0,44,,2357,4,,0,104,,2358,4,,0,86,,2359,4,,0,95,,2360,4,,0,88,,2365,4,,0,88,,2361,4,,0,53,,2362,4,,0
601,'26c02V-Semaine',636,,2366,4,,0,112,,2380,4,,0,91,,2367,4,,0,94,,2368,4,,0,92,,2369,4,,0,86,,2370,4,,0,92,,2381,4,,0,42,,2371,4,,0,60,,2372,4,,0,96,,2373,4,,0,44,,2374,4,,0,104,,2375,4,,0,86,,2376,4,,0,95,,2377,4,,0,88,,2382,4,,0,88,,2378,4,,0,53,,2379,4,,0
1800,'25j05H-Dimanche',1030,,3524,,,0,295,,3525,,,0,211,,3526,,,0,215,,3527,,,0
1800,'25j26H-Dimanche',1030,,3528,,,0,295,,3529,,,0,211,,3530,,,0,215,,3531,,,0
1800,'26a05H-Mercredi',702,,3532,,,0,24,,3533,,,0,26,,3534,,,0,968,,3535,,,0,99,,3536,,,0,93,,3537,,,0
1800,'26a05H-Mercredi0010000',1253,,3538,,,0,62,,3539,,,0
1800,'26a05H-L-Ma-J-V',702,,3540,,,0,24,,3541,,,0,26,,3542,,,0,968,,3543,,,0,99,,3544,,,0,93,,3545,,,0
1800,'26a05H-L-Ma-J-V1101100',1622,,3546,,,0,28,,3547,,,0,102,,3548,,,0,96,,3549,,,0
29000601,'26a05H-Mercredi',1800,,8039,4,,0,55,,8040,4,,0
29000601,'26a05H-L-Ma-J-V',1800,,8041,4,,0,55,,8042,4,,0
