500,'0_6',649,,65341,12,,,0,72,,65342,12,,,0,100,,65343,12,,,0,101,,65344,12,,,0,99,,65345,12,,,0,100,,65346,12,,,0,99,,65347,12,,,0,98,,65348,12,,,0,40,,65349,12,,,0,79,,65350,12,,,0,98,,65351,12,,,0,103,,65352,12,,,0,99,,65353,12,,,0,74,,65354,12,,,0,28,,65355,12,,,0,98,,65356,12,,,0
500,'1_7',1204,,65357,12,,,0,151,,65358,12,,,0,191,,65359,12,,,0,184,,65360,12,,,0,191,,65361,12,,,0
500,'2_1',649,,65362,12,,,0,72,,65363,12,,,0,100,,65364,12,,,0,101,,65365,12,,,0,99,,65366,12,,,0,100,,65367,12,,,0,99,,65368,12,,,0,98,,65369,12,,,0,40,,65370,12,,,0,79,,65371,12,,,0,98,,65372,12,,,0,103,,65373,12,,,0,99,,65374,12,,,0,74,,65375,12,,,0,28,,65376,12,,,0,98,,65377,12,,,0
500,'2_2',649,,65378,12,,,0,72,,65379,12,,,0,100,,65380,12,,,0,101,,65381,12,,,0,99,,65382,12,,,0,100,,65383,12,,,0,99,,65384,12,,,0,98,,65385,12,,,0,40,,65386,12,,,0,79,,65387,12,,,0,98,,65388,12,,,0,103,,65389,12,,,0,99,,65390,12,,,0,74,,65391,12,,,0,28,,65392,12,,,0,98,,65393,12,,,0
500,'2_3',649,,65394,12,,,0,72,,65395,12,,,0,100,,65396,12,,,0,101,,65397,12,,,0,99,,65398,12,,,0,100,,65399,12,,,0,99,,65400,12,,,0,98,,65401,12,,,0,40,,65402,12,,,0,79,,65403,12,,,0,98,,65404,12,,,0,103,,65405,12,,,0,99,,65406,12,,,0,74,,65407,12,,,0,28,,65408,12,,,0,98,,65409,12,,,0
500,'2_4',649,,65410,12,,,0,72,,65411,12,,,0,100,,65412,12,,,0,101,,65413,12,,,0,99,,65414,12,,,0,100,,65415,12,,,0,99,,65416,12,,,0,98,,65417,12,,,0,40,,65418,12,,,0,79,,65419,12,,,0,98,,65420,12,,,0,103,,65421,12,,,0,99,,65422,12,,,0,74,,65423,12,,,0,28,,65424,12,,,0,98,,65425,12,,,0
500,'2_5',649,,65426,12,,,0,72,,65427,12,,,0,100,,65428,12,,,0,101,,65429,12,,,0,99,,65430,12,,,0,100,,65431,12,,,0,99,,65432,12,,,0,98,,65433,12,,,0,40,,65434,12,,,0,79,,65435,12,,,0,98,,65436,12,,,0,103,,65437,12,,,0,99,,65438,12,,,0,74,,65439,12,,,0,28,,65440,12,,,0,98,,65441,12,,,0
500,'3_1',649,,65442,12,,,0,72,,65443,12,,,0,100,,65444,12,,,0,101,,65445,12,,,0,99,,65446,12,,,0,100,,65447,12,,,0,99,,65448,12,,,0,98,,65449,12,,,0,40,,65450,12,,,0,79,,65451,12,,,0,98,,65452,12,,,0,103,,65453,12,,,0,99,,65454,12,,,0,74,,65455,12,,,0,28,,65456,12,,,0,98,,65457,12,,,0
500,'3_3',649,,65458,12,,,0,72,,65459,12,,,0,100,,65460,12,,,0,101,,65461,12,,,0,99,,65462,12,,,0,100,,65463,12,,,0,99,,65464,12,,,0,98,,65465,12,,,0,40,,65466,12,,,0,79,,65467,12,,,0,98,,65468,12,,,0,103,,65469,12,,,0,99,,65470,12,,,0,74,,65471,12,,,0,28,,65472,12,,,0,98,,65473,12,,,0
500,'3_4',649,,65474,12,,,0,72,,65475,12,,,0,100,,65476,12,,,0,101,,65477,12,,,0,99,,65478,12,,,0,100,,65479,12,,,0,99,,65480,12,,,0,98,,65481,12,,,0,40,,65482,12,,,0,79,,65483,12,,,0,98,,65484,12,,,0,103,,65485,12,,,0,99,,65486,12,,,0,74,,65487,12,,,0,28,,65488,12,,,0,98,,65489,12,,,0
500,'3_5',649,,65490,12,,,0,72,,65491,12,,,0,100,,65492,12,,,0,101,,65493,12,,,0,99,,65494,12,,,0,100,,65495,12,,,0,99,,65496,12,,,0,98,,65497,12,,,0,40,,65498,12,,,0,79,,65499,12,,,0,98,,65500,12,,,0,103,,65501,12,,,0,99,,65502,12,,,0,74,,65503,12,,,0,28,,65504,12,,,0,98,,65505,12,,,0
500,'4_7',1204,,65506,12,,,0,151,,65507,12,,,0,191,,65508,12,,,0,184,,65509,12,,,0,191,,65510,12,,,0
