401,'2_6',708,,31419,26,,,0,116,,31426,26,0,41,0,33,,31420,26,,,0,68,,31427,26,0,41,0,32,,31428,26,0,41,0,68,,31429,26,0,41,0,32,,31421,26,,,0,69,,31430,26,0,41,0,32,,31431,26,0,41,0,70,,31432,26,0,41,0,30,,31422,26,,,0,69,,31433,26,0,41,0,29,,31434,26,0,41,0,71,,31435,26,0,41,0,31,,31423,26,,,0,68,,31436,26,0,41,0,33,,31437,26,0,41,0,73,,31438,26,0,41,0,71,,31424,26,,,0,32,,31439,26,0,41,0,72,,31440,26,0,41,0,31,,31441,26,0,41,0,71,,31442,26,0,41,0,30,,31425,26,,,0
401,'3_7',920,,31443,26,0,41,0,100,,31444,26,0,41,0,100,,31445,26,0,41,0,100,,31446,26,0,41,0,100,,31447,26,0,41,0,100,,31448,26,0,41,0,100,,31449,26,0,41,0,100,,31450,26,0,41,0,100,,31451,26,0,41,0,100,,31452,26,0,41,0
401,'5_1',713,,37558,34,0,41,0,10,,37544,26,0,41,0,15,,37559,28,0,41,0,15,,37545,26,0,41,0,55,,37565,28,,,0,19,,37546,26,0,41,0,15,,37547,26,0,41,0,80,,37548,26,0,41,0,31,,37549,26,0,41,0,76,,37550,26,0,41,0,73,,37567,26,,,0,31,,37551,26,0,41,0,69,,37552,26,0,41,0,20,,37566,28,,,0,30,,37563,29,0,41,0,70,,37568,26,,,0,30,,37543,26,0,41,0,80,,37553,26,0,41,0,70,,37569,26,,,0,25,,37554,26,0,41,0,30,,37555,26,,,0,65,,37564,29,0,41,0,30,,37560,28,0,41,0,70,,37561,31,,,0,35,,37556,26,0,41,0,65,,37562,28,0,41,0,31,,37557,26,0,41,0,71,,37570,26,,,0
401,'5_2',713,,39462,34,0,41,0,10,,39448,26,0,41,0,15,,39463,28,0,41,0,15,,39449,26,0,41,0,55,,39469,28,,,0,19,,39450,26,0,41,0,15,,39451,26,0,41,0,80,,39452,26,0,41,0,31,,39453,26,0,41,0,76,,39454,26,0,41,0,73,,39471,26,,,0,31,,39455,26,0,41,0,69,,39456,26,0,41,0,20,,39470,28,,,0,30,,39467,29,0,41,0,70,,39472,26,,,0,30,,39447,26,0,41,0,80,,39457,26,0,41,0,70,,39473,26,,,0,25,,39458,26,0,41,0,30,,39459,26,,,0,65,,39468,29,0,41,0,30,,39464,28,0,41,0,70,,39465,31,,,0,35,,39460,26,0,41,0,65,,39466,28,0,41,0,31,,39461,26,0,41,0,71,,39474,26,,,0
401,'5_3',713,,39490,34,0,41,0,10,,39476,26,0,41,0,15,,39491,28,0,41,0,15,,39477,26,0,41,0,55,,39497,28,,,0,19,,39478,26,0,41,0,15,,39479,26,0,41,0,80,,39480,26,0,41,0,31,,39481,26,0,41,0,76,,39482,26,0,41,0,73,,39499,26,,,0,31,,39483,26,0,41,0,69,,39484,26,0,41,0,20,,39498,28,,,0,30,,39495,29,0,41,0,70,,39500,26,,,0,30,,39475,26,0,41,0,80,,39485,26,0,41,0,70,,39501,26,,,0,25,,39486,26,0,41,0,30,,39487,26,,,0,65,,39496,29,0,41,0,30,,39492,28,0,41,0,70,,39493,31,,,0,35,,39488,26,0,41,0,65,,39494,28,0,41,0,31,,39489,26,0,41,0,71,,39502,26,,,0
401,'5_4',713,,39518,34,0,41,0,10,,39504,26,0,41,0,15,,39519,28,0,41,0,15,,39505,26,0,41,0,55,,39525,28,,,0,19,,39506,26,0,41,0,15,,39507,26,0,41,0,80,,39508,26,0,41,0,31,,39509,26,0,41,0,76,,39510,26,0,41,0,73,,39527,26,,,0,31,,39511,26,0,41,0,69,,39512,26,0,41,0,20,,39526,28,,,0,30,,39523,29,0,41,0,70,,39528,26,,,0,30,,39503,26,0,41,0,80,,39513,26,0,41,0,70,,39529,26,,,0,25,,39514,26,0,41,0,30,,39515,26,,,0,65,,39524,29,0,41,0,30,,39520,28,0,41,0,70,,39521,31,,,0,35,,39516,26,0,41,0,65,,39522,28,0,41,0,31,,39517,26,0,41,0,71,,39530,26,,,0
401,'5_5',713,,39546,34,0,41,0,10,,39532,26,0,41,0,15,,39547,28,0,41,0,15,,39533,26,0,41,0,55,,39553,28,,,0,19,,39534,26,0,41,0,15,,39535,26,0,41,0,80,,39536,26,0,41,0,31,,39537,26,0,41,0,76,,39538,26,0,41,0,73,,39555,26,,,0,31,,39539,26,0,41,0,69,,39540,26,0,41,0,20,,39554,28,,,0,30,,39551,29,0,41,0,70,,39556,26,,,0,30,,39531,26,0,41,0,80,,39541,26,0,41,0,70,,39557,26,,,0,25,,39542,26,0,41,0,30,,39543,26,,,0,65,,39552,29,0,41,0,30,,39548,28,0,41,0,70,,39549,31,,,0,35,,39544,26,0,41,0,65,,39550,28,0,41,0,31,,39545,26,0,41,0,71,,39558,26,,,0
401,'6_1',713,,39574,34,0,41,0,10,,39560,26,0,41,0,15,,39575,28,0,41,0,15,,39561,26,0,41,0,55,,39581,28,,,0,19,,39562,26,0,41,0,15,,39563,26,0,41,0,80,,39564,26,0,41,0,31,,39565,26,0,41,0,76,,39566,26,0,41,0,73,,39583,26,,,0,31,,39567,26,0,41,0,69,,39568,26,0,41,0,20,,39582,28,,,0,30,,39579,29,0,41,0,70,,39584,26,,,0,30,,39559,26,0,41,0,80,,39569,26,0,41,0,70,,39585,26,,,0,25,,39570,26,0,41,0,30,,39571,26,,,0,65,,39580,29,0,41,0,30,,39576,28,0,41,0,70,,39577,31,,,0,35,,39572,26,0,41,0,65,,39578,28,0,41,0,31,,39573,26,0,41,0,71,,39586,26,,,0
401,'6_2',713,,44189,34,0,41,0,10,,44175,26,0,41,0,15,,44190,28,0,41,0,15,,44176,26,0,41,0,55,,44196,28,,,0,19,,44177,26,0,41,0,15,,44178,26,0,41,0,80,,44179,26,0,41,0,31,,44180,26,0,41,0,76,,44181,26,0,41,0,73,,44198,26,,,0,31,,44182,26,0,41,0,69,,44183,26,0,41,0,20,,44197,28,,,0,30,,44194,29,0,41,0,70,,44199,26,,,0,30,,44174,26,0,41,0,80,,44184,26,0,41,0,70,,44200,26,,,0,25,,44185,26,0,41,0,30,,44186,26,,,0,65,,44195,29,0,41,0,30,,44191,28,0,41,0,70,,44192,31,,,0,35,,44187,26,0,41,0,65,,44193,28,0,41,0,31,,44188,26,0,41,0,71,,44201,26,,,0
401,'6_3',713,,44217,34,0,41,0,10,,44203,26,0,41,0,15,,44218,28,0,41,0,15,,44204,26,0,41,0,55,,44224,28,,,0,19,,44205,26,0,41,0,15,,44206,26,0,41,0,80,,44207,26,0,41,0,31,,44208,26,0,41,0,76,,44209,26,0,41,0,73,,44226,26,,,0,31,,44210,26,0,41,0,69,,44211,26,0,41,0,20,,44225,28,,,0,30,,44222,29,0,41,0,70,,44227,26,,,0,30,,44202,26,0,41,0,80,,44212,26,0,41,0,70,,44228,26,,,0,25,,44213,26,0,41,0,30,,44214,26,,,0,65,,44223,29,0,41,0,30,,44219,28,0,41,0,70,,44220,31,,,0,35,,44215,26,0,41,0,65,,44221,28,0,41,0,31,,44216,26,0,41,0,71,,44229,26,,,0
401,'6_4',713,,44245,34,0,41,0,10,,44231,26,0,41,0,15,,44246,28,0,41,0,15,,44232,26,0,41,0,55,,44252,28,,,0,19,,44233,26,0,41,0,15,,44234,26,0,41,0,80,,44235,26,0,41,0,31,,44236,26,0,41,0,76,,44237,26,0,41,0,73,,44254,26,,,0,31,,44238,26,0,41,0,69,,44239,26,0,41,0,20,,44253,28,,,0,30,,44250,29,0,41,0,70,,44255,26,,,0,30,,44230,26,0,41,0,80,,44240,26,0,41,0,70,,44256,26,,,0,25,,44241,26,0,41,0,30,,44242,26,,,0,65,,44251,29,0,41,0,30,,44247,28,0,41,0,70,,44248,31,,,0,35,,44243,26,0,41,0,65,,44249,28,0,41,0,31,,44244,26,0,41,0,71,,44257,26,,,0
