401,'1_6',654,,16224,9,,,0,155,,16231,9,0,41,0,35,,16225,9,,,0,69,,16232,9,0,41,0,32,,16233,9,0,41,0,67,,16234,9,0,41,0,32,,16226,9,,,0,69,,16235,9,0,41,0,31,,16236,9,0,41,0,71,,16237,9,0,41,0,30,,16227,9,,,0,69,,16238,9,0,41,0,29,,16239,9,0,41,0,71,,16240,9,0,41,0,31,,16228,9,,,0,68,,16241,9,0,41,0,32,,16242,9,0,41,0,73,,16243,9,0,41,0,31,,16229,9,,,0,71,,16244,9,0,41,0,33,,16245,9,0,41,0,72,,16246,9,0,41,0,31,,16247,9,0,41,0,70,,16230,9,,,0
401,'4_7',909,,16248,9,0,41,0,100,,16249,9,0,41,0,100,,16250,9,0,41,0,100,,16251,9,0,41,0,100,,16252,9,0,41,0,100,,16253,9,0,41,0,100,,16254,9,0,41,0,100,,16255,9,0,41,0,100,,16256,9,0,41,0,100,,16257,9,0,41,0
401,'5_1',650,,16289,2,0,52,0,57,,16259,9,0,41,0,8,,16276,9,0,41,0,22,,16260,9,0,41,0,12,,16283,9,,,0,66,,16261,9,0,41,0,11,,16262,9,0,41,0,78,,16263,9,0,41,0,35,,16264,9,0,41,0,75,,16265,9,0,41,0,35,,16285,9,,,0,71,,16266,9,0,41,0,28,,16267,9,0,41,0,57,,16284,9,,,0,30,,16280,9,0,41,0,74,,16286,9,,,0,34,,16258,12,0,41,0,77,,16268,9,0,41,0,30,,16287,9,,,0,66,,16269,9,0,41,0,28,,16270,9,0,41,0,15,,16271,9,0,41,0,50,,16281,9,0,41,0,18,,16277,9,0,41,0,23,,16272,9,0,41,0,8,,16278,9,0,41,0,51,,16282,9,,,0,38,,16273,9,0,41,0,55,,16279,9,0,41,0,45,,16274,9,0,41,0,67,,16288,9,,,0
401,'5_2',650,,16321,2,0,52,0,57,,16291,9,0,41,0,8,,16308,9,0,41,0,22,,16292,9,0,41,0,12,,16315,9,,,0,66,,16293,9,0,41,0,11,,16294,9,0,41,0,78,,16295,9,0,41,0,35,,16296,9,0,41,0,75,,16297,9,0,41,0,35,,16317,9,,,0,71,,16298,9,0,41,0,28,,16299,9,0,41,0,57,,16316,9,,,0,30,,16312,9,0,41,0,74,,16318,9,,,0,34,,16290,12,0,41,0,77,,16300,9,0,41,0,30,,16319,9,,,0,66,,16301,9,0,41,0,28,,16302,9,0,41,0,15,,16303,9,0,41,0,50,,16313,9,0,41,0,18,,16309,9,0,41,0,23,,16304,9,0,41,0,8,,16310,9,0,41,0,51,,16314,9,,,0,38,,16305,9,0,41,0,55,,16311,9,0,41,0,45,,16306,9,0,41,0,67,,16320,9,,,0
401,'5_4',650,,16353,2,0,52,0,57,,16323,9,0,41,0,8,,16340,9,0,41,0,22,,16324,9,0,41,0,12,,16347,9,,,0,66,,16325,9,0,41,0,11,,16326,9,0,41,0,78,,16327,9,0,41,0,35,,16328,9,0,41,0,75,,16329,9,0,41,0,35,,16349,9,,,0,71,,16330,9,0,41,0,28,,16331,9,0,41,0,57,,16348,9,,,0,30,,16344,9,0,41,0,74,,16350,9,,,0,34,,16322,12,0,41,0,77,,16332,9,0,41,0,30,,16351,9,,,0,66,,16333,9,0,41,0,28,,16334,9,0,41,0,15,,16335,9,0,41,0,50,,16345,9,0,41,0,18,,16341,9,0,41,0,23,,16336,9,0,41,0,8,,16342,9,0,41,0,51,,16346,9,,,0,38,,16337,9,0,41,0,55,,16343,9,0,41,0,45,,16338,9,0,41,0,67,,16352,9,,,0
401,'5_5',650,,16385,2,0,52,0,57,,16355,9,0,41,0,8,,16372,9,0,41,0,22,,16356,9,0,41,0,12,,16379,9,,,0,66,,16357,9,0,41,0,11,,16358,9,0,41,0,78,,16359,9,0,41,0,35,,16360,9,0,41,0,75,,16361,9,0,41,0,35,,16381,9,,,0,71,,16362,9,0,41,0,28,,16363,9,0,41,0,57,,16380,9,,,0,30,,16376,9,0,41,0,74,,16382,9,,,0,34,,16354,12,0,41,0,77,,16364,9,0,41,0,30,,16383,9,,,0,66,,16365,9,0,41,0,28,,16366,9,0,41,0,15,,16367,9,0,41,0,50,,16377,9,0,41,0,18,,16373,9,0,41,0,23,,16368,9,0,41,0,8,,16374,9,0,41,0,51,,16378,9,,,0,38,,16369,9,0,41,0,55,,16375,9,0,41,0,45,,16370,9,0,41,0,67,,16384,9,,,0
401,'6_3',650,,16417,2,0,52,0,57,,16387,9,0,41,0,8,,16404,9,0,41,0,22,,16388,9,0,41,0,12,,16411,9,,,0,66,,16389,9,0,41,0,11,,16390,9,0,41,0,78,,16391,9,0,41,0,35,,16392,9,0,41,0,75,,16393,9,0,41,0,35,,16413,9,,,0,71,,16394,9,0,41,0,28,,16395,9,0,41,0,57,,16412,9,,,0,30,,16408,9,0,41,0,74,,16414,9,,,0,34,,16386,12,0,41,0,77,,16396,9,0,41,0,30,,16415,9,,,0,66,,16397,9,0,41,0,28,,16398,9,0,41,0,15,,16399,9,0,41,0,50,,16409,9,0,41,0,18,,16405,9,0,41,0,23,,16400,9,0,41,0,8,,16406,9,0,41,0,51,,16410,9,,,0,38,,16401,9,0,41,0,55,,16407,9,0,41,0,45,,16402,9,0,41,0,67,,16416,9,,,0
2301,'5_1',654,,18116,2,,,0,62,,18115,2,,,0,1,,18114,12,,,0
2301,'5_2',654,,18119,2,,,0,62,,18118,2,,,0,1,,18117,12,,,0
2301,'5_4',654,,18122,2,,,0,62,,18121,2,,,0,1,,18120,12,,,0
2301,'5_5',654,,18125,2,,,0,62,,18124,2,,,0,1,,18123,12,,,0
2301,'6_3',654,,18128,2,,,0,62,,18127,2,,,0,1,,18126,12,,,0
