701,'0_6',730,,66147,23,,,0,110,,66148,23,,,0,110,,66149,23,,,0,150,,66150,23,,,0,110,,66151,23,,,0,110,,66152,23,,,0,110,,66153,23,,,0,110,,66154,23,,,0,110,,66155,23,,,0,150,,66145,23,,,0,110,,66146,23,,,0
701,'2_1',732,,66156,23,,,0,111,,66157,23,,,0,108,,66158,23,,,0,150,,66159,23,,,0,111,,66160,23,,,0,110,,66161,23,,,0,110,,66162,23,,,0,110,,66163,23,,,0,110,,66164,23,,,0,151,,66165,23,,,0,108,,66166,23,,,0
701,'2_2',732,,66167,23,,,0,111,,66168,23,,,0,108,,66169,23,,,0,150,,66170,23,,,0,111,,66171,23,,,0,110,,66172,23,,,0,110,,66173,23,,,0,110,,66174,23,,,0,110,,66175,23,,,0,151,,66176,23,,,0,108,,66177,23,,,0
701,'2_3',732,,66178,23,,,0,111,,66179,23,,,0,108,,66180,23,,,0,150,,66181,23,,,0,111,,66182,23,,,0,110,,66183,23,,,0,110,,66184,23,,,0,110,,66185,23,,,0,110,,66186,23,,,0,151,,66187,23,,,0,108,,66188,23,,,0
701,'2_4',732,,66189,23,,,0,111,,66190,23,,,0,108,,66191,23,,,0,150,,66192,23,,,0,111,,66193,23,,,0,110,,66194,23,,,0,110,,66195,23,,,0,110,,66196,23,,,0,110,,66197,23,,,0,151,,66198,23,,,0,108,,66199,23,,,0
701,'2_5',732,,66200,23,,,0,111,,66201,23,,,0,108,,66202,23,,,0,150,,66203,23,,,0,111,,66204,23,,,0,110,,66205,23,,,0,110,,66206,23,,,0,110,,66207,23,,,0,110,,66208,23,,,0,151,,66209,23,,,0,108,,66210,23,,,0
701,'3_1',732,,66211,23,,,0,111,,66212,23,,,0,108,,66213,23,,,0,150,,66214,23,,,0,111,,66215,23,,,0,110,,66216,23,,,0,110,,66217,23,,,0,110,,66218,23,,,0,110,,66219,23,,,0,151,,66220,23,,,0,108,,66221,23,,,0
701,'3_3',732,,66222,23,,,0,111,,66223,23,,,0,108,,66224,23,,,0,150,,66225,23,,,0,111,,66226,23,,,0,110,,66227,23,,,0,110,,66228,23,,,0,110,,66229,23,,,0,110,,66230,23,,,0,151,,66231,23,,,0,108,,66232,23,,,0
701,'3_4',732,,66233,23,,,0,111,,66234,23,,,0,108,,66235,23,,,0,150,,66236,23,,,0,111,,66237,23,,,0,110,,66238,23,,,0,110,,66239,23,,,0,110,,66240,23,,,0,110,,66241,23,,,0,151,,66242,23,,,0,108,,66243,23,,,0
701,'3_5',732,,66244,23,,,0,111,,66245,23,,,0,108,,66246,23,,,0,150,,66247,23,,,0,111,,66248,23,,,0,110,,66249,23,,,0,110,,66250,23,,,0,110,,66251,23,,,0,110,,66252,23,,,0,151,,66253,23,,,0,108,,66254,23,,,0
