601,'2509-HIV-25j05H-d-Dimanche-00',1000,,10334,,,0,255,,10335,,,0,250,,10336,,,0,215,,10337,,,0
601,'2509-HIV-25j26H-d-Dimanche-00',1000,,10338,,,0,255,,10339,,,0,250,,10340,,,0,215,,10341,,,0
601,'2509-HIV-25k03H-s-Samedi-00',741,,10342,,,0,90,,10344,,,0,96,,10345,,,0,93,,10346,,,0,89,,10347,,,0,49,,10348,,,0,88,,10349,,,0,89,,10350,,,0,88,,10351,,,0,89,,10352,,,0,100,,10353,,,0,91,,10354,,,0,54,,10355,,,0,87,,10356,,,0,90,,10343,,,0
601,'2509-HIV-25l22Vlv-Semaine-00',611,,10357,,,0,109,,10371,,,0,92,,10358,,,0,93,,10359,,,0,53,,10360,,,0,85,,10361,,,0,93,,10372,,,0,84,,10362,,,0,20,,10363,,,0,95,,10364,,,0,84,,10365,,,0,103,,10366,,,0,85,,10367,,,0,94,,10368,,,0,49,,10373,,,0,90,,10369,,,0,94,,10370,,,0
601,'2509-HIV-26a05H-s-Samedi-00',741,,10374,,,0,90,,10376,,,0,96,,10377,,,0,93,,10378,,,0,89,,10379,,,0,49,,10380,,,0,88,,10381,,,0,89,,10382,,,0,88,,10383,,,0,89,,10384,,,0,100,,10385,,,0,91,,10386,,,0,54,,10387,,,0,87,,10388,,,0,90,,10375,,,0
601,'2509-HIV-26a05H-w-Mercredi-00',611,,10389,,,0,108,,10402,,,0,96,,10390,,,0,102,,10391,,,0,99,,10392,,,0,100,,10393,,,0,125,,10394,,,0,80,,10395,,,0,104,,10396,,,0,94,,10397,,,0,39,,10403,,,0,80,,10398,,,0,75,,10404,,,0,28,,10399,,,0,73,,10405,,,0,27,,10400,,,0,94,,10401,,,0
601,'2509-HIV-26a05H-w-Mercredi-00-0010000',1218,,10406,,,0
601,'2509-HIV-26a05Hlv-L-Ma-J-V-00',611,,10407,,,0,108,,10420,,,0,96,,10408,,,0,102,,10409,,,0,99,,10410,,,0,100,,10411,,,0,125,,10412,,,0,80,,10413,,,0,104,,10414,,,0,94,,10415,,,0,39,,10421,,,0,80,,10416,,,0,75,,10422,,,0,28,,10417,,,0,73,,10423,,,0,27,,10418,,,0,94,,10419,,,0
601,'2509-HIV-26a05Hlv-L-Ma-J-V-00-1101100',1218,,10424,,,0
601,'2509-HIV-26b23Vlv-Semaine-00',611,,10425,,,0,109,,10439,,,0,92,,10426,,,0,93,,10427,,,0,53,,10428,,,0,85,,10429,,,0,93,,10440,,,0,84,,10430,,,0,20,,10431,,,0,95,,10432,,,0,84,,10433,,,0,103,,10434,,,0,85,,10435,,,0,94,,10436,,,0,49,,10441,,,0,90,,10437,,,0,94,,10438,,,0
601,'2509-HIV-26c02Vlv-Semaine-00',611,,10442,,,0,109,,10456,,,0,92,,10443,,,0,93,,10444,,,0,53,,10445,,,0,85,,10446,,,0,93,,10457,,,0,84,,10447,,,0,20,,10448,,,0,95,,10449,,,0,84,,10450,,,0,103,,10451,,,0,85,,10452,,,0,94,,10453,,,0,49,,10458,,,0,90,,10454,,,0,94,,10455,,,0
901,'2509-HIV-25j05H-d-Dimanche-00',935,,10862,,,0,300,,10864,0,8,0,300,,10865,0,8,0,300,,10863,,,0
901,'2509-HIV-25j26H-d-Dimanche-00',935,,10866,,,0,300,,10868,0,8,0,300,,10869,0,8,0,300,,10867,,,0
901,'2509-HIV-25k03H-s-Samedi-00',739,,10870,0,9 10 9,0,99,,10882,0,8,0,368,,10880,0,8,0,318,,10878,0,8,0,82,,10871,0,9 10 9,0,103,,10872,0,9 10 9,0,135,,10873,0,9 10 9,0,90,,10874,0,9 10 9,0
901,'2509-HIV-25l22Vlv-Semaine-00',739,,10883,0,11,0,66,,10884,0,12,0,103,,10885,0,9 10 9,0,250,,10889,0,8,0,366,,10896,0,8,0,91,,10892,0,9 10 9,0,95,,10893,0,9 10 9,0,129,,10894,0,9 10 9,0,95,,10895,0,9 10 9,0
901,'2509-HIV-26a05H-s-Samedi-00',739,,10897,0,9 10 9,0,99,,10909,0,8,0,368,,10907,0,8,0,318,,10905,0,8,0,82,,10898,0,9 10 9,0,103,,10899,0,9 10 9,0,135,,10900,0,9 10 9,0,90,,10901,0,9 10 9,0
901,'2509-HIV-26a05H-w-Mercredi-00',739,,10910,0,11,0,66,,10911,0,12,0,102,,10916,0,9 10 9,0,152,,10917,0,9 10 9,0,147,,10912,0,12,0,34,,10921,,,0,105,,10918,0,9 10 9,0,111,,10919,0,9 10 9,0,150,,10913,0,12,0,21,,10924,,,0,79,,10914,0,12,0,100,,10915,0,12,0,128,,10925,,,0
901,'2509-HIV-26a05Hlv-L-Ma-J-V-00',739,,10926,0,11,0,66,,10927,0,12,0,102,,10932,0,9 10 9,0,152,,10933,0,9 10 9,0,147,,10928,0,12,0,34,,10937,,,0,105,,10934,0,9 10 9,0,111,,10935,0,9 10 9,0,150,,10929,0,12,0,21,,10940,,,0,79,,10930,0,12,0,100,,10931,0,12,0,128,,10941,,,0
901,'2509-HIV-26b23Vlv-Semaine-00',739,,10942,0,11,0,66,,10943,0,12,0,103,,10944,0,9 10 9,0,250,,10948,0,8,0,366,,10955,0,8,0,91,,10951,0,9 10 9,0,95,,10952,0,9 10 9,0,129,,10953,0,9 10 9,0,95,,10954,0,9 10 9,0
901,'2509-HIV-26c02Vlv-Semaine-00',739,,10956,0,11,0,66,,10957,0,12,0,103,,10958,0,9 10 9,0,250,,10962,0,8,0,366,,10969,0,8,0,91,,10965,0,9 10 9,0,95,,10966,0,9 10 9,0,129,,10967,0,9 10 9,0,95,,10968,0,9 10 9,0
1901,'2509-HIV-26a05H-w-Mercredi-00-0010000',1206,,11678,,,0,34,,11679,0,,0
1901,'2509-HIV-26a05Hlv-L-Ma-J-V-00-1101100',1606,,11684,,,0,100,,11685,,,0,100,,11686,,,0
2601,'2509-HIV-25k03H-s-Samedi-00',740,,12106,,,0,86,,12109,,,0,85,,12110,,,0,47,,12111,,,0,90,,12112,,,0,84,,12113,,,0,83,,12114,,,0,85,,12115,,,0,42,,12116,,,0,85,,12117,,,0,86,,12118,,,0,91,,12119,,,0,46,,12120,,,0,81,,12121,,,0,86,,12122,,,0,42,,12108,,,0,81,,12107,,,0
2601,'2509-HIV-25l22Vlv-Semaine-00',740,,12123,,,0,86,,12124,,,0,85,,12125,,,0,47,,12126,,,0,90,,12127,,,0,84,,12128,,,0,83,,12129,,,0,85,,12130,,,0,42,,12131,,,0,85,,12132,,,0,86,,12133,,,0,91,,12134,,,0,46,,12135,,,0,81,,12136,,,0,86,,12137,,,0,42,,12138,,,0,81,,12139,,,0
2601,'2509-HIV-26a05H-s-Samedi-00',740,,12140,,,0,86,,12143,,,0,85,,12144,,,0,47,,12145,,,0,90,,12146,,,0,84,,12147,,,0,83,,12148,,,0,85,,12149,,,0,42,,12150,,,0,85,,12151,,,0,86,,12152,,,0,91,,12153,,,0,46,,12154,,,0,81,,12155,,,0,86,,12156,,,0,42,,12142,,,0,81,,12141,,,0
2601,'2509-HIV-26a05H-w-Mercredi-00',736,,12165,,,0,3,,12163,,,0,2,,12157,,,0,72,,12166,,,0,24,,12168,,,0,9,,12164,,,0,55,,12167,,,0,39,,12158,,,0,100,,12159,,,0,100,,12175,,,0,100,,12160,,,0,67,,12176,,,0,22,,12177,,,0,92,,12161,,,0,95,,12162,,,0,114,,12170,,,0,89,,12171,,,0,27,,12172,,,0,89,,12173,,,0,23,,12174,,,0,92,,12169,,,0
2601,'2509-HIV-26a05Hlv-L-Ma-J-V-00',736,,12186,,,0,3,,12184,,,0,2,,12178,,,0,72,,12187,,,0,24,,12189,,,0,9,,12185,,,0,55,,12188,,,0,39,,12179,,,0,100,,12180,,,0,100,,12196,,,0,100,,12181,,,0,67,,12197,,,0,22,,12198,,,0,92,,12182,,,0,95,,12183,,,0,114,,12191,,,0,89,,12192,,,0,27,,12193,,,0,89,,12194,,,0,23,,12195,,,0,92,,12190,,,0
2601,'2509-HIV-26a05Hlv-L-Ma-J-V-00-1101100',1334,,12199,,,0
2601,'2509-HIV-26b23Vlv-Semaine-00',740,,12200,,,0,86,,12201,,,0,85,,12202,,,0,47,,12203,,,0,90,,12204,,,0,84,,12205,,,0,83,,12206,,,0,85,,12207,,,0,42,,12208,,,0,85,,12209,,,0,86,,12210,,,0,91,,12211,,,0,46,,12212,,,0,81,,12213,,,0,86,,12214,,,0,42,,12215,,,0,81,,12216,,,0
2601,'2509-HIV-26c02Vlv-Semaine-00',740,,12217,,,0,86,,12218,,,0,85,,12219,,,0,47,,12220,,,0,90,,12221,,,0,84,,12222,,,0,83,,12223,,,0,85,,12224,,,0,42,,12225,,,0,85,,12226,,,0,86,,12227,,,0,91,,12228,,,0,46,,12229,,,0,81,,12230,,,0,86,,12231,,,0,42,,12232,,,0,81,,12233,,,0
