800,'5_1',703,,16917,14,,,0,33,,16918,14,,,0,67,,16919,14,,,0,31,,16920,14,,,0,80,,16921,14,,,0,110,,16922,14,,,0,117,,16923,14,,,0,111,,16924,14,,,0,150,,16925,14,,,0,112,,16927,14,,,0,110,,16926,14,,,0
800,'5_2',703,,16928,14,,,0,33,,16929,14,,,0,67,,16930,14,,,0,31,,16931,14,,,0,80,,16932,14,,,0,110,,16933,14,,,0,117,,16934,14,,,0,111,,16935,14,,,0,150,,16936,14,,,0,112,,16938,14,,,0,110,,16937,14,,,0
800,'5_4',703,,16939,14,,,0,33,,16940,14,,,0,67,,16941,14,,,0,31,,16942,14,,,0,80,,16943,14,,,0,110,,16944,14,,,0,117,,16945,14,,,0,111,,16946,14,,,0,150,,16947,14,,,0,112,,16949,14,,,0,110,,16948,14,,,0
800,'5_5',703,,16950,14,,,0,33,,16951,14,,,0,67,,16952,14,,,0,31,,16953,14,,,0,80,,16954,14,,,0,110,,16955,14,,,0,117,,16956,14,,,0,111,,16957,14,,,0,150,,16958,14,,,0,112,,16960,14,,,0,110,,16959,14,,,0
800,'6_3',703,,16961,14,,,0,33,,16962,14,,,0,67,,16963,14,,,0,31,,16964,14,,,0,80,,16965,14,,,0,110,,16966,14,,,0,117,,16967,14,,,0,111,,16968,14,,,0,150,,16969,14,,,0,112,,16971,14,,,0,110,,16970,14,,,0
2200,'5_1',708,,18034,9,0,11 15 16,0,20,,18040,9,0,17,0,102,,18035,9,0,11 15 16,0,513,,18037,9,0,42,0,305,,18038,9,0,42,0,63,,18036,9,0,11 15 16,0,37,,18039,9,0,42,0
2200,'5_2',708,,18041,9,0,11 15 16,0,20,,18047,9,0,17,0,102,,18042,9,0,11 15 16,0,513,,18044,9,0,42,0,305,,18045,9,0,42,0,63,,18043,9,0,11 15 16,0,37,,18046,9,0,42,0
2200,'5_4',708,,18048,9,0,11 15 16,0,20,,18054,9,0,17,0,102,,18049,9,0,11 15 16,0,513,,18051,9,0,42,0,305,,18052,9,0,42,0,63,,18050,9,0,11 15 16,0,37,,18053,9,0,42,0
2200,'5_5',708,,18055,9,0,11 15 16,0,20,,18061,9,0,17,0,102,,18056,9,0,11 15 16,0,513,,18058,9,0,42,0,305,,18059,9,0,42,0,63,,18057,9,0,11 15 16,0,37,,18060,9,0,42,0
2200,'6_3',708,,18062,9,0,11 15 16,0,20,,18066,9,0,17,0,102,,18063,9,0,11 15 16,0,513,,18065,9,0,42,0,368,,18064,9,0,11 15 16,0
2401,'5_1',1640,,18148,22,,,0,104,,18149,22,,,0,94,,18150,22,,,0
2401,'5_2',1640,,18152,22,,,0,104,,18153,22,,,0,94,,18154,22,,,0
2401,'5_4',1640,,18156,22,,,0,104,,18157,22,,,0,94,,18158,22,,,0
2401,'5_5',1640,,18160,22,,,0,104,,18161,22,,,0,94,,18162,22,,,0
2401,'6_3',1302,,18164,22,,,0
