400,'S2-0_6',716,,55407,7,0,40,0,94,,55399,7,0,40,0,31,,55388,19,0,40,0,69,,55387,7,0,40,0,30,,55386,7,0,40,0,73,,55389,7,0,40,0,31,,55403,19,0,40,0,71,,55390,7,0,40,0,30,,55391,7,0,40,0,71,,55409,7,0,40,0,29,,55406,19,0,40,0,70,,55392,7,0,40,0,30,,55393,7,0,40,0,68,,55394,7,0,40,0,27,,55396,19,0,40,0,71,,55397,7,0,40,0,34,,55395,7,0,40,0,72,,55408,7,0,40,0,24,,55400,19,0,40,0,63,,55404,7,0,40,0,29,,55405,7,0,40,0,77,,55401,7,0,40,0,31,,55402,19,0,40,0,85,,55398,19,0,40,0
400,'S2-1_7',821,,55410,19,0,40,0,125,,55411,19,0,40,0,165,,55412,19,0,40,0,200,,55413,19,0,40,0,126,,55414,19,0,40,0,165,,55415,19,0,40,0,126,,55416,19,0,40,0,125,,55417,19,0,40,0
400,'S2-2_1',701,,55442,7,,,0,34,,55439,7,0,40,0,75,,55433,7,0,40,0,31,,55420,19,0,40,0,69,,55419,7,0,40,0,29,,55418,7,0,40,0,78,,55421,7,0,40,0,28,,55440,19,0,40,0,70,,55422,7,0,40,0,35,,55423,7,0,40,0,72,,55436,7,0,40,0,23,,55434,19,0,40,0,70,,55424,7,0,40,0,30,,55425,7,0,40,0,66,,55426,7,0,40,0,29,,55428,19,0,40,0,71,,55429,7,0,40,0,34,,55427,7,0,40,0,72,,55438,7,,,0,28,,55435,19,0,40,0,68,,55430,7,0,40,0,26,,55431,19,,,0,71,,55437,7,0,40,0,36,,55441,19,0,40,0,86,,55432,19,0,40,0
400,'S2-2_2',701,,55467,7,,,0,34,,55464,7,0,40,0,75,,55458,7,0,40,0,31,,55445,19,0,40,0,69,,55444,7,0,40,0,29,,55443,7,0,40,0,78,,55446,7,0,40,0,28,,55465,19,0,40,0,70,,55447,7,0,40,0,35,,55448,7,0,40,0,72,,55461,7,0,40,0,23,,55459,19,0,40,0,70,,55449,7,0,40,0,30,,55450,7,0,40,0,66,,55451,7,0,40,0,29,,55453,19,0,40,0,71,,55454,7,0,40,0,34,,55452,7,0,40,0,72,,55463,7,,,0,28,,55460,19,0,40,0,68,,55455,7,0,40,0,26,,55456,19,,,0,71,,55462,7,0,40,0,36,,55466,19,0,40,0,86,,55457,19,0,40,0
400,'S2-2_3',701,,55492,7,,,0,34,,55489,7,0,40,0,75,,55483,7,0,40,0,31,,55470,19,0,40,0,69,,55469,7,0,40,0,29,,55468,7,0,40,0,78,,55471,7,0,40,0,28,,55490,19,0,40,0,70,,55472,7,0,40,0,35,,55473,7,0,40,0,72,,55486,7,0,40,0,23,,55484,19,0,40,0,70,,55474,7,0,40,0,30,,55475,7,0,40,0,66,,55476,7,0,40,0,29,,55478,19,0,40,0,71,,55479,7,0,40,0,34,,55477,7,0,40,0,72,,55488,7,,,0,28,,55485,19,0,40,0,68,,55480,7,0,40,0,26,,55481,19,,,0,71,,55487,7,0,40,0,36,,55491,19,0,40,0,86,,55482,19,0,40,0
400,'S2-2_4',701,,55517,7,,,0,34,,55514,7,0,40,0,75,,55508,7,0,40,0,31,,55495,19,0,40,0,69,,55494,7,0,40,0,29,,55493,7,0,40,0,78,,55496,7,0,40,0,28,,55515,19,0,40,0,70,,55497,7,0,40,0,35,,55498,7,0,40,0,72,,55511,7,0,40,0,23,,55509,19,0,40,0,70,,55499,7,0,40,0,30,,55500,7,0,40,0,66,,55501,7,0,40,0,29,,55503,19,0,40,0,71,,55504,7,0,40,0,34,,55502,7,0,40,0,72,,55513,7,,,0,28,,55510,19,0,40,0,68,,55505,7,0,40,0,26,,55506,19,,,0,71,,55512,7,0,40,0,36,,55516,19,0,40,0,86,,55507,19,0,40,0
400,'S2-2_5',701,,55542,7,,,0,34,,55539,7,0,40,0,75,,55533,7,0,40,0,31,,55520,19,0,40,0,69,,55519,7,0,40,0,29,,55518,7,0,40,0,78,,55521,7,0,40,0,28,,55540,19,0,40,0,70,,55522,7,0,40,0,35,,55523,7,0,40,0,72,,55536,7,0,40,0,23,,55534,19,0,40,0,70,,55524,7,0,40,0,30,,55525,7,0,40,0,66,,55526,7,0,40,0,29,,55528,19,0,40,0,71,,55529,7,0,40,0,34,,55527,7,0,40,0,72,,55538,7,,,0,28,,55535,19,0,40,0,68,,55530,7,0,40,0,26,,55531,19,,,0,71,,55537,7,0,40,0,36,,55541,19,0,40,0,86,,55532,19,0,40,0
400,'S2-3_1',701,,55567,7,,,0,34,,55564,7,0,40,0,75,,55558,7,0,40,0,31,,55545,19,0,40,0,69,,55544,7,0,40,0,29,,55543,7,0,40,0,78,,55546,7,0,40,0,28,,55565,19,0,40,0,70,,55547,7,0,40,0,35,,55548,7,0,40,0,72,,55561,7,0,40,0,23,,55559,19,0,40,0,70,,55549,7,0,40,0,30,,55550,7,0,40,0,66,,55551,7,0,40,0,29,,55553,19,0,40,0,71,,55554,7,0,40,0,34,,55552,7,0,40,0,72,,55563,7,,,0,28,,55560,19,0,40,0,68,,55555,7,0,40,0,26,,55556,19,,,0,71,,55562,7,0,40,0,36,,55566,19,0,40,0,86,,55557,19,0,40,0
400,'S2-3_3',701,,55592,7,,,0,34,,55589,7,0,40,0,75,,55583,7,0,40,0,31,,55570,19,0,40,0,69,,55569,7,0,40,0,29,,55568,7,0,40,0,78,,55571,7,0,40,0,28,,55590,19,0,40,0,70,,55572,7,0,40,0,35,,55573,7,0,40,0,72,,55586,7,0,40,0,23,,55584,19,0,40,0,70,,55574,7,0,40,0,30,,55575,7,0,40,0,66,,55576,7,0,40,0,29,,55578,19,0,40,0,71,,55579,7,0,40,0,34,,55577,7,0,40,0,72,,55588,7,,,0,28,,55585,19,0,40,0,68,,55580,7,0,40,0,26,,55581,19,,,0,71,,55587,7,0,40,0,36,,55591,19,0,40,0,86,,55582,19,0,40,0
400,'S2-3_4',701,,55617,7,,,0,34,,55614,7,0,40,0,75,,55608,7,0,40,0,31,,55595,19,0,40,0,69,,55594,7,0,40,0,29,,55593,7,0,40,0,78,,55596,7,0,40,0,28,,55615,19,0,40,0,70,,55597,7,0,40,0,35,,55598,7,0,40,0,72,,55611,7,0,40,0,23,,55609,19,0,40,0,70,,55599,7,0,40,0,30,,55600,7,0,40,0,66,,55601,7,0,40,0,29,,55603,19,0,40,0,71,,55604,7,0,40,0,34,,55602,7,0,40,0,72,,55613,7,,,0,28,,55610,19,0,40,0,68,,55605,7,0,40,0,26,,55606,19,,,0,71,,55612,7,0,40,0,36,,55616,19,0,40,0,86,,55607,19,0,40,0
400,'S2-4_7',821,,55618,19,0,40,0,125,,55619,19,0,40,0,165,,55620,19,0,40,0,200,,55621,19,0,40,0,126,,55622,19,0,40,0,165,,55623,19,0,40,0,126,,55624,19,0,40,0,125,,55625,19,0,40,0
