401,'0_6',659,,65084,15,,,0,164,,65083,15,0,41,0,31,,65081,15,,,0,64,,65070,15,0,41,0,32,,65082,15,0,41,0,69,,65071,15,0,41,0,35,,65077,15,,,0,67,,65072,15,0,41,0,32,,65073,15,0,41,0,73,,65089,15,0,41,0,31,,65091,15,,,0,72,,65078,15,0,41,0,29,,65069,15,0,41,0,68,,65074,15,0,41,0,28,,65079,15,,,0,67,,65075,15,0,41,0,29,,65092,15,0,41,0,71,,65088,15,0,41,0,26,,65085,15,,,0,64,,65086,15,0,41,0,27,,65090,15,,,0,76,,65087,15,0,41,0,36,,65076,15,0,41,0,76,,65080,15,,,0
401,'1_7',936,,65093,15,,,0,165,,65094,15,,,0,125,,65095,15,,,0,201,,65096,15,,,0,125,,65097,15,,,0,165,,65098,15,,,0,125,,65099,15,,,0
401,'2_1',657,,65110,21,,,0,55,,65111,15,0,41,0,39,,65122,15,0,41,0,77,,65101,18,0,41,0,26,,65123,15,,,0,67,,65102,15,0,41,0,29,,65124,15,0,41,0,69,,65103,15,0,41,0,35,,65118,15,,,0,71,,65104,15,0,41,0,29,,65105,15,0,41,0,69,,65117,15,0,41,0,79,,65115,18,,,0,30,,65119,15,0,41,0,26,,65100,15,0,41,0,68,,65106,15,0,41,0,28,,65120,15,,,0,65,,65107,15,0,41,0,31,,65108,15,,,0,65,,65116,18,0,41,0,24,,65112,15,,,0,68,,65113,18,0,41,0,42,,65125,18,,,0,62,,65114,15,0,41,0,34,,65109,15,0,41,0,79,,65121,15,,,0
401,'2_2',657,,65136,21,,,0,55,,65137,15,0,41,0,39,,65148,15,0,41,0,77,,65127,18,0,41,0,26,,65149,15,,,0,67,,65128,15,0,41,0,29,,65150,15,0,41,0,69,,65129,15,0,41,0,35,,65144,15,,,0,71,,65130,15,0,41,0,29,,65131,15,0,41,0,69,,65143,15,0,41,0,79,,65141,18,,,0,30,,65145,15,0,41,0,26,,65126,15,0,41,0,68,,65132,15,0,41,0,28,,65146,15,,,0,65,,65133,15,0,41,0,31,,65134,15,,,0,65,,65142,18,0,41,0,24,,65138,15,,,0,68,,65139,18,0,41,0,42,,65151,18,,,0,62,,65140,15,0,41,0,34,,65135,15,0,41,0,79,,65147,15,,,0
401,'2_3',657,,65162,21,,,0,55,,65163,15,0,41,0,39,,65174,15,0,41,0,77,,65153,18,0,41,0,26,,65175,15,,,0,67,,65154,15,0,41,0,29,,65176,15,0,41,0,69,,65155,15,0,41,0,35,,65170,15,,,0,71,,65156,15,0,41,0,29,,65157,15,0,41,0,69,,65169,15,0,41,0,79,,65167,18,,,0,30,,65171,15,0,41,0,26,,65152,15,0,41,0,68,,65158,15,0,41,0,28,,65172,15,,,0,65,,65159,15,0,41,0,31,,65160,15,,,0,65,,65168,18,0,41,0,24,,65164,15,,,0,68,,65165,18,0,41,0,42,,65177,18,,,0,62,,65166,15,0,41,0,34,,65161,15,0,41,0,79,,65173,15,,,0
401,'2_4',657,,65188,21,,,0,55,,65189,15,0,41,0,39,,65200,15,0,41,0,77,,65179,18,0,41,0,26,,65201,15,,,0,67,,65180,15,0,41,0,29,,65202,15,0,41,0,69,,65181,15,0,41,0,35,,65196,15,,,0,71,,65182,15,0,41,0,29,,65183,15,0,41,0,69,,65195,15,0,41,0,79,,65193,18,,,0,30,,65197,15,0,41,0,26,,65178,15,0,41,0,68,,65184,15,0,41,0,28,,65198,15,,,0,65,,65185,15,0,41,0,31,,65186,15,,,0,65,,65194,18,0,41,0,24,,65190,15,,,0,68,,65191,18,0,41,0,42,,65203,18,,,0,62,,65192,15,0,41,0,34,,65187,15,0,41,0,79,,65199,15,,,0
401,'2_5',657,,65214,21,,,0,55,,65215,15,0,41,0,39,,65226,15,0,41,0,77,,65205,18,0,41,0,26,,65227,15,,,0,67,,65206,15,0,41,0,29,,65228,15,0,41,0,69,,65207,15,0,41,0,35,,65222,15,,,0,71,,65208,15,0,41,0,29,,65209,15,0,41,0,69,,65221,15,0,41,0,79,,65219,18,,,0,30,,65223,15,0,41,0,26,,65204,15,0,41,0,68,,65210,15,0,41,0,28,,65224,15,,,0,65,,65211,15,0,41,0,31,,65212,15,,,0,65,,65220,18,0,41,0,24,,65216,15,,,0,68,,65217,18,0,41,0,42,,65229,18,,,0,62,,65218,15,0,41,0,34,,65213,15,0,41,0,79,,65225,15,,,0
401,'3_1',657,,65240,21,,,0,55,,65241,15,0,41,0,39,,65252,15,0,41,0,77,,65231,18,0,41,0,26,,65253,15,,,0,67,,65232,15,0,41,0,29,,65254,15,0,41,0,69,,65233,15,0,41,0,35,,65248,15,,,0,71,,65234,15,0,41,0,29,,65235,15,0,41,0,69,,65247,15,0,41,0,79,,65245,18,,,0,30,,65249,15,0,41,0,26,,65230,15,0,41,0,68,,65236,15,0,41,0,28,,65250,15,,,0,65,,65237,15,0,41,0,31,,65238,15,,,0,65,,65246,18,0,41,0,24,,65242,15,,,0,68,,65243,18,0,41,0,42,,65255,18,,,0,62,,65244,15,0,41,0,34,,65239,15,0,41,0,79,,65251,15,,,0
401,'3_3',657,,65266,21,,,0,55,,65267,15,0,41,0,39,,65278,15,0,41,0,77,,65257,18,0,41,0,26,,65279,15,,,0,67,,65258,15,0,41,0,29,,65280,15,0,41,0,69,,65259,15,0,41,0,35,,65274,15,,,0,71,,65260,15,0,41,0,29,,65261,15,0,41,0,69,,65273,15,0,41,0,79,,65271,18,,,0,30,,65275,15,0,41,0,26,,65256,15,0,41,0,68,,65262,15,0,41,0,28,,65276,15,,,0,65,,65263,15,0,41,0,31,,65264,15,,,0,65,,65272,18,0,41,0,24,,65268,15,,,0,68,,65269,18,0,41,0,42,,65281,18,,,0,62,,65270,15,0,41,0,34,,65265,15,0,41,0,79,,65277,15,,,0
401,'3_4',657,,65292,21,,,0,55,,65293,15,0,41,0,39,,65304,15,0,41,0,77,,65283,18,0,41,0,26,,65305,15,,,0,67,,65284,15,0,41,0,29,,65306,15,0,41,0,69,,65285,15,0,41,0,35,,65300,15,,,0,71,,65286,15,0,41,0,29,,65287,15,0,41,0,69,,65299,15,0,41,0,79,,65297,18,,,0,30,,65301,15,0,41,0,26,,65282,15,0,41,0,68,,65288,15,0,41,0,28,,65302,15,,,0,65,,65289,15,0,41,0,31,,65290,15,,,0,65,,65298,18,0,41,0,24,,65294,15,,,0,68,,65295,18,0,41,0,42,,65307,18,,,0,62,,65296,15,0,41,0,34,,65291,15,0,41,0,79,,65303,15,,,0
401,'3_5',657,,65318,21,,,0,55,,65319,15,0,41,0,39,,65330,15,0,41,0,77,,65309,18,0,41,0,26,,65331,15,,,0,67,,65310,15,0,41,0,29,,65332,15,0,41,0,69,,65311,15,0,41,0,35,,65326,15,,,0,71,,65312,15,0,41,0,29,,65313,15,0,41,0,69,,65325,15,0,41,0,79,,65323,18,,,0,30,,65327,15,0,41,0,26,,65308,15,0,41,0,68,,65314,15,0,41,0,28,,65328,15,,,0,65,,65315,15,0,41,0,31,,65316,15,,,0,65,,65324,18,0,41,0,24,,65320,15,,,0,68,,65321,18,0,41,0,42,,65333,18,,,0,62,,65322,15,0,41,0,34,,65317,15,0,41,0,79,,65329,15,,,0
401,'4_7',936,,65334,15,,,0,165,,65335,15,,,0,125,,65336,15,,,0,201,,65337,15,,,0,125,,65338,15,,,0,165,,65339,15,,,0,125,,65340,15,,,0
