401,'0_6',727,,65084,40,,,0,125,,65083,40,0,41,0,70,,65081,40,,,0,23,,65070,40,0,41,0,72,,65082,40,0,41,0,31,,65071,40,0,41,0,75,,65077,40,,,0,26,,65072,40,0,41,0,73,,65073,40,0,41,0,32,,65089,40,0,41,0,72,,65091,40,,,0,32,,65078,40,0,41,0,69,,65069,40,0,41,0,28,,65074,40,0,41,0,68,,65079,40,,,0,27,,65075,40,0,41,0,70,,65092,40,0,41,0,31,,65088,40,0,41,0,66,,65085,40,,,0,25,,65086,40,0,41,0,66,,65090,40,,,0,35,,65087,40,0,41,0,75,,65076,40,0,41,0,34,,65080,40,,,0
401,'1_7',1001,,65093,40,,,0,125,,65094,40,,,0,125,,65095,40,,,0,201,,65096,40,,,0,165,,65097,40,,,0,125,,65098,40,,,0,165,,65099,40,,,0
401,'2_1',727,,65110,48,,,0,16,,65111,42,0,41,0,79,,65122,42,0,41,0,35,,65101,43,0,41,0,65,,65123,40,,,0,26,,65102,40,0,41,0,69,,65124,40,0,41,0,31,,65103,40,0,41,0,75,,65118,40,,,0,30,,65104,40,0,41,0,70,,65105,40,0,41,0,32,,65117,42,0,41,0,76,,65115,43,,,0,70,,65119,40,0,41,0,26,,65100,40,0,41,0,28,,65106,40,0,41,0,68,,65120,40,,,0,25,,65107,40,0,41,0,72,,65108,40,,,0,25,,65116,43,0,41,0,68,,65112,42,,,0,29,,65113,45,0,41,0,78,,65125,43,,,0,23,,65114,42,0,41,0,70,,65109,40,0,41,0,37,,65121,40,,,0
401,'2_2',727,,65136,48,,,0,16,,65137,42,0,41,0,79,,65148,42,0,41,0,35,,65127,43,0,41,0,65,,65149,40,,,0,26,,65128,40,0,41,0,69,,65150,40,0,41,0,31,,65129,40,0,41,0,75,,65144,40,,,0,30,,65130,40,0,41,0,70,,65131,40,0,41,0,32,,65143,42,0,41,0,76,,65141,43,,,0,70,,65145,40,0,41,0,26,,65126,40,0,41,0,28,,65132,40,0,41,0,68,,65146,40,,,0,25,,65133,40,0,41,0,72,,65134,40,,,0,25,,65142,43,0,41,0,68,,65138,42,,,0,29,,65139,45,0,41,0,78,,65151,43,,,0,23,,65140,42,0,41,0,70,,65135,40,0,41,0,37,,65147,40,,,0
401,'2_3',727,,65162,48,,,0,16,,65163,42,0,41,0,79,,65174,42,0,41,0,35,,65153,43,0,41,0,65,,65175,40,,,0,26,,65154,40,0,41,0,69,,65176,40,0,41,0,31,,65155,40,0,41,0,75,,65170,40,,,0,30,,65156,40,0,41,0,70,,65157,40,0,41,0,32,,65169,42,0,41,0,76,,65167,43,,,0,70,,65171,40,0,41,0,26,,65152,40,0,41,0,28,,65158,40,0,41,0,68,,65172,40,,,0,25,,65159,40,0,41,0,72,,65160,40,,,0,25,,65168,43,0,41,0,68,,65164,42,,,0,29,,65165,45,0,41,0,78,,65177,43,,,0,23,,65166,42,0,41,0,70,,65161,40,0,41,0,37,,65173,40,,,0
401,'2_4',727,,65188,48,,,0,16,,65189,42,0,41,0,79,,65200,42,0,41,0,35,,65179,43,0,41,0,65,,65201,40,,,0,26,,65180,40,0,41,0,69,,65202,40,0,41,0,31,,65181,40,0,41,0,75,,65196,40,,,0,30,,65182,40,0,41,0,70,,65183,40,0,41,0,32,,65195,42,0,41,0,76,,65193,43,,,0,70,,65197,40,0,41,0,26,,65178,40,0,41,0,28,,65184,40,0,41,0,68,,65198,40,,,0,25,,65185,40,0,41,0,72,,65186,40,,,0,25,,65194,43,0,41,0,68,,65190,42,,,0,29,,65191,45,0,41,0,78,,65203,43,,,0,23,,65192,42,0,41,0,70,,65187,40,0,41,0,37,,65199,40,,,0
401,'2_5',727,,65214,48,,,0,16,,65215,42,0,41,0,79,,65226,42,0,41,0,35,,65205,43,0,41,0,65,,65227,40,,,0,26,,65206,40,0,41,0,69,,65228,40,0,41,0,31,,65207,40,0,41,0,75,,65222,40,,,0,30,,65208,40,0,41,0,70,,65209,40,0,41,0,32,,65221,42,0,41,0,76,,65219,43,,,0,70,,65223,40,0,41,0,26,,65204,40,0,41,0,28,,65210,40,0,41,0,68,,65224,40,,,0,25,,65211,40,0,41,0,72,,65212,40,,,0,25,,65220,43,0,41,0,68,,65216,42,,,0,29,,65217,45,0,41,0,78,,65229,43,,,0,23,,65218,42,0,41,0,70,,65213,40,0,41,0,37,,65225,40,,,0
401,'3_1',727,,65240,48,,,0,16,,65241,42,0,41,0,79,,65252,42,0,41,0,35,,65231,43,0,41,0,65,,65253,40,,,0,26,,65232,40,0,41,0,69,,65254,40,0,41,0,31,,65233,40,0,41,0,75,,65248,40,,,0,30,,65234,40,0,41,0,70,,65235,40,0,41,0,32,,65247,42,0,41,0,76,,65245,43,,,0,70,,65249,40,0,41,0,26,,65230,40,0,41,0,28,,65236,40,0,41,0,68,,65250,40,,,0,25,,65237,40,0,41,0,72,,65238,40,,,0,25,,65246,43,0,41,0,68,,65242,42,,,0,29,,65243,45,0,41,0,78,,65255,43,,,0,23,,65244,42,0,41,0,70,,65239,40,0,41,0,37,,65251,40,,,0
401,'3_3',727,,65266,48,,,0,16,,65267,42,0,41,0,79,,65278,42,0,41,0,35,,65257,43,0,41,0,65,,65279,40,,,0,26,,65258,40,0,41,0,69,,65280,40,0,41,0,31,,65259,40,0,41,0,75,,65274,40,,,0,30,,65260,40,0,41,0,70,,65261,40,0,41,0,32,,65273,42,0,41,0,76,,65271,43,,,0,70,,65275,40,0,41,0,26,,65256,40,0,41,0,28,,65262,40,0,41,0,68,,65276,40,,,0,25,,65263,40,0,41,0,72,,65264,40,,,0,25,,65272,43,0,41,0,68,,65268,42,,,0,29,,65269,45,0,41,0,78,,65281,43,,,0,23,,65270,42,0,41,0,70,,65265,40,0,41,0,37,,65277,40,,,0
401,'3_4',727,,65292,48,,,0,16,,65293,42,0,41,0,79,,65304,42,0,41,0,35,,65283,43,0,41,0,65,,65305,40,,,0,26,,65284,40,0,41,0,69,,65306,40,0,41,0,31,,65285,40,0,41,0,75,,65300,40,,,0,30,,65286,40,0,41,0,70,,65287,40,0,41,0,32,,65299,42,0,41,0,76,,65297,43,,,0,70,,65301,40,0,41,0,26,,65282,40,0,41,0,28,,65288,40,0,41,0,68,,65302,40,,,0,25,,65289,40,0,41,0,72,,65290,40,,,0,25,,65298,43,0,41,0,68,,65294,42,,,0,29,,65295,45,0,41,0,78,,65307,43,,,0,23,,65296,42,0,41,0,70,,65291,40,0,41,0,37,,65303,40,,,0
401,'3_5',727,,65318,48,,,0,16,,65319,42,0,41,0,79,,65330,42,0,41,0,35,,65309,43,0,41,0,65,,65331,40,,,0,26,,65310,40,0,41,0,69,,65332,40,0,41,0,31,,65311,40,0,41,0,75,,65326,40,,,0,30,,65312,40,0,41,0,70,,65313,40,0,41,0,32,,65325,42,0,41,0,76,,65323,43,,,0,70,,65327,40,0,41,0,26,,65308,40,0,41,0,28,,65314,40,0,41,0,68,,65328,40,,,0,25,,65315,40,0,41,0,72,,65316,40,,,0,25,,65324,43,0,41,0,68,,65320,42,,,0,29,,65321,45,0,41,0,78,,65333,43,,,0,23,,65322,42,0,41,0,70,,65317,40,0,41,0,37,,65329,40,,,0
401,'4_7',1001,,65334,40,,,0,125,,65335,40,,,0,125,,65336,40,,,0,201,,65337,40,,,0,165,,65338,40,,,0,125,,65339,40,,,0,165,,65340,40,,,0
