201,'2_6',705,,30638,9,0,62,0,141,,30639,9,0,20,0,100,,30640,9,0,62,0,110,,30641,9,0,64,0,146,,30642,9,0,21,0,109,,30643,9,0,20,0,105,,30644,9,0,20,0,105,,30645,9,0,20,0,101,,30646,9,0,20,0,103,,30647,9,0,20,0,105,,30648,9,0,62,0,94,,30649,9,0,21,0
201,'5_1',700,,37458,9,0,62,0,30,,37455,9,0,21,0,101,,37456,9,0,62,0,95,,37450,9,0,20,0,107,,37446,9,0,62,0,119,,37442,9,0,62,0,156,,37440,9,0,21,0,43,,37437,9,0,21,0,95,,37441,9,0,21,0,100,,37431,9,0,21,0,166,,37426,9,0,21,0,98,,37428,9,0,21,0,101,,37422,9,0,62,0
201,'5_2',700,,38870,9,0,62,0,30,,38867,9,0,21,0,101,,38868,9,0,62,0,95,,38862,9,0,20,0,107,,38858,9,0,62,0,119,,38854,9,0,62,0,156,,38852,9,0,21,0,43,,38849,9,0,21,0,95,,38853,9,0,21,0,100,,38843,9,0,21,0,166,,38838,9,0,21,0,98,,38840,9,0,21,0,101,,38834,9,0,62,0
201,'5_3',700,,38909,9,0,62,0,30,,38906,9,0,21,0,101,,38907,9,0,62,0,95,,38901,9,0,20,0,107,,38897,9,0,62,0,119,,38893,9,0,62,0,156,,38891,9,0,21,0,43,,38888,9,0,21,0,95,,38892,9,0,21,0,100,,38882,9,0,21,0,166,,38877,9,0,21,0,98,,38879,9,0,21,0,101,,38873,9,0,62,0
201,'5_4',700,,38948,9,0,62,0,30,,38945,9,0,21,0,101,,38946,9,0,62,0,95,,38940,9,0,20,0,107,,38936,9,0,62,0,119,,38932,9,0,62,0,156,,38930,9,0,21,0,43,,38927,9,0,21,0,95,,38931,9,0,21,0,100,,38921,9,0,21,0,166,,38916,9,0,21,0,98,,38918,9,0,21,0,101,,38912,9,0,62,0
201,'5_5',700,,38987,9,0,62,0,30,,38984,9,0,21,0,101,,38985,9,0,62,0,95,,38979,9,0,20,0,107,,38975,9,0,62,0,119,,38971,9,0,62,0,156,,38969,9,0,21,0,43,,38966,9,0,21,0,95,,38970,9,0,21,0,100,,38960,9,0,21,0,166,,38955,9,0,21,0,98,,38957,9,0,21,0,101,,38951,9,0,62,0
201,'6_1',700,,39026,9,0,62,0,30,,39023,9,0,21,0,101,,39024,9,0,62,0,95,,39018,9,0,20,0,107,,39014,9,0,62,0,119,,39010,9,0,62,0,156,,39008,9,0,21,0,43,,39005,9,0,21,0,95,,39009,9,0,21,0,100,,38999,9,0,21,0,166,,38994,9,0,21,0,98,,38996,9,0,21,0,101,,38990,9,0,62,0
201,'6_2',700,,43843,9,0,62,0,30,,43840,9,0,21,0,101,,43841,9,0,62,0,95,,43835,9,0,20,0,107,,43831,9,0,62,0,119,,43827,9,0,62,0,156,,43825,9,0,21,0,43,,43822,9,0,21,0,95,,43826,9,0,21,0,100,,43816,9,0,21,0,166,,43811,9,0,21,0,98,,43813,9,0,21,0,101,,43807,9,0,62,0
201,'6_3',700,,43882,9,0,62,0,30,,43879,9,0,21,0,101,,43880,9,0,62,0,95,,43874,9,0,20,0,107,,43870,9,0,62,0,119,,43866,9,0,62,0,156,,43864,9,0,21,0,43,,43861,9,0,21,0,95,,43865,9,0,21,0,100,,43855,9,0,21,0,166,,43850,9,0,21,0,98,,43852,9,0,21,0,101,,43846,9,0,62,0
201,'6_4',700,,43921,9,0,62,0,30,,43918,9,0,21,0,101,,43919,9,0,62,0,95,,43913,9,0,20,0,107,,43909,9,0,62,0,119,,43905,9,0,62,0,156,,43903,9,0,21,0,43,,43900,9,0,21,0,95,,43904,9,0,21,0,100,,43894,9,0,21,0,166,,43889,9,0,21,0,98,,43891,9,0,21,0,101,,43885,9,0,62,0
