500,'S2-1_6',723,,9040,13,,,0,98,,9029,13,,,0,99,,9030,13,,,0,101,,9031,13,,,0,100,,9032,13,,,0,96,,9033,13,,,0,98,,9034,13,,,0,100,,9035,13,,,0,99,,9036,13,,,0,101,,9037,13,,,0,100,,9038,13,,,0,193,,9039,13,,,0
500,'S2-5_1',705,,9053,13,,,0,118,,9041,13,,,0,105,,9042,13,,,0,99,,9043,13,,,0,105,,9044,13,,,0,101,,9045,13,,,0,84,,9046,13,,,0,94,,9047,13,,,0,100,,9048,13,,,0,102,,9049,13,,,0,106,,9050,13,,,0,103,,9055,13,,,0,100,,9051,13,,,0
500,'S2-5_2',705,,9068,13,,,0,118,,9056,13,,,0,105,,9057,13,,,0,99,,9058,13,,,0,105,,9059,13,,,0,101,,9060,13,,,0,84,,9061,13,,,0,94,,9062,13,,,0,100,,9063,13,,,0,102,,9064,13,,,0,106,,9065,13,,,0,103,,9070,13,,,0,100,,9066,13,,,0
500,'S2-5_4',705,,9083,13,,,0,118,,9071,13,,,0,105,,9072,13,,,0,99,,9073,13,,,0,105,,9074,13,,,0,101,,9075,13,,,0,84,,9076,13,,,0,94,,9077,13,,,0,100,,9078,13,,,0,102,,9079,13,,,0,106,,9080,13,,,0,103,,9085,13,,,0,100,,9081,13,,,0
500,'S2-5_5',705,,9098,13,,,0,118,,9086,13,,,0,105,,9087,13,,,0,99,,9088,13,,,0,105,,9089,13,,,0,101,,9090,13,,,0,84,,9091,13,,,0,94,,9092,13,,,0,100,,9093,13,,,0,102,,9094,13,,,0,106,,9095,13,,,0,103,,9100,13,,,0,100,,9096,13,,,0
500,'S2-6_3',705,,9113,13,,,0,118,,9101,13,,,0,105,,9102,13,,,0,99,,9103,13,,,0,105,,9104,13,,,0,101,,9105,13,,,0,84,,9106,13,,,0,94,,9107,13,,,0,100,,9108,13,,,0,102,,9109,13,,,0,106,,9110,13,,,0,103,,9115,13,,,0,100,,9111,13,,,0
2900500,'S2-5_1',658,,13560,13,,,0,145,,13561,13,,,0
2900500,'S2-5_2',658,,13562,13,,,0,145,,13563,13,,,0
2900500,'S2-5_4',658,,13564,13,,,0,145,,13565,13,,,0
2900500,'S2-5_5',658,,13566,13,,,0,145,,13567,13,,,0
2900500,'S2-6_3',658,,13568,13,,,0,145,,13569,13,,,0
