1601,'0_6',850,,67449,9,,,0,87,,67450,2,,,0,119,,67451,9,,,0,152,,67454,9,,,0,146,,67452,9,,,0,178,,67455,9,,,0,105,,67456,2,,,0,177,,67453,9,,,0
1601,'2_1',850,,67457,9,,,0,87,,67458,2,,,0,119,,67459,9,,,0,152,,67462,9,,,0,146,,67460,9,,,0,178,,67463,9,,,0,105,,67464,2,,,0,177,,67461,9,,,0
1601,'2_2',850,,67465,9,,,0,87,,67466,2,,,0,119,,67467,9,,,0,152,,67470,9,,,0,146,,67468,9,,,0,178,,67471,9,,,0,105,,67472,2,,,0,177,,67469,9,,,0
1601,'2_3',850,,67473,9,,,0,87,,67474,2,,,0,119,,67475,9,,,0,152,,67478,9,,,0,146,,67476,9,,,0,178,,67479,9,,,0,105,,67480,2,,,0,177,,67477,9,,,0
1601,'2_4',850,,67481,9,,,0,87,,67482,2,,,0,119,,67483,9,,,0,152,,67486,9,,,0,146,,67484,9,,,0,178,,67487,9,,,0,105,,67488,2,,,0,177,,67485,9,,,0
1601,'2_5',850,,67489,9,,,0,87,,67490,2,,,0,119,,67491,9,,,0,152,,67494,9,,,0,146,,67492,9,,,0,178,,67495,9,,,0,105,,67496,2,,,0,177,,67493,9,,,0
1601,'3_1',850,,67497,9,,,0,87,,67498,2,,,0,119,,67499,9,,,0,152,,67502,9,,,0,146,,67500,9,,,0,178,,67503,9,,,0,105,,67504,2,,,0,177,,67501,9,,,0
1601,'3_3',850,,67505,9,,,0,87,,67506,2,,,0,119,,67507,9,,,0,152,,67510,9,,,0,146,,67508,9,,,0,178,,67511,9,,,0,105,,67512,2,,,0,177,,67509,9,,,0
1601,'3_4',850,,67513,9,,,0,87,,67514,2,,,0,119,,67515,9,,,0,152,,67518,9,,,0,146,,67516,9,,,0,178,,67519,9,,,0,105,,67520,2,,,0,177,,67517,9,,,0
1601,'3_5',850,,67521,9,,,0,87,,67522,2,,,0,119,,67523,9,,,0,152,,67526,9,,,0,146,,67524,9,,,0,178,,67527,9,,,0,105,,67528,2,,,0,177,,67525,9,,,0
