901,'S2-1_6',748,,9760,15,0,23 24,0,99,,9772,15,0,25,0,367,,9770,15,0,25,0,319,,9768,15,0,25,0,82,,9761,15,0,23 24,0,105,,9762,15,0,23 24,0,133,,9763,15,0,23 24,0,90,,9764,15,0,23 24,0
901,'S2-5_1',750,,9773,15,0,26,0,66,,9774,15,0,27 28 29,0,103,,9779,15,0,23 24,0,193,,9780,15,0,23 24,0,106,,9775,15,0,27 28 29,0,141,,9781,15,0,23 24,0,152,,9782,15,0,23 24,0,109,,9776,15,0,27 28 29,0,102,,9777,15,0,27 28 29,0,95,,9778,15,0,27 28 29,0,126,,9788,15,,,0
901,'S2-5_2',750,,9789,15,0,26,0,66,,9790,15,0,27 28 29,0,103,,9795,15,0,23 24,0,193,,9796,15,0,23 24,0,106,,9791,15,0,27 28 29,0,141,,9797,15,0,23 24,0,152,,9798,15,0,23 24,0,109,,9792,15,0,27 28 29,0,102,,9793,15,0,27 28 29,0,95,,9794,15,0,27 28 29,0,126,,9804,15,,,0
901,'S2-5_4',750,,9805,15,0,26,0,66,,9806,15,0,27 28 29,0,103,,9811,15,0,23 24,0,193,,9812,15,0,23 24,0,106,,9807,15,0,27 28 29,0,141,,9813,15,0,23 24,0,152,,9814,15,0,23 24,0,109,,9808,15,0,27 28 29,0,102,,9809,15,0,27 28 29,0,95,,9810,15,0,27 28 29,0,126,,9820,15,,,0
901,'S2-5_5',750,,9821,15,0,26,0,66,,9822,15,0,27 28 29,0,103,,9827,15,0,23 24,0,193,,9828,15,0,23 24,0,106,,9823,15,0,27 28 29,0,141,,9829,15,0,23 24,0,152,,9830,15,0,23 24,0,109,,9824,15,0,27 28 29,0,102,,9825,15,0,27 28 29,0,95,,9826,15,0,27 28 29,0,126,,9836,15,,,0
901,'S2-6_3',750,,9837,15,0,26,0,66,,9838,15,0,27 28 29,0,103,,9843,15,0,23 24,0,193,,9844,15,0,23 24,0,106,,9839,15,0,27 28 29,0,141,,9845,15,0,23 24,0,152,,9846,15,0,23 24,0,109,,9840,15,0,27 28 29,0,102,,9841,15,0,27 28 29,0,95,,9842,15,0,27 28 29,0,126,,9852,15,,,0
1001,'S2-1_6',754,,9941,10,,,0,103,,9942,10,,,0,101,,9949,8,,,0,142,,9943,10,,,0,100,,9950,8,,,0,45,,9951,8,,,0,164,,9946,10,,,0,38,,9952,8,,,0,187,,9947,10,,,0,118,,9948,10,,,0,90,,9944,10,,,0,107,,9945,10,,,0
1001,'S2-5_1',757,,9953,10,,,0,100,,9955,10,,,0,86,,9956,10,,,0,79,,9960,8,,,0,86,,9957,10,,,0,50,,9961,8,,,0,82,,9962,8,,,0,71,,9963,8,,,0,101,,9954,10,,,0,38,,9964,8,,,0,184,,9965,10,,,0,316,,9959,10,,,0
1001,'S2-5_2',757,,9967,10,,,0,100,,9969,10,,,0,86,,9970,10,,,0,79,,9974,8,,,0,86,,9971,10,,,0,50,,9975,8,,,0,82,,9976,8,,,0,71,,9977,8,,,0,101,,9968,10,,,0,38,,9978,8,,,0,184,,9979,10,,,0,316,,9973,10,,,0
1001,'S2-5_4',757,,9981,10,,,0,100,,9983,10,,,0,86,,9984,10,,,0,79,,9988,8,,,0,86,,9985,10,,,0,50,,9989,8,,,0,82,,9990,8,,,0,71,,9991,8,,,0,101,,9982,10,,,0,38,,9992,8,,,0,184,,9993,10,,,0,316,,9987,10,,,0
1001,'S2-5_5',757,,9995,10,,,0,100,,9997,10,,,0,86,,9998,10,,,0,79,,10002,8,,,0,86,,9999,10,,,0,50,,10003,8,,,0,82,,10004,8,,,0,71,,10005,8,,,0,101,,9996,10,,,0,38,,10006,8,,,0,184,,10007,10,,,0,316,,10001,10,,,0
1001,'S2-6_3',757,,10009,10,,,0,100,,10011,10,,,0,86,,10012,10,,,0,79,,10016,8,,,0,86,,10013,10,,,0,50,,10017,8,,,0,82,,10018,8,,,0,71,,10019,8,,,0,101,,10010,10,,,0,38,,10020,8,,,0,184,,10021,10,,,0,316,,10015,10,,,0
1101,'S2-1_6',1618,,10047,4,,,0,119,,10048,4,,,0
1101,'S2-5_1',1618,,10049,4,,,0,119,,10050,4,,,0,94,,10051,4,,,0
1101,'S2-5_2',1618,,10052,4,,,0,119,,10053,4,,,0,94,,10054,4,,,0
1101,'S2-5_4',1618,,10055,4,,,0,119,,10056,4,,,0,94,,10057,4,,,0
1101,'S2-5_5',1618,,10058,4,,,0,119,,10059,4,,,0,94,,10060,4,,,0
1101,'S2-6_3',1618,,10061,4,,,0,119,,10062,4,,,0,94,,10063,4,,,0
1901,'S2-5_1',1618,,10540,14,,,0,100,,10541,14,,,0,99,,10542,14,,,0
1901,'S2-5_2',1618,,10549,14,,,0,100,,10550,14,,,0,99,,10551,14,,,0
1901,'S2-5_4',1618,,10558,14,,,0,100,,10559,14,,,0,99,,10560,14,,,0
1901,'S2-5_5',1618,,10567,14,,,0,100,,10568,14,,,0,99,,10569,14,,,0
1901,'S2-6_3',1217,,10579,14,,,0,34,,10580,14,,,0
1000001,'S2-1_6',558,,12272,26,,,0,82,,12273,26,,,0,81,,12274,26,,,0,30,,12275,26,,,0,69,,12276,32,,,0,29,,12277,32,,,0,55,,12278,26,,,0,16,,12279,26,,,0,15,,12280,32,,,0,16,,12281,26,,,0,55,,12282,26,,,0,15,,12283,32,,,0,16,,12284,26,,,0,14,,12285,26,,,0,56,,12286,32,,,0,15,,12287,26,,,0,15,,12288,26,,,0,16,,12289,32,,,0,54,,12290,26,,,0,16,,12291,26,,,0,15,,12292,32,,,0,14,,12293,26,,,0,57,,12294,26,,,0,16,,12295,32,,,0,9,,12296,26,,,0,10,,12297,26,,,0,9,,12298,26,,,0,50,,12300,26,,,0,10,,12299,32,,,0,10,,12301,26,,,0,11,,12302,26,,,0,12,,12303,32,,,0,9,,12304,26,,,0,49,,12305,26,,,0,10,,12306,26,,,0,11,,12307,32,,,0,10,,12308,26,,,0,10,,12309,26,,,0,11,,12310,26,,,0,51,,12311,32,,,0,9,,12312,26,,,0,10,,12313,26,,,0,10,,12314,26,,,0,13,,12315,32,,,0,9,,12316,26,,,0,49,,12317,26,,,0,10,,12318,26,,,0,9,,12320,26,,,0,9,,12319,32,,,0,10,,12321,26,,,0,9,,12322,26,,,0,50,,12324,26,,,0,9,,12323,32,,,0,9,,12325,26,,,0,9,,12326,26,,,0,9,,12328,26,,,0,10,,12327,32,,,0,50,,12329,26,,,0,13,,12330,26,,,0,19,,12331,32,,,0,17,,12332,26,,,0,60,,12333,26,,,0,21,,12334,26,,,0,16,,12335,26,,,0,59,,12336,26,,,0,20,,12337,26,,,0,20,,12338,26,,,0,60,,12339,26,,,0
1000001,'S2-4_7',829,,12340,26,,,0,80,,12341,26,,,0,40,,12342,26,,,0,80,,12343,26,,,0,80,,12344,26,,,0,40,,12345,26,,,0,80,,12346,26,,,0,80,,12347,26,,,0,40,,12348,26,,,0,80,,12349,26,,,0,80,,12350,26,,,0,40,,12351,26,,,0,80,,12352,26,,,0,80,,12353,26,,,0,40,,12354,26,,,0,80,,12355,26,,,0,80,,12356,26,,,0,40,,12357,26,,,0
1000001,'S2-5_1',558,,12358,26,,,0,60,,12359,26,,,0,20,,12360,26,,,0,20,,12361,26,,,0,62,,12362,26,,,0,10,,12442,26,,,0,11,,12443,26,,,0,10,,12393,32,,,0,50,,12394,32,,,0,10,,12395,32,,,0,11,,12396,32,,,0,10,,12397,32,,,0,9,,12398,32,,,0,10,,12399,32,,,0,50,,12400,32,,,0,10,,12401,32,,,0,10,,12402,32,,,0,10,,12403,32,,,0,12,,12404,32,,,0,11,,12363,26,,,0,51,,12364,32,,,0,10,,12365,26,,,0,9,,12366,32,,,0,11,,12367,26,,,0,11,,12405,32,,,0,11,,12368,26,,,0,51,,12369,32,,,0,10,,12370,26,,,0,11,,12371,32,,,0,10,,12372,26,,,0,11,,12406,32,,,0,52,,12373,26,,,0,11,,12374,32,,,0,10,,12375,26,,,0,8,,12376,32,,,0,9,,12407,26,,,0,10,,12408,32,,,0,50,,12409,26,,,0,10,,12410,32,,,0,10,,12411,26,,,0,10,,12412,32,,,0,10,,12413,26,,,0,9,,12414,32,,,0,10,,12415,26,,,0,51,,12416,32,,,0,10,,12417,26,,,0,10,,12418,32,,,0,10,,12419,26,,,0,11,,12377,32,,,0,50,,12378,26,,,0,9,,12420,32,,,0,10,,12379,26,,,0,9,,12380,32,,,0,11,,12381,26,,,0,11,,12421,32,,,0,52,,12382,26,,,0,12,,12383,32,,,0,11,,12384,26,,,0,10,,12385,32,,,0,9,,12386,32,,,0,10,,12422,32,,,0,52,,12423,32,,,0,11,,12424,32,,,0,12,,12425,32,,,0,11,,12426,32,,,0,8,,12427,32,,,0,10,,12428,32,,,0,49,,12429,32,,,0,8,,12430,32,,,0,10,,12431,32,,,0,9,,12432,32,,,0,8,,12433,32,,,0,9,,12434,32,,,0,49,,12435,32,,,0,8,,12436,32,,,0,9,,12437,26,,,0,9,,12438,32,,,0,10,,12439,26,,,0,12,,12441,32,,,0,59,,12440,32,,,0,20,,12387,26,,,0,20,,12388,26,,,0,59,,12389,26,,,0,20,,12390,26,,,0,19,,12391,26,,,0,60,,12392,26,,,0
1000001,'S2-5_2',558,,12444,26,,,0,60,,12445,26,,,0,20,,12446,26,,,0,20,,12447,26,,,0,62,,12448,26,,,0,10,,12528,26,,,0,11,,12529,26,,,0,10,,12479,32,,,0,50,,12480,32,,,0,10,,12481,32,,,0,11,,12482,32,,,0,10,,12483,32,,,0,9,,12484,32,,,0,10,,12485,32,,,0,50,,12486,32,,,0,10,,12487,32,,,0,10,,12488,32,,,0,10,,12489,32,,,0,12,,12490,32,,,0,11,,12449,26,,,0,51,,12450,32,,,0,10,,12451,26,,,0,9,,12452,32,,,0,11,,12453,26,,,0,11,,12491,32,,,0,11,,12454,26,,,0,51,,12455,32,,,0,10,,12456,26,,,0,11,,12457,32,,,0,10,,12458,26,,,0,11,,12492,32,,,0,52,,12459,26,,,0,11,,12460,32,,,0,10,,12461,26,,,0,8,,12462,32,,,0,9,,12493,26,,,0,10,,12494,32,,,0,50,,12495,26,,,0,10,,12496,32,,,0,10,,12497,26,,,0,10,,12498,32,,,0,10,,12499,26,,,0,9,,12500,32,,,0,10,,12501,26,,,0,51,,12502,32,,,0,10,,12503,26,,,0,10,,12504,32,,,0,10,,12505,26,,,0,11,,12463,32,,,0,50,,12464,26,,,0,9,,12506,32,,,0,10,,12465,26,,,0,9,,12466,32,,,0,11,,12467,26,,,0,11,,12507,32,,,0,52,,12468,26,,,0,12,,12469,32,,,0,11,,12470,26,,,0,10,,12471,32,,,0,9,,12472,32,,,0,10,,12508,32,,,0,52,,12509,32,,,0,11,,12510,32,,,0,12,,12511,32,,,0,11,,12512,32,,,0,8,,12513,32,,,0,10,,12514,32,,,0,49,,12515,32,,,0,8,,12516,32,,,0,10,,12517,32,,,0,9,,12518,32,,,0,8,,12519,32,,,0,9,,12520,32,,,0,49,,12521,32,,,0,8,,12522,32,,,0,9,,12523,26,,,0,9,,12524,32,,,0,10,,12525,26,,,0,12,,12527,32,,,0,59,,12526,32,,,0,20,,12473,26,,,0,20,,12474,26,,,0,59,,12475,26,,,0,20,,12476,26,,,0,19,,12477,26,,,0,60,,12478,26,,,0
1000001,'S2-5_4',558,,12530,26,,,0,60,,12531,26,,,0,20,,12532,26,,,0,20,,12533,26,,,0,62,,12534,26,,,0,10,,12614,26,,,0,11,,12615,26,,,0,10,,12565,32,,,0,50,,12566,32,,,0,10,,12567,32,,,0,11,,12568,32,,,0,10,,12569,32,,,0,9,,12570,32,,,0,10,,12571,32,,,0,50,,12572,32,,,0,10,,12573,32,,,0,10,,12574,32,,,0,10,,12575,32,,,0,12,,12576,32,,,0,11,,12535,26,,,0,51,,12536,32,,,0,10,,12537,26,,,0,9,,12538,32,,,0,11,,12539,26,,,0,11,,12577,32,,,0,11,,12540,26,,,0,51,,12541,32,,,0,10,,12542,26,,,0,11,,12543,32,,,0,10,,12544,26,,,0,11,,12578,32,,,0,52,,12545,26,,,0,11,,12546,32,,,0,10,,12547,26,,,0,8,,12548,32,,,0,9,,12579,26,,,0,10,,12580,32,,,0,50,,12581,26,,,0,10,,12582,32,,,0,10,,12583,26,,,0,10,,12584,32,,,0,10,,12585,26,,,0,9,,12586,32,,,0,10,,12587,26,,,0,51,,12588,32,,,0,10,,12589,26,,,0,10,,12590,32,,,0,10,,12591,26,,,0,11,,12549,32,,,0,50,,12550,26,,,0,9,,12592,32,,,0,10,,12551,26,,,0,9,,12552,32,,,0,11,,12553,26,,,0,11,,12593,32,,,0,52,,12554,26,,,0,12,,12555,32,,,0,11,,12556,26,,,0,10,,12557,32,,,0,9,,12558,32,,,0,10,,12594,32,,,0,52,,12595,32,,,0,11,,12596,32,,,0,12,,12597,32,,,0,11,,12598,32,,,0,8,,12599,32,,,0,10,,12600,32,,,0,49,,12601,32,,,0,8,,12602,32,,,0,10,,12603,32,,,0,9,,12604,32,,,0,8,,12605,32,,,0,9,,12606,32,,,0,49,,12607,32,,,0,8,,12608,32,,,0,9,,12609,26,,,0,9,,12610,32,,,0,10,,12611,26,,,0,12,,12613,32,,,0,59,,12612,32,,,0,20,,12559,26,,,0,20,,12560,26,,,0,59,,12561,26,,,0,20,,12562,26,,,0,19,,12563,26,,,0,60,,12564,26,,,0
1000001,'S2-5_5',558,,12616,26,,,0,60,,12617,26,,,0,20,,12618,26,,,0,20,,12619,26,,,0,62,,12620,26,,,0,10,,12700,26,,,0,11,,12701,26,,,0,10,,12651,32,,,0,50,,12652,32,,,0,10,,12653,32,,,0,11,,12654,32,,,0,10,,12655,32,,,0,9,,12656,32,,,0,10,,12657,32,,,0,50,,12658,32,,,0,10,,12659,32,,,0,10,,12660,32,,,0,10,,12661,32,,,0,12,,12662,32,,,0,11,,12621,26,,,0,51,,12622,32,,,0,10,,12623,26,,,0,9,,12624,32,,,0,11,,12625,26,,,0,11,,12663,32,,,0,11,,12626,26,,,0,51,,12627,32,,,0,10,,12628,26,,,0,11,,12629,32,,,0,10,,12630,26,,,0,11,,12664,32,,,0,52,,12631,26,,,0,11,,12632,32,,,0,10,,12633,26,,,0,8,,12634,32,,,0,9,,12665,26,,,0,10,,12666,32,,,0,50,,12667,26,,,0,10,,12668,32,,,0,10,,12669,26,,,0,10,,12670,32,,,0,10,,12671,26,,,0,9,,12672,32,,,0,10,,12673,26,,,0,51,,12674,32,,,0,10,,12675,26,,,0,10,,12676,32,,,0,10,,12677,26,,,0,11,,12635,32,,,0,50,,12636,26,,,0,9,,12678,32,,,0,10,,12637,26,,,0,9,,12638,32,,,0,11,,12639,26,,,0,11,,12679,32,,,0,52,,12640,26,,,0,12,,12641,32,,,0,11,,12642,26,,,0,10,,12643,32,,,0,9,,12644,32,,,0,10,,12680,32,,,0,52,,12681,32,,,0,11,,12682,32,,,0,12,,12683,32,,,0,11,,12684,32,,,0,8,,12685,32,,,0,10,,12686,32,,,0,49,,12687,32,,,0,8,,12688,32,,,0,10,,12689,32,,,0,9,,12690,32,,,0,8,,12691,32,,,0,9,,12692,32,,,0,49,,12693,32,,,0,8,,12694,32,,,0,9,,12695,26,,,0,9,,12696,32,,,0,10,,12697,26,,,0,12,,12699,32,,,0,59,,12698,32,,,0,20,,12645,26,,,0,20,,12646,26,,,0,59,,12647,26,,,0,20,,12648,26,,,0,19,,12649,26,,,0,60,,12650,26,,,0
1000001,'S2-6_3',558,,12702,26,,,0,60,,12703,26,,,0,20,,12704,26,,,0,20,,12705,26,,,0,62,,12706,26,,,0,10,,12786,26,,,0,11,,12787,26,,,0,10,,12737,32,,,0,50,,12738,32,,,0,10,,12739,32,,,0,11,,12740,32,,,0,10,,12741,32,,,0,9,,12742,32,,,0,10,,12743,32,,,0,50,,12744,32,,,0,10,,12745,32,,,0,10,,12746,32,,,0,10,,12747,32,,,0,12,,12748,32,,,0,11,,12707,26,,,0,51,,12708,32,,,0,10,,12709,26,,,0,9,,12710,32,,,0,11,,12711,26,,,0,11,,12749,32,,,0,11,,12712,26,,,0,51,,12713,32,,,0,10,,12714,26,,,0,11,,12715,32,,,0,10,,12716,26,,,0,11,,12750,32,,,0,52,,12717,26,,,0,11,,12718,32,,,0,10,,12719,26,,,0,8,,12720,32,,,0,9,,12751,26,,,0,10,,12752,32,,,0,50,,12753,26,,,0,10,,12754,32,,,0,10,,12755,26,,,0,10,,12756,32,,,0,10,,12757,26,,,0,9,,12758,32,,,0,10,,12759,26,,,0,51,,12760,32,,,0,10,,12761,26,,,0,10,,12762,32,,,0,10,,12763,26,,,0,11,,12721,32,,,0,50,,12722,26,,,0,9,,12764,32,,,0,10,,12723,26,,,0,9,,12724,32,,,0,11,,12725,26,,,0,11,,12765,32,,,0,52,,12726,26,,,0,12,,12727,32,,,0,11,,12728,26,,,0,10,,12729,32,,,0,9,,12730,32,,,0,10,,12766,32,,,0,52,,12767,32,,,0,11,,12768,32,,,0,12,,12769,32,,,0,11,,12770,32,,,0,8,,12771,32,,,0,10,,12772,32,,,0,49,,12773,32,,,0,8,,12774,32,,,0,10,,12775,32,,,0,9,,12776,32,,,0,8,,12777,32,,,0,9,,12778,32,,,0,49,,12779,32,,,0,8,,12780,32,,,0,9,,12781,26,,,0,9,,12782,32,,,0,10,,12783,26,,,0,12,,12785,32,,,0,59,,12784,32,,,0,20,,12731,26,,,0,20,,12732,26,,,0,59,,12733,26,,,0,20,,12734,26,,,0,19,,12735,26,,,0,60,,12736,26,,,0
