2401,'5_1',735,,18147,15,0,18 19,0,895,,18148,13,,,0,104,,18149,13,,,0,94,,18150,13,,,0
2401,'5_2',735,,18151,15,0,18 19,0,895,,18152,13,,,0,104,,18153,13,,,0,94,,18154,13,,,0
2401,'5_4',735,,18155,15,0,18 19,0,895,,18156,13,,,0,104,,18157,13,,,0,94,,18158,13,,,0
2401,'5_5',735,,18159,15,0,18 19,0,895,,18160,13,,,0,104,,18161,13,,,0,94,,18162,13,,,0
2401,'6_3',735,,18163,15,0,18 19,0,517,,18164,13,,,0
2000001,'1_6',654,,20530,17,,,0,81,,20531,17,,,0,79,,20532,17,,,0,32,,20570,17,,,0,61,,20534,17,,,0,20,,20533,17,,,0,21,,20535,17,,,0,60,,20536,17,,,0,19,,20538,17,,,0,18,,20537,17,,,0,60,,20543,17,,,0,19,,20541,17,,,0,18,,20545,17,,,0,59,,20539,17,,,0,19,,20544,17,,,0,20,,20540,17,,,0,16,,20542,17,,,0,58,,20551,17,,,0,18,,20548,17,,,0,20,,20549,17,,,0,61,,20550,17,,,0,18,,20547,17,,,0,17,,20546,17,,,0,59,,20552,17,,,0,23,,20553,17,,,0,20,,20555,17,,,0,59,,20554,17,,,0,19,,20556,17,,,0,20,,20557,17,,,0,61,,20558,17,,,0,20,,20560,17,,,0,19,,20559,17,,,0,58,,20561,17,,,0,19,,20562,17,,,0,19,,20563,17,,,0,59,,20564,17,,,0,17,,20565,17,,,0,18,,20566,17,,,0,62,,20567,17,,,0,24,,20568,17,,,0,23,,20569,17,,,0
2000001,'4_7',827,,20588,17,,,0,80,,20571,17,,,0,40,,20572,17,,,0,80,,20573,17,,,0,80,,20574,17,,,0,40,,20575,17,,,0,80,,20576,17,,,0,80,,20577,17,,,0,40,,20579,17,,,0,80,,20578,17,,,0,80,,20580,17,,,0,40,,20581,17,,,0,80,,20582,17,,,0,80,,20583,17,,,0,40,,20585,17,,,0,80,,20584,17,,,0,80,,20586,17,,,0,40,,20587,17,,,0
2000001,'5_1',650,,20641,17,,,0,68,,20618,17,,,0,14,,20599,11,,,0,3,,20597,7,0,18 19,0,1,,20601,17,,,0,16,,20626,17,,,0,56,,20609,17,,,0,14,,20644,17,,,0,14,,20591,17,,,0,14,,20619,17,,,0,54,,20603,17,,,0,16,,20627,17,,,0,16,,20611,17,,,0,17,,20635,17,,,0,57,,20592,17,,,0,15,,20625,17,,,0,15,,20602,17,,,0,16,,20628,17,,,0,57,,20610,17,,,0,16,,20637,17,,,0,15,,20593,17,,,0,56,,20623,17,,,0,15,,20608,17,,,0,16,,20629,17,,,0,15,,20617,17,,,0,54,,20636,17,,,0,13,,20595,17,,,0,15,,20620,17,,,0,17,,20604,17,,,0,55,,20631,17,,,0,15,,20612,17,,,0,15,,20640,17,,,0,15,,20596,17,,,0,56,,20621,17,,,0,16,,20605,17,,,0,15,,20630,17,,,0,16,,20613,17,,,0,54,,20639,17,,,0,16,,20594,17,,,0,16,,20622,17,,,0,17,,20606,17,,,0,56,,20632,17,,,0,17,,20614,17,,,0,17,,20590,17,,,0,16,,20638,17,,,0,57,,20645,17,,,0,10,,20624,17,,,0,12,,20607,17,,,0,14,,20633,17,,,0,54,,20615,17,,,0,11,,20589,17,,,0,13,,20642,17,,,0,14,,20598,17,,,0,62,,20634,17,,,0,20,,20616,17,,,0,20,,20643,17,,,0,59,,20600,17,,,0
2000001,'5_2',650,,20698,17,,,0,68,,20675,17,,,0,14,,20656,11,,,0,3,,20654,7,0,18 19,0,1,,20658,17,,,0,16,,20683,17,,,0,56,,20666,17,,,0,14,,20701,17,,,0,14,,20648,17,,,0,14,,20676,17,,,0,54,,20660,17,,,0,16,,20684,17,,,0,16,,20668,17,,,0,17,,20692,17,,,0,57,,20649,17,,,0,15,,20682,17,,,0,15,,20659,17,,,0,16,,20685,17,,,0,57,,20667,17,,,0,16,,20694,17,,,0,15,,20650,17,,,0,56,,20680,17,,,0,15,,20665,17,,,0,16,,20686,17,,,0,15,,20674,17,,,0,54,,20693,17,,,0,13,,20652,17,,,0,15,,20677,17,,,0,17,,20661,17,,,0,55,,20688,17,,,0,15,,20669,17,,,0,15,,20697,17,,,0,15,,20653,17,,,0,56,,20678,17,,,0,16,,20662,17,,,0,15,,20687,17,,,0,16,,20670,17,,,0,54,,20696,17,,,0,16,,20651,17,,,0,16,,20679,17,,,0,17,,20663,17,,,0,56,,20689,17,,,0,17,,20671,17,,,0,17,,20647,17,,,0,16,,20695,17,,,0,57,,20702,17,,,0,10,,20681,17,,,0,12,,20664,17,,,0,14,,20690,17,,,0,54,,20672,17,,,0,11,,20646,17,,,0,13,,20699,17,,,0,14,,20655,17,,,0,62,,20691,17,,,0,20,,20673,17,,,0,20,,20700,17,,,0,59,,20657,17,,,0
2000001,'5_4',650,,20755,17,,,0,68,,20732,17,,,0,14,,20713,11,,,0,3,,20711,7,0,18 19,0,1,,20715,17,,,0,16,,20740,17,,,0,56,,20723,17,,,0,14,,20758,17,,,0,14,,20705,17,,,0,14,,20733,17,,,0,54,,20717,17,,,0,16,,20741,17,,,0,16,,20725,17,,,0,17,,20749,17,,,0,57,,20706,17,,,0,15,,20739,17,,,0,15,,20716,17,,,0,16,,20742,17,,,0,57,,20724,17,,,0,16,,20751,17,,,0,15,,20707,17,,,0,56,,20737,17,,,0,15,,20722,17,,,0,16,,20743,17,,,0,15,,20731,17,,,0,54,,20750,17,,,0,13,,20709,17,,,0,15,,20734,17,,,0,17,,20718,17,,,0,55,,20745,17,,,0,15,,20726,17,,,0,15,,20754,17,,,0,15,,20710,17,,,0,56,,20735,17,,,0,16,,20719,17,,,0,15,,20744,17,,,0,16,,20727,17,,,0,54,,20753,17,,,0,16,,20708,17,,,0,16,,20736,17,,,0,17,,20720,17,,,0,56,,20746,17,,,0,17,,20728,17,,,0,17,,20704,17,,,0,16,,20752,17,,,0,57,,20759,17,,,0,10,,20738,17,,,0,12,,20721,17,,,0,14,,20747,17,,,0,54,,20729,17,,,0,11,,20703,17,,,0,13,,20756,17,,,0,14,,20712,17,,,0,62,,20748,17,,,0,20,,20730,17,,,0,20,,20757,17,,,0,59,,20714,17,,,0
2000001,'5_5',650,,20812,17,,,0,68,,20789,17,,,0,14,,20770,11,,,0,3,,20768,7,0,18 19,0,1,,20772,17,,,0,16,,20797,17,,,0,56,,20780,17,,,0,14,,20815,17,,,0,14,,20762,17,,,0,14,,20790,17,,,0,54,,20774,17,,,0,16,,20798,17,,,0,16,,20782,17,,,0,17,,20806,17,,,0,57,,20763,17,,,0,15,,20796,17,,,0,15,,20773,17,,,0,16,,20799,17,,,0,57,,20781,17,,,0,16,,20808,17,,,0,15,,20764,17,,,0,56,,20794,17,,,0,15,,20779,17,,,0,16,,20800,17,,,0,15,,20788,17,,,0,54,,20807,17,,,0,13,,20766,17,,,0,15,,20791,17,,,0,17,,20775,17,,,0,55,,20802,17,,,0,15,,20783,17,,,0,15,,20811,17,,,0,15,,20767,17,,,0,56,,20792,17,,,0,16,,20776,17,,,0,15,,20801,17,,,0,16,,20784,17,,,0,54,,20810,17,,,0,16,,20765,17,,,0,16,,20793,17,,,0,17,,20777,17,,,0,56,,20803,17,,,0,17,,20785,17,,,0,17,,20761,17,,,0,16,,20809,17,,,0,57,,20816,17,,,0,10,,20795,17,,,0,12,,20778,17,,,0,14,,20804,17,,,0,54,,20786,17,,,0,11,,20760,17,,,0,13,,20813,17,,,0,14,,20769,17,,,0,62,,20805,17,,,0,20,,20787,17,,,0,20,,20814,17,,,0,59,,20771,17,,,0
2000001,'6_3',650,,20869,17,,,0,68,,20846,17,,,0,14,,20827,11,,,0,3,,20825,7,0,18 19,0,1,,20829,17,,,0,16,,20854,17,,,0,56,,20837,17,,,0,14,,20872,17,,,0,14,,20819,17,,,0,14,,20847,17,,,0,54,,20831,17,,,0,16,,20855,17,,,0,16,,20839,17,,,0,17,,20863,17,,,0,57,,20820,17,,,0,15,,20853,17,,,0,15,,20830,17,,,0,16,,20856,17,,,0,57,,20838,17,,,0,16,,20865,17,,,0,15,,20821,17,,,0,56,,20851,17,,,0,15,,20836,17,,,0,16,,20857,17,,,0,15,,20845,17,,,0,54,,20864,17,,,0,13,,20823,17,,,0,15,,20848,17,,,0,17,,20832,17,,,0,55,,20859,17,,,0,15,,20840,17,,,0,15,,20868,17,,,0,15,,20824,17,,,0,56,,20849,17,,,0,16,,20833,17,,,0,15,,20858,17,,,0,16,,20841,17,,,0,54,,20867,17,,,0,16,,20822,17,,,0,16,,20850,17,,,0,17,,20834,17,,,0,56,,20860,17,,,0,17,,20842,17,,,0,17,,20818,17,,,0,16,,20866,17,,,0,57,,20873,17,,,0,10,,20852,17,,,0,12,,20835,17,,,0,14,,20861,17,,,0,54,,20843,17,,,0,11,,20817,17,,,0,13,,20870,17,,,0,14,,20826,17,,,0,62,,20862,17,,,0,20,,20844,17,,,0,20,,20871,17,,,0,59,,20828,17,,,0
