401,'S2-1_6',651,,8835,6,,,0,154,,8842,6,0,41,0,35,,8836,6,,,0,69,,8843,6,0,41,0,32,,8844,6,0,41,0,67,,8845,6,0,41,0,32,,8837,6,,,0,70,,8846,6,0,41,0,31,,8847,6,0,41,0,71,,8848,6,0,41,0,30,,8838,6,,,0,69,,8849,6,0,41,0,29,,8850,6,0,41,0,70,,8851,6,0,41,0,31,,8839,6,,,0,69,,8852,6,0,41,0,32,,8853,6,0,41,0,73,,8854,6,0,41,0,31,,8840,6,,,0,71,,8855,6,0,41,0,33,,8856,6,0,41,0,72,,8857,6,0,41,0,31,,8858,6,0,41,0,70,,8841,6,,,0
401,'S2-4_7',906,,8859,6,0,41,0,100,,8860,6,0,41,0,100,,8861,6,0,41,0,100,,8862,6,0,41,0,100,,8863,6,0,41,0,100,,8864,6,0,41,0,100,,8865,6,0,41,0,100,,8866,6,0,41,0,100,,8867,6,0,41,0,100,,8868,6,0,41,0
401,'S2-5_1',646,,8886,6,0,41,0,57,,8870,6,0,41,0,8,,8887,6,0,41,0,22,,8871,6,0,41,0,12,,8894,6,,,0,66,,8872,6,0,41,0,11,,8873,6,0,41,0,78,,8874,6,0,41,0,36,,8875,6,0,41,0,75,,8876,6,0,41,0,35,,8896,6,,,0,71,,8877,6,0,41,0,28,,8878,6,0,41,0,57,,8895,6,,,0,30,,8891,6,0,41,0,73,,8897,6,,,0,34,,8869,9,0,41,0,77,,8879,6,0,41,0,30,,8898,6,,,0,66,,8880,6,0,41,0,28,,8881,6,0,41,0,15,,8882,6,0,41,0,50,,8892,6,0,41,0,18,,8888,6,0,41,0,23,,8883,6,0,41,0,8,,8889,6,0,41,0,51,,8893,6,,,0,38,,8884,6,0,41,0,15,,8890,6,0,41,0,85,,8885,6,0,41,0,67,,8899,6,,,0
401,'S2-5_2',646,,8918,6,0,41,0,57,,8902,6,0,41,0,8,,8919,6,0,41,0,22,,8903,6,0,41,0,12,,8926,6,,,0,66,,8904,6,0,41,0,11,,8905,6,0,41,0,78,,8906,6,0,41,0,36,,8907,6,0,41,0,75,,8908,6,0,41,0,35,,8928,6,,,0,71,,8909,6,0,41,0,28,,8910,6,0,41,0,57,,8927,6,,,0,30,,8923,6,0,41,0,73,,8929,6,,,0,34,,8901,9,0,41,0,77,,8911,6,0,41,0,30,,8930,6,,,0,66,,8912,6,0,41,0,28,,8913,6,0,41,0,15,,8914,6,0,41,0,50,,8924,6,0,41,0,18,,8920,6,0,41,0,23,,8915,6,0,41,0,8,,8921,6,0,41,0,51,,8925,6,,,0,38,,8916,6,0,41,0,15,,8922,6,0,41,0,85,,8917,6,0,41,0,67,,8931,6,,,0
401,'S2-5_4',646,,8950,6,0,41,0,57,,8934,6,0,41,0,8,,8951,6,0,41,0,22,,8935,6,0,41,0,12,,8958,6,,,0,66,,8936,6,0,41,0,11,,8937,6,0,41,0,78,,8938,6,0,41,0,36,,8939,6,0,41,0,75,,8940,6,0,41,0,35,,8960,6,,,0,71,,8941,6,0,41,0,28,,8942,6,0,41,0,57,,8959,6,,,0,30,,8955,6,0,41,0,73,,8961,6,,,0,34,,8933,9,0,41,0,77,,8943,6,0,41,0,30,,8962,6,,,0,66,,8944,6,0,41,0,28,,8945,6,0,41,0,15,,8946,6,0,41,0,50,,8956,6,0,41,0,18,,8952,6,0,41,0,23,,8947,6,0,41,0,8,,8953,6,0,41,0,51,,8957,6,,,0,38,,8948,6,0,41,0,15,,8954,6,0,41,0,85,,8949,6,0,41,0,67,,8963,6,,,0
401,'S2-5_5',646,,8982,6,0,41,0,57,,8966,6,0,41,0,8,,8983,6,0,41,0,22,,8967,6,0,41,0,12,,8990,6,,,0,66,,8968,6,0,41,0,11,,8969,6,0,41,0,78,,8970,6,0,41,0,36,,8971,6,0,41,0,75,,8972,6,0,41,0,35,,8992,6,,,0,71,,8973,6,0,41,0,28,,8974,6,0,41,0,57,,8991,6,,,0,30,,8987,6,0,41,0,73,,8993,6,,,0,34,,8965,9,0,41,0,77,,8975,6,0,41,0,30,,8994,6,,,0,66,,8976,6,0,41,0,28,,8977,6,0,41,0,15,,8978,6,0,41,0,50,,8988,6,0,41,0,18,,8984,6,0,41,0,23,,8979,6,0,41,0,8,,8985,6,0,41,0,51,,8989,6,,,0,38,,8980,6,0,41,0,15,,8986,6,0,41,0,85,,8981,6,0,41,0,67,,8995,6,,,0
401,'S2-6_3',646,,9014,6,0,41,0,57,,8998,6,0,41,0,8,,9015,6,0,41,0,22,,8999,6,0,41,0,12,,9022,6,,,0,66,,9000,6,0,41,0,11,,9001,6,0,41,0,78,,9002,6,0,41,0,36,,9003,6,0,41,0,75,,9004,6,0,41,0,35,,9024,6,,,0,71,,9005,6,0,41,0,28,,9006,6,0,41,0,57,,9023,6,,,0,30,,9019,6,0,41,0,73,,9025,6,,,0,34,,8997,9,0,41,0,77,,9007,6,0,41,0,30,,9026,6,,,0,66,,9008,6,0,41,0,28,,9009,6,0,41,0,15,,9010,6,0,41,0,50,,9020,6,0,41,0,18,,9016,6,0,41,0,23,,9011,6,0,41,0,8,,9017,6,0,41,0,51,,9021,6,,,0,38,,9012,6,0,41,0,15,,9018,6,0,41,0,85,,9013,6,0,41,0,67,,9027,6,,,0
2301,'S2-5_1',713,,10725,9,,,0
2301,'S2-5_2',713,,10728,9,,,0
2301,'S2-5_4',713,,10731,9,,,0
2301,'S2-5_5',713,,10734,9,,,0
2301,'S2-6_3',713,,10737,9,,,0
