900600,'25k03H-Samedi',850,,4343,,,0,170,,4345,,,0,125,,4346,,,0,175,,4347,,,0,120,,4348,,,0,175,,4349,,,0,130,,4350,,,0,170,,4344,,,0
900600,'25l22V-Semaine',850,,4351,,,0,170,,4353,,,0,125,,4354,,,0,175,,4355,,,0,120,,4356,,,0,175,,4357,,,0,130,,4358,,,0,170,,4352,,,0
900600,'26a05H-Samedi',850,,4359,,,0,170,,4361,,,0,125,,4362,,,0,175,,4363,,,0,120,,4364,,,0,175,,4365,,,0,130,,4366,,,0,170,,4360,,,0
900600,'26a05H-Mercredi',850,,4367,,,0,170,,4369,,,0,125,,4370,,,0,175,,4371,,,0,120,,4372,,,0,175,,4373,,,0,130,,4374,,,0,170,,4368,,,0
900600,'26a05H-L-Ma-J-V',850,,4375,,,0,170,,4377,,,0,125,,4378,,,0,175,,4379,,,0,120,,4380,,,0,175,,4381,,,0,130,,4382,,,0,170,,4376,,,0
900600,'26b23V-Semaine',850,,4383,,,0,170,,4385,,,0,125,,4386,,,0,175,,4387,,,0,120,,4388,,,0,175,,4389,,,0,130,,4390,,,0,170,,4384,,,0
900600,'26c02V-Semaine',850,,4391,,,0,170,,4393,,,0,125,,4394,,,0,175,,4395,,,0,120,,4396,,,0,175,,4397,,,0,130,,4398,,,0,170,,4392,,,0
900601,'25k03H-Samedi',800,,4399,,,0,130,,4400,,,0,170,,4401,,,0,135,,4402,,,0,120,,4403,,,0,175,,4404,,,0,125,,4405,,,0,170,,4406,,,0
900601,'25l22V-Semaine',800,,4407,,,0,130,,4408,,,0,170,,4409,,,0,135,,4410,,,0,120,,4411,,,0,175,,4412,,,0,125,,4413,,,0,170,,4414,,,0
900601,'26a05H-Samedi',800,,4415,,,0,130,,4416,,,0,170,,4417,,,0,135,,4418,,,0,120,,4419,,,0,175,,4420,,,0,125,,4421,,,0,170,,4422,,,0
900601,'26a05H-Mercredi',800,,4423,,,0,130,,4424,,,0,170,,4425,,,0,135,,4426,,,0,120,,4427,,,0,175,,4428,,,0,125,,4429,,,0,170,,4430,,,0
900601,'26a05H-L-Ma-J-V',800,,4431,,,0,130,,4432,,,0,170,,4433,,,0,135,,4434,,,0,120,,4435,,,0,175,,4436,,,0,125,,4437,,,0,170,,4438,,,0
900601,'26b23V-Semaine',800,,4439,,,0,130,,4440,,,0,170,,4441,,,0,135,,4442,,,0,120,,4443,,,0,175,,4444,,,0,125,,4445,,,0,170,,4446,,,0
900601,'26c02V-Semaine',800,,4447,,,0,130,,4448,,,0,170,,4449,,,0,135,,4450,,,0,120,,4451,,,0,175,,4452,,,0,125,,4453,,,0,170,,4454,,,0
