400,'S2-0_6',714,,55407,5,0,40,0,94,,55399,5,0,40,0,31,,55388,17,0,40,0,69,,55387,5,0,40,0,30,,55386,5,0,40,0,73,,55389,5,0,40,0,31,,55403,17,0,40,0,71,,55390,5,0,40,0,30,,55391,5,0,40,0,71,,55409,5,0,40,0,29,,55406,17,0,40,0,70,,55392,5,0,40,0,30,,55393,5,0,40,0,68,,55394,5,0,40,0,27,,55396,17,0,40,0,70,,55397,5,0,40,0,34,,55395,5,0,40,0,73,,55408,5,0,40,0,24,,55400,17,0,40,0,63,,55404,5,0,40,0,29,,55405,5,0,40,0,77,,55401,5,0,40,0,31,,55402,17,0,40,0,85,,55398,17,0,40,0
400,'S2-1_7',819,,55410,17,0,40,0,125,,55411,17,0,40,0,165,,55412,17,0,40,0,200,,55413,17,0,40,0,126,,55414,17,0,40,0,165,,55415,17,0,40,0,126,,55416,17,0,40,0,125,,55417,17,0,40,0
400,'S2-2_1',659,,55442,5,,,0,74,,55439,5,0,40,0,75,,55433,5,0,40,0,31,,55420,17,0,40,0,69,,55419,5,0,40,0,29,,55418,5,0,40,0,78,,55421,5,0,40,0,28,,55440,17,0,40,0,70,,55422,5,0,40,0,35,,55423,5,0,40,0,72,,55436,5,0,40,0,23,,55434,17,0,40,0,70,,55424,5,0,40,0,30,,55425,5,0,40,0,66,,55426,5,0,40,0,29,,55428,17,0,40,0,70,,55429,5,0,40,0,34,,55427,5,0,40,0,73,,55438,5,,,0,28,,55435,17,0,40,0,68,,55430,5,0,40,0,26,,55431,17,,,0,71,,55437,5,0,40,0,36,,55441,17,0,40,0,86,,55432,17,0,40,0
400,'S2-2_2',659,,55467,5,,,0,74,,55464,5,0,40,0,75,,55458,5,0,40,0,31,,55445,17,0,40,0,69,,55444,5,0,40,0,29,,55443,5,0,40,0,78,,55446,5,0,40,0,28,,55465,17,0,40,0,70,,55447,5,0,40,0,35,,55448,5,0,40,0,72,,55461,5,0,40,0,23,,55459,17,0,40,0,70,,55449,5,0,40,0,30,,55450,5,0,40,0,66,,55451,5,0,40,0,29,,55453,17,0,40,0,70,,55454,5,0,40,0,34,,55452,5,0,40,0,73,,55463,5,,,0,28,,55460,17,0,40,0,68,,55455,5,0,40,0,26,,55456,17,,,0,71,,55462,5,0,40,0,36,,55466,17,0,40,0,86,,55457,17,0,40,0
400,'S2-2_3',659,,55492,5,,,0,74,,55489,5,0,40,0,75,,55483,5,0,40,0,31,,55470,17,0,40,0,69,,55469,5,0,40,0,29,,55468,5,0,40,0,78,,55471,5,0,40,0,28,,55490,17,0,40,0,70,,55472,5,0,40,0,35,,55473,5,0,40,0,72,,55486,5,0,40,0,23,,55484,17,0,40,0,70,,55474,5,0,40,0,30,,55475,5,0,40,0,66,,55476,5,0,40,0,29,,55478,17,0,40,0,70,,55479,5,0,40,0,34,,55477,5,0,40,0,73,,55488,5,,,0,28,,55485,17,0,40,0,68,,55480,5,0,40,0,26,,55481,17,,,0,71,,55487,5,0,40,0,36,,55491,17,0,40,0,86,,55482,17,0,40,0
400,'S2-2_4',659,,55517,5,,,0,74,,55514,5,0,40,0,75,,55508,5,0,40,0,31,,55495,17,0,40,0,69,,55494,5,0,40,0,29,,55493,5,0,40,0,78,,55496,5,0,40,0,28,,55515,17,0,40,0,70,,55497,5,0,40,0,35,,55498,5,0,40,0,72,,55511,5,0,40,0,23,,55509,17,0,40,0,70,,55499,5,0,40,0,30,,55500,5,0,40,0,66,,55501,5,0,40,0,29,,55503,17,0,40,0,70,,55504,5,0,40,0,34,,55502,5,0,40,0,73,,55513,5,,,0,28,,55510,17,0,40,0,68,,55505,5,0,40,0,26,,55506,17,,,0,71,,55512,5,0,40,0,36,,55516,17,0,40,0,86,,55507,17,0,40,0
400,'S2-2_5',659,,55542,5,,,0,74,,55539,5,0,40,0,75,,55533,5,0,40,0,31,,55520,17,0,40,0,69,,55519,5,0,40,0,29,,55518,5,0,40,0,78,,55521,5,0,40,0,28,,55540,17,0,40,0,70,,55522,5,0,40,0,35,,55523,5,0,40,0,72,,55536,5,0,40,0,23,,55534,17,0,40,0,70,,55524,5,0,40,0,30,,55525,5,0,40,0,66,,55526,5,0,40,0,29,,55528,17,0,40,0,70,,55529,5,0,40,0,34,,55527,5,0,40,0,73,,55538,5,,,0,28,,55535,17,0,40,0,68,,55530,5,0,40,0,26,,55531,17,,,0,71,,55537,5,0,40,0,36,,55541,17,0,40,0,86,,55532,17,0,40,0
400,'S2-3_1',659,,55567,5,,,0,74,,55564,5,0,40,0,75,,55558,5,0,40,0,31,,55545,17,0,40,0,69,,55544,5,0,40,0,29,,55543,5,0,40,0,78,,55546,5,0,40,0,28,,55565,17,0,40,0,70,,55547,5,0,40,0,35,,55548,5,0,40,0,72,,55561,5,0,40,0,23,,55559,17,0,40,0,70,,55549,5,0,40,0,30,,55550,5,0,40,0,66,,55551,5,0,40,0,29,,55553,17,0,40,0,70,,55554,5,0,40,0,34,,55552,5,0,40,0,73,,55563,5,,,0,28,,55560,17,0,40,0,68,,55555,5,0,40,0,26,,55556,17,,,0,71,,55562,5,0,40,0,36,,55566,17,0,40,0,86,,55557,17,0,40,0
400,'S2-3_3',659,,55592,5,,,0,74,,55589,5,0,40,0,75,,55583,5,0,40,0,31,,55570,17,0,40,0,69,,55569,5,0,40,0,29,,55568,5,0,40,0,78,,55571,5,0,40,0,28,,55590,17,0,40,0,70,,55572,5,0,40,0,35,,55573,5,0,40,0,72,,55586,5,0,40,0,23,,55584,17,0,40,0,70,,55574,5,0,40,0,30,,55575,5,0,40,0,66,,55576,5,0,40,0,29,,55578,17,0,40,0,70,,55579,5,0,40,0,34,,55577,5,0,40,0,73,,55588,5,,,0,28,,55585,17,0,40,0,68,,55580,5,0,40,0,26,,55581,17,,,0,71,,55587,5,0,40,0,36,,55591,17,0,40,0,86,,55582,17,0,40,0
400,'S2-3_4',659,,55617,5,,,0,74,,55614,5,0,40,0,75,,55608,5,0,40,0,31,,55595,17,0,40,0,69,,55594,5,0,40,0,29,,55593,5,0,40,0,78,,55596,5,0,40,0,28,,55615,17,0,40,0,70,,55597,5,0,40,0,35,,55598,5,0,40,0,72,,55611,5,0,40,0,23,,55609,17,0,40,0,70,,55599,5,0,40,0,30,,55600,5,0,40,0,66,,55601,5,0,40,0,29,,55603,17,0,40,0,70,,55604,5,0,40,0,34,,55602,5,0,40,0,73,,55613,5,,,0,28,,55610,17,0,40,0,68,,55605,5,0,40,0,26,,55606,17,,,0,71,,55612,5,0,40,0,36,,55616,17,0,40,0,86,,55607,17,0,40,0
400,'S2-4_7',819,,55618,17,0,40,0,125,,55619,17,0,40,0,165,,55620,17,0,40,0,200,,55621,17,0,40,0,126,,55622,17,0,40,0,165,,55623,17,0,40,0,126,,55624,17,0,40,0,125,,55625,17,0,40,0
