900600,'0_6',844,,68268,17,,,0,170,,68270,17,,,0,125,,68271,17,,,0,175,,68272,17,,,0,120,,68273,17,,,0,175,,68274,17,,,0,130,,68275,17,,,0,170,,68269,17,,,0
900600,'2_1',844,,68276,17,,,0,170,,68278,17,,,0,125,,68279,17,,,0,175,,68280,17,,,0,120,,68281,17,,,0,175,,68282,17,,,0,130,,68283,17,,,0,170,,68277,17,,,0
900600,'2_2',844,,68284,17,,,0,170,,68286,17,,,0,125,,68287,17,,,0,175,,68288,17,,,0,120,,68289,17,,,0,175,,68290,17,,,0,130,,68291,17,,,0,170,,68285,17,,,0
900600,'2_3',844,,68292,17,,,0,170,,68294,17,,,0,125,,68295,17,,,0,175,,68296,17,,,0,120,,68297,17,,,0,175,,68298,17,,,0,130,,68299,17,,,0,170,,68293,17,,,0
900600,'2_4',844,,68300,17,,,0,170,,68302,17,,,0,125,,68303,17,,,0,175,,68304,17,,,0,120,,68305,17,,,0,175,,68306,17,,,0,130,,68307,17,,,0,170,,68301,17,,,0
900600,'2_5',844,,68308,17,,,0,170,,68310,17,,,0,125,,68311,17,,,0,175,,68312,17,,,0,120,,68313,17,,,0,175,,68314,17,,,0,130,,68315,17,,,0,170,,68309,17,,,0
900600,'3_1',844,,68316,17,,,0,170,,68318,17,,,0,125,,68319,17,,,0,175,,68320,17,,,0,120,,68321,17,,,0,175,,68322,17,,,0,130,,68323,17,,,0,170,,68317,17,,,0
900600,'3_3',844,,68324,17,,,0,170,,68326,17,,,0,125,,68327,17,,,0,175,,68328,17,,,0,120,,68329,17,,,0,175,,68330,17,,,0,130,,68331,17,,,0,170,,68325,17,,,0
900600,'3_4',844,,68332,17,,,0,170,,68334,17,,,0,125,,68335,17,,,0,175,,68336,17,,,0,120,,68337,17,,,0,175,,68338,17,,,0,130,,68339,17,,,0,170,,68333,17,,,0
900600,'3_5',844,,68340,17,,,0,170,,68342,17,,,0,125,,68343,17,,,0,175,,68344,17,,,0,120,,68345,17,,,0,175,,68346,17,,,0,130,,68347,17,,,0,170,,68341,17,,,0
