1001,'25j05H-Dimanche',952,,2995,,,0,460,,2996,,,0,500,,2997,,,0
1001,'25j26H-Dimanche',952,,2998,,,0,460,,2999,,,0,500,,3000,,,0
1001,'25k03H-Samedi',807,,3001,,,0,108,,3002,,,0,101,,3009,,,0,102,,3003,,,0,100,,3010,,,0,85,,3011,,,0,202,,3012,,,0,395,,3004,,,0,107,,3005,,,0
1001,'25l22V-Semaine',807,,3013,,,0,104,,3015,,,0,105,,3018,,,0,102,,3016,,,0,100,,3019,,,0,85,,3020,,,0,119,,3014,,,0,83,,3024,,,0,395,,3023,,,0,107,,3017,,,0
1001,'26a05H-Samedi',807,,3025,,,0,108,,3026,,,0,101,,3033,,,0,102,,3027,,,0,100,,3034,,,0,85,,3035,,,0,202,,3036,,,0,395,,3028,,,0,107,,3029,,,0
1001,'26a05H-Mercredi',810,,3037,,,0,106,,3039,,,0,86,,3040,,,0,39,,3044,,,0,86,,3041,,,0,90,,3045,,,0,42,,3046,,,0,71,,3047,,,0,95,,3038,,,0,584,,3043,,,0
1001,'26a05H-L-Ma-J-V',810,,3051,,,0,106,,3053,,,0,86,,3054,,,0,39,,3058,,,0,86,,3055,,,0,90,,3059,,,0,42,,3060,,,0,71,,3061,,,0,95,,3052,,,0,584,,3057,,,0
1001,'26b23V-Semaine',807,,3065,,,0,104,,3067,,,0,105,,3070,,,0,102,,3068,,,0,100,,3071,,,0,85,,3072,,,0,119,,3066,,,0,83,,3076,,,0,395,,3075,,,0,107,,3069,,,0
1001,'26c02V-Semaine',807,,3077,,,0,104,,3079,,,0,105,,3082,,,0,102,,3080,,,0,100,,3083,,,0,85,,3084,,,0,119,,3078,,,0,83,,3088,,,0,395,,3087,,,0,107,,3081,,,0
1101,'25j05H-Dimanche',949,,3121,,,0,960,,3122,,,0
1101,'25j26H-Dimanche',949,,3123,,,0,960,,3124,,,0
1101,'25k03H-Samedi',1636,,3125,,,0,119,,3126,,,0
1101,'25l22V-Semaine',1636,,3127,,,0,119,,3128,,,0
1101,'26a05H-Samedi',1636,,3129,,,0,119,,3130,,,0
1101,'26a05H-Mercredi',1636,,3131,,,0,119,,3132,,,0,94,,3133,,,0
1101,'26a05H-L-Ma-J-V',1636,,3134,,,0,119,,3135,,,0,94,,3136,,,0
1101,'26b23V-Semaine',1636,,3137,,,0,119,,3138,,,0
1101,'26c02V-Semaine',1636,,3139,,,0,119,,3140,,,0
