101,'1_6',720,,14987,27,0,5,0,115,,14988,27,0,5,0,105,,14989,27,0,5,0,70,,15000,27,0,6,0,29,,14990,27,0,5,0,71,,15001,27,0,6,0,30,,14991,27,0,5,0,70,,15002,27,0,6,0,30,,14992,27,0,5,0,69,,15003,27,0,6,0,31,,14993,27,0,5,0,69,,15004,27,0,6,0,30,,14994,27,0,5,0,70,,15005,27,0,6,0,30,,14995,27,0,5,0,72,,15006,27,0,6,0,31,,14996,27,0,5,0,69,,15007,27,0,6,0,33,,14997,27,0,5,0,70,,15008,27,0,6,0,35,,14998,27,0,5,0,65,,15009,27,0,6,0,26,,14999,27,0,5,0
101,'4_7',925,,15010,27,0,6,0,105,,15015,27,0,5,0,105,,15011,27,0,6,0,105,,15016,27,0,5,0,105,,15012,27,0,6,0,90,,15017,27,0,5,0,100,,15013,27,0,6,0,105,,15018,27,0,5,0,105,,15014,27,0,6,0,105,,15019,27,0,5,0
101,'5_1',720,,15020,33,0,6,0,7,,15052,1,0,7,0,3,,15050,27,0,7,0,20,,15021,33,0,6,0,55,,15048,27,0,5,0,15,,15022,33,0,6,0,17,,15051,33,0,5,0,13,,15035,27,0,7,0,65,,15026,27,0,6,0,40,,15036,33,0,5,0,75,,15027,27,0,6,0,80,,15039,27,0,5,0,35,,15028,27,0,6,0,70,,15040,27,0,5,0,20,,15029,27,0,6,0,75,,15041,27,0,5,0,38,,15023,33,0,6,0,67,,15037,33,0,5,0,30,,15030,27,0,6,0,65,,15042,27,0,5,0,35,,15031,27,0,6,0,60,,15043,27,0,5,0,25,,15032,27,0,6,0,15,,15047,1,0,5,0,60,,15033,27,0,6,0,21,,15038,33,0,5,0,14,,15034,27,0,6,0,70,,15044,27,0,5,0,15,,15024,33,0,6,0,17,,15045,27,0,5,0,68,,15025,33,0,6,0,35,,15046,27,0,5,0
101,'5_2',720,,15053,33,0,6,0,7,,15085,1,0,7,0,3,,15083,27,0,7,0,20,,15054,33,0,6,0,55,,15081,27,0,5,0,15,,15055,33,0,6,0,17,,15084,33,0,5,0,13,,15068,27,0,7,0,65,,15059,27,0,6,0,40,,15069,33,0,5,0,75,,15060,27,0,6,0,80,,15072,27,0,5,0,35,,15061,27,0,6,0,70,,15073,27,0,5,0,20,,15062,27,0,6,0,75,,15074,27,0,5,0,38,,15056,33,0,6,0,67,,15070,33,0,5,0,30,,15063,27,0,6,0,65,,15075,27,0,5,0,35,,15064,27,0,6,0,60,,15076,27,0,5,0,25,,15065,27,0,6,0,15,,15080,1,0,5,0,60,,15066,27,0,6,0,21,,15071,33,0,5,0,14,,15067,27,0,6,0,70,,15077,27,0,5,0,15,,15057,33,0,6,0,17,,15078,27,0,5,0,68,,15058,33,0,6,0,35,,15079,27,0,5,0
101,'5_4',720,,15086,33,0,6,0,7,,15118,1,0,7,0,3,,15116,27,0,7,0,20,,15087,33,0,6,0,55,,15114,27,0,5,0,15,,15088,33,0,6,0,17,,15117,33,0,5,0,13,,15101,27,0,7,0,65,,15092,27,0,6,0,40,,15102,33,0,5,0,75,,15093,27,0,6,0,80,,15105,27,0,5,0,35,,15094,27,0,6,0,70,,15106,27,0,5,0,20,,15095,27,0,6,0,75,,15107,27,0,5,0,38,,15089,33,0,6,0,67,,15103,33,0,5,0,30,,15096,27,0,6,0,65,,15108,27,0,5,0,35,,15097,27,0,6,0,60,,15109,27,0,5,0,25,,15098,27,0,6,0,15,,15113,1,0,5,0,60,,15099,27,0,6,0,21,,15104,33,0,5,0,14,,15100,27,0,6,0,70,,15110,27,0,5,0,15,,15090,33,0,6,0,17,,15111,27,0,5,0,68,,15091,33,0,6,0,35,,15112,27,0,5,0
101,'5_5',720,,15119,33,0,6,0,7,,15151,1,0,7,0,3,,15149,27,0,7,0,20,,15120,33,0,6,0,55,,15147,27,0,5,0,15,,15121,33,0,6,0,17,,15150,33,0,5,0,13,,15134,27,0,7,0,65,,15125,27,0,6,0,40,,15135,33,0,5,0,75,,15126,27,0,6,0,80,,15138,27,0,5,0,35,,15127,27,0,6,0,70,,15139,27,0,5,0,20,,15128,27,0,6,0,75,,15140,27,0,5,0,38,,15122,33,0,6,0,67,,15136,33,0,5,0,30,,15129,27,0,6,0,65,,15141,27,0,5,0,35,,15130,27,0,6,0,60,,15142,27,0,5,0,25,,15131,27,0,6,0,15,,15146,1,0,5,0,60,,15132,27,0,6,0,21,,15137,33,0,5,0,14,,15133,27,0,6,0,70,,15143,27,0,5,0,15,,15123,33,0,6,0,17,,15144,27,0,5,0,68,,15124,33,0,6,0,35,,15145,27,0,5,0
101,'6_3',720,,15152,33,0,6,0,7,,15184,1,0,7,0,3,,15182,27,0,7,0,20,,15153,33,0,6,0,55,,15180,27,0,5,0,15,,15154,33,0,6,0,17,,15183,33,0,5,0,13,,15167,27,0,7,0,65,,15158,27,0,6,0,40,,15168,33,0,5,0,75,,15159,27,0,6,0,80,,15171,27,0,5,0,35,,15160,27,0,6,0,70,,15172,27,0,5,0,20,,15161,27,0,6,0,75,,15173,27,0,5,0,38,,15155,33,0,6,0,67,,15169,33,0,5,0,30,,15162,27,0,6,0,65,,15174,27,0,5,0,35,,15163,27,0,6,0,60,,15175,27,0,5,0,25,,15164,27,0,6,0,15,,15179,1,0,5,0,60,,15165,27,0,6,0,21,,15170,33,0,5,0,14,,15166,27,0,6,0,70,,15176,27,0,5,0,15,,15156,33,0,6,0,17,,15177,27,0,5,0,68,,15157,33,0,6,0,35,,15178,27,0,5,0
201,'1_6',720,,15423,22,0,20,0,5,,15447,22,0,22,0,25,,15435,10,0,21,0,70,,15424,22,0,21,0,25,,15436,10,0,22,0,65,,15448,22,0,20,0,25,,15425,22,0,20,0,20,,15437,10,0,21,0,55,,15449,22,0,22,0,31,,15426,22,0,20,0,59,,15438,10,0,21,0,20,,15450,22,0,39,0,25,,15427,22,0,20,0,60,,15439,10,0,22,0,20,,15451,22,0,21,0,30,,15428,22,0,21,0,58,,15440,10,0,22,0,20,,15452,22,0,20,0,25,,15429,22,0,21,0,57,,15441,10,0,22,0,25,,15453,22,0,20,0,65,,15430,22,0,22,0,18,,15442,10,0,21,0,22,,15454,22,0,20,0,62,,15431,22,0,22,0,16,,15443,10,0,21,0,24,,15455,22,0,20,0,65,,15432,22,0,21,0,18,,15444,10,0,22,0,20,,15456,22,0,20,0,65,,15433,22,0,21,0,20,,15445,10,0,20,0,20,,15457,22,0,22,0,60,,15434,22,0,21,0,15,,15446,10,0,22,0,15,,15458,22,0,21,0
201,'4_7',845,,15459,10,0,21,0,165,,15460,10,0,21,0,125,,15461,10,0,21,0,165,,15462,10,0,21,0,110,,15463,10,0,21,0,125,,15464,10,0,21,0,165,,15465,10,0,21,0,125,,15466,10,0,21,0
201,'5_1',720,,15467,22,0,20,0,17,,15501,1,0,21,0,13,,15505,22,0,21,0,58,,15489,10,0,22,0,12,,15470,22,0,21,0,15,,15468,10,0,20,0,20,,15490,22,0,22,0,67,,15471,22,0,21,0,28,,15481,22,0,20,0,81,,15475,22,0,21,0,26,,15482,22,0,22,0,83,,15476,22,0,21,0,75,,15483,22,0,22,0,20,,15503,1,0,21,0,20,,15472,22,0,20,0,75,,15491,22,0,21,0,20,,15504,22,0,22,0,65,,15484,22,0,21,0,30,,15469,22,0,20,0,65,,15492,22,0,21,0,25,,15473,22,0,22,0,15,,15498,1,0,20,0,60,,15485,22,0,21,0,10,,15500,1,0,22,0,15,,15477,1,0,21,0,15,,15499,22,0,22,0,60,,15493,10,0,21,0,15,,15486,10,0,22,0,12,,15494,22,0,21,0,13,,15474,22,0,22,0,55,,15495,10,0,21,0,15,,15497,10,0,22,0,15,,15496,10,0,21,0,15,,15487,22,0,22,0,60,,15478,22,0,21,0,25,,15488,22,0,22,0,20,,15479,22,0,21,0
201,'5_2',720,,15506,22,0,20,0,17,,15540,1,0,21,0,13,,15544,22,0,21,0,58,,15528,10,0,22,0,12,,15509,22,0,21,0,15,,15507,10,0,20,0,20,,15529,22,0,22,0,67,,15510,22,0,21,0,28,,15520,22,0,20,0,81,,15514,22,0,21,0,26,,15521,22,0,22,0,83,,15515,22,0,21,0,75,,15522,22,0,22,0,20,,15542,1,0,21,0,20,,15511,22,0,20,0,75,,15530,22,0,21,0,20,,15543,22,0,22,0,65,,15523,22,0,21,0,30,,15508,22,0,20,0,65,,15531,22,0,21,0,25,,15512,22,0,22,0,15,,15537,1,0,20,0,60,,15524,22,0,21,0,10,,15539,1,0,22,0,15,,15516,1,0,21,0,15,,15538,22,0,22,0,60,,15532,10,0,21,0,15,,15525,10,0,22,0,12,,15533,22,0,21,0,13,,15513,22,0,22,0,55,,15534,10,0,21,0,15,,15536,10,0,22,0,15,,15535,10,0,21,0,15,,15526,22,0,22,0,60,,15517,22,0,21,0,25,,15527,22,0,22,0,20,,15518,22,0,21,0
201,'5_4',720,,15545,22,0,20,0,17,,15579,1,0,21,0,13,,15583,22,0,21,0,58,,15567,10,0,22,0,12,,15548,22,0,21,0,15,,15546,10,0,20,0,20,,15568,22,0,22,0,67,,15549,22,0,21,0,28,,15559,22,0,20,0,81,,15553,22,0,21,0,26,,15560,22,0,22,0,83,,15554,22,0,21,0,75,,15561,22,0,22,0,20,,15581,1,0,21,0,20,,15550,22,0,20,0,75,,15569,22,0,21,0,20,,15582,22,0,22,0,65,,15562,22,0,21,0,30,,15547,22,0,20,0,65,,15570,22,0,21,0,25,,15551,22,0,22,0,15,,15576,1,0,20,0,60,,15563,22,0,21,0,10,,15578,1,0,22,0,15,,15555,1,0,21,0,15,,15577,22,0,22,0,60,,15571,10,0,21,0,15,,15564,10,0,22,0,12,,15572,22,0,21,0,13,,15552,22,0,22,0,55,,15573,10,0,21,0,15,,15575,10,0,22,0,15,,15574,10,0,21,0,15,,15565,22,0,22,0,60,,15556,22,0,21,0,25,,15566,22,0,22,0,20,,15557,22,0,21,0
201,'5_5',720,,15584,22,0,20,0,17,,15618,1,0,21,0,13,,15622,22,0,21,0,58,,15606,10,0,22,0,12,,15587,22,0,21,0,15,,15585,10,0,20,0,20,,15607,22,0,22,0,67,,15588,22,0,21,0,28,,15598,22,0,20,0,81,,15592,22,0,21,0,26,,15599,22,0,22,0,83,,15593,22,0,21,0,75,,15600,22,0,22,0,20,,15620,1,0,21,0,20,,15589,22,0,20,0,75,,15608,22,0,21,0,20,,15621,22,0,22,0,65,,15601,22,0,21,0,30,,15586,22,0,20,0,65,,15609,22,0,21,0,25,,15590,22,0,22,0,15,,15615,1,0,20,0,60,,15602,22,0,21,0,10,,15617,1,0,22,0,15,,15594,1,0,21,0,15,,15616,22,0,22,0,60,,15610,10,0,21,0,15,,15603,10,0,22,0,12,,15611,22,0,21,0,13,,15591,22,0,22,0,55,,15612,10,0,21,0,15,,15614,10,0,22,0,15,,15613,10,0,21,0,15,,15604,22,0,22,0,60,,15595,22,0,21,0,25,,15605,22,0,22,0,20,,15596,22,0,21,0
201,'6_3',720,,15623,22,0,20,0,17,,15657,1,0,21,0,13,,15662,22,0,21,0,58,,15645,10,0,22,0,12,,15626,22,0,21,0,15,,15624,10,0,20,0,20,,15646,22,0,22,0,67,,15627,22,0,21,0,28,,15637,22,0,20,0,81,,15631,22,0,21,0,26,,15638,22,0,22,0,83,,15632,22,0,21,0,75,,15660,1,0,21,0,20,,15659,1,0,21,0,20,,15628,22,0,20,0,75,,15647,22,0,21,0,20,,15661,22,0,22,0,65,,15640,22,0,21,0,30,,15625,22,0,20,0,65,,15648,22,0,21,0,25,,15629,22,0,22,0,15,,15654,1,0,20,0,60,,15641,22,0,21,0,10,,15656,1,0,22,0,15,,15633,1,0,21,0,15,,15655,22,0,22,0,60,,15649,10,0,21,0,15,,15642,10,0,22,0,12,,15650,22,0,21,0,13,,15630,22,0,22,0,55,,15651,10,0,21,0,15,,15653,10,0,22,0,15,,15652,10,0,21,0,15,,15643,22,0,22,0,60,,15634,22,0,21,0,25,,15644,22,0,22,0,20,,15635,22,0,21,0
301,'1_6',715,,15845,2,,,0,30,,15842,2,,,0,70,,15843,2,,,0,30,,15844,2,,,0,70,,15846,2,,,0,30,,15847,2,,,0,70,,15848,2,,,0,29,,15849,2,,,0,71,,15853,2,,,0,30,,15852,2,,,0,69,,15850,2,,,0,29,,15851,2,,,0,69,,15855,2,,,0,29,,15856,2,,,0,70,,15854,2,,,0,31,,15857,2,,,0,70,,15860,2,,,0,32,,15858,2,,,0,72,,15859,2,,,0,31,,15862,2,,,0,71,,15861,2,,,0,31,,15863,2,,,0,72,,15864,2,,,0,30,,15865,2,,,0,70,,15866,2,,,0,29,,15867,2,,,0,70,,15868,2,,,0,24,,15869,2,,,0
301,'4_7',906,,15870,2,,,0,100,,15871,2,,,0,100,,15872,2,,,0,100,,15873,2,,,0,100,,15874,2,,,0,100,,15875,2,,,0,100,,15876,2,,,0,100,,15877,2,,,0,100,,15878,2,,,0,100,,15879,2,,,0,100,,15880,2,,,0
301,'5_1',705,,15907,2,,,0,21,,15881,2,,,0,33,,15908,2,,,0,72,,15882,2,,,0,72,,15883,2,,,0,32,,15884,2,,,0,72,,15885,2,,,0,32,,15886,2,,,0,72,,15887,2,,,0,32,,15888,2,,,0,72,,15889,2,,,0,31,,15890,2,,,0,73,,15891,2,,,0,32,,15892,2,,,0,70,,15893,2,,,0,30,,15894,2,,,0,67,,15895,2,,,0,27,,15896,2,,,0,70,,15897,2,,,0,30,,15898,2,,,0,69,,15899,2,,,0,30,,15900,2,,,0,66,,15901,2,,,0,26,,15902,2,,,0,65,,15903,2,,,0,30,,15904,2,,,0,69,,15905,2,,,0,30,,15906,2,,,0
301,'5_2',705,,15935,2,,,0,21,,15909,2,,,0,33,,15936,2,,,0,72,,15910,2,,,0,72,,15911,2,,,0,32,,15912,2,,,0,72,,15913,2,,,0,32,,15914,2,,,0,72,,15915,2,,,0,32,,15916,2,,,0,72,,15917,2,,,0,31,,15918,2,,,0,73,,15919,2,,,0,32,,15920,2,,,0,70,,15921,2,,,0,30,,15922,2,,,0,67,,15923,2,,,0,27,,15924,2,,,0,70,,15925,2,,,0,30,,15926,2,,,0,69,,15927,2,,,0,30,,15928,2,,,0,66,,15929,2,,,0,26,,15930,2,,,0,65,,15931,2,,,0,30,,15932,2,,,0,69,,15933,2,,,0,30,,15934,2,,,0
301,'5_4',705,,15963,2,,,0,21,,15937,2,,,0,33,,15964,2,,,0,72,,15938,2,,,0,72,,15939,2,,,0,32,,15940,2,,,0,72,,15941,2,,,0,32,,15942,2,,,0,72,,15943,2,,,0,32,,15944,2,,,0,72,,15945,2,,,0,31,,15946,2,,,0,73,,15947,2,,,0,32,,15948,2,,,0,70,,15949,2,,,0,30,,15950,2,,,0,67,,15951,2,,,0,27,,15952,2,,,0,70,,15953,2,,,0,30,,15954,2,,,0,69,,15955,2,,,0,30,,15956,2,,,0,66,,15957,2,,,0,26,,15958,2,,,0,65,,15959,2,,,0,30,,15960,2,,,0,69,,15961,2,,,0,30,,15962,2,,,0
301,'5_5',705,,15991,2,,,0,21,,15965,2,,,0,33,,15992,2,,,0,72,,15966,2,,,0,72,,15967,2,,,0,32,,15968,2,,,0,72,,15969,2,,,0,32,,15970,2,,,0,72,,15971,2,,,0,32,,15972,2,,,0,72,,15973,2,,,0,31,,15974,2,,,0,73,,15975,2,,,0,32,,15976,2,,,0,70,,15977,2,,,0,30,,15978,2,,,0,67,,15979,2,,,0,27,,15980,2,,,0,70,,15981,2,,,0,30,,15982,2,,,0,69,,15983,2,,,0,30,,15984,2,,,0,66,,15985,2,,,0,26,,15986,2,,,0,65,,15987,2,,,0,30,,15988,2,,,0,69,,15989,2,,,0,30,,15990,2,,,0
301,'6_3',705,,16019,2,,,0,21,,15993,2,,,0,33,,16020,2,,,0,72,,15994,2,,,0,72,,15995,2,,,0,32,,15996,2,,,0,72,,15997,2,,,0,32,,15998,2,,,0,72,,15999,2,,,0,32,,16000,2,,,0,72,,16001,2,,,0,31,,16002,2,,,0,73,,16003,2,,,0,32,,16004,2,,,0,70,,16005,2,,,0,30,,16006,2,,,0,67,,16007,2,,,0,27,,16008,2,,,0,70,,16009,2,,,0,30,,16010,2,,,0,69,,16011,2,,,0,30,,16012,2,,,0,66,,16013,2,,,0,26,,16014,2,,,0,65,,16015,2,,,0,30,,16016,2,,,0,69,,16017,2,,,0,30,,16018,2,,,0
401,'1_6',720,,16224,33,,,0,117,,16231,33,0,41,0,73,,16225,33,,,0,28,,16232,33,0,41,0,72,,16233,33,0,41,0,28,,16234,33,0,41,0,72,,16226,33,,,0,28,,16235,33,0,41,0,73,,16236,33,0,41,0,30,,16237,33,0,41,0,70,,16227,33,,,0,29,,16238,33,0,41,0,69,,16239,33,0,41,0,31,,16240,33,0,41,0,71,,16228,33,,,0,28,,16241,33,0,41,0,73,,16242,33,0,41,0,33,,16243,33,0,41,0,71,,16229,33,,,0,32,,16244,33,0,41,0,72,,16245,33,0,41,0,31,,16246,33,0,41,0,69,,16247,33,0,41,0,30,,16230,33,,,0
401,'4_7',930,,16248,33,0,41,0,100,,16249,33,0,41,0,100,,16250,33,0,41,0,100,,16251,33,0,41,0,100,,16252,33,0,41,0,100,,16253,33,0,41,0,100,,16254,33,0,41,0,100,,16255,33,0,41,0,100,,16256,33,0,41,0,100,,16257,33,0,41,0
401,'5_1',725,,16289,31,0,52,0,10,,16259,33,0,41,0,15,,16276,35,0,41,0,55,,16260,33,0,41,0,15,,16283,35,,,0,24,,16261,33,0,41,0,11,,16262,33,0,41,0,75,,16263,33,0,41,0,75,,16264,33,0,41,0,35,,16265,33,0,41,0,75,,16285,33,,,0,30,,16266,33,0,41,0,70,,16267,33,0,41,0,20,,16284,35,,,0,70,,16280,36,0,41,0,30,,16286,33,,,0,73,,16258,36,0,41,0,37,,16268,33,0,41,0,70,,16287,33,,,0,27,,16269,33,0,41,0,68,,16270,33,0,41,0,15,,16271,33,0,41,0,16,,16281,36,0,41,0,64,,16277,35,0,41,0,15,,16272,33,0,41,0,15,,16278,35,0,41,0,12,,16282,36,,,0,68,,16273,33,0,41,0,20,,16279,35,0,41,0,75,,16274,33,0,41,0,25,,16288,33,,,0
401,'5_2',725,,16321,31,0,52,0,10,,16291,33,0,41,0,15,,16308,35,0,41,0,55,,16292,33,0,41,0,15,,16315,35,,,0,24,,16293,33,0,41,0,11,,16294,33,0,41,0,75,,16295,33,0,41,0,75,,16296,33,0,41,0,35,,16297,33,0,41,0,75,,16317,33,,,0,30,,16298,33,0,41,0,70,,16299,33,0,41,0,20,,16316,35,,,0,70,,16312,36,0,41,0,30,,16318,33,,,0,73,,16290,36,0,41,0,37,,16300,33,0,41,0,70,,16319,33,,,0,27,,16301,33,0,41,0,68,,16302,33,0,41,0,15,,16303,33,0,41,0,16,,16313,36,0,41,0,64,,16309,35,0,41,0,15,,16304,33,0,41,0,15,,16310,35,0,41,0,12,,16314,36,,,0,68,,16305,33,0,41,0,20,,16311,35,0,41,0,75,,16306,33,0,41,0,25,,16320,33,,,0
401,'5_4',725,,16353,31,0,52,0,10,,16323,33,0,41,0,15,,16340,35,0,41,0,55,,16324,33,0,41,0,15,,16347,35,,,0,24,,16325,33,0,41,0,11,,16326,33,0,41,0,75,,16327,33,0,41,0,75,,16328,33,0,41,0,35,,16329,33,0,41,0,75,,16349,33,,,0,30,,16330,33,0,41,0,70,,16331,33,0,41,0,20,,16348,35,,,0,70,,16344,36,0,41,0,30,,16350,33,,,0,73,,16322,36,0,41,0,37,,16332,33,0,41,0,70,,16351,33,,,0,27,,16333,33,0,41,0,68,,16334,33,0,41,0,15,,16335,33,0,41,0,16,,16345,36,0,41,0,64,,16341,35,0,41,0,15,,16336,33,0,41,0,15,,16342,35,0,41,0,12,,16346,36,,,0,68,,16337,33,0,41,0,20,,16343,35,0,41,0,75,,16338,33,0,41,0,25,,16352,33,,,0
401,'5_5',725,,16385,31,0,52,0,10,,16355,33,0,41,0,15,,16372,35,0,41,0,55,,16356,33,0,41,0,15,,16379,35,,,0,24,,16357,33,0,41,0,11,,16358,33,0,41,0,75,,16359,33,0,41,0,75,,16360,33,0,41,0,35,,16361,33,0,41,0,75,,16381,33,,,0,30,,16362,33,0,41,0,70,,16363,33,0,41,0,20,,16380,35,,,0,70,,16376,36,0,41,0,30,,16382,33,,,0,73,,16354,36,0,41,0,37,,16364,33,0,41,0,70,,16383,33,,,0,27,,16365,33,0,41,0,68,,16366,33,0,41,0,15,,16367,33,0,41,0,16,,16377,36,0,41,0,64,,16373,35,0,41,0,15,,16368,33,0,41,0,15,,16374,35,0,41,0,12,,16378,36,,,0,68,,16369,33,0,41,0,20,,16375,35,0,41,0,75,,16370,33,0,41,0,25,,16384,33,,,0
401,'6_3',725,,16417,31,0,52,0,10,,16387,33,0,41,0,15,,16404,35,0,41,0,55,,16388,33,0,41,0,15,,16411,35,,,0,24,,16389,33,0,41,0,11,,16390,33,0,41,0,75,,16391,33,0,41,0,75,,16392,33,0,41,0,35,,16393,33,0,41,0,75,,16413,33,,,0,30,,16394,33,0,41,0,70,,16395,33,0,41,0,20,,16412,35,,,0,70,,16408,36,0,41,0,30,,16414,33,,,0,73,,16386,36,0,41,0,37,,16396,33,0,41,0,70,,16415,33,,,0,27,,16397,33,0,41,0,68,,16398,33,0,41,0,15,,16399,33,0,41,0,16,,16409,36,0,41,0,64,,16405,35,0,41,0,15,,16400,33,0,41,0,15,,16406,35,0,41,0,12,,16410,36,,,0,68,,16401,33,0,41,0,20,,16407,35,0,41,0,75,,16402,33,0,41,0,25,,16416,33,,,0
501,'1_6',812,,16505,5,,,0,100,,16506,5,,,0,100,,16507,5,,,0,100,,16508,5,,,0,100,,16509,5,,,0,95,,16510,5,,,0,98,,16511,5,,,0,100,,16512,5,,,0,100,,16513,5,,,0,100,,16514,5,,,0,100,,16515,5,,,0,150,,16516,5,,,0
501,'5_1',920,,16517,5,,,0,104,,16518,5,,,0,100,,16519,5,,,0,86,,16520,5,,,0,95,,16521,5,,,0,98,,16522,5,,,0,102,,16523,5,,,0,100,,16524,5,,,0,25,,16526,5,0,13,0,81,,16525,5,,,0,29,,16527,5,0,13,0,75,,16529,5,,,0,20,,16528,5,0,13,0,110,,16530,5,,,0
501,'5_2',920,,16531,5,,,0,104,,16532,5,,,0,100,,16533,5,,,0,86,,16534,5,,,0,95,,16535,5,,,0,98,,16536,5,,,0,102,,16537,5,,,0,100,,16538,5,,,0,25,,16540,5,0,13,0,81,,16539,5,,,0,29,,16541,5,0,13,0,75,,16543,5,,,0,20,,16542,5,0,13,0,110,,16544,5,,,0
501,'5_4',920,,16545,5,,,0,104,,16546,5,,,0,100,,16547,5,,,0,86,,16548,5,,,0,95,,16549,5,,,0,98,,16550,5,,,0,102,,16551,5,,,0,100,,16552,5,,,0,25,,16554,5,0,13,0,81,,16553,5,,,0,29,,16555,5,0,13,0,75,,16557,5,,,0,20,,16556,5,0,13,0,110,,16558,5,,,0
501,'5_5',920,,16559,5,,,0,104,,16560,5,,,0,100,,16561,5,,,0,86,,16562,5,,,0,95,,16563,5,,,0,98,,16564,5,,,0,102,,16565,5,,,0,100,,16566,5,,,0,25,,16568,5,0,13,0,81,,16567,5,,,0,29,,16569,5,0,13,0,75,,16571,5,,,0,20,,16570,5,0,13,0,110,,16572,5,,,0
501,'6_3',920,,16573,5,,,0,104,,16574,5,,,0,100,,16575,5,,,0,86,,16576,5,,,0,25,,16582,5,0,13,0,70,,16577,5,,,0,98,,16578,5,,,0,102,,16579,5,,,0,100,,16580,5,,,0,106,,16581,5,,,0,104,,16583,5,,,0,130,,16584,5,,,0
801,'5_1',825,,16978,1,,,0,110,,16979,1,,,0,110,,16980,1,,,0,157,,16972,1,,,0,111,,16981,1,,,0,111,,16982,1,,,0,112,,16983,1,,,0,75,,16973,1,,,0,35,,16974,1,,,0,70,,16975,1,,,0,34,,16976,1,,,0,75,,16977,1,,,0,75,,16984,1,,,0,35,,16985,1,,,0
801,'5_2',825,,16992,1,,,0,110,,16993,1,,,0,110,,16994,1,,,0,157,,16986,1,,,0,111,,16995,1,,,0,111,,16996,1,,,0,112,,16997,1,,,0,75,,16987,1,,,0,35,,16988,1,,,0,70,,16989,1,,,0,34,,16990,1,,,0,75,,16991,1,,,0,75,,16998,1,,,0,35,,16999,1,,,0
801,'5_4',825,,17006,1,,,0,110,,17007,1,,,0,110,,17008,1,,,0,157,,17000,1,,,0,111,,17009,1,,,0,111,,17010,1,,,0,112,,17011,1,,,0,75,,17001,1,,,0,35,,17002,1,,,0,70,,17003,1,,,0,34,,17004,1,,,0,75,,17005,1,,,0,75,,17012,1,,,0,35,,17013,1,,,0
801,'5_5',825,,17020,1,,,0,110,,17021,1,,,0,110,,17022,1,,,0,157,,17014,1,,,0,111,,17023,1,,,0,111,,17024,1,,,0,112,,17025,1,,,0,75,,17015,1,,,0,35,,17016,1,,,0,70,,17017,1,,,0,34,,17018,1,,,0,75,,17019,1,,,0,75,,17026,1,,,0,35,,17027,1,,,0
801,'6_3',825,,17034,1,,,0,110,,17035,1,,,0,110,,17036,1,,,0,157,,17028,1,,,0,111,,17037,1,,,0,111,,17038,1,,,0,112,,17039,1,,,0,75,,17029,1,,,0,35,,17030,1,,,0,70,,17031,1,,,0,34,,17032,1,,,0,75,,17033,1,,,0,75,,17040,1,,,0,35,,17041,1,,,0
1000,'1_6',715,,17242,36,,,0,100,,17243,36,,,0,197,,17244,36,,,0,513,,17247,42,,,0,118,,17248,42,,,0,69,,17245,36,,,0,143,,17246,36,,,0
1000,'5_1',714,,17255,27,,,0,100,,17256,27,,,0,201,,17257,36,,,0,506,,17266,42,,,0,30,,17267,42,,,0,97,,17268,42,,,0,65,,17258,36,,,0,141,,17259,36,,,0
1000,'5_2',714,,17270,27,,,0,100,,17271,27,,,0,201,,17272,36,,,0,506,,17281,42,,,0,30,,17282,42,,,0,97,,17283,42,,,0,65,,17273,36,,,0,141,,17274,36,,,0
1000,'5_4',714,,17285,27,,,0,100,,17286,27,,,0,201,,17287,36,,,0,506,,17296,42,,,0,30,,17297,42,,,0,97,,17298,42,,,0,65,,17288,36,,,0,141,,17289,36,,,0
1000,'5_5',714,,17300,27,,,0,100,,17301,27,,,0,201,,17302,36,,,0,506,,17311,42,,,0,30,,17312,42,,,0,97,,17313,42,,,0,65,,17303,36,,,0,141,,17304,36,,,0
1000,'6_3',714,,17315,27,,,0,100,,17316,27,,,0,201,,17317,36,,,0,506,,17326,42,,,0,30,,17327,42,,,0,97,,17328,42,,,0,65,,17318,36,,,0,141,,17319,36,,,0
1001,'1_6',742,,17330,2,,,0,103,,17331,2,,,0,203,,17332,2,,,0,308,,17335,2,,,0,265,,17336,2,,,0,117,,17337,2,,,0,91,,17333,2,,,0,107,,17334,2,,,0
1001,'5_1',744,,17342,2,,,0,99,,17344,2,,,0,85,,17345,2,,,0,125,,17346,2,,,0,303,,17343,2,,,0,261,,17354,2,,,0,123,,17355,2,,,0,90,,17347,2,,,0,107,,17348,2,,,0
1001,'5_2',744,,17356,2,,,0,99,,17358,2,,,0,85,,17359,2,,,0,125,,17360,2,,,0,303,,17357,2,,,0,261,,17368,2,,,0,123,,17369,2,,,0,90,,17361,2,,,0,107,,17362,2,,,0
1001,'5_4',744,,17370,2,,,0,99,,17372,2,,,0,85,,17373,2,,,0,125,,17374,2,,,0,303,,17371,2,,,0,261,,17382,2,,,0,123,,17383,2,,,0,90,,17375,2,,,0,107,,17376,2,,,0
1001,'5_5',744,,17384,2,,,0,99,,17386,2,,,0,85,,17387,2,,,0,125,,17388,2,,,0,303,,17385,2,,,0,261,,17396,2,,,0,123,,17397,2,,,0,90,,17389,2,,,0,107,,17390,2,,,0
1001,'6_3',744,,17398,2,,,0,99,,17400,2,,,0,85,,17401,2,,,0,125,,17402,2,,,0,303,,17399,2,,,0,261,,17410,2,,,0,123,,17411,2,,,0,90,,17403,2,,,0,107,,17404,2,,,0
1100,'1_6',720,,17412,19,,,0,130,,17413,22,,,0,909,,17414,22,,,0,155,,17415,22,,,0
1100,'5_1',720,,17416,19,,,0,130,,17417,22,,,0,909,,17418,22,,,0,155,,17419,22,,,0
1100,'5_2',720,,17420,19,,,0,130,,17421,22,,,0,909,,17422,22,,,0,155,,17423,22,,,0
1100,'5_4',720,,17424,19,,,0,130,,17425,22,,,0,909,,17426,22,,,0,155,,17427,22,,,0
1100,'5_5',720,,17428,19,,,0,130,,17429,22,,,0,909,,17430,22,,,0,155,,17431,22,,,0
1100,'6_3',720,,17432,19,,,0,130,,17433,22,,,0,909,,17434,22,,,0,155,,17435,22,,,0
1101,'1_6',1610,,17436,2,,,0,117,,17437,2,,,0
1101,'5_1',1610,,17438,2,,,0,117,,17439,2,,,0,96,,17440,2,,,0
1101,'5_2',1610,,17441,2,,,0,117,,17442,2,,,0,96,,17443,2,,,0
1101,'5_4',1610,,17444,2,,,0,117,,17445,2,,,0,96,,17446,2,,,0
1101,'5_5',1610,,17447,2,,,0,117,,17448,2,,,0,96,,17449,2,,,0
1101,'6_3',1610,,17450,2,,,0,117,,17451,2,,,0,96,,17452,2,,,0
1501,'1_6',719,,17532,24,,,0,20,,17533,24,,,0,94,,17534,24,,,0,21,,17535,24,,,0,158,,17536,24,,,0,116,,17537,24,,,0,117,,17538,24,,,0,95,,17539,24,,,0,118,,17540,24,,,0,99,,17531,12,,,0,170,,17541,24,,,0,104,,17542,24,,,0,92,,17543,24,,,0
1501,'5_1',719,,17545,24,,,0,20,,17546,24,,,0,94,,17547,24,,,0,21,,17548,24,,,0,158,,17549,24,,,0,116,,17550,24,,,0,117,,17551,24,,,0,95,,17552,24,,,0,118,,17553,24,,,0,99,,17544,12,,,0,170,,17554,24,,,0,104,,17555,24,,,0,92,,17556,24,,,0
1501,'5_2',719,,17558,24,,,0,20,,17559,24,,,0,94,,17560,24,,,0,21,,17561,24,,,0,158,,17562,24,,,0,116,,17563,24,,,0,117,,17564,24,,,0,95,,17565,24,,,0,118,,17566,24,,,0,99,,17557,12,,,0,170,,17567,24,,,0,104,,17568,24,,,0,92,,17569,24,,,0
1501,'5_4',719,,17571,24,,,0,20,,17572,24,,,0,94,,17573,24,,,0,21,,17574,24,,,0,158,,17575,24,,,0,116,,17576,24,,,0,117,,17577,24,,,0,95,,17578,24,,,0,118,,17579,24,,,0,99,,17570,12,,,0,170,,17580,24,,,0,104,,17581,24,,,0,92,,17582,24,,,0
1501,'5_5',719,,17584,24,,,0,20,,17585,24,,,0,94,,17586,24,,,0,21,,17587,24,,,0,158,,17588,24,,,0,116,,17589,24,,,0,117,,17590,24,,,0,95,,17591,24,,,0,118,,17592,24,,,0,99,,17583,12,,,0,170,,17593,24,,,0,104,,17594,24,,,0,92,,17595,24,,,0
1501,'6_3',719,,17597,24,,,0,20,,17598,24,,,0,94,,17599,24,,,0,21,,17600,24,,,0,158,,17601,24,,,0,116,,17602,24,,,0,117,,17603,24,,,0,95,,17604,24,,,0,118,,17605,24,,,0,99,,17596,12,,,0,170,,17606,24,,,0,104,,17607,24,,,0,92,,17608,24,,,0
2100,'5_5',1259,,18014,4,0,11 12,0
2101,'5_1',855,,18021,2,,,0
2101,'5_2',855,,18024,2,,,0
2101,'5_4',855,,18027,2,,,0
2101,'5_5',855,,18030,2,,,0
2101,'6_3',855,,18033,2,,,0
2201,'5_1',1242,,18067,2,,,0,384,,18068,2,,,0,117,,18069,2,,,0,105,,18070,2,,,0
2201,'5_2',1242,,18074,2,,,0,384,,18075,2,,,0,117,,18076,2,,,0,105,,18077,2,,,0
2201,'5_4',1242,,18081,2,,,0,384,,18082,2,,,0,117,,18083,2,,,0,105,,18084,2,,,0
2201,'5_5',1242,,18088,2,,,0,384,,18089,2,,,0,117,,18090,2,,,0,105,,18091,2,,,0
2201,'6_3',1242,,18095,2,,,0,384,,18096,2,,,0,117,,18097,2,,,0,105,,18098,2,,,0
2301,'5_1',745,,18115,24,,,0,1,,18114,34,,,0
2301,'5_2',745,,18118,24,,,0,1,,18117,34,,,0
2301,'5_4',745,,18121,24,,,0,1,,18120,34,,,0
2301,'5_5',745,,18124,24,,,0,1,,18123,34,,,0
2301,'6_3',745,,18127,24,,,0,1,,18126,34,,,0
2601,'1_6',725,,18451,9,,,0,85,,18454,9,,,0,45,,18455,9,,,0,86,,18456,9,,,0,90,,18457,9,,,0,84,,18458,9,,,0,43,,18459,9,,,0,85,,18460,9,,,0,82,,18461,9,,,0,85,,18462,9,,,0,46,,18463,9,,,0,90,,18464,9,,,0,85,,18465,9,,,0,81,,18466,9,,,0,46,,18467,9,,,0,84,,18453,9,,,0,83,,18452,9,,,0
2601,'5_1',722,,18468,9,,,0,33,,18478,9,,,0,65,,18480,9,,,0,25,,18479,9,,,0,79,,18469,9,,,0,99,,18470,9,,,0,100,,18487,9,,,0,100,,18471,9,,,0,27,,18488,9,,,0,62,,18489,9,,,0,92,,18472,9,,,0,54,,18473,9,,,0,153,,18482,9,,,0,47,,18483,9,,,0,68,,18484,9,,,0,90,,18485,9,,,0,25,,18486,9,,,0,94,,18481,9,,,0
2601,'5_2',722,,18492,9,,,0,33,,18502,9,,,0,65,,18504,9,,,0,25,,18503,9,,,0,79,,18493,9,,,0,99,,18494,9,,,0,100,,18511,9,,,0,100,,18495,9,,,0,27,,18512,9,,,0,62,,18513,9,,,0,92,,18496,9,,,0,54,,18497,9,,,0,153,,18506,9,,,0,47,,18507,9,,,0,68,,18508,9,,,0,90,,18509,9,,,0,25,,18510,9,,,0,94,,18505,9,,,0
2601,'5_4',722,,18516,9,,,0,33,,18526,9,,,0,65,,18528,9,,,0,25,,18527,9,,,0,79,,18517,9,,,0,99,,18518,9,,,0,100,,18535,9,,,0,100,,18519,9,,,0,27,,18536,9,,,0,62,,18537,9,,,0,92,,18520,9,,,0,54,,18521,9,,,0,153,,18530,9,,,0,47,,18531,9,,,0,68,,18532,9,,,0,90,,18533,9,,,0,25,,18534,9,,,0,94,,18529,9,,,0
2601,'5_5',722,,18540,9,,,0,33,,18550,9,,,0,65,,18552,9,,,0,25,,18551,9,,,0,79,,18541,9,,,0,99,,18542,9,,,0,100,,18559,9,,,0,100,,18543,9,,,0,27,,18560,9,,,0,62,,18561,9,,,0,92,,18544,9,,,0,54,,18545,9,,,0,153,,18554,9,,,0,47,,18555,9,,,0,68,,18556,9,,,0,90,,18557,9,,,0,25,,18558,9,,,0,94,,18553,9,,,0
2601,'6_3',722,,18564,9,,,0,33,,18573,9,,,0,65,,18575,9,,,0,25,,18574,9,,,0,79,,18565,9,,,0,99,,18566,9,,,0,100,,18582,9,,,0,100,,18567,9,,,0,27,,18583,9,,,0,62,,18584,9,,,0,92,,18568,9,,,0,54,,18569,9,,,0,153,,18577,9,,,0,47,,18578,9,,,0,68,,18579,9,,,0,90,,18580,9,,,0,25,,18581,9,,,0,94,,18576,9,,,0
900501,'5_4',2110,,18849,8,,,0,40,,18850,8,,,0,90,,18851,8,,,0,90,,18852,8,,,0,90,,18853,8,,,0,88,,18854,8,,,0,30,,18855,8,,,0,70,,18856,8,,,0
1000001,'1_6',543,,19661,10,,,0,81,,19662,10,,,0,80,,19663,10,,,0,29,,19664,10,,,0,69,,19665,16,,,0,29,,19666,16,,,0,15,,19667,10,,,0,55,,19668,10,,,0,14,,19669,16,,,0,15,,19670,10,,,0,15,,19671,10,,,0,55,,19672,16,,,0,16,,19673,10,,,0,15,,19674,10,,,0,16,,19675,16,,,0,55,,19676,10,,,0,15,,19677,10,,,0,16,,19678,16,,,0,15,,19679,10,,,0,56,,19680,10,,,0,16,,19681,16,,,0,14,,19682,10,,,0,16,,19683,10,,,0,56,,19684,16,,,0,9,,19685,10,,,0,9,,19686,10,,,0,8,,19687,10,,,0,10,,19689,10,,,0,10,,19688,16,,,0,50,,19690,10,,,0,11,,19691,10,,,0,12,,19692,16,,,0,10,,19693,10,,,0,9,,19694,10,,,0,10,,19695,10,,,0,51,,19696,16,,,0,10,,19697,10,,,0,10,,19698,10,,,0,11,,19699,10,,,0,11,,19700,16,,,0,9,,19701,10,,,0,50,,19702,10,,,0,10,,19703,10,,,0,12,,19704,16,,,0,9,,19705,10,,,0,9,,19706,10,,,0,9,,19707,10,,,0,50,,19709,10,,,0,9,,19708,16,,,0,10,,19710,10,,,0,10,,19711,10,,,0,10,,19713,10,,,0,10,,19712,16,,,0,49,,19714,10,,,0,9,,19715,10,,,0,10,,19717,10,,,0,10,,19716,16,,,0,10,,19718,10,,,0,13,,19719,10,,,0,59,,19720,16,,,0,17,,19721,10,,,0,21,,19722,10,,,0,61,,19723,10,,,0,17,,19724,10,,,0,20,,19725,10,,,0,60,,19726,10,,,0,20,,19727,10,,,0,20,,19728,10,,,0
1000001,'4_7',811,,19729,10,,,0,40,,19730,10,,,0,80,,19731,10,,,0,80,,19732,10,,,0,40,,19733,10,,,0,80,,19734,10,,,0,80,,19735,10,,,0,40,,19736,10,,,0,80,,19737,10,,,0,80,,19738,10,,,0,40,,19739,10,,,0,80,,19740,10,,,0,80,,19741,10,,,0,40,,19742,10,,,0,80,,19743,10,,,0,80,,19744,10,,,0,40,,19745,10,,,0,80,,19746,10,,,0
1000001,'5_1',543,,19747,10,,,0,60,,19748,10,,,0,20,,19749,10,,,0,20,,19750,10,,,0,60,,19751,10,,,0,10,,19831,10,,,0,9,,19832,10,,,0,10,,19782,16,,,0,10,,19783,16,,,0,10,,19784,16,,,0,51,,19785,16,,,0,10,,19786,16,,,0,9,,19787,16,,,0,9,,19788,16,,,0,10,,19789,16,,,0,10,,19790,16,,,0,50,,19791,16,,,0,10,,19792,16,,,0,11,,19793,16,,,0,11,,19752,10,,,0,11,,19753,16,,,0,10,,19754,10,,,0,50,,19755,16,,,0,11,,19756,10,,,0,11,,19794,16,,,0,11,,19757,10,,,0,11,,19758,16,,,0,10,,19759,10,,,0,51,,19760,16,,,0,10,,19761,10,,,0,11,,19795,16,,,0,10,,19762,10,,,0,11,,19763,16,,,0,50,,19764,10,,,0,9,,19765,16,,,0,10,,19796,10,,,0,10,,19797,16,,,0,10,,19798,10,,,0,10,,19799,16,,,0,50,,19800,10,,,0,10,,19801,16,,,0,10,,19802,10,,,0,9,,19803,16,,,0,10,,19804,10,,,0,10,,19805,16,,,0,10,,19806,10,,,0,50,,19807,16,,,0,10,,19808,10,,,0,10,,19766,16,,,0,10,,19767,10,,,0,9,,19809,16,,,0,10,,19768,10,,,0,50,,19769,16,,,0,11,,19770,10,,,0,11,,19810,16,,,0,11,,19771,10,,,0,11,,19772,16,,,0,51,,19773,10,,,0,10,,19774,16,,,0,9,,19775,16,,,0,10,,19811,16,,,0,10,,19812,16,,,0,10,,19813,16,,,0,50,,19814,16,,,0,11,,19815,16,,,0,11,,19816,16,,,0,10,,19817,16,,,0,10,,19818,16,,,0,10,,19819,16,,,0,50,,19820,16,,,0,10,,19821,16,,,0,9,,19822,16,,,0,9,,19823,16,,,0,9,,19824,16,,,0,9,,19825,16,,,0,9,,19826,10,,,0,50,,19827,16,,,0,10,,19828,10,,,0,13,,19830,16,,,0,19,,19829,16,,,0,60,,19776,10,,,0,20,,19777,10,,,0,20,,19778,10,,,0,60,,19779,10,,,0,20,,19780,10,,,0,20,,19781,10,,,0
1000001,'5_2',543,,19833,10,,,0,60,,19834,10,,,0,20,,19835,10,,,0,20,,19836,10,,,0,60,,19837,10,,,0,10,,19917,10,,,0,9,,19918,10,,,0,10,,19868,16,,,0,10,,19869,16,,,0,10,,19870,16,,,0,51,,19871,16,,,0,10,,19872,16,,,0,9,,19873,16,,,0,9,,19874,16,,,0,10,,19875,16,,,0,10,,19876,16,,,0,50,,19877,16,,,0,10,,19878,16,,,0,11,,19879,16,,,0,11,,19838,10,,,0,11,,19839,16,,,0,10,,19840,10,,,0,50,,19841,16,,,0,11,,19842,10,,,0,11,,19880,16,,,0,11,,19843,10,,,0,11,,19844,16,,,0,10,,19845,10,,,0,51,,19846,16,,,0,10,,19847,10,,,0,11,,19881,16,,,0,10,,19848,10,,,0,11,,19849,16,,,0,50,,19850,10,,,0,9,,19851,16,,,0,10,,19882,10,,,0,10,,19883,16,,,0,10,,19884,10,,,0,10,,19885,16,,,0,50,,19886,10,,,0,10,,19887,16,,,0,10,,19888,10,,,0,9,,19889,16,,,0,10,,19890,10,,,0,10,,19891,16,,,0,10,,19892,10,,,0,50,,19893,16,,,0,10,,19894,10,,,0,10,,19852,16,,,0,10,,19853,10,,,0,9,,19895,16,,,0,10,,19854,10,,,0,50,,19855,16,,,0,11,,19856,10,,,0,11,,19896,16,,,0,11,,19857,10,,,0,11,,19858,16,,,0,51,,19859,10,,,0,10,,19860,16,,,0,9,,19861,16,,,0,10,,19897,16,,,0,10,,19898,16,,,0,10,,19899,16,,,0,50,,19900,16,,,0,11,,19901,16,,,0,11,,19902,16,,,0,10,,19903,16,,,0,10,,19904,16,,,0,10,,19905,16,,,0,50,,19906,16,,,0,10,,19907,16,,,0,9,,19908,16,,,0,9,,19909,16,,,0,9,,19910,16,,,0,9,,19911,16,,,0,9,,19912,10,,,0,50,,19913,16,,,0,10,,19914,10,,,0,13,,19916,16,,,0,19,,19915,16,,,0,60,,19862,10,,,0,20,,19863,10,,,0,20,,19864,10,,,0,60,,19865,10,,,0,20,,19866,10,,,0,20,,19867,10,,,0
1000001,'5_4',543,,19919,10,,,0,60,,19920,10,,,0,20,,19921,10,,,0,20,,19922,10,,,0,60,,19923,10,,,0,10,,20003,10,,,0,9,,20004,10,,,0,10,,19954,16,,,0,10,,19955,16,,,0,10,,19956,16,,,0,51,,19957,16,,,0,10,,19958,16,,,0,9,,19959,16,,,0,9,,19960,16,,,0,10,,19961,16,,,0,10,,19962,16,,,0,50,,19963,16,,,0,10,,19964,16,,,0,11,,19965,16,,,0,11,,19924,10,,,0,11,,19925,16,,,0,10,,19926,10,,,0,50,,19927,16,,,0,11,,19928,10,,,0,11,,19966,16,,,0,11,,19929,10,,,0,11,,19930,16,,,0,10,,19931,10,,,0,51,,19932,16,,,0,10,,19933,10,,,0,11,,19967,16,,,0,10,,19934,10,,,0,11,,19935,16,,,0,50,,19936,10,,,0,9,,19937,16,,,0,10,,19968,10,,,0,10,,19969,16,,,0,10,,19970,10,,,0,10,,19971,16,,,0,50,,19972,10,,,0,10,,19973,16,,,0,10,,19974,10,,,0,9,,19975,16,,,0,10,,19976,10,,,0,10,,19977,16,,,0,10,,19978,10,,,0,50,,19979,16,,,0,10,,19980,10,,,0,10,,19938,16,,,0,10,,19939,10,,,0,9,,19981,16,,,0,10,,19940,10,,,0,50,,19941,16,,,0,11,,19942,10,,,0,11,,19982,16,,,0,11,,19943,10,,,0,11,,19944,16,,,0,51,,19945,10,,,0,10,,19946,16,,,0,9,,19947,16,,,0,10,,19983,16,,,0,10,,19984,16,,,0,10,,19985,16,,,0,50,,19986,16,,,0,11,,19987,16,,,0,11,,19988,16,,,0,10,,19989,16,,,0,10,,19990,16,,,0,10,,19991,16,,,0,50,,19992,16,,,0,10,,19993,16,,,0,9,,19994,16,,,0,9,,19995,16,,,0,9,,19996,16,,,0,9,,19997,16,,,0,9,,19998,10,,,0,50,,19999,16,,,0,10,,20000,10,,,0,13,,20002,16,,,0,19,,20001,16,,,0,60,,19948,10,,,0,20,,19949,10,,,0,20,,19950,10,,,0,60,,19951,10,,,0,20,,19952,10,,,0,20,,19953,10,,,0
1000001,'5_5',543,,20005,10,,,0,60,,20006,10,,,0,20,,20007,10,,,0,20,,20008,10,,,0,60,,20009,10,,,0,10,,20089,10,,,0,9,,20090,10,,,0,10,,20040,16,,,0,10,,20041,16,,,0,10,,20042,16,,,0,51,,20043,16,,,0,10,,20044,16,,,0,9,,20045,16,,,0,9,,20046,16,,,0,10,,20047,16,,,0,10,,20048,16,,,0,50,,20049,16,,,0,10,,20050,16,,,0,11,,20051,16,,,0,11,,20010,10,,,0,11,,20011,16,,,0,10,,20012,10,,,0,50,,20013,16,,,0,11,,20014,10,,,0,11,,20052,16,,,0,11,,20015,10,,,0,11,,20016,16,,,0,10,,20017,10,,,0,51,,20018,16,,,0,10,,20019,10,,,0,11,,20053,16,,,0,10,,20020,10,,,0,11,,20021,16,,,0,50,,20022,10,,,0,9,,20023,16,,,0,10,,20054,10,,,0,10,,20055,16,,,0,10,,20056,10,,,0,10,,20057,16,,,0,50,,20058,10,,,0,10,,20059,16,,,0,10,,20060,10,,,0,9,,20061,16,,,0,10,,20062,10,,,0,10,,20063,16,,,0,10,,20064,10,,,0,50,,20065,16,,,0,10,,20066,10,,,0,10,,20024,16,,,0,10,,20025,10,,,0,9,,20067,16,,,0,10,,20026,10,,,0,50,,20027,16,,,0,11,,20028,10,,,0,11,,20068,16,,,0,11,,20029,10,,,0,11,,20030,16,,,0,51,,20031,10,,,0,10,,20032,16,,,0,9,,20033,16,,,0,10,,20069,16,,,0,10,,20070,16,,,0,10,,20071,16,,,0,50,,20072,16,,,0,11,,20073,16,,,0,11,,20074,16,,,0,10,,20075,16,,,0,10,,20076,16,,,0,10,,20077,16,,,0,50,,20078,16,,,0,10,,20079,16,,,0,9,,20080,16,,,0,9,,20081,16,,,0,9,,20082,16,,,0,9,,20083,16,,,0,9,,20084,10,,,0,50,,20085,16,,,0,10,,20086,10,,,0,13,,20088,16,,,0,19,,20087,16,,,0,60,,20034,10,,,0,20,,20035,10,,,0,20,,20036,10,,,0,60,,20037,10,,,0,20,,20038,10,,,0,20,,20039,10,,,0
1000001,'6_3',543,,20091,10,,,0,60,,20092,10,,,0,20,,20093,10,,,0,20,,20094,10,,,0,60,,20095,10,,,0,10,,20175,10,,,0,9,,20176,10,,,0,10,,20126,16,,,0,10,,20127,16,,,0,10,,20128,16,,,0,51,,20129,16,,,0,10,,20130,16,,,0,9,,20131,16,,,0,9,,20132,16,,,0,10,,20133,16,,,0,10,,20134,16,,,0,50,,20135,16,,,0,10,,20136,16,,,0,11,,20137,16,,,0,11,,20096,10,,,0,11,,20097,16,,,0,10,,20098,10,,,0,50,,20099,16,,,0,11,,20100,10,,,0,11,,20138,16,,,0,11,,20101,10,,,0,11,,20102,16,,,0,10,,20103,10,,,0,51,,20104,16,,,0,10,,20105,10,,,0,11,,20139,16,,,0,10,,20106,10,,,0,11,,20107,16,,,0,50,,20108,10,,,0,9,,20109,16,,,0,10,,20140,10,,,0,10,,20141,16,,,0,10,,20142,10,,,0,10,,20143,16,,,0,50,,20144,10,,,0,10,,20145,16,,,0,10,,20146,10,,,0,9,,20147,16,,,0,10,,20148,10,,,0,10,,20149,16,,,0,10,,20150,10,,,0,50,,20151,16,,,0,10,,20152,10,,,0,10,,20110,16,,,0,10,,20111,10,,,0,9,,20153,16,,,0,10,,20112,10,,,0,50,,20113,16,,,0,11,,20114,10,,,0,11,,20154,16,,,0,11,,20115,10,,,0,11,,20116,16,,,0,51,,20117,10,,,0,10,,20118,16,,,0,9,,20119,16,,,0,10,,20155,16,,,0,10,,20156,16,,,0,10,,20157,16,,,0,50,,20158,16,,,0,11,,20159,16,,,0,11,,20160,16,,,0,10,,20161,16,,,0,10,,20162,16,,,0,10,,20163,16,,,0,50,,20164,16,,,0,10,,20165,16,,,0,9,,20166,16,,,0,9,,20167,16,,,0,9,,20168,16,,,0,9,,20169,16,,,0,9,,20170,10,,,0,50,,20171,16,,,0,10,,20172,10,,,0,13,,20174,16,,,0,19,,20173,16,,,0,60,,20120,10,,,0,20,,20121,10,,,0,20,,20122,10,,,0,60,,20123,10,,,0,20,,20124,10,,,0,20,,20125,10,,,0
2000001,'1_6',648,,20530,11,,,0,80,,20531,11,,,0,79,,20532,11,,,0,31,,20570,11,,,0,21,,20534,11,,,0,60,,20533,11,,,0,20,,20535,11,,,0,20,,20536,11,,,0,59,,20538,11,,,0,18,,20537,11,,,0,20,,20543,11,,,0,60,,20541,11,,,0,17,,20545,11,,,0,19,,20539,11,,,0,59,,20544,11,,,0,21,,20540,11,,,0,17,,20542,11,,,0,58,,20551,11,,,0,18,,20548,11,,,0,20,,20549,11,,,0,60,,20550,11,,,0,18,,20547,11,,,0,17,,20546,11,,,0,19,,20552,11,,,0,61,,20553,11,,,0,20,,20555,11,,,0,19,,20554,11,,,0,60,,20556,11,,,0,20,,20557,11,,,0,61,,20558,11,,,0,20,,20560,11,,,0,19,,20559,11,,,0,19,,20561,11,,,0,59,,20562,11,,,0,19,,20563,11,,,0,19,,20564,11,,,0,57,,20565,11,,,0,18,,20566,11,,,0,23,,20567,11,,,0,64,,20568,11,,,0,23,,20569,11,,,0
2000001,'4_7',819,,20588,11,,,0,40,,20571,11,,,0,80,,20572,11,,,0,80,,20573,11,,,0,40,,20574,11,,,0,80,,20575,11,,,0,80,,20576,11,,,0,40,,20577,11,,,0,80,,20579,11,,,0,80,,20578,11,,,0,40,,20580,11,,,0,80,,20581,11,,,0,80,,20582,11,,,0,40,,20583,11,,,0,80,,20585,11,,,0,80,,20584,11,,,0,40,,20586,11,,,0,80,,20587,11,,,0
2000001,'5_1',645,,20641,11,,,0,65,,20618,11,,,0,14,,20599,5,,,0,2,,20597,1,0,18 19,0,1,,20601,11,,,0,16,,20626,11,,,0,16,,20609,11,,,0,54,,20644,11,,,0,14,,20591,11,,,0,14,,20619,11,,,0,15,,20603,11,,,0,56,,20627,11,,,0,15,,20611,11,,,0,16,,20635,11,,,0,57,,20592,11,,,0,16,,20625,11,,,0,15,,20602,11,,,0,16,,20628,11,,,0,56,,20610,11,,,0,16,,20637,11,,,0,15,,20593,11,,,0,16,,20623,11,,,0,56,,20608,11,,,0,17,,20629,11,,,0,15,,20617,11,,,0,14,,20636,11,,,0,53,,20595,11,,,0,15,,20620,11,,,0,17,,20604,11,,,0,15,,20631,11,,,0,55,,20612,11,,,0,15,,20640,11,,,0,15,,20596,11,,,0,15,,20621,11,,,0,56,,20605,11,,,0,15,,20630,11,,,0,16,,20613,11,,,0,14,,20639,11,,,0,55,,20594,11,,,0,16,,20622,11,,,0,17,,20606,11,,,0,15,,20632,11,,,0,56,,20614,11,,,0,18,,20590,11,,,0,16,,20638,11,,,0,57,,20645,11,,,0,12,,20624,11,,,0,13,,20607,11,,,0,14,,20633,11,,,0,14,,20615,11,,,0,52,,20589,11,,,0,13,,20642,11,,,0,14,,20598,11,,,0,23,,20634,11,,,0,60,,20616,11,,,0,20,,20643,11,,,0,20,,20600,11,,,0
2000001,'5_2',645,,20698,11,,,0,65,,20675,11,,,0,14,,20656,5,,,0,2,,20654,1,0,18 19,0,1,,20658,11,,,0,16,,20683,11,,,0,16,,20666,11,,,0,54,,20701,11,,,0,14,,20648,11,,,0,14,,20676,11,,,0,15,,20660,11,,,0,56,,20684,11,,,0,15,,20668,11,,,0,16,,20692,11,,,0,57,,20649,11,,,0,16,,20682,11,,,0,15,,20659,11,,,0,16,,20685,11,,,0,56,,20667,11,,,0,16,,20694,11,,,0,15,,20650,11,,,0,16,,20680,11,,,0,56,,20665,11,,,0,17,,20686,11,,,0,15,,20674,11,,,0,14,,20693,11,,,0,53,,20652,11,,,0,15,,20677,11,,,0,17,,20661,11,,,0,15,,20688,11,,,0,55,,20669,11,,,0,15,,20697,11,,,0,15,,20653,11,,,0,15,,20678,11,,,0,56,,20662,11,,,0,15,,20687,11,,,0,16,,20670,11,,,0,14,,20696,11,,,0,55,,20651,11,,,0,16,,20679,11,,,0,17,,20663,11,,,0,15,,20689,11,,,0,56,,20671,11,,,0,18,,20647,11,,,0,16,,20695,11,,,0,57,,20702,11,,,0,12,,20681,11,,,0,13,,20664,11,,,0,14,,20690,11,,,0,14,,20672,11,,,0,52,,20646,11,,,0,13,,20699,11,,,0,14,,20655,11,,,0,23,,20691,11,,,0,60,,20673,11,,,0,20,,20700,11,,,0,20,,20657,11,,,0
2000001,'5_4',645,,20755,11,,,0,65,,20732,11,,,0,14,,20713,5,,,0,2,,20711,1,0,18 19,0,1,,20715,11,,,0,16,,20740,11,,,0,16,,20723,11,,,0,54,,20758,11,,,0,14,,20705,11,,,0,14,,20733,11,,,0,15,,20717,11,,,0,56,,20741,11,,,0,15,,20725,11,,,0,16,,20749,11,,,0,57,,20706,11,,,0,16,,20739,11,,,0,15,,20716,11,,,0,16,,20742,11,,,0,56,,20724,11,,,0,16,,20751,11,,,0,15,,20707,11,,,0,16,,20737,11,,,0,56,,20722,11,,,0,17,,20743,11,,,0,15,,20731,11,,,0,14,,20750,11,,,0,53,,20709,11,,,0,15,,20734,11,,,0,17,,20718,11,,,0,15,,20745,11,,,0,55,,20726,11,,,0,15,,20754,11,,,0,15,,20710,11,,,0,15,,20735,11,,,0,56,,20719,11,,,0,15,,20744,11,,,0,16,,20727,11,,,0,14,,20753,11,,,0,55,,20708,11,,,0,16,,20736,11,,,0,17,,20720,11,,,0,15,,20746,11,,,0,56,,20728,11,,,0,18,,20704,11,,,0,16,,20752,11,,,0,57,,20759,11,,,0,12,,20738,11,,,0,13,,20721,11,,,0,14,,20747,11,,,0,14,,20729,11,,,0,52,,20703,11,,,0,13,,20756,11,,,0,14,,20712,11,,,0,23,,20748,11,,,0,60,,20730,11,,,0,20,,20757,11,,,0,20,,20714,11,,,0
2000001,'5_5',645,,20812,11,,,0,65,,20789,11,,,0,14,,20770,5,,,0,2,,20768,1,0,18 19,0,1,,20772,11,,,0,16,,20797,11,,,0,16,,20780,11,,,0,54,,20815,11,,,0,14,,20762,11,,,0,14,,20790,11,,,0,15,,20774,11,,,0,56,,20798,11,,,0,15,,20782,11,,,0,16,,20806,11,,,0,57,,20763,11,,,0,16,,20796,11,,,0,15,,20773,11,,,0,16,,20799,11,,,0,56,,20781,11,,,0,16,,20808,11,,,0,15,,20764,11,,,0,16,,20794,11,,,0,56,,20779,11,,,0,17,,20800,11,,,0,15,,20788,11,,,0,14,,20807,11,,,0,53,,20766,11,,,0,15,,20791,11,,,0,17,,20775,11,,,0,15,,20802,11,,,0,55,,20783,11,,,0,15,,20811,11,,,0,15,,20767,11,,,0,15,,20792,11,,,0,56,,20776,11,,,0,15,,20801,11,,,0,16,,20784,11,,,0,14,,20810,11,,,0,55,,20765,11,,,0,16,,20793,11,,,0,17,,20777,11,,,0,15,,20803,11,,,0,56,,20785,11,,,0,18,,20761,11,,,0,16,,20809,11,,,0,57,,20816,11,,,0,12,,20795,11,,,0,13,,20778,11,,,0,14,,20804,11,,,0,14,,20786,11,,,0,52,,20760,11,,,0,13,,20813,11,,,0,14,,20769,11,,,0,23,,20805,11,,,0,60,,20787,11,,,0,20,,20814,11,,,0,20,,20771,11,,,0
2000001,'6_3',645,,20869,11,,,0,65,,20846,11,,,0,14,,20827,5,,,0,2,,20825,1,0,18 19,0,1,,20829,11,,,0,16,,20854,11,,,0,16,,20837,11,,,0,54,,20872,11,,,0,14,,20819,11,,,0,14,,20847,11,,,0,15,,20831,11,,,0,56,,20855,11,,,0,15,,20839,11,,,0,16,,20863,11,,,0,57,,20820,11,,,0,16,,20853,11,,,0,15,,20830,11,,,0,16,,20856,11,,,0,56,,20838,11,,,0,16,,20865,11,,,0,15,,20821,11,,,0,16,,20851,11,,,0,56,,20836,11,,,0,17,,20857,11,,,0,15,,20845,11,,,0,14,,20864,11,,,0,53,,20823,11,,,0,15,,20848,11,,,0,17,,20832,11,,,0,15,,20859,11,,,0,55,,20840,11,,,0,15,,20868,11,,,0,15,,20824,11,,,0,15,,20849,11,,,0,56,,20833,11,,,0,15,,20858,11,,,0,16,,20841,11,,,0,14,,20867,11,,,0,55,,20822,11,,,0,16,,20850,11,,,0,17,,20834,11,,,0,15,,20860,11,,,0,56,,20842,11,,,0,18,,20818,11,,,0,16,,20866,11,,,0,57,,20873,11,,,0,12,,20852,11,,,0,13,,20835,11,,,0,14,,20861,11,,,0,14,,20843,11,,,0,52,,20817,11,,,0,13,,20870,11,,,0,14,,20826,11,,,0,23,,20862,11,,,0,60,,20844,11,,,0,20,,20871,11,,,0,20,,20828,11,,,0
2900301,'5_1',1659,,20909,1,,,0,68,,20910,1,,,0,73,,20911,1,,,0,23,,20912,1,,,0
2900301,'5_2',1659,,20913,1,,,0,68,,20914,1,,,0,73,,20915,1,,,0,23,,20916,1,,,0
2900301,'5_4',1659,,20917,1,,,0,68,,20918,1,,,0,73,,20919,1,,,0,23,,20920,1,,,0
2900301,'5_5',1659,,20921,1,,,0,68,,20922,1,,,0,73,,20923,1,,,0,23,,20924,1,,,0
2900301,'6_3',1659,,20925,1,,,0,68,,20926,1,,,0,73,,20927,1,,,0,23,,20928,1,,,0
2900501,'5_1',1730,,20959,2,,,0,110,,20960,2,,,0
2900501,'5_2',1730,,20961,2,,,0,110,,20962,2,,,0
2900501,'5_4',1730,,20963,2,,,0,110,,20964,2,,,0
2900501,'5_5',1730,,20965,2,,,0,110,,20966,2,,,0
2900501,'6_3',1235,,20967,2,,,0,495,,20968,2,,,0,110,,20969,2,,,0
3000001,'1_6',650,,21321,18,,,0,81,,21322,18,,,0,84,,21323,18,,,0,38,,21324,18,,,0,61,,21325,18,,,0,19,,21326,18,,,0,21,,21327,18,,,0,60,,21328,18,,,0,20,,21329,18,,,0,20,,21330,18,,,0,60,,21331,18,,,0,19,,21332,18,,,0,21,,21333,18,,,0,61,,21334,18,,,0,19,,21335,18,,,0,19,,21336,18,,,0,60,,21337,18,,,0,20,,21338,18,,,0,20,,21339,18,,,0,61,,21340,18,,,0,20,,21341,18,,,0,20,,21342,18,,,0,61,,21343,18,,,0,20,,21344,18,,,0,20,,21345,18,,,0,60,,21346,18,,,0,20,,21347,18,,,0,21,,21348,18,,,0,60,,21349,18,,,0,20,,21350,18,,,0,19,,21351,18,,,0,59,,21352,18,,,0,20,,21353,18,,,0,20,,21354,18,,,0,58,,21355,18,,,0,31,,21357,18,,,0,67,,21358,18,,,0,30,,21356,18,,,0,69,,21359,18,,,0
3000001,'4_7',856,,21360,18,,,0,170,,21368,18,,,0,130,,21367,18,,,0,170,,21366,18,,,0,130,,21363,18,,,0,170,,21364,18,,,0,130,,21365,18,,,0,170,,21362,18,,,0,130,,21361,18,,,0
3000001,'5_1',658,,21410,18,,,0,62,,21369,18,,,0,20,,21370,18,,,0,60,,21371,18,,,0,20,,21372,18,,,0,20,,21373,18,,,0,60,,21374,18,,,0,20,,21375,18,,,0,20,,21376,18,,,0,60,,21377,18,,,0,20,,21378,18,,,0,20,,21379,18,,,0,60,,21380,18,,,0,19,,21381,18,,,0,19,,21382,18,,,0,21,,21383,18,,,0,61,,21384,18,,,0,20,,21385,18,,,0,60,,21386,18,,,0,19,,21387,18,,,0,20,,21388,18,,,0,20,,21389,18,,,0,60,,21390,18,,,0,20,,21391,18,,,0,61,,21392,18,,,0,21,,21393,18,,,0,22,,21394,18,,,0,60,,21395,18,,,0,20,,21396,18,,,0,19,,21397,18,,,0,63,,21398,18,,,0,23,,21399,18,,,0,18,,21400,18,,,0,59,,21401,18,,,0,16,,21402,18,,,0,18,,21403,18,,,0,61,,21404,18,,,0,20,,21405,18,,,0,22,,21406,18,,,0,66,,21407,18,,,0,28,,21408,18,,,0,71,,21409,18,,,0
3000001,'5_2',658,,21460,18,,,0,62,,21419,18,,,0,20,,21420,18,,,0,60,,21421,18,,,0,20,,21422,18,,,0,20,,21423,18,,,0,60,,21424,18,,,0,20,,21425,18,,,0,20,,21426,18,,,0,60,,21427,18,,,0,20,,21428,18,,,0,20,,21429,18,,,0,60,,21430,18,,,0,19,,21431,18,,,0,19,,21432,18,,,0,21,,21433,18,,,0,61,,21434,18,,,0,20,,21435,18,,,0,60,,21436,18,,,0,19,,21437,18,,,0,20,,21438,18,,,0,20,,21439,18,,,0,60,,21440,18,,,0,20,,21441,18,,,0,61,,21442,18,,,0,21,,21443,18,,,0,22,,21444,18,,,0,60,,21445,18,,,0,20,,21446,18,,,0,19,,21447,18,,,0,63,,21448,18,,,0,23,,21449,18,,,0,18,,21450,18,,,0,59,,21451,18,,,0,16,,21452,18,,,0,18,,21453,18,,,0,61,,21454,18,,,0,20,,21455,18,,,0,22,,21456,18,,,0,66,,21457,18,,,0,28,,21458,18,,,0,71,,21459,18,,,0
3000001,'5_4',658,,21510,18,,,0,62,,21469,18,,,0,20,,21470,18,,,0,60,,21471,18,,,0,20,,21472,18,,,0,20,,21473,18,,,0,60,,21474,18,,,0,20,,21475,18,,,0,20,,21476,18,,,0,60,,21477,18,,,0,20,,21478,18,,,0,20,,21479,18,,,0,60,,21480,18,,,0,19,,21481,18,,,0,19,,21482,18,,,0,21,,21483,18,,,0,61,,21484,18,,,0,20,,21485,18,,,0,60,,21486,18,,,0,19,,21487,18,,,0,20,,21488,18,,,0,20,,21489,18,,,0,60,,21490,18,,,0,20,,21491,18,,,0,61,,21492,18,,,0,21,,21493,18,,,0,22,,21494,18,,,0,60,,21495,18,,,0,20,,21496,18,,,0,19,,21497,18,,,0,63,,21498,18,,,0,23,,21499,18,,,0,18,,21500,18,,,0,59,,21501,18,,,0,16,,21502,18,,,0,18,,21503,18,,,0,61,,21504,18,,,0,20,,21505,18,,,0,22,,21506,18,,,0,66,,21507,18,,,0,28,,21508,18,,,0,71,,21509,18,,,0
3000001,'5_5',658,,21560,18,,,0,62,,21519,18,,,0,20,,21520,18,,,0,60,,21521,18,,,0,20,,21522,18,,,0,20,,21523,18,,,0,60,,21524,18,,,0,20,,21525,18,,,0,20,,21526,18,,,0,60,,21527,18,,,0,20,,21528,18,,,0,20,,21529,18,,,0,60,,21530,18,,,0,19,,21531,18,,,0,19,,21532,18,,,0,21,,21533,18,,,0,61,,21534,18,,,0,20,,21535,18,,,0,60,,21536,18,,,0,19,,21537,18,,,0,20,,21538,18,,,0,20,,21539,18,,,0,60,,21540,18,,,0,20,,21541,18,,,0,61,,21542,18,,,0,21,,21543,18,,,0,22,,21544,18,,,0,60,,21545,18,,,0,20,,21546,18,,,0,19,,21547,18,,,0,63,,21548,18,,,0,23,,21549,18,,,0,18,,21550,18,,,0,59,,21551,18,,,0,16,,21552,18,,,0,18,,21553,18,,,0,61,,21554,18,,,0,20,,21555,18,,,0,22,,21556,18,,,0,66,,21557,18,,,0,28,,21558,18,,,0,71,,21559,18,,,0
3000001,'6_3',658,,21610,18,,,0,62,,21569,18,,,0,20,,21570,18,,,0,60,,21571,18,,,0,20,,21572,18,,,0,20,,21573,18,,,0,60,,21574,18,,,0,20,,21575,18,,,0,20,,21576,18,,,0,60,,21577,18,,,0,20,,21578,18,,,0,20,,21579,18,,,0,60,,21580,18,,,0,19,,21581,18,,,0,19,,21582,18,,,0,21,,21583,18,,,0,61,,21584,18,,,0,20,,21585,18,,,0,60,,21586,18,,,0,19,,21587,18,,,0,20,,21588,18,,,0,20,,21589,18,,,0,60,,21590,18,,,0,20,,21591,18,,,0,61,,21592,18,,,0,21,,21593,18,,,0,22,,21594,18,,,0,60,,21595,18,,,0,20,,21596,18,,,0,19,,21597,18,,,0,63,,21598,18,,,0,23,,21599,18,,,0,18,,21600,18,,,0,59,,21601,18,,,0,16,,21602,18,,,0,18,,21603,18,,,0,61,,21604,18,,,0,20,,21605,18,,,0,22,,21606,18,,,0,66,,21607,18,,,0,28,,21608,18,,,0,71,,21609,18,,,0
4000000,'1_6',635,,21663,4,0,46,0,18,,21619,4,0,45,0,62,,21641,4,0,46,0,20,,21620,4,0,45,0,20,,21642,4,0,46,0,61,,21621,4,0,45,0,20,,21643,4,0,46,0,20,,21622,4,0,45,0,60,,21644,4,0,46,0,22,,21623,4,0,45,0,19,,21645,4,0,46,0,61,,21624,4,0,45,0,21,,21646,4,0,46,0,61,,21625,4,0,45,0,21,,21647,4,0,46,0,21,,21626,4,0,45,0,62,,21648,4,0,46,0,21,,21627,4,0,45,0,20,,21649,4,0,45,0,61,,21628,4,0,46,0,21,,21650,4,0,45,0,18,,21629,4,0,46,0,59,,21651,4,0,45,0,18,,21630,4,0,46,0,18,,21652,4,0,45,0,19,,21631,4,0,46,0,60,,21653,4,0,45,0,20,,21632,4,0,46,0,20,,21654,4,0,45,0,60,,21633,4,0,46,0,20,,21655,4,0,45,0,61,,21634,4,0,46,0,20,,21656,4,0,45,0,20,,21635,4,0,46,0,19,,21657,4,0,45,0,60,,21636,4,0,46,0,19,,21658,4,0,45,0,19,,21637,4,0,46,0,60,,21659,4,0,45,0,19,,21638,4,0,46,0,20,,21660,4,0,45,0,60,,21639,4,0,46,0
4000000,'4_7',822,,21664,4,0,46,0,110,,21669,4,0,45,0,110,,21665,4,0,46,0,110,,21670,4,0,45,0,150,,21666,4,0,46,0,110,,21671,4,0,45,0,110,,21667,4,0,46,0,110,,21672,4,0,45,0,110,,21668,4,0,46,0,110,,21673,4,0,45,0
4000000,'5_1',635,,21719,4,0,45,0,18,,21675,4,0,46,0,67,,21697,4,0,45,0,26,,21676,4,0,46,0,56,,21698,4,0,45,0,19,,21677,4,0,46,0,21,,21699,4,0,45,0,61,,21678,4,0,46,0,17,,21700,4,0,45,0,19,,21679,4,0,46,0,19,,21701,4,0,45,0,59,,21680,4,0,46,0,20,,21702,4,0,45,0,20,,21681,4,0,46,0,60,,21703,4,0,45,0,20,,21682,4,0,46,0,20,,21704,4,0,45,0,62,,21683,4,0,46,0,19,,21705,4,0,45,0,18,,21684,4,0,46,0,59,,21706,4,0,45,0,23,,21685,4,0,46,0,21,,21707,4,0,45,0,60,,21686,4,0,46,0,19,,21708,4,0,45,0,20,,21687,4,0,46,0,60,,21709,4,0,45,0,18,,21688,4,0,46,0,21,,21710,4,0,45,0,63,,21689,4,0,46,0,22,,21711,4,0,45,0,63,,21690,4,0,46,0,22,,21712,4,0,45,0,22,,21691,4,0,46,0,57,,21713,4,0,45,0,18,,21692,4,0,46,0,16,,21714,4,0,45,0,15,,21693,4,0,46,0,60,,21715,4,0,45,0,20,,21694,4,0,46,0,20,,21716,4,0,45,0,60,,21695,4,0,46,0
4000000,'5_2',635,,21764,4,0,45,0,18,,21720,4,0,46,0,67,,21742,4,0,45,0,26,,21721,4,0,46,0,56,,21743,4,0,45,0,19,,21722,4,0,46,0,21,,21744,4,0,45,0,61,,21723,4,0,46,0,17,,21745,4,0,45,0,19,,21724,4,0,46,0,19,,21746,4,0,45,0,59,,21725,4,0,46,0,20,,21747,4,0,45,0,20,,21726,4,0,46,0,60,,21748,4,0,45,0,20,,21727,4,0,46,0,20,,21749,4,0,45,0,62,,21728,4,0,46,0,19,,21750,4,0,45,0,18,,21729,4,0,46,0,59,,21751,4,0,45,0,23,,21730,4,0,46,0,21,,21752,4,0,45,0,60,,21731,4,0,46,0,19,,21753,4,0,45,0,20,,21732,4,0,46,0,60,,21754,4,0,45,0,18,,21733,4,0,46,0,21,,21755,4,0,45,0,63,,21734,4,0,46,0,22,,21756,4,0,45,0,63,,21735,4,0,46,0,22,,21757,4,0,45,0,22,,21736,4,0,46,0,57,,21758,4,0,45,0,18,,21737,4,0,46,0,16,,21759,4,0,45,0,15,,21738,4,0,46,0,60,,21760,4,0,45,0,20,,21739,4,0,46,0,20,,21761,4,0,45,0,60,,21740,4,0,46,0
4000000,'5_4',635,,21809,4,0,45,0,18,,21765,4,0,46,0,67,,21787,4,0,45,0,26,,21766,4,0,46,0,56,,21788,4,0,45,0,19,,21767,4,0,46,0,21,,21789,4,0,45,0,61,,21768,4,0,46,0,17,,21790,4,0,45,0,19,,21769,4,0,46,0,19,,21791,4,0,45,0,59,,21770,4,0,46,0,20,,21792,4,0,45,0,20,,21771,4,0,46,0,60,,21793,4,0,45,0,20,,21772,4,0,46,0,20,,21794,4,0,45,0,62,,21773,4,0,46,0,19,,21795,4,0,45,0,18,,21774,4,0,46,0,59,,21796,4,0,45,0,23,,21775,4,0,46,0,21,,21797,4,0,45,0,60,,21776,4,0,46,0,19,,21798,4,0,45,0,20,,21777,4,0,46,0,60,,21799,4,0,45,0,18,,21778,4,0,46,0,21,,21800,4,0,45,0,63,,21779,4,0,46,0,22,,21801,4,0,45,0,63,,21780,4,0,46,0,22,,21802,4,0,45,0,22,,21781,4,0,46,0,57,,21803,4,0,45,0,18,,21782,4,0,46,0,16,,21804,4,0,45,0,15,,21783,4,0,46,0,60,,21805,4,0,45,0,20,,21784,4,0,46,0,20,,21806,4,0,45,0,60,,21785,4,0,46,0
4000000,'5_5',635,,21854,4,0,45,0,18,,21810,4,0,46,0,67,,21832,4,0,45,0,26,,21811,4,0,46,0,56,,21833,4,0,45,0,19,,21812,4,0,46,0,21,,21834,4,0,45,0,61,,21813,4,0,46,0,17,,21835,4,0,45,0,19,,21814,4,0,46,0,19,,21836,4,0,45,0,59,,21815,4,0,46,0,20,,21837,4,0,45,0,20,,21816,4,0,46,0,60,,21838,4,0,45,0,20,,21817,4,0,46,0,20,,21839,4,0,45,0,62,,21818,4,0,46,0,19,,21840,4,0,45,0,18,,21819,4,0,46,0,59,,21841,4,0,45,0,23,,21820,4,0,46,0,21,,21842,4,0,45,0,60,,21821,4,0,46,0,19,,21843,4,0,45,0,20,,21822,4,0,46,0,60,,21844,4,0,45,0,18,,21823,4,0,46,0,21,,21845,4,0,45,0,63,,21824,4,0,46,0,22,,21846,4,0,45,0,63,,21825,4,0,46,0,22,,21847,4,0,45,0,22,,21826,4,0,46,0,57,,21848,4,0,45,0,18,,21827,4,0,46,0,16,,21849,4,0,45,0,15,,21828,4,0,46,0,60,,21850,4,0,45,0,20,,21829,4,0,46,0,20,,21851,4,0,45,0,60,,21830,4,0,46,0
4000000,'6_3',635,,21899,4,0,45,0,18,,21855,4,0,46,0,67,,21877,4,0,45,0,26,,21856,4,0,46,0,56,,21878,4,0,45,0,19,,21857,4,0,46,0,21,,21879,4,0,45,0,61,,21858,4,0,46,0,17,,21880,4,0,45,0,19,,21859,4,0,46,0,19,,21881,4,0,45,0,59,,21860,4,0,46,0,20,,21882,4,0,45,0,20,,21861,4,0,46,0,60,,21883,4,0,45,0,20,,21862,4,0,46,0,20,,21884,4,0,45,0,62,,21863,4,0,46,0,19,,21885,4,0,45,0,18,,21864,4,0,46,0,59,,21886,4,0,45,0,23,,21865,4,0,46,0,21,,21887,4,0,45,0,60,,21866,4,0,46,0,19,,21888,4,0,45,0,20,,21867,4,0,46,0,60,,21889,4,0,45,0,18,,21868,4,0,46,0,21,,21890,4,0,45,0,63,,21869,4,0,46,0,22,,21891,4,0,45,0,63,,21870,4,0,46,0,22,,21892,4,0,45,0,22,,21871,4,0,46,0,57,,21893,4,0,45,0,18,,21872,4,0,46,0,16,,21894,4,0,45,0,15,,21873,4,0,46,0,60,,21895,4,0,45,0,20,,21874,4,0,46,0,20,,21896,4,0,45,0,60,,21875,4,0,46,0
4000001,'1_6',659,,21900,19,,,0,60,,21921,17,,,0,20,,21901,19,,,0,20,,21922,17,,,0,60,,21902,19,,,0,20,,21923,17,,,0,20,,21903,19,,,0,61,,21924,17,,,0,20,,21904,19,,,0,61,,21925,17,,,0,21,,21905,19,,,0,21,,21926,17,,,0,61,,21906,19,,,0,21,,21927,17,,,0,22,,21907,19,,,0,60,,21928,17,,,0,21,,21908,19,,,0,21,,21929,17,,,0,61,,21909,19,,,0,18,,21930,17,,,0,18,,21910,19,,,0,58,,21931,17,,,0,18,,21911,19,,,0,19,,21932,17,,,0,60,,21912,19,,,0,20,,21933,17,,,0,20,,21913,19,,,0,60,,21934,17,,,0,20,,21914,19,,,0,19,,21935,17,,,0,60,,21915,19,,,0,20,,21936,17,,,0,20,,21916,19,,,0,60,,21937,17,,,0,21,,21917,19,,,0,20,,21938,17,,,0,60,,21918,19,,,0,20,,21939,17,,,0,20,,21919,17,,,0,60,,21940,19,,,0,20,,21942,17,,,0,20,,21920,19,,,0,70,,21941,17,,,0
4000001,'4_7',915,,21944,19,,,0,110,,21949,17,,,0,110,,21945,19,,,0,110,,21950,17,,,0,110,,21946,19,,,0,150,,21951,17,,,0,110,,21947,19,,,0,110,,21952,17,,,0,110,,21948,19,,,0,110,,21943,17,,,0
4000001,'5_1',700,,21953,19,,,0,20,,21971,17,,,0,20,,21954,19,,,0,60,,21995,17,,,0,20,,21955,19,,,0,20,,21972,17,,,0,60,,21956,19,,,0,20,,21973,17,,,0,20,,21957,19,,,0,60,,21974,17,,,0,20,,21994,19,,,0,20,,21975,17,,,0,60,,21958,19,,,0,20,,21976,17,,,0,20,,21959,19,,,0,60,,21977,17,,,0,20,,21960,19,,,0,20,,21978,17,,,0,60,,21961,19,,,0,20,,21979,17,,,0,20,,21962,19,,,0,60,,21980,17,,,0,20,,21993,19,,,0,20,,21981,17,,,0,60,,21963,19,,,0,20,,21982,17,,,0,20,,21964,19,,,0,60,,21983,17,,,0,20,,21992,19,,,0,20,,21984,17,,,0,60,,21965,19,,,0,22,,21985,17,,,0,18,,21966,19,,,0,60,,21986,17,,,0,20,,21967,19,,,0,20,,21987,17,,,0,60,,21968,19,,,0,20,,21988,17,,,0,20,,21969,19,,,0,60,,21989,17,,,0,20,,21990,17,,,0,20,,21970,19,,,0,70,,21991,17,,,0
4000001,'5_2',700,,21996,19,,,0,20,,22014,17,,,0,20,,21997,19,,,0,60,,22038,17,,,0,20,,21998,19,,,0,20,,22015,17,,,0,60,,21999,19,,,0,20,,22016,17,,,0,20,,22000,19,,,0,60,,22017,17,,,0,20,,22037,19,,,0,20,,22018,17,,,0,60,,22001,19,,,0,20,,22019,17,,,0,20,,22002,19,,,0,60,,22020,17,,,0,20,,22003,19,,,0,20,,22021,17,,,0,60,,22004,19,,,0,20,,22022,17,,,0,20,,22005,19,,,0,60,,22023,17,,,0,20,,22036,19,,,0,20,,22024,17,,,0,60,,22006,19,,,0,20,,22025,17,,,0,20,,22007,19,,,0,60,,22026,17,,,0,20,,22035,19,,,0,20,,22027,17,,,0,60,,22008,19,,,0,22,,22028,17,,,0,18,,22009,19,,,0,60,,22029,17,,,0,20,,22010,19,,,0,20,,22030,17,,,0,60,,22011,19,,,0,20,,22031,17,,,0,20,,22012,19,,,0,60,,22032,17,,,0,20,,22033,17,,,0,20,,22013,19,,,0,70,,22034,17,,,0
4000001,'5_4',700,,22039,19,,,0,20,,22057,17,,,0,20,,22040,19,,,0,60,,22081,17,,,0,20,,22041,19,,,0,20,,22058,17,,,0,60,,22042,19,,,0,20,,22059,17,,,0,20,,22043,19,,,0,60,,22060,17,,,0,20,,22080,19,,,0,20,,22061,17,,,0,60,,22044,19,,,0,20,,22062,17,,,0,20,,22045,19,,,0,60,,22063,17,,,0,20,,22046,19,,,0,20,,22064,17,,,0,60,,22047,19,,,0,20,,22065,17,,,0,20,,22048,19,,,0,60,,22066,17,,,0,20,,22079,19,,,0,20,,22067,17,,,0,60,,22049,19,,,0,20,,22068,17,,,0,20,,22050,19,,,0,60,,22069,17,,,0,20,,22078,19,,,0,20,,22070,17,,,0,60,,22051,19,,,0,22,,22071,17,,,0,18,,22052,19,,,0,60,,22072,17,,,0,20,,22053,19,,,0,20,,22073,17,,,0,60,,22054,19,,,0,20,,22074,17,,,0,20,,22055,19,,,0,60,,22075,17,,,0,20,,22076,17,,,0,20,,22056,19,,,0,70,,22077,17,,,0
4000001,'5_5',700,,22082,19,,,0,20,,22100,17,,,0,20,,22083,19,,,0,60,,22124,17,,,0,20,,22084,19,,,0,20,,22101,17,,,0,60,,22085,19,,,0,20,,22102,17,,,0,20,,22086,19,,,0,60,,22103,17,,,0,20,,22123,19,,,0,20,,22104,17,,,0,60,,22087,19,,,0,20,,22105,17,,,0,20,,22088,19,,,0,60,,22106,17,,,0,20,,22089,19,,,0,20,,22107,17,,,0,60,,22090,19,,,0,20,,22108,17,,,0,20,,22091,19,,,0,60,,22109,17,,,0,20,,22122,19,,,0,20,,22110,17,,,0,60,,22092,19,,,0,20,,22111,17,,,0,20,,22093,19,,,0,60,,22112,17,,,0,20,,22121,19,,,0,20,,22113,17,,,0,60,,22094,19,,,0,22,,22114,17,,,0,18,,22095,19,,,0,60,,22115,17,,,0,20,,22096,19,,,0,20,,22116,17,,,0,60,,22097,19,,,0,20,,22117,17,,,0,20,,22098,19,,,0,60,,22118,17,,,0,20,,22119,17,,,0,20,,22099,19,,,0,70,,22120,17,,,0
4000001,'6_3',700,,22125,19,,,0,20,,22143,17,,,0,20,,22126,19,,,0,60,,22167,17,,,0,20,,22127,19,,,0,20,,22144,17,,,0,60,,22128,19,,,0,20,,22145,17,,,0,20,,22129,19,,,0,60,,22146,17,,,0,20,,22166,19,,,0,20,,22147,17,,,0,60,,22130,19,,,0,20,,22148,17,,,0,20,,22131,19,,,0,60,,22149,17,,,0,20,,22132,19,,,0,20,,22150,17,,,0,60,,22133,19,,,0,20,,22151,17,,,0,20,,22134,19,,,0,60,,22152,17,,,0,20,,22165,19,,,0,20,,22153,17,,,0,60,,22135,19,,,0,20,,22154,17,,,0,20,,22136,19,,,0,60,,22155,17,,,0,20,,22164,19,,,0,20,,22156,17,,,0,60,,22137,19,,,0,22,,22157,17,,,0,18,,22138,19,,,0,60,,22158,17,,,0,20,,22139,19,,,0,20,,22159,17,,,0,60,,22140,19,,,0,20,,22160,17,,,0,20,,22141,19,,,0,60,,22161,17,,,0,20,,22162,17,,,0,20,,22142,19,,,0,70,,22163,17,,,0
