1000001,'0_6',733,,69466,5,,,0,83,,69474,5,,,0,86,,69477,5,,,0,44,,69480,5,,,0,88,,69483,5,,,0,71,,69485,5,,,0,48,,69488,5,,,0,86,,69491,5,,,0,84,,69494,5,,,0,31,,69496,5,,,0,88,,69499,5,,,0,88,,69502,5,,,0,88,,69505,5,,,0,31,,69507,5,,,0,88,,69510,5,,,0,89,,69513,5,,,0,31,,69471,5,,,0
1000001,'2_1',717,,69534,5,,,0,14,,69537,5,,,0,15,,69538,5,,,0,54,,69539,5,,,0,15,,69540,5,,,0,16,,69541,5,,,0,14,,69542,5,,,0,55,,69543,5,,,0,30,,69568,5,,,0,71,,69569,5,,,0,31,,69570,5,,,0,72,,69571,5,,,0,32,,69572,5,,,0,71,,69573,5,,,0,32,,69574,5,,,0,70,,69575,5,,,0,31,,69576,5,,,0,72,,69577,5,,,0,31,,69578,5,,,0,68,,69579,5,,,0,28,,69580,5,,,0,69,,69581,5,,,0,14,,69563,5,,,0,14,,69582,5,,,0,14,,69564,5,,,0,55,,69583,5,,,0,15,,69565,5,,,0,15,,69584,5,,,0,15,,69566,5,,,0,55,,69585,5,,,0,16,,69567,5,,,0,14,,69535,5,,,0,18,,69586,5,,,0,79,,69587,5,,,0
1000001,'2_2',717,,69596,5,,,0,14,,69599,5,,,0,15,,69600,5,,,0,54,,69601,5,,,0,15,,69602,5,,,0,16,,69603,5,,,0,14,,69604,5,,,0,55,,69605,5,,,0,30,,69630,5,,,0,71,,69631,5,,,0,31,,69632,5,,,0,72,,69633,5,,,0,32,,69634,5,,,0,71,,69635,5,,,0,32,,69636,5,,,0,70,,69637,5,,,0,31,,69638,5,,,0,72,,69639,5,,,0,31,,69640,5,,,0,68,,69641,5,,,0,28,,69642,5,,,0,69,,69643,5,,,0,14,,69625,5,,,0,14,,69644,5,,,0,14,,69626,5,,,0,55,,69645,5,,,0,15,,69627,5,,,0,15,,69646,5,,,0,15,,69628,5,,,0,55,,69647,5,,,0,16,,69629,5,,,0,14,,69597,5,,,0,18,,69648,5,,,0,79,,69649,5,,,0
1000001,'2_3',717,,69658,5,,,0,14,,69661,5,,,0,15,,69662,5,,,0,54,,69663,5,,,0,15,,69664,5,,,0,16,,69665,5,,,0,14,,69666,5,,,0,55,,69667,5,,,0,30,,69692,5,,,0,71,,69693,5,,,0,31,,69694,5,,,0,72,,69695,5,,,0,32,,69696,5,,,0,71,,69697,5,,,0,32,,69698,5,,,0,70,,69699,5,,,0,31,,69700,5,,,0,72,,69701,5,,,0,31,,69702,5,,,0,68,,69703,5,,,0,28,,69704,5,,,0,69,,69705,5,,,0,14,,69687,5,,,0,14,,69706,5,,,0,14,,69688,5,,,0,55,,69707,5,,,0,15,,69689,5,,,0,15,,69708,5,,,0,15,,69690,5,,,0,55,,69709,5,,,0,16,,69691,5,,,0,14,,69659,5,,,0,18,,69710,5,,,0,79,,69711,5,,,0
1000001,'2_4',717,,69720,5,,,0,14,,69723,5,,,0,15,,69724,5,,,0,54,,69725,5,,,0,15,,69726,5,,,0,16,,69727,5,,,0,14,,69728,5,,,0,55,,69729,5,,,0,30,,69754,5,,,0,71,,69755,5,,,0,31,,69756,5,,,0,72,,69757,5,,,0,32,,69758,5,,,0,71,,69759,5,,,0,32,,69760,5,,,0,70,,69761,5,,,0,31,,69762,5,,,0,72,,69763,5,,,0,31,,69764,5,,,0,68,,69765,5,,,0,28,,69766,5,,,0,69,,69767,5,,,0,14,,69749,5,,,0,14,,69768,5,,,0,14,,69750,5,,,0,55,,69769,5,,,0,15,,69751,5,,,0,15,,69770,5,,,0,15,,69752,5,,,0,55,,69771,5,,,0,16,,69753,5,,,0,14,,69721,5,,,0,18,,69772,5,,,0,79,,69773,5,,,0
1000001,'2_5',717,,69782,5,,,0,14,,69785,5,,,0,15,,69786,5,,,0,54,,69787,5,,,0,15,,69788,5,,,0,16,,69789,5,,,0,14,,69790,5,,,0,55,,69791,5,,,0,30,,69816,5,,,0,71,,69817,5,,,0,31,,69818,5,,,0,72,,69819,5,,,0,32,,69820,5,,,0,71,,69821,5,,,0,32,,69822,5,,,0,70,,69823,5,,,0,31,,69824,5,,,0,72,,69825,5,,,0,31,,69826,5,,,0,68,,69827,5,,,0,28,,69828,5,,,0,69,,69829,5,,,0,14,,69811,5,,,0,14,,69830,5,,,0,14,,69812,5,,,0,55,,69831,5,,,0,15,,69813,5,,,0,15,,69832,5,,,0,15,,69814,5,,,0,55,,69833,5,,,0,16,,69815,5,,,0,14,,69783,5,,,0,18,,69834,5,,,0,79,,69835,5,,,0
1000001,'3_1',717,,69844,5,,,0,14,,69847,5,,,0,15,,69848,5,,,0,54,,69849,5,,,0,15,,69850,5,,,0,16,,69851,5,,,0,14,,69852,5,,,0,55,,69853,5,,,0,30,,69878,5,,,0,71,,69879,5,,,0,31,,69880,5,,,0,72,,69881,5,,,0,32,,69882,5,,,0,71,,69883,5,,,0,32,,69884,5,,,0,70,,69885,5,,,0,31,,69886,5,,,0,72,,69887,5,,,0,31,,69888,5,,,0,68,,69889,5,,,0,28,,69890,5,,,0,69,,69891,5,,,0,14,,69873,5,,,0,14,,69892,5,,,0,14,,69874,5,,,0,55,,69893,5,,,0,15,,69875,5,,,0,15,,69894,5,,,0,15,,69876,5,,,0,55,,69895,5,,,0,16,,69877,5,,,0,14,,69845,5,,,0,18,,69896,5,,,0,79,,69897,5,,,0
1000001,'3_3',717,,69906,5,,,0,14,,69909,5,,,0,15,,69910,5,,,0,54,,69911,5,,,0,15,,69912,5,,,0,16,,69913,5,,,0,14,,69914,5,,,0,55,,69915,5,,,0,30,,69940,5,,,0,71,,69941,5,,,0,31,,69942,5,,,0,72,,69943,5,,,0,32,,69944,5,,,0,71,,69945,5,,,0,32,,69946,5,,,0,70,,69947,5,,,0,31,,69948,5,,,0,72,,69949,5,,,0,31,,69950,5,,,0,68,,69951,5,,,0,28,,69952,5,,,0,69,,69953,5,,,0,14,,69935,5,,,0,14,,69954,5,,,0,14,,69936,5,,,0,55,,69955,5,,,0,15,,69937,5,,,0,15,,69956,5,,,0,15,,69938,5,,,0,55,,69957,5,,,0,16,,69939,5,,,0,14,,69907,5,,,0,18,,69958,5,,,0,79,,69959,5,,,0
1000001,'3_4',717,,69968,5,,,0,14,,69971,5,,,0,15,,69972,5,,,0,54,,69973,5,,,0,15,,69974,5,,,0,16,,69975,5,,,0,14,,69976,5,,,0,55,,69977,5,,,0,30,,70002,5,,,0,71,,70003,5,,,0,31,,70004,5,,,0,72,,70005,5,,,0,32,,70006,5,,,0,71,,70007,5,,,0,32,,70008,5,,,0,70,,70009,5,,,0,31,,70010,5,,,0,72,,70011,5,,,0,31,,70012,5,,,0,68,,70013,5,,,0,28,,70014,5,,,0,69,,70015,5,,,0,14,,69997,5,,,0,14,,70016,5,,,0,14,,69998,5,,,0,55,,70017,5,,,0,15,,69999,5,,,0,15,,70018,5,,,0,15,,70000,5,,,0,55,,70019,5,,,0,16,,70001,5,,,0,14,,69969,5,,,0,18,,70020,5,,,0,79,,70021,5,,,0
1000001,'3_5',717,,70030,5,,,0,14,,70033,5,,,0,15,,70034,5,,,0,54,,70035,5,,,0,15,,70036,5,,,0,16,,70037,5,,,0,14,,70038,5,,,0,55,,70039,5,,,0,30,,70064,5,,,0,71,,70065,5,,,0,31,,70066,5,,,0,72,,70067,5,,,0,32,,70068,5,,,0,71,,70069,5,,,0,32,,70070,5,,,0,70,,70071,5,,,0,31,,70072,5,,,0,72,,70073,5,,,0,31,,70074,5,,,0,68,,70075,5,,,0,28,,70076,5,,,0,69,,70077,5,,,0,14,,70059,5,,,0,14,,70078,5,,,0,14,,70060,5,,,0,55,,70079,5,,,0,15,,70061,5,,,0,15,,70080,5,,,0,15,,70062,5,,,0,55,,70081,5,,,0,16,,70063,5,,,0,14,,70031,5,,,0,18,,70082,5,,,0,79,,70083,5,,,0
