1000,'2509-HIV-25j05H-d-Dimanche-00',833,,2894,,,0,422,,2895,,,0,497,,2896,,,0
1000,'2509-HIV-25j26H-d-Dimanche-00',833,,2897,,,0,422,,2898,,,0,497,,2899,,,0
1000,'2509-HIV-25k03H-s-Samedi-00',917,,2907,0,26 32,0,184,,2908,0,26 32,0,101,,2909,0,26 32,0,101,,2910,0,26 32,0,101,,2911,0,26 32,0,52,,2905,,,0,155,,2906,,,0,337,,2912,0,26 32,0
1000,'2509-HIV-25l22Vlv-Semaine-00',919,,2925,0,26 32,0,188,,2918,0,26 32,0,95,,2919,0,26 32,0,101,,2920,0,26 32,0,101,,2921,0,26 32,0,52,,2923,,,0,155,,2924,,,0,337,,2922,0,26 32,0
1000,'2509-HIV-26a05H-s-Samedi-00',917,,2933,0,26 32,0,184,,2934,0,26 32,0,101,,2935,0,26 32,0,101,,2936,0,26 32,0,101,,2937,0,26 32,0,52,,2931,,,0,155,,2932,,,0,337,,2938,0,26 32,0
1000,'2509-HIV-26a05H-w-Mercredi-00',920,,2953,0,26 32,0,186,,2944,0,26 32,0,47,,2945,0,26 32,0,77,,2946,0,26 32,0,80,,2947,0,26 32,0,99,,2948,0,26 32,0,39,,2950,,,0,70,,2951,,,0,96,,2952,,,0,335,,2949,0,26 32,0
1000,'2509-HIV-26a05Hlv-L-Ma-J-V-00',920,,2968,0,26 32,0,186,,2959,0,26 32,0,47,,2960,0,26 32,0,77,,2961,0,26 32,0,80,,2962,0,26 32,0,99,,2963,0,26 32,0,39,,2965,,,0,70,,2966,,,0,96,,2967,,,0,335,,2964,0,26 32,0
1000,'2509-HIV-26b23Vlv-Semaine-00',919,,2981,0,26 32,0,188,,2974,0,26 32,0,95,,2975,0,26 32,0,101,,2976,0,26 32,0,101,,2977,0,26 32,0,52,,2979,,,0,155,,2980,,,0,337,,2978,0,26 32,0
1000,'2509-HIV-26c02Vlv-Semaine-00',919,,2994,0,26 32,0,188,,2987,0,26 32,0,95,,2988,0,26 32,0,101,,2989,0,26 32,0,101,,2990,0,26 32,0,52,,2992,,,0,155,,2993,,,0,337,,2991,0,26 32,0
1100,'2509-HIV-25j05H-d-Dimanche-00',838,,3089,,,0,918,,3090,,,0
1100,'2509-HIV-25j26H-d-Dimanche-00',838,,3091,,,0,918,,3092,,,0
1100,'2509-HIV-25k03H-s-Samedi-00',826,,3094,,,0,905,,3095,,,0,119,,3096,,,0
1100,'2509-HIV-25l22Vlv-Semaine-00',826,,3098,,,0,905,,3099,,,0,119,,3100,,,0
1100,'2509-HIV-26a05H-s-Samedi-00',826,,3102,,,0,905,,3103,,,0,119,,3104,,,0
1100,'2509-HIV-26a05H-w-Mercredi-00',826,,3106,,,0,905,,3107,,,0,119,,3108,,,0
1100,'2509-HIV-26a05Hlv-L-Ma-J-V-00',826,,3110,,,0,905,,3111,,,0,119,,3112,,,0
1100,'2509-HIV-26b23Vlv-Semaine-00',826,,3114,,,0,905,,3115,,,0,119,,3116,,,0
1100,'2509-HIV-26c02Vlv-Semaine-00',826,,3118,,,0,905,,3119,,,0,119,,3120,,,0
1601,'2509-HIV-25k03H-s-Samedi-00',835,,3423,,,0,77,,3424,,,0,44,,3425,,,0,155,,3427,,,0,124,,3430,,,0,124,,3428,,,0,145,,3431,,,0,45,,3426,,,0,106,,3432,,,0,169,,3429,,,0
1601,'2509-HIV-25l22Vlv-Semaine-00',835,,3433,,,0,77,,3434,,,0,44,,3435,,,0,155,,3437,,,0,124,,3440,,,0,124,,3438,,,0,145,,3441,,,0,45,,3436,,,0,106,,3442,,,0,169,,3439,,,0
1601,'2509-HIV-26a05H-s-Samedi-00',835,,3443,,,0,77,,3444,,,0,44,,3445,,,0,155,,3447,,,0,124,,3450,,,0,124,,3448,,,0,145,,3451,,,0,45,,3446,,,0,106,,3452,,,0,169,,3449,,,0
1601,'2509-HIV-26a05H-w-Mercredi-00',835,,3453,,,0,77,,3454,,,0,44,,3455,,,0,155,,3457,,,0,124,,3460,,,0,124,,3458,,,0,145,,3461,,,0,45,,3456,,,0,106,,3462,,,0,169,,3459,,,0
1601,'2509-HIV-26a05Hlv-L-Ma-J-V-00',835,,3463,,,0,77,,3464,,,0,44,,3465,,,0,155,,3467,,,0,124,,3470,,,0,124,,3468,,,0,145,,3471,,,0,45,,3466,,,0,106,,3472,,,0,169,,3469,,,0
1601,'2509-HIV-26b23Vlv-Semaine-00',835,,3473,,,0,77,,3474,,,0,44,,3475,,,0,155,,3477,,,0,124,,3480,,,0,124,,3478,,,0,145,,3481,,,0,45,,3476,,,0,106,,3482,,,0,169,,3479,,,0
1601,'2509-HIV-26c02Vlv-Semaine-00',835,,3483,,,0,77,,3484,,,0,44,,3485,,,0,155,,3487,,,0,124,,3490,,,0,124,,3488,,,0,145,,3491,,,0,45,,3486,,,0,106,,3492,,,0,169,,3489,,,0
