600,'25j05H-Dimanche',1040,,2140,0,22 23,0,295,,2141,0,22 23,0,215,,2142,0,22 23,0,255,,2143,0,22 23,0
600,'25j26H-Dimanche',1040,,2144,0,22 23,0,295,,2145,0,22 23,0,215,,2146,0,22 23,0,255,,2147,0,22 23,0
600,'25k03H-Samedi',748,,2148,0,22 23,0,93,,2150,0,22 23,0,91,,2151,0,22 23,0,87,,2152,0,22 23,0,90,,2153,0,22 23,0,50,,2154,0,22 23,0,87,,2155,0,22 23,0,91,,2156,0,22 23,0,87,,2157,0,22 23,0,98,,2158,0,22 23,0,89,,2159,0,22 23,0,90,,2160,0,22 23,0,51,,2161,0,22 23,0,96,,2162,0,22 23,0,81,,2149,0,22 23,0
600,'25l22V-Semaine',704,,2163,0,22 23,0,24,,2176,0,22 23,0,79,,2164,0,22 23,0,52,,2165,0,22 23,0,95,,2166,0,22 23,0,92,,2167,0,22 23,0,86,,2177,0,22 23,0,92,,2168,0,22 23,0,105,,2169,0,22 23,0,92,,2170,0,22 23,0,96,,2171,0,22 23,0,92,,2172,0,22 23,0,45,,2178,0,22 23,0,95,,2173,0,22 23,0,99,,2174,0,22 23,0,81,,2175,0,22 23,0
600,'26a05H-Samedi',748,,2179,0,22 23,0,93,,2181,0,22 23,0,91,,2182,0,22 23,0,87,,2183,0,22 23,0,90,,2184,0,22 23,0,50,,2185,0,22 23,0,87,,2186,0,22 23,0,91,,2187,0,22 23,0,87,,2188,0,22 23,0,98,,2189,0,22 23,0,89,,2190,0,22 23,0,90,,2191,0,22 23,0,51,,2192,0,22 23,0,96,,2193,0,22 23,0,81,,2180,0,22 23,0
600,'26a05H-Mercredi',659,,2194,,,0,59,,2208,0,22 23,0,92,,2195,,,0,110,,2196,0,22 23,0,100,,2197,0,22 23,0,91,,2198,0,22 23,0,111,,2199,0,22 23,0,106,,2200,0,22 23,0,96,,2209,0,22 23,0,92,,2201,0,22 23,0,94,,2202,0,22 23,0,39,,2203,0,22 23,0,86,,2204,0,22 23,0,77,,2205,0,22 23,0,32,,2206,0,22 23,0,82,,2207,0,22 23,0
600,'26a05H-L-Ma-J-V',659,,2210,,,0,59,,2224,0,22 23,0,92,,2211,,,0,110,,2212,0,22 23,0,100,,2213,0,22 23,0,91,,2214,0,22 23,0,111,,2215,0,22 23,0,106,,2216,0,22 23,0,96,,2225,0,22 23,0,92,,2217,0,22 23,0,94,,2218,0,22 23,0,39,,2219,0,22 23,0,86,,2220,0,22 23,0,77,,2221,0,22 23,0,32,,2222,0,22 23,0,82,,2223,0,22 23,0
600,'26b23V-Semaine',704,,2226,0,22 23,0,24,,2239,0,22 23,0,79,,2227,0,22 23,0,52,,2228,0,22 23,0,95,,2229,0,22 23,0,92,,2230,0,22 23,0,86,,2240,0,22 23,0,92,,2231,0,22 23,0,105,,2232,0,22 23,0,92,,2233,0,22 23,0,96,,2234,0,22 23,0,92,,2235,0,22 23,0,45,,2241,0,22 23,0,95,,2236,0,22 23,0,99,,2237,0,22 23,0,81,,2238,0,22 23,0
600,'26c02V-Semaine',704,,2242,0,22 23,0,24,,2255,0,22 23,0,79,,2243,0,22 23,0,52,,2244,0,22 23,0,95,,2245,0,22 23,0,92,,2246,0,22 23,0,86,,2256,0,22 23,0,92,,2247,0,22 23,0,105,,2248,0,22 23,0,92,,2249,0,22 23,0,96,,2250,0,22 23,0,92,,2251,0,22 23,0,45,,2257,0,22 23,0,95,,2252,0,22 23,0,99,,2253,0,22 23,0,81,,2254,0,22 23,0
601,'25j05H-Dimanche',1014,,2258,,,0,295,,2259,,,0,210,,2260,,,0,215,,2261,,,0
601,'25j26H-Dimanche',1014,,2262,,,0,295,,2263,,,0,210,,2264,,,0,215,,2265,,,0
601,'25k03H-Samedi',757,,2266,,,0,90,,2268,,,0,96,,2269,,,0,92,,2270,,,0,89,,2271,,,0,88,,2272,,,0,88,,2273,,,0,49,,2274,,,0,90,,2275,,,0,88,,2276,,,0,100,,2277,,,0,92,,2278,,,0,93,,2279,,,0,45,,2280,,,0,90,,2267,,,0
601,'25l22V-Semaine',625,,2281,,,0,111,,2295,,,0,92,,2282,,,0,93,,2283,,,0,92,,2284,,,0,45,,2285,,,0,93,,2296,,,0,83,,2286,,,0,20,,2287,,,0,95,,2288,,,0,85,,2289,,,0,103,,2290,,,0,85,,2291,,,0,95,,2292,,,0,88,,2297,,,0,48,,2293,,,0,94,,2294,,,0
601,'26a05H-Samedi',757,,2298,,,0,90,,2300,,,0,96,,2301,,,0,92,,2302,,,0,89,,2303,,,0,88,,2304,,,0,88,,2305,,,0,49,,2306,,,0,90,,2307,,,0,88,,2308,,,0,100,,2309,,,0,92,,2310,,,0,93,,2311,,,0,45,,2312,,,0,90,,2299,,,0
601,'26a05H-Mercredi',627,,2313,,,0,109,,2326,,,0,95,,2314,,,0,102,,2315,,,0,99,,2316,,,0,100,,2317,,,0,124,,2318,,,0,82,,2319,,,0,104,,2320,,,0,94,,2321,,,0,82,,2327,,,0,38,,2322,,,0,80,,2328,,,0,67,,2323,,,0,27,,2329,,,0,25,,2324,,,0,95,,2325,,,0
601,'26a05H-Mercredi0010000',1237,,2330,,,0
601,'26a05H-L-Ma-J-V',627,,2331,,,0,109,,2344,,,0,95,,2332,,,0,102,,2333,,,0,99,,2334,,,0,100,,2335,,,0,124,,2336,,,0,82,,2337,,,0,104,,2338,,,0,94,,2339,,,0,82,,2345,,,0,38,,2340,,,0,80,,2346,,,0,67,,2341,,,0,27,,2347,,,0,25,,2342,,,0,95,,2343,,,0
601,'26a05H-L-Ma-J-V1101100',1237,,2348,,,0
601,'26b23V-Semaine',625,,2349,,,0,111,,2363,,,0,92,,2350,,,0,93,,2351,,,0,92,,2352,,,0,45,,2353,,,0,93,,2364,,,0,83,,2354,,,0,20,,2355,,,0,95,,2356,,,0,85,,2357,,,0,103,,2358,,,0,85,,2359,,,0,95,,2360,,,0,88,,2365,,,0,48,,2361,,,0,94,,2362,,,0
601,'26c02V-Semaine',625,,2366,,,0,111,,2380,,,0,92,,2367,,,0,93,,2368,,,0,92,,2369,,,0,45,,2370,,,0,93,,2381,,,0,83,,2371,,,0,20,,2372,,,0,95,,2373,,,0,85,,2374,,,0,103,,2375,,,0,85,,2376,,,0,95,,2377,,,0,88,,2382,,,0,48,,2378,,,0,94,,2379,,,0
