400,'2_6',705,,31221,6,0,40,0,103,,31222,6,0,40,0,35,,31215,18,0,40,0,66,,31223,6,0,40,0,31,,31224,6,0,40,0,71,,31225,6,0,40,0,30,,31216,18,0,40,0,71,,31226,6,0,40,0,29,,31228,6,0,40,0,71,,31227,6,0,40,0,29,,31217,18,0,40,0,70,,31229,6,0,40,0,31,,31230,6,0,40,0,69,,31231,6,0,40,0,31,,31218,18,0,40,0,71,,31232,6,0,40,0,29,,31233,6,0,40,0,70,,31234,6,0,40,0,32,,31219,18,0,40,0,76,,31235,6,0,40,0,31,,31236,6,0,40,0,72,,31237,6,0,40,0,30,,31220,18,0,40,0,71,,31238,6,0,40,0
400,'3_7',905,,31239,6,0,40,0,100,,31240,6,0,40,0,100,,31241,6,0,40,0,100,,31242,6,0,40,0,100,,31243,6,0,40,0,100,,31244,6,0,40,0,100,,31245,6,0,40,0,100,,31246,6,0,40,0,100,,31247,6,0,40,0,100,,31248,6,0,40,0
400,'5_1',704,,37535,6,0,40,0,14,,37541,6,0,40,0,16,,37515,6,0,40,0,15,,37516,6,0,40,0,53,,37536,6,0,40,0,17,,37517,6,0,40,0,16,,37518,6,0,40,0,76,,37519,6,0,40,0,32,,37520,18,0,40,0,71,,37521,6,0,40,0,30,,37522,6,0,40,0,75,,37523,6,0,40,0,35,,37524,6,0,40,0,65,,37539,6,0,40,0,25,,37537,18,0,40,0,70,,37525,6,0,40,0,30,,37526,6,0,40,0,65,,37529,18,0,40,0,34,,37527,6,0,40,0,69,,37530,18,0,40,0,35,,37528,6,0,40,0,70,,37542,6,0,40,0,30,,37538,18,0,40,0,70,,37531,6,0,40,0,36,,37532,18,0,40,0,65,,37540,6,,,0,31,,37533,6,0,40,0,70,,37534,18,0,40,0
400,'5_2',704,,39327,6,0,40,0,14,,39333,6,0,40,0,16,,39307,6,0,40,0,15,,39308,6,0,40,0,53,,39328,6,0,40,0,17,,39309,6,0,40,0,16,,39310,6,0,40,0,76,,39311,6,0,40,0,32,,39312,18,0,40,0,71,,39313,6,0,40,0,30,,39314,6,0,40,0,75,,39315,6,0,40,0,35,,39316,6,0,40,0,65,,39331,6,0,40,0,25,,39329,18,0,40,0,70,,39317,6,0,40,0,30,,39318,6,0,40,0,65,,39321,18,0,40,0,34,,39319,6,0,40,0,69,,39322,18,0,40,0,35,,39320,6,0,40,0,70,,39334,6,0,40,0,30,,39330,18,0,40,0,70,,39323,6,0,40,0,36,,39324,18,0,40,0,65,,39332,6,,,0,31,,39325,6,0,40,0,70,,39326,18,0,40,0
400,'5_3',704,,39355,6,0,40,0,14,,39361,6,0,40,0,16,,39335,6,0,40,0,15,,39336,6,0,40,0,53,,39356,6,0,40,0,17,,39337,6,0,40,0,16,,39338,6,0,40,0,76,,39339,6,0,40,0,32,,39340,18,0,40,0,71,,39341,6,0,40,0,30,,39342,6,0,40,0,75,,39343,6,0,40,0,35,,39344,6,0,40,0,65,,39359,6,0,40,0,25,,39357,18,0,40,0,70,,39345,6,0,40,0,30,,39346,6,0,40,0,65,,39349,18,0,40,0,34,,39347,6,0,40,0,69,,39350,18,0,40,0,35,,39348,6,0,40,0,70,,39362,6,0,40,0,30,,39358,18,0,40,0,70,,39351,6,0,40,0,36,,39352,18,0,40,0,65,,39360,6,,,0,31,,39353,6,0,40,0,70,,39354,18,0,40,0
400,'5_4',704,,39383,6,0,40,0,14,,39389,6,0,40,0,16,,39363,6,0,40,0,15,,39364,6,0,40,0,53,,39384,6,0,40,0,17,,39365,6,0,40,0,16,,39366,6,0,40,0,76,,39367,6,0,40,0,32,,39368,18,0,40,0,71,,39369,6,0,40,0,30,,39370,6,0,40,0,75,,39371,6,0,40,0,35,,39372,6,0,40,0,65,,39387,6,0,40,0,25,,39385,18,0,40,0,70,,39373,6,0,40,0,30,,39374,6,0,40,0,65,,39377,18,0,40,0,34,,39375,6,0,40,0,69,,39378,18,0,40,0,35,,39376,6,0,40,0,70,,39390,6,0,40,0,30,,39386,18,0,40,0,70,,39379,6,0,40,0,36,,39380,18,0,40,0,65,,39388,6,,,0,31,,39381,6,0,40,0,70,,39382,18,0,40,0
400,'5_5',704,,39411,6,0,40,0,14,,39417,6,0,40,0,16,,39391,6,0,40,0,15,,39392,6,0,40,0,53,,39412,6,0,40,0,17,,39393,6,0,40,0,16,,39394,6,0,40,0,76,,39395,6,0,40,0,32,,39396,18,0,40,0,71,,39397,6,0,40,0,30,,39398,6,0,40,0,75,,39399,6,0,40,0,35,,39400,6,0,40,0,65,,39415,6,0,40,0,25,,39413,18,0,40,0,70,,39401,6,0,40,0,30,,39402,6,0,40,0,65,,39405,18,0,40,0,34,,39403,6,0,40,0,69,,39406,18,0,40,0,35,,39404,6,0,40,0,70,,39418,6,0,40,0,30,,39414,18,0,40,0,70,,39407,6,0,40,0,36,,39408,18,0,40,0,65,,39416,6,,,0,31,,39409,6,0,40,0,70,,39410,18,0,40,0
400,'6_1',704,,39439,6,0,40,0,14,,39445,6,0,40,0,16,,39419,6,0,40,0,15,,39420,6,0,40,0,53,,39440,6,0,40,0,17,,39421,6,0,40,0,16,,39422,6,0,40,0,76,,39423,6,0,40,0,32,,39424,18,0,40,0,71,,39425,6,0,40,0,30,,39426,6,0,40,0,75,,39427,6,0,40,0,35,,39428,6,0,40,0,65,,39443,6,0,40,0,25,,39441,18,0,40,0,70,,39429,6,0,40,0,30,,39430,6,0,40,0,65,,39433,18,0,40,0,34,,39431,6,0,40,0,69,,39434,18,0,40,0,35,,39432,6,0,40,0,70,,39446,6,0,40,0,30,,39442,18,0,40,0,70,,39435,6,0,40,0,36,,39436,18,0,40,0,65,,39444,6,,,0,31,,39437,6,0,40,0,70,,39438,18,0,40,0
400,'6_2',704,,44110,6,0,40,0,14,,44116,6,0,40,0,16,,44090,6,0,40,0,15,,44091,6,0,40,0,53,,44111,6,0,40,0,17,,44092,6,0,40,0,16,,44093,6,0,40,0,76,,44094,6,0,40,0,32,,44095,18,0,40,0,71,,44096,6,0,40,0,30,,44097,6,0,40,0,75,,44098,6,0,40,0,35,,44099,6,0,40,0,65,,44114,6,0,40,0,25,,44112,18,0,40,0,70,,44100,6,0,40,0,30,,44101,6,0,40,0,65,,44104,18,0,40,0,34,,44102,6,0,40,0,69,,44105,18,0,40,0,35,,44103,6,0,40,0,70,,44117,6,0,40,0,30,,44113,18,0,40,0,70,,44106,6,0,40,0,36,,44107,18,0,40,0,65,,44115,6,,,0,31,,44108,6,0,40,0,70,,44109,18,0,40,0
400,'6_3',704,,44138,6,0,40,0,14,,44144,6,0,40,0,16,,44118,6,0,40,0,15,,44119,6,0,40,0,53,,44139,6,0,40,0,17,,44120,6,0,40,0,16,,44121,6,0,40,0,76,,44122,6,0,40,0,32,,44123,18,0,40,0,71,,44124,6,0,40,0,30,,44125,6,0,40,0,75,,44126,6,0,40,0,35,,44127,6,0,40,0,65,,44142,6,0,40,0,25,,44140,18,0,40,0,70,,44128,6,0,40,0,30,,44129,6,0,40,0,65,,44132,18,0,40,0,34,,44130,6,0,40,0,69,,44133,18,0,40,0,35,,44131,6,0,40,0,70,,44145,6,0,40,0,30,,44141,18,0,40,0,70,,44134,6,0,40,0,36,,44135,18,0,40,0,65,,44143,6,,,0,31,,44136,6,0,40,0,70,,44137,18,0,40,0
400,'6_4',704,,44166,6,0,40,0,14,,44172,6,0,40,0,16,,44146,6,0,40,0,15,,44147,6,0,40,0,53,,44167,6,0,40,0,17,,44148,6,0,40,0,16,,44149,6,0,40,0,76,,44150,6,0,40,0,32,,44151,18,0,40,0,71,,44152,6,0,40,0,30,,44153,6,0,40,0,75,,44154,6,0,40,0,35,,44155,6,0,40,0,65,,44170,6,0,40,0,25,,44168,18,0,40,0,70,,44156,6,0,40,0,30,,44157,6,0,40,0,65,,44160,18,0,40,0,34,,44158,6,0,40,0,69,,44161,18,0,40,0,35,,44159,6,0,40,0,70,,44173,6,0,40,0,30,,44169,18,0,40,0,70,,44162,6,0,40,0,36,,44163,18,0,40,0,65,,44171,6,,,0,31,,44164,6,0,40,0,70,,44165,18,0,40,0
