1001,'2_6',748,,32445,3,,,0,103,,32446,3,,,0,101,,32453,1,,,0,102,,32447,3,,,0,100,,32454,1,,,0,85,,32455,1,,,0,163,,32450,3,,,0,38,,32456,1,,,0,187,,32451,3,,,0,118,,32452,3,,,0,91,,32448,3,,,0,107,,32449,3,,,0
1001,'5_1',748,,37721,3,,,0,99,,37723,3,,,0,105,,37726,1,,,0,102,,37724,3,,,0,100,,37727,1,,,0,85,,37728,1,,,0,163,,37722,3,,,0,38,,37732,1,,,0,187,,37729,3,,,0,118,,37730,3,,,0,91,,37731,3,,,0,107,,37725,3,,,0
1001,'5_2',748,,40337,3,,,0,99,,40339,3,,,0,105,,40342,1,,,0,102,,40340,3,,,0,100,,40343,1,,,0,85,,40344,1,,,0,163,,40338,3,,,0,38,,40348,1,,,0,187,,40345,3,,,0,118,,40346,3,,,0,91,,40347,3,,,0,107,,40341,3,,,0
1001,'5_3',748,,40349,3,,,0,99,,40351,3,,,0,105,,40354,1,,,0,102,,40352,3,,,0,100,,40355,1,,,0,85,,40356,1,,,0,163,,40350,3,,,0,38,,40360,1,,,0,187,,40357,3,,,0,118,,40358,3,,,0,91,,40359,3,,,0,107,,40353,3,,,0
1001,'5_4',748,,40361,3,,,0,99,,40363,3,,,0,105,,40366,1,,,0,102,,40364,3,,,0,100,,40367,1,,,0,85,,40368,1,,,0,163,,40362,3,,,0,38,,40372,1,,,0,187,,40369,3,,,0,118,,40370,3,,,0,91,,40371,3,,,0,107,,40365,3,,,0
1001,'5_5',748,,40373,3,,,0,99,,40375,3,,,0,105,,40378,1,,,0,102,,40376,3,,,0,100,,40379,1,,,0,85,,40380,1,,,0,163,,40374,3,,,0,38,,40384,1,,,0,187,,40381,3,,,0,118,,40382,3,,,0,91,,40383,3,,,0,107,,40377,3,,,0
1001,'6_1',748,,40385,3,,,0,99,,40387,3,,,0,105,,40390,1,,,0,102,,40388,3,,,0,100,,40391,1,,,0,85,,40392,1,,,0,163,,40386,3,,,0,38,,40396,1,,,0,187,,40393,3,,,0,118,,40394,3,,,0,91,,40395,3,,,0,107,,40389,3,,,0
1001,'6_2',748,,44708,3,,,0,99,,44710,3,,,0,105,,44713,1,,,0,102,,44711,3,,,0,100,,44714,1,,,0,85,,44715,1,,,0,163,,44709,3,,,0,38,,44719,1,,,0,187,,44716,3,,,0,118,,44717,3,,,0,91,,44718,3,,,0,107,,44712,3,,,0
1001,'6_3',748,,44720,3,,,0,99,,44722,3,,,0,105,,44725,1,,,0,102,,44723,3,,,0,100,,44726,1,,,0,85,,44727,1,,,0,163,,44721,3,,,0,38,,44731,1,,,0,187,,44728,3,,,0,118,,44729,3,,,0,91,,44730,3,,,0,107,,44724,3,,,0
1001,'6_4',748,,44732,3,,,0,99,,44734,3,,,0,105,,44737,1,,,0,102,,44735,3,,,0,100,,44738,1,,,0,85,,44739,1,,,0,163,,44733,3,,,0,38,,44743,1,,,0,187,,44740,3,,,0,118,,44741,3,,,0,91,,44742,3,,,0,107,,44736,3,,,0
1000001,'2_6',552,,35155,19,,,0,81,,35156,19,,,0,81,,35157,19,,,0,30,,35158,19,,,0,69,,35159,25,,,0,29,,35160,25,,,0,15,,35161,19,,,0,55,,35162,19,,,0,15,,35163,25,,,0,16,,35164,19,,,0,15,,35165,19,,,0,55,,35166,25,,,0,16,,35167,19,,,0,15,,35168,19,,,0,56,,35169,25,,,0,15,,35170,19,,,0,15,,35171,19,,,0,16,,35172,25,,,0,54,,35173,19,,,0,16,,35174,19,,,0,15,,35175,25,,,0,14,,35176,19,,,0,57,,35177,19,,,0,16,,35178,25,,,0,9,,35179,19,,,0,9,,35180,19,,,0,9,,35181,19,,,0,10,,35183,19,,,0,50,,35182,25,,,0,10,,35184,19,,,0,11,,35185,19,,,0,12,,35186,25,,,0,10,,35187,19,,,0,9,,35188,19,,,0,50,,35189,19,,,0,11,,35190,25,,,0,10,,35191,19,,,0,10,,35192,19,,,0,11,,35193,19,,,0,51,,35194,25,,,0,9,,35195,19,,,0,10,,35196,19,,,0,10,,35197,19,,,0,12,,35198,25,,,0,9,,35199,19,,,0,9,,35200,19,,,0,50,,35201,19,,,0,10,,35203,19,,,0,9,,35202,25,,,0,10,,35204,19,,,0,9,,35205,19,,,0,10,,35207,19,,,0,49,,35206,25,,,0,9,,35208,19,,,0,9,,35209,19,,,0,9,,35211,19,,,0,10,,35210,25,,,0,10,,35212,19,,,0,53,,35213,19,,,0,19,,35214,25,,,0,17,,35215,19,,,0,61,,35216,19,,,0,21,,35217,19,,,0,17,,35218,19,,,0,59,,35219,19,,,0,20,,35220,19,,,0,20,,35221,19,,,0,60,,35222,19,,,0
1000001,'3_7',822,,35223,19,,,0,80,,35224,19,,,0,40,,35225,19,,,0,80,,35226,19,,,0,80,,35227,19,,,0,40,,35228,19,,,0,80,,35229,19,,,0,80,,35230,19,,,0,40,,35231,19,,,0,80,,35232,19,,,0,80,,35233,19,,,0,40,,35234,19,,,0,80,,35235,19,,,0,80,,35236,19,,,0,40,,35237,19,,,0,80,,35238,19,,,0,80,,35239,19,,,0,40,,35240,19,,,0
1000001,'5_1',552,,37980,19,,,0,60,,37981,19,,,0,20,,37982,19,,,0,21,,37983,19,,,0,60,,37984,19,,,0,10,,38064,19,,,0,11,,38065,19,,,0,10,,38015,25,,,0,10,,38016,25,,,0,50,,38017,25,,,0,10,,38018,25,,,0,10,,38019,25,,,0,10,,38020,25,,,0,10,,38021,25,,,0,10,,38022,25,,,0,49,,38023,25,,,0,10,,38024,25,,,0,11,,38025,25,,,0,10,,38026,25,,,0,12,,37985,19,,,0,11,,37986,25,,,0,50,,37987,19,,,0,10,,37988,25,,,0,10,,37989,19,,,0,11,,38027,25,,,0,11,,37990,19,,,0,51,,37991,25,,,0,11,,37992,19,,,0,11,,37993,25,,,0,10,,37994,19,,,0,11,,38028,25,,,0,10,,37995,19,,,0,51,,37996,25,,,0,10,,37997,19,,,0,10,,37998,25,,,0,8,,38029,19,,,0,10,,38030,25,,,0,10,,38031,19,,,0,50,,38032,25,,,0,10,,38033,19,,,0,10,,38034,25,,,0,10,,38035,19,,,0,9,,38036,25,,,0,11,,38037,19,,,0,49,,38038,25,,,0,10,,38039,19,,,0,10,,38040,25,,,0,10,,38041,19,,,0,10,,37999,25,,,0,10,,38000,19,,,0,50,,38042,25,,,0,10,,38001,19,,,0,10,,38002,25,,,0,11,,38003,19,,,0,10,,38043,25,,,0,11,,38004,19,,,0,51,,38005,25,,,0,11,,38006,19,,,0,10,,38007,25,,,0,10,,38008,25,,,0,10,,38044,25,,,0,10,,38045,25,,,0,51,,38046,25,,,0,10,,38047,25,,,0,10,,38048,25,,,0,10,,38049,25,,,0,10,,38050,25,,,0,10,,38051,25,,,0,49,,38052,25,,,0,10,,38053,25,,,0,10,,38054,25,,,0,9,,38055,25,,,0,9,,38056,25,,,0,9,,38057,25,,,0,49,,38058,25,,,0,9,,38059,19,,,0,10,,38060,25,,,0,10,,38061,19,,,0,13,,38063,25,,,0,59,,38062,25,,,0,20,,38009,19,,,0,20,,38010,19,,,0,59,,38011,19,,,0,20,,38012,19,,,0,20,,38013,19,,,0,60,,38014,19,,,0
1000001,'5_2',552,,41635,19,,,0,60,,41636,19,,,0,20,,41637,19,,,0,21,,41638,19,,,0,60,,41639,19,,,0,10,,41719,19,,,0,11,,41720,19,,,0,10,,41670,25,,,0,10,,41671,25,,,0,50,,41672,25,,,0,10,,41673,25,,,0,10,,41674,25,,,0,10,,41675,25,,,0,10,,41676,25,,,0,10,,41677,25,,,0,49,,41678,25,,,0,10,,41679,25,,,0,11,,41680,25,,,0,10,,41681,25,,,0,12,,41640,19,,,0,11,,41641,25,,,0,50,,41642,19,,,0,10,,41643,25,,,0,10,,41644,19,,,0,11,,41682,25,,,0,11,,41645,19,,,0,51,,41646,25,,,0,11,,41647,19,,,0,11,,41648,25,,,0,10,,41649,19,,,0,11,,41683,25,,,0,10,,41650,19,,,0,51,,41651,25,,,0,10,,41652,19,,,0,10,,41653,25,,,0,8,,41684,19,,,0,10,,41685,25,,,0,10,,41686,19,,,0,50,,41687,25,,,0,10,,41688,19,,,0,10,,41689,25,,,0,10,,41690,19,,,0,9,,41691,25,,,0,11,,41692,19,,,0,49,,41693,25,,,0,10,,41694,19,,,0,10,,41695,25,,,0,10,,41696,19,,,0,10,,41654,25,,,0,10,,41655,19,,,0,50,,41697,25,,,0,10,,41656,19,,,0,10,,41657,25,,,0,11,,41658,19,,,0,10,,41698,25,,,0,11,,41659,19,,,0,51,,41660,25,,,0,11,,41661,19,,,0,10,,41662,25,,,0,10,,41663,25,,,0,10,,41699,25,,,0,10,,41700,25,,,0,51,,41701,25,,,0,10,,41702,25,,,0,10,,41703,25,,,0,10,,41704,25,,,0,10,,41705,25,,,0,10,,41706,25,,,0,49,,41707,25,,,0,10,,41708,25,,,0,10,,41709,25,,,0,9,,41710,25,,,0,9,,41711,25,,,0,9,,41712,25,,,0,49,,41713,25,,,0,9,,41714,19,,,0,10,,41715,25,,,0,10,,41716,19,,,0,13,,41718,25,,,0,59,,41717,25,,,0,20,,41664,19,,,0,20,,41665,19,,,0,59,,41666,19,,,0,20,,41667,19,,,0,20,,41668,19,,,0,60,,41669,19,,,0
1000001,'5_3',552,,41721,19,,,0,60,,41722,19,,,0,20,,41723,19,,,0,21,,41724,19,,,0,60,,41725,19,,,0,10,,41805,19,,,0,11,,41806,19,,,0,10,,41756,25,,,0,10,,41757,25,,,0,50,,41758,25,,,0,10,,41759,25,,,0,10,,41760,25,,,0,10,,41761,25,,,0,10,,41762,25,,,0,10,,41763,25,,,0,49,,41764,25,,,0,10,,41765,25,,,0,11,,41766,25,,,0,10,,41767,25,,,0,12,,41726,19,,,0,11,,41727,25,,,0,50,,41728,19,,,0,10,,41729,25,,,0,10,,41730,19,,,0,11,,41768,25,,,0,11,,41731,19,,,0,51,,41732,25,,,0,11,,41733,19,,,0,11,,41734,25,,,0,10,,41735,19,,,0,11,,41769,25,,,0,10,,41736,19,,,0,51,,41737,25,,,0,10,,41738,19,,,0,10,,41739,25,,,0,8,,41770,19,,,0,10,,41771,25,,,0,10,,41772,19,,,0,50,,41773,25,,,0,10,,41774,19,,,0,10,,41775,25,,,0,10,,41776,19,,,0,9,,41777,25,,,0,11,,41778,19,,,0,49,,41779,25,,,0,10,,41780,19,,,0,10,,41781,25,,,0,10,,41782,19,,,0,10,,41740,25,,,0,10,,41741,19,,,0,50,,41783,25,,,0,10,,41742,19,,,0,10,,41743,25,,,0,11,,41744,19,,,0,10,,41784,25,,,0,11,,41745,19,,,0,51,,41746,25,,,0,11,,41747,19,,,0,10,,41748,25,,,0,10,,41749,25,,,0,10,,41785,25,,,0,10,,41786,25,,,0,51,,41787,25,,,0,10,,41788,25,,,0,10,,41789,25,,,0,10,,41790,25,,,0,10,,41791,25,,,0,10,,41792,25,,,0,49,,41793,25,,,0,10,,41794,25,,,0,10,,41795,25,,,0,9,,41796,25,,,0,9,,41797,25,,,0,9,,41798,25,,,0,49,,41799,25,,,0,9,,41800,19,,,0,10,,41801,25,,,0,10,,41802,19,,,0,13,,41804,25,,,0,59,,41803,25,,,0,20,,41750,19,,,0,20,,41751,19,,,0,59,,41752,19,,,0,20,,41753,19,,,0,20,,41754,19,,,0,60,,41755,19,,,0
1000001,'5_4',552,,41807,19,,,0,60,,41808,19,,,0,20,,41809,19,,,0,21,,41810,19,,,0,60,,41811,19,,,0,10,,41891,19,,,0,11,,41892,19,,,0,10,,41842,25,,,0,10,,41843,25,,,0,50,,41844,25,,,0,10,,41845,25,,,0,10,,41846,25,,,0,10,,41847,25,,,0,10,,41848,25,,,0,10,,41849,25,,,0,49,,41850,25,,,0,10,,41851,25,,,0,11,,41852,25,,,0,10,,41853,25,,,0,12,,41812,19,,,0,11,,41813,25,,,0,50,,41814,19,,,0,10,,41815,25,,,0,10,,41816,19,,,0,11,,41854,25,,,0,11,,41817,19,,,0,51,,41818,25,,,0,11,,41819,19,,,0,11,,41820,25,,,0,10,,41821,19,,,0,11,,41855,25,,,0,10,,41822,19,,,0,51,,41823,25,,,0,10,,41824,19,,,0,10,,41825,25,,,0,8,,41856,19,,,0,10,,41857,25,,,0,10,,41858,19,,,0,50,,41859,25,,,0,10,,41860,19,,,0,10,,41861,25,,,0,10,,41862,19,,,0,9,,41863,25,,,0,11,,41864,19,,,0,49,,41865,25,,,0,10,,41866,19,,,0,10,,41867,25,,,0,10,,41868,19,,,0,10,,41826,25,,,0,10,,41827,19,,,0,50,,41869,25,,,0,10,,41828,19,,,0,10,,41829,25,,,0,11,,41830,19,,,0,10,,41870,25,,,0,11,,41831,19,,,0,51,,41832,25,,,0,11,,41833,19,,,0,10,,41834,25,,,0,10,,41835,25,,,0,10,,41871,25,,,0,10,,41872,25,,,0,51,,41873,25,,,0,10,,41874,25,,,0,10,,41875,25,,,0,10,,41876,25,,,0,10,,41877,25,,,0,10,,41878,25,,,0,49,,41879,25,,,0,10,,41880,25,,,0,10,,41881,25,,,0,9,,41882,25,,,0,9,,41883,25,,,0,9,,41884,25,,,0,49,,41885,25,,,0,9,,41886,19,,,0,10,,41887,25,,,0,10,,41888,19,,,0,13,,41890,25,,,0,59,,41889,25,,,0,20,,41836,19,,,0,20,,41837,19,,,0,59,,41838,19,,,0,20,,41839,19,,,0,20,,41840,19,,,0,60,,41841,19,,,0
1000001,'5_5',552,,41893,19,,,0,60,,41894,19,,,0,20,,41895,19,,,0,21,,41896,19,,,0,60,,41897,19,,,0,10,,41977,19,,,0,11,,41978,19,,,0,10,,41928,25,,,0,10,,41929,25,,,0,50,,41930,25,,,0,10,,41931,25,,,0,10,,41932,25,,,0,10,,41933,25,,,0,10,,41934,25,,,0,10,,41935,25,,,0,49,,41936,25,,,0,10,,41937,25,,,0,11,,41938,25,,,0,10,,41939,25,,,0,12,,41898,19,,,0,11,,41899,25,,,0,50,,41900,19,,,0,10,,41901,25,,,0,10,,41902,19,,,0,11,,41940,25,,,0,11,,41903,19,,,0,51,,41904,25,,,0,11,,41905,19,,,0,11,,41906,25,,,0,10,,41907,19,,,0,11,,41941,25,,,0,10,,41908,19,,,0,51,,41909,25,,,0,10,,41910,19,,,0,10,,41911,25,,,0,8,,41942,19,,,0,10,,41943,25,,,0,10,,41944,19,,,0,50,,41945,25,,,0,10,,41946,19,,,0,10,,41947,25,,,0,10,,41948,19,,,0,9,,41949,25,,,0,11,,41950,19,,,0,49,,41951,25,,,0,10,,41952,19,,,0,10,,41953,25,,,0,10,,41954,19,,,0,10,,41912,25,,,0,10,,41913,19,,,0,50,,41955,25,,,0,10,,41914,19,,,0,10,,41915,25,,,0,11,,41916,19,,,0,10,,41956,25,,,0,11,,41917,19,,,0,51,,41918,25,,,0,11,,41919,19,,,0,10,,41920,25,,,0,10,,41921,25,,,0,10,,41957,25,,,0,10,,41958,25,,,0,51,,41959,25,,,0,10,,41960,25,,,0,10,,41961,25,,,0,10,,41962,25,,,0,10,,41963,25,,,0,10,,41964,25,,,0,49,,41965,25,,,0,10,,41966,25,,,0,10,,41967,25,,,0,9,,41968,25,,,0,9,,41969,25,,,0,9,,41970,25,,,0,49,,41971,25,,,0,9,,41972,19,,,0,10,,41973,25,,,0,10,,41974,19,,,0,13,,41976,25,,,0,59,,41975,25,,,0,20,,41922,19,,,0,20,,41923,19,,,0,59,,41924,19,,,0,20,,41925,19,,,0,20,,41926,19,,,0,60,,41927,19,,,0
1000001,'6_1',552,,41979,19,,,0,60,,41980,19,,,0,20,,41981,19,,,0,21,,41982,19,,,0,60,,41983,19,,,0,10,,42063,19,,,0,11,,42064,19,,,0,10,,42014,25,,,0,10,,42015,25,,,0,50,,42016,25,,,0,10,,42017,25,,,0,10,,42018,25,,,0,10,,42019,25,,,0,10,,42020,25,,,0,10,,42021,25,,,0,49,,42022,25,,,0,10,,42023,25,,,0,11,,42024,25,,,0,10,,42025,25,,,0,12,,41984,19,,,0,11,,41985,25,,,0,50,,41986,19,,,0,10,,41987,25,,,0,10,,41988,19,,,0,11,,42026,25,,,0,11,,41989,19,,,0,51,,41990,25,,,0,11,,41991,19,,,0,11,,41992,25,,,0,10,,41993,19,,,0,11,,42027,25,,,0,10,,41994,19,,,0,51,,41995,25,,,0,10,,41996,19,,,0,10,,41997,25,,,0,8,,42028,19,,,0,10,,42029,25,,,0,10,,42030,19,,,0,50,,42031,25,,,0,10,,42032,19,,,0,10,,42033,25,,,0,10,,42034,19,,,0,9,,42035,25,,,0,11,,42036,19,,,0,49,,42037,25,,,0,10,,42038,19,,,0,10,,42039,25,,,0,10,,42040,19,,,0,10,,41998,25,,,0,10,,41999,19,,,0,50,,42041,25,,,0,10,,42000,19,,,0,10,,42001,25,,,0,11,,42002,19,,,0,10,,42042,25,,,0,11,,42003,19,,,0,51,,42004,25,,,0,11,,42005,19,,,0,10,,42006,25,,,0,10,,42007,25,,,0,10,,42043,25,,,0,10,,42044,25,,,0,51,,42045,25,,,0,10,,42046,25,,,0,10,,42047,25,,,0,10,,42048,25,,,0,10,,42049,25,,,0,10,,42050,25,,,0,49,,42051,25,,,0,10,,42052,25,,,0,10,,42053,25,,,0,9,,42054,25,,,0,9,,42055,25,,,0,9,,42056,25,,,0,49,,42057,25,,,0,9,,42058,19,,,0,10,,42059,25,,,0,10,,42060,19,,,0,13,,42062,25,,,0,59,,42061,25,,,0,20,,42008,19,,,0,20,,42009,19,,,0,59,,42010,19,,,0,20,,42011,19,,,0,20,,42012,19,,,0,60,,42013,19,,,0
1000001,'6_2',552,,45491,19,,,0,60,,45492,19,,,0,20,,45493,19,,,0,21,,45494,19,,,0,60,,45495,19,,,0,10,,45575,19,,,0,11,,45576,19,,,0,10,,45526,25,,,0,10,,45527,25,,,0,50,,45528,25,,,0,10,,45529,25,,,0,10,,45530,25,,,0,10,,45531,25,,,0,10,,45532,25,,,0,10,,45533,25,,,0,49,,45534,25,,,0,10,,45535,25,,,0,11,,45536,25,,,0,10,,45537,25,,,0,12,,45496,19,,,0,11,,45497,25,,,0,50,,45498,19,,,0,10,,45499,25,,,0,10,,45500,19,,,0,11,,45538,25,,,0,11,,45501,19,,,0,51,,45502,25,,,0,11,,45503,19,,,0,11,,45504,25,,,0,10,,45505,19,,,0,11,,45539,25,,,0,10,,45506,19,,,0,51,,45507,25,,,0,10,,45508,19,,,0,10,,45509,25,,,0,8,,45540,19,,,0,10,,45541,25,,,0,10,,45542,19,,,0,50,,45543,25,,,0,10,,45544,19,,,0,10,,45545,25,,,0,10,,45546,19,,,0,9,,45547,25,,,0,11,,45548,19,,,0,49,,45549,25,,,0,10,,45550,19,,,0,10,,45551,25,,,0,10,,45552,19,,,0,10,,45510,25,,,0,10,,45511,19,,,0,50,,45553,25,,,0,10,,45512,19,,,0,10,,45513,25,,,0,11,,45514,19,,,0,10,,45554,25,,,0,11,,45515,19,,,0,51,,45516,25,,,0,11,,45517,19,,,0,10,,45518,25,,,0,10,,45519,25,,,0,10,,45555,25,,,0,10,,45556,25,,,0,51,,45557,25,,,0,10,,45558,25,,,0,10,,45559,25,,,0,10,,45560,25,,,0,10,,45561,25,,,0,10,,45562,25,,,0,49,,45563,25,,,0,10,,45564,25,,,0,10,,45565,25,,,0,9,,45566,25,,,0,9,,45567,25,,,0,9,,45568,25,,,0,49,,45569,25,,,0,9,,45570,19,,,0,10,,45571,25,,,0,10,,45572,19,,,0,13,,45574,25,,,0,59,,45573,25,,,0,20,,45520,19,,,0,20,,45521,19,,,0,59,,45522,19,,,0,20,,45523,19,,,0,20,,45524,19,,,0,60,,45525,19,,,0
1000001,'6_3',552,,45577,19,,,0,60,,45578,19,,,0,20,,45579,19,,,0,21,,45580,19,,,0,60,,45581,19,,,0,10,,45661,19,,,0,11,,45662,19,,,0,10,,45612,25,,,0,10,,45613,25,,,0,50,,45614,25,,,0,10,,45615,25,,,0,10,,45616,25,,,0,10,,45617,25,,,0,10,,45618,25,,,0,10,,45619,25,,,0,49,,45620,25,,,0,10,,45621,25,,,0,11,,45622,25,,,0,10,,45623,25,,,0,12,,45582,19,,,0,11,,45583,25,,,0,50,,45584,19,,,0,10,,45585,25,,,0,10,,45586,19,,,0,11,,45624,25,,,0,11,,45587,19,,,0,51,,45588,25,,,0,11,,45589,19,,,0,11,,45590,25,,,0,10,,45591,19,,,0,11,,45625,25,,,0,10,,45592,19,,,0,51,,45593,25,,,0,10,,45594,19,,,0,10,,45595,25,,,0,8,,45626,19,,,0,10,,45627,25,,,0,10,,45628,19,,,0,50,,45629,25,,,0,10,,45630,19,,,0,10,,45631,25,,,0,10,,45632,19,,,0,9,,45633,25,,,0,11,,45634,19,,,0,49,,45635,25,,,0,10,,45636,19,,,0,10,,45637,25,,,0,10,,45638,19,,,0,10,,45596,25,,,0,10,,45597,19,,,0,50,,45639,25,,,0,10,,45598,19,,,0,10,,45599,25,,,0,11,,45600,19,,,0,10,,45640,25,,,0,11,,45601,19,,,0,51,,45602,25,,,0,11,,45603,19,,,0,10,,45604,25,,,0,10,,45605,25,,,0,10,,45641,25,,,0,10,,45642,25,,,0,51,,45643,25,,,0,10,,45644,25,,,0,10,,45645,25,,,0,10,,45646,25,,,0,10,,45647,25,,,0,10,,45648,25,,,0,49,,45649,25,,,0,10,,45650,25,,,0,10,,45651,25,,,0,9,,45652,25,,,0,9,,45653,25,,,0,9,,45654,25,,,0,49,,45655,25,,,0,9,,45656,19,,,0,10,,45657,25,,,0,10,,45658,19,,,0,13,,45660,25,,,0,59,,45659,25,,,0,20,,45606,19,,,0,20,,45607,19,,,0,59,,45608,19,,,0,20,,45609,19,,,0,20,,45610,19,,,0,60,,45611,19,,,0
1000001,'6_4',552,,45663,19,,,0,60,,45664,19,,,0,20,,45665,19,,,0,21,,45666,19,,,0,60,,45667,19,,,0,10,,45747,19,,,0,11,,45748,19,,,0,10,,45698,25,,,0,10,,45699,25,,,0,50,,45700,25,,,0,10,,45701,25,,,0,10,,45702,25,,,0,10,,45703,25,,,0,10,,45704,25,,,0,10,,45705,25,,,0,49,,45706,25,,,0,10,,45707,25,,,0,11,,45708,25,,,0,10,,45709,25,,,0,12,,45668,19,,,0,11,,45669,25,,,0,50,,45670,19,,,0,10,,45671,25,,,0,10,,45672,19,,,0,11,,45710,25,,,0,11,,45673,19,,,0,51,,45674,25,,,0,11,,45675,19,,,0,11,,45676,25,,,0,10,,45677,19,,,0,11,,45711,25,,,0,10,,45678,19,,,0,51,,45679,25,,,0,10,,45680,19,,,0,10,,45681,25,,,0,8,,45712,19,,,0,10,,45713,25,,,0,10,,45714,19,,,0,50,,45715,25,,,0,10,,45716,19,,,0,10,,45717,25,,,0,10,,45718,19,,,0,9,,45719,25,,,0,11,,45720,19,,,0,49,,45721,25,,,0,10,,45722,19,,,0,10,,45723,25,,,0,10,,45724,19,,,0,10,,45682,25,,,0,10,,45683,19,,,0,50,,45725,25,,,0,10,,45684,19,,,0,10,,45685,25,,,0,11,,45686,19,,,0,10,,45726,25,,,0,11,,45687,19,,,0,51,,45688,25,,,0,11,,45689,19,,,0,10,,45690,25,,,0,10,,45691,25,,,0,10,,45727,25,,,0,10,,45728,25,,,0,51,,45729,25,,,0,10,,45730,25,,,0,10,,45731,25,,,0,10,,45732,25,,,0,10,,45733,25,,,0,10,,45734,25,,,0,49,,45735,25,,,0,10,,45736,25,,,0,10,,45737,25,,,0,9,,45738,25,,,0,9,,45739,25,,,0,9,,45740,25,,,0,49,,45741,25,,,0,9,,45742,19,,,0,10,,45743,25,,,0,10,,45744,19,,,0,13,,45746,25,,,0,59,,45745,25,,,0,20,,45692,19,,,0,20,,45693,19,,,0,59,,45694,19,,,0,20,,45695,19,,,0,20,,45696,19,,,0,60,,45697,19,,,0
