1000,'S2-0_6',635,,57134,20,,,0,103,,57135,20,,,0,94,,57136,20,,,0,101,,57144,20,,,0,83,,57147,21,,,0,117,,57137,20,,,0,108,,57148,21,,,0,97,,57138,20,,,0,95,,57149,21,,,0,95,,57145,20,,,0,98,,57139,20,,,0,33,,57140,21,,,0,156,,57142,20,,,0,92,,57146,20,,,0,103,,57143,21,,,0,102,,57141,20,,,0
1000,'S2-1_7',1108,,57150,20,,,0,320,,57151,20,,,0,409,,57152,20,,,0,307,,57153,19,,,0
1000,'S2-2_1',634,,57154,19,,,0,97,,57155,19,,,0,120,,57156,19,0,18 30,0,89,,57157,20,,,0,102,,57162,19,0,18 30,0,97,,57158,20,0,18 30,0,112,,57163,19,0,18 30,0,105,,57164,19,0,18 30,0,102,,57159,20,,,0,93,,57165,19,,,0,155,,57160,20,,,0,106,,57166,19,,,0,120,,57161,20,0,18 30,0
1000,'S2-2_2',634,,57167,19,,,0,97,,57168,19,,,0,120,,57169,19,0,18 30,0,89,,57170,20,,,0,102,,57175,19,0,18 30,0,97,,57171,20,0,18 30,0,112,,57176,19,0,18 30,0,105,,57177,19,0,18 30,0,102,,57172,20,,,0,93,,57178,19,,,0,155,,57173,20,,,0,106,,57179,19,,,0,120,,57174,20,0,18 30,0
1000,'S2-2_3',634,,57180,19,,,0,97,,57181,19,,,0,120,,57182,19,0,18 30,0,89,,57183,20,,,0,102,,57188,19,0,18 30,0,97,,57184,20,0,18 30,0,112,,57189,19,0,18 30,0,105,,57190,19,0,18 30,0,102,,57185,20,,,0,93,,57191,19,,,0,155,,57186,20,,,0,106,,57192,19,,,0,120,,57187,20,0,18 30,0
1000,'S2-2_4',634,,57193,19,,,0,97,,57194,19,,,0,120,,57195,19,0,18 30,0,89,,57196,20,,,0,102,,57201,19,0,18 30,0,97,,57197,20,0,18 30,0,112,,57202,19,0,18 30,0,105,,57203,19,0,18 30,0,102,,57198,20,,,0,93,,57204,19,,,0,155,,57199,20,,,0,106,,57205,19,,,0,120,,57200,20,0,18 30,0
1000,'S2-2_5',634,,57206,19,,,0,97,,57207,19,,,0,120,,57208,19,0,18 30,0,89,,57209,20,,,0,102,,57214,19,0,18 30,0,97,,57210,20,0,18 30,0,112,,57215,19,0,18 30,0,105,,57216,19,0,18 30,0,102,,57211,20,,,0,93,,57217,19,,,0,155,,57212,20,,,0,106,,57218,19,,,0,120,,57213,20,0,18 30,0
1000,'S2-3_1',634,,57219,19,,,0,97,,57220,19,,,0,120,,57221,19,0,18 30,0,89,,57222,20,,,0,102,,57227,19,0,18 30,0,97,,57223,20,0,18 30,0,112,,57228,19,0,18 30,0,105,,57229,19,0,18 30,0,102,,57224,20,,,0,93,,57230,19,,,0,155,,57225,20,,,0,106,,57231,19,,,0,120,,57226,20,0,18 30,0
1000,'S2-3_3',634,,57232,19,,,0,97,,57233,19,,,0,120,,57234,19,0,18 30,0,89,,57235,20,,,0,102,,57240,19,0,18 30,0,97,,57236,20,0,18 30,0,112,,57241,19,0,18 30,0,105,,57242,19,0,18 30,0,102,,57237,20,,,0,93,,57243,19,,,0,155,,57238,20,,,0,106,,57244,19,,,0,120,,57239,20,0,18 30,0
1000,'S2-3_4',634,,57245,19,,,0,97,,57246,19,,,0,120,,57247,19,0,18 30,0,89,,57248,20,,,0,102,,57253,19,0,18 30,0,97,,57249,20,0,18 30,0,112,,57254,19,0,18 30,0,105,,57255,19,0,18 30,0,102,,57250,20,,,0,93,,57256,19,,,0,155,,57251,20,,,0,106,,57257,19,,,0,120,,57252,20,0,18 30,0
1000,'S2-4_7',634,,57258,19,,,0,97,,57259,19,,,0,120,,57260,19,0,18 30,0,89,,57261,20,,,0,102,,57266,19,0,18 30,0,97,,57262,20,0,18 30,0,112,,57267,19,0,18 30,0,105,,57268,19,0,18 30,0,102,,57263,20,,,0,93,,57269,19,,,0,155,,57264,20,,,0,106,,57270,19,,,0,120,,57265,20,0,18 30,0
2901000,'S2-0_6',812,,60992,12,,,0,101,,60994,12,,,0,200,,60993,12,,,0,135,,60999,12,,,0,70,,60996,12,,,0,95,,60995,12,,,0,95,,60997,12,,,0,98,,60998,12,,,0,117,,61001,12,,,0,99,,61000,12,,,0
2901000,'S2-2_1',853,,61002,12,,,0,298,,61003,12,,,0,208,,61004,12,,,0,93,,61005,12,,,0,192,,61006,12,,,0,199,,61007,12,,,0,183,,61008,12,,,0
2901000,'S2-2_2',853,,61009,12,,,0,298,,61010,12,,,0,208,,61011,12,,,0,93,,61012,12,,,0,192,,61013,12,,,0,199,,61014,12,,,0,183,,61015,12,,,0
2901000,'S2-2_3',853,,61016,12,,,0,298,,61017,12,,,0,208,,61018,12,,,0,93,,61019,12,,,0,192,,61020,12,,,0,199,,61021,12,,,0,183,,61022,12,,,0
2901000,'S2-2_4',853,,61023,12,,,0,298,,61024,12,,,0,208,,61025,12,,,0,93,,61026,12,,,0,192,,61027,12,,,0,199,,61028,12,,,0,183,,61029,12,,,0
2901000,'S2-2_5',853,,61030,12,,,0,298,,61031,12,,,0,208,,61032,12,,,0,93,,61033,12,,,0,192,,61034,12,,,0,199,,61035,12,,,0,183,,61036,12,,,0
2901000,'S2-3_1',853,,61037,12,,,0,298,,61038,12,,,0,208,,61039,12,,,0,93,,61040,12,,,0,192,,61041,12,,,0,199,,61042,12,,,0,183,,61043,12,,,0
2901000,'S2-3_3',853,,61044,12,,,0,298,,61045,12,,,0,208,,61046,12,,,0,93,,61047,12,,,0,192,,61048,12,,,0,199,,61049,12,,,0,183,,61050,12,,,0
2901000,'S2-3_4',853,,61051,12,,,0,298,,61052,12,,,0,208,,61053,12,,,0,93,,61054,12,,,0,192,,61055,12,,,0,199,,61056,12,,,0,183,,61057,12,,,0
2901000,'S2-4_7',853,,61058,12,,,0,298,,61059,12,,,0,208,,61060,12,,,0,93,,61061,12,,,0,192,,61062,12,,,0,199,,61063,12,,,0,183,,61064,12,,,0
