2401,'5_1',717,,18147,2,0,18 19,0
2401,'5_2',717,,18151,2,0,18 19,0
2401,'5_4',717,,18155,2,0,18 19,0
2401,'5_5',717,,18159,2,0,18 19,0
2401,'6_3',717,,18163,2,0,18 19,0
900500,'5_4',2124,,18841,10,,,0,90,,18842,10,,,0,90,,18843,10,,,0,50,,18844,10,,,0,88,,18845,10,,,0,82,,18846,10,,,0,30,,18847,10,,,0,70,,18848,10,,,0
1000000,'1_6',551,,19145,23,0,31 32 33,0,80,,19146,23,0,31 32 33,0,82,,19147,23,,,0,43,,19148,23,,,0,71,,19149,23,0,31 32 33,0,15,,19150,23,,,0,16,,19151,23,0,31 32 33,0,55,,19152,23,0,31 32 33,0,14,,19153,23,,,0,15,,19154,23,0,31 32 33,0,16,,19212,23,0,31 32 33,0,55,,19155,23,,,0,17,,19156,23,0,31 32 33,0,16,,19157,23,0,31 32 33,0,54,,19158,23,,,0,16,,19159,23,0,31 32 33,0,15,,19160,23,0,31 32 33,0,16,,19161,23,,,0,55,,19162,23,0,31 32 33,0,15,,19163,23,0,31 32 33,0,16,,19164,23,,,0,14,,19165,23,0,31 32 33,0,54,,19166,23,0,31 32 33,0,15,,19167,23,,,0,14,,19168,23,0,31 32 33,0,10,,19169,23,0,31 32 33,0,12,,19170,23,,,0,52,,19171,23,0,31 32 33,0,10,,19172,23,0,31 32 33,0,9,,19173,23,0,31 32 33,0,9,,19174,23,,,0,10,,19175,23,0,31 32 33,0,11,,19176,23,0,31 32 33,0,51,,19177,23,0,31 32 33,0,10,,19178,23,,,0,12,,19179,23,0,31 32 33,0,9,,19180,23,0,31 32 33,0,9,,19181,23,0,31 32 33,0,10,,19182,23,,,0,51,,19183,23,0,31 32 33,0,10,,19184,23,0,31 32 33,0,10,,19185,23,0,31 32 33,0,11,,19186,23,,,0,11,,19187,23,0,31 32 33,0,9,,19188,23,0,31 32 33,0,51,,19189,23,0,31 32 33,0,12,,19190,23,,,0,13,,19191,23,0,31 32 33,0,9,,19192,23,0,31 32 33,0,8,,19193,23,0,31 32 33,0,10,,19194,23,,,0,48,,19195,23,0,31 32 33,0,9,,19196,23,0,31 32 33,0,9,,19197,23,0,31 32 33,0,8,,19199,23,0,31 32 33,0,10,,19198,23,,,0,9,,19200,23,0,31 32 33,0,48,,19201,23,0,31 32 33,0,9,,19203,23,0,31 32 33,0,10,,19202,23,0,31 32 33,0,11,,19204,23,0,31 32 33,0,21,,19205,23,0,31 32 33,0,56,,19206,23,0,31 32 33,0,20,,19207,23,0,31 32 33,0,19,,19208,23,0,31 32 33,0,59,,19209,23,0,31 32 33,0,19,,19210,23,0,31 32 33,0,19,,19211,23,0,31 32 33,0
1000000,'4_7',824,,19213,23,0,31 32 33,0,80,,19214,23,0,31 32 33,0,40,,19215,23,0,31 32 33,0,80,,19216,23,0,31 32 33,0,80,,19217,23,0,31 32 33,0,40,,19218,23,0,31 32 33,0,80,,19219,23,0,31 32 33,0,80,,19220,23,0,31 32 33,0,40,,19221,23,0,31 32 33,0,80,,19222,23,0,31 32 33,0,80,,19223,23,0,31 32 33,0,40,,19224,23,0,31 32 33,0,80,,19225,23,0,31 32 33,0,80,,19226,23,0,31 32 33,0,40,,19227,23,0,31 32 33,0,80,,19228,23,0,31 32 33,0,80,,19229,23,0,31 32 33,0,40,,19230,23,0,31 32 33,0
1000000,'5_1',556,,19231,23,0,31 32 33,0,60,,19232,23,0,31 32 33,0,20,,19313,23,0,31 32 33,0,20,,19314,23,,,0,55,,19316,23,,,0,12,,19312,23,,,0,10,,19265,23,,,0,6,,19310,9,,,0,3,,19266,23,,,0,10,,19267,23,,,0,50,,19268,23,,,0,10,,19269,23,,,0,11,,19270,23,,,0,10,,19271,23,,,0,10,,19272,23,,,0,9,,19315,23,,,0,48,,19233,23,0,31 32 33,0,9,,19234,23,,,0,10,,19235,23,0,31 32 33,0,10,,19236,23,,,0,11,,19237,23,0,31 32 33,0,10,,19273,23,,,0,51,,19238,23,0,31 32 33,0,11,,19239,23,,,0,11,,19240,23,0,31 32 33,0,11,,19241,23,,,0,11,,19242,23,0,31 32 33,0,10,,19243,23,,,0,51,,19245,23,0,31 32 33,0,10,,19244,23,,,0,11,,19275,23,0,31 32 33,0,12,,19274,23,,,0,11,,19276,23,0,31 32 33,0,52,,19277,23,,,0,10,,19278,23,0,31 32 33,0,10,,19279,23,,,0,10,,19280,23,0,31 32 33,0,11,,19281,23,,,0,10,,19282,23,0,31 32 33,0,50,,19283,23,,,0,10,,19284,23,0,31 32 33,0,10,,19285,23,,,0,9,,19286,23,0,31 32 33,0,10,,19287,23,,,0,10,,19246,23,0,31 32 33,0,51,,19247,23,,,0,10,,19288,23,0,31 32 33,0,10,,19248,23,,,0,9,,19249,23,0,31 32 33,0,11,,19250,23,,,0,10,,19289,23,0,31 32 33,0,51,,19251,23,,,0,10,,19252,23,0,31 32 33,0,10,,19253,23,,,0,10,,19254,23,0,31 32 33,0,11,,19290,23,,,0,12,,19291,23,,,0,50,,19292,23,,,0,10,,19293,23,,,0,10,,19294,23,,,0,10,,19295,23,,,0,10,,19296,23,,,0,11,,19297,23,,,0,51,,19298,23,,,0,10,,19299,23,,,0,11,,19300,23,,,0,10,,19301,23,,,0,9,,19302,23,,,0,8,,19303,23,,,0,49,,19304,23,,,0,9,,19305,23,,,0,9,,19306,23,0,31 32 33,0,9,,19307,23,,,0,8,,19311,23,0,31 32 33,0,9,,19255,23,0,31 32 33,0,50,,19308,23,,,0,10,,19256,23,0,31 32 33,0,10,,19309,23,,,0,9,,19257,23,0,31 32 33,0,19,,19258,23,0,31 32 33,0,59,,19259,23,0,31 32 33,0,18,,19260,23,0,31 32 33,0,19,,19261,23,0,31 32 33,0,60,,19262,23,0,31 32 33,0,20,,19263,23,0,31 32 33,0,20,,19264,23,0,31 32 33,0
1000000,'5_2',556,,19317,23,0,31 32 33,0,60,,19318,23,0,31 32 33,0,20,,19399,23,0,31 32 33,0,20,,19400,23,,,0,55,,19402,23,,,0,12,,19398,23,,,0,10,,19351,23,,,0,6,,19396,9,,,0,3,,19352,23,,,0,10,,19353,23,,,0,50,,19354,23,,,0,10,,19355,23,,,0,11,,19356,23,,,0,10,,19357,23,,,0,10,,19358,23,,,0,9,,19401,23,,,0,48,,19319,23,0,31 32 33,0,9,,19320,23,,,0,10,,19321,23,0,31 32 33,0,10,,19322,23,,,0,11,,19323,23,0,31 32 33,0,10,,19359,23,,,0,51,,19324,23,0,31 32 33,0,11,,19325,23,,,0,11,,19326,23,0,31 32 33,0,11,,19327,23,,,0,11,,19328,23,0,31 32 33,0,10,,19329,23,,,0,51,,19331,23,0,31 32 33,0,10,,19330,23,,,0,11,,19361,23,0,31 32 33,0,12,,19360,23,,,0,11,,19362,23,0,31 32 33,0,52,,19363,23,,,0,10,,19364,23,0,31 32 33,0,10,,19365,23,,,0,10,,19366,23,0,31 32 33,0,11,,19367,23,,,0,10,,19368,23,0,31 32 33,0,50,,19369,23,,,0,10,,19370,23,0,31 32 33,0,10,,19371,23,,,0,9,,19372,23,0,31 32 33,0,10,,19373,23,,,0,10,,19332,23,0,31 32 33,0,51,,19333,23,,,0,10,,19374,23,0,31 32 33,0,10,,19334,23,,,0,9,,19335,23,0,31 32 33,0,11,,19336,23,,,0,10,,19375,23,0,31 32 33,0,51,,19337,23,,,0,10,,19338,23,0,31 32 33,0,10,,19339,23,,,0,10,,19340,23,0,31 32 33,0,11,,19376,23,,,0,12,,19377,23,,,0,50,,19378,23,,,0,10,,19379,23,,,0,10,,19380,23,,,0,10,,19381,23,,,0,10,,19382,23,,,0,11,,19383,23,,,0,51,,19384,23,,,0,10,,19385,23,,,0,11,,19386,23,,,0,10,,19387,23,,,0,9,,19388,23,,,0,8,,19389,23,,,0,49,,19390,23,,,0,9,,19391,23,,,0,9,,19392,23,0,31 32 33,0,9,,19393,23,,,0,8,,19397,23,0,31 32 33,0,9,,19341,23,0,31 32 33,0,50,,19394,23,,,0,10,,19342,23,0,31 32 33,0,10,,19395,23,,,0,9,,19343,23,0,31 32 33,0,19,,19344,23,0,31 32 33,0,59,,19345,23,0,31 32 33,0,18,,19346,23,0,31 32 33,0,19,,19347,23,0,31 32 33,0,60,,19348,23,0,31 32 33,0,20,,19349,23,0,31 32 33,0,20,,19350,23,0,31 32 33,0
1000000,'5_4',556,,19403,23,0,31 32 33,0,60,,19404,23,0,31 32 33,0,20,,19485,23,0,31 32 33,0,20,,19486,23,,,0,55,,19488,23,,,0,12,,19484,23,,,0,10,,19437,23,,,0,6,,19482,9,,,0,3,,19438,23,,,0,10,,19439,23,,,0,50,,19440,23,,,0,10,,19441,23,,,0,11,,19442,23,,,0,10,,19443,23,,,0,10,,19444,23,,,0,9,,19487,23,,,0,48,,19405,23,0,31 32 33,0,9,,19406,23,,,0,10,,19407,23,0,31 32 33,0,10,,19408,23,,,0,11,,19409,23,0,31 32 33,0,10,,19445,23,,,0,51,,19410,23,0,31 32 33,0,11,,19411,23,,,0,11,,19412,23,0,31 32 33,0,11,,19413,23,,,0,11,,19414,23,0,31 32 33,0,10,,19415,23,,,0,51,,19417,23,0,31 32 33,0,10,,19416,23,,,0,11,,19447,23,0,31 32 33,0,12,,19446,23,,,0,11,,19448,23,0,31 32 33,0,52,,19449,23,,,0,10,,19450,23,0,31 32 33,0,10,,19451,23,,,0,10,,19452,23,0,31 32 33,0,11,,19453,23,,,0,10,,19454,23,0,31 32 33,0,50,,19455,23,,,0,10,,19456,23,0,31 32 33,0,10,,19457,23,,,0,9,,19458,23,0,31 32 33,0,10,,19459,23,,,0,10,,19418,23,0,31 32 33,0,51,,19419,23,,,0,10,,19460,23,0,31 32 33,0,10,,19420,23,,,0,9,,19421,23,0,31 32 33,0,11,,19422,23,,,0,10,,19461,23,0,31 32 33,0,51,,19423,23,,,0,10,,19424,23,0,31 32 33,0,10,,19425,23,,,0,10,,19426,23,0,31 32 33,0,11,,19462,23,,,0,12,,19463,23,,,0,50,,19464,23,,,0,10,,19465,23,,,0,10,,19466,23,,,0,10,,19467,23,,,0,10,,19468,23,,,0,11,,19469,23,,,0,51,,19470,23,,,0,10,,19471,23,,,0,11,,19472,23,,,0,10,,19473,23,,,0,9,,19474,23,,,0,8,,19475,23,,,0,49,,19476,23,,,0,9,,19477,23,,,0,9,,19478,23,0,31 32 33,0,9,,19479,23,,,0,8,,19483,23,0,31 32 33,0,9,,19427,23,0,31 32 33,0,50,,19480,23,,,0,10,,19428,23,0,31 32 33,0,10,,19481,23,,,0,9,,19429,23,0,31 32 33,0,19,,19430,23,0,31 32 33,0,59,,19431,23,0,31 32 33,0,18,,19432,23,0,31 32 33,0,19,,19433,23,0,31 32 33,0,60,,19434,23,0,31 32 33,0,20,,19435,23,0,31 32 33,0,20,,19436,23,0,31 32 33,0
1000000,'5_5',556,,19489,23,0,31 32 33,0,60,,19490,23,0,31 32 33,0,20,,19571,23,0,31 32 33,0,20,,19572,23,,,0,55,,19574,23,,,0,12,,19570,23,,,0,10,,19523,23,,,0,6,,19568,9,,,0,3,,19524,23,,,0,10,,19525,23,,,0,50,,19526,23,,,0,10,,19527,23,,,0,11,,19528,23,,,0,10,,19529,23,,,0,10,,19530,23,,,0,9,,19573,23,,,0,48,,19491,23,0,31 32 33,0,9,,19492,23,,,0,10,,19493,23,0,31 32 33,0,10,,19494,23,,,0,11,,19495,23,0,31 32 33,0,10,,19531,23,,,0,51,,19496,23,0,31 32 33,0,11,,19497,23,,,0,11,,19498,23,0,31 32 33,0,11,,19499,23,,,0,11,,19500,23,0,31 32 33,0,10,,19501,23,,,0,51,,19503,23,0,31 32 33,0,10,,19502,23,,,0,11,,19533,23,0,31 32 33,0,12,,19532,23,,,0,11,,19534,23,0,31 32 33,0,52,,19535,23,,,0,10,,19536,23,0,31 32 33,0,10,,19537,23,,,0,10,,19538,23,0,31 32 33,0,11,,19539,23,,,0,10,,19540,23,0,31 32 33,0,50,,19541,23,,,0,10,,19542,23,0,31 32 33,0,10,,19543,23,,,0,9,,19544,23,0,31 32 33,0,10,,19545,23,,,0,10,,19504,23,0,31 32 33,0,51,,19505,23,,,0,10,,19546,23,0,31 32 33,0,10,,19506,23,,,0,9,,19507,23,0,31 32 33,0,11,,19508,23,,,0,10,,19547,23,0,31 32 33,0,51,,19509,23,,,0,10,,19510,23,0,31 32 33,0,10,,19511,23,,,0,10,,19512,23,0,31 32 33,0,11,,19548,23,,,0,12,,19549,23,,,0,50,,19550,23,,,0,10,,19551,23,,,0,10,,19552,23,,,0,10,,19553,23,,,0,10,,19554,23,,,0,11,,19555,23,,,0,51,,19556,23,,,0,10,,19557,23,,,0,11,,19558,23,,,0,10,,19559,23,,,0,9,,19560,23,,,0,8,,19561,23,,,0,49,,19562,23,,,0,9,,19563,23,,,0,9,,19564,23,0,31 32 33,0,9,,19565,23,,,0,8,,19569,23,0,31 32 33,0,9,,19513,23,0,31 32 33,0,50,,19566,23,,,0,10,,19514,23,0,31 32 33,0,10,,19567,23,,,0,9,,19515,23,0,31 32 33,0,19,,19516,23,0,31 32 33,0,59,,19517,23,0,31 32 33,0,18,,19518,23,0,31 32 33,0,19,,19519,23,0,31 32 33,0,60,,19520,23,0,31 32 33,0,20,,19521,23,0,31 32 33,0,20,,19522,23,0,31 32 33,0
1000000,'6_3',556,,19575,23,0,31 32 33,0,60,,19576,23,0,31 32 33,0,20,,19657,23,0,31 32 33,0,20,,19658,23,,,0,55,,19660,23,,,0,12,,19656,23,,,0,10,,19609,23,,,0,6,,19654,9,,,0,3,,19610,23,,,0,10,,19611,23,,,0,50,,19612,23,,,0,10,,19613,23,,,0,11,,19614,23,,,0,10,,19615,23,,,0,10,,19616,23,,,0,9,,19659,23,,,0,48,,19577,23,0,31 32 33,0,9,,19578,23,,,0,10,,19579,23,0,31 32 33,0,10,,19580,23,,,0,11,,19581,23,0,31 32 33,0,10,,19617,23,,,0,51,,19582,23,0,31 32 33,0,11,,19583,23,,,0,11,,19584,23,0,31 32 33,0,11,,19585,23,,,0,11,,19586,23,0,31 32 33,0,10,,19587,23,,,0,51,,19589,23,0,31 32 33,0,10,,19588,23,,,0,11,,19619,23,0,31 32 33,0,12,,19618,23,,,0,11,,19620,23,0,31 32 33,0,52,,19621,23,,,0,10,,19622,23,0,31 32 33,0,10,,19623,23,,,0,10,,19624,23,0,31 32 33,0,11,,19625,23,,,0,10,,19626,23,0,31 32 33,0,50,,19627,23,,,0,10,,19628,23,0,31 32 33,0,10,,19629,23,,,0,9,,19630,23,0,31 32 33,0,10,,19631,23,,,0,10,,19590,23,0,31 32 33,0,51,,19591,23,,,0,10,,19632,23,0,31 32 33,0,10,,19592,23,,,0,9,,19593,23,0,31 32 33,0,11,,19594,23,,,0,10,,19633,23,0,31 32 33,0,51,,19595,23,,,0,10,,19596,23,0,31 32 33,0,10,,19597,23,,,0,10,,19598,23,0,31 32 33,0,11,,19634,23,,,0,12,,19635,23,,,0,50,,19636,23,,,0,10,,19637,23,,,0,10,,19638,23,,,0,10,,19639,23,,,0,10,,19640,23,,,0,11,,19641,23,,,0,51,,19642,23,,,0,10,,19643,23,,,0,11,,19644,23,,,0,10,,19645,23,,,0,9,,19646,23,,,0,8,,19647,23,,,0,49,,19648,23,,,0,9,,19649,23,,,0,9,,19650,23,0,31 32 33,0,9,,19651,23,,,0,8,,19655,23,0,31 32 33,0,9,,19599,23,0,31 32 33,0,50,,19652,23,,,0,10,,19600,23,0,31 32 33,0,10,,19653,23,,,0,9,,19601,23,0,31 32 33,0,19,,19602,23,0,31 32 33,0,59,,19603,23,0,31 32 33,0,18,,19604,23,0,31 32 33,0,19,,19605,23,0,31 32 33,0,60,,19606,23,0,31 32 33,0,20,,19607,23,0,31 32 33,0,20,,19608,23,0,31 32 33,0
3000001,'1_6',631,,21321,3,,,0,80,,21322,3,,,0,43,,21323,3,,,0,77,,21324,3,,,0,20,,21325,3,,,0,60,,21326,3,,,0,20,,21327,3,,,0,20,,21328,3,,,0,60,,21329,3,,,0,20,,21330,3,,,0,20,,21331,3,,,0,60,,21332,3,,,0,20,,21333,3,,,0,20,,21334,3,,,0,60,,21335,3,,,0,20,,21336,3,,,0,20,,21337,3,,,0,60,,21338,3,,,0,20,,21339,3,,,0,20,,21340,3,,,0,60,,21341,3,,,0,20,,21342,3,,,0,20,,21343,3,,,0,60,,21344,3,,,0,20,,21345,3,,,0,20,,21346,3,,,0,60,,21347,3,,,0,20,,21348,3,,,0,20,,21349,3,,,0,60,,21350,3,,,0,20,,21351,3,,,0,20,,21352,3,,,0,60,,21353,3,,,0,20,,21354,3,,,0,20,,21355,3,,,0,71,,21357,3,,,0,29,,21358,3,,,0,70,,21356,3,,,0,30,,21359,3,,,0
3000001,'4_7',838,,21360,3,,,0,170,,21368,3,,,0,130,,21367,3,,,0,170,,21366,3,,,0,130,,21363,3,,,0,170,,21364,3,,,0,130,,21365,3,,,0,170,,21362,3,,,0,130,,21361,3,,,0
3000001,'5_1',638,,21410,3,,,0,18,,21369,3,,,0,58,,21370,3,,,0,19,,21371,3,,,0,23,,21372,3,,,0,61,,21373,3,,,0,20,,21374,3,,,0,21,,21375,3,,,0,60,,21376,3,,,0,19,,21377,3,,,0,20,,21378,3,,,0,60,,21379,3,,,0,19,,21380,3,,,0,20,,21381,3,,,0,59,,21382,3,,,0,21,,21383,3,,,0,18,,21384,3,,,0,62,,21385,3,,,0,21,,21386,3,,,0,20,,21387,3,,,0,59,,21388,3,,,0,19,,21389,3,,,0,21,,21390,3,,,0,60,,21391,3,,,0,20,,21392,3,,,0,20,,21393,3,,,0,62,,21394,3,,,0,19,,21395,3,,,0,19,,21396,3,,,0,60,,21397,3,,,0,22,,21398,3,,,0,19,,21399,3,,,0,61,,21400,3,,,0,22,,21401,3,,,0,17,,21402,3,,,0,60,,21403,3,,,0,22,,21404,3,,,0,20,,21405,3,,,0,63,,21406,3,,,0,26,,21407,3,,,0,69,,21408,3,,,0,33,,21409,3,,,0
3000001,'5_2',638,,21460,3,,,0,18,,21419,3,,,0,58,,21420,3,,,0,19,,21421,3,,,0,23,,21422,3,,,0,61,,21423,3,,,0,20,,21424,3,,,0,21,,21425,3,,,0,60,,21426,3,,,0,19,,21427,3,,,0,20,,21428,3,,,0,60,,21429,3,,,0,19,,21430,3,,,0,20,,21431,3,,,0,59,,21432,3,,,0,21,,21433,3,,,0,18,,21434,3,,,0,62,,21435,3,,,0,21,,21436,3,,,0,20,,21437,3,,,0,59,,21438,3,,,0,19,,21439,3,,,0,21,,21440,3,,,0,60,,21441,3,,,0,20,,21442,3,,,0,20,,21443,3,,,0,62,,21444,3,,,0,19,,21445,3,,,0,19,,21446,3,,,0,60,,21447,3,,,0,22,,21448,3,,,0,19,,21449,3,,,0,61,,21450,3,,,0,22,,21451,3,,,0,17,,21452,3,,,0,60,,21453,3,,,0,22,,21454,3,,,0,20,,21455,3,,,0,63,,21456,3,,,0,26,,21457,3,,,0,69,,21458,3,,,0,33,,21459,3,,,0
3000001,'5_4',638,,21510,3,,,0,18,,21469,3,,,0,58,,21470,3,,,0,19,,21471,3,,,0,23,,21472,3,,,0,61,,21473,3,,,0,20,,21474,3,,,0,21,,21475,3,,,0,60,,21476,3,,,0,19,,21477,3,,,0,20,,21478,3,,,0,60,,21479,3,,,0,19,,21480,3,,,0,20,,21481,3,,,0,59,,21482,3,,,0,21,,21483,3,,,0,18,,21484,3,,,0,62,,21485,3,,,0,21,,21486,3,,,0,20,,21487,3,,,0,59,,21488,3,,,0,19,,21489,3,,,0,21,,21490,3,,,0,60,,21491,3,,,0,20,,21492,3,,,0,20,,21493,3,,,0,62,,21494,3,,,0,19,,21495,3,,,0,19,,21496,3,,,0,60,,21497,3,,,0,22,,21498,3,,,0,19,,21499,3,,,0,61,,21500,3,,,0,22,,21501,3,,,0,17,,21502,3,,,0,60,,21503,3,,,0,22,,21504,3,,,0,20,,21505,3,,,0,63,,21506,3,,,0,26,,21507,3,,,0,69,,21508,3,,,0,33,,21509,3,,,0
3000001,'5_5',638,,21560,3,,,0,18,,21519,3,,,0,58,,21520,3,,,0,19,,21521,3,,,0,23,,21522,3,,,0,61,,21523,3,,,0,20,,21524,3,,,0,21,,21525,3,,,0,60,,21526,3,,,0,19,,21527,3,,,0,20,,21528,3,,,0,60,,21529,3,,,0,19,,21530,3,,,0,20,,21531,3,,,0,59,,21532,3,,,0,21,,21533,3,,,0,18,,21534,3,,,0,62,,21535,3,,,0,21,,21536,3,,,0,20,,21537,3,,,0,59,,21538,3,,,0,19,,21539,3,,,0,21,,21540,3,,,0,60,,21541,3,,,0,20,,21542,3,,,0,20,,21543,3,,,0,62,,21544,3,,,0,19,,21545,3,,,0,19,,21546,3,,,0,60,,21547,3,,,0,22,,21548,3,,,0,19,,21549,3,,,0,61,,21550,3,,,0,22,,21551,3,,,0,17,,21552,3,,,0,60,,21553,3,,,0,22,,21554,3,,,0,20,,21555,3,,,0,63,,21556,3,,,0,26,,21557,3,,,0,69,,21558,3,,,0,33,,21559,3,,,0
3000001,'6_3',638,,21610,3,,,0,18,,21569,3,,,0,58,,21570,3,,,0,19,,21571,3,,,0,23,,21572,3,,,0,61,,21573,3,,,0,20,,21574,3,,,0,21,,21575,3,,,0,60,,21576,3,,,0,19,,21577,3,,,0,20,,21578,3,,,0,60,,21579,3,,,0,19,,21580,3,,,0,20,,21581,3,,,0,59,,21582,3,,,0,21,,21583,3,,,0,18,,21584,3,,,0,62,,21585,3,,,0,21,,21586,3,,,0,20,,21587,3,,,0,59,,21588,3,,,0,19,,21589,3,,,0,21,,21590,3,,,0,60,,21591,3,,,0,20,,21592,3,,,0,20,,21593,3,,,0,62,,21594,3,,,0,19,,21595,3,,,0,19,,21596,3,,,0,60,,21597,3,,,0,22,,21598,3,,,0,19,,21599,3,,,0,61,,21600,3,,,0,22,,21601,3,,,0,17,,21602,3,,,0,60,,21603,3,,,0,22,,21604,3,,,0,20,,21605,3,,,0,63,,21606,3,,,0,26,,21607,3,,,0,69,,21608,3,,,0,33,,21609,3,,,0
