'2509-HIV-25j05H-d-Dimanche-00',200,101100,4,'',0,29100,4,'',0,23400,4,'',0,29000,4,'',0
'2509-HIV-25j26H-d-Dimanche-00',200,101100,4,'',0,29100,4,'',0,23400,4,'',0,29000,4,'',0
'2509-HIV-25k03H-s-Samedi-00',200,74200,4,'',0,11200,4,'',0,14600,4,'',0,10500,4,'',0,11000,4,'',0,10400,4,'',0,10000,4,'',0,10400,4,'',0,10500,4,'',0,10500,4,'',0,9900,4,'',0,17100,4,'',0
'2509-HIV-25k03H-w-Mercredi-00',200,83900,4,'',0,11100,4,'',0,10600,4,'',0,14900,4,'',0,10100,4,'',0,4700,4,'',0,9500,4,'',0,10000,4,'',0,15200,4,'',0,10700,4,'',0,10100,4,'',0,9700,4,'',0
'2509-HIV-25k03Hlv-L-Ma-J-V-00',200,83900,4,'',0,11100,4,'',0,10600,4,'',0,14900,4,'',0,10100,4,'',0,4700,4,'',0,9500,4,'',0,10000,4,'',0,15200,4,'',0,10700,4,'',0,10100,4,'',0,9700,4,'',0
'2509-HIV-25l08H-w-Mercredi-00',200,83900,4,'',0,11100,4,'',0,10600,4,'',0,14900,4,'',0,10100,4,'',0,4700,4,'',0,9500,4,'',0,10000,4,'',0,15200,4,'',0,10700,4,'',0,10100,4,'',0,9700,4,'',0
'2509-HIV-25l08Hlv-L-Ma-J-V-00',200,83900,4,'',0,11100,4,'',0,10600,4,'',0,14900,4,'',0,10100,4,'',0,4700,4,'',0,9500,4,'',0,10000,4,'',0,15200,4,'',0,10700,4,'',0,10100,4,'',0,9700,4,'',0
'2509-HIV-25l18Hlv-L-Ma-J-V-00',200,83900,4,'',0,11100,4,'',0,10600,4,'',0,14900,4,'',0,10100,4,'',0,4700,4,'',0,9500,4,'',0,10000,4,'',0,15200,4,'',0,10700,4,'',0,10100,4,'',0,9700,4,'',0
'2509-HIV-25l22Vlv-Semaine-00',200,83300,4,'',0,11500,4,'',0,10700,4,'',0,14800,4,'',0,10100,4,'',0,4500,4,'',0,9600,4,'',0,10000,4,'',0,11100,4,'',0,14600,4,'',0,10400,4,'',0,9700,4,'',0
'2509-HIV-26a05H-s-Samedi-00',200,74200,4,'',0,11200,4,'',0,14600,4,'',0,10500,4,'',0,11000,4,'',0,10400,4,'',0,10000,4,'',0,10400,4,'',0,10500,4,'',0,10500,4,'',0,9900,4,'',0,17100,4,'',0
'2509-HIV-26a05H-w-Mercredi-00',200,83900,4,'',0,11100,4,'',0,10600,4,'',0,14900,4,'',0,10100,4,'',0,4700,4,'',0,9500,4,'',0,10000,4,'',0,15200,4,'',0,10700,4,'',0,10100,4,'',0,9700,4,'',0
'2509-HIV-26a05Hlv-L-Ma-J-V-00',200,83900,4,'',0,11100,4,'',0,10600,4,'',0,14900,4,'',0,10100,4,'',0,4700,4,'',0,9500,4,'',0,10000,4,'',0,15200,4,'',0,10700,4,'',0,10100,4,'',0,9700,4,'',0
