201,'0_6',657,,63705,3,0,62,0,181,,63706,3,0,20,0,100,,63707,3,0,62,0,110,,63708,3,0,64,0,111,,63709,3,0,20,0,144,,63710,3,0,20,0,105,,63711,3,0,20,0,105,,63712,3,0,20,0,101,,63713,3,0,20,0,103,,63714,3,0,20,0,105,,63715,3,0,62,0,94,,63716,3,0,21,0
201,'2_1',657,,63749,3,0,62,0,181,,63750,3,0,20,0,100,,63751,3,0,62,0,110,,63752,3,0,64,0,111,,63753,3,0,20,0,144,,63754,3,0,20,0,105,,63755,3,0,20,0,105,,63756,3,0,20,0,101,,63757,3,0,20,0,103,,63758,3,0,20,0,105,,63759,3,0,62,0,94,,63760,3,0,21,0
201,'2_2',657,,63785,3,0,62,0,181,,63786,3,0,20,0,100,,63787,3,0,62,0,110,,63788,3,0,64,0,111,,63789,3,0,20,0,144,,63790,3,0,20,0,105,,63791,3,0,20,0,105,,63792,3,0,20,0,101,,63793,3,0,20,0,103,,63794,3,0,20,0,105,,63795,3,0,62,0,94,,63796,3,0,21,0
201,'2_3',657,,63821,3,0,62,0,181,,63822,3,0,20,0,100,,63823,3,0,62,0,110,,63824,3,0,64,0,111,,63825,3,0,20,0,144,,63826,3,0,20,0,105,,63827,3,0,20,0,105,,63828,3,0,20,0,101,,63829,3,0,20,0,103,,63830,3,0,20,0,105,,63831,3,0,62,0,94,,63832,3,0,21,0
201,'2_4',657,,63857,3,0,62,0,181,,63858,3,0,20,0,100,,63859,3,0,62,0,110,,63860,3,0,64,0,111,,63861,3,0,20,0,144,,63862,3,0,20,0,105,,63863,3,0,20,0,105,,63864,3,0,20,0,101,,63865,3,0,20,0,103,,63866,3,0,20,0,105,,63867,3,0,62,0,94,,63868,3,0,21,0
201,'2_5',657,,63893,3,0,62,0,181,,63894,3,0,20,0,100,,63895,3,0,62,0,110,,63896,3,0,64,0,111,,63897,3,0,20,0,144,,63898,3,0,20,0,105,,63899,3,0,20,0,105,,63900,3,0,20,0,101,,63901,3,0,20,0,103,,63902,3,0,20,0,105,,63903,3,0,62,0,94,,63904,3,0,21,0
201,'3_1',657,,63929,3,0,62,0,181,,63930,3,0,20,0,100,,63931,3,0,62,0,110,,63932,3,0,64,0,111,,63933,3,0,20,0,144,,63934,3,0,20,0,105,,63935,3,0,20,0,105,,63936,3,0,20,0,101,,63937,3,0,20,0,103,,63938,3,0,20,0,105,,63939,3,0,62,0,94,,63940,3,0,21,0
201,'3_3',657,,63965,3,0,62,0,181,,63966,3,0,20,0,100,,63967,3,0,62,0,110,,63968,3,0,64,0,111,,63969,3,0,20,0,144,,63970,3,0,20,0,105,,63971,3,0,20,0,105,,63972,3,0,20,0,101,,63973,3,0,20,0,103,,63974,3,0,20,0,105,,63975,3,0,62,0,94,,63976,3,0,21,0
201,'3_4',657,,64001,3,0,62,0,181,,64002,3,0,20,0,100,,64003,3,0,62,0,110,,64004,3,0,64,0,111,,64005,3,0,20,0,144,,64006,3,0,20,0,105,,64007,3,0,20,0,105,,64008,3,0,20,0,101,,64009,3,0,20,0,103,,64010,3,0,20,0,105,,64011,3,0,62,0,94,,64012,3,0,21,0
201,'3_5',657,,64037,3,0,62,0,181,,64038,3,0,20,0,100,,64039,3,0,62,0,110,,64040,3,0,64,0,111,,64041,3,0,20,0,144,,64042,3,0,20,0,105,,64043,3,0,20,0,105,,64044,3,0,20,0,101,,64045,3,0,20,0,103,,64046,3,0,20,0,105,,64047,3,0,62,0,94,,64048,3,0,21,0
