400,'S2-5_1',1313,,8695,54,,,0,512,,8699,55,,,0,87,,8696,54,,,0
400,'S2-5_2',1313,,8729,54,,,0,512,,8733,55,,,0,87,,8730,54,,,0
400,'S2-5_4',1313,,8763,54,,,0,512,,8767,55,,,0,87,,8764,54,,,0
400,'S2-5_5',1313,,8797,54,,,0,512,,8801,55,,,0,87,,8798,54,,,0
400,'S2-6_3',1313,,8830,54,,,0,512,,8834,55,,,0,87,,8831,54,,,0
2300,'S2-5_1',1637,,10711,32,,,0,105,,10712,32,,,0,95,,10713,32,,,0
2300,'S2-5_2',1637,,10714,32,,,0,105,,10715,32,,,0,95,,10716,32,,,0
2300,'S2-5_4',1637,,10717,32,,,0,105,,10718,32,,,0,95,,10719,32,,,0
2300,'S2-5_5',1637,,10720,32,,,0,105,,10721,32,,,0,95,,10722,32,,,0
2300,'S2-6_3',1240,,10724,32,,,0,3,,10723,32,,,0
2900400,'S2-5_1',1710,,13540,11,,,0,99,,13541,11,,,0
2900400,'S2-5_2',1710,,13542,11,,,0,99,,13543,11,,,0
2900400,'S2-5_4',1710,,13544,11,,,0,99,,13545,11,,,0
2900400,'S2-5_5',1710,,13546,11,,,0,99,,13547,11,,,0
2900400,'S2-6_3',1710,,13548,11,,,0,99,,13549,11,,,0
