100,'2_6',759,,29933,2,0,61 8,0,164,,29934,2,0,61 8,0,102,,29935,2,0,61 8,0,98,,29936,2,0,61 8,0,101,,29937,2,0,61 8,0,100,,29938,2,0,61 8,0,100,,29939,2,0,61 8,0,100,,29940,2,0,61 8,0,101,,29941,2,0,61 8,0,102,,29942,2,0,61 8,0,102,,29943,2,0,61 8,0
100,'3_7',859,,29944,2,0,61 8,0,251,,29945,2,0,61 8,0,194,,29946,2,0,61 8,0,205,,29947,2,0,61 8,0,210,,29948,2,0,61 8,0
100,'5_1',649,,37339,2,,,0,70,,37340,2,0,61 8,0,30,,37346,2,0,61 8,0,71,,37341,2,0,61 8,0,101,,37342,2,0,61 8,0,120,,37343,2,0,61 8,0,96,,37347,2,,,0,65,,37348,2,,,0,98,,37344,2,0,61 8,0,53,,37345,2,0,61 8,0,148,,37349,2,0,61 8,0,54,,37350,2,,,0,146,,37351,2,,,0,103,,37325,2,,,0,35,,37352,2,0,61 8,0
100,'5_2',649,,38371,2,,,0,70,,38372,2,0,61 8,0,30,,38378,2,0,61 8,0,71,,38373,2,0,61 8,0,101,,38374,2,0,61 8,0,120,,38375,2,0,61 8,0,96,,38379,2,,,0,65,,38380,2,,,0,98,,38376,2,0,61 8,0,53,,38377,2,0,61 8,0,148,,38381,2,0,61 8,0,54,,38382,2,,,0,146,,38383,2,,,0,103,,38357,2,,,0,35,,38384,2,0,61 8,0
100,'5_3',649,,38399,2,,,0,70,,38400,2,0,61 8,0,30,,38406,2,0,61 8,0,71,,38401,2,0,61 8,0,101,,38402,2,0,61 8,0,120,,38403,2,0,61 8,0,96,,38407,2,,,0,65,,38408,2,,,0,98,,38404,2,0,61 8,0,53,,38405,2,0,61 8,0,148,,38409,2,0,61 8,0,54,,38410,2,,,0,146,,38411,2,,,0,103,,38385,2,,,0,35,,38412,2,0,61 8,0
100,'5_4',649,,38427,2,,,0,70,,38428,2,0,61 8,0,30,,38434,2,0,61 8,0,71,,38429,2,0,61 8,0,101,,38430,2,0,61 8,0,120,,38431,2,0,61 8,0,96,,38435,2,,,0,65,,38436,2,,,0,98,,38432,2,0,61 8,0,53,,38433,2,0,61 8,0,148,,38437,2,0,61 8,0,54,,38438,2,,,0,146,,38439,2,,,0,103,,38413,2,,,0,35,,38440,2,0,61 8,0
100,'5_5',649,,38455,2,,,0,70,,38456,2,0,61 8,0,30,,38462,2,0,61 8,0,71,,38457,2,0,61 8,0,101,,38458,2,0,61 8,0,120,,38459,2,0,61 8,0,96,,38463,2,,,0,65,,38464,2,,,0,98,,38460,2,0,61 8,0,53,,38461,2,0,61 8,0,148,,38465,2,0,61 8,0,54,,38466,2,,,0,146,,38467,2,,,0,103,,38441,2,,,0,35,,38468,2,0,61 8,0
100,'6_1',649,,38483,2,,,0,70,,38484,2,0,61 8,0,30,,38490,2,0,61 8,0,71,,38485,2,0,61 8,0,101,,38486,2,0,61 8,0,120,,38487,2,0,61 8,0,96,,38491,2,,,0,65,,38492,2,,,0,98,,38488,2,0,61 8,0,53,,38489,2,0,61 8,0,148,,38493,2,0,61 8,0,54,,38494,2,,,0,146,,38495,2,,,0,103,,38469,2,,,0,35,,38496,2,0,61 8,0
100,'6_2',649,,43534,2,,,0,70,,43535,2,0,61 8,0,30,,43541,2,0,61 8,0,71,,43536,2,0,61 8,0,101,,43537,2,0,61 8,0,120,,43538,2,0,61 8,0,96,,43542,2,,,0,65,,43543,2,,,0,98,,43539,2,0,61 8,0,53,,43540,2,0,61 8,0,148,,43544,2,0,61 8,0,54,,43545,2,,,0,146,,43546,2,,,0,103,,43520,2,,,0,35,,43547,2,0,61 8,0
100,'6_3',649,,43562,2,,,0,70,,43563,2,0,61 8,0,30,,43569,2,0,61 8,0,71,,43564,2,0,61 8,0,101,,43565,2,0,61 8,0,120,,43566,2,0,61 8,0,96,,43570,2,,,0,65,,43571,2,,,0,98,,43567,2,0,61 8,0,53,,43568,2,0,61 8,0,148,,43572,2,0,61 8,0,54,,43573,2,,,0,146,,43574,2,,,0,103,,43548,2,,,0,35,,43575,2,0,61 8,0
100,'6_4',649,,43590,2,,,0,70,,43591,2,0,61 8,0,30,,43597,2,0,61 8,0,71,,43592,2,0,61 8,0,101,,43593,2,0,61 8,0,120,,43594,2,0,61 8,0,96,,43598,2,,,0,65,,43599,2,,,0,98,,43595,2,0,61 8,0,53,,43596,2,0,61 8,0,148,,43600,2,0,61 8,0,54,,43601,2,,,0,146,,43602,2,,,0,103,,43576,2,,,0,35,,43603,2,0,61 8,0
