900601,'0_6',813,,68348,24,,,0,130,,68349,24,,,0,170,,68350,24,,,0,135,,68351,24,,,0,160,,68352,24,,,0,135,,68353,24,,,0,165,,68354,24,,,0,130,,68355,24,,,0
900601,'2_1',813,,68356,24,,,0,130,,68357,24,,,0,170,,68358,24,,,0,135,,68359,24,,,0,160,,68360,24,,,0,135,,68361,24,,,0,165,,68362,24,,,0,130,,68363,24,,,0
900601,'2_2',813,,68364,24,,,0,130,,68365,24,,,0,170,,68366,24,,,0,135,,68367,24,,,0,160,,68368,24,,,0,135,,68369,24,,,0,165,,68370,24,,,0,130,,68371,24,,,0
900601,'2_3',813,,68372,24,,,0,130,,68373,24,,,0,170,,68374,24,,,0,135,,68375,24,,,0,160,,68376,24,,,0,135,,68377,24,,,0,165,,68378,24,,,0,130,,68379,24,,,0
900601,'2_4',813,,68380,24,,,0,130,,68381,24,,,0,170,,68382,24,,,0,135,,68383,24,,,0,160,,68384,24,,,0,135,,68385,24,,,0,165,,68386,24,,,0,130,,68387,24,,,0
900601,'2_5',813,,68388,24,,,0,130,,68389,24,,,0,170,,68390,24,,,0,135,,68391,24,,,0,160,,68392,24,,,0,135,,68393,24,,,0,165,,68394,24,,,0,130,,68395,24,,,0
900601,'3_1',813,,68396,24,,,0,130,,68397,24,,,0,170,,68398,24,,,0,135,,68399,24,,,0,160,,68400,24,,,0,135,,68401,24,,,0,165,,68402,24,,,0,130,,68403,24,,,0
900601,'3_3',813,,68404,24,,,0,130,,68405,24,,,0,170,,68406,24,,,0,135,,68407,24,,,0,160,,68408,24,,,0,135,,68409,24,,,0,165,,68410,24,,,0,130,,68411,24,,,0
900601,'3_4',813,,68412,24,,,0,130,,68413,24,,,0,170,,68414,24,,,0,135,,68415,24,,,0,160,,68416,24,,,0,135,,68417,24,,,0,165,,68418,24,,,0,130,,68419,24,,,0
900601,'3_5',813,,68420,24,,,0,130,,68421,24,,,0,170,,68422,24,,,0,135,,68423,24,,,0,160,,68424,24,,,0,135,,68425,24,,,0,165,,68426,24,,,0,130,,68427,24,,,0
