201,'2_6',654,,30614,3,0,20,0,99,,30615,3,0,21,0,153,,30616,3,0,20,0,105,,30617,3,0,20,0,106,,30618,3,0,20,0,110,,30619,3,0,21,0,103,,30620,3,0,21,0,106,,30621,3,0,62,0,102,,30622,3,0,62,0,103,,30623,3,0,21,0,103,,30624,3,0,21,0,103,,30625,3,0,21,0
201,'5_1',654,,37457,3,0,20,0,99,,37452,3,0,21,0,100,,37453,3,0,21,0,148,,37445,3,0,21,0,111,,37443,3,0,21,0,115,,37444,3,0,20,0,95,,37438,3,0,62,0,94,,37435,3,0,20,0,90,,37436,3,0,62,0,99,,37430,3,0,21,0,115,,37423,3,0,62,0,100,,37425,3,0,62,0,109,,37420,3,0,21,0
201,'5_2',654,,38869,3,0,20,0,99,,38864,3,0,21,0,100,,38865,3,0,21,0,148,,38857,3,0,21,0,111,,38855,3,0,21,0,115,,38856,3,0,20,0,95,,38850,3,0,62,0,94,,38847,3,0,20,0,90,,38848,3,0,62,0,99,,38842,3,0,21,0,115,,38835,3,0,62,0,100,,38837,3,0,62,0,109,,38832,3,0,21,0
201,'5_3',654,,38908,3,0,20,0,99,,38903,3,0,21,0,100,,38904,3,0,21,0,148,,38896,3,0,21,0,111,,38894,3,0,21,0,115,,38895,3,0,20,0,95,,38889,3,0,62,0,94,,38886,3,0,20,0,90,,38887,3,0,62,0,99,,38881,3,0,21,0,115,,38874,3,0,62,0,100,,38876,3,0,62,0,109,,38871,3,0,21,0
201,'5_4',654,,38947,3,0,20,0,99,,38942,3,0,21,0,100,,38943,3,0,21,0,148,,38935,3,0,21,0,111,,38933,3,0,21,0,115,,38934,3,0,20,0,95,,38928,3,0,62,0,94,,38925,3,0,20,0,90,,38926,3,0,62,0,99,,38920,3,0,21,0,115,,38913,3,0,62,0,100,,38915,3,0,62,0,109,,38910,3,0,21,0
201,'5_5',654,,38986,3,0,20,0,99,,38981,3,0,21,0,100,,38982,3,0,21,0,148,,38974,3,0,21,0,111,,38972,3,0,21,0,115,,38973,3,0,20,0,95,,38967,3,0,62,0,94,,38964,3,0,20,0,90,,38965,3,0,62,0,99,,38959,3,0,21,0,115,,38952,3,0,62,0,100,,38954,3,0,62,0,109,,38949,3,0,21,0
201,'6_1',654,,39025,3,0,20,0,99,,39020,3,0,21,0,100,,39021,3,0,21,0,148,,39013,3,0,21,0,111,,39011,3,0,21,0,115,,39012,3,0,20,0,95,,39006,3,0,62,0,94,,39003,3,0,20,0,90,,39004,3,0,62,0,99,,38998,3,0,21,0,115,,38991,3,0,62,0,100,,38993,3,0,62,0,109,,38988,3,0,21,0
201,'6_2',654,,43842,3,0,20,0,99,,43837,3,0,21,0,100,,43838,3,0,21,0,148,,43830,3,0,21,0,111,,43828,3,0,21,0,115,,43829,3,0,20,0,95,,43823,3,0,62,0,94,,43820,3,0,20,0,90,,43821,3,0,62,0,99,,43815,3,0,21,0,115,,43808,3,0,62,0,100,,43810,3,0,62,0,109,,43805,3,0,21,0
201,'6_3',654,,43881,3,0,20,0,99,,43876,3,0,21,0,100,,43877,3,0,21,0,148,,43869,3,0,21,0,111,,43867,3,0,21,0,115,,43868,3,0,20,0,95,,43862,3,0,62,0,94,,43859,3,0,20,0,90,,43860,3,0,62,0,99,,43854,3,0,21,0,115,,43847,3,0,62,0,100,,43849,3,0,62,0,109,,43844,3,0,21,0
201,'6_4',654,,43920,3,0,20,0,99,,43915,3,0,21,0,100,,43916,3,0,21,0,148,,43908,3,0,21,0,111,,43906,3,0,21,0,115,,43907,3,0,20,0,95,,43901,3,0,62,0,94,,43898,3,0,20,0,90,,43899,3,0,62,0,99,,43893,3,0,21,0,115,,43886,3,0,62,0,100,,43888,3,0,62,0,109,,43883,3,0,21,0
