300,'2_6',651,,30806,9,,,0,69,,30808,9,,,0,29,,30809,9,,,0,69,,30807,9,,,0,30,,30811,9,,,0,69,,30812,9,,,0,28,,30810,9,,,0,71,,30813,9,,,0,30,,30814,9,,,0,70,,30817,9,,,0,30,,30816,9,,,0,70,,30815,9,,,0,29,,30819,9,,,0,69,,30818,9,,,0,29,,30820,9,,,0,69,,30821,9,,,0,32,,30822,9,,,0,72,,30823,9,,,0,31,,30824,9,,,0,70,,30825,9,,,0,32,,30826,9,,,0,72,,30827,9,,,0,30,,30828,9,,,0,71,,30833,9,,,0,31,,30829,9,,,0,70,,30830,9,,,0,27,,30831,9,,,0,71,,30832,9,,,0
300,'3_7',906,,30834,9,,,0,100,,30835,9,,,0,100,,30836,9,,,0,100,,30837,9,,,0,100,,30838,9,,,0,100,,30839,9,,,0,100,,30840,9,,,0,100,,30841,9,,,0,100,,30842,9,,,0,100,,30843,9,,,0,100,,30844,9,,,0
300,'5_1',656,,37459,9,,,0,64,,37460,9,,,0,29,,37461,9,,,0,62,,37464,9,,,0,25,,37463,9,,,0,69,,37462,9,,,0,31,,37466,9,,,0,72,,37469,9,,,0,31,,37471,9,,,0,72,,37467,9,,,0,33,,37472,9,,,0,73,,37465,9,,,0,34,,37468,9,,,0,71,,37470,9,,,0,32,,37473,9,,,0,72,,37474,9,,,0,32,,37475,9,,,0,74,,37477,9,,,0,68,,37476,9,,,0,28,,37479,9,,,0,28,,37481,9,,,0,67,,37483,9,,,0,28,,37480,9,,,0,70,,37486,9,,,0,32,,37485,9,,,0,70,,37482,9,,,0,77,,37484,9,,,0,30,,37478,9,,,0
300,'5_2',656,,39027,9,,,0,64,,39028,9,,,0,29,,39029,9,,,0,62,,39032,9,,,0,25,,39031,9,,,0,69,,39030,9,,,0,31,,39034,9,,,0,72,,39037,9,,,0,31,,39039,9,,,0,72,,39035,9,,,0,33,,39040,9,,,0,73,,39033,9,,,0,34,,39036,9,,,0,71,,39038,9,,,0,32,,39041,9,,,0,72,,39042,9,,,0,32,,39043,9,,,0,74,,39045,9,,,0,68,,39044,9,,,0,28,,39047,9,,,0,28,,39049,9,,,0,67,,39051,9,,,0,28,,39048,9,,,0,70,,39054,9,,,0,32,,39053,9,,,0,70,,39050,9,,,0,77,,39052,9,,,0,30,,39046,9,,,0
300,'5_3',656,,39055,9,,,0,64,,39056,9,,,0,29,,39057,9,,,0,62,,39060,9,,,0,25,,39059,9,,,0,69,,39058,9,,,0,31,,39062,9,,,0,72,,39065,9,,,0,31,,39067,9,,,0,72,,39063,9,,,0,33,,39068,9,,,0,73,,39061,9,,,0,34,,39064,9,,,0,71,,39066,9,,,0,32,,39069,9,,,0,72,,39070,9,,,0,32,,39071,9,,,0,74,,39073,9,,,0,68,,39072,9,,,0,28,,39075,9,,,0,28,,39077,9,,,0,67,,39079,9,,,0,28,,39076,9,,,0,70,,39082,9,,,0,32,,39081,9,,,0,70,,39078,9,,,0,77,,39080,9,,,0,30,,39074,9,,,0
300,'5_4',656,,39083,9,,,0,64,,39084,9,,,0,29,,39085,9,,,0,62,,39088,9,,,0,25,,39087,9,,,0,69,,39086,9,,,0,31,,39090,9,,,0,72,,39093,9,,,0,31,,39095,9,,,0,72,,39091,9,,,0,33,,39096,9,,,0,73,,39089,9,,,0,34,,39092,9,,,0,71,,39094,9,,,0,32,,39097,9,,,0,72,,39098,9,,,0,32,,39099,9,,,0,74,,39101,9,,,0,68,,39100,9,,,0,28,,39103,9,,,0,28,,39105,9,,,0,67,,39107,9,,,0,28,,39104,9,,,0,70,,39110,9,,,0,32,,39109,9,,,0,70,,39106,9,,,0,77,,39108,9,,,0,30,,39102,9,,,0
300,'5_5',656,,39111,9,,,0,64,,39112,9,,,0,29,,39113,9,,,0,62,,39116,9,,,0,25,,39115,9,,,0,69,,39114,9,,,0,31,,39118,9,,,0,72,,39121,9,,,0,31,,39123,9,,,0,72,,39119,9,,,0,33,,39124,9,,,0,73,,39117,9,,,0,34,,39120,9,,,0,71,,39122,9,,,0,32,,39125,9,,,0,72,,39126,9,,,0,32,,39127,9,,,0,74,,39129,9,,,0,68,,39128,9,,,0,28,,39131,9,,,0,28,,39133,9,,,0,67,,39135,9,,,0,28,,39132,9,,,0,70,,39138,9,,,0,32,,39137,9,,,0,70,,39134,9,,,0,77,,39136,9,,,0,30,,39130,9,,,0
300,'6_1',656,,39139,9,,,0,64,,39140,9,,,0,29,,39141,9,,,0,62,,39144,9,,,0,25,,39143,9,,,0,69,,39142,9,,,0,31,,39146,9,,,0,72,,39149,9,,,0,31,,39151,9,,,0,72,,39147,9,,,0,33,,39152,9,,,0,73,,39145,9,,,0,34,,39148,9,,,0,71,,39150,9,,,0,32,,39153,9,,,0,72,,39154,9,,,0,32,,39155,9,,,0,74,,39157,9,,,0,68,,39156,9,,,0,28,,39159,9,,,0,28,,39161,9,,,0,67,,39163,9,,,0,28,,39160,9,,,0,70,,39166,9,,,0,32,,39165,9,,,0,70,,39162,9,,,0,77,,39164,9,,,0,30,,39158,9,,,0
300,'6_2',656,,43922,9,,,0,64,,43923,9,,,0,29,,43924,9,,,0,62,,43927,9,,,0,25,,43926,9,,,0,69,,43925,9,,,0,31,,43929,9,,,0,72,,43932,9,,,0,31,,43934,9,,,0,72,,43930,9,,,0,33,,43935,9,,,0,73,,43928,9,,,0,34,,43931,9,,,0,71,,43933,9,,,0,32,,43936,9,,,0,72,,43937,9,,,0,32,,43938,9,,,0,74,,43940,9,,,0,68,,43939,9,,,0,28,,43942,9,,,0,28,,43944,9,,,0,67,,43946,9,,,0,28,,43943,9,,,0,70,,43949,9,,,0,32,,43948,9,,,0,70,,43945,9,,,0,77,,43947,9,,,0,30,,43941,9,,,0
300,'6_3',656,,43950,9,,,0,64,,43951,9,,,0,29,,43952,9,,,0,62,,43955,9,,,0,25,,43954,9,,,0,69,,43953,9,,,0,31,,43957,9,,,0,72,,43960,9,,,0,31,,43962,9,,,0,72,,43958,9,,,0,33,,43963,9,,,0,73,,43956,9,,,0,34,,43959,9,,,0,71,,43961,9,,,0,32,,43964,9,,,0,72,,43965,9,,,0,32,,43966,9,,,0,74,,43968,9,,,0,68,,43967,9,,,0,28,,43970,9,,,0,28,,43972,9,,,0,67,,43974,9,,,0,28,,43971,9,,,0,70,,43977,9,,,0,32,,43976,9,,,0,70,,43973,9,,,0,77,,43975,9,,,0,30,,43969,9,,,0
300,'6_4',656,,43978,9,,,0,64,,43979,9,,,0,29,,43980,9,,,0,62,,43983,9,,,0,25,,43982,9,,,0,69,,43981,9,,,0,31,,43985,9,,,0,72,,43988,9,,,0,31,,43990,9,,,0,72,,43986,9,,,0,33,,43991,9,,,0,73,,43984,9,,,0,34,,43987,9,,,0,71,,43989,9,,,0,32,,43992,9,,,0,72,,43993,9,,,0,32,,43994,9,,,0,74,,43996,9,,,0,68,,43995,9,,,0,28,,43998,9,,,0,28,,44000,9,,,0,67,,44002,9,,,0,28,,43999,9,,,0,70,,44005,9,,,0,32,,44004,9,,,0,70,,44001,9,,,0,77,,44003,9,,,0,30,,43997,9,,,0
900600,'2_6',838,,33943,10,,,0,170,,33945,10,,,0,125,,33946,10,,,0,175,,33947,10,,,0,120,,33948,10,,,0,175,,33949,10,,,0,130,,33950,10,,,0,170,,33944,10,,,0
900600,'5_1',838,,37847,10,,,0,170,,37849,10,,,0,125,,37850,10,,,0,175,,37851,10,,,0,120,,37852,10,,,0,175,,37853,10,,,0,130,,37854,10,,,0,170,,37848,10,,,0
900600,'5_2',838,,40970,10,,,0,170,,40972,10,,,0,125,,40973,10,,,0,175,,40974,10,,,0,120,,40975,10,,,0,175,,40976,10,,,0,130,,40977,10,,,0,170,,40971,10,,,0
900600,'5_3',838,,40978,10,,,0,170,,40980,10,,,0,125,,40981,10,,,0,175,,40982,10,,,0,120,,40983,10,,,0,175,,40984,10,,,0,130,,40985,10,,,0,170,,40979,10,,,0
900600,'5_4',838,,40986,10,,,0,170,,40988,10,,,0,125,,40989,10,,,0,175,,40990,10,,,0,120,,40991,10,,,0,175,,40992,10,,,0,130,,40993,10,,,0,170,,40987,10,,,0
900600,'5_5',838,,40994,10,,,0,170,,40996,10,,,0,125,,40997,10,,,0,175,,40998,10,,,0,120,,40999,10,,,0,175,,41000,10,,,0,130,,41001,10,,,0,170,,40995,10,,,0
900600,'6_1',838,,41002,10,,,0,170,,41004,10,,,0,125,,41005,10,,,0,175,,41006,10,,,0,120,,41007,10,,,0,175,,41008,10,,,0,130,,41009,10,,,0,170,,41003,10,,,0
900600,'6_2',838,,45092,10,,,0,170,,45094,10,,,0,125,,45095,10,,,0,175,,45096,10,,,0,120,,45097,10,,,0,175,,45098,10,,,0,130,,45099,10,,,0,170,,45093,10,,,0
900600,'6_3',838,,45100,10,,,0,170,,45102,10,,,0,125,,45103,10,,,0,175,,45104,10,,,0,120,,45105,10,,,0,175,,45106,10,,,0,130,,45107,10,,,0,170,,45101,10,,,0
900600,'6_4',838,,45108,10,,,0,170,,45110,10,,,0,125,,45111,10,,,0,175,,45112,10,,,0,120,,45113,10,,,0,175,,45114,10,,,0,130,,45115,10,,,0,170,,45109,10,,,0
