900,'1_3',659,,49212,12,,,0,68,,49213,12,,,0,81,,49217,18,,,0,21,,49218,9,,,0,4,,49219,19,,,0,84,,49214,12,,,0,89,,49220,19,,,0,147,,49222,15,,,0,105,,49223,15,,,0,70,,49215,12,,,0,131,,49226,20,,,0,84,,49224,15,,,0,110,,49225,15,,,0,72,,49216,12,,,0,129,,49227,20,,,0
900,'2_6',709,,32184,15,,,0,99,,32185,15,,,0,314,,32186,15,,,0,324,,32187,15,,,0,89,,32182,9,,,0,99,,32193,9,,,0,175,,32188,16,,,0,93,,32189,15,,,0
900,'6_2',705,,44574,12,,,0,25,,44575,12,,,0,79,,44577,18,,,0,23,,44579,19,,,0,1,,44578,9,,,0,86,,44576,12,,,0,91,,44580,19,,,0,112,,44581,15,,,0,324,,44587,15,,,0,98,,44590,9,,,0,90,,44588,9,,,0,173,,44586,15,,,0,96,,44589,15,,,0
900,'6_3',705,,44592,12,,,0,25,,44593,12,,,0,79,,44595,18,,,0,23,,44597,19,,,0,1,,44596,9,,,0,86,,44594,12,,,0,91,,44598,19,,,0,112,,44599,15,,,0,324,,44605,15,,,0,98,,44608,9,,,0,90,,44606,9,,,0,173,,44604,15,,,0,96,,44607,15,,,0
900,'6_4',705,,44610,12,,,0,25,,44611,12,,,0,79,,44613,18,,,0,23,,44615,19,,,0,1,,44614,9,,,0,86,,44612,12,,,0,91,,44616,19,,,0,112,,44617,15,,,0,324,,44623,15,,,0,98,,44626,9,,,0,90,,44624,9,,,0,173,,44622,15,,,0,96,,44625,15,,,0
900,'7_1',659,,47079,12,,,0,68,,47080,12,,,0,81,,47084,18,,,0,21,,47085,9,,,0,4,,47086,19,,,0,84,,47081,12,,,0,89,,47087,19,,,0,147,,47089,15,,,0,105,,47090,15,,,0,70,,47082,12,,,0,131,,47093,20,,,0,84,,47091,15,,,0,110,,47092,15,,,0,72,,47083,12,,,0,129,,47094,20,,,0
900,'7_2',659,,49231,12,,,0,68,,49232,12,,,0,81,,49236,18,,,0,21,,49237,9,,,0,4,,49238,19,,,0,84,,49233,12,,,0,89,,49239,19,,,0,147,,49241,15,,,0,105,,49242,15,,,0,70,,49234,12,,,0,131,,49245,20,,,0,84,,49243,15,,,0,110,,49244,15,,,0,72,,49235,12,,,0,129,,49246,20,,,0
900,'7_4',659,,49250,12,,,0,68,,49251,12,,,0,81,,49255,18,,,0,21,,49256,9,,,0,4,,49257,19,,,0,84,,49252,12,,,0,89,,49258,19,,,0,147,,49260,15,,,0,105,,49261,15,,,0,70,,49253,12,,,0,131,,49264,20,,,0,84,,49262,15,,,0,110,,49263,15,,,0,72,,49254,12,,,0,129,,49265,20,,,0
1000,'1_3',931,,49330,34,0,18 30,0,25,,49318,28,,,0,161,,49321,34,0,18 30,0,87,,49322,34,0,18 30,0,37,,49323,34,0,18 30,0,80,,49324,34,0,18 30,0,99,,49325,34,0,18 30,0,80,,49327,34,,,0,30,,49328,34,,,0,96,,49329,34,,,0,23,,49319,28,,,0,187,,49320,28,,,0,164,,49326,34,0,18 30,0
1000,'2_6',702,,32362,28,,,0,55,,32363,28,,,0,171,,32369,34,0,18 30,0,27,,32364,28,,,0,158,,32370,34,0,18 30,0,101,,32371,34,0,18 30,0,100,,32372,34,0,18 30,0,102,,32373,34,0,18 30,0,92,,32367,34,,,0,115,,32368,34,,,0,29,,32365,28,,,0,186,,32366,28,,,0,121,,32374,34,0,18 30,0
1000,'6_2',931,,44681,34,0,18 30,0,24,,44671,28,,,0,164,,44674,34,0,18 30,0,95,,44675,34,0,18 30,0,100,,44676,34,0,18 30,0,102,,44677,34,0,18 30,0,92,,44679,34,,,0,115,,44680,34,,,0,29,,44672,28,,,0,186,,44673,28,,,0,121,,44678,34,0,18 30,0
1000,'6_3',931,,44694,34,0,18 30,0,24,,44684,28,,,0,164,,44687,34,0,18 30,0,95,,44688,34,0,18 30,0,100,,44689,34,0,18 30,0,102,,44690,34,0,18 30,0,92,,44692,34,,,0,115,,44693,34,,,0,29,,44685,28,,,0,186,,44686,28,,,0,121,,44691,34,0,18 30,0
1000,'6_4',931,,44707,34,0,18 30,0,24,,44697,28,,,0,164,,44700,34,0,18 30,0,95,,44701,34,0,18 30,0,100,,44702,34,0,18 30,0,102,,44703,34,0,18 30,0,92,,44705,34,,,0,115,,44706,34,,,0,29,,44698,28,,,0,186,,44699,28,,,0,121,,44704,34,0,18 30,0
1000,'7_1',931,,47127,34,0,18 30,0,25,,47115,28,,,0,161,,47118,34,0,18 30,0,87,,47119,34,0,18 30,0,37,,47120,34,0,18 30,0,80,,47121,34,0,18 30,0,99,,47122,34,0,18 30,0,80,,47124,34,,,0,30,,47125,34,,,0,96,,47126,34,,,0,23,,47116,28,,,0,187,,47117,28,,,0,164,,47123,34,0,18 30,0
1000,'7_2',931,,49345,34,0,18 30,0,25,,49333,28,,,0,161,,49336,34,0,18 30,0,87,,49337,34,0,18 30,0,37,,49338,34,0,18 30,0,80,,49339,34,0,18 30,0,99,,49340,34,0,18 30,0,80,,49342,34,,,0,30,,49343,34,,,0,96,,49344,34,,,0,23,,49334,28,,,0,187,,49335,28,,,0,164,,49341,34,0,18 30,0
1000,'7_4',931,,49360,34,0,18 30,0,25,,49348,28,,,0,161,,49351,34,0,18 30,0,87,,49352,34,0,18 30,0,37,,49353,34,0,18 30,0,80,,49354,34,0,18 30,0,99,,49355,34,0,18 30,0,80,,49357,34,,,0,30,,49358,34,,,0,96,,49359,34,,,0,23,,49349,28,,,0,187,,49350,28,,,0,164,,49356,34,0,18 30,0
1100,'1_3',709,,49403,17,,,0,128,,49404,20,,,0,905,,49405,20,,,0,159,,49406,20,,,0
1100,'2_6',709,,32477,17,,,0,128,,32478,20,,,0,905,,32479,20,,,0,159,,32480,20,,,0
1100,'6_2',709,,44744,17,,,0,128,,44745,20,,,0,905,,44746,20,,,0,159,,44747,20,,,0
1100,'6_3',709,,44748,17,,,0,128,,44749,20,,,0,905,,44750,20,,,0,159,,44751,20,,,0
1100,'6_4',709,,44752,17,,,0,128,,44753,20,,,0,905,,44754,20,,,0,159,,44755,20,,,0
1100,'7_1',709,,47142,17,,,0,128,,47143,20,,,0,905,,47144,20,,,0,159,,47145,20,,,0
1100,'7_2',709,,49407,17,,,0,128,,49408,20,,,0,905,,49409,20,,,0,159,,49410,20,,,0
1100,'7_4',709,,49411,17,,,0,128,,49412,20,,,0,905,,49413,20,,,0,159,,49414,20,,,0
1900,'1_3',727,,49657,15,,,0,105,,49662,15,,,0,582,,49661,15,,,0,392,,49658,15,,,0
1900,'7_1',727,,47229,15,,,0,105,,47233,15,,,0,974,,47230,15,,,0
1900,'7_2',727,,49666,15,,,0,105,,49670,15,,,0,974,,49667,15,,,0
1900,'7_4',727,,49674,15,,,0,105,,49678,15,,,0,974,,49675,15,,,0
1000000,'1_3',534,,50334,3,0,31 33,0,20,,50335,3,0,31 33,0,59,,50416,3,0,31 33,0,18,,50417,3,,,0,14,,50419,3,,,0,10,,50415,3,,,0,48,,50368,3,,,0,8,,50369,3,,,0,11,,50370,3,,,0,11,,50371,3,,,0,10,,50372,3,,,0,11,,50373,3,,,0,50,,50374,3,,,0,10,,50375,3,,,0,9,,50418,3,,,0,9,,50336,3,0,31 33,0,9,,50337,3,,,0,10,,50338,3,0,31 33,0,50,,50339,3,,,0,11,,50340,3,0,31 33,0,9,,50376,3,,,0,11,,50341,3,0,31 33,0,11,,50342,3,,,0,11,,50343,3,0,31 33,0,51,,50344,3,,,0,11,,50345,3,0,31 33,0,10,,50346,3,,,0,11,,50348,3,0,31 33,0,10,,50347,3,,,0,11,,50378,3,0,31 33,0,51,,50377,3,,,0,11,,50379,3,0,31 33,0,11,,50380,3,,,0,10,,50381,3,0,31 33,0,10,,50382,3,,,0,50,,50383,3,0,31 33,0,12,,50384,3,,,0,11,,50385,3,0,31 33,0,10,,50386,3,,,0,10,,50387,3,0,31 33,0,10,,50388,3,,,0,49,,50389,3,0,31 33,0,10,,50390,3,,,0,10,,50349,3,0,31 33,0,11,,50350,3,,,0,9,,50391,3,0,31 33,0,10,,50351,3,,,0,49,,50352,3,0,31 33,0,11,,50353,3,,,0,10,,50392,3,0,31 33,0,11,,50354,3,,,0,9,,50355,3,0,31 33,0,10,,50356,3,,,0,50,,50357,3,0,31 33,0,11,,50393,3,,,0,11,,50394,3,,,0,9,,50395,3,,,0,10,,50396,3,,,0,9,,50397,3,,,0,51,,50398,3,,,0,10,,50399,3,,,0,11,,50400,3,,,0,9,,50401,3,,,0,9,,50402,3,,,0,9,,50403,3,,,0,50,,50404,3,,,0,10,,50405,3,,,0,10,,50406,3,,,0,10,,50407,3,,,0,10,,50408,3,,,0,10,,50409,3,0,31 33,0,51,,50410,3,,,0,9,,50414,3,0,31 33,0,10,,50358,3,0,31 33,0,11,,50411,3,,,0,10,,50359,3,0,31 33,0,10,,50412,3,,,0,49,,50360,3,0,31 33,0,19,,50361,3,0,31 33,0,19,,50362,3,0,31 33,0,18,,50363,3,0,31 33,0,61,,50364,3,0,31 33,0,21,,50365,3,0,31 33,0,61,,50366,3,0,31 33,0,21,,50367,3,0,31 33,0
1000000,'2_6',531,,34621,3,0,31 33,0,79,,34622,3,0,31 33,0,41,,34623,3,,,0,80,,34624,3,,,0,69,,34625,3,0,31 33,0,15,,34626,3,,,0,16,,34627,3,0,31 33,0,15,,34628,3,0,31 33,0,13,,34629,3,,,0,55,,34630,3,0,31 33,0,15,,34688,3,0,31 33,0,16,,34631,3,,,0,56,,34632,3,0,31 33,0,16,,34633,3,0,31 33,0,14,,34634,3,,,0,16,,34635,3,0,31 33,0,55,,34636,3,0,31 33,0,16,,34637,3,,,0,15,,34638,3,0,31 33,0,15,,34639,3,0,31 33,0,56,,34640,3,,,0,14,,34641,3,0,31 33,0,16,,34642,3,0,31 33,0,15,,34643,3,,,0,54,,34644,3,0,31 33,0,9,,34645,3,0,31 33,0,11,,34646,3,,,0,12,,34647,3,0,31 33,0,10,,34648,3,0,31 33,0,9,,34649,3,0,31 33,0,49,,34650,3,,,0,10,,34651,3,0,31 33,0,11,,34652,3,0,31 33,0,10,,34653,3,0,31 33,0,10,,34654,3,,,0,12,,34655,3,0,31 33,0,49,,34656,3,0,31 33,0,9,,34657,3,0,31 33,0,10,,34658,3,,,0,11,,34659,3,0,31 33,0,10,,34660,3,0,31 33,0,10,,34661,3,0,31 33,0,51,,34662,3,,,0,11,,34663,3,0,31 33,0,9,,34664,3,0,31 33,0,10,,34665,3,0,31 33,0,11,,34666,3,,,0,53,,34667,3,0,31 33,0,9,,34668,3,0,31 33,0,9,,34669,3,0,31 33,0,10,,34670,3,,,0,9,,34671,3,0,31 33,0,9,,34672,3,0,31 33,0,10,,34673,3,0,31 33,0,49,,34675,3,0,31 33,0,10,,34674,3,,,0,9,,34676,3,0,31 33,0,9,,34677,3,0,31 33,0,9,,34679,3,0,31 33,0,10,,34678,3,0,31 33,0,51,,34680,3,0,31 33,0,21,,34681,3,0,31 33,0,17,,34682,3,0,31 33,0,60,,34683,3,0,31 33,0,20,,34684,3,0,31 33,0,20,,34685,3,0,31 33,0,60,,34686,3,0,31 33,0,20,,34687,3,0,31 33,0
1000000,'3_7',801,,34689,3,0,31 33,0,40,,34690,3,0,31 33,0,80,,34691,3,0,31 33,0,80,,34692,3,0,31 33,0,40,,34693,3,0,31 33,0,80,,34694,3,0,31 33,0,80,,34695,3,0,31 33,0,40,,34696,3,0,31 33,0,80,,34697,3,0,31 33,0,80,,34698,3,0,31 33,0,40,,34699,3,0,31 33,0,80,,34700,3,0,31 33,0,80,,34701,3,0,31 33,0,40,,34702,3,0,31 33,0,80,,34703,3,0,31 33,0,80,,34704,3,0,31 33,0,40,,34705,3,0,31 33,0,80,,34706,3,0,31 33,0
1000000,'4_7',801,,47457,3,0,31 33,0,40,,47458,3,0,31 33,0,80,,47459,3,0,31 33,0,80,,47460,3,0,31 33,0,40,,47461,3,0,31 33,0,80,,47462,3,0,31 33,0,80,,47463,3,0,31 33,0,40,,47464,3,0,31 33,0,80,,47465,3,0,31 33,0,80,,47466,3,0,31 33,0,40,,47467,3,0,31 33,0,80,,47468,3,0,31 33,0,80,,47469,3,0,31 33,0,40,,47470,3,0,31 33,0,80,,47471,3,0,31 33,0,80,,47472,3,0,31 33,0,40,,47473,3,0,31 33,0,80,,47474,3,0,31 33,0
1000000,'6_2',536,,45236,3,0,31 33,0,20,,45237,3,0,31 33,0,59,,45317,3,0,31 33,0,20,,45318,3,,,0,13,,45320,3,,,0,11,,45316,3,,,0,50,,45270,3,,,0,9,,45271,3,,,0,9,,45272,3,,,0,9,,45273,3,,,0,10,,45274,3,,,0,10,,45275,3,,,0,50,,45276,3,,,0,10,,45277,3,,,0,9,,45319,3,,,0,9,,45238,3,0,31 33,0,9,,45239,3,,,0,10,,45240,3,0,31 33,0,49,,45241,3,,,0,10,,45242,3,0,31 33,0,9,,45278,3,,,0,12,,45243,3,0,31 33,0,11,,45244,3,,,0,11,,45245,3,0,31 33,0,51,,45246,3,,,0,11,,45247,3,0,31 33,0,10,,45248,3,,,0,11,,45250,3,0,31 33,0,10,,45249,3,,,0,11,,45280,3,0,31 33,0,50,,45279,3,,,0,11,,45281,3,0,31 33,0,10,,45282,3,,,0,11,,45283,3,0,31 33,0,11,,45284,3,,,0,50,,45285,3,0,31 33,0,11,,45286,3,,,0,12,,45287,3,0,31 33,0,10,,45288,3,,,0,9,,45289,3,0,31 33,0,10,,45290,3,,,0,51,,45291,3,0,31 33,0,9,,45292,3,,,0,9,,45251,3,0,31 33,0,11,,45252,3,,,0,10,,45293,3,0,31 33,0,10,,45253,3,,,0,50,,45254,3,0,31 33,0,10,,45255,3,,,0,10,,45294,3,0,31 33,0,10,,45256,3,,,0,10,,45257,3,0,31 33,0,11,,45258,3,,,0,50,,45259,3,0,31 33,0,11,,45295,3,,,0,10,,45296,3,,,0,10,,45297,3,,,0,10,,45298,3,,,0,10,,45299,3,,,0,49,,45300,3,,,0,10,,45301,3,,,0,10,,45302,3,,,0,10,,45303,3,,,0,11,,45304,3,,,0,10,,45305,3,,,0,50,,45306,3,,,0,10,,45307,3,,,0,10,,45308,3,,,0,11,,45309,3,,,0,9,,45310,3,,,0,10,,45311,3,0,31 33,0,51,,45312,3,,,0,9,,45315,3,0,31 33,0,9,,45260,3,0,31 33,0,9,,45313,3,,,0,9,,45261,3,0,31 33,0,9,,45314,3,,,0,49,,45262,3,0,31 33,0,20,,45263,3,0,31 33,0,20,,45264,3,0,31 33,0,18,,45265,3,0,31 33,0,60,,45266,3,0,31 33,0,21,,45267,3,0,31 33,0,61,,45268,3,0,31 33,0,21,,45269,3,0,31 33,0
1000000,'6_3',536,,45321,3,0,31 33,0,20,,45322,3,0,31 33,0,59,,45402,3,0,31 33,0,20,,45403,3,,,0,13,,45405,3,,,0,11,,45401,3,,,0,50,,45355,3,,,0,9,,45356,3,,,0,9,,45357,3,,,0,9,,45358,3,,,0,10,,45359,3,,,0,10,,45360,3,,,0,50,,45361,3,,,0,10,,45362,3,,,0,9,,45404,3,,,0,9,,45323,3,0,31 33,0,9,,45324,3,,,0,10,,45325,3,0,31 33,0,49,,45326,3,,,0,10,,45327,3,0,31 33,0,9,,45363,3,,,0,12,,45328,3,0,31 33,0,11,,45329,3,,,0,11,,45330,3,0,31 33,0,51,,45331,3,,,0,11,,45332,3,0,31 33,0,10,,45333,3,,,0,11,,45335,3,0,31 33,0,10,,45334,3,,,0,11,,45365,3,0,31 33,0,50,,45364,3,,,0,11,,45366,3,0,31 33,0,10,,45367,3,,,0,11,,45368,3,0,31 33,0,11,,45369,3,,,0,50,,45370,3,0,31 33,0,11,,45371,3,,,0,12,,45372,3,0,31 33,0,10,,45373,3,,,0,9,,45374,3,0,31 33,0,10,,45375,3,,,0,51,,45376,3,0,31 33,0,9,,45377,3,,,0,9,,45336,3,0,31 33,0,11,,45337,3,,,0,10,,45378,3,0,31 33,0,10,,45338,3,,,0,50,,45339,3,0,31 33,0,10,,45340,3,,,0,10,,45379,3,0,31 33,0,10,,45341,3,,,0,10,,45342,3,0,31 33,0,11,,45343,3,,,0,50,,45344,3,0,31 33,0,11,,45380,3,,,0,10,,45381,3,,,0,10,,45382,3,,,0,10,,45383,3,,,0,10,,45384,3,,,0,49,,45385,3,,,0,10,,45386,3,,,0,10,,45387,3,,,0,10,,45388,3,,,0,11,,45389,3,,,0,10,,45390,3,,,0,50,,45391,3,,,0,10,,45392,3,,,0,10,,45393,3,,,0,11,,45394,3,,,0,9,,45395,3,,,0,10,,45396,3,0,31 33,0,51,,45397,3,,,0,9,,45400,3,0,31 33,0,9,,45345,3,0,31 33,0,9,,45398,3,,,0,9,,45346,3,0,31 33,0,9,,45399,3,,,0,49,,45347,3,0,31 33,0,20,,45348,3,0,31 33,0,20,,45349,3,0,31 33,0,18,,45350,3,0,31 33,0,60,,45351,3,0,31 33,0,21,,45352,3,0,31 33,0,61,,45353,3,0,31 33,0,21,,45354,3,0,31 33,0
1000000,'6_4',536,,45406,3,0,31 33,0,20,,45407,3,0,31 33,0,59,,45487,3,0,31 33,0,20,,45488,3,,,0,13,,45490,3,,,0,11,,45486,3,,,0,50,,45440,3,,,0,9,,45441,3,,,0,9,,45442,3,,,0,9,,45443,3,,,0,10,,45444,3,,,0,10,,45445,3,,,0,50,,45446,3,,,0,10,,45447,3,,,0,9,,45489,3,,,0,9,,45408,3,0,31 33,0,9,,45409,3,,,0,10,,45410,3,0,31 33,0,49,,45411,3,,,0,10,,45412,3,0,31 33,0,9,,45448,3,,,0,12,,45413,3,0,31 33,0,11,,45414,3,,,0,11,,45415,3,0,31 33,0,51,,45416,3,,,0,11,,45417,3,0,31 33,0,10,,45418,3,,,0,11,,45420,3,0,31 33,0,10,,45419,3,,,0,11,,45450,3,0,31 33,0,50,,45449,3,,,0,11,,45451,3,0,31 33,0,10,,45452,3,,,0,11,,45453,3,0,31 33,0,11,,45454,3,,,0,50,,45455,3,0,31 33,0,11,,45456,3,,,0,12,,45457,3,0,31 33,0,10,,45458,3,,,0,9,,45459,3,0,31 33,0,10,,45460,3,,,0,51,,45461,3,0,31 33,0,9,,45462,3,,,0,9,,45421,3,0,31 33,0,11,,45422,3,,,0,10,,45463,3,0,31 33,0,10,,45423,3,,,0,50,,45424,3,0,31 33,0,10,,45425,3,,,0,10,,45464,3,0,31 33,0,10,,45426,3,,,0,10,,45427,3,0,31 33,0,11,,45428,3,,,0,50,,45429,3,0,31 33,0,11,,45465,3,,,0,10,,45466,3,,,0,10,,45467,3,,,0,10,,45468,3,,,0,10,,45469,3,,,0,49,,45470,3,,,0,10,,45471,3,,,0,10,,45472,3,,,0,10,,45473,3,,,0,11,,45474,3,,,0,10,,45475,3,,,0,50,,45476,3,,,0,10,,45477,3,,,0,10,,45478,3,,,0,11,,45479,3,,,0,9,,45480,3,,,0,10,,45481,3,0,31 33,0,51,,45482,3,,,0,9,,45485,3,0,31 33,0,9,,45430,3,0,31 33,0,9,,45483,3,,,0,9,,45431,3,0,31 33,0,9,,45484,3,,,0,49,,45432,3,0,31 33,0,20,,45433,3,0,31 33,0,20,,45434,3,0,31 33,0,18,,45435,3,0,31 33,0,60,,45436,3,0,31 33,0,21,,45437,3,0,31 33,0,61,,45438,3,0,31 33,0,21,,45439,3,0,31 33,0
1000000,'7_1',534,,47475,3,0,31 33,0,20,,47476,3,0,31 33,0,59,,47557,3,0,31 33,0,18,,47558,3,,,0,14,,47560,3,,,0,10,,47556,3,,,0,48,,47509,3,,,0,8,,47510,3,,,0,11,,47511,3,,,0,11,,47512,3,,,0,10,,47513,3,,,0,11,,47514,3,,,0,50,,47515,3,,,0,10,,47516,3,,,0,9,,47559,3,,,0,9,,47477,3,0,31 33,0,9,,47478,3,,,0,10,,47479,3,0,31 33,0,50,,47480,3,,,0,11,,47481,3,0,31 33,0,9,,47517,3,,,0,11,,47482,3,0,31 33,0,11,,47483,3,,,0,11,,47484,3,0,31 33,0,51,,47485,3,,,0,11,,47486,3,0,31 33,0,10,,47487,3,,,0,11,,47489,3,0,31 33,0,10,,47488,3,,,0,11,,47519,3,0,31 33,0,51,,47518,3,,,0,11,,47520,3,0,31 33,0,11,,47521,3,,,0,10,,47522,3,0,31 33,0,10,,47523,3,,,0,50,,47524,3,0,31 33,0,12,,47525,3,,,0,11,,47526,3,0,31 33,0,10,,47527,3,,,0,10,,47528,3,0,31 33,0,10,,47529,3,,,0,49,,47530,3,0,31 33,0,10,,47531,3,,,0,10,,47490,3,0,31 33,0,11,,47491,3,,,0,9,,47532,3,0,31 33,0,10,,47492,3,,,0,49,,47493,3,0,31 33,0,11,,47494,3,,,0,10,,47533,3,0,31 33,0,11,,47495,3,,,0,9,,47496,3,0,31 33,0,10,,47497,3,,,0,50,,47498,3,0,31 33,0,11,,47534,3,,,0,11,,47535,3,,,0,9,,47536,3,,,0,10,,47537,3,,,0,9,,47538,3,,,0,51,,47539,3,,,0,10,,47540,3,,,0,11,,47541,3,,,0,9,,47542,3,,,0,9,,47543,3,,,0,9,,47544,3,,,0,50,,47545,3,,,0,10,,47546,3,,,0,10,,47547,3,,,0,10,,47548,3,,,0,10,,47549,3,,,0,10,,47550,3,0,31 33,0,51,,47551,3,,,0,9,,47555,3,0,31 33,0,10,,47499,3,0,31 33,0,11,,47552,3,,,0,10,,47500,3,0,31 33,0,10,,47553,3,,,0,49,,47501,3,0,31 33,0,19,,47502,3,0,31 33,0,19,,47503,3,0,31 33,0,18,,47504,3,0,31 33,0,61,,47505,3,0,31 33,0,21,,47506,3,0,31 33,0,61,,47507,3,0,31 33,0,21,,47508,3,0,31 33,0
1000000,'7_2',534,,50420,3,0,31 33,0,20,,50421,3,0,31 33,0,59,,50502,3,0,31 33,0,18,,50503,3,,,0,14,,50505,3,,,0,10,,50501,3,,,0,48,,50454,3,,,0,8,,50455,3,,,0,11,,50456,3,,,0,11,,50457,3,,,0,10,,50458,3,,,0,11,,50459,3,,,0,50,,50460,3,,,0,10,,50461,3,,,0,9,,50504,3,,,0,9,,50422,3,0,31 33,0,9,,50423,3,,,0,10,,50424,3,0,31 33,0,50,,50425,3,,,0,11,,50426,3,0,31 33,0,9,,50462,3,,,0,11,,50427,3,0,31 33,0,11,,50428,3,,,0,11,,50429,3,0,31 33,0,51,,50430,3,,,0,11,,50431,3,0,31 33,0,10,,50432,3,,,0,11,,50434,3,0,31 33,0,10,,50433,3,,,0,11,,50464,3,0,31 33,0,51,,50463,3,,,0,11,,50465,3,0,31 33,0,11,,50466,3,,,0,10,,50467,3,0,31 33,0,10,,50468,3,,,0,50,,50469,3,0,31 33,0,12,,50470,3,,,0,11,,50471,3,0,31 33,0,10,,50472,3,,,0,10,,50473,3,0,31 33,0,10,,50474,3,,,0,49,,50475,3,0,31 33,0,10,,50476,3,,,0,10,,50435,3,0,31 33,0,11,,50436,3,,,0,9,,50477,3,0,31 33,0,10,,50437,3,,,0,49,,50438,3,0,31 33,0,11,,50439,3,,,0,10,,50478,3,0,31 33,0,11,,50440,3,,,0,9,,50441,3,0,31 33,0,10,,50442,3,,,0,50,,50443,3,0,31 33,0,11,,50479,3,,,0,11,,50480,3,,,0,9,,50481,3,,,0,10,,50482,3,,,0,9,,50483,3,,,0,51,,50484,3,,,0,10,,50485,3,,,0,11,,50486,3,,,0,9,,50487,3,,,0,9,,50488,3,,,0,9,,50489,3,,,0,50,,50490,3,,,0,10,,50491,3,,,0,10,,50492,3,,,0,10,,50493,3,,,0,10,,50494,3,,,0,10,,50495,3,0,31 33,0,51,,50496,3,,,0,9,,50500,3,0,31 33,0,10,,50444,3,0,31 33,0,11,,50497,3,,,0,10,,50445,3,0,31 33,0,10,,50498,3,,,0,49,,50446,3,0,31 33,0,19,,50447,3,0,31 33,0,19,,50448,3,0,31 33,0,18,,50449,3,0,31 33,0,61,,50450,3,0,31 33,0,21,,50451,3,0,31 33,0,61,,50452,3,0,31 33,0,21,,50453,3,0,31 33,0
1000000,'7_4',534,,50506,3,0,31 33,0,20,,50507,3,0,31 33,0,59,,50588,3,0,31 33,0,18,,50589,3,,,0,14,,50591,3,,,0,10,,50587,3,,,0,48,,50540,3,,,0,8,,50541,3,,,0,11,,50542,3,,,0,11,,50543,3,,,0,10,,50544,3,,,0,11,,50545,3,,,0,50,,50546,3,,,0,10,,50547,3,,,0,9,,50590,3,,,0,9,,50508,3,0,31 33,0,9,,50509,3,,,0,10,,50510,3,0,31 33,0,50,,50511,3,,,0,11,,50512,3,0,31 33,0,9,,50548,3,,,0,11,,50513,3,0,31 33,0,11,,50514,3,,,0,11,,50515,3,0,31 33,0,51,,50516,3,,,0,11,,50517,3,0,31 33,0,10,,50518,3,,,0,11,,50520,3,0,31 33,0,10,,50519,3,,,0,11,,50550,3,0,31 33,0,51,,50549,3,,,0,11,,50551,3,0,31 33,0,11,,50552,3,,,0,10,,50553,3,0,31 33,0,10,,50554,3,,,0,50,,50555,3,0,31 33,0,12,,50556,3,,,0,11,,50557,3,0,31 33,0,10,,50558,3,,,0,10,,50559,3,0,31 33,0,10,,50560,3,,,0,49,,50561,3,0,31 33,0,10,,50562,3,,,0,10,,50521,3,0,31 33,0,11,,50522,3,,,0,9,,50563,3,0,31 33,0,10,,50523,3,,,0,49,,50524,3,0,31 33,0,11,,50525,3,,,0,10,,50564,3,0,31 33,0,11,,50526,3,,,0,9,,50527,3,0,31 33,0,10,,50528,3,,,0,50,,50529,3,0,31 33,0,11,,50565,3,,,0,11,,50566,3,,,0,9,,50567,3,,,0,10,,50568,3,,,0,9,,50569,3,,,0,51,,50570,3,,,0,10,,50571,3,,,0,11,,50572,3,,,0,9,,50573,3,,,0,9,,50574,3,,,0,9,,50575,3,,,0,50,,50576,3,,,0,10,,50577,3,,,0,10,,50578,3,,,0,10,,50579,3,,,0,10,,50580,3,,,0,10,,50581,3,0,31 33,0,51,,50582,3,,,0,9,,50586,3,0,31 33,0,10,,50530,3,0,31 33,0,11,,50583,3,,,0,10,,50531,3,0,31 33,0,10,,50584,3,,,0,49,,50532,3,0,31 33,0,19,,50533,3,0,31 33,0,19,,50534,3,0,31 33,0,18,,50535,3,0,31 33,0,61,,50536,3,0,31 33,0,21,,50537,3,0,31 33,0,61,,50538,3,0,31 33,0,21,,50539,3,0,31 33,0
1000000,'8_7',801,,51956,3,0,31 33,0,40,,51957,3,0,31 33,0,80,,51958,3,0,31 33,0,80,,51959,3,0,31 33,0,40,,51960,3,0,31 33,0,80,,51961,3,0,31 33,0,80,,51962,3,0,31 33,0,40,,51963,3,0,31 33,0,80,,51964,3,0,31 33,0,80,,51965,3,0,31 33,0,40,,51966,3,0,31 33,0,80,,51967,3,0,31 33,0,80,,51968,3,0,31 33,0,40,,51969,3,0,31 33,0,80,,51970,3,0,31 33,0,80,,51971,3,0,31 33,0,40,,51972,3,0,31 33,0,80,,51973,3,0,31 33,0
