401,'S2-0_6',701,,55641,17,,,0,124,,55640,17,0,41,0,31,,55638,17,,,0,64,,55627,17,0,41,0,32,,55639,17,0,41,0,69,,55628,17,0,41,0,35,,55634,17,,,0,67,,55629,17,0,41,0,32,,55630,17,0,41,0,73,,55646,17,0,41,0,31,,55648,17,,,0,72,,55635,17,0,41,0,69,,55626,17,0,41,0,28,,55631,17,0,41,0,28,,55636,17,,,0,67,,55632,17,0,41,0,29,,55649,17,0,41,0,71,,55645,17,0,41,0,26,,55642,17,,,0,64,,55643,17,0,41,0,27,,55647,17,,,0,76,,55644,17,0,41,0,36,,55633,17,0,41,0,76,,55637,17,,,0
401,'S2-1_7',938,,55650,17,,,0,165,,55651,17,,,0,125,,55652,17,,,0,201,,55653,17,,,0,125,,55654,17,,,0,165,,55655,17,,,0,125,,55656,17,,,0
401,'S2-2_1',659,,55667,23,,,0,55,,55668,17,0,41,0,39,,55679,17,0,41,0,77,,55658,20,0,41,0,26,,55680,17,,,0,67,,55659,17,0,41,0,29,,55681,17,0,41,0,69,,55660,17,0,41,0,35,,55675,17,,,0,71,,55661,17,0,41,0,29,,55662,17,0,41,0,69,,55674,17,0,41,0,79,,55672,20,,,0,30,,55676,17,0,41,0,66,,55657,17,0,41,0,28,,55663,17,0,41,0,28,,55677,17,,,0,65,,55664,17,0,41,0,31,,55665,17,,,0,65,,55673,20,0,41,0,24,,55669,17,,,0,68,,55670,20,0,41,0,42,,55682,20,,,0,62,,55671,17,0,41,0,34,,55666,17,0,41,0,79,,55678,17,,,0
401,'S2-2_2',659,,55693,23,,,0,55,,55694,17,0,41,0,39,,55705,17,0,41,0,77,,55684,20,0,41,0,26,,55706,17,,,0,67,,55685,17,0,41,0,29,,55707,17,0,41,0,69,,55686,17,0,41,0,35,,55701,17,,,0,71,,55687,17,0,41,0,29,,55688,17,0,41,0,69,,55700,17,0,41,0,79,,55698,20,,,0,30,,55702,17,0,41,0,66,,55683,17,0,41,0,28,,55689,17,0,41,0,28,,55703,17,,,0,65,,55690,17,0,41,0,31,,55691,17,,,0,65,,55699,20,0,41,0,24,,55695,17,,,0,68,,55696,20,0,41,0,42,,55708,20,,,0,62,,55697,17,0,41,0,34,,55692,17,0,41,0,79,,55704,17,,,0
401,'S2-2_3',659,,55719,23,,,0,55,,55720,17,0,41,0,39,,55731,17,0,41,0,77,,55710,20,0,41,0,26,,55732,17,,,0,67,,55711,17,0,41,0,29,,55733,17,0,41,0,69,,55712,17,0,41,0,35,,55727,17,,,0,71,,55713,17,0,41,0,29,,55714,17,0,41,0,69,,55726,17,0,41,0,79,,55724,20,,,0,30,,55728,17,0,41,0,66,,55709,17,0,41,0,28,,55715,17,0,41,0,28,,55729,17,,,0,65,,55716,17,0,41,0,31,,55717,17,,,0,65,,55725,20,0,41,0,24,,55721,17,,,0,68,,55722,20,0,41,0,42,,55734,20,,,0,62,,55723,17,0,41,0,34,,55718,17,0,41,0,79,,55730,17,,,0
401,'S2-2_4',659,,55745,23,,,0,55,,55746,17,0,41,0,39,,55757,17,0,41,0,77,,55736,20,0,41,0,26,,55758,17,,,0,67,,55737,17,0,41,0,29,,55759,17,0,41,0,69,,55738,17,0,41,0,35,,55753,17,,,0,71,,55739,17,0,41,0,29,,55740,17,0,41,0,69,,55752,17,0,41,0,79,,55750,20,,,0,30,,55754,17,0,41,0,66,,55735,17,0,41,0,28,,55741,17,0,41,0,28,,55755,17,,,0,65,,55742,17,0,41,0,31,,55743,17,,,0,65,,55751,20,0,41,0,24,,55747,17,,,0,68,,55748,20,0,41,0,42,,55760,20,,,0,62,,55749,17,0,41,0,34,,55744,17,0,41,0,79,,55756,17,,,0
401,'S2-2_5',659,,55771,23,,,0,55,,55772,17,0,41,0,39,,55783,17,0,41,0,77,,55762,20,0,41,0,26,,55784,17,,,0,67,,55763,17,0,41,0,29,,55785,17,0,41,0,69,,55764,17,0,41,0,35,,55779,17,,,0,71,,55765,17,0,41,0,29,,55766,17,0,41,0,69,,55778,17,0,41,0,79,,55776,20,,,0,30,,55780,17,0,41,0,66,,55761,17,0,41,0,28,,55767,17,0,41,0,28,,55781,17,,,0,65,,55768,17,0,41,0,31,,55769,17,,,0,65,,55777,20,0,41,0,24,,55773,17,,,0,68,,55774,20,0,41,0,42,,55786,20,,,0,62,,55775,17,0,41,0,34,,55770,17,0,41,0,79,,55782,17,,,0
401,'S2-3_1',659,,55797,23,,,0,55,,55798,17,0,41,0,39,,55809,17,0,41,0,77,,55788,20,0,41,0,26,,55810,17,,,0,67,,55789,17,0,41,0,29,,55811,17,0,41,0,69,,55790,17,0,41,0,35,,55805,17,,,0,71,,55791,17,0,41,0,29,,55792,17,0,41,0,69,,55804,17,0,41,0,79,,55802,20,,,0,30,,55806,17,0,41,0,66,,55787,17,0,41,0,28,,55793,17,0,41,0,28,,55807,17,,,0,65,,55794,17,0,41,0,31,,55795,17,,,0,65,,55803,20,0,41,0,24,,55799,17,,,0,68,,55800,20,0,41,0,42,,55812,20,,,0,62,,55801,17,0,41,0,34,,55796,17,0,41,0,79,,55808,17,,,0
401,'S2-3_3',659,,55823,23,,,0,55,,55824,17,0,41,0,39,,55835,17,0,41,0,77,,55814,20,0,41,0,26,,55836,17,,,0,67,,55815,17,0,41,0,29,,55837,17,0,41,0,69,,55816,17,0,41,0,35,,55831,17,,,0,71,,55817,17,0,41,0,29,,55818,17,0,41,0,69,,55830,17,0,41,0,79,,55828,20,,,0,30,,55832,17,0,41,0,66,,55813,17,0,41,0,28,,55819,17,0,41,0,28,,55833,17,,,0,65,,55820,17,0,41,0,31,,55821,17,,,0,65,,55829,20,0,41,0,24,,55825,17,,,0,68,,55826,20,0,41,0,42,,55838,20,,,0,62,,55827,17,0,41,0,34,,55822,17,0,41,0,79,,55834,17,,,0
401,'S2-3_4',659,,55849,23,,,0,55,,55850,17,0,41,0,39,,55861,17,0,41,0,77,,55840,20,0,41,0,26,,55862,17,,,0,67,,55841,17,0,41,0,29,,55863,17,0,41,0,69,,55842,17,0,41,0,35,,55857,17,,,0,71,,55843,17,0,41,0,29,,55844,17,0,41,0,69,,55856,17,0,41,0,79,,55854,20,,,0,30,,55858,17,0,41,0,66,,55839,17,0,41,0,28,,55845,17,0,41,0,28,,55859,17,,,0,65,,55846,17,0,41,0,31,,55847,17,,,0,65,,55855,20,0,41,0,24,,55851,17,,,0,68,,55852,20,0,41,0,42,,55864,20,,,0,62,,55853,17,0,41,0,34,,55848,17,0,41,0,79,,55860,17,,,0
401,'S2-4_7',938,,55865,17,,,0,165,,55866,17,,,0,125,,55867,17,,,0,201,,55868,17,,,0,125,,55869,17,,,0,165,,55870,17,,,0,125,,55871,17,,,0
