1000,'S2-0_6',621,,57134,12,,,0,103,,57135,12,,,0,94,,57136,12,,,0,101,,57144,12,,,0,83,,57147,13,,,0,117,,57137,12,,,0,108,,57148,13,,,0,97,,57138,12,,,0,95,,57149,13,,,0,95,,57145,12,,,0,98,,57139,12,,,0,33,,57140,13,,,0,156,,57142,12,,,0,52,,57146,12,,,0,103,,57143,13,,,0,102,,57141,12,,,0
1000,'S2-1_7',1058,,57150,12,,,0,360,,57151,12,,,0,409,,57152,12,,,0,307,,57153,11,,,0
1000,'S2-2_1',624,,57154,11,,,0,97,,57155,11,,,0,120,,57156,11,0,18 30,0,89,,57157,12,,,0,102,,57162,11,0,18 30,0,97,,57158,12,0,18 30,0,112,,57163,11,0,18 30,0,105,,57164,11,0,18 30,0,102,,57159,12,,,0,93,,57165,11,,,0,115,,57160,12,,,0,146,,57166,11,,,0,120,,57161,12,0,18 30,0
1000,'S2-2_2',624,,57167,11,,,0,97,,57168,11,,,0,120,,57169,11,0,18 30,0,89,,57170,12,,,0,102,,57175,11,0,18 30,0,97,,57171,12,0,18 30,0,112,,57176,11,0,18 30,0,105,,57177,11,0,18 30,0,102,,57172,12,,,0,93,,57178,11,,,0,115,,57173,12,,,0,146,,57179,11,,,0,120,,57174,12,0,18 30,0
1000,'S2-2_3',624,,57180,11,,,0,97,,57181,11,,,0,120,,57182,11,0,18 30,0,89,,57183,12,,,0,102,,57188,11,0,18 30,0,97,,57184,12,0,18 30,0,112,,57189,11,0,18 30,0,105,,57190,11,0,18 30,0,102,,57185,12,,,0,93,,57191,11,,,0,115,,57186,12,,,0,146,,57192,11,,,0,120,,57187,12,0,18 30,0
1000,'S2-2_4',624,,57193,11,,,0,97,,57194,11,,,0,120,,57195,11,0,18 30,0,89,,57196,12,,,0,102,,57201,11,0,18 30,0,97,,57197,12,0,18 30,0,112,,57202,11,0,18 30,0,105,,57203,11,0,18 30,0,102,,57198,12,,,0,93,,57204,11,,,0,115,,57199,12,,,0,146,,57205,11,,,0,120,,57200,12,0,18 30,0
1000,'S2-2_5',624,,57206,11,,,0,97,,57207,11,,,0,120,,57208,11,0,18 30,0,89,,57209,12,,,0,102,,57214,11,0,18 30,0,97,,57210,12,0,18 30,0,112,,57215,11,0,18 30,0,105,,57216,11,0,18 30,0,102,,57211,12,,,0,93,,57217,11,,,0,115,,57212,12,,,0,146,,57218,11,,,0,120,,57213,12,0,18 30,0
1000,'S2-3_1',624,,57219,11,,,0,97,,57220,11,,,0,120,,57221,11,0,18 30,0,89,,57222,12,,,0,102,,57227,11,0,18 30,0,97,,57223,12,0,18 30,0,112,,57228,11,0,18 30,0,105,,57229,11,0,18 30,0,102,,57224,12,,,0,93,,57230,11,,,0,115,,57225,12,,,0,146,,57231,11,,,0,120,,57226,12,0,18 30,0
1000,'S2-3_3',624,,57232,11,,,0,97,,57233,11,,,0,120,,57234,11,0,18 30,0,89,,57235,12,,,0,102,,57240,11,0,18 30,0,97,,57236,12,0,18 30,0,112,,57241,11,0,18 30,0,105,,57242,11,0,18 30,0,102,,57237,12,,,0,93,,57243,11,,,0,115,,57238,12,,,0,146,,57244,11,,,0,120,,57239,12,0,18 30,0
1000,'S2-3_4',624,,57245,11,,,0,97,,57246,11,,,0,120,,57247,11,0,18 30,0,89,,57248,12,,,0,102,,57253,11,0,18 30,0,97,,57249,12,0,18 30,0,112,,57254,11,0,18 30,0,105,,57255,11,0,18 30,0,102,,57250,12,,,0,93,,57256,11,,,0,115,,57251,12,,,0,146,,57257,11,,,0,120,,57252,12,0,18 30,0
1000,'S2-4_7',624,,57258,11,,,0,97,,57259,11,,,0,120,,57260,11,0,18 30,0,89,,57261,12,,,0,102,,57266,11,0,18 30,0,97,,57262,12,0,18 30,0,112,,57267,11,0,18 30,0,105,,57268,11,0,18 30,0,102,,57263,12,,,0,93,,57269,11,,,0,115,,57264,12,,,0,146,,57270,11,,,0,120,,57265,12,0,18 30,0
