101,'S2-0_6',709,,53799,19,0,5,0,112,,53800,19,0,5,0,107,,53801,19,0,5,0,30,,53812,19,0,6,0,69,,53802,19,0,5,0,31,,53813,19,0,6,0,70,,53803,19,0,5,0,30,,53814,19,0,6,0,70,,53804,19,0,5,0,29,,53815,19,0,6,0,71,,53805,19,0,5,0,29,,53816,19,0,6,0,69,,53806,19,0,5,0,30,,53817,19,0,6,0,70,,53807,19,0,5,0,32,,53818,19,0,6,0,71,,53808,19,0,5,0,29,,53819,19,0,6,0,73,,53809,19,0,5,0,70,,53820,19,0,6,0,37,,53810,19,0,5,0,65,,53821,19,0,6,0,27,,53811,19,0,5,0
101,'S2-1_7',913,,53822,19,0,6,0,105,,53827,19,0,5,0,105,,53823,19,0,6,0,105,,53828,19,0,5,0,105,,53824,19,0,6,0,90,,53829,19,0,5,0,100,,53825,19,0,6,0,105,,53830,19,0,5,0,105,,53826,19,0,6,0,105,,53831,19,0,5,0
101,'S2-2_1',709,,53832,25,0,5,0,29,,53833,19,0,5,0,74,,53834,25,0,6,0,31,,53836,19,0,5,0,75,,53835,25,0,6,0,35,,53837,19,0,5,0,71,,53841,19,0,6,0,32,,53838,19,0,5,0,72,,53839,19,0,6,0,30,,53840,19,0,5,0,70,,53842,19,0,6,0,30,,53843,19,0,5,0,70,,53844,19,0,6,0,28,,53846,25,0,5,0,70,,53845,19,0,6,0,31,,53847,25,0,5,0,70,,53849,19,0,6,0,31,,53853,19,0,5,0,72,,53852,19,0,6,0,72,,53850,19,0,5,0,30,,53851,19,0,6,0,71,,53848,25,0,5,0,26,,53854,19,0,6,0,30,,53855,25,0,5,0,66,,53856,19,0,6,0
101,'S2-2_2',709,,53857,25,0,5,0,29,,53858,19,0,5,0,74,,53859,25,0,6,0,31,,53861,19,0,5,0,75,,53860,25,0,6,0,35,,53862,19,0,5,0,71,,53866,19,0,6,0,32,,53863,19,0,5,0,72,,53864,19,0,6,0,30,,53865,19,0,5,0,70,,53867,19,0,6,0,30,,53868,19,0,5,0,70,,53869,19,0,6,0,28,,53871,25,0,5,0,70,,53870,19,0,6,0,31,,53872,25,0,5,0,70,,53874,19,0,6,0,31,,53878,19,0,5,0,72,,53877,19,0,6,0,72,,53875,19,0,5,0,30,,53876,19,0,6,0,71,,53873,25,0,5,0,26,,53879,19,0,6,0,30,,53880,25,0,5,0,66,,53881,19,0,6,0
101,'S2-2_3',709,,53882,25,0,5,0,29,,53883,19,0,5,0,74,,53884,25,0,6,0,31,,53886,19,0,5,0,75,,53885,25,0,6,0,35,,53887,19,0,5,0,71,,53891,19,0,6,0,32,,53888,19,0,5,0,72,,53889,19,0,6,0,30,,53890,19,0,5,0,70,,53892,19,0,6,0,30,,53893,19,0,5,0,70,,53894,19,0,6,0,28,,53896,25,0,5,0,70,,53895,19,0,6,0,31,,53897,25,0,5,0,70,,53899,19,0,6,0,31,,53903,19,0,5,0,72,,53902,19,0,6,0,72,,53900,19,0,5,0,30,,53901,19,0,6,0,71,,53898,25,0,5,0,26,,53904,19,0,6,0,30,,53905,25,0,5,0,66,,53906,19,0,6,0
101,'S2-2_4',709,,53907,25,0,5,0,29,,53908,19,0,5,0,74,,53909,25,0,6,0,31,,53911,19,0,5,0,75,,53910,25,0,6,0,35,,53912,19,0,5,0,71,,53916,19,0,6,0,32,,53913,19,0,5,0,72,,53914,19,0,6,0,30,,53915,19,0,5,0,70,,53917,19,0,6,0,30,,53918,19,0,5,0,70,,53919,19,0,6,0,28,,53921,25,0,5,0,70,,53920,19,0,6,0,31,,53922,25,0,5,0,70,,53924,19,0,6,0,31,,53928,19,0,5,0,72,,53927,19,0,6,0,72,,53925,19,0,5,0,30,,53926,19,0,6,0,71,,53923,25,0,5,0,26,,53929,19,0,6,0,30,,53930,25,0,5,0,66,,53931,19,0,6,0
101,'S2-2_5',709,,53932,25,0,5,0,29,,53933,19,0,5,0,74,,53934,25,0,6,0,31,,53936,19,0,5,0,75,,53935,25,0,6,0,35,,53937,19,0,5,0,71,,53941,19,0,6,0,32,,53938,19,0,5,0,72,,53939,19,0,6,0,30,,53940,19,0,5,0,70,,53942,19,0,6,0,30,,53943,19,0,5,0,70,,53944,19,0,6,0,28,,53946,25,0,5,0,70,,53945,19,0,6,0,31,,53947,25,0,5,0,70,,53949,19,0,6,0,31,,53953,19,0,5,0,72,,53952,19,0,6,0,72,,53950,19,0,5,0,30,,53951,19,0,6,0,71,,53948,25,0,5,0,26,,53954,19,0,6,0,30,,53955,25,0,5,0,66,,53956,19,0,6,0
101,'S2-3_1',709,,53957,25,0,5,0,29,,53958,19,0,5,0,74,,53959,25,0,6,0,31,,53961,19,0,5,0,75,,53960,25,0,6,0,35,,53962,19,0,5,0,71,,53966,19,0,6,0,32,,53963,19,0,5,0,72,,53964,19,0,6,0,30,,53965,19,0,5,0,70,,53967,19,0,6,0,30,,53968,19,0,5,0,70,,53969,19,0,6,0,28,,53971,25,0,5,0,70,,53970,19,0,6,0,31,,53972,25,0,5,0,70,,53974,19,0,6,0,31,,53978,19,0,5,0,72,,53977,19,0,6,0,72,,53975,19,0,5,0,30,,53976,19,0,6,0,71,,53973,25,0,5,0,26,,53979,19,0,6,0,30,,53980,25,0,5,0,66,,53981,19,0,6,0
101,'S2-3_3',709,,53982,25,0,5,0,29,,53983,19,0,5,0,74,,53984,25,0,6,0,31,,53986,19,0,5,0,75,,53985,25,0,6,0,35,,53987,19,0,5,0,71,,53991,19,0,6,0,32,,53988,19,0,5,0,72,,53989,19,0,6,0,30,,53990,19,0,5,0,70,,53992,19,0,6,0,30,,53993,19,0,5,0,70,,53994,19,0,6,0,28,,53996,25,0,5,0,70,,53995,19,0,6,0,31,,53997,25,0,5,0,70,,53999,19,0,6,0,31,,54003,19,0,5,0,72,,54002,19,0,6,0,72,,54000,19,0,5,0,30,,54001,19,0,6,0,71,,53998,25,0,5,0,26,,54004,19,0,6,0,30,,54005,25,0,5,0,66,,54006,19,0,6,0
101,'S2-3_4',709,,54007,25,0,5,0,29,,54008,19,0,5,0,74,,54009,25,0,6,0,31,,54011,19,0,5,0,75,,54010,25,0,6,0,35,,54012,19,0,5,0,71,,54016,19,0,6,0,32,,54013,19,0,5,0,72,,54014,19,0,6,0,30,,54015,19,0,5,0,70,,54017,19,0,6,0,30,,54018,19,0,5,0,70,,54019,19,0,6,0,28,,54021,25,0,5,0,70,,54020,19,0,6,0,31,,54022,25,0,5,0,70,,54024,19,0,6,0,31,,54028,19,0,5,0,72,,54027,19,0,6,0,72,,54025,19,0,5,0,30,,54026,19,0,6,0,71,,54023,25,0,5,0,26,,54029,19,0,6,0,30,,54030,25,0,5,0,66,,54031,19,0,6,0
101,'S2-4_7',913,,54032,19,0,6,0,105,,54037,19,0,5,0,105,,54033,19,0,6,0,105,,54038,19,0,5,0,105,,54034,19,0,6,0,90,,54039,19,0,5,0,100,,54035,19,0,6,0,105,,54040,19,0,5,0,105,,54036,19,0,6,0,105,,54041,19,0,5,0
