101,'1_3',756,,48184,58,4,,0,68,,48185,58,4,,0,29,,48186,58,4,,0,95,,48190,52,4,,0,157,,48191,52,4,,0,114,,48192,52,4,,0,89,,48193,52,4,,0,114,,48187,58,4,,0,97,,48194,52,4,,0,100,,48195,52,4,,0,88,,48196,52,4,,0,38,,48197,52,4,,0,75,,48198,52,4,,0,37,,48188,58,4,,0,84,,48189,58,4,,0
101,'2_6',1042,,30142,52,4,,0,100,,30143,52,4,,0,98,,30144,52,4,,0,99,,30145,52,4,,0,100,,30146,52,4,,0,101,,30147,52,4,,0,103,,30148,52,4,,0,103,,30149,52,4,,0,100,,30150,52,4,,0,96,,30151,52,4,,0
101,'3_7',952,,30152,52,4,,0,250,,30153,52,4,,0,210,,30154,52,4,,0,190,,30155,52,4,,0,210,,30156,52,4,,0
101,'4_7',952,,46667,52,4,,0,250,,46668,52,4,,0,210,,46669,52,4,,0,190,,46670,52,4,,0,210,,46671,52,4,,0
101,'6_2',751,,43604,58,4,,0,73,,43605,58,4,,0,30,,43606,58,4,,0,95,,43610,52,4,,0,156,,43611,52,4,,0,118,,43612,52,4,,0,85,,43613,52,4,,0,111,,43607,58,4,,0,100,,43614,52,4,,0,96,,43615,52,4,,0,96,,43616,52,4,,0,105,,43618,52,4,,0,34,,43608,58,4,,0,95,,43609,58,4,,0
101,'6_3',751,,43632,58,4,,0,73,,43633,58,4,,0,30,,43634,58,4,,0,95,,43638,52,4,,0,156,,43639,52,4,,0,118,,43640,52,4,,0,85,,43641,52,4,,0,111,,43635,58,4,,0,100,,43642,52,4,,0,96,,43643,52,4,,0,96,,43644,52,4,,0,105,,43646,52,4,,0,34,,43636,58,4,,0,95,,43637,58,4,,0
101,'6_4',751,,43660,58,4,,0,73,,43661,58,4,,0,30,,43662,58,4,,0,95,,43666,52,4,,0,156,,43667,52,4,,0,118,,43668,52,4,,0,85,,43669,52,4,,0,111,,43663,58,4,,0,100,,43670,52,4,,0,96,,43671,52,4,,0,96,,43672,52,4,,0,105,,43674,52,4,,0,34,,43664,58,4,,0,95,,43665,58,4,,0
101,'7_1',756,,46677,58,4,,0,68,,46678,58,4,,0,29,,46679,58,4,,0,95,,46683,52,4,,0,157,,46684,52,4,,0,114,,46685,52,4,,0,89,,46686,52,4,,0,114,,46680,58,4,,0,97,,46687,52,4,,0,100,,46688,52,4,,0,88,,46689,52,4,,0,38,,46690,52,4,,0,75,,46691,52,4,,0,37,,46681,58,4,,0,84,,46682,58,4,,0
101,'7_2',756,,48217,58,4,,0,68,,48218,58,4,,0,29,,48219,58,4,,0,95,,48223,52,4,,0,157,,48224,52,4,,0,114,,48225,52,4,,0,89,,48226,52,4,,0,114,,48220,58,4,,0,97,,48227,52,4,,0,100,,48228,52,4,,0,88,,48229,52,4,,0,38,,48230,52,4,,0,75,,48231,52,4,,0,37,,48221,58,4,,0,84,,48222,58,4,,0
101,'7_4',756,,48250,58,4,,0,68,,48251,58,4,,0,29,,48252,58,4,,0,95,,48256,52,4,,0,157,,48257,52,4,,0,114,,48258,52,4,,0,89,,48259,52,4,,0,114,,48253,58,4,,0,97,,48260,52,4,,0,100,,48261,52,4,,0,88,,48262,52,4,,0,38,,48263,52,4,,0,75,,48264,52,4,,0,37,,48254,58,4,,0,84,,48255,58,4,,0
101,'8_7',952,,51857,52,4,,0,250,,51858,52,4,,0,210,,51859,52,4,,0,190,,51860,52,4,,0,210,,51861,52,4,,0
