700,'S2-1_6',735,,9398,27,4,,0,110,,9399,27,4,,0,112,,9400,27,4,,0,150,,9401,27,4,,0,110,,9402,27,4,,0,110,,9403,27,4,,0,111,,9404,27,4,,0,109,,9405,27,4,,0,111,,9406,27,4,,0,150,,9396,27,4,,0,107,,9397,27,4,,0
700,'S2-5_1',737,,9407,27,4,,0,110,,9409,27,4,,0,112,,9410,27,4,,0,150,,9411,27,4,,0,110,,9412,27,4,,0,110,,9413,27,4,,0,110,,9414,27,4,,0,110,,9415,27,4,,0,153,,9416,27,4,,0,110,,9417,27,4,,0,104,,9408,27,4,,0
700,'S2-5_2',737,,9418,27,4,,0,110,,9420,27,4,,0,112,,9421,27,4,,0,150,,9422,27,4,,0,110,,9423,27,4,,0,110,,9424,27,4,,0,110,,9425,27,4,,0,110,,9426,27,4,,0,153,,9427,27,4,,0,110,,9428,27,4,,0,104,,9419,27,4,,0
700,'S2-5_4',737,,9429,27,4,,0,110,,9431,27,4,,0,112,,9432,27,4,,0,150,,9433,27,4,,0,110,,9434,27,4,,0,110,,9435,27,4,,0,110,,9436,27,4,,0,110,,9437,27,4,,0,153,,9438,27,4,,0,110,,9439,27,4,,0,104,,9430,27,4,,0
700,'S2-5_5',737,,9440,27,4,,0,110,,9442,27,4,,0,112,,9443,27,4,,0,150,,9444,27,4,,0,110,,9445,27,4,,0,110,,9446,27,4,,0,110,,9447,27,4,,0,110,,9448,27,4,,0,153,,9449,27,4,,0,110,,9450,27,4,,0,104,,9441,27,4,,0
700,'S2-6_3',737,,9451,27,4,,0,110,,9453,27,4,,0,112,,9454,27,4,,0,150,,9455,27,4,,0,110,,9456,27,4,,0,110,,9457,27,4,,0,110,,9458,27,4,,0,110,,9459,27,4,,0,153,,9460,27,4,,0,110,,9461,27,4,,0,104,,9452,27,4,,0
2400,'S2-5_1',748,,10740,23,4,,0,868,,10741,18,4,,0,104,,10742,18,4,,0,94,,10743,18,4,,0
2400,'S2-5_2',748,,10744,23,4,,0,868,,10745,18,4,,0,104,,10746,18,4,,0,94,,10747,18,4,,0
2400,'S2-5_4',748,,10748,23,4,,0,868,,10749,18,4,,0,104,,10750,18,4,,0,94,,10751,18,4,,0
2400,'S2-5_5',748,,10752,23,4,,0,868,,10753,18,4,,0,104,,10754,18,4,,0,94,,10755,18,4,,0
2400,'S2-6_3',748,,10756,23,4,,0,490,,10757,18,4,,0
2401,'S2-5_1',1616,,10759,1,,,0,104,,10760,1,,,0,94,,10761,1,,,0
2401,'S2-5_2',1616,,10763,1,,,0,104,,10764,1,,,0,94,,10765,1,,,0
2401,'S2-5_4',1616,,10767,1,,,0,104,,10768,1,,,0,94,,10769,1,,,0
2401,'S2-5_5',1616,,10771,1,,,0,104,,10772,1,,,0,94,,10773,1,,,0
2401,'S2-6_3',1238,,10775,1,,,0
900500,'S2-5_4',2138,,11452,18,,,0,90,,11453,18,,,0,90,,11454,18,,,0,90,,11455,18,,,0,48,,11456,18,,,0
