'2409-HIV-25d28H-s-Samedi-00',1500,73400,,'',0,2100,,'',0,15400,,'',0,11700,,'',0,11800,,'',0,8000,,'',0,3500,,'',0,9700,,'',0,15900,0,'Pollestres Europe',0,10300,,'',0,10800,,'',0,9800,,'',0,11200,,'',0
'2409-HIV-25d28H-w-Mercredi-00',1500,73400,,'',0,2100,,'',0,15400,,'',0,11700,,'',0,11800,,'',0,8000,,'',0,3500,,'',0,9700,,'',0,15900,0,'Pollestres Europe',0,10300,,'',0,10800,,'',0,9800,,'',0,11200,,'',0
'2409-HIV-25d28Hlv-L-Ma-J-V-00',1500,73400,,'',0,2100,,'',0,15400,,'',0,11700,,'',0,11800,,'',0,8000,,'',0,3500,,'',0,9700,,'',0,15900,0,'Pollestres Europe',0,10300,,'',0,10800,,'',0,9800,,'',0,11200,,'',0
'2409-HIV-25e11H-d-Dimanche-00',1500,84800,,'',0,27600,,'',0,30000,,'',0,32700,,'',0
'2409-HIV-25e29H-d-Dimanche-00',1500,84800,,'',0,27600,,'',0,30000,,'',0,32700,,'',0
'2409-HIV-25d28H-w-Mercredi-00',2000,164700,,'',0,10500,,'',0,9100,,'',0
'2409-HIV-25d28H-w-Mercredi-00-0010000',2000,124600,,'',0
'2409-HIV-25d28Hlv-L-Ma-J-V-00',2000,164700,,'',0,10500,,'',0,9100,,'',0
'2409-HIV-25e11H-d-Dimanche-00',2000,92500,,'',0,90300,,'',0
'2409-HIV-25e29H-d-Dimanche-00',2000,92500,,'',0,90300,,'',0
'2409-HIV-25d28H-s-Samedi-00',4000000,64500,0,'Tourné',0,5800,0,'Baillat',0,2800,0,'Tourné',0,2000,0,'Baillat',0,6000,0,'Tourné',0,2000,0,'Baillat',0,2000,0,'Tourné',0,6000,0,'Baillat',0,2000,0,'Tourné',0,2000,0,'Baillat',0,6100,0,'Tourné',0,2000,0,'Baillat',0,2100,0,'Tourné',0,6100,0,'Baillat',0,2000,0,'Tourné',0,2000,0,'Baillat',0,5900,0,'Tourné',0,1800,0,'Baillat',0,1900,0,'Tourné',0,6000,0,'Baillat',0,2000,0,'Tourné',0,2000,0,'Baillat',0,6100,0,'Tourné',0,2100,0,'Baillat',0,2000,0,'Tourné',0,6100,0,'Baillat',0,2000,0,'Tourné',0,2100,0,'Baillat',0,6300,0,'Tourné',0,2100,0,'Baillat',0,2000,0,'Tourné',0,6000,0,'Baillat',0,1900,0,'Tourné',0,2000,0,'Baillat',0,5900,0,'Tourné',0,1700,0,'Baillat',0,1900,0,'Tourné',0,6000,0,'Baillat',0,1800,0,'Tourné',0,2000,0,'Baillat',0,6000,0,'Tourné',0,2000,0,'Baillat',0
'2409-HIV-25d28H-w-Mercredi-00',4000000,64500,0,'Tourné',0,5800,0,'Baillat',0,2800,0,'Tourné',0,2300,0,'Baillat',0,5900,0,'Tourné',0,1900,0,'Baillat',0,2200,0,'Tourné',0,6000,0,'Baillat',0,1700,0,'Tourné',0,1900,0,'Baillat',0,5800,0,'Tourné',0,2000,0,'Baillat',0,2100,0,'Tourné',0,6000,0,'Baillat',0,2000,0,'Tourné',0,2000,0,'Baillat',0,6100,0,'Tourné',0,1900,0,'Baillat',0,1900,0,'Tourné',0,6000,0,'Baillat',0,2100,0,'Tourné',0,2000,0,'Baillat',0,6000,0,'Tourné',0,2000,0,'Baillat',0,2200,0,'Tourné',0,5900,0,'Baillat',0,2300,0,'Tourné',0,1900,0,'Baillat',0,6200,0,'Tourné',0,1900,0,'Baillat',0,2300,0,'Tourné',0,6400,0,'Baillat',0,2100,0,'Tourné',0,6100,0,'Baillat',0,1900,0,'Tourné',0,1900,0,'Baillat',0,1700,0,'Tourné',0,5600,0,'Baillat',0,1800,0,'Tourné',0,2000,0,'Baillat',0,5900,0,'Tourné',0,1900,0,'Baillat',0
'2409-HIV-25d28Hlv-L-Ma-J-V-00',4000000,64500,0,'Tourné',0,5800,0,'Baillat',0,2800,0,'Tourné',0,2300,0,'Baillat',0,5900,0,'Tourné',0,1900,0,'Baillat',0,2200,0,'Tourné',0,6000,0,'Baillat',0,1700,0,'Tourné',0,1900,0,'Baillat',0,5800,0,'Tourné',0,2000,0,'Baillat',0,2100,0,'Tourné',0,6000,0,'Baillat',0,2000,0,'Tourné',0,2000,0,'Baillat',0,6100,0,'Tourné',0,1900,0,'Baillat',0,1900,0,'Tourné',0,6000,0,'Baillat',0,2100,0,'Tourné',0,2000,0,'Baillat',0,6000,0,'Tourné',0,2000,0,'Baillat',0,2200,0,'Tourné',0,5900,0,'Baillat',0,2300,0,'Tourné',0,1900,0,'Baillat',0,6200,0,'Tourné',0,1900,0,'Baillat',0,2300,0,'Tourné',0,6400,0,'Baillat',0,2100,0,'Tourné',0,6100,0,'Baillat',0,1900,0,'Tourné',0,1900,0,'Baillat',0,1700,0,'Tourné',0,5600,0,'Baillat',0,1800,0,'Tourné',0,2000,0,'Baillat',0,5900,0,'Tourné',0,1900,0,'Baillat',0
'2409-HIV-25e11H-d-Dimanche-00',4000000,83200,0,'Baillat',0,11000,0,'Tourné',0,11000,0,'Baillat',0,15000,0,'Tourné',0,11000,0,'Baillat',0,11000,0,'Tourné',0,11000,0,'Baillat',0,11000,0,'Tourné',0,11000,0,'Baillat',0,15000,0,'Tourné',0
'2409-HIV-25e29H-d-Dimanche-00',4000000,83200,0,'Baillat',0,11000,0,'Tourné',0,11000,0,'Baillat',0,15000,0,'Tourné',0,11000,0,'Baillat',0,11000,0,'Tourné',0,11000,0,'Baillat',0,11000,0,'Tourné',0,11000,0,'Baillat',0,15000,0,'Tourné',0
