1100,'2509-HIV-25j05H-d-Dimanche-00',821,,11165,,,0,918,,11166,,,0
1100,'2509-HIV-25j26H-d-Dimanche-00',821,,11167,,,0,918,,11168,,,0
1100,'2509-HIV-25k03H-s-Samedi-00',649,,11169,,,0,160,,11170,,,0,905,,11171,,,0,119,,11172,,,0
1100,'2509-HIV-25l22Vlv-Semaine-00',649,,11173,,,0,160,,11174,,,0,905,,11175,,,0,119,,11176,,,0
1100,'2509-HIV-26a05H-s-Samedi-00',649,,11177,,,0,160,,11178,,,0,905,,11179,,,0,119,,11180,,,0
1100,'2509-HIV-26a05H-w-Mercredi-00',649,,11181,,,0,160,,11182,,,0,905,,11183,,,0,119,,11184,,,0
1100,'2509-HIV-26a05Hlv-L-Ma-J-V-00',649,,11185,,,0,160,,11186,,,0,905,,11187,,,0,119,,11188,,,0
1100,'2509-HIV-26b23Vlv-Semaine-00',649,,11189,,,0,160,,11190,,,0,905,,11191,,,0,119,,11192,,,0
1100,'2509-HIV-26c02Vlv-Semaine-00',649,,11193,,,0,160,,11194,,,0,905,,11195,,,0,119,,11196,,,0
1101,'2509-HIV-25j05H-d-Dimanche-00',958,,11197,,,0,960,,11198,,,0
1101,'2509-HIV-25j26H-d-Dimanche-00',958,,11199,,,0,960,,11200,,,0
1101,'2509-HIV-25k03H-s-Samedi-00',1645,,11201,,,0,159,,11202,,,0
1101,'2509-HIV-25l22Vlv-Semaine-00',1645,,11203,,,0,159,,11204,,,0
1101,'2509-HIV-26a05H-s-Samedi-00',1645,,11205,,,0,159,,11206,,,0
1101,'2509-HIV-26a05H-w-Mercredi-00',1645,,11207,,,0,159,,11208,,,0,54,,11209,,,0
1101,'2509-HIV-26a05Hlv-L-Ma-J-V-00',1645,,11210,,,0,159,,11211,,,0,54,,11212,,,0
1101,'2509-HIV-26b23Vlv-Semaine-00',1645,,11213,,,0,159,,11214,,,0
1101,'2509-HIV-26c02Vlv-Semaine-00',1645,,11215,,,0,159,,11216,,,0
