1000,'S2-0_6',642,,57134,25,,,0,103,,57135,25,,,0,94,,57136,25,,,0,101,,57144,25,,,0,83,,57147,26,,,0,117,,57137,25,,,0,108,,57148,26,,,0,98,,57138,25,,,0,95,,57149,26,,,0,95,,57145,25,,,0,98,,57139,25,,,0,73,,57140,26,,,0,115,,57142,25,,,0,92,,57146,25,,,0,103,,57143,26,,,0,102,,57141,25,,,0
1000,'S2-1_7',1115,,57150,25,,,0,321,,57151,25,,,0,408,,57152,25,,,0,307,,57153,24,,,0
1000,'S2-2_1',641,,57154,24,,,0,97,,57155,24,,,0,120,,57156,24,0,18 30,0,89,,57157,25,,,0,102,,57162,24,0,18 30,0,97,,57158,25,0,18 30,0,112,,57163,24,0,18 30,0,146,,57164,24,0,18 30,0,102,,57159,25,,,0,53,,57165,24,,,0,155,,57160,25,,,0,105,,57166,24,,,0,120,,57161,25,0,18 30,0
1000,'S2-2_2',641,,57167,24,,,0,97,,57168,24,,,0,120,,57169,24,0,18 30,0,89,,57170,25,,,0,102,,57175,24,0,18 30,0,97,,57171,25,0,18 30,0,112,,57176,24,0,18 30,0,146,,57177,24,0,18 30,0,102,,57172,25,,,0,53,,57178,24,,,0,155,,57173,25,,,0,105,,57179,24,,,0,120,,57174,25,0,18 30,0
1000,'S2-2_3',641,,57180,24,,,0,97,,57181,24,,,0,120,,57182,24,0,18 30,0,89,,57183,25,,,0,102,,57188,24,0,18 30,0,97,,57184,25,0,18 30,0,112,,57189,24,0,18 30,0,146,,57190,24,0,18 30,0,102,,57185,25,,,0,53,,57191,24,,,0,155,,57186,25,,,0,105,,57192,24,,,0,120,,57187,25,0,18 30,0
1000,'S2-2_4',641,,57193,24,,,0,97,,57194,24,,,0,120,,57195,24,0,18 30,0,89,,57196,25,,,0,102,,57201,24,0,18 30,0,97,,57197,25,0,18 30,0,112,,57202,24,0,18 30,0,146,,57203,24,0,18 30,0,102,,57198,25,,,0,53,,57204,24,,,0,155,,57199,25,,,0,105,,57205,24,,,0,120,,57200,25,0,18 30,0
1000,'S2-2_5',641,,57206,24,,,0,97,,57207,24,,,0,120,,57208,24,0,18 30,0,89,,57209,25,,,0,102,,57214,24,0,18 30,0,97,,57210,25,0,18 30,0,112,,57215,24,0,18 30,0,146,,57216,24,0,18 30,0,102,,57211,25,,,0,53,,57217,24,,,0,155,,57212,25,,,0,105,,57218,24,,,0,120,,57213,25,0,18 30,0
1000,'S2-3_1',641,,57219,24,,,0,97,,57220,24,,,0,120,,57221,24,0,18 30,0,89,,57222,25,,,0,102,,57227,24,0,18 30,0,97,,57223,25,0,18 30,0,112,,57228,24,0,18 30,0,146,,57229,24,0,18 30,0,102,,57224,25,,,0,53,,57230,24,,,0,155,,57225,25,,,0,105,,57231,24,,,0,120,,57226,25,0,18 30,0
1000,'S2-3_3',641,,57232,24,,,0,97,,57233,24,,,0,120,,57234,24,0,18 30,0,89,,57235,25,,,0,102,,57240,24,0,18 30,0,97,,57236,25,0,18 30,0,112,,57241,24,0,18 30,0,146,,57242,24,0,18 30,0,102,,57237,25,,,0,53,,57243,24,,,0,155,,57238,25,,,0,105,,57244,24,,,0,120,,57239,25,0,18 30,0
1000,'S2-3_4',641,,57245,24,,,0,97,,57246,24,,,0,120,,57247,24,0,18 30,0,89,,57248,25,,,0,102,,57253,24,0,18 30,0,97,,57249,25,0,18 30,0,112,,57254,24,0,18 30,0,146,,57255,24,0,18 30,0,102,,57250,25,,,0,53,,57256,24,,,0,155,,57251,25,,,0,105,,57257,24,,,0,120,,57252,25,0,18 30,0
1000,'S2-4_7',641,,57258,24,,,0,97,,57259,24,,,0,120,,57260,24,0,18 30,0,89,,57261,25,,,0,102,,57266,24,0,18 30,0,97,,57262,25,0,18 30,0,112,,57267,24,0,18 30,0,146,,57268,24,0,18 30,0,102,,57263,25,,,0,53,,57269,24,,,0,155,,57264,25,,,0,105,,57270,24,,,0,120,,57265,25,0,18 30,0
