900601,'2_6',801,,33991,12,,,0,130,,33992,12,,,0,170,,33993,12,,,0,135,,33994,12,,,0,120,,33995,12,,,0,175,,33996,12,,,0,125,,33997,12,,,0,170,,33998,12,,,0
900601,'5_1',801,,37855,12,,,0,130,,37856,12,,,0,170,,37857,12,,,0,135,,37858,12,,,0,120,,37859,12,,,0,175,,37860,12,,,0,125,,37861,12,,,0,170,,37862,12,,,0
900601,'5_2',801,,41010,12,,,0,130,,41011,12,,,0,170,,41012,12,,,0,135,,41013,12,,,0,120,,41014,12,,,0,175,,41015,12,,,0,125,,41016,12,,,0,170,,41017,12,,,0
900601,'5_3',801,,41018,12,,,0,130,,41019,12,,,0,170,,41020,12,,,0,135,,41021,12,,,0,120,,41022,12,,,0,175,,41023,12,,,0,125,,41024,12,,,0,170,,41025,12,,,0
900601,'5_4',801,,41026,12,,,0,130,,41027,12,,,0,170,,41028,12,,,0,135,,41029,12,,,0,120,,41030,12,,,0,175,,41031,12,,,0,125,,41032,12,,,0,170,,41033,12,,,0
900601,'5_5',801,,41034,12,,,0,130,,41035,12,,,0,170,,41036,12,,,0,135,,41037,12,,,0,120,,41038,12,,,0,175,,41039,12,,,0,125,,41040,12,,,0,170,,41041,12,,,0
900601,'6_1',801,,41042,12,,,0,130,,41043,12,,,0,170,,41044,12,,,0,135,,41045,12,,,0,120,,41046,12,,,0,175,,41047,12,,,0,125,,41048,12,,,0,170,,41049,12,,,0
900601,'6_2',801,,45116,12,,,0,130,,45117,12,,,0,170,,45118,12,,,0,135,,45119,12,,,0,120,,45120,12,,,0,175,,45121,12,,,0,125,,45122,12,,,0,170,,45123,12,,,0
900601,'6_3',801,,45124,12,,,0,130,,45125,12,,,0,170,,45126,12,,,0,135,,45127,12,,,0,120,,45128,12,,,0,175,,45129,12,,,0,125,,45130,12,,,0,170,,45131,12,,,0
900601,'6_4',801,,45132,12,,,0,130,,45133,12,,,0,170,,45134,12,,,0,135,,45135,12,,,0,120,,45136,12,,,0,175,,45137,12,,,0,125,,45138,12,,,0,170,,45139,12,,,0
