1100,'1_6',649,,17412,11,,,0,160,,17413,11,,,0,905,,17414,11,,,0,119,,17415,11,,,0
1100,'5_1',649,,17416,11,,,0,160,,17417,11,,,0,905,,17418,11,,,0,119,,17419,11,,,0
1100,'5_2',649,,17420,11,,,0,160,,17421,11,,,0,905,,17422,11,,,0,119,,17423,11,,,0
1100,'5_4',649,,17424,11,,,0,160,,17425,11,,,0,905,,17426,11,,,0,119,,17427,11,,,0
1100,'5_5',649,,17428,11,,,0,160,,17429,11,,,0,905,,17430,11,,,0,119,,17431,11,,,0
1100,'6_3',649,,17432,11,,,0,160,,17433,11,,,0,905,,17434,11,,,0,119,,17435,11,,,0
1101,'1_6',1645,,17436,13,,,0,159,,17437,13,,,0
1101,'5_1',1645,,17438,13,,,0,159,,17439,13,,,0,54,,17440,13,,,0
1101,'5_2',1645,,17441,13,,,0,159,,17442,13,,,0,54,,17443,13,,,0
1101,'5_4',1645,,17444,13,,,0,159,,17445,13,,,0,54,,17446,13,,,0
1101,'5_5',1645,,17447,13,,,0,159,,17448,13,,,0,54,,17449,13,,,0
1101,'6_3',1645,,17450,13,,,0,159,,17451,13,,,0,54,,17452,13,,,0
