601,'S2-0_6',610,,56331,6,,,0,102,,56332,6,,,0,35,,56333,6,,,0,99,,56334,6,,,0,92,,56335,6,,,0,101,,56336,6,,,0,84,,56337,6,,,0,98,,56338,6,,,0,38,,56346,6,,,0,94,,56347,6,0,69,0,84,,56339,6,,,0,87,,56340,6,,,0,94,,56341,6,,,0,90,,56342,6,,,0,51,,56343,6,,,0,91,,56344,6,,,0,86,,56345,6,,,0
601,'S2-1_7',813,,56348,6,0,69,0,105,,56349,6,0,69,0,115,,56350,6,0,69,0,118,,56351,6,0,69,0,197,,56352,6,0,69,0,162,,56353,6,0,69,0,111,,56354,6,0,69,0,106,,56355,6,0,69,0,108,,56356,6,0,69,0
601,'S2-2_1',610,,56357,6,,,0,102,,56358,6,,,0,35,,56359,6,,,0,99,,56360,6,,,0,92,,56361,6,,,0,101,,56362,6,,,0,84,,56363,6,,,0,98,,56364,6,,,0,38,,56372,6,,,0,94,,56373,6,0,69,0,84,,56365,6,,,0,87,,56366,6,,,0,94,,56367,6,,,0,90,,56368,6,,,0,51,,56369,6,,,0,91,,56370,6,,,0,86,,56371,6,,,0
601,'S2-2_2',610,,56374,6,,,0,102,,56375,6,,,0,35,,56376,6,,,0,99,,56377,6,,,0,92,,56378,6,,,0,101,,56379,6,,,0,84,,56380,6,,,0,98,,56381,6,,,0,38,,56389,6,,,0,94,,56390,6,0,69,0,84,,56382,6,,,0,87,,56383,6,,,0,94,,56384,6,,,0,90,,56385,6,,,0,51,,56386,6,,,0,91,,56387,6,,,0,86,,56388,6,,,0
601,'S2-2_3',610,,56391,6,,,0,102,,56392,6,,,0,35,,56393,6,,,0,99,,56394,6,,,0,92,,56395,6,,,0,101,,56396,6,,,0,84,,56397,6,,,0,98,,56398,6,,,0,38,,56406,6,,,0,94,,56407,6,0,69,0,84,,56399,6,,,0,87,,56400,6,,,0,94,,56401,6,,,0,90,,56402,6,,,0,51,,56403,6,,,0,91,,56404,6,,,0,86,,56405,6,,,0
601,'S2-2_4',610,,56408,6,,,0,102,,56409,6,,,0,35,,56410,6,,,0,99,,56411,6,,,0,92,,56412,6,,,0,101,,56413,6,,,0,84,,56414,6,,,0,98,,56415,6,,,0,38,,56423,6,,,0,94,,56424,6,0,69,0,84,,56416,6,,,0,87,,56417,6,,,0,94,,56418,6,,,0,90,,56419,6,,,0,51,,56420,6,,,0,91,,56421,6,,,0,86,,56422,6,,,0
601,'S2-2_5',610,,56425,6,,,0,102,,56426,6,,,0,35,,56427,6,,,0,99,,56428,6,,,0,92,,56429,6,,,0,101,,56430,6,,,0,84,,56431,6,,,0,98,,56432,6,,,0,38,,56440,6,,,0,94,,56441,6,0,69,0,84,,56433,6,,,0,87,,56434,6,,,0,94,,56435,6,,,0,90,,56436,6,,,0,51,,56437,6,,,0,91,,56438,6,,,0,86,,56439,6,,,0
601,'S2-3_1',610,,56442,6,,,0,102,,56443,6,,,0,35,,56444,6,,,0,99,,56445,6,,,0,92,,56446,6,,,0,101,,56447,6,,,0,84,,56448,6,,,0,98,,56449,6,,,0,38,,56457,6,,,0,94,,56458,6,0,69,0,84,,56450,6,,,0,87,,56451,6,,,0,94,,56452,6,,,0,90,,56453,6,,,0,51,,56454,6,,,0,91,,56455,6,,,0,86,,56456,6,,,0
601,'S2-3_3',610,,56459,6,,,0,102,,56460,6,,,0,35,,56461,6,,,0,99,,56462,6,,,0,92,,56463,6,,,0,101,,56464,6,,,0,84,,56465,6,,,0,98,,56466,6,,,0,38,,56474,6,,,0,94,,56475,6,0,69,0,84,,56467,6,,,0,87,,56468,6,,,0,94,,56469,6,,,0,90,,56470,6,,,0,51,,56471,6,,,0,91,,56472,6,,,0,86,,56473,6,,,0
601,'S2-3_4',610,,56476,6,,,0,102,,56477,6,,,0,35,,56478,6,,,0,99,,56479,6,,,0,92,,56480,6,,,0,101,,56481,6,,,0,84,,56482,6,,,0,98,,56483,6,,,0,38,,56491,6,,,0,94,,56492,6,0,69,0,84,,56484,6,,,0,87,,56485,6,,,0,94,,56486,6,,,0,90,,56487,6,,,0,51,,56488,6,,,0,91,,56489,6,,,0,86,,56490,6,,,0
601,'S2-4_7',813,,56493,6,0,69,0,105,,56494,6,0,69,0,115,,56495,6,0,69,0,118,,56496,6,0,69,0,197,,56497,6,0,69,0,162,,56498,6,0,69,0,111,,56499,6,0,69,0,106,,56500,6,0,69,0,108,,56501,6,0,69,0
901,'S2-0_6',737,,57017,2,,,0,99,,57025,2,0,66,0,264,,57028,2,,,0,56,,57026,2,0,66,0,366,,57029,2,,,0,91,,57018,2,,,0,95,,57019,2,,,0,129,,57020,2,,,0,95,,57021,2,,,0
901,'S2-2_1',737,,57030,2,,,0,99,,57038,2,0,66,0,264,,57041,2,,,0,56,,57039,2,0,66,0,366,,57042,2,,,0,91,,57031,2,,,0,95,,57032,2,,,0,129,,57033,2,,,0,95,,57034,2,,,0
901,'S2-2_2',737,,57043,2,,,0,99,,57051,2,0,66,0,264,,57054,2,,,0,56,,57052,2,0,66,0,366,,57055,2,,,0,91,,57044,2,,,0,95,,57045,2,,,0,129,,57046,2,,,0,95,,57047,2,,,0
901,'S2-2_3',737,,57056,2,,,0,99,,57064,2,0,66,0,264,,57067,2,,,0,56,,57065,2,0,66,0,366,,57068,2,,,0,91,,57057,2,,,0,95,,57058,2,,,0,129,,57059,2,,,0,95,,57060,2,,,0
901,'S2-2_4',737,,57069,2,,,0,99,,57077,2,0,66,0,264,,57080,2,,,0,56,,57078,2,0,66,0,366,,57081,2,,,0,91,,57070,2,,,0,95,,57071,2,,,0,129,,57072,2,,,0,95,,57073,2,,,0
901,'S2-2_5',737,,57082,2,,,0,99,,57090,2,0,66,0,264,,57093,2,,,0,56,,57091,2,0,66,0,366,,57094,2,,,0,91,,57083,2,,,0,95,,57084,2,,,0,129,,57085,2,,,0,95,,57086,2,,,0
901,'S2-3_1',737,,57095,2,,,0,99,,57103,2,0,66,0,264,,57106,2,,,0,56,,57104,2,0,66,0,366,,57107,2,,,0,91,,57096,2,,,0,95,,57097,2,,,0,129,,57098,2,,,0,95,,57099,2,,,0
901,'S2-3_3',737,,57108,2,,,0,99,,57116,2,0,66,0,264,,57119,2,,,0,56,,57117,2,0,66,0,366,,57120,2,,,0,91,,57109,2,,,0,95,,57110,2,,,0,129,,57111,2,,,0,95,,57112,2,,,0
901,'S2-3_4',737,,57121,2,,,0,99,,57129,2,0,66,0,264,,57132,2,,,0,56,,57130,2,0,66,0,366,,57133,2,,,0,91,,57122,2,,,0,95,,57123,2,,,0,129,,57124,2,,,0,95,,57125,2,,,0
2601,'S2-0_6',738,,58362,18,,,0,86,,58365,18,,,0,85,,58366,18,,,0,47,,58367,18,,,0,90,,58368,18,,,0,84,,58369,18,,,0,83,,58370,18,,,0,45,,58371,18,,,0,82,,58372,18,,,0,85,,58373,18,,,0,86,,58374,18,,,0,90,,58375,18,,,0,46,,58376,18,,,0,81,,58377,18,,,0,86,,58378,18,,,0,43,,58364,18,,,0,81,,58363,18,,,0
2601,'S2-2_1',738,,58379,18,,,0,86,,58380,18,,,0,85,,58381,18,,,0,47,,58382,18,,,0,90,,58383,18,,,0,84,,58384,18,,,0,83,,58385,18,,,0,45,,58386,18,,,0,82,,58387,18,,,0,85,,58388,18,,,0,86,,58389,18,,,0,90,,58390,18,,,0,46,,58391,18,,,0,81,,58392,18,,,0,86,,58393,18,,,0,43,,58394,18,,,0,81,,58395,18,,,0
2601,'S2-2_2',738,,58396,18,,,0,86,,58397,18,,,0,85,,58398,18,,,0,47,,58399,18,,,0,90,,58400,18,,,0,84,,58401,18,,,0,83,,58402,18,,,0,45,,58403,18,,,0,82,,58404,18,,,0,85,,58405,18,,,0,86,,58406,18,,,0,90,,58407,18,,,0,46,,58408,18,,,0,81,,58409,18,,,0,86,,58410,18,,,0,43,,58411,18,,,0,81,,58412,18,,,0
2601,'S2-2_3',738,,58413,18,,,0,86,,58414,18,,,0,85,,58415,18,,,0,47,,58416,18,,,0,90,,58417,18,,,0,84,,58418,18,,,0,83,,58419,18,,,0,45,,58420,18,,,0,82,,58421,18,,,0,85,,58422,18,,,0,86,,58423,18,,,0,90,,58424,18,,,0,46,,58425,18,,,0,81,,58426,18,,,0,86,,58427,18,,,0,43,,58428,18,,,0,81,,58429,18,,,0
2601,'S2-2_4',738,,58430,18,,,0,86,,58431,18,,,0,85,,58432,18,,,0,47,,58433,18,,,0,90,,58434,18,,,0,84,,58435,18,,,0,83,,58436,18,,,0,45,,58437,18,,,0,82,,58438,18,,,0,85,,58439,18,,,0,86,,58440,18,,,0,90,,58441,18,,,0,46,,58442,18,,,0,81,,58443,18,,,0,86,,58444,18,,,0,43,,58445,18,,,0,81,,58446,18,,,0
2601,'S2-2_5',738,,58447,18,,,0,86,,58448,18,,,0,85,,58449,18,,,0,47,,58450,18,,,0,90,,58451,18,,,0,84,,58452,18,,,0,83,,58453,18,,,0,45,,58454,18,,,0,82,,58455,18,,,0,85,,58456,18,,,0,86,,58457,18,,,0,90,,58458,18,,,0,46,,58459,18,,,0,81,,58460,18,,,0,86,,58461,18,,,0,43,,58462,18,,,0,81,,58463,18,,,0
2601,'S2-3_1',738,,58464,18,,,0,86,,58465,18,,,0,85,,58466,18,,,0,47,,58467,18,,,0,90,,58468,18,,,0,84,,58469,18,,,0,83,,58470,18,,,0,45,,58471,18,,,0,82,,58472,18,,,0,85,,58473,18,,,0,86,,58474,18,,,0,90,,58475,18,,,0,46,,58476,18,,,0,81,,58477,18,,,0,86,,58478,18,,,0,43,,58479,18,,,0,81,,58480,18,,,0
2601,'S2-3_3',738,,58481,18,,,0,86,,58482,18,,,0,85,,58483,18,,,0,47,,58484,18,,,0,90,,58485,18,,,0,84,,58486,18,,,0,83,,58487,18,,,0,45,,58488,18,,,0,82,,58489,18,,,0,85,,58490,18,,,0,86,,58491,18,,,0,90,,58492,18,,,0,46,,58493,18,,,0,81,,58494,18,,,0,86,,58495,18,,,0,43,,58496,18,,,0,81,,58497,18,,,0
2601,'S2-3_4',738,,58498,18,,,0,86,,58499,18,,,0,85,,58500,18,,,0,47,,58501,18,,,0,90,,58502,18,,,0,84,,58503,18,,,0,83,,58504,18,,,0,45,,58505,18,,,0,82,,58506,18,,,0,85,,58507,18,,,0,86,,58508,18,,,0,90,,58509,18,,,0,46,,58510,18,,,0,81,,58511,18,,,0,86,,58512,18,,,0,43,,58513,18,,,0,81,,58514,18,,,0
