400,'0_5',733,,31171,29,0,43,0,15,,31179,29,0,40,0,56,,31148,29,0,40,0,13,,31149,29,0,40,0,16,,31173,29,0,40,0,15,,31150,29,0,40,0,53,,31151,29,0,40,0,30,,31152,29,0,40,0,80,,31153,41,0,40,0,31,,31154,29,0,40,0,70,,31155,29,0,40,0,35,,31156,29,0,40,0,76,,31157,29,0,40,0,23,,31177,29,,,0,65,,31174,41,0,40,0,30,,31158,29,0,40,0,67,,31159,29,0,40,0,28,,31162,41,0,40,0,75,,31160,29,0,40,0,31,,31163,41,0,40,0,77,,31161,29,0,40,0,30,,31180,29,0,40,0,66,,31164,13,0,40,0,5,,31175,41,0,40,0,14,,31165,29,0,40,0,15,,31181,29,,,0,55,,31166,41,0,40,0,24,,31170,13,0,40,0,18,,31178,29,,,0,74,,31168,29,0,40,0,25,,31169,41,0,40,0
400,'2_6',730,,31221,29,0,40,0,105,,31222,29,0,40,0,73,,31215,41,0,40,0,27,,31223,29,0,40,0,72,,31224,29,0,40,0,30,,31225,29,0,40,0,71,,31216,41,0,40,0,31,,31226,29,0,40,0,69,,31228,29,0,40,0,30,,31227,29,0,40,0,69,,31217,41,0,40,0,31,,31229,29,0,40,0,70,,31230,29,0,40,0,29,,31231,29,0,40,0,73,,31218,41,0,40,0,32,,31232,29,0,40,0,69,,31233,29,0,40,0,30,,31234,29,0,40,0,73,,31219,41,0,40,0,34,,31235,29,0,40,0,71,,31236,29,0,40,0,31,,31237,29,0,40,0,69,,31220,41,0,40,0,31,,31238,29,0,40,0
400,'3_7',930,,31239,29,0,40,0,100,,31240,29,0,40,0,100,,31241,29,0,40,0,100,,31242,29,0,40,0,100,,31243,29,0,40,0,100,,31244,29,0,40,0,100,,31245,29,0,40,0,100,,31246,29,0,40,0,100,,31247,29,0,40,0,100,,31248,29,0,40,0
400,'5_1',729,,37535,29,0,40,0,14,,37541,29,0,40,0,57,,37515,29,0,40,0,15,,37516,29,0,40,0,14,,37536,29,0,40,0,17,,37517,29,0,40,0,54,,37518,29,0,40,0,37,,37519,29,0,40,0,73,,37520,41,0,40,0,30,,37521,29,0,40,0,71,,37522,29,0,40,0,35,,37523,29,0,40,0,75,,37524,29,0,40,0,24,,37539,29,0,40,0,65,,37537,41,0,40,0,31,,37525,29,0,40,0,69,,37526,29,0,40,0,25,,37529,41,0,40,0,76,,37527,29,0,40,0,30,,37530,41,0,40,0,75,,37528,29,0,40,0,30,,37542,29,0,40,0,71,,37538,41,0,40,0,29,,37531,29,0,40,0,75,,37532,41,0,40,0,24,,37540,29,,,0,70,,37533,29,0,40,0,30,,37534,41,0,40,0
400,'5_2',729,,39327,29,0,40,0,14,,39333,29,0,40,0,57,,39307,29,0,40,0,15,,39308,29,0,40,0,14,,39328,29,0,40,0,17,,39309,29,0,40,0,54,,39310,29,0,40,0,37,,39311,29,0,40,0,73,,39312,41,0,40,0,30,,39313,29,0,40,0,71,,39314,29,0,40,0,35,,39315,29,0,40,0,75,,39316,29,0,40,0,24,,39331,29,0,40,0,65,,39329,41,0,40,0,31,,39317,29,0,40,0,69,,39318,29,0,40,0,25,,39321,41,0,40,0,76,,39319,29,0,40,0,30,,39322,41,0,40,0,75,,39320,29,0,40,0,30,,39334,29,0,40,0,71,,39330,41,0,40,0,29,,39323,29,0,40,0,75,,39324,41,0,40,0,24,,39332,29,,,0,70,,39325,29,0,40,0,30,,39326,41,0,40,0
400,'5_3',729,,39355,29,0,40,0,14,,39361,29,0,40,0,57,,39335,29,0,40,0,15,,39336,29,0,40,0,14,,39356,29,0,40,0,17,,39337,29,0,40,0,54,,39338,29,0,40,0,37,,39339,29,0,40,0,73,,39340,41,0,40,0,30,,39341,29,0,40,0,71,,39342,29,0,40,0,35,,39343,29,0,40,0,75,,39344,29,0,40,0,24,,39359,29,0,40,0,65,,39357,41,0,40,0,31,,39345,29,0,40,0,69,,39346,29,0,40,0,25,,39349,41,0,40,0,76,,39347,29,0,40,0,30,,39350,41,0,40,0,75,,39348,29,0,40,0,30,,39362,29,0,40,0,71,,39358,41,0,40,0,29,,39351,29,0,40,0,75,,39352,41,0,40,0,24,,39360,29,,,0,70,,39353,29,0,40,0,30,,39354,41,0,40,0
400,'5_4',729,,39383,29,0,40,0,14,,39389,29,0,40,0,57,,39363,29,0,40,0,15,,39364,29,0,40,0,14,,39384,29,0,40,0,17,,39365,29,0,40,0,54,,39366,29,0,40,0,37,,39367,29,0,40,0,73,,39368,41,0,40,0,30,,39369,29,0,40,0,71,,39370,29,0,40,0,35,,39371,29,0,40,0,75,,39372,29,0,40,0,24,,39387,29,0,40,0,65,,39385,41,0,40,0,31,,39373,29,0,40,0,69,,39374,29,0,40,0,25,,39377,41,0,40,0,76,,39375,29,0,40,0,30,,39378,41,0,40,0,75,,39376,29,0,40,0,30,,39390,29,0,40,0,71,,39386,41,0,40,0,29,,39379,29,0,40,0,75,,39380,41,0,40,0,24,,39388,29,,,0,70,,39381,29,0,40,0,30,,39382,41,0,40,0
400,'5_5',729,,39411,29,0,40,0,14,,39417,29,0,40,0,57,,39391,29,0,40,0,15,,39392,29,0,40,0,14,,39412,29,0,40,0,17,,39393,29,0,40,0,54,,39394,29,0,40,0,37,,39395,29,0,40,0,73,,39396,41,0,40,0,30,,39397,29,0,40,0,71,,39398,29,0,40,0,35,,39399,29,0,40,0,75,,39400,29,0,40,0,24,,39415,29,0,40,0,65,,39413,41,0,40,0,31,,39401,29,0,40,0,69,,39402,29,0,40,0,25,,39405,41,0,40,0,76,,39403,29,0,40,0,30,,39406,41,0,40,0,75,,39404,29,0,40,0,30,,39418,29,0,40,0,71,,39414,41,0,40,0,29,,39407,29,0,40,0,75,,39408,41,0,40,0,24,,39416,29,,,0,70,,39409,29,0,40,0,30,,39410,41,0,40,0
400,'6_1',729,,39439,29,0,40,0,14,,39445,29,0,40,0,57,,39419,29,0,40,0,15,,39420,29,0,40,0,14,,39440,29,0,40,0,17,,39421,29,0,40,0,54,,39422,29,0,40,0,37,,39423,29,0,40,0,73,,39424,41,0,40,0,30,,39425,29,0,40,0,71,,39426,29,0,40,0,35,,39427,29,0,40,0,75,,39428,29,0,40,0,24,,39443,29,0,40,0,65,,39441,41,0,40,0,31,,39429,29,0,40,0,69,,39430,29,0,40,0,25,,39433,41,0,40,0,76,,39431,29,0,40,0,30,,39434,41,0,40,0,75,,39432,29,0,40,0,30,,39446,29,0,40,0,71,,39442,41,0,40,0,29,,39435,29,0,40,0,75,,39436,41,0,40,0,24,,39444,29,,,0,70,,39437,29,0,40,0,30,,39438,41,0,40,0
2300,'0_5',1611,,33154,10,,,0,103,,33155,10,,,0,99,,33156,10,,,0
