500,'2_6',711,,31549,1,,,0,98,,31538,1,,,0,99,,31539,1,,,0,100,,31540,1,,,0,100,,31541,1,,,0,97,,31542,1,,,0,98,,31543,1,,,0,100,,31544,1,,,0,99,,31545,1,,,0,100,,31546,1,,,0,100,,31547,1,,,0,154,,31548,1,,,0
500,'5_5',811,,39631,1,,,0,105,,39632,1,,,0,100,,39633,1,,,0,105,,39634,1,,,0,101,,39635,1,,,0,84,,39636,1,,,0,94,,39637,1,,,0,100,,39638,1,,,0,101,,39639,1,,,0,106,,39640,1,,,0,104,,39641,1,,,0,100,,39642,1,,,0
500,'6_1',811,,39645,1,,,0,105,,39646,1,,,0,100,,39647,1,,,0,105,,39648,1,,,0,101,,39649,1,,,0,84,,39650,1,,,0,94,,39651,1,,,0,100,,39652,1,,,0,101,,39653,1,,,0,106,,39654,1,,,0,104,,39655,1,,,0,100,,39656,1,,,0
500,'6_2',811,,44260,1,,,0,105,,44261,1,,,0,100,,44262,1,,,0,105,,44263,1,,,0,101,,44264,1,,,0,84,,44265,1,,,0,94,,44266,1,,,0,100,,44267,1,,,0,101,,44268,1,,,0,106,,44269,1,,,0,104,,44270,1,,,0,100,,44271,1,,,0
500,'6_3',811,,44274,1,,,0,105,,44275,1,,,0,100,,44276,1,,,0,105,,44277,1,,,0,101,,44278,1,,,0,84,,44279,1,,,0,94,,44280,1,,,0,100,,44281,1,,,0,101,,44282,1,,,0,106,,44283,1,,,0,104,,44284,1,,,0,100,,44285,1,,,0
500,'6_4',811,,44288,1,,,0,105,,44289,1,,,0,100,,44290,1,,,0,105,,44291,1,,,0,101,,44292,1,,,0,84,,44293,1,,,0,94,,44294,1,,,0,100,,44295,1,,,0,101,,44296,1,,,0,106,,44297,1,,,0,104,,44298,1,,,0,100,,44299,1,,,0
500,'7_1',651,,46980,1,,,0,160,,46968,1,,,0,105,,46969,1,,,0,100,,46970,1,,,0,105,,46971,1,,,0,101,,46972,1,,,0,84,,46973,1,,,0,94,,46974,1,,,0,100,,46975,1,,,0,101,,46976,1,,,0,106,,46977,1,,,0,104,,46982,1,,,0,100,,46978,1,,,0
501,'2_6',853,,31618,43,4,,0,101,,31619,43,4,,0,101,,31620,43,4,,0,100,,31621,43,4,,0,99,,31622,43,4,,0,94,,31623,43,4,,0,99,,31624,43,4,,0,101,,31625,43,4,,0,99,,31626,43,4,,0,105,,31627,43,4,,0,97,,31628,43,4,,0,185,,31629,43,4,,0
501,'5_5',1003,,39690,43,4,,0,106,,39691,43,4,,0,101,,39692,43,4,,0,45,,39693,43,4,,0,94,,39694,43,4,,0,98,,39695,43,4,,0,103,,39696,43,4,,0,103,,39697,43,4,,0,147,,39698,43,4,,0,100,,39699,43,4,,0,124,,39700,43,4,,0
501,'6_1',1003,,39701,43,4,,0,106,,39702,43,4,,0,101,,39703,43,4,,0,45,,39704,43,4,,0,94,,39705,43,4,,0,98,,39706,43,4,,0,103,,39707,43,4,,0,103,,39708,43,4,,0,147,,39709,43,4,,0,100,,39710,43,4,,0,124,,39711,43,4,,0
501,'6_2',1003,,44300,43,4,,0,106,,44301,43,4,,0,101,,44302,43,4,,0,45,,44303,43,4,,0,94,,44304,43,4,,0,98,,44305,43,4,,0,103,,44306,43,4,,0,103,,44307,43,4,,0,147,,44308,43,4,,0,100,,44309,43,4,,0,124,,44310,43,4,,0
501,'6_3',1003,,44311,43,4,,0,106,,44312,43,4,,0,101,,44313,43,4,,0,45,,44314,43,4,,0,94,,44315,43,4,,0,98,,44316,43,4,,0,103,,44317,43,4,,0,103,,44318,43,4,,0,147,,44319,43,4,,0,100,,44320,43,4,,0,124,,44321,43,4,,0
501,'6_4',1003,,44322,43,4,,0,106,,44323,43,4,,0,101,,44324,43,4,,0,45,,44325,43,4,,0,94,,44326,43,4,,0,98,,44327,43,4,,0,103,,44328,43,4,,0,103,,44329,43,4,,0,147,,44330,43,4,,0,100,,44331,43,4,,0,124,,44332,43,4,,0
501,'7_1',1003,,46983,43,4,,0,106,,46984,43,4,,0,101,,46985,43,4,,0,45,,46986,43,4,,0,94,,46987,43,4,,0,98,,46988,43,4,,0,103,,46989,43,4,,0,103,,46990,43,4,,0,147,,46991,43,4,,0,100,,46995,43,4,,0,124,,46996,43,4,,0
2900500,'5_5',651,,42621,1,,,0,107,,42622,1,,,0
2900500,'6_1',651,,42623,1,,,0,107,,42624,1,,,0
2900500,'6_2',651,,46079,1,,,0,107,,46080,1,,,0
2900500,'6_3',651,,46081,1,,,0,107,,46082,1,,,0
2900500,'6_4',651,,46083,1,,,0,107,,46084,1,,,0
2900500,'7_1',644,,47832,1,,,0,107,,47833,1,,,0
2900501,'5_5',1754,,42631,16,4,,0,151,,42632,16,4,,0
2900501,'6_1',1754,,42633,16,4,,0,151,,42634,16,4,,0
2900501,'6_2',1754,,46085,16,4,,0,151,,46086,16,4,,0
2900501,'6_3',1754,,46087,16,4,,0,151,,46088,16,4,,0
2900501,'6_4',1754,,46089,16,4,,0,151,,46090,16,4,,0
2900501,'7_1',1801,,47834,16,4,,0,110,,47835,16,4,,0
