100,'25j05H-Dimanche',934,,1,0,46,0,104,,6,0,46,0,106,,2,0,46,0,104,,7,0,46,0,90,,3,0,46,0,100,,8,0,46,0,106,,4,0,46,0,105,,9,0,46,0,104,,5,0,46,0,105,,10,0,46,0
100,'25j26H-Dimanche',934,,15,0,46,0,104,,20,0,46,0,106,,16,0,46,0,104,,21,0,46,0,90,,17,0,46,0,100,,22,0,46,0,106,,18,0,46,0,105,,23,0,46,0,104,,19,0,46,0,105,,24,0,46,0
100,'25k03H-Samedi',730,,29,0,46,0,109,,41,0,46,0,95,,30,0,46,0,71,,42,0,46,0,30,,31,0,46,0,72,,43,0,46,0,30,,32,0,46,0,69,,44,0,46,0,31,,33,0,46,0,68,,45,0,46,0,30,,34,0,46,0,70,,46,0,46,0,30,,35,0,46,0,71,,47,0,46,0,29,,36,0,46,0,71,,48,0,46,0,31,,37,0,46,0,72,,49,0,46,0,32,,38,0,46,0,68,,50,0,46,0,29,,39,0,46,0,71,,51,0,46,0,29,,40,0,46,0
100,'25l22V-Semaine',730,,66,,,0,15,,63,0,46,0,55,,67,0,46,0,15,,54,,,0,15,,73,0,46,0,70,,68,0,46,0,25,,55,0,46,0,80,,69,0,46,0,40,,56,0,46,0,80,,70,0,46,0,75,,57,0,46,0,20,,74,,,0,25,,75,,,0,70,,58,0,46,0,25,,71,0,46,0,65,,59,0,46,0,32,,72,0,46,0,78,,60,0,46,0,31,,76,0,46,0,71,,65,0,46,0,26,,77,,,0,76,,61,,,0,30,,78,,,0,69,,62,,,0,27,,52,,,0,74,,79,0,46,0,25,,53,,,0
100,'26a05H-Samedi',730,,80,0,46,0,109,,92,0,46,0,95,,81,0,46,0,71,,93,0,46,0,30,,82,0,46,0,72,,94,0,46,0,30,,83,0,46,0,69,,95,0,46,0,31,,84,0,46,0,68,,96,0,46,0,30,,85,0,46,0,70,,97,0,46,0,30,,86,0,46,0,71,,98,0,46,0,29,,87,0,46,0,71,,99,0,46,0,31,,88,0,46,0,72,,100,0,46,0,32,,89,0,46,0,68,,101,0,46,0,29,,90,0,46,0,71,,102,0,46,0,29,,91,0,46,0
100,'26a05H-Mercredi',732,,117,0,46,0,16,,114,0,46,0,54,,118,0,46,0,13,,105,,,0,15,,124,0,46,0,29,,119,0,46,0,67,,106,0,46,0,78,,120,0,46,0,38,,107,0,46,0,80,,121,0,46,0,80,,108,0,46,0,18,,125,,,0,23,,126,,,0,71,,109,0,46,0,25,,122,0,46,0,65,,110,0,46,0,35,,123,0,46,0,81,,111,0,46,0,26,,127,,,0,77,,116,0,46,0,20,,128,,,0,15,,133,0,46,0,65,,129,,,0,11,,112,0,46,0,17,,130,,,0,56,,113,0,46,0,13,,131,,,0,24,,103,,,0,74,,132,0,46,0,35,,104,,,0
100,'26a05H-Mercredi0010000',1240,,136,,,0
100,'26a05H-L-Ma-J-V',732,,151,0,46,0,16,,148,0,46,0,54,,152,0,46,0,13,,139,,,0,15,,158,0,46,0,29,,153,0,46,0,67,,140,0,46,0,78,,154,0,46,0,38,,141,0,46,0,80,,155,0,46,0,80,,142,0,46,0,18,,159,,,0,23,,160,,,0,71,,143,0,46,0,25,,156,0,46,0,65,,144,0,46,0,35,,157,0,46,0,81,,145,0,46,0,26,,161,,,0,77,,150,0,46,0,20,,162,,,0,15,,167,0,46,0,65,,163,,,0,11,,146,0,46,0,17,,164,,,0,56,,147,0,46,0,13,,165,,,0,24,,137,,,0,74,,166,0,46,0,35,,138,,,0
100,'26a05H-L-Ma-J-V1101100',1746,,170,,,0,80,,171,,,0
100,'26b23V-Semaine',730,,186,,,0,15,,183,0,46,0,55,,187,0,46,0,15,,174,,,0,15,,193,0,46,0,70,,188,0,46,0,25,,175,0,46,0,80,,189,0,46,0,40,,176,0,46,0,80,,190,0,46,0,75,,177,0,46,0,20,,194,,,0,25,,195,,,0,70,,178,0,46,0,25,,191,0,46,0,65,,179,0,46,0,32,,192,0,46,0,78,,180,0,46,0,31,,196,0,46,0,71,,185,0,46,0,26,,197,,,0,76,,181,,,0,30,,198,,,0,69,,182,,,0,27,,172,,,0,74,,199,0,46,0,25,,173,,,0
100,'26c02V-Semaine',730,,214,,,0,15,,211,0,46,0,55,,215,0,46,0,15,,202,,,0,15,,221,0,46,0,70,,216,0,46,0,25,,203,0,46,0,80,,217,0,46,0,40,,204,0,46,0,80,,218,0,46,0,75,,205,0,46,0,20,,222,,,0,25,,223,,,0,70,,206,0,46,0,25,,219,0,46,0,65,,207,0,46,0,32,,220,0,46,0,78,,208,0,46,0,31,,224,0,46,0,71,,213,0,46,0,26,,225,,,0,76,,209,,,0,30,,226,,,0,69,,210,,,0,27,,200,,,0,74,,227,0,46,0,25,,201,,,0
