'2409-HIV-24j06H-d-Dimanche-00',2000001,83700,4,'',0,8000,4,'',0,4000,4,'',0,8000,4,'',0,8000,4,'',0,4000,4,'',0,8000,4,'',0,7900,4,'',0,4000,4,'',0,8000,4,'',0,8000,4,'',0,4000,4,'',0,8000,4,'',0,8000,4,'',0,4000,4,'',0,8000,4,'',0,8000,4,'',0,4000,4,'',0
'2409-HIV-24j26H-d-Dimanche-00',2000001,83700,4,'',0,8000,4,'',0,4000,4,'',0,8000,4,'',0,8000,4,'',0,4000,4,'',0,8000,4,'',0,7900,4,'',0,4000,4,'',0,8000,4,'',0,8000,4,'',0,4000,4,'',0,8000,4,'',0,8000,4,'',0,4000,4,'',0,8000,4,'',0,8000,4,'',0,4000,4,'',0
'2409-HIV-25a06H-s-Samedi-00',2000001,70700,4,'',0,3900,4,'',0,7900,4,'',0,3200,4,'',0,6100,4,'',0,2000,4,'',0,2100,4,'',0,6000,4,'',0,1800,4,'',0,1800,4,'',0,5900,4,'',0,2000,4,'',0,1900,4,'',0,5900,4,'',0,1800,4,'',0,1900,4,'',0,5900,4,'',0,1900,4,'',0,1800,4,'',0,6000,4,'',0,2100,4,'',0,1900,4,'',0,5800,4,'',0,1900,4,'',0,2000,4,'',0,6000,4,'',0,2000,4,'',0,1900,4,'',0,6000,4,'',0,2100,4,'',0,2000,4,'',0,5900,4,'',0,1800,4,'',0,2000,4,'',0,1800,4,'',0,5600,4,'',0,1800,4,'',0,1600,4,'',0,6200,4,'',0,2400,4,'',0,2500,4,'',0
'2409-HIV-25a06H-w-Mercredi-01',2000001,70400,4,'',0,2800,4,'',0,1600,4,'',0,200,4,'',0,5400,4,'',0,1500,4,'',0,1500,4,'',0,1500,4,'',0,5400,4,'',0,1600,4,'',0,1600,4,'',0,1500,4,'',0,5700,4,'',0,1600,4,'',0,1600,4,'',0,1600,4,'',0,5600,4,'',0,1600,4,'',0,1700,4,'',0,1500,4,'',0,5600,4,'',0,1600,4,'',0,1400,4,'',0,5600,4,'',0,1300,4,'',0,1500,4,'',0,1500,4,'',0,5700,4,'',0,1500,4,'',0,1400,4,'',0,1500,4,'',0,5500,4,'',0,1500,4,'',0,1500,4,'',0,1500,4,'',0,5600,4,'',0,1600,4,'',0,1600,4,'',0,1800,4,'',0,5500,4,'',0,1900,4,'',0,1600,4,'',0,1600,4,'',0,5400,4,'',0,1500,4,'',0,1300,4,'',0,1200,4,'',0,5200,4,'',0,1300,4,'',0,1200,4,'',0,1300,4,'',0,1100,4,'',0,6400,4,'',0,2000,4,'',0,2000,4,'',0,6000,4,'',0
'2409-HIV-25a06Hlv-L-Ma-J-V-01',2000001,70400,4,'',0,2800,4,'',0,1600,4,'',0,200,4,'',0,5400,4,'',0,1500,4,'',0,1500,4,'',0,1500,4,'',0,5400,4,'',0,1600,4,'',0,1600,4,'',0,1500,4,'',0,5700,4,'',0,1600,4,'',0,1600,4,'',0,1600,4,'',0,5600,4,'',0,1600,4,'',0,1700,4,'',0,1500,4,'',0,5600,4,'',0,1600,4,'',0,1400,4,'',0,5600,4,'',0,1300,4,'',0,1500,4,'',0,1500,4,'',0,5700,4,'',0,1500,4,'',0,1400,4,'',0,1500,4,'',0,5500,4,'',0,1500,4,'',0,1500,4,'',0,1500,4,'',0,5600,4,'',0,1600,4,'',0,1600,4,'',0,1800,4,'',0,5500,4,'',0,1900,4,'',0,1600,4,'',0,1600,4,'',0,5400,4,'',0,1500,4,'',0,1300,4,'',0,1200,4,'',0,5200,4,'',0,1300,4,'',0,1200,4,'',0,1300,4,'',0,1100,4,'',0,6400,4,'',0,2000,4,'',0,2000,4,'',0,6000,4,'',0
'2409-HIV-25b24Vlv-Semaine-00',2000001,70400,4,'',0,2500,4,'',0,1700,4,'',0,5500,4,'',0,1600,4,'',0,1500,4,'',0,1600,4,'',0,5400,4,'',0,1300,4,'',0,1600,4,'',0,1500,4,'',0,5600,4,'',0,1500,4,'',0,1500,4,'',0,1500,4,'',0,5500,4,'',0,1500,4,'',0,1500,4,'',0,1500,4,'',0,5500,4,'',0,1500,4,'',0,1400,4,'',0,1400,4,'',0,5500,4,'',0,1500,4,'',0,1500,4,'',0,1500,4,'',0,5600,4,'',0,1700,4,'',0,1500,4,'',0,1500,4,'',0,5500,4,'',0,1500,4,'',0,1500,4,'',0,1500,4,'',0,5500,4,'',0,1600,4,'',0,1500,4,'',0,1500,4,'',0,5500,4,'',0,1600,4,'',0,1500,4,'',0,1400,4,'',0,5500,4,'',0,1400,4,'',0,1500,4,'',0,1400,4,'',0,5300,4,'',0,1400,4,'',0,1500,4,'',0,2300,4,'',0,5900,4,'',0,2000,4,'',0,2000,4,'',0,6000,4,'',0
'2409-HIV-25d14Vlv-Semaine-00',2000001,70400,4,'',0,2500,4,'',0,1700,4,'',0,5500,4,'',0,1600,4,'',0,1500,4,'',0,1600,4,'',0,5400,4,'',0,1300,4,'',0,1600,4,'',0,1500,4,'',0,5600,4,'',0,1500,4,'',0,1500,4,'',0,1500,4,'',0,5500,4,'',0,1500,4,'',0,1500,4,'',0,1500,4,'',0,5500,4,'',0,1500,4,'',0,1400,4,'',0,1400,4,'',0,5500,4,'',0,1500,4,'',0,1500,4,'',0,1500,4,'',0,5600,4,'',0,1700,4,'',0,1500,4,'',0,1500,4,'',0,5500,4,'',0,1500,4,'',0,1500,4,'',0,1500,4,'',0,5500,4,'',0,1600,4,'',0,1500,4,'',0,1500,4,'',0,5500,4,'',0,1600,4,'',0,1500,4,'',0,1400,4,'',0,5500,4,'',0,1400,4,'',0,1500,4,'',0,1400,4,'',0,5300,4,'',0,1400,4,'',0,1500,4,'',0,2300,4,'',0,5900,4,'',0,2000,4,'',0,2000,4,'',0,6000,4,'',0
'2409-HIV-25d28Hlv-L-Ma-J-V-00',2000001,70400,4,'',0,2800,4,'',0,1600,4,'',0,200,4,'',0,5400,4,'',0,1500,4,'',0,1500,4,'',0,1500,4,'',0,5400,4,'',0,1600,4,'',0,1600,4,'',0,1500,4,'',0,5700,4,'',0,1600,4,'',0,1600,4,'',0,1600,4,'',0,5600,4,'',0,1600,4,'',0,1700,4,'',0,1500,4,'',0,5600,4,'',0,1600,4,'',0,1400,4,'',0,5600,4,'',0,1300,4,'',0,1500,4,'',0,1500,4,'',0,5700,4,'',0,1500,4,'',0,1400,4,'',0,1500,4,'',0,5500,4,'',0,1500,4,'',0,1500,4,'',0,1500,4,'',0,5600,4,'',0,1600,4,'',0,1600,4,'',0,1800,4,'',0,5500,4,'',0,1900,4,'',0,1600,4,'',0,1600,4,'',0,5400,4,'',0,1500,4,'',0,1300,4,'',0,1200,4,'',0,5200,4,'',0,1300,4,'',0,1200,4,'',0,1300,4,'',0,1100,4,'',0,6400,4,'',0,2000,4,'',0,2000,4,'',0,6000,4,'',0
'2409-HIV-25e11H-d-Dimanche-00',2000001,83700,4,'',0,8000,4,'',0,4000,4,'',0,8000,4,'',0,8000,4,'',0,4000,4,'',0,8000,4,'',0,7900,4,'',0,4000,4,'',0,8000,4,'',0,8000,4,'',0,4000,4,'',0,8000,4,'',0,8000,4,'',0,4000,4,'',0,8000,4,'',0,8000,4,'',0,4000,4,'',0
'2409-HIV-25e29H-d-Dimanche-00',2000001,83700,4,'',0,8000,4,'',0,4000,4,'',0,8000,4,'',0,8000,4,'',0,4000,4,'',0,8000,4,'',0,7900,4,'',0,4000,4,'',0,8000,4,'',0,8000,4,'',0,4000,4,'',0,8000,4,'',0,8000,4,'',0,4000,4,'',0,8000,4,'',0,8000,4,'',0,4000,4,'',0
