400,'0_5',731,,31171,25,0,43,0,15,,31179,25,0,40,0,56,,31148,25,0,40,0,13,,31149,25,0,40,0,16,,31173,25,0,40,0,15,,31150,25,0,40,0,13,,31151,25,0,40,0,70,,31152,25,0,40,0,80,,31153,37,0,40,0,31,,31154,25,0,40,0,70,,31155,25,0,40,0,35,,31156,25,0,40,0,76,,31157,25,0,40,0,23,,31177,25,,,0,65,,31174,37,0,40,0,30,,31158,25,0,40,0,67,,31159,25,0,40,0,28,,31162,37,0,40,0,75,,31160,25,0,40,0,31,,31163,37,0,40,0,77,,31161,25,0,40,0,30,,31180,25,0,40,0,65,,31164,9,0,40,0,5,,31175,37,0,40,0,15,,31165,25,0,40,0,15,,31181,25,,,0,55,,31166,37,0,40,0,24,,31170,9,0,40,0,18,,31178,25,,,0,74,,31168,25,0,40,0,25,,31169,37,0,40,0
400,'2_6',728,,31221,25,0,40,0,105,,31222,25,0,40,0,73,,31215,37,0,40,0,27,,31223,25,0,40,0,72,,31224,25,0,40,0,30,,31225,25,0,40,0,71,,31216,37,0,40,0,31,,31226,25,0,40,0,69,,31228,25,0,40,0,30,,31227,25,0,40,0,69,,31217,37,0,40,0,31,,31229,25,0,40,0,70,,31230,25,0,40,0,29,,31231,25,0,40,0,73,,31218,37,0,40,0,32,,31232,25,0,40,0,69,,31233,25,0,40,0,30,,31234,25,0,40,0,72,,31219,37,0,40,0,35,,31235,25,0,40,0,71,,31236,25,0,40,0,31,,31237,25,0,40,0,69,,31220,37,0,40,0,31,,31238,25,0,40,0
400,'3_7',928,,31239,25,0,40,0,100,,31240,25,0,40,0,100,,31241,25,0,40,0,100,,31242,25,0,40,0,100,,31243,25,0,40,0,100,,31244,25,0,40,0,100,,31245,25,0,40,0,100,,31246,25,0,40,0,100,,31247,25,0,40,0,100,,31248,25,0,40,0
400,'5_1',727,,37535,25,0,40,0,14,,37541,25,0,40,0,17,,37515,25,0,40,0,55,,37516,25,0,40,0,14,,37536,25,0,40,0,17,,37517,25,0,40,0,14,,37518,25,0,40,0,77,,37519,25,0,40,0,73,,37520,37,0,40,0,30,,37521,25,0,40,0,71,,37522,25,0,40,0,35,,37523,25,0,40,0,75,,37524,25,0,40,0,24,,37539,25,0,40,0,65,,37537,37,0,40,0,31,,37525,25,0,40,0,69,,37526,25,0,40,0,25,,37529,37,0,40,0,76,,37527,25,0,40,0,30,,37530,37,0,40,0,75,,37528,25,0,40,0,30,,37542,25,0,40,0,70,,37538,37,0,40,0,30,,37531,25,0,40,0,75,,37532,37,0,40,0,24,,37540,25,,,0,70,,37533,25,0,40,0,30,,37534,37,0,40,0
400,'5_2',727,,39327,25,0,40,0,14,,39333,25,0,40,0,17,,39307,25,0,40,0,55,,39308,25,0,40,0,14,,39328,25,0,40,0,17,,39309,25,0,40,0,14,,39310,25,0,40,0,77,,39311,25,0,40,0,73,,39312,37,0,40,0,30,,39313,25,0,40,0,71,,39314,25,0,40,0,35,,39315,25,0,40,0,75,,39316,25,0,40,0,24,,39331,25,0,40,0,65,,39329,37,0,40,0,31,,39317,25,0,40,0,69,,39318,25,0,40,0,25,,39321,37,0,40,0,76,,39319,25,0,40,0,30,,39322,37,0,40,0,75,,39320,25,0,40,0,30,,39334,25,0,40,0,70,,39330,37,0,40,0,30,,39323,25,0,40,0,75,,39324,37,0,40,0,24,,39332,25,,,0,70,,39325,25,0,40,0,30,,39326,37,0,40,0
400,'5_3',727,,39355,25,0,40,0,14,,39361,25,0,40,0,17,,39335,25,0,40,0,55,,39336,25,0,40,0,14,,39356,25,0,40,0,17,,39337,25,0,40,0,14,,39338,25,0,40,0,77,,39339,25,0,40,0,73,,39340,37,0,40,0,30,,39341,25,0,40,0,71,,39342,25,0,40,0,35,,39343,25,0,40,0,75,,39344,25,0,40,0,24,,39359,25,0,40,0,65,,39357,37,0,40,0,31,,39345,25,0,40,0,69,,39346,25,0,40,0,25,,39349,37,0,40,0,76,,39347,25,0,40,0,30,,39350,37,0,40,0,75,,39348,25,0,40,0,30,,39362,25,0,40,0,70,,39358,37,0,40,0,30,,39351,25,0,40,0,75,,39352,37,0,40,0,24,,39360,25,,,0,70,,39353,25,0,40,0,30,,39354,37,0,40,0
400,'5_4',727,,39383,25,0,40,0,14,,39389,25,0,40,0,17,,39363,25,0,40,0,55,,39364,25,0,40,0,14,,39384,25,0,40,0,17,,39365,25,0,40,0,14,,39366,25,0,40,0,77,,39367,25,0,40,0,73,,39368,37,0,40,0,30,,39369,25,0,40,0,71,,39370,25,0,40,0,35,,39371,25,0,40,0,75,,39372,25,0,40,0,24,,39387,25,0,40,0,65,,39385,37,0,40,0,31,,39373,25,0,40,0,69,,39374,25,0,40,0,25,,39377,37,0,40,0,76,,39375,25,0,40,0,30,,39378,37,0,40,0,75,,39376,25,0,40,0,30,,39390,25,0,40,0,70,,39386,37,0,40,0,30,,39379,25,0,40,0,75,,39380,37,0,40,0,24,,39388,25,,,0,70,,39381,25,0,40,0,30,,39382,37,0,40,0
400,'5_5',727,,39411,25,0,40,0,14,,39417,25,0,40,0,17,,39391,25,0,40,0,55,,39392,25,0,40,0,14,,39412,25,0,40,0,17,,39393,25,0,40,0,14,,39394,25,0,40,0,77,,39395,25,0,40,0,73,,39396,37,0,40,0,30,,39397,25,0,40,0,71,,39398,25,0,40,0,35,,39399,25,0,40,0,75,,39400,25,0,40,0,24,,39415,25,0,40,0,65,,39413,37,0,40,0,31,,39401,25,0,40,0,69,,39402,25,0,40,0,25,,39405,37,0,40,0,76,,39403,25,0,40,0,30,,39406,37,0,40,0,75,,39404,25,0,40,0,30,,39418,25,0,40,0,70,,39414,37,0,40,0,30,,39407,25,0,40,0,75,,39408,37,0,40,0,24,,39416,25,,,0,70,,39409,25,0,40,0,30,,39410,37,0,40,0
400,'6_1',727,,39439,25,0,40,0,14,,39445,25,0,40,0,17,,39419,25,0,40,0,55,,39420,25,0,40,0,14,,39440,25,0,40,0,17,,39421,25,0,40,0,14,,39422,25,0,40,0,77,,39423,25,0,40,0,73,,39424,37,0,40,0,30,,39425,25,0,40,0,71,,39426,25,0,40,0,35,,39427,25,0,40,0,75,,39428,25,0,40,0,24,,39443,25,0,40,0,65,,39441,37,0,40,0,31,,39429,25,0,40,0,69,,39430,25,0,40,0,25,,39433,37,0,40,0,76,,39431,25,0,40,0,30,,39434,37,0,40,0,75,,39432,25,0,40,0,30,,39446,25,0,40,0,70,,39442,37,0,40,0,30,,39435,25,0,40,0,75,,39436,37,0,40,0,24,,39444,25,,,0,70,,39437,25,0,40,0,30,,39438,37,0,40,0
2300,'0_5',1609,,33154,6,,,0,103,,33155,6,,,0,99,,33156,6,,,0
