200,'1_6',721,,15185,31,0,34,0,31,,15196,28,0,35 28 36 37,0,60,,15208,19,0,38,0,20,,15186,31,0,34,0,25,,15197,28,0,35 28 36 37,0,60,,15209,31,0,38,0,21,,15187,28,0,34,0,64,,15198,19,0,35 28 36 37,0,20,,15210,19,0,38,0,21,,15188,31,0,34,0,65,,15199,28,0,35 28 36 37,0,22,,15211,19,0,38,0,23,,15189,31,0,34,0,64,,15200,28,0,35 28 36 37,0,20,,15212,19,0,38,0,20,,15190,29,0,34,0,60,,15201,19,0,35 28 36 37,0,20,,15213,28,0,38,0,20,,15191,31,0,34,0,61,,15202,28,0,35 28 36 37,0,21,,15214,19,0,38,0,61,,15192,31,0,34,0,20,,15203,28,0,35 28 36 37,0,21,,15215,19,0,38,0,64,,15193,31,0,34,0,27,,15204,28,0,35 28 36 37,0,19,,15216,19,0,38,0,59,,15194,31,0,34,0,24,,15205,28,0,35 28 36 37,0,17,,15217,19,0,38,0,57,,15195,31,0,34,0,20,,15219,28,0,35 28 36 37,0,25,,15218,19,0,38,0,66,,15206,31,0,35 28 36 37,0,23,,15207,28,0,34,0
200,'4_7',946,,15220,28,0,38,0,165,,15221,28,0,38,0,125,,15222,28,0,38,0,110,,15223,28,0,38,0,165,,15224,28,0,38,0,125,,15225,28,0,38,0,165,,15226,28,0,38,0,125,,15227,28,0,38,0
200,'5_1',728,,15228,28,0,35 28 36 37,0,5,,15260,31,0,38,0,22,,15261,31,0,38,0,60,,15255,19,0,34,0,15,,15235,31,0,35 28 36 37,0,15,,15262,28,0,38,0,82,,15256,19,0,34,0,16,,15239,28,0,35 28 36 37,0,90,,15242,28,0,34,0,69,,15230,31,0,35 28 36 37,0,40,,15243,28,0,34,0,74,,15250,19,0,35 28 36 37,0,26,,15240,31,0,34,0,60,,15251,28,0,35 28 36 37,0,27,,15245,19,0,34,0,25,,15231,28,0,35 28 36 37,0,70,,15244,31,0,34,0,30,,15252,28,0,35 28 36 37,0,70,,15241,28,0,34,0,25,,15258,31,0,38,0,68,,15253,28,0,35 28 36 37,0,18,,15259,28,0,34,0,15,,15263,19,0,38,0,72,,15232,19,0,35 28 36 37,0,9,,15264,28,0,38,0,10,,15246,31,0,34,0,14,,15236,28,0,38,0,60,,15254,31,0,35 28 36 37,0,14,,15237,28,0,38,0,15,,15247,31,0,34,0,13,,15265,28,0,38,0,60,,15238,31,0,38,0,15,,15233,28,0,35 28 36 37,0,10,,15248,31,0,34,0
200,'5_2',728,,15267,28,0,35 28 36 37,0,5,,15299,31,0,38,0,22,,15300,31,0,38,0,60,,15294,19,0,34,0,15,,15274,31,0,35 28 36 37,0,15,,15301,28,0,38,0,82,,15295,19,0,34,0,16,,15278,28,0,35 28 36 37,0,90,,15281,28,0,34,0,69,,15269,31,0,35 28 36 37,0,40,,15282,28,0,34,0,74,,15289,19,0,35 28 36 37,0,26,,15279,31,0,34,0,60,,15290,28,0,35 28 36 37,0,27,,15284,19,0,34,0,25,,15270,28,0,35 28 36 37,0,70,,15283,31,0,34,0,30,,15291,28,0,35 28 36 37,0,70,,15280,28,0,34,0,25,,15297,31,0,38,0,68,,15292,28,0,35 28 36 37,0,18,,15298,28,0,34,0,15,,15302,19,0,38,0,72,,15271,19,0,35 28 36 37,0,9,,15303,28,0,38,0,10,,15285,31,0,34,0,14,,15275,28,0,38,0,60,,15293,31,0,35 28 36 37,0,14,,15276,28,0,38,0,15,,15286,31,0,34,0,13,,15304,28,0,38,0,60,,15277,31,0,38,0,15,,15272,28,0,35 28 36 37,0,10,,15287,31,0,34,0
200,'5_4',728,,15306,28,0,35 28 36 37,0,5,,15338,31,0,38,0,22,,15339,31,0,38,0,60,,15333,19,0,34,0,15,,15313,31,0,35 28 36 37,0,15,,15340,28,0,38,0,82,,15334,19,0,34,0,16,,15317,28,0,35 28 36 37,0,90,,15320,28,0,34,0,69,,15308,31,0,35 28 36 37,0,40,,15321,28,0,34,0,74,,15328,19,0,35 28 36 37,0,26,,15318,31,0,34,0,60,,15329,28,0,35 28 36 37,0,27,,15323,19,0,34,0,25,,15309,28,0,35 28 36 37,0,70,,15322,31,0,34,0,30,,15330,28,0,35 28 36 37,0,70,,15319,28,0,34,0,25,,15336,31,0,38,0,68,,15331,28,0,35 28 36 37,0,18,,15337,28,0,34,0,15,,15341,19,0,38,0,72,,15310,19,0,35 28 36 37,0,9,,15342,28,0,38,0,10,,15324,31,0,34,0,14,,15314,28,0,38,0,60,,15332,31,0,35 28 36 37,0,14,,15315,28,0,38,0,15,,15325,31,0,34,0,13,,15343,28,0,38,0,60,,15316,31,0,38,0,15,,15311,28,0,35 28 36 37,0,10,,15326,31,0,34,0
200,'5_5',728,,15345,28,0,35 28 36 37,0,5,,15377,31,0,38,0,22,,15378,31,0,38,0,60,,15372,19,0,34,0,15,,15352,31,0,35 28 36 37,0,15,,15379,28,0,38,0,82,,15373,19,0,34,0,16,,15356,28,0,35 28 36 37,0,90,,15359,28,0,34,0,69,,15347,31,0,35 28 36 37,0,40,,15360,28,0,34,0,74,,15367,19,0,35 28 36 37,0,26,,15357,31,0,34,0,60,,15368,28,0,35 28 36 37,0,27,,15362,19,0,34,0,25,,15348,28,0,35 28 36 37,0,70,,15361,31,0,34,0,30,,15369,28,0,35 28 36 37,0,70,,15358,28,0,34,0,25,,15375,31,0,38,0,68,,15370,28,0,35 28 36 37,0,18,,15376,28,0,34,0,15,,15380,19,0,38,0,72,,15349,19,0,35 28 36 37,0,9,,15381,28,0,38,0,10,,15363,31,0,34,0,14,,15353,28,0,38,0,60,,15371,31,0,35 28 36 37,0,14,,15354,28,0,38,0,15,,15364,31,0,34,0,13,,15382,28,0,38,0,60,,15355,31,0,38,0,15,,15350,28,0,35 28 36 37,0,10,,15365,31,0,34,0
200,'6_3',728,,15384,28,0,35 28 36 37,0,5,,15416,31,0,38,0,22,,15417,31,0,38,0,60,,15411,19,0,34,0,15,,15391,31,0,35 28 36 37,0,15,,15418,28,0,38,0,82,,15412,19,0,34,0,16,,15395,28,0,35 28 36 37,0,90,,15398,28,0,34,0,69,,15386,31,0,35 28 36 37,0,40,,15399,28,0,34,0,74,,15406,19,0,35 28 36 37,0,26,,15396,31,0,34,0,60,,15407,28,0,35 28 36 37,0,27,,15401,19,0,34,0,25,,15387,28,0,35 28 36 37,0,70,,15400,31,0,34,0,30,,15408,28,0,35 28 36 37,0,70,,15397,28,0,34,0,25,,15414,31,0,38,0,68,,15409,28,0,35 28 36 37,0,18,,15415,28,0,34,0,15,,15419,19,0,38,0,72,,15388,19,0,35 28 36 37,0,9,,15420,28,0,38,0,10,,15402,31,0,34,0,14,,15392,28,0,38,0,60,,15410,31,0,35 28 36 37,0,14,,15393,28,0,38,0,15,,15403,31,0,34,0,13,,15421,28,0,38,0,60,,15394,31,0,38,0,15,,15389,28,0,35 28 36 37,0,10,,15404,31,0,34,0
2401,'5_1',1626,,18148,8,,,0,104,,18149,8,,,0,94,,18150,8,,,0
2401,'5_2',1626,,18152,8,,,0,104,,18153,8,,,0,94,,18154,8,,,0
2401,'5_4',1626,,18156,8,,,0,104,,18157,8,,,0,94,,18158,8,,,0
2401,'5_5',1626,,18160,8,,,0,104,,18161,8,,,0,94,,18162,8,,,0
2401,'6_3',1248,,18164,8,,,0
