101,'0_6',739,,63047,44,0,5,0,118,,63048,44,0,5,0,146,,63049,44,0,5,0,30,,63060,44,0,6,0,69,,63050,44,0,5,0,31,,63061,44,0,6,0,69,,63051,44,0,5,0,29,,63062,44,0,6,0,70,,63052,44,0,5,0,29,,63063,44,0,6,0,71,,63053,44,0,5,0,29,,63064,44,0,6,0,71,,63054,44,0,5,0,30,,63065,44,0,6,0,71,,63055,44,0,5,0,32,,63066,44,0,6,0,72,,63056,44,0,5,0,31,,63067,44,0,6,0,71,,63057,44,0,5,0,29,,63068,44,0,6,0,73,,63058,44,0,5,0,23,,63069,44,0,6,0,25,,63059,44,0,5,0
101,'1_7',944,,63070,44,0,6,0,105,,63075,44,0,5,0,105,,63071,44,0,6,0,105,,63076,44,0,5,0,145,,63072,44,0,6,0,50,,63077,44,0,5,0,100,,63073,44,0,6,0,105,,63078,44,0,5,0,145,,63074,44,0,6,0,105,,63079,44,0,5,0
101,'2_1',739,,63080,50,0,5,0,73,,63081,44,0,5,0,35,,63082,50,0,6,0,70,,63084,44,0,5,0,36,,63083,50,0,6,0,75,,63085,44,0,5,0,31,,63089,44,0,6,0,72,,63086,44,0,5,0,71,,63087,44,0,6,0,29,,63088,44,0,5,0,70,,63090,44,0,6,0,30,,63091,44,0,5,0,70,,63092,44,0,6,0,28,,63094,50,0,5,0,72,,63093,44,0,6,0,31,,63095,50,0,5,0,71,,63097,44,0,6,0,31,,63101,44,0,5,0,73,,63100,44,0,6,0,34,,63098,44,0,5,0,68,,63099,44,0,6,0,29,,63096,50,0,5,0,64,,63102,44,0,6,0,27,,63103,50,0,5,0,24,,63104,44,0,6,0
101,'2_2',739,,63105,50,0,5,0,73,,63106,44,0,5,0,35,,63107,50,0,6,0,70,,63109,44,0,5,0,36,,63108,50,0,6,0,75,,63110,44,0,5,0,31,,63114,44,0,6,0,72,,63111,44,0,5,0,71,,63112,44,0,6,0,29,,63113,44,0,5,0,70,,63115,44,0,6,0,30,,63116,44,0,5,0,70,,63117,44,0,6,0,28,,63119,50,0,5,0,72,,63118,44,0,6,0,31,,63120,50,0,5,0,71,,63122,44,0,6,0,31,,63126,44,0,5,0,73,,63125,44,0,6,0,34,,63123,44,0,5,0,68,,63124,44,0,6,0,29,,63121,50,0,5,0,64,,63127,44,0,6,0,27,,63128,50,0,5,0,24,,63129,44,0,6,0
101,'2_3',739,,63130,50,0,5,0,73,,63131,44,0,5,0,35,,63132,50,0,6,0,70,,63134,44,0,5,0,36,,63133,50,0,6,0,75,,63135,44,0,5,0,31,,63139,44,0,6,0,72,,63136,44,0,5,0,71,,63137,44,0,6,0,29,,63138,44,0,5,0,70,,63140,44,0,6,0,30,,63141,44,0,5,0,70,,63142,44,0,6,0,28,,63144,50,0,5,0,72,,63143,44,0,6,0,31,,63145,50,0,5,0,71,,63147,44,0,6,0,31,,63151,44,0,5,0,73,,63150,44,0,6,0,34,,63148,44,0,5,0,68,,63149,44,0,6,0,29,,63146,50,0,5,0,64,,63152,44,0,6,0,27,,63153,50,0,5,0,24,,63154,44,0,6,0
101,'2_4',739,,63155,50,0,5,0,73,,63156,44,0,5,0,35,,63157,50,0,6,0,70,,63159,44,0,5,0,36,,63158,50,0,6,0,75,,63160,44,0,5,0,31,,63164,44,0,6,0,72,,63161,44,0,5,0,71,,63162,44,0,6,0,29,,63163,44,0,5,0,70,,63165,44,0,6,0,30,,63166,44,0,5,0,70,,63167,44,0,6,0,28,,63169,50,0,5,0,72,,63168,44,0,6,0,31,,63170,50,0,5,0,71,,63172,44,0,6,0,31,,63176,44,0,5,0,73,,63175,44,0,6,0,34,,63173,44,0,5,0,68,,63174,44,0,6,0,29,,63171,50,0,5,0,64,,63177,44,0,6,0,27,,63178,50,0,5,0,24,,63179,44,0,6,0
101,'2_5',739,,63180,50,0,5,0,73,,63181,44,0,5,0,35,,63182,50,0,6,0,70,,63184,44,0,5,0,36,,63183,50,0,6,0,75,,63185,44,0,5,0,31,,63189,44,0,6,0,72,,63186,44,0,5,0,71,,63187,44,0,6,0,29,,63188,44,0,5,0,70,,63190,44,0,6,0,30,,63191,44,0,5,0,70,,63192,44,0,6,0,28,,63194,50,0,5,0,72,,63193,44,0,6,0,31,,63195,50,0,5,0,71,,63197,44,0,6,0,31,,63201,44,0,5,0,73,,63200,44,0,6,0,34,,63198,44,0,5,0,68,,63199,44,0,6,0,29,,63196,50,0,5,0,64,,63202,44,0,6,0,27,,63203,50,0,5,0,24,,63204,44,0,6,0
101,'3_1',739,,63205,50,0,5,0,73,,63206,44,0,5,0,35,,63207,50,0,6,0,70,,63209,44,0,5,0,36,,63208,50,0,6,0,75,,63210,44,0,5,0,31,,63214,44,0,6,0,72,,63211,44,0,5,0,71,,63212,44,0,6,0,29,,63213,44,0,5,0,70,,63215,44,0,6,0,30,,63216,44,0,5,0,70,,63217,44,0,6,0,28,,63219,50,0,5,0,72,,63218,44,0,6,0,31,,63220,50,0,5,0,71,,63222,44,0,6,0,31,,63226,44,0,5,0,73,,63225,44,0,6,0,34,,63223,44,0,5,0,68,,63224,44,0,6,0,29,,63221,50,0,5,0,64,,63227,44,0,6,0,27,,63228,50,0,5,0,24,,63229,44,0,6,0
101,'3_3',739,,63230,50,0,5,0,73,,63231,44,0,5,0,35,,63232,50,0,6,0,70,,63234,44,0,5,0,36,,63233,50,0,6,0,75,,63235,44,0,5,0,31,,63239,44,0,6,0,72,,63236,44,0,5,0,71,,63237,44,0,6,0,29,,63238,44,0,5,0,70,,63240,44,0,6,0,30,,63241,44,0,5,0,70,,63242,44,0,6,0,28,,63244,50,0,5,0,72,,63243,44,0,6,0,31,,63245,50,0,5,0,71,,63247,44,0,6,0,31,,63251,44,0,5,0,73,,63250,44,0,6,0,34,,63248,44,0,5,0,68,,63249,44,0,6,0,29,,63246,50,0,5,0,64,,63252,44,0,6,0,27,,63253,50,0,5,0,24,,63254,44,0,6,0
101,'3_4',739,,63255,50,0,5,0,73,,63256,44,0,5,0,35,,63257,50,0,6,0,70,,63259,44,0,5,0,36,,63258,50,0,6,0,75,,63260,44,0,5,0,31,,63264,44,0,6,0,72,,63261,44,0,5,0,71,,63262,44,0,6,0,29,,63263,44,0,5,0,70,,63265,44,0,6,0,30,,63266,44,0,5,0,70,,63267,44,0,6,0,28,,63269,50,0,5,0,72,,63268,44,0,6,0,31,,63270,50,0,5,0,71,,63272,44,0,6,0,31,,63276,44,0,5,0,73,,63275,44,0,6,0,34,,63273,44,0,5,0,68,,63274,44,0,6,0,29,,63271,50,0,5,0,64,,63277,44,0,6,0,27,,63278,50,0,5,0,24,,63279,44,0,6,0
101,'3_5',739,,63280,50,0,5,0,73,,63281,44,0,5,0,35,,63282,50,0,6,0,70,,63284,44,0,5,0,36,,63283,50,0,6,0,75,,63285,44,0,5,0,31,,63289,44,0,6,0,72,,63286,44,0,5,0,71,,63287,44,0,6,0,29,,63288,44,0,5,0,70,,63290,44,0,6,0,30,,63291,44,0,5,0,70,,63292,44,0,6,0,28,,63294,50,0,5,0,72,,63293,44,0,6,0,31,,63295,50,0,5,0,71,,63297,44,0,6,0,31,,63301,44,0,5,0,73,,63300,44,0,6,0,34,,63298,44,0,5,0,68,,63299,44,0,6,0,29,,63296,50,0,5,0,64,,63302,44,0,6,0,27,,63303,50,0,5,0,24,,63304,44,0,6,0
101,'4_7',944,,63305,44,0,6,0,105,,63310,44,0,5,0,105,,63306,44,0,6,0,105,,63311,44,0,5,0,145,,63307,44,0,6,0,50,,63312,44,0,5,0,100,,63308,44,0,6,0,105,,63313,44,0,5,0,145,,63309,44,0,6,0,105,,63314,44,0,5,0
