1000,'0_6',626,,66740,14,,,0,103,,66741,14,,,0,94,,66742,14,,,0,101,,66750,14,,,0,83,,66753,15,,,0,117,,66743,14,,,0,108,,66754,15,,,0,97,,66744,14,,,0,95,,66755,15,,,0,95,,66751,14,,,0,98,,66745,14,,,0,33,,66746,15,,,0,156,,66748,14,,,0,52,,66752,14,,,0,143,,66749,15,,,0,102,,66747,14,,,0
1000,'1_7',1101,,66756,14,,,0,320,,66757,14,,,0,409,,66758,14,,,0,307,,66759,13,,,0
1000,'2_1',627,,66760,13,,,0,97,,66761,13,,,0,120,,66762,13,0,18 30,0,89,,66763,14,,,0,102,,66768,13,0,18 30,0,97,,66764,14,0,18 30,0,112,,66769,13,0,18 30,0,105,,66770,13,0,18 30,0,102,,66765,14,,,0,93,,66771,13,,,0,115,,66766,14,,,0,146,,66772,13,,,0,120,,66767,14,0,18 30,0
1000,'2_2',627,,66773,13,,,0,97,,66774,13,,,0,120,,66775,13,0,18 30,0,89,,66776,14,,,0,102,,66781,13,0,18 30,0,97,,66777,14,0,18 30,0,112,,66782,13,0,18 30,0,105,,66783,13,0,18 30,0,102,,66778,14,,,0,93,,66784,13,,,0,115,,66779,14,,,0,146,,66785,13,,,0,120,,66780,14,0,18 30,0
1000,'2_3',627,,66786,13,,,0,97,,66787,13,,,0,120,,66788,13,0,18 30,0,89,,66789,14,,,0,102,,66794,13,0,18 30,0,97,,66790,14,0,18 30,0,112,,66795,13,0,18 30,0,105,,66796,13,0,18 30,0,102,,66791,14,,,0,93,,66797,13,,,0,115,,66792,14,,,0,146,,66798,13,,,0,120,,66793,14,0,18 30,0
1000,'2_4',627,,66799,13,,,0,97,,66800,13,,,0,120,,66801,13,0,18 30,0,89,,66802,14,,,0,102,,66807,13,0,18 30,0,97,,66803,14,0,18 30,0,112,,66808,13,0,18 30,0,105,,66809,13,0,18 30,0,102,,66804,14,,,0,93,,66810,13,,,0,115,,66805,14,,,0,146,,66811,13,,,0,120,,66806,14,0,18 30,0
1000,'2_5',627,,66812,13,,,0,97,,66813,13,,,0,120,,66814,13,0,18 30,0,89,,66815,14,,,0,102,,66820,13,0,18 30,0,97,,66816,14,0,18 30,0,112,,66821,13,0,18 30,0,105,,66822,13,0,18 30,0,102,,66817,14,,,0,93,,66823,13,,,0,115,,66818,14,,,0,146,,66824,13,,,0,120,,66819,14,0,18 30,0
1000,'3_1',627,,66825,13,,,0,97,,66826,13,,,0,120,,66827,13,0,18 30,0,89,,66828,14,,,0,102,,66833,13,0,18 30,0,97,,66829,14,0,18 30,0,112,,66834,13,0,18 30,0,105,,66835,13,0,18 30,0,102,,66830,14,,,0,93,,66836,13,,,0,115,,66831,14,,,0,146,,66837,13,,,0,120,,66832,14,0,18 30,0
1000,'3_3',627,,66838,13,,,0,97,,66839,13,,,0,120,,66840,13,0,18 30,0,89,,66841,14,,,0,102,,66846,13,0,18 30,0,97,,66842,14,0,18 30,0,112,,66847,13,0,18 30,0,105,,66848,13,0,18 30,0,102,,66843,14,,,0,93,,66849,13,,,0,115,,66844,14,,,0,146,,66850,13,,,0,120,,66845,14,0,18 30,0
1000,'3_4',627,,66851,13,,,0,97,,66852,13,,,0,120,,66853,13,0,18 30,0,89,,66854,14,,,0,102,,66859,13,0,18 30,0,97,,66855,14,0,18 30,0,112,,66860,13,0,18 30,0,105,,66861,13,0,18 30,0,102,,66856,14,,,0,93,,66862,13,,,0,115,,66857,14,,,0,146,,66863,13,,,0,120,,66858,14,0,18 30,0
1000,'3_5',627,,66864,13,,,0,97,,66865,13,,,0,120,,66866,13,0,18 30,0,89,,66867,14,,,0,102,,66872,13,0,18 30,0,97,,66868,14,0,18 30,0,112,,66873,13,0,18 30,0,105,,66874,13,0,18 30,0,102,,66869,14,,,0,93,,66875,13,,,0,115,,66870,14,,,0,146,,66876,13,,,0,120,,66871,14,0,18 30,0
1000,'4_7',627,,66877,13,,,0,97,,66878,13,,,0,120,,66879,13,0,18 30,0,89,,66880,14,,,0,102,,66885,13,0,18 30,0,97,,66881,14,0,18 30,0,112,,66886,13,0,18 30,0,105,,66887,13,0,18 30,0,102,,66882,14,,,0,93,,66888,13,,,0,115,,66883,14,,,0,146,,66889,13,,,0,120,,66884,14,0,18 30,0
