900600,'2_6',905,,33943,30,4,,0,130,,33945,30,4,,0,165,,33946,30,4,,0,135,,33947,30,4,,0,120,,33948,30,4,,0,175,,33949,30,4,,0,170,,33950,30,4,,0,129,,33944,30,4,,0
900600,'5_1',905,,37847,30,4,,0,130,,37849,30,4,,0,165,,37850,30,4,,0,135,,37851,30,4,,0,120,,37852,30,4,,0,175,,37853,30,4,,0,170,,37854,30,4,,0,129,,37848,30,4,,0
900600,'5_2',905,,40970,30,4,,0,130,,40972,30,4,,0,165,,40973,30,4,,0,135,,40974,30,4,,0,120,,40975,30,4,,0,175,,40976,30,4,,0,170,,40977,30,4,,0,129,,40971,30,4,,0
900600,'5_3',905,,40978,30,4,,0,130,,40980,30,4,,0,165,,40981,30,4,,0,135,,40982,30,4,,0,120,,40983,30,4,,0,175,,40984,30,4,,0,170,,40985,30,4,,0,129,,40979,30,4,,0
900600,'5_4',905,,40986,30,4,,0,130,,40988,30,4,,0,165,,40989,30,4,,0,135,,40990,30,4,,0,120,,40991,30,4,,0,175,,40992,30,4,,0,170,,40993,30,4,,0,129,,40987,30,4,,0
900600,'5_5',905,,40994,30,4,,0,130,,40996,30,4,,0,165,,40997,30,4,,0,135,,40998,30,4,,0,120,,40999,30,4,,0,175,,41000,30,4,,0,170,,41001,30,4,,0,129,,40995,30,4,,0
900600,'6_1',905,,41002,30,4,,0,130,,41004,30,4,,0,165,,41005,30,4,,0,135,,41006,30,4,,0,120,,41007,30,4,,0,175,,41008,30,4,,0,170,,41009,30,4,,0,129,,41003,30,4,,0
900600,'6_2',905,,45092,30,4,,0,130,,45094,30,4,,0,165,,45095,30,4,,0,135,,45096,30,4,,0,120,,45097,30,4,,0,175,,45098,30,4,,0,170,,45099,30,4,,0,129,,45093,30,4,,0
900600,'6_3',905,,45100,30,4,,0,130,,45102,30,4,,0,165,,45103,30,4,,0,135,,45104,30,4,,0,120,,45105,30,4,,0,175,,45106,30,4,,0,170,,45107,30,4,,0,129,,45101,30,4,,0
900600,'6_4',905,,45108,30,4,,0,130,,45110,30,4,,0,165,,45111,30,4,,0,135,,45112,30,4,,0,120,,45113,30,4,,0,175,,45114,30,4,,0,170,,45115,30,4,,0,129,,45109,30,4,,0
900601,'2_6',745,,33991,1,,,0,170,,33992,1,,,0,130,,33993,1,,,0,175,,33994,1,,,0,120,,33995,1,,,0,175,,33996,1,,,0,125,,33997,1,,,0,170,,33998,1,,,0
900601,'5_1',745,,37855,1,,,0,170,,37856,1,,,0,130,,37857,1,,,0,175,,37858,1,,,0,120,,37859,1,,,0,175,,37860,1,,,0,125,,37861,1,,,0,170,,37862,1,,,0
900601,'5_2',745,,41010,1,,,0,170,,41011,1,,,0,130,,41012,1,,,0,175,,41013,1,,,0,120,,41014,1,,,0,175,,41015,1,,,0,125,,41016,1,,,0,170,,41017,1,,,0
900601,'5_3',745,,41018,1,,,0,170,,41019,1,,,0,130,,41020,1,,,0,175,,41021,1,,,0,120,,41022,1,,,0,175,,41023,1,,,0,125,,41024,1,,,0,170,,41025,1,,,0
900601,'5_4',745,,41026,1,,,0,170,,41027,1,,,0,130,,41028,1,,,0,175,,41029,1,,,0,120,,41030,1,,,0,175,,41031,1,,,0,125,,41032,1,,,0,170,,41033,1,,,0
900601,'5_5',745,,41034,1,,,0,170,,41035,1,,,0,130,,41036,1,,,0,175,,41037,1,,,0,120,,41038,1,,,0,175,,41039,1,,,0,125,,41040,1,,,0,170,,41041,1,,,0
900601,'6_1',745,,41042,1,,,0,170,,41043,1,,,0,130,,41044,1,,,0,175,,41045,1,,,0,120,,41046,1,,,0,175,,41047,1,,,0,125,,41048,1,,,0,170,,41049,1,,,0
900601,'6_2',745,,45116,1,,,0,170,,45117,1,,,0,130,,45118,1,,,0,175,,45119,1,,,0,120,,45120,1,,,0,175,,45121,1,,,0,125,,45122,1,,,0,170,,45123,1,,,0
900601,'6_3',745,,45124,1,,,0,170,,45125,1,,,0,130,,45126,1,,,0,175,,45127,1,,,0,120,,45128,1,,,0,175,,45129,1,,,0,125,,45130,1,,,0,170,,45131,1,,,0
900601,'6_4',745,,45132,1,,,0,170,,45133,1,,,0,130,,45134,1,,,0,175,,45135,1,,,0,120,,45136,1,,,0,175,,45137,1,,,0,125,,45138,1,,,0,170,,45139,1,,,0
