501,'S2-1_6',820,,9116,12,,,0,101,,9117,12,,,0,100,,9118,12,,,0,100,,9119,12,,,0,100,,9120,12,,,0,94,,9121,12,,,0,99,,9122,12,,,0,100,,9123,12,,,0,100,,9124,12,,,0,100,,9125,12,,,0,100,,9126,12,,,0,189,,9127,12,,,0
501,'S2-5_1',928,,9128,12,,,0,105,,9129,12,,,0,100,,9130,12,,,0,86,,9131,12,,,0,95,,9132,12,,,0,98,,9133,12,,,0,102,,9134,12,,,0,101,,9135,12,,,0,25,,9137,12,0,13,0,81,,9136,12,,,0,29,,9138,12,0,13,0,75,,9140,12,,,0,19,,9139,12,0,13,0,109,,9141,12,,,0
501,'S2-5_2',928,,9142,12,,,0,105,,9143,12,,,0,100,,9144,12,,,0,86,,9145,12,,,0,95,,9146,12,,,0,98,,9147,12,,,0,102,,9148,12,,,0,101,,9149,12,,,0,25,,9151,12,0,13,0,81,,9150,12,,,0,29,,9152,12,0,13,0,75,,9154,12,,,0,19,,9153,12,0,13,0,109,,9155,12,,,0
501,'S2-5_4',928,,9156,12,,,0,105,,9157,12,,,0,100,,9158,12,,,0,86,,9159,12,,,0,95,,9160,12,,,0,98,,9161,12,,,0,102,,9162,12,,,0,101,,9163,12,,,0,25,,9165,12,0,13,0,81,,9164,12,,,0,29,,9166,12,0,13,0,75,,9168,12,,,0,19,,9167,12,0,13,0,109,,9169,12,,,0
501,'S2-5_5',928,,9170,12,,,0,105,,9171,12,,,0,100,,9172,12,,,0,86,,9173,12,,,0,95,,9174,12,,,0,98,,9175,12,,,0,102,,9176,12,,,0,101,,9177,12,,,0,25,,9179,12,0,13,0,81,,9178,12,,,0,29,,9180,12,0,13,0,75,,9182,12,,,0,19,,9181,12,0,13,0,109,,9183,12,,,0
501,'S2-6_3',928,,9184,12,,,0,105,,9185,12,,,0,100,,9186,12,,,0,86,,9187,12,,,0,25,,9193,12,0,13,0,70,,9188,12,,,0,98,,9189,12,,,0,102,,9190,12,,,0,101,,9191,12,,,0,106,,9192,12,,,0,104,,9194,12,,,0,128,,9195,12,,,0
1000001,'S2-1_6',550,,12272,17,,,0,81,,12273,17,,,0,81,,12274,17,,,0,30,,12275,17,,,0,69,,12276,23,,,0,29,,12277,23,,,0,15,,12278,17,,,0,55,,12279,17,,,0,15,,12280,23,,,0,15,,12281,17,,,0,15,,12282,17,,,0,55,,12283,23,,,0,16,,12284,17,,,0,15,,12285,17,,,0,16,,12286,23,,,0,55,,12287,17,,,0,15,,12288,17,,,0,16,,12289,23,,,0,15,,12290,17,,,0,56,,12291,17,,,0,15,,12292,23,,,0,14,,12293,17,,,0,16,,12294,17,,,0,56,,12295,23,,,0,9,,12296,17,,,0,10,,12297,17,,,0,8,,12298,17,,,0,10,,12300,17,,,0,50,,12299,23,,,0,10,,12301,17,,,0,11,,12302,17,,,0,12,,12303,23,,,0,10,,12304,17,,,0,9,,12305,17,,,0,50,,12306,17,,,0,11,,12307,23,,,0,10,,12308,17,,,0,10,,12309,17,,,0,11,,12310,17,,,0,11,,12311,23,,,0,49,,12312,17,,,0,10,,12313,17,,,0,10,,12314,17,,,0,12,,12315,23,,,0,9,,12316,17,,,0,9,,12317,17,,,0,50,,12318,17,,,0,10,,12320,17,,,0,9,,12319,23,,,0,10,,12321,17,,,0,9,,12322,17,,,0,10,,12324,17,,,0,50,,12323,23,,,0,9,,12325,17,,,0,9,,12326,17,,,0,9,,12328,17,,,0,10,,12327,23,,,0,10,,12329,17,,,0,53,,12330,17,,,0,19,,12331,23,,,0,17,,12332,17,,,0,61,,12333,17,,,0,21,,12334,17,,,0,17,,12335,17,,,0,19,,12336,17,,,0,60,,12337,17,,,0,20,,12338,17,,,0,20,,12339,17,,,0
1000001,'S2-4_7',820,,12340,17,,,0,80,,12341,17,,,0,40,,12342,17,,,0,80,,12343,17,,,0,80,,12344,17,,,0,40,,12345,17,,,0,80,,12346,17,,,0,80,,12347,17,,,0,40,,12348,17,,,0,80,,12349,17,,,0,80,,12350,17,,,0,40,,12351,17,,,0,80,,12352,17,,,0,80,,12353,17,,,0,40,,12354,17,,,0,80,,12355,17,,,0,80,,12356,17,,,0,40,,12357,17,,,0
1000001,'S2-5_1',550,,12358,17,,,0,60,,12359,17,,,0,20,,12360,17,,,0,20,,12361,17,,,0,61,,12362,17,,,0,10,,12442,17,,,0,10,,12443,17,,,0,10,,12393,23,,,0,10,,12394,23,,,0,50,,12395,23,,,0,11,,12396,23,,,0,10,,12397,23,,,0,9,,12398,23,,,0,10,,12399,23,,,0,10,,12400,23,,,0,50,,12401,23,,,0,10,,12402,23,,,0,10,,12403,23,,,0,11,,12404,23,,,0,11,,12363,17,,,0,11,,12364,23,,,0,50,,12365,17,,,0,10,,12366,23,,,0,11,,12367,17,,,0,11,,12405,23,,,0,11,,12368,17,,,0,11,,12369,23,,,0,50,,12370,17,,,0,11,,12371,23,,,0,10,,12372,17,,,0,11,,12406,23,,,0,11,,12373,17,,,0,51,,12374,23,,,0,10,,12375,17,,,0,9,,12376,23,,,0,9,,12407,17,,,0,10,,12408,23,,,0,10,,12409,17,,,0,50,,12410,23,,,0,10,,12411,17,,,0,10,,12412,23,,,0,10,,12413,17,,,0,9,,12414,23,,,0,10,,12415,17,,,0,51,,12416,23,,,0,10,,12417,17,,,0,10,,12418,23,,,0,10,,12419,17,,,0,10,,12377,23,,,0,10,,12378,17,,,0,9,,12420,23,,,0,50,,12379,17,,,0,9,,12380,23,,,0,11,,12381,17,,,0,11,,12421,23,,,0,12,,12382,17,,,0,51,,12383,23,,,0,11,,12384,17,,,0,10,,12385,23,,,0,9,,12386,23,,,0,10,,12422,23,,,0,10,,12423,23,,,0,50,,12424,23,,,0,11,,12425,23,,,0,11,,12426,23,,,0,11,,12427,23,,,0,10,,12428,23,,,0,10,,12429,23,,,0,49,,12430,23,,,0,10,,12431,23,,,0,10,,12432,23,,,0,8,,12433,23,,,0,9,,12434,23,,,0,9,,12435,23,,,0,8,,12436,23,,,0,49,,12437,17,,,0,9,,12438,23,,,0,10,,12439,17,,,0,13,,12441,23,,,0,19,,12440,23,,,0,60,,12387,17,,,0,20,,12388,17,,,0,20,,12389,17,,,0,60,,12390,17,,,0,19,,12391,17,,,0,20,,12392,17,,,0
1000001,'S2-5_2',550,,12444,17,,,0,60,,12445,17,,,0,20,,12446,17,,,0,20,,12447,17,,,0,61,,12448,17,,,0,10,,12528,17,,,0,10,,12529,17,,,0,10,,12479,23,,,0,10,,12480,23,,,0,50,,12481,23,,,0,11,,12482,23,,,0,10,,12483,23,,,0,9,,12484,23,,,0,10,,12485,23,,,0,10,,12486,23,,,0,50,,12487,23,,,0,10,,12488,23,,,0,10,,12489,23,,,0,11,,12490,23,,,0,11,,12449,17,,,0,11,,12450,23,,,0,50,,12451,17,,,0,10,,12452,23,,,0,11,,12453,17,,,0,11,,12491,23,,,0,11,,12454,17,,,0,11,,12455,23,,,0,50,,12456,17,,,0,11,,12457,23,,,0,10,,12458,17,,,0,11,,12492,23,,,0,11,,12459,17,,,0,51,,12460,23,,,0,10,,12461,17,,,0,9,,12462,23,,,0,9,,12493,17,,,0,10,,12494,23,,,0,10,,12495,17,,,0,50,,12496,23,,,0,10,,12497,17,,,0,10,,12498,23,,,0,10,,12499,17,,,0,9,,12500,23,,,0,10,,12501,17,,,0,51,,12502,23,,,0,10,,12503,17,,,0,10,,12504,23,,,0,10,,12505,17,,,0,10,,12463,23,,,0,10,,12464,17,,,0,9,,12506,23,,,0,50,,12465,17,,,0,9,,12466,23,,,0,11,,12467,17,,,0,11,,12507,23,,,0,12,,12468,17,,,0,51,,12469,23,,,0,11,,12470,17,,,0,10,,12471,23,,,0,9,,12472,23,,,0,10,,12508,23,,,0,10,,12509,23,,,0,50,,12510,23,,,0,11,,12511,23,,,0,11,,12512,23,,,0,11,,12513,23,,,0,10,,12514,23,,,0,10,,12515,23,,,0,49,,12516,23,,,0,10,,12517,23,,,0,10,,12518,23,,,0,8,,12519,23,,,0,9,,12520,23,,,0,9,,12521,23,,,0,8,,12522,23,,,0,49,,12523,17,,,0,9,,12524,23,,,0,10,,12525,17,,,0,13,,12527,23,,,0,19,,12526,23,,,0,60,,12473,17,,,0,20,,12474,17,,,0,20,,12475,17,,,0,60,,12476,17,,,0,19,,12477,17,,,0,20,,12478,17,,,0
1000001,'S2-5_4',550,,12530,17,,,0,60,,12531,17,,,0,20,,12532,17,,,0,20,,12533,17,,,0,61,,12534,17,,,0,10,,12614,17,,,0,10,,12615,17,,,0,10,,12565,23,,,0,10,,12566,23,,,0,50,,12567,23,,,0,11,,12568,23,,,0,10,,12569,23,,,0,9,,12570,23,,,0,10,,12571,23,,,0,10,,12572,23,,,0,50,,12573,23,,,0,10,,12574,23,,,0,10,,12575,23,,,0,11,,12576,23,,,0,11,,12535,17,,,0,11,,12536,23,,,0,50,,12537,17,,,0,10,,12538,23,,,0,11,,12539,17,,,0,11,,12577,23,,,0,11,,12540,17,,,0,11,,12541,23,,,0,50,,12542,17,,,0,11,,12543,23,,,0,10,,12544,17,,,0,11,,12578,23,,,0,11,,12545,17,,,0,51,,12546,23,,,0,10,,12547,17,,,0,9,,12548,23,,,0,9,,12579,17,,,0,10,,12580,23,,,0,10,,12581,17,,,0,50,,12582,23,,,0,10,,12583,17,,,0,10,,12584,23,,,0,10,,12585,17,,,0,9,,12586,23,,,0,10,,12587,17,,,0,51,,12588,23,,,0,10,,12589,17,,,0,10,,12590,23,,,0,10,,12591,17,,,0,10,,12549,23,,,0,10,,12550,17,,,0,9,,12592,23,,,0,50,,12551,17,,,0,9,,12552,23,,,0,11,,12553,17,,,0,11,,12593,23,,,0,12,,12554,17,,,0,51,,12555,23,,,0,11,,12556,17,,,0,10,,12557,23,,,0,9,,12558,23,,,0,10,,12594,23,,,0,10,,12595,23,,,0,50,,12596,23,,,0,11,,12597,23,,,0,11,,12598,23,,,0,11,,12599,23,,,0,10,,12600,23,,,0,10,,12601,23,,,0,49,,12602,23,,,0,10,,12603,23,,,0,10,,12604,23,,,0,8,,12605,23,,,0,9,,12606,23,,,0,9,,12607,23,,,0,8,,12608,23,,,0,49,,12609,17,,,0,9,,12610,23,,,0,10,,12611,17,,,0,13,,12613,23,,,0,19,,12612,23,,,0,60,,12559,17,,,0,20,,12560,17,,,0,20,,12561,17,,,0,60,,12562,17,,,0,19,,12563,17,,,0,20,,12564,17,,,0
1000001,'S2-5_5',550,,12616,17,,,0,60,,12617,17,,,0,20,,12618,17,,,0,20,,12619,17,,,0,61,,12620,17,,,0,10,,12700,17,,,0,10,,12701,17,,,0,10,,12651,23,,,0,10,,12652,23,,,0,50,,12653,23,,,0,11,,12654,23,,,0,10,,12655,23,,,0,9,,12656,23,,,0,10,,12657,23,,,0,10,,12658,23,,,0,50,,12659,23,,,0,10,,12660,23,,,0,10,,12661,23,,,0,11,,12662,23,,,0,11,,12621,17,,,0,11,,12622,23,,,0,50,,12623,17,,,0,10,,12624,23,,,0,11,,12625,17,,,0,11,,12663,23,,,0,11,,12626,17,,,0,11,,12627,23,,,0,50,,12628,17,,,0,11,,12629,23,,,0,10,,12630,17,,,0,11,,12664,23,,,0,11,,12631,17,,,0,51,,12632,23,,,0,10,,12633,17,,,0,9,,12634,23,,,0,9,,12665,17,,,0,10,,12666,23,,,0,10,,12667,17,,,0,50,,12668,23,,,0,10,,12669,17,,,0,10,,12670,23,,,0,10,,12671,17,,,0,9,,12672,23,,,0,10,,12673,17,,,0,51,,12674,23,,,0,10,,12675,17,,,0,10,,12676,23,,,0,10,,12677,17,,,0,10,,12635,23,,,0,10,,12636,17,,,0,9,,12678,23,,,0,50,,12637,17,,,0,9,,12638,23,,,0,11,,12639,17,,,0,11,,12679,23,,,0,12,,12640,17,,,0,51,,12641,23,,,0,11,,12642,17,,,0,10,,12643,23,,,0,9,,12644,23,,,0,10,,12680,23,,,0,10,,12681,23,,,0,50,,12682,23,,,0,11,,12683,23,,,0,11,,12684,23,,,0,11,,12685,23,,,0,10,,12686,23,,,0,10,,12687,23,,,0,49,,12688,23,,,0,10,,12689,23,,,0,10,,12690,23,,,0,8,,12691,23,,,0,9,,12692,23,,,0,9,,12693,23,,,0,8,,12694,23,,,0,49,,12695,17,,,0,9,,12696,23,,,0,10,,12697,17,,,0,13,,12699,23,,,0,19,,12698,23,,,0,60,,12645,17,,,0,20,,12646,17,,,0,20,,12647,17,,,0,60,,12648,17,,,0,19,,12649,17,,,0,20,,12650,17,,,0
1000001,'S2-6_3',550,,12702,17,,,0,60,,12703,17,,,0,20,,12704,17,,,0,20,,12705,17,,,0,61,,12706,17,,,0,10,,12786,17,,,0,10,,12787,17,,,0,10,,12737,23,,,0,10,,12738,23,,,0,50,,12739,23,,,0,11,,12740,23,,,0,10,,12741,23,,,0,9,,12742,23,,,0,10,,12743,23,,,0,10,,12744,23,,,0,50,,12745,23,,,0,10,,12746,23,,,0,10,,12747,23,,,0,11,,12748,23,,,0,11,,12707,17,,,0,11,,12708,23,,,0,50,,12709,17,,,0,10,,12710,23,,,0,11,,12711,17,,,0,11,,12749,23,,,0,11,,12712,17,,,0,11,,12713,23,,,0,50,,12714,17,,,0,11,,12715,23,,,0,10,,12716,17,,,0,11,,12750,23,,,0,11,,12717,17,,,0,51,,12718,23,,,0,10,,12719,17,,,0,9,,12720,23,,,0,9,,12751,17,,,0,10,,12752,23,,,0,10,,12753,17,,,0,50,,12754,23,,,0,10,,12755,17,,,0,10,,12756,23,,,0,10,,12757,17,,,0,9,,12758,23,,,0,10,,12759,17,,,0,51,,12760,23,,,0,10,,12761,17,,,0,10,,12762,23,,,0,10,,12763,17,,,0,10,,12721,23,,,0,10,,12722,17,,,0,9,,12764,23,,,0,50,,12723,17,,,0,9,,12724,23,,,0,11,,12725,17,,,0,11,,12765,23,,,0,12,,12726,17,,,0,51,,12727,23,,,0,11,,12728,17,,,0,10,,12729,23,,,0,9,,12730,23,,,0,10,,12766,23,,,0,10,,12767,23,,,0,50,,12768,23,,,0,11,,12769,23,,,0,11,,12770,23,,,0,11,,12771,23,,,0,10,,12772,23,,,0,10,,12773,23,,,0,49,,12774,23,,,0,10,,12775,23,,,0,10,,12776,23,,,0,8,,12777,23,,,0,9,,12778,23,,,0,9,,12779,23,,,0,8,,12780,23,,,0,49,,12781,17,,,0,9,,12782,23,,,0,10,,12783,17,,,0,13,,12785,23,,,0,19,,12784,23,,,0,60,,12731,17,,,0,20,,12732,17,,,0,20,,12733,17,,,0,60,,12734,17,,,0,19,,12735,17,,,0,20,,12736,17,,,0
