101,'S2-0_6',700,,53799,10,0,5,0,112,,53800,10,0,5,0,107,,53801,10,0,5,0,30,,53812,10,0,6,0,69,,53802,10,0,5,0,31,,53813,10,0,6,0,70,,53803,10,0,5,0,30,,53814,10,0,6,0,70,,53804,10,0,5,0,30,,53815,10,0,6,0,71,,53805,10,0,5,0,29,,53816,10,0,6,0,69,,53806,10,0,5,0,30,,53817,10,0,6,0,70,,53807,10,0,5,0,32,,53818,10,0,6,0,70,,53808,10,0,5,0,29,,53819,10,0,6,0,73,,53809,10,0,5,0,30,,53820,10,0,6,0,78,,53810,10,0,5,0,25,,53821,10,0,6,0,67,,53811,10,0,5,0
101,'S2-1_7',907,,53822,10,0,6,0,105,,53827,10,0,5,0,105,,53823,10,0,6,0,105,,53828,10,0,5,0,105,,53824,10,0,6,0,90,,53829,10,0,5,0,100,,53825,10,0,6,0,105,,53830,10,0,5,0,105,,53826,10,0,6,0,105,,53831,10,0,5,0
101,'S2-2_1',700,,53832,16,0,5,0,29,,53833,10,0,5,0,74,,53834,16,0,6,0,31,,53836,10,0,5,0,75,,53835,16,0,6,0,35,,53837,10,0,5,0,71,,53841,10,0,6,0,32,,53838,10,0,5,0,72,,53839,10,0,6,0,30,,53840,10,0,5,0,70,,53842,10,0,6,0,31,,53843,10,0,5,0,70,,53844,10,0,6,0,28,,53846,16,0,5,0,70,,53845,10,0,6,0,31,,53847,16,0,5,0,70,,53849,10,0,6,0,31,,53853,10,0,5,0,71,,53852,10,0,6,0,32,,53850,10,0,5,0,70,,53851,10,0,6,0,31,,53848,16,0,5,0,67,,53854,10,0,6,0,30,,53855,16,0,5,0,66,,53856,10,0,6,0
101,'S2-2_2',700,,53857,16,0,5,0,29,,53858,10,0,5,0,74,,53859,16,0,6,0,31,,53861,10,0,5,0,75,,53860,16,0,6,0,35,,53862,10,0,5,0,71,,53866,10,0,6,0,32,,53863,10,0,5,0,72,,53864,10,0,6,0,30,,53865,10,0,5,0,70,,53867,10,0,6,0,31,,53868,10,0,5,0,70,,53869,10,0,6,0,28,,53871,16,0,5,0,70,,53870,10,0,6,0,31,,53872,16,0,5,0,70,,53874,10,0,6,0,31,,53878,10,0,5,0,71,,53877,10,0,6,0,32,,53875,10,0,5,0,70,,53876,10,0,6,0,31,,53873,16,0,5,0,67,,53879,10,0,6,0,30,,53880,16,0,5,0,66,,53881,10,0,6,0
101,'S2-2_3',700,,53882,16,0,5,0,29,,53883,10,0,5,0,74,,53884,16,0,6,0,31,,53886,10,0,5,0,75,,53885,16,0,6,0,35,,53887,10,0,5,0,71,,53891,10,0,6,0,32,,53888,10,0,5,0,72,,53889,10,0,6,0,30,,53890,10,0,5,0,70,,53892,10,0,6,0,31,,53893,10,0,5,0,70,,53894,10,0,6,0,28,,53896,16,0,5,0,70,,53895,10,0,6,0,31,,53897,16,0,5,0,70,,53899,10,0,6,0,31,,53903,10,0,5,0,71,,53902,10,0,6,0,32,,53900,10,0,5,0,70,,53901,10,0,6,0,31,,53898,16,0,5,0,67,,53904,10,0,6,0,30,,53905,16,0,5,0,66,,53906,10,0,6,0
101,'S2-2_4',700,,53907,16,0,5,0,29,,53908,10,0,5,0,74,,53909,16,0,6,0,31,,53911,10,0,5,0,75,,53910,16,0,6,0,35,,53912,10,0,5,0,71,,53916,10,0,6,0,32,,53913,10,0,5,0,72,,53914,10,0,6,0,30,,53915,10,0,5,0,70,,53917,10,0,6,0,31,,53918,10,0,5,0,70,,53919,10,0,6,0,28,,53921,16,0,5,0,70,,53920,10,0,6,0,31,,53922,16,0,5,0,70,,53924,10,0,6,0,31,,53928,10,0,5,0,71,,53927,10,0,6,0,32,,53925,10,0,5,0,70,,53926,10,0,6,0,31,,53923,16,0,5,0,67,,53929,10,0,6,0,30,,53930,16,0,5,0,66,,53931,10,0,6,0
101,'S2-2_5',700,,53932,16,0,5,0,29,,53933,10,0,5,0,74,,53934,16,0,6,0,31,,53936,10,0,5,0,75,,53935,16,0,6,0,35,,53937,10,0,5,0,71,,53941,10,0,6,0,32,,53938,10,0,5,0,72,,53939,10,0,6,0,30,,53940,10,0,5,0,70,,53942,10,0,6,0,31,,53943,10,0,5,0,70,,53944,10,0,6,0,28,,53946,16,0,5,0,70,,53945,10,0,6,0,31,,53947,16,0,5,0,70,,53949,10,0,6,0,31,,53953,10,0,5,0,71,,53952,10,0,6,0,32,,53950,10,0,5,0,70,,53951,10,0,6,0,31,,53948,16,0,5,0,67,,53954,10,0,6,0,30,,53955,16,0,5,0,66,,53956,10,0,6,0
101,'S2-3_1',700,,53957,16,0,5,0,29,,53958,10,0,5,0,74,,53959,16,0,6,0,31,,53961,10,0,5,0,75,,53960,16,0,6,0,35,,53962,10,0,5,0,71,,53966,10,0,6,0,32,,53963,10,0,5,0,72,,53964,10,0,6,0,30,,53965,10,0,5,0,70,,53967,10,0,6,0,31,,53968,10,0,5,0,70,,53969,10,0,6,0,28,,53971,16,0,5,0,70,,53970,10,0,6,0,31,,53972,16,0,5,0,70,,53974,10,0,6,0,31,,53978,10,0,5,0,71,,53977,10,0,6,0,32,,53975,10,0,5,0,70,,53976,10,0,6,0,31,,53973,16,0,5,0,67,,53979,10,0,6,0,30,,53980,16,0,5,0,66,,53981,10,0,6,0
101,'S2-3_3',700,,53982,16,0,5,0,29,,53983,10,0,5,0,74,,53984,16,0,6,0,31,,53986,10,0,5,0,75,,53985,16,0,6,0,35,,53987,10,0,5,0,71,,53991,10,0,6,0,32,,53988,10,0,5,0,72,,53989,10,0,6,0,30,,53990,10,0,5,0,70,,53992,10,0,6,0,31,,53993,10,0,5,0,70,,53994,10,0,6,0,28,,53996,16,0,5,0,70,,53995,10,0,6,0,31,,53997,16,0,5,0,70,,53999,10,0,6,0,31,,54003,10,0,5,0,71,,54002,10,0,6,0,32,,54000,10,0,5,0,70,,54001,10,0,6,0,31,,53998,16,0,5,0,67,,54004,10,0,6,0,30,,54005,16,0,5,0,66,,54006,10,0,6,0
101,'S2-3_4',700,,54007,16,0,5,0,29,,54008,10,0,5,0,74,,54009,16,0,6,0,31,,54011,10,0,5,0,75,,54010,16,0,6,0,35,,54012,10,0,5,0,71,,54016,10,0,6,0,32,,54013,10,0,5,0,72,,54014,10,0,6,0,30,,54015,10,0,5,0,70,,54017,10,0,6,0,31,,54018,10,0,5,0,70,,54019,10,0,6,0,28,,54021,16,0,5,0,70,,54020,10,0,6,0,31,,54022,16,0,5,0,70,,54024,10,0,6,0,31,,54028,10,0,5,0,71,,54027,10,0,6,0,32,,54025,10,0,5,0,70,,54026,10,0,6,0,31,,54023,16,0,5,0,67,,54029,10,0,6,0,30,,54030,16,0,5,0,66,,54031,10,0,6,0
101,'S2-4_7',907,,54032,10,0,6,0,105,,54037,10,0,5,0,105,,54033,10,0,6,0,105,,54038,10,0,5,0,105,,54034,10,0,6,0,90,,54039,10,0,5,0,100,,54035,10,0,6,0,105,,54040,10,0,5,0,105,,54036,10,0,6,0,105,,54041,10,0,5,0
