100,'2_6',759,,29933,1,0,61 8,0,164,,29934,1,0,61 8,0,102,,29935,1,0,61 8,0,98,,29936,1,0,61 8,0,101,,29937,1,0,61 8,0,100,,29938,1,0,61 8,0,100,,29939,1,0,61 8,0,100,,29940,1,0,61 8,0,101,,29941,1,0,61 8,0,102,,29942,1,0,61 8,0,102,,29943,1,0,61 8,0
100,'3_7',859,,29944,1,0,61 8,0,251,,29945,1,0,61 8,0,194,,29946,1,0,61 8,0,205,,29947,1,0,61 8,0,210,,29948,1,0,61 8,0
100,'5_1',649,,37339,1,,,0,70,,37340,1,0,61 8,0,30,,37346,1,0,61 8,0,71,,37341,1,0,61 8,0,101,,37342,1,0,61 8,0,120,,37343,1,0,61 8,0,96,,37347,1,,,0,65,,37348,1,,,0,98,,37344,1,0,61 8,0,53,,37345,1,0,61 8,0,148,,37349,1,0,61 8,0,54,,37350,1,,,0,146,,37351,1,,,0,103,,37325,1,,,0,35,,37352,1,0,61 8,0
100,'5_2',649,,38371,1,,,0,70,,38372,1,0,61 8,0,30,,38378,1,0,61 8,0,71,,38373,1,0,61 8,0,101,,38374,1,0,61 8,0,120,,38375,1,0,61 8,0,96,,38379,1,,,0,65,,38380,1,,,0,98,,38376,1,0,61 8,0,53,,38377,1,0,61 8,0,148,,38381,1,0,61 8,0,54,,38382,1,,,0,146,,38383,1,,,0,103,,38357,1,,,0,35,,38384,1,0,61 8,0
100,'5_3',649,,38399,1,,,0,70,,38400,1,0,61 8,0,30,,38406,1,0,61 8,0,71,,38401,1,0,61 8,0,101,,38402,1,0,61 8,0,120,,38403,1,0,61 8,0,96,,38407,1,,,0,65,,38408,1,,,0,98,,38404,1,0,61 8,0,53,,38405,1,0,61 8,0,148,,38409,1,0,61 8,0,54,,38410,1,,,0,146,,38411,1,,,0,103,,38385,1,,,0,35,,38412,1,0,61 8,0
100,'5_4',649,,38427,1,,,0,70,,38428,1,0,61 8,0,30,,38434,1,0,61 8,0,71,,38429,1,0,61 8,0,101,,38430,1,0,61 8,0,120,,38431,1,0,61 8,0,96,,38435,1,,,0,65,,38436,1,,,0,98,,38432,1,0,61 8,0,53,,38433,1,0,61 8,0,148,,38437,1,0,61 8,0,54,,38438,1,,,0,146,,38439,1,,,0,103,,38413,1,,,0,35,,38440,1,0,61 8,0
100,'5_5',649,,38455,1,,,0,70,,38456,1,0,61 8,0,30,,38462,1,0,61 8,0,71,,38457,1,0,61 8,0,101,,38458,1,0,61 8,0,120,,38459,1,0,61 8,0,96,,38463,1,,,0,65,,38464,1,,,0,98,,38460,1,0,61 8,0,53,,38461,1,0,61 8,0,148,,38465,1,0,61 8,0,54,,38466,1,,,0,146,,38467,1,,,0,103,,38441,1,,,0,35,,38468,1,0,61 8,0
100,'6_1',649,,38483,1,,,0,70,,38484,1,0,61 8,0,30,,38490,1,0,61 8,0,71,,38485,1,0,61 8,0,101,,38486,1,0,61 8,0,120,,38487,1,0,61 8,0,96,,38491,1,,,0,65,,38492,1,,,0,98,,38488,1,0,61 8,0,53,,38489,1,0,61 8,0,148,,38493,1,0,61 8,0,54,,38494,1,,,0,146,,38495,1,,,0,103,,38469,1,,,0,35,,38496,1,0,61 8,0
100,'6_2',649,,43534,1,,,0,70,,43535,1,0,61 8,0,30,,43541,1,0,61 8,0,71,,43536,1,0,61 8,0,101,,43537,1,0,61 8,0,120,,43538,1,0,61 8,0,96,,43542,1,,,0,65,,43543,1,,,0,98,,43539,1,0,61 8,0,53,,43540,1,0,61 8,0,148,,43544,1,0,61 8,0,54,,43545,1,,,0,146,,43546,1,,,0,103,,43520,1,,,0,35,,43547,1,0,61 8,0
100,'6_3',649,,43562,1,,,0,70,,43563,1,0,61 8,0,30,,43569,1,0,61 8,0,71,,43564,1,0,61 8,0,101,,43565,1,0,61 8,0,120,,43566,1,0,61 8,0,96,,43570,1,,,0,65,,43571,1,,,0,98,,43567,1,0,61 8,0,53,,43568,1,0,61 8,0,148,,43572,1,0,61 8,0,54,,43573,1,,,0,146,,43574,1,,,0,103,,43548,1,,,0,35,,43575,1,0,61 8,0
100,'6_4',649,,43590,1,,,0,70,,43591,1,0,61 8,0,30,,43597,1,0,61 8,0,71,,43592,1,0,61 8,0,101,,43593,1,0,61 8,0,120,,43594,1,0,61 8,0,96,,43598,1,,,0,65,,43599,1,,,0,98,,43595,1,0,61 8,0,53,,43596,1,0,61 8,0,148,,43600,1,0,61 8,0,54,,43601,1,,,0,146,,43602,1,,,0,103,,43576,1,,,0,35,,43603,1,0,61 8,0
