1600,'2509-HIV-25k03H-s-Samedi-00',846,,11416,0,8,0,85,,11417,0,8,0,76,,11421,,,0,116,,11418,0,8,0,125,,11423,,,0,65,,11424,0,8 33 34,0,101,,11419,0,8,0,104,,11425,0,8,0,104,,11420,0,8,0,86,,11426,,,0,138,,11422,,,0
1600,'2509-HIV-25l22Vlv-Semaine-00',846,,11428,0,8,0,85,,11429,0,8,0,76,,11433,,,0,116,,11430,0,8,0,125,,11435,,,0,65,,11436,0,8 33 34,0,101,,11431,0,8,0,104,,11437,0,8,0,104,,11432,0,8,0,86,,11438,,,0,138,,11434,,,0
1600,'2509-HIV-26a05H-s-Samedi-00',846,,11440,0,8,0,85,,11441,0,8,0,76,,11445,,,0,116,,11442,0,8,0,125,,11447,,,0,65,,11448,0,8 33 34,0,101,,11443,0,8,0,104,,11449,0,8,0,104,,11444,0,8,0,86,,11450,,,0,138,,11446,,,0
1600,'2509-HIV-26a05H-w-Mercredi-00',846,,11452,0,8,0,85,,11453,0,8,0,76,,11457,,,0,116,,11454,0,8,0,125,,11459,,,0,65,,11460,0,8 33 34,0,101,,11455,0,8,0,104,,11461,0,8,0,104,,11456,0,8,0,86,,11462,,,0,138,,11458,,,0
1600,'2509-HIV-26a05Hlv-L-Ma-J-V-00',846,,11464,0,8,0,85,,11465,0,8,0,76,,11469,,,0,116,,11466,0,8,0,125,,11471,,,0,65,,11472,0,8 33 34,0,101,,11467,0,8,0,104,,11473,0,8,0,104,,11468,0,8,0,86,,11474,,,0,138,,11470,,,0
1600,'2509-HIV-26b23Vlv-Semaine-00',846,,11476,0,8,0,85,,11477,0,8,0,76,,11481,,,0,116,,11478,0,8,0,125,,11483,,,0,65,,11484,0,8 33 34,0,101,,11479,0,8,0,104,,11485,0,8,0,104,,11480,0,8,0,86,,11486,,,0,138,,11482,,,0
1600,'2509-HIV-26c02Vlv-Semaine-00',846,,11488,0,8,0,85,,11489,0,8,0,76,,11493,,,0,116,,11490,0,8,0,125,,11495,,,0,65,,11496,0,8 33 34,0,101,,11491,0,8,0,104,,11497,0,8,0,104,,11492,0,8,0,86,,11498,,,0,138,,11494,,,0
1601,'2509-HIV-25k03H-s-Samedi-00',831,,11499,,,0,77,,11500,,,0,44,,11501,,,0,155,,11503,,,0,122,,11506,,,0,126,,11504,,,0,145,,11507,,,0,45,,11502,,,0,106,,11508,,,0,169,,11505,,,0
1601,'2509-HIV-25l22Vlv-Semaine-00',831,,11509,,,0,77,,11510,,,0,44,,11511,,,0,155,,11513,,,0,122,,11516,,,0,126,,11514,,,0,145,,11517,,,0,45,,11512,,,0,106,,11518,,,0,169,,11515,,,0
1601,'2509-HIV-26a05H-s-Samedi-00',831,,11519,,,0,77,,11520,,,0,44,,11521,,,0,155,,11523,,,0,122,,11526,,,0,126,,11524,,,0,145,,11527,,,0,45,,11522,,,0,106,,11528,,,0,169,,11525,,,0
1601,'2509-HIV-26a05H-w-Mercredi-00',831,,11529,,,0,77,,11530,,,0,44,,11531,,,0,155,,11533,,,0,122,,11536,,,0,126,,11534,,,0,145,,11537,,,0,45,,11532,,,0,106,,11538,,,0,169,,11535,,,0
1601,'2509-HIV-26a05Hlv-L-Ma-J-V-00',831,,11539,,,0,77,,11540,,,0,44,,11541,,,0,155,,11543,,,0,122,,11546,,,0,126,,11544,,,0,145,,11547,,,0,45,,11542,,,0,106,,11548,,,0,169,,11545,,,0
1601,'2509-HIV-26b23Vlv-Semaine-00',831,,11549,,,0,77,,11550,,,0,44,,11551,,,0,155,,11553,,,0,122,,11556,,,0,126,,11554,,,0,145,,11557,,,0,45,,11552,,,0,106,,11558,,,0,169,,11555,,,0
1601,'2509-HIV-26c02Vlv-Semaine-00',831,,11559,,,0,77,,11560,,,0,44,,11561,,,0,155,,11563,,,0,122,,11566,,,0,126,,11564,,,0,145,,11567,,,0,45,,11562,,,0,106,,11568,,,0,169,,11565,,,0
2100,'2509-HIV-25l22Vlv-Semaine-00-1111000',1648,,11715,,,0
2100,'2509-HIV-26a05H-w-Mercredi-00-0010000',1648,,11716,,,0
2100,'2509-HIV-26a05Hlv-L-Ma-J-V-00-1101000',1648,,11719,,,0
2100,'2509-HIV-26b23Vlv-Semaine-00-1111000',1648,,11722,,,0
2100,'2509-HIV-26c02Vlv-Semaine-00-1111000',1648,,11725,,,0
2101,'2509-HIV-25l22Vlv-Semaine-00',748,,11726,,,0
2101,'2509-HIV-26a05H-w-Mercredi-00',748,,11728,,,0
2101,'2509-HIV-26a05Hlv-L-Ma-J-V-00',748,,11730,,,0
2101,'2509-HIV-26b23Vlv-Semaine-00',748,,11732,,,0
2101,'2509-HIV-26c02Vlv-Semaine-00',748,,11734,,,0
