300,'S2-0_6',649,,54739,7,,,0,69,,54740,7,,,0,27,,54741,7,,,0,69,,54742,7,,,0,34,,54743,7,,,0,72,,54744,7,,,0,35,,54745,7,,,0,74,,54746,7,,,0,72,,54747,7,,,0,34,,54738,7,,,0,73,,54737,7,,,0,33,,54736,7,,,0,72,,54735,7,,,0,32,,54713,7,,,0,68,,54714,7,,,0,28,,54715,7,,,0,67,,54716,7,,,0,28,,54717,7,,,0,67,,54718,7,,,0,30,,54719,7,,,0,68,,54720,7,,,0,27,,54721,7,,,0,28,,54722,7,,,0,69,,54723,7,,,0,27,,54724,7,,,0,67,,54725,7,,,0,26,,54726,7,,,0,65,,54727,7,,,0,24,,54749,7,,,0,67,,54748,7,,,0
300,'S2-1_7',848,,54772,7,,,0,72,,54773,7,,,0,35,,54774,7,,,0,74,,54775,7,,,0,72,,54766,7,,,0,34,,54771,7,,,0,73,,54770,7,,,0,33,,54769,7,,,0,72,,54768,7,,,0,32,,54750,7,,,0,68,,54751,7,,,0,28,,54752,7,,,0,67,,54753,7,,,0,28,,54754,7,,,0,67,,54755,7,,,0,30,,54756,7,,,0,68,,54757,7,,,0,27,,54758,7,,,0,28,,54759,7,,,0,69,,54760,7,,,0,27,,54761,7,,,0,67,,54762,7,,,0,26,,54763,7,,,0,65,,54764,7,,,0,24,,54767,7,,,0,67,,54765,7,,,0
300,'S2-2_1',649,,54795,7,,,0,69,,54796,7,,,0,27,,54797,7,,,0,69,,54798,7,,,0,34,,54799,7,,,0,72,,54800,7,,,0,35,,54801,7,,,0,74,,54802,7,,,0,72,,54803,7,,,0,34,,54794,7,,,0,73,,54793,7,,,0,33,,54792,7,,,0,72,,54791,7,,,0,32,,54776,7,,,0,68,,54777,7,,,0,28,,54778,7,,,0,67,,54779,7,,,0,28,,54780,7,,,0,67,,54781,7,,,0,30,,54782,7,,,0,68,,54783,7,,,0,27,,54784,7,,,0,28,,54785,7,,,0,69,,54786,7,,,0,27,,54787,7,,,0,67,,54788,7,,,0,26,,54789,7,,,0,65,,54790,7,,,0,24,,54805,7,,,0,67,,54804,7,,,0
300,'S2-2_2',649,,54825,7,,,0,69,,54826,7,,,0,27,,54827,7,,,0,69,,54828,7,,,0,34,,54829,7,,,0,72,,54830,7,,,0,35,,54831,7,,,0,74,,54832,7,,,0,72,,54833,7,,,0,34,,54824,7,,,0,73,,54823,7,,,0,33,,54822,7,,,0,72,,54821,7,,,0,32,,54806,7,,,0,68,,54807,7,,,0,28,,54808,7,,,0,67,,54809,7,,,0,28,,54810,7,,,0,67,,54811,7,,,0,30,,54812,7,,,0,68,,54813,7,,,0,27,,54814,7,,,0,28,,54815,7,,,0,69,,54816,7,,,0,27,,54817,7,,,0,67,,54818,7,,,0,26,,54819,7,,,0,65,,54820,7,,,0,24,,54835,7,,,0,67,,54834,7,,,0
300,'S2-2_3',649,,54855,7,,,0,69,,54856,7,,,0,27,,54857,7,,,0,69,,54858,7,,,0,34,,54859,7,,,0,72,,54860,7,,,0,35,,54861,7,,,0,74,,54862,7,,,0,72,,54863,7,,,0,34,,54854,7,,,0,73,,54853,7,,,0,33,,54852,7,,,0,72,,54851,7,,,0,32,,54836,7,,,0,68,,54837,7,,,0,28,,54838,7,,,0,67,,54839,7,,,0,28,,54840,7,,,0,67,,54841,7,,,0,30,,54842,7,,,0,68,,54843,7,,,0,27,,54844,7,,,0,28,,54845,7,,,0,69,,54846,7,,,0,27,,54847,7,,,0,67,,54848,7,,,0,26,,54849,7,,,0,65,,54850,7,,,0,24,,54865,7,,,0,67,,54864,7,,,0
300,'S2-2_4',649,,54885,7,,,0,69,,54886,7,,,0,27,,54887,7,,,0,69,,54888,7,,,0,34,,54889,7,,,0,72,,54890,7,,,0,35,,54891,7,,,0,74,,54892,7,,,0,72,,54893,7,,,0,34,,54884,7,,,0,73,,54883,7,,,0,33,,54882,7,,,0,72,,54881,7,,,0,32,,54866,7,,,0,68,,54867,7,,,0,28,,54868,7,,,0,67,,54869,7,,,0,28,,54870,7,,,0,67,,54871,7,,,0,30,,54872,7,,,0,68,,54873,7,,,0,27,,54874,7,,,0,28,,54875,7,,,0,69,,54876,7,,,0,27,,54877,7,,,0,67,,54878,7,,,0,26,,54879,7,,,0,65,,54880,7,,,0,24,,54895,7,,,0,67,,54894,7,,,0
300,'S2-2_5',649,,54922,7,,,0,69,,54923,7,,,0,27,,54924,7,,,0,69,,54925,7,,,0,34,,54926,7,,,0,72,,54927,7,,,0,35,,54928,7,,,0,74,,54929,7,,,0,72,,54930,7,,,0,34,,54921,7,,,0,73,,54920,7,,,0,33,,54919,7,,,0,72,,54918,7,,,0,32,,54896,7,,,0,68,,54897,7,,,0,28,,54898,7,,,0,67,,54899,7,,,0,28,,54900,7,,,0,67,,54901,7,,,0,30,,54902,7,,,0,68,,54903,7,,,0,27,,54904,7,,,0,28,,54905,7,,,0,69,,54906,7,,,0,27,,54907,7,,,0,67,,54908,7,,,0,26,,54909,7,,,0,65,,54910,7,,,0,24,,54932,7,,,0,67,,54931,7,,,0
300,'S2-3_1',649,,54952,7,,,0,69,,54953,7,,,0,27,,54954,7,,,0,69,,54955,7,,,0,34,,54956,7,,,0,72,,54957,7,,,0,35,,54958,7,,,0,74,,54959,7,,,0,72,,54960,7,,,0,34,,54951,7,,,0,73,,54950,7,,,0,33,,54949,7,,,0,72,,54948,7,,,0,32,,54933,7,,,0,68,,54934,7,,,0,28,,54935,7,,,0,67,,54936,7,,,0,28,,54937,7,,,0,67,,54938,7,,,0,30,,54939,7,,,0,68,,54940,7,,,0,27,,54941,7,,,0,28,,54942,7,,,0,69,,54943,7,,,0,27,,54944,7,,,0,67,,54945,7,,,0,26,,54946,7,,,0,65,,54947,7,,,0,24,,54962,7,,,0,67,,54961,7,,,0
300,'S2-3_3',649,,54982,7,,,0,69,,54983,7,,,0,27,,54984,7,,,0,69,,54985,7,,,0,34,,54986,7,,,0,72,,54987,7,,,0,35,,54988,7,,,0,74,,54989,7,,,0,72,,54990,7,,,0,34,,54981,7,,,0,73,,54980,7,,,0,33,,54979,7,,,0,72,,54978,7,,,0,32,,54963,7,,,0,68,,54964,7,,,0,28,,54965,7,,,0,67,,54966,7,,,0,28,,54967,7,,,0,67,,54968,7,,,0,30,,54969,7,,,0,68,,54970,7,,,0,27,,54971,7,,,0,28,,54972,7,,,0,69,,54973,7,,,0,27,,54974,7,,,0,67,,54975,7,,,0,26,,54976,7,,,0,65,,54977,7,,,0,24,,54992,7,,,0,67,,54991,7,,,0
300,'S2-3_4',649,,55012,7,,,0,69,,55013,7,,,0,27,,55014,7,,,0,69,,55015,7,,,0,34,,55016,7,,,0,72,,55017,7,,,0,35,,55018,7,,,0,74,,55019,7,,,0,72,,55020,7,,,0,34,,55011,7,,,0,73,,55010,7,,,0,33,,55009,7,,,0,72,,55008,7,,,0,32,,54993,7,,,0,68,,54994,7,,,0,28,,54995,7,,,0,67,,54996,7,,,0,28,,54997,7,,,0,67,,54998,7,,,0,30,,54999,7,,,0,68,,55000,7,,,0,27,,55001,7,,,0,28,,55002,7,,,0,69,,55003,7,,,0,27,,55004,7,,,0,67,,55005,7,,,0,26,,55006,7,,,0,65,,55007,7,,,0,24,,55022,7,,,0,67,,55021,7,,,0
300,'S2-4_7',649,,55042,7,,,0,69,,55043,7,,,0,27,,55044,7,,,0,69,,55045,7,,,0,34,,55046,7,,,0,72,,55047,7,,,0,35,,55048,7,,,0,74,,55049,7,,,0,72,,55050,7,,,0,34,,55041,7,,,0,73,,55040,7,,,0,33,,55039,7,,,0,72,,55038,7,,,0,32,,55023,7,,,0,68,,55024,7,,,0,28,,55025,7,,,0,67,,55026,7,,,0,28,,55027,7,,,0,67,,55028,7,,,0,30,,55029,7,,,0,68,,55030,7,,,0,27,,55031,7,,,0,28,,55032,7,,,0,69,,55033,7,,,0,27,,55034,7,,,0,67,,55035,7,,,0,26,,55036,7,,,0,65,,55037,7,,,0,24,,55052,7,,,0,67,,55051,7,,,0
