900,'25j05H-Dimanche',826,,2664,,,0,900,,2665,,,0
900,'25j26H-Dimanche',826,,2668,,,0,900,,2669,,,0
900,'25k03H-Samedi',631,,2672,,,0,98,,2673,,,0,118,,2671,0,28,0,197,,2674,,,0,167,,2680,0,28,0,196,,2675,,,0,316,,2676,,,0,101,,2677,,,0
900,'25l22V-Semaine',649,,2682,,,0,81,,2686,,,0,19,,2691,,,0,3,,2688,,,0,180,,2689,,,0,112,,2690,,,0,167,,2692,0,28,0,196,,2696,,,0,321,,2695,,,0,97,,2698,,,0
900,'26a05H-Samedi',631,,2702,,,0,98,,2703,,,0,118,,2701,0,28,0,197,,2704,,,0,167,,2710,0,28,0,196,,2705,,,0,316,,2706,,,0,101,,2707,,,0
900,'26a05H-Mercredi',647,,2712,,,0,81,,2718,,,0,19,,2730,,,0,6,,2720,,,0,173,,2721,,,0,94,,2722,0,28,0,93,,2723,,,0,105,,2724,,,0,200,,2727,,,0,84,,2725,,,0,110,,2726,,,0,202,,2728,,,0
900,'26a05H-L-Ma-J-V',647,,2731,,,0,81,,2737,,,0,19,,2749,,,0,6,,2739,,,0,173,,2740,,,0,94,,2741,0,28,0,93,,2742,,,0,105,,2743,,,0,200,,2746,,,0,84,,2744,,,0,110,,2745,,,0,202,,2747,,,0
900,'26b23V-Semaine',649,,2750,,,0,81,,2754,,,0,19,,2759,,,0,3,,2756,,,0,180,,2757,,,0,112,,2758,,,0,167,,2760,0,28,0,196,,2764,,,0,321,,2763,,,0,97,,2766,,,0
900,'26c02V-Semaine',649,,2768,,,0,81,,2772,,,0,19,,2777,,,0,3,,2774,,,0,180,,2775,,,0,112,,2776,,,0,167,,2778,0,28,0,196,,2782,,,0,321,,2781,,,0,97,,2784,,,0
1700,'25j05H-Dimanche',820,,3493,4,,0,900,,3494,4,,0
1700,'25j26H-Dimanche',820,,3495,4,,0,900,,3496,4,,0
1700,'26a05H-Mercredi',635,,3497,4,,0,102,,3499,4,,0,169,,3501,4,,0,999,,3498,4,,0
1700,'26a05H-Mercredi0010000',1407,,3502,4,,0
1700,'26a05H-L-Ma-J-V',635,,3503,4,,0,102,,3505,4,,0,169,,3507,4,,0,999,,3504,4,,0
