401,'1_3',742,,48804,48,0,41,0,10,,48788,43,0,41,0,54,,48805,45,0,41,0,15,,48789,43,0,41,0,15,,48812,45,,,0,64,,48790,43,0,41,0,11,,48791,43,0,41,0,35,,48792,43,0,41,0,75,,48793,43,0,41,0,35,,48794,43,0,41,0,75,,48814,43,,,0,70,,48795,43,0,41,0,31,,48796,43,0,41,0,19,,48813,45,,,0,70,,48809,46,0,41,0,30,,48815,43,,,0,73,,48787,46,0,41,0,77,,48797,43,0,41,0,30,,48816,43,,,0,27,,48798,43,0,41,0,69,,48799,43,0,41,0,16,,48800,43,0,41,0,16,,48810,46,0,41,0,64,,48806,45,0,41,0,15,,48801,43,0,41,0,15,,48807,45,0,41,0,52,,48811,46,,,0,27,,48802,43,0,41,0,19,,48808,45,0,41,0,75,,48803,43,0,41,0,24,,48817,43,,,0
401,'2_6',733,,31419,43,,,0,117,,31426,43,0,41,0,73,,31420,43,,,0,28,,31427,43,0,41,0,72,,31428,43,0,41,0,29,,31429,43,0,41,0,72,,31421,43,,,0,28,,31430,43,0,41,0,73,,31431,43,0,41,0,29,,31432,43,0,41,0,71,,31422,43,,,0,28,,31433,43,0,41,0,69,,31434,43,0,41,0,31,,31435,43,0,41,0,72,,31423,43,,,0,28,,31436,43,0,41,0,73,,31437,43,0,41,0,33,,31438,43,0,41,0,71,,31424,43,,,0,72,,31439,43,0,41,0,31,,31440,43,0,41,0,71,,31441,43,0,41,0,28,,31442,43,0,41,0,70,,31425,43,,,0
401,'3_7',943,,31443,43,0,41,0,100,,31444,43,0,41,0,100,,31445,43,0,41,0,101,,31446,43,0,41,0,100,,31447,43,0,41,0,99,,31448,43,0,41,0,100,,31449,43,0,41,0,100,,31450,43,0,41,0,100,,31451,43,0,41,0,100,,31452,43,0,41,0
401,'4_7',943,,46926,43,0,41,0,100,,46927,43,0,41,0,100,,46928,43,0,41,0,101,,46929,43,0,41,0,100,,46930,43,0,41,0,99,,46931,43,0,41,0,100,,46932,43,0,41,0,100,,46933,43,0,41,0,100,,46934,43,0,41,0,100,,46935,43,0,41,0
401,'6_2',738,,44189,51,0,41,0,10,,44175,43,0,41,0,55,,44190,45,0,41,0,15,,44176,43,0,41,0,15,,44196,45,,,0,20,,44177,43,0,41,0,55,,44178,43,0,41,0,40,,44179,43,0,41,0,71,,44180,43,0,41,0,37,,44181,43,0,41,0,73,,44198,43,,,0,30,,44182,43,0,41,0,69,,44183,43,0,41,0,20,,44197,45,,,0,71,,44194,46,0,41,0,29,,44199,43,,,0,70,,44174,43,0,41,0,40,,44184,43,0,41,0,71,,44200,43,,,0,25,,44185,43,0,41,0,70,,44186,43,,,0,25,,44195,46,0,41,0,70,,44191,45,0,41,0,30,,44192,48,,,0,75,,44187,43,0,41,0,24,,44193,45,0,41,0,70,,44188,43,0,41,0,29,,44201,43,,,0
401,'6_3',738,,44217,51,0,41,0,10,,44203,43,0,41,0,55,,44218,45,0,41,0,15,,44204,43,0,41,0,15,,44224,45,,,0,20,,44205,43,0,41,0,55,,44206,43,0,41,0,40,,44207,43,0,41,0,71,,44208,43,0,41,0,37,,44209,43,0,41,0,73,,44226,43,,,0,30,,44210,43,0,41,0,69,,44211,43,0,41,0,20,,44225,45,,,0,71,,44222,46,0,41,0,29,,44227,43,,,0,70,,44202,43,0,41,0,40,,44212,43,0,41,0,71,,44228,43,,,0,25,,44213,43,0,41,0,70,,44214,43,,,0,25,,44223,46,0,41,0,70,,44219,45,0,41,0,30,,44220,48,,,0,75,,44215,43,0,41,0,24,,44221,45,0,41,0,70,,44216,43,0,41,0,29,,44229,43,,,0
401,'6_4',738,,44245,51,0,41,0,10,,44231,43,0,41,0,55,,44246,45,0,41,0,15,,44232,43,0,41,0,15,,44252,45,,,0,20,,44233,43,0,41,0,55,,44234,43,0,41,0,40,,44235,43,0,41,0,71,,44236,43,0,41,0,37,,44237,43,0,41,0,73,,44254,43,,,0,30,,44238,43,0,41,0,69,,44239,43,0,41,0,20,,44253,45,,,0,71,,44250,46,0,41,0,29,,44255,43,,,0,70,,44230,43,0,41,0,40,,44240,43,0,41,0,71,,44256,43,,,0,25,,44241,43,0,41,0,70,,44242,43,,,0,25,,44251,46,0,41,0,70,,44247,45,0,41,0,30,,44248,48,,,0,75,,44243,43,0,41,0,24,,44249,45,0,41,0,70,,44244,43,0,41,0,29,,44257,43,,,0
401,'7_1',742,,46953,48,0,41,0,10,,46937,43,0,41,0,54,,46954,45,0,41,0,15,,46938,43,0,41,0,15,,46961,45,,,0,64,,46939,43,0,41,0,11,,46940,43,0,41,0,35,,46941,43,0,41,0,75,,46942,43,0,41,0,35,,46943,43,0,41,0,75,,46963,43,,,0,70,,46944,43,0,41,0,31,,46945,43,0,41,0,19,,46962,45,,,0,70,,46958,46,0,41,0,30,,46964,43,,,0,73,,46936,46,0,41,0,77,,46946,43,0,41,0,30,,46965,43,,,0,27,,46947,43,0,41,0,69,,46948,43,0,41,0,16,,46949,43,0,41,0,16,,46959,46,0,41,0,64,,46955,45,0,41,0,15,,46950,43,0,41,0,15,,46956,45,0,41,0,52,,46960,46,,,0,27,,46951,43,0,41,0,19,,46957,45,0,41,0,75,,46952,43,0,41,0,24,,46966,43,,,0
401,'7_2',742,,48836,48,0,41,0,10,,48820,43,0,41,0,54,,48837,45,0,41,0,15,,48821,43,0,41,0,15,,48844,45,,,0,64,,48822,43,0,41,0,11,,48823,43,0,41,0,35,,48824,43,0,41,0,75,,48825,43,0,41,0,35,,48826,43,0,41,0,75,,48846,43,,,0,70,,48827,43,0,41,0,31,,48828,43,0,41,0,19,,48845,45,,,0,70,,48841,46,0,41,0,30,,48847,43,,,0,73,,48819,46,0,41,0,77,,48829,43,0,41,0,30,,48848,43,,,0,27,,48830,43,0,41,0,69,,48831,43,0,41,0,16,,48832,43,0,41,0,16,,48842,46,0,41,0,64,,48838,45,0,41,0,15,,48833,43,0,41,0,15,,48839,45,0,41,0,52,,48843,46,,,0,27,,48834,43,0,41,0,19,,48840,45,0,41,0,75,,48835,43,0,41,0,24,,48849,43,,,0
401,'7_4',742,,48868,48,0,41,0,10,,48852,43,0,41,0,54,,48869,45,0,41,0,15,,48853,43,0,41,0,15,,48876,45,,,0,64,,48854,43,0,41,0,11,,48855,43,0,41,0,35,,48856,43,0,41,0,75,,48857,43,0,41,0,35,,48858,43,0,41,0,75,,48878,43,,,0,70,,48859,43,0,41,0,31,,48860,43,0,41,0,19,,48877,45,,,0,70,,48873,46,0,41,0,30,,48879,43,,,0,73,,48851,46,0,41,0,77,,48861,43,0,41,0,30,,48880,43,,,0,27,,48862,43,0,41,0,69,,48863,43,0,41,0,16,,48864,43,0,41,0,16,,48874,46,0,41,0,64,,48870,45,0,41,0,15,,48865,43,0,41,0,15,,48871,45,0,41,0,52,,48875,46,,,0,27,,48866,43,0,41,0,19,,48872,45,0,41,0,75,,48867,43,0,41,0,24,,48881,43,,,0
401,'8_7',943,,51946,43,0,41,0,100,,51947,43,0,41,0,100,,51948,43,0,41,0,101,,51949,43,0,41,0,100,,51950,43,0,41,0,99,,51951,43,0,41,0,100,,51952,43,0,41,0,100,,51953,43,0,41,0,100,,51954,43,0,41,0,100,,51955,43,0,41,0
