'2509-HIV-25j05H-d-Dimanche-00',4000000,95300,4,'',0,26000,4,'',0,22000,4,'',0,22000,4,'',0,25900,4,'',0
'2509-HIV-25j26H-d-Dimanche-00',4000000,95300,4,'',0,26000,4,'',0,22000,4,'',0,22000,4,'',0,25900,4,'',0
'2509-HIV-25k03H-s-Samedi-00',4000000,71300,4,'',0,4400,4,'',0,8100,4,'',0,7900,4,'',0,8300,4,'',0,4100,4,'',0,8300,4,'',0,8200,4,'',0,4100,4,'',0,5900,4,'',0,4200,4,'',0,7700,4,'',0,7800,4,'',0,4000,4,'',0,8100,4,'',0,8200,4,'',0,4100,4,'',0,7700,4,'',0,7700,4,'',0,3700,4,'',0,7900,4,'',0
'2509-HIV-25l08H-w-Mercredi-00',4000000,65500,4,'',0,8700,4,'',0,8300,4,'',0,8100,4,'',0,3600,4,'',0,7900,4,'',0,8000,4,'',0,4100,4,'',0,8400,4,'',0,7500,4,'',0,3800,4,'',0,8400,4,'',0,7900,4,'',0,4300,4,'',0,8200,4,'',0,8400,4,'',0,4700,4,'',0,7300,4,'',0,7200,4,'',0,3500,4,'',0,7800,4,'',0
'2509-HIV-25l08Hlv-L-Ma-J-V-00',4000000,65500,4,'',0,8700,4,'',0,8300,4,'',0,8100,4,'',0,3600,4,'',0,7900,4,'',0,8000,4,'',0,4100,4,'',0,8400,4,'',0,7500,4,'',0,3800,4,'',0,8400,4,'',0,7900,4,'',0,4300,4,'',0,8200,4,'',0,8400,4,'',0,4700,4,'',0,7300,4,'',0,7200,4,'',0,3500,4,'',0,7800,4,'',0
'2509-HIV-25l18Hlv-L-Ma-J-V-00',4000000,65500,4,'',0,8700,4,'',0,8300,4,'',0,8100,4,'',0,3600,4,'',0,7900,4,'',0,8000,4,'',0,4100,4,'',0,8400,4,'',0,7500,4,'',0,3800,4,'',0,8400,4,'',0,7900,4,'',0,4300,4,'',0,8200,4,'',0,8400,4,'',0,4700,4,'',0,7300,4,'',0,7200,4,'',0,3500,4,'',0,7800,4,'',0
'2509-HIV-25l22Vlv-Semaine-00',4000000,71300,4,'',0,4400,4,'',0,8100,4,'',0,7900,4,'',0,8300,4,'',0,4100,4,'',0,8300,4,'',0,8200,4,'',0,4100,4,'',0,5900,4,'',0,4200,4,'',0,7700,4,'',0,7800,4,'',0,4000,4,'',0,8100,4,'',0,8200,4,'',0,4100,4,'',0,7700,4,'',0,7700,4,'',0,3700,4,'',0,7900,4,'',0
'2509-HIV-26a05H-s-Samedi-00',4000000,71300,4,'',0,4400,4,'',0,8100,4,'',0,7900,4,'',0,8300,4,'',0,4100,4,'',0,8300,4,'',0,8200,4,'',0,4100,4,'',0,5900,4,'',0,4200,4,'',0,7700,4,'',0,7800,4,'',0,4000,4,'',0,8100,4,'',0,8200,4,'',0,4100,4,'',0,7700,4,'',0,7700,4,'',0,3700,4,'',0,7900,4,'',0
'2509-HIV-26a05H-w-Mercredi-00',4000000,65500,4,'',0,8700,4,'',0,8300,4,'',0,8100,4,'',0,3600,4,'',0,7900,4,'',0,8000,4,'',0,4100,4,'',0,8400,4,'',0,7500,4,'',0,3800,4,'',0,8400,4,'',0,7900,4,'',0,4300,4,'',0,8200,4,'',0,8400,4,'',0,4700,4,'',0,7300,4,'',0,7200,4,'',0,3500,4,'',0,7800,4,'',0
'2509-HIV-26a05Hlv-L-Ma-J-V-00',4000000,65500,4,'',0,8700,4,'',0,8300,4,'',0,8100,4,'',0,3600,4,'',0,7900,4,'',0,8000,4,'',0,4100,4,'',0,8400,4,'',0,7500,4,'',0,3800,4,'',0,8400,4,'',0,7900,4,'',0,4300,4,'',0,8200,4,'',0,8400,4,'',0,4700,4,'',0,7300,4,'',0,7200,4,'',0,3500,4,'',0,7800,4,'',0
