101,'0_6',658,,63047,8,0,5,0,151,,63048,8,0,5,0,108,,63049,8,0,5,0,30,,63060,8,0,6,0,69,,63050,8,0,5,0,31,,63061,8,0,6,0,70,,63051,8,0,5,0,30,,63062,8,0,6,0,70,,63052,8,0,5,0,30,,63063,8,0,6,0,70,,63053,8,0,5,0,29,,63064,8,0,6,0,69,,63054,8,0,5,0,30,,63065,8,0,6,0,70,,63055,8,0,5,0,32,,63066,8,0,6,0,70,,63056,8,0,5,0,29,,63067,8,0,6,0,73,,63057,8,0,5,0,30,,63068,8,0,6,0,79,,63058,8,0,5,0,25,,63069,8,0,6,0,67,,63059,8,0,5,0
101,'1_7',904,,63070,8,0,6,0,105,,63075,8,0,5,0,105,,63071,8,0,6,0,105,,63076,8,0,5,0,105,,63072,8,0,6,0,90,,63077,8,0,5,0,100,,63073,8,0,6,0,105,,63078,8,0,5,0,105,,63074,8,0,6,0,105,,63079,8,0,5,0
101,'2_1',658,,63080,14,0,5,0,69,,63081,8,0,5,0,73,,63082,14,0,6,0,32,,63084,8,0,5,0,75,,63083,14,0,6,0,35,,63085,8,0,5,0,71,,63089,8,0,6,0,32,,63086,8,0,5,0,72,,63087,8,0,6,0,30,,63088,8,0,5,0,70,,63090,8,0,6,0,31,,63091,8,0,5,0,69,,63092,8,0,6,0,28,,63094,14,0,5,0,70,,63093,8,0,6,0,31,,63095,14,0,5,0,70,,63097,8,0,6,0,31,,63101,8,0,5,0,71,,63100,8,0,6,0,32,,63098,8,0,5,0,70,,63099,8,0,6,0,31,,63096,14,0,5,0,67,,63102,8,0,6,0,31,,63103,14,0,5,0,66,,63104,8,0,6,0
101,'2_2',658,,63105,14,0,5,0,69,,63106,8,0,5,0,73,,63107,14,0,6,0,32,,63109,8,0,5,0,75,,63108,14,0,6,0,35,,63110,8,0,5,0,71,,63114,8,0,6,0,32,,63111,8,0,5,0,72,,63112,8,0,6,0,30,,63113,8,0,5,0,70,,63115,8,0,6,0,31,,63116,8,0,5,0,69,,63117,8,0,6,0,28,,63119,14,0,5,0,70,,63118,8,0,6,0,31,,63120,14,0,5,0,70,,63122,8,0,6,0,31,,63126,8,0,5,0,71,,63125,8,0,6,0,32,,63123,8,0,5,0,70,,63124,8,0,6,0,31,,63121,14,0,5,0,67,,63127,8,0,6,0,31,,63128,14,0,5,0,66,,63129,8,0,6,0
101,'2_3',658,,63130,14,0,5,0,69,,63131,8,0,5,0,73,,63132,14,0,6,0,32,,63134,8,0,5,0,75,,63133,14,0,6,0,35,,63135,8,0,5,0,71,,63139,8,0,6,0,32,,63136,8,0,5,0,72,,63137,8,0,6,0,30,,63138,8,0,5,0,70,,63140,8,0,6,0,31,,63141,8,0,5,0,69,,63142,8,0,6,0,28,,63144,14,0,5,0,70,,63143,8,0,6,0,31,,63145,14,0,5,0,70,,63147,8,0,6,0,31,,63151,8,0,5,0,71,,63150,8,0,6,0,32,,63148,8,0,5,0,70,,63149,8,0,6,0,31,,63146,14,0,5,0,67,,63152,8,0,6,0,31,,63153,14,0,5,0,66,,63154,8,0,6,0
101,'2_4',658,,63155,14,0,5,0,69,,63156,8,0,5,0,73,,63157,14,0,6,0,32,,63159,8,0,5,0,75,,63158,14,0,6,0,35,,63160,8,0,5,0,71,,63164,8,0,6,0,32,,63161,8,0,5,0,72,,63162,8,0,6,0,30,,63163,8,0,5,0,70,,63165,8,0,6,0,31,,63166,8,0,5,0,69,,63167,8,0,6,0,28,,63169,14,0,5,0,70,,63168,8,0,6,0,31,,63170,14,0,5,0,70,,63172,8,0,6,0,31,,63176,8,0,5,0,71,,63175,8,0,6,0,32,,63173,8,0,5,0,70,,63174,8,0,6,0,31,,63171,14,0,5,0,67,,63177,8,0,6,0,31,,63178,14,0,5,0,66,,63179,8,0,6,0
101,'2_5',658,,63180,14,0,5,0,69,,63181,8,0,5,0,73,,63182,14,0,6,0,32,,63184,8,0,5,0,75,,63183,14,0,6,0,35,,63185,8,0,5,0,71,,63189,8,0,6,0,32,,63186,8,0,5,0,72,,63187,8,0,6,0,30,,63188,8,0,5,0,70,,63190,8,0,6,0,31,,63191,8,0,5,0,69,,63192,8,0,6,0,28,,63194,14,0,5,0,70,,63193,8,0,6,0,31,,63195,14,0,5,0,70,,63197,8,0,6,0,31,,63201,8,0,5,0,71,,63200,8,0,6,0,32,,63198,8,0,5,0,70,,63199,8,0,6,0,31,,63196,14,0,5,0,67,,63202,8,0,6,0,31,,63203,14,0,5,0,66,,63204,8,0,6,0
101,'3_1',658,,63205,14,0,5,0,69,,63206,8,0,5,0,73,,63207,14,0,6,0,32,,63209,8,0,5,0,75,,63208,14,0,6,0,35,,63210,8,0,5,0,71,,63214,8,0,6,0,32,,63211,8,0,5,0,72,,63212,8,0,6,0,30,,63213,8,0,5,0,70,,63215,8,0,6,0,31,,63216,8,0,5,0,69,,63217,8,0,6,0,28,,63219,14,0,5,0,70,,63218,8,0,6,0,31,,63220,14,0,5,0,70,,63222,8,0,6,0,31,,63226,8,0,5,0,71,,63225,8,0,6,0,32,,63223,8,0,5,0,70,,63224,8,0,6,0,31,,63221,14,0,5,0,67,,63227,8,0,6,0,31,,63228,14,0,5,0,66,,63229,8,0,6,0
101,'3_3',658,,63230,14,0,5,0,69,,63231,8,0,5,0,73,,63232,14,0,6,0,32,,63234,8,0,5,0,75,,63233,14,0,6,0,35,,63235,8,0,5,0,71,,63239,8,0,6,0,32,,63236,8,0,5,0,72,,63237,8,0,6,0,30,,63238,8,0,5,0,70,,63240,8,0,6,0,31,,63241,8,0,5,0,69,,63242,8,0,6,0,28,,63244,14,0,5,0,70,,63243,8,0,6,0,31,,63245,14,0,5,0,70,,63247,8,0,6,0,31,,63251,8,0,5,0,71,,63250,8,0,6,0,32,,63248,8,0,5,0,70,,63249,8,0,6,0,31,,63246,14,0,5,0,67,,63252,8,0,6,0,31,,63253,14,0,5,0,66,,63254,8,0,6,0
101,'3_4',658,,63255,14,0,5,0,69,,63256,8,0,5,0,73,,63257,14,0,6,0,32,,63259,8,0,5,0,75,,63258,14,0,6,0,35,,63260,8,0,5,0,71,,63264,8,0,6,0,32,,63261,8,0,5,0,72,,63262,8,0,6,0,30,,63263,8,0,5,0,70,,63265,8,0,6,0,31,,63266,8,0,5,0,69,,63267,8,0,6,0,28,,63269,14,0,5,0,70,,63268,8,0,6,0,31,,63270,14,0,5,0,70,,63272,8,0,6,0,31,,63276,8,0,5,0,71,,63275,8,0,6,0,32,,63273,8,0,5,0,70,,63274,8,0,6,0,31,,63271,14,0,5,0,67,,63277,8,0,6,0,31,,63278,14,0,5,0,66,,63279,8,0,6,0
101,'3_5',658,,63280,14,0,5,0,69,,63281,8,0,5,0,73,,63282,14,0,6,0,32,,63284,8,0,5,0,75,,63283,14,0,6,0,35,,63285,8,0,5,0,71,,63289,8,0,6,0,32,,63286,8,0,5,0,72,,63287,8,0,6,0,30,,63288,8,0,5,0,70,,63290,8,0,6,0,31,,63291,8,0,5,0,69,,63292,8,0,6,0,28,,63294,14,0,5,0,70,,63293,8,0,6,0,31,,63295,14,0,5,0,70,,63297,8,0,6,0,31,,63301,8,0,5,0,71,,63300,8,0,6,0,32,,63298,8,0,5,0,70,,63299,8,0,6,0,31,,63296,14,0,5,0,67,,63302,8,0,6,0,31,,63303,14,0,5,0,66,,63304,8,0,6,0
101,'4_7',904,,63305,8,0,6,0,105,,63310,8,0,5,0,105,,63306,8,0,6,0,105,,63311,8,0,5,0,105,,63307,8,0,6,0,90,,63312,8,0,5,0,100,,63308,8,0,6,0,105,,63313,8,0,5,0,105,,63309,8,0,6,0,105,,63314,8,0,5,0
