201,'1_6',729,,1202,0,22,0,5,,1226,0,24,0,25,,1214,0,23,0,71,,1203,0,23,0,25,,1215,0,24,0,65,,1227,0,22,0,25,,1204,0,22,0,60,,1216,0,23,0,15,,1228,0,24,0,31,,1205,0,22,0,59,,1217,0,23,0,20,,1229,0,41,0,25,,1206,0,22,0,60,,1218,0,24,0,20,,1230,0,23,0,70,,1207,0,23,0,18,,1219,0,24,0,20,,1231,0,22,0,64,,1208,0,23,0,18,,1220,0,24,0,25,,1232,0,22,0,65,,1209,0,24,0,19,,1221,0,23,0,22,,1233,0,22,0,62,,1210,0,24,0,16,,1222,0,23,0,24,,1234,0,22,0,65,,1211,0,23,0,18,,1223,0,24,0,60,,1235,0,22,0,25,,1212,0,23,0,19,,1224,0,22,0,60,,1236,0,24,0,20,,1213,0,23,0,15,,1225,0,24,0,14,,1237,0,23,0
201,'3_2',729,,1322,0,22,0,17,,1313,0,23,0,13,,1320,0,23,0,58,,1319,0,24,0,13,,1317,0,23,0,15,,1316,0,22,0,60,,1321,0,24,0,27,,1318,0,23,0,68,,1315,0,22,0,41,,1310,0,23,0,66,,1311,0,24,0,43,,1308,0,23,0,75,,1307,0,24,0,20,,1312,0,23,0,60,,1309,0,22,0,35,,1305,0,23,0,60,,1303,0,24,0,25,,1302,0,23,0,30,,1300,0,22,0,66,,1306,0,23,0,25,,1301,0,24,0,55,,1304,0,22,0,20,,1296,0,23,0,10,,1298,0,24,0,15,,1295,0,23,0,55,,1299,0,24,0,20,,1297,0,23,0,15,,1289,0,24,0,12,,1291,0,23,0,53,,1288,0,24,0,15,,1292,0,23,0,14,,1294,0,24,0,15,,1293,0,23,0,55,,1290,0,24,0,20,,1286,0,23,0,25,,1287,0,24,0,59,,1285,0,23,0
201,'3_3',729,,1361,0,22,0,17,,1352,0,23,0,13,,1359,0,23,0,58,,1358,0,24,0,13,,1356,0,23,0,15,,1355,0,22,0,60,,1360,0,24,0,27,,1357,0,23,0,68,,1354,0,22,0,41,,1349,0,23,0,66,,1350,0,24,0,43,,1347,0,23,0,75,,1346,0,24,0,20,,1351,0,23,0,60,,1348,0,22,0,35,,1344,0,23,0,60,,1342,0,24,0,25,,1341,0,23,0,30,,1339,0,22,0,66,,1345,0,23,0,25,,1340,0,24,0,55,,1343,0,22,0,20,,1335,0,23,0,10,,1337,0,24,0,15,,1334,0,23,0,55,,1338,0,24,0,20,,1336,0,23,0,15,,1328,0,24,0,12,,1330,0,23,0,53,,1327,0,24,0,15,,1331,0,23,0,14,,1333,0,24,0,15,,1332,0,23,0,55,,1329,0,24,0,20,,1325,0,23,0,25,,1326,0,24,0,59,,1324,0,23,0
201,'3_4',729,,1400,0,22,0,17,,1391,0,23,0,13,,1398,0,23,0,58,,1397,0,24,0,13,,1395,0,23,0,15,,1394,0,22,0,60,,1399,0,24,0,27,,1396,0,23,0,68,,1393,0,22,0,41,,1388,0,23,0,66,,1389,0,24,0,43,,1386,0,23,0,75,,1385,0,24,0,20,,1390,0,23,0,60,,1387,0,22,0,35,,1383,0,23,0,60,,1381,0,24,0,25,,1380,0,23,0,30,,1378,0,22,0,66,,1384,0,23,0,25,,1379,0,24,0,55,,1382,0,22,0,20,,1374,0,23,0,10,,1376,0,24,0,15,,1373,0,23,0,55,,1377,0,24,0,20,,1375,0,23,0,15,,1367,0,24,0,12,,1369,0,23,0,53,,1366,0,24,0,15,,1370,0,23,0,14,,1372,0,24,0,15,,1371,0,23,0,55,,1368,0,24,0,20,,1364,0,23,0,25,,1365,0,24,0,59,,1363,0,23,0
201,'3_5',729,,1439,0,22,0,17,,1430,0,23,0,13,,1437,0,23,0,58,,1436,0,24,0,13,,1434,0,23,0,15,,1433,0,22,0,60,,1438,0,24,0,27,,1435,0,23,0,68,,1432,0,22,0,41,,1427,0,23,0,66,,1428,0,24,0,43,,1425,0,23,0,75,,1424,0,24,0,20,,1429,0,23,0,60,,1426,0,22,0,35,,1422,0,23,0,60,,1420,0,24,0,25,,1419,0,23,0,30,,1417,0,22,0,66,,1423,0,23,0,25,,1418,0,24,0,55,,1421,0,22,0,20,,1413,0,23,0,10,,1415,0,24,0,15,,1412,0,23,0,55,,1416,0,24,0,20,,1414,0,23,0,15,,1406,0,24,0,12,,1408,0,23,0,53,,1405,0,24,0,15,,1409,0,23,0,14,,1411,0,24,0,15,,1410,0,23,0,55,,1407,0,24,0,20,,1403,0,23,0,25,,1404,0,24,0,59,,1402,0,23,0
201,'4_7',855,,1441,0,23,0,165,,1442,0,23,0,125,,1443,0,23,0,165,,1444,0,23,0,110,,1445,0,23,0,125,,1446,0,23,0,165,,1447,0,23,0,125,,1448,0,23,0
201,'5_1',729,,1449,0,22,0,17,,1483,0,23,0,13,,1487,0,23,0,58,,1471,0,24,0,12,,1452,0,23,0,15,,1450,0,22,0,60,,1472,0,24,0,27,,1453,0,23,0,28,,1463,0,22,0,82,,1457,0,23,0,66,,1464,0,24,0,43,,1458,0,23,0,75,,1465,0,24,0,20,,1485,0,23,0,60,,1454,0,22,0,35,,1473,0,23,0,61,,1486,0,24,0,25,,1466,0,23,0,30,,1451,0,22,0,65,,1474,0,23,0,25,,1455,0,24,0,55,,1480,0,22,0,21,,1467,0,23,0,10,,1482,0,24,0,15,,1459,0,23,0,55,,1481,0,24,0,21,,1475,0,23,0,15,,1468,0,24,0,12,,1476,0,23,0,53,,1456,0,24,0,14,,1477,0,23,0,15,,1479,0,24,0,14,,1478,0,23,0,55,,1469,0,24,0,19,,1460,0,23,0,24,,1470,0,24,0,59,,1461,0,23,0
201,'5_2',729,,1488,0,22,0,17,,1522,0,23,0,13,,1526,0,23,0,58,,1510,0,24,0,12,,1491,0,23,0,15,,1489,0,22,0,60,,1511,0,24,0,27,,1492,0,23,0,28,,1502,0,22,0,82,,1496,0,23,0,66,,1503,0,24,0,43,,1497,0,23,0,75,,1504,0,24,0,20,,1524,0,23,0,60,,1493,0,22,0,35,,1512,0,23,0,61,,1525,0,24,0,25,,1505,0,23,0,30,,1490,0,22,0,65,,1513,0,23,0,25,,1494,0,24,0,55,,1519,0,22,0,21,,1506,0,23,0,10,,1521,0,24,0,15,,1498,0,23,0,55,,1520,0,24,0,21,,1514,0,23,0,15,,1507,0,24,0,12,,1515,0,23,0,53,,1495,0,24,0,14,,1516,0,23,0,15,,1518,0,24,0,14,,1517,0,23,0,55,,1508,0,24,0,19,,1499,0,23,0,24,,1509,0,24,0,59,,1500,0,23,0
201,'5_4',729,,12501,0,22,0,17,,12535,0,23,0,13,,12539,0,23,0,58,,12523,0,24,0,12,,12504,0,23,0,15,,12502,0,22,0,60,,12524,0,24,0,27,,12505,0,23,0,28,,12515,0,22,0,82,,12509,0,23,0,66,,12516,0,24,0,43,,12510,0,23,0,75,,12517,0,24,0,20,,12537,0,23,0,60,,12506,0,22,0,35,,12525,0,23,0,61,,12538,0,24,0,25,,12518,0,23,0,30,,12503,0,22,0,65,,12526,0,23,0,25,,12507,0,24,0,55,,12532,0,22,0,21,,12519,0,23,0,10,,12534,0,24,0,15,,12511,0,23,0,55,,12533,0,24,0,21,,12527,0,23,0,15,,12520,0,24,0,12,,12528,0,23,0,53,,12508,0,24,0,14,,12529,0,23,0,15,,12531,0,24,0,14,,12530,0,23,0,55,,12521,0,24,0,19,,12512,0,23,0,24,,12522,0,24,0,59,,12513,0,23,0
201,'5_5',729,,13778,0,22,0,17,,13812,0,23,0,13,,13816,0,23,0,58,,13800,0,24,0,12,,13781,0,23,0,15,,13779,0,22,0,60,,13801,0,24,0,27,,13782,0,23,0,28,,13792,0,22,0,82,,13786,0,23,0,66,,13793,0,24,0,43,,13787,0,23,0,75,,13794,0,24,0,20,,13814,0,23,0,60,,13783,0,22,0,35,,13802,0,23,0,61,,13815,0,24,0,25,,13795,0,23,0,30,,13780,0,22,0,65,,13803,0,23,0,25,,13784,0,24,0,55,,13809,0,22,0,21,,13796,0,23,0,10,,13811,0,24,0,15,,13788,0,23,0,55,,13810,0,24,0,21,,13804,0,23,0,15,,13797,0,24,0,12,,13805,0,23,0,53,,13785,0,24,0,14,,13806,0,23,0,15,,13808,0,24,0,14,,13807,0,23,0,55,,13798,0,24,0,19,,13789,0,23,0,24,,13799,0,24,0,59,,13790,0,23,0
201,'6_3',729,,1527,0,22,0,17,,1561,0,23,0,13,,1566,0,23,0,58,,1549,0,24,0,12,,1530,0,23,0,15,,1528,0,22,0,60,,1550,0,24,0,27,,1531,0,23,0,28,,1541,0,22,0,82,,1535,0,23,0,66,,1542,0,24,0,43,,1536,0,23,0,75,,1564,0,23,0,20,,1563,0,23,0,60,,1532,0,22,0,35,,1551,0,23,0,61,,1565,0,24,0,25,,1544,0,23,0,30,,1529,0,22,0,65,,1552,0,23,0,25,,1533,0,24,0,55,,1558,0,22,0,21,,1545,0,23,0,10,,1560,0,24,0,15,,1537,0,23,0,55,,1559,0,24,0,21,,1553,0,23,0,15,,1546,0,24,0,12,,1554,0,23,0,53,,1534,0,24,0,14,,1555,0,23,0,15,,1557,0,24,0,14,,1556,0,23,0,55,,1547,0,24,0,19,,1538,0,23,0,24,,1548,0,24,0,59,,1539,0,23,0
