500,'0_5',706,,31520,14,,,0,118,,31508,14,,,0,105,,31509,14,,,0,99,,31510,14,,,0,105,,31511,14,,,0,101,,31512,14,,,0,84,,31513,14,,,0,94,,31514,14,,,0,100,,31515,14,,,0,102,,31516,14,,,0,106,,31517,14,,,0,103,,31522,14,,,0,100,,31518,14,,,0
500,'2_6',724,,31549,14,,,0,98,,31538,14,,,0,99,,31539,14,,,0,100,,31540,14,,,0,100,,31541,14,,,0,96,,31542,14,,,0,98,,31543,14,,,0,101,,31544,14,,,0,99,,31545,14,,,0,100,,31546,14,,,0,100,,31547,14,,,0,193,,31548,14,,,0
500,'5_1',824,,37573,14,,,0,105,,37574,14,,,0,99,,37575,14,,,0,105,,37576,14,,,0,101,,37577,14,,,0,84,,37578,14,,,0,94,,37579,14,,,0,100,,37580,14,,,0,102,,37581,14,,,0,106,,37582,14,,,0,103,,37583,14,,,0,100,,37584,14,,,0
500,'5_2',824,,39589,14,,,0,105,,39590,14,,,0,99,,39591,14,,,0,105,,39592,14,,,0,101,,39593,14,,,0,84,,39594,14,,,0,94,,39595,14,,,0,100,,39596,14,,,0,102,,39597,14,,,0,106,,39598,14,,,0,103,,39599,14,,,0,100,,39600,14,,,0
500,'5_3',824,,39603,14,,,0,105,,39604,14,,,0,99,,39605,14,,,0,105,,39606,14,,,0,101,,39607,14,,,0,84,,39608,14,,,0,94,,39609,14,,,0,100,,39610,14,,,0,102,,39611,14,,,0,106,,39612,14,,,0,103,,39613,14,,,0,100,,39614,14,,,0
500,'5_4',824,,39617,14,,,0,105,,39618,14,,,0,99,,39619,14,,,0,105,,39620,14,,,0,101,,39621,14,,,0,84,,39622,14,,,0,94,,39623,14,,,0,100,,39624,14,,,0,102,,39625,14,,,0,106,,39626,14,,,0,103,,39627,14,,,0,100,,39628,14,,,0
500,'5_5',824,,39631,14,,,0,105,,39632,14,,,0,99,,39633,14,,,0,105,,39634,14,,,0,101,,39635,14,,,0,84,,39636,14,,,0,94,,39637,14,,,0,100,,39638,14,,,0,102,,39639,14,,,0,106,,39640,14,,,0,103,,39641,14,,,0,100,,39642,14,,,0
500,'6_1',824,,39645,14,,,0,105,,39646,14,,,0,99,,39647,14,,,0,105,,39648,14,,,0,101,,39649,14,,,0,84,,39650,14,,,0,94,,39651,14,,,0,100,,39652,14,,,0,102,,39653,14,,,0,106,,39654,14,,,0,103,,39655,14,,,0,100,,39656,14,,,0
2900500,'0_5',659,,36073,14,,,0,145,,36074,14,,,0
2900500,'5_1',703,,38176,14,,,0,108,,38177,14,,,0
2900500,'5_2',703,,42615,14,,,0,108,,42616,14,,,0
2900500,'5_3',703,,42617,14,,,0,108,,42618,14,,,0
2900500,'5_4',703,,42619,14,,,0,108,,42620,14,,,0
2900500,'5_5',703,,42621,14,,,0,108,,42622,14,,,0
2900500,'6_1',703,,42623,14,,,0,108,,42624,14,,,0
