200,'2_6',737,,30367,42,0,34,0,112,,30368,42,0,34,0,106,,30369,39,0,34,0,145,,30370,42,0,34,0,110,,30371,42,0,34,0,104,,30372,40,0,34,0,100,,30373,42,0,34,0,104,,30374,42,0,34,0,105,,30375,42,0,34,0,105,,30376,42,0,34,0,99,,30377,42,0,34,0,131,,30389,39,0,34,0
200,'5_1',828,,37413,30,0,34,0,115,,37412,30,0,34,0,107,,37409,39,0,34,0,108,,37401,39,0,34,0,101,,37402,42,0,34,0,85,,37396,30,0,34,0,96,,37398,42,0,34,0,100,,37397,39,0,34,0,111,,37390,39,0,34,0,106,,37389,42,0,34,0,144,,37386,42,0,34,0,57,,37383,42,0,34,0
200,'5_2',828,,38669,30,0,34,0,115,,38668,30,0,34,0,107,,38665,39,0,34,0,108,,38657,39,0,34,0,101,,38658,42,0,34,0,85,,38652,30,0,34,0,96,,38654,42,0,34,0,100,,38653,39,0,34,0,111,,38646,39,0,34,0,106,,38645,42,0,34,0,144,,38642,42,0,34,0,57,,38639,42,0,34,0
200,'5_3',828,,38708,30,0,34,0,115,,38707,30,0,34,0,107,,38704,39,0,34,0,108,,38696,39,0,34,0,101,,38697,42,0,34,0,85,,38691,30,0,34,0,96,,38693,42,0,34,0,100,,38692,39,0,34,0,111,,38685,39,0,34,0,106,,38684,42,0,34,0,144,,38681,42,0,34,0,57,,38678,42,0,34,0
200,'5_4',828,,38747,30,0,34,0,115,,38746,30,0,34,0,107,,38743,39,0,34,0,108,,38735,39,0,34,0,101,,38736,42,0,34,0,85,,38730,30,0,34,0,96,,38732,42,0,34,0,100,,38731,39,0,34,0,111,,38724,39,0,34,0,106,,38723,42,0,34,0,144,,38720,42,0,34,0,57,,38717,42,0,34,0
200,'5_5',828,,38786,30,0,34,0,115,,38785,30,0,34,0,107,,38782,39,0,34,0,108,,38774,39,0,34,0,101,,38775,42,0,34,0,85,,38769,30,0,34,0,96,,38771,42,0,34,0,100,,38770,39,0,34,0,111,,38763,39,0,34,0,106,,38762,42,0,34,0,144,,38759,42,0,34,0,57,,38756,42,0,34,0
200,'6_1',828,,38825,30,0,34,0,115,,38824,30,0,34,0,107,,38821,39,0,34,0,108,,38813,39,0,34,0,101,,38814,42,0,34,0,85,,38808,30,0,34,0,96,,38810,42,0,34,0,100,,38809,39,0,34,0,111,,38802,39,0,34,0,106,,38801,42,0,34,0,144,,38798,42,0,34,0,57,,38795,42,0,34,0
200,'6_2',828,,43720,30,0,34,0,115,,43719,30,0,34,0,107,,43716,39,0,34,0,108,,43708,39,0,34,0,101,,43709,42,0,34,0,85,,43703,30,0,34,0,96,,43705,42,0,34,0,100,,43704,39,0,34,0,111,,43697,39,0,34,0,106,,43696,42,0,34,0,144,,43693,42,0,34,0,57,,43690,42,0,34,0
200,'6_3',828,,43759,30,0,34,0,115,,43758,30,0,34,0,107,,43755,39,0,34,0,108,,43747,39,0,34,0,101,,43748,42,0,34,0,85,,43742,30,0,34,0,96,,43744,42,0,34,0,100,,43743,39,0,34,0,111,,43736,39,0,34,0,106,,43735,42,0,34,0,144,,43732,42,0,34,0,57,,43729,42,0,34,0
200,'6_4',828,,43798,30,0,34,0,115,,43797,30,0,34,0,107,,43794,39,0,34,0,108,,43786,39,0,34,0,101,,43787,42,0,34,0,85,,43781,30,0,34,0,96,,43783,42,0,34,0,100,,43782,39,0,34,0,111,,43775,39,0,34,0,106,,43774,42,0,34,0,144,,43771,42,0,34,0,57,,43768,42,0,34,0
