301,'S2-1_6',737,,23234,22,,,0,71,,23231,22,,,0,30,,23232,22,,,0,70,,23233,22,,,0,31,,23235,22,,,0,70,,23236,22,,,0,31,,23237,22,,,0,70,,23238,22,,,0,31,,23242,22,,,0,69,,23241,22,,,0,28,,23239,22,,,0,69,,23240,22,,,0,29,,23244,22,,,0,71,,23245,22,,,0,30,,23243,22,,,0,71,,23246,22,,,0,30,,23249,22,,,0,72,,23247,22,,,0,33,,23248,22,,,0,71,,23251,22,,,0,32,,23250,22,,,0,70,,23252,22,,,0,32,,23253,22,,,0,68,,23254,22,,,0,29,,23255,22,,,0,69,,23256,22,,,0,30,,23257,22,,,0,63,,23258,22,,,0
301,'S2-4_7',931,,23259,22,,,0,100,,23260,22,,,0,100,,23261,22,,,0,100,,23262,22,,,0,100,,23263,22,,,0,100,,23264,22,,,0,100,,23265,22,,,0,100,,23266,22,,,0,100,,23267,22,,,0,100,,23268,22,,,0,100,,23269,22,,,0
301,'S2-5_1',733,,23296,22,,,0,21,,23270,22,,,0,74,,23297,22,,,0,73,,23271,22,,,0,30,,23272,22,,,0,71,,23273,22,,,0,32,,23274,22,,,0,72,,23275,22,,,0,33,,23276,22,,,0,73,,23277,22,,,0,32,,23278,22,,,0,71,,23279,22,,,0,33,,23280,22,,,0,72,,23281,22,,,0,31,,23282,22,,,0,70,,23283,22,,,0,27,,23284,22,,,0,67,,23285,22,,,0,31,,23286,22,,,0,70,,23287,22,,,0,30,,23288,22,,,0,70,,23289,22,,,0,25,,23290,22,,,0,62,,23291,22,,,0,24,,23292,22,,,0,29,,23293,22,,,0,68,,23294,22,,,0,30,,23295,22,,,0
301,'S2-5_2',733,,23324,22,,,0,21,,23298,22,,,0,74,,23325,22,,,0,73,,23299,22,,,0,30,,23300,22,,,0,71,,23301,22,,,0,32,,23302,22,,,0,72,,23303,22,,,0,33,,23304,22,,,0,73,,23305,22,,,0,32,,23306,22,,,0,71,,23307,22,,,0,33,,23308,22,,,0,72,,23309,22,,,0,31,,23310,22,,,0,70,,23311,22,,,0,27,,23312,22,,,0,67,,23313,22,,,0,31,,23314,22,,,0,70,,23315,22,,,0,30,,23316,22,,,0,70,,23317,22,,,0,25,,23318,22,,,0,62,,23319,22,,,0,24,,23320,22,,,0,29,,23321,22,,,0,68,,23322,22,,,0,30,,23323,22,,,0
301,'S2-5_4',733,,23352,22,,,0,21,,23326,22,,,0,74,,23353,22,,,0,73,,23327,22,,,0,30,,23328,22,,,0,71,,23329,22,,,0,32,,23330,22,,,0,72,,23331,22,,,0,33,,23332,22,,,0,73,,23333,22,,,0,32,,23334,22,,,0,71,,23335,22,,,0,33,,23336,22,,,0,72,,23337,22,,,0,31,,23338,22,,,0,70,,23339,22,,,0,27,,23340,22,,,0,67,,23341,22,,,0,31,,23342,22,,,0,70,,23343,22,,,0,30,,23344,22,,,0,70,,23345,22,,,0,25,,23346,22,,,0,62,,23347,22,,,0,24,,23348,22,,,0,29,,23349,22,,,0,68,,23350,22,,,0,30,,23351,22,,,0
301,'S2-5_5',733,,23380,22,,,0,21,,23354,22,,,0,74,,23381,22,,,0,73,,23355,22,,,0,30,,23356,22,,,0,71,,23357,22,,,0,32,,23358,22,,,0,72,,23359,22,,,0,33,,23360,22,,,0,73,,23361,22,,,0,32,,23362,22,,,0,71,,23363,22,,,0,33,,23364,22,,,0,72,,23365,22,,,0,31,,23366,22,,,0,70,,23367,22,,,0,27,,23368,22,,,0,67,,23369,22,,,0,31,,23370,22,,,0,70,,23371,22,,,0,30,,23372,22,,,0,70,,23373,22,,,0,25,,23374,22,,,0,62,,23375,22,,,0,24,,23376,22,,,0,29,,23377,22,,,0,68,,23378,22,,,0,30,,23379,22,,,0
301,'S2-6_3',733,,23408,22,,,0,21,,23382,22,,,0,74,,23409,22,,,0,73,,23383,22,,,0,30,,23384,22,,,0,71,,23385,22,,,0,32,,23386,22,,,0,72,,23387,22,,,0,33,,23388,22,,,0,73,,23389,22,,,0,32,,23390,22,,,0,71,,23391,22,,,0,33,,23392,22,,,0,72,,23393,22,,,0,31,,23394,22,,,0,70,,23395,22,,,0,27,,23396,22,,,0,67,,23397,22,,,0,31,,23398,22,,,0,70,,23399,22,,,0,30,,23400,22,,,0,70,,23401,22,,,0,25,,23402,22,,,0,62,,23403,22,,,0,24,,23404,22,,,0,29,,23405,22,,,0,68,,23406,22,,,0,30,,23407,22,,,0
2900301,'S2-5_1',1723,,28298,8,,,0,28,,28299,8,,,0,73,,28300,8,,,0,22,,28301,8,,,0
2900301,'S2-5_2',1723,,28302,8,,,0,28,,28303,8,,,0,73,,28304,8,,,0,22,,28305,8,,,0
2900301,'S2-5_4',1723,,28306,8,,,0,28,,28307,8,,,0,73,,28308,8,,,0,22,,28309,8,,,0
2900301,'S2-5_5',1723,,28310,8,,,0,28,,28311,8,,,0,73,,28312,8,,,0,22,,28313,8,,,0
2900301,'S2-6_3',1723,,28314,8,,,0,28,,28315,8,,,0,73,,28316,8,,,0,22,,28317,8,,,0
