400,'0_5',757,,31172,48,0,40,0,59,,31179,51,0,40,0,6,,31148,47,0,40,0,17,,31149,48,0,40,0,11,,31173,47,0,40,0,54,,31150,47,0,40,0,13,,31151,47,0,40,0,30,,31152,47,0,40,0,80,,31153,59,0,40,0,31,,31154,47,0,40,0,70,,31155,47,0,40,0,75,,31156,47,0,40,0,37,,31157,47,0,40,0,68,,31177,50,,,0,25,,31174,60,0,40,0,24,,31158,47,0,40,0,67,,31159,47,0,40,0,29,,31162,59,0,40,0,75,,31160,47,0,40,0,73,,31163,59,0,40,0,38,,31161,47,0,40,0,83,,31180,51,0,40,0,15,,31164,31,0,40,0,10,,31175,60,0,40,0,8,,31165,47,0,40,0,65,,31181,51,,,0,4,,31166,59,0,40,0,22,,31170,31,0,40,0,61,,31178,50,,,0,28,,31168,47,0,40,0,65,,31169,59,0,40,0
400,'2_6',748,,31221,47,0,40,0,104,,31222,47,0,40,0,72,,31215,59,0,40,0,27,,31223,47,0,40,0,72,,31224,47,0,40,0,30,,31225,47,0,40,0,71,,31216,59,0,40,0,31,,31226,47,0,40,0,70,,31228,47,0,40,0,29,,31227,47,0,40,0,69,,31217,59,0,40,0,31,,31229,47,0,40,0,70,,31230,47,0,40,0,29,,31231,47,0,40,0,73,,31218,59,0,40,0,33,,31232,47,0,40,0,70,,31233,47,0,40,0,71,,31234,47,0,40,0,33,,31219,59,0,40,0,72,,31235,47,0,40,0,30,,31236,47,0,40,0,71,,31237,47,0,40,0,29,,31220,59,0,40,0,71,,31238,47,0,40,0
400,'3_7',946,,31239,47,0,40,0,100,,31240,47,0,40,0,100,,31241,47,0,40,0,100,,31242,47,0,40,0,100,,31243,47,0,40,0,100,,31244,47,0,40,0,100,,31245,47,0,40,0,100,,31246,47,0,40,0,100,,31247,47,0,40,0,100,,31248,47,0,40,0
400,'5_1',752,,37535,48,0,40,0,55,,37541,51,0,40,0,10,,37515,47,0,40,0,19,,37516,48,0,40,0,10,,37536,47,0,40,0,57,,37517,47,0,40,0,13,,37518,47,0,40,0,37,,37519,47,0,40,0,73,,37520,59,0,40,0,30,,37521,47,0,40,0,71,,37522,47,0,40,0,75,,37523,47,0,40,0,36,,37524,47,0,40,0,63,,37539,47,0,40,0,30,,37537,60,0,40,0,26,,37525,47,0,40,0,69,,37526,47,0,40,0,25,,37529,59,0,40,0,76,,37527,47,0,40,0,31,,37530,59,0,40,0,76,,37528,47,0,40,0,75,,37542,48,0,40,0,31,,37538,60,0,40,0,67,,37531,48,0,40,0,30,,37532,59,0,40,0,68,,37540,50,,,0,26,,37533,47,0,40,0,70,,37534,59,0,40,0
400,'5_2',752,,39327,48,0,40,0,55,,39333,51,0,40,0,10,,39307,47,0,40,0,19,,39308,48,0,40,0,10,,39328,47,0,40,0,57,,39309,47,0,40,0,13,,39310,47,0,40,0,37,,39311,47,0,40,0,73,,39312,59,0,40,0,30,,39313,47,0,40,0,71,,39314,47,0,40,0,75,,39315,47,0,40,0,36,,39316,47,0,40,0,63,,39331,47,0,40,0,30,,39329,60,0,40,0,26,,39317,47,0,40,0,69,,39318,47,0,40,0,25,,39321,59,0,40,0,76,,39319,47,0,40,0,31,,39322,59,0,40,0,76,,39320,47,0,40,0,75,,39334,48,0,40,0,31,,39330,60,0,40,0,67,,39323,48,0,40,0,30,,39324,59,0,40,0,68,,39332,50,,,0,26,,39325,47,0,40,0,70,,39326,59,0,40,0
400,'5_3',752,,39355,48,0,40,0,55,,39361,51,0,40,0,10,,39335,47,0,40,0,19,,39336,48,0,40,0,10,,39356,47,0,40,0,57,,39337,47,0,40,0,13,,39338,47,0,40,0,37,,39339,47,0,40,0,73,,39340,59,0,40,0,30,,39341,47,0,40,0,71,,39342,47,0,40,0,75,,39343,47,0,40,0,36,,39344,47,0,40,0,63,,39359,47,0,40,0,30,,39357,60,0,40,0,26,,39345,47,0,40,0,69,,39346,47,0,40,0,25,,39349,59,0,40,0,76,,39347,47,0,40,0,31,,39350,59,0,40,0,76,,39348,47,0,40,0,75,,39362,48,0,40,0,31,,39358,60,0,40,0,67,,39351,48,0,40,0,30,,39352,59,0,40,0,68,,39360,50,,,0,26,,39353,47,0,40,0,70,,39354,59,0,40,0
400,'5_4',752,,39383,48,0,40,0,55,,39389,51,0,40,0,10,,39363,47,0,40,0,19,,39364,48,0,40,0,10,,39384,47,0,40,0,57,,39365,47,0,40,0,13,,39366,47,0,40,0,37,,39367,47,0,40,0,73,,39368,59,0,40,0,30,,39369,47,0,40,0,71,,39370,47,0,40,0,75,,39371,47,0,40,0,36,,39372,47,0,40,0,63,,39387,47,0,40,0,30,,39385,60,0,40,0,26,,39373,47,0,40,0,69,,39374,47,0,40,0,25,,39377,59,0,40,0,76,,39375,47,0,40,0,31,,39378,59,0,40,0,76,,39376,47,0,40,0,75,,39390,48,0,40,0,31,,39386,60,0,40,0,67,,39379,48,0,40,0,30,,39380,59,0,40,0,68,,39388,50,,,0,26,,39381,47,0,40,0,70,,39382,59,0,40,0
400,'5_5',752,,39411,48,0,40,0,55,,39417,51,0,40,0,10,,39391,47,0,40,0,19,,39392,48,0,40,0,10,,39412,47,0,40,0,57,,39393,47,0,40,0,13,,39394,47,0,40,0,37,,39395,47,0,40,0,73,,39396,59,0,40,0,30,,39397,47,0,40,0,71,,39398,47,0,40,0,75,,39399,47,0,40,0,36,,39400,47,0,40,0,63,,39415,47,0,40,0,30,,39413,60,0,40,0,26,,39401,47,0,40,0,69,,39402,47,0,40,0,25,,39405,59,0,40,0,76,,39403,47,0,40,0,31,,39406,59,0,40,0,76,,39404,47,0,40,0,75,,39418,48,0,40,0,31,,39414,60,0,40,0,67,,39407,48,0,40,0,30,,39408,59,0,40,0,68,,39416,50,,,0,26,,39409,47,0,40,0,70,,39410,59,0,40,0
400,'6_1',752,,39439,48,0,40,0,55,,39445,51,0,40,0,10,,39419,47,0,40,0,19,,39420,48,0,40,0,10,,39440,47,0,40,0,57,,39421,47,0,40,0,13,,39422,47,0,40,0,37,,39423,47,0,40,0,73,,39424,59,0,40,0,30,,39425,47,0,40,0,71,,39426,47,0,40,0,75,,39427,47,0,40,0,36,,39428,47,0,40,0,63,,39443,47,0,40,0,30,,39441,60,0,40,0,26,,39429,47,0,40,0,69,,39430,47,0,40,0,25,,39433,59,0,40,0,76,,39431,47,0,40,0,31,,39434,59,0,40,0,76,,39432,47,0,40,0,75,,39446,48,0,40,0,31,,39442,60,0,40,0,67,,39435,48,0,40,0,30,,39436,59,0,40,0,68,,39444,50,,,0,26,,39437,47,0,40,0,70,,39438,59,0,40,0
2300,'0_5',1631,,33154,28,,,0,105,,33155,28,,,0,95,,33156,28,,,0
