300,'2509-HIV-25j05H-d-Dimanche-00',911,,1065,,,0,100,,1066,,,0,100,,1067,,,0,100,,1068,,,0,100,,1069,,,0,100,,1070,,,0,100,,1071,,,0,100,,1072,,,0,100,,1073,,,0,100,,1074,,,0,100,,1075,,,0
300,'2509-HIV-25j26H-d-Dimanche-00',911,,1076,,,0,100,,1077,,,0,100,,1078,,,0,100,,1079,,,0,100,,1080,,,0,100,,1081,,,0,100,,1082,,,0,100,,1083,,,0,100,,1084,,,0,100,,1085,,,0,100,,1086,,,0
300,'2509-HIV-25k03H-s-Samedi-00',655,,1087,,,0,69,,1089,,,0,29,,1090,,,0,70,,1088,,,0,30,,1092,,,0,69,,1093,,,0,28,,1091,,,0,71,,1094,,,0,30,,1095,,,0,70,,1098,,,0,30,,1097,,,0,69,,1096,,,0,29,,1100,,,0,70,,1099,,,0,29,,1101,,,0,69,,1102,,,0,32,,1103,,,0,72,,1104,,,0,31,,1105,,,0,70,,1106,,,0,32,,1107,,,0,72,,1108,,,0,30,,1109,,,0,71,,1114,,,0,31,,1110,,,0,70,,1111,,,0,27,,1112,,,0,70,,1113,,,0
300,'2509-HIV-25l22Vlv-Semaine-00',700,,1115,,,0,24,,1116,,,0,29,,1117,,,0,63,,1120,,,0,25,,1119,,,0,69,,1118,,,0,31,,1122,,,0,72,,1125,,,0,31,,1127,,,0,72,,1123,,,0,33,,1128,,,0,72,,1121,,,0,34,,1124,,,0,72,,1126,,,0,32,,1129,,,0,72,,1130,,,0,72,,1131,,,0,34,,1133,,,0,68,,1132,,,0,28,,1135,,,0,68,,1137,,,0,27,,1139,,,0,28,,1136,,,0,70,,1142,,,0,32,,1141,,,0,70,,1138,,,0,76,,1140,,,0,30,,1134,,,0
300,'2509-HIV-26a05H-s-Samedi-00',655,,1143,,,0,69,,1145,,,0,29,,1146,,,0,70,,1144,,,0,30,,1148,,,0,69,,1149,,,0,28,,1147,,,0,71,,1150,,,0,30,,1151,,,0,70,,1154,,,0,30,,1153,,,0,69,,1152,,,0,29,,1156,,,0,70,,1155,,,0,29,,1157,,,0,69,,1158,,,0,32,,1159,,,0,72,,1160,,,0,31,,1161,,,0,70,,1162,,,0,32,,1163,,,0,72,,1164,,,0,30,,1165,,,0,71,,1170,,,0,31,,1166,,,0,70,,1167,,,0,27,,1168,,,0,70,,1169,,,0
300,'2509-HIV-26a05H-w-Mercredi-00',652,,1171,,,0,64,,1172,,,0,31,,1173,,,0,65,,1174,,,0,25,,1175,,,0,70,,1176,,,0,32,,1177,,,0,72,,1178,,,0,32,,1179,,,0,72,,1180,,,0,32,,1181,,,0,72,,1182,,,0,32,,1183,,,0,72,,1184,,,0,32,,1185,,,0,72,,1186,,,0,32,,1187,,,0,72,,1188,,,0,71,,1190,,,0,27,,1191,,,0,28,,1192,,,0,69,,1193,,,0,30,,1194,,,0,70,,1198,,,0,31,,1195,,,0,71,,1196,,,0,73,,1197,,,0,30,,1189,,,0
300,'2509-HIV-26a05Hlv-L-Ma-J-V-00',652,,1199,,,0,64,,1200,,,0,31,,1201,,,0,65,,1202,,,0,25,,1203,,,0,70,,1204,,,0,32,,1205,,,0,72,,1206,,,0,32,,1207,,,0,72,,1208,,,0,32,,1209,,,0,72,,1210,,,0,32,,1211,,,0,72,,1212,,,0,32,,1213,,,0,72,,1214,,,0,32,,1215,,,0,72,,1216,,,0,71,,1218,,,0,27,,1219,,,0,28,,1220,,,0,69,,1221,,,0,30,,1222,,,0,70,,1226,,,0,31,,1223,,,0,71,,1224,,,0,73,,1225,,,0,30,,1217,,,0
300,'2509-HIV-26b23Vlv-Semaine-00',700,,1227,,,0,24,,1228,,,0,29,,1229,,,0,63,,1232,,,0,25,,1231,,,0,69,,1230,,,0,31,,1234,,,0,72,,1237,,,0,31,,1239,,,0,72,,1235,,,0,33,,1240,,,0,72,,1233,,,0,34,,1236,,,0,72,,1238,,,0,32,,1241,,,0,72,,1242,,,0,72,,1243,,,0,34,,1245,,,0,68,,1244,,,0,28,,1247,,,0,68,,1249,,,0,27,,1251,,,0,28,,1248,,,0,70,,1254,,,0,32,,1253,,,0,70,,1250,,,0,76,,1252,,,0,30,,1246,,,0
300,'2509-HIV-26c02Vlv-Semaine-00',700,,1255,,,0,24,,1256,,,0,29,,1257,,,0,63,,1260,,,0,25,,1259,,,0,69,,1258,,,0,31,,1262,,,0,72,,1265,,,0,31,,1267,,,0,72,,1263,,,0,33,,1268,,,0,72,,1261,,,0,34,,1264,,,0,72,,1266,,,0,32,,1269,,,0,72,,1270,,,0,72,,1271,,,0,34,,1273,,,0,68,,1272,,,0,28,,1275,,,0,68,,1277,,,0,27,,1279,,,0,28,,1276,,,0,70,,1282,,,0,32,,1281,,,0,70,,1278,,,0,76,,1280,,,0,30,,1274,,,0
29000300,'2509-HIV-26a05H-w-Mercredi-00',707,,7992,,,0,29,,7993,,,0,70,,7994,,,0
29000300,'2509-HIV-26a05Hlv-L-Ma-J-V-00',707,,7995,,,0,29,,7996,,,0,70,,7997,,,0
