300,'0_5',647,,30750,10,,,0,64,,30751,10,,,0,32,,30752,10,,,0,64,,30753,10,,,0,25,,30754,10,,,0,70,,30755,10,,,0,32,,30756,10,,,0,72,,30757,10,,,0,32,,30758,10,,,0,72,,30759,10,,,0,32,,30760,10,,,0,72,,30761,10,,,0,32,,30762,10,,,0,72,,30763,10,,,0,32,,30764,10,,,0,72,,30765,10,,,0,32,,30766,10,,,0,73,,30767,10,,,0,30,,30769,10,,,0,67,,30770,10,,,0,28,,30771,10,,,0,69,,30772,10,,,0,30,,30773,10,,,0,71,,30777,10,,,0,31,,30774,10,,,0,71,,30775,10,,,0,33,,30776,10,,,0,70,,30768,10,,,0
300,'2_6',651,,30806,10,,,0,69,,30808,10,,,0,29,,30809,10,,,0,69,,30807,10,,,0,30,,30811,10,,,0,69,,30812,10,,,0,28,,30810,10,,,0,71,,30813,10,,,0,30,,30814,10,,,0,70,,30817,10,,,0,30,,30816,10,,,0,70,,30815,10,,,0,29,,30819,10,,,0,69,,30818,10,,,0,29,,30820,10,,,0,69,,30821,10,,,0,32,,30822,10,,,0,72,,30823,10,,,0,31,,30824,10,,,0,71,,30825,10,,,0,32,,30826,10,,,0,72,,30827,10,,,0,30,,30828,10,,,0,71,,30833,10,,,0,31,,30829,10,,,0,70,,30830,10,,,0,26,,30831,10,,,0,71,,30832,10,,,0
300,'3_7',907,,30834,10,,,0,100,,30835,10,,,0,100,,30836,10,,,0,100,,30837,10,,,0,100,,30838,10,,,0,100,,30839,10,,,0,100,,30840,10,,,0,100,,30841,10,,,0,100,,30842,10,,,0,100,,30843,10,,,0,100,,30844,10,,,0
300,'5_1',656,,37459,10,,,0,64,,37460,10,,,0,29,,37461,10,,,0,62,,37464,10,,,0,25,,37463,10,,,0,69,,37462,10,,,0,31,,37466,10,,,0,72,,37469,10,,,0,31,,37471,10,,,0,72,,37467,10,,,0,33,,37472,10,,,0,73,,37465,10,,,0,34,,37468,10,,,0,71,,37470,10,,,0,32,,37473,10,,,0,72,,37474,10,,,0,32,,37475,10,,,0,74,,37477,10,,,0,69,,37476,10,,,0,28,,37479,10,,,0,28,,37481,10,,,0,67,,37483,10,,,0,28,,37480,10,,,0,70,,37486,10,,,0,32,,37485,10,,,0,70,,37482,10,,,0,76,,37484,10,,,0,30,,37478,10,,,0
300,'5_2',656,,39027,10,,,0,64,,39028,10,,,0,29,,39029,10,,,0,62,,39032,10,,,0,25,,39031,10,,,0,69,,39030,10,,,0,31,,39034,10,,,0,72,,39037,10,,,0,31,,39039,10,,,0,72,,39035,10,,,0,33,,39040,10,,,0,73,,39033,10,,,0,34,,39036,10,,,0,71,,39038,10,,,0,32,,39041,10,,,0,72,,39042,10,,,0,32,,39043,10,,,0,74,,39045,10,,,0,69,,39044,10,,,0,28,,39047,10,,,0,28,,39049,10,,,0,67,,39051,10,,,0,28,,39048,10,,,0,70,,39054,10,,,0,32,,39053,10,,,0,70,,39050,10,,,0,76,,39052,10,,,0,30,,39046,10,,,0
300,'5_3',656,,39055,10,,,0,64,,39056,10,,,0,29,,39057,10,,,0,62,,39060,10,,,0,25,,39059,10,,,0,69,,39058,10,,,0,31,,39062,10,,,0,72,,39065,10,,,0,31,,39067,10,,,0,72,,39063,10,,,0,33,,39068,10,,,0,73,,39061,10,,,0,34,,39064,10,,,0,71,,39066,10,,,0,32,,39069,10,,,0,72,,39070,10,,,0,32,,39071,10,,,0,74,,39073,10,,,0,69,,39072,10,,,0,28,,39075,10,,,0,28,,39077,10,,,0,67,,39079,10,,,0,28,,39076,10,,,0,70,,39082,10,,,0,32,,39081,10,,,0,70,,39078,10,,,0,76,,39080,10,,,0,30,,39074,10,,,0
300,'5_4',656,,39083,10,,,0,64,,39084,10,,,0,29,,39085,10,,,0,62,,39088,10,,,0,25,,39087,10,,,0,69,,39086,10,,,0,31,,39090,10,,,0,72,,39093,10,,,0,31,,39095,10,,,0,72,,39091,10,,,0,33,,39096,10,,,0,73,,39089,10,,,0,34,,39092,10,,,0,71,,39094,10,,,0,32,,39097,10,,,0,72,,39098,10,,,0,32,,39099,10,,,0,74,,39101,10,,,0,69,,39100,10,,,0,28,,39103,10,,,0,28,,39105,10,,,0,67,,39107,10,,,0,28,,39104,10,,,0,70,,39110,10,,,0,32,,39109,10,,,0,70,,39106,10,,,0,76,,39108,10,,,0,30,,39102,10,,,0
300,'5_5',656,,39111,10,,,0,64,,39112,10,,,0,29,,39113,10,,,0,62,,39116,10,,,0,25,,39115,10,,,0,69,,39114,10,,,0,31,,39118,10,,,0,72,,39121,10,,,0,31,,39123,10,,,0,72,,39119,10,,,0,33,,39124,10,,,0,73,,39117,10,,,0,34,,39120,10,,,0,71,,39122,10,,,0,32,,39125,10,,,0,72,,39126,10,,,0,32,,39127,10,,,0,74,,39129,10,,,0,69,,39128,10,,,0,28,,39131,10,,,0,28,,39133,10,,,0,67,,39135,10,,,0,28,,39132,10,,,0,70,,39138,10,,,0,32,,39137,10,,,0,70,,39134,10,,,0,76,,39136,10,,,0,30,,39130,10,,,0
300,'6_1',656,,39139,10,,,0,64,,39140,10,,,0,29,,39141,10,,,0,62,,39144,10,,,0,25,,39143,10,,,0,69,,39142,10,,,0,31,,39146,10,,,0,72,,39149,10,,,0,31,,39151,10,,,0,72,,39147,10,,,0,33,,39152,10,,,0,73,,39145,10,,,0,34,,39148,10,,,0,71,,39150,10,,,0,32,,39153,10,,,0,72,,39154,10,,,0,32,,39155,10,,,0,74,,39157,10,,,0,69,,39156,10,,,0,28,,39159,10,,,0,28,,39161,10,,,0,67,,39163,10,,,0,28,,39160,10,,,0,70,,39166,10,,,0,32,,39165,10,,,0,70,,39162,10,,,0,76,,39164,10,,,0,30,,39158,10,,,0
2900300,'0_5',702,,36021,2,,,0,30,,36022,2,,,0,69,,36023,2,,,0
