900600,'0_6',844,,68268,16,,,0,170,,68270,16,,,0,125,,68271,16,,,0,175,,68272,16,,,0,120,,68273,16,,,0,175,,68274,16,,,0,130,,68275,16,,,0,170,,68269,16,,,0
900600,'2_1',844,,68276,16,,,0,170,,68278,16,,,0,125,,68279,16,,,0,175,,68280,16,,,0,120,,68281,16,,,0,175,,68282,16,,,0,130,,68283,16,,,0,170,,68277,16,,,0
900600,'2_2',844,,68284,16,,,0,170,,68286,16,,,0,125,,68287,16,,,0,175,,68288,16,,,0,120,,68289,16,,,0,175,,68290,16,,,0,130,,68291,16,,,0,170,,68285,16,,,0
900600,'2_3',844,,68292,16,,,0,170,,68294,16,,,0,125,,68295,16,,,0,175,,68296,16,,,0,120,,68297,16,,,0,175,,68298,16,,,0,130,,68299,16,,,0,170,,68293,16,,,0
900600,'2_4',844,,68300,16,,,0,170,,68302,16,,,0,125,,68303,16,,,0,175,,68304,16,,,0,120,,68305,16,,,0,175,,68306,16,,,0,130,,68307,16,,,0,170,,68301,16,,,0
900600,'2_5',844,,68308,16,,,0,170,,68310,16,,,0,125,,68311,16,,,0,175,,68312,16,,,0,120,,68313,16,,,0,175,,68314,16,,,0,130,,68315,16,,,0,170,,68309,16,,,0
900600,'3_1',844,,68316,16,,,0,170,,68318,16,,,0,125,,68319,16,,,0,175,,68320,16,,,0,120,,68321,16,,,0,175,,68322,16,,,0,130,,68323,16,,,0,170,,68317,16,,,0
900600,'3_3',844,,68324,16,,,0,170,,68326,16,,,0,125,,68327,16,,,0,175,,68328,16,,,0,120,,68329,16,,,0,175,,68330,16,,,0,130,,68331,16,,,0,170,,68325,16,,,0
900600,'3_4',844,,68332,16,,,0,170,,68334,16,,,0,125,,68335,16,,,0,175,,68336,16,,,0,120,,68337,16,,,0,175,,68338,16,,,0,130,,68339,16,,,0,170,,68333,16,,,0
900600,'3_5',844,,68340,16,,,0,170,,68342,16,,,0,125,,68343,16,,,0,175,,68344,16,,,0,120,,68345,16,,,0,175,,68346,16,,,0,130,,68347,16,,,0,170,,68341,16,,,0
