1000,'S2-0_6',553,,57134,1,,,0,103,,57135,1,,,0,94,,57136,1,,,0,100,,57144,1,,,0,83,,57147,2,,,0,117,,57137,1,,,0,108,,57148,2,,,0,97,,57138,1,,,0,95,,57149,2,,,0,96,,57145,1,,,0,98,,57139,1,,,0,73,,57140,2,,,0,116,,57142,1,,,0,92,,57146,1,,,0,103,,57143,2,,,0,102,,57141,1,,,0
1000,'S2-1_7',1043,,57150,2,,,0,360,,57151,2,,,0,410,,57152,2,,,0,307,,57153,1,,,0
1000,'S2-2_1',610,,57154,1,,,0,97,,57155,1,,,0,120,,57156,1,0,18 30,0,88,,57157,2,,,0,102,,57162,1,0,18 30,0,97,,57158,2,0,18 30,0,112,,57163,1,0,18 30,0,105,,57164,1,0,18 30,0,103,,57159,2,,,0,93,,57165,1,,,0,115,,57160,2,,,0,106,,57166,1,,,0,160,,57161,2,0,18 30,0
1000,'S2-2_2',610,,57167,1,,,0,97,,57168,1,,,0,120,,57169,1,0,18 30,0,88,,57170,2,,,0,102,,57175,1,0,18 30,0,97,,57171,2,0,18 30,0,112,,57176,1,0,18 30,0,105,,57177,1,0,18 30,0,103,,57172,2,,,0,93,,57178,1,,,0,115,,57173,2,,,0,106,,57179,1,,,0,160,,57174,2,0,18 30,0
1000,'S2-2_3',610,,57180,1,,,0,97,,57181,1,,,0,120,,57182,1,0,18 30,0,88,,57183,2,,,0,102,,57188,1,0,18 30,0,97,,57184,2,0,18 30,0,112,,57189,1,0,18 30,0,105,,57190,1,0,18 30,0,103,,57185,2,,,0,93,,57191,1,,,0,115,,57186,2,,,0,106,,57192,1,,,0,160,,57187,2,0,18 30,0
1000,'S2-2_4',610,,57193,1,,,0,97,,57194,1,,,0,120,,57195,1,0,18 30,0,88,,57196,2,,,0,102,,57201,1,0,18 30,0,97,,57197,2,0,18 30,0,112,,57202,1,0,18 30,0,105,,57203,1,0,18 30,0,103,,57198,2,,,0,93,,57204,1,,,0,115,,57199,2,,,0,106,,57205,1,,,0,160,,57200,2,0,18 30,0
1000,'S2-2_5',610,,57206,1,,,0,97,,57207,1,,,0,120,,57208,1,0,18 30,0,88,,57209,2,,,0,102,,57214,1,0,18 30,0,97,,57210,2,0,18 30,0,112,,57215,1,0,18 30,0,105,,57216,1,0,18 30,0,103,,57211,2,,,0,93,,57217,1,,,0,115,,57212,2,,,0,106,,57218,1,,,0,160,,57213,2,0,18 30,0
1000,'S2-3_1',610,,57219,1,,,0,97,,57220,1,,,0,120,,57221,1,0,18 30,0,88,,57222,2,,,0,102,,57227,1,0,18 30,0,97,,57223,2,0,18 30,0,112,,57228,1,0,18 30,0,105,,57229,1,0,18 30,0,103,,57224,2,,,0,93,,57230,1,,,0,115,,57225,2,,,0,106,,57231,1,,,0,160,,57226,2,0,18 30,0
1000,'S2-3_3',610,,57232,1,,,0,97,,57233,1,,,0,120,,57234,1,0,18 30,0,88,,57235,2,,,0,102,,57240,1,0,18 30,0,97,,57236,2,0,18 30,0,112,,57241,1,0,18 30,0,105,,57242,1,0,18 30,0,103,,57237,2,,,0,93,,57243,1,,,0,115,,57238,2,,,0,106,,57244,1,,,0,160,,57239,2,0,18 30,0
1000,'S2-3_4',610,,57245,1,,,0,97,,57246,1,,,0,120,,57247,1,0,18 30,0,88,,57248,2,,,0,102,,57253,1,0,18 30,0,97,,57249,2,0,18 30,0,112,,57254,1,0,18 30,0,105,,57255,1,0,18 30,0,103,,57250,2,,,0,93,,57256,1,,,0,115,,57251,2,,,0,106,,57257,1,,,0,160,,57252,2,0,18 30,0
1000,'S2-4_7',610,,57258,1,,,0,97,,57259,1,,,0,120,,57260,1,0,18 30,0,88,,57261,2,,,0,102,,57266,1,0,18 30,0,97,,57262,2,0,18 30,0,112,,57267,1,0,18 30,0,105,,57268,1,0,18 30,0,103,,57263,2,,,0,93,,57269,1,,,0,115,,57264,2,,,0,106,,57270,1,,,0,160,,57265,2,0,18 30,0
2901000,'S2-0_6',750,,60992,1,,,0,100,,60994,1,,,0,200,,60993,1,,,0,175,,60999,1,,,0,30,,60996,1,,,0,95,,60995,1,,,0,96,,60997,1,,,0,98,,60998,1,,,0,157,,61001,1,,,0,99,,61000,1,,,0
2901000,'S2-2_1',831,,61002,1,,,0,298,,61003,1,,,0,208,,61004,1,,,0,94,,61005,1,,,0,192,,61006,1,,,0,199,,61007,1,,,0,183,,61008,1,,,0
2901000,'S2-2_2',831,,61009,1,,,0,298,,61010,1,,,0,208,,61011,1,,,0,94,,61012,1,,,0,192,,61013,1,,,0,199,,61014,1,,,0,183,,61015,1,,,0
2901000,'S2-2_3',831,,61016,1,,,0,298,,61017,1,,,0,208,,61018,1,,,0,94,,61019,1,,,0,192,,61020,1,,,0,199,,61021,1,,,0,183,,61022,1,,,0
2901000,'S2-2_4',831,,61023,1,,,0,298,,61024,1,,,0,208,,61025,1,,,0,94,,61026,1,,,0,192,,61027,1,,,0,199,,61028,1,,,0,183,,61029,1,,,0
2901000,'S2-2_5',831,,61030,1,,,0,298,,61031,1,,,0,208,,61032,1,,,0,94,,61033,1,,,0,192,,61034,1,,,0,199,,61035,1,,,0,183,,61036,1,,,0
2901000,'S2-3_1',831,,61037,1,,,0,298,,61038,1,,,0,208,,61039,1,,,0,94,,61040,1,,,0,192,,61041,1,,,0,199,,61042,1,,,0,183,,61043,1,,,0
2901000,'S2-3_3',831,,61044,1,,,0,298,,61045,1,,,0,208,,61046,1,,,0,94,,61047,1,,,0,192,,61048,1,,,0,199,,61049,1,,,0,183,,61050,1,,,0
2901000,'S2-3_4',831,,61051,1,,,0,298,,61052,1,,,0,208,,61053,1,,,0,94,,61054,1,,,0,192,,61055,1,,,0,199,,61056,1,,,0,183,,61057,1,,,0
2901000,'S2-4_7',831,,61058,1,,,0,298,,61059,1,,,0,208,,61060,1,,,0,94,,61061,1,,,0,192,,61062,1,,,0,199,,61063,1,,,0,183,,61064,1,,,0
