601,'S2-0_6',613,,56331,10,,,0,102,,56332,10,,,0,35,,56333,10,,,0,99,,56334,10,,,0,92,,56335,10,,,0,101,,56336,10,,,0,84,,56337,10,,,0,97,,56338,10,,,0,78,,56346,10,,,0,55,,56347,10,0,69,0,84,,56339,10,,,0,87,,56340,10,,,0,94,,56341,10,,,0,90,,56342,10,,,0,91,,56343,10,,,0,51,,56344,10,,,0,86,,56345,10,,,0
601,'S2-1_7',817,,56348,10,0,69,0,105,,56349,10,0,69,0,115,,56350,10,0,69,0,118,,56351,10,0,69,0,197,,56352,10,0,69,0,162,,56353,10,0,69,0,111,,56354,10,0,69,0,106,,56355,10,0,69,0,108,,56356,10,0,69,0
601,'S2-2_1',613,,56357,10,,,0,102,,56358,10,,,0,35,,56359,10,,,0,99,,56360,10,,,0,92,,56361,10,,,0,101,,56362,10,,,0,84,,56363,10,,,0,97,,56364,10,,,0,78,,56372,10,,,0,55,,56373,10,0,69,0,84,,56365,10,,,0,87,,56366,10,,,0,94,,56367,10,,,0,90,,56368,10,,,0,91,,56369,10,,,0,51,,56370,10,,,0,86,,56371,10,,,0
601,'S2-2_2',613,,56374,10,,,0,102,,56375,10,,,0,35,,56376,10,,,0,99,,56377,10,,,0,92,,56378,10,,,0,101,,56379,10,,,0,84,,56380,10,,,0,97,,56381,10,,,0,78,,56389,10,,,0,55,,56390,10,0,69,0,84,,56382,10,,,0,87,,56383,10,,,0,94,,56384,10,,,0,90,,56385,10,,,0,91,,56386,10,,,0,51,,56387,10,,,0,86,,56388,10,,,0
601,'S2-2_3',613,,56391,10,,,0,102,,56392,10,,,0,35,,56393,10,,,0,99,,56394,10,,,0,92,,56395,10,,,0,101,,56396,10,,,0,84,,56397,10,,,0,97,,56398,10,,,0,78,,56406,10,,,0,55,,56407,10,0,69,0,84,,56399,10,,,0,87,,56400,10,,,0,94,,56401,10,,,0,90,,56402,10,,,0,91,,56403,10,,,0,51,,56404,10,,,0,86,,56405,10,,,0
601,'S2-2_4',613,,56408,10,,,0,102,,56409,10,,,0,35,,56410,10,,,0,99,,56411,10,,,0,92,,56412,10,,,0,101,,56413,10,,,0,84,,56414,10,,,0,97,,56415,10,,,0,78,,56423,10,,,0,55,,56424,10,0,69,0,84,,56416,10,,,0,87,,56417,10,,,0,94,,56418,10,,,0,90,,56419,10,,,0,91,,56420,10,,,0,51,,56421,10,,,0,86,,56422,10,,,0
601,'S2-2_5',613,,56425,10,,,0,102,,56426,10,,,0,35,,56427,10,,,0,99,,56428,10,,,0,92,,56429,10,,,0,101,,56430,10,,,0,84,,56431,10,,,0,97,,56432,10,,,0,78,,56440,10,,,0,55,,56441,10,0,69,0,84,,56433,10,,,0,87,,56434,10,,,0,94,,56435,10,,,0,90,,56436,10,,,0,91,,56437,10,,,0,51,,56438,10,,,0,86,,56439,10,,,0
601,'S2-3_1',613,,56442,10,,,0,102,,56443,10,,,0,35,,56444,10,,,0,99,,56445,10,,,0,92,,56446,10,,,0,101,,56447,10,,,0,84,,56448,10,,,0,97,,56449,10,,,0,78,,56457,10,,,0,55,,56458,10,0,69,0,84,,56450,10,,,0,87,,56451,10,,,0,94,,56452,10,,,0,90,,56453,10,,,0,91,,56454,10,,,0,51,,56455,10,,,0,86,,56456,10,,,0
601,'S2-3_3',613,,56459,10,,,0,102,,56460,10,,,0,35,,56461,10,,,0,99,,56462,10,,,0,92,,56463,10,,,0,101,,56464,10,,,0,84,,56465,10,,,0,97,,56466,10,,,0,78,,56474,10,,,0,55,,56475,10,0,69,0,84,,56467,10,,,0,87,,56468,10,,,0,94,,56469,10,,,0,90,,56470,10,,,0,91,,56471,10,,,0,51,,56472,10,,,0,86,,56473,10,,,0
601,'S2-3_4',613,,56476,10,,,0,102,,56477,10,,,0,35,,56478,10,,,0,99,,56479,10,,,0,92,,56480,10,,,0,101,,56481,10,,,0,84,,56482,10,,,0,97,,56483,10,,,0,78,,56491,10,,,0,55,,56492,10,0,69,0,84,,56484,10,,,0,87,,56485,10,,,0,94,,56486,10,,,0,90,,56487,10,,,0,91,,56488,10,,,0,51,,56489,10,,,0,86,,56490,10,,,0
601,'S2-4_7',817,,56493,10,0,69,0,105,,56494,10,0,69,0,115,,56495,10,0,69,0,118,,56496,10,0,69,0,197,,56497,10,0,69,0,162,,56498,10,0,69,0,111,,56499,10,0,69,0,106,,56500,10,0,69,0,108,,56501,10,0,69,0
901,'S2-0_6',740,,57017,6,,,0,99,,57025,6,0,66,0,264,,57028,6,,,0,55,,57026,6,0,66,0,367,,57029,6,,,0,91,,57018,6,,,0,95,,57019,6,,,0,129,,57020,6,,,0,95,,57021,6,,,0
901,'S2-2_1',740,,57030,6,,,0,99,,57038,6,0,66,0,264,,57041,6,,,0,55,,57039,6,0,66,0,367,,57042,6,,,0,91,,57031,6,,,0,95,,57032,6,,,0,129,,57033,6,,,0,95,,57034,6,,,0
901,'S2-2_2',740,,57043,6,,,0,99,,57051,6,0,66,0,264,,57054,6,,,0,55,,57052,6,0,66,0,367,,57055,6,,,0,91,,57044,6,,,0,95,,57045,6,,,0,129,,57046,6,,,0,95,,57047,6,,,0
901,'S2-2_3',740,,57056,6,,,0,99,,57064,6,0,66,0,264,,57067,6,,,0,55,,57065,6,0,66,0,367,,57068,6,,,0,91,,57057,6,,,0,95,,57058,6,,,0,129,,57059,6,,,0,95,,57060,6,,,0
901,'S2-2_4',740,,57069,6,,,0,99,,57077,6,0,66,0,264,,57080,6,,,0,55,,57078,6,0,66,0,367,,57081,6,,,0,91,,57070,6,,,0,95,,57071,6,,,0,129,,57072,6,,,0,95,,57073,6,,,0
901,'S2-2_5',740,,57082,6,,,0,99,,57090,6,0,66,0,264,,57093,6,,,0,55,,57091,6,0,66,0,367,,57094,6,,,0,91,,57083,6,,,0,95,,57084,6,,,0,129,,57085,6,,,0,95,,57086,6,,,0
901,'S2-3_1',740,,57095,6,,,0,99,,57103,6,0,66,0,264,,57106,6,,,0,55,,57104,6,0,66,0,367,,57107,6,,,0,91,,57096,6,,,0,95,,57097,6,,,0,129,,57098,6,,,0,95,,57099,6,,,0
901,'S2-3_3',740,,57108,6,,,0,99,,57116,6,0,66,0,264,,57119,6,,,0,55,,57117,6,0,66,0,367,,57120,6,,,0,91,,57109,6,,,0,95,,57110,6,,,0,129,,57111,6,,,0,95,,57112,6,,,0
901,'S2-3_4',740,,57121,6,,,0,99,,57129,6,0,66,0,264,,57132,6,,,0,55,,57130,6,0,66,0,367,,57133,6,,,0,91,,57122,6,,,0,95,,57123,6,,,0,129,,57124,6,,,0,95,,57125,6,,,0
2601,'S2-0_6',741,,58362,22,,,0,86,,58365,22,,,0,85,,58366,22,,,0,47,,58367,22,,,0,90,,58368,22,,,0,84,,58369,22,,,0,83,,58370,22,,,0,85,,58371,22,,,0,42,,58372,22,,,0,85,,58373,22,,,0,86,,58374,22,,,0,90,,58375,22,,,0,46,,58376,22,,,0,81,,58377,22,,,0,86,,58378,22,,,0,83,,58364,22,,,0,41,,58363,22,,,0
2601,'S2-2_1',741,,58379,22,,,0,86,,58380,22,,,0,85,,58381,22,,,0,47,,58382,22,,,0,90,,58383,22,,,0,84,,58384,22,,,0,83,,58385,22,,,0,85,,58386,22,,,0,42,,58387,22,,,0,85,,58388,22,,,0,86,,58389,22,,,0,90,,58390,22,,,0,46,,58391,22,,,0,81,,58392,22,,,0,86,,58393,22,,,0,83,,58394,22,,,0,41,,58395,22,,,0
2601,'S2-2_2',741,,58396,22,,,0,86,,58397,22,,,0,85,,58398,22,,,0,47,,58399,22,,,0,90,,58400,22,,,0,84,,58401,22,,,0,83,,58402,22,,,0,85,,58403,22,,,0,42,,58404,22,,,0,85,,58405,22,,,0,86,,58406,22,,,0,90,,58407,22,,,0,46,,58408,22,,,0,81,,58409,22,,,0,86,,58410,22,,,0,83,,58411,22,,,0,41,,58412,22,,,0
2601,'S2-2_3',741,,58413,22,,,0,86,,58414,22,,,0,85,,58415,22,,,0,47,,58416,22,,,0,90,,58417,22,,,0,84,,58418,22,,,0,83,,58419,22,,,0,85,,58420,22,,,0,42,,58421,22,,,0,85,,58422,22,,,0,86,,58423,22,,,0,90,,58424,22,,,0,46,,58425,22,,,0,81,,58426,22,,,0,86,,58427,22,,,0,83,,58428,22,,,0,41,,58429,22,,,0
2601,'S2-2_4',741,,58430,22,,,0,86,,58431,22,,,0,85,,58432,22,,,0,47,,58433,22,,,0,90,,58434,22,,,0,84,,58435,22,,,0,83,,58436,22,,,0,85,,58437,22,,,0,42,,58438,22,,,0,85,,58439,22,,,0,86,,58440,22,,,0,90,,58441,22,,,0,46,,58442,22,,,0,81,,58443,22,,,0,86,,58444,22,,,0,83,,58445,22,,,0,41,,58446,22,,,0
2601,'S2-2_5',741,,58447,22,,,0,86,,58448,22,,,0,85,,58449,22,,,0,47,,58450,22,,,0,90,,58451,22,,,0,84,,58452,22,,,0,83,,58453,22,,,0,85,,58454,22,,,0,42,,58455,22,,,0,85,,58456,22,,,0,86,,58457,22,,,0,90,,58458,22,,,0,46,,58459,22,,,0,81,,58460,22,,,0,86,,58461,22,,,0,83,,58462,22,,,0,41,,58463,22,,,0
2601,'S2-3_1',741,,58464,22,,,0,86,,58465,22,,,0,85,,58466,22,,,0,47,,58467,22,,,0,90,,58468,22,,,0,84,,58469,22,,,0,83,,58470,22,,,0,85,,58471,22,,,0,42,,58472,22,,,0,85,,58473,22,,,0,86,,58474,22,,,0,90,,58475,22,,,0,46,,58476,22,,,0,81,,58477,22,,,0,86,,58478,22,,,0,83,,58479,22,,,0,41,,58480,22,,,0
2601,'S2-3_3',741,,58481,22,,,0,86,,58482,22,,,0,85,,58483,22,,,0,47,,58484,22,,,0,90,,58485,22,,,0,84,,58486,22,,,0,83,,58487,22,,,0,85,,58488,22,,,0,42,,58489,22,,,0,85,,58490,22,,,0,86,,58491,22,,,0,90,,58492,22,,,0,46,,58493,22,,,0,81,,58494,22,,,0,86,,58495,22,,,0,83,,58496,22,,,0,41,,58497,22,,,0
2601,'S2-3_4',741,,58498,22,,,0,86,,58499,22,,,0,85,,58500,22,,,0,47,,58501,22,,,0,90,,58502,22,,,0,84,,58503,22,,,0,83,,58504,22,,,0,85,,58505,22,,,0,42,,58506,22,,,0,85,,58507,22,,,0,86,,58508,22,,,0,90,,58509,22,,,0,46,,58510,22,,,0,81,,58511,22,,,0,86,,58512,22,,,0,83,,58513,22,,,0,41,,58514,22,,,0
