100,'25j05H-Dimanche',1006,,6,0,46,0,210,,7,0,46,0,190,,8,0,46,0,209,,9,0,46,0,212,,10,0,46,0
100,'25j26H-Dimanche',1006,,20,0,46,0,210,,21,0,46,0,190,,22,0,46,0,209,,23,0,46,0,212,,24,0,46,0
100,'26a05H-Samedi',653,,80,0,46,0,202,,81,0,46,0,99,,82,0,46,0,102,,83,0,46,0,100,,84,0,46,0,100,,85,0,46,0,99,,86,0,46,0,100,,87,0,46,0,101,,88,0,46,0,144,,89,0,46,0,59,,90,0,46,0,142,,91,0,46,0
100,'26a05H-Mercredi',703,,114,0,46,0,31,,105,,,0,75,,115,0,6 7,0,38,,106,0,46,0,156,,107,0,46,0,117,,108,0,46,0,116,,109,0,46,0,89,,110,0,46,0,114,,111,0,46,0,99,,116,0,46,0,102,,112,0,46,0,84,,113,0,46,0,83,,103,,,0,111,,104,,,0
100,'26a05H-L-Ma-J-V',703,,148,0,46,0,31,,139,,,0,75,,149,0,6 7,0,38,,140,0,46,0,156,,141,0,46,0,117,,142,0,46,0,116,,143,0,46,0,89,,144,0,46,0,114,,145,0,46,0,99,,150,0,46,0,102,,146,0,46,0,84,,147,0,46,0,83,,137,,,0,111,,138,,,0
100,'26b23V-Semaine',708,,183,0,46,0,30,,174,,,0,71,,184,0,6 7,0,37,,175,0,46,0,160,,176,0,46,0,114,,177,0,46,0,117,,178,0,46,0,89,,179,0,46,0,109,,180,0,46,0,101,,185,0,46,0,97,,181,,,0,102,,182,,,0,173,,173,,,0
100,'26c02V-Semaine',708,,211,0,46,0,30,,202,,,0,71,,212,0,6 7,0,37,,203,0,46,0,160,,204,0,46,0,114,,205,0,46,0,117,,206,0,46,0,89,,207,0,46,0,109,,208,0,46,0,101,,213,0,46,0,97,,209,,,0,102,,210,,,0,173,,201,,,0
2200,'25j05H-Dimanche',839,,3660,0,52,0,320,,3661,0,52,0,280,,3662,0,52,0,320,,3663,0,52,0
2200,'25j26H-Dimanche',839,,3664,0,52,0,320,,3665,0,52,0,280,,3666,0,52,0,320,,3667,0,52,0
2200,'26a05H-Mercredi',702,,3668,0,22 53 54,0,20,,3672,0,44,0,102,,3669,0,22 53 54,0,513,,3671,0,52,0,368,,3670,0,22 53 54,0
2200,'26a05H-L-Ma-J-V',702,,3673,0,22 53 54,0,20,,3677,0,44,0,102,,3674,0,22 53 54,0,513,,3676,0,52,0,368,,3675,0,22 53 54,0
2200,'26a05H-L-Ma-J-V1101100',1642,,3678,0,52,0,100,,3679,0,52,0
