500,'2_6',738,,31549,25,,,0,98,,31538,25,,,0,99,,31539,25,,,0,100,,31540,25,,,0,100,,31541,25,,,0,96,,31542,25,,,0,98,,31543,25,,,0,100,,31544,25,,,0,100,,31545,25,,,0,100,,31546,25,,,0,100,,31547,25,,,0,192,,31548,25,,,0
500,'5_1',703,,37571,11,,,0,102,,37572,11,,,0,36,,37573,25,,,0,104,,37574,25,,,0,100,,37575,25,,,0,105,,37576,25,,,0,100,,37577,25,,,0,84,,37578,25,,,0,94,,37579,25,,,0,100,,37580,25,,,0,102,,37581,25,,,0,107,,37582,25,,,0,102,,37583,25,,,0,99,,37584,25,,,0
500,'5_2',703,,39587,11,,,0,102,,39588,11,,,0,36,,39589,25,,,0,104,,39590,25,,,0,100,,39591,25,,,0,105,,39592,25,,,0,100,,39593,25,,,0,84,,39594,25,,,0,94,,39595,25,,,0,100,,39596,25,,,0,102,,39597,25,,,0,107,,39598,25,,,0,102,,39599,25,,,0,99,,39600,25,,,0
500,'5_3',703,,39601,11,,,0,102,,39602,11,,,0,36,,39603,25,,,0,104,,39604,25,,,0,100,,39605,25,,,0,105,,39606,25,,,0,100,,39607,25,,,0,84,,39608,25,,,0,94,,39609,25,,,0,100,,39610,25,,,0,102,,39611,25,,,0,107,,39612,25,,,0,102,,39613,25,,,0,99,,39614,25,,,0
500,'5_4',703,,39615,11,,,0,102,,39616,11,,,0,36,,39617,25,,,0,104,,39618,25,,,0,100,,39619,25,,,0,105,,39620,25,,,0,100,,39621,25,,,0,84,,39622,25,,,0,94,,39623,25,,,0,100,,39624,25,,,0,102,,39625,25,,,0,107,,39626,25,,,0,102,,39627,25,,,0,99,,39628,25,,,0
500,'5_5',703,,39629,11,,,0,102,,39630,11,,,0,36,,39631,25,,,0,104,,39632,25,,,0,100,,39633,25,,,0,105,,39634,25,,,0,100,,39635,25,,,0,84,,39636,25,,,0,94,,39637,25,,,0,100,,39638,25,,,0,102,,39639,25,,,0,107,,39640,25,,,0,102,,39641,25,,,0,99,,39642,25,,,0
500,'6_1',703,,39643,11,,,0,102,,39644,11,,,0,36,,39645,25,,,0,104,,39646,25,,,0,100,,39647,25,,,0,105,,39648,25,,,0,100,,39649,25,,,0,84,,39650,25,,,0,94,,39651,25,,,0,100,,39652,25,,,0,102,,39653,25,,,0,107,,39654,25,,,0,102,,39655,25,,,0,99,,39656,25,,,0
500,'6_2',703,,44258,11,,,0,102,,44259,11,,,0,36,,44260,25,,,0,104,,44261,25,,,0,100,,44262,25,,,0,105,,44263,25,,,0,100,,44264,25,,,0,84,,44265,25,,,0,94,,44266,25,,,0,100,,44267,25,,,0,102,,44268,25,,,0,107,,44269,25,,,0,102,,44270,25,,,0,99,,44271,25,,,0
500,'6_3',703,,44272,11,,,0,102,,44273,11,,,0,36,,44274,25,,,0,104,,44275,25,,,0,100,,44276,25,,,0,105,,44277,25,,,0,100,,44278,25,,,0,84,,44279,25,,,0,94,,44280,25,,,0,100,,44281,25,,,0,102,,44282,25,,,0,107,,44283,25,,,0,102,,44284,25,,,0,99,,44285,25,,,0
500,'6_4',703,,44286,11,,,0,102,,44287,11,,,0,36,,44288,25,,,0,104,,44289,25,,,0,100,,44290,25,,,0,105,,44291,25,,,0,100,,44292,25,,,0,84,,44293,25,,,0,94,,44294,25,,,0,100,,44295,25,,,0,102,,44296,25,,,0,107,,44297,25,,,0,102,,44298,25,,,0,99,,44299,25,,,0
