501,'S2-1_6',851,,9116,42,,,0,101,,9117,42,,,0,101,,9118,42,,,0,100,,9119,42,,,0,99,,9120,42,,,0,94,,9121,42,,,0,99,,9122,42,,,0,101,,9123,42,,,0,99,,9124,42,,,0,105,,9125,42,,,0,97,,9126,42,,,0,185,,9127,42,,,0
501,'S2-5_1',1001,,9128,42,,,0,106,,9129,42,,,0,101,,9130,42,,,0,45,,9131,42,,,0,94,,9132,42,,,0,98,,9133,42,,,0,103,,9134,42,,,0,103,,9135,42,,,0,107,,9136,42,,,0,100,,9140,42,,,0,164,,9141,42,,,0
501,'S2-5_2',1001,,9142,42,,,0,106,,9143,42,,,0,101,,9144,42,,,0,45,,9145,42,,,0,94,,9146,42,,,0,98,,9147,42,,,0,103,,9148,42,,,0,103,,9149,42,,,0,107,,9150,42,,,0,100,,9154,42,,,0,164,,9155,42,,,0
501,'S2-5_4',1001,,9156,42,,,0,106,,9157,42,,,0,101,,9158,42,,,0,45,,9159,42,,,0,94,,9160,42,,,0,98,,9161,42,,,0,103,,9162,42,,,0,103,,9163,42,,,0,107,,9164,42,,,0,100,,9168,42,,,0,164,,9169,42,,,0
501,'S2-5_5',1001,,9170,42,,,0,106,,9171,42,,,0,101,,9172,42,,,0,45,,9173,42,,,0,94,,9174,42,,,0,98,,9175,42,,,0,103,,9176,42,,,0,103,,9177,42,,,0,107,,9178,42,,,0,100,,9182,42,,,0,164,,9183,42,,,0
501,'S2-6_3',1001,,9184,42,,,0,106,,9185,42,,,0,101,,9186,42,,,0,45,,9187,42,,,0,94,,9188,42,,,0,98,,9189,42,,,0,103,,9190,42,,,0,103,,9191,42,,,0,107,,9192,42,,,0,100,,9194,42,,,0,164,,9195,42,,,0
2900501,'S2-5_1',1759,,13570,15,,,0,150,,13571,15,,,0
2900501,'S2-5_2',1759,,13572,15,,,0,150,,13573,15,,,0
2900501,'S2-5_4',1759,,13574,15,,,0,150,,13575,15,,,0
2900501,'S2-5_5',1759,,13576,15,,,0,150,,13577,15,,,0
2900501,'S2-6_3',1305,,13578,15,,,0,454,,13579,15,,,0,150,,13580,15,,,0
