400,'2509-HIV-25j05H-d-Dimanche-00',928,,9577,0,36,0,100,,9578,0,36,0,100,,9579,0,36,0,100,,9580,0,36,0,100,,9581,0,36,0,100,,9582,0,36,0,100,,9583,0,36,0,100,,9584,0,36,0,100,,9585,0,36,0,100,,9586,0,36,0
400,'2509-HIV-25j26H-d-Dimanche-00',928,,9590,0,36,0,100,,9591,0,36,0,100,,9592,0,36,0,100,,9593,0,36,0,100,,9594,0,36,0,100,,9595,0,36,0,100,,9596,0,36,0,100,,9597,0,36,0,100,,9598,0,36,0,100,,9599,0,36,0
400,'2509-HIV-25k03H-s-Samedi-00',728,,9609,0,36,0,105,,9610,0,36,0,73,,9603,0,36,0,27,,9611,0,36,0,72,,9612,0,36,0,30,,9613,0,36,0,71,,9604,0,36,0,31,,9614,0,36,0,69,,9616,0,36,0,30,,9615,0,36,0,69,,9605,0,36,0,31,,9617,0,36,0,70,,9618,0,36,0,29,,9619,0,36,0,73,,9606,0,36,0,32,,9620,0,36,0,69,,9621,0,36,0,30,,9622,0,36,0,72,,9607,0,36,0,35,,9623,0,36,0,71,,9624,0,36,0,31,,9625,0,36,0,69,,9608,0,36,0,31,,9626,0,36,0
400,'2509-HIV-25l22Vlv-Semaine-00',727,,9647,0,36,0,14,,9653,0,36,0,17,,9627,0,36,0,55,,9628,0,36,0,14,,9648,0,36,0,17,,9629,0,36,0,14,,9630,0,36,0,77,,9631,0,36,0,73,,9632,0,36,0,30,,9633,0,36,0,71,,9634,0,36,0,35,,9635,0,36,0,75,,9636,0,36,0,24,,9651,0,36,0,65,,9649,0,36,0,31,,9637,0,36,0,69,,9638,0,36,0,25,,9641,0,36,0,76,,9639,0,36,0,30,,9642,0,36,0,75,,9640,0,36,0,30,,9654,0,36,0,70,,9650,0,36,0,30,,9643,0,36,0,75,,9644,0,36,0,24,,9652,,,0,70,,9645,0,36,0,30,,9646,0,36,0
400,'2509-HIV-26a05H-s-Samedi-00',728,,9661,0,36,0,105,,9662,0,36,0,73,,9655,0,36,0,27,,9663,0,36,0,72,,9664,0,36,0,30,,9665,0,36,0,71,,9656,0,36,0,31,,9666,0,36,0,69,,9668,0,36,0,30,,9667,0,36,0,69,,9657,0,36,0,31,,9669,0,36,0,70,,9670,0,36,0,29,,9671,0,36,0,73,,9658,0,36,0,32,,9672,0,36,0,69,,9673,0,36,0,30,,9674,0,36,0,72,,9659,0,36,0,35,,9675,0,36,0,71,,9676,0,36,0,31,,9677,0,36,0,69,,9660,0,36,0,31,,9678,0,36,0
400,'2509-HIV-26a05H-w-Mercredi-00',730,,9701,0,40,0,15,,9708,0,36,0,55,,9679,0,36,0,14,,9680,0,36,0,16,,9703,0,36,0,15,,9681,0,36,0,14,,9682,0,36,0,70,,9683,0,36,0,80,,9684,0,36,0,31,,9685,0,36,0,70,,9686,0,36,0,35,,9687,0,36,0,75,,9688,0,36,0,23,,9706,,,0,66,,9704,0,36,0,30,,9689,0,36,0,67,,9690,0,36,0,28,,9693,0,36,0,75,,9691,0,36,0,30,,9694,0,36,0,76,,9692,0,36,0,30,,9709,0,36,0,66,,9695,0,36,0,5,,9705,0,36,0,14,,9696,0,36,0,15,,9710,,,0,55,,9697,0,36,0,25,,9698,0,36,0,19,,9707,,,0,74,,9699,0,36,0,25,,9700,0,36,0
400,'2509-HIV-26a05Hlv-L-Ma-J-V-00',730,,9733,0,40,0,15,,9740,0,36,0,55,,9711,0,36,0,14,,9712,0,36,0,16,,9735,0,36,0,15,,9713,0,36,0,14,,9714,0,36,0,70,,9715,0,36,0,80,,9716,0,36,0,31,,9717,0,36,0,70,,9718,0,36,0,35,,9719,0,36,0,75,,9720,0,36,0,23,,9738,,,0,66,,9736,0,36,0,30,,9721,0,36,0,67,,9722,0,36,0,28,,9725,0,36,0,75,,9723,0,36,0,30,,9726,0,36,0,76,,9724,0,36,0,30,,9741,0,36,0,66,,9727,0,36,0,5,,9737,0,36,0,14,,9728,0,36,0,15,,9742,,,0,55,,9729,0,36,0,25,,9730,0,36,0,19,,9739,,,0,74,,9731,0,36,0,25,,9732,0,36,0
400,'2509-HIV-26b23Vlv-Semaine-00',727,,9763,0,36,0,14,,9769,0,36,0,17,,9743,0,36,0,55,,9744,0,36,0,14,,9764,0,36,0,17,,9745,0,36,0,14,,9746,0,36,0,77,,9747,0,36,0,73,,9748,0,36,0,30,,9749,0,36,0,71,,9750,0,36,0,35,,9751,0,36,0,75,,9752,0,36,0,24,,9767,0,36,0,65,,9765,0,36,0,31,,9753,0,36,0,69,,9754,0,36,0,25,,9757,0,36,0,76,,9755,0,36,0,30,,9758,0,36,0,75,,9756,0,36,0,30,,9770,0,36,0,70,,9766,0,36,0,30,,9759,0,36,0,75,,9760,0,36,0,24,,9768,,,0,70,,9761,0,36,0,30,,9762,0,36,0
400,'2509-HIV-26c02Vlv-Semaine-00',727,,9791,0,36,0,14,,9797,0,36,0,17,,9771,0,36,0,55,,9772,0,36,0,14,,9792,0,36,0,17,,9773,0,36,0,14,,9774,0,36,0,77,,9775,0,36,0,73,,9776,0,36,0,30,,9777,0,36,0,71,,9778,0,36,0,35,,9779,0,36,0,75,,9780,0,36,0,24,,9795,0,36,0,65,,9793,0,36,0,31,,9781,0,36,0,69,,9782,0,36,0,25,,9785,0,36,0,76,,9783,0,36,0,30,,9786,0,36,0,75,,9784,0,36,0,30,,9798,0,36,0,70,,9794,0,36,0,30,,9787,0,36,0,75,,9788,0,36,0,24,,9796,,,0,70,,9789,0,36,0,30,,9790,0,36,0
2300,'2509-HIV-26a05H-w-Mercredi-00-0010000',1214,,11777,,,0,3,,11776,,,0
2300,'2509-HIV-26a05Hlv-L-Ma-J-V-00-1101100',1609,,11778,,,0,102,,11779,,,0,99,,11780,,,0
