200,'1_6',639,,15185,5,0,34,0,108,,15186,5,0,34,0,85,,15209,5,0,38,0,127,,15188,5,0,34,0,151,,15189,5,0,34,0,105,,15190,3,0,34,0,98,,15191,5,0,34,0,102,,15192,5,0,34,0,105,,15193,5,0,34,0,103,,15194,5,0,34,0,101,,15195,5,0,34,0,113,,15206,5,0,35 28 36 37,0
200,'5_1',646,,15260,5,0,38,0,61,,15261,5,0,38,0,33,,15235,5,0,35 28 36 37,0,82,,15229,5,0,9 10,0,96,,15249,5,0,9 10,0,99,,15230,5,0,35 28 36 37,0,142,,15240,5,0,34,0,179,,15244,5,0,34,0,165,,15258,5,0,38,0,147,,15246,5,0,34,0,78,,15254,5,0,35 28 36 37,0,30,,15247,5,0,34,0,77,,15238,5,0,38,0,66,,15248,5,0,34,0
200,'5_2',646,,15299,5,0,38,0,61,,15300,5,0,38,0,33,,15274,5,0,35 28 36 37,0,82,,15268,5,0,9 10,0,96,,15288,5,0,9 10,0,99,,15269,5,0,35 28 36 37,0,142,,15279,5,0,34,0,179,,15283,5,0,34,0,165,,15297,5,0,38,0,147,,15285,5,0,34,0,78,,15293,5,0,35 28 36 37,0,30,,15286,5,0,34,0,77,,15277,5,0,38,0,66,,15287,5,0,34,0
200,'5_4',646,,15338,5,0,38,0,61,,15339,5,0,38,0,33,,15313,5,0,35 28 36 37,0,82,,15307,5,0,9 10,0,96,,15327,5,0,9 10,0,99,,15308,5,0,35 28 36 37,0,142,,15318,5,0,34,0,179,,15322,5,0,34,0,165,,15336,5,0,38,0,147,,15324,5,0,34,0,78,,15332,5,0,35 28 36 37,0,30,,15325,5,0,34,0,77,,15316,5,0,38,0,66,,15326,5,0,34,0
200,'5_5',646,,15377,5,0,38,0,61,,15378,5,0,38,0,33,,15352,5,0,35 28 36 37,0,82,,15346,5,0,9 10,0,96,,15366,5,0,9 10,0,99,,15347,5,0,35 28 36 37,0,142,,15357,5,0,34,0,179,,15361,5,0,34,0,165,,15375,5,0,38,0,147,,15363,5,0,34,0,78,,15371,5,0,35 28 36 37,0,30,,15364,5,0,34,0,77,,15355,5,0,38,0,66,,15365,5,0,34,0
200,'6_3',646,,15416,5,0,38,0,61,,15417,5,0,38,0,33,,15391,5,0,35 28 36 37,0,82,,15385,5,0,9 10,0,96,,15405,5,0,9 10,0,99,,15386,5,0,35 28 36 37,0,142,,15396,5,0,34,0,179,,15400,5,0,34,0,165,,15414,5,0,38,0,147,,15402,5,0,34,0,78,,15410,5,0,35 28 36 37,0,30,,15403,5,0,34,0,77,,15394,5,0,38,0,66,,15404,5,0,34,0
2900200,'5_1',658,,20874,5,,,0,99,,20875,5,,,0
2900200,'5_2',658,,20876,5,,,0,99,,20877,5,,,0
2900200,'5_4',658,,20878,5,,,0,99,,20879,5,,,0
2900200,'5_5',658,,20880,5,,,0,99,,20881,5,,,0
2900200,'6_3',658,,20882,5,,,0,99,,20883,5,,,0
