900600,'2_6',853,,33943,24,,,0,170,,33945,24,,,0,125,,33946,24,,,0,175,,33947,24,,,0,120,,33948,24,,,0,175,,33949,24,,,0,130,,33950,24,,,0,170,,33944,24,,,0
900600,'5_1',853,,37847,24,,,0,170,,37849,24,,,0,125,,37850,24,,,0,175,,37851,24,,,0,120,,37852,24,,,0,175,,37853,24,,,0,130,,37854,24,,,0,170,,37848,24,,,0
900600,'5_2',853,,40970,24,,,0,170,,40972,24,,,0,125,,40973,24,,,0,175,,40974,24,,,0,120,,40975,24,,,0,175,,40976,24,,,0,130,,40977,24,,,0,170,,40971,24,,,0
900600,'5_3',853,,40978,24,,,0,170,,40980,24,,,0,125,,40981,24,,,0,175,,40982,24,,,0,120,,40983,24,,,0,175,,40984,24,,,0,130,,40985,24,,,0,170,,40979,24,,,0
900600,'5_4',853,,40986,24,,,0,170,,40988,24,,,0,125,,40989,24,,,0,175,,40990,24,,,0,120,,40991,24,,,0,175,,40992,24,,,0,130,,40993,24,,,0,170,,40987,24,,,0
900600,'5_5',853,,40994,24,,,0,170,,40996,24,,,0,125,,40997,24,,,0,175,,40998,24,,,0,120,,40999,24,,,0,175,,41000,24,,,0,130,,41001,24,,,0,170,,40995,24,,,0
900600,'6_1',853,,41002,24,,,0,170,,41004,24,,,0,125,,41005,24,,,0,175,,41006,24,,,0,120,,41007,24,,,0,175,,41008,24,,,0,130,,41009,24,,,0,170,,41003,24,,,0
900600,'6_2',853,,45092,24,,,0,170,,45094,24,,,0,125,,45095,24,,,0,175,,45096,24,,,0,120,,45097,24,,,0,175,,45098,24,,,0,130,,45099,24,,,0,170,,45093,24,,,0
900600,'6_3',853,,45100,24,,,0,170,,45102,24,,,0,125,,45103,24,,,0,175,,45104,24,,,0,120,,45105,24,,,0,175,,45106,24,,,0,130,,45107,24,,,0,170,,45101,24,,,0
900600,'6_4',853,,45108,24,,,0,170,,45110,24,,,0,125,,45111,24,,,0,175,,45112,24,,,0,120,,45113,24,,,0,175,,45114,24,,,0,130,,45115,24,,,0,170,,45109,24,,,0
