2500,'0_6',750,,67728,17,,,0,153,,67729,17,,,0,127,,67730,17,,,0,114,,67731,17,,,0,168,,67732,17,,,0,113,,67733,17,,,0,132,,67734,17,,,0,159,,67735,17,,,0,120,,67736,17,,,0,114,,67737,17,,,0
2500,'2_1',750,,67738,17,,,0,153,,67739,17,,,0,127,,67740,17,,,0,114,,67741,17,,,0,168,,67742,17,,,0,113,,67743,17,,,0,132,,67744,17,,,0,159,,67745,17,,,0,120,,67746,17,,,0,114,,67747,17,,,0
2500,'2_2',750,,67748,17,,,0,153,,67749,17,,,0,127,,67750,17,,,0,114,,67751,17,,,0,168,,67752,17,,,0,113,,67753,17,,,0,132,,67754,17,,,0,159,,67755,17,,,0,120,,67756,17,,,0,114,,67757,17,,,0
2500,'2_3',750,,67758,17,,,0,153,,67759,17,,,0,127,,67760,17,,,0,114,,67761,17,,,0,168,,67762,17,,,0,113,,67763,17,,,0,132,,67764,17,,,0,159,,67765,17,,,0,120,,67766,17,,,0,114,,67767,17,,,0
2500,'2_4',750,,67768,17,,,0,153,,67769,17,,,0,127,,67770,17,,,0,114,,67771,17,,,0,168,,67772,17,,,0,113,,67773,17,,,0,132,,67774,17,,,0,159,,67775,17,,,0,120,,67776,17,,,0,114,,67777,17,,,0
2500,'2_5',750,,67778,17,,,0,153,,67779,17,,,0,127,,67780,17,,,0,114,,67781,17,,,0,168,,67782,17,,,0,113,,67783,17,,,0,132,,67784,17,,,0,159,,67785,17,,,0,120,,67786,17,,,0,114,,67787,17,,,0
2500,'3_1',750,,67788,17,,,0,153,,67789,17,,,0,127,,67790,17,,,0,114,,67791,17,,,0,168,,67792,17,,,0,113,,67793,17,,,0,132,,67794,17,,,0,159,,67795,17,,,0,120,,67796,17,,,0,114,,67797,17,,,0
2500,'3_3',750,,67798,17,,,0,153,,67799,17,,,0,127,,67800,17,,,0,114,,67801,17,,,0,168,,67802,17,,,0,113,,67803,17,,,0,132,,67804,17,,,0,159,,67805,17,,,0,120,,67806,17,,,0,114,,67807,17,,,0
2500,'3_4',750,,67808,17,,,0,153,,67809,17,,,0,127,,67810,17,,,0,114,,67811,17,,,0,168,,67812,17,,,0,113,,67813,17,,,0,132,,67814,17,,,0,159,,67815,17,,,0,120,,67816,17,,,0,114,,67817,17,,,0
2500,'3_5',750,,67818,17,,,0,153,,67819,17,,,0,127,,67820,17,,,0,114,,67821,17,,,0,168,,67822,17,,,0,113,,67823,17,,,0,132,,67824,17,,,0,159,,67825,17,,,0,120,,67826,17,,,0,114,,67827,17,,,0
