201,'1_3',705,,48400,13,0,20,0,27,,48439,13,0,21,0,17,,48422,1,0,62,0,53,,48403,13,0,21,0,15,,48401,1,0,20,0,20,,48423,13,0,62,0,69,,48404,13,0,21,0,28,,48414,13,0,20,0,81,,48408,13,0,21,0,26,,48415,13,0,62,0,83,,48409,13,0,21,0,35,,48416,13,0,62,0,81,,48405,13,0,20,0,74,,48424,13,0,21,0,20,,48438,13,0,62,0,25,,48417,13,0,21,0,70,,48402,13,0,20,0,25,,48425,13,0,21,0,65,,48406,13,0,62,0,34,,48418,13,0,21,0,77,,48432,13,0,62,0,19,,48426,1,0,21,0,55,,48419,1,0,62,0,13,,48427,13,0,21,0,13,,48407,13,0,62,0,15,,48428,1,0,21,0,56,,48430,1,0,62,0,16,,48429,1,0,21,0,18,,48420,13,0,62,0,21,,48411,13,0,21,0,65,,48421,13,0,62,0,21,,48412,13,0,21,0
201,'2_6',709,,30614,13,0,20,0,5,,30638,13,0,62,0,25,,30626,1,0,21,0,69,,30615,13,0,21,0,23,,30627,1,0,62,0,25,,30639,13,0,20,0,65,,30616,13,0,20,0,20,,30628,1,0,21,0,15,,30640,13,0,62,0,71,,30617,13,0,20,0,19,,30629,1,0,21,0,60,,30641,13,0,64,0,26,,30618,13,0,20,0,20,,30630,1,0,62,0,60,,30642,13,0,21,0,30,,30619,13,0,21,0,58,,30631,1,0,62,0,20,,30643,13,0,20,0,25,,30620,13,0,21,0,56,,30632,1,0,62,0,25,,30644,13,0,20,0,25,,30621,13,0,62,0,58,,30633,1,0,21,0,22,,30645,13,0,20,0,22,,30622,13,0,62,0,56,,30634,1,0,21,0,24,,30646,13,0,20,0,24,,30623,13,0,21,0,59,,30635,1,0,62,0,20,,30647,13,0,20,0,64,,30624,13,0,21,0,21,,30636,1,0,20,0,19,,30648,13,0,62,0,61,,30625,13,0,21,0,15,,30637,1,0,62,0,17,,30649,13,0,21,0
201,'3_7',833,,30650,1,0,21,0,125,,30651,1,0,21,0,165,,30652,1,0,21,0,125,,30653,1,0,21,0,110,,30654,1,0,21,0,165,,30655,1,0,21,0,125,,30656,1,0,21,0,165,,30657,1,0,21,0
201,'4_7',833,,46757,1,0,21,0,125,,46758,1,0,21,0,165,,46759,1,0,21,0,125,,46760,1,0,21,0,110,,46761,1,0,21,0,165,,46762,1,0,21,0,125,,46763,1,0,21,0,165,,46764,1,0,21,0
201,'6_2',709,,43842,13,0,20,0,30,,43840,13,0,21,0,18,,43839,1,0,62,0,51,,43837,13,0,21,0,13,,43836,1,0,20,0,20,,43841,13,0,62,0,67,,43838,13,0,21,0,28,,43835,13,0,20,0,81,,43830,13,0,21,0,26,,43831,13,0,62,0,84,,43828,13,0,21,0,75,,43827,13,0,62,0,40,,43829,13,0,20,0,75,,43825,13,0,21,0,20,,43823,13,0,62,0,64,,43822,13,0,21,0,30,,43820,13,0,20,0,25,,43826,13,0,21,0,65,,43821,13,0,62,0,36,,43816,13,0,21,0,64,,43815,13,0,21,0,34,,43817,1,0,21,0,56,,43809,1,0,62,0,12,,43811,13,0,21,0,13,,43808,13,0,62,0,14,,43812,1,0,21,0,55,,43814,1,0,62,0,16,,43813,13,0,21,0,14,,43810,13,0,62,0,21,,43806,1,0,21,0,65,,43807,13,0,62,0,22,,43805,13,0,21,0
201,'6_3',709,,43881,13,0,20,0,30,,43879,13,0,21,0,18,,43878,1,0,62,0,51,,43876,13,0,21,0,13,,43875,1,0,20,0,20,,43880,13,0,62,0,67,,43877,13,0,21,0,28,,43874,13,0,20,0,81,,43869,13,0,21,0,26,,43870,13,0,62,0,84,,43867,13,0,21,0,75,,43866,13,0,62,0,40,,43868,13,0,20,0,75,,43864,13,0,21,0,20,,43862,13,0,62,0,64,,43861,13,0,21,0,30,,43859,13,0,20,0,25,,43865,13,0,21,0,65,,43860,13,0,62,0,36,,43855,13,0,21,0,64,,43854,13,0,21,0,34,,43856,1,0,21,0,56,,43848,1,0,62,0,12,,43850,13,0,21,0,13,,43847,13,0,62,0,14,,43851,1,0,21,0,55,,43853,1,0,62,0,16,,43852,13,0,21,0,14,,43849,13,0,62,0,21,,43845,1,0,21,0,65,,43846,13,0,62,0,22,,43844,13,0,21,0
201,'6_4',709,,43920,13,0,20,0,30,,43918,13,0,21,0,18,,43917,1,0,62,0,51,,43915,13,0,21,0,13,,43914,1,0,20,0,20,,43919,13,0,62,0,67,,43916,13,0,21,0,28,,43913,13,0,20,0,81,,43908,13,0,21,0,26,,43909,13,0,62,0,84,,43906,13,0,21,0,75,,43905,13,0,62,0,40,,43907,13,0,20,0,75,,43903,13,0,21,0,20,,43901,13,0,62,0,64,,43900,13,0,21,0,30,,43898,13,0,20,0,25,,43904,13,0,21,0,65,,43899,13,0,62,0,36,,43894,13,0,21,0,64,,43893,13,0,21,0,34,,43895,1,0,21,0,56,,43887,1,0,62,0,12,,43889,13,0,21,0,13,,43886,13,0,62,0,14,,43890,1,0,21,0,55,,43892,1,0,62,0,16,,43891,13,0,21,0,14,,43888,13,0,62,0,21,,43884,1,0,21,0,65,,43885,13,0,62,0,22,,43883,13,0,21,0
201,'7_1',705,,46765,13,0,20,0,27,,46803,13,0,21,0,17,,46787,1,0,62,0,53,,46768,13,0,21,0,15,,46766,1,0,20,0,20,,46788,13,0,62,0,69,,46769,13,0,21,0,28,,46779,13,0,20,0,81,,46773,13,0,21,0,26,,46780,13,0,62,0,83,,46774,13,0,21,0,35,,46781,13,0,62,0,81,,46770,13,0,20,0,74,,46789,13,0,21,0,20,,46802,13,0,62,0,25,,46782,13,0,21,0,70,,46767,13,0,20,0,25,,46790,13,0,21,0,65,,46771,13,0,62,0,34,,46783,13,0,21,0,77,,46797,13,0,62,0,19,,46791,1,0,21,0,55,,46784,1,0,62,0,13,,46792,13,0,21,0,13,,46772,13,0,62,0,15,,46793,1,0,21,0,56,,46795,1,0,62,0,16,,46794,1,0,21,0,18,,46785,13,0,62,0,21,,46776,13,0,21,0,65,,46786,13,0,62,0,21,,46777,13,0,21,0
201,'7_2',705,,48440,13,0,20,0,27,,48478,13,0,21,0,17,,48462,1,0,62,0,53,,48443,13,0,21,0,15,,48441,1,0,20,0,20,,48463,13,0,62,0,69,,48444,13,0,21,0,28,,48454,13,0,20,0,81,,48448,13,0,21,0,26,,48455,13,0,62,0,83,,48449,13,0,21,0,35,,48456,13,0,62,0,81,,48445,13,0,20,0,74,,48464,13,0,21,0,20,,48477,13,0,62,0,25,,48457,13,0,21,0,70,,48442,13,0,20,0,25,,48465,13,0,21,0,65,,48446,13,0,62,0,34,,48458,13,0,21,0,77,,48472,13,0,62,0,19,,48466,1,0,21,0,55,,48459,1,0,62,0,13,,48467,13,0,21,0,13,,48447,13,0,62,0,15,,48468,1,0,21,0,56,,48470,1,0,62,0,16,,48469,1,0,21,0,18,,48460,13,0,62,0,21,,48451,13,0,21,0,65,,48461,13,0,62,0,21,,48452,13,0,21,0
201,'7_4',705,,48479,13,0,20,0,27,,48517,13,0,21,0,17,,48501,1,0,62,0,53,,48482,13,0,21,0,15,,48480,1,0,20,0,20,,48502,13,0,62,0,69,,48483,13,0,21,0,28,,48493,13,0,20,0,81,,48487,13,0,21,0,26,,48494,13,0,62,0,83,,48488,13,0,21,0,35,,48495,13,0,62,0,81,,48484,13,0,20,0,74,,48503,13,0,21,0,20,,48516,13,0,62,0,25,,48496,13,0,21,0,70,,48481,13,0,20,0,25,,48504,13,0,21,0,65,,48485,13,0,62,0,34,,48497,13,0,21,0,77,,48511,13,0,62,0,19,,48505,1,0,21,0,55,,48498,1,0,62,0,13,,48506,13,0,21,0,13,,48486,13,0,62,0,15,,48507,1,0,21,0,56,,48509,1,0,62,0,16,,48508,1,0,21,0,18,,48499,13,0,62,0,21,,48490,13,0,21,0,65,,48500,13,0,62,0,21,,48491,13,0,21,0
201,'8_7',833,,51875,1,0,21,0,125,,51876,1,0,21,0,165,,51877,1,0,21,0,125,,51878,1,0,21,0,110,,51879,1,0,21,0,165,,51880,1,0,21,0,125,,51881,1,0,21,0,165,,51882,1,0,21,0
