500,'2_6',740,,31549,28,,,0,98,,31538,28,,,0,99,,31539,28,,,0,100,,31540,28,,,0,100,,31541,28,,,0,96,,31542,28,,,0,98,,31543,28,,,0,100,,31544,28,,,0,100,,31545,28,,,0,100,,31546,28,,,0,100,,31547,28,,,0,192,,31548,28,,,0
500,'5_1',705,,37571,14,,,0,102,,37572,14,,,0,36,,37573,28,,,0,104,,37574,28,,,0,100,,37575,28,,,0,105,,37576,28,,,0,100,,37577,28,,,0,84,,37578,28,,,0,94,,37579,28,,,0,100,,37580,28,,,0,102,,37581,28,,,0,107,,37582,28,,,0,102,,37583,28,,,0,99,,37584,28,,,0
500,'5_2',705,,39587,14,,,0,102,,39588,14,,,0,36,,39589,28,,,0,104,,39590,28,,,0,100,,39591,28,,,0,105,,39592,28,,,0,100,,39593,28,,,0,84,,39594,28,,,0,94,,39595,28,,,0,100,,39596,28,,,0,102,,39597,28,,,0,107,,39598,28,,,0,102,,39599,28,,,0,99,,39600,28,,,0
500,'5_3',705,,39601,14,,,0,102,,39602,14,,,0,36,,39603,28,,,0,104,,39604,28,,,0,100,,39605,28,,,0,105,,39606,28,,,0,100,,39607,28,,,0,84,,39608,28,,,0,94,,39609,28,,,0,100,,39610,28,,,0,102,,39611,28,,,0,107,,39612,28,,,0,102,,39613,28,,,0,99,,39614,28,,,0
500,'5_4',705,,39615,14,,,0,102,,39616,14,,,0,36,,39617,28,,,0,104,,39618,28,,,0,100,,39619,28,,,0,105,,39620,28,,,0,100,,39621,28,,,0,84,,39622,28,,,0,94,,39623,28,,,0,100,,39624,28,,,0,102,,39625,28,,,0,107,,39626,28,,,0,102,,39627,28,,,0,99,,39628,28,,,0
500,'5_5',705,,39629,14,,,0,102,,39630,14,,,0,36,,39631,28,,,0,104,,39632,28,,,0,100,,39633,28,,,0,105,,39634,28,,,0,100,,39635,28,,,0,84,,39636,28,,,0,94,,39637,28,,,0,100,,39638,28,,,0,102,,39639,28,,,0,107,,39640,28,,,0,102,,39641,28,,,0,99,,39642,28,,,0
500,'6_1',705,,39643,14,,,0,102,,39644,14,,,0,36,,39645,28,,,0,104,,39646,28,,,0,100,,39647,28,,,0,105,,39648,28,,,0,100,,39649,28,,,0,84,,39650,28,,,0,94,,39651,28,,,0,100,,39652,28,,,0,102,,39653,28,,,0,107,,39654,28,,,0,102,,39655,28,,,0,99,,39656,28,,,0
500,'6_2',705,,44258,14,,,0,102,,44259,14,,,0,36,,44260,28,,,0,104,,44261,28,,,0,100,,44262,28,,,0,105,,44263,28,,,0,100,,44264,28,,,0,84,,44265,28,,,0,94,,44266,28,,,0,100,,44267,28,,,0,102,,44268,28,,,0,107,,44269,28,,,0,102,,44270,28,,,0,99,,44271,28,,,0
500,'6_3',705,,44272,14,,,0,102,,44273,14,,,0,36,,44274,28,,,0,104,,44275,28,,,0,100,,44276,28,,,0,105,,44277,28,,,0,100,,44278,28,,,0,84,,44279,28,,,0,94,,44280,28,,,0,100,,44281,28,,,0,102,,44282,28,,,0,107,,44283,28,,,0,102,,44284,28,,,0,99,,44285,28,,,0
500,'6_4',705,,44286,14,,,0,102,,44287,14,,,0,36,,44288,28,,,0,104,,44289,28,,,0,100,,44290,28,,,0,105,,44291,28,,,0,100,,44292,28,,,0,84,,44293,28,,,0,94,,44294,28,,,0,100,,44295,28,,,0,102,,44296,28,,,0,107,,44297,28,,,0,102,,44298,28,,,0,99,,44299,28,,,0
