401,'S2-0_6',655,,55641,10,,,0,163,,55640,10,0,41,0,32,,55638,10,,,0,64,,55627,10,0,41,0,32,,55639,10,0,41,0,69,,55628,10,0,41,0,35,,55634,10,,,0,67,,55629,10,0,41,0,32,,55630,10,0,41,0,73,,55646,10,0,41,0,31,,55648,10,,,0,72,,55635,10,0,41,0,29,,55626,10,0,41,0,68,,55631,10,0,41,0,28,,55636,10,,,0,67,,55632,10,0,41,0,29,,55649,10,0,41,0,71,,55645,10,0,41,0,26,,55642,10,,,0,64,,55643,10,0,41,0,27,,55647,10,,,0,76,,55644,10,0,41,0,36,,55633,10,0,41,0,76,,55637,10,,,0
401,'S2-1_7',932,,55650,10,,,0,125,,55651,10,,,0,165,,55652,10,,,0,201,,55653,10,,,0,125,,55654,10,,,0,165,,55655,10,,,0,125,,55656,10,,,0
401,'S2-2_1',650,,55667,13,,,0,58,,55668,10,0,41,0,39,,55679,10,0,41,0,76,,55658,13,0,41,0,27,,55680,10,,,0,67,,55659,10,0,41,0,29,,55681,10,0,41,0,69,,55660,10,0,41,0,35,,55675,10,,,0,71,,55661,10,0,41,0,29,,55662,10,0,41,0,69,,55674,10,0,41,0,36,,55672,10,,,0,73,,55676,10,0,41,0,26,,55657,10,0,41,0,68,,55663,10,0,41,0,28,,55677,10,,,0,65,,55664,10,0,41,0,31,,55665,10,,,0,62,,55673,10,0,41,0,27,,55669,10,,,0,24,,55670,10,0,41,0,86,,55682,13,,,0,62,,55671,10,0,41,0,34,,55666,10,0,41,0,79,,55678,10,,,0
401,'S2-2_2',650,,55693,13,,,0,58,,55694,10,0,41,0,39,,55705,10,0,41,0,76,,55684,13,0,41,0,27,,55706,10,,,0,67,,55685,10,0,41,0,29,,55707,10,0,41,0,69,,55686,10,0,41,0,35,,55701,10,,,0,71,,55687,10,0,41,0,29,,55688,10,0,41,0,69,,55700,10,0,41,0,36,,55698,10,,,0,73,,55702,10,0,41,0,26,,55683,10,0,41,0,68,,55689,10,0,41,0,28,,55703,10,,,0,65,,55690,10,0,41,0,31,,55691,10,,,0,62,,55699,10,0,41,0,27,,55695,10,,,0,24,,55696,10,0,41,0,86,,55708,13,,,0,62,,55697,10,0,41,0,34,,55692,10,0,41,0,79,,55704,10,,,0
401,'S2-2_3',650,,55719,13,,,0,58,,55720,10,0,41,0,39,,55731,10,0,41,0,76,,55710,13,0,41,0,27,,55732,10,,,0,67,,55711,10,0,41,0,29,,55733,10,0,41,0,69,,55712,10,0,41,0,35,,55727,10,,,0,71,,55713,10,0,41,0,29,,55714,10,0,41,0,69,,55726,10,0,41,0,36,,55724,10,,,0,73,,55728,10,0,41,0,26,,55709,10,0,41,0,68,,55715,10,0,41,0,28,,55729,10,,,0,65,,55716,10,0,41,0,31,,55717,10,,,0,62,,55725,10,0,41,0,27,,55721,10,,,0,24,,55722,10,0,41,0,86,,55734,13,,,0,62,,55723,10,0,41,0,34,,55718,10,0,41,0,79,,55730,10,,,0
401,'S2-2_4',650,,55745,13,,,0,58,,55746,10,0,41,0,39,,55757,10,0,41,0,76,,55736,13,0,41,0,27,,55758,10,,,0,67,,55737,10,0,41,0,29,,55759,10,0,41,0,69,,55738,10,0,41,0,35,,55753,10,,,0,71,,55739,10,0,41,0,29,,55740,10,0,41,0,69,,55752,10,0,41,0,36,,55750,10,,,0,73,,55754,10,0,41,0,26,,55735,10,0,41,0,68,,55741,10,0,41,0,28,,55755,10,,,0,65,,55742,10,0,41,0,31,,55743,10,,,0,62,,55751,10,0,41,0,27,,55747,10,,,0,24,,55748,10,0,41,0,86,,55760,13,,,0,62,,55749,10,0,41,0,34,,55744,10,0,41,0,79,,55756,10,,,0
401,'S2-2_5',650,,55771,13,,,0,58,,55772,10,0,41,0,39,,55783,10,0,41,0,76,,55762,13,0,41,0,27,,55784,10,,,0,67,,55763,10,0,41,0,29,,55785,10,0,41,0,69,,55764,10,0,41,0,35,,55779,10,,,0,71,,55765,10,0,41,0,29,,55766,10,0,41,0,69,,55778,10,0,41,0,36,,55776,10,,,0,73,,55780,10,0,41,0,26,,55761,10,0,41,0,68,,55767,10,0,41,0,28,,55781,10,,,0,65,,55768,10,0,41,0,31,,55769,10,,,0,62,,55777,10,0,41,0,27,,55773,10,,,0,24,,55774,10,0,41,0,86,,55786,13,,,0,62,,55775,10,0,41,0,34,,55770,10,0,41,0,79,,55782,10,,,0
401,'S2-3_1',650,,55797,13,,,0,58,,55798,10,0,41,0,39,,55809,10,0,41,0,76,,55788,13,0,41,0,27,,55810,10,,,0,67,,55789,10,0,41,0,29,,55811,10,0,41,0,69,,55790,10,0,41,0,35,,55805,10,,,0,71,,55791,10,0,41,0,29,,55792,10,0,41,0,69,,55804,10,0,41,0,36,,55802,10,,,0,73,,55806,10,0,41,0,26,,55787,10,0,41,0,68,,55793,10,0,41,0,28,,55807,10,,,0,65,,55794,10,0,41,0,31,,55795,10,,,0,62,,55803,10,0,41,0,27,,55799,10,,,0,24,,55800,10,0,41,0,86,,55812,13,,,0,62,,55801,10,0,41,0,34,,55796,10,0,41,0,79,,55808,10,,,0
401,'S2-3_3',650,,55823,13,,,0,58,,55824,10,0,41,0,39,,55835,10,0,41,0,76,,55814,13,0,41,0,27,,55836,10,,,0,67,,55815,10,0,41,0,29,,55837,10,0,41,0,69,,55816,10,0,41,0,35,,55831,10,,,0,71,,55817,10,0,41,0,29,,55818,10,0,41,0,69,,55830,10,0,41,0,36,,55828,10,,,0,73,,55832,10,0,41,0,26,,55813,10,0,41,0,68,,55819,10,0,41,0,28,,55833,10,,,0,65,,55820,10,0,41,0,31,,55821,10,,,0,62,,55829,10,0,41,0,27,,55825,10,,,0,24,,55826,10,0,41,0,86,,55838,13,,,0,62,,55827,10,0,41,0,34,,55822,10,0,41,0,79,,55834,10,,,0
401,'S2-3_4',650,,55849,13,,,0,58,,55850,10,0,41,0,39,,55861,10,0,41,0,76,,55840,13,0,41,0,27,,55862,10,,,0,67,,55841,10,0,41,0,29,,55863,10,0,41,0,69,,55842,10,0,41,0,35,,55857,10,,,0,71,,55843,10,0,41,0,29,,55844,10,0,41,0,69,,55856,10,0,41,0,36,,55854,10,,,0,73,,55858,10,0,41,0,26,,55839,10,0,41,0,68,,55845,10,0,41,0,28,,55859,10,,,0,65,,55846,10,0,41,0,31,,55847,10,,,0,62,,55855,10,0,41,0,27,,55851,10,,,0,24,,55852,10,0,41,0,86,,55864,13,,,0,62,,55853,10,0,41,0,34,,55848,10,0,41,0,79,,55860,10,,,0
401,'S2-4_7',932,,55865,10,,,0,125,,55866,10,,,0,165,,55867,10,,,0,201,,55868,10,,,0,125,,55869,10,,,0,165,,55870,10,,,0,125,,55871,10,,,0
