1001,'2_6',908,,32446,14,,,0,101,,32453,12,,,0,102,,32447,14,,,0,100,,32454,12,,,0,45,,32455,12,,,0,164,,32450,14,,,0,38,,32456,12,,,0,395,,32448,14,,,0,147,,32449,14,,,0
1001,'5_5',904,,40375,14,,,0,105,,40378,12,,,0,102,,40376,14,,,0,100,,40379,12,,,0,45,,40380,12,,,0,202,,40384,12,,,0,395,,40383,14,,,0,147,,40377,14,,,0
1001,'6_1',904,,40387,14,,,0,105,,40390,12,,,0,102,,40388,14,,,0,100,,40391,12,,,0,45,,40392,12,,,0,202,,40396,12,,,0,395,,40395,14,,,0,147,,40389,14,,,0
1001,'6_2',904,,44710,14,,,0,105,,44713,12,,,0,102,,44711,14,,,0,100,,44714,12,,,0,45,,44715,12,,,0,202,,44719,12,,,0,395,,44718,14,,,0,147,,44712,14,,,0
1001,'6_3',904,,44722,14,,,0,105,,44725,12,,,0,102,,44723,14,,,0,100,,44726,12,,,0,45,,44727,12,,,0,202,,44731,12,,,0,395,,44730,14,,,0,147,,44724,14,,,0
1001,'6_4',904,,44734,14,,,0,105,,44737,12,,,0,102,,44735,14,,,0,100,,44738,12,,,0,45,,44739,12,,,0,202,,44743,12,,,0,395,,44742,14,,,0,147,,44736,14,,,0
1001,'7_1',908,,47130,14,,,0,46,,47131,14,,,0,79,,47135,12,,,0,86,,47132,14,,,0,90,,47136,12,,,0,42,,47137,12,,,0,71,,47138,12,,,0,179,,47139,12,,,0,500,,47134,14,,,0
1101,'2_6',1628,,32496,8,,,0,119,,32497,8,,,0
1101,'5_5',1628,,40423,8,,,0,119,,40424,8,,,0
1101,'6_1',1628,,40425,8,,,0,119,,40426,8,,,0
1101,'6_2',1628,,44756,8,,,0,119,,44757,8,,,0
1101,'6_3',1628,,44758,8,,,0,119,,44759,8,,,0
1101,'6_4',1628,,44760,8,,,0,119,,44761,8,,,0
1101,'7_1',1628,,47146,8,,,0,119,,47147,8,,,0,94,,47148,8,,,0
1600,'2_6',841,,32715,3,0,25,0,85,,32716,3,0,25,0,76,,32720,3,,,0,116,,32717,3,0,25,0,125,,32722,3,,,0,67,,32723,3,0,54 55,0,99,,32718,3,0,25,0,104,,32724,3,0,25,0,104,,32719,3,0,25,0,88,,32725,3,,,0,136,,32721,3,,,0
1600,'5_5',841,,40594,3,0,25,0,85,,40595,3,0,25,0,76,,40599,3,,,0,116,,40596,3,0,25,0,125,,40601,3,,,0,67,,40602,3,0,54 55,0,99,,40597,3,0,25,0,104,,40603,3,0,25,0,104,,40598,3,0,25,0,88,,40604,3,,,0,136,,40600,3,,,0
1600,'6_1',841,,40606,3,0,25,0,85,,40607,3,0,25,0,76,,40611,3,,,0,116,,40608,3,0,25,0,125,,40613,3,,,0,67,,40614,3,0,54 55,0,99,,40609,3,0,25,0,104,,40615,3,0,25,0,104,,40610,3,0,25,0,88,,40616,3,,,0,136,,40612,3,,,0
1600,'6_2',841,,44841,3,0,25,0,85,,44842,3,0,25,0,76,,44846,3,,,0,116,,44843,3,0,25,0,125,,44848,3,,,0,67,,44849,3,0,54 55,0,99,,44844,3,0,25,0,104,,44850,3,0,25,0,104,,44845,3,0,25,0,88,,44851,3,,,0,136,,44847,3,,,0
1600,'6_3',841,,44853,3,0,25,0,85,,44854,3,0,25,0,76,,44858,3,,,0,116,,44855,3,0,25,0,125,,44860,3,,,0,67,,44861,3,0,54 55,0,99,,44856,3,0,25,0,104,,44862,3,0,25,0,104,,44857,3,0,25,0,88,,44863,3,,,0,136,,44859,3,,,0
1600,'6_4',841,,44865,3,0,25,0,85,,44866,3,0,25,0,76,,44870,3,,,0,116,,44867,3,0,25,0,125,,44872,3,,,0,67,,44873,3,0,54 55,0,99,,44868,3,0,25,0,104,,44874,3,0,25,0,104,,44869,3,0,25,0,88,,44875,3,,,0,136,,44871,3,,,0
1600,'7_1',841,,47176,3,0,25,0,85,,47177,3,0,25,0,76,,47181,3,,,0,116,,47178,3,0,25,0,125,,47183,3,,,0,67,,47184,3,0,54 55,0,99,,47179,3,0,25,0,104,,47185,3,0,25,0,104,,47180,3,0,25,0,88,,47186,3,,,0,136,,47182,3,,,0
