400,'S2-0_6',746,,55407,36,0,40,0,96,,55399,36,0,40,0,68,,55388,48,0,40,0,30,,55387,36,0,40,0,71,,55386,36,0,40,0,32,,55389,36,0,40,0,72,,55403,48,0,40,0,31,,55390,36,0,40,0,72,,55391,36,0,40,0,28,,55409,36,0,40,0,69,,55406,48,0,40,0,31,,55392,36,0,40,0,69,,55393,36,0,40,0,28,,55394,36,0,40,0,69,,55396,48,0,40,0,32,,55397,36,0,40,0,75,,55395,36,0,40,0,33,,55408,36,0,40,0,65,,55400,48,0,40,0,22,,55404,36,0,40,0,67,,55405,36,0,40,0,36,,55401,36,0,40,0,69,,55402,48,0,40,0,45,,55398,48,0,40,0
400,'S2-1_7',850,,55410,48,0,40,0,165,,55411,48,0,40,0,125,,55412,48,0,40,0,200,,55413,48,0,40,0,166,,55414,48,0,40,0,125,,55415,48,0,40,0,126,,55416,48,0,40,0,164,,55417,48,0,40,0
400,'S2-2_1',736,,55442,37,,,0,73,,55439,37,0,40,0,33,,55433,36,0,40,0,68,,55420,48,0,40,0,30,,55419,36,0,40,0,70,,55418,36,0,40,0,37,,55421,36,0,40,0,69,,55440,48,0,40,0,30,,55422,36,0,40,0,76,,55423,36,0,40,0,31,,55436,36,0,40,0,66,,55434,49,0,40,0,27,,55424,36,0,40,0,69,,55425,36,0,40,0,26,,55426,36,0,40,0,71,,55428,48,0,40,0,32,,55429,36,0,40,0,75,,55427,36,0,40,0,37,,55438,37,,,0,68,,55435,49,0,40,0,27,,55430,37,0,40,0,60,,55431,48,,,0,31,,55437,36,0,40,0,74,,55441,48,0,40,0,86,,55432,48,0,40,0
400,'S2-2_2',736,,55467,37,,,0,73,,55464,37,0,40,0,33,,55458,36,0,40,0,68,,55445,48,0,40,0,30,,55444,36,0,40,0,70,,55443,36,0,40,0,37,,55446,36,0,40,0,69,,55465,48,0,40,0,30,,55447,36,0,40,0,76,,55448,36,0,40,0,31,,55461,36,0,40,0,66,,55459,49,0,40,0,27,,55449,36,0,40,0,69,,55450,36,0,40,0,26,,55451,36,0,40,0,71,,55453,48,0,40,0,32,,55454,36,0,40,0,75,,55452,36,0,40,0,37,,55463,37,,,0,68,,55460,49,0,40,0,27,,55455,37,0,40,0,60,,55456,48,,,0,31,,55462,36,0,40,0,74,,55466,48,0,40,0,86,,55457,48,0,40,0
400,'S2-2_3',736,,55492,37,,,0,73,,55489,37,0,40,0,33,,55483,36,0,40,0,68,,55470,48,0,40,0,30,,55469,36,0,40,0,70,,55468,36,0,40,0,37,,55471,36,0,40,0,69,,55490,48,0,40,0,30,,55472,36,0,40,0,76,,55473,36,0,40,0,31,,55486,36,0,40,0,66,,55484,49,0,40,0,27,,55474,36,0,40,0,69,,55475,36,0,40,0,26,,55476,36,0,40,0,71,,55478,48,0,40,0,32,,55479,36,0,40,0,75,,55477,36,0,40,0,37,,55488,37,,,0,68,,55485,49,0,40,0,27,,55480,37,0,40,0,60,,55481,48,,,0,31,,55487,36,0,40,0,74,,55491,48,0,40,0,86,,55482,48,0,40,0
400,'S2-2_4',736,,55517,37,,,0,73,,55514,37,0,40,0,33,,55508,36,0,40,0,68,,55495,48,0,40,0,30,,55494,36,0,40,0,70,,55493,36,0,40,0,37,,55496,36,0,40,0,69,,55515,48,0,40,0,30,,55497,36,0,40,0,76,,55498,36,0,40,0,31,,55511,36,0,40,0,66,,55509,49,0,40,0,27,,55499,36,0,40,0,69,,55500,36,0,40,0,26,,55501,36,0,40,0,71,,55503,48,0,40,0,32,,55504,36,0,40,0,75,,55502,36,0,40,0,37,,55513,37,,,0,68,,55510,49,0,40,0,27,,55505,37,0,40,0,60,,55506,48,,,0,31,,55512,36,0,40,0,74,,55516,48,0,40,0,86,,55507,48,0,40,0
400,'S2-2_5',736,,55542,37,,,0,73,,55539,37,0,40,0,33,,55533,36,0,40,0,68,,55520,48,0,40,0,30,,55519,36,0,40,0,70,,55518,36,0,40,0,37,,55521,36,0,40,0,69,,55540,48,0,40,0,30,,55522,36,0,40,0,76,,55523,36,0,40,0,31,,55536,36,0,40,0,66,,55534,49,0,40,0,27,,55524,36,0,40,0,69,,55525,36,0,40,0,26,,55526,36,0,40,0,71,,55528,48,0,40,0,32,,55529,36,0,40,0,75,,55527,36,0,40,0,37,,55538,37,,,0,68,,55535,49,0,40,0,27,,55530,37,0,40,0,60,,55531,48,,,0,31,,55537,36,0,40,0,74,,55541,48,0,40,0,86,,55532,48,0,40,0
400,'S2-3_1',736,,55567,37,,,0,73,,55564,37,0,40,0,33,,55558,36,0,40,0,68,,55545,48,0,40,0,30,,55544,36,0,40,0,70,,55543,36,0,40,0,37,,55546,36,0,40,0,69,,55565,48,0,40,0,30,,55547,36,0,40,0,76,,55548,36,0,40,0,31,,55561,36,0,40,0,66,,55559,49,0,40,0,27,,55549,36,0,40,0,69,,55550,36,0,40,0,26,,55551,36,0,40,0,71,,55553,48,0,40,0,32,,55554,36,0,40,0,75,,55552,36,0,40,0,37,,55563,37,,,0,68,,55560,49,0,40,0,27,,55555,37,0,40,0,60,,55556,48,,,0,31,,55562,36,0,40,0,74,,55566,48,0,40,0,86,,55557,48,0,40,0
400,'S2-3_3',736,,55592,37,,,0,73,,55589,37,0,40,0,33,,55583,36,0,40,0,68,,55570,48,0,40,0,30,,55569,36,0,40,0,70,,55568,36,0,40,0,37,,55571,36,0,40,0,69,,55590,48,0,40,0,30,,55572,36,0,40,0,76,,55573,36,0,40,0,31,,55586,36,0,40,0,66,,55584,49,0,40,0,27,,55574,36,0,40,0,69,,55575,36,0,40,0,26,,55576,36,0,40,0,71,,55578,48,0,40,0,32,,55579,36,0,40,0,75,,55577,36,0,40,0,37,,55588,37,,,0,68,,55585,49,0,40,0,27,,55580,37,0,40,0,60,,55581,48,,,0,31,,55587,36,0,40,0,74,,55591,48,0,40,0,86,,55582,48,0,40,0
400,'S2-3_4',736,,55617,37,,,0,73,,55614,37,0,40,0,33,,55608,36,0,40,0,68,,55595,48,0,40,0,30,,55594,36,0,40,0,70,,55593,36,0,40,0,37,,55596,36,0,40,0,69,,55615,48,0,40,0,30,,55597,36,0,40,0,76,,55598,36,0,40,0,31,,55611,36,0,40,0,66,,55609,49,0,40,0,27,,55599,36,0,40,0,69,,55600,36,0,40,0,26,,55601,36,0,40,0,71,,55603,48,0,40,0,32,,55604,36,0,40,0,75,,55602,36,0,40,0,37,,55613,37,,,0,68,,55610,49,0,40,0,27,,55605,37,0,40,0,60,,55606,48,,,0,31,,55612,36,0,40,0,74,,55616,48,0,40,0,86,,55607,48,0,40,0
400,'S2-4_7',850,,55618,48,0,40,0,165,,55619,48,0,40,0,125,,55620,48,0,40,0,200,,55621,48,0,40,0,166,,55622,48,0,40,0,125,,55623,48,0,40,0,126,,55624,48,0,40,0,164,,55625,48,0,40,0
