200,'2_6',801,,30378,34,0,35 37,0,105,,30379,34,0,35 37,0,106,,30380,25,0,35 37,0,106,,30381,34,0,35 37,0,109,,30382,34,0,35 37,0,100,,30383,25,0,35 37,0,102,,30384,34,0,35 37,0,102,,30385,34,0,35 37,0,112,,30386,34,0,35 37,0,102,,30387,34,0,35 37,0,94,,30401,34,0,35 37,0,89,,30388,37,0,35 37,0
200,'5_1',735,,37417,34,0,35 37,0,102,,37410,37,0,35 37,0,116,,37411,34,0,35 37,0,159,,37403,37,0,35 37,0,114,,37404,25,0,35 37,0,86,,37405,34,0,35 37,0,90,,37394,34,0,35 37,0,102,,37395,34,0,35 37,0,122,,37399,34,0,35 37,0,104,,37391,25,0,35 37,0,95,,37384,37,0,35 37,0,116,,37382,34,0,35 37,0
200,'5_2',735,,38673,34,0,35 37,0,102,,38666,37,0,35 37,0,116,,38667,34,0,35 37,0,159,,38659,37,0,35 37,0,114,,38660,25,0,35 37,0,86,,38661,34,0,35 37,0,90,,38650,34,0,35 37,0,102,,38651,34,0,35 37,0,122,,38655,34,0,35 37,0,104,,38647,25,0,35 37,0,95,,38640,37,0,35 37,0,116,,38638,34,0,35 37,0
200,'5_3',735,,38712,34,0,35 37,0,102,,38705,37,0,35 37,0,116,,38706,34,0,35 37,0,159,,38698,37,0,35 37,0,114,,38699,25,0,35 37,0,86,,38700,34,0,35 37,0,90,,38689,34,0,35 37,0,102,,38690,34,0,35 37,0,122,,38694,34,0,35 37,0,104,,38686,25,0,35 37,0,95,,38679,37,0,35 37,0,116,,38677,34,0,35 37,0
200,'5_4',735,,38751,34,0,35 37,0,102,,38744,37,0,35 37,0,116,,38745,34,0,35 37,0,159,,38737,37,0,35 37,0,114,,38738,25,0,35 37,0,86,,38739,34,0,35 37,0,90,,38728,34,0,35 37,0,102,,38729,34,0,35 37,0,122,,38733,34,0,35 37,0,104,,38725,25,0,35 37,0,95,,38718,37,0,35 37,0,116,,38716,34,0,35 37,0
200,'5_5',735,,38790,34,0,35 37,0,102,,38783,37,0,35 37,0,116,,38784,34,0,35 37,0,159,,38776,37,0,35 37,0,114,,38777,25,0,35 37,0,86,,38778,34,0,35 37,0,90,,38767,34,0,35 37,0,102,,38768,34,0,35 37,0,122,,38772,34,0,35 37,0,104,,38764,25,0,35 37,0,95,,38757,37,0,35 37,0,116,,38755,34,0,35 37,0
200,'6_1',735,,38829,34,0,35 37,0,102,,38822,37,0,35 37,0,116,,38823,34,0,35 37,0,159,,38815,37,0,35 37,0,114,,38816,25,0,35 37,0,86,,38817,34,0,35 37,0,90,,38806,34,0,35 37,0,102,,38807,34,0,35 37,0,122,,38811,34,0,35 37,0,104,,38803,25,0,35 37,0,95,,38796,37,0,35 37,0,116,,38794,34,0,35 37,0
200,'6_2',735,,43724,34,0,35 37,0,102,,43717,37,0,35 37,0,116,,43718,34,0,35 37,0,159,,43710,37,0,35 37,0,114,,43711,25,0,35 37,0,86,,43712,34,0,35 37,0,90,,43701,34,0,35 37,0,102,,43702,34,0,35 37,0,122,,43706,34,0,35 37,0,104,,43698,25,0,35 37,0,95,,43691,37,0,35 37,0,116,,43689,34,0,35 37,0
200,'6_3',735,,43763,34,0,35 37,0,102,,43756,37,0,35 37,0,116,,43757,34,0,35 37,0,159,,43749,37,0,35 37,0,114,,43750,25,0,35 37,0,86,,43751,34,0,35 37,0,90,,43740,34,0,35 37,0,102,,43741,34,0,35 37,0,122,,43745,34,0,35 37,0,104,,43737,25,0,35 37,0,95,,43730,37,0,35 37,0,116,,43728,34,0,35 37,0
200,'6_4',735,,43802,34,0,35 37,0,102,,43795,37,0,35 37,0,116,,43796,34,0,35 37,0,159,,43788,37,0,35 37,0,114,,43789,25,0,35 37,0,86,,43790,34,0,35 37,0,90,,43779,34,0,35 37,0,102,,43780,34,0,35 37,0,122,,43784,34,0,35 37,0,104,,43776,25,0,35 37,0,95,,43769,37,0,35 37,0,116,,43767,34,0,35 37,0
