1500,'0_5',742,,32538,15,,,0,61,,32539,15,,,0,114,,32540,15,,,0,117,,32541,15,,,0,118,,32542,15,,,0,80,,32543,15,,,0,75,,32544,15,,,0,97,,32545,15,,,0,222,,32546,15,,,0,109,,32547,15,,,0,98,,32548,15,,,0,110,,32549,15,,,0
1500,'2_6',742,,32564,15,,,0,61,,32565,15,,,0,114,,32566,15,,,0,117,,32567,15,,,0,118,,32568,15,,,0,80,,32569,15,,,0,75,,32570,15,,,0,97,,32571,15,,,0,222,,32572,15,,,0,109,,32573,15,,,0,98,,32574,15,,,0,110,,32575,15,,,0
1500,'5_1',742,,37740,15,,,0,61,,37741,15,,,0,114,,37742,15,,,0,117,,37743,15,,,0,118,,37744,15,,,0,80,,37745,15,,,0,75,,37746,15,,,0,97,,37747,15,,,0,222,,37748,15,,,0,109,,37749,15,,,0,98,,37750,15,,,0,110,,37751,15,,,0
1500,'5_2',742,,40428,15,,,0,61,,40429,15,,,0,114,,40430,15,,,0,117,,40431,15,,,0,118,,40432,15,,,0,80,,40433,15,,,0,75,,40434,15,,,0,97,,40435,15,,,0,222,,40436,15,,,0,109,,40437,15,,,0,98,,40438,15,,,0,110,,40439,15,,,0
1500,'5_3',742,,40441,15,,,0,61,,40442,15,,,0,114,,40443,15,,,0,117,,40444,15,,,0,118,,40445,15,,,0,80,,40446,15,,,0,75,,40447,15,,,0,97,,40448,15,,,0,222,,40449,15,,,0,109,,40450,15,,,0,98,,40451,15,,,0,110,,40452,15,,,0
1500,'5_4',742,,40454,15,,,0,61,,40455,15,,,0,114,,40456,15,,,0,117,,40457,15,,,0,118,,40458,15,,,0,80,,40459,15,,,0,75,,40460,15,,,0,97,,40461,15,,,0,222,,40462,15,,,0,109,,40463,15,,,0,98,,40464,15,,,0,110,,40465,15,,,0
1500,'5_5',742,,40467,15,,,0,61,,40468,15,,,0,114,,40469,15,,,0,117,,40470,15,,,0,118,,40471,15,,,0,80,,40472,15,,,0,75,,40473,15,,,0,97,,40474,15,,,0,222,,40475,15,,,0,109,,40476,15,,,0,98,,40477,15,,,0,110,,40478,15,,,0
1500,'6_1',742,,40480,15,,,0,61,,40481,15,,,0,114,,40482,15,,,0,117,,40483,15,,,0,118,,40484,15,,,0,80,,40485,15,,,0,75,,40486,15,,,0,97,,40487,15,,,0,222,,40488,15,,,0,109,,40489,15,,,0,98,,40490,15,,,0,110,,40491,15,,,0
1501,'0_5',651,,32616,5,,,0,58,,32617,5,,,0,95,,32618,5,,,0,21,,32619,5,,,0,117,,32620,5,,,0,116,,32621,5,,,0,158,,32622,5,,,0,94,,32623,5,,,0,119,,32624,5,,,0,222,,32625,5,,,0,150,,32626,5,,,0,55,,32627,5,,,0
1501,'2_6',651,,32642,5,,,0,58,,32643,5,,,0,95,,32644,5,,,0,21,,32645,5,,,0,117,,32646,5,,,0,116,,32647,5,,,0,158,,32648,5,,,0,94,,32649,5,,,0,119,,32650,5,,,0,222,,32651,5,,,0,150,,32652,5,,,0,55,,32653,5,,,0
1501,'5_1',651,,37753,5,,,0,58,,37754,5,,,0,95,,37755,5,,,0,21,,37756,5,,,0,117,,37757,5,,,0,116,,37758,5,,,0,158,,37759,5,,,0,94,,37760,5,,,0,119,,37761,5,,,0,222,,37762,5,,,0,150,,37763,5,,,0,55,,37764,5,,,0
1501,'5_2',651,,40493,5,,,0,58,,40494,5,,,0,95,,40495,5,,,0,21,,40496,5,,,0,117,,40497,5,,,0,116,,40498,5,,,0,158,,40499,5,,,0,94,,40500,5,,,0,119,,40501,5,,,0,222,,40502,5,,,0,150,,40503,5,,,0,55,,40504,5,,,0
1501,'5_3',651,,40506,5,,,0,58,,40507,5,,,0,95,,40508,5,,,0,21,,40509,5,,,0,117,,40510,5,,,0,116,,40511,5,,,0,158,,40512,5,,,0,94,,40513,5,,,0,119,,40514,5,,,0,222,,40515,5,,,0,150,,40516,5,,,0,55,,40517,5,,,0
1501,'5_4',651,,40519,5,,,0,58,,40520,5,,,0,95,,40521,5,,,0,21,,40522,5,,,0,117,,40523,5,,,0,116,,40524,5,,,0,158,,40525,5,,,0,94,,40526,5,,,0,119,,40527,5,,,0,222,,40528,5,,,0,150,,40529,5,,,0,55,,40530,5,,,0
1501,'5_5',651,,40532,5,,,0,58,,40533,5,,,0,95,,40534,5,,,0,21,,40535,5,,,0,117,,40536,5,,,0,116,,40537,5,,,0,158,,40538,5,,,0,94,,40539,5,,,0,119,,40540,5,,,0,222,,40541,5,,,0,150,,40542,5,,,0,55,,40543,5,,,0
1501,'6_1',651,,40545,5,,,0,58,,40546,5,,,0,95,,40547,5,,,0,21,,40548,5,,,0,117,,40549,5,,,0,116,,40550,5,,,0,158,,40551,5,,,0,94,,40552,5,,,0,119,,40553,5,,,0,222,,40554,5,,,0,150,,40555,5,,,0,55,,40556,5,,,0
