2200,'S2-0_6',1016,,57883,10,,,0,120,,57884,10,,,0,171,,57885,10,,,0,216,,57886,10,,,0,183,,57887,10,,,0,127,,57888,10,,,0,125,,57889,10,,,0
2200,'S2-1_7',1346,,57890,10,,,0,160,,57891,10,,,0,120,,57892,10,,,0,120,,57893,10,,,0,159,,57894,10,,,0
2200,'S2-2_1',1016,,57895,10,,,0,120,,57896,10,,,0,171,,57897,10,,,0,216,,57898,10,,,0,183,,57899,10,,,0,127,,57900,10,,,0,125,,57901,10,,,0
2200,'S2-2_2',1016,,57902,10,,,0,120,,57903,10,,,0,171,,57904,10,,,0,216,,57905,10,,,0,183,,57906,10,,,0,127,,57907,10,,,0,125,,57908,10,,,0
2200,'S2-2_3',1016,,57909,10,,,0,120,,57910,10,,,0,171,,57911,10,,,0,216,,57912,10,,,0,183,,57913,10,,,0,127,,57914,10,,,0,125,,57915,10,,,0
2200,'S2-2_4',1016,,57916,10,,,0,120,,57917,10,,,0,171,,57918,10,,,0,216,,57919,10,,,0,183,,57920,10,,,0,127,,57921,10,,,0,125,,57922,10,,,0
2200,'S2-2_5',1016,,57923,10,,,0,120,,57924,10,,,0,171,,57925,10,,,0,216,,57926,10,,,0,183,,57927,10,,,0,127,,57928,10,,,0,125,,57929,10,,,0
2200,'S2-3_1',1016,,57930,10,,,0,120,,57931,10,,,0,171,,57932,10,,,0,216,,57933,10,,,0,183,,57934,10,,,0,127,,57935,10,,,0,125,,57936,10,,,0
2200,'S2-3_3',1016,,57937,10,,,0,120,,57938,10,,,0,171,,57939,10,,,0,216,,57940,10,,,0,183,,57941,10,,,0,127,,57942,10,,,0,125,,57943,10,,,0
2200,'S2-3_4',1016,,57944,10,,,0,120,,57945,10,,,0,171,,57946,10,,,0,216,,57947,10,,,0,183,,57948,10,,,0,127,,57949,10,,,0,125,,57950,10,,,0
2200,'S2-4_7',1346,,57951,10,,,0,160,,57952,10,,,0,120,,57953,10,,,0,120,,57954,10,,,0,159,,57955,10,,,0
