101,'0_6',712,,63047,23,0,5,0,114,,63048,23,0,5,0,105,,63049,23,0,5,0,70,,63060,23,0,6,0,29,,63050,23,0,5,0,71,,63061,23,0,6,0,30,,63051,23,0,5,0,70,,63062,23,0,6,0,30,,63052,23,0,5,0,69,,63063,23,0,6,0,31,,63053,23,0,5,0,69,,63064,23,0,6,0,30,,63054,23,0,5,0,70,,63065,23,0,6,0,30,,63055,23,0,5,0,72,,63066,23,0,6,0,31,,63056,23,0,5,0,69,,63067,23,0,6,0,33,,63057,23,0,5,0,70,,63068,23,0,6,0,36,,63058,23,0,5,0,65,,63069,23,0,6,0,27,,63059,23,0,5,0
101,'1_7',917,,63070,23,0,6,0,105,,63075,23,0,5,0,105,,63071,23,0,6,0,105,,63076,23,0,5,0,105,,63072,23,0,6,0,90,,63077,23,0,5,0,100,,63073,23,0,6,0,105,,63078,23,0,5,0,105,,63074,23,0,6,0,105,,63079,23,0,5,0
101,'2_1',712,,63080,29,0,5,0,30,,63081,23,0,5,0,75,,63082,29,0,6,0,29,,63084,23,0,5,0,75,,63083,29,0,6,0,35,,63085,23,0,5,0,71,,63089,23,0,6,0,32,,63086,23,0,5,0,72,,63087,23,0,6,0,70,,63088,23,0,5,0,30,,63090,23,0,6,0,70,,63091,23,0,5,0,30,,63092,23,0,6,0,28,,63094,29,0,5,0,71,,63093,23,0,6,0,71,,63095,29,0,5,0,30,,63097,23,0,6,0,71,,63101,23,0,5,0,32,,63100,23,0,6,0,72,,63098,23,0,5,0,30,,63099,23,0,6,0,70,,63096,29,0,5,0,26,,63102,23,0,6,0,70,,63103,29,0,5,0,26,,63104,23,0,6,0
101,'2_2',712,,63105,29,0,5,0,30,,63106,23,0,5,0,75,,63107,29,0,6,0,29,,63109,23,0,5,0,75,,63108,29,0,6,0,35,,63110,23,0,5,0,71,,63114,23,0,6,0,32,,63111,23,0,5,0,72,,63112,23,0,6,0,70,,63113,23,0,5,0,30,,63115,23,0,6,0,70,,63116,23,0,5,0,30,,63117,23,0,6,0,28,,63119,29,0,5,0,71,,63118,23,0,6,0,71,,63120,29,0,5,0,30,,63122,23,0,6,0,71,,63126,23,0,5,0,32,,63125,23,0,6,0,72,,63123,23,0,5,0,30,,63124,23,0,6,0,70,,63121,29,0,5,0,26,,63127,23,0,6,0,70,,63128,29,0,5,0,26,,63129,23,0,6,0
101,'2_3',712,,63130,29,0,5,0,30,,63131,23,0,5,0,75,,63132,29,0,6,0,29,,63134,23,0,5,0,75,,63133,29,0,6,0,35,,63135,23,0,5,0,71,,63139,23,0,6,0,32,,63136,23,0,5,0,72,,63137,23,0,6,0,70,,63138,23,0,5,0,30,,63140,23,0,6,0,70,,63141,23,0,5,0,30,,63142,23,0,6,0,28,,63144,29,0,5,0,71,,63143,23,0,6,0,71,,63145,29,0,5,0,30,,63147,23,0,6,0,71,,63151,23,0,5,0,32,,63150,23,0,6,0,72,,63148,23,0,5,0,30,,63149,23,0,6,0,70,,63146,29,0,5,0,26,,63152,23,0,6,0,70,,63153,29,0,5,0,26,,63154,23,0,6,0
101,'2_4',712,,63155,29,0,5,0,30,,63156,23,0,5,0,75,,63157,29,0,6,0,29,,63159,23,0,5,0,75,,63158,29,0,6,0,35,,63160,23,0,5,0,71,,63164,23,0,6,0,32,,63161,23,0,5,0,72,,63162,23,0,6,0,70,,63163,23,0,5,0,30,,63165,23,0,6,0,70,,63166,23,0,5,0,30,,63167,23,0,6,0,28,,63169,29,0,5,0,71,,63168,23,0,6,0,71,,63170,29,0,5,0,30,,63172,23,0,6,0,71,,63176,23,0,5,0,32,,63175,23,0,6,0,72,,63173,23,0,5,0,30,,63174,23,0,6,0,70,,63171,29,0,5,0,26,,63177,23,0,6,0,70,,63178,29,0,5,0,26,,63179,23,0,6,0
101,'2_5',712,,63180,29,0,5,0,30,,63181,23,0,5,0,75,,63182,29,0,6,0,29,,63184,23,0,5,0,75,,63183,29,0,6,0,35,,63185,23,0,5,0,71,,63189,23,0,6,0,32,,63186,23,0,5,0,72,,63187,23,0,6,0,70,,63188,23,0,5,0,30,,63190,23,0,6,0,70,,63191,23,0,5,0,30,,63192,23,0,6,0,28,,63194,29,0,5,0,71,,63193,23,0,6,0,71,,63195,29,0,5,0,30,,63197,23,0,6,0,71,,63201,23,0,5,0,32,,63200,23,0,6,0,72,,63198,23,0,5,0,30,,63199,23,0,6,0,70,,63196,29,0,5,0,26,,63202,23,0,6,0,70,,63203,29,0,5,0,26,,63204,23,0,6,0
101,'3_1',712,,63205,29,0,5,0,30,,63206,23,0,5,0,75,,63207,29,0,6,0,29,,63209,23,0,5,0,75,,63208,29,0,6,0,35,,63210,23,0,5,0,71,,63214,23,0,6,0,32,,63211,23,0,5,0,72,,63212,23,0,6,0,70,,63213,23,0,5,0,30,,63215,23,0,6,0,70,,63216,23,0,5,0,30,,63217,23,0,6,0,28,,63219,29,0,5,0,71,,63218,23,0,6,0,71,,63220,29,0,5,0,30,,63222,23,0,6,0,71,,63226,23,0,5,0,32,,63225,23,0,6,0,72,,63223,23,0,5,0,30,,63224,23,0,6,0,70,,63221,29,0,5,0,26,,63227,23,0,6,0,70,,63228,29,0,5,0,26,,63229,23,0,6,0
101,'3_3',712,,63230,29,0,5,0,30,,63231,23,0,5,0,75,,63232,29,0,6,0,29,,63234,23,0,5,0,75,,63233,29,0,6,0,35,,63235,23,0,5,0,71,,63239,23,0,6,0,32,,63236,23,0,5,0,72,,63237,23,0,6,0,70,,63238,23,0,5,0,30,,63240,23,0,6,0,70,,63241,23,0,5,0,30,,63242,23,0,6,0,28,,63244,29,0,5,0,71,,63243,23,0,6,0,71,,63245,29,0,5,0,30,,63247,23,0,6,0,71,,63251,23,0,5,0,32,,63250,23,0,6,0,72,,63248,23,0,5,0,30,,63249,23,0,6,0,70,,63246,29,0,5,0,26,,63252,23,0,6,0,70,,63253,29,0,5,0,26,,63254,23,0,6,0
101,'3_4',712,,63255,29,0,5,0,30,,63256,23,0,5,0,75,,63257,29,0,6,0,29,,63259,23,0,5,0,75,,63258,29,0,6,0,35,,63260,23,0,5,0,71,,63264,23,0,6,0,32,,63261,23,0,5,0,72,,63262,23,0,6,0,70,,63263,23,0,5,0,30,,63265,23,0,6,0,70,,63266,23,0,5,0,30,,63267,23,0,6,0,28,,63269,29,0,5,0,71,,63268,23,0,6,0,71,,63270,29,0,5,0,30,,63272,23,0,6,0,71,,63276,23,0,5,0,32,,63275,23,0,6,0,72,,63273,23,0,5,0,30,,63274,23,0,6,0,70,,63271,29,0,5,0,26,,63277,23,0,6,0,70,,63278,29,0,5,0,26,,63279,23,0,6,0
101,'3_5',712,,63280,29,0,5,0,30,,63281,23,0,5,0,75,,63282,29,0,6,0,29,,63284,23,0,5,0,75,,63283,29,0,6,0,35,,63285,23,0,5,0,71,,63289,23,0,6,0,32,,63286,23,0,5,0,72,,63287,23,0,6,0,70,,63288,23,0,5,0,30,,63290,23,0,6,0,70,,63291,23,0,5,0,30,,63292,23,0,6,0,28,,63294,29,0,5,0,71,,63293,23,0,6,0,71,,63295,29,0,5,0,30,,63297,23,0,6,0,71,,63301,23,0,5,0,32,,63300,23,0,6,0,72,,63298,23,0,5,0,30,,63299,23,0,6,0,70,,63296,29,0,5,0,26,,63302,23,0,6,0,70,,63303,29,0,5,0,26,,63304,23,0,6,0
101,'4_7',917,,63305,23,0,6,0,105,,63310,23,0,5,0,105,,63306,23,0,6,0,105,,63311,23,0,5,0,105,,63307,23,0,6,0,90,,63312,23,0,5,0,100,,63308,23,0,6,0,105,,63313,23,0,5,0,105,,63309,23,0,6,0,105,,63314,23,0,5,0
