400,'0_5',917,,31153,3,0,40,0,301,,31174,3,0,40,0,125,,31162,3,0,40,0,105,,31163,3,0,40,0,175,,31175,3,0,40,0,85,,31166,3,0,40,0,148,,31169,3,0,40,0
400,'2_6',820,,31215,3,0,40,0,196,,31216,3,0,40,0,202,,31217,3,0,40,0,201,,31218,3,0,40,0,202,,31219,3,0,40,0,209,,31220,3,0,40,0
400,'5_1',920,,37520,3,0,40,0,301,,37537,3,0,40,0,125,,37529,3,0,40,0,103,,37530,3,0,40,0,175,,37538,3,0,40,0,106,,37532,3,0,40,0,125,,37534,3,0,40,0
400,'5_2',920,,39312,3,0,40,0,301,,39329,3,0,40,0,125,,39321,3,0,40,0,103,,39322,3,0,40,0,175,,39330,3,0,40,0,106,,39324,3,0,40,0,125,,39326,3,0,40,0
400,'5_3',920,,39340,3,0,40,0,301,,39357,3,0,40,0,125,,39349,3,0,40,0,103,,39350,3,0,40,0,175,,39358,3,0,40,0,106,,39352,3,0,40,0,125,,39354,3,0,40,0
400,'5_4',920,,39368,3,0,40,0,301,,39385,3,0,40,0,125,,39377,3,0,40,0,103,,39378,3,0,40,0,175,,39386,3,0,40,0,106,,39380,3,0,40,0,125,,39382,3,0,40,0
400,'5_5',920,,39396,3,0,40,0,301,,39413,3,0,40,0,125,,39405,3,0,40,0,103,,39406,3,0,40,0,175,,39414,3,0,40,0,106,,39408,3,0,40,0,125,,39410,3,0,40,0
400,'6_1',920,,39424,3,0,40,0,301,,39441,3,0,40,0,125,,39433,3,0,40,0,103,,39434,3,0,40,0,175,,39442,3,0,40,0,106,,39436,3,0,40,0,125,,39438,3,0,40,0
2901200,'0_5',635,,36135,3,,,0,104,,36134,3,,,0
2901200,'5_1',642,,38181,3,,,0,104,,38180,3,,,0
2901200,'5_2',642,,42636,3,,,0,104,,42635,3,,,0
2901200,'5_3',642,,42638,3,,,0,104,,42637,3,,,0
2901200,'5_4',642,,42640,3,,,0,104,,42639,3,,,0
2901200,'5_5',642,,42642,3,,,0,104,,42641,3,,,0
2901200,'6_1',642,,42644,3,,,0,104,,42643,3,,,0
