3000001,'0_5',710,,10915,,,0,21,,10874,,,0,20,,10875,,,0,60,,10876,,,0,21,,10877,,,0,20,,10878,,,0,59,,10879,,,0,21,,10880,,,0,21,,10881,,,0,60,,10882,,,0,20,,10883,,,0,20,,10884,,,0,61,,10885,,,0,19,,10886,,,0,20,,10887,,,0,60,,10888,,,0,19,,10889,,,0,19,,10890,,,0,60,,10891,,,0,19,,10892,,,0,21,,10893,,,0,60,,10894,,,0,21,,10895,,,0,20,,10896,,,0,59,,10897,,,0,21,,10898,,,0,20,,10899,,,0,60,,10900,,,0,21,,10901,,,0,20,,10902,,,0,61,,10903,,,0,20,,10904,,,0,20,,10905,,,0,60,,10906,,,0,19,,10907,,,0,19,,10908,,,0,61,,10909,,,0,20,,10910,,,0,20,,10911,,,0,69,,10912,,,0,27,,10913,,,0,69,,10914,,,0
3000001,'1_6',700,,10916,,,0,42,,10917,,,0,85,,10918,,,0,77,,10919,,,0,22,,10920,,,0,20,,10921,,,0,61,,10922,,,0,20,,10923,,,0,20,,10924,,,0,61,,10925,,,0,20,,10926,,,0,19,,10927,,,0,61,,10928,,,0,20,,10929,,,0,19,,10930,,,0,59,,10931,,,0,20,,10932,,,0,20,,10933,,,0,60,,10934,,,0,21,,10935,,,0,20,,10936,,,0,60,,10937,,,0,21,,10938,,,0,20,,10939,,,0,60,,10940,,,0,20,,10941,,,0,21,,10942,,,0,61,,10943,,,0,20,,10944,,,0,20,,10945,,,0,59,,10946,,,0,19,,10947,,,0,19,,10948,,,0,60,,10949,,,0,18,,10950,,,0,30,,10952,,,0,67,,10953,,,0,30,,10951,,,0,68,,10954,,,0
3000001,'2_7',908,,10955,,,0,130,,10957,,,0,170,,10958,,,0,130,,10959,,,0,170,,10960,,,0,130,,10961,,,0,170,,10962,,,0,130,,10963,,,0,170,,10956,,,0
3000001,'3_1',710,,11005,,,0,21,,10964,,,0,20,,10965,,,0,60,,10966,,,0,21,,10967,,,0,20,,10968,,,0,59,,10969,,,0,21,,10970,,,0,21,,10971,,,0,60,,10972,,,0,20,,10973,,,0,20,,10974,,,0,61,,10975,,,0,19,,10976,,,0,20,,10977,,,0,60,,10978,,,0,19,,10979,,,0,19,,10980,,,0,60,,10981,,,0,19,,10982,,,0,21,,10983,,,0,60,,10984,,,0,21,,10985,,,0,20,,10986,,,0,59,,10987,,,0,21,,10988,,,0,20,,10989,,,0,60,,10990,,,0,21,,10991,,,0,20,,10992,,,0,61,,10993,,,0,20,,10994,,,0,20,,10995,,,0,60,,10996,,,0,19,,10997,,,0,19,,10998,,,0,61,,10999,,,0,20,,11000,,,0,20,,11001,,,0,69,,11002,,,0,27,,11003,,,0,69,,11004,,,0
3000001,'3_2',710,,11047,,,0,21,,11006,,,0,20,,11007,,,0,60,,11008,,,0,21,,11009,,,0,20,,11010,,,0,59,,11011,,,0,21,,11012,,,0,21,,11013,,,0,60,,11014,,,0,20,,11015,,,0,20,,11016,,,0,61,,11017,,,0,19,,11018,,,0,20,,11019,,,0,60,,11020,,,0,19,,11021,,,0,19,,11022,,,0,60,,11023,,,0,19,,11024,,,0,21,,11025,,,0,60,,11026,,,0,21,,11027,,,0,20,,11028,,,0,59,,11029,,,0,21,,11030,,,0,20,,11031,,,0,60,,11032,,,0,21,,11033,,,0,20,,11034,,,0,61,,11035,,,0,20,,11036,,,0,20,,11037,,,0,60,,11038,,,0,19,,11039,,,0,19,,11040,,,0,61,,11041,,,0,20,,11042,,,0,20,,11043,,,0,69,,11044,,,0,27,,11045,,,0,69,,11046,,,0
3000001,'3_3',710,,11089,,,0,21,,11048,,,0,20,,11049,,,0,60,,11050,,,0,21,,11051,,,0,20,,11052,,,0,59,,11053,,,0,21,,11054,,,0,21,,11055,,,0,60,,11056,,,0,20,,11057,,,0,20,,11058,,,0,61,,11059,,,0,19,,11060,,,0,20,,11061,,,0,60,,11062,,,0,19,,11063,,,0,19,,11064,,,0,60,,11065,,,0,19,,11066,,,0,21,,11067,,,0,60,,11068,,,0,21,,11069,,,0,20,,11070,,,0,59,,11071,,,0,21,,11072,,,0,20,,11073,,,0,60,,11074,,,0,21,,11075,,,0,20,,11076,,,0,61,,11077,,,0,20,,11078,,,0,20,,11079,,,0,60,,11080,,,0,19,,11081,,,0,19,,11082,,,0,61,,11083,,,0,20,,11084,,,0,20,,11085,,,0,69,,11086,,,0,27,,11087,,,0,69,,11088,,,0
3000001,'3_4',710,,11131,,,0,21,,11090,,,0,20,,11091,,,0,60,,11092,,,0,21,,11093,,,0,20,,11094,,,0,59,,11095,,,0,21,,11096,,,0,21,,11097,,,0,60,,11098,,,0,20,,11099,,,0,20,,11100,,,0,61,,11101,,,0,19,,11102,,,0,20,,11103,,,0,60,,11104,,,0,19,,11105,,,0,19,,11106,,,0,60,,11107,,,0,19,,11108,,,0,21,,11109,,,0,60,,11110,,,0,21,,11111,,,0,20,,11112,,,0,59,,11113,,,0,21,,11114,,,0,20,,11115,,,0,60,,11116,,,0,21,,11117,,,0,20,,11118,,,0,61,,11119,,,0,20,,11120,,,0,20,,11121,,,0,60,,11122,,,0,19,,11123,,,0,19,,11124,,,0,61,,11125,,,0,20,,11126,,,0,20,,11127,,,0,69,,11128,,,0,27,,11129,,,0,69,,11130,,,0
3000001,'3_5',710,,11173,,,0,21,,11132,,,0,20,,11133,,,0,60,,11134,,,0,21,,11135,,,0,20,,11136,,,0,59,,11137,,,0,21,,11138,,,0,21,,11139,,,0,60,,11140,,,0,20,,11141,,,0,20,,11142,,,0,61,,11143,,,0,19,,11144,,,0,20,,11145,,,0,60,,11146,,,0,19,,11147,,,0,19,,11148,,,0,60,,11149,,,0,19,,11150,,,0,21,,11151,,,0,60,,11152,,,0,21,,11153,,,0,20,,11154,,,0,59,,11155,,,0,21,,11156,,,0,20,,11157,,,0,60,,11158,,,0,21,,11159,,,0,20,,11160,,,0,61,,11161,,,0,20,,11162,,,0,20,,11163,,,0,60,,11164,,,0,19,,11165,,,0,19,,11166,,,0,61,,11167,,,0,20,,11168,,,0,20,,11169,,,0,69,,11170,,,0,27,,11171,,,0,69,,11172,,,0
3000001,'4_7',908,,11174,,,0,130,,11182,,,0,170,,11181,,,0,130,,11180,,,0,170,,11177,,,0,130,,11178,,,0,170,,11179,,,0,130,,11176,,,0,170,,11175,,,0
3000001,'5_1',708,,11224,,,0,23,,11183,,,0,20,,11184,,,0,60,,11185,,,0,20,,11186,,,0,22,,11187,,,0,60,,11188,,,0,20,,11189,,,0,20,,11190,,,0,60,,11191,,,0,20,,11192,,,0,21,,11193,,,0,60,,11194,,,0,19,,11195,,,0,18,,11196,,,0,62,,11197,,,0,21,,11198,,,0,19,,11199,,,0,59,,11200,,,0,20,,11201,,,0,20,,11202,,,0,60,,11203,,,0,21,,11204,,,0,20,,11205,,,0,60,,11206,,,0,21,,11207,,,0,22,,11208,,,0,62,,11209,,,0,20,,11210,,,0,19,,11211,,,0,64,,11212,,,0,23,,11213,,,0,57,,11214,,,0,19,,11215,,,0,15,,11216,,,0,18,,11217,,,0,60,,11218,,,0,19,,11219,,,0,22,,11220,,,0,65,,11221,,,0,28,,11222,,,0,71,,11223,,,0
3000001,'5_2',708,,11274,,,0,23,,11233,,,0,20,,11234,,,0,60,,11235,,,0,20,,11236,,,0,22,,11237,,,0,60,,11238,,,0,20,,11239,,,0,20,,11240,,,0,60,,11241,,,0,20,,11242,,,0,21,,11243,,,0,60,,11244,,,0,19,,11245,,,0,18,,11246,,,0,62,,11247,,,0,21,,11248,,,0,19,,11249,,,0,59,,11250,,,0,20,,11251,,,0,20,,11252,,,0,60,,11253,,,0,21,,11254,,,0,20,,11255,,,0,60,,11256,,,0,21,,11257,,,0,22,,11258,,,0,62,,11259,,,0,20,,11260,,,0,19,,11261,,,0,64,,11262,,,0,23,,11263,,,0,57,,11264,,,0,19,,11265,,,0,15,,11266,,,0,18,,11267,,,0,60,,11268,,,0,19,,11269,,,0,22,,11270,,,0,65,,11271,,,0,28,,11272,,,0,71,,11273,,,0
3000001,'6_3',708,,11324,,,0,23,,11283,,,0,20,,11284,,,0,60,,11285,,,0,20,,11286,,,0,22,,11287,,,0,60,,11288,,,0,20,,11289,,,0,20,,11290,,,0,60,,11291,,,0,20,,11292,,,0,21,,11293,,,0,60,,11294,,,0,19,,11295,,,0,18,,11296,,,0,62,,11297,,,0,21,,11298,,,0,19,,11299,,,0,59,,11300,,,0,20,,11301,,,0,20,,11302,,,0,60,,11303,,,0,21,,11304,,,0,20,,11305,,,0,60,,11306,,,0,21,,11307,,,0,22,,11308,,,0,62,,11309,,,0,20,,11310,,,0,19,,11311,,,0,64,,11312,,,0,23,,11313,,,0,57,,11314,,,0,19,,11315,,,0,15,,11316,,,0,18,,11317,,,0,60,,11318,,,0,19,,11319,,,0,22,,11320,,,0,65,,11321,,,0,28,,11322,,,0,71,,11323,,,0
