101,'S2-0_6',701,,53799,11,0,5,0,112,,53800,11,0,5,0,107,,53801,11,0,5,0,30,,53812,11,0,6,0,69,,53802,11,0,5,0,31,,53813,11,0,6,0,70,,53803,11,0,5,0,30,,53814,11,0,6,0,70,,53804,11,0,5,0,30,,53815,11,0,6,0,71,,53805,11,0,5,0,29,,53816,11,0,6,0,69,,53806,11,0,5,0,30,,53817,11,0,6,0,70,,53807,11,0,5,0,32,,53818,11,0,6,0,70,,53808,11,0,5,0,29,,53819,11,0,6,0,73,,53809,11,0,5,0,30,,53820,11,0,6,0,78,,53810,11,0,5,0,25,,53821,11,0,6,0,67,,53811,11,0,5,0
101,'S2-1_7',908,,53822,11,0,6,0,105,,53827,11,0,5,0,105,,53823,11,0,6,0,105,,53828,11,0,5,0,105,,53824,11,0,6,0,90,,53829,11,0,5,0,100,,53825,11,0,6,0,105,,53830,11,0,5,0,105,,53826,11,0,6,0,105,,53831,11,0,5,0
101,'S2-2_1',701,,53832,17,0,5,0,29,,53833,11,0,5,0,74,,53834,17,0,6,0,31,,53836,11,0,5,0,75,,53835,17,0,6,0,35,,53837,11,0,5,0,71,,53841,11,0,6,0,32,,53838,11,0,5,0,72,,53839,11,0,6,0,30,,53840,11,0,5,0,70,,53842,11,0,6,0,31,,53843,11,0,5,0,70,,53844,11,0,6,0,28,,53846,17,0,5,0,70,,53845,11,0,6,0,31,,53847,17,0,5,0,70,,53849,11,0,6,0,31,,53853,11,0,5,0,71,,53852,11,0,6,0,32,,53850,11,0,5,0,70,,53851,11,0,6,0,31,,53848,17,0,5,0,67,,53854,11,0,6,0,30,,53855,17,0,5,0,66,,53856,11,0,6,0
101,'S2-2_2',701,,53857,17,0,5,0,29,,53858,11,0,5,0,74,,53859,17,0,6,0,31,,53861,11,0,5,0,75,,53860,17,0,6,0,35,,53862,11,0,5,0,71,,53866,11,0,6,0,32,,53863,11,0,5,0,72,,53864,11,0,6,0,30,,53865,11,0,5,0,70,,53867,11,0,6,0,31,,53868,11,0,5,0,70,,53869,11,0,6,0,28,,53871,17,0,5,0,70,,53870,11,0,6,0,31,,53872,17,0,5,0,70,,53874,11,0,6,0,31,,53878,11,0,5,0,71,,53877,11,0,6,0,32,,53875,11,0,5,0,70,,53876,11,0,6,0,31,,53873,17,0,5,0,67,,53879,11,0,6,0,30,,53880,17,0,5,0,66,,53881,11,0,6,0
101,'S2-2_3',701,,53882,17,0,5,0,29,,53883,11,0,5,0,74,,53884,17,0,6,0,31,,53886,11,0,5,0,75,,53885,17,0,6,0,35,,53887,11,0,5,0,71,,53891,11,0,6,0,32,,53888,11,0,5,0,72,,53889,11,0,6,0,30,,53890,11,0,5,0,70,,53892,11,0,6,0,31,,53893,11,0,5,0,70,,53894,11,0,6,0,28,,53896,17,0,5,0,70,,53895,11,0,6,0,31,,53897,17,0,5,0,70,,53899,11,0,6,0,31,,53903,11,0,5,0,71,,53902,11,0,6,0,32,,53900,11,0,5,0,70,,53901,11,0,6,0,31,,53898,17,0,5,0,67,,53904,11,0,6,0,30,,53905,17,0,5,0,66,,53906,11,0,6,0
101,'S2-2_4',701,,53907,17,0,5,0,29,,53908,11,0,5,0,74,,53909,17,0,6,0,31,,53911,11,0,5,0,75,,53910,17,0,6,0,35,,53912,11,0,5,0,71,,53916,11,0,6,0,32,,53913,11,0,5,0,72,,53914,11,0,6,0,30,,53915,11,0,5,0,70,,53917,11,0,6,0,31,,53918,11,0,5,0,70,,53919,11,0,6,0,28,,53921,17,0,5,0,70,,53920,11,0,6,0,31,,53922,17,0,5,0,70,,53924,11,0,6,0,31,,53928,11,0,5,0,71,,53927,11,0,6,0,32,,53925,11,0,5,0,70,,53926,11,0,6,0,31,,53923,17,0,5,0,67,,53929,11,0,6,0,30,,53930,17,0,5,0,66,,53931,11,0,6,0
101,'S2-2_5',701,,53932,17,0,5,0,29,,53933,11,0,5,0,74,,53934,17,0,6,0,31,,53936,11,0,5,0,75,,53935,17,0,6,0,35,,53937,11,0,5,0,71,,53941,11,0,6,0,32,,53938,11,0,5,0,72,,53939,11,0,6,0,30,,53940,11,0,5,0,70,,53942,11,0,6,0,31,,53943,11,0,5,0,70,,53944,11,0,6,0,28,,53946,17,0,5,0,70,,53945,11,0,6,0,31,,53947,17,0,5,0,70,,53949,11,0,6,0,31,,53953,11,0,5,0,71,,53952,11,0,6,0,32,,53950,11,0,5,0,70,,53951,11,0,6,0,31,,53948,17,0,5,0,67,,53954,11,0,6,0,30,,53955,17,0,5,0,66,,53956,11,0,6,0
101,'S2-3_1',701,,53957,17,0,5,0,29,,53958,11,0,5,0,74,,53959,17,0,6,0,31,,53961,11,0,5,0,75,,53960,17,0,6,0,35,,53962,11,0,5,0,71,,53966,11,0,6,0,32,,53963,11,0,5,0,72,,53964,11,0,6,0,30,,53965,11,0,5,0,70,,53967,11,0,6,0,31,,53968,11,0,5,0,70,,53969,11,0,6,0,28,,53971,17,0,5,0,70,,53970,11,0,6,0,31,,53972,17,0,5,0,70,,53974,11,0,6,0,31,,53978,11,0,5,0,71,,53977,11,0,6,0,32,,53975,11,0,5,0,70,,53976,11,0,6,0,31,,53973,17,0,5,0,67,,53979,11,0,6,0,30,,53980,17,0,5,0,66,,53981,11,0,6,0
101,'S2-3_3',701,,53982,17,0,5,0,29,,53983,11,0,5,0,74,,53984,17,0,6,0,31,,53986,11,0,5,0,75,,53985,17,0,6,0,35,,53987,11,0,5,0,71,,53991,11,0,6,0,32,,53988,11,0,5,0,72,,53989,11,0,6,0,30,,53990,11,0,5,0,70,,53992,11,0,6,0,31,,53993,11,0,5,0,70,,53994,11,0,6,0,28,,53996,17,0,5,0,70,,53995,11,0,6,0,31,,53997,17,0,5,0,70,,53999,11,0,6,0,31,,54003,11,0,5,0,71,,54002,11,0,6,0,32,,54000,11,0,5,0,70,,54001,11,0,6,0,31,,53998,17,0,5,0,67,,54004,11,0,6,0,30,,54005,17,0,5,0,66,,54006,11,0,6,0
101,'S2-3_4',701,,54007,17,0,5,0,29,,54008,11,0,5,0,74,,54009,17,0,6,0,31,,54011,11,0,5,0,75,,54010,17,0,6,0,35,,54012,11,0,5,0,71,,54016,11,0,6,0,32,,54013,11,0,5,0,72,,54014,11,0,6,0,30,,54015,11,0,5,0,70,,54017,11,0,6,0,31,,54018,11,0,5,0,70,,54019,11,0,6,0,28,,54021,17,0,5,0,70,,54020,11,0,6,0,31,,54022,17,0,5,0,70,,54024,11,0,6,0,31,,54028,11,0,5,0,71,,54027,11,0,6,0,32,,54025,11,0,5,0,70,,54026,11,0,6,0,31,,54023,17,0,5,0,67,,54029,11,0,6,0,30,,54030,17,0,5,0,66,,54031,11,0,6,0
101,'S2-4_7',908,,54032,11,0,6,0,105,,54037,11,0,5,0,105,,54033,11,0,6,0,105,,54038,11,0,5,0,105,,54034,11,0,6,0,90,,54039,11,0,5,0,100,,54035,11,0,6,0,105,,54040,11,0,5,0,105,,54036,11,0,6,0,105,,54041,11,0,5,0
