100,'0_1',721,,29760,27,0,61 8,0,14,,29757,27,0,61 8,0,16,,29761,27,0,61 8,0,54,,29748,27,,,0,16,,29767,27,0,61 8,0,30,,29762,27,0,61 8,0,67,,29749,27,0,61 8,0,38,,29763,27,0,61 8,0,78,,29750,27,0,61 8,0,80,,29764,27,0,61 8,0,38,,29751,27,0,61 8,0,59,,29768,27,,,0,24,,29769,27,,,0,71,,29752,27,0,61 8,0,25,,29765,27,0,61 8,0,25,,29753,27,0,61 8,0,75,,29766,27,0,61 8,0,80,,29754,27,0,61 8,0,24,,29770,27,,,0,76,,29759,27,0,61 8,0,20,,29771,27,,,0,13,,29776,4,0,61 8,0,62,,29772,27,,,0,10,,29755,27,0,61 8,0,13,,29779,11,,,0,7,,29773,27,,,0,20,,29756,27,0,61 8,0,55,,29774,27,,,0,6,,29780,11,,,0,19,,29746,27,,,0,74,,29775,27,0,61 8,0,35,,29747,27,,,0
100,'0_2',721,,29795,27,0,61 8,0,14,,29792,27,0,61 8,0,16,,29796,27,0,61 8,0,54,,29783,27,,,0,16,,29802,27,0,61 8,0,30,,29797,27,0,61 8,0,67,,29784,27,0,61 8,0,38,,29798,27,0,61 8,0,78,,29785,27,0,61 8,0,80,,29799,27,0,61 8,0,38,,29786,27,0,61 8,0,59,,29803,27,,,0,24,,29804,27,,,0,71,,29787,27,0,61 8,0,25,,29800,27,0,61 8,0,25,,29788,27,0,61 8,0,75,,29801,27,0,61 8,0,80,,29789,27,0,61 8,0,24,,29805,27,,,0,76,,29794,27,0,61 8,0,20,,29806,27,,,0,13,,29811,4,0,61 8,0,62,,29807,27,,,0,10,,29790,27,0,61 8,0,13,,29814,11,,,0,7,,29808,27,,,0,20,,29791,27,0,61 8,0,55,,29809,27,,,0,6,,29815,11,,,0,19,,29781,27,,,0,74,,29810,27,0,61 8,0,35,,29782,27,,,0
100,'0_4',721,,29830,27,0,61 8,0,14,,29827,27,0,61 8,0,16,,29831,27,0,61 8,0,54,,29818,27,,,0,16,,29837,27,0,61 8,0,30,,29832,27,0,61 8,0,67,,29819,27,0,61 8,0,38,,29833,27,0,61 8,0,78,,29820,27,0,61 8,0,80,,29834,27,0,61 8,0,38,,29821,27,0,61 8,0,59,,29838,27,,,0,24,,29839,27,,,0,71,,29822,27,0,61 8,0,25,,29835,27,0,61 8,0,25,,29823,27,0,61 8,0,75,,29836,27,0,61 8,0,80,,29824,27,0,61 8,0,24,,29840,27,,,0,76,,29829,27,0,61 8,0,20,,29841,27,,,0,13,,29846,4,0,61 8,0,62,,29842,27,,,0,10,,29825,27,0,61 8,0,13,,29849,11,,,0,7,,29843,27,,,0,20,,29826,27,0,61 8,0,55,,29844,27,,,0,6,,29850,11,,,0,19,,29816,27,,,0,74,,29845,27,0,61 8,0,35,,29817,27,,,0
100,'0_5',721,,29865,27,0,61 8,0,14,,29862,27,0,61 8,0,16,,29866,27,0,61 8,0,54,,29853,27,,,0,16,,29872,27,0,61 8,0,30,,29867,27,0,61 8,0,67,,29854,27,0,61 8,0,38,,29868,27,0,61 8,0,78,,29855,27,0,61 8,0,80,,29869,27,0,61 8,0,38,,29856,27,0,61 8,0,59,,29873,27,,,0,24,,29874,27,,,0,71,,29857,27,0,61 8,0,25,,29870,27,0,61 8,0,25,,29858,27,0,61 8,0,75,,29871,27,0,61 8,0,80,,29859,27,0,61 8,0,24,,29875,27,,,0,76,,29864,27,0,61 8,0,20,,29876,27,,,0,13,,29881,4,0,61 8,0,62,,29877,27,,,0,10,,29860,27,0,61 8,0,13,,29884,11,,,0,7,,29878,27,,,0,20,,29861,27,0,61 8,0,55,,29879,27,,,0,6,,29885,11,,,0,19,,29851,27,,,0,74,,29880,27,0,61 8,0,35,,29852,27,,,0
100,'1_3',721,,29900,27,0,61 8,0,14,,29897,27,0,61 8,0,16,,29901,27,0,61 8,0,54,,29888,27,,,0,16,,29907,27,0,61 8,0,30,,29902,27,0,61 8,0,67,,29889,27,0,61 8,0,38,,29903,27,0,61 8,0,78,,29890,27,0,61 8,0,80,,29904,27,0,61 8,0,38,,29891,27,0,61 8,0,59,,29908,27,,,0,21,,29919,4,,,0,3,,29909,27,,,0,71,,29892,27,0,61 8,0,25,,29905,27,0,61 8,0,25,,29893,27,0,61 8,0,75,,29906,27,0,61 8,0,80,,29894,27,0,61 8,0,24,,29910,27,,,0,76,,29899,27,0,61 8,0,20,,29911,27,,,0,13,,29916,4,0,61 8,0,62,,29912,27,,,0,10,,29895,27,0,61 8,0,20,,29913,27,,,0,20,,29896,27,0,61 8,0,55,,29914,27,,,0,25,,29886,27,,,0,74,,29915,27,0,61 8,0,35,,29887,27,,,0
100,'2_6',721,,29921,27,0,61 8,0,110,,29933,27,0,61 8,0,95,,29922,27,0,61 8,0,31,,29934,27,0,61 8,0,70,,29923,27,0,61 8,0,32,,29935,27,0,61 8,0,70,,29924,27,0,61 8,0,29,,29936,27,0,61 8,0,71,,29925,27,0,61 8,0,28,,29937,27,0,61 8,0,70,,29926,27,0,61 8,0,30,,29938,27,0,61 8,0,70,,29927,27,0,61 8,0,31,,29939,27,0,61 8,0,69,,29928,27,0,61 8,0,31,,29940,27,0,61 8,0,71,,29929,27,0,61 8,0,71,,29941,27,0,61 8,0,33,,29930,27,0,61 8,0,68,,29942,27,0,61 8,0,30,,29931,27,0,61 8,0,71,,29943,27,0,61 8,0,29,,29932,27,0,61 8,0
100,'3_7',925,,29944,27,0,61 8,0,105,,29949,27,0,61 8,0,106,,29945,27,0,61 8,0,104,,29950,27,0,61 8,0,90,,29946,27,0,61 8,0,100,,29951,27,0,61 8,0,105,,29947,27,0,61 8,0,105,,29952,27,0,61 8,0,105,,29948,27,0,61 8,0,105,,29953,27,0,61 8,0
100,'4_7',925,,29954,27,0,61 8,0,105,,29959,27,0,61 8,0,106,,29955,27,0,61 8,0,104,,29960,27,0,61 8,0,90,,29956,27,0,61 8,0,100,,29961,27,0,61 8,0,105,,29957,27,0,61 8,0,105,,29962,27,0,61 8,0,105,,29958,27,0,61 8,0,105,,29963,27,0,61 8,0
100,'5_1',721,,37339,27,,,0,15,,37336,27,0,61 8,0,15,,37340,27,0,61 8,0,55,,37327,27,,,0,15,,37346,27,0,61 8,0,30,,37341,27,0,61 8,0,65,,37328,27,0,61 8,0,40,,37342,27,0,61 8,0,80,,37329,27,0,61 8,0,80,,37343,27,0,61 8,0,35,,37330,27,0,61 8,0,60,,37347,27,,,0,25,,37348,27,,,0,70,,37331,27,0,61 8,0,25,,37344,27,0,61 8,0,25,,37332,27,0,61 8,0,72,,37345,27,0,61 8,0,78,,37333,27,0,61 8,0,30,,37349,27,0,61 8,0,71,,37338,27,0,61 8,0,24,,37350,27,,,0,74,,37334,27,,,0,31,,37351,27,,,0,70,,37335,27,,,0,30,,37325,27,,,0,74,,37352,27,0,61 8,0,25,,37326,27,,,0
400,'0_1',721,,31069,18,0,43,0,15,,31077,18,0,40,0,15,,31046,18,0,40,0,54,,31047,18,0,40,0,16,,31071,18,0,40,0,15,,31048,18,0,40,0,14,,31049,18,0,40,0,70,,31050,18,0,40,0,80,,31051,30,0,40,0,31,,31052,18,0,40,0,70,,31053,18,0,40,0,35,,31054,18,0,40,0,75,,31055,18,0,40,0,24,,31075,18,,,0,66,,31072,30,0,40,0,30,,31056,18,0,40,0,27,,31057,18,0,40,0,68,,31060,30,0,40,0,75,,31058,18,0,40,0,30,,31061,30,0,40,0,75,,31059,18,0,40,0,30,,31078,18,0,40,0,65,,31062,2,0,40,0,5,,31073,30,0,40,0,15,,31063,18,0,40,0,15,,31079,18,,,0,15,,31064,30,0,40,0,65,,31068,2,0,40,0,20,,31076,18,,,0,74,,31066,18,0,40,0,25,,31067,30,0,40,0
400,'0_2',721,,31103,18,0,43,0,15,,31111,18,0,40,0,15,,31080,18,0,40,0,54,,31081,18,0,40,0,16,,31105,18,0,40,0,15,,31082,18,0,40,0,14,,31083,18,0,40,0,70,,31084,18,0,40,0,80,,31085,30,0,40,0,31,,31086,18,0,40,0,70,,31087,18,0,40,0,35,,31088,18,0,40,0,75,,31089,18,0,40,0,24,,31109,18,,,0,66,,31106,30,0,40,0,30,,31090,18,0,40,0,27,,31091,18,0,40,0,68,,31094,30,0,40,0,75,,31092,18,0,40,0,30,,31095,30,0,40,0,75,,31093,18,0,40,0,30,,31112,18,0,40,0,65,,31096,2,0,40,0,5,,31107,30,0,40,0,15,,31097,18,0,40,0,15,,31113,18,,,0,15,,31098,30,0,40,0,65,,31102,2,0,40,0,20,,31110,18,,,0,74,,31100,18,0,40,0,25,,31101,30,0,40,0
400,'0_4',721,,31137,18,0,43,0,15,,31145,18,0,40,0,15,,31114,18,0,40,0,54,,31115,18,0,40,0,16,,31139,18,0,40,0,15,,31116,18,0,40,0,14,,31117,18,0,40,0,70,,31118,18,0,40,0,80,,31119,30,0,40,0,31,,31120,18,0,40,0,70,,31121,18,0,40,0,35,,31122,18,0,40,0,75,,31123,18,0,40,0,24,,31143,18,,,0,66,,31140,30,0,40,0,30,,31124,18,0,40,0,27,,31125,18,0,40,0,68,,31128,30,0,40,0,75,,31126,18,0,40,0,30,,31129,30,0,40,0,75,,31127,18,0,40,0,30,,31146,18,0,40,0,65,,31130,2,0,40,0,5,,31141,30,0,40,0,15,,31131,18,0,40,0,15,,31147,18,,,0,15,,31132,30,0,40,0,65,,31136,2,0,40,0,20,,31144,18,,,0,74,,31134,18,0,40,0,25,,31135,30,0,40,0
400,'0_5',721,,31171,18,0,43,0,15,,31179,18,0,40,0,15,,31148,18,0,40,0,54,,31149,18,0,40,0,16,,31173,18,0,40,0,15,,31150,18,0,40,0,14,,31151,18,0,40,0,70,,31152,18,0,40,0,80,,31153,30,0,40,0,31,,31154,18,0,40,0,70,,31155,18,0,40,0,35,,31156,18,0,40,0,75,,31157,18,0,40,0,24,,31177,18,,,0,66,,31174,30,0,40,0,30,,31158,18,0,40,0,27,,31159,18,0,40,0,68,,31162,30,0,40,0,75,,31160,18,0,40,0,30,,31163,30,0,40,0,75,,31161,18,0,40,0,30,,31180,18,0,40,0,65,,31164,2,0,40,0,5,,31175,30,0,40,0,15,,31165,18,0,40,0,15,,31181,18,,,0,15,,31166,30,0,40,0,65,,31170,2,0,40,0,20,,31178,18,,,0,74,,31168,18,0,40,0,25,,31169,30,0,40,0
400,'1_3',721,,31204,18,0,43,0,15,,31212,18,0,40,0,15,,31182,18,0,40,0,54,,31183,18,0,40,0,16,,31206,18,0,40,0,15,,31184,18,0,40,0,14,,31185,18,0,40,0,70,,31186,18,0,40,0,80,,31187,30,0,40,0,31,,31188,18,0,40,0,70,,31189,18,0,40,0,35,,31190,18,0,40,0,75,,31191,18,0,40,0,24,,31210,18,,,0,66,,31207,30,0,40,0,30,,31192,18,0,40,0,27,,31193,18,0,40,0,68,,31196,30,0,40,0,75,,31194,18,0,40,0,30,,31197,30,0,40,0,75,,31195,18,0,40,0,30,,31213,18,0,40,0,65,,31198,2,0,40,0,5,,31208,30,0,40,0,15,,31199,18,0,40,0,15,,31214,18,,,0,15,,31200,30,0,40,0,65,,31201,18,0,40,0,20,,31211,18,,,0,74,,31202,18,0,40,0,25,,31203,30,0,40,0
400,'2_6',721,,31221,18,0,40,0,104,,31222,18,0,40,0,34,,31215,30,0,40,0,67,,31223,18,0,40,0,32,,31224,18,0,40,0,70,,31225,18,0,40,0,30,,31216,30,0,40,0,71,,31226,18,0,40,0,29,,31228,18,0,40,0,71,,31227,18,0,40,0,29,,31217,30,0,40,0,70,,31229,18,0,40,0,31,,31230,18,0,40,0,69,,31231,18,0,40,0,72,,31218,30,0,40,0,32,,31232,18,0,40,0,69,,31233,18,0,40,0,30,,31234,18,0,40,0,72,,31219,30,0,40,0,35,,31235,18,0,40,0,71,,31236,18,0,40,0,32,,31237,18,0,40,0,69,,31220,30,0,40,0,31,,31238,18,0,40,0
400,'3_7',920,,31239,18,0,40,0,100,,31240,18,0,40,0,100,,31241,18,0,40,0,100,,31242,18,0,40,0,100,,31243,18,0,40,0,100,,31244,18,0,40,0,100,,31245,18,0,40,0,100,,31246,18,0,40,0,100,,31247,18,0,40,0,100,,31248,18,0,40,0
400,'4_7',920,,31249,18,0,40,0,100,,31250,18,0,40,0,100,,31251,18,0,40,0,100,,31252,18,0,40,0,100,,31253,18,0,40,0,100,,31254,18,0,40,0,100,,31255,18,0,40,0,100,,31256,18,0,40,0,100,,31257,18,0,40,0,100,,31258,18,0,40,0
400,'5_1',720,,37535,18,0,40,0,14,,37541,18,0,40,0,17,,37515,18,0,40,0,55,,37516,18,0,40,0,13,,37536,18,0,40,0,17,,37517,18,0,40,0,15,,37518,18,0,40,0,77,,37519,18,0,40,0,73,,37520,30,0,40,0,30,,37521,18,0,40,0,70,,37522,18,0,40,0,35,,37523,18,0,40,0,75,,37524,18,0,40,0,25,,37539,18,0,40,0,65,,37537,30,0,40,0,30,,37525,18,0,40,0,70,,37526,18,0,40,0,25,,37529,30,0,40,0,75,,37527,18,0,40,0,30,,37530,30,0,40,0,75,,37528,18,0,40,0,30,,37542,18,0,40,0,70,,37538,30,0,40,0,30,,37531,18,0,40,0,75,,37532,30,0,40,0,25,,37540,18,,,0,70,,37533,18,0,40,0,30,,37534,30,0,40,0
500,'0_1',721,,31474,24,,,0,20,,31475,38,,,0,80,,31476,24,,,0,36,,31463,38,,,0,144,,31464,38,,,0,100,,31465,38,,,0,105,,31466,38,,,0,100,,31467,38,,,0,44,,31468,38,,,0,94,,31469,38,,,0,100,,31470,38,,,0,103,,31471,38,,,0,107,,31472,38,,,0,100,,31477,38,,,0,98,,31473,38,,,0
500,'0_2',721,,31489,24,,,0,20,,31490,38,,,0,80,,31491,24,,,0,36,,31478,38,,,0,144,,31479,38,,,0,100,,31480,38,,,0,105,,31481,38,,,0,100,,31482,38,,,0,44,,31483,38,,,0,94,,31484,38,,,0,100,,31485,38,,,0,103,,31486,38,,,0,107,,31487,38,,,0,100,,31492,38,,,0,98,,31488,38,,,0
500,'0_4',721,,31504,24,,,0,20,,31505,38,,,0,80,,31506,24,,,0,36,,31493,38,,,0,144,,31494,38,,,0,100,,31495,38,,,0,105,,31496,38,,,0,100,,31497,38,,,0,44,,31498,38,,,0,94,,31499,38,,,0,100,,31500,38,,,0,103,,31501,38,,,0,107,,31502,38,,,0,100,,31507,38,,,0,98,,31503,38,,,0
500,'0_5',721,,31519,24,,,0,20,,31520,38,,,0,80,,31521,24,,,0,36,,31508,38,,,0,144,,31509,38,,,0,100,,31510,38,,,0,105,,31511,38,,,0,100,,31512,38,,,0,44,,31513,38,,,0,94,,31514,38,,,0,100,,31515,38,,,0,103,,31516,38,,,0,107,,31517,38,,,0,100,,31522,38,,,0,98,,31518,38,,,0
500,'1_3',721,,31534,24,,,0,20,,31535,38,,,0,80,,31536,24,,,0,36,,31523,38,,,0,144,,31524,38,,,0,100,,31525,38,,,0,105,,31526,38,,,0,100,,31527,38,,,0,44,,31528,38,,,0,94,,31529,38,,,0,100,,31530,38,,,0,103,,31531,38,,,0,107,,31532,38,,,0,100,,31537,38,,,0,98,,31533,38,,,0
500,'2_6',751,,31549,38,,,0,100,,31538,38,,,0,100,,31539,38,,,0,100,,31540,38,,,0,99,,31541,38,,,0,96,,31542,38,,,0,98,,31543,38,,,0,100,,31544,38,,,0,100,,31545,38,,,0,100,,31546,38,,,0,100,,31547,38,,,0,191,,31548,38,,,0
500,'5_1',721,,37571,24,,,0,100,,37572,24,,,0,36,,37573,38,,,0,144,,37574,38,,,0,100,,37575,38,,,0,105,,37576,38,,,0,100,,37577,38,,,0,44,,37578,38,,,0,94,,37579,38,,,0,100,,37580,38,,,0,103,,37581,38,,,0,107,,37582,38,,,0,100,,37583,38,,,0,98,,37584,38,,,0
600,'0_1',724,,31630,26,,,0,24,,31644,26,0,11 12,0,93,,31631,26,,,0,106,,31632,26,0,11 12,0,100,,31633,26,0,11 12,0,89,,31634,26,0,11 12,0,110,,31635,26,0,11 12,0,110,,31636,26,0,11 12,0,96,,31645,26,0,11 12,0,91,,31637,26,0,11 12,0,101,,31638,26,0,11 12,0,89,,31639,26,0,11 12,0,79,,31640,26,0,11 12,0,27,,31641,26,0,11 12,0,68,,31642,26,0,11 12,0,39,,31643,26,0,11 12,0
600,'0_2',724,,31646,26,,,0,24,,31660,26,0,11 12,0,93,,31647,26,,,0,106,,31648,26,0,11 12,0,100,,31649,26,0,11 12,0,89,,31650,26,0,11 12,0,110,,31651,26,0,11 12,0,110,,31652,26,0,11 12,0,96,,31661,26,0,11 12,0,91,,31653,26,0,11 12,0,101,,31654,26,0,11 12,0,89,,31655,26,0,11 12,0,79,,31656,26,0,11 12,0,27,,31657,26,0,11 12,0,68,,31658,26,0,11 12,0,39,,31659,26,0,11 12,0
600,'0_4',724,,31662,26,,,0,24,,31676,26,0,11 12,0,93,,31663,26,,,0,106,,31664,26,0,11 12,0,100,,31665,26,0,11 12,0,89,,31666,26,0,11 12,0,110,,31667,26,0,11 12,0,110,,31668,26,0,11 12,0,96,,31677,26,0,11 12,0,91,,31669,26,0,11 12,0,101,,31670,26,0,11 12,0,89,,31671,26,0,11 12,0,79,,31672,26,0,11 12,0,27,,31673,26,0,11 12,0,68,,31674,26,0,11 12,0,39,,31675,26,0,11 12,0
600,'0_5',724,,31678,26,,,0,24,,31692,26,0,11 12,0,93,,31679,26,,,0,106,,31680,26,0,11 12,0,100,,31681,26,0,11 12,0,89,,31682,26,0,11 12,0,110,,31683,26,0,11 12,0,110,,31684,26,0,11 12,0,96,,31693,26,0,11 12,0,91,,31685,26,0,11 12,0,101,,31686,26,0,11 12,0,89,,31687,26,0,11 12,0,79,,31688,26,0,11 12,0,27,,31689,26,0,11 12,0,68,,31690,26,0,11 12,0,39,,31691,26,0,11 12,0
600,'1_3',724,,31694,26,,,0,24,,31708,26,0,11 12,0,93,,31695,26,,,0,106,,31696,26,0,11 12,0,100,,31697,26,0,11 12,0,89,,31698,26,0,11 12,0,110,,31699,26,0,11 12,0,110,,31700,26,0,11 12,0,96,,31709,26,0,11 12,0,91,,31701,26,0,11 12,0,101,,31702,26,0,11 12,0,89,,31703,26,0,11 12,0,79,,31704,26,0,11 12,0,27,,31705,26,0,11 12,0,68,,31706,26,0,11 12,0,39,,31707,26,0,11 12,0
600,'2_6',809,,31710,26,0,11 12,0,94,,31712,26,0,11 12,0,53,,31713,26,0,11 12,0,88,,31714,26,0,11 12,0,89,,31715,26,0,11 12,0,88,,31716,26,0,11 12,0,88,,31717,26,0,11 12,0,50,,31718,26,0,11 12,0,88,,31719,26,0,11 12,0,99,,31720,26,0,11 12,0,91,,31721,26,0,11 12,0,92,,31722,26,0,11 12,0,90,,31723,26,0,11 12,0,91,,31724,26,0,11 12,0,41,,31711,26,0,11 12,0
600,'5_1',724,,37596,26,0,11 12,0,24,,37609,26,0,11 12,0,81,,37597,26,0,11 12,0,92,,37598,26,0,11 12,0,98,,37599,26,0,11 12,0,92,,37600,26,0,11 12,0,44,,37610,26,0,11 12,0,92,,37601,26,0,11 12,0,104,,37602,26,0,11 12,0,93,,37603,26,0,11 12,0,97,,37604,26,0,11 12,0,94,,37605,26,0,11 12,0,87,,37611,26,0,11 12,0,94,,37606,26,0,11 12,0,94,,37607,26,0,11 12,0,41,,37608,26,0,11 12,0
2500,'0_1',730,,33210,2,,,0,72,,33211,2,,,0,40,,33212,2,,,0,112,,33213,2,,,0,152,,33214,2,,,0,131,,33215,2,,,0,116,,33216,2,,,0,156,,33217,2,,,0,44,,33218,2,,,0,84,,33219,2,,,0,109,,33220,2,,,0,86,,33221,2,,,0,112,,33222,2,,,0
2500,'0_2',730,,33223,2,,,0,72,,33224,2,,,0,40,,33225,2,,,0,112,,33226,2,,,0,152,,33227,2,,,0,131,,33228,2,,,0,116,,33229,2,,,0,156,,33230,2,,,0,44,,33231,2,,,0,84,,33232,2,,,0,109,,33233,2,,,0,86,,33234,2,,,0,112,,33235,2,,,0
2500,'0_4',730,,33236,2,,,0,72,,33237,2,,,0,40,,33238,2,,,0,112,,33239,2,,,0,152,,33240,2,,,0,131,,33241,2,,,0,116,,33242,2,,,0,156,,33243,2,,,0,44,,33244,2,,,0,84,,33245,2,,,0,109,,33246,2,,,0,86,,33247,2,,,0,112,,33248,2,,,0
2500,'0_5',730,,33249,2,,,0,72,,33250,2,,,0,40,,33251,2,,,0,112,,33252,2,,,0,152,,33253,2,,,0,131,,33254,2,,,0,116,,33255,2,,,0,156,,33256,2,,,0,44,,33257,2,,,0,84,,33258,2,,,0,109,,33259,2,,,0,86,,33260,2,,,0,112,,33261,2,,,0
2500,'1_3',730,,33262,2,,,0,72,,33263,2,,,0,40,,33264,2,,,0,112,,33265,2,,,0,152,,33266,2,,,0,131,,33267,2,,,0,116,,33268,2,,,0,156,,33269,2,,,0,44,,33270,2,,,0,84,,33271,2,,,0,109,,33272,2,,,0,86,,33273,2,,,0,112,,33274,2,,,0
2500,'2_6',731,,33275,2,,,0,112,,33276,2,,,0,167,,33277,2,,,0,113,,33278,2,,,0,128,,33279,2,,,0,152,,33280,2,,,0,132,,33281,2,,,0,120,,33282,2,,,0,161,,33283,2,,,0,115,,33284,2,,,0
2500,'5_1',729,,37790,2,,,0,72,,37800,2,,,0,40,,37791,2,,,0,169,,37792,2,,,0,113,,37793,2,,,0,128,,37794,2,,,0,152,,37795,2,,,0,132,,37796,2,,,0,120,,37797,2,,,0,161,,37798,2,,,0,115,,37799,2,,,0
2600,'0_1',710,,33360,17,,,0,13,,33371,17,,,0,83,,33372,17,,,0,17,,33373,17,,,0,84,,33374,17,,,0,29,,33375,17,,,0,95,,33361,17,,,0,99,,33362,17,,,0,97,,33363,17,,,0,28,,33364,17,,,0,70,,33379,17,,,0,95,,33380,17,,,0,111,,33365,17,,,0,85,,33366,17,,,0,25,,33376,17,,,0,71,,33377,17,,,0,21,,33367,17,,,0,68,,33368,17,,,0,32,,33369,17,,,0,68,,33382,17,,,0
2600,'0_2',710,,33384,17,,,0,13,,33395,17,,,0,83,,33396,17,,,0,17,,33397,17,,,0,84,,33398,17,,,0,29,,33399,17,,,0,95,,33385,17,,,0,99,,33386,17,,,0,97,,33387,17,,,0,28,,33388,17,,,0,70,,33403,17,,,0,95,,33404,17,,,0,111,,33389,17,,,0,85,,33390,17,,,0,25,,33400,17,,,0,71,,33401,17,,,0,21,,33391,17,,,0,68,,33392,17,,,0,32,,33393,17,,,0,68,,33406,17,,,0
2600,'0_4',710,,33409,17,,,0,13,,33420,17,,,0,83,,33421,17,,,0,17,,33422,17,,,0,84,,33423,17,,,0,29,,33424,17,,,0,95,,33410,17,,,0,99,,33411,17,,,0,97,,33412,17,,,0,28,,33413,17,,,0,70,,33428,17,,,0,95,,33429,17,,,0,111,,33414,17,,,0,85,,33415,17,,,0,25,,33425,17,,,0,71,,33426,17,,,0,21,,33416,17,,,0,68,,33417,17,,,0,32,,33418,17,,,0,68,,33431,17,,,0
2600,'0_5',710,,33433,17,,,0,13,,33444,17,,,0,83,,33445,17,,,0,17,,33446,17,,,0,84,,33447,17,,,0,29,,33448,17,,,0,95,,33434,17,,,0,99,,33435,17,,,0,97,,33436,17,,,0,28,,33437,17,,,0,70,,33452,17,,,0,95,,33453,17,,,0,111,,33438,17,,,0,85,,33439,17,,,0,25,,33449,17,,,0,71,,33450,17,,,0,21,,33440,17,,,0,68,,33441,17,,,0,32,,33442,17,,,0,68,,33455,17,,,0
2600,'1_3',710,,33457,17,,,0,13,,33468,17,,,0,83,,33469,17,,,0,17,,33470,17,,,0,84,,33471,17,,,0,29,,33472,17,,,0,95,,33458,17,,,0,99,,33459,17,,,0,97,,33460,17,,,0,28,,33461,17,,,0,70,,33476,17,,,0,95,,33477,17,,,0,111,,33462,17,,,0,85,,33463,17,,,0,25,,33473,17,,,0,71,,33474,17,,,0,21,,33464,17,,,0,68,,33465,17,,,0,32,,33466,17,,,0,68,,33478,17,,,0
2600,'2_6',731,,33480,17,,,0,85,,33481,17,,,0,85,,33482,17,,,0,45,,33483,17,,,0,84,,33484,17,,,0,90,,33485,17,,,0,84,,33486,17,,,0,42,,33487,17,,,0,85,,33488,17,,,0,85,,33489,17,,,0,43,,33490,17,,,0,85,,33491,17,,,0,90,,33492,17,,,0,86,,33493,17,,,0,83,,33494,17,,,0,45,,33495,17,,,0,82,,33496,17,,,0
2600,'5_1',731,,37813,17,,,0,85,,37814,17,,,0,85,,37815,17,,,0,45,,37816,17,,,0,84,,37817,17,,,0,90,,37818,17,,,0,84,,37819,17,,,0,42,,37820,17,,,0,85,,37821,17,,,0,85,,37822,17,,,0,43,,37823,17,,,0,85,,37824,17,,,0,90,,37825,17,,,0,86,,37826,17,,,0,83,,37827,17,,,0,45,,37828,17,,,0,82,,37829,17,,,0
901500,'0_1',859,,33999,12,,,0,60,,34000,12,,,0,20,,34001,12,,,0,20,,34002,12,,,0,60,,34003,12,,,0,20,,34004,12,,,0,20,,34005,12,,,0,60,,34006,12,,,0,20,,34007,12,,,0,20,,34008,12,,,0,60,,34009,12,,,0,20,,34010,12,,,0,20,,34011,12,,,0,60,,34012,12,,,0,20,,34013,12,,,0,20,,34014,12,,,0,60,,34015,12,,,0,20,,34016,12,,,0,20,,34017,12,,,0,80,,34018,12,,,0,20,,34019,12,,,0,60,,34020,12,,,0,20,,34021,12,,,0,20,,34022,12,,,0,60,,34023,12,,,0,20,,34024,12,,,0,20,,34025,12,,,0,60,,34026,12,,,0,20,,34027,12,,,0,20,,34028,12,,,0,60,,34029,12,,,0,20,,34030,12,,,0
901500,'0_2',859,,34031,12,,,0,60,,34032,12,,,0,20,,34033,12,,,0,20,,34034,12,,,0,60,,34035,12,,,0,20,,34036,12,,,0,20,,34037,12,,,0,60,,34038,12,,,0,20,,34039,12,,,0,20,,34040,12,,,0,60,,34041,12,,,0,20,,34042,12,,,0,20,,34043,12,,,0,60,,34044,12,,,0,20,,34045,12,,,0,20,,34046,12,,,0,60,,34047,12,,,0,20,,34048,12,,,0,20,,34049,12,,,0,80,,34050,12,,,0,20,,34051,12,,,0,60,,34052,12,,,0,20,,34053,12,,,0,20,,34054,12,,,0,60,,34055,12,,,0,20,,34056,12,,,0,20,,34057,12,,,0,60,,34058,12,,,0,20,,34059,12,,,0,20,,34060,12,,,0,60,,34061,12,,,0,20,,34062,12,,,0
901500,'0_4',859,,34063,12,,,0,60,,34064,12,,,0,20,,34065,12,,,0,20,,34066,12,,,0,60,,34067,12,,,0,20,,34068,12,,,0,20,,34069,12,,,0,60,,34070,12,,,0,20,,34071,12,,,0,20,,34072,12,,,0,60,,34073,12,,,0,20,,34074,12,,,0,20,,34075,12,,,0,60,,34076,12,,,0,20,,34077,12,,,0,20,,34078,12,,,0,60,,34079,12,,,0,20,,34080,12,,,0,20,,34081,12,,,0,80,,34082,12,,,0,20,,34083,12,,,0,60,,34084,12,,,0,20,,34085,12,,,0,20,,34086,12,,,0,60,,34087,12,,,0,20,,34088,12,,,0,20,,34089,12,,,0,60,,34090,12,,,0,20,,34091,12,,,0,20,,34092,12,,,0,60,,34093,12,,,0,20,,34094,12,,,0
901500,'0_5',859,,34095,12,,,0,60,,34096,12,,,0,20,,34097,12,,,0,20,,34098,12,,,0,60,,34099,12,,,0,20,,34100,12,,,0,20,,34101,12,,,0,60,,34102,12,,,0,20,,34103,12,,,0,20,,34104,12,,,0,60,,34105,12,,,0,20,,34106,12,,,0,20,,34107,12,,,0,60,,34108,12,,,0,20,,34109,12,,,0,20,,34110,12,,,0,60,,34111,12,,,0,20,,34112,12,,,0,20,,34113,12,,,0,80,,34114,12,,,0,20,,34115,12,,,0,60,,34116,12,,,0,20,,34117,12,,,0,20,,34118,12,,,0,60,,34119,12,,,0,20,,34120,12,,,0,20,,34121,12,,,0,60,,34122,12,,,0,20,,34123,12,,,0,20,,34124,12,,,0,60,,34125,12,,,0,20,,34126,12,,,0
901500,'1_3',859,,34127,12,,,0,60,,34128,12,,,0,20,,34129,12,,,0,20,,34130,12,,,0,60,,34131,12,,,0,20,,34132,12,,,0,20,,34133,12,,,0,60,,34134,12,,,0,20,,34135,12,,,0,20,,34136,12,,,0,60,,34137,12,,,0,20,,34138,12,,,0,20,,34139,12,,,0,60,,34140,12,,,0,20,,34141,12,,,0,20,,34142,12,,,0,60,,34143,12,,,0,20,,34144,12,,,0,20,,34145,12,,,0,80,,34146,12,,,0,20,,34147,12,,,0,60,,34148,12,,,0,20,,34149,12,,,0,20,,34150,12,,,0,60,,34151,12,,,0,20,,34152,12,,,0,20,,34153,12,,,0,60,,34154,12,,,0,20,,34155,12,,,0,20,,34156,12,,,0,60,,34157,12,,,0,20,,34158,12,,,0
901500,'2_6',859,,34159,12,,,0,60,,34160,12,,,0,20,,34161,12,,,0,20,,34162,12,,,0,60,,34163,12,,,0,20,,34164,12,,,0,20,,34165,12,,,0,60,,34166,12,,,0,20,,34167,12,,,0,20,,34168,12,,,0,60,,34169,12,,,0,20,,34170,12,,,0,20,,34171,12,,,0,60,,34172,12,,,0,20,,34173,12,,,0,20,,34174,12,,,0,60,,34175,12,,,0,20,,34176,12,,,0,20,,34177,12,,,0,80,,34178,12,,,0,20,,34179,12,,,0,60,,34180,12,,,0,20,,34181,12,,,0,20,,34182,12,,,0,60,,34183,12,,,0,20,,34184,12,,,0,20,,34185,12,,,0,60,,34186,12,,,0,20,,34187,12,,,0,20,,34188,12,,,0,60,,34189,12,,,0,20,,34190,12,,,0
901500,'5_1',859,,37863,12,,,0,60,,37864,12,,,0,20,,37865,12,,,0,20,,37866,12,,,0,60,,37867,12,,,0,20,,37868,12,,,0,20,,37869,12,,,0,60,,37870,12,,,0,20,,37871,12,,,0,20,,37872,12,,,0,60,,37873,12,,,0,20,,37874,12,,,0,20,,37875,12,,,0,60,,37876,12,,,0,20,,37877,12,,,0,20,,37878,12,,,0,60,,37879,12,,,0,20,,37880,12,,,0,20,,37881,12,,,0,80,,37882,12,,,0,20,,37883,12,,,0,60,,37884,12,,,0,20,,37885,12,,,0,20,,37886,12,,,0,60,,37887,12,,,0,20,,37888,12,,,0,20,,37889,12,,,0,60,,37890,12,,,0,20,,37891,12,,,0,20,,37892,12,,,0,60,,37893,12,,,0,20,,37894,12,,,0
2000000,'0_1',655,,35298,16,,,0,64,,35280,16,,,0,17,,35308,16,,,0,15,,35264,16,,,0,55,,35291,16,,,0,15,,35273,16,,,0,15,,35300,16,,,0,15,,35283,16,,,0,56,,35311,16,,,0,16,,35265,16,,,0,16,,35296,16,,,0,16,,35274,16,,,0,56,,35301,16,,,0,16,,35281,16,,,0,16,,35309,16,,,0,16,,35266,16,,,0,56,,35297,16,,,0,14,,35275,16,,,0,16,,35302,16,,,0,56,,35282,16,,,0,15,,35312,16,,,0,15,,35267,16,,,0,15,,35290,16,,,0,56,,35276,16,,,0,15,,35299,16,,,0,15,,35284,16,,,0,15,,35310,16,,,0,55,,35269,16,,,0,15,,35292,16,,,0,15,,35279,16,,,0,15,,35304,16,,,0,55,,35285,16,,,0,15,,35313,16,,,0,15,,35270,16,,,0,15,,35293,16,,,0,56,,35278,16,,,0,15,,35303,16,,,0,15,,35286,16,,,0,16,,35262,16,,,0,56,,35314,16,,,0,18,,35268,16,,,0,14,,35295,16,,,0,16,,35277,16,,,0,55,,35305,16,,,0,15,,35288,16,,,0,13,,35263,16,,,0,13,,35315,16,,,0,54,,35271,16,,,0,14,,35294,16,,,0,13,,35306,16,,,0,19,,35287,16,,,0,62,,35316,16,,,0,20,,35272,16,,,0,19,,35307,16,,,0,60,,35289,16,,,0
2000000,'0_2',655,,35357,16,,,0,64,,35339,16,,,0,17,,35367,16,,,0,15,,35323,16,,,0,55,,35350,16,,,0,15,,35332,16,,,0,15,,35359,16,,,0,15,,35342,16,,,0,56,,35370,16,,,0,16,,35324,16,,,0,16,,35355,16,,,0,16,,35333,16,,,0,56,,35360,16,,,0,16,,35340,16,,,0,16,,35368,16,,,0,16,,35325,16,,,0,56,,35356,16,,,0,14,,35334,16,,,0,16,,35361,16,,,0,56,,35341,16,,,0,15,,35371,16,,,0,15,,35326,16,,,0,15,,35349,16,,,0,56,,35335,16,,,0,15,,35358,16,,,0,15,,35343,16,,,0,15,,35369,16,,,0,55,,35328,16,,,0,15,,35351,16,,,0,15,,35338,16,,,0,15,,35363,16,,,0,55,,35344,16,,,0,15,,35372,16,,,0,15,,35329,16,,,0,15,,35352,16,,,0,56,,35337,16,,,0,15,,35362,16,,,0,15,,35345,16,,,0,16,,35321,16,,,0,56,,35373,16,,,0,18,,35327,16,,,0,14,,35354,16,,,0,16,,35336,16,,,0,55,,35364,16,,,0,15,,35347,16,,,0,13,,35322,16,,,0,13,,35374,16,,,0,54,,35330,16,,,0,14,,35353,16,,,0,13,,35365,16,,,0,19,,35346,16,,,0,62,,35375,16,,,0,20,,35331,16,,,0,19,,35366,16,,,0,60,,35348,16,,,0
2000000,'0_4',655,,35416,16,,,0,64,,35398,16,,,0,17,,35426,16,,,0,15,,35382,16,,,0,55,,35409,16,,,0,15,,35391,16,,,0,15,,35418,16,,,0,15,,35401,16,,,0,56,,35429,16,,,0,16,,35383,16,,,0,16,,35414,16,,,0,16,,35392,16,,,0,56,,35419,16,,,0,16,,35399,16,,,0,16,,35427,16,,,0,16,,35384,16,,,0,56,,35415,16,,,0,14,,35393,16,,,0,16,,35420,16,,,0,56,,35400,16,,,0,15,,35430,16,,,0,15,,35385,16,,,0,15,,35408,16,,,0,56,,35394,16,,,0,15,,35417,16,,,0,15,,35402,16,,,0,15,,35428,16,,,0,55,,35387,16,,,0,15,,35410,16,,,0,15,,35397,16,,,0,15,,35422,16,,,0,55,,35403,16,,,0,15,,35431,16,,,0,15,,35388,16,,,0,15,,35411,16,,,0,56,,35396,16,,,0,15,,35421,16,,,0,15,,35404,16,,,0,16,,35380,16,,,0,56,,35432,16,,,0,18,,35386,16,,,0,14,,35413,16,,,0,16,,35395,16,,,0,55,,35423,16,,,0,15,,35406,16,,,0,13,,35381,16,,,0,13,,35433,16,,,0,54,,35389,16,,,0,14,,35412,16,,,0,13,,35424,16,,,0,19,,35405,16,,,0,62,,35434,16,,,0,20,,35390,16,,,0,19,,35425,16,,,0,60,,35407,16,,,0
2000000,'0_5',655,,35475,16,,,0,64,,35457,16,,,0,17,,35485,16,,,0,15,,35441,16,,,0,55,,35468,16,,,0,15,,35450,16,,,0,15,,35477,16,,,0,15,,35460,16,,,0,56,,35488,16,,,0,16,,35442,16,,,0,16,,35473,16,,,0,16,,35451,16,,,0,56,,35478,16,,,0,16,,35458,16,,,0,16,,35486,16,,,0,16,,35443,16,,,0,56,,35474,16,,,0,14,,35452,16,,,0,16,,35479,16,,,0,56,,35459,16,,,0,15,,35489,16,,,0,15,,35444,16,,,0,15,,35467,16,,,0,56,,35453,16,,,0,15,,35476,16,,,0,15,,35461,16,,,0,15,,35487,16,,,0,55,,35446,16,,,0,15,,35469,16,,,0,15,,35456,16,,,0,15,,35481,16,,,0,55,,35462,16,,,0,15,,35490,16,,,0,15,,35447,16,,,0,15,,35470,16,,,0,56,,35455,16,,,0,15,,35480,16,,,0,15,,35463,16,,,0,16,,35439,16,,,0,56,,35491,16,,,0,18,,35445,16,,,0,14,,35472,16,,,0,16,,35454,16,,,0,55,,35482,16,,,0,15,,35465,16,,,0,13,,35440,16,,,0,13,,35492,16,,,0,54,,35448,16,,,0,14,,35471,16,,,0,13,,35483,16,,,0,19,,35464,16,,,0,62,,35493,16,,,0,20,,35449,16,,,0,19,,35484,16,,,0,60,,35466,16,,,0
2000000,'1_3',655,,35533,16,,,0,64,,35515,16,,,0,17,,35543,16,,,0,15,,35499,16,,,0,55,,35526,16,,,0,15,,35508,16,,,0,15,,35535,16,,,0,15,,35518,16,,,0,56,,35546,16,,,0,16,,35500,16,,,0,16,,35531,16,,,0,16,,35509,16,,,0,56,,35536,16,,,0,16,,35516,16,,,0,16,,35544,16,,,0,16,,35501,16,,,0,56,,35532,16,,,0,14,,35510,16,,,0,16,,35537,16,,,0,56,,35517,16,,,0,15,,35547,16,,,0,15,,35502,16,,,0,15,,35525,16,,,0,56,,35511,16,,,0,15,,35534,16,,,0,15,,35519,16,,,0,15,,35545,16,,,0,55,,35504,16,,,0,15,,35527,16,,,0,15,,35514,16,,,0,15,,35539,16,,,0,55,,35520,16,,,0,15,,35548,16,,,0,15,,35505,16,,,0,15,,35528,16,,,0,56,,35513,16,,,0,15,,35538,16,,,0,15,,35521,16,,,0,16,,35497,16,,,0,56,,35549,16,,,0,18,,35503,16,,,0,14,,35530,16,,,0,16,,35512,16,,,0,55,,35540,16,,,0,15,,35523,16,,,0,13,,35498,16,,,0,13,,35550,16,,,0,54,,35506,16,,,0,14,,35529,16,,,0,13,,35541,16,,,0,19,,35522,16,,,0,62,,35551,16,,,0,20,,35507,16,,,0,19,,35542,16,,,0,60,,35524,16,,,0
2000000,'2_6',652,,35553,16,,,0,82,,35554,16,,,0,79,,35555,16,,,0,30,,35556,16,,,0,60,,35557,16,,,0,20,,35558,16,,,0,19,,35559,16,,,0,58,,35560,16,,,0,20,,35561,16,,,0,20,,35562,16,,,0,18,,35563,16,,,0,59,,35564,16,,,0,19,,35565,16,,,0,20,,35566,16,,,0,58,,35567,16,,,0,19,,35568,16,,,0,18,,35569,16,,,0,59,,35570,16,,,0,19,,35571,16,,,0,19,,35572,16,,,0,58,,35573,16,,,0,19,,35574,16,,,0,20,,35575,16,,,0,60,,35576,16,,,0,19,,35577,16,,,0,19,,35578,16,,,0,60,,35579,16,,,0,20,,35580,16,,,0,20,,35581,16,,,0,60,,35582,16,,,0,19,,35583,16,,,0,20,,35584,16,,,0,60,,35585,16,,,0,20,,35586,16,,,0,18,,35587,16,,,0,60,,35588,16,,,0,24,,35589,16,,,0,24,,35590,16,,,0,64,,35591,16,,,0,24,,35592,16,,,0,65,,35593,16,,,0
2000000,'3_7',829,,35594,16,,,0,80,,35595,16,,,0,40,,35596,16,,,0,80,,35597,16,,,0,80,,35598,16,,,0,40,,35599,16,,,0,80,,35600,16,,,0,80,,35601,16,,,0,40,,35602,16,,,0,80,,35603,16,,,0,80,,35604,16,,,0,40,,35605,16,,,0,80,,35606,16,,,0,80,,35607,16,,,0,40,,35608,16,,,0,80,,35609,16,,,0,80,,35610,16,,,0,40,,35611,16,,,0
2000000,'4_7',829,,35612,16,,,0,80,,35613,16,,,0,40,,35614,16,,,0,80,,35615,16,,,0,80,,35616,16,,,0,40,,35617,16,,,0,80,,35618,16,,,0,80,,35619,16,,,0,40,,35620,16,,,0,80,,35621,16,,,0,80,,35622,16,,,0,40,,35623,16,,,0,80,,35624,16,,,0,80,,35625,16,,,0,40,,35626,16,,,0,80,,35627,16,,,0,80,,35628,16,,,0,40,,35629,16,,,0
2000000,'5_1',655,,38071,16,,,0,64,,38068,16,,,0,17,,38073,16,,,0,15,,38066,16,,,0,55,,38070,16,,,0,15,,38067,16,,,0,15,,38072,16,,,0,15,,38069,16,,,0,55,,38074,16,,,0,15,,38075,16,,,0,15,,38076,16,,,0,15,,38077,16,,,0,55,,38078,16,,,0,15,,38079,16,,,0,15,,38080,16,,,0,15,,38081,16,,,0,55,,38082,16,,,0,15,,38083,16,,,0,15,,38084,16,,,0,15,,38085,16,,,0,55,,38086,16,,,0,15,,38087,16,,,0,15,,38088,16,,,0,15,,38089,16,,,0,55,,38090,16,,,0,15,,38091,16,,,0,15,,38092,16,,,0,15,,38093,16,,,0,55,,38094,16,,,0,15,,38095,16,,,0,15,,38096,16,,,0,15,,38097,16,,,0,55,,38098,16,,,0,15,,38099,16,,,0,15,,38100,16,,,0,15,,38101,16,,,0,55,,38102,16,,,0,15,,38103,16,,,0,15,,38104,16,,,0,15,,38105,16,,,0,55,,38106,16,,,0,15,,38107,16,,,0,15,,38108,16,,,0,15,,38109,16,,,0,55,,38110,16,,,0,15,,38111,16,,,0,15,,38112,16,,,0,15,,38113,16,,,0,55,,38114,16,,,0,20,,38117,16,,,0,20,,38118,16,,,0,60,,38119,16,,,0,19,,38120,16,,,0,20,,38115,16,,,0,60,,38116,16,,,0
3000000,'0_1',640,,36195,12,,,0,19,,36194,12,,,0,62,,36154,12,,,0,20,,36155,12,,,0,60,,36156,12,,,0,20,,36157,12,,,0,20,,36158,12,,,0,62,,36159,12,,,0,20,,36160,12,,,0,20,,36161,12,,,0,60,,36162,12,,,0,19,,36163,12,,,0,21,,36164,12,,,0,60,,36165,12,,,0,20,,36166,12,,,0,19,,36167,12,,,0,60,,36168,12,,,0,21,,36169,12,,,0,21,,36170,12,,,0,59,,36171,12,,,0,20,,36172,12,,,0,19,,36173,12,,,0,60,,36174,12,,,0,21,,36175,12,,,0,20,,36176,12,,,0,60,,36177,12,,,0,20,,36178,12,,,0,19,,36179,12,,,0,59,,36180,12,,,0,17,,36181,12,,,0,19,,36182,12,,,0,18,,36183,12,,,0,61,,36184,12,,,0,21,,36185,12,,,0,21,,36186,12,,,0,61,,36187,12,,,0,21,,36188,12,,,0,60,,36189,12,,,0,20,,36190,12,,,0,28,,36191,12,,,0,74,,36192,12,,,0,32,,36193,12,,,0
3000000,'0_2',640,,36241,12,,,0,19,,36240,12,,,0,62,,36200,12,,,0,20,,36201,12,,,0,60,,36202,12,,,0,20,,36203,12,,,0,20,,36204,12,,,0,62,,36205,12,,,0,20,,36206,12,,,0,20,,36207,12,,,0,60,,36208,12,,,0,19,,36209,12,,,0,21,,36210,12,,,0,60,,36211,12,,,0,20,,36212,12,,,0,19,,36213,12,,,0,60,,36214,12,,,0,21,,36215,12,,,0,21,,36216,12,,,0,59,,36217,12,,,0,20,,36218,12,,,0,19,,36219,12,,,0,60,,36220,12,,,0,21,,36221,12,,,0,20,,36222,12,,,0,60,,36223,12,,,0,20,,36224,12,,,0,19,,36225,12,,,0,59,,36226,12,,,0,17,,36227,12,,,0,19,,36228,12,,,0,18,,36229,12,,,0,61,,36230,12,,,0,21,,36231,12,,,0,21,,36232,12,,,0,61,,36233,12,,,0,21,,36234,12,,,0,60,,36235,12,,,0,20,,36236,12,,,0,28,,36237,12,,,0,74,,36238,12,,,0,32,,36239,12,,,0
3000000,'0_4',640,,36287,12,,,0,19,,36286,12,,,0,62,,36246,12,,,0,20,,36247,12,,,0,60,,36248,12,,,0,20,,36249,12,,,0,20,,36250,12,,,0,62,,36251,12,,,0,20,,36252,12,,,0,20,,36253,12,,,0,60,,36254,12,,,0,19,,36255,12,,,0,21,,36256,12,,,0,60,,36257,12,,,0,20,,36258,12,,,0,19,,36259,12,,,0,60,,36260,12,,,0,21,,36261,12,,,0,21,,36262,12,,,0,59,,36263,12,,,0,20,,36264,12,,,0,19,,36265,12,,,0,60,,36266,12,,,0,21,,36267,12,,,0,20,,36268,12,,,0,60,,36269,12,,,0,20,,36270,12,,,0,19,,36271,12,,,0,59,,36272,12,,,0,17,,36273,12,,,0,19,,36274,12,,,0,18,,36275,12,,,0,61,,36276,12,,,0,21,,36277,12,,,0,21,,36278,12,,,0,61,,36279,12,,,0,21,,36280,12,,,0,60,,36281,12,,,0,20,,36282,12,,,0,28,,36283,12,,,0,74,,36284,12,,,0,32,,36285,12,,,0
3000000,'0_5',640,,36333,12,,,0,19,,36332,12,,,0,62,,36292,12,,,0,20,,36293,12,,,0,60,,36294,12,,,0,20,,36295,12,,,0,20,,36296,12,,,0,62,,36297,12,,,0,20,,36298,12,,,0,20,,36299,12,,,0,60,,36300,12,,,0,19,,36301,12,,,0,21,,36302,12,,,0,60,,36303,12,,,0,20,,36304,12,,,0,19,,36305,12,,,0,60,,36306,12,,,0,21,,36307,12,,,0,21,,36308,12,,,0,59,,36309,12,,,0,20,,36310,12,,,0,19,,36311,12,,,0,60,,36312,12,,,0,21,,36313,12,,,0,20,,36314,12,,,0,60,,36315,12,,,0,20,,36316,12,,,0,19,,36317,12,,,0,59,,36318,12,,,0,17,,36319,12,,,0,19,,36320,12,,,0,18,,36321,12,,,0,61,,36322,12,,,0,21,,36323,12,,,0,21,,36324,12,,,0,61,,36325,12,,,0,21,,36326,12,,,0,60,,36327,12,,,0,20,,36328,12,,,0,28,,36329,12,,,0,74,,36330,12,,,0,32,,36331,12,,,0
3000000,'1_3',640,,36379,12,,,0,19,,36378,12,,,0,62,,36338,12,,,0,20,,36339,12,,,0,60,,36340,12,,,0,20,,36341,12,,,0,20,,36342,12,,,0,62,,36343,12,,,0,20,,36344,12,,,0,20,,36345,12,,,0,60,,36346,12,,,0,19,,36347,12,,,0,21,,36348,12,,,0,60,,36349,12,,,0,20,,36350,12,,,0,19,,36351,12,,,0,60,,36352,12,,,0,21,,36353,12,,,0,21,,36354,12,,,0,59,,36355,12,,,0,20,,36356,12,,,0,19,,36357,12,,,0,60,,36358,12,,,0,21,,36359,12,,,0,20,,36360,12,,,0,60,,36361,12,,,0,20,,36362,12,,,0,19,,36363,12,,,0,59,,36364,12,,,0,17,,36365,12,,,0,19,,36366,12,,,0,18,,36367,12,,,0,61,,36368,12,,,0,21,,36369,12,,,0,21,,36370,12,,,0,61,,36371,12,,,0,21,,36372,12,,,0,60,,36373,12,,,0,20,,36374,12,,,0,28,,36375,12,,,0,74,,36376,12,,,0,32,,36377,12,,,0
3000000,'2_6',644,,36384,12,,,0,82,,36385,12,,,0,81,,36386,12,,,0,30,,36387,12,,,0,20,,36388,12,,,0,60,,36389,12,,,0,21,,36390,12,,,0,20,,36391,12,,,0,60,,36392,12,,,0,20,,36393,12,,,0,20,,36394,12,,,0,59,,36395,12,,,0,20,,36396,12,,,0,20,,36397,12,,,0,60,,36398,12,,,0,19,,36399,12,,,0,20,,36400,12,,,0,60,,36401,12,,,0,20,,36402,12,,,0,20,,36403,12,,,0,61,,36404,12,,,0,20,,36405,12,,,0,20,,36406,12,,,0,60,,36407,12,,,0,20,,36408,12,,,0,20,,36409,12,,,0,60,,36410,12,,,0,20,,36411,12,,,0,20,,36412,12,,,0,60,,36413,12,,,0,20,,36414,12,,,0,20,,36415,12,,,0,59,,36416,12,,,0,20,,36417,12,,,0,19,,36418,12,,,0,70,,36419,12,,,0,30,,36420,12,,,0,69,,36421,12,,,0,29,,36422,12,,,0
3000000,'3_7',805,,36423,12,,,0,130,,36424,12,,,0,170,,36425,12,,,0,130,,36426,12,,,0,170,,36427,12,,,0,130,,36428,12,,,0,170,,36429,12,,,0,129,,36430,12,,,0,170,,36431,12,,,0
3000000,'4_7',805,,36433,12,,,0,130,,36434,12,,,0,170,,36441,12,,,0,130,,36440,12,,,0,170,,36439,12,,,0,130,,36437,12,,,0,170,,36438,12,,,0,129,,36436,12,,,0,170,,36435,12,,,0
3000000,'5_1',640,,38226,12,,,0,60,,38225,12,,,0,21,,38185,12,,,0,20,,38186,12,,,0,60,,38187,12,,,0,20,,38188,12,,,0,20,,38189,12,,,0,61,,38190,12,,,0,20,,38191,12,,,0,20,,38192,12,,,0,61,,38193,12,,,0,20,,38194,12,,,0,20,,38195,12,,,0,60,,38196,12,,,0,20,,38197,12,,,0,20,,38198,12,,,0,60,,38199,12,,,0,19,,38200,12,,,0,20,,38201,12,,,0,60,,38202,12,,,0,21,,38203,12,,,0,20,,38204,12,,,0,60,,38205,12,,,0,20,,38206,12,,,0,19,,38207,12,,,0,60,,38208,12,,,0,20,,38209,12,,,0,20,,38210,12,,,0,60,,38211,12,,,0,19,,38212,12,,,0,20,,38213,12,,,0,61,,38214,12,,,0,20,,38215,12,,,0,21,,38216,12,,,0,60,,38217,12,,,0,20,,38218,12,,,0,19,,38219,12,,,0,59,,38220,12,,,0,18,,38221,12,,,0,29,,38222,12,,,0,72,,38223,12,,,0,33,,38224,12,,,0
