501,'2509-HIV-25j05H-d-Dimanche-00',1014,,10126,,,0,200,,10127,,,0,200,,10128,,,0,200,,10125,,,0
501,'2509-HIV-25j26H-d-Dimanche-00',1014,,10130,,,0,200,,10131,,,0,200,,10132,,,0,200,,10129,,,0
501,'2509-HIV-25k03H-s-Samedi-00',850,,10133,,,0,101,,10134,,,0,101,,10135,,,0,100,,10136,,,0,99,,10137,,,0,94,,10138,,,0,99,,10139,,,0,101,,10140,,,0,99,,10141,,,0,105,,10142,,,0,97,,10143,,,0,185,,10144,,,0
501,'2509-HIV-25l22Vlv-Semaine-00',1000,,10145,,,0,106,,10146,,,0,101,,10147,,,0,45,,10148,,,0,94,,10149,,,0,98,,10150,,,0,103,,10151,,,0,103,,10152,,,0,107,,10153,,,0,100,,10154,,,0,165,,10155,,,0
501,'2509-HIV-26a05H-s-Samedi-00',850,,10156,,,0,101,,10157,,,0,101,,10158,,,0,100,,10159,,,0,99,,10160,,,0,94,,10161,,,0,99,,10162,,,0,101,,10163,,,0,99,,10164,,,0,105,,10165,,,0,97,,10166,,,0,185,,10167,,,0
501,'2509-HIV-26a05H-w-Mercredi-00',1000,,10168,,,0,106,,10169,,,0,101,,10170,,,0,45,,10171,,,0,94,,10172,,,0,98,,10173,,,0,103,,10174,,,0,103,,10175,,,0,107,,10176,,,0,100,,10177,,,0,165,,10178,,,0
501,'2509-HIV-26a05Hlv-L-Ma-J-V-00',1000,,10180,,,0,106,,10181,,,0,101,,10182,,,0,45,,10183,,,0,94,,10184,,,0,98,,10185,,,0,103,,10186,,,0,103,,10187,,,0,107,,10188,,,0,100,,10189,,,0,165,,10190,,,0
501,'2509-HIV-26b23Vlv-Semaine-00',1000,,10194,,,0,106,,10195,,,0,101,,10196,,,0,45,,10197,,,0,94,,10198,,,0,98,,10199,,,0,103,,10200,,,0,103,,10201,,,0,107,,10202,,,0,100,,10203,,,0,165,,10204,,,0
501,'2509-HIV-26c02Vlv-Semaine-00',1000,,10205,,,0,106,,10206,,,0,101,,10207,,,0,45,,10208,,,0,94,,10209,,,0,98,,10210,,,0,103,,10211,,,0,103,,10212,,,0,107,,10213,,,0,100,,10214,,,0,165,,10215,,,0
29000501,'2509-HIV-25l22Vlv-Semaine-00',1751,,16100,,,0,152,,16101,,,0
29000501,'2509-HIV-26a05H-w-Mercredi-00',1758,,16102,,,0,150,,16103,,,0
29000501,'2509-HIV-26a05H-w-Mercredi-00-0010000',1304,,16104,,,0
29000501,'2509-HIV-26a05Hlv-L-Ma-J-V-00',1758,,16105,,,0,150,,16106,,,0
29000501,'2509-HIV-26b23Vlv-Semaine-00',1751,,16107,,,0,152,,16108,,,0
29000501,'2509-HIV-26c02Vlv-Semaine-00',1751,,16109,,,0,152,,16110,,,0
