300,'0_5',710,,30750,28,,,0,25,,30751,28,,,0,71,,30752,28,,,0,24,,30753,28,,,0,25,,30754,28,,,0,70,,30755,28,,,0,32,,30756,28,,,0,72,,30757,28,,,0,71,,30758,28,,,0,32,,30759,28,,,0,72,,30760,28,,,0,32,,30761,28,,,0,72,,30762,28,,,0,33,,30763,28,,,0,72,,30764,28,,,0,33,,30765,28,,,0,72,,30766,28,,,0,33,,30767,28,,,0,70,,30769,28,,,0,27,,30770,28,,,0,68,,30771,28,,,0,28,,30772,28,,,0,69,,30773,28,,,0,30,,30777,28,,,0,71,,30774,28,,,0,31,,30775,28,,,0,73,,30776,28,,,0,30,,30768,28,,,0
300,'2_6',710,,30806,28,,,0,30,,30808,28,,,0,70,,30809,28,,,0,30,,30807,28,,,0,70,,30811,28,,,0,29,,30812,28,,,0,69,,30810,28,,,0,31,,30813,28,,,0,70,,30814,28,,,0,30,,30817,28,,,0,69,,30816,28,,,0,29,,30815,28,,,0,68,,30819,28,,,0,30,,30818,28,,,0,70,,30820,28,,,0,29,,30821,28,,,0,72,,30822,28,,,0,32,,30823,28,,,0,71,,30824,28,,,0,31,,30825,28,,,0,72,,30826,28,,,0,32,,30827,28,,,0,70,,30828,28,,,0,31,,30833,28,,,0,71,,30829,28,,,0,30,,30830,28,,,0,64,,30831,28,,,0,30,,30832,28,,,0
300,'3_7',929,,30834,28,,,0,100,,30835,28,,,0,100,,30836,28,,,0,100,,30837,28,,,0,100,,30838,28,,,0,100,,30839,28,,,0,100,,30840,28,,,0,100,,30841,28,,,0,100,,30842,28,,,0,100,,30843,28,,,0,100,,30844,28,,,0
300,'5_1',715,,37459,28,,,0,25,,37460,28,,,0,70,,37461,28,,,0,23,,37464,28,,,0,25,,37463,28,,,0,69,,37462,28,,,0,32,,37466,28,,,0,72,,37469,28,,,0,71,,37471,28,,,0,32,,37467,28,,,0,72,,37472,28,,,0,32,,37465,28,,,0,73,,37468,28,,,0,33,,37470,28,,,0,72,,37473,28,,,0,32,,37474,28,,,0,72,,37475,28,,,0,34,,37477,28,,,0,69,,37476,28,,,0,28,,37479,28,,,0,68,,37481,28,,,0,27,,37483,28,,,0,68,,37480,28,,,0,30,,37486,28,,,0,72,,37485,28,,,0,30,,37482,28,,,0,73,,37484,28,,,0,30,,37478,28,,,0
300,'5_2',715,,39027,28,,,0,25,,39028,28,,,0,70,,39029,28,,,0,23,,39032,28,,,0,25,,39031,28,,,0,69,,39030,28,,,0,32,,39034,28,,,0,72,,39037,28,,,0,71,,39039,28,,,0,32,,39035,28,,,0,72,,39040,28,,,0,32,,39033,28,,,0,73,,39036,28,,,0,33,,39038,28,,,0,72,,39041,28,,,0,32,,39042,28,,,0,72,,39043,28,,,0,34,,39045,28,,,0,69,,39044,28,,,0,28,,39047,28,,,0,68,,39049,28,,,0,27,,39051,28,,,0,68,,39048,28,,,0,30,,39054,28,,,0,72,,39053,28,,,0,30,,39050,28,,,0,73,,39052,28,,,0,30,,39046,28,,,0
300,'5_3',715,,39055,28,,,0,25,,39056,28,,,0,70,,39057,28,,,0,23,,39060,28,,,0,25,,39059,28,,,0,69,,39058,28,,,0,32,,39062,28,,,0,72,,39065,28,,,0,71,,39067,28,,,0,32,,39063,28,,,0,72,,39068,28,,,0,32,,39061,28,,,0,73,,39064,28,,,0,33,,39066,28,,,0,72,,39069,28,,,0,32,,39070,28,,,0,72,,39071,28,,,0,34,,39073,28,,,0,69,,39072,28,,,0,28,,39075,28,,,0,68,,39077,28,,,0,27,,39079,28,,,0,68,,39076,28,,,0,30,,39082,28,,,0,72,,39081,28,,,0,30,,39078,28,,,0,73,,39080,28,,,0,30,,39074,28,,,0
300,'5_4',715,,39083,28,,,0,25,,39084,28,,,0,70,,39085,28,,,0,23,,39088,28,,,0,25,,39087,28,,,0,69,,39086,28,,,0,32,,39090,28,,,0,72,,39093,28,,,0,71,,39095,28,,,0,32,,39091,28,,,0,72,,39096,28,,,0,32,,39089,28,,,0,73,,39092,28,,,0,33,,39094,28,,,0,72,,39097,28,,,0,32,,39098,28,,,0,72,,39099,28,,,0,34,,39101,28,,,0,69,,39100,28,,,0,28,,39103,28,,,0,68,,39105,28,,,0,27,,39107,28,,,0,68,,39104,28,,,0,30,,39110,28,,,0,72,,39109,28,,,0,30,,39106,28,,,0,73,,39108,28,,,0,30,,39102,28,,,0
300,'5_5',715,,39111,28,,,0,25,,39112,28,,,0,70,,39113,28,,,0,23,,39116,28,,,0,25,,39115,28,,,0,69,,39114,28,,,0,32,,39118,28,,,0,72,,39121,28,,,0,71,,39123,28,,,0,32,,39119,28,,,0,72,,39124,28,,,0,32,,39117,28,,,0,73,,39120,28,,,0,33,,39122,28,,,0,72,,39125,28,,,0,32,,39126,28,,,0,72,,39127,28,,,0,34,,39129,28,,,0,69,,39128,28,,,0,28,,39131,28,,,0,68,,39133,28,,,0,27,,39135,28,,,0,68,,39132,28,,,0,30,,39138,28,,,0,72,,39137,28,,,0,30,,39134,28,,,0,73,,39136,28,,,0,30,,39130,28,,,0
300,'6_1',715,,39139,28,,,0,25,,39140,28,,,0,70,,39141,28,,,0,23,,39144,28,,,0,25,,39143,28,,,0,69,,39142,28,,,0,32,,39146,28,,,0,72,,39149,28,,,0,71,,39151,28,,,0,32,,39147,28,,,0,72,,39152,28,,,0,32,,39145,28,,,0,73,,39148,28,,,0,33,,39150,28,,,0,72,,39153,28,,,0,32,,39154,28,,,0,72,,39155,28,,,0,34,,39157,28,,,0,69,,39156,28,,,0,28,,39159,28,,,0,68,,39161,28,,,0,27,,39163,28,,,0,68,,39160,28,,,0,30,,39166,28,,,0,72,,39165,28,,,0,30,,39162,28,,,0,73,,39164,28,,,0,30,,39158,28,,,0
800,'0_5',706,,31995,17,,,0,33,,31996,17,,,0,67,,31997,17,,,0,31,,31998,17,,,0,80,,31999,17,,,0,110,,32000,17,,,0,117,,32001,17,,,0,111,,32002,17,,,0,150,,32003,17,,,0,112,,32005,17,,,0,110,,32004,17,,,0
800,'5_1',706,,37651,17,,,0,33,,37652,17,,,0,67,,37653,17,,,0,31,,37654,17,,,0,80,,37655,17,,,0,110,,37656,17,,,0,117,,37657,17,,,0,111,,37658,17,,,0,150,,37659,17,,,0,112,,37661,17,,,0,110,,37660,17,,,0
800,'5_2',706,,39987,17,,,0,33,,39988,17,,,0,67,,39989,17,,,0,31,,39990,17,,,0,80,,39991,17,,,0,110,,39992,17,,,0,117,,39993,17,,,0,111,,39994,17,,,0,150,,39995,17,,,0,112,,39997,17,,,0,110,,39996,17,,,0
800,'5_3',706,,39998,17,,,0,33,,39999,17,,,0,67,,40000,17,,,0,31,,40001,17,,,0,80,,40002,17,,,0,110,,40003,17,,,0,117,,40004,17,,,0,111,,40005,17,,,0,150,,40006,17,,,0,112,,40008,17,,,0,110,,40007,17,,,0
800,'5_4',706,,40009,17,,,0,33,,40010,17,,,0,67,,40011,17,,,0,31,,40012,17,,,0,80,,40013,17,,,0,110,,40014,17,,,0,117,,40015,17,,,0,111,,40016,17,,,0,150,,40017,17,,,0,112,,40019,17,,,0,110,,40018,17,,,0
800,'5_5',706,,40020,17,,,0,33,,40021,17,,,0,67,,40022,17,,,0,31,,40023,17,,,0,80,,40024,17,,,0,110,,40025,17,,,0,117,,40026,17,,,0,111,,40027,17,,,0,150,,40028,17,,,0,112,,40030,17,,,0,110,,40029,17,,,0
800,'6_1',706,,40031,17,,,0,33,,40032,17,,,0,67,,40033,17,,,0,31,,40034,17,,,0,80,,40035,17,,,0,110,,40036,17,,,0,117,,40037,17,,,0,111,,40038,17,,,0,150,,40039,17,,,0,112,,40041,17,,,0,110,,40040,17,,,0
2200,'0_5',711,,33100,12,0,11 15 16,0,122,,33101,12,0,11 15 16,0,881,,33102,12,0,11 15 16,0
2000000,'0_5',638,,35475,2,,,0,21,,35457,2,,,0,56,,35485,2,,,0,14,,35441,2,,,0,13,,35468,2,,,0,16,,35450,2,,,0,56,,35477,2,,,0,15,,35460,2,,,0,16,,35488,2,,,0,57,,35442,2,,,0,16,,35473,2,,,0,15,,35451,2,,,0,16,,35478,2,,,0,55,,35458,2,,,0,16,,35486,2,,,0,16,,35443,2,,,0,16,,35474,2,,,0,55,,35452,2,,,0,15,,35479,2,,,0,17,,35459,2,,,0,14,,35489,2,,,0,53,,35444,2,,,0,18,,35467,2,,,0,17,,35453,2,,,0,15,,35476,2,,,0,55,,35461,2,,,0,15,,35487,2,,,0,15,,35446,2,,,0,15,,35469,2,,,0,55,,35456,2,,,0,15,,35481,2,,,0,15,,35462,2,,,0,14,,35490,2,,,0,55,,35447,2,,,0,15,,35470,2,,,0,15,,35455,2,,,0,15,,35480,2,,,0,54,,35463,2,,,0,16,,35439,2,,,0,12,,35491,2,,,0,18,,35445,2,,,0,54,,35472,2,,,0,18,,35454,2,,,0,15,,35482,2,,,0,15,,35465,2,,,0,56,,35440,2,,,0,15,,35492,2,,,0,16,,35448,2,,,0,56,,35471,2,,,0,14,,35483,2,,,0,19,,35464,2,,,0,22,,35493,2,,,0,61,,35449,2,,,0,19,,35484,2,,,0,21,,35466,2,,,0
2000000,'2_6',636,,35553,2,,,0,80,,35554,2,,,0,39,,35555,2,,,0,68,,35556,2,,,0,21,,35557,2,,,0,60,,35558,2,,,0,17,,35559,2,,,0,18,,35560,2,,,0,19,,35561,2,,,0,60,,35562,2,,,0,19,,35563,2,,,0,19,,35564,2,,,0,59,,35565,2,,,0,20,,35566,2,,,0,19,,35567,2,,,0,59,,35568,2,,,0,18,,35569,2,,,0,19,,35570,2,,,0,59,,35571,2,,,0,19,,35572,2,,,0,18,,35573,2,,,0,59,,35574,2,,,0,20,,35575,2,,,0,20,,35576,2,,,0,59,,35577,2,,,0,19,,35578,2,,,0,20,,35579,2,,,0,60,,35580,2,,,0,20,,35581,2,,,0,20,,35582,2,,,0,59,,35583,2,,,0,20,,35584,2,,,0,20,,35585,2,,,0,60,,35586,2,,,0,19,,35587,2,,,0,20,,35588,2,,,0,65,,35589,2,,,0,25,,35590,2,,,0,25,,35591,2,,,0,65,,35592,2,,,0,25,,35593,2,,,0
2000000,'3_7',812,,35594,2,,,0,40,,35595,2,,,0,80,,35596,2,,,0,80,,35597,2,,,0,40,,35598,2,,,0,80,,35599,2,,,0,80,,35600,2,,,0,40,,35601,2,,,0,80,,35602,2,,,0,80,,35603,2,,,0,40,,35604,2,,,0,80,,35605,2,,,0,80,,35606,2,,,0,40,,35607,2,,,0,80,,35608,2,,,0,80,,35609,2,,,0,40,,35610,2,,,0,80,,35611,2,,,0
2000000,'5_1',639,,38071,2,,,0,63,,38068,2,,,0,16,,38073,2,,,0,15,,38066,2,,,0,15,,38070,2,,,0,54,,38067,2,,,0,14,,38072,2,,,0,15,,38069,2,,,0,16,,38074,2,,,0,55,,38075,2,,,0,13,,38076,2,,,0,15,,38077,2,,,0,15,,38078,2,,,0,14,,38079,2,,,0,55,,38080,2,,,0,15,,38081,2,,,0,16,,38082,2,,,0,55,,38083,2,,,0,15,,38084,2,,,0,15,,38085,2,,,0,15,,38086,2,,,0,56,,38087,2,,,0,15,,38088,2,,,0,15,,38089,2,,,0,15,,38090,2,,,0,55,,38091,2,,,0,15,,38092,2,,,0,15,,38093,2,,,0,15,,38094,2,,,0,55,,38095,2,,,0,15,,38096,2,,,0,15,,38097,2,,,0,15,,38098,2,,,0,55,,38099,2,,,0,15,,38100,2,,,0,15,,38101,2,,,0,15,,38102,2,,,0,55,,38103,2,,,0,15,,38104,2,,,0,15,,38105,2,,,0,15,,38106,2,,,0,55,,38107,2,,,0,15,,38108,2,,,0,15,,38109,2,,,0,15,,38110,2,,,0,55,,38111,2,,,0,16,,38112,2,,,0,15,,38113,2,,,0,15,,38114,2,,,0,61,,38117,2,,,0,21,,38118,2,,,0,20,,38119,2,,,0,60,,38120,2,,,0,21,,38115,2,,,0,20,,38116,2,,,0
2000000,'5_2',639,,42070,2,,,0,63,,42067,2,,,0,16,,42072,2,,,0,15,,42065,2,,,0,15,,42069,2,,,0,54,,42066,2,,,0,14,,42071,2,,,0,15,,42068,2,,,0,16,,42073,2,,,0,55,,42074,2,,,0,13,,42075,2,,,0,15,,42076,2,,,0,15,,42077,2,,,0,14,,42078,2,,,0,55,,42079,2,,,0,15,,42080,2,,,0,16,,42081,2,,,0,55,,42082,2,,,0,15,,42083,2,,,0,15,,42084,2,,,0,15,,42085,2,,,0,56,,42086,2,,,0,15,,42087,2,,,0,15,,42088,2,,,0,15,,42089,2,,,0,55,,42090,2,,,0,15,,42091,2,,,0,15,,42092,2,,,0,15,,42093,2,,,0,55,,42094,2,,,0,15,,42095,2,,,0,15,,42096,2,,,0,15,,42097,2,,,0,55,,42098,2,,,0,15,,42099,2,,,0,15,,42100,2,,,0,15,,42101,2,,,0,55,,42102,2,,,0,15,,42103,2,,,0,15,,42104,2,,,0,15,,42105,2,,,0,55,,42106,2,,,0,15,,42107,2,,,0,15,,42108,2,,,0,15,,42109,2,,,0,55,,42110,2,,,0,16,,42111,2,,,0,15,,42112,2,,,0,15,,42113,2,,,0,61,,42116,2,,,0,21,,42117,2,,,0,20,,42118,2,,,0,60,,42119,2,,,0,21,,42114,2,,,0,20,,42115,2,,,0
2000000,'5_3',639,,42125,2,,,0,63,,42122,2,,,0,16,,42127,2,,,0,15,,42120,2,,,0,15,,42124,2,,,0,54,,42121,2,,,0,14,,42126,2,,,0,15,,42123,2,,,0,16,,42128,2,,,0,55,,42129,2,,,0,13,,42130,2,,,0,15,,42131,2,,,0,15,,42132,2,,,0,14,,42133,2,,,0,55,,42134,2,,,0,15,,42135,2,,,0,16,,42136,2,,,0,55,,42137,2,,,0,15,,42138,2,,,0,15,,42139,2,,,0,15,,42140,2,,,0,56,,42141,2,,,0,15,,42142,2,,,0,15,,42143,2,,,0,15,,42144,2,,,0,55,,42145,2,,,0,15,,42146,2,,,0,15,,42147,2,,,0,15,,42148,2,,,0,55,,42149,2,,,0,15,,42150,2,,,0,15,,42151,2,,,0,15,,42152,2,,,0,55,,42153,2,,,0,15,,42154,2,,,0,15,,42155,2,,,0,15,,42156,2,,,0,55,,42157,2,,,0,15,,42158,2,,,0,15,,42159,2,,,0,15,,42160,2,,,0,55,,42161,2,,,0,15,,42162,2,,,0,15,,42163,2,,,0,15,,42164,2,,,0,55,,42165,2,,,0,16,,42166,2,,,0,15,,42167,2,,,0,15,,42168,2,,,0,61,,42171,2,,,0,21,,42172,2,,,0,20,,42173,2,,,0,60,,42174,2,,,0,21,,42169,2,,,0,20,,42170,2,,,0
2000000,'5_4',639,,42180,2,,,0,63,,42177,2,,,0,16,,42182,2,,,0,15,,42175,2,,,0,15,,42179,2,,,0,54,,42176,2,,,0,14,,42181,2,,,0,15,,42178,2,,,0,16,,42183,2,,,0,55,,42184,2,,,0,13,,42185,2,,,0,15,,42186,2,,,0,15,,42187,2,,,0,14,,42188,2,,,0,55,,42189,2,,,0,15,,42190,2,,,0,16,,42191,2,,,0,55,,42192,2,,,0,15,,42193,2,,,0,15,,42194,2,,,0,15,,42195,2,,,0,56,,42196,2,,,0,15,,42197,2,,,0,15,,42198,2,,,0,15,,42199,2,,,0,55,,42200,2,,,0,15,,42201,2,,,0,15,,42202,2,,,0,15,,42203,2,,,0,55,,42204,2,,,0,15,,42205,2,,,0,15,,42206,2,,,0,15,,42207,2,,,0,55,,42208,2,,,0,15,,42209,2,,,0,15,,42210,2,,,0,15,,42211,2,,,0,55,,42212,2,,,0,15,,42213,2,,,0,15,,42214,2,,,0,15,,42215,2,,,0,55,,42216,2,,,0,15,,42217,2,,,0,15,,42218,2,,,0,15,,42219,2,,,0,55,,42220,2,,,0,16,,42221,2,,,0,15,,42222,2,,,0,15,,42223,2,,,0,61,,42226,2,,,0,21,,42227,2,,,0,20,,42228,2,,,0,60,,42229,2,,,0,21,,42224,2,,,0,20,,42225,2,,,0
2000000,'5_5',639,,42235,2,,,0,63,,42232,2,,,0,16,,42237,2,,,0,15,,42230,2,,,0,15,,42234,2,,,0,54,,42231,2,,,0,14,,42236,2,,,0,15,,42233,2,,,0,16,,42238,2,,,0,55,,42239,2,,,0,13,,42240,2,,,0,15,,42241,2,,,0,15,,42242,2,,,0,14,,42243,2,,,0,55,,42244,2,,,0,15,,42245,2,,,0,16,,42246,2,,,0,55,,42247,2,,,0,15,,42248,2,,,0,15,,42249,2,,,0,15,,42250,2,,,0,56,,42251,2,,,0,15,,42252,2,,,0,15,,42253,2,,,0,15,,42254,2,,,0,55,,42255,2,,,0,15,,42256,2,,,0,15,,42257,2,,,0,15,,42258,2,,,0,55,,42259,2,,,0,15,,42260,2,,,0,15,,42261,2,,,0,15,,42262,2,,,0,55,,42263,2,,,0,15,,42264,2,,,0,15,,42265,2,,,0,15,,42266,2,,,0,55,,42267,2,,,0,15,,42268,2,,,0,15,,42269,2,,,0,15,,42270,2,,,0,55,,42271,2,,,0,15,,42272,2,,,0,15,,42273,2,,,0,15,,42274,2,,,0,55,,42275,2,,,0,16,,42276,2,,,0,15,,42277,2,,,0,15,,42278,2,,,0,61,,42281,2,,,0,21,,42282,2,,,0,20,,42283,2,,,0,60,,42284,2,,,0,21,,42279,2,,,0,20,,42280,2,,,0
2000000,'6_1',639,,42290,2,,,0,63,,42287,2,,,0,16,,42292,2,,,0,15,,42285,2,,,0,15,,42289,2,,,0,54,,42286,2,,,0,14,,42291,2,,,0,15,,42288,2,,,0,16,,42293,2,,,0,55,,42294,2,,,0,13,,42295,2,,,0,15,,42296,2,,,0,15,,42297,2,,,0,14,,42298,2,,,0,55,,42299,2,,,0,15,,42300,2,,,0,16,,42301,2,,,0,55,,42302,2,,,0,15,,42303,2,,,0,15,,42304,2,,,0,15,,42305,2,,,0,56,,42306,2,,,0,15,,42307,2,,,0,15,,42308,2,,,0,15,,42309,2,,,0,55,,42310,2,,,0,15,,42311,2,,,0,15,,42312,2,,,0,15,,42313,2,,,0,55,,42314,2,,,0,15,,42315,2,,,0,15,,42316,2,,,0,15,,42317,2,,,0,55,,42318,2,,,0,15,,42319,2,,,0,15,,42320,2,,,0,15,,42321,2,,,0,55,,42322,2,,,0,15,,42323,2,,,0,15,,42324,2,,,0,15,,42325,2,,,0,55,,42326,2,,,0,15,,42327,2,,,0,15,,42328,2,,,0,15,,42329,2,,,0,55,,42330,2,,,0,16,,42331,2,,,0,15,,42332,2,,,0,15,,42333,2,,,0,61,,42336,2,,,0,21,,42337,2,,,0,20,,42338,2,,,0,60,,42339,2,,,0,21,,42334,2,,,0,20,,42335,2,,,0
