200,'0_6',638,,63315,3,0,34,0,108,,63316,3,0,34,0,85,,63339,3,0,38,0,127,,63318,3,0,34,0,151,,63319,3,0,34,0,105,,63320,1,0,34,0,98,,63321,3,0,34,0,102,,63322,3,0,34,0,105,,63323,3,0,34,0,103,,63324,3,0,34,0,101,,63325,3,0,34,0,113,,63336,3,0,35 37,0
200,'2_1',638,,63358,3,0,34,0,108,,63359,3,0,34,0,85,,63382,3,0,38,0,127,,63361,3,0,34,0,151,,63362,3,0,34,0,105,,63363,1,0,34,0,98,,63364,3,0,34,0,102,,63365,3,0,34,0,105,,63366,3,0,34,0,103,,63367,3,0,34,0,101,,63368,3,0,34,0,113,,63379,3,0,35 37,0
200,'2_2',638,,63393,3,0,34,0,108,,63394,3,0,34,0,85,,63417,3,0,38,0,127,,63396,3,0,34,0,151,,63397,3,0,34,0,105,,63398,1,0,34,0,98,,63399,3,0,34,0,102,,63400,3,0,34,0,105,,63401,3,0,34,0,103,,63402,3,0,34,0,101,,63403,3,0,34,0,113,,63414,3,0,35 37,0
200,'2_3',638,,63428,3,0,34,0,108,,63429,3,0,34,0,85,,63452,3,0,38,0,127,,63431,3,0,34,0,151,,63432,3,0,34,0,105,,63433,1,0,34,0,98,,63434,3,0,34,0,102,,63435,3,0,34,0,105,,63436,3,0,34,0,103,,63437,3,0,34,0,101,,63438,3,0,34,0,113,,63449,3,0,35 37,0
200,'2_4',638,,63463,3,0,34,0,108,,63464,3,0,34,0,85,,63487,3,0,38,0,127,,63466,3,0,34,0,151,,63467,3,0,34,0,105,,63468,1,0,34,0,98,,63469,3,0,34,0,102,,63470,3,0,34,0,105,,63471,3,0,34,0,103,,63472,3,0,34,0,101,,63473,3,0,34,0,113,,63484,3,0,35 37,0
200,'2_5',638,,63498,3,0,34,0,108,,63499,3,0,34,0,85,,63522,3,0,38,0,127,,63501,3,0,34,0,151,,63502,3,0,34,0,105,,63503,1,0,34,0,98,,63504,3,0,34,0,102,,63505,3,0,34,0,105,,63506,3,0,34,0,103,,63507,3,0,34,0,101,,63508,3,0,34,0,113,,63519,3,0,35 37,0
200,'3_1',638,,63533,3,0,34,0,108,,63534,3,0,34,0,85,,63557,3,0,38,0,127,,63536,3,0,34,0,151,,63537,3,0,34,0,105,,63538,1,0,34,0,98,,63539,3,0,34,0,102,,63540,3,0,34,0,105,,63541,3,0,34,0,103,,63542,3,0,34,0,101,,63543,3,0,34,0,113,,63554,3,0,35 37,0
200,'3_3',638,,63568,3,0,34,0,108,,63569,3,0,34,0,85,,63592,3,0,38,0,127,,63571,3,0,34,0,151,,63572,3,0,34,0,105,,63573,1,0,34,0,98,,63574,3,0,34,0,102,,63575,3,0,34,0,105,,63576,3,0,34,0,103,,63577,3,0,34,0,101,,63578,3,0,34,0,113,,63589,3,0,35 37,0
200,'3_4',638,,63603,3,0,34,0,108,,63604,3,0,34,0,85,,63627,3,0,38,0,127,,63606,3,0,34,0,151,,63607,3,0,34,0,105,,63608,1,0,34,0,98,,63609,3,0,34,0,102,,63610,3,0,34,0,105,,63611,3,0,34,0,103,,63612,3,0,34,0,101,,63613,3,0,34,0,113,,63624,3,0,35 37,0
200,'3_5',638,,63638,3,0,34,0,108,,63639,3,0,34,0,85,,63662,3,0,38,0,127,,63641,3,0,34,0,151,,63642,3,0,34,0,105,,63643,1,0,34,0,98,,63644,3,0,34,0,102,,63645,3,0,34,0,105,,63646,3,0,34,0,103,,63647,3,0,34,0,101,,63648,3,0,34,0,113,,63659,3,0,35 37,0
