601,'2509-HIV-25j05H-d-Dimanche-00',1004,,10334,,,0,255,,10335,,,0,250,,10336,,,0,215,,10337,,,0
601,'2509-HIV-25j26H-d-Dimanche-00',1004,,10338,,,0,255,,10339,,,0,250,,10340,,,0,215,,10341,,,0
601,'2509-HIV-25k03H-s-Samedi-00',744,,10342,,,0,90,,10344,,,0,96,,10345,,,0,93,,10346,,,0,89,,10347,,,0,88,,10348,,,0,48,,10349,,,0,90,,10350,,,0,88,,10351,,,0,89,,10352,,,0,100,,10353,,,0,91,,10354,,,0,94,,10355,,,0,47,,10356,,,0,90,,10343,,,0
601,'2509-HIV-25l22Vlv-Semaine-00',614,,10357,,,0,109,,10371,,,0,92,,10358,,,0,93,,10359,,,0,93,,10360,,,0,45,,10361,,,0,93,,10372,,,0,83,,10362,,,0,20,,10363,,,0,96,,10364,,,0,84,,10365,,,0,103,,10366,,,0,85,,10367,,,0,94,,10368,,,0,49,,10373,,,0,90,,10369,,,0,94,,10370,,,0
601,'2509-HIV-26a05H-s-Samedi-00',744,,10374,,,0,90,,10376,,,0,96,,10377,,,0,93,,10378,,,0,89,,10379,,,0,88,,10380,,,0,48,,10381,,,0,90,,10382,,,0,88,,10383,,,0,89,,10384,,,0,100,,10385,,,0,91,,10386,,,0,94,,10387,,,0,47,,10388,,,0,90,,10375,,,0
601,'2509-HIV-26a05H-w-Mercredi-00',614,,10389,,,0,108,,10402,,,0,96,,10390,,,0,102,,10391,,,0,99,,10392,,,0,100,,10393,,,0,125,,10394,,,0,80,,10395,,,0,104,,10396,,,0,94,,10397,,,0,80,,10403,,,0,40,,10398,,,0,75,,10404,,,0,28,,10399,,,0,72,,10405,,,0,27,,10400,,,0,94,,10401,,,0
601,'2509-HIV-26a05H-w-Mercredi-00-0010000',1222,,10406,,,0
601,'2509-HIV-26a05Hlv-L-Ma-J-V-00',614,,10407,,,0,108,,10420,,,0,96,,10408,,,0,102,,10409,,,0,99,,10410,,,0,100,,10411,,,0,125,,10412,,,0,80,,10413,,,0,104,,10414,,,0,94,,10415,,,0,80,,10421,,,0,40,,10416,,,0,75,,10422,,,0,28,,10417,,,0,72,,10423,,,0,27,,10418,,,0,94,,10419,,,0
601,'2509-HIV-26a05Hlv-L-Ma-J-V-00-1101100',1222,,10424,,,0
601,'2509-HIV-26b23Vlv-Semaine-00',614,,10425,,,0,109,,10439,,,0,92,,10426,,,0,93,,10427,,,0,93,,10428,,,0,45,,10429,,,0,93,,10440,,,0,83,,10430,,,0,20,,10431,,,0,96,,10432,,,0,84,,10433,,,0,103,,10434,,,0,85,,10435,,,0,94,,10436,,,0,49,,10441,,,0,90,,10437,,,0,94,,10438,,,0
601,'2509-HIV-26c02Vlv-Semaine-00',614,,10442,,,0,109,,10456,,,0,92,,10443,,,0,93,,10444,,,0,93,,10445,,,0,45,,10446,,,0,93,,10457,,,0,83,,10447,,,0,20,,10448,,,0,96,,10449,,,0,84,,10450,,,0,103,,10451,,,0,85,,10452,,,0,94,,10453,,,0,49,,10458,,,0,90,,10454,,,0,94,,10455,,,0
901,'2509-HIV-25j05H-d-Dimanche-00',939,,10862,,,0,300,,10864,0,8,0,300,,10865,0,8,0,300,,10863,,,0
901,'2509-HIV-25j26H-d-Dimanche-00',939,,10866,,,0,300,,10868,0,8,0,300,,10869,0,8,0,300,,10867,,,0
901,'2509-HIV-25k03H-s-Samedi-00',742,,10870,0,9 10 9,0,99,,10882,0,8,0,367,,10880,0,8,0,319,,10878,0,8,0,82,,10871,0,9 10 9,0,103,,10872,0,9 10 9,0,135,,10873,0,9 10 9,0,90,,10874,0,9 10 9,0
901,'2509-HIV-25l22Vlv-Semaine-00',742,,10883,0,11,0,66,,10884,0,12,0,103,,10885,0,9 10 9,0,289,,10889,0,8,0,327,,10896,0,8,0,91,,10892,0,9 10 9,0,95,,10893,0,9 10 9,0,129,,10894,0,9 10 9,0,95,,10895,0,9 10 9,0
901,'2509-HIV-26a05H-s-Samedi-00',742,,10897,0,9 10 9,0,99,,10909,0,8,0,367,,10907,0,8,0,319,,10905,0,8,0,82,,10898,0,9 10 9,0,103,,10899,0,9 10 9,0,135,,10900,0,9 10 9,0,90,,10901,0,9 10 9,0
901,'2509-HIV-26a05H-w-Mercredi-00',743,,10910,0,11,0,66,,10911,0,12,0,102,,10916,0,9 10 9,0,192,,10917,0,9 10 9,0,107,,10912,0,12,0,34,,10921,,,0,105,,10918,0,9 10 9,0,151,,10919,0,9 10 9,0,110,,10913,0,12,0,21,,10924,,,0,79,,10914,0,12,0,100,,10915,0,12,0,127,,10925,,,0
901,'2509-HIV-26a05Hlv-L-Ma-J-V-00',743,,10926,0,11,0,66,,10927,0,12,0,102,,10932,0,9 10 9,0,192,,10933,0,9 10 9,0,107,,10928,0,12,0,34,,10937,,,0,105,,10934,0,9 10 9,0,151,,10935,0,9 10 9,0,110,,10929,0,12,0,21,,10940,,,0,79,,10930,0,12,0,100,,10931,0,12,0,127,,10941,,,0
901,'2509-HIV-26b23Vlv-Semaine-00',742,,10942,0,11,0,66,,10943,0,12,0,103,,10944,0,9 10 9,0,289,,10948,0,8,0,327,,10955,0,8,0,91,,10951,0,9 10 9,0,95,,10952,0,9 10 9,0,129,,10953,0,9 10 9,0,95,,10954,0,9 10 9,0
901,'2509-HIV-26c02Vlv-Semaine-00',742,,10956,0,11,0,66,,10957,0,12,0,103,,10958,0,9 10 9,0,289,,10962,0,8,0,327,,10969,0,8,0,91,,10965,0,9 10 9,0,95,,10966,0,9 10 9,0,129,,10967,0,9 10 9,0,95,,10968,0,9 10 9,0
1901,'2509-HIV-26a05H-w-Mercredi-00-0010000',1210,,11678,,,0,34,,11679,0,,0
1901,'2509-HIV-26a05Hlv-L-Ma-J-V-00-1101100',1610,,11684,,,0,100,,11685,,,0,100,,11686,,,0
