2500,'0_6',751,,67728,18,,,0,153,,67729,18,,,0,127,,67730,18,,,0,114,,67731,18,,,0,168,,67732,18,,,0,113,,67733,18,,,0,132,,67734,18,,,0,159,,67735,18,,,0,120,,67736,18,,,0,114,,67737,18,,,0
2500,'2_1',751,,67738,18,,,0,153,,67739,18,,,0,127,,67740,18,,,0,114,,67741,18,,,0,168,,67742,18,,,0,113,,67743,18,,,0,132,,67744,18,,,0,159,,67745,18,,,0,120,,67746,18,,,0,114,,67747,18,,,0
2500,'2_2',751,,67748,18,,,0,153,,67749,18,,,0,127,,67750,18,,,0,114,,67751,18,,,0,168,,67752,18,,,0,113,,67753,18,,,0,132,,67754,18,,,0,159,,67755,18,,,0,120,,67756,18,,,0,114,,67757,18,,,0
2500,'2_3',751,,67758,18,,,0,153,,67759,18,,,0,127,,67760,18,,,0,114,,67761,18,,,0,168,,67762,18,,,0,113,,67763,18,,,0,132,,67764,18,,,0,159,,67765,18,,,0,120,,67766,18,,,0,114,,67767,18,,,0
2500,'2_4',751,,67768,18,,,0,153,,67769,18,,,0,127,,67770,18,,,0,114,,67771,18,,,0,168,,67772,18,,,0,113,,67773,18,,,0,132,,67774,18,,,0,159,,67775,18,,,0,120,,67776,18,,,0,114,,67777,18,,,0
2500,'2_5',751,,67778,18,,,0,153,,67779,18,,,0,127,,67780,18,,,0,114,,67781,18,,,0,168,,67782,18,,,0,113,,67783,18,,,0,132,,67784,18,,,0,159,,67785,18,,,0,120,,67786,18,,,0,114,,67787,18,,,0
2500,'3_1',751,,67788,18,,,0,153,,67789,18,,,0,127,,67790,18,,,0,114,,67791,18,,,0,168,,67792,18,,,0,113,,67793,18,,,0,132,,67794,18,,,0,159,,67795,18,,,0,120,,67796,18,,,0,114,,67797,18,,,0
2500,'3_3',751,,67798,18,,,0,153,,67799,18,,,0,127,,67800,18,,,0,114,,67801,18,,,0,168,,67802,18,,,0,113,,67803,18,,,0,132,,67804,18,,,0,159,,67805,18,,,0,120,,67806,18,,,0,114,,67807,18,,,0
2500,'3_4',751,,67808,18,,,0,153,,67809,18,,,0,127,,67810,18,,,0,114,,67811,18,,,0,168,,67812,18,,,0,113,,67813,18,,,0,132,,67814,18,,,0,159,,67815,18,,,0,120,,67816,18,,,0,114,,67817,18,,,0
2500,'3_5',751,,67818,18,,,0,153,,67819,18,,,0,127,,67820,18,,,0,114,,67821,18,,,0,168,,67822,18,,,0,113,,67823,18,,,0,132,,67824,18,,,0,159,,67825,18,,,0,120,,67826,18,,,0,114,,67827,18,,,0
