601,'25j05H-Dimanche',1001,,2258,,,0,255,,2259,,,0,250,,2260,,,0,215,,2261,,,0
601,'25j26H-Dimanche',1001,,2262,,,0,255,,2263,,,0,250,,2264,,,0,215,,2265,,,0
601,'26a05H-Samedi',742,,2298,,,0,90,,2300,,,0,96,,2301,,,0,93,,2302,,,0,89,,2303,,,0,48,,2304,,,0,88,,2305,,,0,90,,2306,,,0,88,,2307,,,0,89,,2308,,,0,100,,2309,,,0,91,,2310,,,0,54,,2311,,,0,87,,2312,,,0,90,,2299,,,0
601,'26a05H-Mercredi',612,,2313,,,0,108,,2326,,,0,96,,2314,,,0,102,,2315,,,0,99,,2316,,,0,100,,2317,,,0,125,,2318,,,0,80,,2319,,,0,104,,2320,,,0,94,,2321,,,0,39,,2327,,,0,80,,2322,,,0,75,,2328,,,0,28,,2323,,,0,73,,2329,,,0,27,,2324,,,0,94,,2325,,,0
601,'26a05H-Mercredi0010000',1219,,2330,,,0
601,'26a05H-L-Ma-J-V',612,,2331,,,0,108,,2344,,,0,96,,2332,,,0,102,,2333,,,0,99,,2334,,,0,100,,2335,,,0,125,,2336,,,0,80,,2337,,,0,104,,2338,,,0,94,,2339,,,0,39,,2345,,,0,80,,2340,,,0,75,,2346,,,0,28,,2341,,,0,73,,2347,,,0,27,,2342,,,0,94,,2343,,,0
601,'26a05H-L-Ma-J-V1101100',1219,,2348,,,0
601,'26b23V-Semaine',612,,2349,,,0,109,,2363,,,0,92,,2350,,,0,93,,2351,,,0,53,,2352,,,0,85,,2353,,,0,93,,2364,,,0,83,,2354,,,0,20,,2355,,,0,96,,2356,,,0,84,,2357,,,0,103,,2358,,,0,85,,2359,,,0,94,,2360,,,0,49,,2365,,,0,90,,2361,,,0,94,,2362,,,0
601,'26c02V-Semaine',612,,2366,,,0,109,,2380,,,0,92,,2367,,,0,93,,2368,,,0,53,,2369,,,0,85,,2370,,,0,93,,2381,,,0,83,,2371,,,0,20,,2372,,,0,96,,2373,,,0,84,,2374,,,0,103,,2375,,,0,85,,2376,,,0,94,,2377,,,0,49,,2382,,,0,90,,2378,,,0,94,,2379,,,0
901,'25j05H-Dimanche',936,,2786,,,0,300,,2788,0,8,0,300,,2789,0,8,0,300,,2787,,,0
901,'25j26H-Dimanche',936,,2790,,,0,300,,2792,0,8,0,300,,2793,0,8,0,300,,2791,,,0
901,'26a05H-Samedi',740,,2821,0,9 10 9,0,99,,2833,0,8,0,367,,2831,0,8,0,319,,2829,0,8,0,82,,2822,0,9 10 9,0,103,,2823,0,9 10 9,0,135,,2824,0,9 10 9,0,90,,2825,0,9 10 9,0
901,'26a05H-Mercredi',740,,2834,0,11,0,66,,2835,0,12,0,102,,2840,0,9 10 9,0,192,,2841,0,9 10 9,0,107,,2836,0,12,0,34,,2845,,,0,105,,2842,0,9 10 9,0,111,,2843,0,9 10 9,0,150,,2837,0,12,0,21,,2848,,,0,79,,2838,0,12,0,100,,2839,0,12,0,128,,2849,,,0
901,'26a05H-L-Ma-J-V',740,,2850,0,11,0,66,,2851,0,12,0,102,,2856,0,9 10 9,0,192,,2857,0,9 10 9,0,107,,2852,0,12,0,34,,2861,,,0,105,,2858,0,9 10 9,0,111,,2859,0,9 10 9,0,150,,2853,0,12,0,21,,2864,,,0,79,,2854,0,12,0,100,,2855,0,12,0,128,,2865,,,0
901,'26b23V-Semaine',740,,2866,0,11,0,66,,2867,0,12,0,103,,2868,0,9 10 9,0,249,,2872,0,8,0,367,,2879,0,8,0,91,,2875,0,9 10 9,0,95,,2876,0,9 10 9,0,129,,2877,0,9 10 9,0,95,,2878,0,9 10 9,0
901,'26c02V-Semaine',740,,2880,0,11,0,66,,2881,0,12,0,103,,2882,0,9 10 9,0,249,,2886,0,8,0,367,,2893,0,8,0,91,,2889,0,9 10 9,0,95,,2890,0,9 10 9,0,129,,2891,0,9 10 9,0,95,,2892,0,9 10 9,0
1901,'26a05H-Mercredi0010000',1207,,3602,,,0,34,,3603,,,0
1901,'26a05H-L-Ma-J-V1101100',1607,,3608,,,0,100,,3609,,,0,100,,3610,,,0
2601,'26a05H-Samedi',741,,4064,,,0,86,,4067,,,0,85,,4068,,,0,47,,4069,,,0,90,,4070,,,0,84,,4071,,,0,83,,4072,,,0,85,,4073,,,0,42,,4074,,,0,85,,4075,,,0,86,,4076,,,0,91,,4077,,,0,46,,4078,,,0,81,,4079,,,0,86,,4080,,,0,82,,4066,,,0,41,,4065,,,0
2601,'26a05H-Mercredi',737,,4089,,,0,3,,4087,,,0,2,,4081,,,0,72,,4090,,,0,24,,4092,,,0,9,,4088,,,0,55,,4091,,,0,39,,4082,,,0,100,,4083,,,0,100,,4099,,,0,100,,4084,,,0,67,,4100,,,0,22,,4101,,,0,92,,4085,,,0,95,,4086,,,0,114,,4094,,,0,89,,4095,,,0,27,,4096,,,0,89,,4097,,,0,23,,4098,,,0,92,,4093,,,0
2601,'26a05H-L-Ma-J-V',737,,4110,,,0,3,,4108,,,0,2,,4102,,,0,72,,4111,,,0,24,,4113,,,0,9,,4109,,,0,55,,4112,,,0,39,,4103,,,0,100,,4104,,,0,100,,4120,,,0,100,,4105,,,0,67,,4121,,,0,22,,4122,,,0,92,,4106,,,0,95,,4107,,,0,114,,4115,,,0,89,,4116,,,0,27,,4117,,,0,89,,4118,,,0,23,,4119,,,0,92,,4114,,,0
2601,'26a05H-L-Ma-J-V1101100',1335,,4123,,,0
2601,'26b23V-Semaine',741,,4124,,,0,86,,4125,,,0,85,,4126,,,0,47,,4127,,,0,90,,4128,,,0,84,,4129,,,0,83,,4130,,,0,85,,4131,,,0,42,,4132,,,0,85,,4133,,,0,86,,4134,,,0,91,,4135,,,0,46,,4136,,,0,81,,4137,,,0,86,,4138,,,0,82,,4139,,,0,41,,4140,,,0
2601,'26c02V-Semaine',741,,4141,,,0,86,,4142,,,0,85,,4143,,,0,47,,4144,,,0,90,,4145,,,0,84,,4146,,,0,83,,4147,,,0,85,,4148,,,0,42,,4149,,,0,85,,4150,,,0,86,,4151,,,0,91,,4152,,,0,46,,4153,,,0,81,,4154,,,0,86,,4155,,,0,82,,4156,,,0,41,,4157,,,0
