100,'0_6',745,,62779,50,0,61 8,0,109,,62791,50,0,61 8,0,95,,62780,50,0,61 8,0,70,,62792,50,0,61 8,0,30,,62781,50,0,61 8,0,72,,62793,50,0,61 8,0,30,,62782,50,0,61 8,0,69,,62794,50,0,61 8,0,30,,62783,50,0,61 8,0,68,,62795,50,0,61 8,0,31,,62784,50,0,61 8,0,70,,62796,50,0,61 8,0,30,,62785,50,0,61 8,0,70,,62797,50,0,61 8,0,30,,62786,50,0,61 8,0,72,,62798,50,0,61 8,0,32,,62787,50,0,61 8,0,72,,62799,50,0,61 8,0,31,,62788,50,0,61 8,0,68,,62800,50,0,61 8,0,27,,62789,50,0,61 8,0,71,,62801,50,0,61 8,0,28,,62790,50,0,61 8,0
100,'1_7',946,,62802,50,0,61 8,0,104,,62807,50,0,61 8,0,106,,62803,50,0,61 8,0,144,,62808,50,0,61 8,0,50,,62804,50,0,61 8,0,100,,62809,50,0,61 8,0,106,,62805,50,0,61 8,0,145,,62810,50,0,61 8,0,104,,62806,50,0,61 8,0,105,,62811,50,0,61 8,0
100,'2_1',745,,62812,50,0,61 8,0,69,,62813,50,,,0,35,,62815,50,0,61 8,0,65,,62816,50,0,61 8,0,30,,62814,50,0,61 8,0,69,,62817,50,0,61 8,0,35,,62818,50,0,61 8,0,70,,62821,50,0,61 8,0,31,,62819,50,0,61 8,0,72,,62820,50,0,61 8,0,31,,62823,50,,,0,70,,62822,50,0,61 8,0,31,,62824,50,,,0,70,,62825,50,0,61 8,0,30,,62827,50,0,61 8,0,69,,62826,50,0,61 8,0,31,,62831,50,0,61 8,0,71,,62830,50,0,61 8,0,32,,62832,50,,,0,75,,62828,50,0,61 8,0,28,,62833,50,,,0,70,,62829,50,0,61 8,0,27,,62834,50,,,0,70,,62835,50,0,61 8,0,29,,62836,50,,,0
100,'2_2',745,,62837,50,0,61 8,0,69,,62838,50,,,0,35,,62840,50,0,61 8,0,65,,62841,50,0,61 8,0,30,,62839,50,0,61 8,0,69,,62842,50,0,61 8,0,35,,62843,50,0,61 8,0,70,,62846,50,0,61 8,0,31,,62844,50,0,61 8,0,72,,62845,50,0,61 8,0,31,,62848,50,,,0,70,,62847,50,0,61 8,0,31,,62849,50,,,0,70,,62850,50,0,61 8,0,30,,62852,50,0,61 8,0,69,,62851,50,0,61 8,0,31,,62856,50,0,61 8,0,71,,62855,50,0,61 8,0,32,,62857,50,,,0,75,,62853,50,0,61 8,0,28,,62858,50,,,0,70,,62854,50,0,61 8,0,27,,62859,50,,,0,70,,62860,50,0,61 8,0,29,,62861,50,,,0
100,'2_3',745,,62862,50,0,61 8,0,69,,62863,50,,,0,35,,62865,50,0,61 8,0,65,,62866,50,0,61 8,0,30,,62864,50,0,61 8,0,69,,62867,50,0,61 8,0,35,,62868,50,0,61 8,0,70,,62871,50,0,61 8,0,31,,62869,50,0,61 8,0,72,,62870,50,0,61 8,0,31,,62873,50,,,0,70,,62872,50,0,61 8,0,31,,62874,50,,,0,70,,62875,50,0,61 8,0,30,,62877,50,0,61 8,0,69,,62876,50,0,61 8,0,31,,62881,50,0,61 8,0,71,,62880,50,0,61 8,0,32,,62882,50,,,0,75,,62878,50,0,61 8,0,28,,62883,50,,,0,70,,62879,50,0,61 8,0,27,,62884,50,,,0,70,,62885,50,0,61 8,0,29,,62886,50,,,0
100,'2_4',745,,62887,50,0,61 8,0,69,,62888,50,,,0,35,,62890,50,0,61 8,0,65,,62891,50,0,61 8,0,30,,62889,50,0,61 8,0,69,,62892,50,0,61 8,0,35,,62893,50,0,61 8,0,70,,62896,50,0,61 8,0,31,,62894,50,0,61 8,0,72,,62895,50,0,61 8,0,31,,62898,50,,,0,70,,62897,50,0,61 8,0,31,,62899,50,,,0,70,,62900,50,0,61 8,0,30,,62902,50,0,61 8,0,69,,62901,50,0,61 8,0,31,,62906,50,0,61 8,0,71,,62905,50,0,61 8,0,32,,62907,50,,,0,75,,62903,50,0,61 8,0,28,,62908,50,,,0,70,,62904,50,0,61 8,0,27,,62909,50,,,0,70,,62910,50,0,61 8,0,29,,62911,50,,,0
100,'2_5',745,,62912,50,0,61 8,0,69,,62913,50,,,0,35,,62915,50,0,61 8,0,65,,62916,50,0,61 8,0,30,,62914,50,0,61 8,0,69,,62917,50,0,61 8,0,35,,62918,50,0,61 8,0,70,,62921,50,0,61 8,0,31,,62919,50,0,61 8,0,72,,62920,50,0,61 8,0,31,,62923,50,,,0,70,,62922,50,0,61 8,0,31,,62924,50,,,0,70,,62925,50,0,61 8,0,30,,62927,50,0,61 8,0,69,,62926,50,0,61 8,0,31,,62931,50,0,61 8,0,71,,62930,50,0,61 8,0,32,,62932,50,,,0,75,,62928,50,0,61 8,0,28,,62933,50,,,0,70,,62929,50,0,61 8,0,27,,62934,50,,,0,70,,62935,50,0,61 8,0,29,,62936,50,,,0
100,'3_1',745,,62937,50,0,61 8,0,69,,62938,50,,,0,35,,62940,50,0,61 8,0,65,,62941,50,0,61 8,0,30,,62939,50,0,61 8,0,69,,62942,50,0,61 8,0,35,,62943,50,0,61 8,0,70,,62946,50,0,61 8,0,31,,62944,50,0,61 8,0,72,,62945,50,0,61 8,0,31,,62948,50,,,0,70,,62947,50,0,61 8,0,31,,62949,50,,,0,70,,62950,50,0,61 8,0,30,,62952,50,0,61 8,0,69,,62951,50,0,61 8,0,31,,62956,50,0,61 8,0,71,,62955,50,0,61 8,0,32,,62957,50,,,0,75,,62953,50,0,61 8,0,28,,62958,50,,,0,70,,62954,50,0,61 8,0,27,,62959,50,,,0,70,,62960,50,0,61 8,0,29,,62961,50,,,0
100,'3_3',745,,62962,50,0,61 8,0,69,,62963,50,,,0,35,,62965,50,0,61 8,0,65,,62966,50,0,61 8,0,30,,62964,50,0,61 8,0,69,,62967,50,0,61 8,0,35,,62968,50,0,61 8,0,70,,62971,50,0,61 8,0,31,,62969,50,0,61 8,0,72,,62970,50,0,61 8,0,31,,62973,50,,,0,70,,62972,50,0,61 8,0,31,,62974,50,,,0,70,,62975,50,0,61 8,0,30,,62977,50,0,61 8,0,69,,62976,50,0,61 8,0,31,,62981,50,0,61 8,0,71,,62980,50,0,61 8,0,32,,62982,50,,,0,75,,62978,50,0,61 8,0,28,,62983,50,,,0,70,,62979,50,0,61 8,0,27,,62984,50,,,0,70,,62985,50,0,61 8,0,29,,62986,50,,,0
100,'3_4',745,,62987,50,0,61 8,0,69,,62988,50,,,0,35,,62990,50,0,61 8,0,65,,62991,50,0,61 8,0,30,,62989,50,0,61 8,0,69,,62992,50,0,61 8,0,35,,62993,50,0,61 8,0,70,,62996,50,0,61 8,0,31,,62994,50,0,61 8,0,72,,62995,50,0,61 8,0,31,,62998,50,,,0,70,,62997,50,0,61 8,0,31,,62999,50,,,0,70,,63000,50,0,61 8,0,30,,63002,50,0,61 8,0,69,,63001,50,0,61 8,0,31,,63006,50,0,61 8,0,71,,63005,50,0,61 8,0,32,,63007,50,,,0,75,,63003,50,0,61 8,0,28,,63008,50,,,0,70,,63004,50,0,61 8,0,27,,63009,50,,,0,70,,63010,50,0,61 8,0,29,,63011,50,,,0
100,'3_5',745,,63012,50,0,61 8,0,69,,63013,50,,,0,35,,63015,50,0,61 8,0,65,,63016,50,0,61 8,0,30,,63014,50,0,61 8,0,69,,63017,50,0,61 8,0,35,,63018,50,0,61 8,0,70,,63021,50,0,61 8,0,31,,63019,50,0,61 8,0,72,,63020,50,0,61 8,0,31,,63023,50,,,0,70,,63022,50,0,61 8,0,31,,63024,50,,,0,70,,63025,50,0,61 8,0,30,,63027,50,0,61 8,0,69,,63026,50,0,61 8,0,31,,63031,50,0,61 8,0,71,,63030,50,0,61 8,0,32,,63032,50,,,0,75,,63028,50,0,61 8,0,28,,63033,50,,,0,70,,63029,50,0,61 8,0,27,,63034,50,,,0,70,,63035,50,0,61 8,0,29,,63036,50,,,0
100,'4_7',946,,63037,50,0,61 8,0,104,,63042,50,0,61 8,0,106,,63038,50,0,61 8,0,144,,63043,50,0,61 8,0,50,,63039,50,0,61 8,0,100,,63044,50,0,61 8,0,106,,63040,50,0,61 8,0,145,,63045,50,0,61 8,0,104,,63041,50,0,61 8,0,105,,63046,50,0,61 8,0
