1600,'2509-HIV-25k03H-s-Samedi-00',807,,11415,0,8,0,43,,11416,0,8,0,85,,11417,0,8,0,76,,11421,,,0,116,,11418,0,8,0,177,,11423,,,0,114,,11419,0,8,0,104,,11425,0,8,0,104,,11420,0,8,0,101,,11426,,,0,123,,11422,,,0
1600,'2509-HIV-25l22Vlv-Semaine-00',807,,11427,0,8,0,43,,11428,0,8,0,85,,11429,0,8,0,76,,11433,,,0,116,,11430,0,8,0,177,,11435,,,0,114,,11431,0,8,0,104,,11437,0,8,0,104,,11432,0,8,0,101,,11438,,,0,123,,11434,,,0
1600,'2509-HIV-26a05H-s-Samedi-00',807,,11439,0,8,0,43,,11440,0,8,0,85,,11441,0,8,0,76,,11445,,,0,116,,11442,0,8,0,177,,11447,,,0,114,,11443,0,8,0,104,,11449,0,8,0,104,,11444,0,8,0,101,,11450,,,0,123,,11446,,,0
1600,'2509-HIV-26a05H-w-Mercredi-00',807,,11451,0,8,0,43,,11452,0,8,0,85,,11453,0,8,0,76,,11457,,,0,116,,11454,0,8,0,177,,11459,,,0,114,,11455,0,8,0,104,,11461,0,8,0,104,,11456,0,8,0,101,,11462,,,0,123,,11458,,,0
1600,'2509-HIV-26a05Hlv-L-Ma-J-V-00',807,,11463,0,8,0,43,,11464,0,8,0,85,,11465,0,8,0,76,,11469,,,0,116,,11466,0,8,0,177,,11471,,,0,114,,11467,0,8,0,104,,11473,0,8,0,104,,11468,0,8,0,101,,11474,,,0,123,,11470,,,0
1600,'2509-HIV-26b23Vlv-Semaine-00',807,,11475,0,8,0,43,,11476,0,8,0,85,,11477,0,8,0,76,,11481,,,0,116,,11478,0,8,0,177,,11483,,,0,114,,11479,0,8,0,104,,11485,0,8,0,104,,11480,0,8,0,101,,11486,,,0,123,,11482,,,0
1600,'2509-HIV-26c02Vlv-Semaine-00',807,,11487,0,8,0,43,,11488,0,8,0,85,,11489,0,8,0,76,,11493,,,0,116,,11490,0,8,0,177,,11495,,,0,114,,11491,0,8,0,104,,11497,0,8,0,104,,11492,0,8,0,101,,11498,,,0,123,,11494,,,0
1900,'2509-HIV-25j05H-d-Dimanche-00',836,,11650,0,8,0,900,,11651,0,8,0
1900,'2509-HIV-25j26H-d-Dimanche-00',836,,11652,0,8,0,900,,11653,0,8,0
1900,'2509-HIV-26a05H-w-Mercredi-00',656,,11655,,,0,56,,11656,,,0,44,,11661,,,0,47,,11654,0,8 10 55,0,2,,11658,0,8 10 55,0,12,,11660,,,0,934,,11657,,,0,150,,11659,0,8,0
1900,'2509-HIV-26a05H-w-Mercredi-00-0010000',1359,,11662,,,0
1900,'2509-HIV-26a05Hlv-L-Ma-J-V-00',656,,11664,,,0,56,,11665,,,0,44,,11670,,,0,47,,11663,0,8 10 55,0,2,,11667,0,8 10 55,0,12,,11669,,,0,934,,11666,,,0,150,,11668,0,8,0
