701,'0_6',733,,66147,25,4,,0,110,,66148,25,4,,0,110,,66149,25,4,,0,150,,66150,25,4,,0,110,,66151,25,4,,0,110,,66152,25,4,,0,110,,66153,25,4,,0,110,,66154,25,4,,0,110,,66155,25,4,,0,150,,66145,25,4,,0,110,,66146,25,4,,0
701,'2_1',735,,66156,25,4,,0,111,,66157,25,4,,0,108,,66158,25,4,,0,150,,66159,25,4,,0,111,,66160,25,4,,0,110,,66161,25,4,,0,110,,66162,25,4,,0,110,,66163,25,4,,0,110,,66164,25,4,,0,151,,66165,25,4,,0,108,,66166,25,4,,0
701,'2_2',735,,66167,25,4,,0,111,,66168,25,4,,0,108,,66169,25,4,,0,150,,66170,25,4,,0,111,,66171,25,4,,0,110,,66172,25,4,,0,110,,66173,25,4,,0,110,,66174,25,4,,0,110,,66175,25,4,,0,151,,66176,25,4,,0,108,,66177,25,4,,0
701,'2_3',735,,66178,25,4,,0,111,,66179,25,4,,0,108,,66180,25,4,,0,150,,66181,25,4,,0,111,,66182,25,4,,0,110,,66183,25,4,,0,110,,66184,25,4,,0,110,,66185,25,4,,0,110,,66186,25,4,,0,151,,66187,25,4,,0,108,,66188,25,4,,0
701,'2_4',735,,66189,25,4,,0,111,,66190,25,4,,0,108,,66191,25,4,,0,150,,66192,25,4,,0,111,,66193,25,4,,0,110,,66194,25,4,,0,110,,66195,25,4,,0,110,,66196,25,4,,0,110,,66197,25,4,,0,151,,66198,25,4,,0,108,,66199,25,4,,0
701,'2_5',735,,66200,25,4,,0,111,,66201,25,4,,0,108,,66202,25,4,,0,150,,66203,25,4,,0,111,,66204,25,4,,0,110,,66205,25,4,,0,110,,66206,25,4,,0,110,,66207,25,4,,0,110,,66208,25,4,,0,151,,66209,25,4,,0,108,,66210,25,4,,0
701,'3_1',735,,66211,25,4,,0,111,,66212,25,4,,0,108,,66213,25,4,,0,150,,66214,25,4,,0,111,,66215,25,4,,0,110,,66216,25,4,,0,110,,66217,25,4,,0,110,,66218,25,4,,0,110,,66219,25,4,,0,151,,66220,25,4,,0,108,,66221,25,4,,0
701,'3_3',735,,66222,25,4,,0,111,,66223,25,4,,0,108,,66224,25,4,,0,150,,66225,25,4,,0,111,,66226,25,4,,0,110,,66227,25,4,,0,110,,66228,25,4,,0,110,,66229,25,4,,0,110,,66230,25,4,,0,151,,66231,25,4,,0,108,,66232,25,4,,0
701,'3_4',735,,66233,25,4,,0,111,,66234,25,4,,0,108,,66235,25,4,,0,150,,66236,25,4,,0,111,,66237,25,4,,0,110,,66238,25,4,,0,110,,66239,25,4,,0,110,,66240,25,4,,0,110,,66241,25,4,,0,151,,66242,25,4,,0,108,,66243,25,4,,0
701,'3_5',735,,66244,25,4,,0,111,,66245,25,4,,0,108,,66246,25,4,,0,150,,66247,25,4,,0,111,,66248,25,4,,0,110,,66249,25,4,,0,110,,66250,25,4,,0,110,,66251,25,4,,0,110,,66252,25,4,,0,151,,66253,25,4,,0,108,,66254,25,4,,0
