901,'S2-0_6',758,,57017,18,,,0,99,,57025,18,0,66,0,97,,57022,3,,,0,168,,57028,18,,,0,95,,57026,18,0,66,0,94,,57023,3,,,0,100,,57024,3,0,25,0,92,,57027,3,0,25,0,42,,57029,18,,,0,91,,57018,18,,,0,96,,57019,18,,,0,126,,57020,18,,,0,95,,57021,18,,,0
901,'S2-2_1',758,,57030,18,,,0,99,,57038,18,0,66,0,97,,57035,3,,,0,168,,57041,18,,,0,95,,57039,18,0,66,0,94,,57036,3,,,0,100,,57037,3,0,25,0,92,,57040,3,0,25,0,42,,57042,18,,,0,91,,57031,18,,,0,96,,57032,18,,,0,126,,57033,18,,,0,95,,57034,18,,,0
901,'S2-2_2',758,,57043,18,,,0,99,,57051,18,0,66,0,97,,57048,3,,,0,168,,57054,18,,,0,95,,57052,18,0,66,0,94,,57049,3,,,0,100,,57050,3,0,25,0,92,,57053,3,0,25,0,42,,57055,18,,,0,91,,57044,18,,,0,96,,57045,18,,,0,126,,57046,18,,,0,95,,57047,18,,,0
901,'S2-2_3',758,,57056,18,,,0,99,,57064,18,0,66,0,97,,57061,3,,,0,168,,57067,18,,,0,95,,57065,18,0,66,0,94,,57062,3,,,0,100,,57063,3,0,25,0,92,,57066,3,0,25,0,42,,57068,18,,,0,91,,57057,18,,,0,96,,57058,18,,,0,126,,57059,18,,,0,95,,57060,18,,,0
901,'S2-2_4',758,,57069,18,,,0,99,,57077,18,0,66,0,97,,57074,3,,,0,168,,57080,18,,,0,95,,57078,18,0,66,0,94,,57075,3,,,0,100,,57076,3,0,25,0,92,,57079,3,0,25,0,42,,57081,18,,,0,91,,57070,18,,,0,96,,57071,18,,,0,126,,57072,18,,,0,95,,57073,18,,,0
901,'S2-2_5',758,,57082,18,,,0,99,,57090,18,0,66,0,97,,57087,3,,,0,168,,57093,18,,,0,95,,57091,18,0,66,0,94,,57088,3,,,0,100,,57089,3,0,25,0,92,,57092,3,0,25,0,42,,57094,18,,,0,91,,57083,18,,,0,96,,57084,18,,,0,126,,57085,18,,,0,95,,57086,18,,,0
901,'S2-3_1',758,,57095,18,,,0,99,,57103,18,0,66,0,97,,57100,3,,,0,168,,57106,18,,,0,95,,57104,18,0,66,0,94,,57101,3,,,0,100,,57102,3,0,25,0,92,,57105,3,0,25,0,42,,57107,18,,,0,91,,57096,18,,,0,96,,57097,18,,,0,126,,57098,18,,,0,95,,57099,18,,,0
901,'S2-3_3',758,,57108,18,,,0,99,,57116,18,0,66,0,97,,57113,3,,,0,168,,57119,18,,,0,95,,57117,18,0,66,0,94,,57114,3,,,0,100,,57115,3,0,25,0,92,,57118,3,0,25,0,42,,57120,18,,,0,91,,57109,18,,,0,96,,57110,18,,,0,126,,57111,18,,,0,95,,57112,18,,,0
901,'S2-3_4',758,,57121,18,,,0,99,,57129,18,0,66,0,97,,57126,3,,,0,168,,57132,18,,,0,95,,57130,18,0,66,0,94,,57127,3,,,0,100,,57128,3,0,25,0,92,,57131,3,0,25,0,42,,57133,18,,,0,91,,57122,18,,,0,96,,57123,18,,,0,126,,57124,18,,,0,95,,57125,18,,,0
1601,'S2-0_6',842,,57776,3,,,0,205,,57778,3,,,0,153,,57781,3,,,0,146,,57779,3,,,0,178,,57782,3,,,0,282,,57780,3,,,0
1601,'S2-2_1',842,,57784,3,,,0,205,,57786,3,,,0,153,,57789,3,,,0,146,,57787,3,,,0,178,,57790,3,,,0,282,,57788,3,,,0
1601,'S2-2_2',842,,57792,3,,,0,205,,57794,3,,,0,153,,57797,3,,,0,146,,57795,3,,,0,178,,57798,3,,,0,282,,57796,3,,,0
1601,'S2-2_3',842,,57800,3,,,0,205,,57802,3,,,0,153,,57805,3,,,0,146,,57803,3,,,0,178,,57806,3,,,0,282,,57804,3,,,0
1601,'S2-2_4',842,,57808,3,,,0,205,,57810,3,,,0,153,,57813,3,,,0,146,,57811,3,,,0,178,,57814,3,,,0,282,,57812,3,,,0
1601,'S2-2_5',842,,57816,3,,,0,205,,57818,3,,,0,153,,57821,3,,,0,146,,57819,3,,,0,178,,57822,3,,,0,282,,57820,3,,,0
1601,'S2-3_1',842,,57824,3,,,0,205,,57826,3,,,0,153,,57829,3,,,0,146,,57827,3,,,0,178,,57830,3,,,0,282,,57828,3,,,0
1601,'S2-3_3',842,,57832,3,,,0,205,,57834,3,,,0,153,,57837,3,,,0,146,,57835,3,,,0,178,,57838,3,,,0,282,,57836,3,,,0
1601,'S2-3_4',842,,57840,3,,,0,205,,57842,3,,,0,153,,57845,3,,,0,146,,57843,3,,,0,178,,57846,3,,,0,282,,57844,3,,,0
