'2409-HIV-24i02H-d-Dimanche-00',201,93100,4,'',0,40800,4,'',0,27700,4,'',0,29500,4,'',0
'2409-HIV-24i02H-s-Samedi-00',201,83600,4,'',0,10900,4,'',0,10600,4,'',0,10500,4,'',0,14500,4,'',0,10500,4,'',0,11200,4,'',0,10500,4,'',0,10100,4,'',0,10600,4,'',0,9700,4,'',0,7600,4,'',0
'2409-HIV-24i02H-w-Mercredi-00',201,75500,4,'',0,8800,4,'',0,11500,4,'',0,18300,4,'',0,11000,4,'',0,6000,4,'',0,11100,4,'',0,19100,4,'',0,8700,4,'',0,3100,4,'',0,7500,4,'',0,2500,4,'',0,2800,4,'',0,6800,4,'',0,8000,4,'',0
'2409-HIV-24i02Hlv-L-Ma-J-V-00',201,75500,4,'',0,8800,4,'',0,11500,4,'',0,18300,4,'',0,11000,4,'',0,6000,4,'',0,11100,4,'',0,19100,4,'',0,8700,4,'',0,3100,4,'',0,7500,4,'',0,2500,4,'',0,2800,4,'',0,6800,4,'',0,8000,4,'',0
'2409-HIV-24i09H-d-Dimanche-00',201,93100,4,'',0,40800,4,'',0,27700,4,'',0,29500,4,'',0
'2409-HIV-24i12Hlv-L-Ma-J-V-00',201,75500,4,'',0,8800,4,'',0,11500,4,'',0,18300,4,'',0,11000,4,'',0,6000,4,'',0,11100,4,'',0,19100,4,'',0,8700,4,'',0,3100,4,'',0,7500,4,'',0,2500,4,'',0,2800,4,'',0,6800,4,'',0,8000,4,'',0
'2409-HIV-24j06H-d-Dimanche-00',201,93100,4,'',0,40800,4,'',0,27700,4,'',0,29500,4,'',0
'2409-HIV-24j21Vlv-Semaine-01',201,75600,4,'',0,8800,4,'',0,11200,4,'',0,18500,4,'',0,11000,4,'',0,6000,4,'',0,11100,4,'',0,19200,4,'',0,4500,4,'',0,7000,4,'',0,7600,4,'',0,2500,4,'',0,2800,4,'',0,6900,4,'',0,8100,4,'',0
'2409-HIV-24j26H-d-Dimanche-00',201,93100,4,'',0,40800,4,'',0,27700,4,'',0,29500,4,'',0
'2409-HIV-24j28Vlv-Semaine-01',201,75600,4,'',0,8800,4,'',0,11200,4,'',0,18500,4,'',0,11000,4,'',0,6000,4,'',0,11100,4,'',0,19200,4,'',0,4500,4,'',0,7000,4,'',0,7600,4,'',0,2500,4,'',0,2800,4,'',0,6900,4,'',0,8100,4,'',0
'2409-HIV-24l23Vlv-Semaine-00',201,75600,4,'',0,8800,4,'',0,11200,4,'',0,18500,4,'',0,11000,4,'',0,6000,4,'',0,11100,4,'',0,19200,4,'',0,4500,4,'',0,7000,4,'',0,7600,4,'',0,2500,4,'',0,2800,4,'',0,6900,4,'',0,8100,4,'',0
'2409-HIV-S24i02-w-Mercredi-00-0010000',14101,124800,4,'',0
'2409-HIV-S24i02lv-L-Ma-J-V-00-1101100',14101,163600,4,'',0,16500,4,'',0,4000,4,'',0
'2409-HIV-S24i02-w-Mercredi-00-0010000',14201,124800,4,'',0
'2409-HIV-S24i02lv-L-Ma-J-V-00-1101100',14201,164000,4,'',0,16500,4,'',0,4000,4,'',0
'2409-HIV-S24i02-w-Mercredi-00-0010000',14301,125800,4,'',0
'2409-HIV-S24i02-w-Mercredi-00-0010000',14401,125800,,'',0
'2409-HIV-S24i02lv-L-Ma-J-V-00-1101100',14401,162800,,'',0,10000,,'',0
