1000,'2_6',639,,32362,20,,,0,95,,32363,20,,,0,120,,32369,20,0,18 30,0,77,,32364,20,,,0,107,,32370,20,0,18 30,0,101,,32371,20,0,18 30,0,101,,32372,20,0,18 30,0,100,,32373,20,0,18 30,0,92,,32367,20,,,0,115,,32368,20,,,0,80,,32365,20,,,0,187,,32366,20,,,0,111,,32374,20,0,18 30,0
1000,'5_1',646,,37708,20,,,0,94,,37709,20,,,0,116,,37720,20,0,18 30,0,75,,37710,20,,,0,113,,37713,20,0,18 30,0,95,,37714,20,0,18 30,0,101,,37715,20,0,18 30,0,100,,37716,20,0,18 30,0,92,,37718,20,,,0,115,,37719,20,,,0,80,,37711,20,,,0,187,,37712,20,,,0,111,,37717,20,0,18 30,0
1000,'5_2',646,,40272,20,,,0,94,,40273,20,,,0,116,,40284,20,0,18 30,0,75,,40274,20,,,0,113,,40277,20,0,18 30,0,95,,40278,20,0,18 30,0,101,,40279,20,0,18 30,0,100,,40280,20,0,18 30,0,92,,40282,20,,,0,115,,40283,20,,,0,80,,40275,20,,,0,187,,40276,20,,,0,111,,40281,20,0,18 30,0
1000,'5_3',646,,40285,20,,,0,94,,40286,20,,,0,116,,40297,20,0,18 30,0,75,,40287,20,,,0,113,,40290,20,0,18 30,0,95,,40291,20,0,18 30,0,101,,40292,20,0,18 30,0,100,,40293,20,0,18 30,0,92,,40295,20,,,0,115,,40296,20,,,0,80,,40288,20,,,0,187,,40289,20,,,0,111,,40294,20,0,18 30,0
1000,'5_4',646,,40298,20,,,0,94,,40299,20,,,0,116,,40310,20,0,18 30,0,75,,40300,20,,,0,113,,40303,20,0,18 30,0,95,,40304,20,0,18 30,0,101,,40305,20,0,18 30,0,100,,40306,20,0,18 30,0,92,,40308,20,,,0,115,,40309,20,,,0,80,,40301,20,,,0,187,,40302,20,,,0,111,,40307,20,0,18 30,0
1000,'5_5',646,,40311,20,,,0,94,,40312,20,,,0,116,,40323,20,0,18 30,0,75,,40313,20,,,0,113,,40316,20,0,18 30,0,95,,40317,20,0,18 30,0,101,,40318,20,0,18 30,0,100,,40319,20,0,18 30,0,92,,40321,20,,,0,115,,40322,20,,,0,80,,40314,20,,,0,187,,40315,20,,,0,111,,40320,20,0,18 30,0
1000,'6_1',646,,40324,20,,,0,94,,40325,20,,,0,116,,40336,20,0,18 30,0,75,,40326,20,,,0,113,,40329,20,0,18 30,0,95,,40330,20,0,18 30,0,101,,40331,20,0,18 30,0,100,,40332,20,0,18 30,0,92,,40334,20,,,0,115,,40335,20,,,0,80,,40327,20,,,0,187,,40328,20,,,0,111,,40333,20,0,18 30,0
1000,'6_2',646,,44669,20,,,0,94,,44670,20,,,0,116,,44681,20,0,18 30,0,75,,44671,20,,,0,113,,44674,20,0,18 30,0,95,,44675,20,0,18 30,0,101,,44676,20,0,18 30,0,100,,44677,20,0,18 30,0,92,,44679,20,,,0,115,,44680,20,,,0,80,,44672,20,,,0,187,,44673,20,,,0,111,,44678,20,0,18 30,0
1000,'6_3',646,,44682,20,,,0,94,,44683,20,,,0,116,,44694,20,0,18 30,0,75,,44684,20,,,0,113,,44687,20,0,18 30,0,95,,44688,20,0,18 30,0,101,,44689,20,0,18 30,0,100,,44690,20,0,18 30,0,92,,44692,20,,,0,115,,44693,20,,,0,80,,44685,20,,,0,187,,44686,20,,,0,111,,44691,20,0,18 30,0
1000,'6_4',646,,44695,20,,,0,94,,44696,20,,,0,116,,44707,20,0,18 30,0,75,,44697,20,,,0,113,,44700,20,0,18 30,0,95,,44701,20,0,18 30,0,101,,44702,20,0,18 30,0,100,,44703,20,0,18 30,0,92,,44705,20,,,0,115,,44706,20,,,0,80,,44698,20,,,0,187,,44699,20,,,0,111,,44704,20,0,18 30,0
