601,'5_1',1620,,16704,1,,,0,104,,16705,1,,,0,32,,16711,1,,,0
601,'5_2',1620,,16722,1,,,0,104,,16723,1,,,0,32,,16729,1,,,0
601,'5_4',1620,,16740,1,,,0,104,,16741,1,,,0,32,,16747,1,,,0
601,'5_5',1620,,16758,1,,,0,104,,16759,1,,,0,32,,16765,1,,,0
601,'6_3',1158,,16772,1,,,0,462,,16777,1,,,0,104,,16778,1,,,0,32,,16784,1,,,0
2300,'5_1',1608,,18100,4,,,0,101,,18101,4,,,0,99,,18102,4,,,0
2300,'5_2',1608,,18103,4,,,0,101,,18104,4,,,0,99,,18105,4,,,0
2300,'5_4',1608,,18106,4,,,0,101,,18107,4,,,0,99,,18108,4,,,0
2300,'5_5',1608,,18109,4,,,0,101,,18110,4,,,0,99,,18111,4,,,0
2300,'6_3',1212,,18113,4,,,0,3,,18112,4,,,0
