100,'0_6',733,,62779,39,0,61 8,0,109,,62791,39,0,61 8,0,95,,62780,39,0,61 8,0,70,,62792,39,0,61 8,0,30,,62781,39,0,61 8,0,72,,62793,39,0,61 8,0,30,,62782,39,0,61 8,0,69,,62794,39,0,61 8,0,31,,62783,39,0,61 8,0,68,,62795,39,0,61 8,0,30,,62784,39,0,61 8,0,70,,62796,39,0,61 8,0,30,,62785,39,0,61 8,0,71,,62797,39,0,61 8,0,29,,62786,39,0,61 8,0,72,,62798,39,0,61 8,0,32,,62787,39,0,61 8,0,72,,62799,39,0,61 8,0,31,,62788,39,0,61 8,0,68,,62800,39,0,61 8,0,29,,62789,39,0,61 8,0,71,,62801,39,0,61 8,0,28,,62790,39,0,61 8,0
100,'1_7',937,,62802,39,0,61 8,0,104,,62807,39,0,61 8,0,106,,62803,39,0,61 8,0,104,,62808,39,0,61 8,0,90,,62804,39,0,61 8,0,100,,62809,39,0,61 8,0,106,,62805,39,0,61 8,0,105,,62810,39,0,61 8,0,104,,62806,39,0,61 8,0,145,,62811,39,0,61 8,0
100,'2_1',733,,62812,39,0,61 8,0,69,,62813,39,,,0,35,,62815,39,0,61 8,0,65,,62816,39,0,61 8,0,30,,62814,39,0,61 8,0,69,,62817,39,0,61 8,0,35,,62818,39,0,61 8,0,70,,62821,39,0,61 8,0,31,,62819,39,0,61 8,0,72,,62820,39,0,61 8,0,32,,62823,39,,,0,70,,62822,39,0,61 8,0,30,,62824,39,,,0,70,,62825,39,0,61 8,0,30,,62827,39,0,61 8,0,70,,62826,39,0,61 8,0,30,,62831,39,0,61 8,0,71,,62830,39,0,61 8,0,32,,62832,39,,,0,75,,62828,39,0,61 8,0,28,,62833,39,,,0,70,,62829,39,0,61 8,0,29,,62834,39,,,0,70,,62835,39,0,61 8,0,29,,62836,39,,,0
100,'2_2',733,,62837,39,0,61 8,0,69,,62838,39,,,0,35,,62840,39,0,61 8,0,65,,62841,39,0,61 8,0,30,,62839,39,0,61 8,0,69,,62842,39,0,61 8,0,35,,62843,39,0,61 8,0,70,,62846,39,0,61 8,0,31,,62844,39,0,61 8,0,72,,62845,39,0,61 8,0,32,,62848,39,,,0,70,,62847,39,0,61 8,0,30,,62849,39,,,0,70,,62850,39,0,61 8,0,30,,62852,39,0,61 8,0,70,,62851,39,0,61 8,0,30,,62856,39,0,61 8,0,71,,62855,39,0,61 8,0,32,,62857,39,,,0,75,,62853,39,0,61 8,0,28,,62858,39,,,0,70,,62854,39,0,61 8,0,29,,62859,39,,,0,70,,62860,39,0,61 8,0,29,,62861,39,,,0
100,'2_3',733,,62862,39,0,61 8,0,69,,62863,39,,,0,35,,62865,39,0,61 8,0,65,,62866,39,0,61 8,0,30,,62864,39,0,61 8,0,69,,62867,39,0,61 8,0,35,,62868,39,0,61 8,0,70,,62871,39,0,61 8,0,31,,62869,39,0,61 8,0,72,,62870,39,0,61 8,0,32,,62873,39,,,0,70,,62872,39,0,61 8,0,30,,62874,39,,,0,70,,62875,39,0,61 8,0,30,,62877,39,0,61 8,0,70,,62876,39,0,61 8,0,30,,62881,39,0,61 8,0,71,,62880,39,0,61 8,0,32,,62882,39,,,0,75,,62878,39,0,61 8,0,28,,62883,39,,,0,70,,62879,39,0,61 8,0,29,,62884,39,,,0,70,,62885,39,0,61 8,0,29,,62886,39,,,0
100,'2_4',733,,62887,39,0,61 8,0,69,,62888,39,,,0,35,,62890,39,0,61 8,0,65,,62891,39,0,61 8,0,30,,62889,39,0,61 8,0,69,,62892,39,0,61 8,0,35,,62893,39,0,61 8,0,70,,62896,39,0,61 8,0,31,,62894,39,0,61 8,0,72,,62895,39,0,61 8,0,32,,62898,39,,,0,70,,62897,39,0,61 8,0,30,,62899,39,,,0,70,,62900,39,0,61 8,0,30,,62902,39,0,61 8,0,70,,62901,39,0,61 8,0,30,,62906,39,0,61 8,0,71,,62905,39,0,61 8,0,32,,62907,39,,,0,75,,62903,39,0,61 8,0,28,,62908,39,,,0,70,,62904,39,0,61 8,0,29,,62909,39,,,0,70,,62910,39,0,61 8,0,29,,62911,39,,,0
100,'2_5',733,,62912,39,0,61 8,0,69,,62913,39,,,0,35,,62915,39,0,61 8,0,65,,62916,39,0,61 8,0,30,,62914,39,0,61 8,0,69,,62917,39,0,61 8,0,35,,62918,39,0,61 8,0,70,,62921,39,0,61 8,0,31,,62919,39,0,61 8,0,72,,62920,39,0,61 8,0,32,,62923,39,,,0,70,,62922,39,0,61 8,0,30,,62924,39,,,0,70,,62925,39,0,61 8,0,30,,62927,39,0,61 8,0,70,,62926,39,0,61 8,0,30,,62931,39,0,61 8,0,71,,62930,39,0,61 8,0,32,,62932,39,,,0,75,,62928,39,0,61 8,0,28,,62933,39,,,0,70,,62929,39,0,61 8,0,29,,62934,39,,,0,70,,62935,39,0,61 8,0,29,,62936,39,,,0
100,'3_1',733,,62937,39,0,61 8,0,69,,62938,39,,,0,35,,62940,39,0,61 8,0,65,,62941,39,0,61 8,0,30,,62939,39,0,61 8,0,69,,62942,39,0,61 8,0,35,,62943,39,0,61 8,0,70,,62946,39,0,61 8,0,31,,62944,39,0,61 8,0,72,,62945,39,0,61 8,0,32,,62948,39,,,0,70,,62947,39,0,61 8,0,30,,62949,39,,,0,70,,62950,39,0,61 8,0,30,,62952,39,0,61 8,0,70,,62951,39,0,61 8,0,30,,62956,39,0,61 8,0,71,,62955,39,0,61 8,0,32,,62957,39,,,0,75,,62953,39,0,61 8,0,28,,62958,39,,,0,70,,62954,39,0,61 8,0,29,,62959,39,,,0,70,,62960,39,0,61 8,0,29,,62961,39,,,0
100,'3_3',733,,62962,39,0,61 8,0,69,,62963,39,,,0,35,,62965,39,0,61 8,0,65,,62966,39,0,61 8,0,30,,62964,39,0,61 8,0,69,,62967,39,0,61 8,0,35,,62968,39,0,61 8,0,70,,62971,39,0,61 8,0,31,,62969,39,0,61 8,0,72,,62970,39,0,61 8,0,32,,62973,39,,,0,70,,62972,39,0,61 8,0,30,,62974,39,,,0,70,,62975,39,0,61 8,0,30,,62977,39,0,61 8,0,70,,62976,39,0,61 8,0,30,,62981,39,0,61 8,0,71,,62980,39,0,61 8,0,32,,62982,39,,,0,75,,62978,39,0,61 8,0,28,,62983,39,,,0,70,,62979,39,0,61 8,0,29,,62984,39,,,0,70,,62985,39,0,61 8,0,29,,62986,39,,,0
100,'3_4',733,,62987,39,0,61 8,0,69,,62988,39,,,0,35,,62990,39,0,61 8,0,65,,62991,39,0,61 8,0,30,,62989,39,0,61 8,0,69,,62992,39,0,61 8,0,35,,62993,39,0,61 8,0,70,,62996,39,0,61 8,0,31,,62994,39,0,61 8,0,72,,62995,39,0,61 8,0,32,,62998,39,,,0,70,,62997,39,0,61 8,0,30,,62999,39,,,0,70,,63000,39,0,61 8,0,30,,63002,39,0,61 8,0,70,,63001,39,0,61 8,0,30,,63006,39,0,61 8,0,71,,63005,39,0,61 8,0,32,,63007,39,,,0,75,,63003,39,0,61 8,0,28,,63008,39,,,0,70,,63004,39,0,61 8,0,29,,63009,39,,,0,70,,63010,39,0,61 8,0,29,,63011,39,,,0
100,'3_5',733,,63012,39,0,61 8,0,69,,63013,39,,,0,35,,63015,39,0,61 8,0,65,,63016,39,0,61 8,0,30,,63014,39,0,61 8,0,69,,63017,39,0,61 8,0,35,,63018,39,0,61 8,0,70,,63021,39,0,61 8,0,31,,63019,39,0,61 8,0,72,,63020,39,0,61 8,0,32,,63023,39,,,0,70,,63022,39,0,61 8,0,30,,63024,39,,,0,70,,63025,39,0,61 8,0,30,,63027,39,0,61 8,0,70,,63026,39,0,61 8,0,30,,63031,39,0,61 8,0,71,,63030,39,0,61 8,0,32,,63032,39,,,0,75,,63028,39,0,61 8,0,28,,63033,39,,,0,70,,63029,39,0,61 8,0,29,,63034,39,,,0,70,,63035,39,0,61 8,0,29,,63036,39,,,0
100,'4_7',937,,63037,39,0,61 8,0,104,,63042,39,0,61 8,0,106,,63038,39,0,61 8,0,104,,63043,39,0,61 8,0,90,,63039,39,0,61 8,0,100,,63044,39,0,61 8,0,106,,63040,39,0,61 8,0,105,,63045,39,0,61 8,0,104,,63041,39,0,61 8,0,145,,63046,39,0,61 8,0
