3000000,'1_3',630,,51336,6,,,0,19,,51335,6,,,0,60,,51295,6,,,0,21,,51296,6,,,0,20,,51297,6,,,0,60,,51298,6,,,0,20,,51299,6,,,0,22,,51300,6,,,0,60,,51301,6,,,0,20,,51302,6,,,0,20,,51303,6,,,0,58,,51304,6,,,0,21,,51305,6,,,0,20,,51306,6,,,0,60,,51307,6,,,0,20,,51308,6,,,0,20,,51309,6,,,0,60,,51310,6,,,0,22,,51311,6,,,0,19,,51312,6,,,0,60,,51313,6,,,0,19,,51314,6,,,0,20,,51315,6,,,0,61,,51316,6,,,0,20,,51317,6,,,0,20,,51318,6,,,0,60,,51319,6,,,0,19,,51320,6,,,0,19,,51321,6,,,0,56,,51322,6,,,0,19,,51323,6,,,0,18,,51324,6,,,0,60,,51325,6,,,0,21,,51326,6,,,0,22,,51327,6,,,0,61,,51328,6,,,0,22,,51329,6,,,0,21,,51330,6,,,0,60,,51331,6,,,0,29,,51332,6,,,0,73,,51333,6,,,0,34,,51334,6,,,0
3000000,'2_6',635,,36384,6,,,0,81,,36385,6,,,0,41,,36386,6,,,0,70,,36387,6,,,0,20,,36388,6,,,0,60,,36389,6,,,0,20,,36390,6,,,0,20,,36391,6,,,0,60,,36392,6,,,0,20,,36393,6,,,0,20,,36394,6,,,0,59,,36395,6,,,0,20,,36396,6,,,0,20,,36397,6,,,0,60,,36398,6,,,0,19,,36399,6,,,0,20,,36400,6,,,0,60,,36401,6,,,0,20,,36402,6,,,0,20,,36403,6,,,0,61,,36404,6,,,0,20,,36405,6,,,0,20,,36406,6,,,0,60,,36407,6,,,0,20,,36408,6,,,0,20,,36409,6,,,0,60,,36410,6,,,0,20,,36411,6,,,0,20,,36412,6,,,0,60,,36413,6,,,0,20,,36414,6,,,0,20,,36415,6,,,0,60,,36416,6,,,0,20,,36417,6,,,0,19,,36418,6,,,0,70,,36419,6,,,0,30,,36420,6,,,0,70,,36421,6,,,0,30,,36422,6,,,0
3000000,'3_7',755,,36423,6,,,0,170,,36424,6,,,0,130,,36425,6,,,0,170,,36426,6,,,0,130,,36427,6,,,0,170,,36428,6,,,0,130,,36429,6,,,0,169,,36430,6,,,0,130,,36431,6,,,0
3000000,'4_7',755,,47850,6,,,0,170,,47851,6,,,0,130,,47858,6,,,0,170,,47857,6,,,0,130,,47856,6,,,0,170,,47854,6,,,0,130,,47855,6,,,0,169,,47853,6,,,0,130,,47852,6,,,0
3000000,'6_2',631,,46147,6,,,0,20,,46146,6,,,0,60,,46106,6,,,0,20,,46107,6,,,0,20,,46108,6,,,0,60,,46109,6,,,0,20,,46110,6,,,0,21,,46111,6,,,0,60,,46112,6,,,0,19,,46113,6,,,0,21,,46114,6,,,0,60,,46115,6,,,0,20,,46116,6,,,0,20,,46117,6,,,0,60,,46118,6,,,0,20,,46119,6,,,0,20,,46120,6,,,0,59,,46121,6,,,0,20,,46122,6,,,0,20,,46123,6,,,0,61,,46124,6,,,0,20,,46125,6,,,0,20,,46126,6,,,0,60,,46127,6,,,0,19,,46128,6,,,0,20,,46129,6,,,0,60,,46130,6,,,0,20,,46131,6,,,0,20,,46132,6,,,0,59,,46133,6,,,0,20,,46134,6,,,0,21,,46135,6,,,0,60,,46136,6,,,0,21,,46137,6,,,0,20,,46138,6,,,0,61,,46139,6,,,0,19,,46140,6,,,0,19,,46141,6,,,0,58,,46142,6,,,0,29,,46143,6,,,0,73,,46144,6,,,0,34,,46145,6,,,0
3000000,'6_3',631,,46189,6,,,0,20,,46188,6,,,0,60,,46148,6,,,0,20,,46149,6,,,0,20,,46150,6,,,0,60,,46151,6,,,0,20,,46152,6,,,0,21,,46153,6,,,0,60,,46154,6,,,0,19,,46155,6,,,0,21,,46156,6,,,0,60,,46157,6,,,0,20,,46158,6,,,0,20,,46159,6,,,0,60,,46160,6,,,0,20,,46161,6,,,0,20,,46162,6,,,0,59,,46163,6,,,0,20,,46164,6,,,0,20,,46165,6,,,0,61,,46166,6,,,0,20,,46167,6,,,0,20,,46168,6,,,0,60,,46169,6,,,0,19,,46170,6,,,0,20,,46171,6,,,0,60,,46172,6,,,0,20,,46173,6,,,0,20,,46174,6,,,0,59,,46175,6,,,0,20,,46176,6,,,0,21,,46177,6,,,0,60,,46178,6,,,0,21,,46179,6,,,0,20,,46180,6,,,0,61,,46181,6,,,0,19,,46182,6,,,0,19,,46183,6,,,0,58,,46184,6,,,0,29,,46185,6,,,0,73,,46186,6,,,0,34,,46187,6,,,0
3000000,'6_4',631,,46231,6,,,0,20,,46230,6,,,0,60,,46190,6,,,0,20,,46191,6,,,0,20,,46192,6,,,0,60,,46193,6,,,0,20,,46194,6,,,0,21,,46195,6,,,0,60,,46196,6,,,0,19,,46197,6,,,0,21,,46198,6,,,0,60,,46199,6,,,0,20,,46200,6,,,0,20,,46201,6,,,0,60,,46202,6,,,0,20,,46203,6,,,0,20,,46204,6,,,0,59,,46205,6,,,0,20,,46206,6,,,0,20,,46207,6,,,0,61,,46208,6,,,0,20,,46209,6,,,0,20,,46210,6,,,0,60,,46211,6,,,0,19,,46212,6,,,0,20,,46213,6,,,0,60,,46214,6,,,0,20,,46215,6,,,0,20,,46216,6,,,0,59,,46217,6,,,0,20,,46218,6,,,0,21,,46219,6,,,0,60,,46220,6,,,0,21,,46221,6,,,0,20,,46222,6,,,0,61,,46223,6,,,0,19,,46224,6,,,0,19,,46225,6,,,0,58,,46226,6,,,0,29,,46227,6,,,0,73,,46228,6,,,0,34,,46229,6,,,0
3000000,'7_1',630,,47906,6,,,0,19,,47905,6,,,0,60,,47865,6,,,0,21,,47866,6,,,0,20,,47867,6,,,0,60,,47868,6,,,0,20,,47869,6,,,0,22,,47870,6,,,0,60,,47871,6,,,0,20,,47872,6,,,0,20,,47873,6,,,0,58,,47874,6,,,0,21,,47875,6,,,0,20,,47876,6,,,0,60,,47877,6,,,0,20,,47878,6,,,0,20,,47879,6,,,0,60,,47880,6,,,0,22,,47881,6,,,0,19,,47882,6,,,0,60,,47883,6,,,0,19,,47884,6,,,0,20,,47885,6,,,0,61,,47886,6,,,0,20,,47887,6,,,0,20,,47888,6,,,0,60,,47889,6,,,0,19,,47890,6,,,0,19,,47891,6,,,0,56,,47892,6,,,0,19,,47893,6,,,0,18,,47894,6,,,0,60,,47895,6,,,0,21,,47896,6,,,0,22,,47897,6,,,0,61,,47898,6,,,0,22,,47899,6,,,0,21,,47900,6,,,0,60,,47901,6,,,0,29,,47902,6,,,0,73,,47903,6,,,0,34,,47904,6,,,0
3000000,'7_2',630,,51382,6,,,0,19,,51381,6,,,0,60,,51341,6,,,0,21,,51342,6,,,0,20,,51343,6,,,0,60,,51344,6,,,0,20,,51345,6,,,0,22,,51346,6,,,0,60,,51347,6,,,0,20,,51348,6,,,0,20,,51349,6,,,0,58,,51350,6,,,0,21,,51351,6,,,0,20,,51352,6,,,0,60,,51353,6,,,0,20,,51354,6,,,0,20,,51355,6,,,0,60,,51356,6,,,0,22,,51357,6,,,0,19,,51358,6,,,0,60,,51359,6,,,0,19,,51360,6,,,0,20,,51361,6,,,0,61,,51362,6,,,0,20,,51363,6,,,0,20,,51364,6,,,0,60,,51365,6,,,0,19,,51366,6,,,0,19,,51367,6,,,0,56,,51368,6,,,0,19,,51369,6,,,0,18,,51370,6,,,0,60,,51371,6,,,0,21,,51372,6,,,0,22,,51373,6,,,0,61,,51374,6,,,0,22,,51375,6,,,0,21,,51376,6,,,0,60,,51377,6,,,0,29,,51378,6,,,0,73,,51379,6,,,0,34,,51380,6,,,0
3000000,'7_4',630,,51428,6,,,0,19,,51427,6,,,0,60,,51387,6,,,0,21,,51388,6,,,0,20,,51389,6,,,0,60,,51390,6,,,0,20,,51391,6,,,0,22,,51392,6,,,0,60,,51393,6,,,0,20,,51394,6,,,0,20,,51395,6,,,0,58,,51396,6,,,0,21,,51397,6,,,0,20,,51398,6,,,0,60,,51399,6,,,0,20,,51400,6,,,0,20,,51401,6,,,0,60,,51402,6,,,0,22,,51403,6,,,0,19,,51404,6,,,0,60,,51405,6,,,0,19,,51406,6,,,0,20,,51407,6,,,0,61,,51408,6,,,0,20,,51409,6,,,0,20,,51410,6,,,0,60,,51411,6,,,0,19,,51412,6,,,0,19,,51413,6,,,0,56,,51414,6,,,0,19,,51415,6,,,0,18,,51416,6,,,0,60,,51417,6,,,0,21,,51418,6,,,0,22,,51419,6,,,0,61,,51420,6,,,0,22,,51421,6,,,0,21,,51422,6,,,0,60,,51423,6,,,0,29,,51424,6,,,0,73,,51425,6,,,0,34,,51426,6,,,0
3000000,'8_7',755,,52029,6,,,0,170,,52030,6,,,0,130,,52037,6,,,0,170,,52036,6,,,0,130,,52035,6,,,0,170,,52033,6,,,0,130,,52034,6,,,0,169,,52032,6,,,0,130,,52031,6,,,0
