1600,'0_1',810,,32654,8,0,25,0,43,,32655,10,0,25,0,85,,32656,10,0,25,0,76,,32660,10,,,0,116,,32657,10,0,25,0,177,,32662,15,,,0,114,,32658,10,0,25,0,104,,32664,10,0,25,0,104,,32659,10,0,25,0,101,,32665,17,,,0,123,,32661,10,,,0
1600,'0_2',810,,32666,8,0,25,0,43,,32667,10,0,25,0,85,,32668,10,0,25,0,76,,32672,10,,,0,116,,32669,10,0,25,0,177,,32674,15,,,0,114,,32670,10,0,25,0,104,,32676,10,0,25,0,104,,32671,10,0,25,0,101,,32677,17,,,0,123,,32673,10,,,0
1600,'0_4',810,,32678,8,0,25,0,43,,32679,10,0,25,0,85,,32680,10,0,25,0,76,,32684,10,,,0,116,,32681,10,0,25,0,177,,32686,15,,,0,114,,32682,10,0,25,0,104,,32688,10,0,25,0,104,,32683,10,0,25,0,101,,32689,17,,,0,123,,32685,10,,,0
1600,'0_5',810,,32690,8,0,25,0,43,,32691,10,0,25,0,85,,32692,10,0,25,0,76,,32696,10,,,0,116,,32693,10,0,25,0,177,,32698,15,,,0,114,,32694,10,0,25,0,104,,32700,10,0,25,0,104,,32695,10,0,25,0,101,,32701,17,,,0,123,,32697,10,,,0
1600,'1_3',810,,32702,8,0,25,0,43,,32703,10,0,25,0,85,,32704,10,0,25,0,76,,32708,10,,,0,116,,32705,10,0,25,0,177,,32710,15,,,0,114,,32706,10,0,25,0,104,,32712,10,0,25,0,104,,32707,10,0,25,0,101,,32713,17,,,0,123,,32709,10,,,0
1600,'2_6',810,,32714,8,0,25,0,43,,32715,10,0,25,0,85,,32716,10,0,25,0,76,,32720,10,,,0,116,,32717,10,0,25,0,177,,32722,15,,,0,114,,32718,10,0,25,0,104,,32724,10,0,25,0,104,,32719,10,0,25,0,101,,32725,17,,,0,123,,32721,10,,,0
1900,'0_1',658,,32934,9,,,0,56,,32935,9,,,0,44,,32940,9,,,0,47,,32933,5,0,23 53,0,1,,32937,7,0,23 53,0,13,,32939,9,,,0,934,,32936,9,,,0,150,,32938,9,0,25,0
1900,'0_2',658,,32942,9,,,0,56,,32943,9,,,0,44,,32948,9,,,0,47,,32941,5,0,23 53,0,1,,32945,7,0,23 53,0,13,,32947,9,,,0,934,,32944,9,,,0,150,,32946,9,0,25,0
1900,'0_4',658,,32950,9,,,0,56,,32951,9,,,0,44,,32956,9,,,0,47,,32949,5,0,23 53,0,1,,32953,7,0,23 53,0,13,,32955,9,,,0,934,,32952,9,,,0,150,,32954,9,0,25,0
1900,'0_5',658,,32958,9,,,0,56,,32959,9,,,0,44,,32964,9,,,0,47,,32957,5,0,23 53,0,1,,32961,7,0,23 53,0,13,,32963,9,,,0,934,,32960,9,,,0,150,,32962,9,0,25,0
1900,'1_3',658,,32966,9,,,0,56,,32967,9,,,0,44,,32973,9,,,0,47,,32965,5,0,23 53,0,1,,32969,7,0,23 53,0,13,,32972,9,,,0,582,,32971,9,,,0,352,,32968,9,,,0,150,,32970,9,0,25,0
