200,'1_3',655,,48283,4,0,35 37,0,52,,48289,4,0,9 10,0,103,,48317,4,0,38,0,15,,48321,4,0,9 10,0,85,,48294,4,0,35 37,0,90,,48297,4,0,34,0,109,,48298,4,0,34,0,122,,48306,4,0,35 37,0,89,,48286,4,0,35 37,0,100,,48307,4,0,35 37,0,30,,48296,4,0,34,0,92,,48308,4,0,35 37,0,58,,48314,4,0,34,0,53,,48319,4,0,38,0,66,,48291,4,0,38,0,36,,48292,4,0,38,0,72,,48320,4,0,38,0,76,,48288,4,0,35 37,0
200,'2_6',722,,30378,4,0,35 37,0,104,,30379,4,0,35 37,0,80,,30369,4,0,34,0,131,,30381,4,0,35 37,0,110,,30382,4,0,35 37,0,160,,30395,4,0,38,0,39,,30384,4,0,35 37,0,103,,30385,4,0,35 37,0,151,,30386,4,0,35 37,0,100,,30387,4,0,35 37,0,56,,30401,4,0,35 37,0,158,,30389,4,0,34,0
200,'3_7',919,,30402,4,0,38,0,125,,30403,4,0,38,0,165,,30404,4,0,38,0,110,,30405,4,0,38,0,125,,30406,4,0,38,0,165,,30407,4,0,38,0,125,,30408,4,0,38,0,125,,30409,4,0,38,0
200,'4_7',919,,46710,4,0,38,0,125,,46711,4,0,38,0,165,,46712,4,0,38,0,110,,46713,4,0,38,0,125,,46714,4,0,38,0,165,,46715,4,0,38,0,125,,46716,4,0,38,0,125,,46717,4,0,38,0
200,'6_1',658,,38829,4,0,35 37,0,53,,38828,4,0,9 10,0,100,,38826,4,0,38,0,15,,38827,4,0,9 10,0,84,,38823,4,0,35 37,0,92,,38821,4,0,34,0,108,,38813,4,0,34,0,123,,38817,4,0,35 37,0,88,,38806,4,0,35 37,0,100,,38807,4,0,35 37,0,30,,38809,4,0,34,0,92,,38811,4,0,35 37,0,58,,38802,4,0,34,0,54,,38804,4,0,38,0,65,,38799,4,0,38,0,36,,38797,4,0,38,0,72,,38800,4,0,38,0,76,,38794,4,0,35 37,0
200,'6_2',658,,43724,4,0,35 37,0,53,,43723,4,0,9 10,0,100,,43721,4,0,38,0,15,,43722,4,0,9 10,0,84,,43718,4,0,35 37,0,92,,43716,4,0,34,0,108,,43708,4,0,34,0,123,,43712,4,0,35 37,0,88,,43701,4,0,35 37,0,100,,43702,4,0,35 37,0,30,,43704,4,0,34,0,92,,43706,4,0,35 37,0,58,,43697,4,0,34,0,54,,43699,4,0,38,0,65,,43694,4,0,38,0,36,,43692,4,0,38,0,72,,43695,4,0,38,0,76,,43689,4,0,35 37,0
200,'6_3',658,,43763,4,0,35 37,0,53,,43762,4,0,9 10,0,100,,43760,4,0,38,0,15,,43761,4,0,9 10,0,84,,43757,4,0,35 37,0,92,,43755,4,0,34,0,108,,43747,4,0,34,0,123,,43751,4,0,35 37,0,88,,43740,4,0,35 37,0,100,,43741,4,0,35 37,0,30,,43743,4,0,34,0,92,,43745,4,0,35 37,0,58,,43736,4,0,34,0,54,,43738,4,0,38,0,65,,43733,4,0,38,0,36,,43731,4,0,38,0,72,,43734,4,0,38,0,76,,43728,4,0,35 37,0
200,'6_4',658,,43802,4,0,35 37,0,53,,43801,4,0,9 10,0,100,,43799,4,0,38,0,15,,43800,4,0,9 10,0,84,,43796,4,0,35 37,0,92,,43794,4,0,34,0,108,,43786,4,0,34,0,123,,43790,4,0,35 37,0,88,,43779,4,0,35 37,0,100,,43780,4,0,35 37,0,30,,43782,4,0,34,0,92,,43784,4,0,35 37,0,58,,43775,4,0,34,0,54,,43777,4,0,38,0,65,,43772,4,0,38,0,36,,43770,4,0,38,0,72,,43773,4,0,38,0,76,,43767,4,0,35 37,0
200,'7_1',655,,46718,4,0,35 37,0,52,,46724,4,0,9 10,0,103,,46752,4,0,38,0,15,,46756,4,0,9 10,0,85,,46729,4,0,35 37,0,90,,46732,4,0,34,0,109,,46733,4,0,34,0,122,,46741,4,0,35 37,0,89,,46721,4,0,35 37,0,100,,46742,4,0,35 37,0,30,,46731,4,0,34,0,92,,46743,4,0,35 37,0,58,,46749,4,0,34,0,53,,46754,4,0,38,0,66,,46726,4,0,38,0,36,,46727,4,0,38,0,72,,46755,4,0,38,0,76,,46723,4,0,35 37,0
200,'7_2',655,,48322,4,0,35 37,0,52,,48328,4,0,9 10,0,103,,48356,4,0,38,0,15,,48360,4,0,9 10,0,85,,48333,4,0,35 37,0,90,,48336,4,0,34,0,109,,48337,4,0,34,0,122,,48345,4,0,35 37,0,89,,48325,4,0,35 37,0,100,,48346,4,0,35 37,0,30,,48335,4,0,34,0,92,,48347,4,0,35 37,0,58,,48353,4,0,34,0,53,,48358,4,0,38,0,66,,48330,4,0,38,0,36,,48331,4,0,38,0,72,,48359,4,0,38,0,76,,48327,4,0,35 37,0
200,'7_4',655,,48361,4,0,35 37,0,52,,48367,4,0,9 10,0,103,,48395,4,0,38,0,15,,48399,4,0,9 10,0,85,,48372,4,0,35 37,0,90,,48375,4,0,34,0,109,,48376,4,0,34,0,122,,48384,4,0,35 37,0,89,,48364,4,0,35 37,0,100,,48385,4,0,35 37,0,30,,48374,4,0,34,0,92,,48386,4,0,35 37,0,58,,48392,4,0,34,0,53,,48397,4,0,38,0,66,,48369,4,0,38,0,36,,48370,4,0,38,0,72,,48398,4,0,38,0,76,,48366,4,0,35 37,0
