1000,'1_6',918,,17249,31,0,18 30,0,184,,17250,31,0,18 30,0,101,,17251,31,0,18 30,0,101,,17252,31,0,18 30,0,101,,17253,31,0,18 30,0,52,,17247,31,,,0,155,,17248,31,,,0,337,,17254,31,0,18 30,0
1000,'5_1',921,,17269,31,0,18 30,0,186,,17260,31,0,18 30,0,47,,17261,31,0,18 30,0,77,,17262,31,0,18 30,0,80,,17263,31,0,18 30,0,99,,17264,31,0,18 30,0,39,,17266,31,,,0,70,,17267,31,,,0,96,,17268,31,,,0,335,,17265,31,0,18 30,0
1000,'5_2',921,,17284,31,0,18 30,0,186,,17275,31,0,18 30,0,47,,17276,31,0,18 30,0,77,,17277,31,0,18 30,0,80,,17278,31,0,18 30,0,99,,17279,31,0,18 30,0,39,,17281,31,,,0,70,,17282,31,,,0,96,,17283,31,,,0,335,,17280,31,0,18 30,0
1000,'5_4',921,,17299,31,0,18 30,0,186,,17290,31,0,18 30,0,47,,17291,31,0,18 30,0,77,,17292,31,0,18 30,0,80,,17293,31,0,18 30,0,99,,17294,31,0,18 30,0,39,,17296,31,,,0,70,,17297,31,,,0,96,,17298,31,,,0,335,,17295,31,0,18 30,0
1000,'5_5',921,,17314,31,0,18 30,0,186,,17305,31,0,18 30,0,47,,17306,31,0,18 30,0,77,,17307,31,0,18 30,0,80,,17308,31,0,18 30,0,99,,17309,31,0,18 30,0,39,,17311,31,,,0,70,,17312,31,,,0,96,,17313,31,,,0,335,,17310,31,0,18 30,0
1000,'6_3',921,,17329,31,0,18 30,0,186,,17320,31,0,18 30,0,47,,17321,31,0,18 30,0,77,,17322,31,0,18 30,0,80,,17323,31,0,18 30,0,99,,17324,31,0,18 30,0,39,,17326,31,,,0,70,,17327,31,,,0,96,,17328,31,,,0,335,,17325,31,0,18 30,0
1100,'1_6',827,,17413,17,,,0,905,,17414,17,,,0,119,,17415,17,,,0
1100,'5_1',827,,17417,17,,,0,905,,17418,17,,,0,119,,17419,17,,,0
1100,'5_2',827,,17421,17,,,0,905,,17422,17,,,0,119,,17423,17,,,0
1100,'5_4',827,,17425,17,,,0,905,,17426,17,,,0,119,,17427,17,,,0
1100,'5_5',827,,17429,17,,,0,905,,17430,17,,,0,119,,17431,17,,,0
1100,'6_3',827,,17433,17,,,0,905,,17434,17,,,0,119,,17435,17,,,0
1601,'1_6',837,,17681,9,,,0,77,,17682,9,,,0,44,,17683,9,,,0,155,,17685,16,,,0,124,,17688,23,,,0,164,,17686,16,,,0,105,,17689,16,,,0,45,,17684,9,,,0,106,,17690,9,,,0,169,,17687,16,,,0
1601,'5_1',837,,17691,9,,,0,77,,17692,9,,,0,44,,17693,9,,,0,155,,17695,16,,,0,124,,17698,23,,,0,164,,17696,16,,,0,105,,17699,16,,,0,45,,17694,9,,,0,106,,17700,9,,,0,169,,17697,16,,,0
1601,'5_2',837,,17701,9,,,0,77,,17702,9,,,0,44,,17703,9,,,0,155,,17705,16,,,0,124,,17708,23,,,0,164,,17706,16,,,0,105,,17709,16,,,0,45,,17704,9,,,0,106,,17710,9,,,0,169,,17707,16,,,0
1601,'5_4',837,,17711,9,,,0,77,,17712,9,,,0,44,,17713,9,,,0,155,,17715,16,,,0,124,,17718,23,,,0,164,,17716,16,,,0,105,,17719,16,,,0,45,,17714,9,,,0,106,,17720,9,,,0,169,,17717,16,,,0
1601,'5_5',837,,17721,9,,,0,77,,17722,9,,,0,44,,17723,9,,,0,155,,17725,16,,,0,124,,17728,23,,,0,164,,17726,16,,,0,105,,17729,16,,,0,45,,17724,9,,,0,106,,17730,9,,,0,169,,17727,16,,,0
1601,'6_3',837,,17731,9,,,0,77,,17732,9,,,0,44,,17733,9,,,0,155,,17735,16,,,0,124,,17738,23,,,0,164,,17736,16,,,0,105,,17739,16,,,0,45,,17734,9,,,0,106,,17740,9,,,0,169,,17737,16,,,0
