200,'S2-1_6',715,,7796,25,0,34,0,30,,7807,22,0,35 28 36 37,0,60,,7819,13,0,38,0,20,,7797,25,0,34,0,25,,7808,22,0,35 28 36 37,0,60,,7820,25,0,38,0,20,,7798,22,0,34,0,25,,7809,13,0,35 28 36 37,0,60,,7821,13,0,38,0,20,,7799,25,0,34,0,65,,7810,22,0,35 28 36 37,0,23,,7822,13,0,38,0,23,,7800,25,0,34,0,64,,7811,22,0,35 28 36 37,0,20,,7823,13,0,38,0,20,,7801,23,0,34,0,60,,7812,13,0,35 28 36 37,0,20,,7824,22,0,38,0,20,,7802,25,0,34,0,60,,7813,22,0,35 28 36 37,0,21,,7825,13,0,38,0,21,,7803,25,0,34,0,61,,7814,22,0,35 28 36 37,0,21,,7826,13,0,38,0,23,,7804,25,0,34,0,67,,7815,22,0,35 28 36 37,0,18,,7827,13,0,38,0,58,,7805,25,0,34,0,25,,7816,22,0,35 28 36 37,0,18,,7828,13,0,38,0,57,,7806,25,0,34,0,20,,7830,22,0,35 28 36 37,0,25,,7829,13,0,38,0,67,,7817,25,0,35 28 36 37,0,23,,7818,22,0,34,0
200,'S2-4_7',940,,7831,22,0,38,0,165,,7832,22,0,38,0,125,,7833,22,0,38,0,110,,7834,22,0,38,0,165,,7835,22,0,38,0,125,,7836,22,0,38,0,125,,7837,22,0,38,0,165,,7838,22,0,38,0
200,'S2-5_1',720,,7839,22,0,35 28 36 37,0,5,,7871,25,0,38,0,8,,7845,22,4,,0,12,,7872,25,0,38,0,60,,7866,13,0,34,0,15,,7846,25,0,35 28 36 37,0,15,,7873,22,0,38,0,15,,7877,22,4,,0,50,,7840,25,4,,0,20,,7867,13,0,34,0,15,,7850,22,0,35 28 36 37,0,20,,7860,25,4,,0,70,,7853,22,0,34,0,29,,7841,25,0,35 28 36 37,0,80,,7854,22,0,34,0,75,,7861,13,0,35 28 36 37,0,11,,7868,13,4,,0,15,,7851,25,0,34,0,20,,7862,22,0,35 28 36 37,0,65,,7856,13,0,34,0,25,,7842,22,0,35 28 36 37,0,70,,7855,25,0,34,0,30,,7863,22,0,35 28 36 37,0,70,,7852,22,0,34,0,25,,7869,25,0,38,0,67,,7864,22,0,35 28 36 37,0,18,,7870,22,0,34,0,15,,7874,13,0,38,0,70,,7843,13,0,35 28 36 37,0,10,,7875,22,0,38,0,10,,7857,25,0,34,0,15,,7847,22,0,38,0,61,,7865,25,0,35 28 36 37,0,14,,7848,22,0,38,0,15,,7858,25,0,34,0,15,,7876,22,0,38,0,60,,7849,25,0,38,0,15,,7844,22,0,35 28 36 37,0,10,,7859,25,0,34,0
200,'S2-5_2',720,,7878,22,0,35 28 36 37,0,5,,7910,25,0,38,0,8,,7884,22,4,,0,12,,7911,25,0,38,0,60,,7905,13,0,34,0,15,,7885,25,0,35 28 36 37,0,15,,7912,22,0,38,0,15,,7916,22,4,,0,50,,7879,25,4,,0,20,,7906,13,0,34,0,15,,7889,22,0,35 28 36 37,0,20,,7899,25,4,,0,70,,7892,22,0,34,0,29,,7880,25,0,35 28 36 37,0,80,,7893,22,0,34,0,75,,7900,13,0,35 28 36 37,0,11,,7907,13,4,,0,15,,7890,25,0,34,0,20,,7901,22,0,35 28 36 37,0,65,,7895,13,0,34,0,25,,7881,22,0,35 28 36 37,0,70,,7894,25,0,34,0,30,,7902,22,0,35 28 36 37,0,70,,7891,22,0,34,0,25,,7908,25,0,38,0,67,,7903,22,0,35 28 36 37,0,18,,7909,22,0,34,0,15,,7913,13,0,38,0,70,,7882,13,0,35 28 36 37,0,10,,7914,22,0,38,0,10,,7896,25,0,34,0,15,,7886,22,0,38,0,61,,7904,25,0,35 28 36 37,0,14,,7887,22,0,38,0,15,,7897,25,0,34,0,15,,7915,22,0,38,0,60,,7888,25,0,38,0,15,,7883,22,0,35 28 36 37,0,10,,7898,25,0,34,0
200,'S2-5_4',720,,7917,22,0,35 28 36 37,0,5,,7949,25,0,38,0,8,,7923,22,4,,0,12,,7950,25,0,38,0,60,,7944,13,0,34,0,15,,7924,25,0,35 28 36 37,0,15,,7951,22,0,38,0,15,,7955,22,4,,0,50,,7918,25,4,,0,20,,7945,13,0,34,0,15,,7928,22,0,35 28 36 37,0,20,,7938,25,4,,0,70,,7931,22,0,34,0,29,,7919,25,0,35 28 36 37,0,80,,7932,22,0,34,0,75,,7939,13,0,35 28 36 37,0,11,,7946,13,4,,0,15,,7929,25,0,34,0,20,,7940,22,0,35 28 36 37,0,65,,7934,13,0,34,0,25,,7920,22,0,35 28 36 37,0,70,,7933,25,0,34,0,30,,7941,22,0,35 28 36 37,0,70,,7930,22,0,34,0,25,,7947,25,0,38,0,67,,7942,22,0,35 28 36 37,0,18,,7948,22,0,34,0,15,,7952,13,0,38,0,70,,7921,13,0,35 28 36 37,0,10,,7953,22,0,38,0,10,,7935,25,0,34,0,15,,7925,22,0,38,0,61,,7943,25,0,35 28 36 37,0,14,,7926,22,0,38,0,15,,7936,25,0,34,0,15,,7954,22,0,38,0,60,,7927,25,0,38,0,15,,7922,22,0,35 28 36 37,0,10,,7937,25,0,34,0
200,'S2-5_5',720,,7956,22,0,35 28 36 37,0,5,,7988,25,0,38,0,8,,7962,22,4,,0,12,,7989,25,0,38,0,60,,7983,13,0,34,0,15,,7963,25,0,35 28 36 37,0,15,,7990,22,0,38,0,15,,7994,22,4,,0,50,,7957,25,4,,0,20,,7984,13,0,34,0,15,,7967,22,0,35 28 36 37,0,20,,7977,25,4,,0,70,,7970,22,0,34,0,29,,7958,25,0,35 28 36 37,0,80,,7971,22,0,34,0,75,,7978,13,0,35 28 36 37,0,11,,7985,13,4,,0,15,,7968,25,0,34,0,20,,7979,22,0,35 28 36 37,0,65,,7973,13,0,34,0,25,,7959,22,0,35 28 36 37,0,70,,7972,25,0,34,0,30,,7980,22,0,35 28 36 37,0,70,,7969,22,0,34,0,25,,7986,25,0,38,0,67,,7981,22,0,35 28 36 37,0,18,,7987,22,0,34,0,15,,7991,13,0,38,0,70,,7960,13,0,35 28 36 37,0,10,,7992,22,0,38,0,10,,7974,25,0,34,0,15,,7964,22,0,38,0,61,,7982,25,0,35 28 36 37,0,14,,7965,22,0,38,0,15,,7975,25,0,34,0,15,,7993,22,0,38,0,60,,7966,25,0,38,0,15,,7961,22,0,35 28 36 37,0,10,,7976,25,0,34,0
200,'S2-6_3',720,,7995,22,0,35 28 36 37,0,5,,8027,25,0,38,0,8,,8001,22,4,,0,12,,8028,25,0,38,0,60,,8022,13,0,34,0,15,,8002,25,0,35 28 36 37,0,15,,8029,22,0,38,0,15,,8033,22,4,,0,50,,7996,25,4,,0,20,,8023,13,0,34,0,15,,8006,22,0,35 28 36 37,0,20,,8016,25,4,,0,70,,8009,22,0,34,0,29,,7997,25,0,35 28 36 37,0,80,,8010,22,0,34,0,75,,8017,13,0,35 28 36 37,0,11,,8024,13,4,,0,15,,8007,25,0,34,0,20,,8018,22,0,35 28 36 37,0,65,,8012,13,0,34,0,25,,7998,22,0,35 28 36 37,0,70,,8011,25,0,34,0,30,,8019,22,0,35 28 36 37,0,70,,8008,22,0,34,0,25,,8025,25,0,38,0,67,,8020,22,0,35 28 36 37,0,18,,8026,22,0,34,0,15,,8030,13,0,38,0,70,,7999,13,0,35 28 36 37,0,10,,8031,22,0,38,0,10,,8013,25,0,34,0,15,,8003,22,0,38,0,61,,8021,25,0,35 28 36 37,0,14,,8004,22,0,38,0,15,,8014,25,0,34,0,15,,8032,22,0,38,0,60,,8005,25,0,38,0,15,,8000,22,0,35 28 36 37,0,10,,8015,25,0,34,0
700,'S2-1_6',718,,9398,10,,,0,110,,9399,10,,,0,110,,9400,10,,,0,110,,9401,10,,,0,110,,9402,10,,,0,150,,9403,10,,,0,110,,9404,10,,,0,110,,9405,10,,,0,110,,9406,10,,,0,110,,9396,10,,,0,110,,9397,10,,,0
700,'S2-5_1',717,,9407,10,,,0,110,,9409,10,,,0,110,,9410,10,,,0,110,,9411,10,,,0,110,,9412,10,,,0,150,,9413,10,,,0,110,,9414,10,,,0,110,,9415,10,,,0,110,,9416,10,,,0,110,,9417,10,,,0,110,,9408,10,,,0
700,'S2-5_2',717,,9418,10,,,0,110,,9420,10,,,0,110,,9421,10,,,0,110,,9422,10,,,0,110,,9423,10,,,0,150,,9424,10,,,0,110,,9425,10,,,0,110,,9426,10,,,0,110,,9427,10,,,0,110,,9428,10,,,0,110,,9419,10,,,0
700,'S2-5_4',717,,9429,10,,,0,110,,9431,10,,,0,110,,9432,10,,,0,110,,9433,10,,,0,110,,9434,10,,,0,150,,9435,10,,,0,110,,9436,10,,,0,110,,9437,10,,,0,110,,9438,10,,,0,110,,9439,10,,,0,110,,9430,10,,,0
700,'S2-5_5',717,,9440,10,,,0,110,,9442,10,,,0,110,,9443,10,,,0,110,,9444,10,,,0,110,,9445,10,,,0,150,,9446,10,,,0,110,,9447,10,,,0,110,,9448,10,,,0,110,,9449,10,,,0,110,,9450,10,,,0,110,,9441,10,,,0
700,'S2-6_3',717,,9451,10,,,0,110,,9453,10,,,0,110,,9454,10,,,0,110,,9455,10,,,0,110,,9456,10,,,0,150,,9457,10,,,0,110,,9458,10,,,0,110,,9459,10,,,0,110,,9460,10,,,0,110,,9461,10,,,0,110,,9452,10,,,0
800,'S2-5_1',720,,9528,24,4,,0,33,,9529,24,4,,0,67,,9530,24,4,,0,30,,9531,24,4,,0,80,,9532,24,4,,0,110,,9533,24,4,,0,117,,9534,24,4,,0,151,,9535,24,4,,0,111,,9536,24,4,,0,112,,9538,24,4,,0,110,,9537,24,4,,0
800,'S2-5_2',720,,9539,24,4,,0,33,,9540,24,4,,0,67,,9541,24,4,,0,30,,9542,24,4,,0,80,,9543,24,4,,0,110,,9544,24,4,,0,117,,9545,24,4,,0,151,,9546,24,4,,0,111,,9547,24,4,,0,112,,9549,24,4,,0,110,,9548,24,4,,0
800,'S2-5_4',720,,9550,24,4,,0,33,,9551,24,4,,0,67,,9552,24,4,,0,30,,9553,24,4,,0,80,,9554,24,4,,0,110,,9555,24,4,,0,117,,9556,24,4,,0,151,,9557,24,4,,0,111,,9558,24,4,,0,112,,9560,24,4,,0,110,,9559,24,4,,0
800,'S2-5_5',720,,9561,24,4,,0,33,,9562,24,4,,0,67,,9563,24,4,,0,30,,9564,24,4,,0,80,,9565,24,4,,0,110,,9566,24,4,,0,117,,9567,24,4,,0,151,,9568,24,4,,0,111,,9569,24,4,,0,112,,9571,24,4,,0,110,,9570,24,4,,0
800,'S2-6_3',720,,9572,24,4,,0,33,,9573,24,4,,0,67,,9574,24,4,,0,30,,9575,24,4,,0,80,,9576,24,4,,0,110,,9577,24,4,,0,117,,9578,24,4,,0,151,,9579,24,4,,0,111,,9580,24,4,,0,112,,9582,24,4,,0,110,,9581,24,4,,0
1500,'S2-1_6',726,,10065,3,,,0,21,,10066,3,,,0,155,,10067,3,,,0,117,,10068,3,,,0,116,,10069,3,,,0,80,,10070,3,,,0,37,,10071,3,,,0,95,,10072,3,,,0,158,,10064,3,0,44,0,100,,10073,3,,,0,107,,10074,3,,,0,100,,10075,3,,,0,118,,10076,3,,,0
1500,'S2-5_1',726,,10078,3,,,0,21,,10079,3,,,0,155,,10080,3,,,0,117,,10081,3,,,0,116,,10082,3,,,0,80,,10083,3,,,0,37,,10084,3,,,0,95,,10085,3,,,0,158,,10077,3,0,44,0,100,,10086,3,,,0,107,,10087,3,,,0,100,,10088,3,,,0,118,,10089,3,,,0
1500,'S2-5_2',726,,10091,3,,,0,21,,10092,3,,,0,155,,10093,3,,,0,117,,10094,3,,,0,116,,10095,3,,,0,80,,10096,3,,,0,37,,10097,3,,,0,95,,10098,3,,,0,158,,10090,3,0,44,0,100,,10099,3,,,0,107,,10100,3,,,0,100,,10101,3,,,0,118,,10102,3,,,0
1500,'S2-5_4',726,,10104,3,,,0,21,,10105,3,,,0,155,,10106,3,,,0,117,,10107,3,,,0,116,,10108,3,,,0,80,,10109,3,,,0,37,,10110,3,,,0,95,,10111,3,,,0,158,,10103,3,0,44,0,100,,10112,3,,,0,107,,10113,3,,,0,100,,10114,3,,,0,118,,10115,3,,,0
1500,'S2-5_5',726,,10117,3,,,0,21,,10118,3,,,0,155,,10119,3,,,0,117,,10120,3,,,0,116,,10121,3,,,0,80,,10122,3,,,0,37,,10123,3,,,0,95,,10124,3,,,0,158,,10116,3,0,44,0,100,,10125,3,,,0,107,,10126,3,,,0,100,,10127,3,,,0,118,,10128,3,,,0
1500,'S2-6_3',726,,10130,3,,,0,21,,10131,3,,,0,155,,10132,3,,,0,117,,10133,3,,,0,116,,10134,3,,,0,80,,10135,3,,,0,37,,10136,3,,,0,95,,10137,3,,,0,158,,10129,3,0,44,0,100,,10138,3,,,0,107,,10139,3,,,0,100,,10140,3,,,0,118,,10141,3,,,0
900500,'S2-5_4',2119,,11452,4,,,0,90,,11453,4,,,0,50,,11454,4,,,0,90,,11455,4,,,0,88,,11456,4,,,0,82,,11457,4,,,0,30,,11458,4,,,0,70,,11459,4,,,0
1000000,'S2-1_6',545,,11756,17,0,31 32 33,0,80,,11757,17,0,31 32 33,0,82,,11758,17,,,0,42,,11759,17,,,0,70,,11760,17,0,31 32 33,0,15,,11761,17,,,0,16,,11762,17,0,31 32 33,0,55,,11763,17,0,31 32 33,0,14,,11764,17,,,0,16,,11765,17,0,31 32 33,0,16,,11823,17,0,31 32 33,0,55,,11766,17,,,0,16,,11767,17,0,31 32 33,0,16,,11768,17,0,31 32 33,0,14,,11769,17,,,0,56,,11770,17,0,31 32 33,0,16,,11771,17,0,31 32 33,0,16,,11772,17,,,0,15,,11773,17,0,31 32 33,0,55,,11774,17,0,31 32 33,0,16,,11775,17,,,0,14,,11776,17,0,31 32 33,0,14,,11777,17,0,31 32 33,0,55,,11778,17,,,0,14,,11779,17,0,31 32 33,0,10,,11780,17,0,31 32 33,0,11,,11781,17,,,0,12,,11782,17,0,31 32 33,0,50,,11783,17,0,31 32 33,0,9,,11784,17,0,31 32 33,0,9,,11785,17,,,0,10,,11786,17,0,31 32 33,0,11,,11787,17,0,31 32 33,0,11,,11788,17,0,31 32 33,0,50,,11789,17,,,0,12,,11790,17,0,31 32 33,0,9,,11791,17,0,31 32 33,0,9,,11792,17,0,31 32 33,0,10,,11793,17,,,0,11,,11794,17,0,31 32 33,0,50,,11795,17,0,31 32 33,0,10,,11796,17,0,31 32 33,0,11,,11797,17,,,0,11,,11798,17,0,31 32 33,0,9,,11799,17,0,31 32 33,0,10,,11800,17,0,31 32 33,0,51,,11801,17,,,0,13,,11802,17,0,31 32 33,0,9,,11803,17,0,31 32 33,0,9,,11804,17,0,31 32 33,0,10,,11805,17,,,0,8,,11806,17,0,31 32 33,0,49,,11807,17,0,31 32 33,0,9,,11808,17,0,31 32 33,0,8,,11810,17,0,31 32 33,0,10,,11809,17,,,0,9,,11811,17,0,31 32 33,0,9,,11812,17,0,31 32 33,0,49,,11814,17,0,31 32 33,0,10,,11813,17,0,31 32 33,0,11,,11815,17,0,31 32 33,0,21,,11816,17,0,31 32 33,0,57,,11817,17,0,31 32 33,0,20,,11818,17,0,31 32 33,0,20,,11819,17,0,31 32 33,0,19,,11820,17,0,31 32 33,0,59,,11821,17,0,31 32 33,0,19,,11822,17,0,31 32 33,0
1000000,'S2-4_7',819,,11824,17,0,31 32 33,0,40,,11825,17,0,31 32 33,0,80,,11826,17,0,31 32 33,0,80,,11827,17,0,31 32 33,0,40,,11828,17,0,31 32 33,0,80,,11829,17,0,31 32 33,0,80,,11830,17,0,31 32 33,0,40,,11831,17,0,31 32 33,0,80,,11832,17,0,31 32 33,0,80,,11833,17,0,31 32 33,0,40,,11834,17,0,31 32 33,0,80,,11835,17,0,31 32 33,0,80,,11836,17,0,31 32 33,0,40,,11837,17,0,31 32 33,0,80,,11838,17,0,31 32 33,0,80,,11839,17,0,31 32 33,0,40,,11840,17,0,31 32 33,0,80,,11841,17,0,31 32 33,0
1000000,'S2-5_1',550,,11842,17,0,31 32 33,0,60,,11843,17,0,31 32 33,0,20,,11924,17,0,31 32 33,0,20,,11925,17,,,0,54,,11927,17,,,0,11,,11923,17,,,0,9,,11876,17,,,0,6,,11921,3,,,0,3,,11877,17,,,0,10,,11878,17,,,0,11,,11879,17,,,0,50,,11880,17,,,0,11,,11881,17,,,0,10,,11882,17,,,0,10,,11883,17,,,0,9,,11926,17,,,0,9,,11844,17,0,31 32 33,0,49,,11845,17,,,0,10,,11846,17,0,31 32 33,0,10,,11847,17,,,0,11,,11848,17,0,31 32 33,0,10,,11884,17,,,0,11,,11849,17,0,31 32 33,0,51,,11850,17,,,0,11,,11851,17,0,31 32 33,0,11,,11852,17,,,0,11,,11853,17,0,31 32 33,0,10,,11854,17,,,0,11,,11856,17,0,31 32 33,0,50,,11855,17,,,0,11,,11886,17,0,31 32 33,0,11,,11885,17,,,0,11,,11887,17,0,31 32 33,0,11,,11888,17,,,0,51,,11889,17,0,31 32 33,0,10,,11890,17,,,0,10,,11891,17,0,31 32 33,0,11,,11892,17,,,0,10,,11893,17,0,31 32 33,0,10,,11894,17,,,0,50,,11895,17,0,31 32 33,0,10,,11896,17,,,0,9,,11897,17,0,31 32 33,0,10,,11898,17,,,0,10,,11857,17,0,31 32 33,0,11,,11858,17,,,0,50,,11899,17,0,31 32 33,0,10,,11859,17,,,0,9,,11860,17,0,31 32 33,0,11,,11861,17,,,0,10,,11900,17,0,31 32 33,0,11,,11862,17,,,0,50,,11863,17,0,31 32 33,0,10,,11864,17,,,0,10,,11865,17,0,31 32 33,0,11,,11901,17,,,0,11,,11902,17,,,0,10,,11903,17,,,0,50,,11904,17,,,0,10,,11905,17,,,0,10,,11906,17,,,0,10,,11907,17,,,0,11,,11908,17,,,0,10,,11909,17,,,0,50,,11910,17,,,0,10,,11911,17,,,0,10,,11912,17,,,0,9,,11913,17,,,0,9,,11914,17,,,0,9,,11915,17,,,0,50,,11916,17,,,0,10,,11917,17,0,31 32 33,0,9,,11918,17,,,0,8,,11922,17,0,31 32 33,0,9,,11866,17,0,31 32 33,0,10,,11919,17,,,0,50,,11867,17,0,31 32 33,0,10,,11920,17,,,0,9,,11868,17,0,31 32 33,0,19,,11869,17,0,31 32 33,0,60,,11870,17,0,31 32 33,0,18,,11871,17,0,31 32 33,0,20,,11872,17,0,31 32 33,0,20,,11873,17,0,31 32 33,0,60,,11874,17,0,31 32 33,0,20,,11875,17,0,31 32 33,0
1000000,'S2-5_2',550,,11928,17,0,31 32 33,0,60,,11929,17,0,31 32 33,0,20,,12010,17,0,31 32 33,0,20,,12011,17,,,0,54,,12013,17,,,0,11,,12009,17,,,0,9,,11962,17,,,0,6,,12007,3,,,0,3,,11963,17,,,0,10,,11964,17,,,0,11,,11965,17,,,0,50,,11966,17,,,0,11,,11967,17,,,0,10,,11968,17,,,0,10,,11969,17,,,0,9,,12012,17,,,0,9,,11930,17,0,31 32 33,0,49,,11931,17,,,0,10,,11932,17,0,31 32 33,0,10,,11933,17,,,0,11,,11934,17,0,31 32 33,0,10,,11970,17,,,0,11,,11935,17,0,31 32 33,0,51,,11936,17,,,0,11,,11937,17,0,31 32 33,0,11,,11938,17,,,0,11,,11939,17,0,31 32 33,0,10,,11940,17,,,0,11,,11942,17,0,31 32 33,0,50,,11941,17,,,0,11,,11972,17,0,31 32 33,0,11,,11971,17,,,0,11,,11973,17,0,31 32 33,0,11,,11974,17,,,0,51,,11975,17,0,31 32 33,0,10,,11976,17,,,0,10,,11977,17,0,31 32 33,0,11,,11978,17,,,0,10,,11979,17,0,31 32 33,0,10,,11980,17,,,0,50,,11981,17,0,31 32 33,0,10,,11982,17,,,0,9,,11983,17,0,31 32 33,0,10,,11984,17,,,0,10,,11943,17,0,31 32 33,0,11,,11944,17,,,0,50,,11985,17,0,31 32 33,0,10,,11945,17,,,0,9,,11946,17,0,31 32 33,0,11,,11947,17,,,0,10,,11986,17,0,31 32 33,0,11,,11948,17,,,0,50,,11949,17,0,31 32 33,0,10,,11950,17,,,0,10,,11951,17,0,31 32 33,0,11,,11987,17,,,0,11,,11988,17,,,0,10,,11989,17,,,0,50,,11990,17,,,0,10,,11991,17,,,0,10,,11992,17,,,0,10,,11993,17,,,0,11,,11994,17,,,0,10,,11995,17,,,0,50,,11996,17,,,0,10,,11997,17,,,0,10,,11998,17,,,0,9,,11999,17,,,0,9,,12000,17,,,0,9,,12001,17,,,0,50,,12002,17,,,0,10,,12003,17,0,31 32 33,0,9,,12004,17,,,0,8,,12008,17,0,31 32 33,0,9,,11952,17,0,31 32 33,0,10,,12005,17,,,0,50,,11953,17,0,31 32 33,0,10,,12006,17,,,0,9,,11954,17,0,31 32 33,0,19,,11955,17,0,31 32 33,0,60,,11956,17,0,31 32 33,0,18,,11957,17,0,31 32 33,0,20,,11958,17,0,31 32 33,0,20,,11959,17,0,31 32 33,0,60,,11960,17,0,31 32 33,0,20,,11961,17,0,31 32 33,0
1000000,'S2-5_4',550,,12014,17,0,31 32 33,0,60,,12015,17,0,31 32 33,0,20,,12096,17,0,31 32 33,0,20,,12097,17,,,0,54,,12099,17,,,0,11,,12095,17,,,0,9,,12048,17,,,0,6,,12093,3,,,0,3,,12049,17,,,0,10,,12050,17,,,0,11,,12051,17,,,0,50,,12052,17,,,0,11,,12053,17,,,0,10,,12054,17,,,0,10,,12055,17,,,0,9,,12098,17,,,0,9,,12016,17,0,31 32 33,0,49,,12017,17,,,0,10,,12018,17,0,31 32 33,0,10,,12019,17,,,0,11,,12020,17,0,31 32 33,0,10,,12056,17,,,0,11,,12021,17,0,31 32 33,0,51,,12022,17,,,0,11,,12023,17,0,31 32 33,0,11,,12024,17,,,0,11,,12025,17,0,31 32 33,0,10,,12026,17,,,0,11,,12028,17,0,31 32 33,0,50,,12027,17,,,0,11,,12058,17,0,31 32 33,0,11,,12057,17,,,0,11,,12059,17,0,31 32 33,0,11,,12060,17,,,0,51,,12061,17,0,31 32 33,0,10,,12062,17,,,0,10,,12063,17,0,31 32 33,0,11,,12064,17,,,0,10,,12065,17,0,31 32 33,0,10,,12066,17,,,0,50,,12067,17,0,31 32 33,0,10,,12068,17,,,0,9,,12069,17,0,31 32 33,0,10,,12070,17,,,0,10,,12029,17,0,31 32 33,0,11,,12030,17,,,0,50,,12071,17,0,31 32 33,0,10,,12031,17,,,0,9,,12032,17,0,31 32 33,0,11,,12033,17,,,0,10,,12072,17,0,31 32 33,0,11,,12034,17,,,0,50,,12035,17,0,31 32 33,0,10,,12036,17,,,0,10,,12037,17,0,31 32 33,0,11,,12073,17,,,0,11,,12074,17,,,0,10,,12075,17,,,0,50,,12076,17,,,0,10,,12077,17,,,0,10,,12078,17,,,0,10,,12079,17,,,0,11,,12080,17,,,0,10,,12081,17,,,0,50,,12082,17,,,0,10,,12083,17,,,0,10,,12084,17,,,0,9,,12085,17,,,0,9,,12086,17,,,0,9,,12087,17,,,0,50,,12088,17,,,0,10,,12089,17,0,31 32 33,0,9,,12090,17,,,0,8,,12094,17,0,31 32 33,0,9,,12038,17,0,31 32 33,0,10,,12091,17,,,0,50,,12039,17,0,31 32 33,0,10,,12092,17,,,0,9,,12040,17,0,31 32 33,0,19,,12041,17,0,31 32 33,0,60,,12042,17,0,31 32 33,0,18,,12043,17,0,31 32 33,0,20,,12044,17,0,31 32 33,0,20,,12045,17,0,31 32 33,0,60,,12046,17,0,31 32 33,0,20,,12047,17,0,31 32 33,0
1000000,'S2-5_5',550,,12100,17,0,31 32 33,0,60,,12101,17,0,31 32 33,0,20,,12182,17,0,31 32 33,0,20,,12183,17,,,0,54,,12185,17,,,0,11,,12181,17,,,0,9,,12134,17,,,0,6,,12179,3,,,0,3,,12135,17,,,0,10,,12136,17,,,0,11,,12137,17,,,0,50,,12138,17,,,0,11,,12139,17,,,0,10,,12140,17,,,0,10,,12141,17,,,0,9,,12184,17,,,0,9,,12102,17,0,31 32 33,0,49,,12103,17,,,0,10,,12104,17,0,31 32 33,0,10,,12105,17,,,0,11,,12106,17,0,31 32 33,0,10,,12142,17,,,0,11,,12107,17,0,31 32 33,0,51,,12108,17,,,0,11,,12109,17,0,31 32 33,0,11,,12110,17,,,0,11,,12111,17,0,31 32 33,0,10,,12112,17,,,0,11,,12114,17,0,31 32 33,0,50,,12113,17,,,0,11,,12144,17,0,31 32 33,0,11,,12143,17,,,0,11,,12145,17,0,31 32 33,0,11,,12146,17,,,0,51,,12147,17,0,31 32 33,0,10,,12148,17,,,0,10,,12149,17,0,31 32 33,0,11,,12150,17,,,0,10,,12151,17,0,31 32 33,0,10,,12152,17,,,0,50,,12153,17,0,31 32 33,0,10,,12154,17,,,0,9,,12155,17,0,31 32 33,0,10,,12156,17,,,0,10,,12115,17,0,31 32 33,0,11,,12116,17,,,0,50,,12157,17,0,31 32 33,0,10,,12117,17,,,0,9,,12118,17,0,31 32 33,0,11,,12119,17,,,0,10,,12158,17,0,31 32 33,0,11,,12120,17,,,0,50,,12121,17,0,31 32 33,0,10,,12122,17,,,0,10,,12123,17,0,31 32 33,0,11,,12159,17,,,0,11,,12160,17,,,0,10,,12161,17,,,0,50,,12162,17,,,0,10,,12163,17,,,0,10,,12164,17,,,0,10,,12165,17,,,0,11,,12166,17,,,0,10,,12167,17,,,0,50,,12168,17,,,0,10,,12169,17,,,0,10,,12170,17,,,0,9,,12171,17,,,0,9,,12172,17,,,0,9,,12173,17,,,0,50,,12174,17,,,0,10,,12175,17,0,31 32 33,0,9,,12176,17,,,0,8,,12180,17,0,31 32 33,0,9,,12124,17,0,31 32 33,0,10,,12177,17,,,0,50,,12125,17,0,31 32 33,0,10,,12178,17,,,0,9,,12126,17,0,31 32 33,0,19,,12127,17,0,31 32 33,0,60,,12128,17,0,31 32 33,0,18,,12129,17,0,31 32 33,0,20,,12130,17,0,31 32 33,0,20,,12131,17,0,31 32 33,0,60,,12132,17,0,31 32 33,0,20,,12133,17,0,31 32 33,0
1000000,'S2-6_3',550,,12186,17,0,31 32 33,0,60,,12187,17,0,31 32 33,0,20,,12268,17,0,31 32 33,0,20,,12269,17,,,0,54,,12271,17,,,0,11,,12267,17,,,0,9,,12220,17,,,0,6,,12265,3,,,0,3,,12221,17,,,0,10,,12222,17,,,0,11,,12223,17,,,0,50,,12224,17,,,0,11,,12225,17,,,0,10,,12226,17,,,0,10,,12227,17,,,0,9,,12270,17,,,0,9,,12188,17,0,31 32 33,0,49,,12189,17,,,0,10,,12190,17,0,31 32 33,0,10,,12191,17,,,0,11,,12192,17,0,31 32 33,0,10,,12228,17,,,0,11,,12193,17,0,31 32 33,0,51,,12194,17,,,0,11,,12195,17,0,31 32 33,0,11,,12196,17,,,0,11,,12197,17,0,31 32 33,0,10,,12198,17,,,0,11,,12200,17,0,31 32 33,0,50,,12199,17,,,0,11,,12230,17,0,31 32 33,0,11,,12229,17,,,0,11,,12231,17,0,31 32 33,0,11,,12232,17,,,0,51,,12233,17,0,31 32 33,0,10,,12234,17,,,0,10,,12235,17,0,31 32 33,0,11,,12236,17,,,0,10,,12237,17,0,31 32 33,0,10,,12238,17,,,0,50,,12239,17,0,31 32 33,0,10,,12240,17,,,0,9,,12241,17,0,31 32 33,0,10,,12242,17,,,0,10,,12201,17,0,31 32 33,0,11,,12202,17,,,0,50,,12243,17,0,31 32 33,0,10,,12203,17,,,0,9,,12204,17,0,31 32 33,0,11,,12205,17,,,0,10,,12244,17,0,31 32 33,0,11,,12206,17,,,0,50,,12207,17,0,31 32 33,0,10,,12208,17,,,0,10,,12209,17,0,31 32 33,0,11,,12245,17,,,0,11,,12246,17,,,0,10,,12247,17,,,0,50,,12248,17,,,0,10,,12249,17,,,0,10,,12250,17,,,0,10,,12251,17,,,0,11,,12252,17,,,0,10,,12253,17,,,0,50,,12254,17,,,0,10,,12255,17,,,0,10,,12256,17,,,0,9,,12257,17,,,0,9,,12258,17,,,0,9,,12259,17,,,0,50,,12260,17,,,0,10,,12261,17,0,31 32 33,0,9,,12262,17,,,0,8,,12266,17,0,31 32 33,0,9,,12210,17,0,31 32 33,0,10,,12263,17,,,0,50,,12211,17,0,31 32 33,0,10,,12264,17,,,0,9,,12212,17,0,31 32 33,0,19,,12213,17,0,31 32 33,0,60,,12214,17,0,31 32 33,0,18,,12215,17,0,31 32 33,0,20,,12216,17,0,31 32 33,0,20,,12217,17,0,31 32 33,0,60,,12218,17,0,31 32 33,0,20,,12219,17,0,31 32 33,0
