101,'0_5',726,,30063,37,0,6,0,7,,30095,5,0,7,0,3,,30093,31,0,7,0,20,,30064,37,0,6,0,55,,30091,31,0,5,0,15,,30065,37,0,6,0,17,,30094,37,0,5,0,13,,30078,31,0,7,0,65,,30069,31,0,6,0,80,,30079,37,0,5,0,35,,30070,31,0,6,0,80,,30082,31,0,5,0,35,,30071,31,0,6,0,70,,30083,31,0,5,0,20,,30072,31,0,6,0,75,,30084,31,0,5,0,38,,30066,37,0,6,0,67,,30080,37,0,5,0,30,,30073,31,0,6,0,65,,30085,31,0,5,0,35,,30074,31,0,6,0,62,,30086,31,0,5,0,25,,30075,31,0,6,0,15,,30090,5,0,5,0,61,,30076,31,0,6,0,20,,30081,37,0,5,0,14,,30077,31,0,6,0,70,,30087,31,0,5,0,13,,30067,37,0,6,0,17,,30088,31,0,5,0,68,,30068,37,0,6,0,35,,30089,31,0,5,0
101,'2_6',725,,30129,31,0,5,0,115,,30130,31,0,5,0,106,,30131,31,0,5,0,70,,30142,31,0,6,0,29,,30132,31,0,5,0,71,,30143,31,0,6,0,30,,30133,31,0,5,0,70,,30144,31,0,6,0,29,,30134,31,0,5,0,69,,30145,31,0,6,0,31,,30135,31,0,5,0,70,,30146,31,0,6,0,30,,30136,31,0,5,0,70,,30147,31,0,6,0,31,,30137,31,0,5,0,71,,30148,31,0,6,0,31,,30138,31,0,5,0,69,,30149,31,0,6,0,33,,30139,31,0,5,0,70,,30150,31,0,6,0,35,,30140,31,0,5,0,65,,30151,31,0,6,0,26,,30141,31,0,5,0
101,'3_7',931,,30152,31,0,6,0,105,,30157,31,0,5,0,105,,30153,31,0,6,0,105,,30158,31,0,5,0,105,,30154,31,0,6,0,90,,30159,31,0,5,0,100,,30155,31,0,6,0,105,,30160,31,0,5,0,105,,30156,31,0,6,0,105,,30161,31,0,5,0
101,'5_1',726,,37353,37,0,6,0,15,,37379,31,0,5,0,15,,37354,37,0,6,0,55,,37378,31,0,5,0,15,,37355,37,0,6,0,15,,37380,37,0,5,0,16,,37368,31,0,17,0,64,,37359,31,0,6,0,80,,37369,37,0,5,0,35,,37360,31,0,6,0,80,,37371,31,0,5,0,39,,37361,31,0,6,0,66,,37372,31,0,5,0,20,,37362,31,0,6,0,75,,37373,31,0,5,0,36,,37356,37,0,6,0,69,,37370,37,0,5,0,30,,37363,31,0,6,0,65,,37374,31,0,5,0,30,,37364,31,0,6,0,66,,37375,31,0,5,0,30,,37365,31,0,6,0,71,,37366,31,0,5,0,34,,37367,31,0,6,0,75,,37357,37,0,6,0,31,,37376,37,0,5,0,68,,37358,37,0,6,0,30,,37377,37,0,5,0
101,'5_2',726,,38497,37,0,6,0,15,,38523,31,0,5,0,15,,38498,37,0,6,0,55,,38522,31,0,5,0,15,,38499,37,0,6,0,15,,38524,37,0,5,0,16,,38512,31,0,17,0,64,,38503,31,0,6,0,80,,38513,37,0,5,0,35,,38504,31,0,6,0,80,,38515,31,0,5,0,39,,38505,31,0,6,0,66,,38516,31,0,5,0,20,,38506,31,0,6,0,75,,38517,31,0,5,0,36,,38500,37,0,6,0,69,,38514,37,0,5,0,30,,38507,31,0,6,0,65,,38518,31,0,5,0,30,,38508,31,0,6,0,66,,38519,31,0,5,0,30,,38509,31,0,6,0,71,,38510,31,0,5,0,34,,38511,31,0,6,0,75,,38501,37,0,6,0,31,,38520,37,0,5,0,68,,38502,37,0,6,0,30,,38521,37,0,5,0
101,'5_3',726,,38525,37,0,6,0,15,,38551,31,0,5,0,15,,38526,37,0,6,0,55,,38550,31,0,5,0,15,,38527,37,0,6,0,15,,38552,37,0,5,0,16,,38540,31,0,17,0,64,,38531,31,0,6,0,80,,38541,37,0,5,0,35,,38532,31,0,6,0,80,,38543,31,0,5,0,39,,38533,31,0,6,0,66,,38544,31,0,5,0,20,,38534,31,0,6,0,75,,38545,31,0,5,0,36,,38528,37,0,6,0,69,,38542,37,0,5,0,30,,38535,31,0,6,0,65,,38546,31,0,5,0,30,,38536,31,0,6,0,66,,38547,31,0,5,0,30,,38537,31,0,6,0,71,,38538,31,0,5,0,34,,38539,31,0,6,0,75,,38529,37,0,6,0,31,,38548,37,0,5,0,68,,38530,37,0,6,0,30,,38549,37,0,5,0
101,'5_4',726,,38553,37,0,6,0,15,,38579,31,0,5,0,15,,38554,37,0,6,0,55,,38578,31,0,5,0,15,,38555,37,0,6,0,15,,38580,37,0,5,0,16,,38568,31,0,17,0,64,,38559,31,0,6,0,80,,38569,37,0,5,0,35,,38560,31,0,6,0,80,,38571,31,0,5,0,39,,38561,31,0,6,0,66,,38572,31,0,5,0,20,,38562,31,0,6,0,75,,38573,31,0,5,0,36,,38556,37,0,6,0,69,,38570,37,0,5,0,30,,38563,31,0,6,0,65,,38574,31,0,5,0,30,,38564,31,0,6,0,66,,38575,31,0,5,0,30,,38565,31,0,6,0,71,,38566,31,0,5,0,34,,38567,31,0,6,0,75,,38557,37,0,6,0,31,,38576,37,0,5,0,68,,38558,37,0,6,0,30,,38577,37,0,5,0
101,'5_5',726,,38581,37,0,6,0,15,,38607,31,0,5,0,15,,38582,37,0,6,0,55,,38606,31,0,5,0,15,,38583,37,0,6,0,15,,38608,37,0,5,0,16,,38596,31,0,17,0,64,,38587,31,0,6,0,80,,38597,37,0,5,0,35,,38588,31,0,6,0,80,,38599,31,0,5,0,39,,38589,31,0,6,0,66,,38600,31,0,5,0,20,,38590,31,0,6,0,75,,38601,31,0,5,0,36,,38584,37,0,6,0,69,,38598,37,0,5,0,30,,38591,31,0,6,0,65,,38602,31,0,5,0,30,,38592,31,0,6,0,66,,38603,31,0,5,0,30,,38593,31,0,6,0,71,,38594,31,0,5,0,34,,38595,31,0,6,0,75,,38585,37,0,6,0,31,,38604,37,0,5,0,68,,38586,37,0,6,0,30,,38605,37,0,5,0
101,'6_1',726,,38609,37,0,6,0,15,,38635,31,0,5,0,15,,38610,37,0,6,0,55,,38634,31,0,5,0,15,,38611,37,0,6,0,15,,38636,37,0,5,0,16,,38624,31,0,17,0,64,,38615,31,0,6,0,80,,38625,37,0,5,0,35,,38616,31,0,6,0,80,,38627,31,0,5,0,39,,38617,31,0,6,0,66,,38628,31,0,5,0,20,,38618,31,0,6,0,75,,38629,31,0,5,0,36,,38612,37,0,6,0,69,,38626,37,0,5,0,30,,38619,31,0,6,0,65,,38630,31,0,5,0,30,,38620,31,0,6,0,66,,38631,31,0,5,0,30,,38621,31,0,6,0,71,,38622,31,0,5,0,34,,38623,31,0,6,0,75,,38613,37,0,6,0,31,,38632,37,0,5,0,68,,38614,37,0,6,0,30,,38633,37,0,5,0
301,'0_5',710,,30966,6,,,0,22,,30940,6,,,0,74,,30967,6,,,0,32,,30941,6,,,0,71,,30942,6,,,0,32,,30943,6,,,0,72,,30944,6,,,0,32,,30945,6,,,0,72,,30946,6,,,0,33,,30947,6,,,0,72,,30948,6,,,0,31,,30949,6,,,0,73,,30950,6,,,0,32,,30951,6,,,0,70,,30952,6,,,0,30,,30953,6,,,0,67,,30954,6,,,0,27,,30955,6,,,0,71,,30956,6,,,0,30,,30957,6,,,0,70,,30958,6,,,0,29,,30959,6,,,0,66,,30960,6,,,0,25,,30961,6,,,0,64,,30962,6,,,0,30,,30963,6,,,0,68,,30964,6,,,0,30,,30965,6,,,0
301,'2_6',721,,30999,6,,,0,30,,30996,6,,,0,70,,30997,6,,,0,30,,30998,6,,,0,70,,31000,6,,,0,30,,31001,6,,,0,70,,31002,6,,,0,29,,31003,6,,,0,71,,31007,6,,,0,30,,31006,6,,,0,69,,31004,6,,,0,29,,31005,6,,,0,69,,31009,6,,,0,29,,31010,6,,,0,70,,31008,6,,,0,31,,31011,6,,,0,70,,31014,6,,,0,32,,31012,6,,,0,73,,31013,6,,,0,31,,31016,6,,,0,72,,31015,6,,,0,30,,31017,6,,,0,72,,31018,6,,,0,29,,31019,6,,,0,70,,31020,6,,,0,29,,31021,6,,,0,70,,31022,6,,,0,24,,31023,6,,,0
301,'3_7',912,,31024,6,,,0,100,,31025,6,,,0,100,,31026,6,,,0,100,,31027,6,,,0,100,,31028,6,,,0,100,,31029,6,,,0,100,,31030,6,,,0,100,,31031,6,,,0,100,,31032,6,,,0,100,,31033,6,,,0,100,,31034,6,,,0
301,'5_1',711,,37487,6,,,0,21,,37488,6,,,0,73,,37499,6,,,0,32,,37491,6,,,0,72,,37492,6,,,0,32,,37496,6,,,0,72,,37493,6,,,0,32,,37494,6,,,0,72,,37490,6,,,0,32,,37495,6,,,0,72,,37489,6,,,0,31,,37498,6,,,0,73,,37497,6,,,0,32,,37503,6,,,0,70,,37500,6,,,0,30,,37502,6,,,0,67,,37501,6,,,0,27,,37504,6,,,0,71,,37507,6,,,0,30,,37508,6,,,0,70,,37509,6,,,0,29,,37510,6,,,0,66,,37511,6,,,0,25,,37505,6,,,0,65,,37512,6,,,0,30,,37513,6,,,0,69,,37514,6,,,0,30,,37506,6,,,0
301,'5_2',711,,39167,6,,,0,21,,39168,6,,,0,73,,39179,6,,,0,32,,39171,6,,,0,72,,39172,6,,,0,32,,39176,6,,,0,72,,39173,6,,,0,32,,39174,6,,,0,72,,39170,6,,,0,32,,39175,6,,,0,72,,39169,6,,,0,31,,39178,6,,,0,73,,39177,6,,,0,32,,39183,6,,,0,70,,39180,6,,,0,30,,39182,6,,,0,67,,39181,6,,,0,27,,39184,6,,,0,71,,39187,6,,,0,30,,39188,6,,,0,70,,39189,6,,,0,29,,39190,6,,,0,66,,39191,6,,,0,25,,39185,6,,,0,65,,39192,6,,,0,30,,39193,6,,,0,69,,39194,6,,,0,30,,39186,6,,,0
301,'5_3',711,,39195,6,,,0,21,,39196,6,,,0,73,,39207,6,,,0,32,,39199,6,,,0,72,,39200,6,,,0,32,,39204,6,,,0,72,,39201,6,,,0,32,,39202,6,,,0,72,,39198,6,,,0,32,,39203,6,,,0,72,,39197,6,,,0,31,,39206,6,,,0,73,,39205,6,,,0,32,,39211,6,,,0,70,,39208,6,,,0,30,,39210,6,,,0,67,,39209,6,,,0,27,,39212,6,,,0,71,,39215,6,,,0,30,,39216,6,,,0,70,,39217,6,,,0,29,,39218,6,,,0,66,,39219,6,,,0,25,,39213,6,,,0,65,,39220,6,,,0,30,,39221,6,,,0,69,,39222,6,,,0,30,,39214,6,,,0
301,'5_4',711,,39223,6,,,0,21,,39224,6,,,0,73,,39235,6,,,0,32,,39227,6,,,0,72,,39228,6,,,0,32,,39232,6,,,0,72,,39229,6,,,0,32,,39230,6,,,0,72,,39226,6,,,0,32,,39231,6,,,0,72,,39225,6,,,0,31,,39234,6,,,0,73,,39233,6,,,0,32,,39239,6,,,0,70,,39236,6,,,0,30,,39238,6,,,0,67,,39237,6,,,0,27,,39240,6,,,0,71,,39243,6,,,0,30,,39244,6,,,0,70,,39245,6,,,0,29,,39246,6,,,0,66,,39247,6,,,0,25,,39241,6,,,0,65,,39248,6,,,0,30,,39249,6,,,0,69,,39250,6,,,0,30,,39242,6,,,0
301,'5_5',711,,39251,6,,,0,21,,39252,6,,,0,73,,39263,6,,,0,32,,39255,6,,,0,72,,39256,6,,,0,32,,39260,6,,,0,72,,39257,6,,,0,32,,39258,6,,,0,72,,39254,6,,,0,32,,39259,6,,,0,72,,39253,6,,,0,31,,39262,6,,,0,73,,39261,6,,,0,32,,39267,6,,,0,70,,39264,6,,,0,30,,39266,6,,,0,67,,39265,6,,,0,27,,39268,6,,,0,71,,39271,6,,,0,30,,39272,6,,,0,70,,39273,6,,,0,29,,39274,6,,,0,66,,39275,6,,,0,25,,39269,6,,,0,65,,39276,6,,,0,30,,39277,6,,,0,69,,39278,6,,,0,30,,39270,6,,,0
301,'6_1',711,,39279,6,,,0,21,,39280,6,,,0,73,,39291,6,,,0,32,,39283,6,,,0,72,,39284,6,,,0,32,,39288,6,,,0,72,,39285,6,,,0,32,,39286,6,,,0,72,,39282,6,,,0,32,,39287,6,,,0,72,,39281,6,,,0,31,,39290,6,,,0,73,,39289,6,,,0,32,,39295,6,,,0,70,,39292,6,,,0,30,,39294,6,,,0,67,,39293,6,,,0,27,,39296,6,,,0,71,,39299,6,,,0,30,,39300,6,,,0,70,,39301,6,,,0,29,,39302,6,,,0,66,,39303,6,,,0,25,,39297,6,,,0,65,,39304,6,,,0,30,,39305,6,,,0,69,,39306,6,,,0,30,,39298,6,,,0
701,'0_5',728,,31929,21,,,0,110,,31930,21,,,0,109,,31931,21,,,0,110,,31932,21,,,0,151,,31933,21,,,0,110,,31934,21,,,0,110,,31935,21,,,0,110,,31936,21,,,0,110,,31937,21,,,0,110,,31938,21,,,0,149,,31939,21,,,0
701,'2_6',726,,31953,21,,,0,110,,31954,21,,,0,110,,31955,21,,,0,110,,31956,21,,,0,150,,31957,21,,,0,110,,31958,21,,,0,110,,31959,21,,,0,110,,31960,21,,,0,110,,31961,21,,,0,110,,31951,21,,,0,150,,31952,21,,,0
701,'5_1',728,,37640,21,,,0,110,,37641,21,,,0,109,,37642,21,,,0,110,,37643,21,,,0,151,,37644,21,,,0,110,,37645,21,,,0,110,,37646,21,,,0,110,,37647,21,,,0,110,,37648,21,,,0,110,,37649,21,,,0,149,,37650,21,,,0
701,'5_2',728,,39932,21,,,0,110,,39933,21,,,0,109,,39934,21,,,0,110,,39935,21,,,0,151,,39936,21,,,0,110,,39937,21,,,0,110,,39938,21,,,0,110,,39939,21,,,0,110,,39940,21,,,0,110,,39941,21,,,0,149,,39942,21,,,0
701,'5_3',728,,39943,21,,,0,110,,39944,21,,,0,109,,39945,21,,,0,110,,39946,21,,,0,151,,39947,21,,,0,110,,39948,21,,,0,110,,39949,21,,,0,110,,39950,21,,,0,110,,39951,21,,,0,110,,39952,21,,,0,149,,39953,21,,,0
701,'5_4',728,,39954,21,,,0,110,,39955,21,,,0,109,,39956,21,,,0,110,,39957,21,,,0,151,,39958,21,,,0,110,,39959,21,,,0,110,,39960,21,,,0,110,,39961,21,,,0,110,,39962,21,,,0,110,,39963,21,,,0,149,,39964,21,,,0
701,'5_5',728,,39965,21,,,0,110,,39966,21,,,0,109,,39967,21,,,0,110,,39968,21,,,0,151,,39969,21,,,0,110,,39970,21,,,0,110,,39971,21,,,0,110,,39972,21,,,0,110,,39973,21,,,0,110,,39974,21,,,0,149,,39975,21,,,0
701,'6_1',728,,39976,21,,,0,110,,39977,21,,,0,109,,39978,21,,,0,110,,39979,21,,,0,151,,39980,21,,,0,110,,39981,21,,,0,110,,39982,21,,,0,110,,39983,21,,,0,110,,39984,21,,,0,110,,39985,21,,,0,149,,39986,21,,,0
801,'0_5',832,,32065,4,,,0,109,,32066,4,,,0,110,,32067,4,,,0,158,,32059,4,,,0,111,,32068,4,,,0,111,,32069,4,,,0,112,,32070,4,,,0,75,,32060,4,,,0,35,,32061,4,,,0,70,,32062,4,,,0,34,,32063,4,,,0,75,,32064,4,,,0,73,,32071,4,,,0,35,,32072,4,,,0
801,'5_1',832,,37668,4,,,0,109,,37669,4,,,0,110,,37670,4,,,0,158,,37662,4,,,0,111,,37671,4,,,0,111,,37672,4,,,0,112,,37673,4,,,0,75,,37663,4,,,0,35,,37664,4,,,0,70,,37665,4,,,0,34,,37666,4,,,0,75,,37667,4,,,0,73,,37674,4,,,0,35,,37675,4,,,0
801,'5_2',832,,40048,4,,,0,109,,40049,4,,,0,110,,40050,4,,,0,158,,40042,4,,,0,111,,40051,4,,,0,111,,40052,4,,,0,112,,40053,4,,,0,75,,40043,4,,,0,35,,40044,4,,,0,70,,40045,4,,,0,34,,40046,4,,,0,75,,40047,4,,,0,73,,40054,4,,,0,35,,40055,4,,,0
801,'5_3',832,,40062,4,,,0,109,,40063,4,,,0,110,,40064,4,,,0,158,,40056,4,,,0,111,,40065,4,,,0,111,,40066,4,,,0,112,,40067,4,,,0,75,,40057,4,,,0,35,,40058,4,,,0,70,,40059,4,,,0,34,,40060,4,,,0,75,,40061,4,,,0,73,,40068,4,,,0,35,,40069,4,,,0
801,'5_4',832,,40076,4,,,0,109,,40077,4,,,0,110,,40078,4,,,0,158,,40070,4,,,0,111,,40079,4,,,0,111,,40080,4,,,0,112,,40081,4,,,0,75,,40071,4,,,0,35,,40072,4,,,0,70,,40073,4,,,0,34,,40074,4,,,0,75,,40075,4,,,0,73,,40082,4,,,0,35,,40083,4,,,0
801,'5_5',832,,40090,4,,,0,109,,40091,4,,,0,110,,40092,4,,,0,158,,40084,4,,,0,111,,40093,4,,,0,111,,40094,4,,,0,112,,40095,4,,,0,75,,40085,4,,,0,35,,40086,4,,,0,70,,40087,4,,,0,34,,40088,4,,,0,75,,40089,4,,,0,73,,40096,4,,,0,35,,40097,4,,,0
801,'6_1',832,,40104,4,,,0,109,,40105,4,,,0,110,,40106,4,,,0,158,,40098,4,,,0,111,,40107,4,,,0,111,,40108,4,,,0,112,,40109,4,,,0,75,,40099,4,,,0,35,,40100,4,,,0,70,,40101,4,,,0,34,,40102,4,,,0,75,,40103,4,,,0,73,,40110,4,,,0,35,,40111,4,,,0
2201,'0_5',1248,,33133,5,,,0,385,,33134,5,,,0,117,,33135,5,,,0,104,,33136,5,,,0
2000001,'0_5',648,,35853,15,,,0,67,,35830,15,,,0,14,,35811,9,,,0,2,,35809,5,0,18 19,0,1,,35813,15,,,0,16,,35838,15,,,0,56,,35821,15,,,0,14,,35856,15,,,0,14,,35803,15,,,0,14,,35831,15,,,0,55,,35815,15,,,0,16,,35839,15,,,0,16,,35823,15,,,0,17,,35847,15,,,0,57,,35804,15,,,0,15,,35837,15,,,0,15,,35814,15,,,0,16,,35840,15,,,0,56,,35822,15,,,0,16,,35849,15,,,0,15,,35805,15,,,0,16,,35835,15,,,0,56,,35820,15,,,0,17,,35841,15,,,0,15,,35829,15,,,0,14,,35848,15,,,0,53,,35807,15,,,0,15,,35832,15,,,0,17,,35816,15,,,0,15,,35843,15,,,0,55,,35824,15,,,0,15,,35852,15,,,0,15,,35808,15,,,0,15,,35833,15,,,0,56,,35817,15,,,0,15,,35842,15,,,0,16,,35825,15,,,0,14,,35851,15,,,0,55,,35806,15,,,0,16,,35834,15,,,0,17,,35818,15,,,0,56,,35844,15,,,0,17,,35826,15,,,0,17,,35802,15,,,0,16,,35850,15,,,0,57,,35857,15,,,0,11,,35836,15,,,0,13,,35819,15,,,0,14,,35845,15,,,0,54,,35827,15,,,0,11,,35801,15,,,0,13,,35854,15,,,0,14,,35810,15,,,0,62,,35846,15,,,0,20,,35828,15,,,0,20,,35855,15,,,0,59,,35812,15,,,0
2000001,'2_6',652,,35915,15,,,0,81,,35916,15,,,0,79,,35917,15,,,0,31,,35955,15,,,0,61,,35919,15,,,0,20,,35918,15,,,0,21,,35920,15,,,0,60,,35921,15,,,0,19,,35923,15,,,0,18,,35922,15,,,0,60,,35928,15,,,0,20,,35926,15,,,0,17,,35930,15,,,0,19,,35924,15,,,0,59,,35929,15,,,0,20,,35925,15,,,0,17,,35927,15,,,0,58,,35936,15,,,0,18,,35933,15,,,0,20,,35934,15,,,0,61,,35935,15,,,0,18,,35932,15,,,0,17,,35931,15,,,0,59,,35937,15,,,0,22,,35938,15,,,0,20,,35940,15,,,0,59,,35939,15,,,0,19,,35941,15,,,0,20,,35942,15,,,0,61,,35943,15,,,0,20,,35945,15,,,0,19,,35944,15,,,0,59,,35946,15,,,0,19,,35947,15,,,0,19,,35948,15,,,0,59,,35949,15,,,0,17,,35950,15,,,0,18,,35951,15,,,0,22,,35952,15,,,0,64,,35953,15,,,0,23,,35954,15,,,0
2000001,'3_7',825,,35973,15,,,0,80,,35956,15,,,0,40,,35957,15,,,0,80,,35958,15,,,0,80,,35959,15,,,0,40,,35960,15,,,0,80,,35961,15,,,0,80,,35962,15,,,0,40,,35964,15,,,0,80,,35963,15,,,0,80,,35965,15,,,0,40,,35966,15,,,0,80,,35967,15,,,0,80,,35968,15,,,0,40,,35970,15,,,0,80,,35969,15,,,0,80,,35971,15,,,0,40,,35972,15,,,0
2000001,'5_1',649,,38127,15,,,0,65,,38124,15,,,0,18,,38122,15,,,0,15,,38126,15,,,0,55,,38123,15,,,0,15,,38128,15,,,0,15,,38121,15,,,0,14,,38125,15,,,0,55,,38130,15,,,0,16,,38169,15,,,0,15,,38168,15,,,0,16,,38167,15,,,0,55,,38166,15,,,0,15,,38164,15,,,0,14,,38165,15,,,0,16,,38163,15,,,0,55,,38162,15,,,0,15,,38160,15,,,0,14,,38161,15,,,0,15,,38159,15,,,0,55,,38158,15,,,0,15,,38157,15,,,0,14,,38156,15,,,0,15,,38151,15,,,0,54,,38152,15,,,0,15,,38153,15,,,0,15,,38149,15,,,0,16,,38154,15,,,0,55,,38155,15,,,0,17,,38150,15,,,0,14,,38142,15,,,0,14,,38145,15,,,0,55,,38148,15,,,0,15,,38144,15,,,0,17,,38146,15,,,0,15,,38147,15,,,0,55,,38143,15,,,0,15,,38140,15,,,0,15,,38141,15,,,0,15,,38139,15,,,0,56,,38136,15,,,0,15,,38137,15,,,0,14,,38138,15,,,0,15,,38135,15,,,0,55,,38133,15,,,0,14,,38134,15,,,0,14,,38131,15,,,0,15,,38132,15,,,0,56,,38129,15,,,0,14,,38175,15,,,0,26,,38170,15,,,0,58,,38171,15,,,0,20,,38174,15,,,0,19,,38173,15,,,0,18,,38172,15,,,0
2000001,'5_2',649,,42346,15,,,0,65,,42343,15,,,0,18,,42341,15,,,0,15,,42345,15,,,0,55,,42342,15,,,0,15,,42347,15,,,0,15,,42340,15,,,0,14,,42344,15,,,0,55,,42349,15,,,0,16,,42388,15,,,0,15,,42387,15,,,0,16,,42386,15,,,0,55,,42385,15,,,0,15,,42383,15,,,0,14,,42384,15,,,0,16,,42382,15,,,0,55,,42381,15,,,0,15,,42379,15,,,0,14,,42380,15,,,0,15,,42378,15,,,0,55,,42377,15,,,0,15,,42376,15,,,0,14,,42375,15,,,0,15,,42370,15,,,0,54,,42371,15,,,0,15,,42372,15,,,0,15,,42368,15,,,0,16,,42373,15,,,0,55,,42374,15,,,0,17,,42369,15,,,0,14,,42361,15,,,0,14,,42364,15,,,0,55,,42367,15,,,0,15,,42363,15,,,0,17,,42365,15,,,0,15,,42366,15,,,0,55,,42362,15,,,0,15,,42359,15,,,0,15,,42360,15,,,0,15,,42358,15,,,0,56,,42355,15,,,0,15,,42356,15,,,0,14,,42357,15,,,0,15,,42354,15,,,0,55,,42352,15,,,0,14,,42353,15,,,0,14,,42350,15,,,0,15,,42351,15,,,0,56,,42348,15,,,0,14,,42394,15,,,0,26,,42389,15,,,0,58,,42390,15,,,0,20,,42393,15,,,0,19,,42392,15,,,0,18,,42391,15,,,0
2000001,'5_3',649,,42401,15,,,0,65,,42398,15,,,0,18,,42396,15,,,0,15,,42400,15,,,0,55,,42397,15,,,0,15,,42402,15,,,0,15,,42395,15,,,0,14,,42399,15,,,0,55,,42404,15,,,0,16,,42443,15,,,0,15,,42442,15,,,0,16,,42441,15,,,0,55,,42440,15,,,0,15,,42438,15,,,0,14,,42439,15,,,0,16,,42437,15,,,0,55,,42436,15,,,0,15,,42434,15,,,0,14,,42435,15,,,0,15,,42433,15,,,0,55,,42432,15,,,0,15,,42431,15,,,0,14,,42430,15,,,0,15,,42425,15,,,0,54,,42426,15,,,0,15,,42427,15,,,0,15,,42423,15,,,0,16,,42428,15,,,0,55,,42429,15,,,0,17,,42424,15,,,0,14,,42416,15,,,0,14,,42419,15,,,0,55,,42422,15,,,0,15,,42418,15,,,0,17,,42420,15,,,0,15,,42421,15,,,0,55,,42417,15,,,0,15,,42414,15,,,0,15,,42415,15,,,0,15,,42413,15,,,0,56,,42410,15,,,0,15,,42411,15,,,0,14,,42412,15,,,0,15,,42409,15,,,0,55,,42407,15,,,0,14,,42408,15,,,0,14,,42405,15,,,0,15,,42406,15,,,0,56,,42403,15,,,0,14,,42449,15,,,0,26,,42444,15,,,0,58,,42445,15,,,0,20,,42448,15,,,0,19,,42447,15,,,0,18,,42446,15,,,0
2000001,'5_4',649,,42456,15,,,0,65,,42453,15,,,0,18,,42451,15,,,0,15,,42455,15,,,0,55,,42452,15,,,0,15,,42457,15,,,0,15,,42450,15,,,0,14,,42454,15,,,0,55,,42459,15,,,0,16,,42498,15,,,0,15,,42497,15,,,0,16,,42496,15,,,0,55,,42495,15,,,0,15,,42493,15,,,0,14,,42494,15,,,0,16,,42492,15,,,0,55,,42491,15,,,0,15,,42489,15,,,0,14,,42490,15,,,0,15,,42488,15,,,0,55,,42487,15,,,0,15,,42486,15,,,0,14,,42485,15,,,0,15,,42480,15,,,0,54,,42481,15,,,0,15,,42482,15,,,0,15,,42478,15,,,0,16,,42483,15,,,0,55,,42484,15,,,0,17,,42479,15,,,0,14,,42471,15,,,0,14,,42474,15,,,0,55,,42477,15,,,0,15,,42473,15,,,0,17,,42475,15,,,0,15,,42476,15,,,0,55,,42472,15,,,0,15,,42469,15,,,0,15,,42470,15,,,0,15,,42468,15,,,0,56,,42465,15,,,0,15,,42466,15,,,0,14,,42467,15,,,0,15,,42464,15,,,0,55,,42462,15,,,0,14,,42463,15,,,0,14,,42460,15,,,0,15,,42461,15,,,0,56,,42458,15,,,0,14,,42504,15,,,0,26,,42499,15,,,0,58,,42500,15,,,0,20,,42503,15,,,0,19,,42502,15,,,0,18,,42501,15,,,0
2000001,'5_5',649,,42511,15,,,0,65,,42508,15,,,0,18,,42506,15,,,0,15,,42510,15,,,0,55,,42507,15,,,0,15,,42512,15,,,0,15,,42505,15,,,0,14,,42509,15,,,0,55,,42514,15,,,0,16,,42553,15,,,0,15,,42552,15,,,0,16,,42551,15,,,0,55,,42550,15,,,0,15,,42548,15,,,0,14,,42549,15,,,0,16,,42547,15,,,0,55,,42546,15,,,0,15,,42544,15,,,0,14,,42545,15,,,0,15,,42543,15,,,0,55,,42542,15,,,0,15,,42541,15,,,0,14,,42540,15,,,0,15,,42535,15,,,0,54,,42536,15,,,0,15,,42537,15,,,0,15,,42533,15,,,0,16,,42538,15,,,0,55,,42539,15,,,0,17,,42534,15,,,0,14,,42526,15,,,0,14,,42529,15,,,0,55,,42532,15,,,0,15,,42528,15,,,0,17,,42530,15,,,0,15,,42531,15,,,0,55,,42527,15,,,0,15,,42524,15,,,0,15,,42525,15,,,0,15,,42523,15,,,0,56,,42520,15,,,0,15,,42521,15,,,0,14,,42522,15,,,0,15,,42519,15,,,0,55,,42517,15,,,0,14,,42518,15,,,0,14,,42515,15,,,0,15,,42516,15,,,0,56,,42513,15,,,0,14,,42559,15,,,0,26,,42554,15,,,0,58,,42555,15,,,0,20,,42558,15,,,0,19,,42557,15,,,0,18,,42556,15,,,0
2000001,'6_1',649,,42566,15,,,0,65,,42563,15,,,0,18,,42561,15,,,0,15,,42565,15,,,0,55,,42562,15,,,0,15,,42567,15,,,0,15,,42560,15,,,0,14,,42564,15,,,0,55,,42569,15,,,0,16,,42608,15,,,0,15,,42607,15,,,0,16,,42606,15,,,0,55,,42605,15,,,0,15,,42603,15,,,0,14,,42604,15,,,0,16,,42602,15,,,0,55,,42601,15,,,0,15,,42599,15,,,0,14,,42600,15,,,0,15,,42598,15,,,0,55,,42597,15,,,0,15,,42596,15,,,0,14,,42595,15,,,0,15,,42590,15,,,0,54,,42591,15,,,0,15,,42592,15,,,0,15,,42588,15,,,0,16,,42593,15,,,0,55,,42594,15,,,0,17,,42589,15,,,0,14,,42581,15,,,0,14,,42584,15,,,0,55,,42587,15,,,0,15,,42583,15,,,0,17,,42585,15,,,0,15,,42586,15,,,0,55,,42582,15,,,0,15,,42579,15,,,0,15,,42580,15,,,0,15,,42578,15,,,0,56,,42575,15,,,0,15,,42576,15,,,0,14,,42577,15,,,0,15,,42574,15,,,0,55,,42572,15,,,0,14,,42573,15,,,0,14,,42570,15,,,0,15,,42571,15,,,0,56,,42568,15,,,0,14,,42614,15,,,0,26,,42609,15,,,0,58,,42610,15,,,0,20,,42613,15,,,0,19,,42612,15,,,0,18,,42611,15,,,0
