2601,'1_6',732,,18451,14,,,0,86,,18454,14,,,0,85,,18455,14,,,0,47,,18456,14,,,0,90,,18457,14,,,0,84,,18458,14,,,0,83,,18459,14,,,0,45,,18460,14,,,0,82,,18461,14,,,0,85,,18462,14,,,0,86,,18463,14,,,0,50,,18464,14,,,0,86,,18465,14,,,0,81,,18466,14,,,0,86,,18467,14,,,0,43,,18453,14,,,0,81,,18452,14,,,0
2601,'5_1',726,,18477,1,,,0,2,,18490,1,,,0,1,,18475,1,,,0,1,,18468,14,,,0,73,,18478,14,,,0,25,,18480,14,,,0,9,,18476,2,,,0,15,,18479,14,,,0,79,,18469,14,,,0,100,,18470,14,,,0,100,,18487,14,,,0,100,,18471,14,,,0,27,,18488,14,,,0,62,,18489,14,,,0,5,,18491,1,,,0,87,,18472,14,,,0,94,,18473,14,,,0,114,,18482,14,,,0,88,,18483,14,,,0,28,,18484,14,,,0,90,,18485,14,,,0,23,,18486,14,,,0,93,,18481,14,,,0
2601,'5_2',726,,18501,1,,,0,2,,18514,1,,,0,1,,18499,1,,,0,1,,18492,14,,,0,73,,18502,14,,,0,25,,18504,14,,,0,9,,18500,2,,,0,15,,18503,14,,,0,79,,18493,14,,,0,100,,18494,14,,,0,100,,18511,14,,,0,100,,18495,14,,,0,27,,18512,14,,,0,62,,18513,14,,,0,5,,18515,1,,,0,87,,18496,14,,,0,94,,18497,14,,,0,114,,18506,14,,,0,88,,18507,14,,,0,28,,18508,14,,,0,90,,18509,14,,,0,23,,18510,14,,,0,93,,18505,14,,,0
2601,'5_4',726,,18525,1,,,0,2,,18538,1,,,0,1,,18523,1,,,0,1,,18516,14,,,0,73,,18526,14,,,0,25,,18528,14,,,0,9,,18524,2,,,0,15,,18527,14,,,0,79,,18517,14,,,0,100,,18518,14,,,0,100,,18535,14,,,0,100,,18519,14,,,0,27,,18536,14,,,0,62,,18537,14,,,0,5,,18539,1,,,0,87,,18520,14,,,0,94,,18521,14,,,0,114,,18530,14,,,0,88,,18531,14,,,0,28,,18532,14,,,0,90,,18533,14,,,0,23,,18534,14,,,0,93,,18529,14,,,0
2601,'5_5',726,,18549,1,,,0,2,,18562,1,,,0,1,,18547,1,,,0,1,,18540,14,,,0,73,,18550,14,,,0,25,,18552,14,,,0,9,,18548,2,,,0,15,,18551,14,,,0,79,,18541,14,,,0,100,,18542,14,,,0,100,,18559,14,,,0,100,,18543,14,,,0,27,,18560,14,,,0,62,,18561,14,,,0,5,,18563,1,,,0,87,,18544,14,,,0,94,,18545,14,,,0,114,,18554,14,,,0,88,,18555,14,,,0,28,,18556,14,,,0,90,,18557,14,,,0,23,,18558,14,,,0,93,,18553,14,,,0
2601,'6_3',726,,18572,1,,,0,2,,18585,1,,,0,1,,18570,1,,,0,1,,18564,14,,,0,73,,18573,14,,,0,25,,18575,14,,,0,9,,18571,2,,,0,15,,18574,14,,,0,79,,18565,14,,,0,100,,18566,14,,,0,100,,18582,14,,,0,100,,18567,14,,,0,27,,18583,14,,,0,62,,18584,14,,,0,92,,18568,14,,,0,94,,18569,14,,,0,114,,18577,14,,,0,88,,18578,14,,,0,28,,18579,14,,,0,90,,18580,14,,,0,23,,18581,14,,,0,93,,18576,14,,,0
4000001,'1_6',704,,21900,20,,,0,20,,21921,18,,,0,20,,21901,20,,,0,60,,21922,18,,,0,20,,21902,20,,,0,20,,21923,18,,,0,60,,21903,20,,,0,21,,21924,18,,,0,20,,21904,20,,,0,61,,21925,18,,,0,21,,21905,20,,,0,21,,21926,18,,,0,61,,21906,20,,,0,21,,21927,18,,,0,22,,21907,20,,,0,60,,21928,18,,,0,21,,21908,20,,,0,21,,21929,18,,,0,61,,21909,20,,,0,18,,21930,18,,,0,18,,21910,20,,,0,58,,21931,18,,,0,18,,21911,20,,,0,19,,21932,18,,,0,60,,21912,20,,,0,20,,21933,18,,,0,20,,21913,20,,,0,60,,21934,18,,,0,20,,21914,20,,,0,20,,21935,18,,,0,60,,21915,20,,,0,20,,21936,18,,,0,20,,21916,20,,,0,60,,21937,18,,,0,20,,21917,20,,,0,20,,21938,18,,,0,60,,21918,20,,,0,19,,21939,18,,,0,20,,21919,18,,,0,60,,21940,20,,,0,20,,21942,18,,,0,20,,21920,20,,,0,70,,21941,18,,,0
4000001,'4_7',922,,21944,20,,,0,110,,21949,18,,,0,110,,21945,20,,,0,110,,21950,18,,,0,150,,21946,20,,,0,110,,21951,18,,,0,110,,21947,20,,,0,110,,21952,18,,,0,110,,21948,20,,,0,110,,21943,18,,,0
4000001,'5_1',705,,21953,20,,,0,21,,21971,18,,,0,19,,21954,20,,,0,59,,21995,18,,,0,20,,21955,20,,,0,21,,21972,18,,,0,60,,21956,20,,,0,20,,21973,18,,,0,20,,21957,20,,,0,60,,21974,18,,,0,20,,21994,20,,,0,20,,21975,18,,,0,60,,21958,20,,,0,20,,21976,18,,,0,20,,21959,20,,,0,60,,21977,18,,,0,20,,21960,20,,,0,20,,21978,18,,,0,59,,21961,20,,,0,21,,21979,18,,,0,20,,21962,20,,,0,60,,21980,18,,,0,20,,21993,20,,,0,20,,21981,18,,,0,60,,21963,20,,,0,19,,21982,18,,,0,20,,21964,20,,,0,61,,21983,18,,,0,20,,21992,20,,,0,21,,21984,18,,,0,60,,21965,20,,,0,22,,21985,18,,,0,18,,21966,20,,,0,60,,21986,18,,,0,19,,21967,20,,,0,19,,21987,18,,,0,60,,21968,20,,,0,20,,21988,18,,,0,20,,21969,20,,,0,60,,21989,18,,,0,20,,21990,18,,,0,20,,21970,20,,,0,70,,21991,18,,,0
4000001,'5_2',705,,21996,20,,,0,21,,22014,18,,,0,19,,21997,20,,,0,59,,22038,18,,,0,20,,21998,20,,,0,21,,22015,18,,,0,60,,21999,20,,,0,20,,22016,18,,,0,20,,22000,20,,,0,60,,22017,18,,,0,20,,22037,20,,,0,20,,22018,18,,,0,60,,22001,20,,,0,20,,22019,18,,,0,20,,22002,20,,,0,60,,22020,18,,,0,20,,22003,20,,,0,20,,22021,18,,,0,59,,22004,20,,,0,21,,22022,18,,,0,20,,22005,20,,,0,60,,22023,18,,,0,20,,22036,20,,,0,20,,22024,18,,,0,60,,22006,20,,,0,19,,22025,18,,,0,20,,22007,20,,,0,61,,22026,18,,,0,20,,22035,20,,,0,21,,22027,18,,,0,60,,22008,20,,,0,22,,22028,18,,,0,18,,22009,20,,,0,60,,22029,18,,,0,19,,22010,20,,,0,19,,22030,18,,,0,60,,22011,20,,,0,20,,22031,18,,,0,20,,22012,20,,,0,60,,22032,18,,,0,20,,22033,18,,,0,20,,22013,20,,,0,70,,22034,18,,,0
4000001,'5_4',705,,22039,20,,,0,21,,22057,18,,,0,19,,22040,20,,,0,59,,22081,18,,,0,20,,22041,20,,,0,21,,22058,18,,,0,60,,22042,20,,,0,20,,22059,18,,,0,20,,22043,20,,,0,60,,22060,18,,,0,20,,22080,20,,,0,20,,22061,18,,,0,60,,22044,20,,,0,20,,22062,18,,,0,20,,22045,20,,,0,60,,22063,18,,,0,20,,22046,20,,,0,20,,22064,18,,,0,59,,22047,20,,,0,21,,22065,18,,,0,20,,22048,20,,,0,60,,22066,18,,,0,20,,22079,20,,,0,20,,22067,18,,,0,60,,22049,20,,,0,19,,22068,18,,,0,20,,22050,20,,,0,61,,22069,18,,,0,20,,22078,20,,,0,21,,22070,18,,,0,60,,22051,20,,,0,22,,22071,18,,,0,18,,22052,20,,,0,60,,22072,18,,,0,19,,22053,20,,,0,19,,22073,18,,,0,60,,22054,20,,,0,20,,22074,18,,,0,20,,22055,20,,,0,60,,22075,18,,,0,20,,22076,18,,,0,20,,22056,20,,,0,70,,22077,18,,,0
4000001,'5_5',705,,22082,20,,,0,21,,22100,18,,,0,19,,22083,20,,,0,59,,22124,18,,,0,20,,22084,20,,,0,21,,22101,18,,,0,60,,22085,20,,,0,20,,22102,18,,,0,20,,22086,20,,,0,60,,22103,18,,,0,20,,22123,20,,,0,20,,22104,18,,,0,60,,22087,20,,,0,20,,22105,18,,,0,20,,22088,20,,,0,60,,22106,18,,,0,20,,22089,20,,,0,20,,22107,18,,,0,59,,22090,20,,,0,21,,22108,18,,,0,20,,22091,20,,,0,60,,22109,18,,,0,20,,22122,20,,,0,20,,22110,18,,,0,60,,22092,20,,,0,19,,22111,18,,,0,20,,22093,20,,,0,61,,22112,18,,,0,20,,22121,20,,,0,21,,22113,18,,,0,60,,22094,20,,,0,22,,22114,18,,,0,18,,22095,20,,,0,60,,22115,18,,,0,19,,22096,20,,,0,19,,22116,18,,,0,60,,22097,20,,,0,20,,22117,18,,,0,20,,22098,20,,,0,60,,22118,18,,,0,20,,22119,18,,,0,20,,22099,20,,,0,70,,22120,18,,,0
4000001,'6_3',705,,22125,20,,,0,21,,22143,18,,,0,19,,22126,20,,,0,59,,22167,18,,,0,20,,22127,20,,,0,21,,22144,18,,,0,60,,22128,20,,,0,20,,22145,18,,,0,20,,22129,20,,,0,60,,22146,18,,,0,20,,22166,20,,,0,20,,22147,18,,,0,60,,22130,20,,,0,20,,22148,18,,,0,20,,22131,20,,,0,60,,22149,18,,,0,20,,22132,20,,,0,20,,22150,18,,,0,59,,22133,20,,,0,21,,22151,18,,,0,20,,22134,20,,,0,60,,22152,18,,,0,20,,22165,20,,,0,20,,22153,18,,,0,60,,22135,20,,,0,19,,22154,18,,,0,20,,22136,20,,,0,61,,22155,18,,,0,20,,22164,20,,,0,21,,22156,18,,,0,60,,22137,20,,,0,22,,22157,18,,,0,18,,22138,20,,,0,60,,22158,18,,,0,19,,22139,20,,,0,19,,22159,18,,,0,60,,22140,20,,,0,20,,22160,18,,,0,20,,22141,20,,,0,60,,22161,18,,,0,20,,22162,18,,,0,20,,22142,20,,,0,70,,22163,18,,,0
