500,'2_6',731,,31549,21,,,0,98,,31538,21,,,0,100,,31539,21,,,0,100,,31540,21,,,0,100,,31541,21,,,0,96,,31542,21,,,0,98,,31543,21,,,0,100,,31544,21,,,0,100,,31545,21,,,0,100,,31546,21,,,0,100,,31547,21,,,0,193,,31548,21,,,0
500,'5_1',657,,37571,7,,,0,102,,37572,7,,,0,76,,37573,21,,,0,104,,37574,21,,,0,100,,37575,21,,,0,105,,37576,21,,,0,100,,37577,21,,,0,84,,37578,21,,,0,94,,37579,21,,,0,100,,37580,21,,,0,102,,37581,21,,,0,107,,37582,21,,,0,102,,37583,21,,,0,99,,37584,21,,,0
500,'5_2',657,,39587,7,,,0,102,,39588,7,,,0,76,,39589,21,,,0,104,,39590,21,,,0,100,,39591,21,,,0,105,,39592,21,,,0,100,,39593,21,,,0,84,,39594,21,,,0,94,,39595,21,,,0,100,,39596,21,,,0,102,,39597,21,,,0,107,,39598,21,,,0,102,,39599,21,,,0,99,,39600,21,,,0
500,'5_3',657,,39601,7,,,0,102,,39602,7,,,0,76,,39603,21,,,0,104,,39604,21,,,0,100,,39605,21,,,0,105,,39606,21,,,0,100,,39607,21,,,0,84,,39608,21,,,0,94,,39609,21,,,0,100,,39610,21,,,0,102,,39611,21,,,0,107,,39612,21,,,0,102,,39613,21,,,0,99,,39614,21,,,0
500,'5_4',657,,39615,7,,,0,102,,39616,7,,,0,76,,39617,21,,,0,104,,39618,21,,,0,100,,39619,21,,,0,105,,39620,21,,,0,100,,39621,21,,,0,84,,39622,21,,,0,94,,39623,21,,,0,100,,39624,21,,,0,102,,39625,21,,,0,107,,39626,21,,,0,102,,39627,21,,,0,99,,39628,21,,,0
500,'5_5',657,,39629,7,,,0,102,,39630,7,,,0,76,,39631,21,,,0,104,,39632,21,,,0,100,,39633,21,,,0,105,,39634,21,,,0,100,,39635,21,,,0,84,,39636,21,,,0,94,,39637,21,,,0,100,,39638,21,,,0,102,,39639,21,,,0,107,,39640,21,,,0,102,,39641,21,,,0,99,,39642,21,,,0
500,'6_1',657,,39643,7,,,0,102,,39644,7,,,0,76,,39645,21,,,0,104,,39646,21,,,0,100,,39647,21,,,0,105,,39648,21,,,0,100,,39649,21,,,0,84,,39650,21,,,0,94,,39651,21,,,0,100,,39652,21,,,0,102,,39653,21,,,0,107,,39654,21,,,0,102,,39655,21,,,0,99,,39656,21,,,0
500,'6_2',657,,44258,7,,,0,102,,44259,7,,,0,76,,44260,21,,,0,104,,44261,21,,,0,100,,44262,21,,,0,105,,44263,21,,,0,100,,44264,21,,,0,84,,44265,21,,,0,94,,44266,21,,,0,100,,44267,21,,,0,102,,44268,21,,,0,107,,44269,21,,,0,102,,44270,21,,,0,99,,44271,21,,,0
500,'6_3',657,,44272,7,,,0,102,,44273,7,,,0,76,,44274,21,,,0,104,,44275,21,,,0,100,,44276,21,,,0,105,,44277,21,,,0,100,,44278,21,,,0,84,,44279,21,,,0,94,,44280,21,,,0,100,,44281,21,,,0,102,,44282,21,,,0,107,,44283,21,,,0,102,,44284,21,,,0,99,,44285,21,,,0
500,'6_4',657,,44286,7,,,0,102,,44287,7,,,0,76,,44288,21,,,0,104,,44289,21,,,0,100,,44290,21,,,0,105,,44291,21,,,0,100,,44292,21,,,0,84,,44293,21,,,0,94,,44294,21,,,0,100,,44295,21,,,0,102,,44296,21,,,0,107,,44297,21,,,0,102,,44298,21,,,0,99,,44299,21,,,0
