301,'2509-HIV-25j05H-d-Dimanche-00',936,,1283,,,0,100,,1284,,,0,100,,1285,,,0,100,,1286,,,0,100,,1287,,,0,100,,1288,,,0,100,,1289,,,0,100,,1290,,,0,100,,1291,,,0,100,,1292,,,0,100,,1293,,,0
301,'2509-HIV-25j26H-d-Dimanche-00',936,,1294,,,0,100,,1295,,,0,100,,1296,,,0,100,,1297,,,0,100,,1298,,,0,100,,1299,,,0,100,,1300,,,0,100,,1301,,,0,100,,1302,,,0,100,,1303,,,0,100,,1304,,,0
301,'2509-HIV-25k03H-s-Samedi-00',743,,1308,,,0,71,,1305,,,0,31,,1306,,,0,70,,1307,,,0,31,,1309,,,0,70,,1310,,,0,31,,1311,,,0,70,,1312,,,0,31,,1316,,,0,69,,1315,,,0,28,,1313,,,0,69,,1314,,,0,29,,1318,,,0,71,,1319,,,0,30,,1317,,,0,71,,1320,,,0,30,,1323,,,0,72,,1321,,,0,33,,1322,,,0,71,,1325,,,0,31,,1324,,,0,70,,1326,,,0,32,,1327,,,0,68,,1328,,,0,28,,1329,,,0,69,,1330,,,0,30,,1331,,,0,63,,1332,,,0
301,'2509-HIV-25l22Vlv-Semaine-00',733,,1333,,,0,22,,1334,,,0,73,,1345,,,0,73,,1337,,,0,32,,1338,,,0,73,,1342,,,0,33,,1339,,,0,73,,1340,,,0,32,,1336,,,0,71,,1341,,,0,31,,1335,,,0,71,,1344,,,0,33,,1343,,,0,74,,1349,,,0,30,,1346,,,0,70,,1348,,,0,27,,1347,,,0,67,,1350,,,0,31,,1353,,,0,70,,1354,,,0,30,,1355,,,0,68,,1356,,,0,26,,1357,,,0,65,,1351,,,0,24,,1358,,,0,68,,1359,,,0,29,,1360,,,0,30,,1352,,,0
301,'2509-HIV-26a05H-s-Samedi-00',743,,1364,,,0,71,,1361,,,0,31,,1362,,,0,70,,1363,,,0,31,,1365,,,0,70,,1366,,,0,31,,1367,,,0,70,,1368,,,0,31,,1372,,,0,69,,1371,,,0,28,,1369,,,0,69,,1370,,,0,29,,1374,,,0,71,,1375,,,0,30,,1373,,,0,71,,1376,,,0,30,,1379,,,0,72,,1377,,,0,33,,1378,,,0,71,,1381,,,0,31,,1380,,,0,70,,1382,,,0,32,,1383,,,0,68,,1384,,,0,28,,1385,,,0,69,,1386,,,0,30,,1387,,,0,63,,1388,,,0
301,'2509-HIV-26a05H-w-Mercredi-00',739,,1415,,,0,61,,1389,,,0,34,,1416,,,0,73,,1390,,,0,30,,1391,,,0,71,,1392,,,0,32,,1393,,,0,72,,1394,,,0,33,,1395,,,0,73,,1396,,,0,32,,1397,,,0,71,,1398,,,0,33,,1399,,,0,72,,1400,,,0,31,,1401,,,0,70,,1402,,,0,27,,1403,,,0,68,,1404,,,0,31,,1405,,,0,70,,1406,,,0,30,,1407,,,0,70,,1408,,,0,24,,1409,,,0,62,,1410,,,0,23,,1411,,,0,69,,1412,,,0,28,,1413,,,0,30,,1414,,,0
301,'2509-HIV-26a05Hlv-L-Ma-J-V-00',739,,1443,,,0,61,,1417,,,0,34,,1444,,,0,73,,1418,,,0,30,,1419,,,0,71,,1420,,,0,32,,1421,,,0,72,,1422,,,0,33,,1423,,,0,73,,1424,,,0,32,,1425,,,0,71,,1426,,,0,33,,1427,,,0,72,,1428,,,0,31,,1429,,,0,70,,1430,,,0,27,,1431,,,0,68,,1432,,,0,31,,1433,,,0,70,,1434,,,0,30,,1435,,,0,70,,1436,,,0,24,,1437,,,0,62,,1438,,,0,23,,1439,,,0,69,,1440,,,0,28,,1441,,,0,30,,1442,,,0
301,'2509-HIV-26b23Vlv-Semaine-00',733,,1445,,,0,22,,1446,,,0,73,,1457,,,0,73,,1449,,,0,32,,1450,,,0,73,,1454,,,0,33,,1451,,,0,73,,1452,,,0,32,,1448,,,0,71,,1453,,,0,31,,1447,,,0,71,,1456,,,0,33,,1455,,,0,74,,1461,,,0,30,,1458,,,0,70,,1460,,,0,27,,1459,,,0,67,,1462,,,0,31,,1465,,,0,70,,1466,,,0,30,,1467,,,0,68,,1468,,,0,26,,1469,,,0,65,,1463,,,0,24,,1470,,,0,68,,1471,,,0,29,,1472,,,0,30,,1464,,,0
301,'2509-HIV-26c02Vlv-Semaine-00',733,,1473,,,0,22,,1474,,,0,73,,1485,,,0,73,,1477,,,0,32,,1478,,,0,73,,1482,,,0,33,,1479,,,0,73,,1480,,,0,32,,1476,,,0,71,,1481,,,0,31,,1475,,,0,71,,1484,,,0,33,,1483,,,0,74,,1489,,,0,30,,1486,,,0,70,,1488,,,0,27,,1487,,,0,67,,1490,,,0,31,,1493,,,0,70,,1494,,,0,30,,1495,,,0,68,,1496,,,0,26,,1497,,,0,65,,1491,,,0,24,,1498,,,0,68,,1499,,,0,29,,1500,,,0,30,,1492,,,0
900600,'2509-HIV-25k03H-s-Samedi-00',843,,4343,,,0,170,,4345,,,0,125,,4346,,,0,175,,4347,,,0,120,,4348,,,0,175,,4349,,,0,130,,4350,,,0,170,,4344,,,0
900600,'2509-HIV-25l22Vlv-Semaine-00',843,,4351,,,0,170,,4353,,,0,125,,4354,,,0,175,,4355,,,0,120,,4356,,,0,175,,4357,,,0,130,,4358,,,0,170,,4352,,,0
900600,'2509-HIV-26a05H-s-Samedi-00',843,,4359,,,0,170,,4361,,,0,125,,4362,,,0,175,,4363,,,0,120,,4364,,,0,175,,4365,,,0,130,,4366,,,0,170,,4360,,,0
900600,'2509-HIV-26a05H-w-Mercredi-00',843,,4367,,,0,170,,4369,,,0,125,,4370,,,0,175,,4371,,,0,120,,4372,,,0,175,,4373,,,0,130,,4374,,,0,170,,4368,,,0
900600,'2509-HIV-26a05Hlv-L-Ma-J-V-00',843,,4375,,,0,170,,4377,,,0,125,,4378,,,0,175,,4379,,,0,120,,4380,,,0,175,,4381,,,0,130,,4382,,,0,170,,4376,,,0
900600,'2509-HIV-26b23Vlv-Semaine-00',843,,4383,,,0,170,,4385,,,0,125,,4386,,,0,175,,4387,,,0,120,,4388,,,0,175,,4389,,,0,130,,4390,,,0,170,,4384,,,0
900600,'2509-HIV-26c02Vlv-Semaine-00',843,,4391,,,0,170,,4393,,,0,125,,4394,,,0,175,,4395,,,0,120,,4396,,,0,175,,4397,,,0,130,,4398,,,0,170,,4392,,,0
29000301,'2509-HIV-26a05H-w-Mercredi-00',1730,,7998,,,0,28,,7999,,,0,73,,8000,,,0,21,,8001,,,0
29000301,'2509-HIV-26a05Hlv-L-Ma-J-V-00',1730,,8002,,,0,28,,8003,,,0,73,,8004,,,0,21,,8005,,,0
