101,'0_6',724,,63047,30,0,5,0,115,,63048,30,0,5,0,106,,63049,30,0,5,0,70,,63060,30,0,6,0,29,,63050,30,0,5,0,71,,63061,30,0,6,0,30,,63051,30,0,5,0,70,,63062,30,0,6,0,29,,63052,30,0,5,0,69,,63063,30,0,6,0,31,,63053,30,0,5,0,70,,63064,30,0,6,0,30,,63054,30,0,5,0,70,,63065,30,0,6,0,31,,63055,30,0,5,0,71,,63066,30,0,6,0,31,,63056,30,0,5,0,69,,63067,30,0,6,0,33,,63057,30,0,5,0,70,,63068,30,0,6,0,35,,63058,30,0,5,0,65,,63069,30,0,6,0,26,,63059,30,0,5,0
101,'1_7',930,,63070,30,0,6,0,105,,63075,30,0,5,0,105,,63071,30,0,6,0,105,,63076,30,0,5,0,105,,63072,30,0,6,0,90,,63077,30,0,5,0,100,,63073,30,0,6,0,105,,63078,30,0,5,0,105,,63074,30,0,6,0,105,,63079,30,0,5,0
101,'2_1',724,,63080,36,0,5,0,30,,63081,30,0,5,0,75,,63082,36,0,6,0,30,,63084,30,0,5,0,76,,63083,36,0,6,0,75,,63085,30,0,5,0,31,,63089,30,0,6,0,72,,63086,30,0,5,0,32,,63087,30,0,6,0,70,,63088,30,0,5,0,29,,63090,30,0,6,0,70,,63091,30,0,5,0,30,,63092,30,0,6,0,69,,63094,36,0,5,0,31,,63093,30,0,6,0,71,,63095,36,0,5,0,31,,63097,30,0,6,0,70,,63101,30,0,5,0,32,,63100,30,0,6,0,72,,63098,30,0,5,0,30,,63099,30,0,6,0,70,,63096,36,0,5,0,25,,63102,30,0,6,0,70,,63103,36,0,5,0,25,,63104,30,0,6,0
101,'2_2',724,,63105,36,0,5,0,30,,63106,30,0,5,0,75,,63107,36,0,6,0,30,,63109,30,0,5,0,76,,63108,36,0,6,0,75,,63110,30,0,5,0,31,,63114,30,0,6,0,72,,63111,30,0,5,0,32,,63112,30,0,6,0,70,,63113,30,0,5,0,29,,63115,30,0,6,0,70,,63116,30,0,5,0,30,,63117,30,0,6,0,69,,63119,36,0,5,0,31,,63118,30,0,6,0,71,,63120,36,0,5,0,31,,63122,30,0,6,0,70,,63126,30,0,5,0,32,,63125,30,0,6,0,72,,63123,30,0,5,0,30,,63124,30,0,6,0,70,,63121,36,0,5,0,25,,63127,30,0,6,0,70,,63128,36,0,5,0,25,,63129,30,0,6,0
101,'2_3',724,,63130,36,0,5,0,30,,63131,30,0,5,0,75,,63132,36,0,6,0,30,,63134,30,0,5,0,76,,63133,36,0,6,0,75,,63135,30,0,5,0,31,,63139,30,0,6,0,72,,63136,30,0,5,0,32,,63137,30,0,6,0,70,,63138,30,0,5,0,29,,63140,30,0,6,0,70,,63141,30,0,5,0,30,,63142,30,0,6,0,69,,63144,36,0,5,0,31,,63143,30,0,6,0,71,,63145,36,0,5,0,31,,63147,30,0,6,0,70,,63151,30,0,5,0,32,,63150,30,0,6,0,72,,63148,30,0,5,0,30,,63149,30,0,6,0,70,,63146,36,0,5,0,25,,63152,30,0,6,0,70,,63153,36,0,5,0,25,,63154,30,0,6,0
101,'2_4',724,,63155,36,0,5,0,30,,63156,30,0,5,0,75,,63157,36,0,6,0,30,,63159,30,0,5,0,76,,63158,36,0,6,0,75,,63160,30,0,5,0,31,,63164,30,0,6,0,72,,63161,30,0,5,0,32,,63162,30,0,6,0,70,,63163,30,0,5,0,29,,63165,30,0,6,0,70,,63166,30,0,5,0,30,,63167,30,0,6,0,69,,63169,36,0,5,0,31,,63168,30,0,6,0,71,,63170,36,0,5,0,31,,63172,30,0,6,0,70,,63176,30,0,5,0,32,,63175,30,0,6,0,72,,63173,30,0,5,0,30,,63174,30,0,6,0,70,,63171,36,0,5,0,25,,63177,30,0,6,0,70,,63178,36,0,5,0,25,,63179,30,0,6,0
101,'2_5',724,,63180,36,0,5,0,30,,63181,30,0,5,0,75,,63182,36,0,6,0,30,,63184,30,0,5,0,76,,63183,36,0,6,0,75,,63185,30,0,5,0,31,,63189,30,0,6,0,72,,63186,30,0,5,0,32,,63187,30,0,6,0,70,,63188,30,0,5,0,29,,63190,30,0,6,0,70,,63191,30,0,5,0,30,,63192,30,0,6,0,69,,63194,36,0,5,0,31,,63193,30,0,6,0,71,,63195,36,0,5,0,31,,63197,30,0,6,0,70,,63201,30,0,5,0,32,,63200,30,0,6,0,72,,63198,30,0,5,0,30,,63199,30,0,6,0,70,,63196,36,0,5,0,25,,63202,30,0,6,0,70,,63203,36,0,5,0,25,,63204,30,0,6,0
101,'3_1',724,,63205,36,0,5,0,30,,63206,30,0,5,0,75,,63207,36,0,6,0,30,,63209,30,0,5,0,76,,63208,36,0,6,0,75,,63210,30,0,5,0,31,,63214,30,0,6,0,72,,63211,30,0,5,0,32,,63212,30,0,6,0,70,,63213,30,0,5,0,29,,63215,30,0,6,0,70,,63216,30,0,5,0,30,,63217,30,0,6,0,69,,63219,36,0,5,0,31,,63218,30,0,6,0,71,,63220,36,0,5,0,31,,63222,30,0,6,0,70,,63226,30,0,5,0,32,,63225,30,0,6,0,72,,63223,30,0,5,0,30,,63224,30,0,6,0,70,,63221,36,0,5,0,25,,63227,30,0,6,0,70,,63228,36,0,5,0,25,,63229,30,0,6,0
101,'3_3',724,,63230,36,0,5,0,30,,63231,30,0,5,0,75,,63232,36,0,6,0,30,,63234,30,0,5,0,76,,63233,36,0,6,0,75,,63235,30,0,5,0,31,,63239,30,0,6,0,72,,63236,30,0,5,0,32,,63237,30,0,6,0,70,,63238,30,0,5,0,29,,63240,30,0,6,0,70,,63241,30,0,5,0,30,,63242,30,0,6,0,69,,63244,36,0,5,0,31,,63243,30,0,6,0,71,,63245,36,0,5,0,31,,63247,30,0,6,0,70,,63251,30,0,5,0,32,,63250,30,0,6,0,72,,63248,30,0,5,0,30,,63249,30,0,6,0,70,,63246,36,0,5,0,25,,63252,30,0,6,0,70,,63253,36,0,5,0,25,,63254,30,0,6,0
101,'3_4',724,,63255,36,0,5,0,30,,63256,30,0,5,0,75,,63257,36,0,6,0,30,,63259,30,0,5,0,76,,63258,36,0,6,0,75,,63260,30,0,5,0,31,,63264,30,0,6,0,72,,63261,30,0,5,0,32,,63262,30,0,6,0,70,,63263,30,0,5,0,29,,63265,30,0,6,0,70,,63266,30,0,5,0,30,,63267,30,0,6,0,69,,63269,36,0,5,0,31,,63268,30,0,6,0,71,,63270,36,0,5,0,31,,63272,30,0,6,0,70,,63276,30,0,5,0,32,,63275,30,0,6,0,72,,63273,30,0,5,0,30,,63274,30,0,6,0,70,,63271,36,0,5,0,25,,63277,30,0,6,0,70,,63278,36,0,5,0,25,,63279,30,0,6,0
101,'3_5',724,,63280,36,0,5,0,30,,63281,30,0,5,0,75,,63282,36,0,6,0,30,,63284,30,0,5,0,76,,63283,36,0,6,0,75,,63285,30,0,5,0,31,,63289,30,0,6,0,72,,63286,30,0,5,0,32,,63287,30,0,6,0,70,,63288,30,0,5,0,29,,63290,30,0,6,0,70,,63291,30,0,5,0,30,,63292,30,0,6,0,69,,63294,36,0,5,0,31,,63293,30,0,6,0,71,,63295,36,0,5,0,31,,63297,30,0,6,0,70,,63301,30,0,5,0,32,,63300,30,0,6,0,72,,63298,30,0,5,0,30,,63299,30,0,6,0,70,,63296,36,0,5,0,25,,63302,30,0,6,0,70,,63303,36,0,5,0,25,,63304,30,0,6,0
101,'4_7',930,,63305,30,0,6,0,105,,63310,30,0,5,0,105,,63306,30,0,6,0,105,,63311,30,0,5,0,105,,63307,30,0,6,0,90,,63312,30,0,5,0,100,,63308,30,0,6,0,105,,63313,30,0,5,0,105,,63309,30,0,6,0,105,,63314,30,0,5,0
301,'0_6',647,,64459,5,,,0,72,,64460,5,,,0,32,,64461,5,,,0,72,,64462,5,,,0,32,,64463,5,,,0,72,,64464,5,,,0,32,,64465,5,,,0,72,,64466,5,,,0,73,,64467,5,,,0,33,,64468,5,,,0,73,,64469,5,,,0,32,,64434,5,,,0,67,,64435,5,,,0,27,,64436,5,,,0,66,,64437,5,,,0,28,,64438,5,,,0,27,,64439,5,,,0,69,,64440,5,,,0,28,,64458,5,,,0,67,,64441,5,,,0,32,,64442,5,,,0,73,,64443,5,,,0,29,,64444,5,,,0,68,,64445,5,,,0,26,,64446,5,,,0,66,,64447,5,,,0,27,,64448,5,,,0,67,,64470,5,,,0,26,,64449,5,,,0,18,,64450,5,0,67 68,0,70,,64451,5,0,67 68,0,30,,64452,5,0,67 68,0,70,,64453,5,0,67 68,0,30,,64454,5,0,67 68,0,70,,64455,5,0,67 68,0,30,,64456,5,0,67 68,0,70,,64457,5,0,67 68,0
301,'1_7',751,,64492,5,,,0,72,,64487,5,,,0,32,,64493,5,,,0,72,,64488,5,,,0,32,,64494,5,,,0,72,,64489,5,,,0,73,,64495,5,,,0,33,,64490,5,,,0,73,,64496,5,,,0,32,,64471,5,,,0,67,,64472,5,,,0,27,,64473,5,,,0,66,,64474,5,,,0,28,,64475,5,,,0,27,,64476,5,,,0,69,,64477,5,,,0,28,,64497,5,,,0,67,,64478,5,,,0,32,,64479,5,,,0,73,,64480,5,,,0,29,,64481,5,,,0,68,,64482,5,,,0,26,,64483,5,,,0,66,,64484,5,,,0,27,,64485,5,,,0,67,,64491,5,,,0,26,,64486,5,,,0
301,'2_1',647,,64515,5,,,0,72,,64516,5,,,0,32,,64517,5,,,0,72,,64518,5,,,0,32,,64519,5,,,0,72,,64520,5,,,0,32,,64521,5,,,0,72,,64522,5,,,0,73,,64523,5,,,0,33,,64524,5,,,0,73,,64525,5,,,0,32,,64498,5,,,0,67,,64499,5,,,0,27,,64500,5,,,0,66,,64501,5,,,0,28,,64502,5,,,0,27,,64503,5,,,0,69,,64504,5,,,0,28,,64514,5,,,0,67,,64505,5,,,0,32,,64506,5,,,0,73,,64507,5,,,0,29,,64508,5,,,0,68,,64509,5,,,0,26,,64510,5,,,0,66,,64511,5,,,0,27,,64512,5,,,0,67,,64526,5,,,0,26,,64513,5,,,0
301,'2_2',647,,64544,5,,,0,72,,64545,5,,,0,32,,64546,5,,,0,72,,64547,5,,,0,32,,64548,5,,,0,72,,64549,5,,,0,32,,64550,5,,,0,72,,64551,5,,,0,73,,64552,5,,,0,33,,64553,5,,,0,73,,64554,5,,,0,32,,64527,5,,,0,67,,64528,5,,,0,27,,64529,5,,,0,66,,64530,5,,,0,28,,64531,5,,,0,27,,64532,5,,,0,69,,64533,5,,,0,28,,64543,5,,,0,67,,64534,5,,,0,32,,64535,5,,,0,73,,64536,5,,,0,29,,64537,5,,,0,68,,64538,5,,,0,26,,64539,5,,,0,66,,64540,5,,,0,27,,64541,5,,,0,67,,64555,5,,,0,26,,64542,5,,,0
301,'2_3',647,,64573,5,,,0,72,,64574,5,,,0,32,,64575,5,,,0,72,,64576,5,,,0,32,,64577,5,,,0,72,,64578,5,,,0,32,,64579,5,,,0,72,,64580,5,,,0,73,,64581,5,,,0,33,,64582,5,,,0,73,,64583,5,,,0,32,,64556,5,,,0,67,,64557,5,,,0,27,,64558,5,,,0,66,,64559,5,,,0,28,,64560,5,,,0,27,,64561,5,,,0,69,,64562,5,,,0,28,,64572,5,,,0,67,,64563,5,,,0,32,,64564,5,,,0,73,,64565,5,,,0,29,,64566,5,,,0,68,,64567,5,,,0,26,,64568,5,,,0,66,,64569,5,,,0,27,,64570,5,,,0,67,,64584,5,,,0,26,,64571,5,,,0
301,'2_4',647,,64602,5,,,0,72,,64603,5,,,0,32,,64604,5,,,0,72,,64605,5,,,0,32,,64606,5,,,0,72,,64607,5,,,0,32,,64608,5,,,0,72,,64609,5,,,0,73,,64610,5,,,0,33,,64611,5,,,0,73,,64612,5,,,0,32,,64585,5,,,0,67,,64586,5,,,0,27,,64587,5,,,0,66,,64588,5,,,0,28,,64589,5,,,0,27,,64590,5,,,0,69,,64591,5,,,0,28,,64601,5,,,0,67,,64592,5,,,0,32,,64593,5,,,0,73,,64594,5,,,0,29,,64595,5,,,0,68,,64596,5,,,0,26,,64597,5,,,0,66,,64598,5,,,0,27,,64599,5,,,0,67,,64613,5,,,0,26,,64600,5,,,0
301,'2_5',647,,64639,5,,,0,72,,64640,5,,,0,32,,64641,5,,,0,72,,64642,5,,,0,32,,64643,5,,,0,72,,64644,5,,,0,32,,64645,5,,,0,72,,64646,5,,,0,73,,64647,5,,,0,33,,64648,5,,,0,73,,64649,5,,,0,32,,64614,5,,,0,67,,64615,5,,,0,27,,64616,5,,,0,66,,64617,5,,,0,28,,64618,5,,,0,27,,64619,5,,,0,69,,64620,5,,,0,28,,64638,5,,,0,67,,64621,5,,,0,32,,64622,5,,,0,73,,64623,5,,,0,29,,64624,5,,,0,68,,64625,5,,,0,26,,64626,5,,,0,66,,64627,5,,,0,27,,64628,5,,,0,67,,64650,5,,,0,26,,64629,5,,,0,18,,64630,5,0,67 68,0,70,,64631,5,0,67 68,0,30,,64632,5,0,67 68,0,70,,64633,5,0,67 68,0,30,,64634,5,0,67 68,0,70,,64635,5,0,67 68,0,30,,64636,5,0,67 68,0,70,,64637,5,0,67 68,0
301,'3_1',647,,64668,5,,,0,72,,64669,5,,,0,32,,64670,5,,,0,72,,64671,5,,,0,32,,64672,5,,,0,72,,64673,5,,,0,32,,64674,5,,,0,72,,64675,5,,,0,73,,64676,5,,,0,33,,64677,5,,,0,73,,64678,5,,,0,32,,64651,5,,,0,67,,64652,5,,,0,27,,64653,5,,,0,66,,64654,5,,,0,28,,64655,5,,,0,27,,64656,5,,,0,69,,64657,5,,,0,28,,64667,5,,,0,67,,64658,5,,,0,32,,64659,5,,,0,73,,64660,5,,,0,29,,64661,5,,,0,68,,64662,5,,,0,26,,64663,5,,,0,66,,64664,5,,,0,27,,64665,5,,,0,67,,64679,5,,,0,26,,64666,5,,,0
301,'3_3',647,,64697,5,,,0,72,,64698,5,,,0,32,,64699,5,,,0,72,,64700,5,,,0,32,,64701,5,,,0,72,,64702,5,,,0,32,,64703,5,,,0,72,,64704,5,,,0,73,,64705,5,,,0,33,,64706,5,,,0,73,,64707,5,,,0,32,,64680,5,,,0,67,,64681,5,,,0,27,,64682,5,,,0,66,,64683,5,,,0,28,,64684,5,,,0,27,,64685,5,,,0,69,,64686,5,,,0,28,,64696,5,,,0,67,,64687,5,,,0,32,,64688,5,,,0,73,,64689,5,,,0,29,,64690,5,,,0,68,,64691,5,,,0,26,,64692,5,,,0,66,,64693,5,,,0,27,,64694,5,,,0,67,,64708,5,,,0,26,,64695,5,,,0
301,'3_4',647,,64726,5,,,0,72,,64727,5,,,0,32,,64728,5,,,0,72,,64729,5,,,0,32,,64730,5,,,0,72,,64731,5,,,0,32,,64732,5,,,0,72,,64733,5,,,0,73,,64734,5,,,0,33,,64735,5,,,0,73,,64736,5,,,0,32,,64709,5,,,0,67,,64710,5,,,0,27,,64711,5,,,0,66,,64712,5,,,0,28,,64713,5,,,0,27,,64714,5,,,0,69,,64715,5,,,0,28,,64725,5,,,0,67,,64716,5,,,0,32,,64717,5,,,0,73,,64718,5,,,0,29,,64719,5,,,0,68,,64720,5,,,0,26,,64721,5,,,0,66,,64722,5,,,0,27,,64723,5,,,0,67,,64737,5,,,0,26,,64724,5,,,0
301,'3_5',647,,64763,5,,,0,72,,64764,5,,,0,32,,64765,5,,,0,72,,64766,5,,,0,32,,64767,5,,,0,72,,64768,5,,,0,32,,64769,5,,,0,72,,64770,5,,,0,73,,64771,5,,,0,33,,64772,5,,,0,73,,64773,5,,,0,32,,64738,5,,,0,67,,64739,5,,,0,27,,64740,5,,,0,66,,64741,5,,,0,28,,64742,5,,,0,27,,64743,5,,,0,69,,64744,5,,,0,28,,64762,5,,,0,67,,64745,5,,,0,32,,64746,5,,,0,73,,64747,5,,,0,29,,64748,5,,,0,68,,64749,5,,,0,26,,64750,5,,,0,66,,64751,5,,,0,27,,64752,5,,,0,67,,64774,5,,,0,26,,64753,5,,,0,18,,64754,5,0,67 68,0,70,,64755,5,0,67 68,0,30,,64756,5,0,67 68,0,70,,64757,5,0,67 68,0,30,,64758,5,0,67 68,0,70,,64759,5,0,67 68,0,30,,64760,5,0,67 68,0,70,,64761,5,0,67 68,0
301,'4_7',647,,64792,5,,,0,72,,64793,5,,,0,32,,64794,5,,,0,72,,64795,5,,,0,32,,64796,5,,,0,72,,64797,5,,,0,32,,64798,5,,,0,72,,64799,5,,,0,73,,64800,5,,,0,33,,64801,5,,,0,73,,64802,5,,,0,32,,64775,5,,,0,67,,64776,5,,,0,27,,64777,5,,,0,66,,64778,5,,,0,28,,64779,5,,,0,27,,64780,5,,,0,69,,64781,5,,,0,28,,64791,5,,,0,67,,64782,5,,,0,32,,64783,5,,,0,73,,64784,5,,,0,29,,64785,5,,,0,68,,64786,5,,,0,26,,64787,5,,,0,66,,64788,5,,,0,27,,64789,5,,,0,67,,64803,5,,,0,26,,64790,5,,,0
701,'0_6',725,,66147,20,,,0,110,,66148,20,,,0,110,,66149,20,,,0,110,,66150,20,,,0,150,,66151,20,,,0,110,,66152,20,,,0,110,,66153,20,,,0,110,,66154,20,,,0,110,,66155,20,,,0,110,,66145,20,,,0,150,,66146,20,,,0
701,'2_1',727,,66156,20,,,0,109,,66157,20,,,0,110,,66158,20,,,0,110,,66159,20,,,0,150,,66160,20,,,0,110,,66161,20,,,0,110,,66162,20,,,0,110,,66163,20,,,0,110,,66164,20,,,0,110,,66165,20,,,0,150,,66166,20,,,0
701,'2_2',727,,66167,20,,,0,109,,66168,20,,,0,110,,66169,20,,,0,110,,66170,20,,,0,150,,66171,20,,,0,110,,66172,20,,,0,110,,66173,20,,,0,110,,66174,20,,,0,110,,66175,20,,,0,110,,66176,20,,,0,150,,66177,20,,,0
701,'2_3',727,,66178,20,,,0,109,,66179,20,,,0,110,,66180,20,,,0,110,,66181,20,,,0,150,,66182,20,,,0,110,,66183,20,,,0,110,,66184,20,,,0,110,,66185,20,,,0,110,,66186,20,,,0,110,,66187,20,,,0,150,,66188,20,,,0
701,'2_4',727,,66189,20,,,0,109,,66190,20,,,0,110,,66191,20,,,0,110,,66192,20,,,0,150,,66193,20,,,0,110,,66194,20,,,0,110,,66195,20,,,0,110,,66196,20,,,0,110,,66197,20,,,0,110,,66198,20,,,0,150,,66199,20,,,0
701,'2_5',727,,66200,20,,,0,109,,66201,20,,,0,110,,66202,20,,,0,110,,66203,20,,,0,150,,66204,20,,,0,110,,66205,20,,,0,110,,66206,20,,,0,110,,66207,20,,,0,110,,66208,20,,,0,110,,66209,20,,,0,150,,66210,20,,,0
701,'3_1',727,,66211,20,,,0,109,,66212,20,,,0,110,,66213,20,,,0,110,,66214,20,,,0,150,,66215,20,,,0,110,,66216,20,,,0,110,,66217,20,,,0,110,,66218,20,,,0,110,,66219,20,,,0,110,,66220,20,,,0,150,,66221,20,,,0
701,'3_3',727,,66222,20,,,0,109,,66223,20,,,0,110,,66224,20,,,0,110,,66225,20,,,0,150,,66226,20,,,0,110,,66227,20,,,0,110,,66228,20,,,0,110,,66229,20,,,0,110,,66230,20,,,0,110,,66231,20,,,0,150,,66232,20,,,0
701,'3_4',727,,66233,20,,,0,109,,66234,20,,,0,110,,66235,20,,,0,110,,66236,20,,,0,150,,66237,20,,,0,110,,66238,20,,,0,110,,66239,20,,,0,110,,66240,20,,,0,110,,66241,20,,,0,110,,66242,20,,,0,150,,66243,20,,,0
701,'3_5',727,,66244,20,,,0,109,,66245,20,,,0,110,,66246,20,,,0,110,,66247,20,,,0,150,,66248,20,,,0,110,,66249,20,,,0,110,,66250,20,,,0,110,,66251,20,,,0,110,,66252,20,,,0,110,,66253,20,,,0,150,,66254,20,,,0
801,'2_1',830,,66360,3,,,0,110,,66361,3,,,0,110,,66362,3,,,0,157,,66354,3,,,0,111,,66363,3,,,0,111,,66364,3,,,0,112,,66365,3,,,0,75,,66355,3,,,0,35,,66356,3,,,0,70,,66357,3,,,0,34,,66358,3,,,0,75,,66359,3,,,0,74,,66366,3,,,0,35,,66367,3,,,0
801,'2_2',830,,66374,3,,,0,110,,66375,3,,,0,110,,66376,3,,,0,157,,66368,3,,,0,111,,66377,3,,,0,111,,66378,3,,,0,112,,66379,3,,,0,75,,66369,3,,,0,35,,66370,3,,,0,70,,66371,3,,,0,34,,66372,3,,,0,75,,66373,3,,,0,74,,66380,3,,,0,35,,66381,3,,,0
801,'2_3',830,,66388,3,,,0,110,,66389,3,,,0,110,,66390,3,,,0,157,,66382,3,,,0,111,,66391,3,,,0,111,,66392,3,,,0,112,,66393,3,,,0,75,,66383,3,,,0,35,,66384,3,,,0,70,,66385,3,,,0,34,,66386,3,,,0,75,,66387,3,,,0,74,,66394,3,,,0,35,,66395,3,,,0
801,'2_4',830,,66402,3,,,0,110,,66403,3,,,0,110,,66404,3,,,0,157,,66396,3,,,0,111,,66405,3,,,0,111,,66406,3,,,0,112,,66407,3,,,0,75,,66397,3,,,0,35,,66398,3,,,0,70,,66399,3,,,0,34,,66400,3,,,0,75,,66401,3,,,0,74,,66408,3,,,0,35,,66409,3,,,0
801,'2_5',830,,66416,3,,,0,110,,66417,3,,,0,110,,66418,3,,,0,157,,66410,3,,,0,111,,66419,3,,,0,111,,66420,3,,,0,112,,66421,3,,,0,75,,66411,3,,,0,35,,66412,3,,,0,70,,66413,3,,,0,34,,66414,3,,,0,75,,66415,3,,,0,74,,66422,3,,,0,35,,66423,3,,,0
801,'3_1',830,,66430,3,,,0,110,,66431,3,,,0,110,,66432,3,,,0,157,,66424,3,,,0,111,,66433,3,,,0,111,,66434,3,,,0,112,,66435,3,,,0,75,,66425,3,,,0,35,,66426,3,,,0,70,,66427,3,,,0,34,,66428,3,,,0,75,,66429,3,,,0,74,,66436,3,,,0,35,,66437,3,,,0
801,'3_3',830,,66444,3,,,0,110,,66445,3,,,0,110,,66446,3,,,0,157,,66438,3,,,0,111,,66447,3,,,0,111,,66448,3,,,0,112,,66449,3,,,0,75,,66439,3,,,0,35,,66440,3,,,0,70,,66441,3,,,0,34,,66442,3,,,0,75,,66443,3,,,0,74,,66450,3,,,0,35,,66451,3,,,0
801,'3_4',830,,66458,3,,,0,110,,66459,3,,,0,110,,66460,3,,,0,157,,66452,3,,,0,111,,66461,3,,,0,111,,66462,3,,,0,112,,66463,3,,,0,75,,66453,3,,,0,35,,66454,3,,,0,70,,66455,3,,,0,34,,66456,3,,,0,75,,66457,3,,,0,74,,66464,3,,,0,35,,66465,3,,,0
801,'3_5',830,,66472,3,,,0,110,,66473,3,,,0,110,,66474,3,,,0,157,,66466,3,,,0,111,,66475,3,,,0,111,,66476,3,,,0,112,,66477,3,,,0,75,,66467,3,,,0,35,,66468,3,,,0,70,,66469,3,,,0,34,,66470,3,,,0,75,,66471,3,,,0,74,,66478,3,,,0,35,,66479,3,,,0
2000001,'0_6',651,,70573,14,,,0,81,,70574,14,,,0,79,,70575,14,,,0,31,,70613,14,,,0,61,,70577,14,,,0,20,,70576,14,,,0,21,,70578,14,,,0,60,,70579,14,,,0,19,,70581,14,,,0,18,,70580,14,,,0,60,,70586,14,,,0,20,,70584,14,,,0,17,,70588,14,,,0,19,,70582,14,,,0,59,,70587,14,,,0,20,,70583,14,,,0,17,,70585,14,,,0,58,,70594,14,,,0,18,,70591,14,,,0,20,,70592,14,,,0,61,,70593,14,,,0,18,,70590,14,,,0,17,,70589,14,,,0,59,,70595,14,,,0,22,,70596,14,,,0,20,,70598,14,,,0,59,,70597,14,,,0,19,,70599,14,,,0,20,,70600,14,,,0,61,,70601,14,,,0,20,,70603,14,,,0,19,,70602,14,,,0,59,,70604,14,,,0,19,,70605,14,,,0,19,,70606,14,,,0,59,,70607,14,,,0,17,,70608,14,,,0,18,,70609,14,,,0,22,,70610,14,,,0,64,,70611,14,,,0,23,,70612,14,,,0
2000001,'1_7',824,,70631,14,,,0,80,,70614,14,,,0,40,,70615,14,,,0,80,,70616,14,,,0,80,,70617,14,,,0,40,,70618,14,,,0,80,,70619,14,,,0,80,,70620,14,,,0,40,,70622,14,,,0,80,,70621,14,,,0,80,,70623,14,,,0,40,,70624,14,,,0,80,,70625,14,,,0,80,,70626,14,,,0,40,,70628,14,,,0,80,,70627,14,,,0,80,,70629,14,,,0,40,,70630,14,,,0
2000001,'2_1',653,,70632,14,,,0,68,,70633,14,,,0,19,,70673,14,,,0,60,,70634,14,,,0,20,,70674,14,,,0,21,,70636,14,,,0,62,,70635,14,,,0,21,,70637,14,,,0,22,,70638,14,,,0,60,,70640,14,,,0,19,,70639,14,,,0,18,,70645,14,,,0,58,,70643,14,,,0,19,,70647,14,,,0,18,,70641,14,,,0,19,,70646,14,,,0,59,,70642,14,,,0,19,,70644,14,,,0,18,,70653,14,,,0,58,,70650,14,,,0,19,,70651,14,,,0,20,,70652,14,,,0,60,,70649,14,,,0,18,,70648,14,,,0,18,,70654,14,,,0,59,,70655,14,,,0,22,,70657,14,,,0,20,,70656,14,,,0,59,,70658,14,,,0,19,,70659,14,,,0,19,,70660,14,,,0,61,,70662,14,,,0,20,,70661,14,,,0,20,,70663,14,,,0,61,,70664,14,,,0,19,,70665,14,,,0,21,,70666,14,,,0,60,,70667,14,,,0,19,,70668,14,,,0,20,,70669,14,,,0,58,,70670,14,,,0,19,,70671,14,,,0,22,,70672,14,,,0
2000001,'2_2',653,,70675,14,,,0,68,,70676,14,,,0,19,,70716,14,,,0,60,,70677,14,,,0,20,,70717,14,,,0,21,,70679,14,,,0,62,,70678,14,,,0,21,,70680,14,,,0,22,,70681,14,,,0,60,,70683,14,,,0,19,,70682,14,,,0,18,,70688,14,,,0,58,,70686,14,,,0,19,,70690,14,,,0,18,,70684,14,,,0,19,,70689,14,,,0,59,,70685,14,,,0,19,,70687,14,,,0,18,,70696,14,,,0,58,,70693,14,,,0,19,,70694,14,,,0,20,,70695,14,,,0,60,,70692,14,,,0,18,,70691,14,,,0,18,,70697,14,,,0,59,,70698,14,,,0,22,,70700,14,,,0,20,,70699,14,,,0,59,,70701,14,,,0,19,,70702,14,,,0,19,,70703,14,,,0,61,,70705,14,,,0,20,,70704,14,,,0,20,,70706,14,,,0,61,,70707,14,,,0,19,,70708,14,,,0,21,,70709,14,,,0,60,,70710,14,,,0,19,,70711,14,,,0,20,,70712,14,,,0,58,,70713,14,,,0,19,,70714,14,,,0,22,,70715,14,,,0
2000001,'2_3',653,,70718,14,,,0,68,,70719,14,,,0,19,,70759,14,,,0,60,,70720,14,,,0,20,,70760,14,,,0,21,,70722,14,,,0,62,,70721,14,,,0,21,,70723,14,,,0,22,,70724,14,,,0,60,,70726,14,,,0,19,,70725,14,,,0,18,,70731,14,,,0,58,,70729,14,,,0,19,,70733,14,,,0,18,,70727,14,,,0,19,,70732,14,,,0,59,,70728,14,,,0,19,,70730,14,,,0,18,,70739,14,,,0,58,,70736,14,,,0,19,,70737,14,,,0,20,,70738,14,,,0,60,,70735,14,,,0,18,,70734,14,,,0,18,,70740,14,,,0,59,,70741,14,,,0,22,,70743,14,,,0,20,,70742,14,,,0,59,,70744,14,,,0,19,,70745,14,,,0,19,,70746,14,,,0,61,,70748,14,,,0,20,,70747,14,,,0,20,,70749,14,,,0,61,,70750,14,,,0,19,,70751,14,,,0,21,,70752,14,,,0,60,,70753,14,,,0,19,,70754,14,,,0,20,,70755,14,,,0,58,,70756,14,,,0,19,,70757,14,,,0,22,,70758,14,,,0
2000001,'2_4',653,,70761,14,,,0,68,,70762,14,,,0,19,,70802,14,,,0,60,,70763,14,,,0,20,,70803,14,,,0,21,,70765,14,,,0,62,,70764,14,,,0,21,,70766,14,,,0,22,,70767,14,,,0,60,,70769,14,,,0,19,,70768,14,,,0,18,,70774,14,,,0,58,,70772,14,,,0,19,,70776,14,,,0,18,,70770,14,,,0,19,,70775,14,,,0,59,,70771,14,,,0,19,,70773,14,,,0,18,,70782,14,,,0,58,,70779,14,,,0,19,,70780,14,,,0,20,,70781,14,,,0,60,,70778,14,,,0,18,,70777,14,,,0,18,,70783,14,,,0,59,,70784,14,,,0,22,,70786,14,,,0,20,,70785,14,,,0,59,,70787,14,,,0,19,,70788,14,,,0,19,,70789,14,,,0,61,,70791,14,,,0,20,,70790,14,,,0,20,,70792,14,,,0,61,,70793,14,,,0,19,,70794,14,,,0,21,,70795,14,,,0,60,,70796,14,,,0,19,,70797,14,,,0,20,,70798,14,,,0,58,,70799,14,,,0,19,,70800,14,,,0,22,,70801,14,,,0
2000001,'2_5',653,,70804,14,,,0,68,,70805,14,,,0,19,,70845,14,,,0,60,,70806,14,,,0,20,,70846,14,,,0,21,,70808,14,,,0,62,,70807,14,,,0,21,,70809,14,,,0,22,,70810,14,,,0,60,,70812,14,,,0,19,,70811,14,,,0,18,,70817,14,,,0,58,,70815,14,,,0,19,,70819,14,,,0,18,,70813,14,,,0,19,,70818,14,,,0,59,,70814,14,,,0,19,,70816,14,,,0,18,,70825,14,,,0,58,,70822,14,,,0,19,,70823,14,,,0,20,,70824,14,,,0,60,,70821,14,,,0,18,,70820,14,,,0,18,,70826,14,,,0,59,,70827,14,,,0,22,,70829,14,,,0,20,,70828,14,,,0,59,,70830,14,,,0,19,,70831,14,,,0,19,,70832,14,,,0,61,,70834,14,,,0,20,,70833,14,,,0,20,,70835,14,,,0,61,,70836,14,,,0,19,,70837,14,,,0,21,,70838,14,,,0,60,,70839,14,,,0,19,,70840,14,,,0,20,,70841,14,,,0,58,,70842,14,,,0,19,,70843,14,,,0,22,,70844,14,,,0
2000001,'3_1',653,,70847,14,,,0,68,,70848,14,,,0,19,,70888,14,,,0,60,,70849,14,,,0,20,,70889,14,,,0,21,,70851,14,,,0,62,,70850,14,,,0,21,,70852,14,,,0,22,,70853,14,,,0,60,,70855,14,,,0,19,,70854,14,,,0,18,,70860,14,,,0,58,,70858,14,,,0,19,,70862,14,,,0,18,,70856,14,,,0,19,,70861,14,,,0,59,,70857,14,,,0,19,,70859,14,,,0,18,,70868,14,,,0,58,,70865,14,,,0,19,,70866,14,,,0,20,,70867,14,,,0,60,,70864,14,,,0,18,,70863,14,,,0,18,,70869,14,,,0,59,,70870,14,,,0,22,,70872,14,,,0,20,,70871,14,,,0,59,,70873,14,,,0,19,,70874,14,,,0,19,,70875,14,,,0,61,,70877,14,,,0,20,,70876,14,,,0,20,,70878,14,,,0,61,,70879,14,,,0,19,,70880,14,,,0,21,,70881,14,,,0,60,,70882,14,,,0,19,,70883,14,,,0,20,,70884,14,,,0,58,,70885,14,,,0,19,,70886,14,,,0,22,,70887,14,,,0
2000001,'3_3',653,,70890,14,,,0,68,,70891,14,,,0,19,,70931,14,,,0,60,,70892,14,,,0,20,,70932,14,,,0,21,,70894,14,,,0,62,,70893,14,,,0,21,,70895,14,,,0,22,,70896,14,,,0,60,,70898,14,,,0,19,,70897,14,,,0,18,,70903,14,,,0,58,,70901,14,,,0,19,,70905,14,,,0,18,,70899,14,,,0,19,,70904,14,,,0,59,,70900,14,,,0,19,,70902,14,,,0,18,,70911,14,,,0,58,,70908,14,,,0,19,,70909,14,,,0,20,,70910,14,,,0,60,,70907,14,,,0,18,,70906,14,,,0,18,,70912,14,,,0,59,,70913,14,,,0,22,,70915,14,,,0,20,,70914,14,,,0,59,,70916,14,,,0,19,,70917,14,,,0,19,,70918,14,,,0,61,,70920,14,,,0,20,,70919,14,,,0,20,,70921,14,,,0,61,,70922,14,,,0,19,,70923,14,,,0,21,,70924,14,,,0,60,,70925,14,,,0,19,,70926,14,,,0,20,,70927,14,,,0,58,,70928,14,,,0,19,,70929,14,,,0,22,,70930,14,,,0
2000001,'3_4',653,,70933,14,,,0,68,,70934,14,,,0,19,,70974,14,,,0,60,,70935,14,,,0,20,,70975,14,,,0,21,,70937,14,,,0,62,,70936,14,,,0,21,,70938,14,,,0,22,,70939,14,,,0,60,,70941,14,,,0,19,,70940,14,,,0,18,,70946,14,,,0,58,,70944,14,,,0,19,,70948,14,,,0,18,,70942,14,,,0,19,,70947,14,,,0,59,,70943,14,,,0,19,,70945,14,,,0,18,,70954,14,,,0,58,,70951,14,,,0,19,,70952,14,,,0,20,,70953,14,,,0,60,,70950,14,,,0,18,,70949,14,,,0,18,,70955,14,,,0,59,,70956,14,,,0,22,,70958,14,,,0,20,,70957,14,,,0,59,,70959,14,,,0,19,,70960,14,,,0,19,,70961,14,,,0,61,,70963,14,,,0,20,,70962,14,,,0,20,,70964,14,,,0,61,,70965,14,,,0,19,,70966,14,,,0,21,,70967,14,,,0,60,,70968,14,,,0,19,,70969,14,,,0,20,,70970,14,,,0,58,,70971,14,,,0,19,,70972,14,,,0,22,,70973,14,,,0
2000001,'3_5',653,,70976,14,,,0,68,,70977,14,,,0,19,,71017,14,,,0,60,,70978,14,,,0,20,,71018,14,,,0,21,,70980,14,,,0,62,,70979,14,,,0,21,,70981,14,,,0,22,,70982,14,,,0,60,,70984,14,,,0,19,,70983,14,,,0,18,,70989,14,,,0,58,,70987,14,,,0,19,,70991,14,,,0,18,,70985,14,,,0,19,,70990,14,,,0,59,,70986,14,,,0,19,,70988,14,,,0,18,,70997,14,,,0,58,,70994,14,,,0,19,,70995,14,,,0,20,,70996,14,,,0,60,,70993,14,,,0,18,,70992,14,,,0,18,,70998,14,,,0,59,,70999,14,,,0,22,,71001,14,,,0,20,,71000,14,,,0,59,,71002,14,,,0,19,,71003,14,,,0,19,,71004,14,,,0,61,,71006,14,,,0,20,,71005,14,,,0,20,,71007,14,,,0,61,,71008,14,,,0,19,,71009,14,,,0,21,,71010,14,,,0,60,,71011,14,,,0,19,,71012,14,,,0,20,,71013,14,,,0,58,,71014,14,,,0,19,,71015,14,,,0,22,,71016,14,,,0
2000001,'4_7',824,,71036,14,,,0,80,,71019,14,,,0,40,,71020,14,,,0,80,,71021,14,,,0,80,,71022,14,,,0,40,,71023,14,,,0,80,,71024,14,,,0,80,,71025,14,,,0,40,,71027,14,,,0,80,,71026,14,,,0,80,,71028,14,,,0,40,,71029,14,,,0,80,,71030,14,,,0,80,,71031,14,,,0,40,,71033,14,,,0,80,,71032,14,,,0,80,,71034,14,,,0,40,,71035,14,,,0
