600,'1_3',650,,48968,4,,,0,57,,48982,4,0,11 12,0,93,,48969,4,,,0,109,,48970,4,0,11 12,0,102,,48971,4,0,11 12,0,91,,48972,4,0,11 12,0,111,,48973,4,0,11 12,0,106,,48974,4,0,11 12,0,95,,48983,4,0,11 12,0,93,,48975,4,0,11 12,0,94,,48976,4,0,11 12,0,39,,48977,4,0,11 12,0,85,,48978,4,0,11 12,0,77,,48979,4,0,11 12,0,31,,48980,4,0,11 12,0,84,,48981,4,0,11 12,0
600,'2_6',739,,31710,4,0,11 12,0,93,,31712,4,0,11 12,0,90,,31713,4,0,11 12,0,86,,31714,4,0,11 12,0,50,,31715,4,0,11 12,0,91,,31716,4,0,11 12,0,89,,31717,4,0,11 12,0,90,,31718,4,0,11 12,0,87,,31719,4,0,11 12,0,98,,31720,4,0,11 12,0,89,,31721,4,0,11 12,0,50,,31722,4,0,11 12,0,90,,31723,4,0,11 12,0,96,,31724,4,0,11 12,0,83,,31711,4,0,11 12,0
600,'6_2',656,,44333,4,0,11 12,0,63,,44346,4,0,11 12,0,39,,44334,4,0,11 12,0,91,,44335,4,0,11 12,0,94,,44336,4,0,11 12,0,92,,44337,4,0,11 12,0,86,,44347,4,0,11 12,0,94,,44338,4,0,11 12,0,106,,44339,4,0,11 12,0,91,,44340,4,0,11 12,0,96,,44341,4,0,11 12,0,92,,44342,4,0,11 12,0,45,,44348,4,0,11 12,0,94,,44343,4,0,11 12,0,99,,44344,4,0,11 12,0,83,,44345,4,0,11 12,0
600,'6_3',656,,44349,4,0,11 12,0,63,,44362,4,0,11 12,0,39,,44350,4,0,11 12,0,91,,44351,4,0,11 12,0,94,,44352,4,0,11 12,0,92,,44353,4,0,11 12,0,86,,44363,4,0,11 12,0,94,,44354,4,0,11 12,0,106,,44355,4,0,11 12,0,91,,44356,4,0,11 12,0,96,,44357,4,0,11 12,0,92,,44358,4,0,11 12,0,45,,44364,4,0,11 12,0,94,,44359,4,0,11 12,0,99,,44360,4,0,11 12,0,83,,44361,4,0,11 12,0
600,'6_4',656,,44365,4,0,11 12,0,63,,44378,4,0,11 12,0,39,,44366,4,0,11 12,0,91,,44367,4,0,11 12,0,94,,44368,4,0,11 12,0,92,,44369,4,0,11 12,0,86,,44379,4,0,11 12,0,94,,44370,4,0,11 12,0,106,,44371,4,0,11 12,0,91,,44372,4,0,11 12,0,96,,44373,4,0,11 12,0,92,,44374,4,0,11 12,0,45,,44380,4,0,11 12,0,94,,44375,4,0,11 12,0,99,,44376,4,0,11 12,0,83,,44377,4,0,11 12,0
600,'7_1',650,,46997,4,,,0,57,,47011,4,0,11 12,0,93,,46998,4,,,0,109,,46999,4,0,11 12,0,102,,47000,4,0,11 12,0,91,,47001,4,0,11 12,0,111,,47002,4,0,11 12,0,106,,47003,4,0,11 12,0,95,,47012,4,0,11 12,0,93,,47004,4,0,11 12,0,94,,47005,4,0,11 12,0,39,,47006,4,0,11 12,0,85,,47007,4,0,11 12,0,77,,47008,4,0,11 12,0,31,,47009,4,0,11 12,0,84,,47010,4,0,11 12,0
600,'7_2',650,,48984,4,,,0,57,,48998,4,0,11 12,0,93,,48985,4,,,0,109,,48986,4,0,11 12,0,102,,48987,4,0,11 12,0,91,,48988,4,0,11 12,0,111,,48989,4,0,11 12,0,106,,48990,4,0,11 12,0,95,,48999,4,0,11 12,0,93,,48991,4,0,11 12,0,94,,48992,4,0,11 12,0,39,,48993,4,0,11 12,0,85,,48994,4,0,11 12,0,77,,48995,4,0,11 12,0,31,,48996,4,0,11 12,0,84,,48997,4,0,11 12,0
600,'7_4',650,,49000,4,,,0,57,,49014,4,0,11 12,0,93,,49001,4,,,0,109,,49002,4,0,11 12,0,102,,49003,4,0,11 12,0,91,,49004,4,0,11 12,0,111,,49005,4,0,11 12,0,106,,49006,4,0,11 12,0,95,,49015,4,0,11 12,0,93,,49007,4,0,11 12,0,94,,49008,4,0,11 12,0,39,,49009,4,0,11 12,0,85,,49010,4,0,11 12,0,77,,49011,4,0,11 12,0,31,,49012,4,0,11 12,0,84,,49013,4,0,11 12,0
2900600,'1_3',700,,51255,4,,,0,115,,51256,4,,,0
2900600,'7_1',700,,47836,4,,,0,115,,47837,4,,,0
2900600,'7_2',700,,51257,4,,,0,115,,51258,4,,,0
2900600,'7_4',700,,51259,4,,,0,115,,51260,4,,,0
