300,'2509-HIV-25j05H-d-Dimanche-00',929,,9141,,,0,100,,9142,,,0,100,,9143,,,0,100,,9144,,,0,100,,9145,,,0,100,,9146,,,0,100,,9147,,,0,100,,9148,,,0,100,,9149,,,0,100,,9150,,,0,100,,9151,,,0
300,'2509-HIV-25j26H-d-Dimanche-00',929,,9152,,,0,100,,9153,,,0,100,,9154,,,0,100,,9155,,,0,100,,9156,,,0,100,,9157,,,0,100,,9158,,,0,100,,9159,,,0,100,,9160,,,0,100,,9161,,,0,100,,9162,,,0
300,'2509-HIV-25k03H-s-Samedi-00',710,,9163,,,0,30,,9165,,,0,70,,9166,,,0,30,,9164,,,0,70,,9168,,,0,29,,9169,,,0,69,,9167,,,0,31,,9170,,,0,70,,9171,,,0,30,,9174,,,0,69,,9173,,,0,29,,9172,,,0,68,,9176,,,0,30,,9175,,,0,70,,9177,,,0,29,,9178,,,0,72,,9179,,,0,32,,9180,,,0,71,,9181,,,0,31,,9182,,,0,72,,9183,,,0,32,,9184,,,0,70,,9185,,,0,31,,9190,,,0,71,,9186,,,0,30,,9187,,,0,64,,9188,,,0,30,,9189,,,0
300,'2509-HIV-25l22Vlv-Semaine-00',715,,9191,,,0,25,,9192,,,0,70,,9193,,,0,23,,9196,,,0,25,,9195,,,0,69,,9194,,,0,32,,9198,,,0,72,,9201,,,0,71,,9203,,,0,32,,9199,,,0,72,,9204,,,0,32,,9197,,,0,73,,9200,,,0,33,,9202,,,0,72,,9205,,,0,32,,9206,,,0,72,,9207,,,0,34,,9209,,,0,69,,9208,,,0,28,,9211,,,0,68,,9213,,,0,27,,9215,,,0,68,,9212,,,0,30,,9218,,,0,72,,9217,,,0,30,,9214,,,0,73,,9216,,,0,30,,9210,,,0
300,'2509-HIV-26a05H-s-Samedi-00',710,,9219,,,0,30,,9221,,,0,70,,9222,,,0,30,,9220,,,0,70,,9224,,,0,29,,9225,,,0,69,,9223,,,0,31,,9226,,,0,70,,9227,,,0,30,,9230,,,0,69,,9229,,,0,29,,9228,,,0,68,,9232,,,0,30,,9231,,,0,70,,9233,,,0,29,,9234,,,0,72,,9235,,,0,32,,9236,,,0,71,,9237,,,0,31,,9238,,,0,72,,9239,,,0,32,,9240,,,0,70,,9241,,,0,31,,9246,,,0,71,,9242,,,0,30,,9243,,,0,64,,9244,,,0,30,,9245,,,0
300,'2509-HIV-26a05H-w-Mercredi-00',710,,9247,,,0,25,,9248,,,0,71,,9249,,,0,24,,9250,,,0,25,,9251,,,0,70,,9252,,,0,32,,9253,,,0,72,,9254,,,0,71,,9255,,,0,32,,9256,,,0,72,,9257,,,0,32,,9258,,,0,72,,9259,,,0,33,,9260,,,0,72,,9261,,,0,33,,9262,,,0,72,,9263,,,0,33,,9264,,,0,70,,9266,,,0,27,,9267,,,0,68,,9268,,,0,28,,9269,,,0,69,,9270,,,0,30,,9274,,,0,71,,9271,,,0,31,,9272,,,0,73,,9273,,,0,30,,9265,,,0
300,'2509-HIV-26a05Hlv-L-Ma-J-V-00',710,,9275,,,0,25,,9276,,,0,71,,9277,,,0,24,,9278,,,0,25,,9279,,,0,70,,9280,,,0,32,,9281,,,0,72,,9282,,,0,71,,9283,,,0,32,,9284,,,0,72,,9285,,,0,32,,9286,,,0,72,,9287,,,0,33,,9288,,,0,72,,9289,,,0,33,,9290,,,0,72,,9291,,,0,33,,9292,,,0,70,,9294,,,0,27,,9295,,,0,68,,9296,,,0,28,,9297,,,0,69,,9298,,,0,30,,9302,,,0,71,,9299,,,0,31,,9300,,,0,73,,9301,,,0,30,,9293,,,0
300,'2509-HIV-26b23Vlv-Semaine-00',715,,9303,,,0,25,,9304,,,0,70,,9305,,,0,23,,9308,,,0,25,,9307,,,0,69,,9306,,,0,32,,9310,,,0,72,,9313,,,0,71,,9315,,,0,32,,9311,,,0,72,,9316,,,0,32,,9309,,,0,73,,9312,,,0,33,,9314,,,0,72,,9317,,,0,32,,9318,,,0,72,,9319,,,0,34,,9321,,,0,69,,9320,,,0,28,,9323,,,0,68,,9325,,,0,27,,9327,,,0,68,,9324,,,0,30,,9330,,,0,72,,9329,,,0,30,,9326,,,0,73,,9328,,,0,30,,9322,,,0
300,'2509-HIV-26c02Vlv-Semaine-00',715,,9331,,,0,25,,9332,,,0,70,,9333,,,0,23,,9336,,,0,25,,9335,,,0,69,,9334,,,0,32,,9338,,,0,72,,9341,,,0,71,,9343,,,0,32,,9339,,,0,72,,9344,,,0,32,,9337,,,0,73,,9340,,,0,33,,9342,,,0,72,,9345,,,0,32,,9346,,,0,72,,9347,,,0,34,,9349,,,0,69,,9348,,,0,28,,9351,,,0,68,,9353,,,0,27,,9355,,,0,68,,9352,,,0,30,,9358,,,0,72,,9357,,,0,30,,9354,,,0,73,,9356,,,0,30,,9350,,,0
800,'2509-HIV-25l22Vlv-Semaine-00',706,,10613,,,0,33,,10614,,,0,67,,10615,,,0,31,,10616,,,0,80,,10617,,,0,110,,10618,,,0,117,,10619,,,0,111,,10620,,,0,150,,10621,,,0,112,,10623,,,0,110,,10622,,,0
800,'2509-HIV-26a05H-w-Mercredi-00',706,,10624,,,0,33,,10625,,,0,67,,10626,,,0,31,,10627,,,0,80,,10628,,,0,110,,10629,,,0,117,,10630,,,0,111,,10631,,,0,150,,10632,,,0,112,,10634,,,0,110,,10633,,,0
800,'2509-HIV-26a05Hlv-L-Ma-J-V-00',706,,10635,,,0,33,,10636,,,0,67,,10637,,,0,31,,10638,,,0,80,,10639,,,0,110,,10640,,,0,117,,10641,,,0,111,,10642,,,0,150,,10643,,,0,112,,10645,,,0,110,,10644,,,0
800,'2509-HIV-26b23Vlv-Semaine-00',706,,10646,,,0,33,,10647,,,0,67,,10648,,,0,31,,10649,,,0,80,,10650,,,0,110,,10651,,,0,117,,10652,,,0,111,,10653,,,0,150,,10654,,,0,112,,10656,,,0,110,,10655,,,0
800,'2509-HIV-26c02Vlv-Semaine-00',706,,10657,,,0,33,,10658,,,0,67,,10659,,,0,31,,10660,,,0,80,,10661,,,0,110,,10662,,,0,117,,10663,,,0,111,,10664,,,0,150,,10665,,,0,112,,10667,,,0,110,,10666,,,0
2200,'2509-HIV-26a05H-w-Mercredi-00',711,,11744,0,22 53 54,0,122,,11745,0,22 53 54,0,881,,11746,0,22 53 54,0
2200,'2509-HIV-26a05Hlv-L-Ma-J-V-00',711,,11749,0,22 53 54,0,122,,11750,0,22 53 54,0,881,,11751,0,22 53 54,0
2000000,'2509-HIV-25j05H-d-Dimanche-00',812,,13964,,,0,40,,13965,,,0,80,,13966,,,0,80,,13967,,,0,40,,13968,,,0,80,,13969,,,0,80,,13970,,,0,40,,13971,,,0,80,,13972,,,0,80,,13973,,,0,40,,13974,,,0,80,,13975,,,0,80,,13976,,,0,40,,13977,,,0,80,,13978,,,0,80,,13979,,,0,40,,13980,,,0,80,,13981,,,0
2000000,'2509-HIV-25j26H-d-Dimanche-00',812,,13982,,,0,40,,13983,,,0,80,,13984,,,0,80,,13985,,,0,40,,13986,,,0,80,,13987,,,0,80,,13988,,,0,40,,13989,,,0,80,,13990,,,0,80,,13991,,,0,40,,13992,,,0,80,,13993,,,0,80,,13994,,,0,40,,13995,,,0,80,,13996,,,0,80,,13997,,,0,40,,13998,,,0,80,,13999,,,0
2000000,'2509-HIV-25k03H-s-Samedi-00',636,,14000,,,0,80,,14001,,,0,39,,14002,,,0,68,,14003,,,0,21,,14004,,,0,60,,14005,,,0,17,,14006,,,0,18,,14007,,,0,19,,14008,,,0,60,,14009,,,0,19,,14010,,,0,19,,14011,,,0,59,,14012,,,0,20,,14013,,,0,19,,14014,,,0,59,,14015,,,0,18,,14016,,,0,19,,14017,,,0,59,,14018,,,0,19,,14019,,,0,18,,14020,,,0,59,,14021,,,0,20,,14022,,,0,20,,14023,,,0,59,,14024,,,0,19,,14025,,,0,20,,14026,,,0,60,,14027,,,0,20,,14028,,,0,20,,14029,,,0,59,,14030,,,0,20,,14031,,,0,20,,14032,,,0,60,,14033,,,0,19,,14034,,,0,20,,14035,,,0,65,,14036,,,0,25,,14037,,,0,25,,14038,,,0,65,,14039,,,0,25,,14040,,,0
2000000,'2509-HIV-25l22Vlv-Semaine-00',639,,14046,,,0,63,,14043,,,0,16,,14048,,,0,15,,14041,,,0,15,,14045,,,0,54,,14042,,,0,14,,14047,,,0,15,,14044,,,0,16,,14049,,,0,55,,14050,,,0,13,,14051,,,0,15,,14052,,,0,15,,14053,,,0,14,,14054,,,0,55,,14055,,,0,15,,14056,,,0,16,,14057,,,0,55,,14058,,,0,15,,14059,,,0,15,,14060,,,0,15,,14061,,,0,56,,14062,,,0,15,,14063,,,0,15,,14064,,,0,15,,14065,,,0,55,,14066,,,0,15,,14067,,,0,15,,14068,,,0,15,,14069,,,0,55,,14070,,,0,15,,14071,,,0,15,,14072,,,0,15,,14073,,,0,55,,14074,,,0,15,,14075,,,0,15,,14076,,,0,15,,14077,,,0,55,,14078,,,0,15,,14079,,,0,15,,14080,,,0,15,,14081,,,0,55,,14082,,,0,15,,14083,,,0,15,,14084,,,0,15,,14085,,,0,55,,14086,,,0,16,,14087,,,0,15,,14088,,,0,15,,14089,,,0,61,,14092,,,0,21,,14093,,,0,20,,14094,,,0,60,,14095,,,0,21,,14090,,,0,20,,14091,,,0
2000000,'2509-HIV-26a05H-s-Samedi-00',636,,14096,,,0,80,,14097,,,0,39,,14098,,,0,68,,14099,,,0,21,,14100,,,0,60,,14101,,,0,17,,14102,,,0,18,,14103,,,0,19,,14104,,,0,60,,14105,,,0,19,,14106,,,0,19,,14107,,,0,59,,14108,,,0,20,,14109,,,0,19,,14110,,,0,59,,14111,,,0,18,,14112,,,0,19,,14113,,,0,59,,14114,,,0,19,,14115,,,0,18,,14116,,,0,59,,14117,,,0,20,,14118,,,0,20,,14119,,,0,59,,14120,,,0,19,,14121,,,0,20,,14122,,,0,60,,14123,,,0,20,,14124,,,0,20,,14125,,,0,59,,14126,,,0,20,,14127,,,0,20,,14128,,,0,60,,14129,,,0,19,,14130,,,0,20,,14131,,,0,65,,14132,,,0,25,,14133,,,0,25,,14134,,,0,65,,14135,,,0,25,,14136,,,0
2000000,'2509-HIV-26a05H-w-Mercredi-00',638,,14173,,,0,21,,14155,,,0,56,,14183,,,0,14,,14139,,,0,13,,14166,,,0,16,,14148,,,0,56,,14175,,,0,15,,14158,,,0,16,,14186,,,0,57,,14140,,,0,16,,14171,,,0,15,,14149,,,0,16,,14176,,,0,55,,14156,,,0,16,,14184,,,0,16,,14141,,,0,16,,14172,,,0,55,,14150,,,0,15,,14177,,,0,17,,14157,,,0,14,,14187,,,0,53,,14142,,,0,18,,14165,,,0,17,,14151,,,0,15,,14174,,,0,55,,14159,,,0,15,,14185,,,0,15,,14144,,,0,15,,14167,,,0,55,,14154,,,0,15,,14179,,,0,15,,14160,,,0,14,,14188,,,0,55,,14145,,,0,15,,14168,,,0,15,,14153,,,0,15,,14178,,,0,54,,14161,,,0,16,,14137,,,0,12,,14189,,,0,18,,14143,,,0,54,,14170,,,0,18,,14152,,,0,15,,14180,,,0,15,,14163,,,0,56,,14138,,,0,15,,14190,,,0,16,,14146,,,0,56,,14169,,,0,14,,14181,,,0,19,,14162,,,0,22,,14191,,,0,61,,14147,,,0,19,,14182,,,0,21,,14164,,,0
2000000,'2509-HIV-26a05Hlv-L-Ma-J-V-00',638,,14230,,,0,21,,14212,,,0,56,,14240,,,0,14,,14196,,,0,13,,14223,,,0,16,,14205,,,0,56,,14232,,,0,15,,14215,,,0,16,,14243,,,0,57,,14197,,,0,16,,14228,,,0,15,,14206,,,0,16,,14233,,,0,55,,14213,,,0,16,,14241,,,0,16,,14198,,,0,16,,14229,,,0,55,,14207,,,0,15,,14234,,,0,17,,14214,,,0,14,,14244,,,0,53,,14199,,,0,18,,14222,,,0,17,,14208,,,0,15,,14231,,,0,55,,14216,,,0,15,,14242,,,0,15,,14201,,,0,15,,14224,,,0,55,,14211,,,0,15,,14236,,,0,15,,14217,,,0,14,,14245,,,0,55,,14202,,,0,15,,14225,,,0,15,,14210,,,0,15,,14235,,,0,54,,14218,,,0,16,,14194,,,0,12,,14246,,,0,18,,14200,,,0,54,,14227,,,0,18,,14209,,,0,15,,14237,,,0,15,,14220,,,0,56,,14195,,,0,15,,14247,,,0,16,,14203,,,0,56,,14226,,,0,14,,14238,,,0,19,,14219,,,0,22,,14248,,,0,61,,14204,,,0,19,,14239,,,0,21,,14221,,,0
2000000,'2509-HIV-26b23Vlv-Semaine-00',639,,14257,,,0,63,,14254,,,0,16,,14259,,,0,15,,14252,,,0,15,,14256,,,0,54,,14253,,,0,14,,14258,,,0,15,,14255,,,0,16,,14260,,,0,55,,14261,,,0,13,,14262,,,0,15,,14263,,,0,15,,14264,,,0,14,,14265,,,0,55,,14266,,,0,15,,14267,,,0,16,,14268,,,0,55,,14269,,,0,15,,14270,,,0,15,,14271,,,0,15,,14272,,,0,56,,14273,,,0,15,,14274,,,0,15,,14275,,,0,15,,14276,,,0,55,,14277,,,0,15,,14278,,,0,15,,14279,,,0,15,,14280,,,0,55,,14281,,,0,15,,14282,,,0,15,,14283,,,0,15,,14284,,,0,55,,14285,,,0,15,,14286,,,0,15,,14287,,,0,15,,14288,,,0,55,,14289,,,0,15,,14290,,,0,15,,14291,,,0,15,,14292,,,0,55,,14293,,,0,15,,14294,,,0,15,,14295,,,0,15,,14296,,,0,55,,14297,,,0,16,,14298,,,0,15,,14299,,,0,15,,14300,,,0,61,,14303,,,0,21,,14304,,,0,20,,14305,,,0,60,,14306,,,0,21,,14301,,,0,20,,14302,,,0
2000000,'2509-HIV-26c02Vlv-Semaine-00',639,,14312,,,0,63,,14309,,,0,16,,14314,,,0,15,,14307,,,0,15,,14311,,,0,54,,14308,,,0,14,,14313,,,0,15,,14310,,,0,16,,14315,,,0,55,,14316,,,0,13,,14317,,,0,15,,14318,,,0,15,,14319,,,0,14,,14320,,,0,55,,14321,,,0,15,,14322,,,0,16,,14323,,,0,55,,14324,,,0,15,,14325,,,0,15,,14326,,,0,15,,14327,,,0,56,,14328,,,0,15,,14329,,,0,15,,14330,,,0,15,,14331,,,0,55,,14332,,,0,15,,14333,,,0,15,,14334,,,0,15,,14335,,,0,55,,14336,,,0,15,,14337,,,0,15,,14338,,,0,15,,14339,,,0,55,,14340,,,0,15,,14341,,,0,15,,14342,,,0,15,,14343,,,0,55,,14344,,,0,15,,14345,,,0,15,,14346,,,0,15,,14347,,,0,55,,14348,,,0,15,,14349,,,0,15,,14350,,,0,15,,14351,,,0,55,,14352,,,0,16,,14353,,,0,15,,14354,,,0,15,,14355,,,0,61,,14358,,,0,21,,14359,,,0,20,,14360,,,0,60,,14361,,,0,21,,14356,,,0,20,,14357,,,0
