1000,'S2-0_6',555,,57134,3,,,0,103,,57135,3,,,0,94,,57136,3,,,0,100,,57144,3,,,0,83,,57147,4,,,0,117,,57137,3,,,0,148,,57148,4,,,0,57,,57138,3,,,0,95,,57149,4,,,0,96,,57145,3,,,0,98,,57139,3,,,0,73,,57140,4,,,0,116,,57142,3,,,0,92,,57146,3,,,0,103,,57143,4,,,0,102,,57141,3,,,0
1000,'S2-1_7',1045,,57150,4,,,0,360,,57151,4,,,0,410,,57152,4,,,0,307,,57153,3,,,0
1000,'S2-2_1',612,,57154,3,,,0,97,,57155,3,,,0,120,,57156,3,0,18 30,0,88,,57157,4,,,0,102,,57162,3,0,18 30,0,97,,57158,4,0,18 30,0,112,,57163,3,0,18 30,0,105,,57164,3,0,18 30,0,103,,57159,4,,,0,93,,57165,3,,,0,115,,57160,4,,,0,106,,57166,3,,,0,160,,57161,4,0,18 30,0
1000,'S2-2_2',612,,57167,3,,,0,97,,57168,3,,,0,120,,57169,3,0,18 30,0,88,,57170,4,,,0,102,,57175,3,0,18 30,0,97,,57171,4,0,18 30,0,112,,57176,3,0,18 30,0,105,,57177,3,0,18 30,0,103,,57172,4,,,0,93,,57178,3,,,0,115,,57173,4,,,0,106,,57179,3,,,0,160,,57174,4,0,18 30,0
1000,'S2-2_3',612,,57180,3,,,0,97,,57181,3,,,0,120,,57182,3,0,18 30,0,88,,57183,4,,,0,102,,57188,3,0,18 30,0,97,,57184,4,0,18 30,0,112,,57189,3,0,18 30,0,105,,57190,3,0,18 30,0,103,,57185,4,,,0,93,,57191,3,,,0,115,,57186,4,,,0,106,,57192,3,,,0,160,,57187,4,0,18 30,0
1000,'S2-2_4',612,,57193,3,,,0,97,,57194,3,,,0,120,,57195,3,0,18 30,0,88,,57196,4,,,0,102,,57201,3,0,18 30,0,97,,57197,4,0,18 30,0,112,,57202,3,0,18 30,0,105,,57203,3,0,18 30,0,103,,57198,4,,,0,93,,57204,3,,,0,115,,57199,4,,,0,106,,57205,3,,,0,160,,57200,4,0,18 30,0
1000,'S2-2_5',612,,57206,3,,,0,97,,57207,3,,,0,120,,57208,3,0,18 30,0,88,,57209,4,,,0,102,,57214,3,0,18 30,0,97,,57210,4,0,18 30,0,112,,57215,3,0,18 30,0,105,,57216,3,0,18 30,0,103,,57211,4,,,0,93,,57217,3,,,0,115,,57212,4,,,0,106,,57218,3,,,0,160,,57213,4,0,18 30,0
1000,'S2-3_1',612,,57219,3,,,0,97,,57220,3,,,0,120,,57221,3,0,18 30,0,88,,57222,4,,,0,102,,57227,3,0,18 30,0,97,,57223,4,0,18 30,0,112,,57228,3,0,18 30,0,105,,57229,3,0,18 30,0,103,,57224,4,,,0,93,,57230,3,,,0,115,,57225,4,,,0,106,,57231,3,,,0,160,,57226,4,0,18 30,0
1000,'S2-3_3',612,,57232,3,,,0,97,,57233,3,,,0,120,,57234,3,0,18 30,0,88,,57235,4,,,0,102,,57240,3,0,18 30,0,97,,57236,4,0,18 30,0,112,,57241,3,0,18 30,0,105,,57242,3,0,18 30,0,103,,57237,4,,,0,93,,57243,3,,,0,115,,57238,4,,,0,106,,57244,3,,,0,160,,57239,4,0,18 30,0
1000,'S2-3_4',612,,57245,3,,,0,97,,57246,3,,,0,120,,57247,3,0,18 30,0,88,,57248,4,,,0,102,,57253,3,0,18 30,0,97,,57249,4,0,18 30,0,112,,57254,3,0,18 30,0,105,,57255,3,0,18 30,0,103,,57250,4,,,0,93,,57256,3,,,0,115,,57251,4,,,0,106,,57257,3,,,0,160,,57252,4,0,18 30,0
1000,'S2-4_7',612,,57258,3,,,0,97,,57259,3,,,0,120,,57260,3,0,18 30,0,88,,57261,4,,,0,102,,57266,3,0,18 30,0,97,,57262,4,0,18 30,0,112,,57267,3,0,18 30,0,105,,57268,3,0,18 30,0,103,,57263,4,,,0,93,,57269,3,,,0,115,,57264,4,,,0,106,,57270,3,,,0,160,,57265,4,0,18 30,0
2901000,'S2-0_6',752,,60992,3,,,0,100,,60994,3,,,0,200,,60993,3,,,0,175,,60999,3,,,0,30,,60996,3,,,0,95,,60995,3,,,0,96,,60997,3,,,0,98,,60998,3,,,0,157,,61001,3,,,0,99,,61000,3,,,0
2901000,'S2-2_1',833,,61002,3,,,0,298,,61003,3,,,0,208,,61004,3,,,0,94,,61005,3,,,0,192,,61006,3,,,0,199,,61007,3,,,0,183,,61008,3,,,0
2901000,'S2-2_2',833,,61009,3,,,0,298,,61010,3,,,0,208,,61011,3,,,0,94,,61012,3,,,0,192,,61013,3,,,0,199,,61014,3,,,0,183,,61015,3,,,0
2901000,'S2-2_3',833,,61016,3,,,0,298,,61017,3,,,0,208,,61018,3,,,0,94,,61019,3,,,0,192,,61020,3,,,0,199,,61021,3,,,0,183,,61022,3,,,0
2901000,'S2-2_4',833,,61023,3,,,0,298,,61024,3,,,0,208,,61025,3,,,0,94,,61026,3,,,0,192,,61027,3,,,0,199,,61028,3,,,0,183,,61029,3,,,0
2901000,'S2-2_5',833,,61030,3,,,0,298,,61031,3,,,0,208,,61032,3,,,0,94,,61033,3,,,0,192,,61034,3,,,0,199,,61035,3,,,0,183,,61036,3,,,0
2901000,'S2-3_1',833,,61037,3,,,0,298,,61038,3,,,0,208,,61039,3,,,0,94,,61040,3,,,0,192,,61041,3,,,0,199,,61042,3,,,0,183,,61043,3,,,0
2901000,'S2-3_3',833,,61044,3,,,0,298,,61045,3,,,0,208,,61046,3,,,0,94,,61047,3,,,0,192,,61048,3,,,0,199,,61049,3,,,0,183,,61050,3,,,0
2901000,'S2-3_4',833,,61051,3,,,0,298,,61052,3,,,0,208,,61053,3,,,0,94,,61054,3,,,0,192,,61055,3,,,0,199,,61056,3,,,0,183,,61057,3,,,0
2901000,'S2-4_7',833,,61058,3,,,0,298,,61059,3,,,0,208,,61060,3,,,0,94,,61061,3,,,0,192,,61062,3,,,0,199,,61063,3,,,0,183,,61064,3,,,0
