900600,'2_6',845,,33943,18,,,0,170,,33945,18,,,0,125,,33946,18,,,0,175,,33947,18,,,0,120,,33948,18,,,0,175,,33949,18,,,0,130,,33950,18,,,0,170,,33944,18,,,0
900600,'5_1',845,,37847,18,,,0,170,,37849,18,,,0,125,,37850,18,,,0,175,,37851,18,,,0,120,,37852,18,,,0,175,,37853,18,,,0,130,,37854,18,,,0,170,,37848,18,,,0
900600,'5_2',845,,40970,18,,,0,170,,40972,18,,,0,125,,40973,18,,,0,175,,40974,18,,,0,120,,40975,18,,,0,175,,40976,18,,,0,130,,40977,18,,,0,170,,40971,18,,,0
900600,'5_3',845,,40978,18,,,0,170,,40980,18,,,0,125,,40981,18,,,0,175,,40982,18,,,0,120,,40983,18,,,0,175,,40984,18,,,0,130,,40985,18,,,0,170,,40979,18,,,0
900600,'5_4',845,,40986,18,,,0,170,,40988,18,,,0,125,,40989,18,,,0,175,,40990,18,,,0,120,,40991,18,,,0,175,,40992,18,,,0,130,,40993,18,,,0,170,,40987,18,,,0
900600,'5_5',845,,40994,18,,,0,170,,40996,18,,,0,125,,40997,18,,,0,175,,40998,18,,,0,120,,40999,18,,,0,175,,41000,18,,,0,130,,41001,18,,,0,170,,40995,18,,,0
900600,'6_1',845,,41002,18,,,0,170,,41004,18,,,0,125,,41005,18,,,0,175,,41006,18,,,0,120,,41007,18,,,0,175,,41008,18,,,0,130,,41009,18,,,0,170,,41003,18,,,0
900600,'6_2',845,,45092,18,,,0,170,,45094,18,,,0,125,,45095,18,,,0,175,,45096,18,,,0,120,,45097,18,,,0,175,,45098,18,,,0,130,,45099,18,,,0,170,,45093,18,,,0
900600,'6_3',845,,45100,18,,,0,170,,45102,18,,,0,125,,45103,18,,,0,175,,45104,18,,,0,120,,45105,18,,,0,175,,45106,18,,,0,130,,45107,18,,,0,170,,45101,18,,,0
900600,'6_4',845,,45108,18,,,0,170,,45110,18,,,0,125,,45111,18,,,0,175,,45112,18,,,0,120,,45113,18,,,0,175,,45114,18,,,0,130,,45115,18,,,0,170,,45109,18,,,0
