400,'2_6',710,,31221,9,0,40,0,103,,31222,9,0,40,0,35,,31215,21,0,40,0,66,,31223,9,0,40,0,31,,31224,9,0,40,0,71,,31225,9,0,40,0,30,,31216,21,0,40,0,71,,31226,9,0,40,0,29,,31228,9,0,40,0,71,,31227,9,0,40,0,29,,31217,21,0,40,0,70,,31229,9,0,40,0,31,,31230,9,0,40,0,69,,31231,9,0,40,0,31,,31218,21,0,40,0,72,,31232,9,0,40,0,30,,31233,9,0,40,0,69,,31234,9,0,40,0,32,,31219,21,0,40,0,75,,31235,9,0,40,0,31,,31236,9,0,40,0,72,,31237,9,0,40,0,30,,31220,21,0,40,0,71,,31238,9,0,40,0
400,'3_7',911,,31239,9,0,40,0,100,,31240,9,0,40,0,100,,31241,9,0,40,0,100,,31242,9,0,40,0,100,,31243,9,0,40,0,100,,31244,9,0,40,0,100,,31245,9,0,40,0,100,,31246,9,0,40,0,100,,31247,9,0,40,0,100,,31248,9,0,40,0
400,'5_1',709,,37535,9,0,40,0,14,,37541,9,0,40,0,16,,37515,9,0,40,0,15,,37516,9,0,40,0,53,,37536,9,0,40,0,17,,37517,9,0,40,0,16,,37518,9,0,40,0,76,,37519,9,0,40,0,32,,37520,21,0,40,0,71,,37521,9,0,40,0,30,,37522,9,0,40,0,75,,37523,9,0,40,0,35,,37524,9,0,40,0,65,,37539,9,0,40,0,25,,37537,21,0,40,0,70,,37525,9,0,40,0,30,,37526,9,0,40,0,65,,37529,21,0,40,0,34,,37527,9,0,40,0,70,,37530,21,0,40,0,36,,37528,9,0,40,0,69,,37542,9,0,40,0,30,,37538,21,0,40,0,70,,37531,9,0,40,0,35,,37532,21,0,40,0,65,,37540,9,,,0,31,,37533,9,0,40,0,70,,37534,21,0,40,0
400,'5_2',709,,39327,9,0,40,0,14,,39333,9,0,40,0,16,,39307,9,0,40,0,15,,39308,9,0,40,0,53,,39328,9,0,40,0,17,,39309,9,0,40,0,16,,39310,9,0,40,0,76,,39311,9,0,40,0,32,,39312,21,0,40,0,71,,39313,9,0,40,0,30,,39314,9,0,40,0,75,,39315,9,0,40,0,35,,39316,9,0,40,0,65,,39331,9,0,40,0,25,,39329,21,0,40,0,70,,39317,9,0,40,0,30,,39318,9,0,40,0,65,,39321,21,0,40,0,34,,39319,9,0,40,0,70,,39322,21,0,40,0,36,,39320,9,0,40,0,69,,39334,9,0,40,0,30,,39330,21,0,40,0,70,,39323,9,0,40,0,35,,39324,21,0,40,0,65,,39332,9,,,0,31,,39325,9,0,40,0,70,,39326,21,0,40,0
400,'5_3',709,,39355,9,0,40,0,14,,39361,9,0,40,0,16,,39335,9,0,40,0,15,,39336,9,0,40,0,53,,39356,9,0,40,0,17,,39337,9,0,40,0,16,,39338,9,0,40,0,76,,39339,9,0,40,0,32,,39340,21,0,40,0,71,,39341,9,0,40,0,30,,39342,9,0,40,0,75,,39343,9,0,40,0,35,,39344,9,0,40,0,65,,39359,9,0,40,0,25,,39357,21,0,40,0,70,,39345,9,0,40,0,30,,39346,9,0,40,0,65,,39349,21,0,40,0,34,,39347,9,0,40,0,70,,39350,21,0,40,0,36,,39348,9,0,40,0,69,,39362,9,0,40,0,30,,39358,21,0,40,0,70,,39351,9,0,40,0,35,,39352,21,0,40,0,65,,39360,9,,,0,31,,39353,9,0,40,0,70,,39354,21,0,40,0
400,'5_4',709,,39383,9,0,40,0,14,,39389,9,0,40,0,16,,39363,9,0,40,0,15,,39364,9,0,40,0,53,,39384,9,0,40,0,17,,39365,9,0,40,0,16,,39366,9,0,40,0,76,,39367,9,0,40,0,32,,39368,21,0,40,0,71,,39369,9,0,40,0,30,,39370,9,0,40,0,75,,39371,9,0,40,0,35,,39372,9,0,40,0,65,,39387,9,0,40,0,25,,39385,21,0,40,0,70,,39373,9,0,40,0,30,,39374,9,0,40,0,65,,39377,21,0,40,0,34,,39375,9,0,40,0,70,,39378,21,0,40,0,36,,39376,9,0,40,0,69,,39390,9,0,40,0,30,,39386,21,0,40,0,70,,39379,9,0,40,0,35,,39380,21,0,40,0,65,,39388,9,,,0,31,,39381,9,0,40,0,70,,39382,21,0,40,0
400,'5_5',709,,39411,9,0,40,0,14,,39417,9,0,40,0,16,,39391,9,0,40,0,15,,39392,9,0,40,0,53,,39412,9,0,40,0,17,,39393,9,0,40,0,16,,39394,9,0,40,0,76,,39395,9,0,40,0,32,,39396,21,0,40,0,71,,39397,9,0,40,0,30,,39398,9,0,40,0,75,,39399,9,0,40,0,35,,39400,9,0,40,0,65,,39415,9,0,40,0,25,,39413,21,0,40,0,70,,39401,9,0,40,0,30,,39402,9,0,40,0,65,,39405,21,0,40,0,34,,39403,9,0,40,0,70,,39406,21,0,40,0,36,,39404,9,0,40,0,69,,39418,9,0,40,0,30,,39414,21,0,40,0,70,,39407,9,0,40,0,35,,39408,21,0,40,0,65,,39416,9,,,0,31,,39409,9,0,40,0,70,,39410,21,0,40,0
400,'6_1',709,,39439,9,0,40,0,14,,39445,9,0,40,0,16,,39419,9,0,40,0,15,,39420,9,0,40,0,53,,39440,9,0,40,0,17,,39421,9,0,40,0,16,,39422,9,0,40,0,76,,39423,9,0,40,0,32,,39424,21,0,40,0,71,,39425,9,0,40,0,30,,39426,9,0,40,0,75,,39427,9,0,40,0,35,,39428,9,0,40,0,65,,39443,9,0,40,0,25,,39441,21,0,40,0,70,,39429,9,0,40,0,30,,39430,9,0,40,0,65,,39433,21,0,40,0,34,,39431,9,0,40,0,70,,39434,21,0,40,0,36,,39432,9,0,40,0,69,,39446,9,0,40,0,30,,39442,21,0,40,0,70,,39435,9,0,40,0,35,,39436,21,0,40,0,65,,39444,9,,,0,31,,39437,9,0,40,0,70,,39438,21,0,40,0
400,'6_2',709,,44110,9,0,40,0,14,,44116,9,0,40,0,16,,44090,9,0,40,0,15,,44091,9,0,40,0,53,,44111,9,0,40,0,17,,44092,9,0,40,0,16,,44093,9,0,40,0,76,,44094,9,0,40,0,32,,44095,21,0,40,0,71,,44096,9,0,40,0,30,,44097,9,0,40,0,75,,44098,9,0,40,0,35,,44099,9,0,40,0,65,,44114,9,0,40,0,25,,44112,21,0,40,0,70,,44100,9,0,40,0,30,,44101,9,0,40,0,65,,44104,21,0,40,0,34,,44102,9,0,40,0,70,,44105,21,0,40,0,36,,44103,9,0,40,0,69,,44117,9,0,40,0,30,,44113,21,0,40,0,70,,44106,9,0,40,0,35,,44107,21,0,40,0,65,,44115,9,,,0,31,,44108,9,0,40,0,70,,44109,21,0,40,0
400,'6_3',709,,44138,9,0,40,0,14,,44144,9,0,40,0,16,,44118,9,0,40,0,15,,44119,9,0,40,0,53,,44139,9,0,40,0,17,,44120,9,0,40,0,16,,44121,9,0,40,0,76,,44122,9,0,40,0,32,,44123,21,0,40,0,71,,44124,9,0,40,0,30,,44125,9,0,40,0,75,,44126,9,0,40,0,35,,44127,9,0,40,0,65,,44142,9,0,40,0,25,,44140,21,0,40,0,70,,44128,9,0,40,0,30,,44129,9,0,40,0,65,,44132,21,0,40,0,34,,44130,9,0,40,0,70,,44133,21,0,40,0,36,,44131,9,0,40,0,69,,44145,9,0,40,0,30,,44141,21,0,40,0,70,,44134,9,0,40,0,35,,44135,21,0,40,0,65,,44143,9,,,0,31,,44136,9,0,40,0,70,,44137,21,0,40,0
400,'6_4',709,,44166,9,0,40,0,14,,44172,9,0,40,0,16,,44146,9,0,40,0,15,,44147,9,0,40,0,53,,44167,9,0,40,0,17,,44148,9,0,40,0,16,,44149,9,0,40,0,76,,44150,9,0,40,0,32,,44151,21,0,40,0,71,,44152,9,0,40,0,30,,44153,9,0,40,0,75,,44154,9,0,40,0,35,,44155,9,0,40,0,65,,44170,9,0,40,0,25,,44168,21,0,40,0,70,,44156,9,0,40,0,30,,44157,9,0,40,0,65,,44160,21,0,40,0,34,,44158,9,0,40,0,70,,44161,21,0,40,0,36,,44159,9,0,40,0,69,,44173,9,0,40,0,30,,44169,21,0,40,0,70,,44162,9,0,40,0,35,,44163,21,0,40,0,65,,44171,9,,,0,31,,44164,9,0,40,0,70,,44165,21,0,40,0
