900601,'2_6',811,,33991,22,,,0,130,,33992,22,,,0,170,,33993,22,,,0,135,,33994,22,,,0,160,,33995,22,,,0,135,,33996,22,,,0,165,,33997,22,,,0,130,,33998,22,,,0
900601,'5_1',811,,37855,22,,,0,130,,37856,22,,,0,170,,37857,22,,,0,135,,37858,22,,,0,160,,37859,22,,,0,135,,37860,22,,,0,165,,37861,22,,,0,130,,37862,22,,,0
900601,'5_2',811,,41010,22,,,0,130,,41011,22,,,0,170,,41012,22,,,0,135,,41013,22,,,0,160,,41014,22,,,0,135,,41015,22,,,0,165,,41016,22,,,0,130,,41017,22,,,0
900601,'5_3',811,,41018,22,,,0,130,,41019,22,,,0,170,,41020,22,,,0,135,,41021,22,,,0,160,,41022,22,,,0,135,,41023,22,,,0,165,,41024,22,,,0,130,,41025,22,,,0
900601,'5_4',811,,41026,22,,,0,130,,41027,22,,,0,170,,41028,22,,,0,135,,41029,22,,,0,160,,41030,22,,,0,135,,41031,22,,,0,165,,41032,22,,,0,130,,41033,22,,,0
900601,'5_5',811,,41034,22,,,0,130,,41035,22,,,0,170,,41036,22,,,0,135,,41037,22,,,0,160,,41038,22,,,0,135,,41039,22,,,0,165,,41040,22,,,0,130,,41041,22,,,0
900601,'6_1',811,,41042,22,,,0,130,,41043,22,,,0,170,,41044,22,,,0,135,,41045,22,,,0,160,,41046,22,,,0,135,,41047,22,,,0,165,,41048,22,,,0,130,,41049,22,,,0
900601,'6_2',811,,45116,22,,,0,130,,45117,22,,,0,170,,45118,22,,,0,135,,45119,22,,,0,160,,45120,22,,,0,135,,45121,22,,,0,165,,45122,22,,,0,130,,45123,22,,,0
900601,'6_3',811,,45124,22,,,0,130,,45125,22,,,0,170,,45126,22,,,0,135,,45127,22,,,0,160,,45128,22,,,0,135,,45129,22,,,0,165,,45130,22,,,0,130,,45131,22,,,0
900601,'6_4',811,,45132,22,,,0,130,,45133,22,,,0,170,,45134,22,,,0,135,,45135,22,,,0,160,,45136,22,,,0,135,,45137,22,,,0,165,,45138,22,,,0,130,,45139,22,,,0
