3000000,'1_3',700,,51336,30,4,,0,20,,51335,30,4,,0,27,,51295,30,4,,0,60,,51296,30,4,,0,17,,51297,30,4,,0,21,,51298,30,4,,0,59,,51299,30,4,,0,23,,51300,30,4,,0,19,,51301,30,4,,0,60,,51302,30,4,,0,21,,51303,30,4,,0,17,,51304,30,4,,0,61,,51305,30,4,,0,20,,51306,30,4,,0,20,,51307,30,4,,0,62,,51308,30,4,,0,21,,51309,30,4,,0,19,,51310,30,4,,0,60,,51311,30,4,,0,19,,51312,30,4,,0,21,,51313,30,4,,0,59,,51314,30,4,,0,19,,51315,30,4,,0,21,,51316,30,4,,0,60,,51317,30,4,,0,22,,51318,30,4,,0,19,,51319,30,4,,0,59,,51320,30,4,,0,22,,51321,30,4,,0,16,,51322,30,4,,0,60,,51323,30,4,,0,26,,51324,30,4,,0,18,,51325,30,4,,0,59,,51326,30,4,,0,18,,51327,30,4,,0,17,,51328,30,4,,0,59,,51329,30,4,,0,20,,51330,30,4,,0,19,,51331,30,4,,0,69,,51332,30,4,,0,32,,51333,30,4,,0,72,,51334,30,4,,0
3000000,'2_6',703,,36384,30,4,,0,44,,36385,30,4,,0,82,,36386,30,4,,0,29,,36387,30,4,,0,60,,36388,30,4,,0,20,,36389,30,4,,0,21,,36390,30,4,,0,60,,36391,30,4,,0,20,,36392,30,4,,0,20,,36393,30,4,,0,61,,36394,30,4,,0,19,,36395,30,4,,0,20,,36396,30,4,,0,62,,36397,30,4,,0,19,,36398,30,4,,0,19,,36399,30,4,,0,59,,36400,30,4,,0,20,,36401,30,4,,0,21,,36402,30,4,,0,59,,36403,30,4,,0,21,,36404,30,4,,0,20,,36405,30,4,,0,61,,36406,30,4,,0,20,,36407,30,4,,0,60,,36408,30,4,,0,20,,36409,30,4,,0,20,,36410,30,4,,0,61,,36411,30,4,,0,20,,36412,30,4,,0,20,,36413,30,4,,0,60,,36414,30,4,,0,20,,36415,30,4,,0,19,,36416,30,4,,0,18,,36417,30,4,,0,59,,36418,30,4,,0,30,,36419,30,4,,0,69,,36420,30,4,,0,29,,36421,30,4,,0,69,,36422,30,4,,0
3000000,'3_7',825,,36423,30,4,,0,130,,36424,30,4,,0,170,,36425,30,4,,0,130,,36426,30,4,,0,170,,36427,30,4,,0,130,,36428,30,4,,0,170,,36429,30,4,,0,129,,36430,30,4,,0,170,,36431,30,4,,0
3000000,'4_7',825,,47850,30,4,,0,130,,47851,30,4,,0,170,,47858,30,4,,0,130,,47857,30,4,,0,170,,47856,30,4,,0,130,,47854,30,4,,0,170,,47855,30,4,,0,129,,47853,30,4,,0,170,,47852,30,4,,0
3000000,'7_1',700,,47906,30,4,,0,20,,47905,30,4,,0,27,,47865,30,4,,0,60,,47866,30,4,,0,17,,47867,30,4,,0,21,,47868,30,4,,0,59,,47869,30,4,,0,23,,47870,30,4,,0,19,,47871,30,4,,0,60,,47872,30,4,,0,21,,47873,30,4,,0,17,,47874,30,4,,0,61,,47875,30,4,,0,20,,47876,30,4,,0,20,,47877,30,4,,0,62,,47878,30,4,,0,21,,47879,30,4,,0,19,,47880,30,4,,0,60,,47881,30,4,,0,19,,47882,30,4,,0,21,,47883,30,4,,0,59,,47884,30,4,,0,19,,47885,30,4,,0,21,,47886,30,4,,0,60,,47887,30,4,,0,22,,47888,30,4,,0,19,,47889,30,4,,0,59,,47890,30,4,,0,22,,47891,30,4,,0,16,,47892,30,4,,0,60,,47893,30,4,,0,26,,47894,30,4,,0,18,,47895,30,4,,0,59,,47896,30,4,,0,18,,47897,30,4,,0,17,,47898,30,4,,0,59,,47899,30,4,,0,20,,47900,30,4,,0,19,,47901,30,4,,0,69,,47902,30,4,,0,32,,47903,30,4,,0,72,,47904,30,4,,0
3000000,'7_2',700,,51382,30,4,,0,20,,51381,30,4,,0,27,,51341,30,4,,0,60,,51342,30,4,,0,17,,51343,30,4,,0,21,,51344,30,4,,0,59,,51345,30,4,,0,23,,51346,30,4,,0,19,,51347,30,4,,0,60,,51348,30,4,,0,21,,51349,30,4,,0,17,,51350,30,4,,0,61,,51351,30,4,,0,20,,51352,30,4,,0,20,,51353,30,4,,0,62,,51354,30,4,,0,21,,51355,30,4,,0,19,,51356,30,4,,0,60,,51357,30,4,,0,19,,51358,30,4,,0,21,,51359,30,4,,0,59,,51360,30,4,,0,19,,51361,30,4,,0,21,,51362,30,4,,0,60,,51363,30,4,,0,22,,51364,30,4,,0,19,,51365,30,4,,0,59,,51366,30,4,,0,22,,51367,30,4,,0,16,,51368,30,4,,0,60,,51369,30,4,,0,26,,51370,30,4,,0,18,,51371,30,4,,0,59,,51372,30,4,,0,18,,51373,30,4,,0,17,,51374,30,4,,0,59,,51375,30,4,,0,20,,51376,30,4,,0,19,,51377,30,4,,0,69,,51378,30,4,,0,32,,51379,30,4,,0,72,,51380,30,4,,0
3000000,'7_4',700,,51428,30,4,,0,20,,51427,30,4,,0,27,,51387,30,4,,0,60,,51388,30,4,,0,17,,51389,30,4,,0,21,,51390,30,4,,0,59,,51391,30,4,,0,23,,51392,30,4,,0,19,,51393,30,4,,0,60,,51394,30,4,,0,21,,51395,30,4,,0,17,,51396,30,4,,0,61,,51397,30,4,,0,20,,51398,30,4,,0,20,,51399,30,4,,0,62,,51400,30,4,,0,21,,51401,30,4,,0,19,,51402,30,4,,0,60,,51403,30,4,,0,19,,51404,30,4,,0,21,,51405,30,4,,0,59,,51406,30,4,,0,19,,51407,30,4,,0,21,,51408,30,4,,0,60,,51409,30,4,,0,22,,51410,30,4,,0,19,,51411,30,4,,0,59,,51412,30,4,,0,22,,51413,30,4,,0,16,,51414,30,4,,0,60,,51415,30,4,,0,26,,51416,30,4,,0,18,,51417,30,4,,0,59,,51418,30,4,,0,18,,51419,30,4,,0,17,,51420,30,4,,0,59,,51421,30,4,,0,20,,51422,30,4,,0,19,,51423,30,4,,0,69,,51424,30,4,,0,32,,51425,30,4,,0,72,,51426,30,4,,0
3000000,'8_7',825,,52029,30,4,,0,130,,52030,30,4,,0,170,,52037,30,4,,0,130,,52036,30,4,,0,170,,52035,30,4,,0,130,,52033,30,4,,0,170,,52034,30,4,,0,129,,52032,30,4,,0,170,,52031,30,4,,0
3000000,'9_7',825,,52255,30,4,,0,130,,52256,30,4,,0,170,,52257,30,4,,0,130,,52258,30,4,,0,170,,52259,30,4,,0,130,,52260,30,4,,0,170,,52261,30,4,,0,129,,52262,30,4,,0,170,,52263,30,4,,0
3000001,'1_3',637,,51474,1,,,0,18,,51433,1,,,0,58,,51434,1,,,0,19,,51435,1,,,0,23,,51436,1,,,0,61,,51437,1,,,0,20,,51438,1,,,0,21,,51439,1,,,0,60,,51440,1,,,0,19,,51441,1,,,0,20,,51442,1,,,0,60,,51443,1,,,0,19,,51444,1,,,0,20,,51445,1,,,0,59,,51446,1,,,0,21,,51447,1,,,0,18,,51448,1,,,0,62,,51449,1,,,0,21,,51450,1,,,0,20,,51451,1,,,0,59,,51452,1,,,0,19,,51453,1,,,0,21,,51454,1,,,0,60,,51455,1,,,0,20,,51456,1,,,0,20,,51457,1,,,0,62,,51458,1,,,0,19,,51459,1,,,0,19,,51460,1,,,0,60,,51461,1,,,0,22,,51462,1,,,0,19,,51463,1,,,0,60,,51464,1,,,0,22,,51465,1,,,0,18,,51466,1,,,0,60,,51467,1,,,0,22,,51468,1,,,0,20,,51469,1,,,0,63,,51470,1,,,0,26,,51471,1,,,0,69,,51472,1,,,0,33,,51473,1,,,0
3000001,'2_6',630,,36698,1,,,0,80,,36699,1,,,0,43,,36700,1,,,0,77,,36701,1,,,0,20,,36702,1,,,0,60,,36703,1,,,0,20,,36704,1,,,0,20,,36705,1,,,0,60,,36706,1,,,0,20,,36707,1,,,0,20,,36708,1,,,0,60,,36709,1,,,0,20,,36710,1,,,0,20,,36711,1,,,0,60,,36712,1,,,0,20,,36713,1,,,0,20,,36714,1,,,0,60,,36715,1,,,0,20,,36716,1,,,0,20,,36717,1,,,0,60,,36718,1,,,0,20,,36719,1,,,0,20,,36720,1,,,0,60,,36721,1,,,0,20,,36722,1,,,0,20,,36723,1,,,0,60,,36724,1,,,0,20,,36725,1,,,0,20,,36726,1,,,0,60,,36727,1,,,0,20,,36728,1,,,0,20,,36729,1,,,0,60,,36730,1,,,0,20,,36731,1,,,0,20,,36732,1,,,0,71,,36734,1,,,0,29,,36735,1,,,0,70,,36733,1,,,0,30,,36736,1,,,0
3000001,'3_7',835,,36737,1,,,0,170,,36739,1,,,0,130,,36740,1,,,0,170,,36741,1,,,0,130,,36742,1,,,0,170,,36743,1,,,0,130,,36744,1,,,0,170,,36745,1,,,0,130,,36738,1,,,0
3000001,'4_7',835,,47911,1,,,0,170,,47919,1,,,0,130,,47918,1,,,0,170,,47917,1,,,0,130,,47914,1,,,0,170,,47915,1,,,0,130,,47916,1,,,0,170,,47913,1,,,0,130,,47912,1,,,0
3000001,'7_1',637,,47961,1,,,0,18,,47920,1,,,0,58,,47921,1,,,0,19,,47922,1,,,0,23,,47923,1,,,0,61,,47924,1,,,0,20,,47925,1,,,0,21,,47926,1,,,0,60,,47927,1,,,0,19,,47928,1,,,0,20,,47929,1,,,0,60,,47930,1,,,0,19,,47931,1,,,0,20,,47932,1,,,0,59,,47933,1,,,0,21,,47934,1,,,0,18,,47935,1,,,0,62,,47936,1,,,0,21,,47937,1,,,0,20,,47938,1,,,0,59,,47939,1,,,0,19,,47940,1,,,0,21,,47941,1,,,0,60,,47942,1,,,0,20,,47943,1,,,0,20,,47944,1,,,0,62,,47945,1,,,0,19,,47946,1,,,0,19,,47947,1,,,0,60,,47948,1,,,0,22,,47949,1,,,0,19,,47950,1,,,0,60,,47951,1,,,0,22,,47952,1,,,0,18,,47953,1,,,0,60,,47954,1,,,0,22,,47955,1,,,0,20,,47956,1,,,0,63,,47957,1,,,0,26,,47958,1,,,0,69,,47959,1,,,0,33,,47960,1,,,0
3000001,'7_2',637,,51524,1,,,0,18,,51483,1,,,0,58,,51484,1,,,0,19,,51485,1,,,0,23,,51486,1,,,0,61,,51487,1,,,0,20,,51488,1,,,0,21,,51489,1,,,0,60,,51490,1,,,0,19,,51491,1,,,0,20,,51492,1,,,0,60,,51493,1,,,0,19,,51494,1,,,0,20,,51495,1,,,0,59,,51496,1,,,0,21,,51497,1,,,0,18,,51498,1,,,0,62,,51499,1,,,0,21,,51500,1,,,0,20,,51501,1,,,0,59,,51502,1,,,0,19,,51503,1,,,0,21,,51504,1,,,0,60,,51505,1,,,0,20,,51506,1,,,0,20,,51507,1,,,0,62,,51508,1,,,0,19,,51509,1,,,0,19,,51510,1,,,0,60,,51511,1,,,0,22,,51512,1,,,0,19,,51513,1,,,0,60,,51514,1,,,0,22,,51515,1,,,0,18,,51516,1,,,0,60,,51517,1,,,0,22,,51518,1,,,0,20,,51519,1,,,0,63,,51520,1,,,0,26,,51521,1,,,0,69,,51522,1,,,0,33,,51523,1,,,0
3000001,'7_4',637,,51574,1,,,0,18,,51533,1,,,0,58,,51534,1,,,0,19,,51535,1,,,0,23,,51536,1,,,0,61,,51537,1,,,0,20,,51538,1,,,0,21,,51539,1,,,0,60,,51540,1,,,0,19,,51541,1,,,0,20,,51542,1,,,0,60,,51543,1,,,0,19,,51544,1,,,0,20,,51545,1,,,0,59,,51546,1,,,0,21,,51547,1,,,0,18,,51548,1,,,0,62,,51549,1,,,0,21,,51550,1,,,0,20,,51551,1,,,0,59,,51552,1,,,0,19,,51553,1,,,0,21,,51554,1,,,0,60,,51555,1,,,0,20,,51556,1,,,0,20,,51557,1,,,0,62,,51558,1,,,0,19,,51559,1,,,0,19,,51560,1,,,0,60,,51561,1,,,0,22,,51562,1,,,0,19,,51563,1,,,0,60,,51564,1,,,0,22,,51565,1,,,0,18,,51566,1,,,0,60,,51567,1,,,0,22,,51568,1,,,0,20,,51569,1,,,0,63,,51570,1,,,0,26,,51571,1,,,0,69,,51572,1,,,0,33,,51573,1,,,0
3000001,'8_7',835,,52044,1,,,0,170,,52052,1,,,0,130,,52051,1,,,0,170,,52050,1,,,0,130,,52047,1,,,0,170,,52048,1,,,0,130,,52049,1,,,0,170,,52046,1,,,0,130,,52045,1,,,0
3000001,'9_7',835,,52264,1,,,0,170,,52266,1,,,0,130,,52267,1,,,0,170,,52268,1,,,0,130,,52269,1,,,0,170,,52270,1,,,0,130,,52271,1,,,0,170,,52272,1,,,0,130,,52265,1,,,0
