1000000,'0_6',717,,68829,30,,,0,84,,68830,30,,,0,47,,68833,30,,,0,85,,68836,30,,,0,87,,68838,30,,,0,32,,68840,30,,,0,88,,68843,30,,,0,87,,68846,30,,,0,84,,68849,30,,,0,30,,68851,30,,,0,87,,68854,30,,,0,88,,68857,30,,,0,89,,68860,30,,,0,32,,68862,30,,,0,90,,68865,30,,,0,87,,68867,30,,,0,29,,68870,30,,,0
1000000,'2_1',700,,68895,30,,,0,15,,68921,30,,,0,15,,68910,30,,,0,15,,68945,30,,,0,55,,68931,30,,,0,16,,68936,30,,,0,15,,68946,30,,,0,14,,68923,30,,,0,70,,68938,30,,,0,31,,68909,30,,,0,71,,68939,30,,,0,32,,68898,30,,,0,73,,68907,30,,,0,30,,68919,30,,,0,73,,68914,30,,,0,30,,68900,30,,,0,70,,68942,30,,,0,32,,68899,30,,,0,71,,68937,30,,,0,28,,68912,30,,,0,68,,68920,30,,,0,28,,68932,30,,,0,55,,68947,30,,,0,14,,68948,30,,,0,14,,68943,30,,,0,14,,68949,30,,,0,56,,68935,30,,,0,16,,68950,30,,,0,15,,68903,30,,,0,15,,68951,30,,,0,54,,68902,30,,,0,15,,68952,30,,,0,13,,68944,30,,,0,83,,68908,30,,,0
1000000,'2_2',700,,68956,30,,,0,15,,68982,30,,,0,15,,68971,30,,,0,15,,69006,30,,,0,55,,68992,30,,,0,16,,68997,30,,,0,15,,69007,30,,,0,14,,68984,30,,,0,70,,68999,30,,,0,31,,68970,30,,,0,71,,69000,30,,,0,32,,68959,30,,,0,73,,68968,30,,,0,30,,68980,30,,,0,73,,68975,30,,,0,30,,68961,30,,,0,70,,69003,30,,,0,32,,68960,30,,,0,71,,68998,30,,,0,28,,68973,30,,,0,68,,68981,30,,,0,28,,68993,30,,,0,55,,69008,30,,,0,14,,69009,30,,,0,14,,69004,30,,,0,14,,69010,30,,,0,56,,68996,30,,,0,16,,69011,30,,,0,15,,68964,30,,,0,15,,69012,30,,,0,54,,68963,30,,,0,15,,69013,30,,,0,13,,69005,30,,,0,83,,68969,30,,,0
1000000,'2_3',700,,69017,30,,,0,15,,69043,30,,,0,15,,69032,30,,,0,15,,69067,30,,,0,55,,69053,30,,,0,16,,69058,30,,,0,15,,69068,30,,,0,14,,69045,30,,,0,70,,69060,30,,,0,31,,69031,30,,,0,71,,69061,30,,,0,32,,69020,30,,,0,73,,69029,30,,,0,30,,69041,30,,,0,73,,69036,30,,,0,30,,69022,30,,,0,70,,69064,30,,,0,32,,69021,30,,,0,71,,69059,30,,,0,28,,69034,30,,,0,68,,69042,30,,,0,28,,69054,30,,,0,55,,69069,30,,,0,14,,69070,30,,,0,14,,69065,30,,,0,14,,69071,30,,,0,56,,69057,30,,,0,16,,69072,30,,,0,15,,69025,30,,,0,15,,69073,30,,,0,54,,69024,30,,,0,15,,69074,30,,,0,13,,69066,30,,,0,83,,69030,30,,,0
1000000,'2_4',700,,69078,30,,,0,15,,69104,30,,,0,15,,69093,30,,,0,15,,69128,30,,,0,55,,69114,30,,,0,16,,69119,30,,,0,15,,69129,30,,,0,14,,69106,30,,,0,70,,69121,30,,,0,31,,69092,30,,,0,71,,69122,30,,,0,32,,69081,30,,,0,73,,69090,30,,,0,30,,69102,30,,,0,73,,69097,30,,,0,30,,69083,30,,,0,70,,69125,30,,,0,32,,69082,30,,,0,71,,69120,30,,,0,28,,69095,30,,,0,68,,69103,30,,,0,28,,69115,30,,,0,55,,69130,30,,,0,14,,69131,30,,,0,14,,69126,30,,,0,14,,69132,30,,,0,56,,69118,30,,,0,16,,69133,30,,,0,15,,69086,30,,,0,15,,69134,30,,,0,54,,69085,30,,,0,15,,69135,30,,,0,13,,69127,30,,,0,83,,69091,30,,,0
1000000,'2_5',700,,69139,30,,,0,15,,69165,30,,,0,15,,69154,30,,,0,15,,69189,30,,,0,55,,69175,30,,,0,16,,69180,30,,,0,15,,69190,30,,,0,14,,69167,30,,,0,70,,69182,30,,,0,31,,69153,30,,,0,71,,69183,30,,,0,32,,69142,30,,,0,73,,69151,30,,,0,30,,69163,30,,,0,73,,69158,30,,,0,30,,69144,30,,,0,70,,69186,30,,,0,32,,69143,30,,,0,71,,69181,30,,,0,28,,69156,30,,,0,68,,69164,30,,,0,28,,69176,30,,,0,55,,69191,30,,,0,14,,69192,30,,,0,14,,69187,30,,,0,14,,69193,30,,,0,56,,69179,30,,,0,16,,69194,30,,,0,15,,69147,30,,,0,15,,69195,30,,,0,54,,69146,30,,,0,15,,69196,30,,,0,13,,69188,30,,,0,83,,69152,30,,,0
1000000,'3_1',700,,69200,30,,,0,15,,69226,30,,,0,15,,69215,30,,,0,15,,69250,30,,,0,55,,69236,30,,,0,16,,69241,30,,,0,15,,69251,30,,,0,14,,69228,30,,,0,70,,69243,30,,,0,31,,69214,30,,,0,71,,69244,30,,,0,32,,69203,30,,,0,73,,69212,30,,,0,30,,69224,30,,,0,73,,69219,30,,,0,30,,69205,30,,,0,70,,69247,30,,,0,32,,69204,30,,,0,71,,69242,30,,,0,28,,69217,30,,,0,68,,69225,30,,,0,28,,69237,30,,,0,55,,69252,30,,,0,14,,69253,30,,,0,14,,69248,30,,,0,14,,69254,30,,,0,56,,69240,30,,,0,16,,69255,30,,,0,15,,69208,30,,,0,15,,69256,30,,,0,54,,69207,30,,,0,15,,69257,30,,,0,13,,69249,30,,,0,83,,69213,30,,,0
1000000,'3_3',700,,69261,30,,,0,15,,69287,30,,,0,15,,69276,30,,,0,15,,69311,30,,,0,55,,69297,30,,,0,16,,69302,30,,,0,15,,69312,30,,,0,14,,69289,30,,,0,70,,69304,30,,,0,31,,69275,30,,,0,71,,69305,30,,,0,32,,69264,30,,,0,73,,69273,30,,,0,30,,69285,30,,,0,73,,69280,30,,,0,30,,69266,30,,,0,70,,69308,30,,,0,32,,69265,30,,,0,71,,69303,30,,,0,28,,69278,30,,,0,68,,69286,30,,,0,28,,69298,30,,,0,55,,69313,30,,,0,14,,69314,30,,,0,14,,69309,30,,,0,14,,69315,30,,,0,56,,69301,30,,,0,16,,69316,30,,,0,15,,69269,30,,,0,15,,69317,30,,,0,54,,69268,30,,,0,15,,69318,30,,,0,13,,69310,30,,,0,83,,69274,30,,,0
1000000,'3_4',700,,69322,30,,,0,15,,69348,30,,,0,15,,69337,30,,,0,15,,69372,30,,,0,55,,69358,30,,,0,16,,69363,30,,,0,15,,69373,30,,,0,14,,69350,30,,,0,70,,69365,30,,,0,31,,69336,30,,,0,71,,69366,30,,,0,32,,69325,30,,,0,73,,69334,30,,,0,30,,69346,30,,,0,73,,69341,30,,,0,30,,69327,30,,,0,70,,69369,30,,,0,32,,69326,30,,,0,71,,69364,30,,,0,28,,69339,30,,,0,68,,69347,30,,,0,28,,69359,30,,,0,55,,69374,30,,,0,14,,69375,30,,,0,14,,69370,30,,,0,14,,69376,30,,,0,56,,69362,30,,,0,16,,69377,30,,,0,15,,69330,30,,,0,15,,69378,30,,,0,54,,69329,30,,,0,15,,69379,30,,,0,13,,69371,30,,,0,83,,69335,30,,,0
1000000,'3_5',700,,69383,30,,,0,15,,69409,30,,,0,15,,69398,30,,,0,15,,69433,30,,,0,55,,69419,30,,,0,16,,69424,30,,,0,15,,69434,30,,,0,14,,69411,30,,,0,70,,69426,30,,,0,31,,69397,30,,,0,71,,69427,30,,,0,32,,69386,30,,,0,73,,69395,30,,,0,30,,69407,30,,,0,73,,69402,30,,,0,30,,69388,30,,,0,70,,69430,30,,,0,32,,69387,30,,,0,71,,69425,30,,,0,28,,69400,30,,,0,68,,69408,30,,,0,28,,69420,30,,,0,55,,69435,30,,,0,14,,69436,30,,,0,14,,69431,30,,,0,14,,69437,30,,,0,56,,69423,30,,,0,16,,69438,30,,,0,15,,69391,30,,,0,15,,69439,30,,,0,54,,69390,30,,,0,15,,69440,30,,,0,13,,69432,30,,,0,83,,69396,30,,,0
