101,'25j05H-Dimanche',950,,228,0,41 42,0,250,,229,0,41 42,0,210,,230,0,41 42,0,190,,231,0,41 42,0,210,,232,0,41 42,0
101,'25j26H-Dimanche',950,,242,0,41 42,0,250,,243,0,41 42,0,210,,244,0,41 42,0,190,,245,0,41 42,0,210,,246,0,41 42,0
101,'26a05H-Samedi',1040,,320,0,41 42,0,100,,321,0,41 42,0,98,,322,0,41 42,0,99,,323,0,41 42,0,100,,324,0,41 42,0,101,,325,0,41 42,0,103,,326,0,41 42,0,103,,327,0,41 42,0,100,,328,0,41 42,0,96,,329,0,41 42,0
101,'26a05H-Mercredi',754,,330,0,41 42,0,68,,331,0,41 42,0,29,,332,0,41 42,0,95,,336,0,41 42,0,157,,337,0,41 42,0,114,,338,0,41 42,0,89,,339,0,41 42,0,114,,333,0,41 42,0,97,,340,0,41 42,0,100,,341,0,41 42,0,88,,342,0,41 42,0,38,,343,0,41 42,0,75,,344,0,41 42,0,37,,334,0,41 42,0,84,,335,0,41 42,0
101,'26a05H-L-Ma-J-V',754,,363,0,41 42,0,68,,364,0,41 42,0,29,,365,0,41 42,0,95,,369,0,41 42,0,157,,370,0,41 42,0,114,,371,0,41 42,0,89,,372,0,41 42,0,114,,366,0,41 42,0,97,,373,0,41 42,0,100,,374,0,41 42,0,88,,375,0,41 42,0,38,,376,0,41 42,0,75,,377,0,41 42,0,37,,367,0,41 42,0,84,,368,0,41 42,0
101,'26b23V-Semaine',749,,396,0,41 42,0,73,,397,0,41 42,0,30,,398,0,41 42,0,95,,402,0,41 42,0,156,,403,0,41 42,0,118,,404,0,41 42,0,85,,405,0,41 42,0,111,,399,0,41 42,0,100,,406,0,41 42,0,96,,407,0,41 42,0,96,,408,0,41 42,0,105,,410,0,41 42,0,34,,400,0,41 42,0,95,,401,0,41 42,0
101,'26c02V-Semaine',749,,424,0,41 42,0,73,,425,0,41 42,0,30,,426,0,41 42,0,95,,430,0,41 42,0,156,,431,0,41 42,0,118,,432,0,41 42,0,85,,433,0,41 42,0,111,,427,0,41 42,0,100,,434,0,41 42,0,96,,435,0,41 42,0,96,,436,0,41 42,0,105,,438,0,41 42,0,34,,428,0,41 42,0,95,,429,0,41 42,0
801,'26a05H-Mercredi',848,,2612,,,0,108,,2613,,,0,150,,2614,,,0,119,,2606,,,0,111,,2615,,,0,112,,2616,,,0,152,,2617,,,0,36,,2607,,,0,76,,2608,,,0,30,,2609,,,0,76,,2610,,,0,33,,2611,,,0,71,,2618,,,0,34,,2619,,,0
801,'26a05H-L-Ma-J-V',848,,2626,,,0,108,,2627,,,0,150,,2628,,,0,119,,2620,,,0,111,,2629,,,0,112,,2630,,,0,152,,2631,,,0,36,,2621,,,0,76,,2622,,,0,30,,2623,,,0,76,,2624,,,0,33,,2625,,,0,71,,2632,,,0,34,,2633,,,0
801,'26b23V-Semaine',848,,2640,,,0,108,,2641,,,0,150,,2642,,,0,119,,2634,,,0,111,,2643,,,0,112,,2644,,,0,152,,2645,,,0,36,,2635,,,0,76,,2636,,,0,30,,2637,,,0,76,,2638,,,0,33,,2639,,,0,71,,2646,,,0,34,,2647,,,0
801,'26c02V-Semaine',848,,2654,,,0,108,,2655,,,0,150,,2656,,,0,119,,2648,,,0,111,,2657,,,0,112,,2658,,,0,152,,2659,,,0,36,,2649,,,0,76,,2650,,,0,30,,2651,,,0,76,,2652,,,0,33,,2653,,,0,71,,2660,,,0,34,,2661,,,0
