100,'2_6',743,,29921,48,0,61 8,0,109,,29933,48,0,61 8,0,95,,29922,48,0,61 8,0,70,,29934,48,0,61 8,0,30,,29923,48,0,61 8,0,72,,29935,48,0,61 8,0,30,,29924,48,0,61 8,0,69,,29936,48,0,61 8,0,30,,29925,48,0,61 8,0,68,,29937,48,0,61 8,0,31,,29926,48,0,61 8,0,70,,29938,48,0,61 8,0,30,,29927,48,0,61 8,0,70,,29939,48,0,61 8,0,30,,29928,48,0,61 8,0,72,,29940,48,0,61 8,0,32,,29929,48,0,61 8,0,72,,29941,48,0,61 8,0,31,,29930,48,0,61 8,0,68,,29942,48,0,61 8,0,27,,29931,48,0,61 8,0,71,,29943,48,0,61 8,0,28,,29932,48,0,61 8,0
100,'3_7',945,,29944,48,0,61 8,0,104,,29949,48,0,61 8,0,106,,29945,48,0,61 8,0,104,,29950,48,0,61 8,0,90,,29946,48,0,61 8,0,100,,29951,48,0,61 8,0,106,,29947,48,0,61 8,0,145,,29952,48,0,61 8,0,104,,29948,48,0,61 8,0,105,,29953,48,0,61 8,0
100,'5_1',743,,37339,48,,,0,16,,37336,48,0,61 8,0,55,,37340,48,0,61 8,0,14,,37327,48,,,0,15,,37346,48,0,61 8,0,70,,37341,48,0,61 8,0,25,,37328,48,0,61 8,0,80,,37342,48,0,61 8,0,40,,37329,48,0,61 8,0,79,,37343,48,0,61 8,0,75,,37330,48,0,61 8,0,20,,37347,48,,,0,25,,37348,48,,,0,70,,37331,48,0,61 8,0,25,,37344,48,0,61 8,0,65,,37332,48,0,61 8,0,32,,37345,48,0,61 8,0,78,,37333,48,0,61 8,0,31,,37349,48,0,61 8,0,72,,37338,48,0,61 8,0,26,,37350,48,,,0,76,,37334,48,,,0,70,,37351,48,,,0,29,,37335,48,,,0,26,,37325,48,,,0,73,,37352,48,0,61 8,0,24,,37326,48,,,0
100,'5_2',743,,38371,48,,,0,16,,38368,48,0,61 8,0,55,,38372,48,0,61 8,0,14,,38359,48,,,0,15,,38378,48,0,61 8,0,70,,38373,48,0,61 8,0,25,,38360,48,0,61 8,0,80,,38374,48,0,61 8,0,40,,38361,48,0,61 8,0,79,,38375,48,0,61 8,0,75,,38362,48,0,61 8,0,20,,38379,48,,,0,25,,38380,48,,,0,70,,38363,48,0,61 8,0,25,,38376,48,0,61 8,0,65,,38364,48,0,61 8,0,32,,38377,48,0,61 8,0,78,,38365,48,0,61 8,0,31,,38381,48,0,61 8,0,72,,38370,48,0,61 8,0,26,,38382,48,,,0,76,,38366,48,,,0,70,,38383,48,,,0,29,,38367,48,,,0,26,,38357,48,,,0,73,,38384,48,0,61 8,0,24,,38358,48,,,0
100,'5_3',743,,38399,48,,,0,16,,38396,48,0,61 8,0,55,,38400,48,0,61 8,0,14,,38387,48,,,0,15,,38406,48,0,61 8,0,70,,38401,48,0,61 8,0,25,,38388,48,0,61 8,0,80,,38402,48,0,61 8,0,40,,38389,48,0,61 8,0,79,,38403,48,0,61 8,0,75,,38390,48,0,61 8,0,20,,38407,48,,,0,25,,38408,48,,,0,70,,38391,48,0,61 8,0,25,,38404,48,0,61 8,0,65,,38392,48,0,61 8,0,32,,38405,48,0,61 8,0,78,,38393,48,0,61 8,0,31,,38409,48,0,61 8,0,72,,38398,48,0,61 8,0,26,,38410,48,,,0,76,,38394,48,,,0,70,,38411,48,,,0,29,,38395,48,,,0,26,,38385,48,,,0,73,,38412,48,0,61 8,0,24,,38386,48,,,0
100,'5_4',743,,38427,48,,,0,16,,38424,48,0,61 8,0,55,,38428,48,0,61 8,0,14,,38415,48,,,0,15,,38434,48,0,61 8,0,70,,38429,48,0,61 8,0,25,,38416,48,0,61 8,0,80,,38430,48,0,61 8,0,40,,38417,48,0,61 8,0,79,,38431,48,0,61 8,0,75,,38418,48,0,61 8,0,20,,38435,48,,,0,25,,38436,48,,,0,70,,38419,48,0,61 8,0,25,,38432,48,0,61 8,0,65,,38420,48,0,61 8,0,32,,38433,48,0,61 8,0,78,,38421,48,0,61 8,0,31,,38437,48,0,61 8,0,72,,38426,48,0,61 8,0,26,,38438,48,,,0,76,,38422,48,,,0,70,,38439,48,,,0,29,,38423,48,,,0,26,,38413,48,,,0,73,,38440,48,0,61 8,0,24,,38414,48,,,0
100,'5_5',743,,38455,48,,,0,16,,38452,48,0,61 8,0,55,,38456,48,0,61 8,0,14,,38443,48,,,0,15,,38462,48,0,61 8,0,70,,38457,48,0,61 8,0,25,,38444,48,0,61 8,0,80,,38458,48,0,61 8,0,40,,38445,48,0,61 8,0,79,,38459,48,0,61 8,0,75,,38446,48,0,61 8,0,20,,38463,48,,,0,25,,38464,48,,,0,70,,38447,48,0,61 8,0,25,,38460,48,0,61 8,0,65,,38448,48,0,61 8,0,32,,38461,48,0,61 8,0,78,,38449,48,0,61 8,0,31,,38465,48,0,61 8,0,72,,38454,48,0,61 8,0,26,,38466,48,,,0,76,,38450,48,,,0,70,,38467,48,,,0,29,,38451,48,,,0,26,,38441,48,,,0,73,,38468,48,0,61 8,0,24,,38442,48,,,0
100,'6_1',743,,38483,48,,,0,16,,38480,48,0,61 8,0,55,,38484,48,0,61 8,0,14,,38471,48,,,0,15,,38490,48,0,61 8,0,70,,38485,48,0,61 8,0,25,,38472,48,0,61 8,0,80,,38486,48,0,61 8,0,40,,38473,48,0,61 8,0,79,,38487,48,0,61 8,0,75,,38474,48,0,61 8,0,20,,38491,48,,,0,25,,38492,48,,,0,70,,38475,48,0,61 8,0,25,,38488,48,0,61 8,0,65,,38476,48,0,61 8,0,32,,38489,48,0,61 8,0,78,,38477,48,0,61 8,0,31,,38493,48,0,61 8,0,72,,38482,48,0,61 8,0,26,,38494,48,,,0,76,,38478,48,,,0,70,,38495,48,,,0,29,,38479,48,,,0,26,,38469,48,,,0,73,,38496,48,0,61 8,0,24,,38470,48,,,0
100,'6_2',743,,43534,48,,,0,16,,43531,48,0,61 8,0,55,,43535,48,0,61 8,0,14,,43522,48,,,0,15,,43541,48,0,61 8,0,70,,43536,48,0,61 8,0,25,,43523,48,0,61 8,0,80,,43537,48,0,61 8,0,40,,43524,48,0,61 8,0,79,,43538,48,0,61 8,0,75,,43525,48,0,61 8,0,20,,43542,48,,,0,25,,43543,48,,,0,70,,43526,48,0,61 8,0,25,,43539,48,0,61 8,0,65,,43527,48,0,61 8,0,32,,43540,48,0,61 8,0,78,,43528,48,0,61 8,0,31,,43544,48,0,61 8,0,72,,43533,48,0,61 8,0,26,,43545,48,,,0,76,,43529,48,,,0,70,,43546,48,,,0,29,,43530,48,,,0,26,,43520,48,,,0,73,,43547,48,0,61 8,0,24,,43521,48,,,0
100,'6_3',743,,43562,48,,,0,16,,43559,48,0,61 8,0,55,,43563,48,0,61 8,0,14,,43550,48,,,0,15,,43569,48,0,61 8,0,70,,43564,48,0,61 8,0,25,,43551,48,0,61 8,0,80,,43565,48,0,61 8,0,40,,43552,48,0,61 8,0,79,,43566,48,0,61 8,0,75,,43553,48,0,61 8,0,20,,43570,48,,,0,25,,43571,48,,,0,70,,43554,48,0,61 8,0,25,,43567,48,0,61 8,0,65,,43555,48,0,61 8,0,32,,43568,48,0,61 8,0,78,,43556,48,0,61 8,0,31,,43572,48,0,61 8,0,72,,43561,48,0,61 8,0,26,,43573,48,,,0,76,,43557,48,,,0,70,,43574,48,,,0,29,,43558,48,,,0,26,,43548,48,,,0,73,,43575,48,0,61 8,0,24,,43549,48,,,0
100,'6_4',743,,43590,48,,,0,16,,43587,48,0,61 8,0,55,,43591,48,0,61 8,0,14,,43578,48,,,0,15,,43597,48,0,61 8,0,70,,43592,48,0,61 8,0,25,,43579,48,0,61 8,0,80,,43593,48,0,61 8,0,40,,43580,48,0,61 8,0,79,,43594,48,0,61 8,0,75,,43581,48,0,61 8,0,20,,43598,48,,,0,25,,43599,48,,,0,70,,43582,48,0,61 8,0,25,,43595,48,0,61 8,0,65,,43583,48,0,61 8,0,32,,43596,48,0,61 8,0,78,,43584,48,0,61 8,0,31,,43600,48,0,61 8,0,72,,43589,48,0,61 8,0,26,,43601,48,,,0,76,,43585,48,,,0,70,,43602,48,,,0,29,,43586,48,,,0,26,,43576,48,,,0,73,,43603,48,0,61 8,0,24,,43577,48,,,0
