101,'0_4',650,,345,0,5,0,68,,346,0,5,0,28,,347,0,5,0,55,,372,0,6,0,122,,361,0,6,0,392,,348,0,5,0,28,,362,0,6,0,400,,349,0,5,0,74,,368,0,6,0,29,,350,0,5,0,71,,369,0,6,0
101,'0_5',650,,373,0,5,0,68,,374,0,5,0,28,,375,0,5,0,55,,400,0,6,0,122,,389,0,6,0,392,,376,0,5,0,28,,390,0,6,0,400,,377,0,5,0,74,,396,0,6,0,29,,378,0,5,0,71,,397,0,6,0
101,'3_1',650,,434,0,5,0,68,,435,0,5,0,28,,436,0,5,0,55,,461,0,6,0,122,,450,0,6,0,392,,437,0,5,0,28,,451,0,6,0,400,,438,0,5,0,74,,457,0,6,0,29,,439,0,5,0,71,,458,0,6,0
101,'3_2',650,,462,0,5,0,68,,463,0,5,0,28,,464,0,5,0,55,,489,0,6,0,122,,478,0,6,0,392,,465,0,5,0,28,,479,0,6,0,400,,466,0,5,0,74,,485,0,6,0,29,,467,0,5,0,71,,486,0,6,0
101,'3_3',650,,490,0,5,0,68,,491,0,5,0,28,,492,0,5,0,55,,517,0,6,0,122,,506,0,6,0,392,,493,0,5,0,28,,507,0,6,0,400,,494,0,5,0,74,,513,0,6,0,29,,495,0,5,0,71,,514,0,6,0
101,'3_4',650,,518,0,5,0,68,,519,0,5,0,28,,520,0,5,0,55,,545,0,6,0,122,,534,0,6,0,392,,521,0,5,0,28,,535,0,6,0,400,,522,0,5,0,74,,541,0,6,0,29,,523,0,5,0,71,,542,0,6,0
101,'3_5',650,,546,0,5,0,68,,547,0,5,0,28,,548,0,5,0,55,,573,0,6,0,122,,562,0,6,0,392,,549,0,5,0,28,,563,0,6,0,400,,550,0,5,0,74,,569,0,6,0,29,,551,0,5,0,71,,570,0,6,0
101,'5_1',646,,584,0,5,0,67,,585,0,5,0,27,,586,0,5,0,17,,615,0,6,0,165,,600,0,6,0,394,,587,0,5,0,27,,601,0,6,0,304,,602,0,6,0,102,,588,0,5,0,91,,589,0,5,0
101,'5_2',646,,617,0,5,0,67,,618,0,5,0,27,,619,0,5,0,17,,648,0,6,0,165,,633,0,6,0,394,,620,0,5,0,27,,634,0,6,0,304,,635,0,6,0,102,,621,0,5,0,91,,622,0,5,0
101,'6_3',646,,650,0,5,0,67,,651,0,5,0,27,,652,0,5,0,17,,681,0,6,0,165,,666,0,6,0,394,,653,0,5,0,27,,667,0,6,0,304,,668,0,6,0,102,,654,0,5,0,91,,655,0,5,0
