901,'2509-HIV-25j05H-d-Dimanche-00',1013,,10862,,,0,897,,10863,,,0
901,'2509-HIV-25j26H-d-Dimanche-00',1013,,10866,,,0,897,,10867,,,0
901,'2509-HIV-25k03H-s-Samedi-00',812,,10870,0,9 10 9,0,188,,10875,0,9 10 9,0,126,,10876,0,9 10 9,0,192,,10877,0,9 10 9,0,326,,10871,0,9 10 9,0,102,,10872,0,9 10 9,0,172,,10873,0,9 10 9,0,89,,10874,0,9 10 9,0
901,'2509-HIV-25l22Vlv-Semaine-00',812,,10883,0,11,0,26,,10884,0,12,0,104,,10885,0,9 10 9,0,65,,10886,0,9 10 9,0,129,,10887,0,9 10 9,0,184,,10888,0,9 10 9,0,332,,10892,0,9 10 9,0,95,,10893,0,9 10 9,0,166,,10894,0,9 10 9,0,94,,10895,0,9 10 9,0
901,'2509-HIV-26a05H-s-Samedi-00',812,,10897,0,9 10 9,0,188,,10902,0,9 10 9,0,126,,10903,0,9 10 9,0,192,,10904,0,9 10 9,0,326,,10898,0,9 10 9,0,102,,10899,0,9 10 9,0,172,,10900,0,9 10 9,0,89,,10901,0,9 10 9,0
901,'2509-HIV-26a05H-w-Mercredi-00',815,,10910,0,11,0,27,,10911,0,12,0,103,,10916,0,9 10 9,0,95,,10920,0,9 10 9,0,98,,10917,0,9 10 9,0,106,,10912,0,12,0,15,,10921,,,0,166,,10918,0,9 10 9,0,112,,10919,0,9 10 9,0,109,,10924,,,0,102,,10914,0,12,0,4,,10922,,,0,91,,10915,0,12,0,4,,10923,,,0,159,,10925,,,0
901,'2509-HIV-26a05Hlv-L-Ma-J-V-00',815,,10926,0,11,0,27,,10927,0,12,0,103,,10932,0,9 10 9,0,95,,10936,0,9 10 9,0,98,,10933,0,9 10 9,0,106,,10928,0,12,0,15,,10937,,,0,166,,10934,0,9 10 9,0,112,,10935,0,9 10 9,0,109,,10940,,,0,102,,10930,0,12,0,4,,10938,,,0,91,,10931,0,12,0,4,,10939,,,0,159,,10941,,,0
901,'2509-HIV-26b23Vlv-Semaine-00',812,,10942,0,11,0,26,,10943,0,12,0,104,,10944,0,9 10 9,0,65,,10945,0,9 10 9,0,129,,10946,0,9 10 9,0,184,,10947,0,9 10 9,0,332,,10951,0,9 10 9,0,95,,10952,0,9 10 9,0,166,,10953,0,9 10 9,0,94,,10954,0,9 10 9,0
901,'2509-HIV-26c02Vlv-Semaine-00',812,,10956,0,11,0,26,,10957,0,12,0,104,,10958,0,9 10 9,0,65,,10959,0,9 10 9,0,129,,10960,0,9 10 9,0,184,,10961,0,9 10 9,0,332,,10965,0,9 10 9,0,95,,10966,0,9 10 9,0,166,,10967,0,9 10 9,0,94,,10968,0,9 10 9,0
29000901,'2509-HIV-26a05H-w-Mercredi-00',1753,,16123,,,0,100,,16124,,,0
29000901,'2509-HIV-26a05Hlv-L-Ma-J-V-00',1753,,16125,,,0,100,,16126,,,0
