1500,'2509-HIV-25j05H-d-Dimanche-00',900,,11217,0,48,0,236,,11218,0,48,0,300,,11219,0,48,0,368,,11220,0,48,0
1500,'2509-HIV-25j26H-d-Dimanche-00',900,,11221,0,48,0,236,,11222,0,48,0,300,,11223,0,48,0,368,,11224,0,48,0
1500,'2509-HIV-25k03H-s-Samedi-00',746,,11226,0,48,0,61,,11227,0,48,0,114,,11228,0,48,0,117,,11229,0,48,0,118,,11230,0,48,0,80,,11231,0,48,0,75,,11232,0,48,0,97,,11233,0,48,0,222,,11234,0,48,0,109,,11235,0,48,0,98,,11236,0,48,0,110,,11237,0,48,0
1500,'2509-HIV-25l22Vlv-Semaine-00',746,,11239,0,48,0,61,,11240,0,48,0,114,,11241,0,48,0,117,,11242,0,48,0,118,,11243,0,48,0,80,,11244,0,48,0,75,,11245,0,48,0,97,,11246,0,48,0,222,,11247,0,48,0,109,,11248,0,48,0,98,,11249,0,48,0,110,,11250,0,48,0
1500,'2509-HIV-26a05H-s-Samedi-00',746,,11252,0,48,0,61,,11253,0,48,0,114,,11254,0,48,0,117,,11255,0,48,0,118,,11256,0,48,0,80,,11257,0,48,0,75,,11258,0,48,0,97,,11259,0,48,0,222,,11260,0,48,0,109,,11261,0,48,0,98,,11262,0,48,0,110,,11263,0,48,0
1500,'2509-HIV-26a05H-w-Mercredi-00',746,,11265,0,48,0,61,,11266,0,48,0,114,,11267,0,48,0,117,,11268,0,48,0,118,,11269,0,48,0,80,,11270,0,48,0,75,,11271,0,48,0,97,,11272,0,48,0,222,,11273,0,48,0,109,,11274,0,48,0,98,,11275,0,48,0,110,,11276,0,48,0
1500,'2509-HIV-26a05Hlv-L-Ma-J-V-00',746,,11278,0,48,0,61,,11279,0,48,0,114,,11280,0,48,0,117,,11281,0,48,0,118,,11282,0,48,0,80,,11283,0,48,0,75,,11284,0,48,0,97,,11285,0,48,0,222,,11286,0,48,0,109,,11287,0,48,0,98,,11288,0,48,0,110,,11289,0,48,0
1500,'2509-HIV-26b23Vlv-Semaine-00',746,,11291,0,48,0,61,,11292,0,48,0,114,,11293,0,48,0,117,,11294,0,48,0,118,,11295,0,48,0,80,,11296,0,48,0,75,,11297,0,48,0,97,,11298,0,48,0,222,,11299,0,48,0,109,,11300,0,48,0,98,,11301,0,48,0,110,,11302,0,48,0
1500,'2509-HIV-26c02Vlv-Semaine-00',746,,11304,0,48,0,61,,11305,0,48,0,114,,11306,0,48,0,117,,11307,0,48,0,118,,11308,0,48,0,80,,11309,0,48,0,75,,11310,0,48,0,97,,11311,0,48,0,222,,11312,0,48,0,109,,11313,0,48,0,98,,11314,0,48,0,110,,11315,0,48,0
1501,'2509-HIV-25j05H-d-Dimanche-00',809,,11316,,,0,235,,11317,,,0,300,,11318,,,0,364,,11319,,,0
1501,'2509-HIV-25j26H-d-Dimanche-00',809,,11320,,,0,235,,11321,,,0,300,,11322,,,0,364,,11323,,,0
1501,'2509-HIV-25k03H-s-Samedi-00',656,,11325,,,0,58,,11326,,,0,95,,11327,,,0,21,,11328,,,0,117,,11329,,,0,156,,11330,,,0,118,,11331,,,0,94,,11332,,,0,118,,11333,,,0,222,,11334,,,0,150,,11335,,,0,95,,11336,,,0
1501,'2509-HIV-25l22Vlv-Semaine-00',656,,11338,,,0,58,,11339,,,0,95,,11340,,,0,21,,11341,,,0,117,,11342,,,0,156,,11343,,,0,118,,11344,,,0,94,,11345,,,0,118,,11346,,,0,222,,11347,,,0,150,,11348,,,0,95,,11349,,,0
1501,'2509-HIV-26a05H-s-Samedi-00',656,,11351,,,0,58,,11352,,,0,95,,11353,,,0,21,,11354,,,0,117,,11355,,,0,156,,11356,,,0,118,,11357,,,0,94,,11358,,,0,118,,11359,,,0,222,,11360,,,0,150,,11361,,,0,95,,11362,,,0
1501,'2509-HIV-26a05H-w-Mercredi-00',656,,11364,,,0,58,,11365,,,0,95,,11366,,,0,21,,11367,,,0,117,,11368,,,0,156,,11369,,,0,118,,11370,,,0,94,,11371,,,0,118,,11372,,,0,222,,11373,,,0,150,,11374,,,0,95,,11375,,,0
1501,'2509-HIV-26a05Hlv-L-Ma-J-V-00',656,,11377,,,0,58,,11378,,,0,95,,11379,,,0,21,,11380,,,0,117,,11381,,,0,156,,11382,,,0,118,,11383,,,0,94,,11384,,,0,118,,11385,,,0,222,,11386,,,0,150,,11387,,,0,95,,11388,,,0
1501,'2509-HIV-26b23Vlv-Semaine-00',656,,11390,,,0,58,,11391,,,0,95,,11392,,,0,21,,11393,,,0,117,,11394,,,0,156,,11395,,,0,118,,11396,,,0,94,,11397,,,0,118,,11398,,,0,222,,11399,,,0,150,,11400,,,0,95,,11401,,,0
1501,'2509-HIV-26c02Vlv-Semaine-00',656,,11403,,,0,58,,11404,,,0,95,,11405,,,0,21,,11406,,,0,117,,11407,,,0,156,,11408,,,0,118,,11409,,,0,94,,11410,,,0,118,,11411,,,0,222,,11412,,,0,150,,11413,,,0,95,,11414,,,0
