100,'0_6',728,,62779,34,0,61 8,0,110,,62791,34,0,61 8,0,95,,62780,34,0,61 8,0,70,,62792,34,0,61 8,0,30,,62781,34,0,61 8,0,72,,62793,34,0,61 8,0,30,,62782,34,0,61 8,0,69,,62794,34,0,61 8,0,31,,62783,34,0,61 8,0,68,,62795,34,0,61 8,0,30,,62784,34,0,61 8,0,70,,62796,34,0,61 8,0,30,,62785,34,0,61 8,0,71,,62797,34,0,61 8,0,29,,62786,34,0,61 8,0,72,,62798,34,0,61 8,0,31,,62787,34,0,61 8,0,71,,62799,34,0,61 8,0,33,,62788,34,0,61 8,0,68,,62800,34,0,61 8,0,29,,62789,34,0,61 8,0,71,,62801,34,0,61 8,0,28,,62790,34,0,61 8,0
100,'1_7',932,,62802,34,0,61 8,0,105,,62807,34,0,61 8,0,106,,62803,34,0,61 8,0,104,,62808,34,0,61 8,0,90,,62804,34,0,61 8,0,100,,62809,34,0,61 8,0,105,,62805,34,0,61 8,0,105,,62810,34,0,61 8,0,105,,62806,34,0,61 8,0,105,,62811,34,0,61 8,0
100,'2_1',728,,62812,34,0,61 8,0,30,,62813,34,,,0,75,,62815,34,0,61 8,0,25,,62816,34,0,61 8,0,70,,62814,34,0,61 8,0,29,,62817,34,0,61 8,0,75,,62818,34,0,61 8,0,70,,62821,34,0,61 8,0,31,,62819,34,0,61 8,0,72,,62820,34,0,61 8,0,32,,62823,34,,,0,70,,62822,34,0,61 8,0,30,,62824,34,,,0,70,,62825,34,0,61 8,0,30,,62827,34,0,61 8,0,70,,62826,34,0,61 8,0,30,,62831,34,0,61 8,0,71,,62830,34,0,61 8,0,31,,62832,34,,,0,74,,62828,34,0,61 8,0,30,,62833,34,,,0,70,,62829,34,0,61 8,0,29,,62834,34,,,0,70,,62835,34,0,61 8,0,29,,62836,34,,,0
100,'2_2',728,,62837,34,0,61 8,0,30,,62838,34,,,0,75,,62840,34,0,61 8,0,25,,62841,34,0,61 8,0,70,,62839,34,0,61 8,0,29,,62842,34,0,61 8,0,75,,62843,34,0,61 8,0,70,,62846,34,0,61 8,0,31,,62844,34,0,61 8,0,72,,62845,34,0,61 8,0,32,,62848,34,,,0,70,,62847,34,0,61 8,0,30,,62849,34,,,0,70,,62850,34,0,61 8,0,30,,62852,34,0,61 8,0,70,,62851,34,0,61 8,0,30,,62856,34,0,61 8,0,71,,62855,34,0,61 8,0,31,,62857,34,,,0,74,,62853,34,0,61 8,0,30,,62858,34,,,0,70,,62854,34,0,61 8,0,29,,62859,34,,,0,70,,62860,34,0,61 8,0,29,,62861,34,,,0
100,'2_3',728,,62862,34,0,61 8,0,30,,62863,34,,,0,75,,62865,34,0,61 8,0,25,,62866,34,0,61 8,0,70,,62864,34,0,61 8,0,29,,62867,34,0,61 8,0,75,,62868,34,0,61 8,0,70,,62871,34,0,61 8,0,31,,62869,34,0,61 8,0,72,,62870,34,0,61 8,0,32,,62873,34,,,0,70,,62872,34,0,61 8,0,30,,62874,34,,,0,70,,62875,34,0,61 8,0,30,,62877,34,0,61 8,0,70,,62876,34,0,61 8,0,30,,62881,34,0,61 8,0,71,,62880,34,0,61 8,0,31,,62882,34,,,0,74,,62878,34,0,61 8,0,30,,62883,34,,,0,70,,62879,34,0,61 8,0,29,,62884,34,,,0,70,,62885,34,0,61 8,0,29,,62886,34,,,0
100,'2_4',728,,62887,34,0,61 8,0,30,,62888,34,,,0,75,,62890,34,0,61 8,0,25,,62891,34,0,61 8,0,70,,62889,34,0,61 8,0,29,,62892,34,0,61 8,0,75,,62893,34,0,61 8,0,70,,62896,34,0,61 8,0,31,,62894,34,0,61 8,0,72,,62895,34,0,61 8,0,32,,62898,34,,,0,70,,62897,34,0,61 8,0,30,,62899,34,,,0,70,,62900,34,0,61 8,0,30,,62902,34,0,61 8,0,70,,62901,34,0,61 8,0,30,,62906,34,0,61 8,0,71,,62905,34,0,61 8,0,31,,62907,34,,,0,74,,62903,34,0,61 8,0,30,,62908,34,,,0,70,,62904,34,0,61 8,0,29,,62909,34,,,0,70,,62910,34,0,61 8,0,29,,62911,34,,,0
100,'2_5',728,,62912,34,0,61 8,0,30,,62913,34,,,0,75,,62915,34,0,61 8,0,25,,62916,34,0,61 8,0,70,,62914,34,0,61 8,0,29,,62917,34,0,61 8,0,75,,62918,34,0,61 8,0,70,,62921,34,0,61 8,0,31,,62919,34,0,61 8,0,72,,62920,34,0,61 8,0,32,,62923,34,,,0,70,,62922,34,0,61 8,0,30,,62924,34,,,0,70,,62925,34,0,61 8,0,30,,62927,34,0,61 8,0,70,,62926,34,0,61 8,0,30,,62931,34,0,61 8,0,71,,62930,34,0,61 8,0,31,,62932,34,,,0,74,,62928,34,0,61 8,0,30,,62933,34,,,0,70,,62929,34,0,61 8,0,29,,62934,34,,,0,70,,62935,34,0,61 8,0,29,,62936,34,,,0
100,'3_1',728,,62937,34,0,61 8,0,30,,62938,34,,,0,75,,62940,34,0,61 8,0,25,,62941,34,0,61 8,0,70,,62939,34,0,61 8,0,29,,62942,34,0,61 8,0,75,,62943,34,0,61 8,0,70,,62946,34,0,61 8,0,31,,62944,34,0,61 8,0,72,,62945,34,0,61 8,0,32,,62948,34,,,0,70,,62947,34,0,61 8,0,30,,62949,34,,,0,70,,62950,34,0,61 8,0,30,,62952,34,0,61 8,0,70,,62951,34,0,61 8,0,30,,62956,34,0,61 8,0,71,,62955,34,0,61 8,0,31,,62957,34,,,0,74,,62953,34,0,61 8,0,30,,62958,34,,,0,70,,62954,34,0,61 8,0,29,,62959,34,,,0,70,,62960,34,0,61 8,0,29,,62961,34,,,0
100,'3_3',728,,62962,34,0,61 8,0,30,,62963,34,,,0,75,,62965,34,0,61 8,0,25,,62966,34,0,61 8,0,70,,62964,34,0,61 8,0,29,,62967,34,0,61 8,0,75,,62968,34,0,61 8,0,70,,62971,34,0,61 8,0,31,,62969,34,0,61 8,0,72,,62970,34,0,61 8,0,32,,62973,34,,,0,70,,62972,34,0,61 8,0,30,,62974,34,,,0,70,,62975,34,0,61 8,0,30,,62977,34,0,61 8,0,70,,62976,34,0,61 8,0,30,,62981,34,0,61 8,0,71,,62980,34,0,61 8,0,31,,62982,34,,,0,74,,62978,34,0,61 8,0,30,,62983,34,,,0,70,,62979,34,0,61 8,0,29,,62984,34,,,0,70,,62985,34,0,61 8,0,29,,62986,34,,,0
100,'3_4',728,,62987,34,0,61 8,0,30,,62988,34,,,0,75,,62990,34,0,61 8,0,25,,62991,34,0,61 8,0,70,,62989,34,0,61 8,0,29,,62992,34,0,61 8,0,75,,62993,34,0,61 8,0,70,,62996,34,0,61 8,0,31,,62994,34,0,61 8,0,72,,62995,34,0,61 8,0,32,,62998,34,,,0,70,,62997,34,0,61 8,0,30,,62999,34,,,0,70,,63000,34,0,61 8,0,30,,63002,34,0,61 8,0,70,,63001,34,0,61 8,0,30,,63006,34,0,61 8,0,71,,63005,34,0,61 8,0,31,,63007,34,,,0,74,,63003,34,0,61 8,0,30,,63008,34,,,0,70,,63004,34,0,61 8,0,29,,63009,34,,,0,70,,63010,34,0,61 8,0,29,,63011,34,,,0
100,'3_5',728,,63012,34,0,61 8,0,30,,63013,34,,,0,75,,63015,34,0,61 8,0,25,,63016,34,0,61 8,0,70,,63014,34,0,61 8,0,29,,63017,34,0,61 8,0,75,,63018,34,0,61 8,0,70,,63021,34,0,61 8,0,31,,63019,34,0,61 8,0,72,,63020,34,0,61 8,0,32,,63023,34,,,0,70,,63022,34,0,61 8,0,30,,63024,34,,,0,70,,63025,34,0,61 8,0,30,,63027,34,0,61 8,0,70,,63026,34,0,61 8,0,30,,63031,34,0,61 8,0,71,,63030,34,0,61 8,0,31,,63032,34,,,0,74,,63028,34,0,61 8,0,30,,63033,34,,,0,70,,63029,34,0,61 8,0,29,,63034,34,,,0,70,,63035,34,0,61 8,0,29,,63036,34,,,0
100,'4_7',932,,63037,34,0,61 8,0,105,,63042,34,0,61 8,0,106,,63038,34,0,61 8,0,104,,63043,34,0,61 8,0,90,,63039,34,0,61 8,0,100,,63044,34,0,61 8,0,105,,63040,34,0,61 8,0,105,,63045,34,0,61 8,0,105,,63041,34,0,61 8,0,105,,63046,34,0,61 8,0
