2300,'S2-5_1',1605,,10711,2,,,0,100,,10712,2,,,0,100,,10713,2,,,0
2300,'S2-5_2',1605,,10714,2,,,0,100,,10715,2,,,0,100,,10716,2,,,0
2300,'S2-5_4',1605,,10717,2,,,0,100,,10718,2,,,0,100,,10719,2,,,0
2300,'S2-5_5',1605,,10720,2,,,0,100,,10721,2,,,0,100,,10722,2,,,0
2300,'S2-6_3',1209,,10724,2,,,0,3,,10723,2,,,0
4000000,'S2-1_6',637,,14274,5,0,46,0,18,,14230,5,0,45,0,62,,14252,5,0,46,0,20,,14231,5,0,45,0,20,,14253,5,0,46,0,61,,14232,5,0,45,0,20,,14254,5,0,46,0,20,,14233,5,0,45,0,60,,14255,5,0,46,0,22,,14234,5,0,45,0,19,,14256,5,0,46,0,61,,14235,5,0,45,0,21,,14257,5,0,46,0,61,,14236,5,0,45,0,21,,14258,5,0,46,0,21,,14237,5,0,45,0,62,,14259,5,0,46,0,21,,14238,5,0,45,0,20,,14260,5,0,45,0,61,,14239,5,0,46,0,21,,14261,5,0,45,0,18,,14240,5,0,46,0,59,,14262,5,0,45,0,18,,14241,5,0,46,0,18,,14263,5,0,45,0,59,,14242,5,0,46,0,20,,14264,5,0,45,0,20,,14243,5,0,46,0,60,,14265,5,0,45,0,20,,14244,5,0,46,0,20,,14266,5,0,45,0,61,,14245,5,0,46,0,20,,14267,5,0,45,0,20,,14246,5,0,46,0,59,,14268,5,0,45,0,20,,14247,5,0,46,0,19,,14269,5,0,45,0,19,,14248,5,0,46,0,60,,14270,5,0,45,0,19,,14249,5,0,46,0,20,,14271,5,0,45,0,60,,14250,5,0,46,0
4000000,'S2-4_7',826,,14275,5,0,46,0,110,,14280,5,0,45,0,110,,14276,5,0,46,0,110,,14281,5,0,45,0,150,,14277,5,0,46,0,110,,14282,5,0,45,0,110,,14278,5,0,46,0,110,,14283,5,0,45,0,110,,14279,5,0,46,0,110,,14284,5,0,45,0
4000000,'S2-5_1',637,,14330,5,0,45,0,18,,14286,5,0,46,0,67,,14308,5,0,45,0,27,,14287,5,0,46,0,55,,14309,5,0,45,0,19,,14288,5,0,46,0,22,,14310,5,0,45,0,61,,14289,5,0,46,0,16,,14311,5,0,45,0,19,,14290,5,0,46,0,59,,14312,5,0,45,0,19,,14291,5,0,46,0,20,,14313,5,0,45,0,61,,14292,5,0,46,0,20,,14314,5,0,45,0,19,,14293,5,0,46,0,63,,14315,5,0,45,0,20,,14294,5,0,46,0,19,,14316,5,0,45,0,18,,14295,5,0,46,0,59,,14317,5,0,45,0,23,,14296,5,0,46,0,61,,14318,5,0,45,0,20,,14297,5,0,46,0,19,,14319,5,0,45,0,60,,14298,5,0,46,0,20,,14320,5,0,45,0,18,,14299,5,0,46,0,62,,14321,5,0,45,0,22,,14300,5,0,46,0,22,,14322,5,0,45,0,66,,14301,5,0,46,0,22,,14323,5,0,45,0,20,,14302,5,0,46,0,56,,14324,5,0,45,0,18,,14303,5,0,46,0,16,,14325,5,0,45,0,14,,14304,5,0,46,0,60,,14326,5,0,45,0,20,,14305,5,0,46,0,20,,14327,5,0,45,0,59,,14306,5,0,46,0
4000000,'S2-5_2',637,,14375,5,0,45,0,18,,14331,5,0,46,0,67,,14353,5,0,45,0,27,,14332,5,0,46,0,55,,14354,5,0,45,0,19,,14333,5,0,46,0,22,,14355,5,0,45,0,61,,14334,5,0,46,0,16,,14356,5,0,45,0,19,,14335,5,0,46,0,59,,14357,5,0,45,0,19,,14336,5,0,46,0,20,,14358,5,0,45,0,61,,14337,5,0,46,0,20,,14359,5,0,45,0,19,,14338,5,0,46,0,63,,14360,5,0,45,0,20,,14339,5,0,46,0,19,,14361,5,0,45,0,18,,14340,5,0,46,0,59,,14362,5,0,45,0,23,,14341,5,0,46,0,61,,14363,5,0,45,0,20,,14342,5,0,46,0,19,,14364,5,0,45,0,60,,14343,5,0,46,0,20,,14365,5,0,45,0,18,,14344,5,0,46,0,62,,14366,5,0,45,0,22,,14345,5,0,46,0,22,,14367,5,0,45,0,66,,14346,5,0,46,0,22,,14368,5,0,45,0,20,,14347,5,0,46,0,56,,14369,5,0,45,0,18,,14348,5,0,46,0,16,,14370,5,0,45,0,14,,14349,5,0,46,0,60,,14371,5,0,45,0,20,,14350,5,0,46,0,20,,14372,5,0,45,0,59,,14351,5,0,46,0
4000000,'S2-5_4',637,,14420,5,0,45,0,18,,14376,5,0,46,0,67,,14398,5,0,45,0,27,,14377,5,0,46,0,55,,14399,5,0,45,0,19,,14378,5,0,46,0,22,,14400,5,0,45,0,61,,14379,5,0,46,0,16,,14401,5,0,45,0,19,,14380,5,0,46,0,59,,14402,5,0,45,0,19,,14381,5,0,46,0,20,,14403,5,0,45,0,61,,14382,5,0,46,0,20,,14404,5,0,45,0,19,,14383,5,0,46,0,63,,14405,5,0,45,0,20,,14384,5,0,46,0,19,,14406,5,0,45,0,18,,14385,5,0,46,0,59,,14407,5,0,45,0,23,,14386,5,0,46,0,61,,14408,5,0,45,0,20,,14387,5,0,46,0,19,,14409,5,0,45,0,60,,14388,5,0,46,0,20,,14410,5,0,45,0,18,,14389,5,0,46,0,62,,14411,5,0,45,0,22,,14390,5,0,46,0,22,,14412,5,0,45,0,66,,14391,5,0,46,0,22,,14413,5,0,45,0,20,,14392,5,0,46,0,56,,14414,5,0,45,0,18,,14393,5,0,46,0,16,,14415,5,0,45,0,14,,14394,5,0,46,0,60,,14416,5,0,45,0,20,,14395,5,0,46,0,20,,14417,5,0,45,0,59,,14396,5,0,46,0
4000000,'S2-5_5',637,,14465,5,0,45,0,18,,14421,5,0,46,0,67,,14443,5,0,45,0,27,,14422,5,0,46,0,55,,14444,5,0,45,0,19,,14423,5,0,46,0,22,,14445,5,0,45,0,61,,14424,5,0,46,0,16,,14446,5,0,45,0,19,,14425,5,0,46,0,59,,14447,5,0,45,0,19,,14426,5,0,46,0,20,,14448,5,0,45,0,61,,14427,5,0,46,0,20,,14449,5,0,45,0,19,,14428,5,0,46,0,63,,14450,5,0,45,0,20,,14429,5,0,46,0,19,,14451,5,0,45,0,18,,14430,5,0,46,0,59,,14452,5,0,45,0,23,,14431,5,0,46,0,61,,14453,5,0,45,0,20,,14432,5,0,46,0,19,,14454,5,0,45,0,60,,14433,5,0,46,0,20,,14455,5,0,45,0,18,,14434,5,0,46,0,62,,14456,5,0,45,0,22,,14435,5,0,46,0,22,,14457,5,0,45,0,66,,14436,5,0,46,0,22,,14458,5,0,45,0,20,,14437,5,0,46,0,56,,14459,5,0,45,0,18,,14438,5,0,46,0,16,,14460,5,0,45,0,14,,14439,5,0,46,0,60,,14461,5,0,45,0,20,,14440,5,0,46,0,20,,14462,5,0,45,0,59,,14441,5,0,46,0
4000000,'S2-6_3',637,,14510,5,0,45,0,18,,14466,5,0,46,0,67,,14488,5,0,45,0,27,,14467,5,0,46,0,55,,14489,5,0,45,0,19,,14468,5,0,46,0,22,,14490,5,0,45,0,61,,14469,5,0,46,0,16,,14491,5,0,45,0,19,,14470,5,0,46,0,59,,14492,5,0,45,0,19,,14471,5,0,46,0,20,,14493,5,0,45,0,61,,14472,5,0,46,0,20,,14494,5,0,45,0,19,,14473,5,0,46,0,63,,14495,5,0,45,0,20,,14474,5,0,46,0,19,,14496,5,0,45,0,18,,14475,5,0,46,0,59,,14497,5,0,45,0,23,,14476,5,0,46,0,61,,14498,5,0,45,0,20,,14477,5,0,46,0,19,,14499,5,0,45,0,60,,14478,5,0,46,0,20,,14500,5,0,45,0,18,,14479,5,0,46,0,62,,14501,5,0,45,0,22,,14480,5,0,46,0,22,,14502,5,0,45,0,66,,14481,5,0,46,0,22,,14503,5,0,45,0,20,,14482,5,0,46,0,56,,14504,5,0,45,0,18,,14483,5,0,46,0,16,,14505,5,0,45,0,14,,14484,5,0,46,0,60,,14506,5,0,45,0,20,,14485,5,0,46,0,20,,14507,5,0,45,0,59,,14486,5,0,46,0
