100,'0_6',651,,62779,1,0,61 8,0,202,,62780,1,0,61 8,0,99,,62781,1,0,61 8,0,102,,62782,1,0,61 8,0,100,,62783,1,0,61 8,0,100,,62784,1,0,61 8,0,99,,62785,1,0,61 8,0,100,,62786,1,0,61 8,0,101,,62787,1,0,61 8,0,104,,62788,1,0,61 8,0,99,,62789,1,0,61 8,0,102,,62790,1,0,61 8,0
100,'1_7',1003,,62807,1,0,61 8,0,210,,62808,1,0,61 8,0,190,,62809,1,0,61 8,0,209,,62810,1,0,61 8,0,212,,62811,1,0,61 8,0
100,'2_1',721,,62813,1,,,0,98,,62816,1,0,61 8,0,98,,62817,1,0,61 8,0,105,,62821,1,0,61 8,0,103,,62820,1,0,61 8,0,103,,62822,1,0,61 8,0,100,,62825,1,0,61 8,0,99,,62826,1,0,61 8,0,99,,62830,1,0,61 8,0,105,,62828,1,0,61 8,0,101,,62829,1,0,61 8,0,101,,62835,1,0,61 8,0
100,'2_2',721,,62838,1,,,0,98,,62841,1,0,61 8,0,98,,62842,1,0,61 8,0,105,,62846,1,0,61 8,0,103,,62845,1,0,61 8,0,103,,62847,1,0,61 8,0,100,,62850,1,0,61 8,0,99,,62851,1,0,61 8,0,99,,62855,1,0,61 8,0,105,,62853,1,0,61 8,0,101,,62854,1,0,61 8,0,101,,62860,1,0,61 8,0
100,'2_3',721,,62863,1,,,0,98,,62866,1,0,61 8,0,98,,62867,1,0,61 8,0,105,,62871,1,0,61 8,0,103,,62870,1,0,61 8,0,103,,62872,1,0,61 8,0,100,,62875,1,0,61 8,0,99,,62876,1,0,61 8,0,99,,62880,1,0,61 8,0,105,,62878,1,0,61 8,0,101,,62879,1,0,61 8,0,101,,62885,1,0,61 8,0
100,'2_4',721,,62888,1,,,0,98,,62891,1,0,61 8,0,98,,62892,1,0,61 8,0,105,,62896,1,0,61 8,0,103,,62895,1,0,61 8,0,103,,62897,1,0,61 8,0,100,,62900,1,0,61 8,0,99,,62901,1,0,61 8,0,99,,62905,1,0,61 8,0,105,,62903,1,0,61 8,0,101,,62904,1,0,61 8,0,101,,62910,1,0,61 8,0
100,'2_5',721,,62913,1,,,0,98,,62916,1,0,61 8,0,98,,62917,1,0,61 8,0,105,,62921,1,0,61 8,0,103,,62920,1,0,61 8,0,103,,62922,1,0,61 8,0,100,,62925,1,0,61 8,0,99,,62926,1,0,61 8,0,99,,62930,1,0,61 8,0,105,,62928,1,0,61 8,0,101,,62929,1,0,61 8,0,101,,62935,1,0,61 8,0
100,'3_1',721,,62938,1,,,0,98,,62941,1,0,61 8,0,98,,62942,1,0,61 8,0,105,,62946,1,0,61 8,0,103,,62945,1,0,61 8,0,103,,62947,1,0,61 8,0,100,,62950,1,0,61 8,0,99,,62951,1,0,61 8,0,99,,62955,1,0,61 8,0,105,,62953,1,0,61 8,0,101,,62954,1,0,61 8,0,101,,62960,1,0,61 8,0
100,'3_3',721,,62963,1,,,0,98,,62966,1,0,61 8,0,98,,62967,1,0,61 8,0,105,,62971,1,0,61 8,0,103,,62970,1,0,61 8,0,103,,62972,1,0,61 8,0,100,,62975,1,0,61 8,0,99,,62976,1,0,61 8,0,99,,62980,1,0,61 8,0,105,,62978,1,0,61 8,0,101,,62979,1,0,61 8,0,101,,62985,1,0,61 8,0
100,'3_4',721,,62988,1,,,0,98,,62991,1,0,61 8,0,98,,62992,1,0,61 8,0,105,,62996,1,0,61 8,0,103,,62995,1,0,61 8,0,103,,62997,1,0,61 8,0,100,,63000,1,0,61 8,0,99,,63001,1,0,61 8,0,99,,63005,1,0,61 8,0,105,,63003,1,0,61 8,0,101,,63004,1,0,61 8,0,101,,63010,1,0,61 8,0
100,'3_5',721,,63013,1,,,0,98,,63016,1,0,61 8,0,98,,63017,1,0,61 8,0,105,,63021,1,0,61 8,0,103,,63020,1,0,61 8,0,103,,63022,1,0,61 8,0,100,,63025,1,0,61 8,0,99,,63026,1,0,61 8,0,99,,63030,1,0,61 8,0,105,,63028,1,0,61 8,0,101,,63029,1,0,61 8,0,101,,63035,1,0,61 8,0
100,'4_7',1003,,63042,1,0,61 8,0,210,,63043,1,0,61 8,0,190,,63044,1,0,61 8,0,209,,63045,1,0,61 8,0,212,,63046,1,0,61 8,0
