201,'2_6',653,,30614,2,0,20,0,99,,30615,2,0,21,0,153,,30616,2,0,20,0,105,,30617,2,0,20,0,106,,30618,2,0,20,0,110,,30619,2,0,21,0,103,,30620,2,0,21,0,106,,30621,2,0,62,0,102,,30622,2,0,62,0,103,,30623,2,0,21,0,103,,30624,2,0,21,0,103,,30625,2,0,21,0
201,'5_1',653,,37457,2,0,20,0,99,,37452,2,0,21,0,100,,37453,2,0,21,0,148,,37445,2,0,21,0,111,,37443,2,0,21,0,115,,37444,2,0,20,0,95,,37438,2,0,62,0,94,,37435,2,0,20,0,90,,37436,2,0,62,0,99,,37430,2,0,21,0,115,,37423,2,0,62,0,100,,37425,2,0,62,0,109,,37420,2,0,21,0
201,'5_2',653,,38869,2,0,20,0,99,,38864,2,0,21,0,100,,38865,2,0,21,0,148,,38857,2,0,21,0,111,,38855,2,0,21,0,115,,38856,2,0,20,0,95,,38850,2,0,62,0,94,,38847,2,0,20,0,90,,38848,2,0,62,0,99,,38842,2,0,21,0,115,,38835,2,0,62,0,100,,38837,2,0,62,0,109,,38832,2,0,21,0
201,'5_3',653,,38908,2,0,20,0,99,,38903,2,0,21,0,100,,38904,2,0,21,0,148,,38896,2,0,21,0,111,,38894,2,0,21,0,115,,38895,2,0,20,0,95,,38889,2,0,62,0,94,,38886,2,0,20,0,90,,38887,2,0,62,0,99,,38881,2,0,21,0,115,,38874,2,0,62,0,100,,38876,2,0,62,0,109,,38871,2,0,21,0
201,'5_4',653,,38947,2,0,20,0,99,,38942,2,0,21,0,100,,38943,2,0,21,0,148,,38935,2,0,21,0,111,,38933,2,0,21,0,115,,38934,2,0,20,0,95,,38928,2,0,62,0,94,,38925,2,0,20,0,90,,38926,2,0,62,0,99,,38920,2,0,21,0,115,,38913,2,0,62,0,100,,38915,2,0,62,0,109,,38910,2,0,21,0
201,'5_5',653,,38986,2,0,20,0,99,,38981,2,0,21,0,100,,38982,2,0,21,0,148,,38974,2,0,21,0,111,,38972,2,0,21,0,115,,38973,2,0,20,0,95,,38967,2,0,62,0,94,,38964,2,0,20,0,90,,38965,2,0,62,0,99,,38959,2,0,21,0,115,,38952,2,0,62,0,100,,38954,2,0,62,0,109,,38949,2,0,21,0
201,'6_1',653,,39025,2,0,20,0,99,,39020,2,0,21,0,100,,39021,2,0,21,0,148,,39013,2,0,21,0,111,,39011,2,0,21,0,115,,39012,2,0,20,0,95,,39006,2,0,62,0,94,,39003,2,0,20,0,90,,39004,2,0,62,0,99,,38998,2,0,21,0,115,,38991,2,0,62,0,100,,38993,2,0,62,0,109,,38988,2,0,21,0
201,'6_2',653,,43842,2,0,20,0,99,,43837,2,0,21,0,100,,43838,2,0,21,0,148,,43830,2,0,21,0,111,,43828,2,0,21,0,115,,43829,2,0,20,0,95,,43823,2,0,62,0,94,,43820,2,0,20,0,90,,43821,2,0,62,0,99,,43815,2,0,21,0,115,,43808,2,0,62,0,100,,43810,2,0,62,0,109,,43805,2,0,21,0
201,'6_3',653,,43881,2,0,20,0,99,,43876,2,0,21,0,100,,43877,2,0,21,0,148,,43869,2,0,21,0,111,,43867,2,0,21,0,115,,43868,2,0,20,0,95,,43862,2,0,62,0,94,,43859,2,0,20,0,90,,43860,2,0,62,0,99,,43854,2,0,21,0,115,,43847,2,0,62,0,100,,43849,2,0,62,0,109,,43844,2,0,21,0
201,'6_4',653,,43920,2,0,20,0,99,,43915,2,0,21,0,100,,43916,2,0,21,0,148,,43908,2,0,21,0,111,,43906,2,0,21,0,115,,43907,2,0,20,0,95,,43901,2,0,62,0,94,,43898,2,0,20,0,90,,43899,2,0,62,0,99,,43893,2,0,21,0,115,,43886,2,0,62,0,100,,43888,2,0,62,0,109,,43883,2,0,21,0
