1700,'2509-HIV-25j05H-d-Dimanche-00',815,,11569,,,0,900,,11570,,,0
1700,'2509-HIV-25j26H-d-Dimanche-00',815,,11571,,,0,900,,11572,,,0
1700,'2509-HIV-26a05H-w-Mercredi-00',630,,11573,,,0,102,,11575,,,0,83,,11576,0,9 10 9,0,42,,11577,,,0,1043,,11574,,,0
1700,'2509-HIV-26a05H-w-Mercredi-00-0010000',1402,,11578,,,0
1700,'2509-HIV-26a05Hlv-L-Ma-J-V-00',630,,11579,,,0,102,,11581,,,0,83,,11582,0,9 10 9,0,42,,11583,,,0,1043,,11580,,,0
1701,'2509-HIV-25j05H-d-Dimanche-00',1045,,11584,,,0,897,,11585,,,0
1701,'2509-HIV-25j26H-d-Dimanche-00',1045,,11586,,,0,897,,11587,,,0
1701,'2509-HIV-26a05H-w-Mercredi-00',658,,11588,,,0,1166,,11589,,,0,95,,11590,,,0
1701,'2509-HIV-26a05H-w-Mercredi-00-0010000',1140,,11592,,,0,190,,11593,,,0
1701,'2509-HIV-26a05Hlv-L-Ma-J-V-00',658,,11594,,,0,1166,,11595,,,0,95,,11596,,,0
1701,'2509-HIV-26a05Hlv-L-Ma-J-V-00-1101100',1610,,11598,,,0,105,,11599,,,0
