100,'S2-0_6',718,,53556,25,0,61 8,0,110,,53568,25,0,61 8,0,95,,53557,25,0,61 8,0,31,,53569,25,0,61 8,0,70,,53558,25,0,61 8,0,32,,53570,25,0,61 8,0,70,,53559,25,0,61 8,0,29,,53571,25,0,61 8,0,71,,53560,25,0,61 8,0,28,,53572,25,0,61 8,0,70,,53561,25,0,61 8,0,30,,53573,25,0,61 8,0,70,,53562,25,0,61 8,0,31,,53574,25,0,61 8,0,69,,53563,25,0,61 8,0,31,,53575,25,0,61 8,0,71,,53564,25,0,61 8,0,31,,53576,25,0,61 8,0,73,,53565,25,0,61 8,0,28,,53577,25,0,61 8,0,70,,53566,25,0,61 8,0,31,,53578,25,0,61 8,0,69,,53567,25,0,61 8,0
100,'S2-1_7',923,,53579,25,0,61 8,0,105,,53584,25,0,61 8,0,106,,53580,25,0,61 8,0,104,,53585,25,0,61 8,0,90,,53581,25,0,61 8,0,100,,53586,25,0,61 8,0,105,,53582,25,0,61 8,0,105,,53587,25,0,61 8,0,105,,53583,25,0,61 8,0,105,,53588,25,0,61 8,0
100,'S2-2_1',718,,53589,25,0,61 8,0,30,,53590,25,,,0,75,,53592,25,0,61 8,0,25,,53593,25,0,61 8,0,70,,53591,25,0,61 8,0,30,,53594,25,0,61 8,0,75,,53595,25,0,61 8,0,30,,53598,25,0,61 8,0,71,,53596,25,0,61 8,0,32,,53597,25,0,61 8,0,72,,53600,25,,,0,30,,53599,25,0,61 8,0,70,,53601,25,,,0,30,,53602,25,0,61 8,0,70,,53604,25,0,61 8,0,30,,53603,25,0,61 8,0,70,,53608,25,0,61 8,0,30,,53607,25,0,61 8,0,71,,53609,25,,,0,74,,53605,25,0,61 8,0,30,,53610,25,,,0,70,,53606,25,0,61 8,0,30,,53611,25,,,0,70,,53612,25,0,61 8,0,30,,53613,25,,,0
100,'S2-2_2',718,,53614,25,0,61 8,0,30,,53615,25,,,0,75,,53617,25,0,61 8,0,25,,53618,25,0,61 8,0,70,,53616,25,0,61 8,0,30,,53619,25,0,61 8,0,75,,53620,25,0,61 8,0,30,,53623,25,0,61 8,0,71,,53621,25,0,61 8,0,32,,53622,25,0,61 8,0,72,,53625,25,,,0,30,,53624,25,0,61 8,0,70,,53626,25,,,0,30,,53627,25,0,61 8,0,70,,53629,25,0,61 8,0,30,,53628,25,0,61 8,0,70,,53633,25,0,61 8,0,30,,53632,25,0,61 8,0,71,,53634,25,,,0,74,,53630,25,0,61 8,0,30,,53635,25,,,0,70,,53631,25,0,61 8,0,30,,53636,25,,,0,70,,53637,25,0,61 8,0,30,,53638,25,,,0
100,'S2-2_3',718,,53639,25,0,61 8,0,30,,53640,25,,,0,75,,53642,25,0,61 8,0,25,,53643,25,0,61 8,0,70,,53641,25,0,61 8,0,30,,53644,25,0,61 8,0,75,,53645,25,0,61 8,0,30,,53648,25,0,61 8,0,71,,53646,25,0,61 8,0,32,,53647,25,0,61 8,0,72,,53650,25,,,0,30,,53649,25,0,61 8,0,70,,53651,25,,,0,30,,53652,25,0,61 8,0,70,,53654,25,0,61 8,0,30,,53653,25,0,61 8,0,70,,53658,25,0,61 8,0,30,,53657,25,0,61 8,0,71,,53659,25,,,0,74,,53655,25,0,61 8,0,30,,53660,25,,,0,70,,53656,25,0,61 8,0,30,,53661,25,,,0,70,,53662,25,0,61 8,0,30,,53663,25,,,0
100,'S2-2_4',718,,53664,25,0,61 8,0,30,,53665,25,,,0,75,,53667,25,0,61 8,0,25,,53668,25,0,61 8,0,70,,53666,25,0,61 8,0,30,,53669,25,0,61 8,0,75,,53670,25,0,61 8,0,30,,53673,25,0,61 8,0,71,,53671,25,0,61 8,0,32,,53672,25,0,61 8,0,72,,53675,25,,,0,30,,53674,25,0,61 8,0,70,,53676,25,,,0,30,,53677,25,0,61 8,0,70,,53679,25,0,61 8,0,30,,53678,25,0,61 8,0,70,,53683,25,0,61 8,0,30,,53682,25,0,61 8,0,71,,53684,25,,,0,74,,53680,25,0,61 8,0,30,,53685,25,,,0,70,,53681,25,0,61 8,0,30,,53686,25,,,0,70,,53687,25,0,61 8,0,30,,53688,25,,,0
100,'S2-2_5',718,,53689,25,0,61 8,0,30,,53690,25,,,0,75,,53692,25,0,61 8,0,25,,53693,25,0,61 8,0,70,,53691,25,0,61 8,0,30,,53694,25,0,61 8,0,75,,53695,25,0,61 8,0,30,,53698,25,0,61 8,0,71,,53696,25,0,61 8,0,32,,53697,25,0,61 8,0,72,,53700,25,,,0,30,,53699,25,0,61 8,0,70,,53701,25,,,0,30,,53702,25,0,61 8,0,70,,53704,25,0,61 8,0,30,,53703,25,0,61 8,0,70,,53708,25,0,61 8,0,30,,53707,25,0,61 8,0,71,,53709,25,,,0,74,,53705,25,0,61 8,0,30,,53710,25,,,0,70,,53706,25,0,61 8,0,30,,53711,25,,,0,70,,53712,25,0,61 8,0,30,,53713,25,,,0
100,'S2-3_1',718,,53714,25,0,61 8,0,30,,53715,25,,,0,75,,53717,25,0,61 8,0,25,,53718,25,0,61 8,0,70,,53716,25,0,61 8,0,30,,53719,25,0,61 8,0,75,,53720,25,0,61 8,0,30,,53723,25,0,61 8,0,71,,53721,25,0,61 8,0,32,,53722,25,0,61 8,0,72,,53725,25,,,0,30,,53724,25,0,61 8,0,70,,53726,25,,,0,30,,53727,25,0,61 8,0,70,,53729,25,0,61 8,0,30,,53728,25,0,61 8,0,70,,53733,25,0,61 8,0,30,,53732,25,0,61 8,0,71,,53734,25,,,0,74,,53730,25,0,61 8,0,30,,53735,25,,,0,70,,53731,25,0,61 8,0,30,,53736,25,,,0,70,,53737,25,0,61 8,0,30,,53738,25,,,0
100,'S2-3_3',718,,53739,25,0,61 8,0,30,,53740,25,,,0,75,,53742,25,0,61 8,0,25,,53743,25,0,61 8,0,70,,53741,25,0,61 8,0,30,,53744,25,0,61 8,0,75,,53745,25,0,61 8,0,30,,53748,25,0,61 8,0,71,,53746,25,0,61 8,0,32,,53747,25,0,61 8,0,72,,53750,25,,,0,30,,53749,25,0,61 8,0,70,,53751,25,,,0,30,,53752,25,0,61 8,0,70,,53754,25,0,61 8,0,30,,53753,25,0,61 8,0,70,,53758,25,0,61 8,0,30,,53757,25,0,61 8,0,71,,53759,25,,,0,74,,53755,25,0,61 8,0,30,,53760,25,,,0,70,,53756,25,0,61 8,0,30,,53761,25,,,0,70,,53762,25,0,61 8,0,30,,53763,25,,,0
100,'S2-3_4',718,,53764,25,0,61 8,0,30,,53765,25,,,0,75,,53767,25,0,61 8,0,25,,53768,25,0,61 8,0,70,,53766,25,0,61 8,0,30,,53769,25,0,61 8,0,75,,53770,25,0,61 8,0,30,,53773,25,0,61 8,0,71,,53771,25,0,61 8,0,32,,53772,25,0,61 8,0,72,,53775,25,,,0,30,,53774,25,0,61 8,0,70,,53776,25,,,0,30,,53777,25,0,61 8,0,70,,53779,25,0,61 8,0,30,,53778,25,0,61 8,0,70,,53783,25,0,61 8,0,30,,53782,25,0,61 8,0,71,,53784,25,,,0,74,,53780,25,0,61 8,0,30,,53785,25,,,0,70,,53781,25,0,61 8,0,30,,53786,25,,,0,70,,53787,25,0,61 8,0,30,,53788,25,,,0
100,'S2-4_7',923,,53789,25,0,61 8,0,105,,53794,25,0,61 8,0,106,,53790,25,0,61 8,0,104,,53795,25,0,61 8,0,90,,53791,25,0,61 8,0,100,,53796,25,0,61 8,0,105,,53792,25,0,61 8,0,105,,53797,25,0,61 8,0,105,,53793,25,0,61 8,0,105,,53798,25,0,61 8,0
200,'S2-0_6',714,,54042,24,0,34,0,30,,54053,21,0,35 37,0,60,,54065,12,0,38,0,20,,54043,24,0,34,0,25,,54054,21,0,35 37,0,60,,54066,24,0,38,0,20,,54044,21,0,34,0,24,,54055,12,0,35 37,0,60,,54067,12,0,38,0,20,,54045,24,0,34,0,25,,54056,21,0,35 37,0,63,,54068,12,0,38,0,23,,54046,24,0,34,0,64,,54057,21,0,35 37,0,20,,54069,12,0,38,0,20,,54047,22,0,34,0,60,,54058,12,0,35 37,0,20,,54070,21,0,38,0,20,,54048,24,0,34,0,60,,54059,21,0,35 37,0,21,,54071,12,0,38,0,21,,54049,24,0,34,0,61,,54060,21,0,35 37,0,21,,54072,12,0,38,0,23,,54050,24,0,34,0,67,,54061,21,0,35 37,0,18,,54073,12,0,38,0,19,,54051,24,0,34,0,65,,54062,21,0,35 37,0,18,,54074,12,0,38,0,17,,54052,24,0,34,0,60,,54076,21,0,35 37,0,25,,54075,12,0,38,0,67,,54063,24,0,35 37,0,23,,54064,21,0,34,0
200,'S2-1_7',939,,54077,21,0,38,0,165,,54078,21,0,38,0,125,,54079,21,0,38,0,110,,54080,21,0,38,0,165,,54081,21,0,38,0,125,,54082,21,0,38,0,125,,54083,21,0,38,0,165,,54084,21,0,38,0
200,'S2-2_1',714,,54085,24,0,34,0,30,,54096,21,0,35 37,0,60,,54108,12,0,38,0,20,,54086,24,0,34,0,25,,54097,21,0,35 37,0,60,,54109,24,0,38,0,20,,54087,21,0,34,0,24,,54098,12,0,35 37,0,60,,54110,12,0,38,0,20,,54088,24,0,34,0,25,,54099,21,0,35 37,0,63,,54111,12,0,38,0,23,,54089,24,0,34,0,64,,54100,21,0,35 37,0,20,,54112,12,0,38,0,20,,54090,22,0,34,0,60,,54101,12,0,35 37,0,20,,54113,21,0,38,0,20,,54091,24,0,34,0,60,,54102,21,0,35 37,0,21,,54114,12,0,38,0,21,,54092,24,0,34,0,61,,54103,21,0,35 37,0,21,,54115,12,0,38,0,23,,54093,24,0,34,0,67,,54104,21,0,35 37,0,18,,54116,12,0,38,0,19,,54094,24,0,34,0,65,,54105,21,0,35 37,0,18,,54117,12,0,38,0,17,,54095,24,0,34,0,60,,54119,21,0,35 37,0,25,,54118,12,0,38,0,67,,54106,24,0,35 37,0,23,,54107,21,0,34,0
200,'S2-2_2',714,,54120,24,0,34,0,30,,54131,21,0,35 37,0,60,,54143,12,0,38,0,20,,54121,24,0,34,0,25,,54132,21,0,35 37,0,60,,54144,24,0,38,0,20,,54122,21,0,34,0,24,,54133,12,0,35 37,0,60,,54145,12,0,38,0,20,,54123,24,0,34,0,25,,54134,21,0,35 37,0,63,,54146,12,0,38,0,23,,54124,24,0,34,0,64,,54135,21,0,35 37,0,20,,54147,12,0,38,0,20,,54125,22,0,34,0,60,,54136,12,0,35 37,0,20,,54148,21,0,38,0,20,,54126,24,0,34,0,60,,54137,21,0,35 37,0,21,,54149,12,0,38,0,21,,54127,24,0,34,0,61,,54138,21,0,35 37,0,21,,54150,12,0,38,0,23,,54128,24,0,34,0,67,,54139,21,0,35 37,0,18,,54151,12,0,38,0,19,,54129,24,0,34,0,65,,54140,21,0,35 37,0,18,,54152,12,0,38,0,17,,54130,24,0,34,0,60,,54154,21,0,35 37,0,25,,54153,12,0,38,0,67,,54141,24,0,35 37,0,23,,54142,21,0,34,0
200,'S2-2_3',714,,54155,24,0,34,0,30,,54166,21,0,35 37,0,60,,54178,12,0,38,0,20,,54156,24,0,34,0,25,,54167,21,0,35 37,0,60,,54179,24,0,38,0,20,,54157,21,0,34,0,24,,54168,12,0,35 37,0,60,,54180,12,0,38,0,20,,54158,24,0,34,0,25,,54169,21,0,35 37,0,63,,54181,12,0,38,0,23,,54159,24,0,34,0,64,,54170,21,0,35 37,0,20,,54182,12,0,38,0,20,,54160,22,0,34,0,60,,54171,12,0,35 37,0,20,,54183,21,0,38,0,20,,54161,24,0,34,0,60,,54172,21,0,35 37,0,21,,54184,12,0,38,0,21,,54162,24,0,34,0,61,,54173,21,0,35 37,0,21,,54185,12,0,38,0,23,,54163,24,0,34,0,67,,54174,21,0,35 37,0,18,,54186,12,0,38,0,19,,54164,24,0,34,0,65,,54175,21,0,35 37,0,18,,54187,12,0,38,0,17,,54165,24,0,34,0,60,,54189,21,0,35 37,0,25,,54188,12,0,38,0,67,,54176,24,0,35 37,0,23,,54177,21,0,34,0
200,'S2-2_4',714,,54190,24,0,34,0,30,,54201,21,0,35 37,0,60,,54213,12,0,38,0,20,,54191,24,0,34,0,25,,54202,21,0,35 37,0,60,,54214,24,0,38,0,20,,54192,21,0,34,0,24,,54203,12,0,35 37,0,60,,54215,12,0,38,0,20,,54193,24,0,34,0,25,,54204,21,0,35 37,0,63,,54216,12,0,38,0,23,,54194,24,0,34,0,64,,54205,21,0,35 37,0,20,,54217,12,0,38,0,20,,54195,22,0,34,0,60,,54206,12,0,35 37,0,20,,54218,21,0,38,0,20,,54196,24,0,34,0,60,,54207,21,0,35 37,0,21,,54219,12,0,38,0,21,,54197,24,0,34,0,61,,54208,21,0,35 37,0,21,,54220,12,0,38,0,23,,54198,24,0,34,0,67,,54209,21,0,35 37,0,18,,54221,12,0,38,0,19,,54199,24,0,34,0,65,,54210,21,0,35 37,0,18,,54222,12,0,38,0,17,,54200,24,0,34,0,60,,54224,21,0,35 37,0,25,,54223,12,0,38,0,67,,54211,24,0,35 37,0,23,,54212,21,0,34,0
200,'S2-2_5',714,,54225,24,0,34,0,30,,54236,21,0,35 37,0,60,,54248,12,0,38,0,20,,54226,24,0,34,0,25,,54237,21,0,35 37,0,60,,54249,24,0,38,0,20,,54227,21,0,34,0,24,,54238,12,0,35 37,0,60,,54250,12,0,38,0,20,,54228,24,0,34,0,25,,54239,21,0,35 37,0,63,,54251,12,0,38,0,23,,54229,24,0,34,0,64,,54240,21,0,35 37,0,20,,54252,12,0,38,0,20,,54230,22,0,34,0,60,,54241,12,0,35 37,0,20,,54253,21,0,38,0,20,,54231,24,0,34,0,60,,54242,21,0,35 37,0,21,,54254,12,0,38,0,21,,54232,24,0,34,0,61,,54243,21,0,35 37,0,21,,54255,12,0,38,0,23,,54233,24,0,34,0,67,,54244,21,0,35 37,0,18,,54256,12,0,38,0,19,,54234,24,0,34,0,65,,54245,21,0,35 37,0,18,,54257,12,0,38,0,17,,54235,24,0,34,0,60,,54259,21,0,35 37,0,25,,54258,12,0,38,0,67,,54246,24,0,35 37,0,23,,54247,21,0,34,0
200,'S2-3_1',714,,54260,24,0,34,0,30,,54271,21,0,35 37,0,60,,54283,12,0,38,0,20,,54261,24,0,34,0,25,,54272,21,0,35 37,0,60,,54284,24,0,38,0,20,,54262,21,0,34,0,24,,54273,12,0,35 37,0,60,,54285,12,0,38,0,20,,54263,24,0,34,0,25,,54274,21,0,35 37,0,63,,54286,12,0,38,0,23,,54264,24,0,34,0,64,,54275,21,0,35 37,0,20,,54287,12,0,38,0,20,,54265,22,0,34,0,60,,54276,12,0,35 37,0,20,,54288,21,0,38,0,20,,54266,24,0,34,0,60,,54277,21,0,35 37,0,21,,54289,12,0,38,0,21,,54267,24,0,34,0,61,,54278,21,0,35 37,0,21,,54290,12,0,38,0,23,,54268,24,0,34,0,67,,54279,21,0,35 37,0,18,,54291,12,0,38,0,19,,54269,24,0,34,0,65,,54280,21,0,35 37,0,18,,54292,12,0,38,0,17,,54270,24,0,34,0,60,,54294,21,0,35 37,0,25,,54293,12,0,38,0,67,,54281,24,0,35 37,0,23,,54282,21,0,34,0
200,'S2-3_3',714,,54295,24,0,34,0,30,,54306,21,0,35 37,0,60,,54318,12,0,38,0,20,,54296,24,0,34,0,25,,54307,21,0,35 37,0,60,,54319,24,0,38,0,20,,54297,21,0,34,0,24,,54308,12,0,35 37,0,60,,54320,12,0,38,0,20,,54298,24,0,34,0,25,,54309,21,0,35 37,0,63,,54321,12,0,38,0,23,,54299,24,0,34,0,64,,54310,21,0,35 37,0,20,,54322,12,0,38,0,20,,54300,22,0,34,0,60,,54311,12,0,35 37,0,20,,54323,21,0,38,0,20,,54301,24,0,34,0,60,,54312,21,0,35 37,0,21,,54324,12,0,38,0,21,,54302,24,0,34,0,61,,54313,21,0,35 37,0,21,,54325,12,0,38,0,23,,54303,24,0,34,0,67,,54314,21,0,35 37,0,18,,54326,12,0,38,0,19,,54304,24,0,34,0,65,,54315,21,0,35 37,0,18,,54327,12,0,38,0,17,,54305,24,0,34,0,60,,54329,21,0,35 37,0,25,,54328,12,0,38,0,67,,54316,24,0,35 37,0,23,,54317,21,0,34,0
200,'S2-3_4',714,,54330,24,0,34,0,30,,54341,21,0,35 37,0,60,,54353,12,0,38,0,20,,54331,24,0,34,0,25,,54342,21,0,35 37,0,60,,54354,24,0,38,0,20,,54332,21,0,34,0,24,,54343,12,0,35 37,0,60,,54355,12,0,38,0,20,,54333,24,0,34,0,25,,54344,21,0,35 37,0,63,,54356,12,0,38,0,23,,54334,24,0,34,0,64,,54345,21,0,35 37,0,20,,54357,12,0,38,0,20,,54335,22,0,34,0,60,,54346,12,0,35 37,0,20,,54358,21,0,38,0,20,,54336,24,0,34,0,60,,54347,21,0,35 37,0,21,,54359,12,0,38,0,21,,54337,24,0,34,0,61,,54348,21,0,35 37,0,21,,54360,12,0,38,0,23,,54338,24,0,34,0,67,,54349,21,0,35 37,0,18,,54361,12,0,38,0,19,,54339,24,0,34,0,65,,54350,21,0,35 37,0,18,,54362,12,0,38,0,17,,54340,24,0,34,0,60,,54364,21,0,35 37,0,25,,54363,12,0,38,0,67,,54351,24,0,35 37,0,23,,54352,21,0,34,0
200,'S2-4_7',939,,54365,21,0,38,0,165,,54366,21,0,38,0,125,,54367,21,0,38,0,110,,54368,21,0,38,0,165,,54369,21,0,38,0,125,,54370,21,0,38,0,125,,54371,21,0,38,0,165,,54372,21,0,38,0
300,'S2-0_6',722,,54739,34,,,0,29,,54740,34,,,0,69,,54741,34,,,0,30,,54742,34,,,0,75,,54743,34,,,0,33,,54744,34,,,0,75,,54745,34,,,0,74,,54746,34,,,0,32,,54747,34,,,0,72,,54738,34,,,0,33,,54737,34,,,0,72,,54736,34,,,0,33,,54735,34,,,0,72,,54713,34,,,0,28,,54714,34,,,0,69,,54715,34,,,0,28,,54716,34,,,0,68,,54717,34,,,0,30,,54718,34,,,0,72,,54719,34,,,0,28,,54720,34,,,0,67,,54721,34,,,0,28,,54722,34,,,0,69,,54723,34,,,0,27,,54724,34,,,0,65,,54725,34,,,0,25,,54726,34,,,0,23,,54727,34,,,0,64,,54749,34,,,0,24,,54748,34,,,0,64,,54728,22,,,0,30,,54729,22,,,0,70,,54730,22,,,0,30,,54731,22,,,0,70,,54732,22,,,0,29,,54733,22,,,0,30,,54734,22,,,0
300,'S2-1_7',925,,54772,34,,,0,33,,54773,34,,,0,75,,54774,34,,,0,74,,54775,34,,,0,32,,54766,34,,,0,72,,54771,34,,,0,33,,54770,34,,,0,72,,54769,34,,,0,33,,54768,34,,,0,72,,54750,34,,,0,28,,54751,34,,,0,69,,54752,34,,,0,28,,54753,34,,,0,68,,54754,34,,,0,30,,54755,34,,,0,72,,54756,34,,,0,28,,54757,34,,,0,67,,54758,34,,,0,28,,54759,34,,,0,69,,54760,34,,,0,27,,54761,34,,,0,65,,54762,34,,,0,25,,54763,34,,,0,23,,54764,34,,,0,64,,54767,34,,,0,24,,54765,34,,,0
300,'S2-2_1',722,,54795,34,,,0,29,,54796,34,,,0,69,,54797,34,,,0,30,,54798,34,,,0,75,,54799,34,,,0,33,,54800,34,,,0,75,,54801,34,,,0,74,,54802,34,,,0,32,,54803,34,,,0,72,,54794,34,,,0,33,,54793,34,,,0,72,,54792,34,,,0,33,,54791,34,,,0,72,,54776,34,,,0,28,,54777,34,,,0,69,,54778,34,,,0,28,,54779,34,,,0,68,,54780,34,,,0,30,,54781,34,,,0,72,,54782,34,,,0,28,,54783,34,,,0,67,,54784,34,,,0,28,,54785,34,,,0,69,,54786,34,,,0,27,,54787,34,,,0,65,,54788,34,,,0,25,,54789,34,,,0,23,,54790,34,,,0,64,,54805,34,,,0,24,,54804,34,,,0
300,'S2-2_2',722,,54825,34,,,0,29,,54826,34,,,0,69,,54827,34,,,0,30,,54828,34,,,0,75,,54829,34,,,0,33,,54830,34,,,0,75,,54831,34,,,0,74,,54832,34,,,0,32,,54833,34,,,0,72,,54824,34,,,0,33,,54823,34,,,0,72,,54822,34,,,0,33,,54821,34,,,0,72,,54806,34,,,0,28,,54807,34,,,0,69,,54808,34,,,0,28,,54809,34,,,0,68,,54810,34,,,0,30,,54811,34,,,0,72,,54812,34,,,0,28,,54813,34,,,0,67,,54814,34,,,0,28,,54815,34,,,0,69,,54816,34,,,0,27,,54817,34,,,0,65,,54818,34,,,0,25,,54819,34,,,0,23,,54820,34,,,0,64,,54835,34,,,0,24,,54834,34,,,0
300,'S2-2_3',722,,54855,34,,,0,29,,54856,34,,,0,69,,54857,34,,,0,30,,54858,34,,,0,75,,54859,34,,,0,33,,54860,34,,,0,75,,54861,34,,,0,74,,54862,34,,,0,32,,54863,34,,,0,72,,54854,34,,,0,33,,54853,34,,,0,72,,54852,34,,,0,33,,54851,34,,,0,72,,54836,34,,,0,28,,54837,34,,,0,69,,54838,34,,,0,28,,54839,34,,,0,68,,54840,34,,,0,30,,54841,34,,,0,72,,54842,34,,,0,28,,54843,34,,,0,67,,54844,34,,,0,28,,54845,34,,,0,69,,54846,34,,,0,27,,54847,34,,,0,65,,54848,34,,,0,25,,54849,34,,,0,23,,54850,34,,,0,64,,54865,34,,,0,24,,54864,34,,,0
300,'S2-2_4',722,,54885,34,,,0,29,,54886,34,,,0,69,,54887,34,,,0,30,,54888,34,,,0,75,,54889,34,,,0,33,,54890,34,,,0,75,,54891,34,,,0,74,,54892,34,,,0,32,,54893,34,,,0,72,,54884,34,,,0,33,,54883,34,,,0,72,,54882,34,,,0,33,,54881,34,,,0,72,,54866,34,,,0,28,,54867,34,,,0,69,,54868,34,,,0,28,,54869,34,,,0,68,,54870,34,,,0,30,,54871,34,,,0,72,,54872,34,,,0,28,,54873,34,,,0,67,,54874,34,,,0,28,,54875,34,,,0,69,,54876,34,,,0,27,,54877,34,,,0,65,,54878,34,,,0,25,,54879,34,,,0,23,,54880,34,,,0,64,,54895,34,,,0,24,,54894,34,,,0
300,'S2-2_5',722,,54922,34,,,0,29,,54923,34,,,0,69,,54924,34,,,0,30,,54925,34,,,0,75,,54926,34,,,0,33,,54927,34,,,0,75,,54928,34,,,0,74,,54929,34,,,0,32,,54930,34,,,0,72,,54921,34,,,0,33,,54920,34,,,0,72,,54919,34,,,0,33,,54918,34,,,0,72,,54896,34,,,0,28,,54897,34,,,0,69,,54898,34,,,0,28,,54899,34,,,0,68,,54900,34,,,0,30,,54901,34,,,0,72,,54902,34,,,0,28,,54903,34,,,0,67,,54904,34,,,0,28,,54905,34,,,0,69,,54906,34,,,0,27,,54907,34,,,0,65,,54908,34,,,0,25,,54909,34,,,0,23,,54910,34,,,0,64,,54932,34,,,0,24,,54931,34,,,0,64,,54911,22,,,0,30,,54912,22,,,0,70,,54913,22,,,0,30,,54914,22,,,0,70,,54915,22,,,0,29,,54916,22,,,0,30,,54917,22,,,0
300,'S2-3_1',722,,54952,34,,,0,29,,54953,34,,,0,69,,54954,34,,,0,30,,54955,34,,,0,75,,54956,34,,,0,33,,54957,34,,,0,75,,54958,34,,,0,74,,54959,34,,,0,32,,54960,34,,,0,72,,54951,34,,,0,33,,54950,34,,,0,72,,54949,34,,,0,33,,54948,34,,,0,72,,54933,34,,,0,28,,54934,34,,,0,69,,54935,34,,,0,28,,54936,34,,,0,68,,54937,34,,,0,30,,54938,34,,,0,72,,54939,34,,,0,28,,54940,34,,,0,67,,54941,34,,,0,28,,54942,34,,,0,69,,54943,34,,,0,27,,54944,34,,,0,65,,54945,34,,,0,25,,54946,34,,,0,23,,54947,34,,,0,64,,54962,34,,,0,24,,54961,34,,,0
300,'S2-3_3',722,,54982,34,,,0,29,,54983,34,,,0,69,,54984,34,,,0,30,,54985,34,,,0,75,,54986,34,,,0,33,,54987,34,,,0,75,,54988,34,,,0,74,,54989,34,,,0,32,,54990,34,,,0,72,,54981,34,,,0,33,,54980,34,,,0,72,,54979,34,,,0,33,,54978,34,,,0,72,,54963,34,,,0,28,,54964,34,,,0,69,,54965,34,,,0,28,,54966,34,,,0,68,,54967,34,,,0,30,,54968,34,,,0,72,,54969,34,,,0,28,,54970,34,,,0,67,,54971,34,,,0,28,,54972,34,,,0,69,,54973,34,,,0,27,,54974,34,,,0,65,,54975,34,,,0,25,,54976,34,,,0,23,,54977,34,,,0,64,,54992,34,,,0,24,,54991,34,,,0
300,'S2-3_4',722,,55012,34,,,0,29,,55013,34,,,0,69,,55014,34,,,0,30,,55015,34,,,0,75,,55016,34,,,0,33,,55017,34,,,0,75,,55018,34,,,0,74,,55019,34,,,0,32,,55020,34,,,0,72,,55011,34,,,0,33,,55010,34,,,0,72,,55009,34,,,0,33,,55008,34,,,0,72,,54993,34,,,0,28,,54994,34,,,0,69,,54995,34,,,0,28,,54996,34,,,0,68,,54997,34,,,0,30,,54998,34,,,0,72,,54999,34,,,0,28,,55000,34,,,0,67,,55001,34,,,0,28,,55002,34,,,0,69,,55003,34,,,0,27,,55004,34,,,0,65,,55005,34,,,0,25,,55006,34,,,0,23,,55007,34,,,0,64,,55022,34,,,0,24,,55021,34,,,0
300,'S2-4_7',722,,55042,34,,,0,29,,55043,34,,,0,69,,55044,34,,,0,30,,55045,34,,,0,75,,55046,34,,,0,33,,55047,34,,,0,75,,55048,34,,,0,74,,55049,34,,,0,32,,55050,34,,,0,72,,55041,34,,,0,33,,55040,34,,,0,72,,55039,34,,,0,33,,55038,34,,,0,72,,55023,34,,,0,28,,55024,34,,,0,69,,55025,34,,,0,28,,55026,34,,,0,68,,55027,34,,,0,30,,55028,34,,,0,72,,55029,34,,,0,28,,55030,34,,,0,67,,55031,34,,,0,28,,55032,34,,,0,69,,55033,34,,,0,27,,55034,34,,,0,65,,55035,34,,,0,25,,55036,34,,,0,23,,55037,34,,,0,64,,55052,34,,,0,24,,55051,34,,,0
400,'S2-0_6',728,,55407,16,0,40,0,95,,55399,16,0,40,0,30,,55388,28,0,40,0,70,,55387,16,0,40,0,31,,55386,16,0,40,0,72,,55389,16,0,40,0,31,,55403,28,0,40,0,71,,55390,16,0,40,0,30,,55391,16,0,40,0,71,,55409,16,0,40,0,29,,55406,28,0,40,0,70,,55392,16,0,40,0,30,,55393,16,0,40,0,68,,55394,16,0,40,0,28,,55396,28,0,40,0,71,,55397,16,0,40,0,34,,55395,16,0,40,0,73,,55408,16,0,40,0,24,,55400,28,0,40,0,63,,55404,16,0,40,0,29,,55405,16,0,40,0,76,,55401,16,0,40,0,30,,55402,28,0,40,0,85,,55398,28,0,40,0
400,'S2-1_7',833,,55410,28,0,40,0,125,,55411,28,0,40,0,165,,55412,28,0,40,0,200,,55413,28,0,40,0,126,,55414,28,0,40,0,165,,55415,28,0,40,0,126,,55416,28,0,40,0,165,,55417,28,0,40,0
400,'S2-2_1',713,,55442,16,,,0,35,,55439,16,0,40,0,75,,55433,16,0,40,0,30,,55420,28,0,40,0,70,,55419,16,0,40,0,30,,55418,16,0,40,0,77,,55421,16,0,40,0,28,,55440,28,0,40,0,70,,55422,16,0,40,0,75,,55423,16,0,40,0,32,,55436,16,0,40,0,23,,55434,28,0,40,0,70,,55424,16,0,40,0,30,,55425,16,0,40,0,66,,55426,16,0,40,0,30,,55428,28,0,40,0,71,,55429,16,0,40,0,34,,55427,16,0,40,0,73,,55438,16,,,0,68,,55435,28,0,40,0,28,,55430,16,0,40,0,25,,55431,28,,,0,71,,55437,16,0,40,0,35,,55441,28,0,40,0,86,,55432,28,0,40,0
400,'S2-2_2',713,,55467,16,,,0,35,,55464,16,0,40,0,75,,55458,16,0,40,0,30,,55445,28,0,40,0,70,,55444,16,0,40,0,30,,55443,16,0,40,0,77,,55446,16,0,40,0,28,,55465,28,0,40,0,70,,55447,16,0,40,0,75,,55448,16,0,40,0,32,,55461,16,0,40,0,23,,55459,28,0,40,0,70,,55449,16,0,40,0,30,,55450,16,0,40,0,66,,55451,16,0,40,0,30,,55453,28,0,40,0,71,,55454,16,0,40,0,34,,55452,16,0,40,0,73,,55463,16,,,0,68,,55460,28,0,40,0,28,,55455,16,0,40,0,25,,55456,28,,,0,71,,55462,16,0,40,0,35,,55466,28,0,40,0,86,,55457,28,0,40,0
400,'S2-2_3',713,,55492,16,,,0,35,,55489,16,0,40,0,75,,55483,16,0,40,0,30,,55470,28,0,40,0,70,,55469,16,0,40,0,30,,55468,16,0,40,0,77,,55471,16,0,40,0,28,,55490,28,0,40,0,70,,55472,16,0,40,0,75,,55473,16,0,40,0,32,,55486,16,0,40,0,23,,55484,28,0,40,0,70,,55474,16,0,40,0,30,,55475,16,0,40,0,66,,55476,16,0,40,0,30,,55478,28,0,40,0,71,,55479,16,0,40,0,34,,55477,16,0,40,0,73,,55488,16,,,0,68,,55485,28,0,40,0,28,,55480,16,0,40,0,25,,55481,28,,,0,71,,55487,16,0,40,0,35,,55491,28,0,40,0,86,,55482,28,0,40,0
400,'S2-2_4',713,,55517,16,,,0,35,,55514,16,0,40,0,75,,55508,16,0,40,0,30,,55495,28,0,40,0,70,,55494,16,0,40,0,30,,55493,16,0,40,0,77,,55496,16,0,40,0,28,,55515,28,0,40,0,70,,55497,16,0,40,0,75,,55498,16,0,40,0,32,,55511,16,0,40,0,23,,55509,28,0,40,0,70,,55499,16,0,40,0,30,,55500,16,0,40,0,66,,55501,16,0,40,0,30,,55503,28,0,40,0,71,,55504,16,0,40,0,34,,55502,16,0,40,0,73,,55513,16,,,0,68,,55510,28,0,40,0,28,,55505,16,0,40,0,25,,55506,28,,,0,71,,55512,16,0,40,0,35,,55516,28,0,40,0,86,,55507,28,0,40,0
400,'S2-2_5',713,,55542,16,,,0,35,,55539,16,0,40,0,75,,55533,16,0,40,0,30,,55520,28,0,40,0,70,,55519,16,0,40,0,30,,55518,16,0,40,0,77,,55521,16,0,40,0,28,,55540,28,0,40,0,70,,55522,16,0,40,0,75,,55523,16,0,40,0,32,,55536,16,0,40,0,23,,55534,28,0,40,0,70,,55524,16,0,40,0,30,,55525,16,0,40,0,66,,55526,16,0,40,0,30,,55528,28,0,40,0,71,,55529,16,0,40,0,34,,55527,16,0,40,0,73,,55538,16,,,0,68,,55535,28,0,40,0,28,,55530,16,0,40,0,25,,55531,28,,,0,71,,55537,16,0,40,0,35,,55541,28,0,40,0,86,,55532,28,0,40,0
400,'S2-3_1',713,,55567,16,,,0,35,,55564,16,0,40,0,75,,55558,16,0,40,0,30,,55545,28,0,40,0,70,,55544,16,0,40,0,30,,55543,16,0,40,0,77,,55546,16,0,40,0,28,,55565,28,0,40,0,70,,55547,16,0,40,0,75,,55548,16,0,40,0,32,,55561,16,0,40,0,23,,55559,28,0,40,0,70,,55549,16,0,40,0,30,,55550,16,0,40,0,66,,55551,16,0,40,0,30,,55553,28,0,40,0,71,,55554,16,0,40,0,34,,55552,16,0,40,0,73,,55563,16,,,0,68,,55560,28,0,40,0,28,,55555,16,0,40,0,25,,55556,28,,,0,71,,55562,16,0,40,0,35,,55566,28,0,40,0,86,,55557,28,0,40,0
400,'S2-3_3',713,,55592,16,,,0,35,,55589,16,0,40,0,75,,55583,16,0,40,0,30,,55570,28,0,40,0,70,,55569,16,0,40,0,30,,55568,16,0,40,0,77,,55571,16,0,40,0,28,,55590,28,0,40,0,70,,55572,16,0,40,0,75,,55573,16,0,40,0,32,,55586,16,0,40,0,23,,55584,28,0,40,0,70,,55574,16,0,40,0,30,,55575,16,0,40,0,66,,55576,16,0,40,0,30,,55578,28,0,40,0,71,,55579,16,0,40,0,34,,55577,16,0,40,0,73,,55588,16,,,0,68,,55585,28,0,40,0,28,,55580,16,0,40,0,25,,55581,28,,,0,71,,55587,16,0,40,0,35,,55591,28,0,40,0,86,,55582,28,0,40,0
400,'S2-3_4',713,,55617,16,,,0,35,,55614,16,0,40,0,75,,55608,16,0,40,0,30,,55595,28,0,40,0,70,,55594,16,0,40,0,30,,55593,16,0,40,0,77,,55596,16,0,40,0,28,,55615,28,0,40,0,70,,55597,16,0,40,0,75,,55598,16,0,40,0,32,,55611,16,0,40,0,23,,55609,28,0,40,0,70,,55599,16,0,40,0,30,,55600,16,0,40,0,66,,55601,16,0,40,0,30,,55603,28,0,40,0,71,,55604,16,0,40,0,34,,55602,16,0,40,0,73,,55613,16,,,0,68,,55610,28,0,40,0,28,,55605,16,0,40,0,25,,55606,28,,,0,71,,55612,16,0,40,0,35,,55616,28,0,40,0,86,,55607,28,0,40,0
400,'S2-4_7',833,,55618,28,0,40,0,125,,55619,28,0,40,0,165,,55620,28,0,40,0,200,,55621,28,0,40,0,126,,55622,28,0,40,0,165,,55623,28,0,40,0,126,,55624,28,0,40,0,165,,55625,28,0,40,0
500,'S2-0_6',713,,55872,36,,,0,33,,55873,36,,,0,102,,55874,36,,,0,102,,55875,36,,,0,98,,55876,36,,,0,99,,55877,36,,,0,99,,55878,36,,,0,98,,55879,36,,,0,81,,55880,36,,,0,78,,55881,36,,,0,99,,55882,36,,,0,102,,55883,36,,,0,100,,55884,36,,,0,33,,55885,36,,,0,66,,55886,36,,,0,97,,55887,36,,,0
500,'S2-1_7',1232,,55888,36,,,0,191,,55889,36,,,0,191,,55890,36,,,0,144,,55891,36,,,0,191,,55892,36,,,0
500,'S2-2_1',713,,55893,36,,,0,33,,55894,36,,,0,102,,55895,36,,,0,102,,55896,36,,,0,98,,55897,36,,,0,99,,55898,36,,,0,99,,55899,36,,,0,98,,55900,36,,,0,81,,55901,36,,,0,78,,55902,36,,,0,99,,55903,36,,,0,102,,55904,36,,,0,100,,55905,36,,,0,33,,55906,36,,,0,66,,55907,36,,,0,97,,55908,36,,,0
500,'S2-2_2',713,,55909,36,,,0,33,,55910,36,,,0,102,,55911,36,,,0,102,,55912,36,,,0,98,,55913,36,,,0,99,,55914,36,,,0,99,,55915,36,,,0,98,,55916,36,,,0,81,,55917,36,,,0,78,,55918,36,,,0,99,,55919,36,,,0,102,,55920,36,,,0,100,,55921,36,,,0,33,,55922,36,,,0,66,,55923,36,,,0,97,,55924,36,,,0
500,'S2-2_3',713,,55925,36,,,0,33,,55926,36,,,0,102,,55927,36,,,0,102,,55928,36,,,0,98,,55929,36,,,0,99,,55930,36,,,0,99,,55931,36,,,0,98,,55932,36,,,0,81,,55933,36,,,0,78,,55934,36,,,0,99,,55935,36,,,0,102,,55936,36,,,0,100,,55937,36,,,0,33,,55938,36,,,0,66,,55939,36,,,0,97,,55940,36,,,0
500,'S2-2_4',713,,55941,36,,,0,33,,55942,36,,,0,102,,55943,36,,,0,102,,55944,36,,,0,98,,55945,36,,,0,99,,55946,36,,,0,99,,55947,36,,,0,98,,55948,36,,,0,81,,55949,36,,,0,78,,55950,36,,,0,99,,55951,36,,,0,102,,55952,36,,,0,100,,55953,36,,,0,33,,55954,36,,,0,66,,55955,36,,,0,97,,55956,36,,,0
500,'S2-2_5',713,,55957,36,,,0,33,,55958,36,,,0,102,,55959,36,,,0,102,,55960,36,,,0,98,,55961,36,,,0,99,,55962,36,,,0,99,,55963,36,,,0,98,,55964,36,,,0,81,,55965,36,,,0,78,,55966,36,,,0,99,,55967,36,,,0,102,,55968,36,,,0,100,,55969,36,,,0,33,,55970,36,,,0,66,,55971,36,,,0,97,,55972,36,,,0
500,'S2-3_1',713,,55973,36,,,0,33,,55974,36,,,0,102,,55975,36,,,0,102,,55976,36,,,0,98,,55977,36,,,0,99,,55978,36,,,0,99,,55979,36,,,0,98,,55980,36,,,0,81,,55981,36,,,0,78,,55982,36,,,0,99,,55983,36,,,0,102,,55984,36,,,0,100,,55985,36,,,0,33,,55986,36,,,0,66,,55987,36,,,0,97,,55988,36,,,0
500,'S2-3_3',713,,55989,36,,,0,33,,55990,36,,,0,102,,55991,36,,,0,102,,55992,36,,,0,98,,55993,36,,,0,99,,55994,36,,,0,99,,55995,36,,,0,98,,55996,36,,,0,81,,55997,36,,,0,78,,55998,36,,,0,99,,55999,36,,,0,102,,56000,36,,,0,100,,56001,36,,,0,33,,56002,36,,,0,66,,56003,36,,,0,97,,56004,36,,,0
500,'S2-3_4',713,,56005,36,,,0,33,,56006,36,,,0,102,,56007,36,,,0,102,,56008,36,,,0,98,,56009,36,,,0,99,,56010,36,,,0,99,,56011,36,,,0,98,,56012,36,,,0,81,,56013,36,,,0,78,,56014,36,,,0,99,,56015,36,,,0,102,,56016,36,,,0,100,,56017,36,,,0,33,,56018,36,,,0,66,,56019,36,,,0,97,,56020,36,,,0
500,'S2-4_7',1232,,56021,36,,,0,191,,56022,36,,,0,191,,56023,36,,,0,144,,56024,36,,,0,191,,56025,36,,,0
700,'S2-0_6',717,,56504,9,,,0,110,,56505,9,,,0,110,,56506,9,,,0,110,,56507,9,,,0,110,,56508,9,,,0,150,,56509,9,,,0,110,,56510,9,,,0,110,,56511,9,,,0,110,,56512,9,,,0,110,,56502,9,,,0,110,,56503,9,,,0
700,'S2-2_1',716,,56513,9,,,0,110,,56515,9,,,0,110,,56516,9,,,0,110,,56517,9,,,0,110,,56518,9,,,0,150,,56519,9,,,0,110,,56520,9,,,0,110,,56521,9,,,0,110,,56522,9,,,0,110,,56523,9,,,0,110,,56514,9,,,0
700,'S2-2_2',716,,56524,9,,,0,110,,56526,9,,,0,110,,56527,9,,,0,110,,56528,9,,,0,110,,56529,9,,,0,150,,56530,9,,,0,110,,56531,9,,,0,110,,56532,9,,,0,110,,56533,9,,,0,110,,56534,9,,,0,110,,56525,9,,,0
700,'S2-2_3',716,,56535,9,,,0,110,,56537,9,,,0,110,,56538,9,,,0,110,,56539,9,,,0,110,,56540,9,,,0,150,,56541,9,,,0,110,,56542,9,,,0,110,,56543,9,,,0,110,,56544,9,,,0,110,,56545,9,,,0,110,,56536,9,,,0
700,'S2-2_4',716,,56546,9,,,0,110,,56548,9,,,0,110,,56549,9,,,0,110,,56550,9,,,0,110,,56551,9,,,0,150,,56552,9,,,0,110,,56553,9,,,0,110,,56554,9,,,0,110,,56555,9,,,0,110,,56556,9,,,0,110,,56547,9,,,0
700,'S2-2_5',716,,56557,9,,,0,110,,56559,9,,,0,110,,56560,9,,,0,110,,56561,9,,,0,110,,56562,9,,,0,150,,56563,9,,,0,110,,56564,9,,,0,110,,56565,9,,,0,110,,56566,9,,,0,110,,56567,9,,,0,110,,56558,9,,,0
700,'S2-3_1',716,,56568,9,,,0,110,,56570,9,,,0,110,,56571,9,,,0,110,,56572,9,,,0,110,,56573,9,,,0,150,,56574,9,,,0,110,,56575,9,,,0,110,,56576,9,,,0,110,,56577,9,,,0,110,,56578,9,,,0,110,,56569,9,,,0
700,'S2-3_3',716,,56579,9,,,0,110,,56581,9,,,0,110,,56582,9,,,0,110,,56583,9,,,0,110,,56584,9,,,0,150,,56585,9,,,0,110,,56586,9,,,0,110,,56587,9,,,0,110,,56588,9,,,0,110,,56589,9,,,0,110,,56580,9,,,0
700,'S2-3_4',716,,56590,9,,,0,110,,56592,9,,,0,110,,56593,9,,,0,110,,56594,9,,,0,110,,56595,9,,,0,150,,56596,9,,,0,110,,56597,9,,,0,110,,56598,9,,,0,110,,56599,9,,,0,110,,56600,9,,,0,110,,56591,9,,,0
800,'S2-2_1',719,,56700,23,,,0,33,,56701,23,,,0,67,,56702,23,,,0,30,,56703,23,,,0,80,,56704,23,,,0,110,,56705,23,,,0,117,,56706,23,,,0,151,,56707,23,,,0,111,,56708,23,,,0,112,,56710,23,,,0,110,,56709,23,,,0
800,'S2-2_2',719,,56711,23,,,0,33,,56712,23,,,0,67,,56713,23,,,0,30,,56714,23,,,0,80,,56715,23,,,0,110,,56716,23,,,0,117,,56717,23,,,0,151,,56718,23,,,0,111,,56719,23,,,0,112,,56721,23,,,0,110,,56720,23,,,0
800,'S2-2_3',719,,56722,23,,,0,33,,56723,23,,,0,67,,56724,23,,,0,30,,56725,23,,,0,80,,56726,23,,,0,110,,56727,23,,,0,117,,56728,23,,,0,151,,56729,23,,,0,111,,56730,23,,,0,112,,56732,23,,,0,110,,56731,23,,,0
800,'S2-2_4',719,,56733,23,,,0,33,,56734,23,,,0,67,,56735,23,,,0,30,,56736,23,,,0,80,,56737,23,,,0,110,,56738,23,,,0,117,,56739,23,,,0,151,,56740,23,,,0,111,,56741,23,,,0,112,,56743,23,,,0,110,,56742,23,,,0
800,'S2-2_5',719,,56744,23,,,0,33,,56745,23,,,0,67,,56746,23,,,0,30,,56747,23,,,0,80,,56748,23,,,0,110,,56749,23,,,0,117,,56750,23,,,0,151,,56751,23,,,0,111,,56752,23,,,0,112,,56754,23,,,0,110,,56753,23,,,0
800,'S2-3_1',719,,56755,23,,,0,33,,56756,23,,,0,67,,56757,23,,,0,30,,56758,23,,,0,80,,56759,23,,,0,110,,56760,23,,,0,117,,56761,23,,,0,151,,56762,23,,,0,111,,56763,23,,,0,112,,56765,23,,,0,110,,56764,23,,,0
800,'S2-3_3',719,,56766,23,,,0,33,,56767,23,,,0,67,,56768,23,,,0,30,,56769,23,,,0,80,,56770,23,,,0,110,,56771,23,,,0,117,,56772,23,,,0,151,,56773,23,,,0,111,,56774,23,,,0,112,,56776,23,,,0,110,,56775,23,,,0
800,'S2-3_4',719,,56777,23,,,0,33,,56778,23,,,0,67,,56779,23,,,0,30,,56780,23,,,0,80,,56781,23,,,0,110,,56782,23,,,0,117,,56783,23,,,0,151,,56784,23,,,0,111,,56785,23,,,0,112,,56787,23,,,0,110,,56786,23,,,0
1500,'S2-0_6',725,,57453,2,,,0,21,,57454,2,,,0,155,,57455,2,,,0,117,,57456,2,,,0,116,,57457,2,,,0,80,,57458,2,,,0,37,,57459,2,,,0,95,,57460,2,,,0,158,,57452,2,0,44,0,100,,57461,2,,,0,107,,57462,2,,,0,100,,57463,2,,,0,118,,57464,2,,,0
1500,'S2-2_1',725,,57466,2,,,0,21,,57467,2,,,0,155,,57468,2,,,0,117,,57469,2,,,0,116,,57470,2,,,0,80,,57471,2,,,0,37,,57472,2,,,0,95,,57473,2,,,0,158,,57465,2,0,44,0,100,,57474,2,,,0,107,,57475,2,,,0,100,,57476,2,,,0,118,,57477,2,,,0
1500,'S2-2_2',725,,57479,2,,,0,21,,57480,2,,,0,155,,57481,2,,,0,117,,57482,2,,,0,116,,57483,2,,,0,80,,57484,2,,,0,37,,57485,2,,,0,95,,57486,2,,,0,158,,57478,2,0,44,0,100,,57487,2,,,0,107,,57488,2,,,0,100,,57489,2,,,0,118,,57490,2,,,0
1500,'S2-2_3',725,,57492,2,,,0,21,,57493,2,,,0,155,,57494,2,,,0,117,,57495,2,,,0,116,,57496,2,,,0,80,,57497,2,,,0,37,,57498,2,,,0,95,,57499,2,,,0,158,,57491,2,0,44,0,100,,57500,2,,,0,107,,57501,2,,,0,100,,57502,2,,,0,118,,57503,2,,,0
1500,'S2-2_4',725,,57505,2,,,0,21,,57506,2,,,0,155,,57507,2,,,0,117,,57508,2,,,0,116,,57509,2,,,0,80,,57510,2,,,0,37,,57511,2,,,0,95,,57512,2,,,0,158,,57504,2,0,44,0,100,,57513,2,,,0,107,,57514,2,,,0,100,,57515,2,,,0,118,,57516,2,,,0
1500,'S2-2_5',725,,57518,2,,,0,21,,57519,2,,,0,155,,57520,2,,,0,117,,57521,2,,,0,116,,57522,2,,,0,80,,57523,2,,,0,37,,57524,2,,,0,95,,57525,2,,,0,158,,57517,2,0,44,0,100,,57526,2,,,0,107,,57527,2,,,0,100,,57528,2,,,0,118,,57529,2,,,0
1500,'S2-3_1',725,,57531,2,,,0,21,,57532,2,,,0,155,,57533,2,,,0,117,,57534,2,,,0,116,,57535,2,,,0,80,,57536,2,,,0,37,,57537,2,,,0,95,,57538,2,,,0,158,,57530,2,0,44,0,100,,57539,2,,,0,107,,57540,2,,,0,100,,57541,2,,,0,118,,57542,2,,,0
1500,'S2-3_3',725,,57544,2,,,0,21,,57545,2,,,0,155,,57546,2,,,0,117,,57547,2,,,0,116,,57548,2,,,0,80,,57549,2,,,0,37,,57550,2,,,0,95,,57551,2,,,0,158,,57543,2,0,44,0,100,,57552,2,,,0,107,,57553,2,,,0,100,,57554,2,,,0,118,,57555,2,,,0
1500,'S2-3_4',725,,57557,2,,,0,21,,57558,2,,,0,155,,57559,2,,,0,117,,57560,2,,,0,116,,57561,2,,,0,80,,57562,2,,,0,37,,57563,2,,,0,95,,57564,2,,,0,158,,57556,2,0,44,0,100,,57565,2,,,0,107,,57566,2,,,0,100,,57567,2,,,0,118,,57568,2,,,0
2600,'S2-0_6',728,,58209,15,,,0,85,,58210,15,,,0,45,,58211,15,,,0,85,,58212,15,,,0,84,,58213,15,,,0,90,,58214,15,,,0,84,,58215,15,,,0,42,,58216,15,,,0,85,,58217,15,,,0,85,,58218,15,,,0,43,,58219,15,,,0,85,,58220,15,,,0,90,,58221,15,,,0,86,,58222,15,,,0,83,,58223,15,,,0,45,,58224,15,,,0,83,,58225,15,,,0
2600,'S2-2_1',728,,58226,15,,,0,85,,58227,15,,,0,45,,58228,15,,,0,85,,58229,15,,,0,84,,58230,15,,,0,90,,58231,15,,,0,84,,58232,15,,,0,42,,58233,15,,,0,85,,58234,15,,,0,85,,58235,15,,,0,43,,58236,15,,,0,85,,58237,15,,,0,90,,58238,15,,,0,86,,58239,15,,,0,83,,58240,15,,,0,45,,58241,15,,,0,83,,58242,15,,,0
2600,'S2-2_2',728,,58243,15,,,0,85,,58244,15,,,0,45,,58245,15,,,0,85,,58246,15,,,0,84,,58247,15,,,0,90,,58248,15,,,0,84,,58249,15,,,0,42,,58250,15,,,0,85,,58251,15,,,0,85,,58252,15,,,0,43,,58253,15,,,0,85,,58254,15,,,0,90,,58255,15,,,0,86,,58256,15,,,0,83,,58257,15,,,0,45,,58258,15,,,0,83,,58259,15,,,0
2600,'S2-2_3',728,,58260,15,,,0,85,,58261,15,,,0,45,,58262,15,,,0,85,,58263,15,,,0,84,,58264,15,,,0,90,,58265,15,,,0,84,,58266,15,,,0,42,,58267,15,,,0,85,,58268,15,,,0,85,,58269,15,,,0,43,,58270,15,,,0,85,,58271,15,,,0,90,,58272,15,,,0,86,,58273,15,,,0,83,,58274,15,,,0,45,,58275,15,,,0,83,,58276,15,,,0
2600,'S2-2_4',728,,58277,15,,,0,85,,58278,15,,,0,45,,58279,15,,,0,85,,58280,15,,,0,84,,58281,15,,,0,90,,58282,15,,,0,84,,58283,15,,,0,42,,58284,15,,,0,85,,58285,15,,,0,85,,58286,15,,,0,43,,58287,15,,,0,85,,58288,15,,,0,90,,58289,15,,,0,86,,58290,15,,,0,83,,58291,15,,,0,45,,58292,15,,,0,83,,58293,15,,,0
2600,'S2-2_5',728,,58294,15,,,0,85,,58295,15,,,0,45,,58296,15,,,0,85,,58297,15,,,0,84,,58298,15,,,0,90,,58299,15,,,0,84,,58300,15,,,0,42,,58301,15,,,0,85,,58302,15,,,0,85,,58303,15,,,0,43,,58304,15,,,0,85,,58305,15,,,0,90,,58306,15,,,0,86,,58307,15,,,0,83,,58308,15,,,0,45,,58309,15,,,0,83,,58310,15,,,0
2600,'S2-3_1',728,,58311,15,,,0,85,,58312,15,,,0,45,,58313,15,,,0,85,,58314,15,,,0,84,,58315,15,,,0,90,,58316,15,,,0,84,,58317,15,,,0,42,,58318,15,,,0,85,,58319,15,,,0,85,,58320,15,,,0,43,,58321,15,,,0,85,,58322,15,,,0,90,,58323,15,,,0,86,,58324,15,,,0,83,,58325,15,,,0,45,,58326,15,,,0,83,,58327,15,,,0
2600,'S2-3_3',728,,58328,15,,,0,85,,58329,15,,,0,45,,58330,15,,,0,85,,58331,15,,,0,84,,58332,15,,,0,90,,58333,15,,,0,84,,58334,15,,,0,42,,58335,15,,,0,85,,58336,15,,,0,85,,58337,15,,,0,43,,58338,15,,,0,85,,58339,15,,,0,90,,58340,15,,,0,86,,58341,15,,,0,83,,58342,15,,,0,45,,58343,15,,,0,83,,58344,15,,,0
2600,'S2-3_4',728,,58345,15,,,0,85,,58346,15,,,0,45,,58347,15,,,0,85,,58348,15,,,0,84,,58349,15,,,0,90,,58350,15,,,0,84,,58351,15,,,0,42,,58352,15,,,0,85,,58353,15,,,0,85,,58354,15,,,0,43,,58355,15,,,0,85,,58356,15,,,0,90,,58357,15,,,0,86,,58358,15,,,0,83,,58359,15,,,0,45,,58360,15,,,0,83,,58361,15,,,0
901500,'S2-0_6',856,,58694,10,,,0,60,,58695,10,,,0,20,,58696,10,,,0,20,,58697,10,,,0,60,,58698,10,,,0,20,,58699,10,,,0,20,,58700,10,,,0,60,,58701,10,,,0,20,,58702,10,,,0,20,,58703,10,,,0,60,,58704,10,,,0,20,,58705,10,,,0,20,,58706,10,,,0,60,,58707,10,,,0,20,,58708,10,,,0,20,,58709,10,,,0,60,,58710,10,,,0,20,,58711,10,,,0,20,,58712,10,,,0,80,,58713,10,,,0,20,,58714,10,,,0,60,,58715,10,,,0,20,,58716,10,,,0,20,,58717,10,,,0,60,,58718,10,,,0,20,,58719,10,,,0,20,,58720,10,,,0,60,,58721,10,,,0,20,,58722,10,,,0,20,,58723,10,,,0,60,,58724,10,,,0,20,,58725,10,,,0
901500,'S2-2_1',856,,58726,10,,,0,60,,58727,10,,,0,20,,58728,10,,,0,20,,58729,10,,,0,60,,58730,10,,,0,20,,58731,10,,,0,20,,58732,10,,,0,60,,58733,10,,,0,20,,58734,10,,,0,20,,58735,10,,,0,60,,58736,10,,,0,20,,58737,10,,,0,20,,58738,10,,,0,60,,58739,10,,,0,20,,58740,10,,,0,20,,58741,10,,,0,60,,58742,10,,,0,20,,58743,10,,,0,20,,58744,10,,,0,80,,58745,10,,,0,20,,58746,10,,,0,60,,58747,10,,,0,20,,58748,10,,,0,20,,58749,10,,,0,60,,58750,10,,,0,20,,58751,10,,,0,20,,58752,10,,,0,60,,58753,10,,,0,20,,58754,10,,,0,20,,58755,10,,,0,60,,58756,10,,,0,20,,58757,10,,,0
901500,'S2-2_2',856,,58758,10,,,0,60,,58759,10,,,0,20,,58760,10,,,0,20,,58761,10,,,0,60,,58762,10,,,0,20,,58763,10,,,0,20,,58764,10,,,0,60,,58765,10,,,0,20,,58766,10,,,0,20,,58767,10,,,0,60,,58768,10,,,0,20,,58769,10,,,0,20,,58770,10,,,0,60,,58771,10,,,0,20,,58772,10,,,0,20,,58773,10,,,0,60,,58774,10,,,0,20,,58775,10,,,0,20,,58776,10,,,0,80,,58777,10,,,0,20,,58778,10,,,0,60,,58779,10,,,0,20,,58780,10,,,0,20,,58781,10,,,0,60,,58782,10,,,0,20,,58783,10,,,0,20,,58784,10,,,0,60,,58785,10,,,0,20,,58786,10,,,0,20,,58787,10,,,0,60,,58788,10,,,0,20,,58789,10,,,0
901500,'S2-2_3',856,,58790,10,,,0,60,,58791,10,,,0,20,,58792,10,,,0,20,,58793,10,,,0,60,,58794,10,,,0,20,,58795,10,,,0,20,,58796,10,,,0,60,,58797,10,,,0,20,,58798,10,,,0,20,,58799,10,,,0,60,,58800,10,,,0,20,,58801,10,,,0,20,,58802,10,,,0,60,,58803,10,,,0,20,,58804,10,,,0,20,,58805,10,,,0,60,,58806,10,,,0,20,,58807,10,,,0,20,,58808,10,,,0,80,,58809,10,,,0,20,,58810,10,,,0,60,,58811,10,,,0,20,,58812,10,,,0,20,,58813,10,,,0,60,,58814,10,,,0,20,,58815,10,,,0,20,,58816,10,,,0,60,,58817,10,,,0,20,,58818,10,,,0,20,,58819,10,,,0,60,,58820,10,,,0,20,,58821,10,,,0
901500,'S2-2_4',856,,58822,10,,,0,60,,58823,10,,,0,20,,58824,10,,,0,20,,58825,10,,,0,60,,58826,10,,,0,20,,58827,10,,,0,20,,58828,10,,,0,60,,58829,10,,,0,20,,58830,10,,,0,20,,58831,10,,,0,60,,58832,10,,,0,20,,58833,10,,,0,20,,58834,10,,,0,60,,58835,10,,,0,20,,58836,10,,,0,20,,58837,10,,,0,60,,58838,10,,,0,20,,58839,10,,,0,20,,58840,10,,,0,80,,58841,10,,,0,20,,58842,10,,,0,60,,58843,10,,,0,20,,58844,10,,,0,20,,58845,10,,,0,60,,58846,10,,,0,20,,58847,10,,,0,20,,58848,10,,,0,60,,58849,10,,,0,20,,58850,10,,,0,20,,58851,10,,,0,60,,58852,10,,,0,20,,58853,10,,,0
901500,'S2-2_5',856,,58854,10,,,0,60,,58855,10,,,0,20,,58856,10,,,0,20,,58857,10,,,0,60,,58858,10,,,0,20,,58859,10,,,0,20,,58860,10,,,0,60,,58861,10,,,0,20,,58862,10,,,0,20,,58863,10,,,0,60,,58864,10,,,0,20,,58865,10,,,0,20,,58866,10,,,0,60,,58867,10,,,0,20,,58868,10,,,0,20,,58869,10,,,0,60,,58870,10,,,0,20,,58871,10,,,0,20,,58872,10,,,0,80,,58873,10,,,0,20,,58874,10,,,0,60,,58875,10,,,0,20,,58876,10,,,0,20,,58877,10,,,0,60,,58878,10,,,0,20,,58879,10,,,0,20,,58880,10,,,0,60,,58881,10,,,0,20,,58882,10,,,0,20,,58883,10,,,0,60,,58884,10,,,0,20,,58885,10,,,0
901500,'S2-3_1',856,,58886,10,,,0,60,,58887,10,,,0,20,,58888,10,,,0,20,,58889,10,,,0,60,,58890,10,,,0,20,,58891,10,,,0,20,,58892,10,,,0,60,,58893,10,,,0,20,,58894,10,,,0,20,,58895,10,,,0,60,,58896,10,,,0,20,,58897,10,,,0,20,,58898,10,,,0,60,,58899,10,,,0,20,,58900,10,,,0,20,,58901,10,,,0,60,,58902,10,,,0,20,,58903,10,,,0,20,,58904,10,,,0,80,,58905,10,,,0,20,,58906,10,,,0,60,,58907,10,,,0,20,,58908,10,,,0,20,,58909,10,,,0,60,,58910,10,,,0,20,,58911,10,,,0,20,,58912,10,,,0,60,,58913,10,,,0,20,,58914,10,,,0,20,,58915,10,,,0,60,,58916,10,,,0,20,,58917,10,,,0
901500,'S2-3_3',856,,58918,10,,,0,60,,58919,10,,,0,20,,58920,10,,,0,20,,58921,10,,,0,60,,58922,10,,,0,20,,58923,10,,,0,20,,58924,10,,,0,60,,58925,10,,,0,20,,58926,10,,,0,20,,58927,10,,,0,60,,58928,10,,,0,20,,58929,10,,,0,20,,58930,10,,,0,60,,58931,10,,,0,20,,58932,10,,,0,20,,58933,10,,,0,60,,58934,10,,,0,20,,58935,10,,,0,20,,58936,10,,,0,80,,58937,10,,,0,20,,58938,10,,,0,60,,58939,10,,,0,20,,58940,10,,,0,20,,58941,10,,,0,60,,58942,10,,,0,20,,58943,10,,,0,20,,58944,10,,,0,60,,58945,10,,,0,20,,58946,10,,,0,20,,58947,10,,,0,60,,58948,10,,,0,20,,58949,10,,,0
901500,'S2-3_4',856,,58950,10,,,0,60,,58951,10,,,0,20,,58952,10,,,0,20,,58953,10,,,0,60,,58954,10,,,0,20,,58955,10,,,0,20,,58956,10,,,0,60,,58957,10,,,0,20,,58958,10,,,0,20,,58959,10,,,0,60,,58960,10,,,0,20,,58961,10,,,0,20,,58962,10,,,0,60,,58963,10,,,0,20,,58964,10,,,0,20,,58965,10,,,0,60,,58966,10,,,0,20,,58967,10,,,0,20,,58968,10,,,0,80,,58969,10,,,0,20,,58970,10,,,0,60,,58971,10,,,0,20,,58972,10,,,0,20,,58973,10,,,0,60,,58974,10,,,0,20,,58975,10,,,0,20,,58976,10,,,0,60,,58977,10,,,0,20,,58978,10,,,0,20,,58979,10,,,0,60,,58980,10,,,0,20,,58981,10,,,0
1000000,'S2-0_6',544,,58982,16,0,31 33,0,81,,58983,16,0,31 33,0,81,,58993,16,,,0,42,,58994,16,,,0,56,,58995,16,0,31 33,0,15,,58996,16,0,31 33,0,15,,58997,16,,,0,15,,58998,16,0,31 33,0,55,,58999,16,0,31 33,0,15,,59000,16,,,0,15,,59001,16,0,31 33,0,16,,59037,16,0,31 33,0,56,,59002,16,,,0,16,,59003,16,0,31 33,0,15,,59004,16,,,0,16,,59005,16,0,31 33,0,56,,59006,16,0,31 33,0,16,,59007,16,,,0,16,,59008,16,0,31 33,0,15,,59009,16,0,31 33,0,56,,59010,16,,,0,15,,59011,16,0,31 33,0,15,,59012,16,0,31 33,0,15,,59013,16,,,0,55,,59014,16,0,31 33,0,15,,59015,16,,,0,16,,59016,16,0,31 33,0,15,,59017,16,0,31 33,0,55,,59018,16,,,0,16,,59019,16,0,31 33,0,16,,59020,16,0,31 33,0,56,,59021,16,,,0,16,,59022,16,0,31 33,0,16,,59023,16,0,31 33,0,16,,59024,16,,,0,56,,59025,16,0,31 33,0,16,,59026,16,,,0,16,,59027,16,0,31 33,0,17,,59028,16,0,31 33,0,56,,59029,16,,,0,16,,59030,16,0,31 33,0,16,,59032,16,0,31 33,0,16,,59031,16,,,0,55,,59033,16,0,31 33,0,15,,59034,16,,,0,15,,59035,16,0,31 33,0,15,,59036,16,0,31 33,0,55,,58984,16,0,31 33,0,15,,58985,16,0,31 33,0,15,,58986,16,0,31 33,0,16,,58987,16,0,31 33,0,60,,58988,16,0,31 33,0,20,,58989,16,0,31 33,0,19,,58990,16,0,31 33,0,59,,58991,16,0,31 33,0,19,,58992,16,0,31 33,0
1000000,'S2-1_7',818,,59038,16,0,31 33,0,40,,59039,16,0,31 33,0,80,,59040,16,0,31 33,0,80,,59041,16,0,31 33,0,40,,59042,16,0,31 33,0,80,,59043,16,0,31 33,0,80,,59044,16,0,31 33,0,40,,59045,16,0,31 33,0,80,,59046,16,0,31 33,0,80,,59047,16,0,31 33,0,40,,59048,16,0,31 33,0,80,,59049,16,0,31 33,0,80,,59050,16,0,31 33,0,40,,59051,16,0,31 33,0,80,,59052,16,0,31 33,0,80,,59053,16,0,31 33,0,40,,59054,16,0,31 33,0,80,,59055,16,0,31 33,0
1000000,'S2-2_1',549,,59056,16,0,31 33,0,60,,59057,16,0,31 33,0,20,,59058,16,0,31 33,0,20,,59059,16,,,0,55,,59085,16,,,0,14,,59074,16,,,0,14,,59109,16,,,0,15,,59095,16,,,0,55,,59100,16,,,0,15,,59110,16,,,0,14,,59087,16,,,0,15,,59097,16,0,31 33,0,55,,59102,16,,,0,16,,59070,16,0,31 33,0,15,,59073,16,,,0,16,,59104,16,0,31 33,0,55,,59103,16,,,0,16,,59092,16,0,31 33,0,15,,59062,16,,,0,16,,59088,16,0,31 33,0,56,,59071,16,,,0,16,,59089,16,0,31 33,0,16,,59083,16,,,0,16,,59080,16,0,31 33,0,56,,59078,16,,,0,16,,59094,16,0,31 33,0,15,,59064,16,,,0,15,,59060,16,0,31 33,0,55,,59106,16,,,0,15,,59086,16,0,31 33,0,16,,59063,16,,,0,16,,59081,16,0,31 33,0,55,,59101,16,,,0,14,,59079,16,0,31 33,0,14,,59076,16,,,0,14,,59075,16,0,31 33,0,54,,59084,16,,,0,14,,59093,16,0,31 33,0,14,,59096,16,,,0,14,,59111,16,,,0,54,,59112,16,,,0,14,,59107,16,,,0,14,,59113,16,,,0,16,,59099,16,,,0,55,,59114,16,,,0,15,,59067,16,,,0,15,,59115,16,,,0,15,,59066,16,,,0,55,,59116,16,,,0,14,,59108,16,,,0,14,,59077,16,0,31 33,0,15,,59061,16,0,31 33,0,55,,59072,16,,,0,15,,59068,16,0,31 33,0,19,,59082,16,0,31 33,0,20,,59069,16,0,31 33,0,61,,59065,16,0,31 33,0,20,,59098,16,0,31 33,0,20,,59090,16,0,31 33,0,60,,59091,16,0,31 33,0,20,,59105,16,0,31 33,0
1000000,'S2-2_2',549,,59117,16,0,31 33,0,60,,59118,16,0,31 33,0,20,,59119,16,0,31 33,0,20,,59120,16,,,0,55,,59146,16,,,0,14,,59135,16,,,0,14,,59170,16,,,0,15,,59156,16,,,0,55,,59161,16,,,0,15,,59171,16,,,0,14,,59148,16,,,0,15,,59158,16,0,31 33,0,55,,59163,16,,,0,16,,59131,16,0,31 33,0,15,,59134,16,,,0,16,,59165,16,0,31 33,0,55,,59164,16,,,0,16,,59153,16,0,31 33,0,15,,59123,16,,,0,16,,59149,16,0,31 33,0,56,,59132,16,,,0,16,,59150,16,0,31 33,0,16,,59144,16,,,0,16,,59141,16,0,31 33,0,56,,59139,16,,,0,16,,59155,16,0,31 33,0,15,,59125,16,,,0,15,,59121,16,0,31 33,0,55,,59167,16,,,0,15,,59147,16,0,31 33,0,16,,59124,16,,,0,16,,59142,16,0,31 33,0,55,,59162,16,,,0,14,,59140,16,0,31 33,0,14,,59137,16,,,0,14,,59136,16,0,31 33,0,54,,59145,16,,,0,14,,59154,16,0,31 33,0,14,,59157,16,,,0,14,,59172,16,,,0,54,,59173,16,,,0,14,,59168,16,,,0,14,,59174,16,,,0,16,,59160,16,,,0,55,,59175,16,,,0,15,,59128,16,,,0,15,,59176,16,,,0,15,,59127,16,,,0,55,,59177,16,,,0,14,,59169,16,,,0,14,,59138,16,0,31 33,0,15,,59122,16,0,31 33,0,55,,59133,16,,,0,15,,59129,16,0,31 33,0,19,,59143,16,0,31 33,0,20,,59130,16,0,31 33,0,61,,59126,16,0,31 33,0,20,,59159,16,0,31 33,0,20,,59151,16,0,31 33,0,60,,59152,16,0,31 33,0,20,,59166,16,0,31 33,0
1000000,'S2-2_3',549,,59178,16,0,31 33,0,60,,59179,16,0,31 33,0,20,,59180,16,0,31 33,0,20,,59181,16,,,0,55,,59207,16,,,0,14,,59196,16,,,0,14,,59231,16,,,0,15,,59217,16,,,0,55,,59222,16,,,0,15,,59232,16,,,0,14,,59209,16,,,0,15,,59219,16,0,31 33,0,55,,59224,16,,,0,16,,59192,16,0,31 33,0,15,,59195,16,,,0,16,,59226,16,0,31 33,0,55,,59225,16,,,0,16,,59214,16,0,31 33,0,15,,59184,16,,,0,16,,59210,16,0,31 33,0,56,,59193,16,,,0,16,,59211,16,0,31 33,0,16,,59205,16,,,0,16,,59202,16,0,31 33,0,56,,59200,16,,,0,16,,59216,16,0,31 33,0,15,,59186,16,,,0,15,,59182,16,0,31 33,0,55,,59228,16,,,0,15,,59208,16,0,31 33,0,16,,59185,16,,,0,16,,59203,16,0,31 33,0,55,,59223,16,,,0,14,,59201,16,0,31 33,0,14,,59198,16,,,0,14,,59197,16,0,31 33,0,54,,59206,16,,,0,14,,59215,16,0,31 33,0,14,,59218,16,,,0,14,,59233,16,,,0,54,,59234,16,,,0,14,,59229,16,,,0,14,,59235,16,,,0,16,,59221,16,,,0,55,,59236,16,,,0,15,,59189,16,,,0,15,,59237,16,,,0,15,,59188,16,,,0,55,,59238,16,,,0,14,,59230,16,,,0,14,,59199,16,0,31 33,0,15,,59183,16,0,31 33,0,55,,59194,16,,,0,15,,59190,16,0,31 33,0,19,,59204,16,0,31 33,0,20,,59191,16,0,31 33,0,61,,59187,16,0,31 33,0,20,,59220,16,0,31 33,0,20,,59212,16,0,31 33,0,60,,59213,16,0,31 33,0,20,,59227,16,0,31 33,0
1000000,'S2-2_4',549,,59239,16,0,31 33,0,60,,59240,16,0,31 33,0,20,,59241,16,0,31 33,0,20,,59242,16,,,0,55,,59268,16,,,0,14,,59257,16,,,0,14,,59292,16,,,0,15,,59278,16,,,0,55,,59283,16,,,0,15,,59293,16,,,0,14,,59270,16,,,0,15,,59280,16,0,31 33,0,55,,59285,16,,,0,16,,59253,16,0,31 33,0,15,,59256,16,,,0,16,,59287,16,0,31 33,0,55,,59286,16,,,0,16,,59275,16,0,31 33,0,15,,59245,16,,,0,16,,59271,16,0,31 33,0,56,,59254,16,,,0,16,,59272,16,0,31 33,0,16,,59266,16,,,0,16,,59263,16,0,31 33,0,56,,59261,16,,,0,16,,59277,16,0,31 33,0,15,,59247,16,,,0,15,,59243,16,0,31 33,0,55,,59289,16,,,0,15,,59269,16,0,31 33,0,16,,59246,16,,,0,16,,59264,16,0,31 33,0,55,,59284,16,,,0,14,,59262,16,0,31 33,0,14,,59259,16,,,0,14,,59258,16,0,31 33,0,54,,59267,16,,,0,14,,59276,16,0,31 33,0,14,,59279,16,,,0,14,,59294,16,,,0,54,,59295,16,,,0,14,,59290,16,,,0,14,,59296,16,,,0,16,,59282,16,,,0,55,,59297,16,,,0,15,,59250,16,,,0,15,,59298,16,,,0,15,,59249,16,,,0,55,,59299,16,,,0,14,,59291,16,,,0,14,,59260,16,0,31 33,0,15,,59244,16,0,31 33,0,55,,59255,16,,,0,15,,59251,16,0,31 33,0,19,,59265,16,0,31 33,0,20,,59252,16,0,31 33,0,61,,59248,16,0,31 33,0,20,,59281,16,0,31 33,0,20,,59273,16,0,31 33,0,60,,59274,16,0,31 33,0,20,,59288,16,0,31 33,0
1000000,'S2-2_5',549,,59300,16,0,31 33,0,60,,59301,16,0,31 33,0,20,,59302,16,0,31 33,0,20,,59303,16,,,0,55,,59329,16,,,0,14,,59318,16,,,0,14,,59353,16,,,0,15,,59339,16,,,0,55,,59344,16,,,0,15,,59354,16,,,0,14,,59331,16,,,0,15,,59341,16,0,31 33,0,55,,59346,16,,,0,16,,59314,16,0,31 33,0,15,,59317,16,,,0,16,,59348,16,0,31 33,0,55,,59347,16,,,0,16,,59336,16,0,31 33,0,15,,59306,16,,,0,16,,59332,16,0,31 33,0,56,,59315,16,,,0,16,,59333,16,0,31 33,0,16,,59327,16,,,0,16,,59324,16,0,31 33,0,56,,59322,16,,,0,16,,59338,16,0,31 33,0,15,,59308,16,,,0,15,,59304,16,0,31 33,0,55,,59350,16,,,0,15,,59330,16,0,31 33,0,16,,59307,16,,,0,16,,59325,16,0,31 33,0,55,,59345,16,,,0,14,,59323,16,0,31 33,0,14,,59320,16,,,0,14,,59319,16,0,31 33,0,54,,59328,16,,,0,14,,59337,16,0,31 33,0,14,,59340,16,,,0,14,,59355,16,,,0,54,,59356,16,,,0,14,,59351,16,,,0,14,,59357,16,,,0,16,,59343,16,,,0,55,,59358,16,,,0,15,,59311,16,,,0,15,,59359,16,,,0,15,,59310,16,,,0,55,,59360,16,,,0,14,,59352,16,,,0,14,,59321,16,0,31 33,0,15,,59305,16,0,31 33,0,55,,59316,16,,,0,15,,59312,16,0,31 33,0,19,,59326,16,0,31 33,0,20,,59313,16,0,31 33,0,61,,59309,16,0,31 33,0,20,,59342,16,0,31 33,0,20,,59334,16,0,31 33,0,60,,59335,16,0,31 33,0,20,,59349,16,0,31 33,0
1000000,'S2-3_1',549,,59361,16,0,31 33,0,60,,59362,16,0,31 33,0,20,,59363,16,0,31 33,0,20,,59364,16,,,0,55,,59390,16,,,0,14,,59379,16,,,0,14,,59414,16,,,0,15,,59400,16,,,0,55,,59405,16,,,0,15,,59415,16,,,0,14,,59392,16,,,0,15,,59402,16,0,31 33,0,55,,59407,16,,,0,16,,59375,16,0,31 33,0,15,,59378,16,,,0,16,,59409,16,0,31 33,0,55,,59408,16,,,0,16,,59397,16,0,31 33,0,15,,59367,16,,,0,16,,59393,16,0,31 33,0,56,,59376,16,,,0,16,,59394,16,0,31 33,0,16,,59388,16,,,0,16,,59385,16,0,31 33,0,56,,59383,16,,,0,16,,59399,16,0,31 33,0,15,,59369,16,,,0,15,,59365,16,0,31 33,0,55,,59411,16,,,0,15,,59391,16,0,31 33,0,16,,59368,16,,,0,16,,59386,16,0,31 33,0,55,,59406,16,,,0,14,,59384,16,0,31 33,0,14,,59381,16,,,0,14,,59380,16,0,31 33,0,54,,59389,16,,,0,14,,59398,16,0,31 33,0,14,,59401,16,,,0,14,,59416,16,,,0,54,,59417,16,,,0,14,,59412,16,,,0,14,,59418,16,,,0,16,,59404,16,,,0,55,,59419,16,,,0,15,,59372,16,,,0,15,,59420,16,,,0,15,,59371,16,,,0,55,,59421,16,,,0,14,,59413,16,,,0,14,,59382,16,0,31 33,0,15,,59366,16,0,31 33,0,55,,59377,16,,,0,15,,59373,16,0,31 33,0,19,,59387,16,0,31 33,0,20,,59374,16,0,31 33,0,61,,59370,16,0,31 33,0,20,,59403,16,0,31 33,0,20,,59395,16,0,31 33,0,60,,59396,16,0,31 33,0,20,,59410,16,0,31 33,0
1000000,'S2-3_3',549,,59422,16,0,31 33,0,60,,59423,16,0,31 33,0,20,,59424,16,0,31 33,0,20,,59425,16,,,0,55,,59451,16,,,0,14,,59440,16,,,0,14,,59475,16,,,0,15,,59461,16,,,0,55,,59466,16,,,0,15,,59476,16,,,0,14,,59453,16,,,0,15,,59463,16,0,31 33,0,55,,59468,16,,,0,16,,59436,16,0,31 33,0,15,,59439,16,,,0,16,,59470,16,0,31 33,0,55,,59469,16,,,0,16,,59458,16,0,31 33,0,15,,59428,16,,,0,16,,59454,16,0,31 33,0,56,,59437,16,,,0,16,,59455,16,0,31 33,0,16,,59449,16,,,0,16,,59446,16,0,31 33,0,56,,59444,16,,,0,16,,59460,16,0,31 33,0,15,,59430,16,,,0,15,,59426,16,0,31 33,0,55,,59472,16,,,0,15,,59452,16,0,31 33,0,16,,59429,16,,,0,16,,59447,16,0,31 33,0,55,,59467,16,,,0,14,,59445,16,0,31 33,0,14,,59442,16,,,0,14,,59441,16,0,31 33,0,54,,59450,16,,,0,14,,59459,16,0,31 33,0,14,,59462,16,,,0,14,,59477,16,,,0,54,,59478,16,,,0,14,,59473,16,,,0,14,,59479,16,,,0,16,,59465,16,,,0,55,,59480,16,,,0,15,,59433,16,,,0,15,,59481,16,,,0,15,,59432,16,,,0,55,,59482,16,,,0,14,,59474,16,,,0,14,,59443,16,0,31 33,0,15,,59427,16,0,31 33,0,55,,59438,16,,,0,15,,59434,16,0,31 33,0,19,,59448,16,0,31 33,0,20,,59435,16,0,31 33,0,61,,59431,16,0,31 33,0,20,,59464,16,0,31 33,0,20,,59456,16,0,31 33,0,60,,59457,16,0,31 33,0,20,,59471,16,0,31 33,0
1000000,'S2-3_4',549,,59483,16,0,31 33,0,60,,59484,16,0,31 33,0,20,,59485,16,0,31 33,0,20,,59486,16,,,0,55,,59512,16,,,0,14,,59501,16,,,0,14,,59536,16,,,0,15,,59522,16,,,0,55,,59527,16,,,0,15,,59537,16,,,0,14,,59514,16,,,0,15,,59524,16,0,31 33,0,55,,59529,16,,,0,16,,59497,16,0,31 33,0,15,,59500,16,,,0,16,,59531,16,0,31 33,0,55,,59530,16,,,0,16,,59519,16,0,31 33,0,15,,59489,16,,,0,16,,59515,16,0,31 33,0,56,,59498,16,,,0,16,,59516,16,0,31 33,0,16,,59510,16,,,0,16,,59507,16,0,31 33,0,56,,59505,16,,,0,16,,59521,16,0,31 33,0,15,,59491,16,,,0,15,,59487,16,0,31 33,0,55,,59533,16,,,0,15,,59513,16,0,31 33,0,16,,59490,16,,,0,16,,59508,16,0,31 33,0,55,,59528,16,,,0,14,,59506,16,0,31 33,0,14,,59503,16,,,0,14,,59502,16,0,31 33,0,54,,59511,16,,,0,14,,59520,16,0,31 33,0,14,,59523,16,,,0,14,,59538,16,,,0,54,,59539,16,,,0,14,,59534,16,,,0,14,,59540,16,,,0,16,,59526,16,,,0,55,,59541,16,,,0,15,,59494,16,,,0,15,,59542,16,,,0,15,,59493,16,,,0,55,,59543,16,,,0,14,,59535,16,,,0,14,,59504,16,0,31 33,0,15,,59488,16,0,31 33,0,55,,59499,16,,,0,15,,59495,16,0,31 33,0,19,,59509,16,0,31 33,0,20,,59496,16,0,31 33,0,61,,59492,16,0,31 33,0,20,,59525,16,0,31 33,0,20,,59517,16,0,31 33,0,60,,59518,16,0,31 33,0,20,,59532,16,0,31 33,0
1000000,'S2-4_7',818,,59544,16,0,31 33,0,40,,59545,16,0,31 33,0,80,,59546,16,0,31 33,0,80,,59547,16,0,31 33,0,40,,59548,16,0,31 33,0,80,,59549,16,0,31 33,0,80,,59550,16,0,31 33,0,40,,59551,16,0,31 33,0,80,,59552,16,0,31 33,0,80,,59553,16,0,31 33,0,40,,59554,16,0,31 33,0,80,,59555,16,0,31 33,0,80,,59556,16,0,31 33,0,40,,59557,16,0,31 33,0,80,,59558,16,0,31 33,0,80,,59559,16,0,31 33,0,40,,59560,16,0,31 33,0,80,,59561,16,0,31 33,0
2000000,'S2-0_6',650,,60150,14,,,0,81,,60151,14,,,0,79,,60152,14,,,0,30,,60153,14,,,0,60,,60154,14,,,0,20,,60155,14,,,0,19,,60156,14,,,0,18,,60157,14,,,0,60,,60158,14,,,0,20,,60159,14,,,0,18,,60160,14,,,0,59,,60161,14,,,0,19,,60162,14,,,0,20,,60163,14,,,0,58,,60164,14,,,0,19,,60165,14,,,0,18,,60166,14,,,0,59,,60167,14,,,0,19,,60168,14,,,0,19,,60169,14,,,0,58,,60170,14,,,0,19,,60171,14,,,0,20,,60172,14,,,0,60,,60173,14,,,0,19,,60174,14,,,0,19,,60175,14,,,0,60,,60176,14,,,0,20,,60177,14,,,0,20,,60178,14,,,0,60,,60179,14,,,0,19,,60180,14,,,0,20,,60181,14,,,0,20,,60182,14,,,0,60,,60183,14,,,0,18,,60184,14,,,0,20,,60185,14,,,0,64,,60186,14,,,0,24,,60187,14,,,0,65,,60188,14,,,0,24,,60189,14,,,0,25,,60190,14,,,0
2000000,'S2-1_7',827,,60191,14,,,0,80,,60192,14,,,0,40,,60193,14,,,0,80,,60194,14,,,0,80,,60195,14,,,0,40,,60196,14,,,0,80,,60197,14,,,0,80,,60198,14,,,0,40,,60199,14,,,0,80,,60200,14,,,0,80,,60201,14,,,0,40,,60202,14,,,0,80,,60203,14,,,0,80,,60204,14,,,0,40,,60205,14,,,0,80,,60206,14,,,0,80,,60207,14,,,0,40,,60208,14,,,0
2000000,'S2-2_1',650,,60209,14,,,0,65,,60210,14,,,0,25,,60250,14,,,0,60,,60211,14,,,0,21,,60212,14,,,0,20,,60213,14,,,0,61,,60214,14,,,0,20,,60215,14,,,0,19,,60216,14,,,0,18,,60217,14,,,0,58,,60218,14,,,0,19,,60219,14,,,0,19,,60220,14,,,0,59,,60221,14,,,0,19,,60222,14,,,0,19,,60223,14,,,0,59,,60224,14,,,0,19,,60225,14,,,0,19,,60226,14,,,0,59,,60227,14,,,0,18,,60228,14,,,0,19,,60229,14,,,0,59,,60230,14,,,0,19,,60231,14,,,0,20,,60232,14,,,0,60,,60233,14,,,0,19,,60234,14,,,0,19,,60235,14,,,0,59,,60236,14,,,0,20,,60237,14,,,0,20,,60238,14,,,0,61,,60239,14,,,0,21,,60240,14,,,0,21,,60241,14,,,0,61,,60242,14,,,0,21,,60243,14,,,0,21,,60244,14,,,0,61,,60245,14,,,0,20,,60246,14,,,0,19,,60247,14,,,0,64,,60248,14,,,0,24,,60249,14,,,0,25,,60251,14,,,0
2000000,'S2-2_2',650,,60252,14,,,0,65,,60253,14,,,0,25,,60293,14,,,0,60,,60254,14,,,0,21,,60255,14,,,0,20,,60256,14,,,0,61,,60257,14,,,0,20,,60258,14,,,0,19,,60259,14,,,0,18,,60260,14,,,0,58,,60261,14,,,0,19,,60262,14,,,0,19,,60263,14,,,0,59,,60264,14,,,0,19,,60265,14,,,0,19,,60266,14,,,0,59,,60267,14,,,0,19,,60268,14,,,0,19,,60269,14,,,0,59,,60270,14,,,0,18,,60271,14,,,0,19,,60272,14,,,0,59,,60273,14,,,0,19,,60274,14,,,0,20,,60275,14,,,0,60,,60276,14,,,0,19,,60277,14,,,0,19,,60278,14,,,0,59,,60279,14,,,0,20,,60280,14,,,0,20,,60281,14,,,0,61,,60282,14,,,0,21,,60283,14,,,0,21,,60284,14,,,0,61,,60285,14,,,0,21,,60286,14,,,0,21,,60287,14,,,0,61,,60288,14,,,0,20,,60289,14,,,0,19,,60290,14,,,0,64,,60291,14,,,0,24,,60292,14,,,0,25,,60294,14,,,0
2000000,'S2-2_3',650,,60295,14,,,0,65,,60296,14,,,0,25,,60336,14,,,0,60,,60297,14,,,0,21,,60298,14,,,0,20,,60299,14,,,0,61,,60300,14,,,0,20,,60301,14,,,0,19,,60302,14,,,0,18,,60303,14,,,0,58,,60304,14,,,0,19,,60305,14,,,0,19,,60306,14,,,0,59,,60307,14,,,0,19,,60308,14,,,0,19,,60309,14,,,0,59,,60310,14,,,0,19,,60311,14,,,0,19,,60312,14,,,0,59,,60313,14,,,0,18,,60314,14,,,0,19,,60315,14,,,0,59,,60316,14,,,0,19,,60317,14,,,0,20,,60318,14,,,0,60,,60319,14,,,0,19,,60320,14,,,0,19,,60321,14,,,0,59,,60322,14,,,0,20,,60323,14,,,0,20,,60324,14,,,0,61,,60325,14,,,0,21,,60326,14,,,0,21,,60327,14,,,0,61,,60328,14,,,0,21,,60329,14,,,0,21,,60330,14,,,0,61,,60331,14,,,0,20,,60332,14,,,0,19,,60333,14,,,0,64,,60334,14,,,0,24,,60335,14,,,0,25,,60337,14,,,0
2000000,'S2-2_4',650,,60338,14,,,0,65,,60339,14,,,0,25,,60379,14,,,0,60,,60340,14,,,0,21,,60341,14,,,0,20,,60342,14,,,0,61,,60343,14,,,0,20,,60344,14,,,0,19,,60345,14,,,0,18,,60346,14,,,0,58,,60347,14,,,0,19,,60348,14,,,0,19,,60349,14,,,0,59,,60350,14,,,0,19,,60351,14,,,0,19,,60352,14,,,0,59,,60353,14,,,0,19,,60354,14,,,0,19,,60355,14,,,0,59,,60356,14,,,0,18,,60357,14,,,0,19,,60358,14,,,0,59,,60359,14,,,0,19,,60360,14,,,0,20,,60361,14,,,0,60,,60362,14,,,0,19,,60363,14,,,0,19,,60364,14,,,0,59,,60365,14,,,0,20,,60366,14,,,0,20,,60367,14,,,0,61,,60368,14,,,0,21,,60369,14,,,0,21,,60370,14,,,0,61,,60371,14,,,0,21,,60372,14,,,0,21,,60373,14,,,0,61,,60374,14,,,0,20,,60375,14,,,0,19,,60376,14,,,0,64,,60377,14,,,0,24,,60378,14,,,0,25,,60380,14,,,0
2000000,'S2-2_5',650,,60381,14,,,0,65,,60382,14,,,0,25,,60422,14,,,0,60,,60383,14,,,0,21,,60384,14,,,0,20,,60385,14,,,0,61,,60386,14,,,0,20,,60387,14,,,0,19,,60388,14,,,0,18,,60389,14,,,0,58,,60390,14,,,0,19,,60391,14,,,0,19,,60392,14,,,0,59,,60393,14,,,0,19,,60394,14,,,0,19,,60395,14,,,0,59,,60396,14,,,0,19,,60397,14,,,0,19,,60398,14,,,0,59,,60399,14,,,0,18,,60400,14,,,0,19,,60401,14,,,0,59,,60402,14,,,0,19,,60403,14,,,0,20,,60404,14,,,0,60,,60405,14,,,0,19,,60406,14,,,0,19,,60407,14,,,0,59,,60408,14,,,0,20,,60409,14,,,0,20,,60410,14,,,0,61,,60411,14,,,0,21,,60412,14,,,0,21,,60413,14,,,0,61,,60414,14,,,0,21,,60415,14,,,0,21,,60416,14,,,0,61,,60417,14,,,0,20,,60418,14,,,0,19,,60419,14,,,0,64,,60420,14,,,0,24,,60421,14,,,0,25,,60423,14,,,0
2000000,'S2-3_1',650,,60424,14,,,0,65,,60425,14,,,0,25,,60465,14,,,0,60,,60426,14,,,0,21,,60427,14,,,0,20,,60428,14,,,0,61,,60429,14,,,0,20,,60430,14,,,0,19,,60431,14,,,0,18,,60432,14,,,0,58,,60433,14,,,0,19,,60434,14,,,0,19,,60435,14,,,0,59,,60436,14,,,0,19,,60437,14,,,0,19,,60438,14,,,0,59,,60439,14,,,0,19,,60440,14,,,0,19,,60441,14,,,0,59,,60442,14,,,0,18,,60443,14,,,0,19,,60444,14,,,0,59,,60445,14,,,0,19,,60446,14,,,0,20,,60447,14,,,0,60,,60448,14,,,0,19,,60449,14,,,0,19,,60450,14,,,0,59,,60451,14,,,0,20,,60452,14,,,0,20,,60453,14,,,0,61,,60454,14,,,0,21,,60455,14,,,0,21,,60456,14,,,0,61,,60457,14,,,0,21,,60458,14,,,0,21,,60459,14,,,0,61,,60460,14,,,0,20,,60461,14,,,0,19,,60462,14,,,0,64,,60463,14,,,0,24,,60464,14,,,0,25,,60466,14,,,0
2000000,'S2-3_3',650,,60467,14,,,0,65,,60468,14,,,0,25,,60508,14,,,0,60,,60469,14,,,0,21,,60470,14,,,0,20,,60471,14,,,0,61,,60472,14,,,0,20,,60473,14,,,0,19,,60474,14,,,0,18,,60475,14,,,0,58,,60476,14,,,0,19,,60477,14,,,0,19,,60478,14,,,0,59,,60479,14,,,0,19,,60480,14,,,0,19,,60481,14,,,0,59,,60482,14,,,0,19,,60483,14,,,0,19,,60484,14,,,0,59,,60485,14,,,0,18,,60486,14,,,0,19,,60487,14,,,0,59,,60488,14,,,0,19,,60489,14,,,0,20,,60490,14,,,0,60,,60491,14,,,0,19,,60492,14,,,0,19,,60493,14,,,0,59,,60494,14,,,0,20,,60495,14,,,0,20,,60496,14,,,0,61,,60497,14,,,0,21,,60498,14,,,0,21,,60499,14,,,0,61,,60500,14,,,0,21,,60501,14,,,0,21,,60502,14,,,0,61,,60503,14,,,0,20,,60504,14,,,0,19,,60505,14,,,0,64,,60506,14,,,0,24,,60507,14,,,0,25,,60509,14,,,0
2000000,'S2-3_4',650,,60510,14,,,0,65,,60511,14,,,0,25,,60551,14,,,0,60,,60512,14,,,0,21,,60513,14,,,0,20,,60514,14,,,0,61,,60515,14,,,0,20,,60516,14,,,0,19,,60517,14,,,0,18,,60518,14,,,0,58,,60519,14,,,0,19,,60520,14,,,0,19,,60521,14,,,0,59,,60522,14,,,0,19,,60523,14,,,0,19,,60524,14,,,0,59,,60525,14,,,0,19,,60526,14,,,0,19,,60527,14,,,0,59,,60528,14,,,0,18,,60529,14,,,0,19,,60530,14,,,0,59,,60531,14,,,0,19,,60532,14,,,0,20,,60533,14,,,0,60,,60534,14,,,0,19,,60535,14,,,0,19,,60536,14,,,0,59,,60537,14,,,0,20,,60538,14,,,0,20,,60539,14,,,0,61,,60540,14,,,0,21,,60541,14,,,0,21,,60542,14,,,0,61,,60543,14,,,0,21,,60544,14,,,0,21,,60545,14,,,0,61,,60546,14,,,0,20,,60547,14,,,0,19,,60548,14,,,0,64,,60549,14,,,0,24,,60550,14,,,0,25,,60552,14,,,0
2000000,'S2-4_7',827,,60553,14,,,0,80,,60554,14,,,0,40,,60555,14,,,0,80,,60556,14,,,0,80,,60557,14,,,0,40,,60558,14,,,0,80,,60559,14,,,0,80,,60560,14,,,0,40,,60561,14,,,0,80,,60562,14,,,0,80,,60563,14,,,0,40,,60564,14,,,0,80,,60565,14,,,0,80,,60566,14,,,0,40,,60567,14,,,0,80,,60568,14,,,0,80,,60569,14,,,0,40,,60570,14,,,0
3000000,'S2-0_6',642,,61159,10,,,0,81,,61160,10,,,0,81,,61161,10,,,0,30,,61162,10,,,0,20,,61163,10,,,0,60,,61164,10,,,0,21,,61165,10,,,0,20,,61166,10,,,0,60,,61167,10,,,0,20,,61168,10,,,0,20,,61169,10,,,0,59,,61170,10,,,0,20,,61171,10,,,0,20,,61172,10,,,0,60,,61173,10,,,0,19,,61174,10,,,0,20,,61175,10,,,0,60,,61176,10,,,0,20,,61177,10,,,0,20,,61178,10,,,0,61,,61179,10,,,0,20,,61180,10,,,0,20,,61181,10,,,0,60,,61182,10,,,0,20,,61183,10,,,0,20,,61184,10,,,0,60,,61185,10,,,0,20,,61186,10,,,0,20,,61187,10,,,0,60,,61188,10,,,0,20,,61189,10,,,0,20,,61190,10,,,0,59,,61191,10,,,0,20,,61192,10,,,0,19,,61193,10,,,0,70,,61194,10,,,0,30,,61195,10,,,0,70,,61196,10,,,0,29,,61197,10,,,0
3000000,'S2-1_7',803,,61198,10,,,0,130,,61199,10,,,0,170,,61200,10,,,0,130,,61201,10,,,0,170,,61202,10,,,0,130,,61203,10,,,0,170,,61204,10,,,0,129,,61205,10,,,0,170,,61206,10,,,0
3000000,'S2-2_1',638,,61248,10,,,0,20,,61247,10,,,0,60,,61207,10,,,0,20,,61208,10,,,0,20,,61209,10,,,0,60,,61210,10,,,0,20,,61211,10,,,0,21,,61212,10,,,0,60,,61213,10,,,0,20,,61214,10,,,0,61,,61215,10,,,0,20,,61216,10,,,0,20,,61217,10,,,0,60,,61218,10,,,0,20,,61219,10,,,0,20,,61220,10,,,0,60,,61221,10,,,0,19,,61222,10,,,0,20,,61223,10,,,0,20,,61224,10,,,0,61,,61225,10,,,0,20,,61226,10,,,0,60,,61227,10,,,0,20,,61228,10,,,0,19,,61229,10,,,0,20,,61230,10,,,0,60,,61231,10,,,0,20,,61232,10,,,0,20,,61233,10,,,0,59,,61234,10,,,0,20,,61235,10,,,0,21,,61236,10,,,0,60,,61237,10,,,0,21,,61238,10,,,0,60,,61239,10,,,0,20,,61240,10,,,0,19,,61241,10,,,0,19,,61242,10,,,0,58,,61243,10,,,0,29,,61244,10,,,0,73,,61245,10,,,0,33,,61246,10,,,0
3000000,'S2-2_2',638,,61290,10,,,0,20,,61289,10,,,0,60,,61249,10,,,0,20,,61250,10,,,0,20,,61251,10,,,0,60,,61252,10,,,0,20,,61253,10,,,0,21,,61254,10,,,0,60,,61255,10,,,0,20,,61256,10,,,0,61,,61257,10,,,0,20,,61258,10,,,0,20,,61259,10,,,0,60,,61260,10,,,0,20,,61261,10,,,0,20,,61262,10,,,0,60,,61263,10,,,0,19,,61264,10,,,0,20,,61265,10,,,0,20,,61266,10,,,0,61,,61267,10,,,0,20,,61268,10,,,0,60,,61269,10,,,0,20,,61270,10,,,0,19,,61271,10,,,0,20,,61272,10,,,0,60,,61273,10,,,0,20,,61274,10,,,0,20,,61275,10,,,0,59,,61276,10,,,0,20,,61277,10,,,0,21,,61278,10,,,0,60,,61279,10,,,0,21,,61280,10,,,0,60,,61281,10,,,0,20,,61282,10,,,0,19,,61283,10,,,0,19,,61284,10,,,0,58,,61285,10,,,0,29,,61286,10,,,0,73,,61287,10,,,0,33,,61288,10,,,0
3000000,'S2-2_3',638,,61332,10,,,0,20,,61331,10,,,0,60,,61291,10,,,0,20,,61292,10,,,0,20,,61293,10,,,0,60,,61294,10,,,0,20,,61295,10,,,0,21,,61296,10,,,0,60,,61297,10,,,0,20,,61298,10,,,0,61,,61299,10,,,0,20,,61300,10,,,0,20,,61301,10,,,0,60,,61302,10,,,0,20,,61303,10,,,0,20,,61304,10,,,0,60,,61305,10,,,0,19,,61306,10,,,0,20,,61307,10,,,0,20,,61308,10,,,0,61,,61309,10,,,0,20,,61310,10,,,0,60,,61311,10,,,0,20,,61312,10,,,0,19,,61313,10,,,0,20,,61314,10,,,0,60,,61315,10,,,0,20,,61316,10,,,0,20,,61317,10,,,0,59,,61318,10,,,0,20,,61319,10,,,0,21,,61320,10,,,0,60,,61321,10,,,0,21,,61322,10,,,0,60,,61323,10,,,0,20,,61324,10,,,0,19,,61325,10,,,0,19,,61326,10,,,0,58,,61327,10,,,0,29,,61328,10,,,0,73,,61329,10,,,0,33,,61330,10,,,0
3000000,'S2-2_4',638,,61374,10,,,0,20,,61373,10,,,0,60,,61333,10,,,0,20,,61334,10,,,0,20,,61335,10,,,0,60,,61336,10,,,0,20,,61337,10,,,0,21,,61338,10,,,0,60,,61339,10,,,0,20,,61340,10,,,0,61,,61341,10,,,0,20,,61342,10,,,0,20,,61343,10,,,0,60,,61344,10,,,0,20,,61345,10,,,0,20,,61346,10,,,0,60,,61347,10,,,0,19,,61348,10,,,0,20,,61349,10,,,0,20,,61350,10,,,0,61,,61351,10,,,0,20,,61352,10,,,0,60,,61353,10,,,0,20,,61354,10,,,0,19,,61355,10,,,0,20,,61356,10,,,0,60,,61357,10,,,0,20,,61358,10,,,0,20,,61359,10,,,0,59,,61360,10,,,0,20,,61361,10,,,0,21,,61362,10,,,0,60,,61363,10,,,0,21,,61364,10,,,0,60,,61365,10,,,0,20,,61366,10,,,0,19,,61367,10,,,0,19,,61368,10,,,0,58,,61369,10,,,0,29,,61370,10,,,0,73,,61371,10,,,0,33,,61372,10,,,0
3000000,'S2-2_5',638,,61416,10,,,0,20,,61415,10,,,0,60,,61375,10,,,0,20,,61376,10,,,0,20,,61377,10,,,0,60,,61378,10,,,0,20,,61379,10,,,0,21,,61380,10,,,0,60,,61381,10,,,0,20,,61382,10,,,0,61,,61383,10,,,0,20,,61384,10,,,0,20,,61385,10,,,0,60,,61386,10,,,0,20,,61387,10,,,0,20,,61388,10,,,0,60,,61389,10,,,0,19,,61390,10,,,0,20,,61391,10,,,0,20,,61392,10,,,0,61,,61393,10,,,0,20,,61394,10,,,0,60,,61395,10,,,0,20,,61396,10,,,0,19,,61397,10,,,0,20,,61398,10,,,0,60,,61399,10,,,0,20,,61400,10,,,0,20,,61401,10,,,0,59,,61402,10,,,0,20,,61403,10,,,0,21,,61404,10,,,0,60,,61405,10,,,0,21,,61406,10,,,0,60,,61407,10,,,0,20,,61408,10,,,0,19,,61409,10,,,0,19,,61410,10,,,0,58,,61411,10,,,0,29,,61412,10,,,0,73,,61413,10,,,0,33,,61414,10,,,0
3000000,'S2-3_1',638,,61458,10,,,0,20,,61457,10,,,0,60,,61417,10,,,0,20,,61418,10,,,0,20,,61419,10,,,0,60,,61420,10,,,0,20,,61421,10,,,0,21,,61422,10,,,0,60,,61423,10,,,0,20,,61424,10,,,0,61,,61425,10,,,0,20,,61426,10,,,0,20,,61427,10,,,0,60,,61428,10,,,0,20,,61429,10,,,0,20,,61430,10,,,0,60,,61431,10,,,0,19,,61432,10,,,0,20,,61433,10,,,0,20,,61434,10,,,0,61,,61435,10,,,0,20,,61436,10,,,0,60,,61437,10,,,0,20,,61438,10,,,0,19,,61439,10,,,0,20,,61440,10,,,0,60,,61441,10,,,0,20,,61442,10,,,0,20,,61443,10,,,0,59,,61444,10,,,0,20,,61445,10,,,0,21,,61446,10,,,0,60,,61447,10,,,0,21,,61448,10,,,0,60,,61449,10,,,0,20,,61450,10,,,0,19,,61451,10,,,0,19,,61452,10,,,0,58,,61453,10,,,0,29,,61454,10,,,0,73,,61455,10,,,0,33,,61456,10,,,0
3000000,'S2-3_3',638,,61500,10,,,0,20,,61499,10,,,0,60,,61459,10,,,0,20,,61460,10,,,0,20,,61461,10,,,0,60,,61462,10,,,0,20,,61463,10,,,0,21,,61464,10,,,0,60,,61465,10,,,0,20,,61466,10,,,0,61,,61467,10,,,0,20,,61468,10,,,0,20,,61469,10,,,0,60,,61470,10,,,0,20,,61471,10,,,0,20,,61472,10,,,0,60,,61473,10,,,0,19,,61474,10,,,0,20,,61475,10,,,0,20,,61476,10,,,0,61,,61477,10,,,0,20,,61478,10,,,0,60,,61479,10,,,0,20,,61480,10,,,0,19,,61481,10,,,0,20,,61482,10,,,0,60,,61483,10,,,0,20,,61484,10,,,0,20,,61485,10,,,0,59,,61486,10,,,0,20,,61487,10,,,0,21,,61488,10,,,0,60,,61489,10,,,0,21,,61490,10,,,0,60,,61491,10,,,0,20,,61492,10,,,0,19,,61493,10,,,0,19,,61494,10,,,0,58,,61495,10,,,0,29,,61496,10,,,0,73,,61497,10,,,0,33,,61498,10,,,0
3000000,'S2-3_4',638,,61542,10,,,0,20,,61541,10,,,0,60,,61501,10,,,0,20,,61502,10,,,0,20,,61503,10,,,0,60,,61504,10,,,0,20,,61505,10,,,0,21,,61506,10,,,0,60,,61507,10,,,0,20,,61508,10,,,0,61,,61509,10,,,0,20,,61510,10,,,0,20,,61511,10,,,0,60,,61512,10,,,0,20,,61513,10,,,0,20,,61514,10,,,0,60,,61515,10,,,0,19,,61516,10,,,0,20,,61517,10,,,0,20,,61518,10,,,0,61,,61519,10,,,0,20,,61520,10,,,0,60,,61521,10,,,0,20,,61522,10,,,0,19,,61523,10,,,0,20,,61524,10,,,0,60,,61525,10,,,0,20,,61526,10,,,0,20,,61527,10,,,0,59,,61528,10,,,0,20,,61529,10,,,0,21,,61530,10,,,0,60,,61531,10,,,0,21,,61532,10,,,0,60,,61533,10,,,0,20,,61534,10,,,0,19,,61535,10,,,0,19,,61536,10,,,0,58,,61537,10,,,0,29,,61538,10,,,0,73,,61539,10,,,0,33,,61540,10,,,0
3000000,'S2-4_7',803,,61543,10,,,0,130,,61544,10,,,0,170,,61545,10,,,0,130,,61546,10,,,0,170,,61547,10,,,0,130,,61548,10,,,0,170,,61549,10,,,0,129,,61550,10,,,0,170,,61551,10,,,0
