700,'0_6',707,,66037,2,,,0,110,,66038,2,,,0,109,,66039,2,,,0,110,,66040,2,,,0,110,,66041,2,,,0,110,,66042,2,,,0,150,,66043,2,,,0,110,,66044,2,,,0,110,,66045,2,,,0,110,,66035,2,,,0,111,,66036,2,,,0
700,'2_1',704,,66046,2,,,0,110,,66048,2,,,0,110,,66049,2,,,0,110,,66050,2,,,0,110,,66051,2,,,0,110,,66052,2,,,0,150,,66053,2,,,0,110,,66054,2,,,0,110,,66055,2,,,0,110,,66056,2,,,0,110,,66047,2,,,0
700,'2_2',704,,66057,2,,,0,110,,66059,2,,,0,110,,66060,2,,,0,110,,66061,2,,,0,110,,66062,2,,,0,110,,66063,2,,,0,150,,66064,2,,,0,110,,66065,2,,,0,110,,66066,2,,,0,110,,66067,2,,,0,110,,66058,2,,,0
700,'2_3',704,,66068,2,,,0,110,,66070,2,,,0,110,,66071,2,,,0,110,,66072,2,,,0,110,,66073,2,,,0,110,,66074,2,,,0,150,,66075,2,,,0,110,,66076,2,,,0,110,,66077,2,,,0,110,,66078,2,,,0,110,,66069,2,,,0
700,'2_4',704,,66079,2,,,0,110,,66081,2,,,0,110,,66082,2,,,0,110,,66083,2,,,0,110,,66084,2,,,0,110,,66085,2,,,0,150,,66086,2,,,0,110,,66087,2,,,0,110,,66088,2,,,0,110,,66089,2,,,0,110,,66080,2,,,0
700,'2_5',704,,66090,2,,,0,110,,66092,2,,,0,110,,66093,2,,,0,110,,66094,2,,,0,110,,66095,2,,,0,110,,66096,2,,,0,150,,66097,2,,,0,110,,66098,2,,,0,110,,66099,2,,,0,110,,66100,2,,,0,110,,66091,2,,,0
700,'3_1',704,,66101,2,,,0,110,,66103,2,,,0,110,,66104,2,,,0,110,,66105,2,,,0,110,,66106,2,,,0,110,,66107,2,,,0,150,,66108,2,,,0,110,,66109,2,,,0,110,,66110,2,,,0,110,,66111,2,,,0,110,,66102,2,,,0
700,'3_3',704,,66112,2,,,0,110,,66114,2,,,0,110,,66115,2,,,0,110,,66116,2,,,0,110,,66117,2,,,0,110,,66118,2,,,0,150,,66119,2,,,0,110,,66120,2,,,0,110,,66121,2,,,0,110,,66122,2,,,0,110,,66113,2,,,0
700,'3_4',704,,66123,2,,,0,110,,66125,2,,,0,110,,66126,2,,,0,110,,66127,2,,,0,110,,66128,2,,,0,110,,66129,2,,,0,150,,66130,2,,,0,110,,66131,2,,,0,110,,66132,2,,,0,110,,66133,2,,,0,110,,66124,2,,,0
700,'3_5',704,,66134,2,,,0,110,,66136,2,,,0,110,,66137,2,,,0,110,,66138,2,,,0,110,,66139,2,,,0,110,,66140,2,,,0,150,,66141,2,,,0,110,,66142,2,,,0,110,,66143,2,,,0,110,,66144,2,,,0,110,,66135,2,,,0
