'2409-HIV-24i02H-s-Samedi-00',100,80600,0,'Soler',0,12200,0,'Soler',0,10200,0,'Soler',0,9900,0,'Soler',0,10100,0,'Soler',0,9900,0,'Soler',0,10000,0,'Soler',0,10000,0,'Soler',0,10100,0,'Soler',0,10200,0,'Soler',0,10400,0,'Soler',0
'2409-HIV-24i02H-w-Mercredi-00',100,65200,0,'Soler',0,6800,0,'Soler',0,3100,0,'Soler',0,7000,0,'Soler',0,10600,0,'Soler',0,11700,0,'Soler',0,9700,,'',0,6500,,'',0,9700,0,'Soler',0,9800,0,'Soler',0,10400,,'',0,9500,,'',0,3300,,'',0,6700,,'',0,4100,,'',0,10400,0,'Soler',0
'2409-HIV-24i02Hlv-L-Ma-J-V-00',100,65200,0,'Soler',0,6800,0,'Soler',0,3100,0,'Soler',0,7000,0,'Soler',0,10600,0,'Soler',0,11700,0,'Soler',0,9700,,'',0,6500,,'',0,9700,0,'Soler',0,9800,0,'Soler',0,10400,,'',0,9500,,'',0,3300,,'',0,6700,,'',0,4100,,'',0,10400,0,'Soler',0
'2409-HIV-24i09H-d-Dimanche-00',100,90300,0,'Soler',0,21100,0,'Soler',0,19400,0,'Soler',0,20500,0,'Soler',0,21000,0,'Soler',0
'2409-HIV-24i12Hlv-L-Ma-J-V-00',100,65200,0,'Soler',0,6800,0,'Soler',0,3100,0,'Soler',0,7000,0,'Soler',0,10600,0,'Soler',0,11700,0,'Soler',0,9700,,'',0,6500,,'',0,9700,0,'Soler',0,9800,0,'Soler',0,10400,,'',0,9500,,'',0,3300,,'',0,6700,,'',0,4100,,'',0,10400,0,'Soler',0
'2409-HIV-24j06H-d-Dimanche-00',100,90300,0,'Soler',0,21100,0,'Soler',0,19400,0,'Soler',0,20500,0,'Soler',0,21000,0,'Soler',0
'2409-HIV-24j21Vlv-Semaine-01',100,65500,,'',0,7000,0,'Soler',0,3000,0,'Soler',0,7100,0,'Soler',0,10100,0,'Soler',0,12000,0,'Soler',0,9600,,'',0,6500,,'',0,9600,0,'Soler',0,5500,0,'Soler',0,14800,0,'Soler',0,9400,,'',0,10600,,'',0,10100,,'',0,3700,0,'Soler',0
'2409-HIV-24j26H-d-Dimanche-00',100,90300,0,'Soler',0,21100,0,'Soler',0,19400,0,'Soler',0,20500,0,'Soler',0,21000,0,'Soler',0
'2409-HIV-24j28Vlv-Semaine-01',100,65500,,'',0,7000,0,'Soler',0,3000,0,'Soler',0,7100,0,'Soler',0,10100,0,'Soler',0,12000,0,'Soler',0,9600,,'',0,6500,,'',0,9600,0,'Soler',0,5500,0,'Soler',0,14800,0,'Soler',0,9400,,'',0,10600,,'',0,10100,,'',0,3700,0,'Soler',0
'2409-HIV-24l23Vlv-Semaine-00',100,65500,,'',0,7000,0,'Soler',0,3000,0,'Soler',0,7100,0,'Soler',0,10100,0,'Soler',0,12000,0,'Soler',0,9600,,'',0,6500,,'',0,9600,0,'Soler',0,5500,0,'Soler',0,14800,0,'Soler',0,9400,,'',0,10600,,'',0,10100,,'',0,3700,0,'Soler',0
