600,'S2-1_6',737,,23974,2,0,11 12,0,93,,23976,2,0,11 12,0,90,,23977,2,0,11 12,0,86,,23978,2,0,11 12,0,50,,23979,2,0,11 12,0,91,,23980,2,0,11 12,0,89,,23981,2,0,11 12,0,90,,23982,2,0,11 12,0,87,,23983,2,0,11 12,0,98,,23984,2,0,11 12,0,89,,23985,2,0,11 12,0,50,,23986,2,0,11 12,0,90,,23987,2,0,11 12,0,96,,23988,2,0,11 12,0,83,,23975,2,0,11 12,0
600,'S2-5_1',648,,23989,2,,,0,57,,24003,2,0,11 12,0,53,,23990,2,,,0,149,,23991,2,0,11 12,0,102,,23992,2,0,11 12,0,91,,23993,2,0,11 12,0,111,,23994,2,0,11 12,0,106,,23995,2,0,11 12,0,95,,24004,2,0,11 12,0,93,,23996,2,0,11 12,0,54,,23997,2,0,11 12,0,79,,23998,2,0,11 12,0,85,,23999,2,0,11 12,0,77,,24000,2,0,11 12,0,31,,24001,2,0,11 12,0,84,,24002,2,0,11 12,0
600,'S2-5_2',648,,24005,2,,,0,57,,24019,2,0,11 12,0,53,,24006,2,,,0,149,,24007,2,0,11 12,0,102,,24008,2,0,11 12,0,91,,24009,2,0,11 12,0,111,,24010,2,0,11 12,0,106,,24011,2,0,11 12,0,95,,24020,2,0,11 12,0,93,,24012,2,0,11 12,0,54,,24013,2,0,11 12,0,79,,24014,2,0,11 12,0,85,,24015,2,0,11 12,0,77,,24016,2,0,11 12,0,31,,24017,2,0,11 12,0,84,,24018,2,0,11 12,0
600,'S2-5_4',648,,24021,2,,,0,57,,24035,2,0,11 12,0,53,,24022,2,,,0,149,,24023,2,0,11 12,0,102,,24024,2,0,11 12,0,91,,24025,2,0,11 12,0,111,,24026,2,0,11 12,0,106,,24027,2,0,11 12,0,95,,24036,2,0,11 12,0,93,,24028,2,0,11 12,0,54,,24029,2,0,11 12,0,79,,24030,2,0,11 12,0,85,,24031,2,0,11 12,0,77,,24032,2,0,11 12,0,31,,24033,2,0,11 12,0,84,,24034,2,0,11 12,0
600,'S2-5_5',648,,24037,2,,,0,57,,24051,2,0,11 12,0,53,,24038,2,,,0,149,,24039,2,0,11 12,0,102,,24040,2,0,11 12,0,91,,24041,2,0,11 12,0,111,,24042,2,0,11 12,0,106,,24043,2,0,11 12,0,95,,24052,2,0,11 12,0,93,,24044,2,0,11 12,0,54,,24045,2,0,11 12,0,79,,24046,2,0,11 12,0,85,,24047,2,0,11 12,0,77,,24048,2,0,11 12,0,31,,24049,2,0,11 12,0,84,,24050,2,0,11 12,0
600,'S2-6_3',648,,24053,2,,,0,57,,24067,2,0,11 12,0,53,,24054,2,,,0,149,,24055,2,0,11 12,0,102,,24056,2,0,11 12,0,91,,24057,2,0,11 12,0,111,,24058,2,0,11 12,0,106,,24059,2,0,11 12,0,95,,24068,2,0,11 12,0,93,,24060,2,0,11 12,0,54,,24061,2,0,11 12,0,79,,24062,2,0,11 12,0,85,,24063,2,0,11 12,0,77,,24064,2,0,11 12,0,31,,24065,2,0,11 12,0,84,,24066,2,0,11 12,0
1801,'S2-5_1',653,,25235,4,0,56 2 57,0,68,,25234,4,0,56 2 57,0,25,,25236,4,0,56 2 57,0,62,,25242,4,,,0,900,,25237,4,0,56 2 57,0,30,,25238,4,0,56 2 57,0,74,,25239,4,0,56 2 57,0,31,,25240,4,0,56 2 57,0,64,,25241,4,0,56 2 57,0
1801,'S2-5_2',653,,25244,4,0,56 2 57,0,68,,25243,4,0,56 2 57,0,25,,25245,4,0,56 2 57,0,62,,25251,4,,,0,900,,25246,4,0,56 2 57,0,30,,25247,4,0,56 2 57,0,74,,25248,4,0,56 2 57,0,31,,25249,4,0,56 2 57,0,64,,25250,4,0,56 2 57,0
1801,'S2-5_4',653,,25253,4,0,56 2 57,0,68,,25252,4,0,56 2 57,0,25,,25254,4,0,56 2 57,0,62,,25260,4,,,0,900,,25255,4,0,56 2 57,0,30,,25256,4,0,56 2 57,0,74,,25257,4,0,56 2 57,0,31,,25258,4,0,56 2 57,0,64,,25259,4,0,56 2 57,0
1801,'S2-5_5',653,,25262,4,0,56 2 57,0,68,,25261,4,0,56 2 57,0,25,,25263,4,0,56 2 57,0,62,,25269,4,,,0,900,,25264,4,0,56 2 57,0,30,,25265,4,0,56 2 57,0,74,,25266,4,0,56 2 57,0,31,,25267,4,0,56 2 57,0,64,,25268,4,0,56 2 57,0
1801,'S2-6_3',653,,25271,4,0,56 2 57,0,68,,25270,4,0,56 2 57,0,25,,25272,4,0,56 2 57,0,62,,25273,4,0,56 2 57,0,502,,25276,4,0,56 2 57,0,428,,25274,4,0,56 2 57,0,105,,25275,4,0,56 2 57,0
2900600,'S2-5_1',658,,28359,2,,,0,155,,28360,2,,,0
2900600,'S2-5_2',658,,28361,2,,,0,155,,28362,2,,,0
2900600,'S2-5_4',658,,28363,2,,,0,155,,28364,2,,,0
2900600,'S2-5_5',658,,28365,2,,,0,155,,28366,2,,,0
2900600,'S2-6_3',658,,28367,2,,,0,155,,28368,2,,,0
