401,'S2-5_1',1333,,8869,4,0,41,0
401,'S2-5_2',1333,,8901,4,0,41,0
401,'S2-5_4',1333,,8933,4,0,41,0
401,'S2-5_5',1333,,8965,4,0,41,0
401,'S2-6_3',1333,,8997,4,0,41,0
2301,'S2-5_1',706,,10725,4,,,0
2301,'S2-5_2',706,,10728,4,,,0
2301,'S2-5_4',706,,10731,4,,,0
2301,'S2-5_5',706,,10734,4,,,0
2301,'S2-6_3',706,,10737,4,,,0
2900401,'S2-5_1',652,,13550,4,,,0,165,,13551,4,,,0
2900401,'S2-5_2',652,,13552,4,,,0,165,,13553,4,,,0
2900401,'S2-5_4',652,,13554,4,,,0,165,,13555,4,,,0
2900401,'S2-5_5',652,,13556,4,,,0,165,,13557,4,,,0
2900401,'S2-6_3',652,,13558,4,,,0,165,,13559,4,,,0
