201,'0_5',735,,1200,4,,0,17,,1191,0,23,0,53,,1198,0,23,0,18,,1197,0,24,0,12,,1195,0,23,0,15,,1194,4,,0,60,,1199,0,24,0,27,,1196,0,23,0,68,,1193,4,,0,42,,1188,0,23,0,66,,1189,0,24,0,43,,1186,0,23,0,75,,1185,0,24,0,19,,1190,0,23,0,60,,1187,4,,0,35,,1183,0,23,0,60,,1181,0,24,0,26,,1180,0,23,0,70,,1178,4,,0,26,,1184,0,23,0,25,,1179,0,24,0,55,,1182,4,,0,20,,1174,0,23,0,10,,1176,0,24,0,15,,1173,0,23,0,55,,1177,0,24,0,20,,1175,0,23,0,15,,1167,0,24,0,13,,1169,0,23,0,52,,1166,0,24,0,15,,1170,0,23,0,14,,1172,0,24,0,15,,1171,0,23,0,55,,1168,0,24,0,20,,1164,0,23,0,24,,1165,0,24,0,59,,1163,0,23,0
201,'1_6',735,,1202,4,,0,5,,1226,0,24,0,65,,1214,0,23,0,30,,1203,0,23,0,65,,1215,0,24,0,25,,1227,4,,0,25,,1204,4,,0,60,,1216,0,23,0,16,,1228,0,24,0,31,,1205,4,,0,59,,1217,0,23,0,20,,1229,0,41,0,65,,1206,4,,0,20,,1218,0,24,0,19,,1230,0,23,0,70,,1207,0,23,0,18,,1219,0,24,0,20,,1231,4,,0,64,,1208,0,23,0,19,,1220,0,24,0,25,,1232,4,,0,65,,1209,0,24,0,19,,1221,0,23,0,62,,1233,4,,0,22,,1210,0,24,0,16,,1222,0,23,0,64,,1234,4,,0,25,,1211,0,23,0,19,,1223,0,24,0,59,,1235,4,,0,25,,1212,0,23,0,19,,1224,4,,0,60,,1236,0,24,0,20,,1213,0,23,0,14,,1225,0,24,0,14,,1237,0,23,0
201,'2_7',859,,1238,0,23,0,165,,1239,0,23,0,125,,1240,0,23,0,165,,1241,0,23,0,110,,1242,0,23,0,125,,1243,0,23,0,165,,1244,0,23,0,125,,1245,0,23,0
201,'3_1',735,,1283,4,,0,17,,1274,0,23,0,53,,1281,0,23,0,18,,1280,0,24,0,12,,1278,0,23,0,15,,1277,4,,0,60,,1282,0,24,0,27,,1279,0,23,0,68,,1276,4,,0,42,,1271,0,23,0,66,,1272,0,24,0,43,,1269,0,23,0,75,,1268,0,24,0,19,,1273,0,23,0,60,,1270,4,,0,35,,1266,0,23,0,60,,1264,0,24,0,26,,1263,0,23,0,70,,1261,4,,0,26,,1267,0,23,0,25,,1262,0,24,0,55,,1265,4,,0,20,,1257,0,23,0,10,,1259,0,24,0,15,,1256,0,23,0,55,,1260,0,24,0,20,,1258,0,23,0,15,,1250,0,24,0,13,,1252,0,23,0,52,,1249,0,24,0,15,,1253,0,23,0,14,,1255,0,24,0,15,,1254,0,23,0,55,,1251,0,24,0,20,,1247,0,23,0,24,,1248,0,24,0,59,,1246,0,23,0
201,'3_2',735,,1322,4,,0,17,,1313,0,23,0,53,,1320,0,23,0,18,,1319,0,24,0,12,,1317,0,23,0,15,,1316,4,,0,60,,1321,0,24,0,27,,1318,0,23,0,68,,1315,4,,0,42,,1310,0,23,0,66,,1311,0,24,0,43,,1308,0,23,0,75,,1307,0,24,0,19,,1312,0,23,0,60,,1309,4,,0,35,,1305,0,23,0,60,,1303,0,24,0,26,,1302,0,23,0,70,,1300,4,,0,26,,1306,0,23,0,25,,1301,0,24,0,55,,1304,4,,0,20,,1296,0,23,0,10,,1298,0,24,0,15,,1295,0,23,0,55,,1299,0,24,0,20,,1297,0,23,0,15,,1289,0,24,0,13,,1291,0,23,0,52,,1288,0,24,0,15,,1292,0,23,0,14,,1294,0,24,0,15,,1293,0,23,0,55,,1290,0,24,0,20,,1286,0,23,0,24,,1287,0,24,0,59,,1285,0,23,0
201,'3_3',735,,1361,4,,0,17,,1352,0,23,0,53,,1359,0,23,0,18,,1358,0,24,0,12,,1356,0,23,0,15,,1355,4,,0,60,,1360,0,24,0,27,,1357,0,23,0,68,,1354,4,,0,42,,1349,0,23,0,66,,1350,0,24,0,43,,1347,0,23,0,75,,1346,0,24,0,19,,1351,0,23,0,60,,1348,4,,0,35,,1344,0,23,0,60,,1342,0,24,0,26,,1341,0,23,0,70,,1339,4,,0,26,,1345,0,23,0,25,,1340,0,24,0,55,,1343,4,,0,20,,1335,0,23,0,10,,1337,0,24,0,15,,1334,0,23,0,55,,1338,0,24,0,20,,1336,0,23,0,15,,1328,0,24,0,13,,1330,0,23,0,52,,1327,0,24,0,15,,1331,0,23,0,14,,1333,0,24,0,15,,1332,0,23,0,55,,1329,0,24,0,20,,1325,0,23,0,24,,1326,0,24,0,59,,1324,0,23,0
201,'3_4',735,,1400,4,,0,17,,1391,0,23,0,53,,1398,0,23,0,18,,1397,0,24,0,12,,1395,0,23,0,15,,1394,4,,0,60,,1399,0,24,0,27,,1396,0,23,0,68,,1393,4,,0,42,,1388,0,23,0,66,,1389,0,24,0,43,,1386,0,23,0,75,,1385,0,24,0,19,,1390,0,23,0,60,,1387,4,,0,35,,1383,0,23,0,60,,1381,0,24,0,26,,1380,0,23,0,70,,1378,4,,0,26,,1384,0,23,0,25,,1379,0,24,0,55,,1382,4,,0,20,,1374,0,23,0,10,,1376,0,24,0,15,,1373,0,23,0,55,,1377,0,24,0,20,,1375,0,23,0,15,,1367,0,24,0,13,,1369,0,23,0,52,,1366,0,24,0,15,,1370,0,23,0,14,,1372,0,24,0,15,,1371,0,23,0,55,,1368,0,24,0,20,,1364,0,23,0,24,,1365,0,24,0,59,,1363,0,23,0
201,'3_5',735,,1439,4,,0,17,,1430,0,23,0,53,,1437,0,23,0,18,,1436,0,24,0,12,,1434,0,23,0,15,,1433,4,,0,60,,1438,0,24,0,27,,1435,0,23,0,68,,1432,4,,0,42,,1427,0,23,0,66,,1428,0,24,0,43,,1425,0,23,0,75,,1424,0,24,0,19,,1429,0,23,0,60,,1426,4,,0,35,,1422,0,23,0,60,,1420,0,24,0,26,,1419,0,23,0,70,,1417,4,,0,26,,1423,0,23,0,25,,1418,0,24,0,55,,1421,4,,0,20,,1413,0,23,0,10,,1415,0,24,0,15,,1412,0,23,0,55,,1416,0,24,0,20,,1414,0,23,0,15,,1406,0,24,0,13,,1408,0,23,0,52,,1405,0,24,0,15,,1409,0,23,0,14,,1411,0,24,0,15,,1410,0,23,0,55,,1407,0,24,0,20,,1403,0,23,0,24,,1404,0,24,0,59,,1402,0,23,0
201,'4_7',859,,1441,0,23,0,165,,1442,0,23,0,125,,1443,0,23,0,165,,1444,0,23,0,110,,1445,0,23,0,125,,1446,0,23,0,165,,1447,0,23,0,125,,1448,0,23,0
201,'5_1',734,,1449,4,,0,17,,1483,0,23,0,53,,1487,0,23,0,18,,1471,0,24,0,13,,1452,0,23,0,15,,1450,4,,0,60,,1472,0,24,0,27,,1453,0,23,0,68,,1463,4,,0,42,,1457,0,23,0,66,,1464,0,24,0,43,,1458,0,23,0,75,,1465,0,24,0,20,,1485,0,23,0,60,,1454,4,,0,35,,1473,0,23,0,61,,1486,0,24,0,25,,1466,0,23,0,70,,1451,4,,0,25,,1474,0,23,0,25,,1455,0,24,0,55,,1480,4,,0,21,,1467,0,23,0,10,,1482,0,24,0,15,,1459,0,23,0,56,,1481,0,24,0,21,,1475,0,23,0,15,,1468,0,24,0,12,,1476,0,23,0,53,,1456,0,24,0,14,,1477,0,23,0,15,,1479,0,24,0,14,,1478,0,23,0,54,,1469,0,24,0,19,,1460,0,23,0,23,,1470,0,24,0,59,,1461,0,23,0
201,'5_2',734,,1488,4,,0,17,,1522,0,23,0,53,,1526,0,23,0,18,,1510,0,24,0,13,,1491,0,23,0,15,,1489,4,,0,60,,1511,0,24,0,27,,1492,0,23,0,68,,1502,4,,0,42,,1496,0,23,0,66,,1503,0,24,0,43,,1497,0,23,0,75,,1504,0,24,0,20,,1524,0,23,0,60,,1493,4,,0,35,,1512,0,23,0,61,,1525,0,24,0,25,,1505,0,23,0,70,,1490,4,,0,25,,1513,0,23,0,25,,1494,0,24,0,55,,1519,4,,0,21,,1506,0,23,0,10,,1521,0,24,0,15,,1498,0,23,0,56,,1520,0,24,0,21,,1514,0,23,0,15,,1507,0,24,0,12,,1515,0,23,0,53,,1495,0,24,0,14,,1516,0,23,0,15,,1518,0,24,0,14,,1517,0,23,0,54,,1508,0,24,0,19,,1499,0,23,0,23,,1509,0,24,0,59,,1500,0,23,0
201,'5_4',734,,12501,4,,0,17,,12535,0,23,0,53,,12539,0,23,0,18,,12523,0,24,0,13,,12504,0,23,0,15,,12502,4,,0,60,,12524,0,24,0,27,,12505,0,23,0,68,,12515,4,,0,42,,12509,0,23,0,66,,12516,0,24,0,43,,12510,0,23,0,75,,12517,0,24,0,20,,12537,0,23,0,60,,12506,4,,0,35,,12525,0,23,0,61,,12538,0,24,0,25,,12518,0,23,0,70,,12503,4,,0,25,,12526,0,23,0,25,,12507,0,24,0,55,,12532,4,,0,21,,12519,0,23,0,10,,12534,0,24,0,15,,12511,0,23,0,56,,12533,0,24,0,21,,12527,0,23,0,15,,12520,0,24,0,12,,12528,0,23,0,53,,12508,0,24,0,14,,12529,0,23,0,15,,12531,0,24,0,14,,12530,0,23,0,54,,12521,0,24,0,19,,12512,0,23,0,23,,12522,0,24,0,59,,12513,0,23,0
201,'6_3',734,,1527,4,,0,17,,1561,0,23,0,53,,1566,0,23,0,18,,1549,0,24,0,13,,1530,0,23,0,15,,1528,4,,0,60,,1550,0,24,0,27,,1531,0,23,0,68,,1541,4,,0,42,,1535,0,23,0,66,,1542,0,24,0,43,,1536,0,23,0,75,,1564,0,23,0,20,,1563,0,23,0,60,,1532,4,,0,35,,1551,0,23,0,61,,1565,0,24,0,25,,1544,0,23,0,70,,1529,4,,0,25,,1552,0,23,0,25,,1533,0,24,0,55,,1558,4,,0,21,,1545,0,23,0,10,,1560,0,24,0,15,,1537,0,23,0,56,,1559,0,24,0,21,,1553,0,23,0,15,,1546,0,24,0,12,,1554,0,23,0,53,,1534,0,24,0,14,,1555,0,23,0,15,,1557,0,24,0,14,,1556,0,23,0,54,,1547,0,24,0,19,,1538,0,23,0,23,,1548,0,24,0,59,,1539,0,23,0
