1501,'S2-1_6',706,,10143,17,,,0,18,,10144,17,,,0,95,,10145,17,,,0,21,,10146,17,,,0,118,,10147,17,,,0,156,,10148,17,,,0,118,,10149,17,,,0,94,,10150,17,,,0,118,,10151,17,,,0,99,,10142,5,,,0,163,,10152,17,,,0,110,,10153,17,,,0,95,,10154,17,,,0
1501,'S2-5_1',706,,10156,17,,,0,18,,10157,17,,,0,95,,10158,17,,,0,21,,10159,17,,,0,118,,10160,17,,,0,156,,10161,17,,,0,118,,10162,17,,,0,94,,10163,17,,,0,118,,10164,17,,,0,99,,10155,5,,,0,163,,10165,17,,,0,110,,10166,17,,,0,95,,10167,17,,,0
1501,'S2-5_2',706,,10169,17,,,0,18,,10170,17,,,0,95,,10171,17,,,0,21,,10172,17,,,0,118,,10173,17,,,0,156,,10174,17,,,0,118,,10175,17,,,0,94,,10176,17,,,0,118,,10177,17,,,0,99,,10168,5,,,0,163,,10178,17,,,0,110,,10179,17,,,0,95,,10180,17,,,0
1501,'S2-5_4',706,,10182,17,,,0,18,,10183,17,,,0,95,,10184,17,,,0,21,,10185,17,,,0,118,,10186,17,,,0,156,,10187,17,,,0,118,,10188,17,,,0,94,,10189,17,,,0,118,,10190,17,,,0,99,,10181,5,,,0,163,,10191,17,,,0,110,,10192,17,,,0,95,,10193,17,,,0
1501,'S2-5_5',706,,10195,17,,,0,18,,10196,17,,,0,95,,10197,17,,,0,21,,10198,17,,,0,118,,10199,17,,,0,156,,10200,17,,,0,118,,10201,17,,,0,94,,10202,17,,,0,118,,10203,17,,,0,99,,10194,5,,,0,163,,10204,17,,,0,110,,10205,17,,,0,95,,10206,17,,,0
1501,'S2-6_3',706,,10208,17,,,0,18,,10209,17,,,0,95,,10210,17,,,0,21,,10211,17,,,0,118,,10212,17,,,0,156,,10213,17,,,0,118,,10214,17,,,0,94,,10215,17,,,0,118,,10216,17,,,0,99,,10207,5,,,0,163,,10217,17,,,0,110,,10218,17,,,0,95,,10219,17,,,0
2001,'S2-5_1',710,,10598,13,,,0,121,,10599,13,,,0,79,,10600,13,,,0,891,,10601,13,,,0
2001,'S2-5_2',710,,10602,13,,,0,121,,10603,13,,,0,79,,10604,13,,,0,891,,10605,13,,,0
2001,'S2-5_4',710,,10606,13,,,0,121,,10607,13,,,0,79,,10608,13,,,0,891,,10609,13,,,0
2001,'S2-5_5',710,,10610,13,,,0,121,,10611,13,,,0,79,,10612,13,,,0,891,,10613,13,,,0
2001,'S2-6_3',710,,10614,13,,,0,121,,10615,13,,,0,79,,10616,13,,,0,446,,10618,13,,,0,445,,10617,13,,,0
4000001,'S2-1_6',649,,14511,11,,,0,59,,14532,9,,,0,20,,14512,11,,,0,20,,14533,9,,,0,59,,14513,11,,,0,20,,14534,9,,,0,20,,14514,11,,,0,61,,14535,9,,,0,20,,14515,11,,,0,21,,14536,9,,,0,61,,14516,11,,,0,20,,14537,9,,,0,21,,14517,11,,,0,61,,14538,9,,,0,22,,14518,11,,,0,20,,14539,9,,,0,63,,14519,11,,,0,21,,14540,9,,,0,21,,14520,11,,,0,58,,14541,9,,,0,18,,14521,11,,,0,17,,14542,9,,,0,58,,14522,11,,,0,19,,14543,9,,,0,20,,14523,11,,,0,60,,14544,9,,,0,20,,14524,11,,,0,20,,14545,9,,,0,59,,14525,11,,,0,19,,14546,9,,,0,20,,14526,11,,,0,60,,14547,9,,,0,20,,14527,11,,,0,20,,14548,9,,,0,61,,14528,11,,,0,21,,14549,9,,,0,20,,14529,11,,,0,60,,14550,9,,,0,20,,14530,9,,,0,21,,14551,11,,,0,61,,14553,9,,,0,20,,14531,11,,,0,70,,14552,9,,,0
4000001,'S2-4_7',906,,14555,11,,,0,110,,14560,9,,,0,110,,14556,11,,,0,110,,14561,9,,,0,110,,14557,11,,,0,110,,14562,9,,,0,150,,14558,11,,,0,110,,14563,9,,,0,110,,14559,11,,,0,110,,14554,9,,,0
4000001,'S2-5_1',649,,14564,11,,,0,58,,14582,9,,,0,17,,14565,11,,,0,18,,14606,9,,,0,63,,14566,11,,,0,20,,14583,9,,,0,21,,14567,11,,,0,60,,14584,9,,,0,21,,14568,11,,,0,20,,14585,9,,,0,59,,14605,11,,,0,20,,14586,9,,,0,20,,14569,11,,,0,60,,14587,9,,,0,21,,14570,11,,,0,19,,14588,9,,,0,58,,14571,11,,,0,22,,14589,9,,,0,20,,14572,11,,,0,60,,14590,9,,,0,19,,14573,11,,,0,20,,14591,9,,,0,60,,14604,11,,,0,21,,14592,9,,,0,19,,14574,11,,,0,59,,14593,9,,,0,20,,14575,11,,,0,20,,14594,9,,,0,59,,14603,11,,,0,20,,14595,9,,,0,16,,14576,11,,,0,20,,14596,9,,,0,59,,14577,11,,,0,23,,14597,9,,,0,61,,14578,11,,,0,22,,14598,9,,,0,22,,14579,11,,,0,61,,14599,9,,,0,22,,14580,11,,,0,20,,14600,9,,,0,61,,14601,9,,,0,20,,14581,11,,,0,70,,14602,9,,,0
4000001,'S2-5_2',649,,14607,11,,,0,58,,14625,9,,,0,17,,14608,11,,,0,18,,14649,9,,,0,63,,14609,11,,,0,20,,14626,9,,,0,21,,14610,11,,,0,60,,14627,9,,,0,21,,14611,11,,,0,20,,14628,9,,,0,59,,14648,11,,,0,20,,14629,9,,,0,20,,14612,11,,,0,60,,14630,9,,,0,21,,14613,11,,,0,19,,14631,9,,,0,58,,14614,11,,,0,22,,14632,9,,,0,20,,14615,11,,,0,60,,14633,9,,,0,19,,14616,11,,,0,20,,14634,9,,,0,60,,14647,11,,,0,21,,14635,9,,,0,19,,14617,11,,,0,59,,14636,9,,,0,20,,14618,11,,,0,20,,14637,9,,,0,59,,14646,11,,,0,20,,14638,9,,,0,16,,14619,11,,,0,20,,14639,9,,,0,59,,14620,11,,,0,23,,14640,9,,,0,61,,14621,11,,,0,22,,14641,9,,,0,22,,14622,11,,,0,61,,14642,9,,,0,22,,14623,11,,,0,20,,14643,9,,,0,61,,14644,9,,,0,20,,14624,11,,,0,70,,14645,9,,,0
4000001,'S2-5_4',649,,14650,11,,,0,58,,14668,9,,,0,17,,14651,11,,,0,18,,14692,9,,,0,63,,14652,11,,,0,20,,14669,9,,,0,21,,14653,11,,,0,60,,14670,9,,,0,21,,14654,11,,,0,20,,14671,9,,,0,59,,14691,11,,,0,20,,14672,9,,,0,20,,14655,11,,,0,60,,14673,9,,,0,21,,14656,11,,,0,19,,14674,9,,,0,58,,14657,11,,,0,22,,14675,9,,,0,20,,14658,11,,,0,60,,14676,9,,,0,19,,14659,11,,,0,20,,14677,9,,,0,60,,14690,11,,,0,21,,14678,9,,,0,19,,14660,11,,,0,59,,14679,9,,,0,20,,14661,11,,,0,20,,14680,9,,,0,59,,14689,11,,,0,20,,14681,9,,,0,16,,14662,11,,,0,20,,14682,9,,,0,59,,14663,11,,,0,23,,14683,9,,,0,61,,14664,11,,,0,22,,14684,9,,,0,22,,14665,11,,,0,61,,14685,9,,,0,22,,14666,11,,,0,20,,14686,9,,,0,61,,14687,9,,,0,20,,14667,11,,,0,70,,14688,9,,,0
4000001,'S2-5_5',649,,14693,11,,,0,58,,14711,9,,,0,17,,14694,11,,,0,18,,14735,9,,,0,63,,14695,11,,,0,20,,14712,9,,,0,21,,14696,11,,,0,60,,14713,9,,,0,21,,14697,11,,,0,20,,14714,9,,,0,59,,14734,11,,,0,20,,14715,9,,,0,20,,14698,11,,,0,60,,14716,9,,,0,21,,14699,11,,,0,19,,14717,9,,,0,58,,14700,11,,,0,22,,14718,9,,,0,20,,14701,11,,,0,60,,14719,9,,,0,19,,14702,11,,,0,20,,14720,9,,,0,60,,14733,11,,,0,21,,14721,9,,,0,19,,14703,11,,,0,59,,14722,9,,,0,20,,14704,11,,,0,20,,14723,9,,,0,59,,14732,11,,,0,20,,14724,9,,,0,16,,14705,11,,,0,20,,14725,9,,,0,59,,14706,11,,,0,23,,14726,9,,,0,61,,14707,11,,,0,22,,14727,9,,,0,22,,14708,11,,,0,61,,14728,9,,,0,22,,14709,11,,,0,20,,14729,9,,,0,61,,14730,9,,,0,20,,14710,11,,,0,70,,14731,9,,,0
4000001,'S2-6_3',649,,14736,11,,,0,58,,14754,9,,,0,17,,14737,11,,,0,18,,14778,9,,,0,63,,14738,11,,,0,20,,14755,9,,,0,21,,14739,11,,,0,60,,14756,9,,,0,21,,14740,11,,,0,20,,14757,9,,,0,59,,14777,11,,,0,20,,14758,9,,,0,20,,14741,11,,,0,60,,14759,9,,,0,21,,14742,11,,,0,19,,14760,9,,,0,58,,14743,11,,,0,22,,14761,9,,,0,20,,14744,11,,,0,60,,14762,9,,,0,19,,14745,11,,,0,20,,14763,9,,,0,60,,14776,11,,,0,21,,14764,9,,,0,19,,14746,11,,,0,59,,14765,9,,,0,20,,14747,11,,,0,20,,14766,9,,,0,59,,14775,11,,,0,20,,14767,9,,,0,16,,14748,11,,,0,20,,14768,9,,,0,59,,14749,11,,,0,23,,14769,9,,,0,61,,14750,11,,,0,22,,14770,9,,,0,22,,14751,11,,,0,61,,14771,9,,,0,22,,14752,11,,,0,20,,14772,9,,,0,61,,14773,9,,,0,20,,14753,11,,,0,70,,14774,9,,,0
