201,'0_5',710,,1200,0,22,0,30,,1198,0,23,0,18,,1197,0,24,0,51,,1195,0,23,0,14,,1194,0,22,0,20,,1199,0,24,0,67,,1196,0,23,0,28,,1193,0,22,0,81,,1188,0,23,0,26,,1189,0,24,0,84,,1186,0,23,0,75,,1185,0,24,0,40,,1187,0,22,0,75,,1183,0,23,0,20,,1181,0,24,0,64,,1180,0,23,0,30,,1178,0,22,0,25,,1184,0,23,0,65,,1179,0,24,0,35,,1174,0,23,0,64,,1173,0,23,0,34,,1175,0,23,0,56,,1167,0,24,0,12,,1169,0,23,0,13,,1166,0,24,0,14,,1170,0,23,0,55,,1172,0,24,0,16,,1171,0,23,0,15,,1168,0,24,0,20,,1164,0,23,0,65,,1165,0,24,0,22,,1163,0,23,0
201,'1_6',710,,1202,0,22,0,5,,1226,0,24,0,25,,1214,0,23,0,69,,1203,0,23,0,24,,1215,0,24,0,25,,1227,0,22,0,65,,1204,0,22,0,20,,1216,0,23,0,15,,1228,0,24,0,71,,1205,0,22,0,19,,1217,0,23,0,60,,1229,0,41,0,26,,1206,0,22,0,20,,1218,0,24,0,60,,1230,0,23,0,30,,1207,0,23,0,58,,1219,0,24,0,20,,1231,0,22,0,25,,1208,0,23,0,56,,1220,0,24,0,25,,1232,0,22,0,25,,1209,0,24,0,58,,1221,0,23,0,22,,1233,0,22,0,22,,1210,0,24,0,55,,1222,0,23,0,24,,1234,0,22,0,24,,1211,0,23,0,59,,1223,0,24,0,20,,1235,0,22,0,64,,1212,0,23,0,21,,1224,0,22,0,20,,1236,0,24,0,60,,1213,0,23,0,15,,1225,0,24,0,17,,1237,0,23,0
201,'2_7',835,,1238,0,23,0,165,,1239,0,23,0,125,,1240,0,23,0,125,,1241,0,23,0,150,,1242,0,23,0,125,,1243,0,23,0,125,,1244,0,23,0,165,,1245,0,23,0
201,'3_1',710,,1283,0,22,0,30,,1281,0,23,0,18,,1280,0,24,0,51,,1278,0,23,0,14,,1277,0,22,0,20,,1282,0,24,0,67,,1279,0,23,0,28,,1276,0,22,0,81,,1271,0,23,0,26,,1272,0,24,0,84,,1269,0,23,0,75,,1268,0,24,0,40,,1270,0,22,0,75,,1266,0,23,0,20,,1264,0,24,0,64,,1263,0,23,0,30,,1261,0,22,0,25,,1267,0,23,0,65,,1262,0,24,0,35,,1257,0,23,0,64,,1256,0,23,0,34,,1258,0,23,0,56,,1250,0,24,0,12,,1252,0,23,0,13,,1249,0,24,0,14,,1253,0,23,0,55,,1255,0,24,0,16,,1254,0,23,0,15,,1251,0,24,0,20,,1247,0,23,0,65,,1248,0,24,0,22,,1246,0,23,0
201,'3_2',710,,1322,0,22,0,30,,1320,0,23,0,18,,1319,0,24,0,51,,1317,0,23,0,14,,1316,0,22,0,20,,1321,0,24,0,67,,1318,0,23,0,28,,1315,0,22,0,81,,1310,0,23,0,26,,1311,0,24,0,84,,1308,0,23,0,75,,1307,0,24,0,40,,1309,0,22,0,75,,1305,0,23,0,20,,1303,0,24,0,64,,1302,0,23,0,30,,1300,0,22,0,25,,1306,0,23,0,65,,1301,0,24,0,35,,1296,0,23,0,64,,1295,0,23,0,34,,1297,0,23,0,56,,1289,0,24,0,12,,1291,0,23,0,13,,1288,0,24,0,14,,1292,0,23,0,55,,1294,0,24,0,16,,1293,0,23,0,15,,1290,0,24,0,20,,1286,0,23,0,65,,1287,0,24,0,22,,1285,0,23,0
201,'3_3',710,,1361,0,22,0,30,,1359,0,23,0,18,,1358,0,24,0,51,,1356,0,23,0,14,,1355,0,22,0,20,,1360,0,24,0,67,,1357,0,23,0,28,,1354,0,22,0,81,,1349,0,23,0,26,,1350,0,24,0,84,,1347,0,23,0,75,,1346,0,24,0,40,,1348,0,22,0,75,,1344,0,23,0,20,,1342,0,24,0,64,,1341,0,23,0,30,,1339,0,22,0,25,,1345,0,23,0,65,,1340,0,24,0,35,,1335,0,23,0,64,,1334,0,23,0,34,,1336,0,23,0,56,,1328,0,24,0,12,,1330,0,23,0,13,,1327,0,24,0,14,,1331,0,23,0,55,,1333,0,24,0,16,,1332,0,23,0,15,,1329,0,24,0,20,,1325,0,23,0,65,,1326,0,24,0,22,,1324,0,23,0
201,'3_4',710,,1400,0,22,0,30,,1398,0,23,0,18,,1397,0,24,0,51,,1395,0,23,0,14,,1394,0,22,0,20,,1399,0,24,0,67,,1396,0,23,0,28,,1393,0,22,0,81,,1388,0,23,0,26,,1389,0,24,0,84,,1386,0,23,0,75,,1385,0,24,0,40,,1387,0,22,0,75,,1383,0,23,0,20,,1381,0,24,0,64,,1380,0,23,0,30,,1378,0,22,0,25,,1384,0,23,0,65,,1379,0,24,0,35,,1374,0,23,0,64,,1373,0,23,0,34,,1375,0,23,0,56,,1367,0,24,0,12,,1369,0,23,0,13,,1366,0,24,0,14,,1370,0,23,0,55,,1372,0,24,0,16,,1371,0,23,0,15,,1368,0,24,0,20,,1364,0,23,0,65,,1365,0,24,0,22,,1363,0,23,0
201,'3_5',710,,1439,0,22,0,30,,1437,0,23,0,18,,1436,0,24,0,51,,1434,0,23,0,14,,1433,0,22,0,20,,1438,0,24,0,67,,1435,0,23,0,28,,1432,0,22,0,81,,1427,0,23,0,26,,1428,0,24,0,84,,1425,0,23,0,75,,1424,0,24,0,40,,1426,0,22,0,75,,1422,0,23,0,20,,1420,0,24,0,64,,1419,0,23,0,30,,1417,0,22,0,25,,1423,0,23,0,65,,1418,0,24,0,35,,1413,0,23,0,64,,1412,0,23,0,34,,1414,0,23,0,56,,1406,0,24,0,12,,1408,0,23,0,13,,1405,0,24,0,14,,1409,0,23,0,55,,1411,0,24,0,16,,1410,0,23,0,15,,1407,0,24,0,20,,1403,0,23,0,65,,1404,0,24,0,22,,1402,0,23,0
201,'4_7',835,,1441,0,23,0,165,,1442,0,23,0,125,,1443,0,23,0,125,,1444,0,23,0,150,,1445,0,23,0,125,,1446,0,23,0,125,,1447,0,23,0,165,,1448,0,23,0
201,'5_1',707,,1449,0,22,0,27,,1487,0,23,0,17,,1471,0,24,0,53,,1452,0,23,0,15,,1450,0,22,0,20,,1472,0,24,0,69,,1453,0,23,0,28,,1463,0,22,0,81,,1457,0,23,0,26,,1464,0,24,0,83,,1458,0,23,0,75,,1465,0,24,0,41,,1454,0,22,0,74,,1473,0,23,0,20,,1486,0,24,0,65,,1466,0,23,0,30,,1451,0,22,0,25,,1474,0,23,0,65,,1455,0,24,0,34,,1467,0,23,0,77,,1481,0,24,0,19,,1475,0,23,0,55,,1468,0,24,0,13,,1476,0,23,0,13,,1456,0,24,0,15,,1477,0,23,0,56,,1479,0,24,0,16,,1478,0,23,0,18,,1469,0,24,0,21,,1460,0,23,0,65,,1470,0,24,0,21,,1461,0,23,0
201,'5_2',707,,1488,0,22,0,27,,1526,0,23,0,17,,1510,0,24,0,53,,1491,0,23,0,15,,1489,0,22,0,20,,1511,0,24,0,69,,1492,0,23,0,28,,1502,0,22,0,81,,1496,0,23,0,26,,1503,0,24,0,83,,1497,0,23,0,75,,1504,0,24,0,41,,1493,0,22,0,74,,1512,0,23,0,20,,1525,0,24,0,65,,1505,0,23,0,30,,1490,0,22,0,25,,1513,0,23,0,65,,1494,0,24,0,34,,1506,0,23,0,77,,1520,0,24,0,19,,1514,0,23,0,55,,1507,0,24,0,13,,1515,0,23,0,13,,1495,0,24,0,15,,1516,0,23,0,56,,1518,0,24,0,16,,1517,0,23,0,18,,1508,0,24,0,21,,1499,0,23,0,65,,1509,0,24,0,21,,1500,0,23,0
201,'6_3',707,,1527,0,22,0,27,,1566,0,23,0,17,,1549,0,24,0,53,,1530,0,23,0,15,,1528,0,22,0,20,,1550,0,24,0,69,,1531,0,23,0,28,,1541,0,22,0,81,,1535,0,23,0,26,,1542,0,24,0,83,,1536,0,23,0,75,,1543,0,24,0,41,,1532,0,22,0,74,,1551,0,23,0,20,,1565,0,24,0,65,,1544,0,23,0,30,,1529,0,22,0,25,,1552,0,23,0,65,,1533,0,24,0,34,,1545,0,23,0,77,,1559,0,24,0,19,,1553,0,23,0,55,,1546,0,24,0,13,,1554,0,23,0,13,,1534,0,24,0,15,,1555,0,23,0,56,,1557,0,24,0,16,,1556,0,23,0,18,,1547,0,24,0,21,,1538,0,23,0,65,,1548,0,24,0,21,,1539,0,23,0
