900300,'2509-HIV-26a05H-w-Mercredi-00',715,,12234,0,56,0,20,,12235,0,56,0,65,,12236,0,56,0,30,,12237,0,56,0,70,,12238,0,56,0,30,,12239,0,56,0,70,,12240,0,56,0,30,,12241,0,56,0,70,,12242,0,56,0,30,,12243,0,56,0,70,,12244,0,56,0,30,,12245,0,56,0,70,,12246,0,56,0,30,,12247,0,56,0,70,,12248,0,56,0,30,,12249,0,56,0,70,,12250,0,56,0,30,,12251,0,56,0,70,,12252,0,56,0,30,,12253,0,56,0,70,,12254,0,56,0,30,,12255,0,56,0,70,,12256,0,56,0,30,,12257,0,56,0,20,,12258,0,56,0,60,,12259,0,56,0
900300,'2509-HIV-26a05Hlv-L-Ma-J-V-00',715,,12260,0,56,0,20,,12261,0,56,0,65,,12262,0,56,0,30,,12263,0,56,0,70,,12264,0,56,0,30,,12265,0,56,0,70,,12266,0,56,0,30,,12267,0,56,0,70,,12268,0,56,0,30,,12269,0,56,0,70,,12270,0,56,0,30,,12271,0,56,0,70,,12272,0,56,0,30,,12273,0,56,0,70,,12274,0,56,0,30,,12275,0,56,0,70,,12276,0,56,0,30,,12277,0,56,0,70,,12278,0,56,0,30,,12279,0,56,0,70,,12280,0,56,0,30,,12281,0,56,0,70,,12282,0,56,0,30,,12283,0,56,0,20,,12284,0,56,0,60,,12285,0,56,0
900300,'2509-HIV-26b23Vlv-Semaine-00',715,,12286,0,56,0,20,,12287,0,56,0,65,,12288,0,56,0,30,,12289,0,56,0,70,,12290,0,56,0,30,,12291,0,56,0,70,,12292,0,56,0,30,,12293,0,56,0,70,,12294,0,56,0,30,,12295,0,56,0,70,,12296,0,56,0,30,,12297,0,56,0,70,,12298,0,56,0,30,,12299,0,56,0,70,,12300,0,56,0,30,,12301,0,56,0,70,,12302,0,56,0,30,,12303,0,56,0,70,,12304,0,56,0,30,,12305,0,56,0,70,,12306,0,56,0,30,,12307,0,56,0,70,,12308,0,56,0,30,,12309,0,56,0,20,,12310,0,56,0,60,,12311,0,56,0
3000000,'2509-HIV-25j05H-d-Dimanche-00',819,,14760,,,0,130,,14761,,,0,170,,14768,,,0,130,,14767,,,0,170,,14766,,,0,130,,14764,,,0,100,,14774,0,49,0,70,,14765,,,0,30,,14759,0,49,0,70,,14769,0,49,0,29,,14763,,,0,71,,14770,0,49,0,30,,14771,0,49,0,69,,14762,,,0,31,,14773,0,49,0,70,,14772,0,49,0
3000000,'2509-HIV-25j26H-d-Dimanche-00',819,,14775,,,0,130,,14776,,,0,170,,14777,,,0,130,,14778,,,0,170,,14779,,,0,130,,14780,,,0,170,,14781,,,0,129,,14782,,,0,170,,14783,,,0
3000000,'2509-HIV-25k03H-s-Samedi-00',657,,14784,,,0,83,,14785,,,0,82,,14786,,,0,30,,14787,,,0,60,,14788,,,0,20,,14789,,,0,21,,14790,,,0,60,,14791,,,0,20,,14792,,,0,20,,14793,,,0,61,,14794,,,0,19,,14795,,,0,20,,14796,,,0,61,,14797,,,0,19,,14798,,,0,19,,14799,,,0,59,,14800,,,0,20,,14801,,,0,21,,14802,,,0,59,,14803,,,0,21,,14804,,,0,20,,14805,,,0,61,,14806,,,0,20,,14807,,,0,20,,14808,,,0,60,,14809,,,0,20,,14810,,,0,21,,14811,,,0,60,,14812,,,0,20,,14813,,,0,20,,14814,,,0,60,,14815,,,0,19,,14816,,,0,18,,14817,,,0,59,,14818,,,0,30,,14819,,,0,70,,14820,,,0,29,,14821,,,0,69,,14822,,,0
3000000,'2509-HIV-25l22Vlv-Semaine-00',653,,14864,,,0,60,,14863,,,0,22,,14823,,,0,21,,14824,,,0,60,,14825,,,0,20,,14826,,,0,20,,14827,,,0,61,,14828,,,0,20,,14829,,,0,20,,14830,,,0,61,,14831,,,0,20,,14832,,,0,20,,14833,,,0,61,,14834,,,0,20,,14835,,,0,20,,14836,,,0,60,,14837,,,0,19,,14838,,,0,19,,14839,,,0,60,,14840,,,0,22,,14841,,,0,20,,14842,,,0,59,,14843,,,0,20,,14844,,,0,20,,14845,,,0,60,,14846,,,0,20,,14847,,,0,20,,14848,,,0,60,,14849,,,0,20,,14850,,,0,20,,14851,,,0,61,,14852,,,0,20,,14853,,,0,61,,14854,,,0,20,,14855,,,0,20,,14856,,,0,17,,14857,,,0,59,,14858,,,0,18,,14859,,,0,69,,14860,,,0,32,,14861,,,0,73,,14862,,,0
3000000,'2509-HIV-26a05H-s-Samedi-00',657,,14865,,,0,83,,14866,,,0,82,,14867,,,0,30,,14868,,,0,60,,14869,,,0,20,,14870,,,0,21,,14871,,,0,60,,14872,,,0,20,,14873,,,0,20,,14874,,,0,61,,14875,,,0,19,,14876,,,0,20,,14877,,,0,61,,14878,,,0,19,,14879,,,0,19,,14880,,,0,59,,14881,,,0,20,,14882,,,0,21,,14883,,,0,59,,14884,,,0,21,,14885,,,0,20,,14886,,,0,61,,14887,,,0,20,,14888,,,0,20,,14889,,,0,60,,14890,,,0,20,,14891,,,0,21,,14892,,,0,60,,14893,,,0,20,,14894,,,0,20,,14895,,,0,60,,14896,,,0,19,,14897,,,0,18,,14898,,,0,59,,14899,,,0,30,,14900,,,0,70,,14901,,,0,29,,14902,,,0,69,,14903,,,0
3000000,'2509-HIV-26a05H-w-Mercredi-00',654,,14945,,,0,60,,14944,,,0,22,,14949,0,49,0,4,,14904,,,0,9,,14946,0,49,0,51,,14905,,,0,7,,14947,0,49,0,10,,14906,,,0,8,,14948,0,49,0,13,,14907,,,0,20,,14908,,,0,62,,14909,,,0,19,,14910,,,0,20,,14911,,,0,61,,14912,,,0,17,,14913,,,0,22,,14914,,,0,60,,14915,,,0,19,,14916,,,0,62,,14917,,,0,21,,14918,,,0,19,,14919,,,0,60,,14920,,,0,19,,14921,,,0,21,,14922,,,0,19,,14923,,,0,59,,14924,,,0,21,,14925,,,0,20,,14926,,,0,62,,14927,,,0,19,,14928,,,0,19,,14929,,,0,61,,14930,,,0,16,,14931,,,0,20,,14932,,,0,65,,14933,,,0,19,,14934,,,0,19,,14935,,,0,58,,14936,,,0,19,,14937,,,0,19,,14938,,,0,60,,14939,,,0,19,,14940,,,0,70,,14941,,,0,32,,14942,,,0,72,,14943,,,0
3000000,'2509-HIV-26a05Hlv-L-Ma-J-V-00',654,,14991,,,0,60,,14990,,,0,22,,14995,0,49,0,4,,14950,,,0,9,,14992,0,49,0,51,,14951,,,0,7,,14993,0,49,0,10,,14952,,,0,8,,14994,0,49,0,13,,14953,,,0,20,,14954,,,0,62,,14955,,,0,19,,14956,,,0,20,,14957,,,0,61,,14958,,,0,17,,14959,,,0,22,,14960,,,0,60,,14961,,,0,19,,14962,,,0,62,,14963,,,0,21,,14964,,,0,19,,14965,,,0,60,,14966,,,0,19,,14967,,,0,21,,14968,,,0,19,,14969,,,0,59,,14970,,,0,21,,14971,,,0,20,,14972,,,0,62,,14973,,,0,19,,14974,,,0,19,,14975,,,0,61,,14976,,,0,16,,14977,,,0,20,,14978,,,0,65,,14979,,,0,19,,14980,,,0,19,,14981,,,0,58,,14982,,,0,19,,14983,,,0,19,,14984,,,0,60,,14985,,,0,19,,14986,,,0,70,,14987,,,0,32,,14988,,,0,72,,14989,,,0
3000000,'2509-HIV-26b23Vlv-Semaine-00',653,,15037,,,0,60,,15036,,,0,22,,14996,,,0,21,,14997,,,0,60,,14998,,,0,20,,14999,,,0,20,,15000,,,0,61,,15001,,,0,20,,15002,,,0,20,,15003,,,0,61,,15004,,,0,20,,15005,,,0,20,,15006,,,0,61,,15007,,,0,20,,15008,,,0,20,,15009,,,0,60,,15010,,,0,19,,15011,,,0,19,,15012,,,0,60,,15013,,,0,22,,15014,,,0,20,,15015,,,0,59,,15016,,,0,20,,15017,,,0,20,,15018,,,0,60,,15019,,,0,20,,15020,,,0,20,,15021,,,0,60,,15022,,,0,20,,15023,,,0,20,,15024,,,0,61,,15025,,,0,20,,15026,,,0,61,,15027,,,0,20,,15028,,,0,20,,15029,,,0,17,,15030,,,0,59,,15031,,,0,18,,15032,,,0,69,,15033,,,0,32,,15034,,,0,73,,15035,,,0
3000000,'2509-HIV-26c02Vlv-Semaine-00',653,,15079,,,0,60,,15078,,,0,22,,15038,,,0,21,,15039,,,0,60,,15040,,,0,20,,15041,,,0,20,,15042,,,0,61,,15043,,,0,20,,15044,,,0,20,,15045,,,0,61,,15046,,,0,20,,15047,,,0,20,,15048,,,0,61,,15049,,,0,20,,15050,,,0,20,,15051,,,0,60,,15052,,,0,19,,15053,,,0,19,,15054,,,0,60,,15055,,,0,22,,15056,,,0,20,,15057,,,0,59,,15058,,,0,20,,15059,,,0,20,,15060,,,0,60,,15061,,,0,20,,15062,,,0,20,,15063,,,0,60,,15064,,,0,20,,15065,,,0,20,,15066,,,0,61,,15067,,,0,20,,15068,,,0,61,,15069,,,0,20,,15070,,,0,20,,15071,,,0,17,,15072,,,0,59,,15073,,,0,18,,15074,,,0,69,,15075,,,0,32,,15076,,,0,73,,15077,,,0
