100,'0_6',730,,62779,35,0,61 8,0,109,,62791,35,0,61 8,0,95,,62780,35,0,61 8,0,70,,62792,35,0,61 8,0,30,,62781,35,0,61 8,0,72,,62793,35,0,61 8,0,30,,62782,35,0,61 8,0,69,,62794,35,0,61 8,0,31,,62783,35,0,61 8,0,68,,62795,35,0,61 8,0,30,,62784,35,0,61 8,0,70,,62796,35,0,61 8,0,30,,62785,35,0,61 8,0,71,,62797,35,0,61 8,0,29,,62786,35,0,61 8,0,72,,62798,35,0,61 8,0,31,,62787,35,0,61 8,0,72,,62799,35,0,61 8,0,32,,62788,35,0,61 8,0,68,,62800,35,0,61 8,0,29,,62789,35,0,61 8,0,71,,62801,35,0,61 8,0,28,,62790,35,0,61 8,0
100,'1_7',934,,62802,35,0,61 8,0,104,,62807,35,0,61 8,0,106,,62803,35,0,61 8,0,104,,62808,35,0,61 8,0,90,,62804,35,0,61 8,0,100,,62809,35,0,61 8,0,106,,62805,35,0,61 8,0,105,,62810,35,0,61 8,0,104,,62806,35,0,61 8,0,105,,62811,35,0,61 8,0
100,'2_1',730,,62812,35,0,61 8,0,29,,62813,35,,,0,75,,62815,35,0,61 8,0,25,,62816,35,0,61 8,0,70,,62814,35,0,61 8,0,29,,62817,35,0,61 8,0,75,,62818,35,0,61 8,0,70,,62821,35,0,61 8,0,31,,62819,35,0,61 8,0,72,,62820,35,0,61 8,0,32,,62823,35,,,0,70,,62822,35,0,61 8,0,30,,62824,35,,,0,70,,62825,35,0,61 8,0,30,,62827,35,0,61 8,0,70,,62826,35,0,61 8,0,30,,62831,35,0,61 8,0,71,,62830,35,0,61 8,0,31,,62832,35,,,0,75,,62828,35,0,61 8,0,29,,62833,35,,,0,70,,62829,35,0,61 8,0,29,,62834,35,,,0,70,,62835,35,0,61 8,0,29,,62836,35,,,0
100,'2_2',730,,62837,35,0,61 8,0,29,,62838,35,,,0,75,,62840,35,0,61 8,0,25,,62841,35,0,61 8,0,70,,62839,35,0,61 8,0,29,,62842,35,0,61 8,0,75,,62843,35,0,61 8,0,70,,62846,35,0,61 8,0,31,,62844,35,0,61 8,0,72,,62845,35,0,61 8,0,32,,62848,35,,,0,70,,62847,35,0,61 8,0,30,,62849,35,,,0,70,,62850,35,0,61 8,0,30,,62852,35,0,61 8,0,70,,62851,35,0,61 8,0,30,,62856,35,0,61 8,0,71,,62855,35,0,61 8,0,31,,62857,35,,,0,75,,62853,35,0,61 8,0,29,,62858,35,,,0,70,,62854,35,0,61 8,0,29,,62859,35,,,0,70,,62860,35,0,61 8,0,29,,62861,35,,,0
100,'2_3',730,,62862,35,0,61 8,0,29,,62863,35,,,0,75,,62865,35,0,61 8,0,25,,62866,35,0,61 8,0,70,,62864,35,0,61 8,0,29,,62867,35,0,61 8,0,75,,62868,35,0,61 8,0,70,,62871,35,0,61 8,0,31,,62869,35,0,61 8,0,72,,62870,35,0,61 8,0,32,,62873,35,,,0,70,,62872,35,0,61 8,0,30,,62874,35,,,0,70,,62875,35,0,61 8,0,30,,62877,35,0,61 8,0,70,,62876,35,0,61 8,0,30,,62881,35,0,61 8,0,71,,62880,35,0,61 8,0,31,,62882,35,,,0,75,,62878,35,0,61 8,0,29,,62883,35,,,0,70,,62879,35,0,61 8,0,29,,62884,35,,,0,70,,62885,35,0,61 8,0,29,,62886,35,,,0
100,'2_4',730,,62887,35,0,61 8,0,29,,62888,35,,,0,75,,62890,35,0,61 8,0,25,,62891,35,0,61 8,0,70,,62889,35,0,61 8,0,29,,62892,35,0,61 8,0,75,,62893,35,0,61 8,0,70,,62896,35,0,61 8,0,31,,62894,35,0,61 8,0,72,,62895,35,0,61 8,0,32,,62898,35,,,0,70,,62897,35,0,61 8,0,30,,62899,35,,,0,70,,62900,35,0,61 8,0,30,,62902,35,0,61 8,0,70,,62901,35,0,61 8,0,30,,62906,35,0,61 8,0,71,,62905,35,0,61 8,0,31,,62907,35,,,0,75,,62903,35,0,61 8,0,29,,62908,35,,,0,70,,62904,35,0,61 8,0,29,,62909,35,,,0,70,,62910,35,0,61 8,0,29,,62911,35,,,0
100,'2_5',730,,62912,35,0,61 8,0,29,,62913,35,,,0,75,,62915,35,0,61 8,0,25,,62916,35,0,61 8,0,70,,62914,35,0,61 8,0,29,,62917,35,0,61 8,0,75,,62918,35,0,61 8,0,70,,62921,35,0,61 8,0,31,,62919,35,0,61 8,0,72,,62920,35,0,61 8,0,32,,62923,35,,,0,70,,62922,35,0,61 8,0,30,,62924,35,,,0,70,,62925,35,0,61 8,0,30,,62927,35,0,61 8,0,70,,62926,35,0,61 8,0,30,,62931,35,0,61 8,0,71,,62930,35,0,61 8,0,31,,62932,35,,,0,75,,62928,35,0,61 8,0,29,,62933,35,,,0,70,,62929,35,0,61 8,0,29,,62934,35,,,0,70,,62935,35,0,61 8,0,29,,62936,35,,,0
100,'3_1',730,,62937,35,0,61 8,0,29,,62938,35,,,0,75,,62940,35,0,61 8,0,25,,62941,35,0,61 8,0,70,,62939,35,0,61 8,0,29,,62942,35,0,61 8,0,75,,62943,35,0,61 8,0,70,,62946,35,0,61 8,0,31,,62944,35,0,61 8,0,72,,62945,35,0,61 8,0,32,,62948,35,,,0,70,,62947,35,0,61 8,0,30,,62949,35,,,0,70,,62950,35,0,61 8,0,30,,62952,35,0,61 8,0,70,,62951,35,0,61 8,0,30,,62956,35,0,61 8,0,71,,62955,35,0,61 8,0,31,,62957,35,,,0,75,,62953,35,0,61 8,0,29,,62958,35,,,0,70,,62954,35,0,61 8,0,29,,62959,35,,,0,70,,62960,35,0,61 8,0,29,,62961,35,,,0
100,'3_3',730,,62962,35,0,61 8,0,29,,62963,35,,,0,75,,62965,35,0,61 8,0,25,,62966,35,0,61 8,0,70,,62964,35,0,61 8,0,29,,62967,35,0,61 8,0,75,,62968,35,0,61 8,0,70,,62971,35,0,61 8,0,31,,62969,35,0,61 8,0,72,,62970,35,0,61 8,0,32,,62973,35,,,0,70,,62972,35,0,61 8,0,30,,62974,35,,,0,70,,62975,35,0,61 8,0,30,,62977,35,0,61 8,0,70,,62976,35,0,61 8,0,30,,62981,35,0,61 8,0,71,,62980,35,0,61 8,0,31,,62982,35,,,0,75,,62978,35,0,61 8,0,29,,62983,35,,,0,70,,62979,35,0,61 8,0,29,,62984,35,,,0,70,,62985,35,0,61 8,0,29,,62986,35,,,0
100,'3_4',730,,62987,35,0,61 8,0,29,,62988,35,,,0,75,,62990,35,0,61 8,0,25,,62991,35,0,61 8,0,70,,62989,35,0,61 8,0,29,,62992,35,0,61 8,0,75,,62993,35,0,61 8,0,70,,62996,35,0,61 8,0,31,,62994,35,0,61 8,0,72,,62995,35,0,61 8,0,32,,62998,35,,,0,70,,62997,35,0,61 8,0,30,,62999,35,,,0,70,,63000,35,0,61 8,0,30,,63002,35,0,61 8,0,70,,63001,35,0,61 8,0,30,,63006,35,0,61 8,0,71,,63005,35,0,61 8,0,31,,63007,35,,,0,75,,63003,35,0,61 8,0,29,,63008,35,,,0,70,,63004,35,0,61 8,0,29,,63009,35,,,0,70,,63010,35,0,61 8,0,29,,63011,35,,,0
100,'3_5',730,,63012,35,0,61 8,0,29,,63013,35,,,0,75,,63015,35,0,61 8,0,25,,63016,35,0,61 8,0,70,,63014,35,0,61 8,0,29,,63017,35,0,61 8,0,75,,63018,35,0,61 8,0,70,,63021,35,0,61 8,0,31,,63019,35,0,61 8,0,72,,63020,35,0,61 8,0,32,,63023,35,,,0,70,,63022,35,0,61 8,0,30,,63024,35,,,0,70,,63025,35,0,61 8,0,30,,63027,35,0,61 8,0,70,,63026,35,0,61 8,0,30,,63031,35,0,61 8,0,71,,63030,35,0,61 8,0,31,,63032,35,,,0,75,,63028,35,0,61 8,0,29,,63033,35,,,0,70,,63029,35,0,61 8,0,29,,63034,35,,,0,70,,63035,35,0,61 8,0,29,,63036,35,,,0
100,'4_7',934,,63037,35,0,61 8,0,104,,63042,35,0,61 8,0,106,,63038,35,0,61 8,0,104,,63043,35,0,61 8,0,90,,63039,35,0,61 8,0,100,,63044,35,0,61 8,0,106,,63040,35,0,61 8,0,105,,63045,35,0,61 8,0,104,,63041,35,0,61 8,0,105,,63046,35,0,61 8,0
