2400,'5_1',734,,18129,10,,,0,868,,18130,5,,,0,103,,18131,5,,,0,95,,18132,5,,,0
2400,'5_2',734,,18133,10,,,0,868,,18134,5,,,0,103,,18135,5,,,0,95,,18136,5,,,0
2400,'5_4',734,,18137,10,,,0,868,,18138,5,,,0,103,,18139,5,,,0,95,,18140,5,,,0
2400,'5_5',734,,18141,10,,,0,868,,18142,5,,,0,103,,18143,5,,,0,95,,18144,5,,,0
2400,'6_3',734,,18145,10,,,0,490,,18146,5,,,0
2000000,'1_6',641,,20177,7,,,0,81,,20178,7,,,0,79,,20179,7,,,0,28,,20180,7,,,0,21,,20181,7,,,0,60,,20182,7,,,0,17,,20183,7,,,0,18,,20184,7,,,0,59,,20185,7,,,0,20,,20186,7,,,0,19,,20187,7,,,0,59,,20188,7,,,0,19,,20189,7,,,0,20,,20190,7,,,0,59,,20191,7,,,0,19,,20192,7,,,0,18,,20193,7,,,0,19,,20194,7,,,0,59,,20195,7,,,0,19,,20196,7,,,0,18,,20197,7,,,0,59,,20198,7,,,0,20,,20199,7,,,0,20,,20200,7,,,0,59,,20201,7,,,0,19,,20202,7,,,0,20,,20203,7,,,0,60,,20204,7,,,0,20,,20205,7,,,0,20,,20206,7,,,0,59,,20207,7,,,0,20,,20208,7,,,0,20,,20209,7,,,0,60,,20210,7,,,0,18,,20211,7,,,0,20,,20212,7,,,0,64,,20213,7,,,0,25,,20214,7,,,0,65,,20215,7,,,0,25,,20216,7,,,0,25,,20217,7,,,0
2000000,'4_7',817,,20218,7,,,0,40,,20219,7,,,0,80,,20220,7,,,0,80,,20221,7,,,0,40,,20222,7,,,0,80,,20223,7,,,0,80,,20224,7,,,0,40,,20225,7,,,0,80,,20226,7,,,0,80,,20227,7,,,0,40,,20228,7,,,0,80,,20229,7,,,0,80,,20230,7,,,0,40,,20231,7,,,0,80,,20232,7,,,0,80,,20233,7,,,0,40,,20234,7,,,0,80,,20235,7,,,0
2000000,'5_1',644,,20275,7,,,0,61,,20257,7,,,0,16,,20285,7,,,0,15,,20241,7,,,0,14,,20268,7,,,0,56,,20250,7,,,0,15,,20277,7,,,0,15,,20260,7,,,0,16,,20288,7,,,0,56,,20242,7,,,0,16,,20273,7,,,0,15,,20251,7,,,0,16,,20278,7,,,0,55,,20258,7,,,0,16,,20286,7,,,0,16,,20243,7,,,0,16,,20274,7,,,0,55,,20252,7,,,0,16,,20279,7,,,0,17,,20259,7,,,0,54,,20289,7,,,0,15,,20244,7,,,0,16,,20267,7,,,0,16,,20253,7,,,0,55,,20276,7,,,0,15,,20261,7,,,0,15,,20287,7,,,0,15,,20246,7,,,0,55,,20269,7,,,0,15,,20256,7,,,0,15,,20281,7,,,0,15,,20262,7,,,0,54,,20290,7,,,0,15,,20247,7,,,0,15,,20270,7,,,0,16,,20255,7,,,0,7,,20238,5,0,9 10,0,48,,20280,7,,,0,14,,20263,7,,,0,16,,20239,7,,,0,14,,20291,7,,,0,55,,20237,5,0,9 10,0,3,,20245,7,,,0,14,,20272,7,,,0,17,,20254,7,,,0,15,,20282,7,,,0,50,,20294,5,0,9 10,0,6,,20265,7,,,0,13,,20240,7,,,0,15,,20292,7,,,0,15,,20248,7,,,0,55,,20271,7,,,0,14,,20283,7,,,0,19,,20264,7,,,0,22,,20293,7,,,0,61,,20249,7,,,0,19,,20284,7,,,0,61,,20266,7,,,0
2000000,'5_2',644,,20334,7,,,0,61,,20316,7,,,0,16,,20344,7,,,0,15,,20300,7,,,0,14,,20327,7,,,0,56,,20309,7,,,0,15,,20336,7,,,0,15,,20319,7,,,0,16,,20347,7,,,0,56,,20301,7,,,0,16,,20332,7,,,0,15,,20310,7,,,0,16,,20337,7,,,0,55,,20317,7,,,0,16,,20345,7,,,0,16,,20302,7,,,0,16,,20333,7,,,0,55,,20311,7,,,0,16,,20338,7,,,0,17,,20318,7,,,0,54,,20348,7,,,0,15,,20303,7,,,0,16,,20326,7,,,0,16,,20312,7,,,0,55,,20335,7,,,0,15,,20320,7,,,0,15,,20346,7,,,0,15,,20305,7,,,0,55,,20328,7,,,0,15,,20315,7,,,0,15,,20340,7,,,0,15,,20321,7,,,0,54,,20349,7,,,0,15,,20306,7,,,0,15,,20329,7,,,0,16,,20314,7,,,0,7,,20297,5,0,9 10,0,48,,20339,7,,,0,14,,20322,7,,,0,16,,20298,7,,,0,14,,20350,7,,,0,55,,20296,5,0,9 10,0,3,,20304,7,,,0,14,,20331,7,,,0,17,,20313,7,,,0,15,,20341,7,,,0,50,,20353,5,0,9 10,0,6,,20324,7,,,0,13,,20299,7,,,0,15,,20351,7,,,0,15,,20307,7,,,0,55,,20330,7,,,0,14,,20342,7,,,0,19,,20323,7,,,0,22,,20352,7,,,0,61,,20308,7,,,0,19,,20343,7,,,0,61,,20325,7,,,0
2000000,'5_4',644,,20393,7,,,0,61,,20375,7,,,0,16,,20403,7,,,0,15,,20359,7,,,0,14,,20386,7,,,0,56,,20368,7,,,0,15,,20395,7,,,0,15,,20378,7,,,0,16,,20406,7,,,0,56,,20360,7,,,0,16,,20391,7,,,0,15,,20369,7,,,0,16,,20396,7,,,0,55,,20376,7,,,0,16,,20404,7,,,0,16,,20361,7,,,0,16,,20392,7,,,0,55,,20370,7,,,0,16,,20397,7,,,0,17,,20377,7,,,0,54,,20407,7,,,0,15,,20362,7,,,0,16,,20385,7,,,0,16,,20371,7,,,0,55,,20394,7,,,0,15,,20379,7,,,0,15,,20405,7,,,0,15,,20364,7,,,0,55,,20387,7,,,0,15,,20374,7,,,0,15,,20399,7,,,0,15,,20380,7,,,0,54,,20408,7,,,0,15,,20365,7,,,0,15,,20388,7,,,0,16,,20373,7,,,0,7,,20356,5,0,9 10,0,48,,20398,7,,,0,14,,20381,7,,,0,16,,20357,7,,,0,14,,20409,7,,,0,55,,20355,5,0,9 10,0,3,,20363,7,,,0,14,,20390,7,,,0,17,,20372,7,,,0,15,,20400,7,,,0,50,,20412,5,0,9 10,0,6,,20383,7,,,0,13,,20358,7,,,0,15,,20410,7,,,0,15,,20366,7,,,0,55,,20389,7,,,0,14,,20401,7,,,0,19,,20382,7,,,0,22,,20411,7,,,0,61,,20367,7,,,0,19,,20402,7,,,0,61,,20384,7,,,0
2000000,'5_5',644,,20452,7,,,0,61,,20434,7,,,0,16,,20462,7,,,0,15,,20418,7,,,0,14,,20445,7,,,0,56,,20427,7,,,0,15,,20454,7,,,0,15,,20437,7,,,0,16,,20465,7,,,0,56,,20419,7,,,0,16,,20450,7,,,0,15,,20428,7,,,0,16,,20455,7,,,0,55,,20435,7,,,0,16,,20463,7,,,0,16,,20420,7,,,0,16,,20451,7,,,0,55,,20429,7,,,0,16,,20456,7,,,0,17,,20436,7,,,0,54,,20466,7,,,0,15,,20421,7,,,0,16,,20444,7,,,0,16,,20430,7,,,0,55,,20453,7,,,0,15,,20438,7,,,0,15,,20464,7,,,0,15,,20423,7,,,0,55,,20446,7,,,0,15,,20433,7,,,0,15,,20458,7,,,0,15,,20439,7,,,0,54,,20467,7,,,0,15,,20424,7,,,0,15,,20447,7,,,0,16,,20432,7,,,0,7,,20415,5,0,9 10,0,48,,20457,7,,,0,14,,20440,7,,,0,16,,20416,7,,,0,14,,20468,7,,,0,55,,20414,5,0,9 10,0,3,,20422,7,,,0,14,,20449,7,,,0,17,,20431,7,,,0,15,,20459,7,,,0,50,,20471,5,0,9 10,0,6,,20442,7,,,0,13,,20417,7,,,0,15,,20469,7,,,0,15,,20425,7,,,0,55,,20448,7,,,0,14,,20460,7,,,0,19,,20441,7,,,0,22,,20470,7,,,0,61,,20426,7,,,0,19,,20461,7,,,0,61,,20443,7,,,0
2000000,'6_3',644,,20510,7,,,0,61,,20492,7,,,0,16,,20520,7,,,0,15,,20476,7,,,0,14,,20503,7,,,0,56,,20485,7,,,0,15,,20512,7,,,0,15,,20495,7,,,0,16,,20523,7,,,0,56,,20477,7,,,0,16,,20508,7,,,0,15,,20486,7,,,0,16,,20513,7,,,0,55,,20493,7,,,0,16,,20521,7,,,0,16,,20478,7,,,0,16,,20509,7,,,0,55,,20487,7,,,0,16,,20514,7,,,0,17,,20494,7,,,0,54,,20524,7,,,0,10,,20529,5,0,9 10,0,3,,20473,5,0,9 10,0,2,,20479,7,,,0,3,,20472,5,0,9 10,0,13,,20502,7,,,0,16,,20488,7,,,0,55,,20511,7,,,0,15,,20496,7,,,0,15,,20522,7,,,0,15,,20481,7,,,0,55,,20504,7,,,0,15,,20491,7,,,0,15,,20516,7,,,0,15,,20497,7,,,0,54,,20525,7,,,0,15,,20482,7,,,0,15,,20505,7,,,0,16,,20490,7,,,0,55,,20515,7,,,0,14,,20498,7,,,0,16,,20474,7,,,0,14,,20526,7,,,0,58,,20480,7,,,0,14,,20507,7,,,0,17,,20489,7,,,0,15,,20517,7,,,0,56,,20500,7,,,0,13,,20475,7,,,0,15,,20527,7,,,0,15,,20483,7,,,0,55,,20506,7,,,0,14,,20518,7,,,0,19,,20499,7,,,0,22,,20528,7,,,0,61,,20484,7,,,0,19,,20519,7,,,0,61,,20501,7,,,0
