100,'0_1',701,,29757,3,0,61 8,0,31,,29748,3,,,0,75,,29758,3,0,9 10,0,38,,29749,3,0,61 8,0,156,,29750,3,0,61 8,0,117,,29751,3,0,61 8,0,116,,29752,3,0,61 8,0,89,,29753,3,0,61 8,0,114,,29754,3,0,61 8,0,99,,29759,3,0,61 8,0,102,,29755,3,0,61 8,0,84,,29756,3,0,61 8,0,83,,29746,3,,,0,111,,29747,3,,,0
100,'0_2',701,,29792,3,0,61 8,0,31,,29783,3,,,0,75,,29793,3,0,9 10,0,38,,29784,3,0,61 8,0,156,,29785,3,0,61 8,0,117,,29786,3,0,61 8,0,116,,29787,3,0,61 8,0,89,,29788,3,0,61 8,0,114,,29789,3,0,61 8,0,99,,29794,3,0,61 8,0,102,,29790,3,0,61 8,0,84,,29791,3,0,61 8,0,83,,29781,3,,,0,111,,29782,3,,,0
100,'0_4',701,,29827,3,0,61 8,0,31,,29818,3,,,0,75,,29828,3,0,9 10,0,38,,29819,3,0,61 8,0,156,,29820,3,0,61 8,0,117,,29821,3,0,61 8,0,116,,29822,3,0,61 8,0,89,,29823,3,0,61 8,0,114,,29824,3,0,61 8,0,99,,29829,3,0,61 8,0,102,,29825,3,0,61 8,0,84,,29826,3,0,61 8,0,83,,29816,3,,,0,111,,29817,3,,,0
100,'0_5',701,,29862,3,0,61 8,0,31,,29853,3,,,0,75,,29863,3,0,9 10,0,38,,29854,3,0,61 8,0,156,,29855,3,0,61 8,0,117,,29856,3,0,61 8,0,116,,29857,3,0,61 8,0,89,,29858,3,0,61 8,0,114,,29859,3,0,61 8,0,99,,29864,3,0,61 8,0,102,,29860,3,0,61 8,0,84,,29861,3,0,61 8,0,83,,29851,3,,,0,111,,29852,3,,,0
100,'1_3',701,,29897,3,0,61 8,0,31,,29888,3,,,0,75,,29898,3,0,9 10,0,38,,29889,3,0,61 8,0,156,,29890,3,0,61 8,0,117,,29891,3,0,61 8,0,116,,29892,3,0,61 8,0,89,,29893,3,0,61 8,0,114,,29894,3,0,61 8,0,99,,29899,3,0,61 8,0,102,,29895,3,0,61 8,0,84,,29896,3,0,61 8,0,83,,29886,3,,,0,111,,29887,3,,,0
100,'2_6',652,,29921,3,0,61 8,0,202,,29922,3,0,61 8,0,99,,29923,3,0,61 8,0,102,,29924,3,0,61 8,0,100,,29925,3,0,61 8,0,100,,29926,3,0,61 8,0,99,,29927,3,0,61 8,0,100,,29928,3,0,61 8,0,101,,29929,3,0,61 8,0,104,,29930,3,0,61 8,0,99,,29931,3,0,61 8,0,142,,29932,3,0,61 8,0
100,'3_7',1005,,29949,3,0,61 8,0,210,,29950,3,0,61 8,0,190,,29951,3,0,61 8,0,209,,29952,3,0,61 8,0,212,,29953,3,0,61 8,0
100,'4_7',1005,,29959,3,0,61 8,0,210,,29960,3,0,61 8,0,190,,29961,3,0,61 8,0,209,,29962,3,0,61 8,0,212,,29963,3,0,61 8,0
800,'0_1',654,,31962,6,,,0,73,,31963,6,,,0,28,,31964,6,,,0,71,,31965,6,,,0,80,,31966,6,,,0,110,,31967,6,,,0,117,,31968,6,,,0,111,,31969,6,,,0,110,,31970,6,,,0,152,,31972,6,,,0,110,,31971,6,,,0
800,'0_2',654,,31973,6,,,0,73,,31974,6,,,0,28,,31975,6,,,0,71,,31976,6,,,0,80,,31977,6,,,0,110,,31978,6,,,0,117,,31979,6,,,0,111,,31980,6,,,0,110,,31981,6,,,0,152,,31983,6,,,0,110,,31982,6,,,0
800,'0_4',654,,31984,6,,,0,73,,31985,6,,,0,28,,31986,6,,,0,71,,31987,6,,,0,80,,31988,6,,,0,110,,31989,6,,,0,117,,31990,6,,,0,111,,31991,6,,,0,110,,31992,6,,,0,152,,31994,6,,,0,110,,31993,6,,,0
800,'0_5',654,,31995,6,,,0,73,,31996,6,,,0,28,,31997,6,,,0,71,,31998,6,,,0,80,,31999,6,,,0,110,,32000,6,,,0,117,,32001,6,,,0,111,,32002,6,,,0,110,,32003,6,,,0,152,,32005,6,,,0,110,,32004,6,,,0
800,'1_3',654,,32006,6,,,0,73,,32007,6,,,0,28,,32008,6,,,0,71,,32009,6,,,0,80,,32010,6,,,0,110,,32011,6,,,0,117,,32012,6,,,0,111,,32013,6,,,0,110,,32014,6,,,0,152,,32016,6,,,0,110,,32015,6,,,0
