301,'1_3',746,,48628,34,,,0,61,,48602,34,,,0,34,,48629,34,,,0,73,,48603,34,,,0,30,,48604,34,,,0,71,,48605,34,,,0,33,,48606,34,,,0,72,,48607,34,,,0,33,,48608,34,,,0,74,,48609,34,,,0,31,,48610,34,,,0,71,,48611,34,,,0,73,,48612,34,,,0,32,,48613,34,,,0,71,,48614,34,,,0,31,,48615,34,,,0,67,,48616,34,,,0,28,,48617,34,,,0,71,,48618,34,,,0,30,,48619,34,,,0,70,,48620,34,,,0,30,,48621,34,,,0,23,,48622,34,,,0,62,,48623,34,,,0,22,,48624,34,,,0,69,,48625,34,,,0,28,,48626,34,,,0,70,,48627,34,,,0
301,'2_6',750,,30999,34,,,0,71,,30996,34,,,0,31,,30997,34,,,0,71,,30998,34,,,0,31,,31000,34,,,0,70,,31001,34,,,0,31,,31002,34,,,0,70,,31003,34,,,0,31,,31007,34,,,0,69,,31006,34,,,0,28,,31004,34,,,0,69,,31005,34,,,0,29,,31009,34,,,0,72,,31010,34,,,0,30,,31008,34,,,0,71,,31011,34,,,0,30,,31014,34,,,0,72,,31012,34,,,0,33,,31013,34,,,0,70,,31016,34,,,0,71,,31015,34,,,0,30,,31017,34,,,0,72,,31018,34,,,0,27,,31019,34,,,0,27,,31020,34,,,0,69,,31021,34,,,0,30,,31022,34,,,0,63,,31023,34,,,0
301,'3_7',942,,31024,34,,,0,100,,31025,34,,,0,100,,31026,34,,,0,100,,31027,34,,,0,100,,31028,34,,,0,100,,31029,34,,,0,100,,31030,34,,,0,100,,31031,34,,,0,100,,31032,34,,,0,100,,31033,34,,,0,100,,31034,34,,,0
301,'4_7',942,,46843,34,,,0,100,,46844,34,,,0,100,,46845,34,,,0,100,,46846,34,,,0,100,,46847,34,,,0,100,,46848,34,,,0,100,,46849,34,,,0,100,,46850,34,,,0,100,,46851,34,,,0,100,,46852,34,,,0,100,,46853,34,,,0
301,'6_2',740,,44006,34,,,0,62,,44007,34,,,0,33,,44018,34,,,0,74,,44010,34,,,0,32,,44011,34,,,0,73,,44015,34,,,0,33,,44012,34,,,0,73,,44013,34,,,0,32,,44009,34,,,0,71,,44014,34,,,0,31,,44008,34,,,0,71,,44017,34,,,0,33,,44016,34,,,0,75,,44022,34,,,0,70,,44019,34,,,0,30,,44021,34,,,0,67,,44020,34,,,0,27,,44023,34,,,0,31,,44026,34,,,0,69,,44027,34,,,0,30,,44028,34,,,0,68,,44029,34,,,0,26,,44030,34,,,0,65,,44024,34,,,0,23,,44031,34,,,0,67,,44032,34,,,0,29,,44033,34,,,0,70,,44025,34,,,0
301,'6_3',740,,44034,34,,,0,62,,44035,34,,,0,33,,44046,34,,,0,74,,44038,34,,,0,32,,44039,34,,,0,73,,44043,34,,,0,33,,44040,34,,,0,73,,44041,34,,,0,32,,44037,34,,,0,71,,44042,34,,,0,31,,44036,34,,,0,71,,44045,34,,,0,33,,44044,34,,,0,75,,44050,34,,,0,70,,44047,34,,,0,30,,44049,34,,,0,67,,44048,34,,,0,27,,44051,34,,,0,31,,44054,34,,,0,69,,44055,34,,,0,30,,44056,34,,,0,68,,44057,34,,,0,26,,44058,34,,,0,65,,44052,34,,,0,23,,44059,34,,,0,67,,44060,34,,,0,29,,44061,34,,,0,70,,44053,34,,,0
301,'6_4',740,,44062,34,,,0,62,,44063,34,,,0,33,,44074,34,,,0,74,,44066,34,,,0,32,,44067,34,,,0,73,,44071,34,,,0,33,,44068,34,,,0,73,,44069,34,,,0,32,,44065,34,,,0,71,,44070,34,,,0,31,,44064,34,,,0,71,,44073,34,,,0,33,,44072,34,,,0,75,,44078,34,,,0,70,,44075,34,,,0,30,,44077,34,,,0,67,,44076,34,,,0,27,,44079,34,,,0,31,,44082,34,,,0,69,,44083,34,,,0,30,,44084,34,,,0,68,,44085,34,,,0,26,,44086,34,,,0,65,,44080,34,,,0,23,,44087,34,,,0,67,,44088,34,,,0,29,,44089,34,,,0,70,,44081,34,,,0
301,'7_1',746,,46880,34,,,0,61,,46854,34,,,0,34,,46881,34,,,0,73,,46855,34,,,0,30,,46856,34,,,0,71,,46857,34,,,0,33,,46858,34,,,0,72,,46859,34,,,0,33,,46860,34,,,0,74,,46861,34,,,0,31,,46862,34,,,0,71,,46863,34,,,0,73,,46864,34,,,0,32,,46865,34,,,0,71,,46866,34,,,0,31,,46867,34,,,0,67,,46868,34,,,0,28,,46869,34,,,0,71,,46870,34,,,0,30,,46871,34,,,0,70,,46872,34,,,0,30,,46873,34,,,0,23,,46874,34,,,0,62,,46875,34,,,0,22,,46876,34,,,0,69,,46877,34,,,0,28,,46878,34,,,0,70,,46879,34,,,0
301,'7_2',746,,48656,34,,,0,61,,48630,34,,,0,34,,48657,34,,,0,73,,48631,34,,,0,30,,48632,34,,,0,71,,48633,34,,,0,33,,48634,34,,,0,72,,48635,34,,,0,33,,48636,34,,,0,74,,48637,34,,,0,31,,48638,34,,,0,71,,48639,34,,,0,73,,48640,34,,,0,32,,48641,34,,,0,71,,48642,34,,,0,31,,48643,34,,,0,67,,48644,34,,,0,28,,48645,34,,,0,71,,48646,34,,,0,30,,48647,34,,,0,70,,48648,34,,,0,30,,48649,34,,,0,23,,48650,34,,,0,62,,48651,34,,,0,22,,48652,34,,,0,69,,48653,34,,,0,28,,48654,34,,,0,70,,48655,34,,,0
301,'7_4',746,,48684,34,,,0,61,,48658,34,,,0,34,,48685,34,,,0,73,,48659,34,,,0,30,,48660,34,,,0,71,,48661,34,,,0,33,,48662,34,,,0,72,,48663,34,,,0,33,,48664,34,,,0,74,,48665,34,,,0,31,,48666,34,,,0,71,,48667,34,,,0,73,,48668,34,,,0,32,,48669,34,,,0,71,,48670,34,,,0,31,,48671,34,,,0,67,,48672,34,,,0,28,,48673,34,,,0,71,,48674,34,,,0,30,,48675,34,,,0,70,,48676,34,,,0,30,,48677,34,,,0,23,,48678,34,,,0,62,,48679,34,,,0,22,,48680,34,,,0,69,,48681,34,,,0,28,,48682,34,,,0,70,,48683,34,,,0
301,'8_7',825,,51930,34,,,0,33,,51925,34,,,0,72,,51931,34,,,0,74,,51926,34,,,0,33,,51932,34,,,0,72,,51927,34,,,0,33,,51933,34,,,0,72,,51928,34,,,0,32,,51934,34,,,0,74,,51909,34,,,0,27,,51910,34,,,0,69,,51911,34,,,0,26,,51912,34,,,0,68,,51913,34,,,0,27,,51914,34,,,0,69,,51915,34,,,0,28,,51935,34,,,0,25,,51916,34,,,0,72,,51917,34,,,0,74,,51918,34,,,0,28,,51919,34,,,0,67,,51920,34,,,0,25,,51921,34,,,0,25,,51922,34,,,0,65,,51923,34,,,0,27,,51929,34,,,0,64,,51924,34,,,0
