101,'0_5',746,,30063,49,0,6,0,9,,30092,43,0,5,0,59,,30064,49,0,6,0,14,,30091,43,0,5,0,15,,30065,49,0,6,0,57,,30094,49,0,5,0,37,,30069,43,0,6,0,82,,30079,49,0,5,0,35,,30070,43,0,6,0,81,,30082,43,0,5,0,73,,30071,43,0,6,0,29,,30083,43,0,5,0,20,,30072,43,0,6,0,75,,30084,43,0,5,0,79,,30066,49,0,6,0,28,,30080,49,0,5,0,69,,30073,43,0,6,0,25,,30085,43,0,5,0,75,,30074,43,0,6,0,22,,30086,43,0,5,0,25,,30075,43,0,6,0,57,,30090,17,0,5,0,21,,30076,43,0,6,0,21,,30081,49,0,5,0,54,,30077,43,0,6,0,26,,30087,43,0,5,0,12,,30067,49,0,6,0,56,,30088,43,0,5,0,28,,30068,49,0,6,0,75,,30089,43,0,5,0
101,'2_6',738,,30129,43,0,5,0,118,,30130,43,0,5,0,146,,30131,43,0,5,0,30,,30142,43,0,6,0,69,,30132,43,0,5,0,31,,30143,43,0,6,0,69,,30133,43,0,5,0,29,,30144,43,0,6,0,70,,30134,43,0,5,0,29,,30145,43,0,6,0,71,,30135,43,0,5,0,29,,30146,43,0,6,0,71,,30136,43,0,5,0,30,,30147,43,0,6,0,71,,30137,43,0,5,0,32,,30148,43,0,6,0,72,,30138,43,0,5,0,31,,30149,43,0,6,0,71,,30139,43,0,5,0,29,,30150,43,0,6,0,73,,30140,43,0,5,0,23,,30151,43,0,6,0,25,,30141,43,0,5,0
101,'3_7',944,,30152,43,0,6,0,105,,30157,43,0,5,0,105,,30153,43,0,6,0,105,,30158,43,0,5,0,145,,30154,43,0,6,0,50,,30159,43,0,5,0,100,,30155,43,0,6,0,105,,30160,43,0,5,0,145,,30156,43,0,6,0,105,,30161,43,0,5,0
101,'5_1',741,,37353,49,0,6,0,16,,37379,43,0,5,0,57,,37354,49,0,6,0,15,,37378,43,0,5,0,15,,37355,49,0,6,0,15,,37380,49,0,5,0,80,,37359,43,0,6,0,80,,37369,49,0,5,0,36,,37360,43,0,6,0,80,,37371,43,0,5,0,78,,37361,43,0,6,0,25,,37372,43,0,5,0,20,,37362,43,0,6,0,75,,37373,43,0,5,0,76,,37356,49,0,6,0,30,,37370,49,0,5,0,70,,37363,43,0,6,0,25,,37374,43,0,5,0,71,,37364,43,0,6,0,26,,37375,43,0,5,0,70,,37365,43,0,6,0,31,,37366,43,0,5,0,74,,37367,43,0,6,0,34,,37357,49,0,6,0,69,,37376,49,0,5,0,26,,37358,49,0,6,0,70,,37377,49,0,5,0
101,'5_2',741,,38497,49,0,6,0,16,,38523,43,0,5,0,57,,38498,49,0,6,0,15,,38522,43,0,5,0,15,,38499,49,0,6,0,15,,38524,49,0,5,0,80,,38503,43,0,6,0,80,,38513,49,0,5,0,36,,38504,43,0,6,0,80,,38515,43,0,5,0,78,,38505,43,0,6,0,25,,38516,43,0,5,0,20,,38506,43,0,6,0,75,,38517,43,0,5,0,76,,38500,49,0,6,0,30,,38514,49,0,5,0,70,,38507,43,0,6,0,25,,38518,43,0,5,0,71,,38508,43,0,6,0,26,,38519,43,0,5,0,70,,38509,43,0,6,0,31,,38510,43,0,5,0,74,,38511,43,0,6,0,34,,38501,49,0,6,0,69,,38520,49,0,5,0,26,,38502,49,0,6,0,70,,38521,49,0,5,0
101,'5_3',741,,38525,49,0,6,0,16,,38551,43,0,5,0,57,,38526,49,0,6,0,15,,38550,43,0,5,0,15,,38527,49,0,6,0,15,,38552,49,0,5,0,80,,38531,43,0,6,0,80,,38541,49,0,5,0,36,,38532,43,0,6,0,80,,38543,43,0,5,0,78,,38533,43,0,6,0,25,,38544,43,0,5,0,20,,38534,43,0,6,0,75,,38545,43,0,5,0,76,,38528,49,0,6,0,30,,38542,49,0,5,0,70,,38535,43,0,6,0,25,,38546,43,0,5,0,71,,38536,43,0,6,0,26,,38547,43,0,5,0,70,,38537,43,0,6,0,31,,38538,43,0,5,0,74,,38539,43,0,6,0,34,,38529,49,0,6,0,69,,38548,49,0,5,0,26,,38530,49,0,6,0,70,,38549,49,0,5,0
101,'5_4',741,,38553,49,0,6,0,16,,38579,43,0,5,0,57,,38554,49,0,6,0,15,,38578,43,0,5,0,15,,38555,49,0,6,0,15,,38580,49,0,5,0,80,,38559,43,0,6,0,80,,38569,49,0,5,0,36,,38560,43,0,6,0,80,,38571,43,0,5,0,78,,38561,43,0,6,0,25,,38572,43,0,5,0,20,,38562,43,0,6,0,75,,38573,43,0,5,0,76,,38556,49,0,6,0,30,,38570,49,0,5,0,70,,38563,43,0,6,0,25,,38574,43,0,5,0,71,,38564,43,0,6,0,26,,38575,43,0,5,0,70,,38565,43,0,6,0,31,,38566,43,0,5,0,74,,38567,43,0,6,0,34,,38557,49,0,6,0,69,,38576,49,0,5,0,26,,38558,49,0,6,0,70,,38577,49,0,5,0
101,'5_5',741,,38581,49,0,6,0,16,,38607,43,0,5,0,57,,38582,49,0,6,0,15,,38606,43,0,5,0,15,,38583,49,0,6,0,15,,38608,49,0,5,0,80,,38587,43,0,6,0,80,,38597,49,0,5,0,36,,38588,43,0,6,0,80,,38599,43,0,5,0,78,,38589,43,0,6,0,25,,38600,43,0,5,0,20,,38590,43,0,6,0,75,,38601,43,0,5,0,76,,38584,49,0,6,0,30,,38598,49,0,5,0,70,,38591,43,0,6,0,25,,38602,43,0,5,0,71,,38592,43,0,6,0,26,,38603,43,0,5,0,70,,38593,43,0,6,0,31,,38594,43,0,5,0,74,,38595,43,0,6,0,34,,38585,49,0,6,0,69,,38604,49,0,5,0,26,,38586,49,0,6,0,70,,38605,49,0,5,0
101,'6_1',741,,38609,49,0,6,0,16,,38635,43,0,5,0,57,,38610,49,0,6,0,15,,38634,43,0,5,0,15,,38611,49,0,6,0,15,,38636,49,0,5,0,80,,38615,43,0,6,0,80,,38625,49,0,5,0,36,,38616,43,0,6,0,80,,38627,43,0,5,0,78,,38617,43,0,6,0,25,,38628,43,0,5,0,20,,38618,43,0,6,0,75,,38629,43,0,5,0,76,,38612,49,0,6,0,30,,38626,49,0,5,0,70,,38619,43,0,6,0,25,,38630,43,0,5,0,71,,38620,43,0,6,0,26,,38631,43,0,5,0,70,,38621,43,0,6,0,31,,38622,43,0,5,0,74,,38623,43,0,6,0,34,,38613,49,0,6,0,69,,38632,49,0,5,0,26,,38614,49,0,6,0,70,,38633,49,0,5,0
2201,'0_5',1258,,33133,11,,,0,364,,33137,7,,,0,22,,33134,11,,,0,78,,33138,7,,,0,80,,33135,11,,,0,20,,33139,7,,,0,81,,33136,11,,,0
