101,'S2-0_6',747,,53799,52,4,,0,159,,53800,52,4,,0,106,,53801,52,4,,0,99,,53802,52,4,,0,100,,53803,52,4,,0,99,,53804,52,4,,0,100,,53805,52,4,,0,100,,53806,52,4,,0,101,,53807,52,4,,0,104,,53808,52,4,,0,102,,53809,52,4,,0,102,,53810,52,4,,0,87,,53811,52,4,,0
101,'S2-1_7',1056,,53827,52,4,,0,250,,53828,52,4,,0,195,,53829,52,4,,0,205,,53830,52,4,,0,210,,53831,52,4,,0
101,'S2-2_1',747,,53832,58,4,,0,73,,53833,52,4,,0,106,,53836,52,4,,0,111,,53837,52,4,,0,103,,53838,52,4,,0,100,,53840,52,4,,0,100,,53843,52,4,,0,98,,53846,58,4,,0,103,,53847,58,4,,0,102,,53853,52,4,,0,107,,53850,52,4,,0,97,,53848,58,4,,0,91,,53855,58,4,,0
101,'S2-2_2',747,,53857,58,4,,0,73,,53858,52,4,,0,106,,53861,52,4,,0,111,,53862,52,4,,0,103,,53863,52,4,,0,100,,53865,52,4,,0,100,,53868,52,4,,0,98,,53871,58,4,,0,103,,53872,58,4,,0,102,,53878,52,4,,0,107,,53875,52,4,,0,97,,53873,58,4,,0,91,,53880,58,4,,0
101,'S2-2_3',747,,53882,58,4,,0,73,,53883,52,4,,0,106,,53886,52,4,,0,111,,53887,52,4,,0,103,,53888,52,4,,0,100,,53890,52,4,,0,100,,53893,52,4,,0,98,,53896,58,4,,0,103,,53897,58,4,,0,102,,53903,52,4,,0,107,,53900,52,4,,0,97,,53898,58,4,,0,91,,53905,58,4,,0
101,'S2-2_4',747,,53907,58,4,,0,73,,53908,52,4,,0,106,,53911,52,4,,0,111,,53912,52,4,,0,103,,53913,52,4,,0,100,,53915,52,4,,0,100,,53918,52,4,,0,98,,53921,58,4,,0,103,,53922,58,4,,0,102,,53928,52,4,,0,107,,53925,52,4,,0,97,,53923,58,4,,0,91,,53930,58,4,,0
101,'S2-2_5',747,,53932,58,4,,0,73,,53933,52,4,,0,106,,53936,52,4,,0,111,,53937,52,4,,0,103,,53938,52,4,,0,100,,53940,52,4,,0,100,,53943,52,4,,0,98,,53946,58,4,,0,103,,53947,58,4,,0,102,,53953,52,4,,0,107,,53950,52,4,,0,97,,53948,58,4,,0,91,,53955,58,4,,0
101,'S2-3_1',747,,53957,58,4,,0,73,,53958,52,4,,0,106,,53961,52,4,,0,111,,53962,52,4,,0,103,,53963,52,4,,0,100,,53965,52,4,,0,100,,53968,52,4,,0,98,,53971,58,4,,0,103,,53972,58,4,,0,102,,53978,52,4,,0,107,,53975,52,4,,0,97,,53973,58,4,,0,91,,53980,58,4,,0
101,'S2-3_3',747,,53982,58,4,,0,73,,53983,52,4,,0,106,,53986,52,4,,0,111,,53987,52,4,,0,103,,53988,52,4,,0,100,,53990,52,4,,0,100,,53993,52,4,,0,98,,53996,58,4,,0,103,,53997,58,4,,0,102,,54003,52,4,,0,107,,54000,52,4,,0,97,,53998,58,4,,0,91,,54005,58,4,,0
101,'S2-3_4',747,,54007,58,4,,0,73,,54008,52,4,,0,106,,54011,52,4,,0,111,,54012,52,4,,0,103,,54013,52,4,,0,100,,54015,52,4,,0,100,,54018,52,4,,0,98,,54021,58,4,,0,103,,54022,58,4,,0,102,,54028,52,4,,0,107,,54025,52,4,,0,97,,54023,58,4,,0,91,,54030,58,4,,0
101,'S2-4_7',1056,,54037,52,4,,0,250,,54038,52,4,,0,195,,54039,52,4,,0,205,,54040,52,4,,0,210,,54041,52,4,,0
