101,'S2-0_6',702,,53799,12,0,5,0,112,,53800,12,0,5,0,107,,53801,12,0,5,0,30,,53812,12,0,6,0,69,,53802,12,0,5,0,31,,53813,12,0,6,0,70,,53803,12,0,5,0,30,,53814,12,0,6,0,70,,53804,12,0,5,0,30,,53815,12,0,6,0,71,,53805,12,0,5,0,29,,53816,12,0,6,0,69,,53806,12,0,5,0,30,,53817,12,0,6,0,70,,53807,12,0,5,0,32,,53818,12,0,6,0,70,,53808,12,0,5,0,29,,53819,12,0,6,0,73,,53809,12,0,5,0,30,,53820,12,0,6,0,78,,53810,12,0,5,0,25,,53821,12,0,6,0,67,,53811,12,0,5,0
101,'S2-1_7',909,,53822,12,0,6,0,105,,53827,12,0,5,0,105,,53823,12,0,6,0,105,,53828,12,0,5,0,105,,53824,12,0,6,0,90,,53829,12,0,5,0,100,,53825,12,0,6,0,105,,53830,12,0,5,0,105,,53826,12,0,6,0,105,,53831,12,0,5,0
101,'S2-2_1',702,,53832,18,0,5,0,29,,53833,12,0,5,0,74,,53834,18,0,6,0,31,,53836,12,0,5,0,75,,53835,18,0,6,0,35,,53837,12,0,5,0,71,,53841,12,0,6,0,32,,53838,12,0,5,0,72,,53839,12,0,6,0,30,,53840,12,0,5,0,70,,53842,12,0,6,0,31,,53843,12,0,5,0,70,,53844,12,0,6,0,28,,53846,18,0,5,0,70,,53845,12,0,6,0,31,,53847,18,0,5,0,70,,53849,12,0,6,0,31,,53853,12,0,5,0,71,,53852,12,0,6,0,32,,53850,12,0,5,0,70,,53851,12,0,6,0,31,,53848,18,0,5,0,67,,53854,12,0,6,0,30,,53855,18,0,5,0,66,,53856,12,0,6,0
101,'S2-2_2',702,,53857,18,0,5,0,29,,53858,12,0,5,0,74,,53859,18,0,6,0,31,,53861,12,0,5,0,75,,53860,18,0,6,0,35,,53862,12,0,5,0,71,,53866,12,0,6,0,32,,53863,12,0,5,0,72,,53864,12,0,6,0,30,,53865,12,0,5,0,70,,53867,12,0,6,0,31,,53868,12,0,5,0,70,,53869,12,0,6,0,28,,53871,18,0,5,0,70,,53870,12,0,6,0,31,,53872,18,0,5,0,70,,53874,12,0,6,0,31,,53878,12,0,5,0,71,,53877,12,0,6,0,32,,53875,12,0,5,0,70,,53876,12,0,6,0,31,,53873,18,0,5,0,67,,53879,12,0,6,0,30,,53880,18,0,5,0,66,,53881,12,0,6,0
101,'S2-2_3',702,,53882,18,0,5,0,29,,53883,12,0,5,0,74,,53884,18,0,6,0,31,,53886,12,0,5,0,75,,53885,18,0,6,0,35,,53887,12,0,5,0,71,,53891,12,0,6,0,32,,53888,12,0,5,0,72,,53889,12,0,6,0,30,,53890,12,0,5,0,70,,53892,12,0,6,0,31,,53893,12,0,5,0,70,,53894,12,0,6,0,28,,53896,18,0,5,0,70,,53895,12,0,6,0,31,,53897,18,0,5,0,70,,53899,12,0,6,0,31,,53903,12,0,5,0,71,,53902,12,0,6,0,32,,53900,12,0,5,0,70,,53901,12,0,6,0,31,,53898,18,0,5,0,67,,53904,12,0,6,0,30,,53905,18,0,5,0,66,,53906,12,0,6,0
101,'S2-2_4',702,,53907,18,0,5,0,29,,53908,12,0,5,0,74,,53909,18,0,6,0,31,,53911,12,0,5,0,75,,53910,18,0,6,0,35,,53912,12,0,5,0,71,,53916,12,0,6,0,32,,53913,12,0,5,0,72,,53914,12,0,6,0,30,,53915,12,0,5,0,70,,53917,12,0,6,0,31,,53918,12,0,5,0,70,,53919,12,0,6,0,28,,53921,18,0,5,0,70,,53920,12,0,6,0,31,,53922,18,0,5,0,70,,53924,12,0,6,0,31,,53928,12,0,5,0,71,,53927,12,0,6,0,32,,53925,12,0,5,0,70,,53926,12,0,6,0,31,,53923,18,0,5,0,67,,53929,12,0,6,0,30,,53930,18,0,5,0,66,,53931,12,0,6,0
101,'S2-2_5',702,,53932,18,0,5,0,29,,53933,12,0,5,0,74,,53934,18,0,6,0,31,,53936,12,0,5,0,75,,53935,18,0,6,0,35,,53937,12,0,5,0,71,,53941,12,0,6,0,32,,53938,12,0,5,0,72,,53939,12,0,6,0,30,,53940,12,0,5,0,70,,53942,12,0,6,0,31,,53943,12,0,5,0,70,,53944,12,0,6,0,28,,53946,18,0,5,0,70,,53945,12,0,6,0,31,,53947,18,0,5,0,70,,53949,12,0,6,0,31,,53953,12,0,5,0,71,,53952,12,0,6,0,32,,53950,12,0,5,0,70,,53951,12,0,6,0,31,,53948,18,0,5,0,67,,53954,12,0,6,0,30,,53955,18,0,5,0,66,,53956,12,0,6,0
101,'S2-3_1',702,,53957,18,0,5,0,29,,53958,12,0,5,0,74,,53959,18,0,6,0,31,,53961,12,0,5,0,75,,53960,18,0,6,0,35,,53962,12,0,5,0,71,,53966,12,0,6,0,32,,53963,12,0,5,0,72,,53964,12,0,6,0,30,,53965,12,0,5,0,70,,53967,12,0,6,0,31,,53968,12,0,5,0,70,,53969,12,0,6,0,28,,53971,18,0,5,0,70,,53970,12,0,6,0,31,,53972,18,0,5,0,70,,53974,12,0,6,0,31,,53978,12,0,5,0,71,,53977,12,0,6,0,32,,53975,12,0,5,0,70,,53976,12,0,6,0,31,,53973,18,0,5,0,67,,53979,12,0,6,0,30,,53980,18,0,5,0,66,,53981,12,0,6,0
101,'S2-3_3',702,,53982,18,0,5,0,29,,53983,12,0,5,0,74,,53984,18,0,6,0,31,,53986,12,0,5,0,75,,53985,18,0,6,0,35,,53987,12,0,5,0,71,,53991,12,0,6,0,32,,53988,12,0,5,0,72,,53989,12,0,6,0,30,,53990,12,0,5,0,70,,53992,12,0,6,0,31,,53993,12,0,5,0,70,,53994,12,0,6,0,28,,53996,18,0,5,0,70,,53995,12,0,6,0,31,,53997,18,0,5,0,70,,53999,12,0,6,0,31,,54003,12,0,5,0,71,,54002,12,0,6,0,32,,54000,12,0,5,0,70,,54001,12,0,6,0,31,,53998,18,0,5,0,67,,54004,12,0,6,0,30,,54005,18,0,5,0,66,,54006,12,0,6,0
101,'S2-3_4',702,,54007,18,0,5,0,29,,54008,12,0,5,0,74,,54009,18,0,6,0,31,,54011,12,0,5,0,75,,54010,18,0,6,0,35,,54012,12,0,5,0,71,,54016,12,0,6,0,32,,54013,12,0,5,0,72,,54014,12,0,6,0,30,,54015,12,0,5,0,70,,54017,12,0,6,0,31,,54018,12,0,5,0,70,,54019,12,0,6,0,28,,54021,18,0,5,0,70,,54020,12,0,6,0,31,,54022,18,0,5,0,70,,54024,12,0,6,0,31,,54028,12,0,5,0,71,,54027,12,0,6,0,32,,54025,12,0,5,0,70,,54026,12,0,6,0,31,,54023,18,0,5,0,67,,54029,12,0,6,0,30,,54030,18,0,5,0,66,,54031,12,0,6,0
101,'S2-4_7',909,,54032,12,0,6,0,105,,54037,12,0,5,0,105,,54033,12,0,6,0,105,,54038,12,0,5,0,105,,54034,12,0,6,0,90,,54039,12,0,5,0,100,,54035,12,0,6,0,105,,54040,12,0,5,0,105,,54036,12,0,6,0,105,,54041,12,0,5,0
