'2509-HIV-25j05H-d-Dimanche-00',3000001,91100,4,'',0,13000,4,'',0,17000,4,'',0,13000,4,'',0,17000,4,'',0,13000,4,'',0,17000,4,'',0,13000,4,'',0,17000,4,'',0
'2509-HIV-25j26H-d-Dimanche-00',3000001,91100,4,'',0,13000,4,'',0,17000,4,'',0,13000,4,'',0,17000,4,'',0,13000,4,'',0,17000,4,'',0,13000,4,'',0,17000,4,'',0
'2509-HIV-25k03H-s-Samedi-00',3000001,70300,4,'',0,4200,4,'',0,8500,4,'',0,7700,4,'',0,2200,4,'',0,2000,4,'',0,6100,4,'',0,2000,4,'',0,2000,4,'',0,6100,4,'',0,2000,4,'',0,1900,4,'',0,6100,4,'',0,2000,4,'',0,1900,4,'',0,5900,4,'',0,2000,4,'',0,2000,4,'',0,6000,4,'',0,2100,4,'',0,2000,4,'',0,6000,4,'',0,2100,4,'',0,2000,4,'',0,6000,4,'',0,2000,4,'',0,2100,4,'',0,6100,4,'',0,2000,4,'',0,2000,4,'',0,5900,4,'',0,1900,4,'',0,1900,4,'',0,6000,4,'',0,1800,4,'',0,3000,4,'',0,6700,4,'',0,3000,4,'',0,6800,4,'',0
'2509-HIV-25l08H-w-Mercredi-00',3000001,71100,4,'',0,2300,4,'',0,2000,4,'',0,6000,4,'',0,2000,4,'',0,2200,4,'',0,6000,4,'',0,2000,4,'',0,2000,4,'',0,6000,4,'',0,2000,4,'',0,2100,4,'',0,6000,4,'',0,1900,4,'',0,1900,4,'',0,6200,4,'',0,2100,4,'',0,1900,4,'',0,5900,4,'',0,2000,4,'',0,2000,4,'',0,6000,4,'',0,2100,4,'',0,2000,4,'',0,6000,4,'',0,2100,4,'',0,6200,4,'',0,2100,4,'',0,2000,4,'',0,6000,4,'',0,2400,4,'',0,2300,4,'',0,5700,4,'',0,1900,4,'',0,1500,4,'',0,1700,4,'',0,6000,4,'',0,1900,4,'',0,2200,4,'',0,6500,4,'',0,2800,4,'',0,7100,4,'',0
'2509-HIV-25l08Hlv-L-Ma-J-V-00',3000001,71100,4,'',0,2300,4,'',0,2000,4,'',0,6000,4,'',0,2000,4,'',0,2200,4,'',0,6000,4,'',0,2000,4,'',0,2000,4,'',0,6000,4,'',0,2000,4,'',0,2100,4,'',0,6000,4,'',0,1900,4,'',0,1900,4,'',0,6200,4,'',0,2100,4,'',0,1900,4,'',0,5900,4,'',0,2000,4,'',0,2000,4,'',0,6000,4,'',0,2100,4,'',0,2000,4,'',0,6000,4,'',0,2100,4,'',0,6200,4,'',0,2100,4,'',0,2000,4,'',0,6000,4,'',0,2400,4,'',0,2300,4,'',0,5700,4,'',0,1900,4,'',0,1500,4,'',0,1700,4,'',0,6000,4,'',0,1900,4,'',0,2200,4,'',0,6500,4,'',0,2800,4,'',0,7100,4,'',0
'2509-HIV-25l18Hlv-L-Ma-J-V-00',3000001,71100,4,'',0,2300,4,'',0,2000,4,'',0,6000,4,'',0,2000,4,'',0,2200,4,'',0,6000,4,'',0,2000,4,'',0,2000,4,'',0,6000,4,'',0,2000,4,'',0,2100,4,'',0,6000,4,'',0,1900,4,'',0,1900,4,'',0,6200,4,'',0,2100,4,'',0,1900,4,'',0,5900,4,'',0,2000,4,'',0,2000,4,'',0,6000,4,'',0,2100,4,'',0,2000,4,'',0,6000,4,'',0,2100,4,'',0,6200,4,'',0,2100,4,'',0,2000,4,'',0,6000,4,'',0,2400,4,'',0,2300,4,'',0,5700,4,'',0,1900,4,'',0,1500,4,'',0,1700,4,'',0,6000,4,'',0,1900,4,'',0,2200,4,'',0,6500,4,'',0,2800,4,'',0,7100,4,'',0
'2509-HIV-25l22Vlv-Semaine-00',3000001,71300,4,'',0,2100,4,'',0,2000,4,'',0,6000,4,'',0,2100,4,'',0,2000,4,'',0,5900,4,'',0,2100,4,'',0,2100,4,'',0,6000,4,'',0,2000,4,'',0,2000,4,'',0,6100,4,'',0,1900,4,'',0,2000,4,'',0,6000,4,'',0,1900,4,'',0,1900,4,'',0,6000,4,'',0,1900,4,'',0,2100,4,'',0,6000,4,'',0,2100,4,'',0,2000,4,'',0,5900,4,'',0,2100,4,'',0,2000,4,'',0,6000,4,'',0,2100,4,'',0,2000,4,'',0,6100,4,'',0,2000,4,'',0,2000,4,'',0,6000,4,'',0,1900,4,'',0,1900,4,'',0,6100,4,'',0,2000,4,'',0,2000,4,'',0,6900,4,'',0,2700,4,'',0,6900,4,'',0
'2509-HIV-26a05H-s-Samedi-00',3000001,70300,4,'',0,4200,4,'',0,8500,4,'',0,7700,4,'',0,2200,4,'',0,2000,4,'',0,6100,4,'',0,2000,4,'',0,2000,4,'',0,6100,4,'',0,2000,4,'',0,1900,4,'',0,6100,4,'',0,2000,4,'',0,1900,4,'',0,5900,4,'',0,2000,4,'',0,2000,4,'',0,6000,4,'',0,2100,4,'',0,2000,4,'',0,6000,4,'',0,2100,4,'',0,2000,4,'',0,6000,4,'',0,2000,4,'',0,2100,4,'',0,6100,4,'',0,2000,4,'',0,2000,4,'',0,5900,4,'',0,1900,4,'',0,1900,4,'',0,6000,4,'',0,1800,4,'',0,3000,4,'',0,6700,4,'',0,3000,4,'',0,6800,4,'',0
'2509-HIV-26a05H-w-Mercredi-00',3000001,71100,4,'',0,2300,4,'',0,2000,4,'',0,6000,4,'',0,2000,4,'',0,2200,4,'',0,6000,4,'',0,2000,4,'',0,2000,4,'',0,6000,4,'',0,2000,4,'',0,2100,4,'',0,6000,4,'',0,1900,4,'',0,1900,4,'',0,6200,4,'',0,2100,4,'',0,1900,4,'',0,5900,4,'',0,2000,4,'',0,2000,4,'',0,6000,4,'',0,2100,4,'',0,2000,4,'',0,6000,4,'',0,2100,4,'',0,6200,4,'',0,2100,4,'',0,2000,4,'',0,6000,4,'',0,2400,4,'',0,2300,4,'',0,5700,4,'',0,1900,4,'',0,1500,4,'',0,1700,4,'',0,6000,4,'',0,1900,4,'',0,2200,4,'',0,6500,4,'',0,2800,4,'',0,7100,4,'',0
'2509-HIV-26a05Hlv-L-Ma-J-V-00',3000001,71100,4,'',0,2300,4,'',0,2000,4,'',0,6000,4,'',0,2000,4,'',0,2200,4,'',0,6000,4,'',0,2000,4,'',0,2000,4,'',0,6000,4,'',0,2000,4,'',0,2100,4,'',0,6000,4,'',0,1900,4,'',0,1900,4,'',0,6200,4,'',0,2100,4,'',0,1900,4,'',0,5900,4,'',0,2000,4,'',0,2000,4,'',0,6000,4,'',0,2100,4,'',0,2000,4,'',0,6000,4,'',0,2100,4,'',0,6200,4,'',0,2100,4,'',0,2000,4,'',0,6000,4,'',0,2400,4,'',0,2300,4,'',0,5700,4,'',0,1900,4,'',0,1500,4,'',0,1700,4,'',0,6000,4,'',0,1900,4,'',0,2200,4,'',0,6500,4,'',0,2800,4,'',0,7100,4,'',0
