701,'0_6',711,,66147,10,,,0,110,,66148,10,,,0,111,,66149,10,,,0,110,,66150,10,,,0,111,,66151,10,,,0,149,,66152,10,,,0,110,,66153,10,,,0,111,,66154,10,,,0,109,,66155,10,,,0,110,,66145,10,,,0,111,,66146,10,,,0
701,'2_1',711,,66156,10,,,0,110,,66157,10,,,0,110,,66158,10,,,0,110,,66159,10,,,0,111,,66160,10,,,0,150,,66161,10,,,0,109,,66162,10,,,0,108,,66163,10,,,0,110,,66164,10,,,0,110,,66165,10,,,0,113,,66166,10,,,0
701,'2_2',711,,66167,10,,,0,110,,66168,10,,,0,110,,66169,10,,,0,110,,66170,10,,,0,111,,66171,10,,,0,150,,66172,10,,,0,109,,66173,10,,,0,108,,66174,10,,,0,110,,66175,10,,,0,110,,66176,10,,,0,113,,66177,10,,,0
701,'2_3',711,,66178,10,,,0,110,,66179,10,,,0,110,,66180,10,,,0,110,,66181,10,,,0,111,,66182,10,,,0,150,,66183,10,,,0,109,,66184,10,,,0,108,,66185,10,,,0,110,,66186,10,,,0,110,,66187,10,,,0,113,,66188,10,,,0
701,'2_4',711,,66189,10,,,0,110,,66190,10,,,0,110,,66191,10,,,0,110,,66192,10,,,0,111,,66193,10,,,0,150,,66194,10,,,0,109,,66195,10,,,0,108,,66196,10,,,0,110,,66197,10,,,0,110,,66198,10,,,0,113,,66199,10,,,0
701,'2_5',711,,66200,10,,,0,110,,66201,10,,,0,110,,66202,10,,,0,110,,66203,10,,,0,111,,66204,10,,,0,150,,66205,10,,,0,109,,66206,10,,,0,108,,66207,10,,,0,110,,66208,10,,,0,110,,66209,10,,,0,113,,66210,10,,,0
701,'3_1',711,,66211,10,,,0,110,,66212,10,,,0,110,,66213,10,,,0,110,,66214,10,,,0,111,,66215,10,,,0,150,,66216,10,,,0,109,,66217,10,,,0,108,,66218,10,,,0,110,,66219,10,,,0,110,,66220,10,,,0,113,,66221,10,,,0
701,'3_3',711,,66222,10,,,0,110,,66223,10,,,0,110,,66224,10,,,0,110,,66225,10,,,0,111,,66226,10,,,0,150,,66227,10,,,0,109,,66228,10,,,0,108,,66229,10,,,0,110,,66230,10,,,0,110,,66231,10,,,0,113,,66232,10,,,0
701,'3_4',711,,66233,10,,,0,110,,66234,10,,,0,110,,66235,10,,,0,110,,66236,10,,,0,111,,66237,10,,,0,150,,66238,10,,,0,109,,66239,10,,,0,108,,66240,10,,,0,110,,66241,10,,,0,110,,66242,10,,,0,113,,66243,10,,,0
701,'3_5',711,,66244,10,,,0,110,,66245,10,,,0,110,,66246,10,,,0,110,,66247,10,,,0,111,,66248,10,,,0,150,,66249,10,,,0,109,,66250,10,,,0,108,,66251,10,,,0,110,,66252,10,,,0,110,,66253,10,,,0,113,,66254,10,,,0
