2600,'S2-1_6',740,,10926,24,,,0,86,,10927,24,,,0,84,,10928,24,,,0,45,,10929,24,,,0,84,,10930,24,,,0,90,,10931,24,,,0,84,,10932,24,,,0,42,,10933,24,,,0,85,,10934,24,,,0,85,,10935,24,,,0,83,,10936,24,,,0,45,,10937,24,,,0,91,,10938,24,,,0,86,,10939,24,,,0,83,,10940,24,,,0,44,,10941,24,,,0,82,,10942,24,,,0
2600,'S2-5_1',720,,10943,24,,,0,17,,10954,24,,,0,79,,10955,24,,,0,18,,10956,24,,,0,83,,10957,24,,,0,29,,10958,24,,,0,95,,10944,24,,,0,99,,10945,24,,,0,97,,10946,24,,,0,67,,10947,24,,,0,30,,10962,24,,,0,95,,10963,24,,,0,112,,10948,24,,,0,86,,10949,24,,,0,26,,10959,24,,,0,73,,10960,24,,,0,20,,10950,24,,,0,67,,10951,24,,,0,29,,10952,24,,,0,68,,10965,24,,,0
2600,'S2-5_2',720,,10967,24,,,0,17,,10978,24,,,0,79,,10979,24,,,0,18,,10980,24,,,0,83,,10981,24,,,0,29,,10982,24,,,0,95,,10968,24,,,0,99,,10969,24,,,0,97,,10970,24,,,0,67,,10971,24,,,0,30,,10986,24,,,0,95,,10987,24,,,0,112,,10972,24,,,0,86,,10973,24,,,0,26,,10983,24,,,0,73,,10984,24,,,0,20,,10974,24,,,0,67,,10975,24,,,0,29,,10976,24,,,0,68,,10989,24,,,0
2600,'S2-5_4',720,,10991,24,,,0,17,,11002,24,,,0,79,,11003,24,,,0,18,,11004,24,,,0,83,,11005,24,,,0,29,,11006,24,,,0,95,,10992,24,,,0,99,,10993,24,,,0,97,,10994,24,,,0,67,,10995,24,,,0,30,,11010,24,,,0,95,,11011,24,,,0,112,,10996,24,,,0,86,,10997,24,,,0,26,,11007,24,,,0,73,,11008,24,,,0,20,,10998,24,,,0,67,,10999,24,,,0,29,,11000,24,,,0,68,,11013,24,,,0
2600,'S2-5_5',720,,11015,24,,,0,17,,11026,24,,,0,79,,11027,24,,,0,18,,11028,24,,,0,83,,11029,24,,,0,29,,11030,24,,,0,95,,11016,24,,,0,99,,11017,24,,,0,97,,11018,24,,,0,67,,11019,24,,,0,30,,11034,24,,,0,95,,11035,24,,,0,112,,11020,24,,,0,86,,11021,24,,,0,26,,11031,24,,,0,73,,11032,24,,,0,20,,11022,24,,,0,67,,11023,24,,,0,29,,11024,24,,,0,68,,11037,24,,,0
2600,'S2-6_3',720,,11039,24,,,0,17,,11050,24,,,0,79,,11051,24,,,0,18,,11052,24,,,0,83,,11053,24,,,0,29,,11054,24,,,0,95,,11040,24,,,0,99,,11041,24,,,0,97,,11042,24,,,0,67,,11043,24,,,0,30,,11058,24,,,0,95,,11059,24,,,0,112,,11044,24,,,0,86,,11045,24,,,0,26,,11055,24,,,0,73,,11056,24,,,0,20,,11046,24,,,0,67,,11047,24,,,0,29,,11048,24,,,0,68,,11060,24,,,0
3000000,'S2-1_6',652,,13647,19,,,0,82,,13648,19,,,0,82,,13649,19,,,0,30,,13650,19,,,0,60,,13651,19,,,0,20,,13652,19,,,0,21,,13653,19,,,0,60,,13654,19,,,0,20,,13655,19,,,0,20,,13656,19,,,0,61,,13657,19,,,0,19,,13658,19,,,0,20,,13659,19,,,0,60,,13660,19,,,0,19,,13661,19,,,0,19,,13662,19,,,0,60,,13663,19,,,0,20,,13664,19,,,0,21,,13665,19,,,0,59,,13666,19,,,0,21,,13667,19,,,0,20,,13668,19,,,0,61,,13669,19,,,0,20,,13670,19,,,0,20,,13671,19,,,0,60,,13672,19,,,0,20,,13673,19,,,0,20,,13674,19,,,0,60,,13675,19,,,0,20,,13676,19,,,0,20,,13677,19,,,0,60,,13678,19,,,0,19,,13679,19,,,0,19,,13680,19,,,0,59,,13681,19,,,0,30,,13682,19,,,0,70,,13683,19,,,0,29,,13684,19,,,0,69,,13685,19,,,0
3000000,'S2-4_7',814,,13687,19,,,0,130,,13688,19,,,0,170,,13695,19,,,0,130,,13694,19,,,0,170,,13693,19,,,0,130,,13691,19,,,0,100,,13701,4,0,14,0,70,,13692,19,,,0,30,,13686,4,0,14,0,70,,13696,4,0,14,0,29,,13690,19,,,0,71,,13697,4,0,14,0,30,,13698,4,0,14,0,69,,13689,19,,,0,31,,13700,4,0,14,0,70,,13699,4,0,14,0
3000000,'S2-5_1',649,,13743,19,,,0,59,,13742,19,,,0,21,,13747,4,0,14,0,4,,13702,19,,,0,9,,13744,4,0,14,0,12,,13703,19,,,0,47,,13745,4,0,14,0,10,,13704,19,,,0,8,,13746,4,0,14,0,12,,13705,19,,,0,20,,13706,19,,,0,62,,13707,19,,,0,20,,13708,19,,,0,20,,13709,19,,,0,61,,13710,19,,,0,17,,13711,19,,,0,21,,13712,19,,,0,60,,13713,19,,,0,20,,13714,19,,,0,21,,13715,19,,,0,61,,13716,19,,,0,19,,13717,19,,,0,21,,13718,19,,,0,59,,13719,19,,,0,20,,13720,19,,,0,19,,13721,19,,,0,60,,13722,19,,,0,21,,13723,19,,,0,20,,13724,19,,,0,61,,13725,19,,,0,19,,13726,19,,,0,19,,13727,19,,,0,61,,13728,19,,,0,16,,13729,19,,,0,20,,13730,19,,,0,61,,13731,19,,,0,20,,13732,19,,,0,20,,13733,19,,,0,59,,13734,19,,,0,20,,13735,19,,,0,20,,13736,19,,,0,60,,13737,19,,,0,19,,13738,19,,,0,29,,13739,19,,,0,73,,13740,19,,,0,72,,13741,19,,,0
3000000,'S2-5_2',649,,13789,19,,,0,59,,13788,19,,,0,21,,13793,4,0,14,0,4,,13748,19,,,0,9,,13790,4,0,14,0,12,,13749,19,,,0,47,,13791,4,0,14,0,10,,13750,19,,,0,8,,13792,4,0,14,0,12,,13751,19,,,0,20,,13752,19,,,0,62,,13753,19,,,0,20,,13754,19,,,0,20,,13755,19,,,0,61,,13756,19,,,0,17,,13757,19,,,0,21,,13758,19,,,0,60,,13759,19,,,0,20,,13760,19,,,0,21,,13761,19,,,0,61,,13762,19,,,0,19,,13763,19,,,0,21,,13764,19,,,0,59,,13765,19,,,0,20,,13766,19,,,0,19,,13767,19,,,0,60,,13768,19,,,0,21,,13769,19,,,0,20,,13770,19,,,0,61,,13771,19,,,0,19,,13772,19,,,0,19,,13773,19,,,0,61,,13774,19,,,0,16,,13775,19,,,0,20,,13776,19,,,0,61,,13777,19,,,0,20,,13778,19,,,0,20,,13779,19,,,0,59,,13780,19,,,0,20,,13781,19,,,0,20,,13782,19,,,0,60,,13783,19,,,0,19,,13784,19,,,0,29,,13785,19,,,0,73,,13786,19,,,0,72,,13787,19,,,0
3000000,'S2-5_4',649,,13835,19,,,0,59,,13834,19,,,0,21,,13839,4,0,14,0,4,,13794,19,,,0,9,,13836,4,0,14,0,12,,13795,19,,,0,47,,13837,4,0,14,0,10,,13796,19,,,0,8,,13838,4,0,14,0,12,,13797,19,,,0,20,,13798,19,,,0,62,,13799,19,,,0,20,,13800,19,,,0,20,,13801,19,,,0,61,,13802,19,,,0,17,,13803,19,,,0,21,,13804,19,,,0,60,,13805,19,,,0,20,,13806,19,,,0,21,,13807,19,,,0,61,,13808,19,,,0,19,,13809,19,,,0,21,,13810,19,,,0,59,,13811,19,,,0,20,,13812,19,,,0,19,,13813,19,,,0,60,,13814,19,,,0,21,,13815,19,,,0,20,,13816,19,,,0,61,,13817,19,,,0,19,,13818,19,,,0,19,,13819,19,,,0,61,,13820,19,,,0,16,,13821,19,,,0,20,,13822,19,,,0,61,,13823,19,,,0,20,,13824,19,,,0,20,,13825,19,,,0,59,,13826,19,,,0,20,,13827,19,,,0,20,,13828,19,,,0,60,,13829,19,,,0,19,,13830,19,,,0,29,,13831,19,,,0,73,,13832,19,,,0,72,,13833,19,,,0
3000000,'S2-5_5',649,,13881,19,,,0,59,,13880,19,,,0,21,,13885,4,0,14,0,4,,13840,19,,,0,9,,13882,4,0,14,0,12,,13841,19,,,0,47,,13883,4,0,14,0,10,,13842,19,,,0,8,,13884,4,0,14,0,12,,13843,19,,,0,20,,13844,19,,,0,62,,13845,19,,,0,20,,13846,19,,,0,20,,13847,19,,,0,61,,13848,19,,,0,17,,13849,19,,,0,21,,13850,19,,,0,60,,13851,19,,,0,20,,13852,19,,,0,21,,13853,19,,,0,61,,13854,19,,,0,19,,13855,19,,,0,21,,13856,19,,,0,59,,13857,19,,,0,20,,13858,19,,,0,19,,13859,19,,,0,60,,13860,19,,,0,21,,13861,19,,,0,20,,13862,19,,,0,61,,13863,19,,,0,19,,13864,19,,,0,19,,13865,19,,,0,61,,13866,19,,,0,16,,13867,19,,,0,20,,13868,19,,,0,61,,13869,19,,,0,20,,13870,19,,,0,20,,13871,19,,,0,59,,13872,19,,,0,20,,13873,19,,,0,20,,13874,19,,,0,60,,13875,19,,,0,19,,13876,19,,,0,29,,13877,19,,,0,73,,13878,19,,,0,72,,13879,19,,,0
3000000,'S2-6_3',649,,13927,19,,,0,59,,13926,19,,,0,21,,13931,4,0,14,0,4,,13886,19,,,0,9,,13928,4,0,14,0,12,,13887,19,,,0,47,,13929,4,0,14,0,10,,13888,19,,,0,8,,13930,4,0,14,0,12,,13889,19,,,0,20,,13890,19,,,0,62,,13891,19,,,0,20,,13892,19,,,0,20,,13893,19,,,0,61,,13894,19,,,0,17,,13895,19,,,0,21,,13896,19,,,0,60,,13897,19,,,0,20,,13898,19,,,0,21,,13899,19,,,0,61,,13900,19,,,0,19,,13901,19,,,0,21,,13902,19,,,0,59,,13903,19,,,0,20,,13904,19,,,0,19,,13905,19,,,0,60,,13906,19,,,0,21,,13907,19,,,0,20,,13908,19,,,0,61,,13909,19,,,0,19,,13910,19,,,0,19,,13911,19,,,0,61,,13912,19,,,0,16,,13913,19,,,0,20,,13914,19,,,0,61,,13915,19,,,0,20,,13916,19,,,0,20,,13917,19,,,0,59,,13918,19,,,0,20,,13919,19,,,0,20,,13920,19,,,0,60,,13921,19,,,0,19,,13922,19,,,0,29,,13923,19,,,0,73,,13924,19,,,0,72,,13925,19,,,0
