401,'S2-0_6',653,,55641,8,,,0,163,,55640,8,0,41,0,32,,55638,8,,,0,64,,55627,8,0,41,0,32,,55639,8,0,41,0,69,,55628,8,0,41,0,35,,55634,8,,,0,67,,55629,8,0,41,0,32,,55630,8,0,41,0,73,,55646,8,0,41,0,31,,55648,8,,,0,72,,55635,8,0,41,0,29,,55626,8,0,41,0,68,,55631,8,0,41,0,28,,55636,8,,,0,67,,55632,8,0,41,0,29,,55649,8,0,41,0,71,,55645,8,0,41,0,26,,55642,8,,,0,64,,55643,8,0,41,0,27,,55647,8,,,0,76,,55644,8,0,41,0,36,,55633,8,0,41,0,76,,55637,8,,,0
401,'S2-1_7',931,,55650,8,,,0,125,,55651,8,,,0,165,,55652,8,,,0,201,,55653,8,,,0,125,,55654,8,,,0,165,,55655,8,,,0,125,,55656,8,,,0
401,'S2-2_1',648,,55667,11,,,0,58,,55668,8,0,41,0,39,,55679,8,0,41,0,76,,55658,11,0,41,0,27,,55680,8,,,0,67,,55659,8,0,41,0,29,,55681,8,0,41,0,69,,55660,8,0,41,0,35,,55675,8,,,0,71,,55661,8,0,41,0,29,,55662,8,0,41,0,69,,55674,8,0,41,0,36,,55672,8,,,0,73,,55676,8,0,41,0,26,,55657,8,0,41,0,68,,55663,8,0,41,0,28,,55677,8,,,0,65,,55664,8,0,41,0,31,,55665,8,,,0,62,,55673,8,0,41,0,27,,55669,8,,,0,24,,55670,8,0,41,0,86,,55682,11,,,0,62,,55671,8,0,41,0,34,,55666,8,0,41,0,79,,55678,8,,,0
401,'S2-2_2',648,,55693,11,,,0,58,,55694,8,0,41,0,39,,55705,8,0,41,0,76,,55684,11,0,41,0,27,,55706,8,,,0,67,,55685,8,0,41,0,29,,55707,8,0,41,0,69,,55686,8,0,41,0,35,,55701,8,,,0,71,,55687,8,0,41,0,29,,55688,8,0,41,0,69,,55700,8,0,41,0,36,,55698,8,,,0,73,,55702,8,0,41,0,26,,55683,8,0,41,0,68,,55689,8,0,41,0,28,,55703,8,,,0,65,,55690,8,0,41,0,31,,55691,8,,,0,62,,55699,8,0,41,0,27,,55695,8,,,0,24,,55696,8,0,41,0,86,,55708,11,,,0,62,,55697,8,0,41,0,34,,55692,8,0,41,0,79,,55704,8,,,0
401,'S2-2_3',648,,55719,11,,,0,58,,55720,8,0,41,0,39,,55731,8,0,41,0,76,,55710,11,0,41,0,27,,55732,8,,,0,67,,55711,8,0,41,0,29,,55733,8,0,41,0,69,,55712,8,0,41,0,35,,55727,8,,,0,71,,55713,8,0,41,0,29,,55714,8,0,41,0,69,,55726,8,0,41,0,36,,55724,8,,,0,73,,55728,8,0,41,0,26,,55709,8,0,41,0,68,,55715,8,0,41,0,28,,55729,8,,,0,65,,55716,8,0,41,0,31,,55717,8,,,0,62,,55725,8,0,41,0,27,,55721,8,,,0,24,,55722,8,0,41,0,86,,55734,11,,,0,62,,55723,8,0,41,0,34,,55718,8,0,41,0,79,,55730,8,,,0
401,'S2-2_4',648,,55745,11,,,0,58,,55746,8,0,41,0,39,,55757,8,0,41,0,76,,55736,11,0,41,0,27,,55758,8,,,0,67,,55737,8,0,41,0,29,,55759,8,0,41,0,69,,55738,8,0,41,0,35,,55753,8,,,0,71,,55739,8,0,41,0,29,,55740,8,0,41,0,69,,55752,8,0,41,0,36,,55750,8,,,0,73,,55754,8,0,41,0,26,,55735,8,0,41,0,68,,55741,8,0,41,0,28,,55755,8,,,0,65,,55742,8,0,41,0,31,,55743,8,,,0,62,,55751,8,0,41,0,27,,55747,8,,,0,24,,55748,8,0,41,0,86,,55760,11,,,0,62,,55749,8,0,41,0,34,,55744,8,0,41,0,79,,55756,8,,,0
401,'S2-2_5',648,,55771,11,,,0,58,,55772,8,0,41,0,39,,55783,8,0,41,0,76,,55762,11,0,41,0,27,,55784,8,,,0,67,,55763,8,0,41,0,29,,55785,8,0,41,0,69,,55764,8,0,41,0,35,,55779,8,,,0,71,,55765,8,0,41,0,29,,55766,8,0,41,0,69,,55778,8,0,41,0,36,,55776,8,,,0,73,,55780,8,0,41,0,26,,55761,8,0,41,0,68,,55767,8,0,41,0,28,,55781,8,,,0,65,,55768,8,0,41,0,31,,55769,8,,,0,62,,55777,8,0,41,0,27,,55773,8,,,0,24,,55774,8,0,41,0,86,,55786,11,,,0,62,,55775,8,0,41,0,34,,55770,8,0,41,0,79,,55782,8,,,0
401,'S2-3_1',648,,55797,11,,,0,58,,55798,8,0,41,0,39,,55809,8,0,41,0,76,,55788,11,0,41,0,27,,55810,8,,,0,67,,55789,8,0,41,0,29,,55811,8,0,41,0,69,,55790,8,0,41,0,35,,55805,8,,,0,71,,55791,8,0,41,0,29,,55792,8,0,41,0,69,,55804,8,0,41,0,36,,55802,8,,,0,73,,55806,8,0,41,0,26,,55787,8,0,41,0,68,,55793,8,0,41,0,28,,55807,8,,,0,65,,55794,8,0,41,0,31,,55795,8,,,0,62,,55803,8,0,41,0,27,,55799,8,,,0,24,,55800,8,0,41,0,86,,55812,11,,,0,62,,55801,8,0,41,0,34,,55796,8,0,41,0,79,,55808,8,,,0
401,'S2-3_3',648,,55823,11,,,0,58,,55824,8,0,41,0,39,,55835,8,0,41,0,76,,55814,11,0,41,0,27,,55836,8,,,0,67,,55815,8,0,41,0,29,,55837,8,0,41,0,69,,55816,8,0,41,0,35,,55831,8,,,0,71,,55817,8,0,41,0,29,,55818,8,0,41,0,69,,55830,8,0,41,0,36,,55828,8,,,0,73,,55832,8,0,41,0,26,,55813,8,0,41,0,68,,55819,8,0,41,0,28,,55833,8,,,0,65,,55820,8,0,41,0,31,,55821,8,,,0,62,,55829,8,0,41,0,27,,55825,8,,,0,24,,55826,8,0,41,0,86,,55838,11,,,0,62,,55827,8,0,41,0,34,,55822,8,0,41,0,79,,55834,8,,,0
401,'S2-3_4',648,,55849,11,,,0,58,,55850,8,0,41,0,39,,55861,8,0,41,0,76,,55840,11,0,41,0,27,,55862,8,,,0,67,,55841,8,0,41,0,29,,55863,8,0,41,0,69,,55842,8,0,41,0,35,,55857,8,,,0,71,,55843,8,0,41,0,29,,55844,8,0,41,0,69,,55856,8,0,41,0,36,,55854,8,,,0,73,,55858,8,0,41,0,26,,55839,8,0,41,0,68,,55845,8,0,41,0,28,,55859,8,,,0,65,,55846,8,0,41,0,31,,55847,8,,,0,62,,55855,8,0,41,0,27,,55851,8,,,0,24,,55852,8,0,41,0,86,,55864,11,,,0,62,,55853,8,0,41,0,34,,55848,8,0,41,0,79,,55860,8,,,0
401,'S2-4_7',931,,55865,8,,,0,125,,55866,8,,,0,165,,55867,8,,,0,201,,55868,8,,,0,125,,55869,8,,,0,165,,55870,8,,,0,125,,55871,8,,,0
