100,'S2-0_6',800,,53568,3,0,61 8,0,124,,53569,3,0,61 8,0,102,,53570,3,0,61 8,0,98,,53571,3,0,61 8,0,101,,53572,3,0,61 8,0,100,,53573,3,0,61 8,0,100,,53574,3,0,61 8,0,100,,53575,3,0,61 8,0,101,,53576,3,0,61 8,0,102,,53577,3,0,61 8,0,102,,53578,3,0,61 8,0
100,'S2-1_7',900,,53579,3,0,61 8,0,211,,53580,3,0,61 8,0,194,,53581,3,0,61 8,0,205,,53582,3,0,61 8,0,210,,53583,3,0,61 8,0
100,'S2-2_1',652,,53589,3,0,61 8,0,103,,53592,3,0,61 8,0,94,,53591,3,0,61 8,0,103,,53595,3,0,61 8,0,101,,53596,3,0,61 8,0,104,,53600,3,,,0,102,,53601,3,,,0,99,,53604,3,0,61 8,0,100,,53608,3,0,61 8,0,100,,53609,3,,,0,144,,53610,3,,,0,101,,53611,3,,,0,101,,53613,3,,,0
100,'S2-2_2',652,,53614,3,0,61 8,0,103,,53617,3,0,61 8,0,94,,53616,3,0,61 8,0,103,,53620,3,0,61 8,0,101,,53621,3,0,61 8,0,104,,53625,3,,,0,102,,53626,3,,,0,99,,53629,3,0,61 8,0,100,,53633,3,0,61 8,0,100,,53634,3,,,0,144,,53635,3,,,0,101,,53636,3,,,0,101,,53638,3,,,0
100,'S2-2_3',652,,53639,3,0,61 8,0,103,,53642,3,0,61 8,0,94,,53641,3,0,61 8,0,103,,53645,3,0,61 8,0,101,,53646,3,0,61 8,0,104,,53650,3,,,0,102,,53651,3,,,0,99,,53654,3,0,61 8,0,100,,53658,3,0,61 8,0,100,,53659,3,,,0,144,,53660,3,,,0,101,,53661,3,,,0,101,,53663,3,,,0
100,'S2-2_4',652,,53664,3,0,61 8,0,103,,53667,3,0,61 8,0,94,,53666,3,0,61 8,0,103,,53670,3,0,61 8,0,101,,53671,3,0,61 8,0,104,,53675,3,,,0,102,,53676,3,,,0,99,,53679,3,0,61 8,0,100,,53683,3,0,61 8,0,100,,53684,3,,,0,144,,53685,3,,,0,101,,53686,3,,,0,101,,53688,3,,,0
100,'S2-2_5',652,,53689,3,0,61 8,0,103,,53692,3,0,61 8,0,94,,53691,3,0,61 8,0,103,,53695,3,0,61 8,0,101,,53696,3,0,61 8,0,104,,53700,3,,,0,102,,53701,3,,,0,99,,53704,3,0,61 8,0,100,,53708,3,0,61 8,0,100,,53709,3,,,0,144,,53710,3,,,0,101,,53711,3,,,0,101,,53713,3,,,0
100,'S2-3_1',652,,53714,3,0,61 8,0,103,,53717,3,0,61 8,0,94,,53716,3,0,61 8,0,103,,53720,3,0,61 8,0,101,,53721,3,0,61 8,0,104,,53725,3,,,0,102,,53726,3,,,0,99,,53729,3,0,61 8,0,100,,53733,3,0,61 8,0,100,,53734,3,,,0,144,,53735,3,,,0,101,,53736,3,,,0,101,,53738,3,,,0
100,'S2-3_3',652,,53739,3,0,61 8,0,103,,53742,3,0,61 8,0,94,,53741,3,0,61 8,0,103,,53745,3,0,61 8,0,101,,53746,3,0,61 8,0,104,,53750,3,,,0,102,,53751,3,,,0,99,,53754,3,0,61 8,0,100,,53758,3,0,61 8,0,100,,53759,3,,,0,144,,53760,3,,,0,101,,53761,3,,,0,101,,53763,3,,,0
100,'S2-3_4',652,,53764,3,0,61 8,0,103,,53767,3,0,61 8,0,94,,53766,3,0,61 8,0,103,,53770,3,0,61 8,0,101,,53771,3,0,61 8,0,104,,53775,3,,,0,102,,53776,3,,,0,99,,53779,3,0,61 8,0,100,,53783,3,0,61 8,0,100,,53784,3,,,0,144,,53785,3,,,0,101,,53786,3,,,0,101,,53788,3,,,0
100,'S2-4_7',900,,53789,3,0,61 8,0,211,,53790,3,0,61 8,0,194,,53791,3,0,61 8,0,205,,53792,3,0,61 8,0,210,,53793,3,0,61 8,0
