500,'S2-0_6',658,,55872,20,,,0,71,,55873,20,,,0,100,,55874,20,,,0,102,,55875,20,,,0,98,,55876,20,,,0,100,,55877,20,,,0,99,,55878,20,,,0,98,,55879,20,,,0,80,,55880,20,,,0,39,,55881,20,,,0,99,,55882,20,,,0,102,,55883,20,,,0,100,,55884,20,,,0,74,,55885,20,,,0,27,,55886,20,,,0,97,,55887,20,,,0
500,'S2-1_7',1212,,55888,20,,,0,191,,55889,20,,,0,151,,55890,20,,,0,184,,55891,20,,,0,191,,55892,20,,,0
500,'S2-2_1',658,,55893,20,,,0,71,,55894,20,,,0,100,,55895,20,,,0,102,,55896,20,,,0,98,,55897,20,,,0,100,,55898,20,,,0,99,,55899,20,,,0,98,,55900,20,,,0,80,,55901,20,,,0,39,,55902,20,,,0,99,,55903,20,,,0,102,,55904,20,,,0,100,,55905,20,,,0,74,,55906,20,,,0,27,,55907,20,,,0,97,,55908,20,,,0
500,'S2-2_2',658,,55909,20,,,0,71,,55910,20,,,0,100,,55911,20,,,0,102,,55912,20,,,0,98,,55913,20,,,0,100,,55914,20,,,0,99,,55915,20,,,0,98,,55916,20,,,0,80,,55917,20,,,0,39,,55918,20,,,0,99,,55919,20,,,0,102,,55920,20,,,0,100,,55921,20,,,0,74,,55922,20,,,0,27,,55923,20,,,0,97,,55924,20,,,0
500,'S2-2_3',658,,55925,20,,,0,71,,55926,20,,,0,100,,55927,20,,,0,102,,55928,20,,,0,98,,55929,20,,,0,100,,55930,20,,,0,99,,55931,20,,,0,98,,55932,20,,,0,80,,55933,20,,,0,39,,55934,20,,,0,99,,55935,20,,,0,102,,55936,20,,,0,100,,55937,20,,,0,74,,55938,20,,,0,27,,55939,20,,,0,97,,55940,20,,,0
500,'S2-2_4',658,,55941,20,,,0,71,,55942,20,,,0,100,,55943,20,,,0,102,,55944,20,,,0,98,,55945,20,,,0,100,,55946,20,,,0,99,,55947,20,,,0,98,,55948,20,,,0,80,,55949,20,,,0,39,,55950,20,,,0,99,,55951,20,,,0,102,,55952,20,,,0,100,,55953,20,,,0,74,,55954,20,,,0,27,,55955,20,,,0,97,,55956,20,,,0
500,'S2-2_5',658,,55957,20,,,0,71,,55958,20,,,0,100,,55959,20,,,0,102,,55960,20,,,0,98,,55961,20,,,0,100,,55962,20,,,0,99,,55963,20,,,0,98,,55964,20,,,0,80,,55965,20,,,0,39,,55966,20,,,0,99,,55967,20,,,0,102,,55968,20,,,0,100,,55969,20,,,0,74,,55970,20,,,0,27,,55971,20,,,0,97,,55972,20,,,0
500,'S2-3_1',658,,55973,20,,,0,71,,55974,20,,,0,100,,55975,20,,,0,102,,55976,20,,,0,98,,55977,20,,,0,100,,55978,20,,,0,99,,55979,20,,,0,98,,55980,20,,,0,80,,55981,20,,,0,39,,55982,20,,,0,99,,55983,20,,,0,102,,55984,20,,,0,100,,55985,20,,,0,74,,55986,20,,,0,27,,55987,20,,,0,97,,55988,20,,,0
500,'S2-3_3',658,,55989,20,,,0,71,,55990,20,,,0,100,,55991,20,,,0,102,,55992,20,,,0,98,,55993,20,,,0,100,,55994,20,,,0,99,,55995,20,,,0,98,,55996,20,,,0,80,,55997,20,,,0,39,,55998,20,,,0,99,,55999,20,,,0,102,,56000,20,,,0,100,,56001,20,,,0,74,,56002,20,,,0,27,,56003,20,,,0,97,,56004,20,,,0
500,'S2-3_4',658,,56005,20,,,0,71,,56006,20,,,0,100,,56007,20,,,0,102,,56008,20,,,0,98,,56009,20,,,0,100,,56010,20,,,0,99,,56011,20,,,0,98,,56012,20,,,0,80,,56013,20,,,0,39,,56014,20,,,0,99,,56015,20,,,0,102,,56016,20,,,0,100,,56017,20,,,0,74,,56018,20,,,0,27,,56019,20,,,0,97,,56020,20,,,0
500,'S2-4_7',1212,,56021,20,,,0,191,,56022,20,,,0,151,,56023,20,,,0,184,,56024,20,,,0,191,,56025,20,,,0
