1001,'0_6',727,,66890,21,0,61 65,0,102,,66900,24,,,0,112,,66891,24,0,61 65,0,111,,66901,27,,,0,183,,66902,27,,,0,87,,66897,27,0,61 65,0,92,,66892,24,0,61 65,0,101,,66903,27,,,0,105,,66893,24,0,61 65,0,95,,66894,24,0,61 65,0,108,,66904,24,,,0,96,,66898,27,0,61 65,0,111,,66899,27,0,61 65,0,85,,66895,24,0,61 65,0,100,,66896,24,0,61 65,0
1001,'1_7',955,,66905,24,,,0,360,,66906,24,,,0,409,,66907,24,,,0,310,,66908,24,0,61 65,0
1001,'2_1',825,,66909,24,,,0,113,,66910,27,0,61 65,0,93,,66916,22,,,0,118,,66911,27,0,61 65,0,96,,66917,22,0,61 65,0,99,,66914,25,,,0,105,,66918,24,0,61 65,0,94,,66915,25,,,0,164,,66919,24,0,61 65,0,121,,66920,24,,,0,98,,66912,27,0,61 65,0,99,,66913,27,0,61 65,0
1001,'2_2',825,,66921,24,,,0,113,,66922,27,0,61 65,0,93,,66928,22,,,0,118,,66923,27,0,61 65,0,96,,66929,22,0,61 65,0,99,,66926,25,,,0,105,,66930,24,0,61 65,0,94,,66927,25,,,0,164,,66931,24,0,61 65,0,121,,66932,24,,,0,98,,66924,27,0,61 65,0,99,,66925,27,0,61 65,0
1001,'2_3',825,,66933,24,,,0,113,,66934,27,0,61 65,0,93,,66940,22,,,0,118,,66935,27,0,61 65,0,96,,66941,22,0,61 65,0,99,,66938,25,,,0,105,,66942,24,0,61 65,0,94,,66939,25,,,0,164,,66943,24,0,61 65,0,121,,66944,24,,,0,98,,66936,27,0,61 65,0,99,,66937,27,0,61 65,0
1001,'2_4',825,,66945,24,,,0,113,,66946,27,0,61 65,0,93,,66952,22,,,0,118,,66947,27,0,61 65,0,96,,66953,22,0,61 65,0,99,,66950,25,,,0,105,,66954,24,0,61 65,0,94,,66951,25,,,0,164,,66955,24,0,61 65,0,121,,66956,24,,,0,98,,66948,27,0,61 65,0,99,,66949,27,0,61 65,0
1001,'2_5',825,,66957,24,,,0,113,,66958,27,0,61 65,0,93,,66964,22,,,0,118,,66959,27,0,61 65,0,96,,66965,22,0,61 65,0,99,,66962,25,,,0,105,,66966,24,0,61 65,0,94,,66963,25,,,0,164,,66967,24,0,61 65,0,121,,66968,24,,,0,98,,66960,27,0,61 65,0,99,,66961,27,0,61 65,0
1001,'3_1',825,,66969,24,,,0,113,,66970,27,0,61 65,0,93,,66976,22,,,0,118,,66971,27,0,61 65,0,96,,66977,22,0,61 65,0,99,,66974,25,,,0,105,,66978,24,0,61 65,0,94,,66975,25,,,0,164,,66979,24,0,61 65,0,121,,66980,24,,,0,98,,66972,27,0,61 65,0,99,,66973,27,0,61 65,0
1001,'3_3',825,,66981,24,,,0,113,,66982,27,0,61 65,0,93,,66988,22,,,0,118,,66983,27,0,61 65,0,96,,66989,22,0,61 65,0,99,,66986,25,,,0,105,,66990,24,0,61 65,0,94,,66987,25,,,0,164,,66991,24,0,61 65,0,121,,66992,24,,,0,98,,66984,27,0,61 65,0,99,,66985,27,0,61 65,0
1001,'3_4',825,,66993,24,,,0,113,,66994,27,0,61 65,0,93,,67000,22,,,0,118,,66995,27,0,61 65,0,96,,67001,22,0,61 65,0,99,,66998,25,,,0,105,,67002,24,0,61 65,0,94,,66999,25,,,0,164,,67003,24,0,61 65,0,121,,67004,24,,,0,98,,66996,27,0,61 65,0,99,,66997,27,0,61 65,0
1001,'3_5',825,,67005,24,,,0,113,,67006,27,0,61 65,0,93,,67012,22,,,0,118,,67007,27,0,61 65,0,96,,67013,22,0,61 65,0,99,,67010,25,,,0,105,,67014,24,0,61 65,0,94,,67011,25,,,0,164,,67015,24,0,61 65,0,121,,67016,24,,,0,98,,67008,27,0,61 65,0,99,,67009,27,0,61 65,0
1001,'4_7',825,,67017,24,,,0,113,,67018,27,0,61 65,0,93,,67024,22,,,0,118,,67019,27,0,61 65,0,96,,67025,22,0,61 65,0,99,,67022,25,,,0,105,,67026,24,0,61 65,0,94,,67023,25,,,0,164,,67027,24,0,61 65,0,121,,67028,24,,,0,98,,67020,27,0,61 65,0,99,,67021,27,0,61 65,0
2901001,'0_6',1134,,71124,5,,,0,83,,71117,5,,,0,87,,71120,5,,,0,97,,71121,5,,,0,55,,71118,5,,,0,72,,71122,5,,,0,78,,71123,5,,,0,96,,71119,5,,,0,198,,71125,5,,,0
2901001,'2_1',1037,,71126,5,,,0,221,,71127,5,,,0,95,,71128,5,,,0,247,,71129,5,,,0,139,,71130,5,,,0
2901001,'2_2',1037,,71131,5,,,0,221,,71132,5,,,0,95,,71133,5,,,0,247,,71134,5,,,0,139,,71135,5,,,0
2901001,'2_3',1037,,71136,5,,,0,221,,71137,5,,,0,95,,71138,5,,,0,247,,71139,5,,,0,139,,71140,5,,,0
2901001,'2_4',1037,,71141,5,,,0,221,,71142,5,,,0,95,,71143,5,,,0,247,,71144,5,,,0,139,,71145,5,,,0
2901001,'2_5',1037,,71146,5,,,0,221,,71147,5,,,0,95,,71148,5,,,0,247,,71149,5,,,0,139,,71150,5,,,0
2901001,'3_1',1037,,71151,5,,,0,221,,71152,5,,,0,95,,71153,5,,,0,247,,71154,5,,,0,139,,71155,5,,,0
2901001,'3_3',1037,,71156,5,,,0,221,,71157,5,,,0,95,,71158,5,,,0,247,,71159,5,,,0,139,,71160,5,,,0
2901001,'3_4',1037,,71161,5,,,0,221,,71162,5,,,0,95,,71163,5,,,0,247,,71164,5,,,0,139,,71165,5,,,0
2901001,'3_5',1037,,71166,5,,,0,221,,71167,5,,,0,95,,71168,5,,,0,247,,71169,5,,,0,139,,71170,5,,,0
2901001,'4_7',1037,,71171,5,,,0,221,,71172,5,,,0,95,,71173,5,,,0,247,,71174,5,,,0,139,,71175,5,,,0
