1600,'2509-HIV-25k03H-s-Samedi-00',801,,3339,0,8,0,457,,3347,,,0,463,,3350,,,0
1600,'2509-HIV-25l22Vlv-Semaine-00',801,,3351,0,8,0,457,,3359,,,0,463,,3362,,,0
1600,'2509-HIV-26a05H-s-Samedi-00',801,,3363,0,8,0,457,,3371,,,0,463,,3374,,,0
1600,'2509-HIV-26a05H-w-Mercredi-00',801,,3375,0,8,0,457,,3383,,,0,463,,3386,,,0
1600,'2509-HIV-26a05Hlv-L-Ma-J-V-00',801,,3387,0,8,0,457,,3395,,,0,463,,3398,,,0
1600,'2509-HIV-26b23Vlv-Semaine-00',801,,3399,0,8,0,457,,3407,,,0,463,,3410,,,0
1600,'2509-HIV-26c02Vlv-Semaine-00',801,,3411,0,8,0,457,,3419,,,0,463,,3422,,,0
1601,'2509-HIV-25k03H-s-Samedi-00',1225,,3430,,,0
1601,'2509-HIV-25l22Vlv-Semaine-00',1225,,3440,,,0
1601,'2509-HIV-26a05H-s-Samedi-00',1225,,3450,,,0
1601,'2509-HIV-26a05H-w-Mercredi-00',1225,,3460,,,0
1601,'2509-HIV-26a05Hlv-L-Ma-J-V-00',1225,,3470,,,0
1601,'2509-HIV-26b23Vlv-Semaine-00',1225,,3480,,,0
1601,'2509-HIV-26c02Vlv-Semaine-00',1225,,3490,,,0
2100,'2509-HIV-25l22Vlv-Semaine-00-0000100',1242,,3637,0,22 23,0
2100,'2509-HIV-25l22Vlv-Semaine-00-1111000',1643,,3639,,,0
2100,'2509-HIV-26a05H-w-Mercredi-00-0010000',1643,,3640,,,0
2100,'2509-HIV-26a05Hlv-L-Ma-J-V-00-0000100',1242,,3641,0,22 23,0
2100,'2509-HIV-26a05Hlv-L-Ma-J-V-00-1101000',1643,,3643,,,0
2100,'2509-HIV-26b23Vlv-Semaine-00-0000100',1242,,3644,0,22 23,0
2100,'2509-HIV-26b23Vlv-Semaine-00-1111000',1643,,3646,,,0
2100,'2509-HIV-26c02Vlv-Semaine-00-0000100',1242,,3647,0,22 23,0
2100,'2509-HIV-26c02Vlv-Semaine-00-1111000',1643,,3649,,,0
