1600,'2509-HIV-25k03H-s-Samedi-00',1315,,3348,0,8 33 34,0,395,,3350,,,0
1600,'2509-HIV-25l22Vlv-Semaine-00',1315,,3360,0,8 33 34,0,395,,3362,,,0
1600,'2509-HIV-26a05H-s-Samedi-00',1315,,3372,0,8 33 34,0,395,,3374,,,0
1600,'2509-HIV-26a05H-w-Mercredi-00',1315,,3384,0,8 33 34,0,395,,3386,,,0
1600,'2509-HIV-26a05Hlv-L-Ma-J-V-00',1315,,3396,0,8 33 34,0,395,,3398,,,0
1600,'2509-HIV-26b23Vlv-Semaine-00',1315,,3408,0,8 33 34,0,395,,3410,,,0
1600,'2509-HIV-26c02Vlv-Semaine-00',1315,,3420,0,8 33 34,0,395,,3422,,,0
1601,'2509-HIV-25k03H-s-Samedi-00',1230,,3430,,,0
1601,'2509-HIV-25l22Vlv-Semaine-00',1230,,3440,,,0
1601,'2509-HIV-26a05H-s-Samedi-00',1230,,3450,,,0
1601,'2509-HIV-26a05H-w-Mercredi-00',1230,,3460,,,0
1601,'2509-HIV-26a05Hlv-L-Ma-J-V-00',1230,,3470,,,0
1601,'2509-HIV-26b23Vlv-Semaine-00',1230,,3480,,,0
1601,'2509-HIV-26c02Vlv-Semaine-00',1230,,3490,,,0
2100,'2509-HIV-25l22Vlv-Semaine-00-0000100',1650,,3638,,,0
2100,'2509-HIV-25l22Vlv-Semaine-00-1111000',1650,,3639,,,0
2100,'2509-HIV-26a05H-w-Mercredi-00-0010000',1650,,3640,,,0
2100,'2509-HIV-26a05Hlv-L-Ma-J-V-00-0000100',1650,,3642,,,0
2100,'2509-HIV-26a05Hlv-L-Ma-J-V-00-1101000',1650,,3643,,,0
2100,'2509-HIV-26b23Vlv-Semaine-00-0000100',1650,,3645,,,0
2100,'2509-HIV-26b23Vlv-Semaine-00-1111000',1650,,3646,,,0
2100,'2509-HIV-26c02Vlv-Semaine-00-0000100',1650,,3648,,,0
2100,'2509-HIV-26c02Vlv-Semaine-00-1111000',1650,,3649,,,0
2101,'2509-HIV-25l22Vlv-Semaine-00',749,,3650,,,0
2101,'2509-HIV-26a05H-w-Mercredi-00',749,,3652,,,0
2101,'2509-HIV-26a05Hlv-L-Ma-J-V-00',749,,3654,,,0
2101,'2509-HIV-26b23Vlv-Semaine-00',749,,3656,,,0
2101,'2509-HIV-26c02Vlv-Semaine-00',749,,3658,,,0
