4000001,'1_3',640,,51718,6,,,0,18,,51736,4,,,0,56,,51719,6,,,0,18,,51760,4,,,0,23,,51720,6,,,0,60,,51737,4,,,0,21,,51721,6,,,0,20,,51738,4,,,0,61,,51722,6,,,0,20,,51739,4,,,0,19,,51759,6,,,0,60,,51740,4,,,0,20,,51723,6,,,0,20,,51741,4,,,0,61,,51724,6,,,0,19,,51742,4,,,0,18,,51725,6,,,0,62,,51743,4,,,0,20,,51726,6,,,0,21,,51744,4,,,0,59,,51727,6,,,0,19,,51745,4,,,0,20,,51758,6,,,0,61,,51746,4,,,0,19,,51728,6,,,0,19,,51747,4,,,0,60,,51729,6,,,0,20,,51748,4,,,0,18,,51757,6,,,0,60,,51749,4,,,0,17,,51730,6,,,0,20,,51750,4,,,0,59,,51731,6,,,0,23,,51751,4,,,0,21,,51732,6,,,0,62,,51752,4,,,0,23,,51733,6,,,0,21,,51753,4,,,0,61,,51734,6,,,0,20,,51754,4,,,0,61,,51755,4,,,0,20,,51735,6,,,0,31,,51756,4,,,0
4000001,'2_6',641,,37262,6,,,0,59,,37283,4,,,0,20,,37263,6,,,0,20,,37284,4,,,0,18,,37264,6,,,0,60,,37285,4,,,0,20,,37265,6,,,0,21,,37286,4,,,0,60,,37266,6,,,0,20,,37287,4,,,0,61,,37267,6,,,0,20,,37288,4,,,0,21,,37268,6,,,0,61,,37289,4,,,0,22,,37269,6,,,0,20,,37290,4,,,0,63,,37270,6,,,0,21,,37291,4,,,0,21,,37271,6,,,0,58,,37292,4,,,0,18,,37272,6,,,0,17,,37293,4,,,0,58,,37273,6,,,0,19,,37294,4,,,0,20,,37274,6,,,0,20,,37295,4,,,0,60,,37275,6,,,0,20,,37296,4,,,0,19,,37276,6,,,0,59,,37297,4,,,0,20,,37277,6,,,0,20,,37298,4,,,0,60,,37278,6,,,0,20,,37299,4,,,0,21,,37279,6,,,0,61,,37300,4,,,0,20,,37280,6,,,0,20,,37301,4,,,0,61,,37281,4,,,0,21,,37302,6,,,0,61,,37304,4,,,0,20,,37282,6,,,0,30,,37303,4,,,0
4000001,'3_7',857,,37306,6,,,0,150,,37311,4,,,0,110,,37307,6,,,0,110,,37312,4,,,0,110,,37308,6,,,0,110,,37313,4,,,0,110,,37309,6,,,0,150,,37314,4,,,0,110,,37310,6,,,0,110,,37305,4,,,0
4000001,'4_7',857,,48027,6,,,0,150,,48032,4,,,0,110,,48028,6,,,0,110,,48033,4,,,0,110,,48029,6,,,0,110,,48034,4,,,0,110,,48030,6,,,0,150,,48035,4,,,0,110,,48031,6,,,0,110,,48026,4,,,0
4000001,'6_2',641,,46493,6,,,0,59,,46514,4,,,0,20,,46494,6,,,0,20,,46515,4,,,0,18,,46495,6,,,0,60,,46516,4,,,0,20,,46496,6,,,0,21,,46517,4,,,0,60,,46497,6,,,0,20,,46518,4,,,0,61,,46498,6,,,0,20,,46519,4,,,0,21,,46499,6,,,0,61,,46520,4,,,0,22,,46500,6,,,0,20,,46521,4,,,0,63,,46501,6,,,0,21,,46522,4,,,0,21,,46502,6,,,0,58,,46523,4,,,0,18,,46503,6,,,0,17,,46524,4,,,0,58,,46504,6,,,0,19,,46525,4,,,0,20,,46505,6,,,0,20,,46526,4,,,0,60,,46506,6,,,0,20,,46527,4,,,0,19,,46507,6,,,0,59,,46528,4,,,0,20,,46508,6,,,0,20,,46529,4,,,0,60,,46509,6,,,0,20,,46530,4,,,0,21,,46510,6,,,0,61,,46531,4,,,0,20,,46511,6,,,0,20,,46532,4,,,0,61,,46512,4,,,0,21,,46533,6,,,0,61,,46534,4,,,0,20,,46513,6,,,0,30,,46535,4,,,0
4000001,'6_3',641,,46536,6,,,0,59,,46557,4,,,0,20,,46537,6,,,0,20,,46558,4,,,0,18,,46538,6,,,0,60,,46559,4,,,0,20,,46539,6,,,0,21,,46560,4,,,0,60,,46540,6,,,0,20,,46561,4,,,0,61,,46541,6,,,0,20,,46562,4,,,0,21,,46542,6,,,0,61,,46563,4,,,0,22,,46543,6,,,0,20,,46564,4,,,0,63,,46544,6,,,0,21,,46565,4,,,0,21,,46545,6,,,0,58,,46566,4,,,0,18,,46546,6,,,0,17,,46567,4,,,0,58,,46547,6,,,0,19,,46568,4,,,0,20,,46548,6,,,0,20,,46569,4,,,0,60,,46549,6,,,0,20,,46570,4,,,0,19,,46550,6,,,0,59,,46571,4,,,0,20,,46551,6,,,0,20,,46572,4,,,0,60,,46552,6,,,0,20,,46573,4,,,0,21,,46553,6,,,0,61,,46574,4,,,0,20,,46554,6,,,0,20,,46575,4,,,0,61,,46555,4,,,0,21,,46576,6,,,0,61,,46577,4,,,0,20,,46556,6,,,0,30,,46578,4,,,0
4000001,'6_4',641,,46579,6,,,0,59,,46600,4,,,0,20,,46580,6,,,0,20,,46601,4,,,0,18,,46581,6,,,0,60,,46602,4,,,0,20,,46582,6,,,0,21,,46603,4,,,0,60,,46583,6,,,0,20,,46604,4,,,0,61,,46584,6,,,0,20,,46605,4,,,0,21,,46585,6,,,0,61,,46606,4,,,0,22,,46586,6,,,0,20,,46607,4,,,0,63,,46587,6,,,0,21,,46608,4,,,0,21,,46588,6,,,0,58,,46609,4,,,0,18,,46589,6,,,0,17,,46610,4,,,0,58,,46590,6,,,0,19,,46611,4,,,0,20,,46591,6,,,0,20,,46612,4,,,0,60,,46592,6,,,0,20,,46613,4,,,0,19,,46593,6,,,0,59,,46614,4,,,0,20,,46594,6,,,0,20,,46615,4,,,0,60,,46595,6,,,0,20,,46616,4,,,0,21,,46596,6,,,0,61,,46617,4,,,0,20,,46597,6,,,0,20,,46618,4,,,0,61,,46598,4,,,0,21,,46619,6,,,0,61,,46620,4,,,0,20,,46599,6,,,0,30,,46621,4,,,0
4000001,'7_1',640,,48036,6,,,0,18,,48054,4,,,0,56,,48037,6,,,0,18,,48078,4,,,0,23,,48038,6,,,0,60,,48055,4,,,0,21,,48039,6,,,0,20,,48056,4,,,0,61,,48040,6,,,0,20,,48057,4,,,0,19,,48077,6,,,0,60,,48058,4,,,0,20,,48041,6,,,0,20,,48059,4,,,0,61,,48042,6,,,0,19,,48060,4,,,0,18,,48043,6,,,0,62,,48061,4,,,0,20,,48044,6,,,0,21,,48062,4,,,0,59,,48045,6,,,0,19,,48063,4,,,0,20,,48076,6,,,0,61,,48064,4,,,0,19,,48046,6,,,0,19,,48065,4,,,0,60,,48047,6,,,0,20,,48066,4,,,0,18,,48075,6,,,0,60,,48067,4,,,0,17,,48048,6,,,0,20,,48068,4,,,0,59,,48049,6,,,0,23,,48069,4,,,0,21,,48050,6,,,0,62,,48070,4,,,0,23,,48051,6,,,0,21,,48071,4,,,0,61,,48052,6,,,0,20,,48072,4,,,0,61,,48073,4,,,0,20,,48053,6,,,0,31,,48074,4,,,0
4000001,'7_2',640,,51761,6,,,0,18,,51779,4,,,0,56,,51762,6,,,0,18,,51803,4,,,0,23,,51763,6,,,0,60,,51780,4,,,0,21,,51764,6,,,0,20,,51781,4,,,0,61,,51765,6,,,0,20,,51782,4,,,0,19,,51802,6,,,0,60,,51783,4,,,0,20,,51766,6,,,0,20,,51784,4,,,0,61,,51767,6,,,0,19,,51785,4,,,0,18,,51768,6,,,0,62,,51786,4,,,0,20,,51769,6,,,0,21,,51787,4,,,0,59,,51770,6,,,0,19,,51788,4,,,0,20,,51801,6,,,0,61,,51789,4,,,0,19,,51771,6,,,0,19,,51790,4,,,0,60,,51772,6,,,0,20,,51791,4,,,0,18,,51800,6,,,0,60,,51792,4,,,0,17,,51773,6,,,0,20,,51793,4,,,0,59,,51774,6,,,0,23,,51794,4,,,0,21,,51775,6,,,0,62,,51795,4,,,0,23,,51776,6,,,0,21,,51796,4,,,0,61,,51777,6,,,0,20,,51797,4,,,0,61,,51798,4,,,0,20,,51778,6,,,0,31,,51799,4,,,0
4000001,'7_4',640,,51804,6,,,0,18,,51822,4,,,0,56,,51805,6,,,0,18,,51846,4,,,0,23,,51806,6,,,0,60,,51823,4,,,0,21,,51807,6,,,0,20,,51824,4,,,0,61,,51808,6,,,0,20,,51825,4,,,0,19,,51845,6,,,0,60,,51826,4,,,0,20,,51809,6,,,0,20,,51827,4,,,0,61,,51810,6,,,0,19,,51828,4,,,0,18,,51811,6,,,0,62,,51829,4,,,0,20,,51812,6,,,0,21,,51830,4,,,0,59,,51813,6,,,0,19,,51831,4,,,0,20,,51844,6,,,0,61,,51832,4,,,0,19,,51814,6,,,0,19,,51833,4,,,0,60,,51815,6,,,0,20,,51834,4,,,0,18,,51843,6,,,0,60,,51835,4,,,0,17,,51816,6,,,0,20,,51836,4,,,0,59,,51817,6,,,0,23,,51837,4,,,0,21,,51818,6,,,0,62,,51838,4,,,0,23,,51819,6,,,0,21,,51839,4,,,0,61,,51820,6,,,0,20,,51840,4,,,0,61,,51841,4,,,0,20,,51821,6,,,0,31,,51842,4,,,0
4000001,'8_7',857,,52065,6,,,0,150,,52070,4,,,0,110,,52066,6,,,0,110,,52071,4,,,0,110,,52067,6,,,0,110,,52072,4,,,0,110,,52068,6,,,0,150,,52073,4,,,0,110,,52069,6,,,0,110,,52064,4,,,0
