1600,'S2-0_6',1256,,57693,8,,,0,63,,57694,8,0,54 55,0,397,,57695,8,,,0
1600,'S2-2_1',1256,,57703,8,,,0,63,,57704,8,0,54 55,0,397,,57705,8,,,0
1600,'S2-2_2',1256,,57713,8,,,0,63,,57714,8,0,54 55,0,397,,57715,8,,,0
1600,'S2-2_3',1256,,57723,8,,,0,63,,57724,8,0,54 55,0,397,,57725,8,,,0
1600,'S2-2_4',1256,,57733,8,,,0,63,,57734,8,0,54 55,0,397,,57735,8,,,0
1600,'S2-2_5',1256,,57743,8,,,0,63,,57744,8,0,54 55,0,397,,57745,8,,,0
1600,'S2-3_1',1256,,57753,8,,,0,63,,57754,8,0,54 55,0,397,,57755,8,,,0
1600,'S2-3_3',1256,,57763,8,,,0,63,,57764,8,0,54 55,0,397,,57765,8,,,0
1600,'S2-3_4',1256,,57773,8,,,0,63,,57774,8,0,54 55,0,397,,57775,8,,,0
1601,'S2-0_6',1216,,57781,13,,,0
1601,'S2-2_1',1216,,57789,13,,,0
1601,'S2-2_2',1216,,57797,13,,,0
1601,'S2-2_3',1216,,57805,13,,,0
1601,'S2-2_4',1216,,57813,13,,,0
1601,'S2-2_5',1216,,57821,13,,,0
1601,'S2-3_1',1216,,57829,13,,,0
1601,'S2-3_3',1216,,57837,13,,,0
1601,'S2-3_4',1216,,57845,13,,,0
2101,'S2-2_1',754,,57863,7,,,0,158,,57864,4,,,0
2101,'S2-2_2',754,,57866,7,,,0,158,,57867,4,,,0
2101,'S2-2_3',754,,57869,7,,,0,158,,57870,4,,,0
2101,'S2-2_4',754,,57872,7,,,0,158,,57873,4,,,0
2101,'S2-2_5',754,,57875,7,,,0,158,,57876,4,,,0
2101,'S2-3_1',754,,57877,7,,,0,158,,57878,4,,,0
2101,'S2-3_3',754,,57879,7,,,0,158,,57880,4,,,0
2101,'S2-3_4',754,,57881,7,,,0,158,,57882,4,,,0
