300,'1_3',642,,48518,5,,,0,64,,48519,5,,,0,31,,48520,5,,,0,65,,48521,5,,,0,25,,48522,5,,,0,30,,48523,5,,,0,72,,48524,5,,,0,72,,48525,5,,,0,32,,48526,5,,,0,72,,48527,5,,,0,32,,48528,5,,,0,72,,48529,5,,,0,32,,48530,5,,,0,72,,48531,5,,,0,32,,48532,5,,,0,72,,48533,5,,,0,32,,48534,5,,,0,72,,48535,5,,,0,31,,48537,5,,,0,67,,48538,5,,,0,28,,48539,5,,,0,69,,48540,5,,,0,30,,48541,5,,,0,71,,48545,5,,,0,31,,48542,5,,,0,71,,48543,5,,,0,33,,48544,5,,,0,70,,48536,5,,,0
300,'2_6',647,,30806,5,,,0,69,,30808,5,,,0,28,,30809,5,,,0,69,,30807,5,,,0,30,,30811,5,,,0,69,,30812,5,,,0,28,,30810,5,,,0,71,,30813,5,,,0,30,,30814,5,,,0,70,,30817,5,,,0,30,,30816,5,,,0,70,,30815,5,,,0,29,,30819,5,,,0,69,,30818,5,,,0,29,,30820,5,,,0,69,,30821,5,,,0,32,,30822,5,,,0,71,,30823,5,,,0,31,,30824,5,,,0,70,,30825,5,,,0,32,,30826,5,,,0,72,,30827,5,,,0,30,,30828,5,,,0,71,,30833,5,,,0,31,,30829,5,,,0,71,,30830,5,,,0,27,,30831,5,,,0,71,,30832,5,,,0
300,'3_7',901,,30834,5,,,0,100,,30835,5,,,0,100,,30836,5,,,0,100,,30837,5,,,0,100,,30838,5,,,0,100,,30839,5,,,0,100,,30840,5,,,0,100,,30841,5,,,0,100,,30842,5,,,0,100,,30843,5,,,0,100,,30844,5,,,0
300,'4_7',901,,46804,5,,,0,100,,46805,5,,,0,100,,46806,5,,,0,100,,46807,5,,,0,100,,46808,5,,,0,100,,46809,5,,,0,100,,46810,5,,,0,100,,46811,5,,,0,100,,46812,5,,,0,100,,46813,5,,,0,100,,46814,5,,,0
300,'6_2',652,,43922,5,,,0,64,,43923,5,,,0,28,,43924,5,,,0,62,,43927,5,,,0,25,,43926,5,,,0,69,,43925,5,,,0,31,,43929,5,,,0,72,,43932,5,,,0,31,,43934,5,,,0,72,,43930,5,,,0,33,,43935,5,,,0,73,,43928,5,,,0,34,,43931,5,,,0,71,,43933,5,,,0,32,,43936,5,,,0,72,,43937,5,,,0,32,,43938,5,,,0,73,,43940,5,,,0,28,,43939,5,,,0,68,,43942,5,,,0,28,,43944,5,,,0,67,,43946,5,,,0,28,,43943,5,,,0,70,,43949,5,,,0,32,,43948,5,,,0,71,,43945,5,,,0,37,,43947,5,,,0,70,,43941,5,,,0
300,'6_3',652,,43950,5,,,0,64,,43951,5,,,0,28,,43952,5,,,0,62,,43955,5,,,0,25,,43954,5,,,0,69,,43953,5,,,0,31,,43957,5,,,0,72,,43960,5,,,0,31,,43962,5,,,0,72,,43958,5,,,0,33,,43963,5,,,0,73,,43956,5,,,0,34,,43959,5,,,0,71,,43961,5,,,0,32,,43964,5,,,0,72,,43965,5,,,0,32,,43966,5,,,0,73,,43968,5,,,0,28,,43967,5,,,0,68,,43970,5,,,0,28,,43972,5,,,0,67,,43974,5,,,0,28,,43971,5,,,0,70,,43977,5,,,0,32,,43976,5,,,0,71,,43973,5,,,0,37,,43975,5,,,0,70,,43969,5,,,0
300,'6_4',652,,43978,5,,,0,64,,43979,5,,,0,28,,43980,5,,,0,62,,43983,5,,,0,25,,43982,5,,,0,69,,43981,5,,,0,31,,43985,5,,,0,72,,43988,5,,,0,31,,43990,5,,,0,72,,43986,5,,,0,33,,43991,5,,,0,73,,43984,5,,,0,34,,43987,5,,,0,71,,43989,5,,,0,32,,43992,5,,,0,72,,43993,5,,,0,32,,43994,5,,,0,73,,43996,5,,,0,28,,43995,5,,,0,68,,43998,5,,,0,28,,44000,5,,,0,67,,44002,5,,,0,28,,43999,5,,,0,70,,44005,5,,,0,32,,44004,5,,,0,71,,44001,5,,,0,37,,44003,5,,,0,70,,43997,5,,,0
300,'7_1',642,,46815,5,,,0,64,,46816,5,,,0,31,,46817,5,,,0,65,,46818,5,,,0,25,,46819,5,,,0,30,,46820,5,,,0,72,,46821,5,,,0,72,,46822,5,,,0,32,,46823,5,,,0,72,,46824,5,,,0,32,,46825,5,,,0,72,,46826,5,,,0,32,,46827,5,,,0,72,,46828,5,,,0,32,,46829,5,,,0,72,,46830,5,,,0,32,,46831,5,,,0,72,,46832,5,,,0,31,,46834,5,,,0,67,,46835,5,,,0,28,,46836,5,,,0,69,,46837,5,,,0,30,,46838,5,,,0,71,,46842,5,,,0,31,,46839,5,,,0,71,,46840,5,,,0,33,,46841,5,,,0,70,,46833,5,,,0
300,'7_2',642,,48546,5,,,0,64,,48547,5,,,0,31,,48548,5,,,0,65,,48549,5,,,0,25,,48550,5,,,0,30,,48551,5,,,0,72,,48552,5,,,0,72,,48553,5,,,0,32,,48554,5,,,0,72,,48555,5,,,0,32,,48556,5,,,0,72,,48557,5,,,0,32,,48558,5,,,0,72,,48559,5,,,0,32,,48560,5,,,0,72,,48561,5,,,0,32,,48562,5,,,0,72,,48563,5,,,0,31,,48565,5,,,0,67,,48566,5,,,0,28,,48567,5,,,0,69,,48568,5,,,0,30,,48569,5,,,0,71,,48573,5,,,0,31,,48570,5,,,0,71,,48571,5,,,0,33,,48572,5,,,0,70,,48564,5,,,0
300,'7_4',642,,48574,5,,,0,64,,48575,5,,,0,31,,48576,5,,,0,65,,48577,5,,,0,25,,48578,5,,,0,30,,48579,5,,,0,72,,48580,5,,,0,72,,48581,5,,,0,32,,48582,5,,,0,72,,48583,5,,,0,32,,48584,5,,,0,72,,48585,5,,,0,32,,48586,5,,,0,72,,48587,5,,,0,32,,48588,5,,,0,72,,48589,5,,,0,32,,48590,5,,,0,72,,48591,5,,,0,31,,48593,5,,,0,67,,48594,5,,,0,28,,48595,5,,,0,69,,48596,5,,,0,30,,48597,5,,,0,71,,48601,5,,,0,31,,48598,5,,,0,71,,48599,5,,,0,33,,48600,5,,,0,70,,48592,5,,,0
300,'8_7',847,,51905,5,,,0,72,,51906,5,,,0,34,,51907,5,,,0,74,,51908,5,,,0,32,,51899,5,,,0,74,,51904,5,,,0,73,,51903,5,,,0,34,,51902,5,,,0,71,,51901,5,,,0,32,,51883,5,,,0,68,,51884,5,,,0,28,,51885,5,,,0,67,,51886,5,,,0,28,,51887,5,,,0,67,,51888,5,,,0,30,,51889,5,,,0,28,,51890,5,,,0,67,,51891,5,,,0,28,,51892,5,,,0,69,,51893,5,,,0,27,,51894,5,,,0,67,,51895,5,,,0,27,,51896,5,,,0,65,,51897,5,,,0,24,,51900,5,,,0,67,,51898,5,,,0
