100,'S2-0_6',726,,53556,32,0,61 8,0,110,,53568,32,0,61 8,0,95,,53557,32,0,61 8,0,71,,53569,32,0,61 8,0,30,,53558,32,0,61 8,0,72,,53570,32,0,61 8,0,30,,53559,32,0,61 8,0,69,,53571,32,0,61 8,0,31,,53560,32,0,61 8,0,68,,53572,32,0,61 8,0,30,,53561,32,0,61 8,0,70,,53573,32,0,61 8,0,30,,53562,32,0,61 8,0,71,,53574,32,0,61 8,0,29,,53563,32,0,61 8,0,71,,53575,32,0,61 8,0,31,,53564,32,0,61 8,0,71,,53576,32,0,61 8,0,33,,53565,32,0,61 8,0,68,,53577,32,0,61 8,0,29,,53566,32,0,61 8,0,71,,53578,32,0,61 8,0,29,,53567,32,0,61 8,0
100,'S2-1_7',930,,53579,32,0,61 8,0,105,,53584,32,0,61 8,0,106,,53580,32,0,61 8,0,104,,53585,32,0,61 8,0,90,,53581,32,0,61 8,0,100,,53586,32,0,61 8,0,105,,53582,32,0,61 8,0,105,,53587,32,0,61 8,0,105,,53583,32,0,61 8,0,105,,53588,32,0,61 8,0
100,'S2-2_1',726,,53589,32,0,61 8,0,30,,53590,32,,,0,75,,53592,32,0,61 8,0,25,,53593,32,0,61 8,0,70,,53591,32,0,61 8,0,30,,53594,32,0,61 8,0,75,,53595,32,0,61 8,0,70,,53598,32,0,61 8,0,31,,53596,32,0,61 8,0,72,,53597,32,0,61 8,0,32,,53600,32,,,0,70,,53599,32,0,61 8,0,30,,53601,32,,,0,70,,53602,32,0,61 8,0,30,,53604,32,0,61 8,0,70,,53603,32,0,61 8,0,30,,53608,32,0,61 8,0,70,,53607,32,0,61 8,0,31,,53609,32,,,0,74,,53605,32,0,61 8,0,30,,53610,32,,,0,70,,53606,32,0,61 8,0,29,,53611,32,,,0,70,,53612,32,0,61 8,0,30,,53613,32,,,0
100,'S2-2_2',726,,53614,32,0,61 8,0,30,,53615,32,,,0,75,,53617,32,0,61 8,0,25,,53618,32,0,61 8,0,70,,53616,32,0,61 8,0,30,,53619,32,0,61 8,0,75,,53620,32,0,61 8,0,70,,53623,32,0,61 8,0,31,,53621,32,0,61 8,0,72,,53622,32,0,61 8,0,32,,53625,32,,,0,70,,53624,32,0,61 8,0,30,,53626,32,,,0,70,,53627,32,0,61 8,0,30,,53629,32,0,61 8,0,70,,53628,32,0,61 8,0,30,,53633,32,0,61 8,0,70,,53632,32,0,61 8,0,31,,53634,32,,,0,74,,53630,32,0,61 8,0,30,,53635,32,,,0,70,,53631,32,0,61 8,0,29,,53636,32,,,0,70,,53637,32,0,61 8,0,30,,53638,32,,,0
100,'S2-2_3',726,,53639,32,0,61 8,0,30,,53640,32,,,0,75,,53642,32,0,61 8,0,25,,53643,32,0,61 8,0,70,,53641,32,0,61 8,0,30,,53644,32,0,61 8,0,75,,53645,32,0,61 8,0,70,,53648,32,0,61 8,0,31,,53646,32,0,61 8,0,72,,53647,32,0,61 8,0,32,,53650,32,,,0,70,,53649,32,0,61 8,0,30,,53651,32,,,0,70,,53652,32,0,61 8,0,30,,53654,32,0,61 8,0,70,,53653,32,0,61 8,0,30,,53658,32,0,61 8,0,70,,53657,32,0,61 8,0,31,,53659,32,,,0,74,,53655,32,0,61 8,0,30,,53660,32,,,0,70,,53656,32,0,61 8,0,29,,53661,32,,,0,70,,53662,32,0,61 8,0,30,,53663,32,,,0
100,'S2-2_4',726,,53664,32,0,61 8,0,30,,53665,32,,,0,75,,53667,32,0,61 8,0,25,,53668,32,0,61 8,0,70,,53666,32,0,61 8,0,30,,53669,32,0,61 8,0,75,,53670,32,0,61 8,0,70,,53673,32,0,61 8,0,31,,53671,32,0,61 8,0,72,,53672,32,0,61 8,0,32,,53675,32,,,0,70,,53674,32,0,61 8,0,30,,53676,32,,,0,70,,53677,32,0,61 8,0,30,,53679,32,0,61 8,0,70,,53678,32,0,61 8,0,30,,53683,32,0,61 8,0,70,,53682,32,0,61 8,0,31,,53684,32,,,0,74,,53680,32,0,61 8,0,30,,53685,32,,,0,70,,53681,32,0,61 8,0,29,,53686,32,,,0,70,,53687,32,0,61 8,0,30,,53688,32,,,0
100,'S2-2_5',726,,53689,32,0,61 8,0,30,,53690,32,,,0,75,,53692,32,0,61 8,0,25,,53693,32,0,61 8,0,70,,53691,32,0,61 8,0,30,,53694,32,0,61 8,0,75,,53695,32,0,61 8,0,70,,53698,32,0,61 8,0,31,,53696,32,0,61 8,0,72,,53697,32,0,61 8,0,32,,53700,32,,,0,70,,53699,32,0,61 8,0,30,,53701,32,,,0,70,,53702,32,0,61 8,0,30,,53704,32,0,61 8,0,70,,53703,32,0,61 8,0,30,,53708,32,0,61 8,0,70,,53707,32,0,61 8,0,31,,53709,32,,,0,74,,53705,32,0,61 8,0,30,,53710,32,,,0,70,,53706,32,0,61 8,0,29,,53711,32,,,0,70,,53712,32,0,61 8,0,30,,53713,32,,,0
100,'S2-3_1',726,,53714,32,0,61 8,0,30,,53715,32,,,0,75,,53717,32,0,61 8,0,25,,53718,32,0,61 8,0,70,,53716,32,0,61 8,0,30,,53719,32,0,61 8,0,75,,53720,32,0,61 8,0,70,,53723,32,0,61 8,0,31,,53721,32,0,61 8,0,72,,53722,32,0,61 8,0,32,,53725,32,,,0,70,,53724,32,0,61 8,0,30,,53726,32,,,0,70,,53727,32,0,61 8,0,30,,53729,32,0,61 8,0,70,,53728,32,0,61 8,0,30,,53733,32,0,61 8,0,70,,53732,32,0,61 8,0,31,,53734,32,,,0,74,,53730,32,0,61 8,0,30,,53735,32,,,0,70,,53731,32,0,61 8,0,29,,53736,32,,,0,70,,53737,32,0,61 8,0,30,,53738,32,,,0
100,'S2-3_3',726,,53739,32,0,61 8,0,30,,53740,32,,,0,75,,53742,32,0,61 8,0,25,,53743,32,0,61 8,0,70,,53741,32,0,61 8,0,30,,53744,32,0,61 8,0,75,,53745,32,0,61 8,0,70,,53748,32,0,61 8,0,31,,53746,32,0,61 8,0,72,,53747,32,0,61 8,0,32,,53750,32,,,0,70,,53749,32,0,61 8,0,30,,53751,32,,,0,70,,53752,32,0,61 8,0,30,,53754,32,0,61 8,0,70,,53753,32,0,61 8,0,30,,53758,32,0,61 8,0,70,,53757,32,0,61 8,0,31,,53759,32,,,0,74,,53755,32,0,61 8,0,30,,53760,32,,,0,70,,53756,32,0,61 8,0,29,,53761,32,,,0,70,,53762,32,0,61 8,0,30,,53763,32,,,0
100,'S2-3_4',726,,53764,32,0,61 8,0,30,,53765,32,,,0,75,,53767,32,0,61 8,0,25,,53768,32,0,61 8,0,70,,53766,32,0,61 8,0,30,,53769,32,0,61 8,0,75,,53770,32,0,61 8,0,70,,53773,32,0,61 8,0,31,,53771,32,0,61 8,0,72,,53772,32,0,61 8,0,32,,53775,32,,,0,70,,53774,32,0,61 8,0,30,,53776,32,,,0,70,,53777,32,0,61 8,0,30,,53779,32,0,61 8,0,70,,53778,32,0,61 8,0,30,,53783,32,0,61 8,0,70,,53782,32,0,61 8,0,31,,53784,32,,,0,74,,53780,32,0,61 8,0,30,,53785,32,,,0,70,,53781,32,0,61 8,0,29,,53786,32,,,0,70,,53787,32,0,61 8,0,30,,53788,32,,,0
100,'S2-4_7',930,,53789,32,0,61 8,0,105,,53794,32,0,61 8,0,106,,53790,32,0,61 8,0,104,,53795,32,0,61 8,0,90,,53791,32,0,61 8,0,100,,53796,32,0,61 8,0,105,,53792,32,0,61 8,0,105,,53797,32,0,61 8,0,105,,53793,32,0,61 8,0,105,,53798,32,0,61 8,0
