100,'S2-0_6',732,,53556,37,0,61 8,0,109,,53568,37,0,61 8,0,95,,53557,37,0,61 8,0,70,,53569,37,0,61 8,0,30,,53558,37,0,61 8,0,72,,53570,37,0,61 8,0,30,,53559,37,0,61 8,0,69,,53571,37,0,61 8,0,30,,53560,37,0,61 8,0,68,,53572,37,0,61 8,0,31,,53561,37,0,61 8,0,70,,53573,37,0,61 8,0,30,,53562,37,0,61 8,0,71,,53574,37,0,61 8,0,29,,53563,37,0,61 8,0,72,,53575,37,0,61 8,0,31,,53564,37,0,61 8,0,72,,53576,37,0,61 8,0,32,,53565,37,0,61 8,0,68,,53577,37,0,61 8,0,28,,53566,37,0,61 8,0,71,,53578,37,0,61 8,0,28,,53567,37,0,61 8,0
100,'S2-1_7',935,,53579,37,0,61 8,0,104,,53584,37,0,61 8,0,106,,53580,37,0,61 8,0,104,,53585,37,0,61 8,0,90,,53581,37,0,61 8,0,100,,53586,37,0,61 8,0,106,,53582,37,0,61 8,0,105,,53587,37,0,61 8,0,104,,53583,37,0,61 8,0,105,,53588,37,0,61 8,0
100,'S2-2_1',732,,53589,37,0,61 8,0,69,,53590,37,,,0,35,,53592,37,0,61 8,0,65,,53593,37,0,61 8,0,30,,53591,37,0,61 8,0,69,,53594,37,0,61 8,0,35,,53595,37,0,61 8,0,70,,53598,37,0,61 8,0,31,,53596,37,0,61 8,0,72,,53597,37,0,61 8,0,31,,53600,37,,,0,70,,53599,37,0,61 8,0,31,,53601,37,,,0,70,,53602,37,0,61 8,0,30,,53604,37,0,61 8,0,70,,53603,37,0,61 8,0,30,,53608,37,0,61 8,0,71,,53607,37,0,61 8,0,31,,53609,37,,,0,75,,53605,37,0,61 8,0,29,,53610,37,,,0,70,,53606,37,0,61 8,0,28,,53611,37,,,0,70,,53612,37,0,61 8,0,29,,53613,37,,,0
100,'S2-2_2',732,,53614,37,0,61 8,0,69,,53615,37,,,0,35,,53617,37,0,61 8,0,65,,53618,37,0,61 8,0,30,,53616,37,0,61 8,0,69,,53619,37,0,61 8,0,35,,53620,37,0,61 8,0,70,,53623,37,0,61 8,0,31,,53621,37,0,61 8,0,72,,53622,37,0,61 8,0,31,,53625,37,,,0,70,,53624,37,0,61 8,0,31,,53626,37,,,0,70,,53627,37,0,61 8,0,30,,53629,37,0,61 8,0,70,,53628,37,0,61 8,0,30,,53633,37,0,61 8,0,71,,53632,37,0,61 8,0,31,,53634,37,,,0,75,,53630,37,0,61 8,0,29,,53635,37,,,0,70,,53631,37,0,61 8,0,28,,53636,37,,,0,70,,53637,37,0,61 8,0,29,,53638,37,,,0
100,'S2-2_3',732,,53639,37,0,61 8,0,69,,53640,37,,,0,35,,53642,37,0,61 8,0,65,,53643,37,0,61 8,0,30,,53641,37,0,61 8,0,69,,53644,37,0,61 8,0,35,,53645,37,0,61 8,0,70,,53648,37,0,61 8,0,31,,53646,37,0,61 8,0,72,,53647,37,0,61 8,0,31,,53650,37,,,0,70,,53649,37,0,61 8,0,31,,53651,37,,,0,70,,53652,37,0,61 8,0,30,,53654,37,0,61 8,0,70,,53653,37,0,61 8,0,30,,53658,37,0,61 8,0,71,,53657,37,0,61 8,0,31,,53659,37,,,0,75,,53655,37,0,61 8,0,29,,53660,37,,,0,70,,53656,37,0,61 8,0,28,,53661,37,,,0,70,,53662,37,0,61 8,0,29,,53663,37,,,0
100,'S2-2_4',732,,53664,37,0,61 8,0,69,,53665,37,,,0,35,,53667,37,0,61 8,0,65,,53668,37,0,61 8,0,30,,53666,37,0,61 8,0,69,,53669,37,0,61 8,0,35,,53670,37,0,61 8,0,70,,53673,37,0,61 8,0,31,,53671,37,0,61 8,0,72,,53672,37,0,61 8,0,31,,53675,37,,,0,70,,53674,37,0,61 8,0,31,,53676,37,,,0,70,,53677,37,0,61 8,0,30,,53679,37,0,61 8,0,70,,53678,37,0,61 8,0,30,,53683,37,0,61 8,0,71,,53682,37,0,61 8,0,31,,53684,37,,,0,75,,53680,37,0,61 8,0,29,,53685,37,,,0,70,,53681,37,0,61 8,0,28,,53686,37,,,0,70,,53687,37,0,61 8,0,29,,53688,37,,,0
100,'S2-2_5',732,,53689,37,0,61 8,0,69,,53690,37,,,0,35,,53692,37,0,61 8,0,65,,53693,37,0,61 8,0,30,,53691,37,0,61 8,0,69,,53694,37,0,61 8,0,35,,53695,37,0,61 8,0,70,,53698,37,0,61 8,0,31,,53696,37,0,61 8,0,72,,53697,37,0,61 8,0,31,,53700,37,,,0,70,,53699,37,0,61 8,0,31,,53701,37,,,0,70,,53702,37,0,61 8,0,30,,53704,37,0,61 8,0,70,,53703,37,0,61 8,0,30,,53708,37,0,61 8,0,71,,53707,37,0,61 8,0,31,,53709,37,,,0,75,,53705,37,0,61 8,0,29,,53710,37,,,0,70,,53706,37,0,61 8,0,28,,53711,37,,,0,70,,53712,37,0,61 8,0,29,,53713,37,,,0
100,'S2-3_1',732,,53714,37,0,61 8,0,69,,53715,37,,,0,35,,53717,37,0,61 8,0,65,,53718,37,0,61 8,0,30,,53716,37,0,61 8,0,69,,53719,37,0,61 8,0,35,,53720,37,0,61 8,0,70,,53723,37,0,61 8,0,31,,53721,37,0,61 8,0,72,,53722,37,0,61 8,0,31,,53725,37,,,0,70,,53724,37,0,61 8,0,31,,53726,37,,,0,70,,53727,37,0,61 8,0,30,,53729,37,0,61 8,0,70,,53728,37,0,61 8,0,30,,53733,37,0,61 8,0,71,,53732,37,0,61 8,0,31,,53734,37,,,0,75,,53730,37,0,61 8,0,29,,53735,37,,,0,70,,53731,37,0,61 8,0,28,,53736,37,,,0,70,,53737,37,0,61 8,0,29,,53738,37,,,0
100,'S2-3_3',732,,53739,37,0,61 8,0,69,,53740,37,,,0,35,,53742,37,0,61 8,0,65,,53743,37,0,61 8,0,30,,53741,37,0,61 8,0,69,,53744,37,0,61 8,0,35,,53745,37,0,61 8,0,70,,53748,37,0,61 8,0,31,,53746,37,0,61 8,0,72,,53747,37,0,61 8,0,31,,53750,37,,,0,70,,53749,37,0,61 8,0,31,,53751,37,,,0,70,,53752,37,0,61 8,0,30,,53754,37,0,61 8,0,70,,53753,37,0,61 8,0,30,,53758,37,0,61 8,0,71,,53757,37,0,61 8,0,31,,53759,37,,,0,75,,53755,37,0,61 8,0,29,,53760,37,,,0,70,,53756,37,0,61 8,0,28,,53761,37,,,0,70,,53762,37,0,61 8,0,29,,53763,37,,,0
100,'S2-3_4',732,,53764,37,0,61 8,0,69,,53765,37,,,0,35,,53767,37,0,61 8,0,65,,53768,37,0,61 8,0,30,,53766,37,0,61 8,0,69,,53769,37,0,61 8,0,35,,53770,37,0,61 8,0,70,,53773,37,0,61 8,0,31,,53771,37,0,61 8,0,72,,53772,37,0,61 8,0,31,,53775,37,,,0,70,,53774,37,0,61 8,0,31,,53776,37,,,0,70,,53777,37,0,61 8,0,30,,53779,37,0,61 8,0,70,,53778,37,0,61 8,0,30,,53783,37,0,61 8,0,71,,53782,37,0,61 8,0,31,,53784,37,,,0,75,,53780,37,0,61 8,0,29,,53785,37,,,0,70,,53781,37,0,61 8,0,28,,53786,37,,,0,70,,53787,37,0,61 8,0,29,,53788,37,,,0
100,'S2-4_7',935,,53789,37,0,61 8,0,104,,53794,37,0,61 8,0,106,,53790,37,0,61 8,0,104,,53795,37,0,61 8,0,90,,53791,37,0,61 8,0,100,,53796,37,0,61 8,0,106,,53792,37,0,61 8,0,105,,53797,37,0,61 8,0,104,,53793,37,0,61 8,0,105,,53798,37,0,61 8,0
