1001,'2509-HIV-25j05H-d-Dimanche-00',942,,2995,,,0,460,,2996,,,0,500,,2997,,,0
1001,'2509-HIV-25j26H-d-Dimanche-00',942,,2998,,,0,460,,2999,,,0,500,,3000,,,0
1001,'2509-HIV-25k03H-s-Samedi-00',906,,3002,,,0,101,,3009,,,0,102,,3003,,,0,100,,3010,,,0,45,,3011,,,0,164,,3006,0,,0,38,,3012,,,0,395,,3004,,,0,107,,3005,,,0
1001,'2509-HIV-25l22Vlv-Semaine-00',902,,3015,,,0,105,,3018,,,0,102,,3016,,,0,100,,3019,,,0,45,,3020,,,0,202,,3024,,,0,395,,3023,,,0,107,,3017,,,0
1001,'2509-HIV-26a05H-s-Samedi-00',906,,3026,,,0,101,,3033,,,0,102,,3027,,,0,100,,3034,,,0,45,,3035,,,0,164,,3030,0,,0,38,,3036,,,0,395,,3028,,,0,107,,3029,,,0
1001,'2509-HIV-26a05H-w-Mercredi-00',906,,3039,,,0,46,,3040,,,0,79,,3044,,,0,86,,3041,,,0,90,,3045,,,0,42,,3046,,,0,71,,3047,,,0,139,,3048,,,0,500,,3043,,,0
1001,'2509-HIV-26a05Hlv-L-Ma-J-V-00',906,,3053,,,0,46,,3054,,,0,79,,3058,,,0,86,,3055,,,0,90,,3059,,,0,42,,3060,,,0,71,,3061,,,0,139,,3062,,,0,500,,3057,,,0
1001,'2509-HIV-26b23Vlv-Semaine-00',902,,3067,,,0,105,,3070,,,0,102,,3068,,,0,100,,3071,,,0,45,,3072,,,0,202,,3076,,,0,395,,3075,,,0,107,,3069,,,0
1001,'2509-HIV-26c02Vlv-Semaine-00',902,,3079,,,0,105,,3082,,,0,102,,3080,,,0,100,,3083,,,0,45,,3084,,,0,202,,3088,,,0,395,,3087,,,0,107,,3081,,,0
1101,'2509-HIV-25j05H-d-Dimanche-00',939,,3121,,,0,920,,3122,,,0
1101,'2509-HIV-25j26H-d-Dimanche-00',939,,3123,,,0,920,,3124,,,0
1101,'2509-HIV-25k03H-s-Samedi-00',1626,,3125,,,0,119,,3126,,,0
1101,'2509-HIV-25l22Vlv-Semaine-00',1626,,3127,,,0,119,,3128,,,0
1101,'2509-HIV-26a05H-s-Samedi-00',1626,,3129,,,0,119,,3130,,,0
1101,'2509-HIV-26a05H-w-Mercredi-00',1626,,3131,,,0,119,,3132,,,0,94,,3133,,,0
1101,'2509-HIV-26a05Hlv-L-Ma-J-V-00',1626,,3134,,,0,119,,3135,,,0,94,,3136,,,0
1101,'2509-HIV-26b23Vlv-Semaine-00',1626,,3137,,,0,119,,3138,,,0
1101,'2509-HIV-26c02Vlv-Semaine-00',1626,,3139,,,0,119,,3140,,,0
1600,'2509-HIV-25k03H-s-Samedi-00',839,,3340,0,8,0,85,,3341,0,8,0,76,,3345,,,0,116,,3342,0,8,0,125,,3347,,,0,66,,3348,0,8 33 34,0,100,,3343,0,8,0,104,,3349,0,8,0,104,,3344,0,8,0,87,,3350,,,0,137,,3346,,,0
1600,'2509-HIV-25l22Vlv-Semaine-00',839,,3352,0,8,0,85,,3353,0,8,0,76,,3357,,,0,116,,3354,0,8,0,125,,3359,,,0,66,,3360,0,8 33 34,0,100,,3355,0,8,0,104,,3361,0,8,0,104,,3356,0,8,0,87,,3362,,,0,137,,3358,,,0
1600,'2509-HIV-26a05H-s-Samedi-00',839,,3364,0,8,0,85,,3365,0,8,0,76,,3369,,,0,116,,3366,0,8,0,125,,3371,,,0,66,,3372,0,8 33 34,0,100,,3367,0,8,0,104,,3373,0,8,0,104,,3368,0,8,0,87,,3374,,,0,137,,3370,,,0
1600,'2509-HIV-26a05H-w-Mercredi-00',839,,3376,0,8,0,85,,3377,0,8,0,76,,3381,,,0,116,,3378,0,8,0,125,,3383,,,0,66,,3384,0,8 33 34,0,100,,3379,0,8,0,104,,3385,0,8,0,104,,3380,0,8,0,87,,3386,,,0,137,,3382,,,0
1600,'2509-HIV-26a05Hlv-L-Ma-J-V-00',839,,3388,0,8,0,85,,3389,0,8,0,76,,3393,,,0,116,,3390,0,8,0,125,,3395,,,0,66,,3396,0,8 33 34,0,100,,3391,0,8,0,104,,3397,0,8,0,104,,3392,0,8,0,87,,3398,,,0,137,,3394,,,0
1600,'2509-HIV-26b23Vlv-Semaine-00',839,,3400,0,8,0,85,,3401,0,8,0,76,,3405,,,0,116,,3402,0,8,0,125,,3407,,,0,66,,3408,0,8 33 34,0,100,,3403,0,8,0,104,,3409,0,8,0,104,,3404,0,8,0,87,,3410,,,0,137,,3406,,,0
1600,'2509-HIV-26c02Vlv-Semaine-00',839,,3412,0,8,0,85,,3413,0,8,0,76,,3417,,,0,116,,3414,0,8,0,125,,3419,,,0,66,,3420,0,8 33 34,0,100,,3415,0,8,0,104,,3421,0,8,0,104,,3416,0,8,0,87,,3422,,,0,137,,3418,,,0
