601,'S2-0_6',613,,56331,11,,,0,102,,56332,11,,,0,35,,56333,11,,,0,99,,56334,11,,,0,92,,56335,11,,,0,101,,56336,11,,,0,84,,56337,11,,,0,98,,56338,11,,,0,78,,56346,11,,,0,54,,56347,11,0,69,0,84,,56339,11,,,0,87,,56340,11,,,0,94,,56341,11,,,0,90,,56342,11,,,0,91,,56343,11,,,0,51,,56344,11,,,0,86,,56345,11,,,0
601,'S2-1_7',818,,56348,11,0,69,0,105,,56349,11,0,69,0,115,,56350,11,0,69,0,118,,56351,11,0,69,0,197,,56352,11,0,69,0,162,,56353,11,0,69,0,111,,56354,11,0,69,0,106,,56355,11,0,69,0,108,,56356,11,0,69,0
601,'S2-2_1',613,,56357,11,,,0,102,,56358,11,,,0,35,,56359,11,,,0,99,,56360,11,,,0,92,,56361,11,,,0,101,,56362,11,,,0,84,,56363,11,,,0,98,,56364,11,,,0,78,,56372,11,,,0,54,,56373,11,0,69,0,84,,56365,11,,,0,87,,56366,11,,,0,94,,56367,11,,,0,90,,56368,11,,,0,91,,56369,11,,,0,51,,56370,11,,,0,86,,56371,11,,,0
601,'S2-2_2',613,,56374,11,,,0,102,,56375,11,,,0,35,,56376,11,,,0,99,,56377,11,,,0,92,,56378,11,,,0,101,,56379,11,,,0,84,,56380,11,,,0,98,,56381,11,,,0,78,,56389,11,,,0,54,,56390,11,0,69,0,84,,56382,11,,,0,87,,56383,11,,,0,94,,56384,11,,,0,90,,56385,11,,,0,91,,56386,11,,,0,51,,56387,11,,,0,86,,56388,11,,,0
601,'S2-2_3',613,,56391,11,,,0,102,,56392,11,,,0,35,,56393,11,,,0,99,,56394,11,,,0,92,,56395,11,,,0,101,,56396,11,,,0,84,,56397,11,,,0,98,,56398,11,,,0,78,,56406,11,,,0,54,,56407,11,0,69,0,84,,56399,11,,,0,87,,56400,11,,,0,94,,56401,11,,,0,90,,56402,11,,,0,91,,56403,11,,,0,51,,56404,11,,,0,86,,56405,11,,,0
601,'S2-2_4',613,,56408,11,,,0,102,,56409,11,,,0,35,,56410,11,,,0,99,,56411,11,,,0,92,,56412,11,,,0,101,,56413,11,,,0,84,,56414,11,,,0,98,,56415,11,,,0,78,,56423,11,,,0,54,,56424,11,0,69,0,84,,56416,11,,,0,87,,56417,11,,,0,94,,56418,11,,,0,90,,56419,11,,,0,91,,56420,11,,,0,51,,56421,11,,,0,86,,56422,11,,,0
601,'S2-2_5',613,,56425,11,,,0,102,,56426,11,,,0,35,,56427,11,,,0,99,,56428,11,,,0,92,,56429,11,,,0,101,,56430,11,,,0,84,,56431,11,,,0,98,,56432,11,,,0,78,,56440,11,,,0,54,,56441,11,0,69,0,84,,56433,11,,,0,87,,56434,11,,,0,94,,56435,11,,,0,90,,56436,11,,,0,91,,56437,11,,,0,51,,56438,11,,,0,86,,56439,11,,,0
601,'S2-3_1',613,,56442,11,,,0,102,,56443,11,,,0,35,,56444,11,,,0,99,,56445,11,,,0,92,,56446,11,,,0,101,,56447,11,,,0,84,,56448,11,,,0,98,,56449,11,,,0,78,,56457,11,,,0,54,,56458,11,0,69,0,84,,56450,11,,,0,87,,56451,11,,,0,94,,56452,11,,,0,90,,56453,11,,,0,91,,56454,11,,,0,51,,56455,11,,,0,86,,56456,11,,,0
601,'S2-3_3',613,,56459,11,,,0,102,,56460,11,,,0,35,,56461,11,,,0,99,,56462,11,,,0,92,,56463,11,,,0,101,,56464,11,,,0,84,,56465,11,,,0,98,,56466,11,,,0,78,,56474,11,,,0,54,,56475,11,0,69,0,84,,56467,11,,,0,87,,56468,11,,,0,94,,56469,11,,,0,90,,56470,11,,,0,91,,56471,11,,,0,51,,56472,11,,,0,86,,56473,11,,,0
601,'S2-3_4',613,,56476,11,,,0,102,,56477,11,,,0,35,,56478,11,,,0,99,,56479,11,,,0,92,,56480,11,,,0,101,,56481,11,,,0,84,,56482,11,,,0,98,,56483,11,,,0,78,,56491,11,,,0,54,,56492,11,0,69,0,84,,56484,11,,,0,87,,56485,11,,,0,94,,56486,11,,,0,90,,56487,11,,,0,91,,56488,11,,,0,51,,56489,11,,,0,86,,56490,11,,,0
601,'S2-4_7',818,,56493,11,0,69,0,105,,56494,11,0,69,0,115,,56495,11,0,69,0,118,,56496,11,0,69,0,197,,56497,11,0,69,0,162,,56498,11,0,69,0,111,,56499,11,0,69,0,106,,56500,11,0,69,0,108,,56501,11,0,69,0
901,'S2-0_6',740,,57017,7,,,0,99,,57025,7,0,66,0,264,,57028,7,,,0,56,,57026,7,0,66,0,366,,57029,7,,,0,91,,57018,7,,,0,95,,57019,7,,,0,129,,57020,7,,,0,95,,57021,7,,,0
901,'S2-2_1',740,,57030,7,,,0,99,,57038,7,0,66,0,264,,57041,7,,,0,56,,57039,7,0,66,0,366,,57042,7,,,0,91,,57031,7,,,0,95,,57032,7,,,0,129,,57033,7,,,0,95,,57034,7,,,0
901,'S2-2_2',740,,57043,7,,,0,99,,57051,7,0,66,0,264,,57054,7,,,0,56,,57052,7,0,66,0,366,,57055,7,,,0,91,,57044,7,,,0,95,,57045,7,,,0,129,,57046,7,,,0,95,,57047,7,,,0
901,'S2-2_3',740,,57056,7,,,0,99,,57064,7,0,66,0,264,,57067,7,,,0,56,,57065,7,0,66,0,366,,57068,7,,,0,91,,57057,7,,,0,95,,57058,7,,,0,129,,57059,7,,,0,95,,57060,7,,,0
901,'S2-2_4',740,,57069,7,,,0,99,,57077,7,0,66,0,264,,57080,7,,,0,56,,57078,7,0,66,0,366,,57081,7,,,0,91,,57070,7,,,0,95,,57071,7,,,0,129,,57072,7,,,0,95,,57073,7,,,0
901,'S2-2_5',740,,57082,7,,,0,99,,57090,7,0,66,0,264,,57093,7,,,0,56,,57091,7,0,66,0,366,,57094,7,,,0,91,,57083,7,,,0,95,,57084,7,,,0,129,,57085,7,,,0,95,,57086,7,,,0
901,'S2-3_1',740,,57095,7,,,0,99,,57103,7,0,66,0,264,,57106,7,,,0,56,,57104,7,0,66,0,366,,57107,7,,,0,91,,57096,7,,,0,95,,57097,7,,,0,129,,57098,7,,,0,95,,57099,7,,,0
901,'S2-3_3',740,,57108,7,,,0,99,,57116,7,0,66,0,264,,57119,7,,,0,56,,57117,7,0,66,0,366,,57120,7,,,0,91,,57109,7,,,0,95,,57110,7,,,0,129,,57111,7,,,0,95,,57112,7,,,0
901,'S2-3_4',740,,57121,7,,,0,99,,57129,7,0,66,0,264,,57132,7,,,0,56,,57130,7,0,66,0,366,,57133,7,,,0,91,,57122,7,,,0,95,,57123,7,,,0,129,,57124,7,,,0,95,,57125,7,,,0
2601,'S2-0_6',741,,58362,23,,,0,86,,58365,23,,,0,85,,58366,23,,,0,47,,58367,23,,,0,90,,58368,23,,,0,84,,58369,23,,,0,83,,58370,23,,,0,85,,58371,23,,,0,42,,58372,23,,,0,85,,58373,23,,,0,86,,58374,23,,,0,91,,58375,23,,,0,46,,58376,23,,,0,81,,58377,23,,,0,86,,58378,23,,,0,82,,58364,23,,,0,41,,58363,23,,,0
2601,'S2-2_1',741,,58379,23,,,0,86,,58380,23,,,0,85,,58381,23,,,0,47,,58382,23,,,0,90,,58383,23,,,0,84,,58384,23,,,0,83,,58385,23,,,0,85,,58386,23,,,0,42,,58387,23,,,0,85,,58388,23,,,0,86,,58389,23,,,0,91,,58390,23,,,0,46,,58391,23,,,0,81,,58392,23,,,0,86,,58393,23,,,0,82,,58394,23,,,0,41,,58395,23,,,0
2601,'S2-2_2',741,,58396,23,,,0,86,,58397,23,,,0,85,,58398,23,,,0,47,,58399,23,,,0,90,,58400,23,,,0,84,,58401,23,,,0,83,,58402,23,,,0,85,,58403,23,,,0,42,,58404,23,,,0,85,,58405,23,,,0,86,,58406,23,,,0,91,,58407,23,,,0,46,,58408,23,,,0,81,,58409,23,,,0,86,,58410,23,,,0,82,,58411,23,,,0,41,,58412,23,,,0
2601,'S2-2_3',741,,58413,23,,,0,86,,58414,23,,,0,85,,58415,23,,,0,47,,58416,23,,,0,90,,58417,23,,,0,84,,58418,23,,,0,83,,58419,23,,,0,85,,58420,23,,,0,42,,58421,23,,,0,85,,58422,23,,,0,86,,58423,23,,,0,91,,58424,23,,,0,46,,58425,23,,,0,81,,58426,23,,,0,86,,58427,23,,,0,82,,58428,23,,,0,41,,58429,23,,,0
2601,'S2-2_4',741,,58430,23,,,0,86,,58431,23,,,0,85,,58432,23,,,0,47,,58433,23,,,0,90,,58434,23,,,0,84,,58435,23,,,0,83,,58436,23,,,0,85,,58437,23,,,0,42,,58438,23,,,0,85,,58439,23,,,0,86,,58440,23,,,0,91,,58441,23,,,0,46,,58442,23,,,0,81,,58443,23,,,0,86,,58444,23,,,0,82,,58445,23,,,0,41,,58446,23,,,0
2601,'S2-2_5',741,,58447,23,,,0,86,,58448,23,,,0,85,,58449,23,,,0,47,,58450,23,,,0,90,,58451,23,,,0,84,,58452,23,,,0,83,,58453,23,,,0,85,,58454,23,,,0,42,,58455,23,,,0,85,,58456,23,,,0,86,,58457,23,,,0,91,,58458,23,,,0,46,,58459,23,,,0,81,,58460,23,,,0,86,,58461,23,,,0,82,,58462,23,,,0,41,,58463,23,,,0
2601,'S2-3_1',741,,58464,23,,,0,86,,58465,23,,,0,85,,58466,23,,,0,47,,58467,23,,,0,90,,58468,23,,,0,84,,58469,23,,,0,83,,58470,23,,,0,85,,58471,23,,,0,42,,58472,23,,,0,85,,58473,23,,,0,86,,58474,23,,,0,91,,58475,23,,,0,46,,58476,23,,,0,81,,58477,23,,,0,86,,58478,23,,,0,82,,58479,23,,,0,41,,58480,23,,,0
2601,'S2-3_3',741,,58481,23,,,0,86,,58482,23,,,0,85,,58483,23,,,0,47,,58484,23,,,0,90,,58485,23,,,0,84,,58486,23,,,0,83,,58487,23,,,0,85,,58488,23,,,0,42,,58489,23,,,0,85,,58490,23,,,0,86,,58491,23,,,0,91,,58492,23,,,0,46,,58493,23,,,0,81,,58494,23,,,0,86,,58495,23,,,0,82,,58496,23,,,0,41,,58497,23,,,0
2601,'S2-3_4',741,,58498,23,,,0,86,,58499,23,,,0,85,,58500,23,,,0,47,,58501,23,,,0,90,,58502,23,,,0,84,,58503,23,,,0,83,,58504,23,,,0,85,,58505,23,,,0,42,,58506,23,,,0,85,,58507,23,,,0,86,,58508,23,,,0,91,,58509,23,,,0,46,,58510,23,,,0,81,,58511,23,,,0,86,,58512,23,,,0,82,,58513,23,,,0,41,,58514,23,,,0
