2601,'2509-HIV-25k03H-s-Samedi-00',734,,12106,,,0,86,,12109,,,0,85,,12110,,,0,46,,12111,,,0,90,,12112,,,0,84,,12113,,,0,83,,12114,,,0,45,,12115,,,0,82,,12116,,,0,85,,12117,,,0,86,,12118,,,0,50,,12119,,,0,86,,12120,,,0,81,,12121,,,0,86,,12122,,,0,43,,12108,,,0,82,,12107,,,0
2601,'2509-HIV-25l22Vlv-Semaine-00',734,,12123,,,0,86,,12124,,,0,85,,12125,,,0,46,,12126,,,0,90,,12127,,,0,84,,12128,,,0,83,,12129,,,0,45,,12130,,,0,82,,12131,,,0,85,,12132,,,0,86,,12133,,,0,50,,12134,,,0,86,,12135,,,0,81,,12136,,,0,86,,12137,,,0,43,,12138,,,0,82,,12139,,,0
2601,'2509-HIV-26a05H-s-Samedi-00',734,,12140,,,0,86,,12143,,,0,85,,12144,,,0,46,,12145,,,0,90,,12146,,,0,84,,12147,,,0,83,,12148,,,0,45,,12149,,,0,82,,12150,,,0,85,,12151,,,0,86,,12152,,,0,50,,12153,,,0,86,,12154,,,0,81,,12155,,,0,86,,12156,,,0,43,,12142,,,0,82,,12141,,,0
2601,'2509-HIV-26a05H-w-Mercredi-00',727,,12165,,,0,3,,12163,,,0,2,,12157,,,0,73,,12166,,,0,24,,12168,,,0,10,,12164,,,0,15,,12167,,,0,79,,12158,,,0,99,,12159,,,0,100,,12175,,,0,100,,12160,,,0,27,,12176,,,0,62,,12177,,,0,92,,12161,,,0,95,,12162,,,0,114,,12170,,,0,88,,12171,,,0,28,,12172,,,0,89,,12173,,,0,23,,12174,,,0,94,,12169,,,0
2601,'2509-HIV-26a05Hlv-L-Ma-J-V-00',727,,12186,,,0,3,,12184,,,0,2,,12178,,,0,73,,12187,,,0,24,,12189,,,0,10,,12185,,,0,15,,12188,,,0,79,,12179,,,0,99,,12180,,,0,100,,12196,,,0,100,,12181,,,0,27,,12197,,,0,62,,12198,,,0,92,,12182,,,0,95,,12183,,,0,114,,12191,,,0,88,,12192,,,0,28,,12193,,,0,89,,12194,,,0,23,,12195,,,0,94,,12190,,,0
2601,'2509-HIV-26a05Hlv-L-Ma-J-V-00-1101100',1326,,12199,,,0
2601,'2509-HIV-26b23Vlv-Semaine-00',734,,12200,,,0,86,,12201,,,0,85,,12202,,,0,46,,12203,,,0,90,,12204,,,0,84,,12205,,,0,83,,12206,,,0,45,,12207,,,0,82,,12208,,,0,85,,12209,,,0,86,,12210,,,0,50,,12211,,,0,86,,12212,,,0,81,,12213,,,0,86,,12214,,,0,43,,12215,,,0,82,,12216,,,0
2601,'2509-HIV-26c02Vlv-Semaine-00',734,,12217,,,0,86,,12218,,,0,85,,12219,,,0,46,,12220,,,0,90,,12221,,,0,84,,12222,,,0,83,,12223,,,0,45,,12224,,,0,82,,12225,,,0,85,,12226,,,0,86,,12227,,,0,50,,12228,,,0,86,,12229,,,0,81,,12230,,,0,86,,12231,,,0,43,,12232,,,0,82,,12233,,,0
4000000,'2509-HIV-25j05H-d-Dimanche-00',815,,15402,0,50,0,110,,15407,0,51,0,110,,15403,0,50,0,110,,15408,0,51,0,110,,15404,0,50,0,150,,15409,0,51,0,110,,15405,0,50,0,110,,15410,0,51,0,110,,15406,0,50,0,110,,15411,0,51,0,110,,15412,0,57 58 59,0
4000000,'2509-HIV-25j26H-d-Dimanche-00',815,,15413,0,50,0,110,,15418,0,51,0,110,,15414,0,50,0,110,,15419,0,51,0,110,,15415,0,50,0,150,,15420,0,51,0,110,,15416,0,50,0,110,,15421,0,51,0,110,,15417,0,50,0,110,,15422,0,51,0,110,,15423,0,57 58 59,0
4000000,'2509-HIV-25k03H-s-Samedi-00',627,,15468,0,50,0,18,,15424,0,51,0,62,,15446,0,50,0,20,,15425,0,51,0,20,,15447,0,50,0,60,,15426,0,51,0,20,,15448,0,50,0,20,,15427,0,51,0,60,,15449,0,50,0,21,,15428,0,51,0,20,,15450,0,50,0,61,,15429,0,51,0,21,,15451,0,50,0,21,,15430,0,51,0,61,,15452,0,50,0,21,,15431,0,51,0,22,,15453,0,50,0,60,,15432,0,51,0,21,,15454,0,51,0,21,,15433,0,50,0,61,,15455,0,51,0,18,,15434,0,50,0,18,,15456,0,51,0,58,,15435,0,50,0,18,,15457,0,51,0,19,,15436,0,50,0,60,,15458,0,51,0,20,,15437,0,50,0,20,,15459,0,51,0,60,,15438,0,50,0,20,,15460,0,51,0,20,,15439,0,50,0,60,,15461,0,51,0,20,,15440,0,50,0,20,,15462,0,51,0,60,,15441,0,50,0,20,,15463,0,51,0,20,,15442,0,50,0,60,,15464,0,51,0,19,,15443,0,50,0,20,,15465,0,51,0,60,,15444,0,50,0,19,,15466,0,57 58 59,0,20,,15445,0,57 58 59,0,70,,15467,0,57 58 59,0
4000000,'2509-HIV-25l22Vlv-Semaine-00',627,,15513,0,50,0,18,,15469,0,51,0,62,,15491,0,50,0,20,,15470,0,51,0,20,,15492,0,50,0,60,,15471,0,51,0,20,,15493,0,50,0,20,,15472,0,51,0,60,,15494,0,50,0,21,,15473,0,51,0,20,,15495,0,50,0,61,,15474,0,51,0,21,,15496,0,50,0,21,,15475,0,51,0,61,,15497,0,50,0,21,,15476,0,51,0,22,,15498,0,50,0,60,,15477,0,51,0,21,,15499,0,51,0,21,,15478,0,50,0,61,,15500,0,51,0,18,,15479,0,50,0,18,,15501,0,51,0,58,,15480,0,50,0,18,,15502,0,51,0,19,,15481,0,50,0,60,,15503,0,51,0,20,,15482,0,50,0,20,,15504,0,51,0,60,,15483,0,50,0,20,,15505,0,51,0,20,,15484,0,50,0,60,,15506,0,51,0,20,,15485,0,50,0,20,,15507,0,51,0,60,,15486,0,50,0,20,,15508,0,51,0,20,,15487,0,50,0,60,,15509,0,51,0,19,,15488,0,50,0,20,,15510,0,51,0,60,,15489,0,50,0,19,,15511,0,57 58 59,0,20,,15490,0,57 58 59,0,70,,15512,0,57 58 59,0
4000000,'2509-HIV-26a05H-s-Samedi-00',627,,15558,0,50,0,18,,15514,0,51,0,62,,15536,0,50,0,20,,15515,0,51,0,20,,15537,0,50,0,60,,15516,0,51,0,20,,15538,0,50,0,20,,15517,0,51,0,60,,15539,0,50,0,21,,15518,0,51,0,20,,15540,0,50,0,61,,15519,0,51,0,21,,15541,0,50,0,21,,15520,0,51,0,61,,15542,0,50,0,21,,15521,0,51,0,22,,15543,0,50,0,60,,15522,0,51,0,21,,15544,0,51,0,21,,15523,0,50,0,61,,15545,0,51,0,18,,15524,0,50,0,18,,15546,0,51,0,58,,15525,0,50,0,18,,15547,0,51,0,19,,15526,0,50,0,60,,15548,0,51,0,20,,15527,0,50,0,20,,15549,0,51,0,60,,15528,0,50,0,20,,15550,0,51,0,20,,15529,0,50,0,60,,15551,0,51,0,20,,15530,0,50,0,20,,15552,0,51,0,60,,15531,0,50,0,20,,15553,0,51,0,20,,15532,0,50,0,60,,15554,0,51,0,19,,15533,0,50,0,20,,15555,0,51,0,60,,15534,0,50,0,19,,15556,0,57 58 59,0,20,,15535,0,57 58 59,0,70,,15557,0,57 58 59,0
4000000,'2509-HIV-26a05H-w-Mercredi-00',627,,15603,0,51,0,18,,15559,0,50,0,63,,15581,0,51,0,21,,15560,0,50,0,19,,15582,0,51,0,59,,15561,0,50,0,20,,15583,0,51,0,21,,15562,0,50,0,60,,15584,0,51,0,20,,15563,0,50,0,20,,15585,0,51,0,60,,15564,0,50,0,20,,15586,0,51,0,20,,15565,0,50,0,60,,15587,0,51,0,20,,15566,0,50,0,20,,15588,0,51,0,60,,15567,0,50,0,20,,15589,0,51,0,20,,15568,0,50,0,59,,15590,0,51,0,21,,15569,0,50,0,20,,15591,0,51,0,60,,15570,0,50,0,20,,15592,0,51,0,20,,15571,0,50,0,60,,15593,0,51,0,19,,15572,0,50,0,20,,15594,0,51,0,61,,15573,0,50,0,20,,15595,0,51,0,21,,15574,0,50,0,60,,15596,0,51,0,22,,15575,0,50,0,18,,15597,0,51,0,60,,15576,0,50,0,19,,15598,0,51,0,19,,15577,0,50,0,60,,15599,0,51,0,20,,15578,0,50,0,20,,15600,0,51,0,60,,15579,0,50,0,19,,15580,0,57 58 59,0,20,,15601,0,57 58 59,0,70,,15602,0,57 58 59,0
4000000,'2509-HIV-26a05Hlv-L-Ma-J-V-00',627,,15648,0,51,0,18,,15604,0,50,0,63,,15626,0,51,0,21,,15605,0,50,0,19,,15627,0,51,0,59,,15606,0,50,0,20,,15628,0,51,0,21,,15607,0,50,0,60,,15629,0,51,0,20,,15608,0,50,0,20,,15630,0,51,0,60,,15609,0,50,0,20,,15631,0,51,0,20,,15610,0,50,0,60,,15632,0,51,0,20,,15611,0,50,0,20,,15633,0,51,0,60,,15612,0,50,0,20,,15634,0,51,0,20,,15613,0,50,0,59,,15635,0,51,0,21,,15614,0,50,0,20,,15636,0,51,0,60,,15615,0,50,0,20,,15637,0,51,0,20,,15616,0,50,0,60,,15638,0,51,0,19,,15617,0,50,0,20,,15639,0,51,0,61,,15618,0,50,0,20,,15640,0,51,0,21,,15619,0,50,0,60,,15641,0,51,0,22,,15620,0,50,0,18,,15642,0,51,0,60,,15621,0,50,0,19,,15643,0,51,0,19,,15622,0,50,0,60,,15644,0,51,0,20,,15623,0,50,0,20,,15645,0,51,0,60,,15624,0,50,0,19,,15625,0,57 58 59,0,20,,15646,0,57 58 59,0,70,,15647,0,57 58 59,0
4000000,'2509-HIV-26b23Vlv-Semaine-00',627,,15693,0,50,0,18,,15649,0,51,0,62,,15671,0,50,0,20,,15650,0,51,0,20,,15672,0,50,0,60,,15651,0,51,0,20,,15673,0,50,0,20,,15652,0,51,0,60,,15674,0,50,0,21,,15653,0,51,0,20,,15675,0,50,0,61,,15654,0,51,0,21,,15676,0,50,0,21,,15655,0,51,0,61,,15677,0,50,0,21,,15656,0,51,0,22,,15678,0,50,0,60,,15657,0,51,0,21,,15679,0,51,0,21,,15658,0,50,0,61,,15680,0,51,0,18,,15659,0,50,0,18,,15681,0,51,0,58,,15660,0,50,0,18,,15682,0,51,0,19,,15661,0,50,0,60,,15683,0,51,0,20,,15662,0,50,0,20,,15684,0,51,0,60,,15663,0,50,0,20,,15685,0,51,0,20,,15664,0,50,0,60,,15686,0,51,0,20,,15665,0,50,0,20,,15687,0,51,0,60,,15666,0,50,0,20,,15688,0,51,0,20,,15667,0,50,0,60,,15689,0,51,0,19,,15668,0,50,0,20,,15690,0,51,0,60,,15669,0,50,0,19,,15691,0,57 58 59,0,20,,15670,0,57 58 59,0,70,,15692,0,57 58 59,0
4000000,'2509-HIV-26c02Vlv-Semaine-00',627,,15738,0,50,0,18,,15694,0,51,0,62,,15716,0,50,0,20,,15695,0,51,0,20,,15717,0,50,0,60,,15696,0,51,0,20,,15718,0,50,0,20,,15697,0,51,0,60,,15719,0,50,0,21,,15698,0,51,0,20,,15720,0,50,0,61,,15699,0,51,0,21,,15721,0,50,0,21,,15700,0,51,0,61,,15722,0,50,0,21,,15701,0,51,0,22,,15723,0,50,0,60,,15702,0,51,0,21,,15724,0,51,0,21,,15703,0,50,0,61,,15725,0,51,0,18,,15704,0,50,0,18,,15726,0,51,0,58,,15705,0,50,0,18,,15727,0,51,0,19,,15706,0,50,0,60,,15728,0,51,0,20,,15707,0,50,0,20,,15729,0,51,0,60,,15708,0,50,0,20,,15730,0,51,0,20,,15709,0,50,0,60,,15731,0,51,0,20,,15710,0,50,0,20,,15732,0,51,0,60,,15711,0,50,0,20,,15733,0,51,0,20,,15712,0,50,0,60,,15734,0,51,0,19,,15713,0,50,0,20,,15735,0,51,0,60,,15714,0,50,0,19,,15736,0,57 58 59,0,20,,15715,0,57 58 59,0,70,,15737,0,57 58 59,0
4000001,'2509-HIV-25j05H-d-Dimanche-00',924,,15740,4,,0,110,,15745,4,,0,110,,15741,4,,0,110,,15746,4,,0,150,,15742,4,,0,110,,15747,4,,0,110,,15743,4,,0,110,,15748,4,,0,110,,15744,4,,0,110,,15739,4,,0
4000001,'2509-HIV-25j26H-d-Dimanche-00',924,,15750,4,,0,110,,15755,4,,0,110,,15751,4,,0,110,,15756,4,,0,150,,15752,4,,0,110,,15757,4,,0,110,,15753,4,,0,110,,15758,4,,0,110,,15754,4,,0,110,,15749,4,,0
4000001,'2509-HIV-25k03H-s-Samedi-00',706,,15759,4,,0,20,,15780,4,,0,20,,15760,4,,0,60,,15781,4,,0,20,,15761,4,,0,20,,15782,4,,0,60,,15762,4,,0,21,,15783,4,,0,20,,15763,4,,0,61,,15784,4,,0,21,,15764,4,,0,21,,15785,4,,0,61,,15765,4,,0,21,,15786,4,,0,22,,15766,4,,0,60,,15787,4,,0,21,,15767,4,,0,21,,15788,4,,0,61,,15768,4,,0,18,,15789,4,,0,18,,15769,4,,0,58,,15790,4,,0,18,,15770,4,,0,19,,15791,4,,0,60,,15771,4,,0,20,,15792,4,,0,20,,15772,4,,0,60,,15793,4,,0,20,,15773,4,,0,20,,15794,4,,0,60,,15774,4,,0,20,,15795,4,,0,20,,15775,4,,0,60,,15796,4,,0,20,,15776,4,,0,20,,15797,4,,0,60,,15777,4,,0,19,,15798,4,,0,20,,15778,4,,0,60,,15799,4,,0,20,,15801,4,,0,20,,15779,4,,0,70,,15800,4,,0
4000001,'2509-HIV-25l22Vlv-Semaine-00',706,,15802,4,,0,20,,15823,4,,0,20,,15803,4,,0,60,,15824,4,,0,20,,15804,4,,0,20,,15825,4,,0,60,,15805,4,,0,21,,15826,4,,0,20,,15806,4,,0,61,,15827,4,,0,21,,15807,4,,0,21,,15828,4,,0,61,,15808,4,,0,21,,15829,4,,0,22,,15809,4,,0,60,,15830,4,,0,21,,15810,4,,0,21,,15831,4,,0,61,,15811,4,,0,18,,15832,4,,0,18,,15812,4,,0,58,,15833,4,,0,18,,15813,4,,0,19,,15834,4,,0,60,,15814,4,,0,20,,15835,4,,0,20,,15815,4,,0,60,,15836,4,,0,20,,15816,4,,0,20,,15837,4,,0,60,,15817,4,,0,20,,15838,4,,0,20,,15818,4,,0,60,,15839,4,,0,20,,15819,4,,0,20,,15840,4,,0,60,,15820,4,,0,19,,15841,4,,0,20,,15821,4,,0,60,,15842,4,,0,20,,15843,4,,0,20,,15822,4,,0,70,,15844,4,,0
4000001,'2509-HIV-26a05H-s-Samedi-00',706,,15845,4,,0,20,,15866,4,,0,20,,15846,4,,0,60,,15867,4,,0,20,,15847,4,,0,20,,15868,4,,0,60,,15848,4,,0,21,,15869,4,,0,20,,15849,4,,0,61,,15870,4,,0,21,,15850,4,,0,21,,15871,4,,0,61,,15851,4,,0,21,,15872,4,,0,22,,15852,4,,0,60,,15873,4,,0,21,,15853,4,,0,21,,15874,4,,0,61,,15854,4,,0,18,,15875,4,,0,18,,15855,4,,0,58,,15876,4,,0,18,,15856,4,,0,19,,15877,4,,0,60,,15857,4,,0,20,,15878,4,,0,20,,15858,4,,0,60,,15879,4,,0,20,,15859,4,,0,20,,15880,4,,0,60,,15860,4,,0,20,,15881,4,,0,20,,15861,4,,0,60,,15882,4,,0,20,,15862,4,,0,20,,15883,4,,0,60,,15863,4,,0,19,,15884,4,,0,20,,15864,4,,0,60,,15885,4,,0,20,,15887,4,,0,20,,15865,4,,0,70,,15886,4,,0
4000001,'2509-HIV-26a05H-w-Mercredi-00',707,,15888,4,,0,21,,15906,4,,0,19,,15889,4,,0,59,,15930,4,,0,20,,15890,4,,0,21,,15907,4,,0,60,,15891,4,,0,20,,15908,4,,0,20,,15892,4,,0,60,,15909,4,,0,20,,15929,4,,0,20,,15910,4,,0,60,,15893,4,,0,20,,15911,4,,0,20,,15894,4,,0,60,,15912,4,,0,20,,15895,4,,0,20,,15913,4,,0,59,,15896,4,,0,21,,15914,4,,0,20,,15897,4,,0,60,,15915,4,,0,20,,15928,4,,0,20,,15916,4,,0,60,,15898,4,,0,19,,15917,4,,0,20,,15899,4,,0,61,,15918,4,,0,20,,15927,4,,0,21,,15919,4,,0,60,,15900,4,,0,22,,15920,4,,0,18,,15901,4,,0,60,,15921,4,,0,19,,15902,4,,0,19,,15922,4,,0,60,,15903,4,,0,20,,15923,4,,0,20,,15904,4,,0,60,,15924,4,,0,20,,15925,4,,0,20,,15905,4,,0,70,,15926,4,,0
4000001,'2509-HIV-26a05Hlv-L-Ma-J-V-00',707,,15931,4,,0,21,,15949,4,,0,19,,15932,4,,0,59,,15973,4,,0,20,,15933,4,,0,21,,15950,4,,0,60,,15934,4,,0,20,,15951,4,,0,20,,15935,4,,0,60,,15952,4,,0,20,,15972,4,,0,20,,15953,4,,0,60,,15936,4,,0,20,,15954,4,,0,20,,15937,4,,0,60,,15955,4,,0,20,,15938,4,,0,20,,15956,4,,0,59,,15939,4,,0,21,,15957,4,,0,20,,15940,4,,0,60,,15958,4,,0,20,,15971,4,,0,20,,15959,4,,0,60,,15941,4,,0,19,,15960,4,,0,20,,15942,4,,0,61,,15961,4,,0,20,,15970,4,,0,21,,15962,4,,0,60,,15943,4,,0,22,,15963,4,,0,18,,15944,4,,0,60,,15964,4,,0,19,,15945,4,,0,19,,15965,4,,0,60,,15946,4,,0,20,,15966,4,,0,20,,15947,4,,0,60,,15967,4,,0,20,,15968,4,,0,20,,15948,4,,0,70,,15969,4,,0
4000001,'2509-HIV-26b23Vlv-Semaine-00',706,,15974,4,,0,20,,15995,4,,0,20,,15975,4,,0,60,,15996,4,,0,20,,15976,4,,0,20,,15997,4,,0,60,,15977,4,,0,21,,15998,4,,0,20,,15978,4,,0,61,,15999,4,,0,21,,15979,4,,0,21,,16000,4,,0,61,,15980,4,,0,21,,16001,4,,0,22,,15981,4,,0,60,,16002,4,,0,21,,15982,4,,0,21,,16003,4,,0,61,,15983,4,,0,18,,16004,4,,0,18,,15984,4,,0,58,,16005,4,,0,18,,15985,4,,0,19,,16006,4,,0,60,,15986,4,,0,20,,16007,4,,0,20,,15987,4,,0,60,,16008,4,,0,20,,15988,4,,0,20,,16009,4,,0,60,,15989,4,,0,20,,16010,4,,0,20,,15990,4,,0,60,,16011,4,,0,20,,15991,4,,0,20,,16012,4,,0,60,,15992,4,,0,19,,16013,4,,0,20,,15993,4,,0,60,,16014,4,,0,20,,16015,4,,0,20,,15994,4,,0,70,,16016,4,,0
4000001,'2509-HIV-26c02Vlv-Semaine-00',706,,16017,4,,0,20,,16038,4,,0,20,,16018,4,,0,60,,16039,4,,0,20,,16019,4,,0,20,,16040,4,,0,60,,16020,4,,0,21,,16041,4,,0,20,,16021,4,,0,61,,16042,4,,0,21,,16022,4,,0,21,,16043,4,,0,61,,16023,4,,0,21,,16044,4,,0,22,,16024,4,,0,60,,16045,4,,0,21,,16025,4,,0,21,,16046,4,,0,61,,16026,4,,0,18,,16047,4,,0,18,,16027,4,,0,58,,16048,4,,0,18,,16028,4,,0,19,,16049,4,,0,60,,16029,4,,0,20,,16050,4,,0,20,,16030,4,,0,60,,16051,4,,0,20,,16031,4,,0,20,,16052,4,,0,60,,16032,4,,0,20,,16053,4,,0,20,,16033,4,,0,60,,16054,4,,0,20,,16034,4,,0,20,,16055,4,,0,60,,16035,4,,0,19,,16056,4,,0,20,,16036,4,,0,60,,16057,4,,0,20,,16058,4,,0,20,,16037,4,,0,70,,16059,4,,0
