1000,'S2-0_6',557,,57134,5,,,0,143,,57135,5,,,0,54,,57136,5,,,0,100,,57144,5,,,0,83,,57147,6,,,0,117,,57137,5,,,0,148,,57148,6,,,0,57,,57138,5,,,0,95,,57149,6,,,0,96,,57145,5,,,0,98,,57139,5,,,0,73,,57140,6,,,0,116,,57142,5,,,0,92,,57146,5,,,0,103,,57143,6,,,0,102,,57141,5,,,0
1000,'S2-1_7',1047,,57150,6,,,0,360,,57151,6,,,0,410,,57152,6,,,0,307,,57153,5,,,0
1000,'S2-2_1',614,,57154,5,,,0,97,,57155,5,,,0,120,,57156,5,0,18 30,0,88,,57157,6,,,0,102,,57162,5,0,18 30,0,97,,57158,6,0,18 30,0,112,,57163,5,0,18 30,0,105,,57164,5,0,18 30,0,103,,57159,6,,,0,93,,57165,5,,,0,115,,57160,6,,,0,106,,57166,5,,,0,160,,57161,6,0,18 30,0
1000,'S2-2_2',614,,57167,5,,,0,97,,57168,5,,,0,120,,57169,5,0,18 30,0,88,,57170,6,,,0,102,,57175,5,0,18 30,0,97,,57171,6,0,18 30,0,112,,57176,5,0,18 30,0,105,,57177,5,0,18 30,0,103,,57172,6,,,0,93,,57178,5,,,0,115,,57173,6,,,0,106,,57179,5,,,0,160,,57174,6,0,18 30,0
1000,'S2-2_3',614,,57180,5,,,0,97,,57181,5,,,0,120,,57182,5,0,18 30,0,88,,57183,6,,,0,102,,57188,5,0,18 30,0,97,,57184,6,0,18 30,0,112,,57189,5,0,18 30,0,105,,57190,5,0,18 30,0,103,,57185,6,,,0,93,,57191,5,,,0,115,,57186,6,,,0,106,,57192,5,,,0,160,,57187,6,0,18 30,0
1000,'S2-2_4',614,,57193,5,,,0,97,,57194,5,,,0,120,,57195,5,0,18 30,0,88,,57196,6,,,0,102,,57201,5,0,18 30,0,97,,57197,6,0,18 30,0,112,,57202,5,0,18 30,0,105,,57203,5,0,18 30,0,103,,57198,6,,,0,93,,57204,5,,,0,115,,57199,6,,,0,106,,57205,5,,,0,160,,57200,6,0,18 30,0
1000,'S2-2_5',614,,57206,5,,,0,97,,57207,5,,,0,120,,57208,5,0,18 30,0,88,,57209,6,,,0,102,,57214,5,0,18 30,0,97,,57210,6,0,18 30,0,112,,57215,5,0,18 30,0,105,,57216,5,0,18 30,0,103,,57211,6,,,0,93,,57217,5,,,0,115,,57212,6,,,0,106,,57218,5,,,0,160,,57213,6,0,18 30,0
1000,'S2-3_1',614,,57219,5,,,0,97,,57220,5,,,0,120,,57221,5,0,18 30,0,88,,57222,6,,,0,102,,57227,5,0,18 30,0,97,,57223,6,0,18 30,0,112,,57228,5,0,18 30,0,105,,57229,5,0,18 30,0,103,,57224,6,,,0,93,,57230,5,,,0,115,,57225,6,,,0,106,,57231,5,,,0,160,,57226,6,0,18 30,0
1000,'S2-3_3',614,,57232,5,,,0,97,,57233,5,,,0,120,,57234,5,0,18 30,0,88,,57235,6,,,0,102,,57240,5,0,18 30,0,97,,57236,6,0,18 30,0,112,,57241,5,0,18 30,0,105,,57242,5,0,18 30,0,103,,57237,6,,,0,93,,57243,5,,,0,115,,57238,6,,,0,106,,57244,5,,,0,160,,57239,6,0,18 30,0
1000,'S2-3_4',614,,57245,5,,,0,97,,57246,5,,,0,120,,57247,5,0,18 30,0,88,,57248,6,,,0,102,,57253,5,0,18 30,0,97,,57249,6,0,18 30,0,112,,57254,5,0,18 30,0,105,,57255,5,0,18 30,0,103,,57250,6,,,0,93,,57256,5,,,0,115,,57251,6,,,0,106,,57257,5,,,0,160,,57252,6,0,18 30,0
1000,'S2-4_7',614,,57258,5,,,0,97,,57259,5,,,0,120,,57260,5,0,18 30,0,88,,57261,6,,,0,102,,57266,5,0,18 30,0,97,,57262,6,0,18 30,0,112,,57267,5,0,18 30,0,105,,57268,5,0,18 30,0,103,,57263,6,,,0,93,,57269,5,,,0,115,,57264,6,,,0,106,,57270,5,,,0,160,,57265,6,0,18 30,0
2901000,'S2-0_6',754,,60992,5,,,0,100,,60994,5,,,0,200,,60993,5,,,0,175,,60999,5,,,0,30,,60996,5,,,0,95,,60995,5,,,0,96,,60997,5,,,0,98,,60998,5,,,0,157,,61001,5,,,0,99,,61000,5,,,0
2901000,'S2-2_1',835,,61002,5,,,0,298,,61003,5,,,0,208,,61004,5,,,0,94,,61005,5,,,0,192,,61006,5,,,0,199,,61007,5,,,0,183,,61008,5,,,0
2901000,'S2-2_2',835,,61009,5,,,0,298,,61010,5,,,0,208,,61011,5,,,0,94,,61012,5,,,0,192,,61013,5,,,0,199,,61014,5,,,0,183,,61015,5,,,0
2901000,'S2-2_3',835,,61016,5,,,0,298,,61017,5,,,0,208,,61018,5,,,0,94,,61019,5,,,0,192,,61020,5,,,0,199,,61021,5,,,0,183,,61022,5,,,0
2901000,'S2-2_4',835,,61023,5,,,0,298,,61024,5,,,0,208,,61025,5,,,0,94,,61026,5,,,0,192,,61027,5,,,0,199,,61028,5,,,0,183,,61029,5,,,0
2901000,'S2-2_5',835,,61030,5,,,0,298,,61031,5,,,0,208,,61032,5,,,0,94,,61033,5,,,0,192,,61034,5,,,0,199,,61035,5,,,0,183,,61036,5,,,0
2901000,'S2-3_1',835,,61037,5,,,0,298,,61038,5,,,0,208,,61039,5,,,0,94,,61040,5,,,0,192,,61041,5,,,0,199,,61042,5,,,0,183,,61043,5,,,0
2901000,'S2-3_3',835,,61044,5,,,0,298,,61045,5,,,0,208,,61046,5,,,0,94,,61047,5,,,0,192,,61048,5,,,0,199,,61049,5,,,0,183,,61050,5,,,0
2901000,'S2-3_4',835,,61051,5,,,0,298,,61052,5,,,0,208,,61053,5,,,0,94,,61054,5,,,0,192,,61055,5,,,0,199,,61056,5,,,0,183,,61057,5,,,0
2901000,'S2-4_7',835,,61058,5,,,0,298,,61059,5,,,0,208,,61060,5,,,0,94,,61061,5,,,0,192,,61062,5,,,0,199,,61063,5,,,0,183,,61064,5,,,0
