500,'2_6',737,,31549,24,,,0,98,,31538,24,,,0,99,,31539,24,,,0,100,,31540,24,,,0,100,,31541,24,,,0,96,,31542,24,,,0,98,,31543,24,,,0,100,,31544,24,,,0,100,,31545,24,,,0,100,,31546,24,,,0,100,,31547,24,,,0,192,,31548,24,,,0
500,'5_1',702,,37571,10,,,0,102,,37572,10,,,0,36,,37573,24,,,0,104,,37574,24,,,0,100,,37575,24,,,0,105,,37576,24,,,0,100,,37577,24,,,0,84,,37578,24,,,0,94,,37579,24,,,0,100,,37580,24,,,0,102,,37581,24,,,0,107,,37582,24,,,0,102,,37583,24,,,0,99,,37584,24,,,0
500,'5_2',702,,39587,10,,,0,102,,39588,10,,,0,36,,39589,24,,,0,104,,39590,24,,,0,100,,39591,24,,,0,105,,39592,24,,,0,100,,39593,24,,,0,84,,39594,24,,,0,94,,39595,24,,,0,100,,39596,24,,,0,102,,39597,24,,,0,107,,39598,24,,,0,102,,39599,24,,,0,99,,39600,24,,,0
500,'5_3',702,,39601,10,,,0,102,,39602,10,,,0,36,,39603,24,,,0,104,,39604,24,,,0,100,,39605,24,,,0,105,,39606,24,,,0,100,,39607,24,,,0,84,,39608,24,,,0,94,,39609,24,,,0,100,,39610,24,,,0,102,,39611,24,,,0,107,,39612,24,,,0,102,,39613,24,,,0,99,,39614,24,,,0
500,'5_4',702,,39615,10,,,0,102,,39616,10,,,0,36,,39617,24,,,0,104,,39618,24,,,0,100,,39619,24,,,0,105,,39620,24,,,0,100,,39621,24,,,0,84,,39622,24,,,0,94,,39623,24,,,0,100,,39624,24,,,0,102,,39625,24,,,0,107,,39626,24,,,0,102,,39627,24,,,0,99,,39628,24,,,0
500,'5_5',702,,39629,10,,,0,102,,39630,10,,,0,36,,39631,24,,,0,104,,39632,24,,,0,100,,39633,24,,,0,105,,39634,24,,,0,100,,39635,24,,,0,84,,39636,24,,,0,94,,39637,24,,,0,100,,39638,24,,,0,102,,39639,24,,,0,107,,39640,24,,,0,102,,39641,24,,,0,99,,39642,24,,,0
500,'6_1',702,,39643,10,,,0,102,,39644,10,,,0,36,,39645,24,,,0,104,,39646,24,,,0,100,,39647,24,,,0,105,,39648,24,,,0,100,,39649,24,,,0,84,,39650,24,,,0,94,,39651,24,,,0,100,,39652,24,,,0,102,,39653,24,,,0,107,,39654,24,,,0,102,,39655,24,,,0,99,,39656,24,,,0
500,'6_2',702,,44258,10,,,0,102,,44259,10,,,0,36,,44260,24,,,0,104,,44261,24,,,0,100,,44262,24,,,0,105,,44263,24,,,0,100,,44264,24,,,0,84,,44265,24,,,0,94,,44266,24,,,0,100,,44267,24,,,0,102,,44268,24,,,0,107,,44269,24,,,0,102,,44270,24,,,0,99,,44271,24,,,0
500,'6_3',702,,44272,10,,,0,102,,44273,10,,,0,36,,44274,24,,,0,104,,44275,24,,,0,100,,44276,24,,,0,105,,44277,24,,,0,100,,44278,24,,,0,84,,44279,24,,,0,94,,44280,24,,,0,100,,44281,24,,,0,102,,44282,24,,,0,107,,44283,24,,,0,102,,44284,24,,,0,99,,44285,24,,,0
500,'6_4',702,,44286,10,,,0,102,,44287,10,,,0,36,,44288,24,,,0,104,,44289,24,,,0,100,,44290,24,,,0,105,,44291,24,,,0,100,,44292,24,,,0,84,,44293,24,,,0,94,,44294,24,,,0,100,,44295,24,,,0,102,,44296,24,,,0,107,,44297,24,,,0,102,,44298,24,,,0,99,,44299,24,,,0
