700,'0_5',726,,31863,16,,,0,110,,31865,16,,,0,110,,31866,16,,,0,110,,31867,16,,,0,150,,31868,16,,,0,110,,31869,16,,,0,110,,31870,16,,,0,110,,31871,16,,,0,112,,31872,16,,,0,109,,31873,16,,,0,148,,31864,16,,,0
700,'2_6',725,,31887,16,,,0,110,,31888,16,,,0,110,,31889,16,,,0,110,,31890,16,,,0,150,,31891,16,,,0,110,,31892,16,,,0,110,,31893,16,,,0,110,,31894,16,,,0,110,,31895,16,,,0,110,,31885,16,,,0,150,,31886,16,,,0
700,'5_1',726,,37629,16,,,0,110,,37631,16,,,0,110,,37632,16,,,0,110,,37633,16,,,0,150,,37634,16,,,0,110,,37635,16,,,0,110,,37636,16,,,0,110,,37637,16,,,0,112,,37638,16,,,0,109,,37639,16,,,0,148,,37630,16,,,0
700,'5_2',726,,39877,16,,,0,110,,39879,16,,,0,110,,39880,16,,,0,110,,39881,16,,,0,150,,39882,16,,,0,110,,39883,16,,,0,110,,39884,16,,,0,110,,39885,16,,,0,112,,39886,16,,,0,109,,39887,16,,,0,148,,39878,16,,,0
700,'5_3',726,,39888,16,,,0,110,,39890,16,,,0,110,,39891,16,,,0,110,,39892,16,,,0,150,,39893,16,,,0,110,,39894,16,,,0,110,,39895,16,,,0,110,,39896,16,,,0,112,,39897,16,,,0,109,,39898,16,,,0,148,,39889,16,,,0
700,'5_4',726,,39899,16,,,0,110,,39901,16,,,0,110,,39902,16,,,0,110,,39903,16,,,0,150,,39904,16,,,0,110,,39905,16,,,0,110,,39906,16,,,0,110,,39907,16,,,0,112,,39908,16,,,0,109,,39909,16,,,0,148,,39900,16,,,0
700,'5_5',726,,39910,16,,,0,110,,39912,16,,,0,110,,39913,16,,,0,110,,39914,16,,,0,150,,39915,16,,,0,110,,39916,16,,,0,110,,39917,16,,,0,110,,39918,16,,,0,112,,39919,16,,,0,109,,39920,16,,,0,148,,39911,16,,,0
700,'6_1',726,,39921,16,,,0,110,,39923,16,,,0,110,,39924,16,,,0,110,,39925,16,,,0,150,,39926,16,,,0,110,,39927,16,,,0,110,,39928,16,,,0,110,,39929,16,,,0,112,,39930,16,,,0,109,,39931,16,,,0,148,,39922,16,,,0
900300,'0_5',725,,33710,4,4,,0,20,,33711,4,4,,0,65,,33712,4,4,,0,30,,33713,4,4,,0,70,,33714,4,4,,0,30,,33715,4,4,,0,70,,33716,4,4,,0,30,,33717,4,4,,0,70,,33718,4,4,,0,30,,33719,4,4,,0,70,,33720,4,4,,0,30,,33721,4,4,,0,70,,33722,4,4,,0,30,,33723,4,4,,0,70,,33724,4,4,,0,30,,33725,4,4,,0,70,,33726,4,4,,0,30,,33727,4,4,,0,70,,33728,4,4,,0,30,,33729,4,4,,0,70,,33730,4,4,,0,30,,33731,4,4,,0,70,,33732,4,4,,0,30,,33733,4,4,,0,60,,33734,4,4,,0
900301,'0_5',725,,33837,1,,,0,20,,33838,1,,,0,65,,33839,1,,,0,30,,33840,1,,,0,70,,33841,1,,,0,30,,33842,1,,,0,70,,33843,1,,,0,30,,33844,1,,,0,70,,33845,1,,,0,30,,33846,1,,,0,70,,33847,1,,,0,30,,33848,1,,,0,70,,33849,1,,,0,30,,33850,1,,,0,70,,33851,1,,,0,30,,33852,1,,,0,70,,33853,1,,,0,30,,33854,1,,,0,70,,33855,1,,,0,30,,33856,1,,,0,70,,33857,1,,,0,30,,33858,1,,,0,70,,33859,1,,,0,30,,33860,1,,,0,60,,33861,1,,,0
901500,'0_5',843,,34095,5,,,0,60,,34096,5,,,0,20,,34097,5,,,0,20,,34098,5,,,0,60,,34099,5,,,0,20,,34100,5,,,0,20,,34101,5,,,0,60,,34102,5,,,0,20,,34103,5,,,0,20,,34104,5,,,0,60,,34105,5,,,0,20,,34106,5,,,0,20,,34107,5,,,0,60,,34108,5,,,0,20,,34109,5,,,0,20,,34110,5,,,0,60,,34111,5,,,0,20,,34112,5,,,0,20,,34113,5,,,0,80,,34114,5,,,0,20,,34115,5,,,0,60,,34116,5,,,0,20,,34117,5,,,0,20,,34118,5,,,0,60,,34119,5,,,0,20,,34120,5,,,0,20,,34121,5,,,0,60,,34122,5,,,0,20,,34123,5,,,0,20,,34124,5,,,0,60,,34125,5,,,0,20,,34126,5,,,0
901500,'2_6',843,,34159,5,,,0,60,,34160,5,,,0,20,,34161,5,,,0,20,,34162,5,,,0,60,,34163,5,,,0,20,,34164,5,,,0,20,,34165,5,,,0,60,,34166,5,,,0,20,,34167,5,,,0,20,,34168,5,,,0,60,,34169,5,,,0,20,,34170,5,,,0,20,,34171,5,,,0,60,,34172,5,,,0,20,,34173,5,,,0,20,,34174,5,,,0,60,,34175,5,,,0,20,,34176,5,,,0,20,,34177,5,,,0,80,,34178,5,,,0,20,,34179,5,,,0,60,,34180,5,,,0,20,,34181,5,,,0,20,,34182,5,,,0,60,,34183,5,,,0,20,,34184,5,,,0,20,,34185,5,,,0,60,,34186,5,,,0,20,,34187,5,,,0,20,,34188,5,,,0,60,,34189,5,,,0,20,,34190,5,,,0
901500,'5_1',843,,37863,5,,,0,60,,37864,5,,,0,20,,37865,5,,,0,20,,37866,5,,,0,60,,37867,5,,,0,20,,37868,5,,,0,20,,37869,5,,,0,60,,37870,5,,,0,20,,37871,5,,,0,20,,37872,5,,,0,60,,37873,5,,,0,20,,37874,5,,,0,20,,37875,5,,,0,60,,37876,5,,,0,20,,37877,5,,,0,20,,37878,5,,,0,60,,37879,5,,,0,20,,37880,5,,,0,20,,37881,5,,,0,80,,37882,5,,,0,20,,37883,5,,,0,60,,37884,5,,,0,20,,37885,5,,,0,20,,37886,5,,,0,60,,37887,5,,,0,20,,37888,5,,,0,20,,37889,5,,,0,60,,37890,5,,,0,20,,37891,5,,,0,20,,37892,5,,,0,60,,37893,5,,,0,20,,37894,5,,,0
901500,'5_2',843,,41050,5,,,0,60,,41051,5,,,0,20,,41052,5,,,0,20,,41053,5,,,0,60,,41054,5,,,0,20,,41055,5,,,0,20,,41056,5,,,0,60,,41057,5,,,0,20,,41058,5,,,0,20,,41059,5,,,0,60,,41060,5,,,0,20,,41061,5,,,0,20,,41062,5,,,0,60,,41063,5,,,0,20,,41064,5,,,0,20,,41065,5,,,0,60,,41066,5,,,0,20,,41067,5,,,0,20,,41068,5,,,0,80,,41069,5,,,0,20,,41070,5,,,0,60,,41071,5,,,0,20,,41072,5,,,0,20,,41073,5,,,0,60,,41074,5,,,0,20,,41075,5,,,0,20,,41076,5,,,0,60,,41077,5,,,0,20,,41078,5,,,0,20,,41079,5,,,0,60,,41080,5,,,0,20,,41081,5,,,0
901500,'5_3',843,,41082,5,,,0,60,,41083,5,,,0,20,,41084,5,,,0,20,,41085,5,,,0,60,,41086,5,,,0,20,,41087,5,,,0,20,,41088,5,,,0,60,,41089,5,,,0,20,,41090,5,,,0,20,,41091,5,,,0,60,,41092,5,,,0,20,,41093,5,,,0,20,,41094,5,,,0,60,,41095,5,,,0,20,,41096,5,,,0,20,,41097,5,,,0,60,,41098,5,,,0,20,,41099,5,,,0,20,,41100,5,,,0,80,,41101,5,,,0,20,,41102,5,,,0,60,,41103,5,,,0,20,,41104,5,,,0,20,,41105,5,,,0,60,,41106,5,,,0,20,,41107,5,,,0,20,,41108,5,,,0,60,,41109,5,,,0,20,,41110,5,,,0,20,,41111,5,,,0,60,,41112,5,,,0,20,,41113,5,,,0
901500,'5_4',843,,41114,5,,,0,60,,41115,5,,,0,20,,41116,5,,,0,20,,41117,5,,,0,60,,41118,5,,,0,20,,41119,5,,,0,20,,41120,5,,,0,60,,41121,5,,,0,20,,41122,5,,,0,20,,41123,5,,,0,60,,41124,5,,,0,20,,41125,5,,,0,20,,41126,5,,,0,60,,41127,5,,,0,20,,41128,5,,,0,20,,41129,5,,,0,60,,41130,5,,,0,20,,41131,5,,,0,20,,41132,5,,,0,80,,41133,5,,,0,20,,41134,5,,,0,60,,41135,5,,,0,20,,41136,5,,,0,20,,41137,5,,,0,60,,41138,5,,,0,20,,41139,5,,,0,20,,41140,5,,,0,60,,41141,5,,,0,20,,41142,5,,,0,20,,41143,5,,,0,60,,41144,5,,,0,20,,41145,5,,,0
901500,'5_5',843,,41146,5,,,0,60,,41147,5,,,0,20,,41148,5,,,0,20,,41149,5,,,0,60,,41150,5,,,0,20,,41151,5,,,0,20,,41152,5,,,0,60,,41153,5,,,0,20,,41154,5,,,0,20,,41155,5,,,0,60,,41156,5,,,0,20,,41157,5,,,0,20,,41158,5,,,0,60,,41159,5,,,0,20,,41160,5,,,0,20,,41161,5,,,0,60,,41162,5,,,0,20,,41163,5,,,0,20,,41164,5,,,0,80,,41165,5,,,0,20,,41166,5,,,0,60,,41167,5,,,0,20,,41168,5,,,0,20,,41169,5,,,0,60,,41170,5,,,0,20,,41171,5,,,0,20,,41172,5,,,0,60,,41173,5,,,0,20,,41174,5,,,0,20,,41175,5,,,0,60,,41176,5,,,0,20,,41177,5,,,0
901500,'6_1',843,,41178,5,,,0,60,,41179,5,,,0,20,,41180,5,,,0,20,,41181,5,,,0,60,,41182,5,,,0,20,,41183,5,,,0,20,,41184,5,,,0,60,,41185,5,,,0,20,,41186,5,,,0,20,,41187,5,,,0,60,,41188,5,,,0,20,,41189,5,,,0,20,,41190,5,,,0,60,,41191,5,,,0,20,,41192,5,,,0,20,,41193,5,,,0,60,,41194,5,,,0,20,,41195,5,,,0,20,,41196,5,,,0,80,,41197,5,,,0,20,,41198,5,,,0,60,,41199,5,,,0,20,,41200,5,,,0,20,,41201,5,,,0,60,,41202,5,,,0,20,,41203,5,,,0,20,,41204,5,,,0,60,,41205,5,,,0,20,,41206,5,,,0,20,,41207,5,,,0,60,,41208,5,,,0,20,,41209,5,,,0
