201,'2509-HIV-25j05H-d-Dimanche-00',927,,8841,0,17 18 19,0,408,,8842,0,17 18 19,0,277,,8843,0,17 18 19,0,296,,8844,0,17 18 19,0
201,'2509-HIV-25j26H-d-Dimanche-00',927,,8861,0,17 18 19,0,408,,8862,0,17 18 19,0,277,,8863,0,17 18 19,0,296,,8864,0,17 18 19,0
201,'2509-HIV-25k03H-s-Samedi-00',757,,8897,0,17 18 19,0,159,,8886,0,17 18 19,0,126,,8899,0,17 18 19,0,110,,8900,0,47 18 19,0,85,,8889,0,17 18 19,0,107,,8890,0,17 18 19,0,104,,8891,0,17 18 19,0,90,,8880,0,17 18 19,0,103,,8881,0,17 18 19,0,165,,8894,0,17 18 19,0,123,,8907,0,17 18 19,0,72,,8896,0,17 18 19,0
201,'2509-HIV-25l22Vlv-Semaine-00',752,,8947,0,17 18 19,0,87,,8943,0,17 18 19,0,87,,8945,0,17 18 19,0,203,,8935,0,17 18 19,0,118,,8931,0,17 18 19,0,59,,8938,0,17 18 19,0,116,,8927,0,17 18 19,0,187,,8925,0,17 18 19,0,45,,8922,0,17 18 19,0,70,,8923,0,17 18 19,0,76,,8913,0,17 18 19,0,25,,8912,0,17 18 19,0,29,,8918,0,17 18 19,0,70,,8914,0,17 18 19,0,82,,8911,0,17 18 19,0
201,'2509-HIV-26a05H-s-Samedi-00',757,,8972,0,17 18 19,0,159,,8961,0,17 18 19,0,126,,8974,0,17 18 19,0,110,,8975,0,47 18 19,0,85,,8964,0,17 18 19,0,107,,8965,0,17 18 19,0,104,,8966,0,17 18 19,0,90,,8955,0,17 18 19,0,103,,8956,0,17 18 19,0,165,,8969,0,17 18 19,0,123,,8982,0,17 18 19,0,72,,8971,0,17 18 19,0
201,'2509-HIV-26a05H-w-Mercredi-00',751,,8997,0,17 18 19,0,88,,9006,0,17 18 19,0,88,,9007,0,17 18 19,0,202,,8999,0,17 18 19,0,118,,9000,0,17 18 19,0,60,,9019,0,17 18 19,0,116,,9021,0,17 18 19,0,186,,8990,0,17 18 19,0,47,,9017,0,17 18 19,0,71,,9016,0,17 18 19,0,75,,9003,0,17 18 19,0,25,,8991,0,17 18 19,0,29,,9014,0,17 18 19,0,68,,9004,0,17 18 19,0,81,,9005,0,17 18 19,0
201,'2509-HIV-26a05Hlv-L-Ma-J-V-00',751,,9037,0,17 18 19,0,88,,9046,0,17 18 19,0,88,,9047,0,17 18 19,0,202,,9039,0,17 18 19,0,118,,9040,0,17 18 19,0,60,,9059,0,17 18 19,0,116,,9061,0,17 18 19,0,186,,9030,0,17 18 19,0,47,,9057,0,17 18 19,0,71,,9056,0,17 18 19,0,75,,9043,0,17 18 19,0,25,,9031,0,17 18 19,0,29,,9054,0,17 18 19,0,68,,9044,0,17 18 19,0,81,,9045,0,17 18 19,0
201,'2509-HIV-26b23Vlv-Semaine-00',752,,9101,0,17 18 19,0,87,,9097,0,17 18 19,0,87,,9099,0,17 18 19,0,203,,9089,0,17 18 19,0,118,,9085,0,17 18 19,0,59,,9092,0,17 18 19,0,116,,9081,0,17 18 19,0,187,,9079,0,17 18 19,0,45,,9076,0,17 18 19,0,70,,9077,0,17 18 19,0,76,,9067,0,17 18 19,0,25,,9066,0,17 18 19,0,29,,9072,0,17 18 19,0,70,,9068,0,17 18 19,0,82,,9065,0,17 18 19,0
201,'2509-HIV-26c02Vlv-Semaine-00',752,,9140,0,17 18 19,0,87,,9136,0,17 18 19,0,87,,9138,0,17 18 19,0,203,,9128,0,17 18 19,0,118,,9124,0,17 18 19,0,59,,9131,0,17 18 19,0,116,,9120,0,17 18 19,0,187,,9118,0,17 18 19,0,45,,9115,0,17 18 19,0,70,,9116,0,17 18 19,0,76,,9106,0,17 18 19,0,25,,9105,0,17 18 19,0,29,,9111,0,17 18 19,0,70,,9107,0,17 18 19,0,82,,9104,0,17 18 19,0
29000201,'2509-HIV-26a05H-w-Mercredi-00',1801,,16064,,,0,99,,16065,,,0
29000201,'2509-HIV-26a05Hlv-L-Ma-J-V-00',1801,,16066,,,0,99,,16067,,,0
