2401,'S2-5_1',1618,,10759,3,,,0,104,,10760,3,,,0,94,,10761,3,,,0
2401,'S2-5_2',1618,,10763,3,,,0,104,,10764,3,,,0,94,,10765,3,,,0
2401,'S2-5_4',1618,,10767,3,,,0,104,,10768,3,,,0,94,,10769,3,,,0
2401,'S2-5_5',1618,,10771,3,,,0,104,,10772,3,,,0,94,,10773,3,,,0
2401,'S2-6_3',1240,,10775,3,,,0
900300,'S2-5_1',718,,11197,3,,,0,20,,11198,3,,,0,65,,11199,3,,,0,30,,11200,3,,,0,70,,11201,3,,,0,30,,11202,3,,,0,70,,11203,3,,,0,30,,11204,3,,,0,70,,11205,3,,,0,30,,11206,3,,,0,70,,11207,3,,,0,30,,11208,3,,,0,70,,11209,3,,,0,30,,11210,3,,,0,70,,11211,3,,,0,30,,11212,3,,,0,70,,11213,3,,,0,30,,11214,3,,,0,70,,11215,3,,,0,30,,11216,3,,,0,70,,11217,3,,,0,30,,11218,3,,,0,70,,11219,3,,,0,30,,11220,3,,,0,20,,11221,3,,,0,60,,11222,3,4,,0
900300,'S2-5_2',718,,11223,3,,,0,20,,11224,3,,,0,65,,11225,3,,,0,30,,11226,3,,,0,70,,11227,3,,,0,30,,11228,3,,,0,70,,11229,3,,,0,30,,11230,3,,,0,70,,11231,3,,,0,30,,11232,3,,,0,70,,11233,3,,,0,30,,11234,3,,,0,70,,11235,3,,,0,30,,11236,3,,,0,70,,11237,3,,,0,30,,11238,3,,,0,70,,11239,3,,,0,30,,11240,3,,,0,70,,11241,3,,,0,30,,11242,3,,,0,70,,11243,3,,,0,30,,11244,3,,,0,70,,11245,3,,,0,30,,11246,3,,,0,20,,11247,3,,,0,60,,11248,3,4,,0
900300,'S2-5_4',718,,11249,3,,,0,20,,11250,3,,,0,65,,11251,3,,,0,30,,11252,3,,,0,70,,11253,3,,,0,30,,11254,3,,,0,70,,11255,3,,,0,30,,11256,3,,,0,70,,11257,3,,,0,30,,11258,3,,,0,70,,11259,3,,,0,30,,11260,3,,,0,70,,11261,3,,,0,30,,11262,3,,,0,70,,11263,3,,,0,30,,11264,3,,,0,70,,11265,3,,,0,30,,11266,3,,,0,70,,11267,3,,,0,30,,11268,3,,,0,70,,11269,3,,,0,30,,11270,3,,,0,70,,11271,3,,,0,30,,11272,3,,,0,20,,11273,3,,,0,60,,11274,3,4,,0
900300,'S2-5_5',718,,11275,3,,,0,20,,11276,3,,,0,65,,11277,3,,,0,30,,11278,3,,,0,70,,11279,3,,,0,30,,11280,3,,,0,70,,11281,3,,,0,30,,11282,3,,,0,70,,11283,3,,,0,30,,11284,3,,,0,70,,11285,3,,,0,30,,11286,3,,,0,70,,11287,3,,,0,30,,11288,3,,,0,70,,11289,3,,,0,30,,11290,3,,,0,70,,11291,3,,,0,30,,11292,3,,,0,70,,11293,3,,,0,30,,11294,3,,,0,70,,11295,3,,,0,30,,11296,3,,,0,70,,11297,3,,,0,30,,11298,3,,,0,20,,11299,3,,,0,60,,11300,3,4,,0
900300,'S2-6_3',718,,11301,3,,,0,20,,11302,3,,,0,65,,11303,3,,,0,30,,11304,3,,,0,70,,11305,3,,,0,30,,11306,3,,,0,70,,11307,3,,,0,30,,11308,3,,,0,70,,11309,3,,,0,30,,11310,3,,,0,70,,11311,3,,,0,30,,11312,3,,,0,70,,11313,3,,,0,30,,11314,3,,,0,70,,11315,3,,,0,30,,11316,3,,,0,70,,11317,3,,,0,30,,11318,3,,,0,70,,11319,3,,,0,30,,11320,3,,,0,70,,11321,3,,,0,30,,11322,3,,,0,70,,11323,3,,,0,30,,11324,3,,,0,20,,11325,3,,,0,60,,11326,3,4,,0
1000001,'S2-1_6',534,,12272,3,,,0,81,,12273,3,,,0,39,,12274,3,,,0,69,,12275,3,,,0,29,,12276,9,,,0,68,,12277,9,,,0,15,,12278,3,,,0,15,,12279,3,,,0,55,,12280,9,,,0,15,,12281,3,,,0,15,,12282,3,,,0,14,,12283,9,,,0,56,,12284,3,,,0,15,,12285,3,,,0,16,,12286,9,,,0,15,,12287,3,,,0,55,,12288,3,,,0,16,,12289,9,,,0,15,,12290,3,,,0,16,,12291,3,,,0,56,,12292,9,,,0,15,,12293,3,,,0,16,,12294,3,,,0,15,,12295,9,,,0,49,,12296,3,,,0,9,,12297,3,,,0,8,,12298,3,,,0,10,,12300,3,,,0,10,,12299,9,,,0,10,,12301,3,,,0,51,,12302,3,,,0,12,,12303,9,,,0,10,,12304,3,,,0,9,,12305,3,,,0,10,,12306,3,,,0,11,,12307,9,,,0,50,,12308,3,,,0,10,,12309,3,,,0,11,,12310,3,,,0,11,,12311,9,,,0,9,,12312,3,,,0,10,,12313,3,,,0,50,,12314,3,,,0,12,,12315,9,,,0,9,,12316,3,,,0,9,,12317,3,,,0,9,,12318,3,,,0,9,,12320,3,,,0,49,,12319,9,,,0,10,,12321,3,,,0,10,,12322,3,,,0,10,,12324,3,,,0,10,,12323,9,,,0,9,,12325,3,,,0,49,,12326,3,,,0,10,,12328,3,,,0,12,,12327,9,,,0,10,,12329,3,,,0,13,,12330,3,,,0,59,,12331,9,,,0,17,,12332,3,,,0,21,,12333,3,,,0,61,,12334,3,,,0,17,,12335,3,,,0,21,,12336,3,,,0,60,,12337,3,,,0,20,,12338,3,,,0,21,,12339,3,,,0
1000001,'S2-4_7',802,,12340,3,,,0,40,,12341,3,,,0,80,,12342,3,,,0,80,,12343,3,,,0,40,,12344,3,,,0,80,,12345,3,,,0,80,,12346,3,,,0,40,,12347,3,,,0,80,,12348,3,,,0,80,,12349,3,,,0,40,,12350,3,,,0,80,,12351,3,,,0,80,,12352,3,,,0,40,,12353,3,,,0,80,,12354,3,,,0,80,,12355,3,,,0,40,,12356,3,,,0,80,,12357,3,,,0
1000001,'S2-5_1',533,,12358,3,,,0,20,,12359,3,,,0,59,,12360,3,,,0,20,,12361,3,,,0,20,,12362,3,,,0,49,,12442,3,,,0,9,,12443,3,,,0,9,,12393,9,,,0,9,,12394,9,,,0,9,,12395,9,,,0,11,,12396,9,,,0,10,,12397,9,,,0,50,,12398,9,,,0,10,,12399,9,,,0,11,,12400,9,,,0,10,,12401,9,,,0,10,,12402,9,,,0,51,,12403,9,,,0,11,,12404,9,,,0,11,,12363,3,,,0,11,,12364,9,,,0,10,,12365,3,,,0,10,,12366,9,,,0,51,,12367,3,,,0,11,,12405,9,,,0,11,,12368,3,,,0,10,,12369,9,,,0,10,,12370,3,,,0,11,,12371,9,,,0,50,,12372,3,,,0,11,,12406,9,,,0,11,,12373,3,,,0,11,,12374,9,,,0,9,,12375,3,,,0,8,,12376,9,,,0,49,,12407,3,,,0,11,,12408,9,,,0,11,,12409,3,,,0,11,,12410,9,,,0,10,,12411,3,,,0,10,,12412,9,,,0,50,,12413,3,,,0,8,,12414,9,,,0,10,,12415,3,,,0,10,,12416,9,,,0,10,,12417,3,,,0,10,,12418,9,,,0,50,,12419,3,,,0,10,,12377,9,,,0,10,,12378,3,,,0,9,,12420,9,,,0,10,,12379,3,,,0,9,,12380,9,,,0,51,,12381,3,,,0,11,,12421,9,,,0,11,,12382,3,,,0,11,,12383,9,,,0,10,,12384,3,,,0,9,,12385,9,,,0,48,,12386,9,,,0,10,,12422,9,,,0,10,,12423,9,,,0,9,,12424,9,,,0,10,,12425,9,,,0,9,,12426,9,,,0,48,,12427,9,,,0,10,,12428,9,,,0,12,,12429,9,,,0,12,,12430,9,,,0,12,,12431,9,,,0,10,,12432,9,,,0,50,,12433,9,,,0,10,,12434,9,,,0,11,,12435,9,,,0,10,,12436,9,,,0,10,,12437,3,,,0,10,,12438,9,,,0,50,,12439,3,,,0,13,,12441,9,,,0,19,,12440,9,,,0,60,,12387,3,,,0,21,,12388,3,,,0,20,,12389,3,,,0,61,,12390,3,,,0,20,,12391,3,,,0,20,,12392,3,,,0
1000001,'S2-5_2',533,,12444,3,,,0,20,,12445,3,,,0,59,,12446,3,,,0,20,,12447,3,,,0,20,,12448,3,,,0,49,,12528,3,,,0,9,,12529,3,,,0,9,,12479,9,,,0,9,,12480,9,,,0,9,,12481,9,,,0,11,,12482,9,,,0,10,,12483,9,,,0,50,,12484,9,,,0,10,,12485,9,,,0,11,,12486,9,,,0,10,,12487,9,,,0,10,,12488,9,,,0,51,,12489,9,,,0,11,,12490,9,,,0,11,,12449,3,,,0,11,,12450,9,,,0,10,,12451,3,,,0,10,,12452,9,,,0,51,,12453,3,,,0,11,,12491,9,,,0,11,,12454,3,,,0,10,,12455,9,,,0,10,,12456,3,,,0,11,,12457,9,,,0,50,,12458,3,,,0,11,,12492,9,,,0,11,,12459,3,,,0,11,,12460,9,,,0,9,,12461,3,,,0,8,,12462,9,,,0,49,,12493,3,,,0,11,,12494,9,,,0,11,,12495,3,,,0,11,,12496,9,,,0,10,,12497,3,,,0,10,,12498,9,,,0,50,,12499,3,,,0,8,,12500,9,,,0,10,,12501,3,,,0,10,,12502,9,,,0,10,,12503,3,,,0,10,,12504,9,,,0,50,,12505,3,,,0,10,,12463,9,,,0,10,,12464,3,,,0,9,,12506,9,,,0,10,,12465,3,,,0,9,,12466,9,,,0,51,,12467,3,,,0,11,,12507,9,,,0,11,,12468,3,,,0,11,,12469,9,,,0,10,,12470,3,,,0,9,,12471,9,,,0,48,,12472,9,,,0,10,,12508,9,,,0,10,,12509,9,,,0,9,,12510,9,,,0,10,,12511,9,,,0,9,,12512,9,,,0,48,,12513,9,,,0,10,,12514,9,,,0,12,,12515,9,,,0,12,,12516,9,,,0,12,,12517,9,,,0,10,,12518,9,,,0,50,,12519,9,,,0,10,,12520,9,,,0,11,,12521,9,,,0,10,,12522,9,,,0,10,,12523,3,,,0,10,,12524,9,,,0,50,,12525,3,,,0,13,,12527,9,,,0,19,,12526,9,,,0,60,,12473,3,,,0,21,,12474,3,,,0,20,,12475,3,,,0,61,,12476,3,,,0,20,,12477,3,,,0,20,,12478,3,,,0
1000001,'S2-5_4',533,,12530,3,,,0,20,,12531,3,,,0,59,,12532,3,,,0,20,,12533,3,,,0,20,,12534,3,,,0,49,,12614,3,,,0,9,,12615,3,,,0,9,,12565,9,,,0,9,,12566,9,,,0,9,,12567,9,,,0,11,,12568,9,,,0,10,,12569,9,,,0,50,,12570,9,,,0,10,,12571,9,,,0,11,,12572,9,,,0,10,,12573,9,,,0,10,,12574,9,,,0,51,,12575,9,,,0,11,,12576,9,,,0,11,,12535,3,,,0,11,,12536,9,,,0,10,,12537,3,,,0,10,,12538,9,,,0,51,,12539,3,,,0,11,,12577,9,,,0,11,,12540,3,,,0,10,,12541,9,,,0,10,,12542,3,,,0,11,,12543,9,,,0,50,,12544,3,,,0,11,,12578,9,,,0,11,,12545,3,,,0,11,,12546,9,,,0,9,,12547,3,,,0,8,,12548,9,,,0,49,,12579,3,,,0,11,,12580,9,,,0,11,,12581,3,,,0,11,,12582,9,,,0,10,,12583,3,,,0,10,,12584,9,,,0,50,,12585,3,,,0,8,,12586,9,,,0,10,,12587,3,,,0,10,,12588,9,,,0,10,,12589,3,,,0,10,,12590,9,,,0,50,,12591,3,,,0,10,,12549,9,,,0,10,,12550,3,,,0,9,,12592,9,,,0,10,,12551,3,,,0,9,,12552,9,,,0,51,,12553,3,,,0,11,,12593,9,,,0,11,,12554,3,,,0,11,,12555,9,,,0,10,,12556,3,,,0,9,,12557,9,,,0,48,,12558,9,,,0,10,,12594,9,,,0,10,,12595,9,,,0,9,,12596,9,,,0,10,,12597,9,,,0,9,,12598,9,,,0,48,,12599,9,,,0,10,,12600,9,,,0,12,,12601,9,,,0,12,,12602,9,,,0,12,,12603,9,,,0,10,,12604,9,,,0,50,,12605,9,,,0,10,,12606,9,,,0,11,,12607,9,,,0,10,,12608,9,,,0,10,,12609,3,,,0,10,,12610,9,,,0,50,,12611,3,,,0,13,,12613,9,,,0,19,,12612,9,,,0,60,,12559,3,,,0,21,,12560,3,,,0,20,,12561,3,,,0,61,,12562,3,,,0,20,,12563,3,,,0,20,,12564,3,,,0
1000001,'S2-5_5',533,,12616,3,,,0,20,,12617,3,,,0,59,,12618,3,,,0,20,,12619,3,,,0,20,,12620,3,,,0,49,,12700,3,,,0,9,,12701,3,,,0,9,,12651,9,,,0,9,,12652,9,,,0,9,,12653,9,,,0,11,,12654,9,,,0,10,,12655,9,,,0,50,,12656,9,,,0,10,,12657,9,,,0,11,,12658,9,,,0,10,,12659,9,,,0,10,,12660,9,,,0,51,,12661,9,,,0,11,,12662,9,,,0,11,,12621,3,,,0,11,,12622,9,,,0,10,,12623,3,,,0,10,,12624,9,,,0,51,,12625,3,,,0,11,,12663,9,,,0,11,,12626,3,,,0,10,,12627,9,,,0,10,,12628,3,,,0,11,,12629,9,,,0,50,,12630,3,,,0,11,,12664,9,,,0,11,,12631,3,,,0,11,,12632,9,,,0,9,,12633,3,,,0,8,,12634,9,,,0,49,,12665,3,,,0,11,,12666,9,,,0,11,,12667,3,,,0,11,,12668,9,,,0,10,,12669,3,,,0,10,,12670,9,,,0,50,,12671,3,,,0,8,,12672,9,,,0,10,,12673,3,,,0,10,,12674,9,,,0,10,,12675,3,,,0,10,,12676,9,,,0,50,,12677,3,,,0,10,,12635,9,,,0,10,,12636,3,,,0,9,,12678,9,,,0,10,,12637,3,,,0,9,,12638,9,,,0,51,,12639,3,,,0,11,,12679,9,,,0,11,,12640,3,,,0,11,,12641,9,,,0,10,,12642,3,,,0,9,,12643,9,,,0,48,,12644,9,,,0,10,,12680,9,,,0,10,,12681,9,,,0,9,,12682,9,,,0,10,,12683,9,,,0,9,,12684,9,,,0,48,,12685,9,,,0,10,,12686,9,,,0,12,,12687,9,,,0,12,,12688,9,,,0,12,,12689,9,,,0,10,,12690,9,,,0,50,,12691,9,,,0,10,,12692,9,,,0,11,,12693,9,,,0,10,,12694,9,,,0,10,,12695,3,,,0,10,,12696,9,,,0,50,,12697,3,,,0,13,,12699,9,,,0,19,,12698,9,,,0,60,,12645,3,,,0,21,,12646,3,,,0,20,,12647,3,,,0,61,,12648,3,,,0,20,,12649,3,,,0,20,,12650,3,,,0
1000001,'S2-6_3',533,,12702,3,,,0,20,,12703,3,,,0,59,,12704,3,,,0,20,,12705,3,,,0,20,,12706,3,,,0,49,,12786,3,,,0,9,,12787,3,,,0,9,,12737,9,,,0,9,,12738,9,,,0,9,,12739,9,,,0,11,,12740,9,,,0,10,,12741,9,,,0,50,,12742,9,,,0,10,,12743,9,,,0,11,,12744,9,,,0,10,,12745,9,,,0,10,,12746,9,,,0,51,,12747,9,,,0,11,,12748,9,,,0,11,,12707,3,,,0,11,,12708,9,,,0,10,,12709,3,,,0,10,,12710,9,,,0,51,,12711,3,,,0,11,,12749,9,,,0,11,,12712,3,,,0,10,,12713,9,,,0,10,,12714,3,,,0,11,,12715,9,,,0,50,,12716,3,,,0,11,,12750,9,,,0,11,,12717,3,,,0,11,,12718,9,,,0,9,,12719,3,,,0,8,,12720,9,,,0,49,,12751,3,,,0,11,,12752,9,,,0,11,,12753,3,,,0,11,,12754,9,,,0,10,,12755,3,,,0,10,,12756,9,,,0,50,,12757,3,,,0,8,,12758,9,,,0,10,,12759,3,,,0,10,,12760,9,,,0,10,,12761,3,,,0,10,,12762,9,,,0,50,,12763,3,,,0,10,,12721,9,,,0,10,,12722,3,,,0,9,,12764,9,,,0,10,,12723,3,,,0,9,,12724,9,,,0,51,,12725,3,,,0,11,,12765,9,,,0,11,,12726,3,,,0,11,,12727,9,,,0,10,,12728,3,,,0,9,,12729,9,,,0,48,,12730,9,,,0,10,,12766,9,,,0,10,,12767,9,,,0,9,,12768,9,,,0,10,,12769,9,,,0,9,,12770,9,,,0,48,,12771,9,,,0,10,,12772,9,,,0,12,,12773,9,,,0,12,,12774,9,,,0,12,,12775,9,,,0,10,,12776,9,,,0,50,,12777,9,,,0,10,,12778,9,,,0,11,,12779,9,,,0,10,,12780,9,,,0,10,,12781,3,,,0,10,,12782,9,,,0,50,,12783,3,,,0,13,,12785,9,,,0,19,,12784,9,,,0,60,,12731,3,,,0,21,,12732,3,,,0,20,,12733,3,,,0,61,,12734,3,,,0,20,,12735,3,,,0,20,,12736,3,,,0
3000000,'S2-1_6',659,,13647,26,,,0,83,,13648,26,,,0,82,,13649,26,,,0,30,,13650,26,,,0,60,,13651,26,,,0,20,,13652,26,,,0,21,,13653,26,,,0,60,,13654,26,,,0,20,,13655,26,,,0,20,,13656,26,,,0,61,,13657,26,,,0,19,,13658,26,,,0,20,,13659,26,,,0,61,,13660,26,,,0,19,,13661,26,,,0,19,,13662,26,,,0,59,,13663,26,,,0,20,,13664,26,,,0,21,,13665,26,,,0,59,,13666,26,,,0,21,,13667,26,,,0,20,,13668,26,,,0,61,,13669,26,,,0,20,,13670,26,,,0,20,,13671,26,,,0,60,,13672,26,,,0,20,,13673,26,,,0,21,,13674,26,,,0,60,,13675,26,,,0,20,,13676,26,,,0,20,,13677,26,,,0,60,,13678,26,,,0,19,,13679,26,,,0,18,,13680,26,,,0,59,,13681,26,,,0,30,,13682,26,,,0,70,,13683,26,,,0,29,,13684,26,,,0,69,,13685,26,,,0
3000000,'S2-4_7',821,,13687,26,,,0,130,,13688,26,,,0,170,,13695,26,,,0,130,,13694,26,,,0,170,,13693,26,,,0,130,,13691,26,,,0,100,,13701,11,4,,0,70,,13692,26,,,0,30,,13686,11,4,,0,70,,13696,11,4,,0,29,,13690,26,,,0,71,,13697,11,4,,0,30,,13698,11,4,,0,69,,13689,26,,,0,31,,13700,11,4,,0,70,,13699,11,4,,0
3000000,'S2-5_1',656,,13743,26,,,0,60,,13742,26,,,0,24,,13747,11,4,,0,2,,13702,26,,,0,10,,13744,11,4,,0,50,,13703,26,,,0,7,,13745,11,4,,0,10,,13704,26,,,0,8,,13746,11,4,,0,13,,13705,26,,,0,60,,13706,26,,,0,22,,13707,26,,,0,19,,13708,26,,,0,60,,13709,26,,,0,21,,13710,26,,,0,17,,13711,26,,,0,62,,13712,26,,,0,20,,13713,26,,,0,19,,13714,26,,,0,62,,13715,26,,,0,21,,13716,26,,,0,19,,13717,26,,,0,60,,13718,26,,,0,19,,13719,26,,,0,21,,13720,26,,,0,59,,13721,26,,,0,19,,13722,26,,,0,21,,13723,26,,,0,60,,13724,26,,,0,22,,13725,26,,,0,19,,13726,26,,,0,59,,13727,26,,,0,22,,13728,26,,,0,16,,13729,26,,,0,20,,13730,26,,,0,66,,13731,26,,,0,18,,13732,26,,,0,59,,13733,26,,,0,18,,13734,26,,,0,18,,13735,26,,,0,19,,13736,26,,,0,60,,13737,26,,,0,19,,13738,26,,,0,70,,13739,26,,,0,32,,13740,26,,,0,72,,13741,26,,,0
3000000,'S2-5_2',656,,13789,26,,,0,60,,13788,26,,,0,24,,13793,11,4,,0,2,,13748,26,,,0,10,,13790,11,4,,0,50,,13749,26,,,0,7,,13791,11,4,,0,10,,13750,26,,,0,8,,13792,11,4,,0,13,,13751,26,,,0,60,,13752,26,,,0,22,,13753,26,,,0,19,,13754,26,,,0,60,,13755,26,,,0,21,,13756,26,,,0,17,,13757,26,,,0,62,,13758,26,,,0,20,,13759,26,,,0,19,,13760,26,,,0,62,,13761,26,,,0,21,,13762,26,,,0,19,,13763,26,,,0,60,,13764,26,,,0,19,,13765,26,,,0,21,,13766,26,,,0,59,,13767,26,,,0,19,,13768,26,,,0,21,,13769,26,,,0,60,,13770,26,,,0,22,,13771,26,,,0,19,,13772,26,,,0,59,,13773,26,,,0,22,,13774,26,,,0,16,,13775,26,,,0,20,,13776,26,,,0,66,,13777,26,,,0,18,,13778,26,,,0,59,,13779,26,,,0,18,,13780,26,,,0,18,,13781,26,,,0,19,,13782,26,,,0,60,,13783,26,,,0,19,,13784,26,,,0,70,,13785,26,,,0,32,,13786,26,,,0,72,,13787,26,,,0
3000000,'S2-5_4',656,,13835,26,,,0,60,,13834,26,,,0,24,,13839,11,4,,0,2,,13794,26,,,0,10,,13836,11,4,,0,50,,13795,26,,,0,7,,13837,11,4,,0,10,,13796,26,,,0,8,,13838,11,4,,0,13,,13797,26,,,0,60,,13798,26,,,0,22,,13799,26,,,0,19,,13800,26,,,0,60,,13801,26,,,0,21,,13802,26,,,0,17,,13803,26,,,0,62,,13804,26,,,0,20,,13805,26,,,0,19,,13806,26,,,0,62,,13807,26,,,0,21,,13808,26,,,0,19,,13809,26,,,0,60,,13810,26,,,0,19,,13811,26,,,0,21,,13812,26,,,0,59,,13813,26,,,0,19,,13814,26,,,0,21,,13815,26,,,0,60,,13816,26,,,0,22,,13817,26,,,0,19,,13818,26,,,0,59,,13819,26,,,0,22,,13820,26,,,0,16,,13821,26,,,0,20,,13822,26,,,0,66,,13823,26,,,0,18,,13824,26,,,0,59,,13825,26,,,0,18,,13826,26,,,0,18,,13827,26,,,0,19,,13828,26,,,0,60,,13829,26,,,0,19,,13830,26,,,0,70,,13831,26,,,0,32,,13832,26,,,0,72,,13833,26,,,0
3000000,'S2-5_5',656,,13881,26,,,0,60,,13880,26,,,0,24,,13885,11,4,,0,2,,13840,26,,,0,10,,13882,11,4,,0,50,,13841,26,,,0,7,,13883,11,4,,0,10,,13842,26,,,0,8,,13884,11,4,,0,13,,13843,26,,,0,60,,13844,26,,,0,22,,13845,26,,,0,19,,13846,26,,,0,60,,13847,26,,,0,21,,13848,26,,,0,17,,13849,26,,,0,62,,13850,26,,,0,20,,13851,26,,,0,19,,13852,26,,,0,62,,13853,26,,,0,21,,13854,26,,,0,19,,13855,26,,,0,60,,13856,26,,,0,19,,13857,26,,,0,21,,13858,26,,,0,59,,13859,26,,,0,19,,13860,26,,,0,21,,13861,26,,,0,60,,13862,26,,,0,22,,13863,26,,,0,19,,13864,26,,,0,59,,13865,26,,,0,22,,13866,26,,,0,16,,13867,26,,,0,20,,13868,26,,,0,66,,13869,26,,,0,18,,13870,26,,,0,59,,13871,26,,,0,18,,13872,26,,,0,18,,13873,26,,,0,19,,13874,26,,,0,60,,13875,26,,,0,19,,13876,26,,,0,70,,13877,26,,,0,32,,13878,26,,,0,72,,13879,26,,,0
3000000,'S2-6_3',656,,13927,26,,,0,60,,13926,26,,,0,24,,13931,11,4,,0,2,,13886,26,,,0,10,,13928,11,4,,0,50,,13887,26,,,0,7,,13929,11,4,,0,10,,13888,26,,,0,8,,13930,11,4,,0,13,,13889,26,,,0,60,,13890,26,,,0,22,,13891,26,,,0,19,,13892,26,,,0,60,,13893,26,,,0,21,,13894,26,,,0,17,,13895,26,,,0,62,,13896,26,,,0,20,,13897,26,,,0,19,,13898,26,,,0,62,,13899,26,,,0,21,,13900,26,,,0,19,,13901,26,,,0,60,,13902,26,,,0,19,,13903,26,,,0,21,,13904,26,,,0,59,,13905,26,,,0,19,,13906,26,,,0,21,,13907,26,,,0,60,,13908,26,,,0,22,,13909,26,,,0,19,,13910,26,,,0,59,,13911,26,,,0,22,,13912,26,,,0,16,,13913,26,,,0,20,,13914,26,,,0,66,,13915,26,,,0,18,,13916,26,,,0,59,,13917,26,,,0,18,,13918,26,,,0,18,,13919,26,,,0,19,,13920,26,,,0,60,,13921,26,,,0,19,,13922,26,,,0,70,,13923,26,,,0,32,,13924,26,,,0,72,,13925,26,,,0
