501,'S2-0_6',739,,56026,24,,,0,99,,56027,24,,,0,98,,56028,24,,,0,102,,56029,24,,,0,98,,56030,24,,,0,99,,56031,24,,,0,80,,56032,24,,,0,38,,56033,24,,,0,97,,56034,24,,,0,102,,56035,24,,,0,100,,56036,24,,,0,74,,56037,24,,,0,28,,56038,24,,,0,98,,56039,24,,,0,97,,56040,24,,,0
501,'S2-1_7',1124,,56041,24,,,0,191,,56042,24,,,0,191,,56043,24,,,0,144,,56044,24,,,0,191,,56045,24,,,0
501,'S2-2_1',739,,56046,24,,,0,99,,56047,24,,,0,98,,56048,24,,,0,102,,56049,24,,,0,98,,56050,24,,,0,99,,56051,24,,,0,80,,56052,24,,,0,38,,56053,24,,,0,97,,56054,24,,,0,102,,56055,24,,,0,100,,56056,24,,,0,74,,56057,24,,,0,28,,56058,24,,,0,98,,56059,24,,,0,97,,56060,24,,,0
501,'S2-2_2',739,,56061,24,,,0,99,,56062,24,,,0,98,,56063,24,,,0,102,,56064,24,,,0,98,,56065,24,,,0,99,,56066,24,,,0,80,,56067,24,,,0,38,,56068,24,,,0,97,,56069,24,,,0,102,,56070,24,,,0,100,,56071,24,,,0,74,,56072,24,,,0,28,,56073,24,,,0,98,,56074,24,,,0,97,,56075,24,,,0
501,'S2-2_3',739,,56076,24,,,0,99,,56077,24,,,0,98,,56078,24,,,0,102,,56079,24,,,0,98,,56080,24,,,0,99,,56081,24,,,0,80,,56082,24,,,0,38,,56083,24,,,0,97,,56084,24,,,0,102,,56085,24,,,0,100,,56086,24,,,0,74,,56087,24,,,0,28,,56088,24,,,0,98,,56089,24,,,0,97,,56090,24,,,0
501,'S2-2_4',739,,56091,24,,,0,99,,56092,24,,,0,98,,56093,24,,,0,102,,56094,24,,,0,98,,56095,24,,,0,99,,56096,24,,,0,80,,56097,24,,,0,38,,56098,24,,,0,97,,56099,24,,,0,102,,56100,24,,,0,100,,56101,24,,,0,74,,56102,24,,,0,28,,56103,24,,,0,98,,56104,24,,,0,97,,56105,24,,,0
501,'S2-2_5',739,,56106,24,,,0,99,,56107,24,,,0,98,,56108,24,,,0,102,,56109,24,,,0,98,,56110,24,,,0,99,,56111,24,,,0,80,,56112,24,,,0,38,,56113,24,,,0,97,,56114,24,,,0,102,,56115,24,,,0,100,,56116,24,,,0,74,,56117,24,,,0,28,,56118,24,,,0,98,,56119,24,,,0,97,,56120,24,,,0
501,'S2-3_1',739,,56121,24,,,0,99,,56122,24,,,0,98,,56123,24,,,0,102,,56124,24,,,0,98,,56125,24,,,0,99,,56126,24,,,0,80,,56127,24,,,0,38,,56128,24,,,0,97,,56129,24,,,0,102,,56130,24,,,0,100,,56131,24,,,0,74,,56132,24,,,0,28,,56133,24,,,0,98,,56134,24,,,0,97,,56135,24,,,0
501,'S2-3_3',739,,56136,24,,,0,99,,56137,24,,,0,98,,56138,24,,,0,102,,56139,24,,,0,98,,56140,24,,,0,99,,56141,24,,,0,80,,56142,24,,,0,38,,56143,24,,,0,97,,56144,24,,,0,102,,56145,24,,,0,100,,56146,24,,,0,74,,56147,24,,,0,28,,56148,24,,,0,98,,56149,24,,,0,97,,56150,24,,,0
501,'S2-3_4',739,,56151,24,,,0,99,,56152,24,,,0,98,,56153,24,,,0,102,,56154,24,,,0,98,,56155,24,,,0,99,,56156,24,,,0,80,,56157,24,,,0,38,,56158,24,,,0,97,,56159,24,,,0,102,,56160,24,,,0,100,,56161,24,,,0,74,,56162,24,,,0,28,,56163,24,,,0,98,,56164,24,,,0,97,,56165,24,,,0
501,'S2-4_7',1124,,56166,24,,,0,191,,56167,24,,,0,191,,56168,24,,,0,144,,56169,24,,,0,191,,56170,24,,,0
