201,'2509-HIV-25j05H-d-Dimanche-00',926,,765,0,17 18 19,0,408,,766,0,17 18 19,0,277,,767,0,17 18 19,0,296,,768,0,17 18 19,0
201,'2509-HIV-25j26H-d-Dimanche-00',926,,785,0,17 18 19,0,408,,786,0,17 18 19,0,277,,787,0,17 18 19,0,296,,788,0,17 18 19,0
201,'2509-HIV-25k03H-s-Samedi-00',756,,821,0,17 18 19,0,159,,810,0,17 18 19,0,126,,823,0,17 18 19,0,110,,824,0,47 18 19,0,85,,813,0,17 18 19,0,107,,814,0,17 18 19,0,104,,815,0,17 18 19,0,90,,804,0,17 18 19,0,103,,805,0,17 18 19,0,165,,818,0,17 18 19,0,123,,831,0,17 18 19,0,72,,820,0,17 18 19,0
201,'2509-HIV-25l22Vlv-Semaine-00',751,,871,0,17 18 19,0,87,,867,0,17 18 19,0,87,,869,0,17 18 19,0,203,,859,0,17 18 19,0,118,,855,0,17 18 19,0,59,,862,0,17 18 19,0,116,,851,0,17 18 19,0,187,,849,0,17 18 19,0,45,,846,0,17 18 19,0,70,,847,0,17 18 19,0,36,,837,0,17 18 19,0,65,,836,0,17 18 19,0,29,,842,0,17 18 19,0,70,,838,0,17 18 19,0,82,,835,0,17 18 19,0
201,'2509-HIV-26a05H-s-Samedi-00',756,,896,0,17 18 19,0,159,,885,0,17 18 19,0,126,,898,0,17 18 19,0,110,,899,0,47 18 19,0,85,,888,0,17 18 19,0,107,,889,0,17 18 19,0,104,,890,0,17 18 19,0,90,,879,0,17 18 19,0,103,,880,0,17 18 19,0,165,,893,0,17 18 19,0,123,,906,0,17 18 19,0,72,,895,0,17 18 19,0
201,'2509-HIV-26a05H-w-Mercredi-00',750,,921,0,17 18 19,0,88,,930,0,17 18 19,0,88,,931,0,17 18 19,0,202,,923,0,17 18 19,0,118,,924,0,17 18 19,0,60,,943,0,17 18 19,0,116,,945,0,17 18 19,0,186,,914,0,17 18 19,0,47,,941,0,17 18 19,0,71,,940,0,17 18 19,0,75,,927,0,17 18 19,0,25,,915,0,17 18 19,0,29,,938,0,17 18 19,0,68,,928,0,17 18 19,0,81,,929,0,17 18 19,0
201,'2509-HIV-26a05Hlv-L-Ma-J-V-00',750,,961,0,17 18 19,0,88,,970,0,17 18 19,0,88,,971,0,17 18 19,0,202,,963,0,17 18 19,0,118,,964,0,17 18 19,0,60,,983,0,17 18 19,0,116,,985,0,17 18 19,0,186,,954,0,17 18 19,0,47,,981,0,17 18 19,0,71,,980,0,17 18 19,0,75,,967,0,17 18 19,0,25,,955,0,17 18 19,0,29,,978,0,17 18 19,0,68,,968,0,17 18 19,0,81,,969,0,17 18 19,0
201,'2509-HIV-26b23Vlv-Semaine-00',751,,1025,0,17 18 19,0,87,,1021,0,17 18 19,0,87,,1023,0,17 18 19,0,203,,1013,0,17 18 19,0,118,,1009,0,17 18 19,0,59,,1016,0,17 18 19,0,116,,1005,0,17 18 19,0,187,,1003,0,17 18 19,0,45,,1000,0,17 18 19,0,70,,1001,0,17 18 19,0,36,,991,0,17 18 19,0,65,,990,0,17 18 19,0,29,,996,0,17 18 19,0,70,,992,0,17 18 19,0,82,,989,0,17 18 19,0
201,'2509-HIV-26c02Vlv-Semaine-00',751,,1064,0,17 18 19,0,87,,1060,0,17 18 19,0,87,,1062,0,17 18 19,0,203,,1052,0,17 18 19,0,118,,1048,0,17 18 19,0,59,,1055,0,17 18 19,0,116,,1044,0,17 18 19,0,187,,1042,0,17 18 19,0,45,,1039,0,17 18 19,0,70,,1040,0,17 18 19,0,36,,1030,0,17 18 19,0,65,,1029,0,17 18 19,0,29,,1035,0,17 18 19,0,70,,1031,0,17 18 19,0,82,,1028,0,17 18 19,0
29000201,'2509-HIV-26a05H-w-Mercredi-00',1800,,7988,,,0,59,,7989,,,0
29000201,'2509-HIV-26a05Hlv-L-Ma-J-V-00',1800,,7990,,,0,59,,7991,,,0
