701,'S2-1_6',704,,9464,5,,,0,110,,9465,5,,,0,110,,9466,5,,,0,110,,9467,5,,,0,111,,9468,5,,,0,109,,9469,5,,,0,150,,9470,5,,,0,111,,9471,5,,,0,109,,9472,5,,,0,110,,9462,5,,,0,111,,9463,5,,,0
701,'S2-5_1',702,,9473,5,,,0,112,,9474,5,,,0,109,,9475,5,,,0,110,,9476,5,,,0,111,,9477,5,,,0,110,,9478,5,,,0,149,,9479,5,,,0,108,,9480,5,,,0,110,,9481,5,,,0,110,,9482,5,,,0,113,,9483,5,,,0
701,'S2-5_2',702,,9484,5,,,0,112,,9485,5,,,0,109,,9486,5,,,0,110,,9487,5,,,0,111,,9488,5,,,0,110,,9489,5,,,0,149,,9490,5,,,0,108,,9491,5,,,0,110,,9492,5,,,0,110,,9493,5,,,0,113,,9494,5,,,0
701,'S2-5_4',702,,9495,5,,,0,112,,9496,5,,,0,109,,9497,5,,,0,110,,9498,5,,,0,111,,9499,5,,,0,110,,9500,5,,,0,149,,9501,5,,,0,108,,9502,5,,,0,110,,9503,5,,,0,110,,9504,5,,,0,113,,9505,5,,,0
701,'S2-5_5',702,,9506,5,,,0,112,,9507,5,,,0,109,,9508,5,,,0,110,,9509,5,,,0,111,,9510,5,,,0,110,,9511,5,,,0,149,,9512,5,,,0,108,,9513,5,,,0,110,,9514,5,,,0,110,,9515,5,,,0,113,,9516,5,,,0
701,'S2-6_3',702,,9517,5,,,0,112,,9518,5,,,0,109,,9519,5,,,0,110,,9520,5,,,0,111,,9521,5,,,0,110,,9522,5,,,0,149,,9523,5,,,0,108,,9524,5,,,0,110,,9525,5,,,0,110,,9526,5,,,0,113,,9527,5,,,0
2401,'S2-5_1',725,,10758,9,0,18 19,0
2401,'S2-5_2',725,,10762,9,0,18 19,0
2401,'S2-5_4',725,,10766,9,0,18 19,0
2401,'S2-5_5',725,,10770,9,0,18 19,0
2401,'S2-6_3',725,,10774,9,0,18 19,0
