2401,'5_1',718,,18147,3,0,18 19,0
2401,'5_2',718,,18151,3,0,18 19,0
2401,'5_4',718,,18155,3,0,18 19,0
2401,'5_5',718,,18159,3,0,18 19,0
2401,'6_3',718,,18163,3,0,18 19,0
900500,'5_4',2124,,18841,11,,,0,90,,18842,11,,,0,90,,18843,11,,,0,50,,18844,11,,,0,88,,18845,11,,,0,83,,18846,11,,,0,30,,18847,11,,,0,70,,18848,11,,,0
1000000,'1_6',551,,19145,24,0,31 32 33,0,80,,19146,24,0,31 32 33,0,82,,19147,24,,,0,43,,19148,24,,,0,71,,19149,24,0,31 32 33,0,15,,19150,24,,,0,16,,19151,24,0,31 32 33,0,55,,19152,24,0,31 32 33,0,14,,19153,24,,,0,15,,19154,24,0,31 32 33,0,16,,19212,24,0,31 32 33,0,55,,19155,24,,,0,17,,19156,24,0,31 32 33,0,16,,19157,24,0,31 32 33,0,54,,19158,24,,,0,17,,19159,24,0,31 32 33,0,15,,19160,24,0,31 32 33,0,16,,19161,24,,,0,55,,19162,24,0,31 32 33,0,15,,19163,24,0,31 32 33,0,16,,19164,24,,,0,13,,19165,24,0,31 32 33,0,54,,19166,24,0,31 32 33,0,15,,19167,24,,,0,14,,19168,24,0,31 32 33,0,10,,19169,24,0,31 32 33,0,12,,19170,24,,,0,52,,19171,24,0,31 32 33,0,10,,19172,24,0,31 32 33,0,9,,19173,24,0,31 32 33,0,9,,19174,24,,,0,10,,19175,24,0,31 32 33,0,11,,19176,24,0,31 32 33,0,51,,19177,24,0,31 32 33,0,10,,19178,24,,,0,12,,19179,24,0,31 32 33,0,9,,19180,24,0,31 32 33,0,9,,19181,24,0,31 32 33,0,11,,19182,24,,,0,51,,19183,24,0,31 32 33,0,10,,19184,24,0,31 32 33,0,10,,19185,24,0,31 32 33,0,11,,19186,24,,,0,11,,19187,24,0,31 32 33,0,9,,19188,24,0,31 32 33,0,51,,19189,24,0,31 32 33,0,12,,19190,24,,,0,13,,19191,24,0,31 32 33,0,9,,19192,24,0,31 32 33,0,8,,19193,24,0,31 32 33,0,50,,19194,24,,,0,8,,19195,24,0,31 32 33,0,9,,19196,24,0,31 32 33,0,9,,19197,24,0,31 32 33,0,7,,19199,24,0,31 32 33,0,10,,19198,24,,,0,9,,19200,24,0,31 32 33,0,48,,19201,24,0,31 32 33,0,9,,19203,24,0,31 32 33,0,10,,19202,24,0,31 32 33,0,11,,19204,24,0,31 32 33,0,21,,19205,24,0,31 32 33,0,56,,19206,24,0,31 32 33,0,20,,19207,24,0,31 32 33,0,19,,19208,24,0,31 32 33,0,59,,19209,24,0,31 32 33,0,19,,19210,24,0,31 32 33,0,19,,19211,24,0,31 32 33,0
1000000,'4_7',825,,19213,24,0,31 32 33,0,80,,19214,24,0,31 32 33,0,40,,19215,24,0,31 32 33,0,80,,19216,24,0,31 32 33,0,80,,19217,24,0,31 32 33,0,40,,19218,24,0,31 32 33,0,80,,19219,24,0,31 32 33,0,80,,19220,24,0,31 32 33,0,40,,19221,24,0,31 32 33,0,80,,19222,24,0,31 32 33,0,80,,19223,24,0,31 32 33,0,40,,19224,24,0,31 32 33,0,80,,19225,24,0,31 32 33,0,80,,19226,24,0,31 32 33,0,40,,19227,24,0,31 32 33,0,80,,19228,24,0,31 32 33,0,80,,19229,24,0,31 32 33,0,40,,19230,24,0,31 32 33,0
1000000,'5_1',556,,19231,24,0,31 32 33,0,60,,19232,24,0,31 32 33,0,21,,19313,24,0,31 32 33,0,20,,19314,24,,,0,55,,19316,24,,,0,12,,19312,24,,,0,10,,19265,24,,,0,6,,19310,10,,,0,3,,19266,24,,,0,10,,19267,24,,,0,50,,19268,24,,,0,10,,19269,24,,,0,11,,19270,24,,,0,10,,19271,24,,,0,10,,19272,24,,,0,9,,19315,24,,,0,48,,19233,24,0,31 32 33,0,9,,19234,24,,,0,10,,19235,24,0,31 32 33,0,10,,19236,24,,,0,11,,19237,24,0,31 32 33,0,10,,19273,24,,,0,51,,19238,24,0,31 32 33,0,11,,19239,24,,,0,11,,19240,24,0,31 32 33,0,11,,19241,24,,,0,11,,19242,24,0,31 32 33,0,10,,19243,24,,,0,51,,19245,24,0,31 32 33,0,10,,19244,24,,,0,11,,19275,24,0,31 32 33,0,12,,19274,24,,,0,11,,19276,24,0,31 32 33,0,52,,19277,24,,,0,10,,19278,24,0,31 32 33,0,10,,19279,24,,,0,10,,19280,24,0,31 32 33,0,11,,19281,24,,,0,10,,19282,24,0,31 32 33,0,50,,19283,24,,,0,10,,19284,24,0,31 32 33,0,10,,19285,24,,,0,9,,19286,24,0,31 32 33,0,10,,19287,24,,,0,10,,19246,24,0,31 32 33,0,51,,19247,24,,,0,10,,19288,24,0,31 32 33,0,10,,19248,24,,,0,9,,19249,24,0,31 32 33,0,11,,19250,24,,,0,10,,19289,24,0,31 32 33,0,51,,19251,24,,,0,10,,19252,24,0,31 32 33,0,10,,19253,24,,,0,10,,19254,24,0,31 32 33,0,11,,19290,24,,,0,12,,19291,24,,,0,50,,19292,24,,,0,10,,19293,24,,,0,10,,19294,24,,,0,10,,19295,24,,,0,10,,19296,24,,,0,11,,19297,24,,,0,51,,19298,24,,,0,10,,19299,24,,,0,11,,19300,24,,,0,10,,19301,24,,,0,9,,19302,24,,,0,8,,19303,24,,,0,49,,19304,24,,,0,9,,19305,24,,,0,9,,19306,24,0,31 32 33,0,9,,19307,24,,,0,8,,19311,24,0,31 32 33,0,9,,19255,24,0,31 32 33,0,49,,19308,24,,,0,10,,19256,24,0,31 32 33,0,10,,19309,24,,,0,9,,19257,24,0,31 32 33,0,19,,19258,24,0,31 32 33,0,60,,19259,24,0,31 32 33,0,18,,19260,24,0,31 32 33,0,19,,19261,24,0,31 32 33,0,60,,19262,24,0,31 32 33,0,20,,19263,24,0,31 32 33,0,20,,19264,24,0,31 32 33,0
1000000,'5_2',556,,19317,24,0,31 32 33,0,60,,19318,24,0,31 32 33,0,21,,19399,24,0,31 32 33,0,20,,19400,24,,,0,55,,19402,24,,,0,12,,19398,24,,,0,10,,19351,24,,,0,6,,19396,10,,,0,3,,19352,24,,,0,10,,19353,24,,,0,50,,19354,24,,,0,10,,19355,24,,,0,11,,19356,24,,,0,10,,19357,24,,,0,10,,19358,24,,,0,9,,19401,24,,,0,48,,19319,24,0,31 32 33,0,9,,19320,24,,,0,10,,19321,24,0,31 32 33,0,10,,19322,24,,,0,11,,19323,24,0,31 32 33,0,10,,19359,24,,,0,51,,19324,24,0,31 32 33,0,11,,19325,24,,,0,11,,19326,24,0,31 32 33,0,11,,19327,24,,,0,11,,19328,24,0,31 32 33,0,10,,19329,24,,,0,51,,19331,24,0,31 32 33,0,10,,19330,24,,,0,11,,19361,24,0,31 32 33,0,12,,19360,24,,,0,11,,19362,24,0,31 32 33,0,52,,19363,24,,,0,10,,19364,24,0,31 32 33,0,10,,19365,24,,,0,10,,19366,24,0,31 32 33,0,11,,19367,24,,,0,10,,19368,24,0,31 32 33,0,50,,19369,24,,,0,10,,19370,24,0,31 32 33,0,10,,19371,24,,,0,9,,19372,24,0,31 32 33,0,10,,19373,24,,,0,10,,19332,24,0,31 32 33,0,51,,19333,24,,,0,10,,19374,24,0,31 32 33,0,10,,19334,24,,,0,9,,19335,24,0,31 32 33,0,11,,19336,24,,,0,10,,19375,24,0,31 32 33,0,51,,19337,24,,,0,10,,19338,24,0,31 32 33,0,10,,19339,24,,,0,10,,19340,24,0,31 32 33,0,11,,19376,24,,,0,12,,19377,24,,,0,50,,19378,24,,,0,10,,19379,24,,,0,10,,19380,24,,,0,10,,19381,24,,,0,10,,19382,24,,,0,11,,19383,24,,,0,51,,19384,24,,,0,10,,19385,24,,,0,11,,19386,24,,,0,10,,19387,24,,,0,9,,19388,24,,,0,8,,19389,24,,,0,49,,19390,24,,,0,9,,19391,24,,,0,9,,19392,24,0,31 32 33,0,9,,19393,24,,,0,8,,19397,24,0,31 32 33,0,9,,19341,24,0,31 32 33,0,49,,19394,24,,,0,10,,19342,24,0,31 32 33,0,10,,19395,24,,,0,9,,19343,24,0,31 32 33,0,19,,19344,24,0,31 32 33,0,60,,19345,24,0,31 32 33,0,18,,19346,24,0,31 32 33,0,19,,19347,24,0,31 32 33,0,60,,19348,24,0,31 32 33,0,20,,19349,24,0,31 32 33,0,20,,19350,24,0,31 32 33,0
1000000,'5_4',556,,19403,24,0,31 32 33,0,60,,19404,24,0,31 32 33,0,21,,19485,24,0,31 32 33,0,20,,19486,24,,,0,55,,19488,24,,,0,12,,19484,24,,,0,10,,19437,24,,,0,6,,19482,10,,,0,3,,19438,24,,,0,10,,19439,24,,,0,50,,19440,24,,,0,10,,19441,24,,,0,11,,19442,24,,,0,10,,19443,24,,,0,10,,19444,24,,,0,9,,19487,24,,,0,48,,19405,24,0,31 32 33,0,9,,19406,24,,,0,10,,19407,24,0,31 32 33,0,10,,19408,24,,,0,11,,19409,24,0,31 32 33,0,10,,19445,24,,,0,51,,19410,24,0,31 32 33,0,11,,19411,24,,,0,11,,19412,24,0,31 32 33,0,11,,19413,24,,,0,11,,19414,24,0,31 32 33,0,10,,19415,24,,,0,51,,19417,24,0,31 32 33,0,10,,19416,24,,,0,11,,19447,24,0,31 32 33,0,12,,19446,24,,,0,11,,19448,24,0,31 32 33,0,52,,19449,24,,,0,10,,19450,24,0,31 32 33,0,10,,19451,24,,,0,10,,19452,24,0,31 32 33,0,11,,19453,24,,,0,10,,19454,24,0,31 32 33,0,50,,19455,24,,,0,10,,19456,24,0,31 32 33,0,10,,19457,24,,,0,9,,19458,24,0,31 32 33,0,10,,19459,24,,,0,10,,19418,24,0,31 32 33,0,51,,19419,24,,,0,10,,19460,24,0,31 32 33,0,10,,19420,24,,,0,9,,19421,24,0,31 32 33,0,11,,19422,24,,,0,10,,19461,24,0,31 32 33,0,51,,19423,24,,,0,10,,19424,24,0,31 32 33,0,10,,19425,24,,,0,10,,19426,24,0,31 32 33,0,11,,19462,24,,,0,12,,19463,24,,,0,50,,19464,24,,,0,10,,19465,24,,,0,10,,19466,24,,,0,10,,19467,24,,,0,10,,19468,24,,,0,11,,19469,24,,,0,51,,19470,24,,,0,10,,19471,24,,,0,11,,19472,24,,,0,10,,19473,24,,,0,9,,19474,24,,,0,8,,19475,24,,,0,49,,19476,24,,,0,9,,19477,24,,,0,9,,19478,24,0,31 32 33,0,9,,19479,24,,,0,8,,19483,24,0,31 32 33,0,9,,19427,24,0,31 32 33,0,49,,19480,24,,,0,10,,19428,24,0,31 32 33,0,10,,19481,24,,,0,9,,19429,24,0,31 32 33,0,19,,19430,24,0,31 32 33,0,60,,19431,24,0,31 32 33,0,18,,19432,24,0,31 32 33,0,19,,19433,24,0,31 32 33,0,60,,19434,24,0,31 32 33,0,20,,19435,24,0,31 32 33,0,20,,19436,24,0,31 32 33,0
1000000,'5_5',556,,19489,24,0,31 32 33,0,60,,19490,24,0,31 32 33,0,21,,19571,24,0,31 32 33,0,20,,19572,24,,,0,55,,19574,24,,,0,12,,19570,24,,,0,10,,19523,24,,,0,6,,19568,10,,,0,3,,19524,24,,,0,10,,19525,24,,,0,50,,19526,24,,,0,10,,19527,24,,,0,11,,19528,24,,,0,10,,19529,24,,,0,10,,19530,24,,,0,9,,19573,24,,,0,48,,19491,24,0,31 32 33,0,9,,19492,24,,,0,10,,19493,24,0,31 32 33,0,10,,19494,24,,,0,11,,19495,24,0,31 32 33,0,10,,19531,24,,,0,51,,19496,24,0,31 32 33,0,11,,19497,24,,,0,11,,19498,24,0,31 32 33,0,11,,19499,24,,,0,11,,19500,24,0,31 32 33,0,10,,19501,24,,,0,51,,19503,24,0,31 32 33,0,10,,19502,24,,,0,11,,19533,24,0,31 32 33,0,12,,19532,24,,,0,11,,19534,24,0,31 32 33,0,52,,19535,24,,,0,10,,19536,24,0,31 32 33,0,10,,19537,24,,,0,10,,19538,24,0,31 32 33,0,11,,19539,24,,,0,10,,19540,24,0,31 32 33,0,50,,19541,24,,,0,10,,19542,24,0,31 32 33,0,10,,19543,24,,,0,9,,19544,24,0,31 32 33,0,10,,19545,24,,,0,10,,19504,24,0,31 32 33,0,51,,19505,24,,,0,10,,19546,24,0,31 32 33,0,10,,19506,24,,,0,9,,19507,24,0,31 32 33,0,11,,19508,24,,,0,10,,19547,24,0,31 32 33,0,51,,19509,24,,,0,10,,19510,24,0,31 32 33,0,10,,19511,24,,,0,10,,19512,24,0,31 32 33,0,11,,19548,24,,,0,12,,19549,24,,,0,50,,19550,24,,,0,10,,19551,24,,,0,10,,19552,24,,,0,10,,19553,24,,,0,10,,19554,24,,,0,11,,19555,24,,,0,51,,19556,24,,,0,10,,19557,24,,,0,11,,19558,24,,,0,10,,19559,24,,,0,9,,19560,24,,,0,8,,19561,24,,,0,49,,19562,24,,,0,9,,19563,24,,,0,9,,19564,24,0,31 32 33,0,9,,19565,24,,,0,8,,19569,24,0,31 32 33,0,9,,19513,24,0,31 32 33,0,49,,19566,24,,,0,10,,19514,24,0,31 32 33,0,10,,19567,24,,,0,9,,19515,24,0,31 32 33,0,19,,19516,24,0,31 32 33,0,60,,19517,24,0,31 32 33,0,18,,19518,24,0,31 32 33,0,19,,19519,24,0,31 32 33,0,60,,19520,24,0,31 32 33,0,20,,19521,24,0,31 32 33,0,20,,19522,24,0,31 32 33,0
1000000,'6_3',556,,19575,24,0,31 32 33,0,60,,19576,24,0,31 32 33,0,21,,19657,24,0,31 32 33,0,20,,19658,24,,,0,55,,19660,24,,,0,12,,19656,24,,,0,10,,19609,24,,,0,6,,19654,10,,,0,3,,19610,24,,,0,10,,19611,24,,,0,50,,19612,24,,,0,10,,19613,24,,,0,11,,19614,24,,,0,10,,19615,24,,,0,10,,19616,24,,,0,9,,19659,24,,,0,48,,19577,24,0,31 32 33,0,9,,19578,24,,,0,10,,19579,24,0,31 32 33,0,10,,19580,24,,,0,11,,19581,24,0,31 32 33,0,10,,19617,24,,,0,51,,19582,24,0,31 32 33,0,11,,19583,24,,,0,11,,19584,24,0,31 32 33,0,11,,19585,24,,,0,11,,19586,24,0,31 32 33,0,10,,19587,24,,,0,51,,19589,24,0,31 32 33,0,10,,19588,24,,,0,11,,19619,24,0,31 32 33,0,12,,19618,24,,,0,11,,19620,24,0,31 32 33,0,52,,19621,24,,,0,10,,19622,24,0,31 32 33,0,10,,19623,24,,,0,10,,19624,24,0,31 32 33,0,11,,19625,24,,,0,10,,19626,24,0,31 32 33,0,50,,19627,24,,,0,10,,19628,24,0,31 32 33,0,10,,19629,24,,,0,9,,19630,24,0,31 32 33,0,10,,19631,24,,,0,10,,19590,24,0,31 32 33,0,51,,19591,24,,,0,10,,19632,24,0,31 32 33,0,10,,19592,24,,,0,9,,19593,24,0,31 32 33,0,11,,19594,24,,,0,10,,19633,24,0,31 32 33,0,51,,19595,24,,,0,10,,19596,24,0,31 32 33,0,10,,19597,24,,,0,10,,19598,24,0,31 32 33,0,11,,19634,24,,,0,12,,19635,24,,,0,50,,19636,24,,,0,10,,19637,24,,,0,10,,19638,24,,,0,10,,19639,24,,,0,10,,19640,24,,,0,11,,19641,24,,,0,51,,19642,24,,,0,10,,19643,24,,,0,11,,19644,24,,,0,10,,19645,24,,,0,9,,19646,24,,,0,8,,19647,24,,,0,49,,19648,24,,,0,9,,19649,24,,,0,9,,19650,24,0,31 32 33,0,9,,19651,24,,,0,8,,19655,24,0,31 32 33,0,9,,19599,24,0,31 32 33,0,49,,19652,24,,,0,10,,19600,24,0,31 32 33,0,10,,19653,24,,,0,9,,19601,24,0,31 32 33,0,19,,19602,24,0,31 32 33,0,60,,19603,24,0,31 32 33,0,18,,19604,24,0,31 32 33,0,19,,19605,24,0,31 32 33,0,60,,19606,24,0,31 32 33,0,20,,19607,24,0,31 32 33,0,20,,19608,24,0,31 32 33,0
3000001,'1_6',631,,21321,4,,,0,80,,21322,4,,,0,44,,21323,4,,,0,77,,21324,4,,,0,20,,21325,4,,,0,60,,21326,4,,,0,20,,21327,4,,,0,20,,21328,4,,,0,60,,21329,4,,,0,20,,21330,4,,,0,20,,21331,4,,,0,60,,21332,4,,,0,20,,21333,4,,,0,20,,21334,4,,,0,59,,21335,4,,,0,20,,21336,4,,,0,20,,21337,4,,,0,60,,21338,4,,,0,20,,21339,4,,,0,20,,21340,4,,,0,60,,21341,4,,,0,20,,21342,4,,,0,21,,21343,4,,,0,60,,21344,4,,,0,20,,21345,4,,,0,20,,21346,4,,,0,60,,21347,4,,,0,20,,21348,4,,,0,20,,21349,4,,,0,60,,21350,4,,,0,20,,21351,4,,,0,19,,21352,4,,,0,60,,21353,4,,,0,20,,21354,4,,,0,20,,21355,4,,,0,71,,21357,4,,,0,29,,21358,4,,,0,70,,21356,4,,,0,30,,21359,4,,,0
3000001,'4_7',839,,21360,4,,,0,170,,21368,4,,,0,130,,21367,4,,,0,170,,21366,4,,,0,130,,21363,4,,,0,170,,21364,4,,,0,130,,21365,4,,,0,170,,21362,4,,,0,130,,21361,4,,,0
3000001,'5_1',638,,21410,4,,,0,18,,21369,4,,,0,59,,21370,4,,,0,19,,21371,4,,,0,23,,21372,4,,,0,61,,21373,4,,,0,20,,21374,4,,,0,21,,21375,4,,,0,60,,21376,4,,,0,19,,21377,4,,,0,20,,21378,4,,,0,60,,21379,4,,,0,19,,21380,4,,,0,20,,21381,4,,,0,59,,21382,4,,,0,21,,21383,4,,,0,18,,21384,4,,,0,62,,21385,4,,,0,21,,21386,4,,,0,20,,21387,4,,,0,59,,21388,4,,,0,19,,21389,4,,,0,21,,21390,4,,,0,60,,21391,4,,,0,20,,21392,4,,,0,20,,21393,4,,,0,62,,21394,4,,,0,19,,21395,4,,,0,19,,21396,4,,,0,53,,21411,1,0,11 12,0,7,,21397,4,,,0,13,,21412,1,0,11 12,0,9,,21398,4,,,0,11,,21413,1,0,11 12,0,8,,21399,4,,,0,52,,21414,1,0,11 12,0,9,,21400,4,,,0,11,,21415,1,0,11 12,0,11,,21401,4,,,0,9,,21416,1,0,11 12,0,8,,21402,4,,,0,52,,21417,1,0,11 12,0,7,,21403,4,,,0,13,,21418,1,0,11 12,0,9,,21404,4,,,0,20,,21405,4,,,0,63,,21406,4,,,0,26,,21407,4,,,0,69,,21408,4,,,0,33,,21409,4,,,0
3000001,'5_2',638,,21460,4,,,0,18,,21419,4,,,0,59,,21420,4,,,0,19,,21421,4,,,0,23,,21422,4,,,0,61,,21423,4,,,0,20,,21424,4,,,0,21,,21425,4,,,0,60,,21426,4,,,0,19,,21427,4,,,0,20,,21428,4,,,0,60,,21429,4,,,0,19,,21430,4,,,0,20,,21431,4,,,0,59,,21432,4,,,0,21,,21433,4,,,0,18,,21434,4,,,0,62,,21435,4,,,0,21,,21436,4,,,0,20,,21437,4,,,0,59,,21438,4,,,0,19,,21439,4,,,0,21,,21440,4,,,0,60,,21441,4,,,0,20,,21442,4,,,0,20,,21443,4,,,0,62,,21444,4,,,0,19,,21445,4,,,0,19,,21446,4,,,0,53,,21461,1,0,11 12,0,7,,21447,4,,,0,13,,21462,1,0,11 12,0,9,,21448,4,,,0,11,,21463,1,0,11 12,0,8,,21449,4,,,0,52,,21464,1,0,11 12,0,9,,21450,4,,,0,11,,21465,1,0,11 12,0,11,,21451,4,,,0,9,,21466,1,0,11 12,0,8,,21452,4,,,0,52,,21467,1,0,11 12,0,7,,21453,4,,,0,13,,21468,1,0,11 12,0,9,,21454,4,,,0,20,,21455,4,,,0,63,,21456,4,,,0,26,,21457,4,,,0,69,,21458,4,,,0,33,,21459,4,,,0
3000001,'5_4',638,,21510,4,,,0,18,,21469,4,,,0,59,,21470,4,,,0,19,,21471,4,,,0,23,,21472,4,,,0,61,,21473,4,,,0,20,,21474,4,,,0,21,,21475,4,,,0,60,,21476,4,,,0,19,,21477,4,,,0,20,,21478,4,,,0,60,,21479,4,,,0,19,,21480,4,,,0,20,,21481,4,,,0,59,,21482,4,,,0,21,,21483,4,,,0,18,,21484,4,,,0,62,,21485,4,,,0,21,,21486,4,,,0,20,,21487,4,,,0,59,,21488,4,,,0,19,,21489,4,,,0,21,,21490,4,,,0,60,,21491,4,,,0,20,,21492,4,,,0,20,,21493,4,,,0,62,,21494,4,,,0,19,,21495,4,,,0,19,,21496,4,,,0,53,,21511,1,0,11 12,0,7,,21497,4,,,0,13,,21512,1,0,11 12,0,9,,21498,4,,,0,11,,21513,1,0,11 12,0,8,,21499,4,,,0,52,,21514,1,0,11 12,0,9,,21500,4,,,0,11,,21515,1,0,11 12,0,11,,21501,4,,,0,9,,21516,1,0,11 12,0,8,,21502,4,,,0,52,,21517,1,0,11 12,0,7,,21503,4,,,0,13,,21518,1,0,11 12,0,9,,21504,4,,,0,20,,21505,4,,,0,63,,21506,4,,,0,26,,21507,4,,,0,69,,21508,4,,,0,33,,21509,4,,,0
3000001,'5_5',638,,21560,4,,,0,18,,21519,4,,,0,59,,21520,4,,,0,19,,21521,4,,,0,23,,21522,4,,,0,61,,21523,4,,,0,20,,21524,4,,,0,21,,21525,4,,,0,60,,21526,4,,,0,19,,21527,4,,,0,20,,21528,4,,,0,60,,21529,4,,,0,19,,21530,4,,,0,20,,21531,4,,,0,59,,21532,4,,,0,21,,21533,4,,,0,18,,21534,4,,,0,62,,21535,4,,,0,21,,21536,4,,,0,20,,21537,4,,,0,59,,21538,4,,,0,19,,21539,4,,,0,21,,21540,4,,,0,60,,21541,4,,,0,20,,21542,4,,,0,20,,21543,4,,,0,62,,21544,4,,,0,19,,21545,4,,,0,19,,21546,4,,,0,53,,21561,1,0,11 12,0,7,,21547,4,,,0,13,,21562,1,0,11 12,0,9,,21548,4,,,0,11,,21563,1,0,11 12,0,8,,21549,4,,,0,52,,21564,1,0,11 12,0,9,,21550,4,,,0,11,,21565,1,0,11 12,0,11,,21551,4,,,0,9,,21566,1,0,11 12,0,8,,21552,4,,,0,52,,21567,1,0,11 12,0,7,,21553,4,,,0,13,,21568,1,0,11 12,0,9,,21554,4,,,0,20,,21555,4,,,0,63,,21556,4,,,0,26,,21557,4,,,0,69,,21558,4,,,0,33,,21559,4,,,0
3000001,'6_3',638,,21610,4,,,0,18,,21569,4,,,0,59,,21570,4,,,0,19,,21571,4,,,0,23,,21572,4,,,0,61,,21573,4,,,0,20,,21574,4,,,0,21,,21575,4,,,0,60,,21576,4,,,0,19,,21577,4,,,0,20,,21578,4,,,0,60,,21579,4,,,0,19,,21580,4,,,0,20,,21581,4,,,0,59,,21582,4,,,0,21,,21583,4,,,0,18,,21584,4,,,0,62,,21585,4,,,0,21,,21586,4,,,0,20,,21587,4,,,0,59,,21588,4,,,0,19,,21589,4,,,0,21,,21590,4,,,0,60,,21591,4,,,0,20,,21592,4,,,0,20,,21593,4,,,0,62,,21594,4,,,0,19,,21595,4,,,0,19,,21596,4,,,0,53,,21611,1,0,11 12,0,7,,21597,4,,,0,13,,21612,1,0,11 12,0,9,,21598,4,,,0,11,,21613,1,0,11 12,0,8,,21599,4,,,0,52,,21614,1,0,11 12,0,9,,21600,4,,,0,11,,21615,1,0,11 12,0,11,,21601,4,,,0,9,,21616,1,0,11 12,0,8,,21602,4,,,0,52,,21617,1,0,11 12,0,7,,21603,4,,,0,13,,21618,1,0,11 12,0,9,,21604,4,,,0,20,,21605,4,,,0,63,,21606,4,,,0,26,,21607,4,,,0,69,,21608,4,,,0,33,,21609,4,,,0
