600,'S2-0_6',720,,56171,25,,,0,103,,56172,25,,,0,79,,56173,25,,,0,111,,56174,25,,,0,45,,56175,25,,,0,99,,56176,25,,,0,84,,56177,25,,,0,87,,56185,25,,,0,84,,56178,25,,,0,45,,56186,16,,,0,92,,56179,25,,,0,94,,56180,25,,,0,93,,56181,25,,,0,89,,56182,25,,,0,86,,56183,25,,,0,90,,56184,25,,,0
600,'S2-1_7',853,,56187,16,,,0,150,,56188,16,,,0,120,,56189,16,,,0,200,,56190,16,,,0,120,,56191,16,,,0,111,,56192,16,,,0,148,,56193,16,,,0,106,,56194,16,,,0
600,'S2-2_1',720,,56195,25,,,0,103,,56196,25,,,0,79,,56197,25,,,0,111,,56198,25,,,0,45,,56199,25,,,0,99,,56200,25,,,0,84,,56201,25,,,0,87,,56209,25,,,0,84,,56202,25,,,0,45,,56210,16,,,0,92,,56203,25,,,0,94,,56204,25,,,0,93,,56205,25,,,0,89,,56206,25,,,0,86,,56207,25,,,0,90,,56208,25,,,0
600,'S2-2_2',720,,56211,25,,,0,103,,56212,25,,,0,79,,56213,25,,,0,111,,56214,25,,,0,45,,56215,25,,,0,99,,56216,25,,,0,84,,56217,25,,,0,87,,56225,25,,,0,84,,56218,25,,,0,45,,56226,16,,,0,92,,56219,25,,,0,94,,56220,25,,,0,93,,56221,25,,,0,89,,56222,25,,,0,86,,56223,25,,,0,90,,56224,25,,,0
600,'S2-2_3',720,,56227,25,,,0,103,,56228,25,,,0,79,,56229,25,,,0,111,,56230,25,,,0,45,,56231,25,,,0,99,,56232,25,,,0,84,,56233,25,,,0,87,,56241,25,,,0,84,,56234,25,,,0,45,,56242,16,,,0,92,,56235,25,,,0,94,,56236,25,,,0,93,,56237,25,,,0,89,,56238,25,,,0,86,,56239,25,,,0,90,,56240,25,,,0
600,'S2-2_4',720,,56243,25,,,0,103,,56244,25,,,0,79,,56245,25,,,0,111,,56246,25,,,0,45,,56247,25,,,0,99,,56248,25,,,0,84,,56249,25,,,0,87,,56257,25,,,0,84,,56250,25,,,0,45,,56258,16,,,0,92,,56251,25,,,0,94,,56252,25,,,0,93,,56253,25,,,0,89,,56254,25,,,0,86,,56255,25,,,0,90,,56256,25,,,0
600,'S2-2_5',720,,56259,25,,,0,103,,56260,25,,,0,79,,56261,25,,,0,111,,56262,25,,,0,45,,56263,25,,,0,99,,56264,25,,,0,84,,56265,25,,,0,87,,56273,25,,,0,84,,56266,25,,,0,45,,56274,16,,,0,92,,56267,25,,,0,94,,56268,25,,,0,93,,56269,25,,,0,89,,56270,25,,,0,86,,56271,25,,,0,90,,56272,25,,,0
600,'S2-3_1',720,,56275,25,,,0,103,,56276,25,,,0,79,,56277,25,,,0,111,,56278,25,,,0,45,,56279,25,,,0,99,,56280,25,,,0,84,,56281,25,,,0,87,,56289,25,,,0,84,,56282,25,,,0,45,,56290,16,,,0,92,,56283,25,,,0,94,,56284,25,,,0,93,,56285,25,,,0,89,,56286,25,,,0,86,,56287,25,,,0,90,,56288,25,,,0
600,'S2-3_3',720,,56291,25,,,0,103,,56292,25,,,0,79,,56293,25,,,0,111,,56294,25,,,0,45,,56295,25,,,0,99,,56296,25,,,0,84,,56297,25,,,0,87,,56305,25,,,0,84,,56298,25,,,0,45,,56306,16,,,0,92,,56299,25,,,0,94,,56300,25,,,0,93,,56301,25,,,0,89,,56302,25,,,0,86,,56303,25,,,0,90,,56304,25,,,0
600,'S2-3_4',720,,56307,25,,,0,103,,56308,25,,,0,79,,56309,25,,,0,111,,56310,25,,,0,45,,56311,25,,,0,99,,56312,25,,,0,84,,56313,25,,,0,87,,56321,25,,,0,84,,56314,25,,,0,45,,56322,16,,,0,92,,56315,25,,,0,94,,56316,25,,,0,93,,56317,25,,,0,89,,56318,25,,,0,86,,56319,25,,,0,90,,56320,25,,,0
600,'S2-4_7',853,,56323,16,,,0,150,,56324,16,,,0,120,,56325,16,,,0,200,,56326,16,,,0,120,,56327,16,,,0,111,,56328,16,,,0,148,,56329,16,,,0,106,,56330,16,,,0
601,'S2-0_6',608,,56331,5,,,0,102,,56332,5,,,0,35,,56333,5,,,0,99,,56334,5,,,0,91,,56335,5,,,0,101,,56336,5,,,0,84,,56337,5,,,0,98,,56338,5,,,0,38,,56346,5,,,0,94,,56347,5,0,69,0,84,,56339,5,,,0,87,,56340,5,,,0,94,,56341,5,,,0,90,,56342,5,,,0,51,,56343,5,,,0,91,,56344,5,,,0,87,,56345,5,,,0
601,'S2-1_7',809,,56348,5,0,69,0,105,,56349,5,0,69,0,115,,56350,5,0,69,0,118,,56351,5,0,69,0,197,,56352,5,0,69,0,162,,56353,5,0,69,0,111,,56354,5,0,69,0,106,,56355,5,0,69,0,108,,56356,5,0,69,0
601,'S2-2_1',608,,56357,5,,,0,102,,56358,5,,,0,35,,56359,5,,,0,99,,56360,5,,,0,91,,56361,5,,,0,101,,56362,5,,,0,84,,56363,5,,,0,98,,56364,5,,,0,38,,56372,5,,,0,94,,56373,5,0,69,0,84,,56365,5,,,0,87,,56366,5,,,0,94,,56367,5,,,0,90,,56368,5,,,0,51,,56369,5,,,0,91,,56370,5,,,0,87,,56371,5,,,0
601,'S2-2_2',608,,56374,5,,,0,102,,56375,5,,,0,35,,56376,5,,,0,99,,56377,5,,,0,91,,56378,5,,,0,101,,56379,5,,,0,84,,56380,5,,,0,98,,56381,5,,,0,38,,56389,5,,,0,94,,56390,5,0,69,0,84,,56382,5,,,0,87,,56383,5,,,0,94,,56384,5,,,0,90,,56385,5,,,0,51,,56386,5,,,0,91,,56387,5,,,0,87,,56388,5,,,0
601,'S2-2_3',608,,56391,5,,,0,102,,56392,5,,,0,35,,56393,5,,,0,99,,56394,5,,,0,91,,56395,5,,,0,101,,56396,5,,,0,84,,56397,5,,,0,98,,56398,5,,,0,38,,56406,5,,,0,94,,56407,5,0,69,0,84,,56399,5,,,0,87,,56400,5,,,0,94,,56401,5,,,0,90,,56402,5,,,0,51,,56403,5,,,0,91,,56404,5,,,0,87,,56405,5,,,0
601,'S2-2_4',608,,56408,5,,,0,102,,56409,5,,,0,35,,56410,5,,,0,99,,56411,5,,,0,91,,56412,5,,,0,101,,56413,5,,,0,84,,56414,5,,,0,98,,56415,5,,,0,38,,56423,5,,,0,94,,56424,5,0,69,0,84,,56416,5,,,0,87,,56417,5,,,0,94,,56418,5,,,0,90,,56419,5,,,0,51,,56420,5,,,0,91,,56421,5,,,0,87,,56422,5,,,0
601,'S2-2_5',608,,56425,5,,,0,102,,56426,5,,,0,35,,56427,5,,,0,99,,56428,5,,,0,91,,56429,5,,,0,101,,56430,5,,,0,84,,56431,5,,,0,98,,56432,5,,,0,38,,56440,5,,,0,94,,56441,5,0,69,0,84,,56433,5,,,0,87,,56434,5,,,0,94,,56435,5,,,0,90,,56436,5,,,0,51,,56437,5,,,0,91,,56438,5,,,0,87,,56439,5,,,0
601,'S2-3_1',608,,56442,5,,,0,102,,56443,5,,,0,35,,56444,5,,,0,99,,56445,5,,,0,91,,56446,5,,,0,101,,56447,5,,,0,84,,56448,5,,,0,98,,56449,5,,,0,38,,56457,5,,,0,94,,56458,5,0,69,0,84,,56450,5,,,0,87,,56451,5,,,0,94,,56452,5,,,0,90,,56453,5,,,0,51,,56454,5,,,0,91,,56455,5,,,0,87,,56456,5,,,0
601,'S2-3_3',608,,56459,5,,,0,102,,56460,5,,,0,35,,56461,5,,,0,99,,56462,5,,,0,91,,56463,5,,,0,101,,56464,5,,,0,84,,56465,5,,,0,98,,56466,5,,,0,38,,56474,5,,,0,94,,56475,5,0,69,0,84,,56467,5,,,0,87,,56468,5,,,0,94,,56469,5,,,0,90,,56470,5,,,0,51,,56471,5,,,0,91,,56472,5,,,0,87,,56473,5,,,0
601,'S2-3_4',608,,56476,5,,,0,102,,56477,5,,,0,35,,56478,5,,,0,99,,56479,5,,,0,91,,56480,5,,,0,101,,56481,5,,,0,84,,56482,5,,,0,98,,56483,5,,,0,38,,56491,5,,,0,94,,56492,5,0,69,0,84,,56484,5,,,0,87,,56485,5,,,0,94,,56486,5,,,0,90,,56487,5,,,0,51,,56488,5,,,0,91,,56489,5,,,0,87,,56490,5,,,0
601,'S2-4_7',809,,56493,5,0,69,0,105,,56494,5,0,69,0,115,,56495,5,0,69,0,118,,56496,5,0,69,0,197,,56497,5,0,69,0,162,,56498,5,0,69,0,111,,56499,5,0,69,0,106,,56500,5,0,69,0,108,,56501,5,0,69,0
2500,'S2-0_6',730,,58029,1,,,0,112,,58030,1,,,0,166,,58031,1,,,0,113,,58032,1,,,0,129,,58033,1,,,0,152,,58034,1,,,0,131,,58035,1,,,0,120,,58036,1,,,0,161,,58037,1,,,0,116,,58038,1,,,0
2500,'S2-2_1',730,,58039,1,,,0,112,,58040,1,,,0,166,,58041,1,,,0,113,,58042,1,,,0,129,,58043,1,,,0,152,,58044,1,,,0,131,,58045,1,,,0,120,,58046,1,,,0,161,,58047,1,,,0,116,,58048,1,,,0
2500,'S2-2_2',730,,58049,1,,,0,112,,58050,1,,,0,166,,58051,1,,,0,113,,58052,1,,,0,129,,58053,1,,,0,152,,58054,1,,,0,131,,58055,1,,,0,120,,58056,1,,,0,161,,58057,1,,,0,116,,58058,1,,,0
2500,'S2-2_3',730,,58059,1,,,0,112,,58060,1,,,0,166,,58061,1,,,0,113,,58062,1,,,0,129,,58063,1,,,0,152,,58064,1,,,0,131,,58065,1,,,0,120,,58066,1,,,0,161,,58067,1,,,0,116,,58068,1,,,0
2500,'S2-2_4',730,,58069,1,,,0,112,,58070,1,,,0,166,,58071,1,,,0,113,,58072,1,,,0,129,,58073,1,,,0,152,,58074,1,,,0,131,,58075,1,,,0,120,,58076,1,,,0,161,,58077,1,,,0,116,,58078,1,,,0
2500,'S2-2_5',730,,58079,1,,,0,112,,58080,1,,,0,166,,58081,1,,,0,113,,58082,1,,,0,129,,58083,1,,,0,152,,58084,1,,,0,131,,58085,1,,,0,120,,58086,1,,,0,161,,58087,1,,,0,116,,58088,1,,,0
2500,'S2-3_1',730,,58089,1,,,0,112,,58090,1,,,0,166,,58091,1,,,0,113,,58092,1,,,0,129,,58093,1,,,0,152,,58094,1,,,0,131,,58095,1,,,0,120,,58096,1,,,0,161,,58097,1,,,0,116,,58098,1,,,0
2500,'S2-3_3',730,,58099,1,,,0,112,,58100,1,,,0,166,,58101,1,,,0,113,,58102,1,,,0,129,,58103,1,,,0,152,,58104,1,,,0,131,,58105,1,,,0,120,,58106,1,,,0,161,,58107,1,,,0,116,,58108,1,,,0
2500,'S2-3_4',730,,58109,1,,,0,112,,58110,1,,,0,166,,58111,1,,,0,113,,58112,1,,,0,129,,58113,1,,,0,152,,58114,1,,,0,131,,58115,1,,,0,120,,58116,1,,,0,161,,58117,1,,,0,116,,58118,1,,,0
2501,'S2-0_6',722,,58119,21,4,,0,112,,58120,21,4,,0,166,,58121,21,4,,0,112,,58122,21,4,,0,113,,58123,21,4,,0,129,,58124,21,4,,0,168,,58125,21,4,,0,121,,58126,21,4,,0,161,,58127,21,4,,0,116,,58128,21,4,,0
2501,'S2-2_1',722,,58129,21,4,,0,112,,58130,21,4,,0,166,,58131,21,4,,0,112,,58132,21,4,,0,113,,58133,21,4,,0,129,,58134,21,4,,0,168,,58135,21,4,,0,121,,58136,21,4,,0,161,,58137,21,4,,0,116,,58138,21,4,,0
2501,'S2-2_2',722,,58139,21,4,,0,112,,58140,21,4,,0,166,,58141,21,4,,0,112,,58142,21,4,,0,113,,58143,21,4,,0,129,,58144,21,4,,0,168,,58145,21,4,,0,121,,58146,21,4,,0,161,,58147,21,4,,0,116,,58148,21,4,,0
2501,'S2-2_3',722,,58149,21,4,,0,112,,58150,21,4,,0,166,,58151,21,4,,0,112,,58152,21,4,,0,113,,58153,21,4,,0,129,,58154,21,4,,0,168,,58155,21,4,,0,121,,58156,21,4,,0,161,,58157,21,4,,0,116,,58158,21,4,,0
2501,'S2-2_4',722,,58159,21,4,,0,112,,58160,21,4,,0,166,,58161,21,4,,0,112,,58162,21,4,,0,113,,58163,21,4,,0,129,,58164,21,4,,0,168,,58165,21,4,,0,121,,58166,21,4,,0,161,,58167,21,4,,0,116,,58168,21,4,,0
2501,'S2-2_5',722,,58169,21,4,,0,112,,58170,21,4,,0,166,,58171,21,4,,0,112,,58172,21,4,,0,113,,58173,21,4,,0,129,,58174,21,4,,0,168,,58175,21,4,,0,121,,58176,21,4,,0,161,,58177,21,4,,0,116,,58178,21,4,,0
2501,'S2-3_1',722,,58179,21,4,,0,112,,58180,21,4,,0,166,,58181,21,4,,0,112,,58182,21,4,,0,113,,58183,21,4,,0,129,,58184,21,4,,0,168,,58185,21,4,,0,121,,58186,21,4,,0,161,,58187,21,4,,0,116,,58188,21,4,,0
2501,'S2-3_3',722,,58189,21,4,,0,112,,58190,21,4,,0,166,,58191,21,4,,0,112,,58192,21,4,,0,113,,58193,21,4,,0,129,,58194,21,4,,0,168,,58195,21,4,,0,121,,58196,21,4,,0,161,,58197,21,4,,0,116,,58198,21,4,,0
2501,'S2-3_4',722,,58199,21,4,,0,112,,58200,21,4,,0,166,,58201,21,4,,0,112,,58202,21,4,,0,113,,58203,21,4,,0,129,,58204,21,4,,0,168,,58205,21,4,,0,121,,58206,21,4,,0,161,,58207,21,4,,0,116,,58208,21,4,,0
901500,'S2-0_6',831,,58694,2,,,0,20,,58695,2,,,0,60,,58696,2,,,0,20,,58697,2,,,0,20,,58698,2,,,0,60,,58699,2,,,0,20,,58700,2,,,0,20,,58701,2,,,0,60,,58702,2,,,0,20,,58703,2,,,0,20,,58704,2,,,0,60,,58705,2,,,0,20,,58706,2,,,0,20,,58707,2,,,0,60,,58708,2,,,0,20,,58709,2,,,0,20,,58710,2,,,0,60,,58711,2,,,0,20,,58712,2,,,0,80,,58713,2,,,0,20,,58714,2,,,0,20,,58715,2,,,0,60,,58716,2,,,0,20,,58717,2,,,0,20,,58718,2,,,0,60,,58719,2,,,0,20,,58720,2,,,0,20,,58721,2,,,0,60,,58722,2,,,0,20,,58723,2,,,0,20,,58724,2,,,0,60,,58725,2,,,0
901500,'S2-2_1',831,,58726,2,,,0,20,,58727,2,,,0,60,,58728,2,,,0,20,,58729,2,,,0,20,,58730,2,,,0,60,,58731,2,,,0,20,,58732,2,,,0,20,,58733,2,,,0,60,,58734,2,,,0,20,,58735,2,,,0,20,,58736,2,,,0,60,,58737,2,,,0,20,,58738,2,,,0,20,,58739,2,,,0,60,,58740,2,,,0,20,,58741,2,,,0,20,,58742,2,,,0,60,,58743,2,,,0,20,,58744,2,,,0,80,,58745,2,,,0,20,,58746,2,,,0,20,,58747,2,,,0,60,,58748,2,,,0,20,,58749,2,,,0,20,,58750,2,,,0,60,,58751,2,,,0,20,,58752,2,,,0,20,,58753,2,,,0,60,,58754,2,,,0,20,,58755,2,,,0,20,,58756,2,,,0,60,,58757,2,,,0
901500,'S2-2_2',831,,58758,2,,,0,20,,58759,2,,,0,60,,58760,2,,,0,20,,58761,2,,,0,20,,58762,2,,,0,60,,58763,2,,,0,20,,58764,2,,,0,20,,58765,2,,,0,60,,58766,2,,,0,20,,58767,2,,,0,20,,58768,2,,,0,60,,58769,2,,,0,20,,58770,2,,,0,20,,58771,2,,,0,60,,58772,2,,,0,20,,58773,2,,,0,20,,58774,2,,,0,60,,58775,2,,,0,20,,58776,2,,,0,80,,58777,2,,,0,20,,58778,2,,,0,20,,58779,2,,,0,60,,58780,2,,,0,20,,58781,2,,,0,20,,58782,2,,,0,60,,58783,2,,,0,20,,58784,2,,,0,20,,58785,2,,,0,60,,58786,2,,,0,20,,58787,2,,,0,20,,58788,2,,,0,60,,58789,2,,,0
901500,'S2-2_3',831,,58790,2,,,0,20,,58791,2,,,0,60,,58792,2,,,0,20,,58793,2,,,0,20,,58794,2,,,0,60,,58795,2,,,0,20,,58796,2,,,0,20,,58797,2,,,0,60,,58798,2,,,0,20,,58799,2,,,0,20,,58800,2,,,0,60,,58801,2,,,0,20,,58802,2,,,0,20,,58803,2,,,0,60,,58804,2,,,0,20,,58805,2,,,0,20,,58806,2,,,0,60,,58807,2,,,0,20,,58808,2,,,0,80,,58809,2,,,0,20,,58810,2,,,0,20,,58811,2,,,0,60,,58812,2,,,0,20,,58813,2,,,0,20,,58814,2,,,0,60,,58815,2,,,0,20,,58816,2,,,0,20,,58817,2,,,0,60,,58818,2,,,0,20,,58819,2,,,0,20,,58820,2,,,0,60,,58821,2,,,0
901500,'S2-2_4',831,,58822,2,,,0,20,,58823,2,,,0,60,,58824,2,,,0,20,,58825,2,,,0,20,,58826,2,,,0,60,,58827,2,,,0,20,,58828,2,,,0,20,,58829,2,,,0,60,,58830,2,,,0,20,,58831,2,,,0,20,,58832,2,,,0,60,,58833,2,,,0,20,,58834,2,,,0,20,,58835,2,,,0,60,,58836,2,,,0,20,,58837,2,,,0,20,,58838,2,,,0,60,,58839,2,,,0,20,,58840,2,,,0,80,,58841,2,,,0,20,,58842,2,,,0,20,,58843,2,,,0,60,,58844,2,,,0,20,,58845,2,,,0,20,,58846,2,,,0,60,,58847,2,,,0,20,,58848,2,,,0,20,,58849,2,,,0,60,,58850,2,,,0,20,,58851,2,,,0,20,,58852,2,,,0,60,,58853,2,,,0
901500,'S2-2_5',831,,58854,2,,,0,20,,58855,2,,,0,60,,58856,2,,,0,20,,58857,2,,,0,20,,58858,2,,,0,60,,58859,2,,,0,20,,58860,2,,,0,20,,58861,2,,,0,60,,58862,2,,,0,20,,58863,2,,,0,20,,58864,2,,,0,60,,58865,2,,,0,20,,58866,2,,,0,20,,58867,2,,,0,60,,58868,2,,,0,20,,58869,2,,,0,20,,58870,2,,,0,60,,58871,2,,,0,20,,58872,2,,,0,80,,58873,2,,,0,20,,58874,2,,,0,20,,58875,2,,,0,60,,58876,2,,,0,20,,58877,2,,,0,20,,58878,2,,,0,60,,58879,2,,,0,20,,58880,2,,,0,20,,58881,2,,,0,60,,58882,2,,,0,20,,58883,2,,,0,20,,58884,2,,,0,60,,58885,2,,,0
901500,'S2-3_1',831,,58886,2,,,0,20,,58887,2,,,0,60,,58888,2,,,0,20,,58889,2,,,0,20,,58890,2,,,0,60,,58891,2,,,0,20,,58892,2,,,0,20,,58893,2,,,0,60,,58894,2,,,0,20,,58895,2,,,0,20,,58896,2,,,0,60,,58897,2,,,0,20,,58898,2,,,0,20,,58899,2,,,0,60,,58900,2,,,0,20,,58901,2,,,0,20,,58902,2,,,0,60,,58903,2,,,0,20,,58904,2,,,0,80,,58905,2,,,0,20,,58906,2,,,0,20,,58907,2,,,0,60,,58908,2,,,0,20,,58909,2,,,0,20,,58910,2,,,0,60,,58911,2,,,0,20,,58912,2,,,0,20,,58913,2,,,0,60,,58914,2,,,0,20,,58915,2,,,0,20,,58916,2,,,0,60,,58917,2,,,0
901500,'S2-3_3',831,,58918,2,,,0,20,,58919,2,,,0,60,,58920,2,,,0,20,,58921,2,,,0,20,,58922,2,,,0,60,,58923,2,,,0,20,,58924,2,,,0,20,,58925,2,,,0,60,,58926,2,,,0,20,,58927,2,,,0,20,,58928,2,,,0,60,,58929,2,,,0,20,,58930,2,,,0,20,,58931,2,,,0,60,,58932,2,,,0,20,,58933,2,,,0,20,,58934,2,,,0,60,,58935,2,,,0,20,,58936,2,,,0,80,,58937,2,,,0,20,,58938,2,,,0,20,,58939,2,,,0,60,,58940,2,,,0,20,,58941,2,,,0,20,,58942,2,,,0,60,,58943,2,,,0,20,,58944,2,,,0,20,,58945,2,,,0,60,,58946,2,,,0,20,,58947,2,,,0,20,,58948,2,,,0,60,,58949,2,,,0
901500,'S2-3_4',831,,58950,2,,,0,20,,58951,2,,,0,60,,58952,2,,,0,20,,58953,2,,,0,20,,58954,2,,,0,60,,58955,2,,,0,20,,58956,2,,,0,20,,58957,2,,,0,60,,58958,2,,,0,20,,58959,2,,,0,20,,58960,2,,,0,60,,58961,2,,,0,20,,58962,2,,,0,20,,58963,2,,,0,60,,58964,2,,,0,20,,58965,2,,,0,20,,58966,2,,,0,60,,58967,2,,,0,20,,58968,2,,,0,80,,58969,2,,,0,20,,58970,2,,,0,20,,58971,2,,,0,60,,58972,2,,,0,20,,58973,2,,,0,20,,58974,2,,,0,60,,58975,2,,,0,20,,58976,2,,,0,20,,58977,2,,,0,60,,58978,2,,,0,20,,58979,2,,,0,20,,58980,2,,,0,60,,58981,2,,,0
2901200,'S2-2_1',720,,61119,15,,,0,100,,61120,15,,,0
2901200,'S2-2_2',720,,61121,15,,,0,100,,61122,15,,,0
2901200,'S2-2_3',720,,61123,15,,,0,100,,61124,15,,,0
2901200,'S2-2_4',720,,61125,15,,,0,100,,61126,15,,,0
2901200,'S2-2_5',720,,61127,15,,,0,100,,61128,15,,,0
2901200,'S2-3_1',720,,61129,15,,,0,100,,61130,15,,,0
2901200,'S2-3_3',720,,61131,15,,,0,100,,61132,15,,,0
2901200,'S2-3_4',720,,61133,15,,,0,100,,61134,15,,,0
2901201,'S2-2_1',1630,,61135,2,,,0,105,,61136,2,,,0,100,,61137,2,,,0
2901201,'S2-2_2',1630,,61138,2,,,0,105,,61139,2,,,0,100,,61140,2,,,0
2901201,'S2-2_3',1630,,61141,2,,,0,105,,61142,2,,,0,100,,61143,2,,,0
2901201,'S2-2_4',1630,,61144,2,,,0,105,,61145,2,,,0,100,,61146,2,,,0
2901201,'S2-2_5',1630,,61147,2,,,0,105,,61148,2,,,0,100,,61149,2,,,0
2901201,'S2-3_1',1630,,61150,2,,,0,105,,61151,2,,,0,100,,61152,2,,,0
2901201,'S2-3_3',1630,,61153,2,,,0,105,,61154,2,,,0,100,,61155,2,,,0
2901201,'S2-3_4',1630,,61156,2,,,0,105,,61157,2,,,0,100,,61158,2,,,0
