401,'2_6',738,,31419,48,,,0,116,,31426,48,0,41,0,73,,31420,48,,,0,28,,31427,48,0,41,0,72,,31428,48,0,41,0,29,,31429,48,0,41,0,73,,31421,48,,,0,27,,31430,48,0,41,0,73,,31431,48,0,41,0,29,,31432,48,0,41,0,72,,31422,48,,,0,27,,31433,48,0,41,0,69,,31434,48,0,41,0,32,,31435,48,0,41,0,71,,31423,48,,,0,28,,31436,48,0,41,0,74,,31437,48,0,41,0,73,,31438,48,0,41,0,31,,31424,48,,,0,72,,31439,48,0,41,0,31,,31440,48,0,41,0,71,,31441,48,0,41,0,28,,31442,48,0,41,0,70,,31425,48,,,0
401,'3_7',946,,31443,48,0,41,0,100,,31444,48,0,41,0,100,,31445,48,0,41,0,101,,31446,48,0,41,0,100,,31447,48,0,41,0,99,,31448,48,0,41,0,100,,31449,48,0,41,0,100,,31450,48,0,41,0,100,,31451,48,0,41,0,100,,31452,48,0,41,0
401,'5_1',743,,37558,56,0,41,0,10,,37544,48,0,41,0,55,,37559,50,0,41,0,16,,37545,48,0,41,0,13,,37565,50,,,0,20,,37546,48,0,41,0,55,,37547,48,0,41,0,40,,37548,48,0,41,0,71,,37549,48,0,41,0,77,,37550,48,0,41,0,34,,37567,48,,,0,69,,37551,48,0,41,0,29,,37552,48,0,41,0,21,,37566,50,,,0,70,,37563,51,0,41,0,30,,37568,48,,,0,69,,37543,48,0,41,0,81,,37553,48,0,41,0,30,,37569,48,,,0,25,,37554,48,0,41,0,71,,37555,48,,,0,25,,37564,51,0,41,0,70,,37560,50,0,41,0,30,,37561,53,,,0,75,,37556,48,0,41,0,24,,37562,50,0,41,0,70,,37557,48,0,41,0,29,,37570,48,,,0
401,'5_2',743,,39462,56,0,41,0,10,,39448,48,0,41,0,55,,39463,50,0,41,0,16,,39449,48,0,41,0,13,,39469,50,,,0,20,,39450,48,0,41,0,55,,39451,48,0,41,0,40,,39452,48,0,41,0,71,,39453,48,0,41,0,77,,39454,48,0,41,0,34,,39471,48,,,0,69,,39455,48,0,41,0,29,,39456,48,0,41,0,21,,39470,50,,,0,70,,39467,51,0,41,0,30,,39472,48,,,0,69,,39447,48,0,41,0,81,,39457,48,0,41,0,30,,39473,48,,,0,25,,39458,48,0,41,0,71,,39459,48,,,0,25,,39468,51,0,41,0,70,,39464,50,0,41,0,30,,39465,53,,,0,75,,39460,48,0,41,0,24,,39466,50,0,41,0,70,,39461,48,0,41,0,29,,39474,48,,,0
401,'5_3',743,,39490,56,0,41,0,10,,39476,48,0,41,0,55,,39491,50,0,41,0,16,,39477,48,0,41,0,13,,39497,50,,,0,20,,39478,48,0,41,0,55,,39479,48,0,41,0,40,,39480,48,0,41,0,71,,39481,48,0,41,0,77,,39482,48,0,41,0,34,,39499,48,,,0,69,,39483,48,0,41,0,29,,39484,48,0,41,0,21,,39498,50,,,0,70,,39495,51,0,41,0,30,,39500,48,,,0,69,,39475,48,0,41,0,81,,39485,48,0,41,0,30,,39501,48,,,0,25,,39486,48,0,41,0,71,,39487,48,,,0,25,,39496,51,0,41,0,70,,39492,50,0,41,0,30,,39493,53,,,0,75,,39488,48,0,41,0,24,,39494,50,0,41,0,70,,39489,48,0,41,0,29,,39502,48,,,0
401,'5_4',743,,39518,56,0,41,0,10,,39504,48,0,41,0,55,,39519,50,0,41,0,16,,39505,48,0,41,0,13,,39525,50,,,0,20,,39506,48,0,41,0,55,,39507,48,0,41,0,40,,39508,48,0,41,0,71,,39509,48,0,41,0,77,,39510,48,0,41,0,34,,39527,48,,,0,69,,39511,48,0,41,0,29,,39512,48,0,41,0,21,,39526,50,,,0,70,,39523,51,0,41,0,30,,39528,48,,,0,69,,39503,48,0,41,0,81,,39513,48,0,41,0,30,,39529,48,,,0,25,,39514,48,0,41,0,71,,39515,48,,,0,25,,39524,51,0,41,0,70,,39520,50,0,41,0,30,,39521,53,,,0,75,,39516,48,0,41,0,24,,39522,50,0,41,0,70,,39517,48,0,41,0,29,,39530,48,,,0
401,'5_5',743,,39546,56,0,41,0,10,,39532,48,0,41,0,55,,39547,50,0,41,0,16,,39533,48,0,41,0,13,,39553,50,,,0,20,,39534,48,0,41,0,55,,39535,48,0,41,0,40,,39536,48,0,41,0,71,,39537,48,0,41,0,77,,39538,48,0,41,0,34,,39555,48,,,0,69,,39539,48,0,41,0,29,,39540,48,0,41,0,21,,39554,50,,,0,70,,39551,51,0,41,0,30,,39556,48,,,0,69,,39531,48,0,41,0,81,,39541,48,0,41,0,30,,39557,48,,,0,25,,39542,48,0,41,0,71,,39543,48,,,0,25,,39552,51,0,41,0,70,,39548,50,0,41,0,30,,39549,53,,,0,75,,39544,48,0,41,0,24,,39550,50,0,41,0,70,,39545,48,0,41,0,29,,39558,48,,,0
401,'6_1',743,,39574,56,0,41,0,10,,39560,48,0,41,0,55,,39575,50,0,41,0,16,,39561,48,0,41,0,13,,39581,50,,,0,20,,39562,48,0,41,0,55,,39563,48,0,41,0,40,,39564,48,0,41,0,71,,39565,48,0,41,0,77,,39566,48,0,41,0,34,,39583,48,,,0,69,,39567,48,0,41,0,29,,39568,48,0,41,0,21,,39582,50,,,0,70,,39579,51,0,41,0,30,,39584,48,,,0,69,,39559,48,0,41,0,81,,39569,48,0,41,0,30,,39585,48,,,0,25,,39570,48,0,41,0,71,,39571,48,,,0,25,,39580,51,0,41,0,70,,39576,50,0,41,0,30,,39577,53,,,0,75,,39572,48,0,41,0,24,,39578,50,0,41,0,70,,39573,48,0,41,0,29,,39586,48,,,0
401,'6_2',743,,44189,56,0,41,0,10,,44175,48,0,41,0,55,,44190,50,0,41,0,16,,44176,48,0,41,0,13,,44196,50,,,0,20,,44177,48,0,41,0,55,,44178,48,0,41,0,40,,44179,48,0,41,0,71,,44180,48,0,41,0,77,,44181,48,0,41,0,34,,44198,48,,,0,69,,44182,48,0,41,0,29,,44183,48,0,41,0,21,,44197,50,,,0,70,,44194,51,0,41,0,30,,44199,48,,,0,69,,44174,48,0,41,0,81,,44184,48,0,41,0,30,,44200,48,,,0,25,,44185,48,0,41,0,71,,44186,48,,,0,25,,44195,51,0,41,0,70,,44191,50,0,41,0,30,,44192,53,,,0,75,,44187,48,0,41,0,24,,44193,50,0,41,0,70,,44188,48,0,41,0,29,,44201,48,,,0
401,'6_3',743,,44217,56,0,41,0,10,,44203,48,0,41,0,55,,44218,50,0,41,0,16,,44204,48,0,41,0,13,,44224,50,,,0,20,,44205,48,0,41,0,55,,44206,48,0,41,0,40,,44207,48,0,41,0,71,,44208,48,0,41,0,77,,44209,48,0,41,0,34,,44226,48,,,0,69,,44210,48,0,41,0,29,,44211,48,0,41,0,21,,44225,50,,,0,70,,44222,51,0,41,0,30,,44227,48,,,0,69,,44202,48,0,41,0,81,,44212,48,0,41,0,30,,44228,48,,,0,25,,44213,48,0,41,0,71,,44214,48,,,0,25,,44223,51,0,41,0,70,,44219,50,0,41,0,30,,44220,53,,,0,75,,44215,48,0,41,0,24,,44221,50,0,41,0,70,,44216,48,0,41,0,29,,44229,48,,,0
401,'6_4',743,,44245,56,0,41,0,10,,44231,48,0,41,0,55,,44246,50,0,41,0,16,,44232,48,0,41,0,13,,44252,50,,,0,20,,44233,48,0,41,0,55,,44234,48,0,41,0,40,,44235,48,0,41,0,71,,44236,48,0,41,0,77,,44237,48,0,41,0,34,,44254,48,,,0,69,,44238,48,0,41,0,29,,44239,48,0,41,0,21,,44253,50,,,0,70,,44250,51,0,41,0,30,,44255,48,,,0,69,,44230,48,0,41,0,81,,44240,48,0,41,0,30,,44256,48,,,0,25,,44241,48,0,41,0,71,,44242,48,,,0,25,,44251,51,0,41,0,70,,44247,50,0,41,0,30,,44248,53,,,0,75,,44243,48,0,41,0,24,,44249,50,0,41,0,70,,44244,48,0,41,0,29,,44257,48,,,0
