400,'2_6',738,,31221,38,0,40,0,105,,31222,38,0,40,0,72,,31215,50,0,40,0,27,,31223,38,0,40,0,72,,31224,38,0,40,0,30,,31225,38,0,40,0,71,,31216,50,0,40,0,31,,31226,38,0,40,0,70,,31228,38,0,40,0,29,,31227,38,0,40,0,69,,31217,50,0,40,0,31,,31229,38,0,40,0,70,,31230,38,0,40,0,29,,31231,38,0,40,0,73,,31218,50,0,40,0,33,,31232,38,0,40,0,70,,31233,38,0,40,0,30,,31234,38,0,40,0,73,,31219,50,0,40,0,33,,31235,38,0,40,0,70,,31236,38,0,40,0,31,,31237,38,0,40,0,69,,31220,50,0,40,0,31,,31238,38,0,40,0
400,'3_7',937,,31239,38,0,40,0,100,,31240,38,0,40,0,100,,31241,38,0,40,0,100,,31242,38,0,40,0,100,,31243,38,0,40,0,100,,31244,38,0,40,0,100,,31245,38,0,40,0,100,,31246,38,0,40,0,100,,31247,38,0,40,0,100,,31248,38,0,40,0
400,'5_1',742,,37535,39,0,40,0,16,,37541,42,0,40,0,50,,37515,38,0,40,0,19,,37516,39,0,40,0,10,,37536,38,0,40,0,17,,37517,38,0,40,0,53,,37518,38,0,40,0,37,,37519,38,0,40,0,73,,37520,50,0,40,0,30,,37521,38,0,40,0,71,,37522,38,0,40,0,35,,37523,38,0,40,0,76,,37524,38,0,40,0,23,,37539,38,0,40,0,70,,37537,51,0,40,0,26,,37525,38,0,40,0,69,,37526,38,0,40,0,25,,37529,50,0,40,0,76,,37527,38,0,40,0,31,,37530,50,0,40,0,76,,37528,38,0,40,0,34,,37542,39,0,40,0,71,,37538,51,0,40,0,28,,37531,39,0,40,0,70,,37532,50,0,40,0,28,,37540,41,,,0,66,,37533,38,0,40,0,30,,37534,50,0,40,0
400,'5_2',742,,39327,39,0,40,0,16,,39333,42,0,40,0,50,,39307,38,0,40,0,19,,39308,39,0,40,0,10,,39328,38,0,40,0,17,,39309,38,0,40,0,53,,39310,38,0,40,0,37,,39311,38,0,40,0,73,,39312,50,0,40,0,30,,39313,38,0,40,0,71,,39314,38,0,40,0,35,,39315,38,0,40,0,76,,39316,38,0,40,0,23,,39331,38,0,40,0,70,,39329,51,0,40,0,26,,39317,38,0,40,0,69,,39318,38,0,40,0,25,,39321,50,0,40,0,76,,39319,38,0,40,0,31,,39322,50,0,40,0,76,,39320,38,0,40,0,34,,39334,39,0,40,0,71,,39330,51,0,40,0,28,,39323,39,0,40,0,70,,39324,50,0,40,0,28,,39332,41,,,0,66,,39325,38,0,40,0,30,,39326,50,0,40,0
400,'5_3',742,,39355,39,0,40,0,16,,39361,42,0,40,0,50,,39335,38,0,40,0,19,,39336,39,0,40,0,10,,39356,38,0,40,0,17,,39337,38,0,40,0,53,,39338,38,0,40,0,37,,39339,38,0,40,0,73,,39340,50,0,40,0,30,,39341,38,0,40,0,71,,39342,38,0,40,0,35,,39343,38,0,40,0,76,,39344,38,0,40,0,23,,39359,38,0,40,0,70,,39357,51,0,40,0,26,,39345,38,0,40,0,69,,39346,38,0,40,0,25,,39349,50,0,40,0,76,,39347,38,0,40,0,31,,39350,50,0,40,0,76,,39348,38,0,40,0,34,,39362,39,0,40,0,71,,39358,51,0,40,0,28,,39351,39,0,40,0,70,,39352,50,0,40,0,28,,39360,41,,,0,66,,39353,38,0,40,0,30,,39354,50,0,40,0
400,'5_4',742,,39383,39,0,40,0,16,,39389,42,0,40,0,50,,39363,38,0,40,0,19,,39364,39,0,40,0,10,,39384,38,0,40,0,17,,39365,38,0,40,0,53,,39366,38,0,40,0,37,,39367,38,0,40,0,73,,39368,50,0,40,0,30,,39369,38,0,40,0,71,,39370,38,0,40,0,35,,39371,38,0,40,0,76,,39372,38,0,40,0,23,,39387,38,0,40,0,70,,39385,51,0,40,0,26,,39373,38,0,40,0,69,,39374,38,0,40,0,25,,39377,50,0,40,0,76,,39375,38,0,40,0,31,,39378,50,0,40,0,76,,39376,38,0,40,0,34,,39390,39,0,40,0,71,,39386,51,0,40,0,28,,39379,39,0,40,0,70,,39380,50,0,40,0,28,,39388,41,,,0,66,,39381,38,0,40,0,30,,39382,50,0,40,0
400,'5_5',742,,39411,39,0,40,0,16,,39417,42,0,40,0,50,,39391,38,0,40,0,19,,39392,39,0,40,0,10,,39412,38,0,40,0,17,,39393,38,0,40,0,53,,39394,38,0,40,0,37,,39395,38,0,40,0,73,,39396,50,0,40,0,30,,39397,38,0,40,0,71,,39398,38,0,40,0,35,,39399,38,0,40,0,76,,39400,38,0,40,0,23,,39415,38,0,40,0,70,,39413,51,0,40,0,26,,39401,38,0,40,0,69,,39402,38,0,40,0,25,,39405,50,0,40,0,76,,39403,38,0,40,0,31,,39406,50,0,40,0,76,,39404,38,0,40,0,34,,39418,39,0,40,0,71,,39414,51,0,40,0,28,,39407,39,0,40,0,70,,39408,50,0,40,0,28,,39416,41,,,0,66,,39409,38,0,40,0,30,,39410,50,0,40,0
400,'6_1',742,,39439,39,0,40,0,16,,39445,42,0,40,0,50,,39419,38,0,40,0,19,,39420,39,0,40,0,10,,39440,38,0,40,0,17,,39421,38,0,40,0,53,,39422,38,0,40,0,37,,39423,38,0,40,0,73,,39424,50,0,40,0,30,,39425,38,0,40,0,71,,39426,38,0,40,0,35,,39427,38,0,40,0,76,,39428,38,0,40,0,23,,39443,38,0,40,0,70,,39441,51,0,40,0,26,,39429,38,0,40,0,69,,39430,38,0,40,0,25,,39433,50,0,40,0,76,,39431,38,0,40,0,31,,39434,50,0,40,0,76,,39432,38,0,40,0,34,,39446,39,0,40,0,71,,39442,51,0,40,0,28,,39435,39,0,40,0,70,,39436,50,0,40,0,28,,39444,41,,,0,66,,39437,38,0,40,0,30,,39438,50,0,40,0
400,'6_2',742,,44110,39,0,40,0,16,,44116,42,0,40,0,50,,44090,38,0,40,0,19,,44091,39,0,40,0,10,,44111,38,0,40,0,17,,44092,38,0,40,0,53,,44093,38,0,40,0,37,,44094,38,0,40,0,73,,44095,50,0,40,0,30,,44096,38,0,40,0,71,,44097,38,0,40,0,35,,44098,38,0,40,0,76,,44099,38,0,40,0,23,,44114,38,0,40,0,70,,44112,51,0,40,0,26,,44100,38,0,40,0,69,,44101,38,0,40,0,25,,44104,50,0,40,0,76,,44102,38,0,40,0,31,,44105,50,0,40,0,76,,44103,38,0,40,0,34,,44117,39,0,40,0,71,,44113,51,0,40,0,28,,44106,39,0,40,0,70,,44107,50,0,40,0,28,,44115,41,,,0,66,,44108,38,0,40,0,30,,44109,50,0,40,0
400,'6_3',742,,44138,39,0,40,0,16,,44144,42,0,40,0,50,,44118,38,0,40,0,19,,44119,39,0,40,0,10,,44139,38,0,40,0,17,,44120,38,0,40,0,53,,44121,38,0,40,0,37,,44122,38,0,40,0,73,,44123,50,0,40,0,30,,44124,38,0,40,0,71,,44125,38,0,40,0,35,,44126,38,0,40,0,76,,44127,38,0,40,0,23,,44142,38,0,40,0,70,,44140,51,0,40,0,26,,44128,38,0,40,0,69,,44129,38,0,40,0,25,,44132,50,0,40,0,76,,44130,38,0,40,0,31,,44133,50,0,40,0,76,,44131,38,0,40,0,34,,44145,39,0,40,0,71,,44141,51,0,40,0,28,,44134,39,0,40,0,70,,44135,50,0,40,0,28,,44143,41,,,0,66,,44136,38,0,40,0,30,,44137,50,0,40,0
400,'6_4',742,,44166,39,0,40,0,16,,44172,42,0,40,0,50,,44146,38,0,40,0,19,,44147,39,0,40,0,10,,44167,38,0,40,0,17,,44148,38,0,40,0,53,,44149,38,0,40,0,37,,44150,38,0,40,0,73,,44151,50,0,40,0,30,,44152,38,0,40,0,71,,44153,38,0,40,0,35,,44154,38,0,40,0,76,,44155,38,0,40,0,23,,44170,38,0,40,0,70,,44168,51,0,40,0,26,,44156,38,0,40,0,69,,44157,38,0,40,0,25,,44160,50,0,40,0,76,,44158,38,0,40,0,31,,44161,50,0,40,0,76,,44159,38,0,40,0,34,,44173,39,0,40,0,71,,44169,51,0,40,0,28,,44162,39,0,40,0,70,,44163,50,0,40,0,28,,44171,41,,,0,66,,44164,38,0,40,0,30,,44165,50,0,40,0
