900,'0_6',1220,,66489,3,,,0,337,,66490,1,,,0
900,'2_1',1220,,66502,3,,,0,337,,66503,1,,,0
900,'2_2',1220,,66515,3,,,0,337,,66516,1,,,0
900,'2_3',1220,,66528,3,,,0,337,,66529,1,,,0
900,'2_4',1220,,66541,3,,,0,337,,66542,1,,,0
900,'2_5',1220,,66554,3,,,0,337,,66555,1,,,0
900,'3_1',1220,,66567,3,,,0,337,,66568,1,,,0
900,'3_3',1220,,66580,3,,,0,337,,66581,1,,,0
900,'3_4',1220,,66593,3,,,0,337,,66594,1,,,0
900,'3_5',1220,,66606,3,,,0,337,,66607,1,,,0
901,'0_6',923,,66618,28,4,,0,320,,66619,28,4,,0
901,'2_1',923,,66631,28,4,,0,320,,66632,28,4,,0
901,'2_2',923,,66644,28,4,,0,320,,66645,28,4,,0
901,'2_3',923,,66657,28,4,,0,320,,66658,28,4,,0
901,'2_4',923,,66670,28,4,,0,320,,66671,28,4,,0
901,'2_5',923,,66683,28,4,,0,320,,66684,28,4,,0
901,'3_1',923,,66696,28,4,,0,320,,66697,28,4,,0
901,'3_3',923,,66709,28,4,,0,320,,66710,28,4,,0
901,'3_4',923,,66722,28,4,,0,320,,66723,28,4,,0
901,'3_5',923,,66735,28,4,,0,320,,66736,28,4,,0
