2201,'0_6',934,,67648,10,,,0,122,,67649,10,,,0,172,,67650,10,,,0,213,,67651,10,,,0,177,,67652,10,,,0,138,,67653,10,,,0,160,,67654,10,,,0
2201,'1_7',1257,,67655,10,,,0,158,,67656,10,,,0,120,,67657,10,,,0,120,,67658,10,,,0,160,,67659,10,,,0
2201,'2_1',934,,67660,10,,,0,122,,67661,10,,,0,172,,67662,10,,,0,213,,67663,10,,,0,177,,67664,10,,,0,138,,67665,10,,,0,160,,67666,10,,,0
2201,'2_2',934,,67667,10,,,0,122,,67668,10,,,0,172,,67669,10,,,0,213,,67670,10,,,0,177,,67671,10,,,0,138,,67672,10,,,0,160,,67673,10,,,0
2201,'2_3',934,,67674,10,,,0,122,,67675,10,,,0,172,,67676,10,,,0,213,,67677,10,,,0,177,,67678,10,,,0,138,,67679,10,,,0,160,,67680,10,,,0
2201,'2_4',934,,67681,10,,,0,122,,67682,10,,,0,172,,67683,10,,,0,213,,67684,10,,,0,177,,67685,10,,,0,138,,67686,10,,,0,160,,67687,10,,,0
2201,'2_5',934,,67688,10,,,0,122,,67689,10,,,0,172,,67690,10,,,0,213,,67691,10,,,0,177,,67692,10,,,0,138,,67693,10,,,0,160,,67694,10,,,0
2201,'3_1',934,,67695,10,,,0,122,,67696,10,,,0,172,,67697,10,,,0,213,,67698,10,,,0,177,,67699,10,,,0,138,,67700,10,,,0,160,,67701,10,,,0
2201,'3_3',934,,67702,10,,,0,122,,67703,10,,,0,172,,67704,10,,,0,213,,67705,10,,,0,177,,67706,10,,,0,138,,67707,10,,,0,160,,67708,10,,,0
2201,'3_4',934,,67709,10,,,0,122,,67710,10,,,0,172,,67711,10,,,0,213,,67712,10,,,0,177,,67713,10,,,0,138,,67714,10,,,0,160,,67715,10,,,0
2201,'3_5',934,,67716,10,,,0,122,,67717,10,,,0,172,,67718,10,,,0,213,,67719,10,,,0,177,,67720,10,,,0,138,,67721,10,,,0,160,,67722,10,,,0
2201,'4_7',1257,,67723,10,,,0,158,,67724,10,,,0,120,,67725,10,,,0,120,,67726,10,,,0,160,,67727,10,,,0
