2200,'2509-HIV-25j05H-d-Dimanche-00',832,,11736,0,52,0,320,,11737,0,52,0,280,,11738,0,52,0,320,,11739,0,52,0
2200,'2509-HIV-25j26H-d-Dimanche-00',832,,11740,0,52,0,320,,11741,0,52,0,280,,11742,0,52,0,320,,11743,0,52,0
2200,'2509-HIV-26a05H-w-Mercredi-00',655,,11744,0,22 53 54,0,60,,11748,0,44,0,102,,11745,0,22 53 54,0,513,,11747,0,52,0,328,,11746,0,22 53 54,0
2200,'2509-HIV-26a05Hlv-L-Ma-J-V-00',655,,11749,0,22 53 54,0,60,,11753,0,44,0,102,,11750,0,22 53 54,0,513,,11752,0,52,0,328,,11751,0,22 53 54,0
2200,'2509-HIV-26a05Hlv-L-Ma-J-V-00-1101100',1635,,11754,0,52,0,100,,11755,0,52,0
2201,'2509-HIV-25j05H-d-Dimanche-00',935,,11756,4,,0,320,,11757,4,,0,279,,11758,4,,0,320,,11759,4,,0
2201,'2509-HIV-25j26H-d-Dimanche-00',935,,11760,4,,0,320,,11761,4,,0,279,,11762,4,,0,320,,11763,4,,0
2201,'2509-HIV-26a05H-w-Mercredi-00',1310,,11764,4,,0,346,,11765,4,,0,158,,11766,4,,0,101,,11767,4,,0
2201,'2509-HIV-26a05H-w-Mercredi-00-0010000',1235,,11768,4,,0
2201,'2509-HIV-26a05Hlv-L-Ma-J-V-00',1310,,11769,4,,0,346,,11770,4,,0,158,,11771,4,,0,101,,11772,4,,0
2201,'2509-HIV-26a05Hlv-L-Ma-J-V-00-1101100',1634,,11773,4,,0,100,,11774,4,,0,100,,11775,4,,0
