501,'2_6',841,,31618,34,,,0,101,,31619,34,,,0,101,,31620,34,,,0,100,,31621,34,,,0,99,,31622,34,,,0,94,,31623,34,,,0,99,,31624,34,,,0,101,,31625,34,,,0,99,,31626,34,,,0,104,,31627,34,,,0,98,,31628,34,,,0,185,,31629,34,,,0
501,'5_5',950,,39690,34,,,0,106,,39691,34,,,0,101,,39692,34,,,0,85,,39693,34,,,0,94,,39694,34,,,0,98,,39695,34,,,0,103,,39696,34,,,0,103,,39697,34,,,0,107,,39698,34,,,0,101,,39699,34,,,0,165,,39700,34,,,0
501,'6_1',950,,39701,34,,,0,106,,39702,34,,,0,101,,39703,34,,,0,85,,39704,34,,,0,94,,39705,34,,,0,98,,39706,34,,,0,103,,39707,34,,,0,103,,39708,34,,,0,107,,39709,34,,,0,101,,39710,34,,,0,165,,39711,34,,,0
501,'6_2',950,,44300,34,,,0,106,,44301,34,,,0,101,,44302,34,,,0,85,,44303,34,,,0,94,,44304,34,,,0,98,,44305,34,,,0,103,,44306,34,,,0,103,,44307,34,,,0,107,,44308,34,,,0,101,,44309,34,,,0,165,,44310,34,,,0
501,'6_3',950,,44311,34,,,0,106,,44312,34,,,0,101,,44313,34,,,0,85,,44314,34,,,0,94,,44315,34,,,0,98,,44316,34,,,0,103,,44317,34,,,0,103,,44318,34,,,0,107,,44319,34,,,0,101,,44320,34,,,0,165,,44321,34,,,0
501,'6_4',950,,44322,34,,,0,106,,44323,34,,,0,101,,44324,34,,,0,85,,44325,34,,,0,94,,44326,34,,,0,98,,44327,34,,,0,103,,44328,34,,,0,103,,44329,34,,,0,107,,44330,34,,,0,101,,44331,34,,,0,165,,44332,34,,,0
501,'7_1',950,,46983,34,,,0,106,,46984,34,,,0,101,,46985,34,,,0,85,,46986,34,,,0,94,,46987,34,,,0,98,,46988,34,,,0,103,,46989,34,,,0,103,,46990,34,,,0,107,,46991,34,,,0,101,,46995,34,,,0,165,,46996,34,,,0
2900501,'5_5',1742,,42631,7,,,0,112,,42632,7,,,0
2900501,'6_1',1742,,42633,7,,,0,112,,42634,7,,,0
2900501,'6_2',1742,,46085,7,,,0,112,,46086,7,,,0
2900501,'6_3',1742,,46087,7,,,0,112,,46088,7,,,0
2900501,'6_4',1742,,46089,7,,,0,112,,46090,7,,,0
2900501,'7_1',1749,,47834,7,,,0,110,,47835,7,,,0
