2200,'7_1',745,,47262,13,0,17,0
2400,'7_1',735,,47276,11,,,0,868,,47277,6,,,0,103,,47278,6,,,0,95,,47279,6,,,0
2000000,'2_6',642,,35553,8,,,0,81,,35554,8,,,0,79,,35555,8,,,0,29,,35556,8,,,0,20,,35557,8,,,0,60,,35558,8,,,0,18,,35559,8,,,0,18,,35560,8,,,0,59,,35561,8,,,0,20,,35562,8,,,0,19,,35563,8,,,0,59,,35564,8,,,0,19,,35565,8,,,0,20,,35566,8,,,0,58,,35567,8,,,0,19,,35568,8,,,0,18,,35569,8,,,0,19,,35570,8,,,0,59,,35571,8,,,0,19,,35572,8,,,0,18,,35573,8,,,0,59,,35574,8,,,0,20,,35575,8,,,0,20,,35576,8,,,0,59,,35577,8,,,0,19,,35578,8,,,0,20,,35579,8,,,0,60,,35580,8,,,0,20,,35581,8,,,0,20,,35582,8,,,0,59,,35583,8,,,0,20,,35584,8,,,0,20,,35585,8,,,0,60,,35586,8,,,0,19,,35587,8,,,0,20,,35588,8,,,0,64,,35589,8,,,0,25,,35590,8,,,0,65,,35591,8,,,0,25,,35592,8,,,0,25,,35593,8,,,0
2000000,'3_7',818,,35594,8,,,0,40,,35595,8,,,0,80,,35596,8,,,0,80,,35597,8,,,0,40,,35598,8,,,0,80,,35599,8,,,0,80,,35600,8,,,0,40,,35601,8,,,0,80,,35602,8,,,0,80,,35603,8,,,0,40,,35604,8,,,0,80,,35605,8,,,0,80,,35606,8,,,0,40,,35607,8,,,0,80,,35608,8,,,0,80,,35609,8,,,0,40,,35610,8,,,0,80,,35611,8,,,0
2000000,'4_7',818,,47665,8,,,0,40,,47666,8,,,0,80,,47667,8,,,0,80,,47668,8,,,0,40,,47669,8,,,0,80,,47670,8,,,0,80,,47671,8,,,0,40,,47672,8,,,0,80,,47673,8,,,0,80,,47674,8,,,0,40,,47675,8,,,0,80,,47676,8,,,0,80,,47677,8,,,0,40,,47678,8,,,0,80,,47679,8,,,0,80,,47680,8,,,0,40,,47681,8,,,0,80,,47682,8,,,0
2000000,'5_5',645,,42235,8,,,0,63,,42232,8,,,0,17,,42237,8,,,0,15,,42230,8,,,0,15,,42234,8,,,0,54,,42231,8,,,0,15,,42236,8,,,0,15,,42233,8,,,0,15,,42238,8,,,0,55,,42239,8,,,0,14,,42240,8,,,0,15,,42241,8,,,0,15,,42242,8,,,0,54,,42243,8,,,0,15,,42244,8,,,0,15,,42245,8,,,0,16,,42246,8,,,0,55,,42247,8,,,0,15,,42248,8,,,0,15,,42249,8,,,0,15,,42250,8,,,0,55,,42251,8,,,0,15,,42252,8,,,0,15,,42253,8,,,0,15,,42254,8,,,0,55,,42255,8,,,0,15,,42256,8,,,0,15,,42257,8,,,0,15,,42258,8,,,0,55,,42259,8,,,0,15,,42260,8,,,0,15,,42261,8,,,0,15,,42262,8,,,0,55,,42263,8,,,0,15,,42264,8,,,0,15,,42265,8,,,0,15,,42266,8,,,0,55,,42267,8,,,0,15,,42268,8,,,0,15,,42269,8,,,0,15,,42270,8,,,0,55,,42271,8,,,0,15,,42272,8,,,0,15,,42273,8,,,0,15,,42274,8,,,0,55,,42275,8,,,0,16,,42276,8,,,0,15,,42277,8,,,0,15,,42278,8,,,0,60,,42281,8,,,0,21,,42282,8,,,0,20,,42283,8,,,0,60,,42284,8,,,0,21,,42279,8,,,0,20,,42280,8,,,0
2000000,'6_1',645,,42290,8,,,0,63,,42287,8,,,0,17,,42292,8,,,0,15,,42285,8,,,0,15,,42289,8,,,0,54,,42286,8,,,0,15,,42291,8,,,0,15,,42288,8,,,0,15,,42293,8,,,0,55,,42294,8,,,0,14,,42295,8,,,0,15,,42296,8,,,0,15,,42297,8,,,0,54,,42298,8,,,0,15,,42299,8,,,0,15,,42300,8,,,0,16,,42301,8,,,0,55,,42302,8,,,0,15,,42303,8,,,0,15,,42304,8,,,0,15,,42305,8,,,0,55,,42306,8,,,0,15,,42307,8,,,0,15,,42308,8,,,0,15,,42309,8,,,0,55,,42310,8,,,0,15,,42311,8,,,0,15,,42312,8,,,0,15,,42313,8,,,0,55,,42314,8,,,0,15,,42315,8,,,0,15,,42316,8,,,0,15,,42317,8,,,0,55,,42318,8,,,0,15,,42319,8,,,0,15,,42320,8,,,0,15,,42321,8,,,0,55,,42322,8,,,0,15,,42323,8,,,0,15,,42324,8,,,0,15,,42325,8,,,0,55,,42326,8,,,0,15,,42327,8,,,0,15,,42328,8,,,0,15,,42329,8,,,0,55,,42330,8,,,0,16,,42331,8,,,0,15,,42332,8,,,0,15,,42333,8,,,0,60,,42336,8,,,0,21,,42337,8,,,0,20,,42338,8,,,0,60,,42339,8,,,0,21,,42334,8,,,0,20,,42335,8,,,0
2000000,'6_2',645,,45754,8,,,0,63,,45751,8,,,0,17,,45756,8,,,0,15,,45749,8,,,0,15,,45753,8,,,0,54,,45750,8,,,0,15,,45755,8,,,0,15,,45752,8,,,0,15,,45757,8,,,0,55,,45758,8,,,0,14,,45759,8,,,0,15,,45760,8,,,0,15,,45761,8,,,0,54,,45762,8,,,0,15,,45763,8,,,0,15,,45764,8,,,0,16,,45765,8,,,0,55,,45766,8,,,0,15,,45767,8,,,0,15,,45768,8,,,0,15,,45769,8,,,0,55,,45770,8,,,0,15,,45771,8,,,0,15,,45772,8,,,0,15,,45773,8,,,0,55,,45774,8,,,0,15,,45775,8,,,0,15,,45776,8,,,0,15,,45777,8,,,0,55,,45778,8,,,0,15,,45779,8,,,0,15,,45780,8,,,0,15,,45781,8,,,0,55,,45782,8,,,0,15,,45783,8,,,0,15,,45784,8,,,0,15,,45785,8,,,0,55,,45786,8,,,0,15,,45787,8,,,0,15,,45788,8,,,0,15,,45789,8,,,0,55,,45790,8,,,0,15,,45791,8,,,0,15,,45792,8,,,0,15,,45793,8,,,0,55,,45794,8,,,0,16,,45795,8,,,0,15,,45796,8,,,0,15,,45797,8,,,0,60,,45800,8,,,0,21,,45801,8,,,0,20,,45802,8,,,0,60,,45803,8,,,0,21,,45798,8,,,0,20,,45799,8,,,0
2000000,'6_3',645,,45809,8,,,0,63,,45806,8,,,0,17,,45811,8,,,0,15,,45804,8,,,0,15,,45808,8,,,0,54,,45805,8,,,0,15,,45810,8,,,0,15,,45807,8,,,0,15,,45812,8,,,0,55,,45813,8,,,0,14,,45814,8,,,0,15,,45815,8,,,0,15,,45816,8,,,0,54,,45817,8,,,0,15,,45818,8,,,0,15,,45819,8,,,0,16,,45820,8,,,0,55,,45821,8,,,0,15,,45822,8,,,0,15,,45823,8,,,0,15,,45824,8,,,0,55,,45825,8,,,0,15,,45826,8,,,0,15,,45827,8,,,0,15,,45828,8,,,0,55,,45829,8,,,0,15,,45830,8,,,0,15,,45831,8,,,0,15,,45832,8,,,0,55,,45833,8,,,0,15,,45834,8,,,0,15,,45835,8,,,0,15,,45836,8,,,0,55,,45837,8,,,0,15,,45838,8,,,0,15,,45839,8,,,0,15,,45840,8,,,0,55,,45841,8,,,0,15,,45842,8,,,0,15,,45843,8,,,0,15,,45844,8,,,0,55,,45845,8,,,0,15,,45846,8,,,0,15,,45847,8,,,0,15,,45848,8,,,0,55,,45849,8,,,0,16,,45850,8,,,0,15,,45851,8,,,0,15,,45852,8,,,0,60,,45855,8,,,0,21,,45856,8,,,0,20,,45857,8,,,0,60,,45858,8,,,0,21,,45853,8,,,0,20,,45854,8,,,0
2000000,'6_4',645,,45864,8,,,0,63,,45861,8,,,0,17,,45866,8,,,0,15,,45859,8,,,0,15,,45863,8,,,0,54,,45860,8,,,0,15,,45865,8,,,0,15,,45862,8,,,0,15,,45867,8,,,0,55,,45868,8,,,0,14,,45869,8,,,0,15,,45870,8,,,0,15,,45871,8,,,0,54,,45872,8,,,0,15,,45873,8,,,0,15,,45874,8,,,0,16,,45875,8,,,0,55,,45876,8,,,0,15,,45877,8,,,0,15,,45878,8,,,0,15,,45879,8,,,0,55,,45880,8,,,0,15,,45881,8,,,0,15,,45882,8,,,0,15,,45883,8,,,0,55,,45884,8,,,0,15,,45885,8,,,0,15,,45886,8,,,0,15,,45887,8,,,0,55,,45888,8,,,0,15,,45889,8,,,0,15,,45890,8,,,0,15,,45891,8,,,0,55,,45892,8,,,0,15,,45893,8,,,0,15,,45894,8,,,0,15,,45895,8,,,0,55,,45896,8,,,0,15,,45897,8,,,0,15,,45898,8,,,0,15,,45899,8,,,0,55,,45900,8,,,0,15,,45901,8,,,0,15,,45902,8,,,0,15,,45903,8,,,0,55,,45904,8,,,0,16,,45905,8,,,0,15,,45906,8,,,0,15,,45907,8,,,0,60,,45910,8,,,0,21,,45911,8,,,0,20,,45912,8,,,0,60,,45913,8,,,0,21,,45908,8,,,0,20,,45909,8,,,0
2000000,'7_1',645,,47722,8,,,0,62,,47704,8,,,0,16,,47732,8,,,0,15,,47688,8,,,0,15,,47715,8,,,0,55,,47697,8,,,0,15,,47724,8,,,0,15,,47707,8,,,0,16,,47735,8,,,0,56,,47689,8,,,0,16,,47720,8,,,0,15,,47698,8,,,0,16,,47725,8,,,0,55,,47705,8,,,0,16,,47733,8,,,0,16,,47690,8,,,0,56,,47721,8,,,0,15,,47699,8,,,0,16,,47726,8,,,0,17,,47706,8,,,0,54,,47736,8,,,0,15,,47691,8,,,0,16,,47714,8,,,0,16,,47700,8,,,0,55,,47723,8,,,0,15,,47708,8,,,0,15,,47734,8,,,0,15,,47693,8,,,0,55,,47716,8,,,0,15,,47703,8,,,0,15,,47728,8,,,0,15,,47709,8,,,0,54,,47737,8,,,0,15,,47694,8,,,0,15,,47717,8,,,0,16,,47702,8,,,0,7,,47685,6,0,9 10,0,48,,47727,8,,,0,14,,47710,8,,,0,16,,47686,8,,,0,14,,47738,8,,,0,55,,47684,6,0,9 10,0,3,,47692,8,,,0,14,,47719,8,,,0,17,,47701,8,,,0,15,,47729,8,,,0,50,,47741,6,0,9 10,0,6,,47712,8,,,0,13,,47687,8,,,0,14,,47739,8,,,0,16,,47695,8,,,0,55,,47718,8,,,0,14,,47730,8,,,0,19,,47711,8,,,0,62,,47740,8,,,0,20,,47696,8,,,0,19,,47731,8,,,0,61,,47713,8,,,0
