'2409-HIV-24i02H-d-Dimanche-00',400000,95200,0,'Tourné',0,26000,0,'Tourné',0,22000,0,'Tourné',0,22000,0,'Tourné',0,25900,0,'Tourné',0
'2409-HIV-24i02H-s-Samedi-00',400000,65500,0,'Tourné',0,8700,0,'Tourné',0,8000,0,'Tourné',0,8000,0,'Tourné',0,4100,0,'Tourné',0,8100,0,'Tourné',0,8100,0,'Tourné',0,4100,0,'Tourné',0,7900,0,'Tourné',0,7700,0,'Tourné',0,4000,0,'Tourné',0,8100,0,'Tourné',0,8100,0,'Tourné',0,4100,0,'Tourné',0,8400,0,'Tourné',0,8100,0,'Tourné',0,4000,0,'Tourné',0,7800,0,'Tourné',0,7500,0,'Tourné',0,3700,0,'Tourné',0,8000,0,'Tourné',0
'2409-HIV-24i02H-w-Mercredi-00',400000,65600,0,'Tourné',0,8800,0,'Tourné',0,8200,0,'Tourné',0,8100,0,'Tourné',0,3700,0,'Tourné',0,7700,0,'Tourné',0,8100,0,'Tourné',0,4000,0,'Tourné',0,8000,0,'Tourné',0,7800,0,'Tourné',0,4200,0,'Tourné',0,8000,0,'Tourné',0,8200,0,'Tourné',0,4200,0,'Tourné',0,8100,0,'Tourné',0,8200,0,'Tourné',0,4500,0,'Tourné',0,8000,0,'Tourné',0,7600,0,'Tourné',0,3200,0,'Tourné',0,7900,0,'Tourné',0
'2409-HIV-24i02Hlv-L-Ma-J-V-00',400000,65600,0,'Tourné',0,8800,0,'Tourné',0,8200,0,'Tourné',0,8100,0,'Tourné',0,3700,0,'Tourné',0,7700,0,'Tourné',0,8100,0,'Tourné',0,4000,0,'Tourné',0,8000,0,'Tourné',0,7800,0,'Tourné',0,4200,0,'Tourné',0,8000,0,'Tourné',0,8200,0,'Tourné',0,4200,0,'Tourné',0,8100,0,'Tourné',0,8200,0,'Tourné',0,4500,0,'Tourné',0,8000,0,'Tourné',0,7600,0,'Tourné',0,3200,0,'Tourné',0,7900,0,'Tourné',0
'2409-HIV-24i09H-d-Dimanche-00',400000,95200,0,'Tourné',0,26000,0,'Tourné',0,22000,0,'Tourné',0,22000,0,'Tourné',0,25900,0,'Tourné',0
'2409-HIV-24i12Hlv-L-Ma-J-V-00',400000,65600,0,'Tourné',0,8800,0,'Tourné',0,8200,0,'Tourné',0,8100,0,'Tourné',0,3700,0,'Tourné',0,7700,0,'Tourné',0,8100,0,'Tourné',0,4000,0,'Tourné',0,8000,0,'Tourné',0,7800,0,'Tourné',0,4200,0,'Tourné',0,8000,0,'Tourné',0,8200,0,'Tourné',0,4200,0,'Tourné',0,8100,0,'Tourné',0,8200,0,'Tourné',0,4500,0,'Tourné',0,8000,0,'Tourné',0,7600,0,'Tourné',0,3200,0,'Tourné',0,7900,0,'Tourné',0
'2409-HIV-24j06H-d-Dimanche-00',400000,95200,0,'Tourné',0,26000,0,'Tourné',0,22000,0,'Tourné',0,22000,0,'Tourné',0,25900,0,'Tourné',0
'2409-HIV-24j21Vlv-Semaine-01',400000,65500,0,'Tourné',0,8700,0,'Tourné',0,8000,0,'Tourné',0,8000,0,'Tourné',0,4100,0,'Tourné',0,8100,0,'Tourné',0,8100,0,'Tourné',0,4100,0,'Tourné',0,7900,0,'Tourné',0,7700,0,'Tourné',0,4000,0,'Tourné',0,8100,0,'Tourné',0,8100,0,'Tourné',0,4100,0,'Tourné',0,8400,0,'Tourné',0,8100,0,'Tourné',0,4000,0,'Tourné',0,7800,0,'Tourné',0,7500,0,'Tourné',0,3700,0,'Tourné',0,8000,0,'Tourné',0
'2409-HIV-24j26H-d-Dimanche-00',400000,95200,0,'Tourné',0,26000,0,'Tourné',0,22000,0,'Tourné',0,22000,0,'Tourné',0,25900,0,'Tourné',0
'2409-HIV-24j28Vlv-Semaine-01',400000,65500,0,'Tourné',0,8700,0,'Tourné',0,8000,0,'Tourné',0,8000,0,'Tourné',0,4100,0,'Tourné',0,8100,0,'Tourné',0,8100,0,'Tourné',0,4100,0,'Tourné',0,7900,0,'Tourné',0,7700,0,'Tourné',0,4000,0,'Tourné',0,8100,0,'Tourné',0,8100,0,'Tourné',0,4100,0,'Tourné',0,8400,0,'Tourné',0,8100,0,'Tourné',0,4000,0,'Tourné',0,7800,0,'Tourné',0,7500,0,'Tourné',0,3700,0,'Tourné',0,8000,0,'Tourné',0
'2409-HIV-24l23Vlv-Semaine-00',400000,65500,0,'Tourné',0,8700,0,'Tourné',0,8000,0,'Tourné',0,8000,0,'Tourné',0,4100,0,'Tourné',0,8100,0,'Tourné',0,8100,0,'Tourné',0,4100,0,'Tourné',0,7900,0,'Tourné',0,7700,0,'Tourné',0,4000,0,'Tourné',0,8100,0,'Tourné',0,8100,0,'Tourné',0,4100,0,'Tourné',0,8400,0,'Tourné',0,8100,0,'Tourné',0,4000,0,'Tourné',0,7800,0,'Tourné',0,7500,0,'Tourné',0,3700,0,'Tourné',0,8000,0,'Tourné',0
