900,'2509-HIV-25j05H-d-Dimanche-00',852,,10740,,,0,300,,10738,,,0,300,,10739,,,0,300,,10741,,,0
900,'2509-HIV-25j26H-d-Dimanche-00',852,,10744,,,0,300,,10742,,,0,300,,10743,,,0,300,,10745,,,0
900,'2509-HIV-25k03H-s-Samedi-00',655,,10748,,,0,99,,10749,,,0,159,,10747,0,28,0,126,,10754,0,28,0,69,,10750,,,0,136,,10756,0,28,0,98,,10755,0,28,0,90,,10751,,,0,90,,10746,,,0,98,,10757,,,0,135,,10752,,,0,94,,10753,,,0
900,'2509-HIV-25l22Vlv-Semaine-00',651,,10759,,,0,65,,10760,,,0,39,,10762,,,0,63,,10764,,,0,1,,10763,,,0,87,,10761,,,0,50,,10765,,,0,89,,10769,0,28,0,63,,10766,,,0,128,,10768,0,28,0,106,,10770,0,28,0,90,,10772,,,0,99,,10775,,,0,89,,10773,,,0,133,,10771,,,0,97,,10774,,,0
900,'2509-HIV-26a05H-s-Samedi-00',655,,10778,,,0,99,,10779,,,0,159,,10777,0,28,0,126,,10784,0,28,0,69,,10780,,,0,136,,10786,0,28,0,98,,10785,0,28,0,90,,10781,,,0,90,,10776,,,0,98,,10787,,,0,135,,10782,,,0,94,,10783,,,0
900,'2509-HIV-26a05H-w-Mercredi-00',645,,10789,,,0,68,,10790,,,0,41,,10794,,,0,61,,10795,,,0,4,,10796,,,0,84,,10791,,,0,49,,10797,,,0,94,,10798,0,28,0,93,,10799,,,0,105,,10800,,,0,70,,10792,,,0,130,,10803,,,0,84,,10801,,,0,110,,10802,,,0,72,,10793,,,0,130,,10804,,,0,78,,10805,0,28,0
900,'2509-HIV-26a05Hlv-L-Ma-J-V-00',645,,10808,,,0,68,,10809,,,0,41,,10813,,,0,61,,10814,,,0,4,,10815,,,0,84,,10810,,,0,49,,10816,,,0,94,,10817,0,28,0,93,,10818,,,0,105,,10819,,,0,70,,10811,,,0,130,,10822,,,0,84,,10820,,,0,110,,10821,,,0,72,,10812,,,0,130,,10823,,,0,78,,10824,0,28,0
900,'2509-HIV-26b23Vlv-Semaine-00',651,,10827,,,0,65,,10828,,,0,39,,10830,,,0,63,,10832,,,0,1,,10831,,,0,87,,10829,,,0,50,,10833,,,0,89,,10837,0,28,0,63,,10834,,,0,128,,10836,0,28,0,106,,10838,0,28,0,90,,10840,,,0,99,,10843,,,0,89,,10841,,,0,133,,10839,,,0,97,,10842,,,0
900,'2509-HIV-26c02Vlv-Semaine-00',651,,10845,,,0,65,,10846,,,0,39,,10848,,,0,63,,10850,,,0,1,,10849,,,0,87,,10847,,,0,50,,10851,,,0,89,,10855,0,28,0,63,,10852,,,0,128,,10854,0,28,0,106,,10856,0,28,0,90,,10858,,,0,99,,10861,,,0,89,,10859,,,0,133,,10857,,,0,97,,10860,,,0
1600,'2509-HIV-25k03H-s-Samedi-00',1019,,11421,,,0,293,,11423,,,0,423,,11426,,,0,123,,11422,,,0
1600,'2509-HIV-25l22Vlv-Semaine-00',1019,,11433,,,0,293,,11435,,,0,423,,11438,,,0,123,,11434,,,0
1600,'2509-HIV-26a05H-s-Samedi-00',1019,,11445,,,0,293,,11447,,,0,423,,11450,,,0,123,,11446,,,0
1600,'2509-HIV-26a05H-w-Mercredi-00',1019,,11457,,,0,293,,11459,,,0,423,,11462,,,0,123,,11458,,,0
1600,'2509-HIV-26a05Hlv-L-Ma-J-V-00',1019,,11469,,,0,293,,11471,,,0,423,,11474,,,0,123,,11470,,,0
1600,'2509-HIV-26b23Vlv-Semaine-00',1019,,11481,,,0,293,,11483,,,0,423,,11486,,,0,123,,11482,,,0
1600,'2509-HIV-26c02Vlv-Semaine-00',1019,,11493,,,0,293,,11495,,,0,423,,11498,,,0,123,,11494,,,0
1900,'2509-HIV-26a05H-w-Mercredi-00',703,,11655,,,0,16,,11656,,,0,84,,11661,,,0,7,,11654,0,8 10 55,0,14,,11660,,,0,934,,11657,,,0
1900,'2509-HIV-26a05H-w-Mercredi-00-0010000',1406,,11662,,,0
1900,'2509-HIV-26a05Hlv-L-Ma-J-V-00',703,,11664,,,0,16,,11665,,,0,84,,11670,,,0,7,,11663,0,8 10 55,0,14,,11669,,,0,934,,11666,,,0
29000900,'2509-HIV-26a05H-w-Mercredi-00',701,,16119,,,0,100,,16120,,,0
29000900,'2509-HIV-26a05Hlv-L-Ma-J-V-00',701,,16121,,,0,100,,16122,,,0
