3000000,'25j05H-Dimanche',825,,6684,4,,0,130,,6685,4,,0,170,,6692,4,,0,130,,6691,4,,0,170,,6690,4,,0,130,,6688,4,,0,170,,6689,4,,0,129,,6687,4,,0,170,,6686,4,,0
3000000,'25j26H-Dimanche',825,,6699,4,,0,130,,6700,4,,0,170,,6701,4,,0,130,,6702,4,,0,170,,6703,4,,0,130,,6704,4,,0,170,,6705,4,,0,129,,6706,4,,0,170,,6707,4,,0
3000000,'26a05H-Samedi',703,,6789,4,,0,44,,6790,4,,0,82,,6791,4,,0,29,,6792,4,,0,60,,6793,4,,0,20,,6794,4,,0,21,,6795,4,,0,60,,6796,4,,0,20,,6797,4,,0,20,,6798,4,,0,61,,6799,4,,0,19,,6800,4,,0,20,,6801,4,,0,62,,6802,4,,0,19,,6803,4,,0,19,,6804,4,,0,59,,6805,4,,0,20,,6806,4,,0,21,,6807,4,,0,59,,6808,4,,0,21,,6809,4,,0,20,,6810,4,,0,61,,6811,4,,0,20,,6812,4,,0,60,,6813,4,,0,20,,6814,4,,0,20,,6815,4,,0,61,,6816,4,,0,20,,6817,4,,0,20,,6818,4,,0,60,,6819,4,,0,20,,6820,4,,0,19,,6821,4,,0,18,,6822,4,,0,59,,6823,4,,0,30,,6824,4,,0,69,,6825,4,,0,29,,6826,4,,0,69,,6827,4,,0
3000000,'26a05H-Mercredi',700,,6869,4,,0,20,,6868,4,,0,27,,6828,4,,0,60,,6829,4,,0,17,,6830,4,,0,21,,6831,4,,0,59,,6832,4,,0,23,,6833,4,,0,19,,6834,4,,0,60,,6835,4,,0,21,,6836,4,,0,17,,6837,4,,0,61,,6838,4,,0,20,,6839,4,,0,20,,6840,4,,0,62,,6841,4,,0,21,,6842,4,,0,19,,6843,4,,0,60,,6844,4,,0,19,,6845,4,,0,21,,6846,4,,0,59,,6847,4,,0,19,,6848,4,,0,21,,6849,4,,0,60,,6850,4,,0,22,,6851,4,,0,19,,6852,4,,0,59,,6853,4,,0,22,,6854,4,,0,16,,6855,4,,0,60,,6856,4,,0,26,,6857,4,,0,18,,6858,4,,0,59,,6859,4,,0,18,,6860,4,,0,17,,6861,4,,0,59,,6862,4,,0,20,,6863,4,,0,19,,6864,4,,0,69,,6865,4,,0,32,,6866,4,,0,72,,6867,4,,0
3000000,'26a05H-L-Ma-J-V',700,,6915,4,,0,20,,6914,4,,0,27,,6874,4,,0,60,,6875,4,,0,17,,6876,4,,0,21,,6877,4,,0,59,,6878,4,,0,23,,6879,4,,0,19,,6880,4,,0,60,,6881,4,,0,21,,6882,4,,0,17,,6883,4,,0,61,,6884,4,,0,20,,6885,4,,0,20,,6886,4,,0,62,,6887,4,,0,21,,6888,4,,0,19,,6889,4,,0,60,,6890,4,,0,19,,6891,4,,0,21,,6892,4,,0,59,,6893,4,,0,19,,6894,4,,0,21,,6895,4,,0,60,,6896,4,,0,22,,6897,4,,0,19,,6898,4,,0,59,,6899,4,,0,22,,6900,4,,0,16,,6901,4,,0,60,,6902,4,,0,26,,6903,4,,0,18,,6904,4,,0,59,,6905,4,,0,18,,6906,4,,0,17,,6907,4,,0,59,,6908,4,,0,20,,6909,4,,0,19,,6910,4,,0,69,,6911,4,,0,32,,6912,4,,0,72,,6913,4,,0
3000000,'26b23V-Semaine',659,,6961,4,,0,60,,6960,4,,0,23,,6920,4,,0,61,,6921,4,,0,20,,6922,4,,0,20,,6923,4,,0,59,,6924,4,,0,21,,6925,4,,0,20,,6926,4,,0,60,,6927,4,,0,21,,6928,4,,0,20,,6929,4,,0,60,,6930,4,,0,21,,6931,4,,0,20,,6932,4,,0,60,,6933,4,,0,21,,6934,4,,0,19,,6935,4,,0,59,,6936,4,,0,20,,6937,4,,0,22,,6938,4,,0,60,,6939,4,,0,19,,6940,4,,0,20,,6941,4,,0,60,,6942,4,,0,20,,6943,4,,0,20,,6944,4,,0,60,,6945,4,,0,20,,6946,4,,0,20,,6947,4,,0,60,,6948,4,,0,21,,6949,4,,0,20,,6950,4,,0,61,,6951,4,,0,20,,6952,4,,0,20,,6953,4,,0,57,,6954,4,,0,19,,6955,4,,0,18,,6956,4,,0,68,,6957,4,,0,32,,6958,4,,0,73,,6959,4,,0
3000000,'26c02V-Semaine',659,,7003,4,,0,60,,7002,4,,0,23,,6962,4,,0,61,,6963,4,,0,20,,6964,4,,0,20,,6965,4,,0,59,,6966,4,,0,21,,6967,4,,0,20,,6968,4,,0,60,,6969,4,,0,21,,6970,4,,0,20,,6971,4,,0,60,,6972,4,,0,21,,6973,4,,0,20,,6974,4,,0,60,,6975,4,,0,21,,6976,4,,0,19,,6977,4,,0,59,,6978,4,,0,20,,6979,4,,0,22,,6980,4,,0,60,,6981,4,,0,19,,6982,4,,0,20,,6983,4,,0,60,,6984,4,,0,20,,6985,4,,0,20,,6986,4,,0,60,,6987,4,,0,20,,6988,4,,0,20,,6989,4,,0,60,,6990,4,,0,21,,6991,4,,0,20,,6992,4,,0,61,,6993,4,,0,20,,6994,4,,0,20,,6995,4,,0,57,,6996,4,,0,19,,6997,4,,0,18,,6998,4,,0,68,,6999,4,,0,32,,7000,4,,0,73,,7001,4,,0
3000001,'25j05H-Dimanche',835,,7004,,,0,170,,7012,,,0,130,,7011,,,0,170,,7010,,,0,130,,7007,,,0,170,,7008,,,0,130,,7009,,,0,170,,7006,,,0,130,,7005,,,0
3000001,'25j26H-Dimanche',835,,7013,,,0,170,,7015,,,0,130,,7016,,,0,170,,7017,,,0,130,,7018,,,0,170,,7019,,,0,130,,7020,,,0,170,,7021,,,0,130,,7014,,,0
3000001,'26a05H-Samedi',630,,7103,,,0,80,,7104,,,0,43,,7105,,,0,77,,7106,,,0,20,,7107,,,0,60,,7108,,,0,20,,7109,,,0,20,,7110,,,0,60,,7111,,,0,20,,7112,,,0,20,,7113,,,0,60,,7114,,,0,20,,7115,,,0,20,,7116,,,0,60,,7117,,,0,20,,7118,,,0,20,,7119,,,0,60,,7120,,,0,20,,7121,,,0,20,,7122,,,0,60,,7123,,,0,20,,7124,,,0,20,,7125,,,0,60,,7126,,,0,20,,7127,,,0,20,,7128,,,0,60,,7129,,,0,20,,7130,,,0,20,,7131,,,0,60,,7132,,,0,20,,7133,,,0,20,,7134,,,0,60,,7135,,,0,20,,7136,,,0,20,,7137,,,0,71,,7139,,,0,29,,7140,,,0,70,,7138,,,0,30,,7141,,,0
3000001,'26a05H-Mercredi',637,,7183,,,0,18,,7142,,,0,58,,7143,,,0,19,,7144,,,0,23,,7145,,,0,61,,7146,,,0,20,,7147,,,0,21,,7148,,,0,60,,7149,,,0,19,,7150,,,0,20,,7151,,,0,60,,7152,,,0,19,,7153,,,0,20,,7154,,,0,59,,7155,,,0,21,,7156,,,0,18,,7157,,,0,62,,7158,,,0,21,,7159,,,0,20,,7160,,,0,59,,7161,,,0,19,,7162,,,0,21,,7163,,,0,60,,7164,,,0,20,,7165,,,0,20,,7166,,,0,62,,7167,,,0,19,,7168,,,0,19,,7169,,,0,60,,7170,,,0,22,,7171,,,0,19,,7172,,,0,60,,7173,,,0,22,,7174,,,0,18,,7175,,,0,60,,7176,,,0,22,,7177,,,0,20,,7178,,,0,63,,7179,,,0,26,,7180,,,0,69,,7181,,,0,33,,7182,,,0
3000001,'26a05H-L-Ma-J-V',637,,7233,,,0,18,,7192,,,0,58,,7193,,,0,19,,7194,,,0,23,,7195,,,0,61,,7196,,,0,20,,7197,,,0,21,,7198,,,0,60,,7199,,,0,19,,7200,,,0,20,,7201,,,0,60,,7202,,,0,19,,7203,,,0,20,,7204,,,0,59,,7205,,,0,21,,7206,,,0,18,,7207,,,0,62,,7208,,,0,21,,7209,,,0,20,,7210,,,0,59,,7211,,,0,19,,7212,,,0,21,,7213,,,0,60,,7214,,,0,20,,7215,,,0,20,,7216,,,0,62,,7217,,,0,19,,7218,,,0,19,,7219,,,0,60,,7220,,,0,22,,7221,,,0,19,,7222,,,0,60,,7223,,,0,22,,7224,,,0,18,,7225,,,0,60,,7226,,,0,22,,7227,,,0,20,,7228,,,0,63,,7229,,,0,26,,7230,,,0,69,,7231,,,0,33,,7232,,,0
3000001,'26b23V-Semaine',640,,7283,,,0,19,,7242,,,0,59,,7243,,,0,20,,7244,,,0,20,,7245,,,0,59,,7246,,,0,19,,7247,,,0,20,,7248,,,0,61,,7249,,,0,19,,7250,,,0,20,,7251,,,0,60,,7252,,,0,19,,7253,,,0,21,,7254,,,0,60,,7255,,,0,19,,7256,,,0,20,,7257,,,0,60,,7258,,,0,20,,7259,,,0,20,,7260,,,0,60,,7261,,,0,19,,7262,,,0,21,,7263,,,0,60,,7264,,,0,19,,7265,,,0,20,,7266,,,0,60,,7267,,,0,20,,7268,,,0,20,,7269,,,0,60,,7270,,,0,20,,7271,,,0,20,,7272,,,0,60,,7273,,,0,21,,7274,,,0,21,,7275,,,0,59,,7276,,,0,22,,7277,,,0,21,,7278,,,0,61,,7279,,,0,31,,7280,,,0,67,,7281,,,0,31,,7282,,,0
3000001,'26c02V-Semaine',640,,7325,,,0,19,,7284,,,0,59,,7285,,,0,20,,7286,,,0,20,,7287,,,0,59,,7288,,,0,19,,7289,,,0,20,,7290,,,0,61,,7291,,,0,19,,7292,,,0,20,,7293,,,0,60,,7294,,,0,19,,7295,,,0,21,,7296,,,0,60,,7297,,,0,19,,7298,,,0,20,,7299,,,0,60,,7300,,,0,20,,7301,,,0,20,,7302,,,0,60,,7303,,,0,19,,7304,,,0,21,,7305,,,0,60,,7306,,,0,19,,7307,,,0,20,,7308,,,0,60,,7309,,,0,20,,7310,,,0,20,,7311,,,0,60,,7312,,,0,20,,7313,,,0,20,,7314,,,0,60,,7315,,,0,21,,7316,,,0,21,,7317,,,0,59,,7318,,,0,22,,7319,,,0,21,,7320,,,0,61,,7321,,,0,31,,7322,,,0,67,,7323,,,0,31,,7324,,,0
