500,'S2-1_6',712,,23818,3,,,0,99,,23807,3,,,0,99,,23808,3,,,0,100,,23809,3,,,0,100,,23810,3,,,0,97,,23811,3,,,0,98,,23812,3,,,0,100,,23813,3,,,0,99,,23814,3,,,0,100,,23815,3,,,0,100,,23816,3,,,0,154,,23817,3,,,0
500,'S2-5_1',653,,23831,3,,,0,159,,23819,3,,,0,105,,23820,3,,,0,100,,23821,3,,,0,105,,23822,3,,,0,101,,23823,3,,,0,84,,23824,3,,,0,94,,23825,3,,,0,100,,23826,3,,,0,102,,23827,3,,,0,106,,23828,3,,,0,103,,23833,3,,,0,100,,23829,3,,,0
500,'S2-5_2',653,,23846,3,,,0,159,,23834,3,,,0,105,,23835,3,,,0,100,,23836,3,,,0,105,,23837,3,,,0,101,,23838,3,,,0,84,,23839,3,,,0,94,,23840,3,,,0,100,,23841,3,,,0,102,,23842,3,,,0,106,,23843,3,,,0,103,,23848,3,,,0,100,,23844,3,,,0
500,'S2-5_4',653,,23861,3,,,0,159,,23849,3,,,0,105,,23850,3,,,0,100,,23851,3,,,0,105,,23852,3,,,0,101,,23853,3,,,0,84,,23854,3,,,0,94,,23855,3,,,0,100,,23856,3,,,0,102,,23857,3,,,0,106,,23858,3,,,0,103,,23863,3,,,0,100,,23859,3,,,0
500,'S2-5_5',653,,23876,3,,,0,159,,23864,3,,,0,105,,23865,3,,,0,100,,23866,3,,,0,105,,23867,3,,,0,101,,23868,3,,,0,84,,23869,3,,,0,94,,23870,3,,,0,100,,23871,3,,,0,102,,23872,3,,,0,106,,23873,3,,,0,103,,23878,3,,,0,100,,23874,3,,,0
500,'S2-6_3',653,,23891,3,,,0,159,,23879,3,,,0,105,,23880,3,,,0,100,,23881,3,,,0,105,,23882,3,,,0,101,,23883,3,,,0,84,,23884,3,,,0,94,,23885,3,,,0,100,,23886,3,,,0,102,,23887,3,,,0,106,,23888,3,,,0,103,,23893,3,,,0,100,,23889,3,,,0
2900500,'S2-5_1',646,,28338,3,,,0,106,,28339,3,,,0
2900500,'S2-5_2',646,,28340,3,,,0,106,,28341,3,,,0
2900500,'S2-5_4',646,,28342,3,,,0,106,,28343,3,,,0
2900500,'S2-5_5',646,,28344,3,,,0,106,,28345,3,,,0
2900500,'S2-6_3',646,,28346,3,,,0,106,,28347,3,,,0
