201,'2_6',742,,30638,35,0,62,0,160,,30627,23,0,62,0,126,,30640,35,0,62,0,110,,30641,35,0,64,0,85,,30630,23,0,62,0,107,,30631,23,0,62,0,104,,30632,23,0,62,0,90,,30621,35,0,62,0,103,,30622,35,0,62,0,124,,30635,23,0,62,0,163,,30648,35,0,62,0,34,,30637,23,0,62,0
201,'5_1',737,,37458,35,0,62,0,88,,37454,23,0,62,0,87,,37456,35,0,62,0,203,,37446,35,0,62,0,118,,37442,35,0,62,0,19,,37449,14,0,62,0,156,,37438,35,0,62,0,147,,37436,35,0,62,0,85,,37433,14,0,62,0,70,,37434,14,0,62,0,35,,37424,23,0,62,0,65,,37423,35,0,62,0,29,,37429,23,0,62,0,70,,37425,35,0,62,0,44,,37422,35,0,62,0
201,'5_2',737,,38870,35,0,62,0,88,,38866,23,0,62,0,87,,38868,35,0,62,0,203,,38858,35,0,62,0,118,,38854,35,0,62,0,19,,38861,14,0,62,0,156,,38850,35,0,62,0,147,,38848,35,0,62,0,85,,38845,14,0,62,0,70,,38846,14,0,62,0,35,,38836,23,0,62,0,65,,38835,35,0,62,0,29,,38841,23,0,62,0,70,,38837,35,0,62,0,44,,38834,35,0,62,0
201,'5_3',737,,38909,35,0,62,0,88,,38905,23,0,62,0,87,,38907,35,0,62,0,203,,38897,35,0,62,0,118,,38893,35,0,62,0,19,,38900,14,0,62,0,156,,38889,35,0,62,0,147,,38887,35,0,62,0,85,,38884,14,0,62,0,70,,38885,14,0,62,0,35,,38875,23,0,62,0,65,,38874,35,0,62,0,29,,38880,23,0,62,0,70,,38876,35,0,62,0,44,,38873,35,0,62,0
201,'5_4',737,,38948,35,0,62,0,88,,38944,23,0,62,0,87,,38946,35,0,62,0,203,,38936,35,0,62,0,118,,38932,35,0,62,0,19,,38939,14,0,62,0,156,,38928,35,0,62,0,147,,38926,35,0,62,0,85,,38923,14,0,62,0,70,,38924,14,0,62,0,35,,38914,23,0,62,0,65,,38913,35,0,62,0,29,,38919,23,0,62,0,70,,38915,35,0,62,0,44,,38912,35,0,62,0
201,'5_5',737,,38987,35,0,62,0,88,,38983,23,0,62,0,87,,38985,35,0,62,0,203,,38975,35,0,62,0,118,,38971,35,0,62,0,19,,38978,14,0,62,0,156,,38967,35,0,62,0,147,,38965,35,0,62,0,85,,38962,14,0,62,0,70,,38963,14,0,62,0,35,,38953,23,0,62,0,65,,38952,35,0,62,0,29,,38958,23,0,62,0,70,,38954,35,0,62,0,44,,38951,35,0,62,0
201,'6_1',737,,39026,35,0,62,0,88,,39022,23,0,62,0,87,,39024,35,0,62,0,203,,39014,35,0,62,0,118,,39010,35,0,62,0,19,,39017,14,0,62,0,156,,39006,35,0,62,0,147,,39004,35,0,62,0,85,,39001,14,0,62,0,70,,39002,14,0,62,0,35,,38992,23,0,62,0,65,,38991,35,0,62,0,29,,38997,23,0,62,0,70,,38993,35,0,62,0,44,,38990,35,0,62,0
201,'6_2',737,,43843,35,0,62,0,88,,43839,23,0,62,0,87,,43841,35,0,62,0,203,,43831,35,0,62,0,118,,43827,35,0,62,0,19,,43834,14,0,62,0,156,,43823,35,0,62,0,147,,43821,35,0,62,0,85,,43818,14,0,62,0,70,,43819,14,0,62,0,35,,43809,23,0,62,0,65,,43808,35,0,62,0,29,,43814,23,0,62,0,70,,43810,35,0,62,0,44,,43807,35,0,62,0
201,'6_3',737,,43882,35,0,62,0,88,,43878,23,0,62,0,87,,43880,35,0,62,0,203,,43870,35,0,62,0,118,,43866,35,0,62,0,19,,43873,14,0,62,0,156,,43862,35,0,62,0,147,,43860,35,0,62,0,85,,43857,14,0,62,0,70,,43858,14,0,62,0,35,,43848,23,0,62,0,65,,43847,35,0,62,0,29,,43853,23,0,62,0,70,,43849,35,0,62,0,44,,43846,35,0,62,0
201,'6_4',737,,43921,35,0,62,0,88,,43917,23,0,62,0,87,,43919,35,0,62,0,203,,43909,35,0,62,0,118,,43905,35,0,62,0,19,,43912,14,0,62,0,156,,43901,35,0,62,0,147,,43899,35,0,62,0,85,,43896,14,0,62,0,70,,43897,14,0,62,0,35,,43887,23,0,62,0,65,,43886,35,0,62,0,29,,43892,23,0,62,0,70,,43888,35,0,62,0,44,,43885,35,0,62,0
