901,'1_6',812,,17149,25,0,23 24,0,188,,17154,10,0,23 24,0,126,,17155,10,0,23 24,0,192,,17156,10,0,23 24,0,326,,17150,25,0,23 24,0,102,,17151,25,0,23 24,0,172,,17152,25,0,23 24,0,89,,17153,25,0,23 24,0
901,'5_1',815,,17162,25,0,26,0,27,,17163,25,0,27 28 29,0,103,,17168,25,0,23 24,0,95,,17172,10,0,23 24,0,98,,17169,25,0,23 24,0,106,,17164,25,0,27 28 29,0,15,,17173,11,,,0,166,,17170,25,0,23 24,0,112,,17171,25,0,23 24,0,109,,17165,25,0,27 28 29,0,0,,17176,11,,,0,102,,17166,25,0,27 28 29,0,4,,17174,3,,,0,91,,17167,25,0,27 28 29,0,4,,17175,3,,,0,159,,17177,25,,,0
901,'5_2',815,,17178,25,0,26,0,27,,17179,25,0,27 28 29,0,103,,17184,25,0,23 24,0,95,,17188,10,0,23 24,0,98,,17185,25,0,23 24,0,106,,17180,25,0,27 28 29,0,15,,17189,11,,,0,166,,17186,25,0,23 24,0,112,,17187,25,0,23 24,0,109,,17181,25,0,27 28 29,0,0,,17192,11,,,0,102,,17182,25,0,27 28 29,0,4,,17190,3,,,0,91,,17183,25,0,27 28 29,0,4,,17191,3,,,0,159,,17193,25,,,0
901,'5_4',815,,17194,25,0,26,0,27,,17195,25,0,27 28 29,0,103,,17200,25,0,23 24,0,95,,17204,10,0,23 24,0,98,,17201,25,0,23 24,0,106,,17196,25,0,27 28 29,0,15,,17205,11,,,0,166,,17202,25,0,23 24,0,112,,17203,25,0,23 24,0,109,,17197,25,0,27 28 29,0,0,,17208,11,,,0,102,,17198,25,0,27 28 29,0,4,,17206,3,,,0,91,,17199,25,0,27 28 29,0,4,,17207,3,,,0,159,,17209,25,,,0
901,'5_5',815,,17210,25,0,26,0,27,,17211,25,0,27 28 29,0,103,,17216,25,0,23 24,0,95,,17220,10,0,23 24,0,98,,17217,25,0,23 24,0,106,,17212,25,0,27 28 29,0,15,,17221,11,,,0,166,,17218,25,0,23 24,0,112,,17219,25,0,23 24,0,109,,17213,25,0,27 28 29,0,0,,17224,11,,,0,102,,17214,25,0,27 28 29,0,4,,17222,3,,,0,91,,17215,25,0,27 28 29,0,4,,17223,3,,,0,159,,17225,25,,,0
901,'6_3',815,,17226,25,0,26,0,27,,17227,25,0,27 28 29,0,103,,17232,25,0,23 24,0,95,,17236,10,0,23 24,0,98,,17233,25,0,23 24,0,106,,17228,25,0,27 28 29,0,15,,17237,11,,,0,166,,17234,25,0,23 24,0,112,,17235,25,0,23 24,0,109,,17229,25,0,27 28 29,0,0,,17240,11,,,0,102,,17230,25,0,27 28 29,0,4,,17238,3,,,0,91,,17231,25,0,27 28 29,0,4,,17239,3,,,0,159,,17241,25,,,0
2900901,'5_1',1753,,21000,8,,,0,100,,21001,8,,,0
2900901,'5_2',1753,,21002,8,,,0,100,,21003,8,,,0
2900901,'5_4',1753,,21004,8,,,0,100,,21005,8,,,0
2900901,'5_5',1753,,21006,8,,,0,100,,21007,8,,,0
2900901,'6_3',1753,,21008,8,,,0,100,,21009,8,,,0
