300,'0_5',655,,30750,16,,,0,64,,30751,16,,,0,32,,30752,16,,,0,64,,30753,16,,,0,25,,30754,16,,,0,70,,30755,16,,,0,32,,30756,16,,,0,72,,30757,16,,,0,32,,30758,16,,,0,72,,30759,16,,,0,32,,30760,16,,,0,72,,30761,16,,,0,32,,30762,16,,,0,72,,30763,16,,,0,32,,30764,16,,,0,72,,30765,16,,,0,72,,30766,16,,,0,33,,30767,16,,,0,70,,30769,16,,,0,27,,30770,16,,,0,68,,30771,16,,,0,29,,30772,16,,,0,30,,30773,16,,,0,70,,30777,16,,,0,71,,30774,16,,,0,31,,30775,16,,,0,73,,30776,16,,,0,30,,30768,16,,,0
300,'2_6',658,,30806,16,,,0,69,,30808,16,,,0,29,,30809,16,,,0,70,,30807,16,,,0,30,,30811,16,,,0,69,,30812,16,,,0,29,,30810,16,,,0,71,,30813,16,,,0,30,,30814,16,,,0,70,,30817,16,,,0,29,,30816,16,,,0,69,,30815,16,,,0,29,,30819,16,,,0,70,,30818,16,,,0,29,,30820,16,,,0,69,,30821,16,,,0,32,,30822,16,,,0,72,,30823,16,,,0,31,,30824,16,,,0,71,,30825,16,,,0,32,,30826,16,,,0,72,,30827,16,,,0,70,,30828,16,,,0,31,,30833,16,,,0,71,,30829,16,,,0,30,,30830,16,,,0,26,,30831,16,,,0,70,,30832,16,,,0
300,'3_7',915,,30834,16,,,0,100,,30835,16,,,0,100,,30836,16,,,0,100,,30837,16,,,0,100,,30838,16,,,0,100,,30839,16,,,0,100,,30840,16,,,0,100,,30841,16,,,0,100,,30842,16,,,0,100,,30843,16,,,0,100,,30844,16,,,0
300,'5_1',703,,37459,16,,,0,24,,37460,16,,,0,29,,37461,16,,,0,63,,37464,16,,,0,25,,37463,16,,,0,69,,37462,16,,,0,32,,37466,16,,,0,72,,37469,16,,,0,31,,37471,16,,,0,72,,37467,16,,,0,32,,37472,16,,,0,72,,37465,16,,,0,34,,37468,16,,,0,72,,37470,16,,,0,72,,37473,16,,,0,32,,37474,16,,,0,72,,37475,16,,,0,34,,37477,16,,,0,69,,37476,16,,,0,28,,37479,16,,,0,68,,37481,16,,,0,27,,37483,16,,,0,68,,37480,16,,,0,30,,37486,16,,,0,72,,37485,16,,,0,30,,37482,16,,,0,75,,37484,16,,,0,30,,37478,16,,,0
300,'5_2',703,,39027,16,,,0,24,,39028,16,,,0,29,,39029,16,,,0,63,,39032,16,,,0,25,,39031,16,,,0,69,,39030,16,,,0,32,,39034,16,,,0,72,,39037,16,,,0,31,,39039,16,,,0,72,,39035,16,,,0,32,,39040,16,,,0,72,,39033,16,,,0,34,,39036,16,,,0,72,,39038,16,,,0,72,,39041,16,,,0,32,,39042,16,,,0,72,,39043,16,,,0,34,,39045,16,,,0,69,,39044,16,,,0,28,,39047,16,,,0,68,,39049,16,,,0,27,,39051,16,,,0,68,,39048,16,,,0,30,,39054,16,,,0,72,,39053,16,,,0,30,,39050,16,,,0,75,,39052,16,,,0,30,,39046,16,,,0
300,'5_3',703,,39055,16,,,0,24,,39056,16,,,0,29,,39057,16,,,0,63,,39060,16,,,0,25,,39059,16,,,0,69,,39058,16,,,0,32,,39062,16,,,0,72,,39065,16,,,0,31,,39067,16,,,0,72,,39063,16,,,0,32,,39068,16,,,0,72,,39061,16,,,0,34,,39064,16,,,0,72,,39066,16,,,0,72,,39069,16,,,0,32,,39070,16,,,0,72,,39071,16,,,0,34,,39073,16,,,0,69,,39072,16,,,0,28,,39075,16,,,0,68,,39077,16,,,0,27,,39079,16,,,0,68,,39076,16,,,0,30,,39082,16,,,0,72,,39081,16,,,0,30,,39078,16,,,0,75,,39080,16,,,0,30,,39074,16,,,0
300,'5_4',703,,39083,16,,,0,24,,39084,16,,,0,29,,39085,16,,,0,63,,39088,16,,,0,25,,39087,16,,,0,69,,39086,16,,,0,32,,39090,16,,,0,72,,39093,16,,,0,31,,39095,16,,,0,72,,39091,16,,,0,32,,39096,16,,,0,72,,39089,16,,,0,34,,39092,16,,,0,72,,39094,16,,,0,72,,39097,16,,,0,32,,39098,16,,,0,72,,39099,16,,,0,34,,39101,16,,,0,69,,39100,16,,,0,28,,39103,16,,,0,68,,39105,16,,,0,27,,39107,16,,,0,68,,39104,16,,,0,30,,39110,16,,,0,72,,39109,16,,,0,30,,39106,16,,,0,75,,39108,16,,,0,30,,39102,16,,,0
300,'5_5',703,,39111,16,,,0,24,,39112,16,,,0,29,,39113,16,,,0,63,,39116,16,,,0,25,,39115,16,,,0,69,,39114,16,,,0,32,,39118,16,,,0,72,,39121,16,,,0,31,,39123,16,,,0,72,,39119,16,,,0,32,,39124,16,,,0,72,,39117,16,,,0,34,,39120,16,,,0,72,,39122,16,,,0,72,,39125,16,,,0,32,,39126,16,,,0,72,,39127,16,,,0,34,,39129,16,,,0,69,,39128,16,,,0,28,,39131,16,,,0,68,,39133,16,,,0,27,,39135,16,,,0,68,,39132,16,,,0,30,,39138,16,,,0,72,,39137,16,,,0,30,,39134,16,,,0,75,,39136,16,,,0,30,,39130,16,,,0
300,'6_1',703,,39139,16,,,0,24,,39140,16,,,0,29,,39141,16,,,0,63,,39144,16,,,0,25,,39143,16,,,0,69,,39142,16,,,0,32,,39146,16,,,0,72,,39149,16,,,0,31,,39151,16,,,0,72,,39147,16,,,0,32,,39152,16,,,0,72,,39145,16,,,0,34,,39148,16,,,0,72,,39150,16,,,0,72,,39153,16,,,0,32,,39154,16,,,0,72,,39155,16,,,0,34,,39157,16,,,0,69,,39156,16,,,0,28,,39159,16,,,0,68,,39161,16,,,0,27,,39163,16,,,0,68,,39160,16,,,0,30,,39166,16,,,0,72,,39165,16,,,0,30,,39162,16,,,0,75,,39164,16,,,0,30,,39158,16,,,0
2900300,'0_5',710,,36021,8,,,0,30,,36022,8,,,0,69,,36023,8,,,0
