1100,'0_6',646,,67029,9,,,0,160,,67030,9,,,0,905,,67031,9,,,0,119,,67032,9,,,0
1100,'2_1',646,,67033,9,,,0,160,,67034,9,,,0,905,,67035,9,,,0,119,,67036,9,,,0
1100,'2_2',646,,67037,9,,,0,160,,67038,9,,,0,905,,67039,9,,,0,119,,67040,9,,,0
1100,'2_3',646,,67041,9,,,0,160,,67042,9,,,0,905,,67043,9,,,0,119,,67044,9,,,0
1100,'2_4',646,,67045,9,,,0,160,,67046,9,,,0,905,,67047,9,,,0,119,,67048,9,,,0
1100,'2_5',646,,67049,9,,,0,160,,67050,9,,,0,905,,67051,9,,,0,119,,67052,9,,,0
1100,'3_1',646,,67053,9,,,0,160,,67054,9,,,0,905,,67055,9,,,0,119,,67056,9,,,0
1100,'3_3',646,,67057,9,,,0,160,,67058,9,,,0,905,,67059,9,,,0,119,,67060,9,,,0
1100,'3_4',646,,67061,9,,,0,160,,67062,9,,,0,905,,67063,9,,,0,119,,67064,9,,,0
1100,'3_5',646,,67065,9,,,0,160,,67066,9,,,0,905,,67067,9,,,0,119,,67068,9,,,0
