1000,'0_6',556,,66740,4,,,0,103,,66741,4,,,0,94,,66742,4,,,0,100,,66750,4,,,0,83,,66753,5,,,0,117,,66743,4,,,0,148,,66754,5,,,0,57,,66744,4,,,0,95,,66755,5,,,0,96,,66751,4,,,0,98,,66745,4,,,0,73,,66746,5,,,0,116,,66748,4,,,0,92,,66752,4,,,0,103,,66749,5,,,0,102,,66747,4,,,0
1000,'1_7',1046,,66756,5,,,0,360,,66757,5,,,0,410,,66758,5,,,0,307,,66759,4,,,0
1000,'2_1',613,,66760,4,,,0,97,,66761,4,,,0,120,,66762,4,0,18 30,0,88,,66763,5,,,0,102,,66768,4,0,18 30,0,97,,66764,5,0,18 30,0,112,,66769,4,0,18 30,0,105,,66770,4,0,18 30,0,103,,66765,5,,,0,93,,66771,4,,,0,115,,66766,5,,,0,106,,66772,4,,,0,160,,66767,5,0,18 30,0
1000,'2_2',613,,66773,4,,,0,97,,66774,4,,,0,120,,66775,4,0,18 30,0,88,,66776,5,,,0,102,,66781,4,0,18 30,0,97,,66777,5,0,18 30,0,112,,66782,4,0,18 30,0,105,,66783,4,0,18 30,0,103,,66778,5,,,0,93,,66784,4,,,0,115,,66779,5,,,0,106,,66785,4,,,0,160,,66780,5,0,18 30,0
1000,'2_3',613,,66786,4,,,0,97,,66787,4,,,0,120,,66788,4,0,18 30,0,88,,66789,5,,,0,102,,66794,4,0,18 30,0,97,,66790,5,0,18 30,0,112,,66795,4,0,18 30,0,105,,66796,4,0,18 30,0,103,,66791,5,,,0,93,,66797,4,,,0,115,,66792,5,,,0,106,,66798,4,,,0,160,,66793,5,0,18 30,0
1000,'2_4',613,,66799,4,,,0,97,,66800,4,,,0,120,,66801,4,0,18 30,0,88,,66802,5,,,0,102,,66807,4,0,18 30,0,97,,66803,5,0,18 30,0,112,,66808,4,0,18 30,0,105,,66809,4,0,18 30,0,103,,66804,5,,,0,93,,66810,4,,,0,115,,66805,5,,,0,106,,66811,4,,,0,160,,66806,5,0,18 30,0
1000,'2_5',613,,66812,4,,,0,97,,66813,4,,,0,120,,66814,4,0,18 30,0,88,,66815,5,,,0,102,,66820,4,0,18 30,0,97,,66816,5,0,18 30,0,112,,66821,4,0,18 30,0,105,,66822,4,0,18 30,0,103,,66817,5,,,0,93,,66823,4,,,0,115,,66818,5,,,0,106,,66824,4,,,0,160,,66819,5,0,18 30,0
1000,'3_1',613,,66825,4,,,0,97,,66826,4,,,0,120,,66827,4,0,18 30,0,88,,66828,5,,,0,102,,66833,4,0,18 30,0,97,,66829,5,0,18 30,0,112,,66834,4,0,18 30,0,105,,66835,4,0,18 30,0,103,,66830,5,,,0,93,,66836,4,,,0,115,,66831,5,,,0,106,,66837,4,,,0,160,,66832,5,0,18 30,0
1000,'3_3',613,,66838,4,,,0,97,,66839,4,,,0,120,,66840,4,0,18 30,0,88,,66841,5,,,0,102,,66846,4,0,18 30,0,97,,66842,5,0,18 30,0,112,,66847,4,0,18 30,0,105,,66848,4,0,18 30,0,103,,66843,5,,,0,93,,66849,4,,,0,115,,66844,5,,,0,106,,66850,4,,,0,160,,66845,5,0,18 30,0
1000,'3_4',613,,66851,4,,,0,97,,66852,4,,,0,120,,66853,4,0,18 30,0,88,,66854,5,,,0,102,,66859,4,0,18 30,0,97,,66855,5,0,18 30,0,112,,66860,4,0,18 30,0,105,,66861,4,0,18 30,0,103,,66856,5,,,0,93,,66862,4,,,0,115,,66857,5,,,0,106,,66863,4,,,0,160,,66858,5,0,18 30,0
1000,'3_5',613,,66864,4,,,0,97,,66865,4,,,0,120,,66866,4,0,18 30,0,88,,66867,5,,,0,102,,66872,4,0,18 30,0,97,,66868,5,0,18 30,0,112,,66873,4,0,18 30,0,105,,66874,4,0,18 30,0,103,,66869,5,,,0,93,,66875,4,,,0,115,,66870,5,,,0,106,,66876,4,,,0,160,,66871,5,0,18 30,0
1000,'4_7',613,,66877,4,,,0,97,,66878,4,,,0,120,,66879,4,0,18 30,0,88,,66880,5,,,0,102,,66885,4,0,18 30,0,97,,66881,5,0,18 30,0,112,,66886,4,0,18 30,0,105,,66887,4,0,18 30,0,103,,66882,5,,,0,93,,66888,4,,,0,115,,66883,5,,,0,106,,66889,4,,,0,160,,66884,5,0,18 30,0
2901000,'0_6',753,,71037,4,,,0,100,,71039,4,,,0,200,,71038,4,,,0,175,,71044,4,,,0,30,,71041,4,,,0,95,,71040,4,,,0,96,,71042,4,,,0,98,,71043,4,,,0,157,,71046,4,,,0,99,,71045,4,,,0
2901000,'2_1',834,,71047,4,,,0,298,,71048,4,,,0,208,,71049,4,,,0,94,,71050,4,,,0,192,,71051,4,,,0,199,,71052,4,,,0,183,,71053,4,,,0
2901000,'2_2',834,,71054,4,,,0,298,,71055,4,,,0,208,,71056,4,,,0,94,,71057,4,,,0,192,,71058,4,,,0,199,,71059,4,,,0,183,,71060,4,,,0
2901000,'2_3',834,,71061,4,,,0,298,,71062,4,,,0,208,,71063,4,,,0,94,,71064,4,,,0,192,,71065,4,,,0,199,,71066,4,,,0,183,,71067,4,,,0
2901000,'2_4',834,,71068,4,,,0,298,,71069,4,,,0,208,,71070,4,,,0,94,,71071,4,,,0,192,,71072,4,,,0,199,,71073,4,,,0,183,,71074,4,,,0
2901000,'2_5',834,,71075,4,,,0,298,,71076,4,,,0,208,,71077,4,,,0,94,,71078,4,,,0,192,,71079,4,,,0,199,,71080,4,,,0,183,,71081,4,,,0
2901000,'3_1',834,,71082,4,,,0,298,,71083,4,,,0,208,,71084,4,,,0,94,,71085,4,,,0,192,,71086,4,,,0,199,,71087,4,,,0,183,,71088,4,,,0
2901000,'3_3',834,,71089,4,,,0,298,,71090,4,,,0,208,,71091,4,,,0,94,,71092,4,,,0,192,,71093,4,,,0,199,,71094,4,,,0,183,,71095,4,,,0
2901000,'3_4',834,,71096,4,,,0,298,,71097,4,,,0,208,,71098,4,,,0,94,,71099,4,,,0,192,,71100,4,,,0,199,,71101,4,,,0,183,,71102,4,,,0
2901000,'3_5',834,,71103,4,,,0,298,,71104,4,,,0,208,,71105,4,,,0,94,,71106,4,,,0,192,,71107,4,,,0,199,,71108,4,,,0,183,,71109,4,,,0
2901000,'4_7',834,,71110,4,,,0,298,,71111,4,,,0,208,,71112,4,,,0,94,,71113,4,,,0,192,,71114,4,,,0,199,,71115,4,,,0,183,,71116,4,,,0
