901,'2_6',801,,32274,21,0,23 24,0,99,,32286,21,0,25,0,50,,32279,6,0,23 24,0,166,,32280,6,0,23 24,0,113,,32284,21,0,25,0,79,,32281,6,0,23 24,0,107,,32283,6,0,25,0,90,,32285,6,0,25,0,44,,32282,21,0,25,0,82,,32275,21,0,23 24,0,104,,32276,21,0,23 24,0,172,,32277,21,0,23 24,0,49,,32278,21,0,23 24,0
901,'5_1',801,,37694,21,,,0,26,,37695,21,0,27 63,0,105,,37696,21,0,23 24,0,25,,37697,6,0,23 24,0,169,,37698,6,0,23 24,0,95,,37700,21,0,25,0,89,,37699,6,0,23 24,0,106,,37701,6,0,25,0,91,,37702,6,0,25,0,42,,37707,21,0,25,0,91,,37703,21,0,23 24,0,96,,37704,21,0,23 24,0,166,,37705,21,0,23 24,0,54,,37706,21,0,23 24,0
901,'5_2',801,,40202,21,,,0,26,,40203,21,0,27 63,0,105,,40204,21,0,23 24,0,25,,40205,6,0,23 24,0,169,,40206,6,0,23 24,0,95,,40208,21,0,25,0,89,,40207,6,0,23 24,0,106,,40209,6,0,25,0,91,,40210,6,0,25,0,42,,40215,21,0,25,0,91,,40211,21,0,23 24,0,96,,40212,21,0,23 24,0,166,,40213,21,0,23 24,0,54,,40214,21,0,23 24,0
901,'5_3',801,,40216,21,,,0,26,,40217,21,0,27 63,0,105,,40218,21,0,23 24,0,25,,40219,6,0,23 24,0,169,,40220,6,0,23 24,0,95,,40222,21,0,25,0,89,,40221,6,0,23 24,0,106,,40223,6,0,25,0,91,,40224,6,0,25,0,42,,40229,21,0,25,0,91,,40225,21,0,23 24,0,96,,40226,21,0,23 24,0,166,,40227,21,0,23 24,0,54,,40228,21,0,23 24,0
901,'5_4',801,,40230,21,,,0,26,,40231,21,0,27 63,0,105,,40232,21,0,23 24,0,25,,40233,6,0,23 24,0,169,,40234,6,0,23 24,0,95,,40236,21,0,25,0,89,,40235,6,0,23 24,0,106,,40237,6,0,25,0,91,,40238,6,0,25,0,42,,40243,21,0,25,0,91,,40239,21,0,23 24,0,96,,40240,21,0,23 24,0,166,,40241,21,0,23 24,0,54,,40242,21,0,23 24,0
901,'5_5',801,,40244,21,,,0,26,,40245,21,0,27 63,0,105,,40246,21,0,23 24,0,25,,40247,6,0,23 24,0,169,,40248,6,0,23 24,0,95,,40250,21,0,25,0,89,,40249,6,0,23 24,0,106,,40251,6,0,25,0,91,,40252,6,0,25,0,42,,40257,21,0,25,0,91,,40253,21,0,23 24,0,96,,40254,21,0,23 24,0,166,,40255,21,0,23 24,0,54,,40256,21,0,23 24,0
901,'6_1',801,,40258,21,,,0,26,,40259,21,0,27 63,0,105,,40260,21,0,23 24,0,25,,40261,6,0,23 24,0,169,,40262,6,0,23 24,0,95,,40264,21,0,25,0,89,,40263,6,0,23 24,0,106,,40265,6,0,25,0,91,,40266,6,0,25,0,42,,40271,21,0,25,0,91,,40267,21,0,23 24,0,96,,40268,21,0,23 24,0,166,,40269,21,0,23 24,0,54,,40270,21,0,23 24,0
901,'6_2',801,,44627,21,,,0,26,,44628,21,0,27 63,0,105,,44629,21,0,23 24,0,25,,44630,6,0,23 24,0,169,,44631,6,0,23 24,0,95,,44633,21,0,25,0,89,,44632,6,0,23 24,0,106,,44634,6,0,25,0,91,,44635,6,0,25,0,42,,44640,21,0,25,0,91,,44636,21,0,23 24,0,96,,44637,21,0,23 24,0,166,,44638,21,0,23 24,0,54,,44639,21,0,23 24,0
901,'6_3',801,,44641,21,,,0,26,,44642,21,0,27 63,0,105,,44643,21,0,23 24,0,25,,44644,6,0,23 24,0,169,,44645,6,0,23 24,0,95,,44647,21,0,25,0,89,,44646,6,0,23 24,0,106,,44648,6,0,25,0,91,,44649,6,0,25,0,42,,44654,21,0,25,0,91,,44650,21,0,23 24,0,96,,44651,21,0,23 24,0,166,,44652,21,0,23 24,0,54,,44653,21,0,23 24,0
901,'6_4',801,,44655,21,,,0,26,,44656,21,0,27 63,0,105,,44657,21,0,23 24,0,25,,44658,6,0,23 24,0,169,,44659,6,0,23 24,0,95,,44661,21,0,25,0,89,,44660,6,0,23 24,0,106,,44662,6,0,25,0,91,,44663,6,0,25,0,42,,44668,21,0,25,0,91,,44664,21,0,23 24,0,96,,44665,21,0,23 24,0,166,,44666,21,0,23 24,0,54,,44667,21,0,23 24,0
1601,'2_6',1056,,32780,6,,,0,149,,32783,6,,,0,139,,32781,6,,,0,105,,32784,6,,,0,360,,32782,6,,,0
1601,'5_1',1056,,37781,6,,,0,149,,37784,6,,,0,139,,37782,6,,,0,105,,37785,6,,,0,360,,37783,6,,,0
1601,'5_2',1056,,40621,6,,,0,149,,40624,6,,,0,139,,40622,6,,,0,105,,40625,6,,,0,360,,40623,6,,,0
1601,'5_3',1056,,40631,6,,,0,149,,40634,6,,,0,139,,40632,6,,,0,105,,40635,6,,,0,360,,40633,6,,,0
1601,'5_4',1056,,40641,6,,,0,149,,40644,6,,,0,139,,40642,6,,,0,105,,40645,6,,,0,360,,40643,6,,,0
1601,'5_5',1056,,40651,6,,,0,149,,40654,6,,,0,139,,40652,6,,,0,105,,40655,6,,,0,360,,40653,6,,,0
1601,'6_1',1056,,40661,6,,,0,149,,40664,6,,,0,139,,40662,6,,,0,105,,40665,6,,,0,360,,40663,6,,,0
1601,'6_2',1056,,44880,6,,,0,149,,44883,6,,,0,139,,44881,6,,,0,105,,44884,6,,,0,360,,44882,6,,,0
1601,'6_3',1056,,44890,6,,,0,149,,44893,6,,,0,139,,44891,6,,,0,105,,44894,6,,,0,360,,44892,6,,,0
1601,'6_4',1056,,44900,6,,,0,149,,44903,6,,,0,139,,44901,6,,,0,105,,44904,6,,,0,360,,44902,6,,,0
