401,'S2-0_6',723,,55641,36,,,0,125,,55640,36,0,41,0,70,,55638,36,,,0,23,,55627,36,0,41,0,72,,55639,36,0,41,0,31,,55628,36,0,41,0,75,,55634,36,,,0,26,,55629,36,0,41,0,73,,55630,36,0,41,0,32,,55646,36,0,41,0,71,,55648,36,,,0,32,,55635,36,0,41,0,70,,55626,36,0,41,0,28,,55631,36,0,41,0,68,,55636,36,,,0,27,,55632,36,0,41,0,70,,55649,36,0,41,0,31,,55645,36,0,41,0,66,,55642,36,,,0,25,,55643,36,0,41,0,66,,55647,36,,,0,34,,55644,36,0,41,0,75,,55633,36,0,41,0,35,,55637,36,,,0
401,'S2-1_7',956,,55650,36,,,0,165,,55651,36,,,0,125,,55652,36,,,0,201,,55653,36,,,0,165,,55654,36,,,0,125,,55655,36,,,0,165,,55656,36,,,0
401,'S2-2_1',723,,55667,44,,,0,16,,55668,38,0,41,0,79,,55679,38,0,41,0,35,,55658,39,0,41,0,65,,55680,36,,,0,26,,55659,36,0,41,0,69,,55681,36,0,41,0,31,,55660,36,0,41,0,75,,55675,36,,,0,30,,55661,36,0,41,0,70,,55662,36,0,41,0,32,,55674,38,0,41,0,75,,55672,39,,,0,30,,55676,36,0,41,0,67,,55657,36,0,41,0,28,,55663,36,0,41,0,68,,55677,36,,,0,25,,55664,36,0,41,0,72,,55665,36,,,0,25,,55673,39,0,41,0,68,,55669,38,,,0,29,,55670,41,0,41,0,77,,55682,39,,,0,23,,55671,38,0,41,0,70,,55666,36,0,41,0,38,,55678,36,,,0
401,'S2-2_2',723,,55693,44,,,0,16,,55694,38,0,41,0,79,,55705,38,0,41,0,35,,55684,39,0,41,0,65,,55706,36,,,0,26,,55685,36,0,41,0,69,,55707,36,0,41,0,31,,55686,36,0,41,0,75,,55701,36,,,0,30,,55687,36,0,41,0,70,,55688,36,0,41,0,32,,55700,38,0,41,0,75,,55698,39,,,0,30,,55702,36,0,41,0,67,,55683,36,0,41,0,28,,55689,36,0,41,0,68,,55703,36,,,0,25,,55690,36,0,41,0,72,,55691,36,,,0,25,,55699,39,0,41,0,68,,55695,38,,,0,29,,55696,41,0,41,0,77,,55708,39,,,0,23,,55697,38,0,41,0,70,,55692,36,0,41,0,38,,55704,36,,,0
401,'S2-2_3',723,,55719,44,,,0,16,,55720,38,0,41,0,79,,55731,38,0,41,0,35,,55710,39,0,41,0,65,,55732,36,,,0,26,,55711,36,0,41,0,69,,55733,36,0,41,0,31,,55712,36,0,41,0,75,,55727,36,,,0,30,,55713,36,0,41,0,70,,55714,36,0,41,0,32,,55726,38,0,41,0,75,,55724,39,,,0,30,,55728,36,0,41,0,67,,55709,36,0,41,0,28,,55715,36,0,41,0,68,,55729,36,,,0,25,,55716,36,0,41,0,72,,55717,36,,,0,25,,55725,39,0,41,0,68,,55721,38,,,0,29,,55722,41,0,41,0,77,,55734,39,,,0,23,,55723,38,0,41,0,70,,55718,36,0,41,0,38,,55730,36,,,0
401,'S2-2_4',723,,55745,44,,,0,16,,55746,38,0,41,0,79,,55757,38,0,41,0,35,,55736,39,0,41,0,65,,55758,36,,,0,26,,55737,36,0,41,0,69,,55759,36,0,41,0,31,,55738,36,0,41,0,75,,55753,36,,,0,30,,55739,36,0,41,0,70,,55740,36,0,41,0,32,,55752,38,0,41,0,75,,55750,39,,,0,30,,55754,36,0,41,0,67,,55735,36,0,41,0,28,,55741,36,0,41,0,68,,55755,36,,,0,25,,55742,36,0,41,0,72,,55743,36,,,0,25,,55751,39,0,41,0,68,,55747,38,,,0,29,,55748,41,0,41,0,77,,55760,39,,,0,23,,55749,38,0,41,0,70,,55744,36,0,41,0,38,,55756,36,,,0
401,'S2-2_5',723,,55771,44,,,0,16,,55772,38,0,41,0,79,,55783,38,0,41,0,35,,55762,39,0,41,0,65,,55784,36,,,0,26,,55763,36,0,41,0,69,,55785,36,0,41,0,31,,55764,36,0,41,0,75,,55779,36,,,0,30,,55765,36,0,41,0,70,,55766,36,0,41,0,32,,55778,38,0,41,0,75,,55776,39,,,0,30,,55780,36,0,41,0,67,,55761,36,0,41,0,28,,55767,36,0,41,0,68,,55781,36,,,0,25,,55768,36,0,41,0,72,,55769,36,,,0,25,,55777,39,0,41,0,68,,55773,38,,,0,29,,55774,41,0,41,0,77,,55786,39,,,0,23,,55775,38,0,41,0,70,,55770,36,0,41,0,38,,55782,36,,,0
401,'S2-3_1',723,,55797,44,,,0,16,,55798,38,0,41,0,79,,55809,38,0,41,0,35,,55788,39,0,41,0,65,,55810,36,,,0,26,,55789,36,0,41,0,69,,55811,36,0,41,0,31,,55790,36,0,41,0,75,,55805,36,,,0,30,,55791,36,0,41,0,70,,55792,36,0,41,0,32,,55804,38,0,41,0,75,,55802,39,,,0,30,,55806,36,0,41,0,67,,55787,36,0,41,0,28,,55793,36,0,41,0,68,,55807,36,,,0,25,,55794,36,0,41,0,72,,55795,36,,,0,25,,55803,39,0,41,0,68,,55799,38,,,0,29,,55800,41,0,41,0,77,,55812,39,,,0,23,,55801,38,0,41,0,70,,55796,36,0,41,0,38,,55808,36,,,0
401,'S2-3_3',723,,55823,44,,,0,16,,55824,38,0,41,0,79,,55835,38,0,41,0,35,,55814,39,0,41,0,65,,55836,36,,,0,26,,55815,36,0,41,0,69,,55837,36,0,41,0,31,,55816,36,0,41,0,75,,55831,36,,,0,30,,55817,36,0,41,0,70,,55818,36,0,41,0,32,,55830,38,0,41,0,75,,55828,39,,,0,30,,55832,36,0,41,0,67,,55813,36,0,41,0,28,,55819,36,0,41,0,68,,55833,36,,,0,25,,55820,36,0,41,0,72,,55821,36,,,0,25,,55829,39,0,41,0,68,,55825,38,,,0,29,,55826,41,0,41,0,77,,55838,39,,,0,23,,55827,38,0,41,0,70,,55822,36,0,41,0,38,,55834,36,,,0
401,'S2-3_4',723,,55849,44,,,0,16,,55850,38,0,41,0,79,,55861,38,0,41,0,35,,55840,39,0,41,0,65,,55862,36,,,0,26,,55841,36,0,41,0,69,,55863,36,0,41,0,31,,55842,36,0,41,0,75,,55857,36,,,0,30,,55843,36,0,41,0,70,,55844,36,0,41,0,32,,55856,38,0,41,0,75,,55854,39,,,0,30,,55858,36,0,41,0,67,,55839,36,0,41,0,28,,55845,36,0,41,0,68,,55859,36,,,0,25,,55846,36,0,41,0,72,,55847,36,,,0,25,,55855,39,0,41,0,68,,55851,38,,,0,29,,55852,41,0,41,0,77,,55864,39,,,0,23,,55853,38,0,41,0,70,,55848,36,0,41,0,38,,55860,36,,,0
401,'S2-4_7',956,,55865,36,,,0,165,,55866,36,,,0,125,,55867,36,,,0,201,,55868,36,,,0,165,,55869,36,,,0,125,,55870,36,,,0,165,,55871,36,,,0
