2401,'2509-HIV-26a05H-w-Mercredi-00-0010000',1241,,11794,,,0
2401,'2509-HIV-26a05Hlv-L-Ma-J-V-00-1101100',1619,,11796,,,0,104,,11797,,,0,94,,11798,,,0
900300,'2509-HIV-26a05H-w-Mercredi-00',718,,12234,0,56,0,20,,12235,0,56,0,65,,12236,0,56,0,30,,12237,0,56,0,70,,12238,0,56,0,30,,12239,0,56,0,70,,12240,0,56,0,30,,12241,0,56,0,70,,12242,0,56,0,30,,12243,0,56,0,70,,12244,0,56,0,30,,12245,0,56,0,70,,12246,0,56,0,30,,12247,0,56,0,70,,12248,0,56,0,30,,12249,0,56,0,70,,12250,0,56,0,30,,12251,0,56,0,70,,12252,0,56,0,30,,12253,0,56,0,70,,12254,0,56,0,30,,12255,0,56,0,70,,12256,0,56,0,30,,12257,0,56,0,20,,12258,0,56,0,60,,12259,4,,0
900300,'2509-HIV-26a05Hlv-L-Ma-J-V-00',718,,12260,0,56,0,20,,12261,0,56,0,65,,12262,0,56,0,30,,12263,0,56,0,70,,12264,0,56,0,30,,12265,0,56,0,70,,12266,0,56,0,30,,12267,0,56,0,70,,12268,0,56,0,30,,12269,0,56,0,70,,12270,0,56,0,30,,12271,0,56,0,70,,12272,0,56,0,30,,12273,0,56,0,70,,12274,0,56,0,30,,12275,0,56,0,70,,12276,0,56,0,30,,12277,0,56,0,70,,12278,0,56,0,30,,12279,0,56,0,70,,12280,0,56,0,30,,12281,0,56,0,70,,12282,0,56,0,30,,12283,0,56,0,20,,12284,0,56,0,60,,12285,4,,0
900300,'2509-HIV-26b23Vlv-Semaine-00',718,,12286,0,56,0,20,,12287,0,56,0,65,,12288,0,56,0,30,,12289,0,56,0,70,,12290,0,56,0,30,,12291,0,56,0,70,,12292,0,56,0,30,,12293,0,56,0,70,,12294,0,56,0,30,,12295,0,56,0,70,,12296,0,56,0,30,,12297,0,56,0,70,,12298,0,56,0,30,,12299,0,56,0,70,,12300,0,56,0,30,,12301,0,56,0,70,,12302,0,56,0,30,,12303,0,56,0,70,,12304,0,56,0,30,,12305,0,56,0,70,,12306,0,56,0,30,,12307,0,56,0,70,,12308,0,56,0,30,,12309,0,56,0,20,,12310,0,56,0,60,,12311,4,,0
1000001,'2509-HIV-25j05H-d-Dimanche-00',802,,13362,,,0,40,,13363,,,0,80,,13364,,,0,80,,13365,,,0,40,,13366,,,0,80,,13367,,,0,80,,13368,,,0,40,,13369,,,0,80,,13370,,,0,80,,13371,,,0,40,,13372,,,0,80,,13373,,,0,80,,13374,,,0,40,,13375,,,0,80,,13376,,,0,80,,13377,,,0,40,,13378,,,0,80,,13379,,,0
1000001,'2509-HIV-25j26H-d-Dimanche-00',802,,13380,,,0,40,,13381,,,0,80,,13382,,,0,80,,13383,,,0,40,,13384,,,0,80,,13385,,,0,80,,13386,,,0,40,,13387,,,0,80,,13388,,,0,80,,13389,,,0,40,,13390,,,0,80,,13391,,,0,80,,13392,,,0,40,,13393,,,0,80,,13394,,,0,80,,13395,,,0,40,,13396,,,0,80,,13397,,,0
1000001,'2509-HIV-25k03H-s-Samedi-00',534,,13398,,,0,81,,13399,,,0,39,,13400,,,0,69,,13401,,,0,29,,13402,,,0,68,,13403,,,0,15,,13404,,,0,15,,13405,,,0,55,,13406,,,0,15,,13407,,,0,15,,13408,,,0,14,,13409,,,0,56,,13410,,,0,15,,13411,,,0,16,,13412,,,0,15,,13413,,,0,55,,13414,,,0,16,,13415,,,0,15,,13416,,,0,16,,13417,,,0,56,,13418,,,0,15,,13419,,,0,16,,13420,,,0,15,,13421,,,0,49,,13422,,,0,9,,13423,,,0,8,,13424,,,0,10,,13426,,,0,10,,13425,,,0,10,,13427,,,0,51,,13428,,,0,12,,13429,,,0,10,,13430,,,0,9,,13431,,,0,10,,13432,,,0,11,,13433,,,0,50,,13434,,,0,10,,13435,,,0,11,,13436,,,0,11,,13437,,,0,9,,13438,,,0,10,,13439,,,0,50,,13440,,,0,12,,13441,,,0,9,,13442,,,0,9,,13443,,,0,9,,13444,,,0,9,,13446,,,0,49,,13445,,,0,10,,13447,,,0,10,,13448,,,0,10,,13450,,,0,10,,13449,,,0,9,,13451,,,0,49,,13452,,,0,10,,13454,,,0,12,,13453,,,0,10,,13455,,,0,13,,13456,,,0,59,,13457,,,0,17,,13458,,,0,21,,13459,,,0,61,,13460,,,0,17,,13461,,,0,21,,13462,,,0,60,,13463,,,0,20,,13464,,,0,21,,13465,,,0
1000001,'2509-HIV-25l22Vlv-Semaine-00',534,,13466,,,0,20,,13467,,,0,60,,13468,,,0,20,,13469,,,0,19,,13470,,,0,50,,13550,,,0,10,,13551,,,0,10,,13501,,,0,10,,13502,,,0,10,,13503,,,0,10,,13504,,,0,49,,13505,,,0,10,,13506,,,0,10,,13507,,,0,10,,13508,,,0,9,,13509,,,0,11,,13510,,,0,50,,13511,,,0,10,,13512,,,0,11,,13471,,,0,11,,13472,,,0,9,,13473,,,0,10,,13474,,,0,50,,13475,,,0,11,,13513,,,0,11,,13476,,,0,11,,13477,,,0,11,,13478,,,0,11,,13479,,,0,50,,13480,,,0,11,,13514,,,0,11,,13481,,,0,11,,13482,,,0,10,,13483,,,0,50,,13484,,,0,9,,13515,,,0,11,,13516,,,0,9,,13517,,,0,10,,13518,,,0,10,,13519,,,0,9,,13520,,,0,50,,13521,,,0,9,,13522,,,0,10,,13523,,,0,9,,13524,,,0,10,,13525,,,0,10,,13526,,,0,50,,13527,,,0,10,,13485,,,0,10,,13486,,,0,10,,13528,,,0,10,,13487,,,0,10,,13488,,,0,51,,13489,,,0,10,,13529,,,0,11,,13490,,,0,11,,13491,,,0,11,,13492,,,0,50,,13493,,,0,10,,13494,,,0,10,,13530,,,0,10,,13531,,,0,10,,13532,,,0,9,,13533,,,0,50,,13534,,,0,10,,13535,,,0,11,,13536,,,0,10,,13537,,,0,10,,13538,,,0,10,,13539,,,0,50,,13540,,,0,10,,13541,,,0,11,,13542,,,0,9,,13543,,,0,9,,13544,,,0,9,,13545,,,0,10,,13546,,,0,50,,13547,,,0,13,,13549,,,0,19,,13548,,,0,60,,13495,,,0,20,,13496,,,0,21,,13497,,,0,60,,13498,,,0,20,,13499,,,0,21,,13500,,,0
1000001,'2509-HIV-26a05H-s-Samedi-00',534,,13552,,,0,81,,13553,,,0,39,,13554,,,0,69,,13555,,,0,29,,13556,,,0,68,,13557,,,0,15,,13558,,,0,15,,13559,,,0,55,,13560,,,0,15,,13561,,,0,15,,13562,,,0,14,,13563,,,0,56,,13564,,,0,15,,13565,,,0,16,,13566,,,0,15,,13567,,,0,55,,13568,,,0,16,,13569,,,0,15,,13570,,,0,16,,13571,,,0,56,,13572,,,0,15,,13573,,,0,16,,13574,,,0,15,,13575,,,0,49,,13576,,,0,9,,13577,,,0,8,,13578,,,0,10,,13580,,,0,10,,13579,,,0,10,,13581,,,0,51,,13582,,,0,12,,13583,,,0,10,,13584,,,0,9,,13585,,,0,10,,13586,,,0,11,,13587,,,0,50,,13588,,,0,10,,13589,,,0,11,,13590,,,0,11,,13591,,,0,9,,13592,,,0,10,,13593,,,0,50,,13594,,,0,12,,13595,,,0,9,,13596,,,0,9,,13597,,,0,9,,13598,,,0,9,,13600,,,0,49,,13599,,,0,10,,13601,,,0,10,,13602,,,0,10,,13604,,,0,10,,13603,,,0,9,,13605,,,0,49,,13606,,,0,10,,13608,,,0,12,,13607,,,0,10,,13609,,,0,13,,13610,,,0,59,,13611,,,0,17,,13612,,,0,21,,13613,,,0,61,,13614,,,0,17,,13615,,,0,21,,13616,,,0,60,,13617,,,0,20,,13618,,,0,21,,13619,,,0
1000001,'2509-HIV-26a05H-w-Mercredi-00',533,,13620,,,0,20,,13621,,,0,59,,13622,,,0,20,,13623,,,0,20,,13624,,,0,49,,13704,,,0,9,,13705,,,0,9,,13655,,,0,9,,13656,,,0,9,,13657,,,0,11,,13658,,,0,10,,13659,,,0,50,,13660,,,0,10,,13661,,,0,11,,13662,,,0,10,,13663,,,0,10,,13664,,,0,51,,13665,,,0,11,,13666,,,0,11,,13625,,,0,11,,13626,,,0,10,,13627,,,0,10,,13628,,,0,51,,13629,,,0,11,,13667,,,0,11,,13630,,,0,10,,13631,,,0,10,,13632,,,0,11,,13633,,,0,50,,13634,,,0,11,,13668,,,0,11,,13635,,,0,11,,13636,,,0,9,,13637,,,0,8,,13638,,,0,49,,13669,,,0,11,,13670,,,0,11,,13671,,,0,11,,13672,,,0,10,,13673,,,0,10,,13674,,,0,50,,13675,,,0,8,,13676,,,0,10,,13677,,,0,10,,13678,,,0,10,,13679,,,0,10,,13680,,,0,50,,13681,,,0,10,,13639,,,0,10,,13640,,,0,9,,13682,,,0,10,,13641,,,0,9,,13642,,,0,51,,13643,,,0,11,,13683,,,0,11,,13644,,,0,11,,13645,,,0,10,,13646,,,0,10,,13647,,,0,48,,13648,,,0,10,,13684,,,0,10,,13685,,,0,9,,13686,,,0,10,,13687,,,0,9,,13688,,,0,48,,13689,,,0,10,,13690,,,0,12,,13691,,,0,11,,13692,,,0,12,,13693,,,0,10,,13694,,,0,50,,13695,,,0,10,,13696,,,0,11,,13697,,,0,10,,13698,,,0,10,,13699,,,0,10,,13700,,,0,50,,13701,,,0,13,,13703,,,0,19,,13702,,,0,60,,13649,,,0,21,,13650,,,0,20,,13651,,,0,61,,13652,,,0,20,,13653,,,0,20,,13654,,,0
1000001,'2509-HIV-26a05Hlv-L-Ma-J-V-00',533,,13706,,,0,20,,13707,,,0,59,,13708,,,0,20,,13709,,,0,20,,13710,,,0,49,,13790,,,0,9,,13791,,,0,9,,13741,,,0,9,,13742,,,0,9,,13743,,,0,11,,13744,,,0,10,,13745,,,0,50,,13746,,,0,10,,13747,,,0,11,,13748,,,0,10,,13749,,,0,10,,13750,,,0,51,,13751,,,0,11,,13752,,,0,11,,13711,,,0,11,,13712,,,0,10,,13713,,,0,10,,13714,,,0,51,,13715,,,0,11,,13753,,,0,11,,13716,,,0,10,,13717,,,0,10,,13718,,,0,11,,13719,,,0,50,,13720,,,0,11,,13754,,,0,11,,13721,,,0,11,,13722,,,0,9,,13723,,,0,8,,13724,,,0,49,,13755,,,0,11,,13756,,,0,11,,13757,,,0,11,,13758,,,0,10,,13759,,,0,10,,13760,,,0,50,,13761,,,0,8,,13762,,,0,10,,13763,,,0,10,,13764,,,0,10,,13765,,,0,10,,13766,,,0,50,,13767,,,0,10,,13725,,,0,10,,13726,,,0,9,,13768,,,0,10,,13727,,,0,9,,13728,,,0,51,,13729,,,0,11,,13769,,,0,11,,13730,,,0,11,,13731,,,0,10,,13732,,,0,10,,13733,,,0,48,,13734,,,0,10,,13770,,,0,10,,13771,,,0,9,,13772,,,0,10,,13773,,,0,9,,13774,,,0,48,,13775,,,0,10,,13776,,,0,12,,13777,,,0,11,,13778,,,0,12,,13779,,,0,10,,13780,,,0,50,,13781,,,0,10,,13782,,,0,11,,13783,,,0,10,,13784,,,0,10,,13785,,,0,10,,13786,,,0,50,,13787,,,0,13,,13789,,,0,19,,13788,,,0,60,,13735,,,0,21,,13736,,,0,20,,13737,,,0,61,,13738,,,0,20,,13739,,,0,20,,13740,,,0
1000001,'2509-HIV-26b23Vlv-Semaine-00',534,,13792,,,0,20,,13793,,,0,60,,13794,,,0,20,,13795,,,0,19,,13796,,,0,50,,13876,,,0,10,,13877,,,0,10,,13827,,,0,10,,13828,,,0,10,,13829,,,0,10,,13830,,,0,49,,13831,,,0,10,,13832,,,0,10,,13833,,,0,10,,13834,,,0,9,,13835,,,0,11,,13836,,,0,50,,13837,,,0,10,,13838,,,0,11,,13797,,,0,11,,13798,,,0,9,,13799,,,0,10,,13800,,,0,50,,13801,,,0,11,,13839,,,0,11,,13802,,,0,11,,13803,,,0,11,,13804,,,0,11,,13805,,,0,50,,13806,,,0,11,,13840,,,0,11,,13807,,,0,11,,13808,,,0,10,,13809,,,0,50,,13810,,,0,9,,13841,,,0,11,,13842,,,0,9,,13843,,,0,10,,13844,,,0,10,,13845,,,0,9,,13846,,,0,50,,13847,,,0,9,,13848,,,0,10,,13849,,,0,9,,13850,,,0,10,,13851,,,0,10,,13852,,,0,50,,13853,,,0,10,,13811,,,0,10,,13812,,,0,10,,13854,,,0,10,,13813,,,0,10,,13814,,,0,51,,13815,,,0,10,,13855,,,0,11,,13816,,,0,11,,13817,,,0,11,,13818,,,0,50,,13819,,,0,10,,13820,,,0,10,,13856,,,0,10,,13857,,,0,10,,13858,,,0,9,,13859,,,0,50,,13860,,,0,10,,13861,,,0,11,,13862,,,0,10,,13863,,,0,10,,13864,,,0,10,,13865,,,0,50,,13866,,,0,10,,13867,,,0,11,,13868,,,0,9,,13869,,,0,9,,13870,,,0,9,,13871,,,0,10,,13872,,,0,50,,13873,,,0,13,,13875,,,0,19,,13874,,,0,60,,13821,,,0,20,,13822,,,0,21,,13823,,,0,60,,13824,,,0,20,,13825,,,0,21,,13826,,,0
1000001,'2509-HIV-26c02Vlv-Semaine-00',534,,13878,,,0,20,,13879,,,0,60,,13880,,,0,20,,13881,,,0,19,,13882,,,0,50,,13962,,,0,10,,13963,,,0,10,,13913,,,0,10,,13914,,,0,10,,13915,,,0,10,,13916,,,0,49,,13917,,,0,10,,13918,,,0,10,,13919,,,0,10,,13920,,,0,9,,13921,,,0,11,,13922,,,0,50,,13923,,,0,10,,13924,,,0,11,,13883,,,0,11,,13884,,,0,9,,13885,,,0,10,,13886,,,0,50,,13887,,,0,11,,13925,,,0,11,,13888,,,0,11,,13889,,,0,11,,13890,,,0,11,,13891,,,0,50,,13892,,,0,11,,13926,,,0,11,,13893,,,0,11,,13894,,,0,10,,13895,,,0,50,,13896,,,0,9,,13927,,,0,11,,13928,,,0,9,,13929,,,0,10,,13930,,,0,10,,13931,,,0,9,,13932,,,0,50,,13933,,,0,9,,13934,,,0,10,,13935,,,0,9,,13936,,,0,10,,13937,,,0,10,,13938,,,0,50,,13939,,,0,10,,13897,,,0,10,,13898,,,0,10,,13940,,,0,10,,13899,,,0,10,,13900,,,0,51,,13901,,,0,10,,13941,,,0,11,,13902,,,0,11,,13903,,,0,11,,13904,,,0,50,,13905,,,0,10,,13906,,,0,10,,13942,,,0,10,,13943,,,0,10,,13944,,,0,9,,13945,,,0,50,,13946,,,0,10,,13947,,,0,11,,13948,,,0,10,,13949,,,0,10,,13950,,,0,10,,13951,,,0,50,,13952,,,0,10,,13953,,,0,11,,13954,,,0,9,,13955,,,0,9,,13956,,,0,9,,13957,,,0,10,,13958,,,0,50,,13959,,,0,13,,13961,,,0,19,,13960,,,0,60,,13907,,,0,20,,13908,,,0,21,,13909,,,0,60,,13910,,,0,20,,13911,,,0,21,,13912,,,0
3000000,'2509-HIV-25j05H-d-Dimanche-00',821,,14760,,,0,130,,14761,,,0,170,,14768,,,0,130,,14767,,,0,170,,14766,,,0,130,,14764,,,0,100,,14774,4,,0,70,,14765,,,0,30,,14759,4,,0,70,,14769,4,,0,29,,14763,,,0,71,,14770,4,,0,30,,14771,4,,0,69,,14762,,,0,31,,14773,4,,0,70,,14772,4,,0
3000000,'2509-HIV-25j26H-d-Dimanche-00',821,,14775,,,0,130,,14776,,,0,170,,14777,,,0,130,,14778,,,0,170,,14779,,,0,130,,14780,,,0,170,,14781,,,0,129,,14782,,,0,170,,14783,,,0
3000000,'2509-HIV-25k03H-s-Samedi-00',659,,14784,,,0,84,,14785,,,0,82,,14786,,,0,30,,14787,,,0,60,,14788,,,0,20,,14789,,,0,21,,14790,,,0,60,,14791,,,0,20,,14792,,,0,20,,14793,,,0,61,,14794,,,0,19,,14795,,,0,20,,14796,,,0,61,,14797,,,0,19,,14798,,,0,19,,14799,,,0,59,,14800,,,0,20,,14801,,,0,21,,14802,,,0,59,,14803,,,0,21,,14804,,,0,20,,14805,,,0,61,,14806,,,0,20,,14807,,,0,20,,14808,,,0,60,,14809,,,0,20,,14810,,,0,21,,14811,,,0,60,,14812,,,0,20,,14813,,,0,20,,14814,,,0,60,,14815,,,0,19,,14816,,,0,18,,14817,,,0,59,,14818,,,0,30,,14819,,,0,69,,14820,,,0,29,,14821,,,0,69,,14822,,,0
3000000,'2509-HIV-25l22Vlv-Semaine-00',655,,14864,,,0,60,,14863,,,0,23,,14823,,,0,21,,14824,,,0,60,,14825,,,0,20,,14826,,,0,20,,14827,,,0,61,,14828,,,0,20,,14829,,,0,60,,14830,,,0,21,,14831,,,0,20,,14832,,,0,60,,14833,,,0,21,,14834,,,0,20,,14835,,,0,60,,14836,,,0,20,,14837,,,0,19,,14838,,,0,59,,14839,,,0,20,,14840,,,0,22,,14841,,,0,60,,14842,,,0,19,,14843,,,0,20,,14844,,,0,60,,14845,,,0,20,,14846,,,0,20,,14847,,,0,60,,14848,,,0,20,,14849,,,0,20,,14850,,,0,60,,14851,,,0,21,,14852,,,0,20,,14853,,,0,61,,14854,,,0,20,,14855,,,0,20,,14856,,,0,57,,14857,,,0,19,,14858,,,0,18,,14859,,,0,68,,14860,,,0,32,,14861,,,0,73,,14862,,,0
3000000,'2509-HIV-26a05H-s-Samedi-00',659,,14865,,,0,84,,14866,,,0,82,,14867,,,0,30,,14868,,,0,60,,14869,,,0,20,,14870,,,0,21,,14871,,,0,60,,14872,,,0,20,,14873,,,0,20,,14874,,,0,61,,14875,,,0,19,,14876,,,0,20,,14877,,,0,61,,14878,,,0,19,,14879,,,0,19,,14880,,,0,59,,14881,,,0,20,,14882,,,0,21,,14883,,,0,59,,14884,,,0,21,,14885,,,0,20,,14886,,,0,61,,14887,,,0,20,,14888,,,0,20,,14889,,,0,60,,14890,,,0,20,,14891,,,0,21,,14892,,,0,60,,14893,,,0,20,,14894,,,0,20,,14895,,,0,60,,14896,,,0,19,,14897,,,0,18,,14898,,,0,59,,14899,,,0,30,,14900,,,0,69,,14901,,,0,29,,14902,,,0,69,,14903,,,0
3000000,'2509-HIV-26a05H-w-Mercredi-00',657,,14945,,,0,60,,14944,,,0,23,,14949,4,,0,3,,14904,,,0,9,,14946,4,,0,51,,14905,,,0,6,,14947,4,,0,11,,14906,,,0,7,,14948,4,,0,14,,14907,,,0,60,,14908,,,0,22,,14909,,,0,19,,14910,,,0,60,,14911,,,0,21,,14912,,,0,17,,14913,,,0,62,,14914,,,0,20,,14915,,,0,19,,14916,,,0,62,,14917,,,0,21,,14918,,,0,19,,14919,,,0,60,,14920,,,0,19,,14921,,,0,21,,14922,,,0,59,,14923,,,0,19,,14924,,,0,21,,14925,,,0,60,,14926,,,0,22,,14927,,,0,19,,14928,,,0,59,,14929,,,0,22,,14930,,,0,16,,14931,,,0,60,,14932,,,0,25,,14933,,,0,19,,14934,,,0,59,,14935,,,0,18,,14936,,,0,18,,14937,,,0,19,,14938,,,0,60,,14939,,,0,19,,14940,,,0,69,,14941,,,0,32,,14942,,,0,72,,14943,,,0
3000000,'2509-HIV-26a05Hlv-L-Ma-J-V-00',657,,14991,,,0,60,,14990,,,0,23,,14995,4,,0,3,,14950,,,0,9,,14992,4,,0,51,,14951,,,0,6,,14993,4,,0,11,,14952,,,0,7,,14994,4,,0,14,,14953,,,0,60,,14954,,,0,22,,14955,,,0,19,,14956,,,0,60,,14957,,,0,21,,14958,,,0,17,,14959,,,0,62,,14960,,,0,20,,14961,,,0,19,,14962,,,0,62,,14963,,,0,21,,14964,,,0,19,,14965,,,0,60,,14966,,,0,19,,14967,,,0,21,,14968,,,0,59,,14969,,,0,19,,14970,,,0,21,,14971,,,0,60,,14972,,,0,22,,14973,,,0,19,,14974,,,0,59,,14975,,,0,22,,14976,,,0,16,,14977,,,0,60,,14978,,,0,25,,14979,,,0,19,,14980,,,0,59,,14981,,,0,18,,14982,,,0,18,,14983,,,0,19,,14984,,,0,60,,14985,,,0,19,,14986,,,0,69,,14987,,,0,32,,14988,,,0,72,,14989,,,0
3000000,'2509-HIV-26b23Vlv-Semaine-00',655,,15037,,,0,60,,15036,,,0,23,,14996,,,0,21,,14997,,,0,60,,14998,,,0,20,,14999,,,0,20,,15000,,,0,61,,15001,,,0,20,,15002,,,0,60,,15003,,,0,21,,15004,,,0,20,,15005,,,0,60,,15006,,,0,21,,15007,,,0,20,,15008,,,0,60,,15009,,,0,20,,15010,,,0,19,,15011,,,0,59,,15012,,,0,20,,15013,,,0,22,,15014,,,0,60,,15015,,,0,19,,15016,,,0,20,,15017,,,0,60,,15018,,,0,20,,15019,,,0,20,,15020,,,0,60,,15021,,,0,20,,15022,,,0,20,,15023,,,0,60,,15024,,,0,21,,15025,,,0,20,,15026,,,0,61,,15027,,,0,20,,15028,,,0,20,,15029,,,0,57,,15030,,,0,19,,15031,,,0,18,,15032,,,0,68,,15033,,,0,32,,15034,,,0,73,,15035,,,0
3000000,'2509-HIV-26c02Vlv-Semaine-00',655,,15079,,,0,60,,15078,,,0,23,,15038,,,0,21,,15039,,,0,60,,15040,,,0,20,,15041,,,0,20,,15042,,,0,61,,15043,,,0,20,,15044,,,0,60,,15045,,,0,21,,15046,,,0,20,,15047,,,0,60,,15048,,,0,21,,15049,,,0,20,,15050,,,0,60,,15051,,,0,20,,15052,,,0,19,,15053,,,0,59,,15054,,,0,20,,15055,,,0,22,,15056,,,0,60,,15057,,,0,19,,15058,,,0,20,,15059,,,0,60,,15060,,,0,20,,15061,,,0,20,,15062,,,0,60,,15063,,,0,20,,15064,,,0,20,,15065,,,0,60,,15066,,,0,21,,15067,,,0,20,,15068,,,0,61,,15069,,,0,20,,15070,,,0,20,,15071,,,0,57,,15072,,,0,19,,15073,,,0,18,,15074,,,0,68,,15075,,,0,32,,15076,,,0,73,,15077,,,0
