400,'S2-0_6',823,,55388,8,0,40,0,203,,55403,8,0,40,0,201,,55406,8,0,40,0,195,,55396,8,0,40,0,201,,55400,8,0,40,0,200,,55402,8,0,40,0,84,,55398,8,0,40,0
400,'S2-1_7',807,,55410,8,0,40,0,125,,55411,8,0,40,0,125,,55412,8,0,40,0,200,,55413,8,0,40,0,165,,55414,8,0,40,0,125,,55415,8,0,40,0,166,,55416,8,0,40,0,125,,55417,8,0,40,0
400,'S2-2_1',823,,55420,8,0,40,0,204,,55440,8,0,40,0,200,,55434,8,0,40,0,195,,55428,8,0,40,0,205,,55435,8,0,40,0,94,,55431,8,,,0,107,,55441,8,0,40,0,86,,55432,8,0,40,0
400,'S2-2_2',823,,55445,8,0,40,0,204,,55465,8,0,40,0,200,,55459,8,0,40,0,195,,55453,8,0,40,0,205,,55460,8,0,40,0,94,,55456,8,,,0,107,,55466,8,0,40,0,86,,55457,8,0,40,0
400,'S2-2_3',823,,55470,8,0,40,0,204,,55490,8,0,40,0,200,,55484,8,0,40,0,195,,55478,8,0,40,0,205,,55485,8,0,40,0,94,,55481,8,,,0,107,,55491,8,0,40,0,86,,55482,8,0,40,0
400,'S2-2_4',823,,55495,8,0,40,0,204,,55515,8,0,40,0,200,,55509,8,0,40,0,195,,55503,8,0,40,0,205,,55510,8,0,40,0,94,,55506,8,,,0,107,,55516,8,0,40,0,86,,55507,8,0,40,0
400,'S2-2_5',823,,55520,8,0,40,0,204,,55540,8,0,40,0,200,,55534,8,0,40,0,195,,55528,8,0,40,0,205,,55535,8,0,40,0,94,,55531,8,,,0,107,,55541,8,0,40,0,86,,55532,8,0,40,0
400,'S2-3_1',823,,55545,8,0,40,0,204,,55565,8,0,40,0,200,,55559,8,0,40,0,195,,55553,8,0,40,0,205,,55560,8,0,40,0,94,,55556,8,,,0,107,,55566,8,0,40,0,86,,55557,8,0,40,0
400,'S2-3_3',823,,55570,8,0,40,0,204,,55590,8,0,40,0,200,,55584,8,0,40,0,195,,55578,8,0,40,0,205,,55585,8,0,40,0,94,,55581,8,,,0,107,,55591,8,0,40,0,86,,55582,8,0,40,0
400,'S2-3_4',823,,55595,8,0,40,0,204,,55615,8,0,40,0,200,,55609,8,0,40,0,195,,55603,8,0,40,0,205,,55610,8,0,40,0,94,,55606,8,,,0,107,,55616,8,0,40,0,86,,55607,8,0,40,0
400,'S2-4_7',807,,55618,8,0,40,0,125,,55619,8,0,40,0,125,,55620,8,0,40,0,200,,55621,8,0,40,0,165,,55622,8,0,40,0,125,,55623,8,0,40,0,166,,55624,8,0,40,0,125,,55625,8,0,40,0
2901200,'S2-2_1',648,,61119,8,,,0,104,,61120,8,,,0
2901200,'S2-2_2',648,,61121,8,,,0,104,,61122,8,,,0
2901200,'S2-2_3',648,,61123,8,,,0,104,,61124,8,,,0
2901200,'S2-2_4',648,,61125,8,,,0,104,,61126,8,,,0
2901200,'S2-2_5',648,,61127,8,,,0,104,,61128,8,,,0
2901200,'S2-3_1',648,,61129,8,,,0,104,,61130,8,,,0
2901200,'S2-3_3',648,,61131,8,,,0,104,,61132,8,,,0
2901200,'S2-3_4',648,,61133,8,,,0,104,,61134,8,,,0
