200,'1_6',638,,15185,4,0,34,0,108,,15186,4,0,34,0,85,,15209,4,0,38,0,127,,15188,4,0,34,0,151,,15189,4,0,34,0,105,,15190,2,0,34,0,98,,15191,4,0,34,0,102,,15192,4,0,34,0,105,,15193,4,0,34,0,103,,15194,4,0,34,0,101,,15195,4,0,34,0,113,,15206,4,0,35 28 36 37,0
200,'5_1',645,,15260,4,0,38,0,61,,15261,4,0,38,0,33,,15235,4,0,35 28 36 37,0,82,,15229,4,0,9 10,0,96,,15249,4,0,9 10,0,99,,15230,4,0,35 28 36 37,0,142,,15240,4,0,34,0,179,,15244,4,0,34,0,165,,15258,4,0,38,0,147,,15246,4,0,34,0,78,,15254,4,0,35 28 36 37,0,30,,15247,4,0,34,0,77,,15238,4,0,38,0,66,,15248,4,0,34,0
200,'5_2',645,,15299,4,0,38,0,61,,15300,4,0,38,0,33,,15274,4,0,35 28 36 37,0,82,,15268,4,0,9 10,0,96,,15288,4,0,9 10,0,99,,15269,4,0,35 28 36 37,0,142,,15279,4,0,34,0,179,,15283,4,0,34,0,165,,15297,4,0,38,0,147,,15285,4,0,34,0,78,,15293,4,0,35 28 36 37,0,30,,15286,4,0,34,0,77,,15277,4,0,38,0,66,,15287,4,0,34,0
200,'5_4',645,,15338,4,0,38,0,61,,15339,4,0,38,0,33,,15313,4,0,35 28 36 37,0,82,,15307,4,0,9 10,0,96,,15327,4,0,9 10,0,99,,15308,4,0,35 28 36 37,0,142,,15318,4,0,34,0,179,,15322,4,0,34,0,165,,15336,4,0,38,0,147,,15324,4,0,34,0,78,,15332,4,0,35 28 36 37,0,30,,15325,4,0,34,0,77,,15316,4,0,38,0,66,,15326,4,0,34,0
200,'5_5',645,,15377,4,0,38,0,61,,15378,4,0,38,0,33,,15352,4,0,35 28 36 37,0,82,,15346,4,0,9 10,0,96,,15366,4,0,9 10,0,99,,15347,4,0,35 28 36 37,0,142,,15357,4,0,34,0,179,,15361,4,0,34,0,165,,15375,4,0,38,0,147,,15363,4,0,34,0,78,,15371,4,0,35 28 36 37,0,30,,15364,4,0,34,0,77,,15355,4,0,38,0,66,,15365,4,0,34,0
200,'6_3',645,,15416,4,0,38,0,61,,15417,4,0,38,0,33,,15391,4,0,35 28 36 37,0,82,,15385,4,0,9 10,0,96,,15405,4,0,9 10,0,99,,15386,4,0,35 28 36 37,0,142,,15396,4,0,34,0,179,,15400,4,0,34,0,165,,15414,4,0,38,0,147,,15402,4,0,34,0,78,,15410,4,0,35 28 36 37,0,30,,15403,4,0,34,0,77,,15394,4,0,38,0,66,,15404,4,0,34,0
2900200,'5_1',657,,20874,4,,,0,99,,20875,4,,,0
2900200,'5_2',657,,20876,4,,,0,99,,20877,4,,,0
2900200,'5_4',657,,20878,4,,,0,99,,20879,4,,,0
2900200,'5_5',657,,20880,4,,,0,99,,20881,4,,,0
2900200,'6_3',657,,20882,4,,,0,99,,20883,4,,,0
