200,'25j05H-Dimanche',938,,452,0,13,0,165,,453,0,13,0,125,,454,0,13,0,110,,455,0,13,0,165,,456,0,13,0,125,,457,0,13,0,125,,458,0,13,0,165,,459,0,13,0
200,'25j26H-Dimanche',938,,472,0,13,0,165,,473,0,13,0,125,,474,0,13,0,110,,475,0,13,0,165,,476,0,13,0,125,,477,0,13,0,125,,478,0,13,0,165,,479,0,13,0
200,'25k03H-Samedi',713,,492,0,5,0,30,,503,0,37 38 18 39,0,60,,515,0,13,0,20,,493,0,5,0,25,,504,0,37 38 18 39,0,60,,516,0,13,0,20,,494,0,5,0,24,,505,0,37 38 18 39,0,60,,517,0,13,0,20,,495,0,5,0,25,,506,0,37 38 18 39,0,63,,518,0,13,0,23,,496,0,5,0,64,,507,0,37 38 18 39,0,20,,519,0,13,0,20,,497,0,5,0,60,,508,0,37 38 18 39,0,20,,520,0,13,0,20,,498,0,5,0,60,,509,0,37 38 18 39,0,21,,521,0,13,0,21,,499,0,5,0,61,,510,0,37 38 18 39,0,21,,522,0,13,0,23,,500,0,5,0,67,,511,0,37 38 18 39,0,18,,523,0,13,0,19,,501,0,5,0,65,,512,0,37 38 18 39,0,18,,524,0,13,0,17,,502,0,5,0,60,,526,0,37 38 18 39,0,25,,525,0,13,0,67,,513,0,37 38 18 39,0,23,,514,0,5,0
200,'25l22V-Semaine',718,,563,0,37 38 18 39,0,5,,565,0,13,0,8,,562,0,6 7,0,12,,564,0,13,0,60,,559,0,5,0,15,,556,0,37 38 18 39,0,15,,560,0,13,0,15,,561,0,6 7,0,10,,554,0,6 7,0,60,,558,0,5,0,14,,557,0,37 38 18 39,0,20,,553,0,6 7,0,70,,555,0,5,0,29,,549,0,37 38 18 39,0,80,,547,0,5,0,75,,550,0,37 38 18 39,0,11,,552,0,6 7,0,15,,548,0,5,0,20,,551,0,37 38 18 39,0,65,,542,0,5,0,25,,540,0,37 38 18 39,0,70,,544,0,5,0,30,,541,0,37 38 18 39,0,70,,543,0,5,0,25,,546,0,13,0,67,,545,0,37 38 18 39,0,18,,536,0,5,0,15,,539,0,13,0,71,,537,0,37 38 18 39,0,10,,538,0,13,0,10,,535,0,5,0,15,,533,0,13,0,61,,530,0,37 38 18 39,0,14,,531,0,13,0,15,,532,0,5,0,15,,534,0,13,0,60,,527,0,13,0,15,,528,0,37 38 18 39,0,10,,529,0,5,0
200,'26a05H-Samedi',713,,566,0,5,0,30,,577,0,37 38 18 39,0,60,,589,0,13,0,20,,567,0,5,0,25,,578,0,37 38 18 39,0,60,,590,0,13,0,20,,568,0,5,0,24,,579,0,37 38 18 39,0,60,,591,0,13,0,20,,569,0,5,0,25,,580,0,37 38 18 39,0,63,,592,0,13,0,23,,570,0,5,0,64,,581,0,37 38 18 39,0,20,,593,0,13,0,20,,571,0,5,0,60,,582,0,37 38 18 39,0,20,,594,0,13,0,20,,572,0,5,0,60,,583,0,37 38 18 39,0,21,,595,0,13,0,21,,573,0,5,0,61,,584,0,37 38 18 39,0,21,,596,0,13,0,23,,574,0,5,0,67,,585,0,37 38 18 39,0,18,,597,0,13,0,19,,575,0,5,0,65,,586,0,37 38 18 39,0,18,,598,0,13,0,17,,576,0,5,0,60,,600,0,37 38 18 39,0,25,,599,0,13,0,67,,587,0,37 38 18 39,0,23,,588,0,5,0
200,'26a05H-Mercredi',718,,601,0,37 38 18 39,0,5,,633,0,13,0,8,,607,0,6 7,0,12,,634,0,13,0,60,,628,0,5,0,15,,608,0,37 38 18 39,0,15,,635,0,13,0,15,,639,0,6 7,0,10,,602,0,6 7,0,60,,629,0,5,0,15,,612,0,37 38 18 39,0,20,,622,0,6 7,0,70,,615,0,5,0,29,,603,0,37 38 18 39,0,80,,616,0,5,0,75,,623,0,37 38 18 39,0,11,,630,0,6 7,0,15,,613,0,5,0,20,,624,0,37 38 18 39,0,65,,618,0,5,0,25,,604,0,37 38 18 39,0,70,,617,0,5,0,30,,625,0,37 38 18 39,0,70,,614,0,5,0,25,,631,0,13,0,67,,626,0,37 38 18 39,0,18,,632,0,5,0,15,,636,0,13,0,70,,605,0,37 38 18 39,0,10,,637,0,13,0,10,,619,0,5,0,15,,609,0,13,0,61,,627,0,37 38 18 39,0,14,,610,0,13,0,15,,620,0,5,0,15,,638,0,13,0,60,,611,0,13,0,15,,606,0,37 38 18 39,0,10,,621,0,5,0
200,'26a05H-L-Ma-J-V',718,,640,0,37 38 18 39,0,5,,672,0,13,0,8,,646,0,6 7,0,12,,673,0,13,0,60,,667,0,5,0,15,,647,0,37 38 18 39,0,15,,674,0,13,0,15,,678,0,6 7,0,10,,641,0,6 7,0,60,,668,0,5,0,15,,651,0,37 38 18 39,0,20,,661,0,6 7,0,70,,654,0,5,0,29,,642,0,37 38 18 39,0,80,,655,0,5,0,75,,662,0,37 38 18 39,0,11,,669,0,6 7,0,15,,652,0,5,0,20,,663,0,37 38 18 39,0,65,,657,0,5,0,25,,643,0,37 38 18 39,0,70,,656,0,5,0,30,,664,0,37 38 18 39,0,70,,653,0,5,0,25,,670,0,13,0,67,,665,0,37 38 18 39,0,18,,671,0,5,0,15,,675,0,13,0,70,,644,0,37 38 18 39,0,10,,676,0,13,0,10,,658,0,5,0,15,,648,0,13,0,61,,666,0,37 38 18 39,0,14,,649,0,13,0,15,,659,0,5,0,15,,677,0,13,0,60,,650,0,13,0,15,,645,0,37 38 18 39,0,10,,660,0,5,0
200,'26b23V-Semaine',718,,715,0,37 38 18 39,0,5,,717,0,13,0,8,,714,0,6 7,0,12,,716,0,13,0,60,,711,0,5,0,15,,708,0,37 38 18 39,0,15,,712,0,13,0,15,,713,0,6 7,0,10,,706,0,6 7,0,60,,710,0,5,0,14,,709,0,37 38 18 39,0,20,,705,0,6 7,0,70,,707,0,5,0,29,,701,0,37 38 18 39,0,80,,699,0,5,0,75,,702,0,37 38 18 39,0,11,,704,0,6 7,0,15,,700,0,5,0,20,,703,0,37 38 18 39,0,65,,694,0,5,0,25,,692,0,37 38 18 39,0,70,,696,0,5,0,30,,693,0,37 38 18 39,0,70,,695,0,5,0,25,,698,0,13,0,67,,697,0,37 38 18 39,0,18,,688,0,5,0,15,,691,0,13,0,71,,689,0,37 38 18 39,0,10,,690,0,13,0,10,,687,0,5,0,15,,685,0,13,0,61,,682,0,37 38 18 39,0,14,,683,0,13,0,15,,684,0,5,0,15,,686,0,13,0,60,,679,0,13,0,15,,680,0,37 38 18 39,0,10,,681,0,5,0
200,'26c02V-Semaine',718,,754,0,37 38 18 39,0,5,,756,0,13,0,8,,753,0,6 7,0,12,,755,0,13,0,60,,750,0,5,0,15,,747,0,37 38 18 39,0,15,,751,0,13,0,15,,752,0,6 7,0,10,,745,0,6 7,0,60,,749,0,5,0,14,,748,0,37 38 18 39,0,20,,744,0,6 7,0,70,,746,0,5,0,29,,740,0,37 38 18 39,0,80,,738,0,5,0,75,,741,0,37 38 18 39,0,11,,743,0,6 7,0,15,,739,0,5,0,20,,742,0,37 38 18 39,0,65,,733,0,5,0,25,,731,0,37 38 18 39,0,70,,735,0,5,0,30,,732,0,37 38 18 39,0,70,,734,0,5,0,25,,737,0,13,0,67,,736,0,37 38 18 39,0,18,,727,0,5,0,15,,730,0,13,0,71,,728,0,37 38 18 39,0,10,,729,0,13,0,10,,726,0,5,0,15,,724,0,13,0,61,,721,0,37 38 18 39,0,14,,722,0,13,0,15,,723,0,5,0,15,,725,0,13,0,60,,718,0,13,0,15,,719,0,37 38 18 39,0,10,,720,0,5,0
700,'25k03H-Samedi',716,,2385,,,0,110,,2386,,,0,110,,2387,,,0,110,,2388,,,0,110,,2389,,,0,150,,2390,,,0,110,,2391,,,0,110,,2392,,,0,110,,2393,,,0,110,,2383,,,0,110,,2384,,,0
700,'25l22V-Semaine',715,,2394,,,0,110,,2396,,,0,110,,2397,,,0,110,,2398,,,0,110,,2399,,,0,150,,2400,,,0,110,,2401,,,0,110,,2402,,,0,110,,2403,,,0,110,,2404,,,0,110,,2395,,,0
700,'26a05H-Samedi',716,,2407,,,0,110,,2408,,,0,110,,2409,,,0,110,,2410,,,0,110,,2411,,,0,150,,2412,,,0,110,,2413,,,0,110,,2414,,,0,110,,2415,,,0,110,,2405,,,0,110,,2406,,,0
700,'26a05H-Mercredi',715,,2416,,,0,110,,2418,,,0,110,,2419,,,0,110,,2420,,,0,110,,2421,,,0,150,,2422,,,0,110,,2423,,,0,110,,2424,,,0,110,,2425,,,0,110,,2426,,,0,110,,2417,,,0
700,'26a05H-L-Ma-J-V',715,,2427,,,0,110,,2429,,,0,110,,2430,,,0,110,,2431,,,0,110,,2432,,,0,150,,2433,,,0,110,,2434,,,0,110,,2435,,,0,110,,2436,,,0,110,,2437,,,0,110,,2428,,,0
700,'26b23V-Semaine',715,,2438,,,0,110,,2440,,,0,110,,2441,,,0,110,,2442,,,0,110,,2443,,,0,150,,2444,,,0,110,,2445,,,0,110,,2446,,,0,110,,2447,,,0,110,,2448,,,0,110,,2439,,,0
700,'26c02V-Semaine',715,,2449,,,0,110,,2451,,,0,110,,2452,,,0,110,,2453,,,0,110,,2454,,,0,150,,2455,,,0,110,,2456,,,0,110,,2457,,,0,110,,2458,,,0,110,,2459,,,0,110,,2450,,,0
800,'25l22V-Semaine',718,,2537,,,0,33,,2538,,,0,67,,2539,,,0,30,,2540,,,0,80,,2541,,,0,110,,2542,,,0,117,,2543,,,0,151,,2544,,,0,111,,2545,,,0,112,,2547,,,0,110,,2546,,,0
800,'26a05H-Mercredi',718,,2548,,,0,33,,2549,,,0,67,,2550,,,0,30,,2551,,,0,80,,2552,,,0,110,,2553,,,0,117,,2554,,,0,151,,2555,,,0,111,,2556,,,0,112,,2558,,,0,110,,2557,,,0
800,'26a05H-L-Ma-J-V',718,,2559,,,0,33,,2560,,,0,67,,2561,,,0,30,,2562,,,0,80,,2563,,,0,110,,2564,,,0,117,,2565,,,0,151,,2566,,,0,111,,2567,,,0,112,,2569,,,0,110,,2568,,,0
800,'26b23V-Semaine',718,,2570,,,0,33,,2571,,,0,67,,2572,,,0,30,,2573,,,0,80,,2574,,,0,110,,2575,,,0,117,,2576,,,0,151,,2577,,,0,111,,2578,,,0,112,,2580,,,0,110,,2579,,,0
800,'26c02V-Semaine',718,,2581,,,0,33,,2582,,,0,67,,2583,,,0,30,,2584,,,0,80,,2585,,,0,110,,2586,,,0,117,,2587,,,0,151,,2588,,,0,111,,2589,,,0,112,,2591,,,0,110,,2590,,,0
1500,'25j05H-Dimanche',840,,3141,0,48,0,275,,3142,0,48,0,300,,3143,0,48,0,325,,3144,0,48,0
1500,'25j26H-Dimanche',840,,3145,0,48,0,275,,3146,0,48,0,300,,3147,0,48,0,325,,3148,0,48,0
1500,'25k03H-Samedi',724,,3150,0,48,0,21,,3151,0,48,0,155,,3152,0,48,0,117,,3153,0,48,0,116,,3154,0,48,0,80,,3155,0,48,0,37,,3156,0,48,0,95,,3157,0,48,0,158,,3149,,,0,100,,3158,0,48,0,107,,3159,0,48,0,100,,3160,0,48,0,118,,3161,0,48,0
1500,'25l22V-Semaine',724,,3163,0,48,0,21,,3164,0,48,0,155,,3165,0,48,0,117,,3166,0,48,0,116,,3167,0,48,0,80,,3168,0,48,0,37,,3169,0,48,0,95,,3170,0,48,0,158,,3162,,,0,100,,3171,0,48,0,107,,3172,0,48,0,100,,3173,0,48,0,118,,3174,0,48,0
1500,'26a05H-Samedi',724,,3176,0,48,0,21,,3177,0,48,0,155,,3178,0,48,0,117,,3179,0,48,0,116,,3180,0,48,0,80,,3181,0,48,0,37,,3182,0,48,0,95,,3183,0,48,0,158,,3175,,,0,100,,3184,0,48,0,107,,3185,0,48,0,100,,3186,0,48,0,118,,3187,0,48,0
1500,'26a05H-Mercredi',724,,3189,0,48,0,21,,3190,0,48,0,155,,3191,0,48,0,117,,3192,0,48,0,116,,3193,0,48,0,80,,3194,0,48,0,37,,3195,0,48,0,95,,3196,0,48,0,158,,3188,,,0,100,,3197,0,48,0,107,,3198,0,48,0,100,,3199,0,48,0,118,,3200,0,48,0
1500,'26a05H-L-Ma-J-V',724,,3202,0,48,0,21,,3203,0,48,0,155,,3204,0,48,0,117,,3205,0,48,0,116,,3206,0,48,0,80,,3207,0,48,0,37,,3208,0,48,0,95,,3209,0,48,0,158,,3201,,,0,100,,3210,0,48,0,107,,3211,0,48,0,100,,3212,0,48,0,118,,3213,0,48,0
1500,'26b23V-Semaine',724,,3215,0,48,0,21,,3216,0,48,0,155,,3217,0,48,0,117,,3218,0,48,0,116,,3219,0,48,0,80,,3220,0,48,0,37,,3221,0,48,0,95,,3222,0,48,0,158,,3214,,,0,100,,3223,0,48,0,107,,3224,0,48,0,100,,3225,0,48,0,118,,3226,0,48,0
1500,'26c02V-Semaine',724,,3228,0,48,0,21,,3229,0,48,0,155,,3230,0,48,0,117,,3231,0,48,0,116,,3232,0,48,0,80,,3233,0,48,0,37,,3234,0,48,0,95,,3235,0,48,0,158,,3227,,,0,100,,3236,0,48,0,107,,3237,0,48,0,100,,3238,0,48,0,118,,3239,0,48,0
900500,'26a05H-L-Ma-J-V0001000',2117,,4311,,,0,90,,4312,,,0,50,,4313,,,0,90,,4314,,,0,88,,4315,,,0,82,,4316,,,0,30,,4317,,,0,70,,4318,,,0
900500,'26b23V-Semaine0001000',2117,,4319,,,0,90,,4320,,,0,50,,4321,,,0,90,,4322,,,0,88,,4323,,,0,82,,4324,,,0,30,,4325,,,0,70,,4326,,,0
1000000,'25j05H-Dimanche',817,,4687,0,29 30 31,0,40,,4688,0,29 30 31,0,80,,4689,0,29 30 31,0,80,,4690,0,29 30 31,0,40,,4691,0,29 30 31,0,80,,4692,0,29 30 31,0,80,,4693,0,29 30 31,0,40,,4694,0,29 30 31,0,80,,4695,0,29 30 31,0,80,,4696,0,29 30 31,0,40,,4697,0,29 30 31,0,80,,4698,0,29 30 31,0,80,,4699,0,29 30 31,0,40,,4700,0,29 30 31,0,80,,4701,0,29 30 31,0,80,,4702,0,29 30 31,0,40,,4703,0,29 30 31,0,80,,4704,0,29 30 31,0
1000000,'25j26H-Dimanche',817,,4705,0,29 30 31,0,40,,4706,0,29 30 31,0,80,,4707,0,29 30 31,0,80,,4708,0,29 30 31,0,40,,4709,0,29 30 31,0,80,,4710,0,29 30 31,0,80,,4711,0,29 30 31,0,40,,4712,0,29 30 31,0,80,,4713,0,29 30 31,0,80,,4714,0,29 30 31,0,40,,4715,0,29 30 31,0,80,,4716,0,29 30 31,0,80,,4717,0,29 30 31,0,40,,4718,0,29 30 31,0,80,,4719,0,29 30 31,0,80,,4720,0,29 30 31,0,40,,4721,0,29 30 31,0,80,,4722,0,29 30 31,0
1000000,'25k03H-Samedi',543,,4723,0,29 30 31,0,80,,4724,0,29 30 31,0,82,,4725,,,0,42,,4726,,,0,70,,4727,0,29 30 31,0,15,,4728,,,0,16,,4729,0,29 30 31,0,55,,4730,0,29 30 31,0,14,,4731,,,0,15,,4732,0,29 30 31,0,16,,4790,0,29 30 31,0,55,,4733,,,0,16,,4734,0,29 30 31,0,16,,4735,0,29 30 31,0,14,,4736,,,0,56,,4737,0,29 30 31,0,16,,4738,0,29 30 31,0,16,,4739,,,0,15,,4740,0,29 30 31,0,55,,4741,0,29 30 31,0,16,,4742,,,0,14,,4743,0,29 30 31,0,14,,4744,0,29 30 31,0,55,,4745,,,0,14,,4746,0,29 30 31,0,10,,4747,0,29 30 31,0,11,,4748,,,0,12,,4749,0,29 30 31,0,50,,4750,0,29 30 31,0,9,,4751,0,29 30 31,0,9,,4752,,,0,10,,4753,0,29 30 31,0,11,,4754,0,29 30 31,0,11,,4755,0,29 30 31,0,50,,4756,,,0,12,,4757,0,29 30 31,0,9,,4758,0,29 30 31,0,9,,4759,0,29 30 31,0,10,,4760,,,0,11,,4761,0,29 30 31,0,50,,4762,0,29 30 31,0,10,,4763,0,29 30 31,0,11,,4764,,,0,11,,4765,0,29 30 31,0,10,,4766,0,29 30 31,0,10,,4767,0,29 30 31,0,51,,4768,,,0,13,,4769,0,29 30 31,0,9,,4770,0,29 30 31,0,9,,4771,0,29 30 31,0,10,,4772,,,0,8,,4773,0,29 30 31,0,49,,4774,0,29 30 31,0,9,,4775,0,29 30 31,0,8,,4777,0,29 30 31,0,10,,4776,,,0,9,,4778,0,29 30 31,0,9,,4779,0,29 30 31,0,9,,4781,0,29 30 31,0,50,,4780,0,29 30 31,0,11,,4782,0,29 30 31,0,21,,4783,0,29 30 31,0,17,,4784,0,29 30 31,0,60,,4785,0,29 30 31,0,20,,4786,0,29 30 31,0,19,,4787,0,29 30 31,0,59,,4788,0,29 30 31,0,19,,4789,0,29 30 31,0
1000000,'25l22V-Semaine',548,,4791,0,29 30 31,0,60,,4792,0,29 30 31,0,20,,4872,0,29 30 31,0,21,,4873,,,0,53,,4875,,,0,11,,4871,,,0,10,,4825,,,0,9,,4826,,,0,10,,4827,,,0,10,,4828,,,0,50,,4829,,,0,11,,4830,,,0,10,,4831,,,0,10,,4832,,,0,9,,4874,,,0,9,,4793,0,29 30 31,0,49,,4794,,,0,10,,4795,0,29 30 31,0,10,,4796,,,0,10,,4797,0,29 30 31,0,10,,4833,,,0,11,,4798,0,29 30 31,0,51,,4799,,,0,11,,4800,0,29 30 31,0,11,,4801,,,0,11,,4802,0,29 30 31,0,10,,4803,,,0,11,,4805,0,29 30 31,0,50,,4804,,,0,11,,4835,0,29 30 31,0,11,,4834,,,0,11,,4836,0,29 30 31,0,10,,4837,,,0,51,,4838,0,29 30 31,0,11,,4839,,,0,10,,4840,0,29 30 31,0,11,,4841,,,0,11,,4842,0,29 30 31,0,9,,4843,,,0,49,,4844,0,29 30 31,0,10,,4845,,,0,11,,4846,0,29 30 31,0,10,,4847,,,0,9,,4806,0,29 30 31,0,11,,4807,,,0,50,,4848,0,29 30 31,0,10,,4808,,,0,10,,4809,0,29 30 31,0,10,,4810,,,0,10,,4849,0,29 30 31,0,11,,4811,,,0,50,,4812,0,29 30 31,0,11,,4813,,,0,10,,4814,0,29 30 31,0,11,,4850,,,0,10,,4851,,,0,10,,4852,,,0,50,,4853,,,0,10,,4854,,,0,9,,4855,,,0,10,,4856,,,0,11,,4857,,,0,10,,4858,,,0,51,,4859,,,0,10,,4860,,,0,10,,4861,,,0,10,,4862,,,0,10,,4863,,,0,10,,4864,,,0,49,,4865,,,0,9,,4866,0,29 30 31,0,10,,4867,,,0,9,,4870,0,29 30 31,0,9,,4815,0,29 30 31,0,9,,4868,,,0,49,,4816,0,29 30 31,0,9,,4869,,,0,9,,4817,0,29 30 31,0,20,,4818,0,29 30 31,0,20,,4819,0,29 30 31,0,58,,4820,0,29 30 31,0,20,,4821,0,29 30 31,0,20,,4822,0,29 30 31,0,60,,4823,0,29 30 31,0,20,,4824,0,29 30 31,0
1000000,'26a05H-Samedi',543,,4876,0,29 30 31,0,80,,4877,0,29 30 31,0,82,,4878,,,0,42,,4879,,,0,70,,4880,0,29 30 31,0,15,,4881,,,0,16,,4882,0,29 30 31,0,55,,4883,0,29 30 31,0,14,,4884,,,0,15,,4885,0,29 30 31,0,16,,4943,0,29 30 31,0,55,,4886,,,0,16,,4887,0,29 30 31,0,16,,4888,0,29 30 31,0,14,,4889,,,0,56,,4890,0,29 30 31,0,16,,4891,0,29 30 31,0,16,,4892,,,0,15,,4893,0,29 30 31,0,55,,4894,0,29 30 31,0,16,,4895,,,0,14,,4896,0,29 30 31,0,14,,4897,0,29 30 31,0,55,,4898,,,0,14,,4899,0,29 30 31,0,10,,4900,0,29 30 31,0,11,,4901,,,0,12,,4902,0,29 30 31,0,50,,4903,0,29 30 31,0,9,,4904,0,29 30 31,0,9,,4905,,,0,10,,4906,0,29 30 31,0,11,,4907,0,29 30 31,0,11,,4908,0,29 30 31,0,50,,4909,,,0,12,,4910,0,29 30 31,0,9,,4911,0,29 30 31,0,9,,4912,0,29 30 31,0,10,,4913,,,0,11,,4914,0,29 30 31,0,50,,4915,0,29 30 31,0,10,,4916,0,29 30 31,0,11,,4917,,,0,11,,4918,0,29 30 31,0,10,,4919,0,29 30 31,0,10,,4920,0,29 30 31,0,51,,4921,,,0,13,,4922,0,29 30 31,0,9,,4923,0,29 30 31,0,9,,4924,0,29 30 31,0,10,,4925,,,0,8,,4926,0,29 30 31,0,49,,4927,0,29 30 31,0,9,,4928,0,29 30 31,0,8,,4930,0,29 30 31,0,10,,4929,,,0,9,,4931,0,29 30 31,0,9,,4932,0,29 30 31,0,9,,4934,0,29 30 31,0,50,,4933,0,29 30 31,0,11,,4935,0,29 30 31,0,21,,4936,0,29 30 31,0,17,,4937,0,29 30 31,0,60,,4938,0,29 30 31,0,20,,4939,0,29 30 31,0,19,,4940,0,29 30 31,0,59,,4941,0,29 30 31,0,19,,4942,0,29 30 31,0
1000000,'26a05H-Mercredi',548,,4944,0,29 30 31,0,60,,4945,0,29 30 31,0,20,,5026,0,29 30 31,0,20,,5027,,,0,54,,5029,,,0,10,,5025,,,0,9,,4978,,,0,6,,5023,,,0,3,,4979,,,0,11,,4980,,,0,11,,4981,,,0,50,,4982,,,0,11,,4983,,,0,10,,4984,,,0,10,,4985,,,0,9,,5028,,,0,9,,4946,0,29 30 31,0,49,,4947,,,0,10,,4948,0,29 30 31,0,10,,4949,,,0,11,,4950,0,29 30 31,0,10,,4986,,,0,11,,4951,0,29 30 31,0,51,,4952,,,0,10,,4953,0,29 30 31,0,11,,4954,,,0,11,,4955,0,29 30 31,0,10,,4956,,,0,11,,4958,0,29 30 31,0,50,,4957,,,0,11,,4988,0,29 30 31,0,12,,4987,,,0,11,,4989,0,29 30 31,0,11,,4990,,,0,50,,4991,0,29 30 31,0,10,,4992,,,0,10,,4993,0,29 30 31,0,11,,4994,,,0,11,,4995,0,29 30 31,0,10,,4996,,,0,50,,4997,0,29 30 31,0,10,,4998,,,0,9,,4999,0,29 30 31,0,10,,5000,,,0,10,,4959,0,29 30 31,0,11,,4960,,,0,50,,5001,0,29 30 31,0,10,,4961,,,0,9,,4962,0,29 30 31,0,11,,4963,,,0,10,,5002,0,29 30 31,0,11,,4964,,,0,50,,4965,0,29 30 31,0,10,,4966,,,0,10,,4967,0,29 30 31,0,11,,5003,,,0,11,,5004,,,0,10,,5005,,,0,50,,5006,,,0,10,,5007,,,0,10,,5008,,,0,10,,5009,,,0,11,,5010,,,0,9,,5011,,,0,50,,5012,,,0,10,,5013,,,0,10,,5014,,,0,9,,5015,,,0,9,,5016,,,0,9,,5017,,,0,50,,5018,,,0,10,,5019,0,29 30 31,0,9,,5020,,,0,8,,5024,0,29 30 31,0,10,,4968,0,29 30 31,0,10,,5021,,,0,50,,4969,0,29 30 31,0,10,,5022,,,0,9,,4970,0,29 30 31,0,19,,4971,0,29 30 31,0,19,,4972,0,29 30 31,0,58,,4973,0,29 30 31,0,20,,4974,0,29 30 31,0,21,,4975,0,29 30 31,0,60,,4976,0,29 30 31,0,20,,4977,0,29 30 31,0
1000000,'26a05H-L-Ma-J-V',548,,5030,0,29 30 31,0,60,,5031,0,29 30 31,0,20,,5112,0,29 30 31,0,20,,5113,,,0,54,,5115,,,0,10,,5111,,,0,9,,5064,,,0,6,,5109,,,0,3,,5065,,,0,11,,5066,,,0,11,,5067,,,0,50,,5068,,,0,11,,5069,,,0,10,,5070,,,0,10,,5071,,,0,9,,5114,,,0,9,,5032,0,29 30 31,0,49,,5033,,,0,10,,5034,0,29 30 31,0,10,,5035,,,0,11,,5036,0,29 30 31,0,10,,5072,,,0,11,,5037,0,29 30 31,0,51,,5038,,,0,10,,5039,0,29 30 31,0,11,,5040,,,0,11,,5041,0,29 30 31,0,10,,5042,,,0,11,,5044,0,29 30 31,0,50,,5043,,,0,11,,5074,0,29 30 31,0,12,,5073,,,0,11,,5075,0,29 30 31,0,11,,5076,,,0,50,,5077,0,29 30 31,0,10,,5078,,,0,10,,5079,0,29 30 31,0,11,,5080,,,0,11,,5081,0,29 30 31,0,10,,5082,,,0,50,,5083,0,29 30 31,0,10,,5084,,,0,9,,5085,0,29 30 31,0,10,,5086,,,0,10,,5045,0,29 30 31,0,11,,5046,,,0,50,,5087,0,29 30 31,0,10,,5047,,,0,9,,5048,0,29 30 31,0,11,,5049,,,0,10,,5088,0,29 30 31,0,11,,5050,,,0,50,,5051,0,29 30 31,0,10,,5052,,,0,10,,5053,0,29 30 31,0,11,,5089,,,0,11,,5090,,,0,10,,5091,,,0,50,,5092,,,0,10,,5093,,,0,10,,5094,,,0,10,,5095,,,0,11,,5096,,,0,9,,5097,,,0,50,,5098,,,0,10,,5099,,,0,10,,5100,,,0,9,,5101,,,0,9,,5102,,,0,9,,5103,,,0,50,,5104,,,0,10,,5105,0,29 30 31,0,9,,5106,,,0,8,,5110,0,29 30 31,0,10,,5054,0,29 30 31,0,10,,5107,,,0,50,,5055,0,29 30 31,0,10,,5108,,,0,9,,5056,0,29 30 31,0,19,,5057,0,29 30 31,0,19,,5058,0,29 30 31,0,58,,5059,0,29 30 31,0,20,,5060,0,29 30 31,0,21,,5061,0,29 30 31,0,60,,5062,0,29 30 31,0,20,,5063,0,29 30 31,0
1000000,'26b23V-Semaine',548,,5116,0,29 30 31,0,60,,5117,0,29 30 31,0,20,,5197,0,29 30 31,0,21,,5198,,,0,53,,5200,,,0,11,,5196,,,0,10,,5150,,,0,9,,5151,,,0,10,,5152,,,0,10,,5153,,,0,50,,5154,,,0,11,,5155,,,0,10,,5156,,,0,10,,5157,,,0,9,,5199,,,0,9,,5118,0,29 30 31,0,49,,5119,,,0,10,,5120,0,29 30 31,0,10,,5121,,,0,10,,5122,0,29 30 31,0,10,,5158,,,0,11,,5123,0,29 30 31,0,51,,5124,,,0,11,,5125,0,29 30 31,0,11,,5126,,,0,11,,5127,0,29 30 31,0,10,,5128,,,0,11,,5130,0,29 30 31,0,50,,5129,,,0,11,,5160,0,29 30 31,0,11,,5159,,,0,11,,5161,0,29 30 31,0,10,,5162,,,0,51,,5163,0,29 30 31,0,11,,5164,,,0,10,,5165,0,29 30 31,0,11,,5166,,,0,11,,5167,0,29 30 31,0,9,,5168,,,0,49,,5169,0,29 30 31,0,10,,5170,,,0,11,,5171,0,29 30 31,0,10,,5172,,,0,9,,5131,0,29 30 31,0,11,,5132,,,0,50,,5173,0,29 30 31,0,10,,5133,,,0,10,,5134,0,29 30 31,0,10,,5135,,,0,10,,5174,0,29 30 31,0,11,,5136,,,0,50,,5137,0,29 30 31,0,11,,5138,,,0,10,,5139,0,29 30 31,0,11,,5175,,,0,10,,5176,,,0,10,,5177,,,0,50,,5178,,,0,10,,5179,,,0,9,,5180,,,0,10,,5181,,,0,11,,5182,,,0,10,,5183,,,0,51,,5184,,,0,10,,5185,,,0,10,,5186,,,0,10,,5187,,,0,10,,5188,,,0,10,,5189,,,0,49,,5190,,,0,9,,5191,0,29 30 31,0,10,,5192,,,0,9,,5195,0,29 30 31,0,9,,5140,0,29 30 31,0,9,,5193,,,0,49,,5141,0,29 30 31,0,9,,5194,,,0,9,,5142,0,29 30 31,0,20,,5143,0,29 30 31,0,20,,5144,0,29 30 31,0,58,,5145,0,29 30 31,0,20,,5146,0,29 30 31,0,20,,5147,0,29 30 31,0,60,,5148,0,29 30 31,0,20,,5149,0,29 30 31,0
1000000,'26c02V-Semaine',548,,5201,0,29 30 31,0,60,,5202,0,29 30 31,0,20,,5282,0,29 30 31,0,21,,5283,,,0,53,,5285,,,0,11,,5281,,,0,10,,5235,,,0,9,,5236,,,0,10,,5237,,,0,10,,5238,,,0,50,,5239,,,0,11,,5240,,,0,10,,5241,,,0,10,,5242,,,0,9,,5284,,,0,9,,5203,0,29 30 31,0,49,,5204,,,0,10,,5205,0,29 30 31,0,10,,5206,,,0,10,,5207,0,29 30 31,0,10,,5243,,,0,11,,5208,0,29 30 31,0,51,,5209,,,0,11,,5210,0,29 30 31,0,11,,5211,,,0,11,,5212,0,29 30 31,0,10,,5213,,,0,11,,5215,0,29 30 31,0,50,,5214,,,0,11,,5245,0,29 30 31,0,11,,5244,,,0,11,,5246,0,29 30 31,0,10,,5247,,,0,51,,5248,0,29 30 31,0,11,,5249,,,0,10,,5250,0,29 30 31,0,11,,5251,,,0,11,,5252,0,29 30 31,0,9,,5253,,,0,49,,5254,0,29 30 31,0,10,,5255,,,0,11,,5256,0,29 30 31,0,10,,5257,,,0,9,,5216,0,29 30 31,0,11,,5217,,,0,50,,5258,0,29 30 31,0,10,,5218,,,0,10,,5219,0,29 30 31,0,10,,5220,,,0,10,,5259,0,29 30 31,0,11,,5221,,,0,50,,5222,0,29 30 31,0,11,,5223,,,0,10,,5224,0,29 30 31,0,11,,5260,,,0,10,,5261,,,0,10,,5262,,,0,50,,5263,,,0,10,,5264,,,0,9,,5265,,,0,10,,5266,,,0,11,,5267,,,0,10,,5268,,,0,51,,5269,,,0,10,,5270,,,0,10,,5271,,,0,10,,5272,,,0,10,,5273,,,0,10,,5274,,,0,49,,5275,,,0,9,,5276,0,29 30 31,0,10,,5277,,,0,9,,5280,0,29 30 31,0,9,,5225,0,29 30 31,0,9,,5278,,,0,49,,5226,0,29 30 31,0,9,,5279,,,0,9,,5227,0,29 30 31,0,20,,5228,0,29 30 31,0,20,,5229,0,29 30 31,0,58,,5230,0,29 30 31,0,20,,5231,0,29 30 31,0,20,,5232,0,29 30 31,0,60,,5233,0,29 30 31,0,20,,5234,0,29 30 31,0
