400,'S2-1_6',730,,23416,28,0,40,0,105,,23417,28,0,40,0,73,,23410,40,0,40,0,27,,23418,28,0,40,0,72,,23419,28,0,40,0,30,,23420,28,0,40,0,71,,23411,40,0,40,0,31,,23421,28,0,40,0,69,,23423,28,0,40,0,30,,23422,28,0,40,0,69,,23412,40,0,40,0,31,,23424,28,0,40,0,70,,23425,28,0,40,0,29,,23426,28,0,40,0,73,,23413,40,0,40,0,32,,23427,28,0,40,0,69,,23428,28,0,40,0,30,,23429,28,0,40,0,72,,23414,40,0,40,0,35,,23430,28,0,40,0,70,,23431,28,0,40,0,31,,23432,28,0,40,0,69,,23415,40,0,40,0,31,,23433,28,0,40,0
400,'S2-4_7',929,,23434,28,0,40,0,100,,23435,28,0,40,0,100,,23436,28,0,40,0,100,,23437,28,0,40,0,100,,23438,28,0,40,0,100,,23439,28,0,40,0,100,,23440,28,0,40,0,100,,23441,28,0,40,0,100,,23442,28,0,40,0,100,,23443,28,0,40,0
400,'S2-5_1',733,,23467,28,0,43,0,15,,23475,28,0,40,0,56,,23444,28,0,40,0,13,,23445,28,0,40,0,16,,23469,28,0,40,0,14,,23446,28,0,40,0,53,,23447,28,0,40,0,30,,23448,28,0,40,0,80,,23449,40,0,40,0,31,,23450,28,0,40,0,70,,23451,28,0,40,0,35,,23452,28,0,40,0,77,,23453,28,0,40,0,22,,23473,28,,,0,65,,23470,40,0,40,0,31,,23454,28,0,40,0,67,,23455,28,0,40,0,28,,23458,40,0,40,0,75,,23456,28,0,40,0,31,,23459,40,0,40,0,77,,23457,28,0,40,0,30,,23476,28,0,40,0,66,,23460,12,0,40,0,5,,23471,40,0,40,0,14,,23461,28,0,40,0,15,,23477,28,,,0,55,,23462,40,0,40,0,23,,23466,12,0,40,0,18,,23474,28,,,0,74,,23464,28,0,40,0,25,,23465,40,0,40,0
400,'S2-5_2',733,,23501,28,0,43,0,15,,23509,28,0,40,0,56,,23478,28,0,40,0,13,,23479,28,0,40,0,16,,23503,28,0,40,0,14,,23480,28,0,40,0,53,,23481,28,0,40,0,30,,23482,28,0,40,0,80,,23483,40,0,40,0,31,,23484,28,0,40,0,70,,23485,28,0,40,0,35,,23486,28,0,40,0,77,,23487,28,0,40,0,22,,23507,28,,,0,65,,23504,40,0,40,0,31,,23488,28,0,40,0,67,,23489,28,0,40,0,28,,23492,40,0,40,0,75,,23490,28,0,40,0,31,,23493,40,0,40,0,77,,23491,28,0,40,0,30,,23510,28,0,40,0,66,,23494,12,0,40,0,5,,23505,40,0,40,0,14,,23495,28,0,40,0,15,,23511,28,,,0,55,,23496,40,0,40,0,23,,23500,12,0,40,0,18,,23508,28,,,0,74,,23498,28,0,40,0,25,,23499,40,0,40,0
400,'S2-5_4',733,,23535,28,0,43,0,15,,23543,28,0,40,0,56,,23512,28,0,40,0,13,,23513,28,0,40,0,16,,23537,28,0,40,0,14,,23514,28,0,40,0,53,,23515,28,0,40,0,30,,23516,28,0,40,0,80,,23517,40,0,40,0,31,,23518,28,0,40,0,70,,23519,28,0,40,0,35,,23520,28,0,40,0,77,,23521,28,0,40,0,22,,23541,28,,,0,65,,23538,40,0,40,0,31,,23522,28,0,40,0,67,,23523,28,0,40,0,28,,23526,40,0,40,0,75,,23524,28,0,40,0,31,,23527,40,0,40,0,77,,23525,28,0,40,0,30,,23544,28,0,40,0,66,,23528,12,0,40,0,5,,23539,40,0,40,0,14,,23529,28,0,40,0,15,,23545,28,,,0,55,,23530,40,0,40,0,23,,23534,12,0,40,0,18,,23542,28,,,0,74,,23532,28,0,40,0,25,,23533,40,0,40,0
400,'S2-5_5',733,,23569,28,0,43,0,15,,23577,28,0,40,0,56,,23546,28,0,40,0,13,,23547,28,0,40,0,16,,23571,28,0,40,0,14,,23548,28,0,40,0,53,,23549,28,0,40,0,30,,23550,28,0,40,0,80,,23551,40,0,40,0,31,,23552,28,0,40,0,70,,23553,28,0,40,0,35,,23554,28,0,40,0,77,,23555,28,0,40,0,22,,23575,28,,,0,65,,23572,40,0,40,0,31,,23556,28,0,40,0,67,,23557,28,0,40,0,28,,23560,40,0,40,0,75,,23558,28,0,40,0,31,,23561,40,0,40,0,77,,23559,28,0,40,0,30,,23578,28,0,40,0,66,,23562,12,0,40,0,5,,23573,40,0,40,0,14,,23563,28,0,40,0,15,,23579,28,,,0,55,,23564,40,0,40,0,23,,23568,12,0,40,0,18,,23576,28,,,0,74,,23566,28,0,40,0,25,,23567,40,0,40,0
400,'S2-6_3',733,,23602,28,0,43,0,15,,23610,28,0,40,0,56,,23580,28,0,40,0,13,,23581,28,0,40,0,16,,23604,28,0,40,0,14,,23582,28,0,40,0,53,,23583,28,0,40,0,30,,23584,28,0,40,0,80,,23585,40,0,40,0,31,,23586,28,0,40,0,70,,23587,28,0,40,0,35,,23588,28,0,40,0,77,,23589,28,0,40,0,22,,23608,28,,,0,65,,23605,40,0,40,0,31,,23590,28,0,40,0,67,,23591,28,0,40,0,28,,23594,40,0,40,0,75,,23592,28,0,40,0,31,,23595,40,0,40,0,77,,23593,28,0,40,0,30,,23611,28,0,40,0,66,,23596,12,0,40,0,5,,23606,40,0,40,0,14,,23597,28,0,40,0,15,,23612,28,,,0,55,,23598,40,0,40,0,23,,23599,28,0,40,0,18,,23609,28,,,0,74,,23600,28,0,40,0,25,,23601,40,0,40,0
2300,'S2-5_1',1611,,25489,9,,,0,103,,25490,9,,,0,98,,25491,9,,,0
2300,'S2-5_2',1611,,25492,9,,,0,103,,25493,9,,,0,98,,25494,9,,,0
2300,'S2-5_4',1611,,25495,9,,,0,103,,25496,9,,,0,98,,25497,9,,,0
2300,'S2-5_5',1611,,25498,9,,,0,103,,25499,9,,,0,98,,25500,9,,,0
2300,'S2-6_3',1217,,25502,9,,,0,3,,25501,9,,,0
