100,'S2-0_6',708,,53556,17,0,61 8,0,109,,53568,17,0,61 8,0,95,,53557,17,0,61 8,0,30,,53569,17,0,61 8,0,69,,53558,17,0,61 8,0,33,,53570,17,0,61 8,0,69,,53559,17,0,61 8,0,29,,53571,17,0,61 8,0,71,,53560,17,0,61 8,0,29,,53572,17,0,61 8,0,70,,53561,17,0,61 8,0,30,,53573,17,0,61 8,0,70,,53562,17,0,61 8,0,31,,53574,17,0,61 8,0,69,,53563,17,0,61 8,0,31,,53575,17,0,61 8,0,70,,53564,17,0,61 8,0,31,,53576,17,0,61 8,0,73,,53565,17,0,61 8,0,29,,53577,17,0,61 8,0,70,,53566,17,0,61 8,0,32,,53578,17,0,61 8,0,69,,53567,17,0,61 8,0
100,'S2-1_7',912,,53579,17,0,61 8,0,105,,53584,17,0,61 8,0,106,,53580,17,0,61 8,0,104,,53585,17,0,61 8,0,90,,53581,17,0,61 8,0,100,,53586,17,0,61 8,0,105,,53582,17,0,61 8,0,105,,53587,17,0,61 8,0,105,,53583,17,0,61 8,0,105,,53588,17,0,61 8,0
100,'S2-2_1',708,,53589,17,0,61 8,0,30,,53590,17,,,0,74,,53592,17,0,61 8,0,25,,53593,17,0,61 8,0,70,,53591,17,0,61 8,0,29,,53594,17,0,61 8,0,74,,53595,17,0,61 8,0,31,,53598,17,0,61 8,0,70,,53596,17,0,61 8,0,33,,53597,17,0,61 8,0,71,,53600,17,,,0,31,,53599,17,0,61 8,0,70,,53601,17,,,0,30,,53602,17,0,61 8,0,70,,53604,17,0,61 8,0,30,,53603,17,0,61 8,0,70,,53608,17,0,61 8,0,29,,53607,17,0,61 8,0,71,,53609,17,,,0,34,,53605,17,0,61 8,0,70,,53610,17,,,0,31,,53606,17,0,61 8,0,70,,53611,17,,,0,31,,53612,17,0,61 8,0,70,,53613,17,,,0
100,'S2-2_2',708,,53614,17,0,61 8,0,30,,53615,17,,,0,74,,53617,17,0,61 8,0,25,,53618,17,0,61 8,0,70,,53616,17,0,61 8,0,29,,53619,17,0,61 8,0,74,,53620,17,0,61 8,0,31,,53623,17,0,61 8,0,70,,53621,17,0,61 8,0,33,,53622,17,0,61 8,0,71,,53625,17,,,0,31,,53624,17,0,61 8,0,70,,53626,17,,,0,30,,53627,17,0,61 8,0,70,,53629,17,0,61 8,0,30,,53628,17,0,61 8,0,70,,53633,17,0,61 8,0,29,,53632,17,0,61 8,0,71,,53634,17,,,0,34,,53630,17,0,61 8,0,70,,53635,17,,,0,31,,53631,17,0,61 8,0,70,,53636,17,,,0,31,,53637,17,0,61 8,0,70,,53638,17,,,0
100,'S2-2_3',708,,53639,17,0,61 8,0,30,,53640,17,,,0,74,,53642,17,0,61 8,0,25,,53643,17,0,61 8,0,70,,53641,17,0,61 8,0,29,,53644,17,0,61 8,0,74,,53645,17,0,61 8,0,31,,53648,17,0,61 8,0,70,,53646,17,0,61 8,0,33,,53647,17,0,61 8,0,71,,53650,17,,,0,31,,53649,17,0,61 8,0,70,,53651,17,,,0,30,,53652,17,0,61 8,0,70,,53654,17,0,61 8,0,30,,53653,17,0,61 8,0,70,,53658,17,0,61 8,0,29,,53657,17,0,61 8,0,71,,53659,17,,,0,34,,53655,17,0,61 8,0,70,,53660,17,,,0,31,,53656,17,0,61 8,0,70,,53661,17,,,0,31,,53662,17,0,61 8,0,70,,53663,17,,,0
100,'S2-2_4',708,,53664,17,0,61 8,0,30,,53665,17,,,0,74,,53667,17,0,61 8,0,25,,53668,17,0,61 8,0,70,,53666,17,0,61 8,0,29,,53669,17,0,61 8,0,74,,53670,17,0,61 8,0,31,,53673,17,0,61 8,0,70,,53671,17,0,61 8,0,33,,53672,17,0,61 8,0,71,,53675,17,,,0,31,,53674,17,0,61 8,0,70,,53676,17,,,0,30,,53677,17,0,61 8,0,70,,53679,17,0,61 8,0,30,,53678,17,0,61 8,0,70,,53683,17,0,61 8,0,29,,53682,17,0,61 8,0,71,,53684,17,,,0,34,,53680,17,0,61 8,0,70,,53685,17,,,0,31,,53681,17,0,61 8,0,70,,53686,17,,,0,31,,53687,17,0,61 8,0,70,,53688,17,,,0
100,'S2-2_5',708,,53689,17,0,61 8,0,30,,53690,17,,,0,74,,53692,17,0,61 8,0,25,,53693,17,0,61 8,0,70,,53691,17,0,61 8,0,29,,53694,17,0,61 8,0,74,,53695,17,0,61 8,0,31,,53698,17,0,61 8,0,70,,53696,17,0,61 8,0,33,,53697,17,0,61 8,0,71,,53700,17,,,0,31,,53699,17,0,61 8,0,70,,53701,17,,,0,30,,53702,17,0,61 8,0,70,,53704,17,0,61 8,0,30,,53703,17,0,61 8,0,70,,53708,17,0,61 8,0,29,,53707,17,0,61 8,0,71,,53709,17,,,0,34,,53705,17,0,61 8,0,70,,53710,17,,,0,31,,53706,17,0,61 8,0,70,,53711,17,,,0,31,,53712,17,0,61 8,0,70,,53713,17,,,0
100,'S2-3_1',708,,53714,17,0,61 8,0,30,,53715,17,,,0,74,,53717,17,0,61 8,0,25,,53718,17,0,61 8,0,70,,53716,17,0,61 8,0,29,,53719,17,0,61 8,0,74,,53720,17,0,61 8,0,31,,53723,17,0,61 8,0,70,,53721,17,0,61 8,0,33,,53722,17,0,61 8,0,71,,53725,17,,,0,31,,53724,17,0,61 8,0,70,,53726,17,,,0,30,,53727,17,0,61 8,0,70,,53729,17,0,61 8,0,30,,53728,17,0,61 8,0,70,,53733,17,0,61 8,0,29,,53732,17,0,61 8,0,71,,53734,17,,,0,34,,53730,17,0,61 8,0,70,,53735,17,,,0,31,,53731,17,0,61 8,0,70,,53736,17,,,0,31,,53737,17,0,61 8,0,70,,53738,17,,,0
100,'S2-3_3',708,,53739,17,0,61 8,0,30,,53740,17,,,0,74,,53742,17,0,61 8,0,25,,53743,17,0,61 8,0,70,,53741,17,0,61 8,0,29,,53744,17,0,61 8,0,74,,53745,17,0,61 8,0,31,,53748,17,0,61 8,0,70,,53746,17,0,61 8,0,33,,53747,17,0,61 8,0,71,,53750,17,,,0,31,,53749,17,0,61 8,0,70,,53751,17,,,0,30,,53752,17,0,61 8,0,70,,53754,17,0,61 8,0,30,,53753,17,0,61 8,0,70,,53758,17,0,61 8,0,29,,53757,17,0,61 8,0,71,,53759,17,,,0,34,,53755,17,0,61 8,0,70,,53760,17,,,0,31,,53756,17,0,61 8,0,70,,53761,17,,,0,31,,53762,17,0,61 8,0,70,,53763,17,,,0
100,'S2-3_4',708,,53764,17,0,61 8,0,30,,53765,17,,,0,74,,53767,17,0,61 8,0,25,,53768,17,0,61 8,0,70,,53766,17,0,61 8,0,29,,53769,17,0,61 8,0,74,,53770,17,0,61 8,0,31,,53773,17,0,61 8,0,70,,53771,17,0,61 8,0,33,,53772,17,0,61 8,0,71,,53775,17,,,0,31,,53774,17,0,61 8,0,70,,53776,17,,,0,30,,53777,17,0,61 8,0,70,,53779,17,0,61 8,0,30,,53778,17,0,61 8,0,70,,53783,17,0,61 8,0,29,,53782,17,0,61 8,0,71,,53784,17,,,0,34,,53780,17,0,61 8,0,70,,53785,17,,,0,31,,53781,17,0,61 8,0,70,,53786,17,,,0,31,,53787,17,0,61 8,0,70,,53788,17,,,0
100,'S2-4_7',912,,53789,17,0,61 8,0,105,,53794,17,0,61 8,0,106,,53790,17,0,61 8,0,104,,53795,17,0,61 8,0,90,,53791,17,0,61 8,0,100,,53796,17,0,61 8,0,105,,53792,17,0,61 8,0,105,,53797,17,0,61 8,0,105,,53793,17,0,61 8,0,105,,53798,17,0,61 8,0
