400,'2509-HIV-25j05H-d-Dimanche-00',1140,,1511,0,20 35,0,299,,1512,0,20 35,0,299,,1513,0,20 35,0
400,'2509-HIV-25j26H-d-Dimanche-00',1140,,1524,0,20 35,0,299,,1525,0,20 35,0,299,,1526,0,20 35,0
400,'2509-HIV-25k03H-s-Samedi-00',818,,1527,0,36,0,196,,1528,0,36,0,202,,1529,0,36,0,201,,1530,0,36,0,202,,1531,0,36,0,209,,1532,0,36,0
400,'2509-HIV-25l22Vlv-Semaine-00',918,,1556,0,36,0,301,,1573,0,36,0,125,,1565,0,36,0,103,,1566,0,36,0,175,,1574,0,36,0,106,,1568,0,36,0,125,,1570,0,36,0
400,'2509-HIV-26a05H-s-Samedi-00',818,,1579,0,36,0,196,,1580,0,36,0,202,,1581,0,36,0,201,,1582,0,36,0,202,,1583,0,36,0,209,,1584,0,36,0
400,'2509-HIV-26a05H-w-Mercredi-00',915,,1608,0,36,0,301,,1628,0,36,0,125,,1617,0,36,0,105,,1618,0,36,0,175,,1629,0,36,0,85,,1621,0,36,0,148,,1624,0,36,0
400,'2509-HIV-26a05Hlv-L-Ma-J-V-00',915,,1640,0,36,0,301,,1660,0,36,0,125,,1649,0,36,0,105,,1650,0,36,0,175,,1661,0,36,0,85,,1653,0,36,0,148,,1656,0,36,0
400,'2509-HIV-26b23Vlv-Semaine-00',918,,1672,0,36,0,301,,1689,0,36,0,125,,1681,0,36,0,103,,1682,0,36,0,175,,1690,0,36,0,106,,1684,0,36,0,125,,1686,0,36,0
400,'2509-HIV-26c02Vlv-Semaine-00',918,,1700,0,36,0,301,,1717,0,36,0,125,,1709,0,36,0,103,,1710,0,36,0,175,,1718,0,36,0,106,,1712,0,36,0,125,,1714,0,36,0
29001200,'2509-HIV-25l22Vlv-Semaine-00',640,,8052,,,0,104,,8051,,,0
29001200,'2509-HIV-26a05H-w-Mercredi-00',633,,8054,,,0,104,,8053,,,0
29001200,'2509-HIV-26a05Hlv-L-Ma-J-V-00',633,,8056,,,0,104,,8055,,,0
29001200,'2509-HIV-26b23Vlv-Semaine-00',640,,8058,,,0,104,,8057,,,0
29001200,'2509-HIV-26c02Vlv-Semaine-00',640,,8060,,,0,104,,8059,,,0
