2901001,'S2-0_6',1142,,61072,8,,,0,82,,61065,8,,,0,88,,61068,8,,,0,96,,61069,8,,,0,95,,61066,8,,,0,32,,61070,8,,,0,78,,61071,8,,,0,96,,61067,8,,,0,198,,61073,8,,,0
2901001,'S2-2_1',1043,,61074,8,,,0,261,,61075,8,,,0,54,,61076,8,,,0,247,,61077,8,,,0,139,,61078,8,,,0
2901001,'S2-2_2',1043,,61079,8,,,0,261,,61080,8,,,0,54,,61081,8,,,0,247,,61082,8,,,0,139,,61083,8,,,0
2901001,'S2-2_3',1043,,61084,8,,,0,261,,61085,8,,,0,54,,61086,8,,,0,247,,61087,8,,,0,139,,61088,8,,,0
2901001,'S2-2_4',1043,,61089,8,,,0,261,,61090,8,,,0,54,,61091,8,,,0,247,,61092,8,,,0,139,,61093,8,,,0
2901001,'S2-2_5',1043,,61094,8,,,0,261,,61095,8,,,0,54,,61096,8,,,0,247,,61097,8,,,0,139,,61098,8,,,0
2901001,'S2-3_1',1043,,61099,8,,,0,261,,61100,8,,,0,54,,61101,8,,,0,247,,61102,8,,,0,139,,61103,8,,,0
2901001,'S2-3_3',1043,,61104,8,,,0,261,,61105,8,,,0,54,,61106,8,,,0,247,,61107,8,,,0,139,,61108,8,,,0
2901001,'S2-3_4',1043,,61109,8,,,0,261,,61110,8,,,0,54,,61111,8,,,0,247,,61112,8,,,0,139,,61113,8,,,0
2901001,'S2-4_7',1043,,61114,8,,,0,261,,61115,8,,,0,54,,61116,8,,,0,247,,61117,8,,,0,139,,61118,8,,,0
