101,'2_6',743,,30129,47,0,5,0,158,,30130,47,0,5,0,106,,30131,47,0,5,0,30,,30142,47,0,6,0,69,,30132,47,0,5,0,31,,30143,47,0,6,0,69,,30133,47,0,5,0,29,,30144,47,0,6,0,70,,30134,47,0,5,0,29,,30145,47,0,6,0,71,,30135,47,0,5,0,29,,30146,47,0,6,0,71,,30136,47,0,5,0,30,,30147,47,0,6,0,71,,30137,47,0,5,0,32,,30148,47,0,6,0,72,,30138,47,0,5,0,31,,30149,47,0,6,0,71,,30139,47,0,5,0,29,,30150,47,0,6,0,73,,30140,47,0,5,0,23,,30151,47,0,6,0,65,,30141,47,0,5,0
101,'3_7',947,,30152,47,0,6,0,105,,30157,47,0,5,0,105,,30153,47,0,6,0,145,,30158,47,0,5,0,105,,30154,47,0,6,0,50,,30159,47,0,5,0,100,,30155,47,0,6,0,145,,30160,47,0,5,0,105,,30156,47,0,6,0,105,,30161,47,0,5,0
101,'5_1',746,,37353,53,0,6,0,56,,37379,47,0,5,0,17,,37354,53,0,6,0,15,,37378,47,0,5,0,15,,37355,53,0,6,0,55,,37380,53,0,5,0,40,,37359,47,0,6,0,80,,37369,53,0,5,0,76,,37360,47,0,6,0,40,,37371,47,0,5,0,78,,37361,47,0,6,0,25,,37372,47,0,5,0,60,,37362,47,0,6,0,35,,37373,47,0,5,0,76,,37356,53,0,6,0,30,,37370,53,0,5,0,70,,37363,47,0,6,0,25,,37374,47,0,5,0,71,,37364,47,0,6,0,26,,37375,47,0,5,0,70,,37365,47,0,6,0,31,,37366,47,0,5,0,74,,37367,47,0,6,0,34,,37357,53,0,6,0,69,,37376,53,0,5,0,26,,37358,53,0,6,0,70,,37377,53,0,5,0
101,'5_2',746,,38497,53,0,6,0,56,,38523,47,0,5,0,17,,38498,53,0,6,0,15,,38522,47,0,5,0,15,,38499,53,0,6,0,55,,38524,53,0,5,0,40,,38503,47,0,6,0,80,,38513,53,0,5,0,76,,38504,47,0,6,0,40,,38515,47,0,5,0,78,,38505,47,0,6,0,25,,38516,47,0,5,0,60,,38506,47,0,6,0,35,,38517,47,0,5,0,76,,38500,53,0,6,0,30,,38514,53,0,5,0,70,,38507,47,0,6,0,25,,38518,47,0,5,0,71,,38508,47,0,6,0,26,,38519,47,0,5,0,70,,38509,47,0,6,0,31,,38510,47,0,5,0,74,,38511,47,0,6,0,34,,38501,53,0,6,0,69,,38520,53,0,5,0,26,,38502,53,0,6,0,70,,38521,53,0,5,0
101,'5_3',746,,38525,53,0,6,0,56,,38551,47,0,5,0,17,,38526,53,0,6,0,15,,38550,47,0,5,0,15,,38527,53,0,6,0,55,,38552,53,0,5,0,40,,38531,47,0,6,0,80,,38541,53,0,5,0,76,,38532,47,0,6,0,40,,38543,47,0,5,0,78,,38533,47,0,6,0,25,,38544,47,0,5,0,60,,38534,47,0,6,0,35,,38545,47,0,5,0,76,,38528,53,0,6,0,30,,38542,53,0,5,0,70,,38535,47,0,6,0,25,,38546,47,0,5,0,71,,38536,47,0,6,0,26,,38547,47,0,5,0,70,,38537,47,0,6,0,31,,38538,47,0,5,0,74,,38539,47,0,6,0,34,,38529,53,0,6,0,69,,38548,53,0,5,0,26,,38530,53,0,6,0,70,,38549,53,0,5,0
101,'5_4',746,,38553,53,0,6,0,56,,38579,47,0,5,0,17,,38554,53,0,6,0,15,,38578,47,0,5,0,15,,38555,53,0,6,0,55,,38580,53,0,5,0,40,,38559,47,0,6,0,80,,38569,53,0,5,0,76,,38560,47,0,6,0,40,,38571,47,0,5,0,78,,38561,47,0,6,0,25,,38572,47,0,5,0,60,,38562,47,0,6,0,35,,38573,47,0,5,0,76,,38556,53,0,6,0,30,,38570,53,0,5,0,70,,38563,47,0,6,0,25,,38574,47,0,5,0,71,,38564,47,0,6,0,26,,38575,47,0,5,0,70,,38565,47,0,6,0,31,,38566,47,0,5,0,74,,38567,47,0,6,0,34,,38557,53,0,6,0,69,,38576,53,0,5,0,26,,38558,53,0,6,0,70,,38577,53,0,5,0
101,'5_5',746,,38581,53,0,6,0,56,,38607,47,0,5,0,17,,38582,53,0,6,0,15,,38606,47,0,5,0,15,,38583,53,0,6,0,55,,38608,53,0,5,0,40,,38587,47,0,6,0,80,,38597,53,0,5,0,76,,38588,47,0,6,0,40,,38599,47,0,5,0,78,,38589,47,0,6,0,25,,38600,47,0,5,0,60,,38590,47,0,6,0,35,,38601,47,0,5,0,76,,38584,53,0,6,0,30,,38598,53,0,5,0,70,,38591,47,0,6,0,25,,38602,47,0,5,0,71,,38592,47,0,6,0,26,,38603,47,0,5,0,70,,38593,47,0,6,0,31,,38594,47,0,5,0,74,,38595,47,0,6,0,34,,38585,53,0,6,0,69,,38604,53,0,5,0,26,,38586,53,0,6,0,70,,38605,53,0,5,0
101,'6_1',746,,38609,53,0,6,0,56,,38635,47,0,5,0,17,,38610,53,0,6,0,15,,38634,47,0,5,0,15,,38611,53,0,6,0,55,,38636,53,0,5,0,40,,38615,47,0,6,0,80,,38625,53,0,5,0,76,,38616,47,0,6,0,40,,38627,47,0,5,0,78,,38617,47,0,6,0,25,,38628,47,0,5,0,60,,38618,47,0,6,0,35,,38629,47,0,5,0,76,,38612,53,0,6,0,30,,38626,53,0,5,0,70,,38619,47,0,6,0,25,,38630,47,0,5,0,71,,38620,47,0,6,0,26,,38631,47,0,5,0,70,,38621,47,0,6,0,31,,38622,47,0,5,0,74,,38623,47,0,6,0,34,,38613,53,0,6,0,69,,38632,53,0,5,0,26,,38614,53,0,6,0,70,,38633,53,0,5,0
101,'6_2',746,,43604,53,0,6,0,56,,43630,47,0,5,0,17,,43605,53,0,6,0,15,,43629,47,0,5,0,15,,43606,53,0,6,0,55,,43631,53,0,5,0,40,,43610,47,0,6,0,80,,43620,53,0,5,0,76,,43611,47,0,6,0,40,,43622,47,0,5,0,78,,43612,47,0,6,0,25,,43623,47,0,5,0,60,,43613,47,0,6,0,35,,43624,47,0,5,0,76,,43607,53,0,6,0,30,,43621,53,0,5,0,70,,43614,47,0,6,0,25,,43625,47,0,5,0,71,,43615,47,0,6,0,26,,43626,47,0,5,0,70,,43616,47,0,6,0,31,,43617,47,0,5,0,74,,43618,47,0,6,0,34,,43608,53,0,6,0,69,,43627,53,0,5,0,26,,43609,53,0,6,0,70,,43628,53,0,5,0
101,'6_3',746,,43632,53,0,6,0,56,,43658,47,0,5,0,17,,43633,53,0,6,0,15,,43657,47,0,5,0,15,,43634,53,0,6,0,55,,43659,53,0,5,0,40,,43638,47,0,6,0,80,,43648,53,0,5,0,76,,43639,47,0,6,0,40,,43650,47,0,5,0,78,,43640,47,0,6,0,25,,43651,47,0,5,0,60,,43641,47,0,6,0,35,,43652,47,0,5,0,76,,43635,53,0,6,0,30,,43649,53,0,5,0,70,,43642,47,0,6,0,25,,43653,47,0,5,0,71,,43643,47,0,6,0,26,,43654,47,0,5,0,70,,43644,47,0,6,0,31,,43645,47,0,5,0,74,,43646,47,0,6,0,34,,43636,53,0,6,0,69,,43655,53,0,5,0,26,,43637,53,0,6,0,70,,43656,53,0,5,0
101,'6_4',746,,43660,53,0,6,0,56,,43686,47,0,5,0,17,,43661,53,0,6,0,15,,43685,47,0,5,0,15,,43662,53,0,6,0,55,,43687,53,0,5,0,40,,43666,47,0,6,0,80,,43676,53,0,5,0,76,,43667,47,0,6,0,40,,43678,47,0,5,0,78,,43668,47,0,6,0,25,,43679,47,0,5,0,60,,43669,47,0,6,0,35,,43680,47,0,5,0,76,,43663,53,0,6,0,30,,43677,53,0,5,0,70,,43670,47,0,6,0,25,,43681,47,0,5,0,71,,43671,47,0,6,0,26,,43682,47,0,5,0,70,,43672,47,0,6,0,31,,43673,47,0,5,0,74,,43674,47,0,6,0,34,,43664,53,0,6,0,69,,43683,53,0,5,0,26,,43665,53,0,6,0,70,,43684,53,0,5,0
