1500,'S2-1_6',747,,24843,22,,,0,61,,24844,22,,,0,114,,24845,22,,,0,117,,24846,22,,,0,118,,24847,22,,,0,80,,24848,22,,,0,75,,24849,22,,,0,97,,24850,22,,,0,223,,24851,22,,,0,109,,24852,22,,,0,98,,24853,22,,,0,109,,24854,22,,,0
1500,'S2-5_1',747,,24856,22,,,0,61,,24857,22,,,0,114,,24858,22,,,0,117,,24859,22,,,0,118,,24860,22,,,0,80,,24861,22,,,0,75,,24862,22,,,0,97,,24863,22,,,0,223,,24864,22,,,0,109,,24865,22,,,0,98,,24866,22,,,0,109,,24867,22,,,0
1500,'S2-5_2',747,,24869,22,,,0,61,,24870,22,,,0,114,,24871,22,,,0,117,,24872,22,,,0,118,,24873,22,,,0,80,,24874,22,,,0,75,,24875,22,,,0,97,,24876,22,,,0,223,,24877,22,,,0,109,,24878,22,,,0,98,,24879,22,,,0,109,,24880,22,,,0
1500,'S2-5_4',747,,24882,22,,,0,61,,24883,22,,,0,114,,24884,22,,,0,117,,24885,22,,,0,118,,24886,22,,,0,80,,24887,22,,,0,75,,24888,22,,,0,97,,24889,22,,,0,223,,24890,22,,,0,109,,24891,22,,,0,98,,24892,22,,,0,109,,24893,22,,,0
1500,'S2-5_5',747,,24895,22,,,0,61,,24896,22,,,0,114,,24897,22,,,0,117,,24898,22,,,0,118,,24899,22,,,0,80,,24900,22,,,0,75,,24901,22,,,0,97,,24902,22,,,0,223,,24903,22,,,0,109,,24904,22,,,0,98,,24905,22,,,0,109,,24906,22,,,0
1500,'S2-6_3',747,,24908,22,,,0,61,,24909,22,,,0,114,,24910,22,,,0,117,,24911,22,,,0,118,,24912,22,,,0,80,,24913,22,,,0,75,,24914,22,,,0,97,,24915,22,,,0,223,,24916,22,,,0,109,,24917,22,,,0,98,,24918,22,,,0,109,,24919,22,,,0
1501,'S2-1_6',659,,24921,14,,,0,58,,24922,14,,,0,95,,24923,14,,,0,21,,24924,14,,,0,117,,24925,14,,,0,156,,24926,14,,,0,118,,24927,14,,,0,94,,24928,14,,,0,118,,24929,14,,,0,99,,24920,2,,,0,123,,24930,14,,,0,150,,24931,14,,,0,95,,24932,14,,,0
1501,'S2-5_1',659,,24934,14,,,0,58,,24935,14,,,0,95,,24936,14,,,0,21,,24937,14,,,0,117,,24938,14,,,0,156,,24939,14,,,0,118,,24940,14,,,0,94,,24941,14,,,0,118,,24942,14,,,0,99,,24933,2,,,0,123,,24943,14,,,0,150,,24944,14,,,0,95,,24945,14,,,0
1501,'S2-5_2',659,,24947,14,,,0,58,,24948,14,,,0,95,,24949,14,,,0,21,,24950,14,,,0,117,,24951,14,,,0,156,,24952,14,,,0,118,,24953,14,,,0,94,,24954,14,,,0,118,,24955,14,,,0,99,,24946,2,,,0,123,,24956,14,,,0,150,,24957,14,,,0,95,,24958,14,,,0
1501,'S2-5_4',659,,24960,14,,,0,58,,24961,14,,,0,95,,24962,14,,,0,21,,24963,14,,,0,117,,24964,14,,,0,156,,24965,14,,,0,118,,24966,14,,,0,94,,24967,14,,,0,118,,24968,14,,,0,99,,24959,2,,,0,123,,24969,14,,,0,150,,24970,14,,,0,95,,24971,14,,,0
1501,'S2-5_5',659,,24973,14,,,0,58,,24974,14,,,0,95,,24975,14,,,0,21,,24976,14,,,0,117,,24977,14,,,0,156,,24978,14,,,0,118,,24979,14,,,0,94,,24980,14,,,0,118,,24981,14,,,0,99,,24972,2,,,0,123,,24982,14,,,0,150,,24983,14,,,0,95,,24984,14,,,0
1501,'S2-6_3',659,,24986,14,,,0,58,,24987,14,,,0,95,,24988,14,,,0,21,,24989,14,,,0,117,,24990,14,,,0,156,,24991,14,,,0,118,,24992,14,,,0,94,,24993,14,,,0,118,,24994,14,,,0,99,,24985,2,,,0,123,,24995,14,,,0,150,,24996,14,,,0,95,,24997,14,,,0
