500,'2509-HIV-25j05H-d-Dimanche-00',1040,,10021,0,6 7,0,200,,10022,0,6 7,0,200,,10023,0,6 7,0,200,,10024,0,6 7,0
500,'2509-HIV-25j26H-d-Dimanche-00',1040,,10025,0,6 7,0,200,,10026,0,6 7,0,200,,10027,0,6 7,0,200,,10028,0,6 7,0
500,'2509-HIV-25k03H-s-Samedi-00',711,,10040,,,0,98,,10029,,,0,99,,10030,,,0,100,,10031,,,0,100,,10032,,,0,97,,10033,,,0,98,,10034,,,0,100,,10035,,,0,99,,10036,,,0,100,,10037,,,0,100,,10038,,,0,154,,10039,,,0
500,'2509-HIV-25l22Vlv-Semaine-00',811,,10043,,,0,105,,10044,,,0,100,,10045,,,0,105,,10046,,,0,101,,10047,,,0,84,,10048,,,0,94,,10049,,,0,100,,10050,,,0,101,,10051,,,0,106,,10052,,,0,104,,10053,,,0,100,,10054,,,0
500,'2509-HIV-26a05H-s-Samedi-00',711,,10066,,,0,98,,10055,,,0,99,,10056,,,0,100,,10057,,,0,100,,10058,,,0,97,,10059,,,0,98,,10060,,,0,100,,10061,,,0,99,,10062,,,0,100,,10063,,,0,100,,10064,,,0,154,,10065,,,0
500,'2509-HIV-26a05H-w-Mercredi-00',651,,10079,,,0,160,,10067,,,0,105,,10068,,,0,100,,10069,,,0,105,,10070,,,0,101,,10071,,,0,84,,10072,,,0,94,,10073,,,0,100,,10074,,,0,101,,10075,,,0,106,,10076,,,0,104,,10081,,,0,100,,10077,,,0
500,'2509-HIV-26a05Hlv-L-Ma-J-V-00',651,,10094,,,0,160,,10082,,,0,105,,10083,,,0,100,,10084,,,0,105,,10085,,,0,101,,10086,,,0,84,,10087,,,0,94,,10088,,,0,100,,10089,,,0,101,,10090,,,0,106,,10091,,,0,104,,10096,,,0,100,,10092,,,0
500,'2509-HIV-26b23Vlv-Semaine-00',811,,10099,,,0,105,,10100,,,0,100,,10101,,,0,105,,10102,,,0,101,,10103,,,0,84,,10104,,,0,94,,10105,,,0,100,,10106,,,0,101,,10107,,,0,106,,10108,,,0,104,,10109,,,0,100,,10110,,,0
500,'2509-HIV-26c02Vlv-Semaine-00',811,,10113,,,0,105,,10114,,,0,100,,10115,,,0,105,,10116,,,0,101,,10117,,,0,84,,10118,,,0,94,,10119,,,0,100,,10120,,,0,101,,10121,,,0,106,,10122,,,0,104,,10123,,,0,100,,10124,,,0
501,'2509-HIV-25j05H-d-Dimanche-00',1016,,10126,4,,0,200,,10127,4,,0,200,,10128,4,,0,200,,10125,4,,0
501,'2509-HIV-25j26H-d-Dimanche-00',1016,,10130,4,,0,200,,10131,4,,0,200,,10132,4,,0,200,,10129,4,,0
501,'2509-HIV-25k03H-s-Samedi-00',853,,10133,4,,0,101,,10134,4,,0,101,,10135,4,,0,100,,10136,4,,0,99,,10137,4,,0,94,,10138,4,,0,99,,10139,4,,0,101,,10140,4,,0,99,,10141,4,,0,105,,10142,4,,0,97,,10143,4,,0,185,,10144,4,,0
501,'2509-HIV-25l22Vlv-Semaine-00',1003,,10145,4,,0,106,,10146,4,,0,101,,10147,4,,0,45,,10148,4,,0,94,,10149,4,,0,98,,10150,4,,0,103,,10151,4,,0,103,,10152,4,,0,147,,10153,4,,0,100,,10154,4,,0,124,,10155,4,,0
501,'2509-HIV-26a05H-s-Samedi-00',853,,10156,4,,0,101,,10157,4,,0,101,,10158,4,,0,100,,10159,4,,0,99,,10160,4,,0,94,,10161,4,,0,99,,10162,4,,0,101,,10163,4,,0,99,,10164,4,,0,105,,10165,4,,0,97,,10166,4,,0,185,,10167,4,,0
501,'2509-HIV-26a05H-w-Mercredi-00',1003,,10168,4,,0,106,,10169,4,,0,101,,10170,4,,0,45,,10171,4,,0,94,,10172,4,,0,98,,10173,4,,0,103,,10174,4,,0,103,,10175,4,,0,147,,10176,4,,0,100,,10177,4,,0,124,,10178,4,,0
501,'2509-HIV-26a05Hlv-L-Ma-J-V-00',1003,,10180,4,,0,106,,10181,4,,0,101,,10182,4,,0,45,,10183,4,,0,94,,10184,4,,0,98,,10185,4,,0,103,,10186,4,,0,103,,10187,4,,0,147,,10188,4,,0,100,,10189,4,,0,124,,10190,4,,0
501,'2509-HIV-26b23Vlv-Semaine-00',1003,,10194,4,,0,106,,10195,4,,0,101,,10196,4,,0,45,,10197,4,,0,94,,10198,4,,0,98,,10199,4,,0,103,,10200,4,,0,103,,10201,4,,0,147,,10202,4,,0,100,,10203,4,,0,124,,10204,4,,0
501,'2509-HIV-26c02Vlv-Semaine-00',1003,,10205,4,,0,106,,10206,4,,0,101,,10207,4,,0,45,,10208,4,,0,94,,10209,4,,0,98,,10210,4,,0,103,,10211,4,,0,103,,10212,4,,0,147,,10213,4,,0,100,,10214,4,,0,124,,10215,4,,0
29000500,'2509-HIV-25l22Vlv-Semaine-00',651,,16090,,,0,107,,16091,,,0
29000500,'2509-HIV-26a05H-w-Mercredi-00',644,,16092,,,0,107,,16093,,,0
29000500,'2509-HIV-26a05Hlv-L-Ma-J-V-00',644,,16094,,,0,107,,16095,,,0
29000500,'2509-HIV-26b23Vlv-Semaine-00',651,,16096,,,0,107,,16097,,,0
29000500,'2509-HIV-26c02Vlv-Semaine-00',651,,16098,,,0,107,,16099,,,0
29000501,'2509-HIV-25l22Vlv-Semaine-00',1754,,16100,4,,0,151,,16101,4,,0
29000501,'2509-HIV-26a05H-w-Mercredi-00',1801,,16102,4,,0,110,,16103,4,,0
29000501,'2509-HIV-26a05H-w-Mercredi-00-0010000',1307,,16104,4,,0
29000501,'2509-HIV-26a05Hlv-L-Ma-J-V-00',1801,,16105,4,,0,110,,16106,4,,0
29000501,'2509-HIV-26b23Vlv-Semaine-00',1754,,16107,4,,0,151,,16108,4,,0
29000501,'2509-HIV-26c02Vlv-Semaine-00',1754,,16109,4,,0,151,,16110,4,,0
