400,'0_6',723,,64825,12,0,40,0,94,,64817,12,0,40,0,31,,64806,24,0,40,0,70,,64805,12,0,40,0,30,,64804,12,0,40,0,72,,64807,12,0,40,0,31,,64821,24,0,40,0,71,,64808,12,0,40,0,30,,64809,12,0,40,0,71,,64827,12,0,40,0,29,,64824,24,0,40,0,70,,64810,12,0,40,0,30,,64811,12,0,40,0,68,,64812,12,0,40,0,27,,64814,24,0,40,0,71,,64815,12,0,40,0,35,,64813,12,0,40,0,72,,64826,12,0,40,0,25,,64818,24,0,40,0,63,,64822,12,0,40,0,29,,64823,12,0,40,0,76,,64819,12,0,40,0,30,,64820,24,0,40,0,85,,64816,24,0,40,0
400,'1_7',829,,64828,24,0,40,0,125,,64829,24,0,40,0,165,,64830,24,0,40,0,200,,64831,24,0,40,0,126,,64832,24,0,40,0,165,,64833,24,0,40,0,126,,64834,24,0,40,0,165,,64835,24,0,40,0
400,'2_1',708,,64860,12,,,0,34,,64857,12,0,40,0,75,,64851,12,0,40,0,31,,64838,24,0,40,0,70,,64837,12,0,40,0,29,,64836,12,0,40,0,77,,64839,12,0,40,0,28,,64858,24,0,40,0,70,,64840,12,0,40,0,35,,64841,12,0,40,0,72,,64854,12,0,40,0,23,,64852,24,0,40,0,70,,64842,12,0,40,0,30,,64843,12,0,40,0,66,,64844,12,0,40,0,29,,64846,24,0,40,0,71,,64847,12,0,40,0,35,,64845,12,0,40,0,72,,64856,12,,,0,29,,64853,24,0,40,0,68,,64848,12,0,40,0,25,,64849,24,,,0,71,,64855,12,0,40,0,35,,64859,24,0,40,0,86,,64850,24,0,40,0
400,'2_2',708,,64885,12,,,0,34,,64882,12,0,40,0,75,,64876,12,0,40,0,31,,64863,24,0,40,0,70,,64862,12,0,40,0,29,,64861,12,0,40,0,77,,64864,12,0,40,0,28,,64883,24,0,40,0,70,,64865,12,0,40,0,35,,64866,12,0,40,0,72,,64879,12,0,40,0,23,,64877,24,0,40,0,70,,64867,12,0,40,0,30,,64868,12,0,40,0,66,,64869,12,0,40,0,29,,64871,24,0,40,0,71,,64872,12,0,40,0,35,,64870,12,0,40,0,72,,64881,12,,,0,29,,64878,24,0,40,0,68,,64873,12,0,40,0,25,,64874,24,,,0,71,,64880,12,0,40,0,35,,64884,24,0,40,0,86,,64875,24,0,40,0
400,'2_3',708,,64910,12,,,0,34,,64907,12,0,40,0,75,,64901,12,0,40,0,31,,64888,24,0,40,0,70,,64887,12,0,40,0,29,,64886,12,0,40,0,77,,64889,12,0,40,0,28,,64908,24,0,40,0,70,,64890,12,0,40,0,35,,64891,12,0,40,0,72,,64904,12,0,40,0,23,,64902,24,0,40,0,70,,64892,12,0,40,0,30,,64893,12,0,40,0,66,,64894,12,0,40,0,29,,64896,24,0,40,0,71,,64897,12,0,40,0,35,,64895,12,0,40,0,72,,64906,12,,,0,29,,64903,24,0,40,0,68,,64898,12,0,40,0,25,,64899,24,,,0,71,,64905,12,0,40,0,35,,64909,24,0,40,0,86,,64900,24,0,40,0
400,'2_4',708,,64935,12,,,0,34,,64932,12,0,40,0,75,,64926,12,0,40,0,31,,64913,24,0,40,0,70,,64912,12,0,40,0,29,,64911,12,0,40,0,77,,64914,12,0,40,0,28,,64933,24,0,40,0,70,,64915,12,0,40,0,35,,64916,12,0,40,0,72,,64929,12,0,40,0,23,,64927,24,0,40,0,70,,64917,12,0,40,0,30,,64918,12,0,40,0,66,,64919,12,0,40,0,29,,64921,24,0,40,0,71,,64922,12,0,40,0,35,,64920,12,0,40,0,72,,64931,12,,,0,29,,64928,24,0,40,0,68,,64923,12,0,40,0,25,,64924,24,,,0,71,,64930,12,0,40,0,35,,64934,24,0,40,0,86,,64925,24,0,40,0
400,'2_5',708,,64960,12,,,0,34,,64957,12,0,40,0,75,,64951,12,0,40,0,31,,64938,24,0,40,0,70,,64937,12,0,40,0,29,,64936,12,0,40,0,77,,64939,12,0,40,0,28,,64958,24,0,40,0,70,,64940,12,0,40,0,35,,64941,12,0,40,0,72,,64954,12,0,40,0,23,,64952,24,0,40,0,70,,64942,12,0,40,0,30,,64943,12,0,40,0,66,,64944,12,0,40,0,29,,64946,24,0,40,0,71,,64947,12,0,40,0,35,,64945,12,0,40,0,72,,64956,12,,,0,29,,64953,24,0,40,0,68,,64948,12,0,40,0,25,,64949,24,,,0,71,,64955,12,0,40,0,35,,64959,24,0,40,0,86,,64950,24,0,40,0
400,'3_1',708,,64985,12,,,0,34,,64982,12,0,40,0,75,,64976,12,0,40,0,31,,64963,24,0,40,0,70,,64962,12,0,40,0,29,,64961,12,0,40,0,77,,64964,12,0,40,0,28,,64983,24,0,40,0,70,,64965,12,0,40,0,35,,64966,12,0,40,0,72,,64979,12,0,40,0,23,,64977,24,0,40,0,70,,64967,12,0,40,0,30,,64968,12,0,40,0,66,,64969,12,0,40,0,29,,64971,24,0,40,0,71,,64972,12,0,40,0,35,,64970,12,0,40,0,72,,64981,12,,,0,29,,64978,24,0,40,0,68,,64973,12,0,40,0,25,,64974,24,,,0,71,,64980,12,0,40,0,35,,64984,24,0,40,0,86,,64975,24,0,40,0
400,'3_3',708,,65010,12,,,0,34,,65007,12,0,40,0,75,,65001,12,0,40,0,31,,64988,24,0,40,0,70,,64987,12,0,40,0,29,,64986,12,0,40,0,77,,64989,12,0,40,0,28,,65008,24,0,40,0,70,,64990,12,0,40,0,35,,64991,12,0,40,0,72,,65004,12,0,40,0,23,,65002,24,0,40,0,70,,64992,12,0,40,0,30,,64993,12,0,40,0,66,,64994,12,0,40,0,29,,64996,24,0,40,0,71,,64997,12,0,40,0,35,,64995,12,0,40,0,72,,65006,12,,,0,29,,65003,24,0,40,0,68,,64998,12,0,40,0,25,,64999,24,,,0,71,,65005,12,0,40,0,35,,65009,24,0,40,0,86,,65000,24,0,40,0
400,'3_4',708,,65035,12,,,0,34,,65032,12,0,40,0,75,,65026,12,0,40,0,31,,65013,24,0,40,0,70,,65012,12,0,40,0,29,,65011,12,0,40,0,77,,65014,12,0,40,0,28,,65033,24,0,40,0,70,,65015,12,0,40,0,35,,65016,12,0,40,0,72,,65029,12,0,40,0,23,,65027,24,0,40,0,70,,65017,12,0,40,0,30,,65018,12,0,40,0,66,,65019,12,0,40,0,29,,65021,24,0,40,0,71,,65022,12,0,40,0,35,,65020,12,0,40,0,72,,65031,12,,,0,29,,65028,24,0,40,0,68,,65023,12,0,40,0,25,,65024,24,,,0,71,,65030,12,0,40,0,35,,65034,24,0,40,0,86,,65025,24,0,40,0
400,'3_5',708,,65060,12,,,0,34,,65057,12,0,40,0,75,,65051,12,0,40,0,31,,65038,24,0,40,0,70,,65037,12,0,40,0,29,,65036,12,0,40,0,77,,65039,12,0,40,0,28,,65058,24,0,40,0,70,,65040,12,0,40,0,35,,65041,12,0,40,0,72,,65054,12,0,40,0,23,,65052,24,0,40,0,70,,65042,12,0,40,0,30,,65043,12,0,40,0,66,,65044,12,0,40,0,29,,65046,24,0,40,0,71,,65047,12,0,40,0,35,,65045,12,0,40,0,72,,65056,12,,,0,29,,65053,24,0,40,0,68,,65048,12,0,40,0,25,,65049,24,,,0,71,,65055,12,0,40,0,35,,65059,24,0,40,0,86,,65050,24,0,40,0
400,'4_7',829,,65061,24,0,40,0,125,,65062,24,0,40,0,165,,65063,24,0,40,0,200,,65064,24,0,40,0,126,,65065,24,0,40,0,165,,65066,24,0,40,0,126,,65067,24,0,40,0,165,,65068,24,0,40,0
