400,'2_6',703,,31221,4,0,40,0,103,,31222,4,0,40,0,35,,31215,16,0,40,0,66,,31223,4,0,40,0,31,,31224,4,0,40,0,71,,31225,4,0,40,0,30,,31216,16,0,40,0,71,,31226,4,0,40,0,29,,31228,4,0,40,0,71,,31227,4,0,40,0,29,,31217,16,0,40,0,70,,31229,4,0,40,0,31,,31230,4,0,40,0,69,,31231,4,0,40,0,31,,31218,16,0,40,0,71,,31232,4,0,40,0,29,,31233,4,0,40,0,70,,31234,4,0,40,0,32,,31219,16,0,40,0,76,,31235,4,0,40,0,31,,31236,4,0,40,0,72,,31237,4,0,40,0,30,,31220,16,0,40,0,71,,31238,4,0,40,0
400,'3_7',904,,31239,4,0,40,0,100,,31240,4,0,40,0,100,,31241,4,0,40,0,100,,31242,4,0,40,0,100,,31243,4,0,40,0,100,,31244,4,0,40,0,100,,31245,4,0,40,0,100,,31246,4,0,40,0,100,,31247,4,0,40,0,100,,31248,4,0,40,0
400,'5_1',702,,37535,4,0,40,0,14,,37541,4,0,40,0,16,,37515,4,0,40,0,15,,37516,4,0,40,0,53,,37536,4,0,40,0,17,,37517,4,0,40,0,16,,37518,4,0,40,0,76,,37519,4,0,40,0,32,,37520,16,0,40,0,71,,37521,4,0,40,0,30,,37522,4,0,40,0,75,,37523,4,0,40,0,35,,37524,4,0,40,0,65,,37539,4,0,40,0,25,,37537,16,0,40,0,70,,37525,4,0,40,0,30,,37526,4,0,40,0,65,,37529,16,0,40,0,34,,37527,4,0,40,0,69,,37530,16,0,40,0,35,,37528,4,0,40,0,70,,37542,4,0,40,0,30,,37538,16,0,40,0,70,,37531,4,0,40,0,36,,37532,16,0,40,0,65,,37540,4,,,0,31,,37533,4,0,40,0,70,,37534,16,0,40,0
400,'5_2',702,,39327,4,0,40,0,14,,39333,4,0,40,0,16,,39307,4,0,40,0,15,,39308,4,0,40,0,53,,39328,4,0,40,0,17,,39309,4,0,40,0,16,,39310,4,0,40,0,76,,39311,4,0,40,0,32,,39312,16,0,40,0,71,,39313,4,0,40,0,30,,39314,4,0,40,0,75,,39315,4,0,40,0,35,,39316,4,0,40,0,65,,39331,4,0,40,0,25,,39329,16,0,40,0,70,,39317,4,0,40,0,30,,39318,4,0,40,0,65,,39321,16,0,40,0,34,,39319,4,0,40,0,69,,39322,16,0,40,0,35,,39320,4,0,40,0,70,,39334,4,0,40,0,30,,39330,16,0,40,0,70,,39323,4,0,40,0,36,,39324,16,0,40,0,65,,39332,4,,,0,31,,39325,4,0,40,0,70,,39326,16,0,40,0
400,'5_3',702,,39355,4,0,40,0,14,,39361,4,0,40,0,16,,39335,4,0,40,0,15,,39336,4,0,40,0,53,,39356,4,0,40,0,17,,39337,4,0,40,0,16,,39338,4,0,40,0,76,,39339,4,0,40,0,32,,39340,16,0,40,0,71,,39341,4,0,40,0,30,,39342,4,0,40,0,75,,39343,4,0,40,0,35,,39344,4,0,40,0,65,,39359,4,0,40,0,25,,39357,16,0,40,0,70,,39345,4,0,40,0,30,,39346,4,0,40,0,65,,39349,16,0,40,0,34,,39347,4,0,40,0,69,,39350,16,0,40,0,35,,39348,4,0,40,0,70,,39362,4,0,40,0,30,,39358,16,0,40,0,70,,39351,4,0,40,0,36,,39352,16,0,40,0,65,,39360,4,,,0,31,,39353,4,0,40,0,70,,39354,16,0,40,0
400,'5_4',702,,39383,4,0,40,0,14,,39389,4,0,40,0,16,,39363,4,0,40,0,15,,39364,4,0,40,0,53,,39384,4,0,40,0,17,,39365,4,0,40,0,16,,39366,4,0,40,0,76,,39367,4,0,40,0,32,,39368,16,0,40,0,71,,39369,4,0,40,0,30,,39370,4,0,40,0,75,,39371,4,0,40,0,35,,39372,4,0,40,0,65,,39387,4,0,40,0,25,,39385,16,0,40,0,70,,39373,4,0,40,0,30,,39374,4,0,40,0,65,,39377,16,0,40,0,34,,39375,4,0,40,0,69,,39378,16,0,40,0,35,,39376,4,0,40,0,70,,39390,4,0,40,0,30,,39386,16,0,40,0,70,,39379,4,0,40,0,36,,39380,16,0,40,0,65,,39388,4,,,0,31,,39381,4,0,40,0,70,,39382,16,0,40,0
400,'5_5',702,,39411,4,0,40,0,14,,39417,4,0,40,0,16,,39391,4,0,40,0,15,,39392,4,0,40,0,53,,39412,4,0,40,0,17,,39393,4,0,40,0,16,,39394,4,0,40,0,76,,39395,4,0,40,0,32,,39396,16,0,40,0,71,,39397,4,0,40,0,30,,39398,4,0,40,0,75,,39399,4,0,40,0,35,,39400,4,0,40,0,65,,39415,4,0,40,0,25,,39413,16,0,40,0,70,,39401,4,0,40,0,30,,39402,4,0,40,0,65,,39405,16,0,40,0,34,,39403,4,0,40,0,69,,39406,16,0,40,0,35,,39404,4,0,40,0,70,,39418,4,0,40,0,30,,39414,16,0,40,0,70,,39407,4,0,40,0,36,,39408,16,0,40,0,65,,39416,4,,,0,31,,39409,4,0,40,0,70,,39410,16,0,40,0
400,'6_1',702,,39439,4,0,40,0,14,,39445,4,0,40,0,16,,39419,4,0,40,0,15,,39420,4,0,40,0,53,,39440,4,0,40,0,17,,39421,4,0,40,0,16,,39422,4,0,40,0,76,,39423,4,0,40,0,32,,39424,16,0,40,0,71,,39425,4,0,40,0,30,,39426,4,0,40,0,75,,39427,4,0,40,0,35,,39428,4,0,40,0,65,,39443,4,0,40,0,25,,39441,16,0,40,0,70,,39429,4,0,40,0,30,,39430,4,0,40,0,65,,39433,16,0,40,0,34,,39431,4,0,40,0,69,,39434,16,0,40,0,35,,39432,4,0,40,0,70,,39446,4,0,40,0,30,,39442,16,0,40,0,70,,39435,4,0,40,0,36,,39436,16,0,40,0,65,,39444,4,,,0,31,,39437,4,0,40,0,70,,39438,16,0,40,0
400,'6_2',702,,44110,4,0,40,0,14,,44116,4,0,40,0,16,,44090,4,0,40,0,15,,44091,4,0,40,0,53,,44111,4,0,40,0,17,,44092,4,0,40,0,16,,44093,4,0,40,0,76,,44094,4,0,40,0,32,,44095,16,0,40,0,71,,44096,4,0,40,0,30,,44097,4,0,40,0,75,,44098,4,0,40,0,35,,44099,4,0,40,0,65,,44114,4,0,40,0,25,,44112,16,0,40,0,70,,44100,4,0,40,0,30,,44101,4,0,40,0,65,,44104,16,0,40,0,34,,44102,4,0,40,0,69,,44105,16,0,40,0,35,,44103,4,0,40,0,70,,44117,4,0,40,0,30,,44113,16,0,40,0,70,,44106,4,0,40,0,36,,44107,16,0,40,0,65,,44115,4,,,0,31,,44108,4,0,40,0,70,,44109,16,0,40,0
400,'6_3',702,,44138,4,0,40,0,14,,44144,4,0,40,0,16,,44118,4,0,40,0,15,,44119,4,0,40,0,53,,44139,4,0,40,0,17,,44120,4,0,40,0,16,,44121,4,0,40,0,76,,44122,4,0,40,0,32,,44123,16,0,40,0,71,,44124,4,0,40,0,30,,44125,4,0,40,0,75,,44126,4,0,40,0,35,,44127,4,0,40,0,65,,44142,4,0,40,0,25,,44140,16,0,40,0,70,,44128,4,0,40,0,30,,44129,4,0,40,0,65,,44132,16,0,40,0,34,,44130,4,0,40,0,69,,44133,16,0,40,0,35,,44131,4,0,40,0,70,,44145,4,0,40,0,30,,44141,16,0,40,0,70,,44134,4,0,40,0,36,,44135,16,0,40,0,65,,44143,4,,,0,31,,44136,4,0,40,0,70,,44137,16,0,40,0
400,'6_4',702,,44166,4,0,40,0,14,,44172,4,0,40,0,16,,44146,4,0,40,0,15,,44147,4,0,40,0,53,,44167,4,0,40,0,17,,44148,4,0,40,0,16,,44149,4,0,40,0,76,,44150,4,0,40,0,32,,44151,16,0,40,0,71,,44152,4,0,40,0,30,,44153,4,0,40,0,75,,44154,4,0,40,0,35,,44155,4,0,40,0,65,,44170,4,0,40,0,25,,44168,16,0,40,0,70,,44156,4,0,40,0,30,,44157,4,0,40,0,65,,44160,16,0,40,0,34,,44158,4,0,40,0,69,,44161,16,0,40,0,35,,44159,4,0,40,0,70,,44173,4,0,40,0,30,,44169,16,0,40,0,70,,44162,4,0,40,0,36,,44163,16,0,40,0,65,,44171,4,,,0,31,,44164,4,0,40,0,70,,44165,16,0,40,0
