200,'0_1',727,,30172,27,0,35 37,0,5,,30204,30,0,38,0,21,,30205,30,0,38,0,60,,30199,18,0,34,0,15,,30179,30,0,35 37,0,15,,30206,27,0,38,0,83,,30200,18,0,34,0,16,,30183,27,0,35 37,0,90,,30186,27,0,34,0,69,,30174,30,0,35 37,0,40,,30187,27,0,34,0,74,,30194,18,0,35 37,0,26,,30184,30,0,34,0,60,,30195,27,0,35 37,0,27,,30189,18,0,34,0,25,,30175,27,0,35 37,0,70,,30188,30,0,34,0,30,,30196,27,0,35 37,0,70,,30185,27,0,34,0,25,,30202,30,0,38,0,67,,30197,27,0,35 37,0,18,,30203,27,0,34,0,15,,30207,18,0,38,0,73,,30176,18,0,35 37,0,9,,30208,27,0,38,0,10,,30190,30,0,34,0,14,,30180,27,0,38,0,60,,30198,30,0,35 37,0,13,,30181,27,0,38,0,15,,30191,30,0,34,0,14,,30209,27,0,38,0,60,,30182,30,0,38,0,15,,30177,27,0,35 37,0,10,,30192,30,0,34,0
200,'0_2',727,,30211,27,0,35 37,0,5,,30243,30,0,38,0,21,,30244,30,0,38,0,60,,30238,18,0,34,0,15,,30218,30,0,35 37,0,15,,30245,27,0,38,0,83,,30239,18,0,34,0,16,,30222,27,0,35 37,0,90,,30225,27,0,34,0,69,,30213,30,0,35 37,0,40,,30226,27,0,34,0,74,,30233,18,0,35 37,0,26,,30223,30,0,34,0,60,,30234,27,0,35 37,0,27,,30228,18,0,34,0,25,,30214,27,0,35 37,0,70,,30227,30,0,34,0,30,,30235,27,0,35 37,0,70,,30224,27,0,34,0,25,,30241,30,0,38,0,67,,30236,27,0,35 37,0,18,,30242,27,0,34,0,15,,30246,18,0,38,0,73,,30215,18,0,35 37,0,9,,30247,27,0,38,0,10,,30229,30,0,34,0,14,,30219,27,0,38,0,60,,30237,30,0,35 37,0,13,,30220,27,0,38,0,15,,30230,30,0,34,0,14,,30248,27,0,38,0,60,,30221,30,0,38,0,15,,30216,27,0,35 37,0,10,,30231,30,0,34,0
200,'0_4',727,,30250,27,0,35 37,0,5,,30282,30,0,38,0,21,,30283,30,0,38,0,60,,30277,18,0,34,0,15,,30257,30,0,35 37,0,15,,30284,27,0,38,0,83,,30278,18,0,34,0,16,,30261,27,0,35 37,0,90,,30264,27,0,34,0,69,,30252,30,0,35 37,0,40,,30265,27,0,34,0,74,,30272,18,0,35 37,0,26,,30262,30,0,34,0,60,,30273,27,0,35 37,0,27,,30267,18,0,34,0,25,,30253,27,0,35 37,0,70,,30266,30,0,34,0,30,,30274,27,0,35 37,0,70,,30263,27,0,34,0,25,,30280,30,0,38,0,67,,30275,27,0,35 37,0,18,,30281,27,0,34,0,15,,30285,18,0,38,0,73,,30254,18,0,35 37,0,9,,30286,27,0,38,0,10,,30268,30,0,34,0,14,,30258,27,0,38,0,60,,30276,30,0,35 37,0,13,,30259,27,0,38,0,15,,30269,30,0,34,0,14,,30287,27,0,38,0,60,,30260,30,0,38,0,15,,30255,27,0,35 37,0,10,,30270,30,0,34,0
200,'0_5',727,,30289,27,0,35 37,0,5,,30321,30,0,38,0,21,,30322,30,0,38,0,60,,30316,18,0,34,0,15,,30296,30,0,35 37,0,15,,30323,27,0,38,0,83,,30317,18,0,34,0,16,,30300,27,0,35 37,0,90,,30303,27,0,34,0,69,,30291,30,0,35 37,0,40,,30304,27,0,34,0,74,,30311,18,0,35 37,0,26,,30301,30,0,34,0,60,,30312,27,0,35 37,0,27,,30306,18,0,34,0,25,,30292,27,0,35 37,0,70,,30305,30,0,34,0,30,,30313,27,0,35 37,0,70,,30302,27,0,34,0,25,,30319,30,0,38,0,67,,30314,27,0,35 37,0,18,,30320,27,0,34,0,15,,30324,18,0,38,0,73,,30293,18,0,35 37,0,9,,30325,27,0,38,0,10,,30307,30,0,34,0,14,,30297,27,0,38,0,60,,30315,30,0,35 37,0,13,,30298,27,0,38,0,15,,30308,30,0,34,0,14,,30326,27,0,38,0,60,,30299,30,0,38,0,15,,30294,27,0,35 37,0,10,,30309,30,0,34,0
200,'1_3',727,,30328,27,0,35 37,0,5,,30360,30,0,38,0,21,,30361,30,0,38,0,60,,30355,18,0,34,0,15,,30335,30,0,35 37,0,15,,30362,27,0,38,0,83,,30356,18,0,34,0,16,,30339,27,0,35 37,0,90,,30342,27,0,34,0,69,,30330,30,0,35 37,0,40,,30343,27,0,34,0,74,,30350,18,0,35 37,0,26,,30340,30,0,34,0,60,,30351,27,0,35 37,0,27,,30345,18,0,34,0,25,,30331,27,0,35 37,0,70,,30344,30,0,34,0,30,,30352,27,0,35 37,0,70,,30341,27,0,34,0,25,,30358,30,0,38,0,67,,30353,27,0,35 37,0,18,,30359,27,0,34,0,15,,30363,18,0,38,0,73,,30332,18,0,35 37,0,9,,30364,27,0,38,0,10,,30346,30,0,34,0,14,,30336,27,0,38,0,60,,30354,30,0,35 37,0,13,,30337,27,0,38,0,15,,30347,30,0,34,0,14,,30365,27,0,38,0,60,,30338,30,0,38,0,15,,30333,27,0,35 37,0,10,,30348,30,0,34,0
200,'2_6',720,,30367,30,0,34,0,31,,30378,27,0,35 37,0,60,,30390,18,0,38,0,20,,30368,30,0,34,0,25,,30379,27,0,35 37,0,60,,30391,30,0,38,0,21,,30369,27,0,34,0,64,,30380,18,0,35 37,0,20,,30392,18,0,38,0,21,,30370,30,0,34,0,65,,30381,27,0,35 37,0,22,,30393,18,0,38,0,23,,30371,30,0,34,0,64,,30382,27,0,35 37,0,20,,30394,18,0,38,0,20,,30372,28,0,34,0,60,,30383,18,0,35 37,0,20,,30395,27,0,38,0,20,,30373,30,0,34,0,60,,30384,27,0,35 37,0,21,,30396,18,0,38,0,21,,30374,30,0,34,0,61,,30385,27,0,35 37,0,21,,30397,18,0,38,0,64,,30375,30,0,34,0,27,,30386,27,0,35 37,0,18,,30398,18,0,38,0,59,,30376,30,0,34,0,24,,30387,27,0,35 37,0,18,,30399,18,0,38,0,57,,30377,30,0,34,0,20,,30401,27,0,35 37,0,25,,30400,18,0,38,0,66,,30388,30,0,35 37,0,23,,30389,27,0,34,0
200,'3_7',945,,30402,27,0,38,0,165,,30403,27,0,38,0,125,,30404,27,0,38,0,110,,30405,27,0,38,0,165,,30406,27,0,38,0,125,,30407,27,0,38,0,165,,30408,27,0,38,0,125,,30409,27,0,38,0
200,'4_7',945,,30410,27,0,38,0,165,,30411,27,0,38,0,125,,30412,27,0,38,0,110,,30413,27,0,38,0,165,,30414,27,0,38,0,125,,30415,27,0,38,0,165,,30416,27,0,38,0,125,,30417,27,0,38,0
200,'5_1',725,,37417,27,0,35 37,0,5,,37419,30,0,38,0,21,,37418,30,0,38,0,60,,37413,18,0,34,0,15,,37410,30,0,35 37,0,15,,37414,27,0,38,0,85,,37412,18,0,34,0,15,,37411,27,0,35 37,0,91,,37409,27,0,34,0,69,,37403,30,0,35 37,0,39,,37401,27,0,34,0,75,,37404,18,0,35 37,0,26,,37402,30,0,34,0,60,,37405,27,0,35 37,0,25,,37396,18,0,34,0,25,,37394,27,0,35 37,0,70,,37398,30,0,34,0,30,,37395,27,0,35 37,0,70,,37397,27,0,34,0,25,,37400,30,0,38,0,68,,37399,27,0,35 37,0,18,,37390,27,0,34,0,15,,37393,18,0,38,0,71,,37391,18,0,35 37,0,9,,37392,27,0,38,0,10,,37389,30,0,34,0,15,,37387,27,0,38,0,61,,37384,30,0,35 37,0,14,,37385,27,0,38,0,15,,37386,30,0,34,0,14,,37388,27,0,38,0,60,,37381,30,0,38,0,15,,37382,27,0,35 37,0,10,,37383,30,0,34,0
2401,'0_1',1625,,33193,7,,,0,104,,33194,7,,,0,94,,33195,7,,,0
2401,'0_2',1625,,33197,7,,,0,104,,33198,7,,,0,94,,33199,7,,,0
2401,'0_4',1625,,33201,7,,,0,104,,33202,7,,,0,94,,33203,7,,,0
2401,'0_5',1625,,33205,7,,,0,104,,33206,7,,,0,94,,33207,7,,,0
2401,'1_3',1247,,33209,7,,,0
