501,'S2-0_6',729,,56026,14,,,0,99,,56027,14,,,0,98,,56028,14,,,0,101,,56029,14,,,0,99,,56030,14,,,0,99,,56031,14,,,0,80,,56032,14,,,0,38,,56033,14,,,0,96,,56034,14,,,0,103,,56035,14,,,0,99,,56036,14,,,0,72,,56037,14,,,0,30,,56038,14,,,0,99,,56039,14,,,0,98,,56040,14,,,0
501,'S2-1_7',1116,,56041,14,,,0,191,,56042,14,,,0,151,,56043,14,,,0,184,,56044,14,,,0,191,,56045,14,,,0
501,'S2-2_1',729,,56046,14,,,0,99,,56047,14,,,0,98,,56048,14,,,0,101,,56049,14,,,0,99,,56050,14,,,0,99,,56051,14,,,0,80,,56052,14,,,0,38,,56053,14,,,0,96,,56054,14,,,0,103,,56055,14,,,0,99,,56056,14,,,0,72,,56057,14,,,0,30,,56058,14,,,0,99,,56059,14,,,0,98,,56060,14,,,0
501,'S2-2_2',729,,56061,14,,,0,99,,56062,14,,,0,98,,56063,14,,,0,101,,56064,14,,,0,99,,56065,14,,,0,99,,56066,14,,,0,80,,56067,14,,,0,38,,56068,14,,,0,96,,56069,14,,,0,103,,56070,14,,,0,99,,56071,14,,,0,72,,56072,14,,,0,30,,56073,14,,,0,99,,56074,14,,,0,98,,56075,14,,,0
501,'S2-2_3',729,,56076,14,,,0,99,,56077,14,,,0,98,,56078,14,,,0,101,,56079,14,,,0,99,,56080,14,,,0,99,,56081,14,,,0,80,,56082,14,,,0,38,,56083,14,,,0,96,,56084,14,,,0,103,,56085,14,,,0,99,,56086,14,,,0,72,,56087,14,,,0,30,,56088,14,,,0,99,,56089,14,,,0,98,,56090,14,,,0
501,'S2-2_4',729,,56091,14,,,0,99,,56092,14,,,0,98,,56093,14,,,0,101,,56094,14,,,0,99,,56095,14,,,0,99,,56096,14,,,0,80,,56097,14,,,0,38,,56098,14,,,0,96,,56099,14,,,0,103,,56100,14,,,0,99,,56101,14,,,0,72,,56102,14,,,0,30,,56103,14,,,0,99,,56104,14,,,0,98,,56105,14,,,0
501,'S2-2_5',729,,56106,14,,,0,99,,56107,14,,,0,98,,56108,14,,,0,101,,56109,14,,,0,99,,56110,14,,,0,99,,56111,14,,,0,80,,56112,14,,,0,38,,56113,14,,,0,96,,56114,14,,,0,103,,56115,14,,,0,99,,56116,14,,,0,72,,56117,14,,,0,30,,56118,14,,,0,99,,56119,14,,,0,98,,56120,14,,,0
501,'S2-3_1',729,,56121,14,,,0,99,,56122,14,,,0,98,,56123,14,,,0,101,,56124,14,,,0,99,,56125,14,,,0,99,,56126,14,,,0,80,,56127,14,,,0,38,,56128,14,,,0,96,,56129,14,,,0,103,,56130,14,,,0,99,,56131,14,,,0,72,,56132,14,,,0,30,,56133,14,,,0,99,,56134,14,,,0,98,,56135,14,,,0
501,'S2-3_3',729,,56136,14,,,0,99,,56137,14,,,0,98,,56138,14,,,0,101,,56139,14,,,0,99,,56140,14,,,0,99,,56141,14,,,0,80,,56142,14,,,0,38,,56143,14,,,0,96,,56144,14,,,0,103,,56145,14,,,0,99,,56146,14,,,0,72,,56147,14,,,0,30,,56148,14,,,0,99,,56149,14,,,0,98,,56150,14,,,0
501,'S2-3_4',729,,56151,14,,,0,99,,56152,14,,,0,98,,56153,14,,,0,101,,56154,14,,,0,99,,56155,14,,,0,99,,56156,14,,,0,80,,56157,14,,,0,38,,56158,14,,,0,96,,56159,14,,,0,103,,56160,14,,,0,99,,56161,14,,,0,72,,56162,14,,,0,30,,56163,14,,,0,99,,56164,14,,,0,98,,56165,14,,,0
501,'S2-4_7',1116,,56166,14,,,0,191,,56167,14,,,0,151,,56168,14,,,0,184,,56169,14,,,0,191,,56170,14,,,0
