201,'25j05H-Dimanche',903,,757,0,14 15 16,0,125,,758,0,14 15 16,0,125,,759,0,14 15 16,0,165,,760,0,14 15 16,0,110,,761,0,14 15 16,0,125,,762,0,14 15 16,0,165,,763,0,14 15 16,0,125,,764,0,14 15 16,0
201,'25j26H-Dimanche',903,,777,0,14 15 16,0,125,,778,0,14 15 16,0,125,,779,0,14 15 16,0,165,,780,0,14 15 16,0,110,,781,0,14 15 16,0,125,,782,0,14 15 16,0,165,,783,0,14 15 16,0,125,,784,0,14 15 16,0
201,'25k03H-Samedi',809,,809,0,14 15 16,0,30,,798,0,14 15 16,0,175,,811,0,14 15 16,0,106,,812,0,14 15 16,0,124,,825,0,14 15 16,0,70,,802,0,14 15 16,0,102,,803,0,14 15 16,0,128,,816,0,14 15 16,0,100,,817,0,14 15 16,0,90,,806,0,14 15 16,0,103,,807,0,14 15 16,0,98,,808,0,14 15 16,0,68,,832,0,14 15 16,0
201,'25l22V-Semaine',756,,861,0,14 15 16,0,53,,868,0,14 15 16,0,30,,865,0,14 15 16,0,103,,866,0,14 15 16,0,109,,858,0,14 15 16,0,149,,856,0,14 15 16,0,54,,860,0,14 15 16,0,95,,853,0,14 15 16,0,86,,850,0,14 15 16,0,96,,854,0,14 15 16,0,100,,844,0,14 15 16,0,25,,843,0,14 15 16,0,76,,845,0,14 15 16,0,27,,839,0,14 15 16,0,67,,840,0,14 15 16,0,30,,841,0,14 15 16,0,74,,834,0,14 15 16,0,83,,833,0,14 15 16,0
201,'26a05H-Samedi',809,,884,0,14 15 16,0,30,,873,0,14 15 16,0,175,,886,0,14 15 16,0,106,,887,0,14 15 16,0,124,,900,0,14 15 16,0,70,,877,0,14 15 16,0,102,,878,0,14 15 16,0,128,,891,0,14 15 16,0,100,,892,0,14 15 16,0,90,,881,0,14 15 16,0,103,,882,0,14 15 16,0,98,,883,0,14 15 16,0,68,,907,0,14 15 16,0
201,'26a05H-Mercredi',755,,942,0,14 15 16,0,53,,946,0,14 15 16,0,31,,911,0,14 15 16,0,102,,912,0,14 15 16,0,110,,916,0,14 15 16,0,149,,917,0,14 15 16,0,55,,944,0,14 15 16,0,95,,932,0,14 15 16,0,86,,925,0,14 15 16,0,95,,933,0,14 15 16,0,101,,926,0,14 15 16,0,25,,918,0,14 15 16,0,77,,934,0,14 15 16,0,67,,935,0,14 15 16,0,27,,936,0,14 15 16,0,29,,937,0,14 15 16,0,73,,919,0,14 15 16,0,82,,920,0,14 15 16,0
201,'26a05H-Mercredi0010000',1235,,947,0,14 15 16,0
201,'26a05H-L-Ma-J-V',755,,982,0,14 15 16,0,53,,986,0,14 15 16,0,31,,951,0,14 15 16,0,102,,952,0,14 15 16,0,110,,956,0,14 15 16,0,149,,957,0,14 15 16,0,55,,984,0,14 15 16,0,95,,972,0,14 15 16,0,86,,965,0,14 15 16,0,95,,973,0,14 15 16,0,101,,966,0,14 15 16,0,25,,958,0,14 15 16,0,77,,974,0,14 15 16,0,67,,975,0,14 15 16,0,27,,976,0,14 15 16,0,29,,977,0,14 15 16,0,73,,959,0,14 15 16,0,82,,960,0,14 15 16,0
201,'26b23V-Semaine',756,,1015,0,14 15 16,0,53,,1022,0,14 15 16,0,30,,1019,0,14 15 16,0,103,,1020,0,14 15 16,0,109,,1012,0,14 15 16,0,149,,1010,0,14 15 16,0,54,,1014,0,14 15 16,0,95,,1007,0,14 15 16,0,86,,1004,0,14 15 16,0,96,,1008,0,14 15 16,0,100,,998,0,14 15 16,0,25,,997,0,14 15 16,0,76,,999,0,14 15 16,0,27,,993,0,14 15 16,0,67,,994,0,14 15 16,0,30,,995,0,14 15 16,0,74,,988,0,14 15 16,0,83,,987,0,14 15 16,0
201,'26c02V-Semaine',756,,1054,0,14 15 16,0,53,,1061,0,14 15 16,0,30,,1058,0,14 15 16,0,103,,1059,0,14 15 16,0,109,,1051,0,14 15 16,0,149,,1049,0,14 15 16,0,54,,1053,0,14 15 16,0,95,,1046,0,14 15 16,0,86,,1043,0,14 15 16,0,96,,1047,0,14 15 16,0,100,,1037,0,14 15 16,0,25,,1036,0,14 15 16,0,76,,1038,0,14 15 16,0,27,,1032,0,14 15 16,0,67,,1033,0,14 15 16,0,30,,1034,0,14 15 16,0,74,,1027,0,14 15 16,0,83,,1026,0,14 15 16,0
