400,'2509-HIV-25j05H-d-Dimanche-00',949,,9577,4,,0,100,,9578,4,,0,100,,9579,4,,0,100,,9580,4,,0,100,,9581,4,,0,100,,9582,4,,0,100,,9583,4,,0,100,,9584,4,,0,100,,9585,4,,0,100,,9586,4,,0
400,'2509-HIV-25j26H-d-Dimanche-00',949,,9590,4,,0,100,,9591,4,,0,100,,9592,4,,0,100,,9593,4,,0,100,,9594,4,,0,100,,9595,4,,0,100,,9596,4,,0,100,,9597,4,,0,100,,9598,4,,0,100,,9599,4,,0
400,'2509-HIV-25k03H-s-Samedi-00',752,,9609,4,,0,104,,9610,4,,0,72,,9603,4,,0,27,,9611,4,,0,72,,9612,4,,0,30,,9613,4,,0,71,,9604,4,,0,31,,9614,4,,0,70,,9616,4,,0,29,,9615,4,,0,69,,9605,4,,0,30,,9617,4,,0,71,,9618,4,,0,29,,9619,4,,0,72,,9606,4,,0,73,,9620,4,,0,31,,9621,4,,0,71,,9622,4,,0,33,,9607,4,,0,72,,9623,4,,0,30,,9624,4,,0,71,,9625,4,,0,29,,9608,4,,0,70,,9626,4,,0
400,'2509-HIV-25l22Vlv-Semaine-00',756,,9647,4,,0,55,,9653,4,,0,10,,9627,4,,0,19,,9628,4,,0,10,,9648,4,,0,57,,9629,4,,0,13,,9630,4,,0,37,,9631,4,,0,73,,9632,4,,0,70,,9633,4,,0,31,,9634,4,,0,75,,9635,4,,0,36,,9636,4,,0,63,,9651,4,,0,30,,9649,4,,0,65,,9637,4,,0,30,,9638,4,,0,25,,9641,4,,0,75,,9639,4,,0,71,,9642,4,,0,37,,9640,4,,0,75,,9654,4,,0,31,,9650,4,,0,67,,9643,4,,0,30,,9644,4,,0,68,,9652,,,0,26,,9645,4,,0,70,,9646,4,,0
400,'2509-HIV-26a05H-s-Samedi-00',752,,9661,4,,0,104,,9662,4,,0,72,,9655,4,,0,27,,9663,4,,0,72,,9664,4,,0,30,,9665,4,,0,71,,9656,4,,0,31,,9666,4,,0,70,,9668,4,,0,29,,9667,4,,0,69,,9657,4,,0,30,,9669,4,,0,71,,9670,4,,0,29,,9671,4,,0,72,,9658,4,,0,73,,9672,4,,0,31,,9673,4,,0,71,,9674,4,,0,33,,9659,4,,0,72,,9675,4,,0,30,,9676,4,,0,71,,9677,4,,0,29,,9660,4,,0,70,,9678,4,,0
400,'2509-HIV-26a05H-w-Mercredi-00',801,,9702,4,,0,19,,9708,4,,0,6,,9679,4,,0,17,,9680,4,,0,11,,9703,4,,0,54,,9681,4,,0,13,,9682,4,,0,30,,9683,4,,0,80,,9684,4,,0,71,,9685,4,,0,30,,9686,4,,0,75,,9687,4,,0,37,,9688,4,,0,68,,9706,,,0,25,,9704,4,,0,64,,9689,4,,0,27,,9690,4,,0,29,,9693,4,,0,75,,9691,4,,0,73,,9694,4,,0,38,,9692,4,,0,83,,9709,4,,0,15,,9695,4,,0,10,,9705,4,,0,8,,9696,4,,0,65,,9710,,,0,4,,9697,4,,0,22,,9698,4,,0,61,,9707,,,0,28,,9699,4,,0,65,,9700,4,,0
400,'2509-HIV-26a05Hlv-L-Ma-J-V-00',801,,9734,4,,0,19,,9740,4,,0,6,,9711,4,,0,17,,9712,4,,0,11,,9735,4,,0,54,,9713,4,,0,13,,9714,4,,0,30,,9715,4,,0,80,,9716,4,,0,71,,9717,4,,0,30,,9718,4,,0,75,,9719,4,,0,37,,9720,4,,0,68,,9738,,,0,25,,9736,4,,0,64,,9721,4,,0,27,,9722,4,,0,29,,9725,4,,0,75,,9723,4,,0,73,,9726,4,,0,38,,9724,4,,0,83,,9741,4,,0,15,,9727,4,,0,10,,9737,4,,0,8,,9728,4,,0,65,,9742,,,0,4,,9729,4,,0,22,,9730,4,,0,61,,9739,,,0,28,,9731,4,,0,65,,9732,4,,0
400,'2509-HIV-26b23Vlv-Semaine-00',756,,9763,4,,0,55,,9769,4,,0,10,,9743,4,,0,19,,9744,4,,0,10,,9764,4,,0,57,,9745,4,,0,13,,9746,4,,0,37,,9747,4,,0,73,,9748,4,,0,70,,9749,4,,0,31,,9750,4,,0,75,,9751,4,,0,36,,9752,4,,0,63,,9767,4,,0,30,,9765,4,,0,65,,9753,4,,0,30,,9754,4,,0,25,,9757,4,,0,75,,9755,4,,0,71,,9758,4,,0,37,,9756,4,,0,75,,9770,4,,0,31,,9766,4,,0,67,,9759,4,,0,30,,9760,4,,0,68,,9768,,,0,26,,9761,4,,0,70,,9762,4,,0
400,'2509-HIV-26c02Vlv-Semaine-00',756,,9791,4,,0,55,,9797,4,,0,10,,9771,4,,0,19,,9772,4,,0,10,,9792,4,,0,57,,9773,4,,0,13,,9774,4,,0,37,,9775,4,,0,73,,9776,4,,0,70,,9777,4,,0,31,,9778,4,,0,75,,9779,4,,0,36,,9780,4,,0,63,,9795,4,,0,30,,9793,4,,0,65,,9781,4,,0,30,,9782,4,,0,25,,9785,4,,0,75,,9783,4,,0,71,,9786,4,,0,37,,9784,4,,0,75,,9798,4,,0,31,,9794,4,,0,67,,9787,4,,0,30,,9788,4,,0,68,,9796,,,0,26,,9789,4,,0,70,,9790,4,,0
401,'2509-HIV-25j05H-d-Dimanche-00',902,,9799,0,20 35,0,100,,9800,0,20 35,0,100,,9801,0,20 35,0,100,,9802,0,20 35,0,100,,9803,0,20 35,0,99,,9804,0,20 35,0,100,,9805,0,20 35,0,100,,9806,0,20 35,0,100,,9807,0,20 35,0,100,,9808,0,20 35,0
401,'2509-HIV-25j26H-d-Dimanche-00',902,,9813,0,20 35,0,100,,9814,0,20 35,0,100,,9815,0,20 35,0,100,,9816,0,20 35,0,100,,9817,0,20 35,0,99,,9818,0,20 35,0,100,,9819,0,20 35,0,100,,9820,0,20 35,0,100,,9821,0,20 35,0,100,,9822,0,20 35,0
401,'2509-HIV-25k03H-s-Samedi-00',646,,9827,,,0,154,,9834,0,20 35,0,35,,9828,,,0,69,,9835,0,20 35,0,32,,9836,0,20 35,0,67,,9837,0,20 35,0,32,,9829,,,0,70,,9838,0,20 35,0,31,,9839,0,20 35,0,71,,9840,0,20 35,0,30,,9830,,,0,69,,9841,0,20 35,0,29,,9842,0,20 35,0,70,,9843,0,20 35,0,31,,9831,,,0,69,,9844,0,20 35,0,32,,9845,0,20 35,0,73,,9846,0,20 35,0,31,,9832,,,0,71,,9847,0,20 35,0,33,,9848,0,20 35,0,72,,9849,0,20 35,0,31,,9850,0,20 35,0,70,,9833,,,0
401,'2509-HIV-25l22Vlv-Semaine-00',701,,9852,0,20 35,0,11,,9867,0,20 35,0,18,,9853,0,20 35,0,12,,9873,,,0,61,,9854,0,20 35,0,16,,9855,0,20 35,0,82,,9856,0,20 35,0,31,,9857,0,20 35,0,75,,9858,0,20 35,0,33,,9875,,,0,72,,9859,0,20 35,0,28,,9860,0,20 35,0,17,,9874,,,0,71,,9871,0,20 35,0,73,,9876,,,0,30,,9851,0,20 35,0,79,,9861,0,20 35,0,30,,9877,,,0,66,,9862,0,20 35,0,29,,9863,,,0,22,,9872,0,20 35,0,69,,9868,0,20 35,0,25,,9869,,,0,84,,9864,0,20 35,0,23,,9870,0,20 35,0,74,,9865,0,20 35,0,71,,9878,,,0
401,'2509-HIV-26a05H-s-Samedi-00',646,,9879,,,0,154,,9886,0,20 35,0,35,,9880,,,0,69,,9887,0,20 35,0,32,,9888,0,20 35,0,67,,9889,0,20 35,0,32,,9881,,,0,70,,9890,0,20 35,0,31,,9891,0,20 35,0,71,,9892,0,20 35,0,30,,9882,,,0,69,,9893,0,20 35,0,29,,9894,0,20 35,0,70,,9895,0,20 35,0,31,,9883,,,0,69,,9896,0,20 35,0,32,,9897,0,20 35,0,73,,9898,0,20 35,0,31,,9884,,,0,71,,9899,0,20 35,0,33,,9900,0,20 35,0,72,,9901,0,20 35,0,31,,9902,0,20 35,0,70,,9885,,,0
401,'2509-HIV-26a05H-w-Mercredi-00',641,,9920,0,20 35,0,16,,9904,0,20 35,0,48,,9921,0,20 35,0,22,,9905,0,20 35,0,12,,9928,,,0,66,,9906,0,20 35,0,11,,9907,0,20 35,0,39,,9908,0,20 35,0,76,,9909,0,20 35,0,75,,9910,0,20 35,0,35,,9930,,,0,71,,9911,0,20 35,0,28,,9912,0,20 35,0,17,,9929,,,0,70,,9925,0,20 35,0,73,,9931,,,0,111,,9913,0,20 35,0,30,,9932,,,0,66,,9914,0,20 35,0,28,,9915,0,20 35,0,15,,9916,0,20 35,0,50,,9926,0,20 35,0,18,,9922,0,20 35,0,23,,9917,0,20 35,0,8,,9923,0,20 35,0,51,,9927,,,0,38,,9918,0,20 35,0,15,,9924,0,20 35,0,85,,9919,0,20 35,0,67,,9933,,,0
401,'2509-HIV-26a05Hlv-L-Ma-J-V-00',641,,9951,0,20 35,0,16,,9935,0,20 35,0,48,,9952,0,20 35,0,22,,9936,0,20 35,0,12,,9959,,,0,66,,9937,0,20 35,0,11,,9938,0,20 35,0,39,,9939,0,20 35,0,76,,9940,0,20 35,0,75,,9941,0,20 35,0,35,,9961,,,0,71,,9942,0,20 35,0,28,,9943,0,20 35,0,17,,9960,,,0,70,,9956,0,20 35,0,73,,9962,,,0,111,,9944,0,20 35,0,30,,9963,,,0,66,,9945,0,20 35,0,28,,9946,0,20 35,0,15,,9947,0,20 35,0,50,,9957,0,20 35,0,18,,9953,0,20 35,0,23,,9948,0,20 35,0,8,,9954,0,20 35,0,51,,9958,,,0,38,,9949,0,20 35,0,15,,9955,0,20 35,0,85,,9950,0,20 35,0,67,,9964,,,0
401,'2509-HIV-26b23Vlv-Semaine-00',701,,9966,0,20 35,0,11,,9981,0,20 35,0,18,,9967,0,20 35,0,12,,9987,,,0,61,,9968,0,20 35,0,16,,9969,0,20 35,0,82,,9970,0,20 35,0,31,,9971,0,20 35,0,75,,9972,0,20 35,0,33,,9989,,,0,72,,9973,0,20 35,0,28,,9974,0,20 35,0,17,,9988,,,0,71,,9985,0,20 35,0,73,,9990,,,0,30,,9965,0,20 35,0,79,,9975,0,20 35,0,30,,9991,,,0,66,,9976,0,20 35,0,29,,9977,,,0,22,,9986,0,20 35,0,69,,9982,0,20 35,0,25,,9983,,,0,84,,9978,0,20 35,0,23,,9984,0,20 35,0,74,,9979,0,20 35,0,71,,9992,,,0
401,'2509-HIV-26c02Vlv-Semaine-00',701,,9994,0,20 35,0,11,,10009,0,20 35,0,18,,9995,0,20 35,0,12,,10015,,,0,61,,9996,0,20 35,0,16,,9997,0,20 35,0,82,,9998,0,20 35,0,31,,9999,0,20 35,0,75,,10000,0,20 35,0,33,,10017,,,0,72,,10001,0,20 35,0,28,,10002,0,20 35,0,17,,10016,,,0,71,,10013,0,20 35,0,73,,10018,,,0,30,,9993,0,20 35,0,79,,10003,0,20 35,0,30,,10019,,,0,66,,10004,0,20 35,0,29,,10005,,,0,22,,10014,0,20 35,0,69,,10010,0,20 35,0,25,,10011,,,0,84,,10006,0,20 35,0,23,,10012,0,20 35,0,74,,10007,0,20 35,0,71,,10020,,,0
2300,'2509-HIV-26a05H-w-Mercredi-00-0010000',1238,,11777,,,0,3,,11776,,,0
2300,'2509-HIV-26a05Hlv-L-Ma-J-V-00-1101100',1635,,11778,,,0,105,,11779,,,0,95,,11780,,,0
29000400,'2509-HIV-26a05H-w-Mercredi-00',1708,,16082,,,0,100,,16083,,,0
29000400,'2509-HIV-26a05Hlv-L-Ma-J-V-00',1708,,16084,,,0,100,,16085,,,0
