1500,'2509-HIV-25j05H-d-Dimanche-00',847,,11217,0,48,0,276,,11218,0,48,0,300,,11219,0,48,0,327,,11220,0,48,0
1500,'2509-HIV-25j26H-d-Dimanche-00',847,,11221,0,48,0,276,,11222,0,48,0,300,,11223,0,48,0,327,,11224,0,48,0
1500,'2509-HIV-25k03H-s-Samedi-00',732,,11226,0,48,0,21,,11227,0,48,0,154,,11228,0,48,0,117,,11229,0,48,0,118,,11230,0,48,0,80,,11231,0,48,0,35,,11232,0,48,0,97,,11233,0,48,0,159,,11225,,,0,102,,11234,0,48,0,107,,11235,0,48,0,99,,11236,0,48,0,114,,11237,0,48,0
1500,'2509-HIV-25l22Vlv-Semaine-00',732,,11239,0,48,0,21,,11240,0,48,0,154,,11241,0,48,0,117,,11242,0,48,0,118,,11243,0,48,0,80,,11244,0,48,0,35,,11245,0,48,0,97,,11246,0,48,0,159,,11238,,,0,102,,11247,0,48,0,107,,11248,0,48,0,99,,11249,0,48,0,114,,11250,0,48,0
1500,'2509-HIV-26a05H-s-Samedi-00',732,,11252,0,48,0,21,,11253,0,48,0,154,,11254,0,48,0,117,,11255,0,48,0,118,,11256,0,48,0,80,,11257,0,48,0,35,,11258,0,48,0,97,,11259,0,48,0,159,,11251,,,0,102,,11260,0,48,0,107,,11261,0,48,0,99,,11262,0,48,0,114,,11263,0,48,0
1500,'2509-HIV-26a05H-w-Mercredi-00',732,,11265,0,48,0,21,,11266,0,48,0,154,,11267,0,48,0,117,,11268,0,48,0,118,,11269,0,48,0,80,,11270,0,48,0,35,,11271,0,48,0,97,,11272,0,48,0,159,,11264,,,0,102,,11273,0,48,0,107,,11274,0,48,0,99,,11275,0,48,0,114,,11276,0,48,0
1500,'2509-HIV-26a05Hlv-L-Ma-J-V-00',732,,11278,0,48,0,21,,11279,0,48,0,154,,11280,0,48,0,117,,11281,0,48,0,118,,11282,0,48,0,80,,11283,0,48,0,35,,11284,0,48,0,97,,11285,0,48,0,159,,11277,,,0,102,,11286,0,48,0,107,,11287,0,48,0,99,,11288,0,48,0,114,,11289,0,48,0
1500,'2509-HIV-26b23Vlv-Semaine-00',732,,11291,0,48,0,21,,11292,0,48,0,154,,11293,0,48,0,117,,11294,0,48,0,118,,11295,0,48,0,80,,11296,0,48,0,35,,11297,0,48,0,97,,11298,0,48,0,159,,11290,,,0,102,,11299,0,48,0,107,,11300,0,48,0,99,,11301,0,48,0,114,,11302,0,48,0
1500,'2509-HIV-26c02Vlv-Semaine-00',732,,11304,0,48,0,21,,11305,0,48,0,154,,11306,0,48,0,117,,11307,0,48,0,118,,11308,0,48,0,80,,11309,0,48,0,35,,11310,0,48,0,97,,11311,0,48,0,159,,11303,,,0,102,,11312,0,48,0,107,,11313,0,48,0,99,,11314,0,48,0,114,,11315,0,48,0
2000,'2509-HIV-25j05H-d-Dimanche-00',924,,11689,,,0,903,,11690,,,0
2000,'2509-HIV-25j26H-d-Dimanche-00',924,,11691,,,0,903,,11692,,,0
2000,'2509-HIV-26a05H-w-Mercredi-00',1643,,11693,,,0,105,,11694,,,0,93,,11695,,,0
2000,'2509-HIV-26a05H-w-Mercredi-00-0010000',1244,,11696,,,0
2000,'2509-HIV-26a05Hlv-L-Ma-J-V-00',1643,,11697,,,0,105,,11698,,,0,93,,11699,,,0
4000000,'2509-HIV-25j05H-d-Dimanche-00',831,,15402,0,50,0,110,,15407,0,51,0,110,,15403,0,50,0,150,,15408,0,51,0,110,,15404,0,50,0,110,,15409,0,51,0,110,,15405,0,50,0,110,,15410,0,51,0,110,,15406,0,50,0,150,,15411,0,51,0
4000000,'2509-HIV-25j26H-d-Dimanche-00',831,,15413,0,50,0,110,,15418,0,51,0,110,,15414,0,50,0,150,,15419,0,51,0,110,,15415,0,50,0,110,,15420,0,51,0,110,,15416,0,50,0,110,,15421,0,51,0,110,,15417,0,50,0,150,,15422,0,51,0
4000000,'2509-HIV-25k03H-s-Samedi-00',642,,15468,0,50,0,58,,15424,0,51,0,23,,15446,0,50,0,20,,15425,0,51,0,60,,15447,0,50,0,21,,15426,0,51,0,20,,15448,0,50,0,60,,15427,0,51,0,20,,15449,0,50,0,22,,15428,0,51,0,60,,15450,0,50,0,21,,15429,0,51,0,21,,15451,0,50,0,61,,15430,0,51,0,21,,15452,0,50,0,21,,15431,0,51,0,62,,15453,0,50,0,20,,15432,0,51,0,20,,15454,0,51,0,61,,15433,0,50,0,21,,15455,0,51,0,18,,15434,0,50,0,59,,15456,0,51,0,18,,15435,0,50,0,18,,15457,0,51,0,59,,15436,0,50,0,20,,15458,0,51,0,20,,15437,0,50,0,60,,15459,0,51,0,21,,15438,0,50,0,21,,15460,0,51,0,61,,15439,0,50,0,20,,15461,0,51,0,20,,15440,0,50,0,58,,15462,0,51,0,20,,15441,0,50,0,18,,15463,0,51,0,59,,15442,0,50,0,20,,15464,0,51,0,19,,15443,0,50,0,60,,15465,0,51,0,19,,15444,0,50,0
4000000,'2509-HIV-25l22Vlv-Semaine-00',642,,15513,0,50,0,58,,15469,0,51,0,23,,15491,0,50,0,20,,15470,0,51,0,60,,15492,0,50,0,21,,15471,0,51,0,20,,15493,0,50,0,60,,15472,0,51,0,20,,15494,0,50,0,22,,15473,0,51,0,60,,15495,0,50,0,21,,15474,0,51,0,21,,15496,0,50,0,61,,15475,0,51,0,21,,15497,0,50,0,21,,15476,0,51,0,62,,15498,0,50,0,20,,15477,0,51,0,20,,15499,0,51,0,61,,15478,0,50,0,21,,15500,0,51,0,18,,15479,0,50,0,59,,15501,0,51,0,18,,15480,0,50,0,18,,15502,0,51,0,59,,15481,0,50,0,20,,15503,0,51,0,20,,15482,0,50,0,60,,15504,0,51,0,21,,15483,0,50,0,21,,15505,0,51,0,61,,15484,0,50,0,20,,15506,0,51,0,20,,15485,0,50,0,58,,15507,0,51,0,20,,15486,0,50,0,18,,15508,0,51,0,59,,15487,0,50,0,20,,15509,0,51,0,19,,15488,0,50,0,60,,15510,0,51,0,19,,15489,0,50,0
4000000,'2509-HIV-26a05H-s-Samedi-00',642,,15558,0,50,0,58,,15514,0,51,0,23,,15536,0,50,0,20,,15515,0,51,0,60,,15537,0,50,0,21,,15516,0,51,0,20,,15538,0,50,0,60,,15517,0,51,0,20,,15539,0,50,0,22,,15518,0,51,0,60,,15540,0,50,0,21,,15519,0,51,0,21,,15541,0,50,0,61,,15520,0,51,0,21,,15542,0,50,0,21,,15521,0,51,0,62,,15543,0,50,0,20,,15522,0,51,0,20,,15544,0,51,0,61,,15523,0,50,0,21,,15545,0,51,0,18,,15524,0,50,0,59,,15546,0,51,0,18,,15525,0,50,0,18,,15547,0,51,0,59,,15526,0,50,0,20,,15548,0,51,0,20,,15527,0,50,0,60,,15549,0,51,0,21,,15528,0,50,0,21,,15550,0,51,0,61,,15529,0,50,0,20,,15551,0,51,0,20,,15530,0,50,0,58,,15552,0,51,0,20,,15531,0,50,0,18,,15553,0,51,0,59,,15532,0,50,0,20,,15554,0,51,0,19,,15533,0,50,0,60,,15555,0,51,0,19,,15534,0,50,0
4000000,'2509-HIV-26a05H-w-Mercredi-00',642,,15603,0,51,0,58,,15559,0,50,0,29,,15581,0,51,0,27,,15560,0,50,0,55,,15582,0,51,0,19,,15561,0,50,0,22,,15583,0,51,0,61,,15562,0,50,0,16,,15584,0,51,0,19,,15563,0,50,0,59,,15585,0,51,0,19,,15564,0,50,0,20,,15586,0,51,0,61,,15565,0,50,0,20,,15587,0,51,0,19,,15566,0,50,0,65,,15588,0,51,0,18,,15567,0,50,0,19,,15589,0,51,0,57,,15568,0,50,0,19,,15590,0,51,0,24,,15569,0,50,0,61,,15591,0,51,0,19,,15570,0,50,0,19,,15592,0,51,0,62,,15571,0,50,0,21,,15593,0,51,0,18,,15572,0,50,0,61,,15594,0,51,0,22,,15573,0,50,0,22,,15595,0,51,0,70,,15574,0,50,0,20,,15596,0,51,0,58,,15575,0,50,0,16,,15597,0,51,0,17,,15576,0,50,0,16,,15598,0,51,0,54,,15577,0,50,0,20,,15599,0,51,0,19,,15578,0,50,0,60,,15600,0,51,0,19,,15579,0,50,0
4000000,'2509-HIV-26a05Hlv-L-Ma-J-V-00',642,,15648,0,51,0,58,,15604,0,50,0,29,,15626,0,51,0,27,,15605,0,50,0,55,,15627,0,51,0,19,,15606,0,50,0,22,,15628,0,51,0,61,,15607,0,50,0,16,,15629,0,51,0,19,,15608,0,50,0,59,,15630,0,51,0,19,,15609,0,50,0,20,,15631,0,51,0,61,,15610,0,50,0,20,,15632,0,51,0,19,,15611,0,50,0,65,,15633,0,51,0,18,,15612,0,50,0,19,,15634,0,51,0,57,,15613,0,50,0,19,,15635,0,51,0,24,,15614,0,50,0,61,,15636,0,51,0,19,,15615,0,50,0,19,,15637,0,51,0,62,,15616,0,50,0,21,,15638,0,51,0,18,,15617,0,50,0,61,,15639,0,51,0,22,,15618,0,50,0,22,,15640,0,51,0,70,,15619,0,50,0,20,,15641,0,51,0,58,,15620,0,50,0,16,,15642,0,51,0,17,,15621,0,50,0,16,,15643,0,51,0,54,,15622,0,50,0,20,,15644,0,51,0,19,,15623,0,50,0,60,,15645,0,51,0,19,,15624,0,50,0
4000000,'2509-HIV-26b23Vlv-Semaine-00',642,,15693,0,50,0,58,,15649,0,51,0,23,,15671,0,50,0,20,,15650,0,51,0,60,,15672,0,50,0,21,,15651,0,51,0,20,,15673,0,50,0,60,,15652,0,51,0,20,,15674,0,50,0,22,,15653,0,51,0,60,,15675,0,50,0,21,,15654,0,51,0,21,,15676,0,50,0,61,,15655,0,51,0,21,,15677,0,50,0,21,,15656,0,51,0,62,,15678,0,50,0,20,,15657,0,51,0,20,,15679,0,51,0,61,,15658,0,50,0,21,,15680,0,51,0,18,,15659,0,50,0,59,,15681,0,51,0,18,,15660,0,50,0,18,,15682,0,51,0,59,,15661,0,50,0,20,,15683,0,51,0,20,,15662,0,50,0,60,,15684,0,51,0,21,,15663,0,50,0,21,,15685,0,51,0,61,,15664,0,50,0,20,,15686,0,51,0,20,,15665,0,50,0,58,,15687,0,51,0,20,,15666,0,50,0,18,,15688,0,51,0,59,,15667,0,50,0,20,,15689,0,51,0,19,,15668,0,50,0,60,,15690,0,51,0,19,,15669,0,50,0
4000000,'2509-HIV-26c02Vlv-Semaine-00',642,,15738,0,50,0,58,,15694,0,51,0,23,,15716,0,50,0,20,,15695,0,51,0,60,,15717,0,50,0,21,,15696,0,51,0,20,,15718,0,50,0,60,,15697,0,51,0,20,,15719,0,50,0,22,,15698,0,51,0,60,,15720,0,50,0,21,,15699,0,51,0,21,,15721,0,50,0,61,,15700,0,51,0,21,,15722,0,50,0,21,,15701,0,51,0,62,,15723,0,50,0,20,,15702,0,51,0,20,,15724,0,51,0,61,,15703,0,50,0,21,,15725,0,51,0,18,,15704,0,50,0,59,,15726,0,51,0,18,,15705,0,50,0,18,,15727,0,51,0,59,,15706,0,50,0,20,,15728,0,51,0,20,,15707,0,50,0,60,,15729,0,51,0,21,,15708,0,50,0,21,,15730,0,51,0,61,,15709,0,50,0,20,,15731,0,51,0,20,,15710,0,50,0,58,,15732,0,51,0,20,,15711,0,50,0,18,,15733,0,51,0,59,,15712,0,50,0,20,,15734,0,51,0,19,,15713,0,50,0,60,,15735,0,51,0,19,,15714,0,50,0
