2500,'2509-HIV-25j05H-d-Dimanche-00',923,,11799,,,0,201,,11800,,,0,376,,11801,,,0,304,,11802,,,0
2500,'2509-HIV-25j26H-d-Dimanche-00',923,,11803,,,0,201,,11804,,,0,376,,11805,,,0,304,,11806,,,0
2500,'2509-HIV-25k03H-s-Samedi-00',747,,11807,,,0,153,,11808,,,0,127,,11809,,,0,114,,11810,,,0,168,,11811,,,0,113,,11812,,,0,131,,11813,,,0,159,,11814,,,0,121,,11815,,,0,114,,11816,,,0
2500,'2509-HIV-25l22Vlv-Semaine-00',745,,11817,,,0,72,,11827,,,0,41,,11818,,,0,169,,11819,,,0,114,,11820,,,0,168,,11821,,,0,113,,11822,,,0,131,,11823,,,0,159,,11824,,,0,121,,11825,,,0,114,,11826,,,0
2500,'2509-HIV-26a05H-s-Samedi-00',747,,11828,,,0,153,,11829,,,0,127,,11830,,,0,114,,11831,,,0,168,,11832,,,0,113,,11833,,,0,131,,11834,,,0,159,,11835,,,0,121,,11836,,,0,114,,11837,,,0
2500,'2509-HIV-26a05H-w-Mercredi-00',750,,11838,,,0,70,,11839,,,0,81,,11840,,,0,112,,11841,,,0,113,,11842,,,0,130,,11843,,,0,156,,11844,,,0,116,,11845,,,0,86,,11846,,,0,90,,11847,,,0,105,,11848,,,0,42,,11849,,,0,151,,11850,,,0
2500,'2509-HIV-26a05Hlv-L-Ma-J-V-00',750,,11851,,,0,70,,11852,,,0,81,,11853,,,0,112,,11854,,,0,113,,11855,,,0,130,,11856,,,0,156,,11857,,,0,116,,11858,,,0,86,,11859,,,0,90,,11860,,,0,105,,11861,,,0,42,,11862,,,0,151,,11863,,,0
2500,'2509-HIV-26b23Vlv-Semaine-00',745,,11864,,,0,72,,11874,,,0,41,,11865,,,0,169,,11866,,,0,114,,11867,,,0,168,,11868,,,0,113,,11869,,,0,131,,11870,,,0,159,,11871,,,0,121,,11872,,,0,114,,11873,,,0
2500,'2509-HIV-26c02Vlv-Semaine-00',745,,11875,,,0,72,,11885,,,0,41,,11876,,,0,169,,11877,,,0,114,,11878,,,0,168,,11879,,,0,113,,11880,,,0,131,,11881,,,0,159,,11882,,,0,121,,11883,,,0,114,,11884,,,0
4000000,'2509-HIV-25j05H-d-Dimanche-00',836,,15402,0,50,0,110,,15407,0,51,0,110,,15403,0,50,0,150,,15408,0,51,0,110,,15404,0,50,0,110,,15409,0,51,0,110,,15405,0,50,0,110,,15410,0,51,0,110,,15406,0,50,0,150,,15411,0,51,0
4000000,'2509-HIV-25j26H-d-Dimanche-00',836,,15413,0,50,0,110,,15418,0,51,0,110,,15414,0,50,0,150,,15419,0,51,0,110,,15415,0,50,0,110,,15420,0,51,0,110,,15416,0,50,0,110,,15421,0,51,0,110,,15417,0,50,0,150,,15422,0,51,0
4000000,'2509-HIV-25k03H-s-Samedi-00',648,,15468,0,50,0,58,,15424,0,51,0,23,,15446,0,50,0,20,,15425,0,51,0,60,,15447,0,50,0,21,,15426,0,51,0,20,,15448,0,50,0,60,,15427,0,51,0,21,,15449,0,50,0,22,,15428,0,51,0,59,,15450,0,50,0,21,,15429,0,51,0,22,,15451,0,50,0,61,,15430,0,51,0,21,,15452,0,50,0,21,,15431,0,51,0,62,,15453,0,50,0,20,,15432,0,51,0,19,,15454,0,51,0,61,,15433,0,50,0,21,,15455,0,51,0,18,,15434,0,50,0,59,,15456,0,51,0,18,,15435,0,50,0,19,,15457,0,51,0,60,,15436,0,50,0,20,,15458,0,51,0,20,,15437,0,50,0,60,,15459,0,51,0,22,,15438,0,50,0,21,,15460,0,51,0,61,,15439,0,50,0,19,,15461,0,51,0,20,,15440,0,50,0,58,,15462,0,51,0,19,,15441,0,50,0,18,,15463,0,51,0,58,,15442,0,50,0,20,,15464,0,51,0,19,,15443,0,50,0,60,,15465,0,51,0,19,,15444,0,50,0
4000000,'2509-HIV-25l22Vlv-Semaine-00',648,,15513,0,50,0,58,,15469,0,51,0,23,,15491,0,50,0,20,,15470,0,51,0,60,,15492,0,50,0,21,,15471,0,51,0,20,,15493,0,50,0,60,,15472,0,51,0,21,,15494,0,50,0,22,,15473,0,51,0,59,,15495,0,50,0,21,,15474,0,51,0,22,,15496,0,50,0,61,,15475,0,51,0,21,,15497,0,50,0,21,,15476,0,51,0,62,,15498,0,50,0,20,,15477,0,51,0,19,,15499,0,51,0,61,,15478,0,50,0,21,,15500,0,51,0,18,,15479,0,50,0,59,,15501,0,51,0,18,,15480,0,50,0,19,,15502,0,51,0,60,,15481,0,50,0,20,,15503,0,51,0,20,,15482,0,50,0,60,,15504,0,51,0,22,,15483,0,50,0,21,,15505,0,51,0,61,,15484,0,50,0,19,,15506,0,51,0,20,,15485,0,50,0,58,,15507,0,51,0,19,,15486,0,50,0,18,,15508,0,51,0,58,,15487,0,50,0,20,,15509,0,51,0,19,,15488,0,50,0,60,,15510,0,51,0,19,,15489,0,50,0
4000000,'2509-HIV-26a05H-s-Samedi-00',648,,15558,0,50,0,58,,15514,0,51,0,23,,15536,0,50,0,20,,15515,0,51,0,60,,15537,0,50,0,21,,15516,0,51,0,20,,15538,0,50,0,60,,15517,0,51,0,21,,15539,0,50,0,22,,15518,0,51,0,59,,15540,0,50,0,21,,15519,0,51,0,22,,15541,0,50,0,61,,15520,0,51,0,21,,15542,0,50,0,21,,15521,0,51,0,62,,15543,0,50,0,20,,15522,0,51,0,19,,15544,0,51,0,61,,15523,0,50,0,21,,15545,0,51,0,18,,15524,0,50,0,59,,15546,0,51,0,18,,15525,0,50,0,19,,15547,0,51,0,60,,15526,0,50,0,20,,15548,0,51,0,20,,15527,0,50,0,60,,15549,0,51,0,22,,15528,0,50,0,21,,15550,0,51,0,61,,15529,0,50,0,19,,15551,0,51,0,20,,15530,0,50,0,58,,15552,0,51,0,19,,15531,0,50,0,18,,15553,0,51,0,58,,15532,0,50,0,20,,15554,0,51,0,19,,15533,0,50,0,60,,15555,0,51,0,19,,15534,0,50,0
4000000,'2509-HIV-26a05H-w-Mercredi-00',648,,15603,0,51,0,58,,15559,0,50,0,28,,15581,0,51,0,68,,15560,0,50,0,15,,15582,0,51,0,19,,15561,0,50,0,22,,15583,0,51,0,61,,15562,0,50,0,16,,15584,0,51,0,20,,15563,0,50,0,59,,15585,0,51,0,19,,15564,0,50,0,20,,15586,0,51,0,61,,15565,0,50,0,20,,15587,0,51,0,19,,15566,0,50,0,65,,15588,0,51,0,18,,15567,0,50,0,18,,15589,0,51,0,58,,15568,0,50,0,20,,15590,0,51,0,23,,15569,0,50,0,61,,15591,0,51,0,20,,15570,0,50,0,19,,15592,0,51,0,61,,15571,0,50,0,22,,15593,0,51,0,18,,15572,0,50,0,62,,15594,0,51,0,22,,15573,0,50,0,62,,15595,0,51,0,30,,15574,0,50,0,18,,15596,0,51,0,58,,15575,0,50,0,16,,15597,0,51,0,17,,15576,0,50,0,15,,15598,0,51,0,55,,15577,0,50,0,19,,15599,0,51,0,19,,15578,0,50,0,60,,15600,0,51,0,19,,15579,0,50,0
4000000,'2509-HIV-26a05Hlv-L-Ma-J-V-00',648,,15648,0,51,0,58,,15604,0,50,0,28,,15626,0,51,0,68,,15605,0,50,0,15,,15627,0,51,0,19,,15606,0,50,0,22,,15628,0,51,0,61,,15607,0,50,0,16,,15629,0,51,0,20,,15608,0,50,0,59,,15630,0,51,0,19,,15609,0,50,0,20,,15631,0,51,0,61,,15610,0,50,0,20,,15632,0,51,0,19,,15611,0,50,0,65,,15633,0,51,0,18,,15612,0,50,0,18,,15634,0,51,0,58,,15613,0,50,0,20,,15635,0,51,0,23,,15614,0,50,0,61,,15636,0,51,0,20,,15615,0,50,0,19,,15637,0,51,0,61,,15616,0,50,0,22,,15638,0,51,0,18,,15617,0,50,0,62,,15639,0,51,0,22,,15618,0,50,0,62,,15640,0,51,0,30,,15619,0,50,0,18,,15641,0,51,0,58,,15620,0,50,0,16,,15642,0,51,0,17,,15621,0,50,0,15,,15643,0,51,0,55,,15622,0,50,0,19,,15644,0,51,0,19,,15623,0,50,0,60,,15645,0,51,0,19,,15624,0,50,0
4000000,'2509-HIV-26b23Vlv-Semaine-00',648,,15693,0,50,0,58,,15649,0,51,0,23,,15671,0,50,0,20,,15650,0,51,0,60,,15672,0,50,0,21,,15651,0,51,0,20,,15673,0,50,0,60,,15652,0,51,0,21,,15674,0,50,0,22,,15653,0,51,0,59,,15675,0,50,0,21,,15654,0,51,0,22,,15676,0,50,0,61,,15655,0,51,0,21,,15677,0,50,0,21,,15656,0,51,0,62,,15678,0,50,0,20,,15657,0,51,0,19,,15679,0,51,0,61,,15658,0,50,0,21,,15680,0,51,0,18,,15659,0,50,0,59,,15681,0,51,0,18,,15660,0,50,0,19,,15682,0,51,0,60,,15661,0,50,0,20,,15683,0,51,0,20,,15662,0,50,0,60,,15684,0,51,0,22,,15663,0,50,0,21,,15685,0,51,0,61,,15664,0,50,0,19,,15686,0,51,0,20,,15665,0,50,0,58,,15687,0,51,0,19,,15666,0,50,0,18,,15688,0,51,0,58,,15667,0,50,0,20,,15689,0,51,0,19,,15668,0,50,0,60,,15690,0,51,0,19,,15669,0,50,0
4000000,'2509-HIV-26c02Vlv-Semaine-00',648,,15738,0,50,0,58,,15694,0,51,0,23,,15716,0,50,0,20,,15695,0,51,0,60,,15717,0,50,0,21,,15696,0,51,0,20,,15718,0,50,0,60,,15697,0,51,0,21,,15719,0,50,0,22,,15698,0,51,0,59,,15720,0,50,0,21,,15699,0,51,0,22,,15721,0,50,0,61,,15700,0,51,0,21,,15722,0,50,0,21,,15701,0,51,0,62,,15723,0,50,0,20,,15702,0,51,0,19,,15724,0,51,0,61,,15703,0,50,0,21,,15725,0,51,0,18,,15704,0,50,0,59,,15726,0,51,0,18,,15705,0,50,0,19,,15727,0,51,0,60,,15706,0,50,0,20,,15728,0,51,0,20,,15707,0,50,0,60,,15729,0,51,0,22,,15708,0,50,0,21,,15730,0,51,0,61,,15709,0,50,0,19,,15731,0,51,0,20,,15710,0,50,0,58,,15732,0,51,0,19,,15711,0,50,0,18,,15733,0,51,0,58,,15712,0,50,0,20,,15734,0,51,0,19,,15713,0,50,0,60,,15735,0,51,0,19,,15714,0,50,0
