100,'0_6',801,,62791,4,0,61 8,0,124,,62792,4,0,61 8,0,102,,62793,4,0,61 8,0,98,,62794,4,0,61 8,0,101,,62795,4,0,61 8,0,100,,62796,4,0,61 8,0,100,,62797,4,0,61 8,0,100,,62798,4,0,61 8,0,101,,62799,4,0,61 8,0,102,,62800,4,0,61 8,0,102,,62801,4,0,61 8,0
100,'1_7',901,,62802,4,0,61 8,0,211,,62803,4,0,61 8,0,194,,62804,4,0,61 8,0,205,,62805,4,0,61 8,0,210,,62806,4,0,61 8,0
100,'2_1',653,,62812,4,0,61 8,0,103,,62815,4,0,61 8,0,94,,62814,4,0,61 8,0,103,,62818,4,0,61 8,0,101,,62819,4,0,61 8,0,104,,62823,4,,,0,142,,62824,4,,,0,59,,62827,4,0,61 8,0,100,,62831,4,0,61 8,0,100,,62832,4,,,0,144,,62833,4,,,0,101,,62834,4,,,0,101,,62836,4,,,0
100,'2_2',653,,62837,4,0,61 8,0,103,,62840,4,0,61 8,0,94,,62839,4,0,61 8,0,103,,62843,4,0,61 8,0,101,,62844,4,0,61 8,0,104,,62848,4,,,0,142,,62849,4,,,0,59,,62852,4,0,61 8,0,100,,62856,4,0,61 8,0,100,,62857,4,,,0,144,,62858,4,,,0,101,,62859,4,,,0,101,,62861,4,,,0
100,'2_3',653,,62862,4,0,61 8,0,103,,62865,4,0,61 8,0,94,,62864,4,0,61 8,0,103,,62868,4,0,61 8,0,101,,62869,4,0,61 8,0,104,,62873,4,,,0,142,,62874,4,,,0,59,,62877,4,0,61 8,0,100,,62881,4,0,61 8,0,100,,62882,4,,,0,144,,62883,4,,,0,101,,62884,4,,,0,101,,62886,4,,,0
100,'2_4',653,,62887,4,0,61 8,0,103,,62890,4,0,61 8,0,94,,62889,4,0,61 8,0,103,,62893,4,0,61 8,0,101,,62894,4,0,61 8,0,104,,62898,4,,,0,142,,62899,4,,,0,59,,62902,4,0,61 8,0,100,,62906,4,0,61 8,0,100,,62907,4,,,0,144,,62908,4,,,0,101,,62909,4,,,0,101,,62911,4,,,0
100,'2_5',653,,62912,4,0,61 8,0,103,,62915,4,0,61 8,0,94,,62914,4,0,61 8,0,103,,62918,4,0,61 8,0,101,,62919,4,0,61 8,0,104,,62923,4,,,0,142,,62924,4,,,0,59,,62927,4,0,61 8,0,100,,62931,4,0,61 8,0,100,,62932,4,,,0,144,,62933,4,,,0,101,,62934,4,,,0,101,,62936,4,,,0
100,'3_1',653,,62937,4,0,61 8,0,103,,62940,4,0,61 8,0,94,,62939,4,0,61 8,0,103,,62943,4,0,61 8,0,101,,62944,4,0,61 8,0,104,,62948,4,,,0,142,,62949,4,,,0,59,,62952,4,0,61 8,0,100,,62956,4,0,61 8,0,100,,62957,4,,,0,144,,62958,4,,,0,101,,62959,4,,,0,101,,62961,4,,,0
100,'3_3',653,,62962,4,0,61 8,0,103,,62965,4,0,61 8,0,94,,62964,4,0,61 8,0,103,,62968,4,0,61 8,0,101,,62969,4,0,61 8,0,104,,62973,4,,,0,142,,62974,4,,,0,59,,62977,4,0,61 8,0,100,,62981,4,0,61 8,0,100,,62982,4,,,0,144,,62983,4,,,0,101,,62984,4,,,0,101,,62986,4,,,0
100,'3_4',653,,62987,4,0,61 8,0,103,,62990,4,0,61 8,0,94,,62989,4,0,61 8,0,103,,62993,4,0,61 8,0,101,,62994,4,0,61 8,0,104,,62998,4,,,0,142,,62999,4,,,0,59,,63002,4,0,61 8,0,100,,63006,4,0,61 8,0,100,,63007,4,,,0,144,,63008,4,,,0,101,,63009,4,,,0,101,,63011,4,,,0
100,'3_5',653,,63012,4,0,61 8,0,103,,63015,4,0,61 8,0,94,,63014,4,0,61 8,0,103,,63018,4,0,61 8,0,101,,63019,4,0,61 8,0,104,,63023,4,,,0,142,,63024,4,,,0,59,,63027,4,0,61 8,0,100,,63031,4,0,61 8,0,100,,63032,4,,,0,144,,63033,4,,,0,101,,63034,4,,,0,101,,63036,4,,,0
100,'4_7',901,,63037,4,0,61 8,0,211,,63038,4,0,61 8,0,194,,63039,4,0,61 8,0,205,,63040,4,0,61 8,0,210,,63041,4,0,61 8,0
