'2409-HIV-24j06H-d-Dimanche-00',200,113700,4,'',0,27500,4,'',0,29000,4,'',0,25000,4,'',0
'2409-HIV-24j26H-d-Dimanche-00',200,113700,4,'',0,27500,4,'',0,29000,4,'',0,25000,4,'',0
'2409-HIV-25a06H-s-Samedi-00',200,81500,4,'',0,10600,4,'',0,10700,4,'',0,10500,4,'',0,10400,4,'',0,10500,4,'',0,10200,4,'',0,10500,4,'',0,10400,4,'',0,10100,4,'',0,10300,4,'',0,8800,4,'',0
'2409-HIV-25a06H-w-Mercredi-01',200,75700,4,'',0,10200,4,'',0,14800,4,'',0,11900,4,'',0,11400,4,'',0,8600,4,'',0,9200,4,'',0,9500,4,'',0,12900,4,'',0,11100,4,'',0,9300,4,'',0,10500,4,'',0
'2409-HIV-25a06Hlv-L-Ma-J-V-01',200,75700,4,'',0,10200,4,'',0,14800,4,'',0,11900,4,'',0,11400,4,'',0,8600,4,'',0,9200,4,'',0,9500,4,'',0,12900,4,'',0,11100,4,'',0,9300,4,'',0,10500,4,'',0
'2409-HIV-25b24Vlv-Semaine-00',200,74900,4,'',0,10100,4,'',0,15800,4,'',0,11900,4,'',0,11300,4,'',0,8700,4,'',0,9100,4,'',0,9600,4,'',0,12500,4,'',0,10500,4,'',0,9600,4,'',0,11000,4,'',0
'2409-HIV-25d14Vlv-Semaine-00',200,74900,4,'',0,10100,4,'',0,15800,4,'',0,11900,4,'',0,11300,4,'',0,8700,4,'',0,9100,4,'',0,9600,4,'',0,12500,4,'',0,10500,4,'',0,9600,4,'',0,11000,4,'',0
'2409-HIV-25d28Hlv-L-Ma-J-V-00',200,75700,4,'',0,10200,4,'',0,14800,4,'',0,11900,4,'',0,11400,4,'',0,8600,4,'',0,9200,4,'',0,9500,4,'',0,12900,4,'',0,11100,4,'',0,9300,4,'',0,10500,4,'',0
'2409-HIV-25e11H-d-Dimanche-00',200,113700,4,'',0,27500,4,'',0,29000,4,'',0,25000,4,'',0
'2409-HIV-25e29H-d-Dimanche-00',200,113700,4,'',0,27500,4,'',0,29000,4,'',0,25000,4,'',0
