2200,'S2-0_6',1006,,57883,6,,,0,120,,57884,6,,,0,132,,57885,6,,,0,256,,57886,6,,,0,143,,57887,6,,,0,167,,57888,6,,,0,125,,57889,6,,,0
2200,'S2-1_7',1337,,57890,6,,,0,120,,57891,6,,,0,160,,57892,6,,,0,120,,57893,6,,,0,120,,57894,6,,,0
2200,'S2-2_1',1006,,57895,6,,,0,120,,57896,6,,,0,132,,57897,6,,,0,256,,57898,6,,,0,143,,57899,6,,,0,167,,57900,6,,,0,125,,57901,6,,,0
2200,'S2-2_2',1006,,57902,6,,,0,120,,57903,6,,,0,132,,57904,6,,,0,256,,57905,6,,,0,143,,57906,6,,,0,167,,57907,6,,,0,125,,57908,6,,,0
2200,'S2-2_3',1006,,57909,6,,,0,120,,57910,6,,,0,132,,57911,6,,,0,256,,57912,6,,,0,143,,57913,6,,,0,167,,57914,6,,,0,125,,57915,6,,,0
2200,'S2-2_4',1006,,57916,6,,,0,120,,57917,6,,,0,132,,57918,6,,,0,256,,57919,6,,,0,143,,57920,6,,,0,167,,57921,6,,,0,125,,57922,6,,,0
2200,'S2-2_5',1006,,57923,6,,,0,120,,57924,6,,,0,132,,57925,6,,,0,256,,57926,6,,,0,143,,57927,6,,,0,167,,57928,6,,,0,125,,57929,6,,,0
2200,'S2-3_1',1006,,57930,6,,,0,120,,57931,6,,,0,132,,57932,6,,,0,256,,57933,6,,,0,143,,57934,6,,,0,167,,57935,6,,,0,125,,57936,6,,,0
2200,'S2-3_3',1006,,57937,6,,,0,120,,57938,6,,,0,132,,57939,6,,,0,256,,57940,6,,,0,143,,57941,6,,,0,167,,57942,6,,,0,125,,57943,6,,,0
2200,'S2-3_4',1006,,57944,6,,,0,120,,57945,6,,,0,132,,57946,6,,,0,256,,57947,6,,,0,143,,57948,6,,,0,167,,57949,6,,,0,125,,57950,6,,,0
2200,'S2-4_7',1337,,57951,6,,,0,120,,57952,6,,,0,160,,57953,6,,,0,120,,57954,6,,,0,120,,57955,6,,,0
