300,'0_6',656,,64083,13,,,0,69,,64084,13,,,0,28,,64085,13,,,0,70,,64086,13,,,0,35,,64087,13,,,0,72,,64088,13,,,0,75,,64089,13,,,0,34,,64090,13,,,0,72,,64091,13,,,0,33,,64082,13,,,0,73,,64081,13,,,0,33,,64080,13,,,0,72,,64079,13,,,0,32,,64057,13,,,0,68,,64058,13,,,0,29,,64059,13,,,0,68,,64060,13,,,0,28,,64061,13,,,0,67,,64062,13,,,0,31,,64063,13,,,0,68,,64064,13,,,0,27,,64065,13,,,0,68,,64066,13,,,0,29,,64067,13,,,0,67,,64068,13,,,0,26,,64069,13,,,0,26,,64070,13,,,0,64,,64071,13,,,0,24,,64093,13,,,0,67,,64092,13,,,0
300,'1_7',858,,64116,13,,,0,72,,64117,13,,,0,75,,64118,13,,,0,34,,64119,13,,,0,72,,64110,13,,,0,33,,64115,13,,,0,73,,64114,13,,,0,33,,64113,13,,,0,72,,64112,13,,,0,32,,64094,13,,,0,68,,64095,13,,,0,29,,64096,13,,,0,68,,64097,13,,,0,28,,64098,13,,,0,67,,64099,13,,,0,31,,64100,13,,,0,68,,64101,13,,,0,27,,64102,13,,,0,68,,64103,13,,,0,29,,64104,13,,,0,67,,64105,13,,,0,26,,64106,13,,,0,26,,64107,13,,,0,64,,64108,13,,,0,24,,64111,13,,,0,67,,64109,13,,,0
300,'2_1',656,,64139,13,,,0,69,,64140,13,,,0,28,,64141,13,,,0,70,,64142,13,,,0,35,,64143,13,,,0,72,,64144,13,,,0,75,,64145,13,,,0,34,,64146,13,,,0,72,,64147,13,,,0,33,,64138,13,,,0,73,,64137,13,,,0,33,,64136,13,,,0,72,,64135,13,,,0,32,,64120,13,,,0,68,,64121,13,,,0,29,,64122,13,,,0,68,,64123,13,,,0,28,,64124,13,,,0,67,,64125,13,,,0,31,,64126,13,,,0,68,,64127,13,,,0,27,,64128,13,,,0,68,,64129,13,,,0,29,,64130,13,,,0,67,,64131,13,,,0,26,,64132,13,,,0,26,,64133,13,,,0,64,,64134,13,,,0,24,,64149,13,,,0,67,,64148,13,,,0
300,'2_2',656,,64169,13,,,0,69,,64170,13,,,0,28,,64171,13,,,0,70,,64172,13,,,0,35,,64173,13,,,0,72,,64174,13,,,0,75,,64175,13,,,0,34,,64176,13,,,0,72,,64177,13,,,0,33,,64168,13,,,0,73,,64167,13,,,0,33,,64166,13,,,0,72,,64165,13,,,0,32,,64150,13,,,0,68,,64151,13,,,0,29,,64152,13,,,0,68,,64153,13,,,0,28,,64154,13,,,0,67,,64155,13,,,0,31,,64156,13,,,0,68,,64157,13,,,0,27,,64158,13,,,0,68,,64159,13,,,0,29,,64160,13,,,0,67,,64161,13,,,0,26,,64162,13,,,0,26,,64163,13,,,0,64,,64164,13,,,0,24,,64179,13,,,0,67,,64178,13,,,0
300,'2_3',656,,64199,13,,,0,69,,64200,13,,,0,28,,64201,13,,,0,70,,64202,13,,,0,35,,64203,13,,,0,72,,64204,13,,,0,75,,64205,13,,,0,34,,64206,13,,,0,72,,64207,13,,,0,33,,64198,13,,,0,73,,64197,13,,,0,33,,64196,13,,,0,72,,64195,13,,,0,32,,64180,13,,,0,68,,64181,13,,,0,29,,64182,13,,,0,68,,64183,13,,,0,28,,64184,13,,,0,67,,64185,13,,,0,31,,64186,13,,,0,68,,64187,13,,,0,27,,64188,13,,,0,68,,64189,13,,,0,29,,64190,13,,,0,67,,64191,13,,,0,26,,64192,13,,,0,26,,64193,13,,,0,64,,64194,13,,,0,24,,64209,13,,,0,67,,64208,13,,,0
300,'2_4',656,,64229,13,,,0,69,,64230,13,,,0,28,,64231,13,,,0,70,,64232,13,,,0,35,,64233,13,,,0,72,,64234,13,,,0,75,,64235,13,,,0,34,,64236,13,,,0,72,,64237,13,,,0,33,,64228,13,,,0,73,,64227,13,,,0,33,,64226,13,,,0,72,,64225,13,,,0,32,,64210,13,,,0,68,,64211,13,,,0,29,,64212,13,,,0,68,,64213,13,,,0,28,,64214,13,,,0,67,,64215,13,,,0,31,,64216,13,,,0,68,,64217,13,,,0,27,,64218,13,,,0,68,,64219,13,,,0,29,,64220,13,,,0,67,,64221,13,,,0,26,,64222,13,,,0,26,,64223,13,,,0,64,,64224,13,,,0,24,,64239,13,,,0,67,,64238,13,,,0
300,'2_5',656,,64266,13,,,0,69,,64267,13,,,0,28,,64268,13,,,0,70,,64269,13,,,0,35,,64270,13,,,0,72,,64271,13,,,0,75,,64272,13,,,0,34,,64273,13,,,0,72,,64274,13,,,0,33,,64265,13,,,0,73,,64264,13,,,0,33,,64263,13,,,0,72,,64262,13,,,0,32,,64240,13,,,0,68,,64241,13,,,0,29,,64242,13,,,0,68,,64243,13,,,0,28,,64244,13,,,0,67,,64245,13,,,0,31,,64246,13,,,0,68,,64247,13,,,0,27,,64248,13,,,0,68,,64249,13,,,0,29,,64250,13,,,0,67,,64251,13,,,0,26,,64252,13,,,0,26,,64253,13,,,0,64,,64254,13,,,0,24,,64276,13,,,0,67,,64275,13,,,0
300,'3_1',656,,64296,13,,,0,69,,64297,13,,,0,28,,64298,13,,,0,70,,64299,13,,,0,35,,64300,13,,,0,72,,64301,13,,,0,75,,64302,13,,,0,34,,64303,13,,,0,72,,64304,13,,,0,33,,64295,13,,,0,73,,64294,13,,,0,33,,64293,13,,,0,72,,64292,13,,,0,32,,64277,13,,,0,68,,64278,13,,,0,29,,64279,13,,,0,68,,64280,13,,,0,28,,64281,13,,,0,67,,64282,13,,,0,31,,64283,13,,,0,68,,64284,13,,,0,27,,64285,13,,,0,68,,64286,13,,,0,29,,64287,13,,,0,67,,64288,13,,,0,26,,64289,13,,,0,26,,64290,13,,,0,64,,64291,13,,,0,24,,64306,13,,,0,67,,64305,13,,,0
300,'3_3',656,,64326,13,,,0,69,,64327,13,,,0,28,,64328,13,,,0,70,,64329,13,,,0,35,,64330,13,,,0,72,,64331,13,,,0,75,,64332,13,,,0,34,,64333,13,,,0,72,,64334,13,,,0,33,,64325,13,,,0,73,,64324,13,,,0,33,,64323,13,,,0,72,,64322,13,,,0,32,,64307,13,,,0,68,,64308,13,,,0,29,,64309,13,,,0,68,,64310,13,,,0,28,,64311,13,,,0,67,,64312,13,,,0,31,,64313,13,,,0,68,,64314,13,,,0,27,,64315,13,,,0,68,,64316,13,,,0,29,,64317,13,,,0,67,,64318,13,,,0,26,,64319,13,,,0,26,,64320,13,,,0,64,,64321,13,,,0,24,,64336,13,,,0,67,,64335,13,,,0
300,'3_4',656,,64356,13,,,0,69,,64357,13,,,0,28,,64358,13,,,0,70,,64359,13,,,0,35,,64360,13,,,0,72,,64361,13,,,0,75,,64362,13,,,0,34,,64363,13,,,0,72,,64364,13,,,0,33,,64355,13,,,0,73,,64354,13,,,0,33,,64353,13,,,0,72,,64352,13,,,0,32,,64337,13,,,0,68,,64338,13,,,0,29,,64339,13,,,0,68,,64340,13,,,0,28,,64341,13,,,0,67,,64342,13,,,0,31,,64343,13,,,0,68,,64344,13,,,0,27,,64345,13,,,0,68,,64346,13,,,0,29,,64347,13,,,0,67,,64348,13,,,0,26,,64349,13,,,0,26,,64350,13,,,0,64,,64351,13,,,0,24,,64366,13,,,0,67,,64365,13,,,0
300,'3_5',656,,64393,13,,,0,69,,64394,13,,,0,28,,64395,13,,,0,70,,64396,13,,,0,35,,64397,13,,,0,72,,64398,13,,,0,75,,64399,13,,,0,34,,64400,13,,,0,72,,64401,13,,,0,33,,64392,13,,,0,73,,64391,13,,,0,33,,64390,13,,,0,72,,64389,13,,,0,32,,64367,13,,,0,68,,64368,13,,,0,29,,64369,13,,,0,68,,64370,13,,,0,28,,64371,13,,,0,67,,64372,13,,,0,31,,64373,13,,,0,68,,64374,13,,,0,27,,64375,13,,,0,68,,64376,13,,,0,29,,64377,13,,,0,67,,64378,13,,,0,26,,64379,13,,,0,26,,64380,13,,,0,64,,64381,13,,,0,24,,64403,13,,,0,67,,64402,13,,,0
300,'4_7',656,,64423,13,,,0,69,,64424,13,,,0,28,,64425,13,,,0,70,,64426,13,,,0,35,,64427,13,,,0,72,,64428,13,,,0,75,,64429,13,,,0,34,,64430,13,,,0,72,,64431,13,,,0,33,,64422,13,,,0,73,,64421,13,,,0,33,,64420,13,,,0,72,,64419,13,,,0,32,,64404,13,,,0,68,,64405,13,,,0,29,,64406,13,,,0,68,,64407,13,,,0,28,,64408,13,,,0,67,,64409,13,,,0,31,,64410,13,,,0,68,,64411,13,,,0,27,,64412,13,,,0,68,,64413,13,,,0,29,,64414,13,,,0,67,,64415,13,,,0,26,,64416,13,,,0,26,,64417,13,,,0,64,,64418,13,,,0,24,,64433,13,,,0,67,,64432,13,,,0
900600,'0_6',847,,68268,20,,,0,170,,68270,20,,,0,125,,68271,20,,,0,175,,68272,20,,,0,120,,68273,20,,,0,175,,68274,20,,,0,130,,68275,20,,,0,170,,68269,20,,,0
900600,'2_1',847,,68276,20,,,0,170,,68278,20,,,0,125,,68279,20,,,0,175,,68280,20,,,0,120,,68281,20,,,0,175,,68282,20,,,0,130,,68283,20,,,0,170,,68277,20,,,0
900600,'2_2',847,,68284,20,,,0,170,,68286,20,,,0,125,,68287,20,,,0,175,,68288,20,,,0,120,,68289,20,,,0,175,,68290,20,,,0,130,,68291,20,,,0,170,,68285,20,,,0
900600,'2_3',847,,68292,20,,,0,170,,68294,20,,,0,125,,68295,20,,,0,175,,68296,20,,,0,120,,68297,20,,,0,175,,68298,20,,,0,130,,68299,20,,,0,170,,68293,20,,,0
900600,'2_4',847,,68300,20,,,0,170,,68302,20,,,0,125,,68303,20,,,0,175,,68304,20,,,0,120,,68305,20,,,0,175,,68306,20,,,0,130,,68307,20,,,0,170,,68301,20,,,0
900600,'2_5',847,,68308,20,,,0,170,,68310,20,,,0,125,,68311,20,,,0,175,,68312,20,,,0,120,,68313,20,,,0,175,,68314,20,,,0,130,,68315,20,,,0,170,,68309,20,,,0
900600,'3_1',847,,68316,20,,,0,170,,68318,20,,,0,125,,68319,20,,,0,175,,68320,20,,,0,120,,68321,20,,,0,175,,68322,20,,,0,130,,68323,20,,,0,170,,68317,20,,,0
900600,'3_3',847,,68324,20,,,0,170,,68326,20,,,0,125,,68327,20,,,0,175,,68328,20,,,0,120,,68329,20,,,0,175,,68330,20,,,0,130,,68331,20,,,0,170,,68325,20,,,0
900600,'3_4',847,,68332,20,,,0,170,,68334,20,,,0,125,,68335,20,,,0,175,,68336,20,,,0,120,,68337,20,,,0,175,,68338,20,,,0,130,,68339,20,,,0,170,,68333,20,,,0
900600,'3_5',847,,68340,20,,,0,170,,68342,20,,,0,125,,68343,20,,,0,175,,68344,20,,,0,120,,68345,20,,,0,175,,68346,20,,,0,130,,68347,20,,,0,170,,68341,20,,,0
