401,'0_6',752,,65084,57,,,0,195,,65081,57,,,0,201,,65077,57,,,0,203,,65091,57,,,0,196,,65079,57,,,0,195,,65085,57,,,0,90,,65090,57,,,0,184,,65080,57,,,0
401,'1_7',1023,,65093,57,,,0,125,,65094,57,,,0,166,,65095,57,,,0,200,,65096,57,,,0,125,,65097,57,,,0,165,,65098,57,,,0,125,,65099,57,,,0
401,'2_1',752,,65110,65,,,0,195,,65123,57,,,0,201,,65118,57,,,0,207,,65115,60,,,0,192,,65120,57,,,0,98,,65108,57,,,0,93,,65112,59,,,0,106,,65125,60,,,0,170,,65121,57,,,0
401,'2_2',752,,65136,65,,,0,195,,65149,57,,,0,201,,65144,57,,,0,207,,65141,60,,,0,192,,65146,57,,,0,98,,65134,57,,,0,93,,65138,59,,,0,106,,65151,60,,,0,170,,65147,57,,,0
401,'2_3',752,,65162,65,,,0,195,,65175,57,,,0,201,,65170,57,,,0,207,,65167,60,,,0,192,,65172,57,,,0,98,,65160,57,,,0,93,,65164,59,,,0,106,,65177,60,,,0,170,,65173,57,,,0
401,'2_4',752,,65188,65,,,0,195,,65201,57,,,0,201,,65196,57,,,0,207,,65193,60,,,0,192,,65198,57,,,0,98,,65186,57,,,0,93,,65190,59,,,0,106,,65203,60,,,0,170,,65199,57,,,0
401,'2_5',752,,65214,65,,,0,195,,65227,57,,,0,201,,65222,57,,,0,207,,65219,60,,,0,192,,65224,57,,,0,98,,65212,57,,,0,93,,65216,59,,,0,106,,65229,60,,,0,170,,65225,57,,,0
401,'3_1',752,,65240,65,,,0,195,,65253,57,,,0,201,,65248,57,,,0,207,,65245,60,,,0,192,,65250,57,,,0,98,,65238,57,,,0,93,,65242,59,,,0,106,,65255,60,,,0,170,,65251,57,,,0
401,'3_3',752,,65266,65,,,0,195,,65279,57,,,0,201,,65274,57,,,0,207,,65271,60,,,0,192,,65276,57,,,0,98,,65264,57,,,0,93,,65268,59,,,0,106,,65281,60,,,0,170,,65277,57,,,0
401,'3_4',752,,65292,65,,,0,195,,65305,57,,,0,201,,65300,57,,,0,207,,65297,60,,,0,192,,65302,57,,,0,98,,65290,57,,,0,93,,65294,59,,,0,106,,65307,60,,,0,170,,65303,57,,,0
401,'3_5',752,,65318,65,,,0,195,,65331,57,,,0,201,,65326,57,,,0,207,,65323,60,,,0,192,,65328,57,,,0,98,,65316,57,,,0,93,,65320,59,,,0,106,,65333,60,,,0,170,,65329,57,,,0
401,'4_7',1023,,65334,57,,,0,125,,65335,57,,,0,166,,65336,57,,,0,200,,65337,57,,,0,125,,65338,57,,,0,165,,65339,57,,,0,125,,65340,57,,,0
2901201,'2_1',1659,,71194,12,,,0,144,,71195,12,,,0,100,,71196,12,,,0
2901201,'2_2',1659,,71197,12,,,0,144,,71198,12,,,0,100,,71199,12,,,0
2901201,'2_3',1659,,71200,12,,,0,144,,71201,12,,,0,100,,71202,12,,,0
2901201,'2_4',1659,,71203,12,,,0,144,,71204,12,,,0,100,,71205,12,,,0
2901201,'2_5',1659,,71206,12,,,0,144,,71207,12,,,0,100,,71208,12,,,0
2901201,'3_1',1659,,71209,12,,,0,144,,71210,12,,,0,100,,71211,12,,,0
2901201,'3_3',1659,,71212,12,,,0,144,,71213,12,,,0,100,,71214,12,,,0
2901201,'3_4',1659,,71215,12,,,0,144,,71216,12,,,0,100,,71217,12,,,0
2901201,'3_5',1659,,71218,12,,,0,144,,71219,12,,,0,100,,71220,12,,,0
