200,'S2-0_6',724,,54053,8,0,35 37,0,104,,54054,8,0,35 37,0,80,,54044,8,0,34,0,131,,54056,8,0,35 37,0,110,,54057,8,0,35 37,0,160,,54070,8,0,38,0,39,,54059,8,0,35 37,0,103,,54060,8,0,35 37,0,151,,54061,8,0,35 37,0,100,,54062,8,0,35 37,0,56,,54076,8,0,35 37,0,158,,54064,8,0,34,0
200,'S2-1_7',921,,54077,8,0,38,0,125,,54078,8,0,38,0,165,,54079,8,0,38,0,110,,54080,8,0,38,0,125,,54081,8,0,38,0,165,,54082,8,0,38,0,125,,54083,8,0,38,0,165,,54084,8,0,38,0
200,'S2-2_1',724,,54096,8,0,35 37,0,104,,54097,8,0,35 37,0,80,,54087,8,0,34,0,131,,54099,8,0,35 37,0,110,,54100,8,0,35 37,0,160,,54113,8,0,38,0,39,,54102,8,0,35 37,0,103,,54103,8,0,35 37,0,151,,54104,8,0,35 37,0,100,,54105,8,0,35 37,0,56,,54119,8,0,35 37,0,158,,54107,8,0,34,0
200,'S2-2_2',724,,54131,8,0,35 37,0,104,,54132,8,0,35 37,0,80,,54122,8,0,34,0,131,,54134,8,0,35 37,0,110,,54135,8,0,35 37,0,160,,54148,8,0,38,0,39,,54137,8,0,35 37,0,103,,54138,8,0,35 37,0,151,,54139,8,0,35 37,0,100,,54140,8,0,35 37,0,56,,54154,8,0,35 37,0,158,,54142,8,0,34,0
200,'S2-2_3',724,,54166,8,0,35 37,0,104,,54167,8,0,35 37,0,80,,54157,8,0,34,0,131,,54169,8,0,35 37,0,110,,54170,8,0,35 37,0,160,,54183,8,0,38,0,39,,54172,8,0,35 37,0,103,,54173,8,0,35 37,0,151,,54174,8,0,35 37,0,100,,54175,8,0,35 37,0,56,,54189,8,0,35 37,0,158,,54177,8,0,34,0
200,'S2-2_4',724,,54201,8,0,35 37,0,104,,54202,8,0,35 37,0,80,,54192,8,0,34,0,131,,54204,8,0,35 37,0,110,,54205,8,0,35 37,0,160,,54218,8,0,38,0,39,,54207,8,0,35 37,0,103,,54208,8,0,35 37,0,151,,54209,8,0,35 37,0,100,,54210,8,0,35 37,0,56,,54224,8,0,35 37,0,158,,54212,8,0,34,0
200,'S2-2_5',724,,54236,8,0,35 37,0,104,,54237,8,0,35 37,0,80,,54227,8,0,34,0,131,,54239,8,0,35 37,0,110,,54240,8,0,35 37,0,160,,54253,8,0,38,0,39,,54242,8,0,35 37,0,103,,54243,8,0,35 37,0,151,,54244,8,0,35 37,0,100,,54245,8,0,35 37,0,56,,54259,8,0,35 37,0,158,,54247,8,0,34,0
200,'S2-3_1',724,,54271,8,0,35 37,0,104,,54272,8,0,35 37,0,80,,54262,8,0,34,0,131,,54274,8,0,35 37,0,110,,54275,8,0,35 37,0,160,,54288,8,0,38,0,39,,54277,8,0,35 37,0,103,,54278,8,0,35 37,0,151,,54279,8,0,35 37,0,100,,54280,8,0,35 37,0,56,,54294,8,0,35 37,0,158,,54282,8,0,34,0
200,'S2-3_3',724,,54306,8,0,35 37,0,104,,54307,8,0,35 37,0,80,,54297,8,0,34,0,131,,54309,8,0,35 37,0,110,,54310,8,0,35 37,0,160,,54323,8,0,38,0,39,,54312,8,0,35 37,0,103,,54313,8,0,35 37,0,151,,54314,8,0,35 37,0,100,,54315,8,0,35 37,0,56,,54329,8,0,35 37,0,158,,54317,8,0,34,0
200,'S2-3_4',724,,54341,8,0,35 37,0,104,,54342,8,0,35 37,0,80,,54332,8,0,34,0,131,,54344,8,0,35 37,0,110,,54345,8,0,35 37,0,160,,54358,8,0,38,0,39,,54347,8,0,35 37,0,103,,54348,8,0,35 37,0,151,,54349,8,0,35 37,0,100,,54350,8,0,35 37,0,56,,54364,8,0,35 37,0,158,,54352,8,0,34,0
200,'S2-4_7',921,,54365,8,0,38,0,125,,54366,8,0,38,0,165,,54367,8,0,38,0,110,,54368,8,0,38,0,125,,54369,8,0,38,0,165,,54370,8,0,38,0,125,,54371,8,0,38,0,165,,54372,8,0,38,0
