200,'0_4',723,,719,0,36 27 37 38,0,5,,721,0,39 40,0,21,,720,0,39 40,0,60,,715,0,41,0,15,,712,0,36 27 37 38,0,15,,716,0,39 40,0,85,,714,0,41,0,15,,713,0,36 27 37 38,0,91,,711,0,41,0,29,,705,0,36 27 37 38,0,79,,703,0,41,0,75,,706,0,36 27 37 38,0,26,,704,0,41,0,20,,707,0,36 27 37 38,0,65,,698,0,41,0,25,,696,0,36 27 37 38,0,70,,700,0,41,0,30,,697,0,36 27 37 38,0,70,,699,0,41,0,25,,702,0,39 40,0,68,,701,0,36 27 37 38,0,18,,692,0,41,0,15,,695,0,39 40,0,71,,693,0,36 27 37 38,0,9,,694,0,39 40,0,10,,691,0,41,0,15,,689,0,39 40,0,61,,686,0,36 27 37 38,0,14,,687,0,39 40,0,15,,688,0,41,0,14,,690,0,39 40,0,60,,683,0,39 40,0,15,,684,0,36 27 37 38,0,10,,685,0,41,0
200,'0_5',723,,758,0,36 27 37 38,0,5,,760,0,39 40,0,21,,759,0,39 40,0,60,,754,0,41,0,15,,751,0,36 27 37 38,0,15,,755,0,39 40,0,85,,753,0,41,0,15,,752,0,36 27 37 38,0,91,,750,0,41,0,29,,744,0,36 27 37 38,0,79,,742,0,41,0,75,,745,0,36 27 37 38,0,26,,743,0,41,0,20,,746,0,36 27 37 38,0,65,,737,0,41,0,25,,735,0,36 27 37 38,0,70,,739,0,41,0,30,,736,0,36 27 37 38,0,70,,738,0,41,0,25,,741,0,39 40,0,68,,740,0,36 27 37 38,0,18,,731,0,41,0,15,,734,0,39 40,0,71,,732,0,36 27 37 38,0,9,,733,0,39 40,0,10,,730,0,41,0,15,,728,0,39 40,0,61,,725,0,36 27 37 38,0,14,,726,0,39 40,0,15,,727,0,41,0,14,,729,0,39 40,0,60,,722,0,39 40,0,15,,723,0,36 27 37 38,0,10,,724,0,41,0
200,'1_6',718,,761,0,41,0,31,,772,0,36 27 37 38,0,60,,784,0,39 40,0,20,,762,0,41,0,25,,773,0,36 27 37 38,0,60,,785,0,39 40,0,21,,763,0,41,0,24,,774,0,36 27 37 38,0,60,,786,0,39 40,0,21,,764,0,41,0,65,,775,0,36 27 37 38,0,22,,787,0,39 40,0,23,,765,0,41,0,64,,776,0,36 27 37 38,0,20,,788,0,39 40,0,20,,766,0,41,0,60,,777,0,36 27 37 38,0,20,,789,0,39 40,0,20,,767,0,41,0,60,,778,0,36 27 37 38,0,21,,790,0,39 40,0,21,,768,0,41,0,61,,779,0,36 27 37 38,0,21,,791,0,39 40,0,64,,769,0,41,0,27,,780,0,36 27 37 38,0,18,,792,0,39 40,0,59,,770,0,41,0,24,,781,0,36 27 37 38,0,18,,793,0,39 40,0,57,,771,0,41,0,20,,795,0,36 27 37 38,0,25,,794,0,39 40,0,66,,782,0,36 27 37 38,0,23,,783,0,41,0
200,'2_7',943,,796,0,39 40,0,165,,797,0,39 40,0,125,,798,0,39 40,0,110,,799,0,39 40,0,165,,800,0,39 40,0,125,,801,0,39 40,0,125,,802,0,39 40,0,165,,803,0,39 40,0
200,'3_1',723,,840,0,36 27 37 38,0,5,,842,0,39 40,0,21,,841,0,39 40,0,60,,836,0,41,0,15,,833,0,36 27 37 38,0,15,,837,0,39 40,0,85,,835,0,41,0,15,,834,0,36 27 37 38,0,91,,832,0,41,0,29,,826,0,36 27 37 38,0,79,,824,0,41,0,75,,827,0,36 27 37 38,0,26,,825,0,41,0,20,,828,0,36 27 37 38,0,65,,819,0,41,0,25,,817,0,36 27 37 38,0,70,,821,0,41,0,30,,818,0,36 27 37 38,0,70,,820,0,41,0,25,,823,0,39 40,0,68,,822,0,36 27 37 38,0,18,,813,0,41,0,15,,816,0,39 40,0,71,,814,0,36 27 37 38,0,9,,815,0,39 40,0,10,,812,0,41,0,15,,810,0,39 40,0,61,,807,0,36 27 37 38,0,14,,808,0,39 40,0,15,,809,0,41,0,14,,811,0,39 40,0,60,,804,0,39 40,0,15,,805,0,36 27 37 38,0,10,,806,0,41,0
200,'3_2',723,,879,0,36 27 37 38,0,5,,881,0,39 40,0,21,,880,0,39 40,0,60,,875,0,41,0,15,,872,0,36 27 37 38,0,15,,876,0,39 40,0,85,,874,0,41,0,15,,873,0,36 27 37 38,0,91,,871,0,41,0,29,,865,0,36 27 37 38,0,79,,863,0,41,0,75,,866,0,36 27 37 38,0,26,,864,0,41,0,20,,867,0,36 27 37 38,0,65,,858,0,41,0,25,,856,0,36 27 37 38,0,70,,860,0,41,0,30,,857,0,36 27 37 38,0,70,,859,0,41,0,25,,862,0,39 40,0,68,,861,0,36 27 37 38,0,18,,852,0,41,0,15,,855,0,39 40,0,71,,853,0,36 27 37 38,0,9,,854,0,39 40,0,10,,851,0,41,0,15,,849,0,39 40,0,61,,846,0,36 27 37 38,0,14,,847,0,39 40,0,15,,848,0,41,0,14,,850,0,39 40,0,60,,843,0,39 40,0,15,,844,0,36 27 37 38,0,10,,845,0,41,0
200,'3_3',723,,918,0,36 27 37 38,0,5,,920,0,39 40,0,21,,919,0,39 40,0,60,,914,0,41,0,15,,911,0,36 27 37 38,0,15,,915,0,39 40,0,85,,913,0,41,0,15,,912,0,36 27 37 38,0,91,,910,0,41,0,29,,904,0,36 27 37 38,0,79,,902,0,41,0,75,,905,0,36 27 37 38,0,26,,903,0,41,0,20,,906,0,36 27 37 38,0,65,,897,0,41,0,25,,895,0,36 27 37 38,0,70,,899,0,41,0,30,,896,0,36 27 37 38,0,70,,898,0,41,0,25,,901,0,39 40,0,68,,900,0,36 27 37 38,0,18,,891,0,41,0,15,,894,0,39 40,0,71,,892,0,36 27 37 38,0,9,,893,0,39 40,0,10,,890,0,41,0,15,,888,0,39 40,0,61,,885,0,36 27 37 38,0,14,,886,0,39 40,0,15,,887,0,41,0,14,,889,0,39 40,0,60,,882,0,39 40,0,15,,883,0,36 27 37 38,0,10,,884,0,41,0
200,'3_4',723,,957,0,36 27 37 38,0,5,,959,0,39 40,0,21,,958,0,39 40,0,60,,953,0,41,0,15,,950,0,36 27 37 38,0,15,,954,0,39 40,0,85,,952,0,41,0,15,,951,0,36 27 37 38,0,91,,949,0,41,0,29,,943,0,36 27 37 38,0,79,,941,0,41,0,75,,944,0,36 27 37 38,0,26,,942,0,41,0,20,,945,0,36 27 37 38,0,65,,936,0,41,0,25,,934,0,36 27 37 38,0,70,,938,0,41,0,30,,935,0,36 27 37 38,0,70,,937,0,41,0,25,,940,0,39 40,0,68,,939,0,36 27 37 38,0,18,,930,0,41,0,15,,933,0,39 40,0,71,,931,0,36 27 37 38,0,9,,932,0,39 40,0,10,,929,0,41,0,15,,927,0,39 40,0,61,,924,0,36 27 37 38,0,14,,925,0,39 40,0,15,,926,0,41,0,14,,928,0,39 40,0,60,,921,0,39 40,0,15,,922,0,36 27 37 38,0,10,,923,0,41,0
200,'3_5',723,,996,0,36 27 37 38,0,5,,998,0,39 40,0,21,,997,0,39 40,0,60,,992,0,41,0,15,,989,0,36 27 37 38,0,15,,993,0,39 40,0,85,,991,0,41,0,15,,990,0,36 27 37 38,0,91,,988,0,41,0,29,,982,0,36 27 37 38,0,79,,980,0,41,0,75,,983,0,36 27 37 38,0,26,,981,0,41,0,20,,984,0,36 27 37 38,0,65,,975,0,41,0,25,,973,0,36 27 37 38,0,70,,977,0,41,0,30,,974,0,36 27 37 38,0,70,,976,0,41,0,25,,979,0,39 40,0,68,,978,0,36 27 37 38,0,18,,969,0,41,0,15,,972,0,39 40,0,71,,970,0,36 27 37 38,0,9,,971,0,39 40,0,10,,968,0,41,0,15,,966,0,39 40,0,61,,963,0,36 27 37 38,0,14,,964,0,39 40,0,15,,965,0,41,0,14,,967,0,39 40,0,60,,960,0,39 40,0,15,,961,0,36 27 37 38,0,10,,962,0,41,0
200,'4_7',943,,999,0,39 40,0,165,,1000,0,39 40,0,125,,1001,0,39 40,0,110,,1002,0,39 40,0,165,,1003,0,39 40,0,125,,1004,0,39 40,0,125,,1005,0,39 40,0,165,,1006,0,39 40,0
200,'5_1',725,,1007,0,36 27 37 38,0,5,,1039,0,39 40,0,21,,1040,0,39 40,0,60,,1034,0,41,0,15,,1014,0,36 27 37 38,0,15,,1041,0,39 40,0,83,,1035,0,41,0,16,,1018,0,36 27 37 38,0,90,,1021,0,41,0,29,,1009,0,36 27 37 38,0,80,,1022,0,41,0,74,,1029,0,36 27 37 38,0,26,,1019,0,41,0,20,,1030,0,36 27 37 38,0,66,,1024,0,41,0,25,,1010,0,36 27 37 38,0,70,,1023,0,41,0,30,,1031,0,36 27 37 38,0,70,,1020,0,41,0,25,,1037,0,39 40,0,67,,1032,0,36 27 37 38,0,18,,1038,0,41,0,15,,1042,0,39 40,0,72,,1011,0,36 27 37 38,0,9,,1043,0,39 40,0,10,,1025,0,41,0,14,,1015,0,39 40,0,61,,1033,0,36 27 37 38,0,14,,1016,0,39 40,0,15,,1026,0,41,0,14,,1044,0,39 40,0,60,,1017,0,39 40,0,15,,1012,0,36 27 37 38,0,10,,1027,0,41,0
200,'5_2',725,,1046,0,36 27 37 38,0,5,,1078,0,39 40,0,21,,1079,0,39 40,0,60,,1073,0,41,0,15,,1053,0,36 27 37 38,0,15,,1080,0,39 40,0,83,,1074,0,41,0,16,,1057,0,36 27 37 38,0,90,,1060,0,41,0,29,,1048,0,36 27 37 38,0,80,,1061,0,41,0,74,,1068,0,36 27 37 38,0,26,,1058,0,41,0,20,,1069,0,36 27 37 38,0,66,,1063,0,41,0,25,,1049,0,36 27 37 38,0,70,,1062,0,41,0,30,,1070,0,36 27 37 38,0,70,,1059,0,41,0,25,,1076,0,39 40,0,67,,1071,0,36 27 37 38,0,18,,1077,0,41,0,15,,1081,0,39 40,0,72,,1050,0,36 27 37 38,0,9,,1082,0,39 40,0,10,,1064,0,41,0,14,,1054,0,39 40,0,61,,1072,0,36 27 37 38,0,14,,1055,0,39 40,0,15,,1065,0,41,0,14,,1083,0,39 40,0,60,,1056,0,39 40,0,15,,1051,0,36 27 37 38,0,10,,1066,0,41,0
200,'6_3',725,,1085,0,36 27 37 38,0,5,,1117,0,39 40,0,21,,1118,0,39 40,0,60,,1112,0,41,0,15,,1092,0,36 27 37 38,0,15,,1119,0,39 40,0,83,,1113,0,41,0,16,,1096,0,36 27 37 38,0,90,,1099,0,41,0,29,,1087,0,36 27 37 38,0,80,,1100,0,41,0,74,,1107,0,36 27 37 38,0,26,,1097,0,41,0,20,,1108,0,36 27 37 38,0,66,,1102,0,41,0,25,,1088,0,36 27 37 38,0,70,,1101,0,41,0,30,,1109,0,36 27 37 38,0,70,,1098,0,41,0,25,,1115,0,39 40,0,67,,1110,0,36 27 37 38,0,18,,1116,0,41,0,15,,1120,0,39 40,0,72,,1089,0,36 27 37 38,0,9,,1121,0,39 40,0,10,,1103,0,41,0,14,,1093,0,39 40,0,61,,1111,0,36 27 37 38,0,14,,1094,0,39 40,0,15,,1104,0,41,0,14,,1122,0,39 40,0,60,,1095,0,39 40,0,15,,1090,0,36 27 37 38,0,10,,1105,0,41,0
