1500,'2_6',751,,32564,25,,,0,61,,32565,25,,,0,114,,32566,25,,,0,117,,32567,25,,,0,158,,32568,25,,,0,40,,32569,25,,,0,75,,32570,25,,,0,97,,32571,25,,,0,223,,32572,25,,,0,109,,32573,25,,,0,98,,32574,25,,,0,109,,32575,25,,,0
1500,'5_1',751,,37740,25,,,0,61,,37741,25,,,0,114,,37742,25,,,0,117,,37743,25,,,0,158,,37744,25,,,0,40,,37745,25,,,0,75,,37746,25,,,0,97,,37747,25,,,0,223,,37748,25,,,0,109,,37749,25,,,0,98,,37750,25,,,0,109,,37751,25,,,0
1500,'5_2',751,,40428,25,,,0,61,,40429,25,,,0,114,,40430,25,,,0,117,,40431,25,,,0,158,,40432,25,,,0,40,,40433,25,,,0,75,,40434,25,,,0,97,,40435,25,,,0,223,,40436,25,,,0,109,,40437,25,,,0,98,,40438,25,,,0,109,,40439,25,,,0
1500,'5_3',751,,40441,25,,,0,61,,40442,25,,,0,114,,40443,25,,,0,117,,40444,25,,,0,158,,40445,25,,,0,40,,40446,25,,,0,75,,40447,25,,,0,97,,40448,25,,,0,223,,40449,25,,,0,109,,40450,25,,,0,98,,40451,25,,,0,109,,40452,25,,,0
1500,'5_4',751,,40454,25,,,0,61,,40455,25,,,0,114,,40456,25,,,0,117,,40457,25,,,0,158,,40458,25,,,0,40,,40459,25,,,0,75,,40460,25,,,0,97,,40461,25,,,0,223,,40462,25,,,0,109,,40463,25,,,0,98,,40464,25,,,0,109,,40465,25,,,0
1500,'5_5',751,,40467,25,,,0,61,,40468,25,,,0,114,,40469,25,,,0,117,,40470,25,,,0,158,,40471,25,,,0,40,,40472,25,,,0,75,,40473,25,,,0,97,,40474,25,,,0,223,,40475,25,,,0,109,,40476,25,,,0,98,,40477,25,,,0,109,,40478,25,,,0
1500,'6_1',751,,40480,25,,,0,61,,40481,25,,,0,114,,40482,25,,,0,117,,40483,25,,,0,158,,40484,25,,,0,40,,40485,25,,,0,75,,40486,25,,,0,97,,40487,25,,,0,223,,40488,25,,,0,109,,40489,25,,,0,98,,40490,25,,,0,109,,40491,25,,,0
1500,'6_2',751,,44763,25,,,0,61,,44764,25,,,0,114,,44765,25,,,0,117,,44766,25,,,0,158,,44767,25,,,0,40,,44768,25,,,0,75,,44769,25,,,0,97,,44770,25,,,0,223,,44771,25,,,0,109,,44772,25,,,0,98,,44773,25,,,0,109,,44774,25,,,0
1500,'6_3',751,,44776,25,,,0,61,,44777,25,,,0,114,,44778,25,,,0,117,,44779,25,,,0,158,,44780,25,,,0,40,,44781,25,,,0,75,,44782,25,,,0,97,,44783,25,,,0,223,,44784,25,,,0,109,,44785,25,,,0,98,,44786,25,,,0,109,,44787,25,,,0
1500,'6_4',751,,44789,25,,,0,61,,44790,25,,,0,114,,44791,25,,,0,117,,44792,25,,,0,158,,44793,25,,,0,40,,44794,25,,,0,75,,44795,25,,,0,97,,44796,25,,,0,223,,44797,25,,,0,109,,44798,25,,,0,98,,44799,25,,,0,109,,44800,25,,,0
