401,'1_6',726,,16224,39,,,0,117,,16231,39,0,41,0,74,,16225,39,,,0,28,,16232,39,0,41,0,72,,16233,39,0,41,0,28,,16234,39,0,41,0,72,,16226,39,,,0,28,,16235,39,0,41,0,73,,16236,39,0,41,0,29,,16237,39,0,41,0,71,,16227,39,,,0,29,,16238,39,0,41,0,69,,16239,39,0,41,0,31,,16240,39,0,41,0,71,,16228,39,,,0,28,,16241,39,0,41,0,73,,16242,39,0,41,0,33,,16243,39,0,41,0,71,,16229,39,,,0,32,,16244,39,0,41,0,72,,16245,39,0,41,0,31,,16246,39,0,41,0,68,,16247,39,0,41,0,30,,16230,39,,,0
401,'4_7',937,,16248,39,0,41,0,100,,16249,39,0,41,0,100,,16250,39,0,41,0,100,,16251,39,0,41,0,100,,16252,39,0,41,0,100,,16253,39,0,41,0,100,,16254,39,0,41,0,100,,16255,39,0,41,0,100,,16256,39,0,41,0,100,,16257,39,0,41,0
401,'5_1',734,,16275,44,0,41,0,10,,16259,39,0,41,0,14,,16276,41,0,41,0,55,,16260,39,0,41,0,15,,16283,41,,,0,24,,16261,39,0,41,0,51,,16262,39,0,41,0,35,,16263,39,0,41,0,75,,16264,39,0,41,0,35,,16265,39,0,41,0,75,,16285,39,,,0,30,,16266,39,0,41,0,71,,16267,39,0,41,0,19,,16284,41,,,0,70,,16280,42,0,41,0,30,,16286,39,,,0,73,,16258,42,0,41,0,37,,16268,39,0,41,0,70,,16287,39,,,0,27,,16269,39,0,41,0,69,,16270,39,0,41,0,16,,16271,39,0,41,0,16,,16281,42,0,41,0,64,,16277,41,0,41,0,15,,16272,39,0,41,0,15,,16278,41,0,41,0,12,,16282,42,,,0,67,,16273,39,0,41,0,19,,16279,41,0,41,0,75,,16274,39,0,41,0,24,,16288,39,,,0
401,'5_2',734,,16307,44,0,41,0,10,,16291,39,0,41,0,14,,16308,41,0,41,0,55,,16292,39,0,41,0,15,,16315,41,,,0,24,,16293,39,0,41,0,51,,16294,39,0,41,0,35,,16295,39,0,41,0,75,,16296,39,0,41,0,35,,16297,39,0,41,0,75,,16317,39,,,0,30,,16298,39,0,41,0,71,,16299,39,0,41,0,19,,16316,41,,,0,70,,16312,42,0,41,0,30,,16318,39,,,0,73,,16290,42,0,41,0,37,,16300,39,0,41,0,70,,16319,39,,,0,27,,16301,39,0,41,0,69,,16302,39,0,41,0,16,,16303,39,0,41,0,16,,16313,42,0,41,0,64,,16309,41,0,41,0,15,,16304,39,0,41,0,15,,16310,41,0,41,0,12,,16314,42,,,0,67,,16305,39,0,41,0,19,,16311,41,0,41,0,75,,16306,39,0,41,0,24,,16320,39,,,0
401,'5_4',734,,16339,44,0,41,0,10,,16323,39,0,41,0,14,,16340,41,0,41,0,55,,16324,39,0,41,0,15,,16347,41,,,0,24,,16325,39,0,41,0,51,,16326,39,0,41,0,35,,16327,39,0,41,0,75,,16328,39,0,41,0,35,,16329,39,0,41,0,75,,16349,39,,,0,30,,16330,39,0,41,0,71,,16331,39,0,41,0,19,,16348,41,,,0,70,,16344,42,0,41,0,30,,16350,39,,,0,73,,16322,42,0,41,0,37,,16332,39,0,41,0,70,,16351,39,,,0,27,,16333,39,0,41,0,69,,16334,39,0,41,0,16,,16335,39,0,41,0,16,,16345,42,0,41,0,64,,16341,41,0,41,0,15,,16336,39,0,41,0,15,,16342,41,0,41,0,12,,16346,42,,,0,67,,16337,39,0,41,0,19,,16343,41,0,41,0,75,,16338,39,0,41,0,24,,16352,39,,,0
401,'5_5',734,,16371,44,0,41,0,10,,16355,39,0,41,0,14,,16372,41,0,41,0,55,,16356,39,0,41,0,15,,16379,41,,,0,24,,16357,39,0,41,0,51,,16358,39,0,41,0,35,,16359,39,0,41,0,75,,16360,39,0,41,0,35,,16361,39,0,41,0,75,,16381,39,,,0,30,,16362,39,0,41,0,71,,16363,39,0,41,0,19,,16380,41,,,0,70,,16376,42,0,41,0,30,,16382,39,,,0,73,,16354,42,0,41,0,37,,16364,39,0,41,0,70,,16383,39,,,0,27,,16365,39,0,41,0,69,,16366,39,0,41,0,16,,16367,39,0,41,0,16,,16377,42,0,41,0,64,,16373,41,0,41,0,15,,16368,39,0,41,0,15,,16374,41,0,41,0,12,,16378,42,,,0,67,,16369,39,0,41,0,19,,16375,41,0,41,0,75,,16370,39,0,41,0,24,,16384,39,,,0
401,'6_3',734,,16403,44,0,41,0,10,,16387,39,0,41,0,14,,16404,41,0,41,0,55,,16388,39,0,41,0,15,,16411,41,,,0,24,,16389,39,0,41,0,51,,16390,39,0,41,0,35,,16391,39,0,41,0,75,,16392,39,0,41,0,35,,16393,39,0,41,0,75,,16413,39,,,0,30,,16394,39,0,41,0,71,,16395,39,0,41,0,19,,16412,41,,,0,70,,16408,42,0,41,0,30,,16414,39,,,0,73,,16386,42,0,41,0,37,,16396,39,0,41,0,70,,16415,39,,,0,27,,16397,39,0,41,0,69,,16398,39,0,41,0,16,,16399,39,0,41,0,16,,16409,42,0,41,0,64,,16405,41,0,41,0,15,,16400,39,0,41,0,15,,16406,41,0,41,0,12,,16410,42,,,0,67,,16401,39,0,41,0,19,,16407,41,0,41,0,75,,16402,39,0,41,0,24,,16416,39,,,0
701,'1_6',729,,16853,22,,,0,110,,16854,22,,,0,110,,16855,22,,,0,110,,16856,22,,,0,150,,16857,22,,,0,110,,16858,22,,,0,110,,16859,22,,,0,110,,16860,22,,,0,110,,16861,22,,,0,110,,16851,22,,,0,150,,16852,22,,,0
701,'5_1',731,,16862,22,,,0,111,,16863,22,,,0,108,,16864,22,,,0,150,,16865,22,,,0,111,,16866,22,,,0,110,,16867,22,,,0,110,,16868,22,,,0,110,,16869,22,,,0,110,,16870,22,,,0,151,,16871,22,,,0,108,,16872,22,,,0
701,'5_2',731,,16873,22,,,0,111,,16874,22,,,0,108,,16875,22,,,0,150,,16876,22,,,0,111,,16877,22,,,0,110,,16878,22,,,0,110,,16879,22,,,0,110,,16880,22,,,0,110,,16881,22,,,0,151,,16882,22,,,0,108,,16883,22,,,0
701,'5_4',731,,16884,22,,,0,111,,16885,22,,,0,108,,16886,22,,,0,150,,16887,22,,,0,111,,16888,22,,,0,110,,16889,22,,,0,110,,16890,22,,,0,110,,16891,22,,,0,110,,16892,22,,,0,151,,16893,22,,,0,108,,16894,22,,,0
701,'5_5',731,,16895,22,,,0,111,,16896,22,,,0,108,,16897,22,,,0,150,,16898,22,,,0,111,,16899,22,,,0,110,,16900,22,,,0,110,,16901,22,,,0,110,,16902,22,,,0,110,,16903,22,,,0,151,,16904,22,,,0,108,,16905,22,,,0
701,'6_3',731,,16906,22,,,0,111,,16907,22,,,0,108,,16908,22,,,0,150,,16909,22,,,0,111,,16910,22,,,0,110,,16911,22,,,0,110,,16912,22,,,0,110,,16913,22,,,0,110,,16914,22,,,0,151,,16915,22,,,0,108,,16916,22,,,0
