201,'0_6',811,,63693,29,0,21,0,30,,63682,41,0,21,0,175,,63695,29,0,21,0,106,,63696,29,0,21,0,194,,63686,41,0,21,0,102,,63687,41,0,21,0,128,,63700,29,0,21,0,100,,63701,29,0,21,0,90,,63690,41,0,21,0,103,,63691,41,0,21,0,98,,63692,41,0,21,0,68,,63716,41,0,21,0
201,'1_7',904,,63717,29,0,21,0,125,,63718,29,0,21,0,125,,63719,29,0,21,0,165,,63720,29,0,21,0,110,,63721,29,0,21,0,125,,63722,29,0,21,0,165,,63723,29,0,21,0,125,,63724,29,0,21,0
201,'2_1',811,,63737,29,0,21,0,30,,63726,41,0,21,0,175,,63739,29,0,21,0,106,,63740,29,0,21,0,194,,63730,41,0,21,0,102,,63731,41,0,21,0,128,,63744,29,0,21,0,100,,63745,29,0,21,0,90,,63734,41,0,21,0,103,,63735,41,0,21,0,98,,63736,41,0,21,0,68,,63760,41,0,21,0
201,'2_2',811,,63773,29,0,21,0,30,,63762,41,0,21,0,175,,63775,29,0,21,0,106,,63776,29,0,21,0,194,,63766,41,0,21,0,102,,63767,41,0,21,0,128,,63780,29,0,21,0,100,,63781,29,0,21,0,90,,63770,41,0,21,0,103,,63771,41,0,21,0,98,,63772,41,0,21,0,68,,63796,41,0,21,0
201,'2_3',811,,63809,29,0,21,0,30,,63798,41,0,21,0,175,,63811,29,0,21,0,106,,63812,29,0,21,0,194,,63802,41,0,21,0,102,,63803,41,0,21,0,128,,63816,29,0,21,0,100,,63817,29,0,21,0,90,,63806,41,0,21,0,103,,63807,41,0,21,0,98,,63808,41,0,21,0,68,,63832,41,0,21,0
201,'2_4',811,,63845,29,0,21,0,30,,63834,41,0,21,0,175,,63847,29,0,21,0,106,,63848,29,0,21,0,194,,63838,41,0,21,0,102,,63839,41,0,21,0,128,,63852,29,0,21,0,100,,63853,29,0,21,0,90,,63842,41,0,21,0,103,,63843,41,0,21,0,98,,63844,41,0,21,0,68,,63868,41,0,21,0
201,'2_5',811,,63881,29,0,21,0,30,,63870,41,0,21,0,175,,63883,29,0,21,0,106,,63884,29,0,21,0,194,,63874,41,0,21,0,102,,63875,41,0,21,0,128,,63888,29,0,21,0,100,,63889,29,0,21,0,90,,63878,41,0,21,0,103,,63879,41,0,21,0,98,,63880,41,0,21,0,68,,63904,41,0,21,0
201,'3_1',811,,63917,29,0,21,0,30,,63906,41,0,21,0,175,,63919,29,0,21,0,106,,63920,29,0,21,0,194,,63910,41,0,21,0,102,,63911,41,0,21,0,128,,63924,29,0,21,0,100,,63925,29,0,21,0,90,,63914,41,0,21,0,103,,63915,41,0,21,0,98,,63916,41,0,21,0,68,,63940,41,0,21,0
201,'3_3',811,,63953,29,0,21,0,30,,63942,41,0,21,0,175,,63955,29,0,21,0,106,,63956,29,0,21,0,194,,63946,41,0,21,0,102,,63947,41,0,21,0,128,,63960,29,0,21,0,100,,63961,29,0,21,0,90,,63950,41,0,21,0,103,,63951,41,0,21,0,98,,63952,41,0,21,0,68,,63976,41,0,21,0
201,'3_4',811,,63989,29,0,21,0,30,,63978,41,0,21,0,175,,63991,29,0,21,0,106,,63992,29,0,21,0,194,,63982,41,0,21,0,102,,63983,41,0,21,0,128,,63996,29,0,21,0,100,,63997,29,0,21,0,90,,63986,41,0,21,0,103,,63987,41,0,21,0,98,,63988,41,0,21,0,68,,64012,41,0,21,0
201,'3_5',811,,64025,29,0,21,0,30,,64014,41,0,21,0,175,,64027,29,0,21,0,106,,64028,29,0,21,0,194,,64018,41,0,21,0,102,,64019,41,0,21,0,128,,64032,29,0,21,0,100,,64033,29,0,21,0,90,,64022,41,0,21,0,103,,64023,41,0,21,0,98,,64024,41,0,21,0,68,,64048,41,0,21,0
201,'4_7',904,,64049,29,0,21,0,125,,64050,29,0,21,0,125,,64051,29,0,21,0,165,,64052,29,0,21,0,110,,64053,29,0,21,0,125,,64054,29,0,21,0,165,,64055,29,0,21,0,125,,64056,29,0,21,0
