1000001,'0_6',732,,69466,3,,,0,83,,69474,3,,,0,86,,69477,3,,,0,44,,69480,3,,,0,88,,69483,3,,,0,71,,69485,3,,,0,48,,69488,3,,,0,86,,69491,3,,,0,84,,69494,3,,,0,31,,69496,3,,,0,88,,69499,3,,,0,88,,69502,3,,,0,88,,69505,3,,,0,31,,69507,3,,,0,88,,69510,3,,,0,89,,69513,3,,,0,31,,69471,3,,,0
1000001,'2_1',716,,69534,3,,,0,14,,69537,3,,,0,15,,69538,3,,,0,14,,69539,3,,,0,55,,69540,3,,,0,16,,69541,3,,,0,14,,69542,3,,,0,15,,69543,3,,,0,70,,69568,3,,,0,71,,69569,3,,,0,31,,69570,3,,,0,72,,69571,3,,,0,32,,69572,3,,,0,71,,69573,3,,,0,32,,69574,3,,,0,70,,69575,3,,,0,31,,69576,3,,,0,72,,69577,3,,,0,31,,69578,3,,,0,68,,69579,3,,,0,28,,69580,3,,,0,69,,69581,3,,,0,14,,69563,3,,,0,14,,69582,3,,,0,14,,69564,3,,,0,55,,69583,3,,,0,15,,69565,3,,,0,15,,69584,3,,,0,15,,69566,3,,,0,55,,69585,3,,,0,16,,69567,3,,,0,14,,69535,3,,,0,18,,69586,3,,,0,79,,69587,3,,,0
1000001,'2_2',716,,69596,3,,,0,14,,69599,3,,,0,15,,69600,3,,,0,14,,69601,3,,,0,55,,69602,3,,,0,16,,69603,3,,,0,14,,69604,3,,,0,15,,69605,3,,,0,70,,69630,3,,,0,71,,69631,3,,,0,31,,69632,3,,,0,72,,69633,3,,,0,32,,69634,3,,,0,71,,69635,3,,,0,32,,69636,3,,,0,70,,69637,3,,,0,31,,69638,3,,,0,72,,69639,3,,,0,31,,69640,3,,,0,68,,69641,3,,,0,28,,69642,3,,,0,69,,69643,3,,,0,14,,69625,3,,,0,14,,69644,3,,,0,14,,69626,3,,,0,55,,69645,3,,,0,15,,69627,3,,,0,15,,69646,3,,,0,15,,69628,3,,,0,55,,69647,3,,,0,16,,69629,3,,,0,14,,69597,3,,,0,18,,69648,3,,,0,79,,69649,3,,,0
1000001,'2_3',716,,69658,3,,,0,14,,69661,3,,,0,15,,69662,3,,,0,14,,69663,3,,,0,55,,69664,3,,,0,16,,69665,3,,,0,14,,69666,3,,,0,15,,69667,3,,,0,70,,69692,3,,,0,71,,69693,3,,,0,31,,69694,3,,,0,72,,69695,3,,,0,32,,69696,3,,,0,71,,69697,3,,,0,32,,69698,3,,,0,70,,69699,3,,,0,31,,69700,3,,,0,72,,69701,3,,,0,31,,69702,3,,,0,68,,69703,3,,,0,28,,69704,3,,,0,69,,69705,3,,,0,14,,69687,3,,,0,14,,69706,3,,,0,14,,69688,3,,,0,55,,69707,3,,,0,15,,69689,3,,,0,15,,69708,3,,,0,15,,69690,3,,,0,55,,69709,3,,,0,16,,69691,3,,,0,14,,69659,3,,,0,18,,69710,3,,,0,79,,69711,3,,,0
1000001,'2_4',716,,69720,3,,,0,14,,69723,3,,,0,15,,69724,3,,,0,14,,69725,3,,,0,55,,69726,3,,,0,16,,69727,3,,,0,14,,69728,3,,,0,15,,69729,3,,,0,70,,69754,3,,,0,71,,69755,3,,,0,31,,69756,3,,,0,72,,69757,3,,,0,32,,69758,3,,,0,71,,69759,3,,,0,32,,69760,3,,,0,70,,69761,3,,,0,31,,69762,3,,,0,72,,69763,3,,,0,31,,69764,3,,,0,68,,69765,3,,,0,28,,69766,3,,,0,69,,69767,3,,,0,14,,69749,3,,,0,14,,69768,3,,,0,14,,69750,3,,,0,55,,69769,3,,,0,15,,69751,3,,,0,15,,69770,3,,,0,15,,69752,3,,,0,55,,69771,3,,,0,16,,69753,3,,,0,14,,69721,3,,,0,18,,69772,3,,,0,79,,69773,3,,,0
1000001,'2_5',716,,69782,3,,,0,14,,69785,3,,,0,15,,69786,3,,,0,14,,69787,3,,,0,55,,69788,3,,,0,16,,69789,3,,,0,14,,69790,3,,,0,15,,69791,3,,,0,70,,69816,3,,,0,71,,69817,3,,,0,31,,69818,3,,,0,72,,69819,3,,,0,32,,69820,3,,,0,71,,69821,3,,,0,32,,69822,3,,,0,70,,69823,3,,,0,31,,69824,3,,,0,72,,69825,3,,,0,31,,69826,3,,,0,68,,69827,3,,,0,28,,69828,3,,,0,69,,69829,3,,,0,14,,69811,3,,,0,14,,69830,3,,,0,14,,69812,3,,,0,55,,69831,3,,,0,15,,69813,3,,,0,15,,69832,3,,,0,15,,69814,3,,,0,55,,69833,3,,,0,16,,69815,3,,,0,14,,69783,3,,,0,18,,69834,3,,,0,79,,69835,3,,,0
1000001,'3_1',716,,69844,3,,,0,14,,69847,3,,,0,15,,69848,3,,,0,14,,69849,3,,,0,55,,69850,3,,,0,16,,69851,3,,,0,14,,69852,3,,,0,15,,69853,3,,,0,70,,69878,3,,,0,71,,69879,3,,,0,31,,69880,3,,,0,72,,69881,3,,,0,32,,69882,3,,,0,71,,69883,3,,,0,32,,69884,3,,,0,70,,69885,3,,,0,31,,69886,3,,,0,72,,69887,3,,,0,31,,69888,3,,,0,68,,69889,3,,,0,28,,69890,3,,,0,69,,69891,3,,,0,14,,69873,3,,,0,14,,69892,3,,,0,14,,69874,3,,,0,55,,69893,3,,,0,15,,69875,3,,,0,15,,69894,3,,,0,15,,69876,3,,,0,55,,69895,3,,,0,16,,69877,3,,,0,14,,69845,3,,,0,18,,69896,3,,,0,79,,69897,3,,,0
1000001,'3_3',716,,69906,3,,,0,14,,69909,3,,,0,15,,69910,3,,,0,14,,69911,3,,,0,55,,69912,3,,,0,16,,69913,3,,,0,14,,69914,3,,,0,15,,69915,3,,,0,70,,69940,3,,,0,71,,69941,3,,,0,31,,69942,3,,,0,72,,69943,3,,,0,32,,69944,3,,,0,71,,69945,3,,,0,32,,69946,3,,,0,70,,69947,3,,,0,31,,69948,3,,,0,72,,69949,3,,,0,31,,69950,3,,,0,68,,69951,3,,,0,28,,69952,3,,,0,69,,69953,3,,,0,14,,69935,3,,,0,14,,69954,3,,,0,14,,69936,3,,,0,55,,69955,3,,,0,15,,69937,3,,,0,15,,69956,3,,,0,15,,69938,3,,,0,55,,69957,3,,,0,16,,69939,3,,,0,14,,69907,3,,,0,18,,69958,3,,,0,79,,69959,3,,,0
1000001,'3_4',716,,69968,3,,,0,14,,69971,3,,,0,15,,69972,3,,,0,14,,69973,3,,,0,55,,69974,3,,,0,16,,69975,3,,,0,14,,69976,3,,,0,15,,69977,3,,,0,70,,70002,3,,,0,71,,70003,3,,,0,31,,70004,3,,,0,72,,70005,3,,,0,32,,70006,3,,,0,71,,70007,3,,,0,32,,70008,3,,,0,70,,70009,3,,,0,31,,70010,3,,,0,72,,70011,3,,,0,31,,70012,3,,,0,68,,70013,3,,,0,28,,70014,3,,,0,69,,70015,3,,,0,14,,69997,3,,,0,14,,70016,3,,,0,14,,69998,3,,,0,55,,70017,3,,,0,15,,69999,3,,,0,15,,70018,3,,,0,15,,70000,3,,,0,55,,70019,3,,,0,16,,70001,3,,,0,14,,69969,3,,,0,18,,70020,3,,,0,79,,70021,3,,,0
1000001,'3_5',716,,70030,3,,,0,14,,70033,3,,,0,15,,70034,3,,,0,14,,70035,3,,,0,55,,70036,3,,,0,16,,70037,3,,,0,14,,70038,3,,,0,15,,70039,3,,,0,70,,70064,3,,,0,71,,70065,3,,,0,31,,70066,3,,,0,72,,70067,3,,,0,32,,70068,3,,,0,71,,70069,3,,,0,32,,70070,3,,,0,70,,70071,3,,,0,31,,70072,3,,,0,72,,70073,3,,,0,31,,70074,3,,,0,68,,70075,3,,,0,28,,70076,3,,,0,69,,70077,3,,,0,14,,70059,3,,,0,14,,70078,3,,,0,14,,70060,3,,,0,55,,70079,3,,,0,15,,70061,3,,,0,15,,70080,3,,,0,15,,70062,3,,,0,55,,70081,3,,,0,16,,70063,3,,,0,14,,70031,3,,,0,18,,70082,3,,,0,79,,70083,3,,,0
