1000,'0_6',644,,66740,26,,,0,103,,66741,26,,,0,94,,66742,26,,,0,101,,66750,26,,,0,83,,66753,27,,,0,117,,66743,26,,,0,108,,66754,27,,,0,98,,66744,26,,,0,95,,66755,27,,,0,95,,66751,26,,,0,98,,66745,26,,,0,73,,66746,27,,,0,115,,66748,26,,,0,92,,66752,26,,,0,103,,66749,27,,,0,102,,66747,26,,,0
1000,'1_7',1117,,66756,26,,,0,321,,66757,26,,,0,408,,66758,26,,,0,307,,66759,25,,,0
1000,'2_1',643,,66760,25,,,0,97,,66761,25,,,0,160,,66762,25,0,18 30,0,49,,66763,26,,,0,102,,66768,25,0,18 30,0,97,,66764,26,0,18 30,0,152,,66769,25,0,18 30,0,106,,66770,25,0,18 30,0,102,,66765,26,,,0,93,,66771,25,,,0,115,,66766,26,,,0,105,,66772,25,,,0,120,,66767,26,0,18 30,0
1000,'2_2',643,,66773,25,,,0,97,,66774,25,,,0,160,,66775,25,0,18 30,0,49,,66776,26,,,0,102,,66781,25,0,18 30,0,97,,66777,26,0,18 30,0,152,,66782,25,0,18 30,0,106,,66783,25,0,18 30,0,102,,66778,26,,,0,93,,66784,25,,,0,115,,66779,26,,,0,105,,66785,25,,,0,120,,66780,26,0,18 30,0
1000,'2_3',643,,66786,25,,,0,97,,66787,25,,,0,160,,66788,25,0,18 30,0,49,,66789,26,,,0,102,,66794,25,0,18 30,0,97,,66790,26,0,18 30,0,152,,66795,25,0,18 30,0,106,,66796,25,0,18 30,0,102,,66791,26,,,0,93,,66797,25,,,0,115,,66792,26,,,0,105,,66798,25,,,0,120,,66793,26,0,18 30,0
1000,'2_4',643,,66799,25,,,0,97,,66800,25,,,0,160,,66801,25,0,18 30,0,49,,66802,26,,,0,102,,66807,25,0,18 30,0,97,,66803,26,0,18 30,0,152,,66808,25,0,18 30,0,106,,66809,25,0,18 30,0,102,,66804,26,,,0,93,,66810,25,,,0,115,,66805,26,,,0,105,,66811,25,,,0,120,,66806,26,0,18 30,0
1000,'2_5',643,,66812,25,,,0,97,,66813,25,,,0,160,,66814,25,0,18 30,0,49,,66815,26,,,0,102,,66820,25,0,18 30,0,97,,66816,26,0,18 30,0,152,,66821,25,0,18 30,0,106,,66822,25,0,18 30,0,102,,66817,26,,,0,93,,66823,25,,,0,115,,66818,26,,,0,105,,66824,25,,,0,120,,66819,26,0,18 30,0
1000,'3_1',643,,66825,25,,,0,97,,66826,25,,,0,160,,66827,25,0,18 30,0,49,,66828,26,,,0,102,,66833,25,0,18 30,0,97,,66829,26,0,18 30,0,152,,66834,25,0,18 30,0,106,,66835,25,0,18 30,0,102,,66830,26,,,0,93,,66836,25,,,0,115,,66831,26,,,0,105,,66837,25,,,0,120,,66832,26,0,18 30,0
1000,'3_3',643,,66838,25,,,0,97,,66839,25,,,0,160,,66840,25,0,18 30,0,49,,66841,26,,,0,102,,66846,25,0,18 30,0,97,,66842,26,0,18 30,0,152,,66847,25,0,18 30,0,106,,66848,25,0,18 30,0,102,,66843,26,,,0,93,,66849,25,,,0,115,,66844,26,,,0,105,,66850,25,,,0,120,,66845,26,0,18 30,0
1000,'3_4',643,,66851,25,,,0,97,,66852,25,,,0,160,,66853,25,0,18 30,0,49,,66854,26,,,0,102,,66859,25,0,18 30,0,97,,66855,26,0,18 30,0,152,,66860,25,0,18 30,0,106,,66861,25,0,18 30,0,102,,66856,26,,,0,93,,66862,25,,,0,115,,66857,26,,,0,105,,66863,25,,,0,120,,66858,26,0,18 30,0
1000,'3_5',643,,66864,25,,,0,97,,66865,25,,,0,160,,66866,25,0,18 30,0,49,,66867,26,,,0,102,,66872,25,0,18 30,0,97,,66868,26,0,18 30,0,152,,66873,25,0,18 30,0,106,,66874,25,0,18 30,0,102,,66869,26,,,0,93,,66875,25,,,0,115,,66870,26,,,0,105,,66876,25,,,0,120,,66871,26,0,18 30,0
1000,'4_7',643,,66877,25,,,0,97,,66878,25,,,0,160,,66879,25,0,18 30,0,49,,66880,26,,,0,102,,66885,25,0,18 30,0,97,,66881,26,0,18 30,0,152,,66886,25,0,18 30,0,106,,66887,25,0,18 30,0,102,,66882,26,,,0,93,,66888,25,,,0,115,,66883,26,,,0,105,,66889,25,,,0,120,,66884,26,0,18 30,0
