100,'S2-0_6',656,,53556,7,0,61 8,0,148,,53568,7,0,61 8,0,54,,53557,7,0,61 8,0,70,,53569,7,0,61 8,0,29,,53558,7,0,61 8,0,73,,53570,7,0,61 8,0,29,,53559,7,0,61 8,0,69,,53571,7,0,61 8,0,31,,53560,7,0,61 8,0,70,,53572,7,0,61 8,0,30,,53561,7,0,61 8,0,70,,53573,7,0,61 8,0,29,,53562,7,0,61 8,0,71,,53574,7,0,61 8,0,29,,53563,7,0,61 8,0,71,,53575,7,0,61 8,0,30,,53564,7,0,61 8,0,71,,53576,7,0,61 8,0,73,,53565,7,0,61 8,0,29,,53577,7,0,61 8,0,70,,53566,7,0,61 8,0,32,,53578,7,0,61 8,0,69,,53567,7,0,61 8,0
100,'S2-1_7',903,,53579,7,0,61 8,0,105,,53584,7,0,61 8,0,106,,53580,7,0,61 8,0,104,,53585,7,0,61 8,0,90,,53581,7,0,61 8,0,100,,53586,7,0,61 8,0,105,,53582,7,0,61 8,0,105,,53587,7,0,61 8,0,105,,53583,7,0,61 8,0,106,,53588,7,0,61 8,0
100,'S2-2_1',656,,53589,7,0,61 8,0,70,,53590,7,,,0,33,,53592,7,0,61 8,0,65,,53593,7,0,61 8,0,29,,53591,7,0,61 8,0,69,,53594,7,0,61 8,0,34,,53595,7,0,61 8,0,71,,53598,7,0,61 8,0,30,,53596,7,0,61 8,0,73,,53597,7,0,61 8,0,71,,53600,7,,,0,32,,53599,7,0,61 8,0,70,,53601,7,,,0,30,,53602,7,0,61 8,0,69,,53604,7,0,61 8,0,30,,53603,7,0,61 8,0,70,,53608,7,0,61 8,0,29,,53607,7,0,61 8,0,71,,53609,7,,,0,34,,53605,7,0,61 8,0,70,,53610,7,,,0,31,,53606,7,0,61 8,0,70,,53611,7,,,0,31,,53612,7,0,61 8,0,70,,53613,7,,,0
100,'S2-2_2',656,,53614,7,0,61 8,0,70,,53615,7,,,0,33,,53617,7,0,61 8,0,65,,53618,7,0,61 8,0,29,,53616,7,0,61 8,0,69,,53619,7,0,61 8,0,34,,53620,7,0,61 8,0,71,,53623,7,0,61 8,0,30,,53621,7,0,61 8,0,73,,53622,7,0,61 8,0,71,,53625,7,,,0,32,,53624,7,0,61 8,0,70,,53626,7,,,0,30,,53627,7,0,61 8,0,69,,53629,7,0,61 8,0,30,,53628,7,0,61 8,0,70,,53633,7,0,61 8,0,29,,53632,7,0,61 8,0,71,,53634,7,,,0,34,,53630,7,0,61 8,0,70,,53635,7,,,0,31,,53631,7,0,61 8,0,70,,53636,7,,,0,31,,53637,7,0,61 8,0,70,,53638,7,,,0
100,'S2-2_3',656,,53639,7,0,61 8,0,70,,53640,7,,,0,33,,53642,7,0,61 8,0,65,,53643,7,0,61 8,0,29,,53641,7,0,61 8,0,69,,53644,7,0,61 8,0,34,,53645,7,0,61 8,0,71,,53648,7,0,61 8,0,30,,53646,7,0,61 8,0,73,,53647,7,0,61 8,0,71,,53650,7,,,0,32,,53649,7,0,61 8,0,70,,53651,7,,,0,30,,53652,7,0,61 8,0,69,,53654,7,0,61 8,0,30,,53653,7,0,61 8,0,70,,53658,7,0,61 8,0,29,,53657,7,0,61 8,0,71,,53659,7,,,0,34,,53655,7,0,61 8,0,70,,53660,7,,,0,31,,53656,7,0,61 8,0,70,,53661,7,,,0,31,,53662,7,0,61 8,0,70,,53663,7,,,0
100,'S2-2_4',656,,53664,7,0,61 8,0,70,,53665,7,,,0,33,,53667,7,0,61 8,0,65,,53668,7,0,61 8,0,29,,53666,7,0,61 8,0,69,,53669,7,0,61 8,0,34,,53670,7,0,61 8,0,71,,53673,7,0,61 8,0,30,,53671,7,0,61 8,0,73,,53672,7,0,61 8,0,71,,53675,7,,,0,32,,53674,7,0,61 8,0,70,,53676,7,,,0,30,,53677,7,0,61 8,0,69,,53679,7,0,61 8,0,30,,53678,7,0,61 8,0,70,,53683,7,0,61 8,0,29,,53682,7,0,61 8,0,71,,53684,7,,,0,34,,53680,7,0,61 8,0,70,,53685,7,,,0,31,,53681,7,0,61 8,0,70,,53686,7,,,0,31,,53687,7,0,61 8,0,70,,53688,7,,,0
100,'S2-2_5',656,,53689,7,0,61 8,0,70,,53690,7,,,0,33,,53692,7,0,61 8,0,65,,53693,7,0,61 8,0,29,,53691,7,0,61 8,0,69,,53694,7,0,61 8,0,34,,53695,7,0,61 8,0,71,,53698,7,0,61 8,0,30,,53696,7,0,61 8,0,73,,53697,7,0,61 8,0,71,,53700,7,,,0,32,,53699,7,0,61 8,0,70,,53701,7,,,0,30,,53702,7,0,61 8,0,69,,53704,7,0,61 8,0,30,,53703,7,0,61 8,0,70,,53708,7,0,61 8,0,29,,53707,7,0,61 8,0,71,,53709,7,,,0,34,,53705,7,0,61 8,0,70,,53710,7,,,0,31,,53706,7,0,61 8,0,70,,53711,7,,,0,31,,53712,7,0,61 8,0,70,,53713,7,,,0
100,'S2-3_1',656,,53714,7,0,61 8,0,70,,53715,7,,,0,33,,53717,7,0,61 8,0,65,,53718,7,0,61 8,0,29,,53716,7,0,61 8,0,69,,53719,7,0,61 8,0,34,,53720,7,0,61 8,0,71,,53723,7,0,61 8,0,30,,53721,7,0,61 8,0,73,,53722,7,0,61 8,0,71,,53725,7,,,0,32,,53724,7,0,61 8,0,70,,53726,7,,,0,30,,53727,7,0,61 8,0,69,,53729,7,0,61 8,0,30,,53728,7,0,61 8,0,70,,53733,7,0,61 8,0,29,,53732,7,0,61 8,0,71,,53734,7,,,0,34,,53730,7,0,61 8,0,70,,53735,7,,,0,31,,53731,7,0,61 8,0,70,,53736,7,,,0,31,,53737,7,0,61 8,0,70,,53738,7,,,0
100,'S2-3_3',656,,53739,7,0,61 8,0,70,,53740,7,,,0,33,,53742,7,0,61 8,0,65,,53743,7,0,61 8,0,29,,53741,7,0,61 8,0,69,,53744,7,0,61 8,0,34,,53745,7,0,61 8,0,71,,53748,7,0,61 8,0,30,,53746,7,0,61 8,0,73,,53747,7,0,61 8,0,71,,53750,7,,,0,32,,53749,7,0,61 8,0,70,,53751,7,,,0,30,,53752,7,0,61 8,0,69,,53754,7,0,61 8,0,30,,53753,7,0,61 8,0,70,,53758,7,0,61 8,0,29,,53757,7,0,61 8,0,71,,53759,7,,,0,34,,53755,7,0,61 8,0,70,,53760,7,,,0,31,,53756,7,0,61 8,0,70,,53761,7,,,0,31,,53762,7,0,61 8,0,70,,53763,7,,,0
100,'S2-3_4',656,,53764,7,0,61 8,0,70,,53765,7,,,0,33,,53767,7,0,61 8,0,65,,53768,7,0,61 8,0,29,,53766,7,0,61 8,0,69,,53769,7,0,61 8,0,34,,53770,7,0,61 8,0,71,,53773,7,0,61 8,0,30,,53771,7,0,61 8,0,73,,53772,7,0,61 8,0,71,,53775,7,,,0,32,,53774,7,0,61 8,0,70,,53776,7,,,0,30,,53777,7,0,61 8,0,69,,53779,7,0,61 8,0,30,,53778,7,0,61 8,0,70,,53783,7,0,61 8,0,29,,53782,7,0,61 8,0,71,,53784,7,,,0,34,,53780,7,0,61 8,0,70,,53785,7,,,0,31,,53781,7,0,61 8,0,70,,53786,7,,,0,31,,53787,7,0,61 8,0,70,,53788,7,,,0
100,'S2-4_7',903,,53789,7,0,61 8,0,105,,53794,7,0,61 8,0,106,,53790,7,0,61 8,0,104,,53795,7,0,61 8,0,90,,53791,7,0,61 8,0,100,,53796,7,0,61 8,0,105,,53792,7,0,61 8,0,105,,53797,7,0,61 8,0,105,,53793,7,0,61 8,0,106,,53798,7,0,61 8,0
