901,'S2-1_6',749,,24538,16,0,23 24,0,99,,24550,16,0,25,0,90,,24543,1,0,23 24,0,165,,24544,1,0,23 24,0,113,,24548,16,0,25,0,40,,24545,1,0,23 24,0,147,,24547,1,0,25,0,50,,24549,1,0,25,0,82,,24546,16,0,25,0,82,,24539,16,0,23 24,0,105,,24540,16,0,23 24,0,132,,24541,16,0,23 24,0,90,,24542,16,0,23 24,0
901,'S2-5_1',752,,24551,16,0,26,0,66,,24552,16,0,27 63,0,103,,24557,16,0,23 24,0,95,,24561,1,0,23 24,0,98,,24558,16,0,23 24,0,106,,24553,16,0,27 63,0,181,,24559,16,0,23 24,0,112,,24560,16,0,23 24,0,109,,24554,16,0,27 63,0,102,,24555,16,0,27 63,0,95,,24556,16,0,27 63,0,126,,24566,16,,,0
901,'S2-5_2',752,,24567,16,0,26,0,66,,24568,16,0,27 63,0,103,,24573,16,0,23 24,0,95,,24577,1,0,23 24,0,98,,24574,16,0,23 24,0,106,,24569,16,0,27 63,0,181,,24575,16,0,23 24,0,112,,24576,16,0,23 24,0,109,,24570,16,0,27 63,0,102,,24571,16,0,27 63,0,95,,24572,16,0,27 63,0,126,,24582,16,,,0
901,'S2-5_4',752,,24583,16,0,26,0,66,,24584,16,0,27 63,0,103,,24589,16,0,23 24,0,95,,24593,1,0,23 24,0,98,,24590,16,0,23 24,0,106,,24585,16,0,27 63,0,181,,24591,16,0,23 24,0,112,,24592,16,0,23 24,0,109,,24586,16,0,27 63,0,102,,24587,16,0,27 63,0,95,,24588,16,0,27 63,0,126,,24598,16,,,0
901,'S2-5_5',752,,24599,16,0,26,0,66,,24600,16,0,27 63,0,103,,24605,16,0,23 24,0,95,,24609,1,0,23 24,0,98,,24606,16,0,23 24,0,106,,24601,16,0,27 63,0,181,,24607,16,0,23 24,0,112,,24608,16,0,23 24,0,109,,24602,16,0,27 63,0,102,,24603,16,0,27 63,0,95,,24604,16,0,27 63,0,126,,24614,16,,,0
901,'S2-6_3',752,,24615,16,0,26,0,66,,24616,16,0,27 63,0,103,,24621,16,0,23 24,0,95,,24625,1,0,23 24,0,98,,24622,16,0,23 24,0,106,,24617,16,0,27 63,0,181,,24623,16,0,23 24,0,112,,24624,16,0,23 24,0,109,,24618,16,0,27 63,0,102,,24619,16,0,27 63,0,95,,24620,16,0,27 63,0,126,,24630,16,,,0
1001,'S2-1_6',756,,24719,11,,,0,103,,24720,11,,,0,141,,24727,9,,,0,102,,24721,11,,,0,100,,24728,9,,,0,45,,24729,9,,,0,164,,24724,11,,,0,38,,24730,9,,,0,187,,24725,11,,,0,118,,24726,11,,,0,90,,24722,11,,,0,107,,24723,11,,,0
1001,'S2-5_1',759,,24731,11,,,0,100,,24733,11,,,0,86,,24734,11,,,0,79,,24738,9,,,0,86,,24735,11,,,0,90,,24739,9,,,0,42,,24740,9,,,0,71,,24741,9,,,0,101,,24732,11,,,0,38,,24742,9,,,0,184,,24743,11,,,0,316,,24737,11,,,0
1001,'S2-5_2',759,,24745,11,,,0,100,,24747,11,,,0,86,,24748,11,,,0,79,,24752,9,,,0,86,,24749,11,,,0,90,,24753,9,,,0,42,,24754,9,,,0,71,,24755,9,,,0,101,,24746,11,,,0,38,,24756,9,,,0,184,,24757,11,,,0,316,,24751,11,,,0
1001,'S2-5_4',759,,24759,11,,,0,100,,24761,11,,,0,86,,24762,11,,,0,79,,24766,9,,,0,86,,24763,11,,,0,90,,24767,9,,,0,42,,24768,9,,,0,71,,24769,9,,,0,101,,24760,11,,,0,38,,24770,9,,,0,184,,24771,11,,,0,316,,24765,11,,,0
1001,'S2-5_5',759,,24773,11,,,0,100,,24775,11,,,0,86,,24776,11,,,0,79,,24780,9,,,0,86,,24777,11,,,0,90,,24781,9,,,0,42,,24782,9,,,0,71,,24783,9,,,0,101,,24774,11,,,0,38,,24784,9,,,0,184,,24785,11,,,0,316,,24779,11,,,0
1001,'S2-6_3',759,,24787,11,,,0,100,,24789,11,,,0,86,,24790,11,,,0,79,,24794,9,,,0,86,,24791,11,,,0,90,,24795,9,,,0,42,,24796,9,,,0,71,,24797,9,,,0,101,,24788,11,,,0,38,,24798,9,,,0,184,,24799,11,,,0,316,,24793,11,,,0
1101,'S2-1_6',1619,,24825,5,,,0,119,,24826,5,,,0
1101,'S2-5_1',1619,,24827,5,,,0,119,,24828,5,,,0,94,,24829,5,,,0
1101,'S2-5_2',1619,,24830,5,,,0,119,,24831,5,,,0,94,,24832,5,,,0
1101,'S2-5_4',1619,,24833,5,,,0,119,,24834,5,,,0,94,,24835,5,,,0
1101,'S2-5_5',1619,,24836,5,,,0,119,,24837,5,,,0,94,,24838,5,,,0
1101,'S2-6_3',1619,,24839,5,,,0,119,,24840,5,,,0,94,,24841,5,,,0
1601,'S2-1_6',1042,,25074,1,,,0,109,,25077,1,,,0,179,,25075,1,,,0,105,,25078,1,,,0,320,,25076,1,,,0
1601,'S2-5_1',1042,,25084,1,,,0,109,,25087,1,,,0,179,,25085,1,,,0,105,,25088,1,,,0,320,,25086,1,,,0
1601,'S2-5_2',1042,,25094,1,,,0,109,,25097,1,,,0,179,,25095,1,,,0,105,,25098,1,,,0,320,,25096,1,,,0
1601,'S2-5_4',1042,,25104,1,,,0,109,,25107,1,,,0,179,,25105,1,,,0,105,,25108,1,,,0,320,,25106,1,,,0
1601,'S2-5_5',1042,,25114,1,,,0,109,,25117,1,,,0,179,,25115,1,,,0,105,,25118,1,,,0,320,,25116,1,,,0
1601,'S2-6_3',1042,,25124,1,,,0,109,,25127,1,,,0,179,,25125,1,,,0,105,,25128,1,,,0,320,,25126,1,,,0
1901,'S2-5_1',1619,,25318,15,,,0,100,,25319,15,,,0,99,,25320,15,,,0
1901,'S2-5_2',1619,,25327,15,,,0,100,,25328,15,,,0,99,,25329,15,,,0
1901,'S2-5_4',1619,,25336,15,,,0,100,,25337,15,,,0,99,,25338,15,,,0
1901,'S2-5_5',1619,,25345,15,,,0,100,,25346,15,,,0,99,,25347,15,,,0
1901,'S2-6_3',1218,,25357,15,,,0,34,,25358,15,,,0
1000000,'S2-1_6',530,,26534,1,0,31 33,0,79,,26535,1,0,31 33,0,41,,26536,1,,,0,80,,26537,1,,,0,29,,26538,1,0,31 33,0,55,,26539,1,,,0,16,,26540,1,0,31 33,0,15,,26541,1,0,31 33,0,13,,26542,1,,,0,55,,26543,1,0,31 33,0,15,,26601,1,0,31 33,0,15,,26544,1,,,0,16,,26545,1,0,31 33,0,56,,26546,1,0,31 33,0,14,,26547,1,,,0,16,,26548,1,0,31 33,0,55,,26549,1,0,31 33,0,16,,26550,1,,,0,15,,26551,1,0,31 33,0,15,,26552,1,0,31 33,0,56,,26553,1,,,0,14,,26554,1,0,31 33,0,16,,26555,1,0,31 33,0,15,,26556,1,,,0,54,,26557,1,0,31 33,0,9,,26558,1,0,31 33,0,11,,26559,1,,,0,12,,26560,1,0,31 33,0,10,,26561,1,0,31 33,0,9,,26562,1,0,31 33,0,49,,26563,1,,,0,10,,26564,1,0,31 33,0,11,,26565,1,0,31 33,0,10,,26566,1,0,31 33,0,10,,26567,1,,,0,12,,26568,1,0,31 33,0,49,,26569,1,0,31 33,0,9,,26570,1,0,31 33,0,10,,26571,1,,,0,11,,26572,1,0,31 33,0,10,,26573,1,0,31 33,0,10,,26574,1,0,31 33,0,51,,26575,1,,,0,11,,26576,1,0,31 33,0,9,,26577,1,0,31 33,0,10,,26578,1,0,31 33,0,11,,26579,1,,,0,13,,26580,1,0,31 33,0,49,,26581,1,0,31 33,0,9,,26582,1,0,31 33,0,10,,26583,1,,,0,9,,26584,1,0,31 33,0,9,,26585,1,0,31 33,0,10,,26586,1,0,31 33,0,49,,26588,1,0,31 33,0,10,,26587,1,,,0,9,,26589,1,0,31 33,0,9,,26590,1,0,31 33,0,9,,26592,1,0,31 33,0,10,,26591,1,0,31 33,0,51,,26593,1,0,31 33,0,21,,26594,1,0,31 33,0,18,,26595,1,0,31 33,0,60,,26596,1,0,31 33,0,20,,26597,1,0,31 33,0,20,,26598,1,0,31 33,0,60,,26599,1,0,31 33,0,20,,26600,1,0,31 33,0
1000000,'S2-2_7',800,,29635,1,0,31 33,0,40,,29636,1,0,31 33,0,80,,29637,1,0,31 33,0,80,,29638,1,0,31 33,0,40,,29639,1,0,31 33,0,80,,29640,1,0,31 33,0,80,,29641,1,0,31 33,0,40,,29642,1,0,31 33,0,80,,29643,1,0,31 33,0,80,,29644,1,0,31 33,0,40,,29645,1,0,31 33,0,80,,29646,1,0,31 33,0,80,,29647,1,0,31 33,0,40,,29648,1,0,31 33,0,80,,29649,1,0,31 33,0,80,,29650,1,0,31 33,0,40,,29651,1,0,31 33,0,80,,29652,1,0,31 33,0
1000000,'S2-4_7',800,,26602,1,0,31 33,0,40,,26603,1,0,31 33,0,80,,26604,1,0,31 33,0,80,,26605,1,0,31 33,0,40,,26606,1,0,31 33,0,80,,26607,1,0,31 33,0,80,,26608,1,0,31 33,0,40,,26609,1,0,31 33,0,80,,26610,1,0,31 33,0,80,,26611,1,0,31 33,0,40,,26612,1,0,31 33,0,80,,26613,1,0,31 33,0,80,,26614,1,0,31 33,0,40,,26615,1,0,31 33,0,80,,26616,1,0,31 33,0,80,,26617,1,0,31 33,0,40,,26618,1,0,31 33,0,80,,26619,1,0,31 33,0
1000000,'S2-5_1',533,,26620,1,0,31 33,0,20,,26621,1,0,31 33,0,59,,26702,1,0,31 33,0,18,,26703,1,,,0,14,,26705,1,,,0,10,,26701,1,,,0,48,,26654,1,,,0,8,,26655,1,,,0,11,,26656,1,,,0,11,,26657,1,,,0,10,,26658,1,,,0,11,,26659,1,,,0,50,,26660,1,,,0,10,,26661,1,,,0,9,,26704,1,,,0,9,,26622,1,0,31 33,0,9,,26623,1,,,0,10,,26624,1,0,31 33,0,50,,26625,1,,,0,11,,26626,1,0,31 33,0,9,,26662,1,,,0,11,,26627,1,0,31 33,0,11,,26628,1,,,0,10,,26629,1,0,31 33,0,51,,26630,1,,,0,11,,26631,1,0,31 33,0,10,,26632,1,,,0,11,,26634,1,0,31 33,0,10,,26633,1,,,0,11,,26664,1,0,31 33,0,51,,26663,1,,,0,11,,26665,1,0,31 33,0,11,,26666,1,,,0,10,,26667,1,0,31 33,0,10,,26668,1,,,0,10,,26669,1,0,31 33,0,52,,26670,1,,,0,11,,26671,1,0,31 33,0,10,,26672,1,,,0,10,,26673,1,0,31 33,0,10,,26674,1,,,0,49,,26675,1,0,31 33,0,10,,26676,1,,,0,10,,26635,1,0,31 33,0,11,,26636,1,,,0,9,,26677,1,0,31 33,0,10,,26637,1,,,0,49,,26638,1,0,31 33,0,11,,26639,1,,,0,10,,26678,1,0,31 33,0,11,,26640,1,,,0,9,,26641,1,0,31 33,0,10,,26642,1,,,0,50,,26643,1,0,31 33,0,11,,26679,1,,,0,11,,26680,1,,,0,9,,26681,1,,,0,10,,26682,1,,,0,9,,26683,1,,,0,51,,26684,1,,,0,10,,26685,1,,,0,11,,26686,1,,,0,9,,26687,1,,,0,9,,26688,1,,,0,9,,26689,1,,,0,50,,26690,1,,,0,10,,26691,1,,,0,10,,26692,1,,,0,10,,26693,1,,,0,10,,26694,1,,,0,10,,26695,1,0,31 33,0,51,,26696,1,,,0,9,,26700,1,0,31 33,0,10,,26644,1,0,31 33,0,11,,26697,1,,,0,10,,26645,1,0,31 33,0,10,,26698,1,,,0,49,,26646,1,0,31 33,0,19,,26647,1,0,31 33,0,19,,26648,1,0,31 33,0,19,,26649,1,0,31 33,0,61,,26650,1,0,31 33,0,21,,26651,1,0,31 33,0,61,,26652,1,0,31 33,0,21,,26653,1,0,31 33,0
1000000,'S2-5_2',533,,26706,1,0,31 33,0,20,,26707,1,0,31 33,0,59,,26788,1,0,31 33,0,18,,26789,1,,,0,14,,26791,1,,,0,10,,26787,1,,,0,48,,26740,1,,,0,8,,26741,1,,,0,11,,26742,1,,,0,11,,26743,1,,,0,10,,26744,1,,,0,11,,26745,1,,,0,50,,26746,1,,,0,10,,26747,1,,,0,9,,26790,1,,,0,9,,26708,1,0,31 33,0,9,,26709,1,,,0,10,,26710,1,0,31 33,0,50,,26711,1,,,0,11,,26712,1,0,31 33,0,9,,26748,1,,,0,11,,26713,1,0,31 33,0,11,,26714,1,,,0,10,,26715,1,0,31 33,0,51,,26716,1,,,0,11,,26717,1,0,31 33,0,10,,26718,1,,,0,11,,26720,1,0,31 33,0,10,,26719,1,,,0,11,,26750,1,0,31 33,0,51,,26749,1,,,0,11,,26751,1,0,31 33,0,11,,26752,1,,,0,10,,26753,1,0,31 33,0,10,,26754,1,,,0,10,,26755,1,0,31 33,0,52,,26756,1,,,0,11,,26757,1,0,31 33,0,10,,26758,1,,,0,10,,26759,1,0,31 33,0,10,,26760,1,,,0,49,,26761,1,0,31 33,0,10,,26762,1,,,0,10,,26721,1,0,31 33,0,11,,26722,1,,,0,9,,26763,1,0,31 33,0,10,,26723,1,,,0,49,,26724,1,0,31 33,0,11,,26725,1,,,0,10,,26764,1,0,31 33,0,11,,26726,1,,,0,9,,26727,1,0,31 33,0,10,,26728,1,,,0,50,,26729,1,0,31 33,0,11,,26765,1,,,0,11,,26766,1,,,0,9,,26767,1,,,0,10,,26768,1,,,0,9,,26769,1,,,0,51,,26770,1,,,0,10,,26771,1,,,0,11,,26772,1,,,0,9,,26773,1,,,0,9,,26774,1,,,0,9,,26775,1,,,0,50,,26776,1,,,0,10,,26777,1,,,0,10,,26778,1,,,0,10,,26779,1,,,0,10,,26780,1,,,0,10,,26781,1,0,31 33,0,51,,26782,1,,,0,9,,26786,1,0,31 33,0,10,,26730,1,0,31 33,0,11,,26783,1,,,0,10,,26731,1,0,31 33,0,10,,26784,1,,,0,49,,26732,1,0,31 33,0,19,,26733,1,0,31 33,0,19,,26734,1,0,31 33,0,19,,26735,1,0,31 33,0,61,,26736,1,0,31 33,0,21,,26737,1,0,31 33,0,61,,26738,1,0,31 33,0,21,,26739,1,0,31 33,0
1000000,'S2-5_4',533,,26792,1,0,31 33,0,20,,26793,1,0,31 33,0,59,,26874,1,0,31 33,0,18,,26875,1,,,0,14,,26877,1,,,0,10,,26873,1,,,0,48,,26826,1,,,0,8,,26827,1,,,0,11,,26828,1,,,0,11,,26829,1,,,0,10,,26830,1,,,0,11,,26831,1,,,0,50,,26832,1,,,0,10,,26833,1,,,0,9,,26876,1,,,0,9,,26794,1,0,31 33,0,9,,26795,1,,,0,10,,26796,1,0,31 33,0,50,,26797,1,,,0,11,,26798,1,0,31 33,0,9,,26834,1,,,0,11,,26799,1,0,31 33,0,11,,26800,1,,,0,10,,26801,1,0,31 33,0,51,,26802,1,,,0,11,,26803,1,0,31 33,0,10,,26804,1,,,0,11,,26806,1,0,31 33,0,10,,26805,1,,,0,11,,26836,1,0,31 33,0,51,,26835,1,,,0,11,,26837,1,0,31 33,0,11,,26838,1,,,0,10,,26839,1,0,31 33,0,10,,26840,1,,,0,10,,26841,1,0,31 33,0,52,,26842,1,,,0,11,,26843,1,0,31 33,0,10,,26844,1,,,0,10,,26845,1,0,31 33,0,10,,26846,1,,,0,49,,26847,1,0,31 33,0,10,,26848,1,,,0,10,,26807,1,0,31 33,0,11,,26808,1,,,0,9,,26849,1,0,31 33,0,10,,26809,1,,,0,49,,26810,1,0,31 33,0,11,,26811,1,,,0,10,,26850,1,0,31 33,0,11,,26812,1,,,0,9,,26813,1,0,31 33,0,10,,26814,1,,,0,50,,26815,1,0,31 33,0,11,,26851,1,,,0,11,,26852,1,,,0,9,,26853,1,,,0,10,,26854,1,,,0,9,,26855,1,,,0,51,,26856,1,,,0,10,,26857,1,,,0,11,,26858,1,,,0,9,,26859,1,,,0,9,,26860,1,,,0,9,,26861,1,,,0,50,,26862,1,,,0,10,,26863,1,,,0,10,,26864,1,,,0,10,,26865,1,,,0,10,,26866,1,,,0,10,,26867,1,0,31 33,0,51,,26868,1,,,0,9,,26872,1,0,31 33,0,10,,26816,1,0,31 33,0,11,,26869,1,,,0,10,,26817,1,0,31 33,0,10,,26870,1,,,0,49,,26818,1,0,31 33,0,19,,26819,1,0,31 33,0,19,,26820,1,0,31 33,0,19,,26821,1,0,31 33,0,61,,26822,1,0,31 33,0,21,,26823,1,0,31 33,0,61,,26824,1,0,31 33,0,21,,26825,1,0,31 33,0
1000000,'S2-5_5',533,,26878,1,0,31 33,0,20,,26879,1,0,31 33,0,59,,26960,1,0,31 33,0,18,,26961,1,,,0,14,,26963,1,,,0,10,,26959,1,,,0,48,,26912,1,,,0,8,,26913,1,,,0,11,,26914,1,,,0,11,,26915,1,,,0,10,,26916,1,,,0,11,,26917,1,,,0,50,,26918,1,,,0,10,,26919,1,,,0,9,,26962,1,,,0,9,,26880,1,0,31 33,0,9,,26881,1,,,0,10,,26882,1,0,31 33,0,50,,26883,1,,,0,11,,26884,1,0,31 33,0,9,,26920,1,,,0,11,,26885,1,0,31 33,0,11,,26886,1,,,0,10,,26887,1,0,31 33,0,51,,26888,1,,,0,11,,26889,1,0,31 33,0,10,,26890,1,,,0,11,,26892,1,0,31 33,0,10,,26891,1,,,0,11,,26922,1,0,31 33,0,51,,26921,1,,,0,11,,26923,1,0,31 33,0,11,,26924,1,,,0,10,,26925,1,0,31 33,0,10,,26926,1,,,0,10,,26927,1,0,31 33,0,52,,26928,1,,,0,11,,26929,1,0,31 33,0,10,,26930,1,,,0,10,,26931,1,0,31 33,0,10,,26932,1,,,0,49,,26933,1,0,31 33,0,10,,26934,1,,,0,10,,26893,1,0,31 33,0,11,,26894,1,,,0,9,,26935,1,0,31 33,0,10,,26895,1,,,0,49,,26896,1,0,31 33,0,11,,26897,1,,,0,10,,26936,1,0,31 33,0,11,,26898,1,,,0,9,,26899,1,0,31 33,0,10,,26900,1,,,0,50,,26901,1,0,31 33,0,11,,26937,1,,,0,11,,26938,1,,,0,9,,26939,1,,,0,10,,26940,1,,,0,9,,26941,1,,,0,51,,26942,1,,,0,10,,26943,1,,,0,11,,26944,1,,,0,9,,26945,1,,,0,9,,26946,1,,,0,9,,26947,1,,,0,50,,26948,1,,,0,10,,26949,1,,,0,10,,26950,1,,,0,10,,26951,1,,,0,10,,26952,1,,,0,10,,26953,1,0,31 33,0,51,,26954,1,,,0,9,,26958,1,0,31 33,0,10,,26902,1,0,31 33,0,11,,26955,1,,,0,10,,26903,1,0,31 33,0,10,,26956,1,,,0,49,,26904,1,0,31 33,0,19,,26905,1,0,31 33,0,19,,26906,1,0,31 33,0,19,,26907,1,0,31 33,0,61,,26908,1,0,31 33,0,21,,26909,1,0,31 33,0,61,,26910,1,0,31 33,0,21,,26911,1,0,31 33,0
1000000,'S2-6_3',533,,26964,1,0,31 33,0,20,,26965,1,0,31 33,0,59,,27046,1,0,31 33,0,18,,27047,1,,,0,14,,27049,1,,,0,10,,27045,1,,,0,48,,26998,1,,,0,8,,26999,1,,,0,11,,27000,1,,,0,11,,27001,1,,,0,10,,27002,1,,,0,11,,27003,1,,,0,50,,27004,1,,,0,10,,27005,1,,,0,9,,27048,1,,,0,9,,26966,1,0,31 33,0,9,,26967,1,,,0,10,,26968,1,0,31 33,0,50,,26969,1,,,0,11,,26970,1,0,31 33,0,9,,27006,1,,,0,11,,26971,1,0,31 33,0,11,,26972,1,,,0,10,,26973,1,0,31 33,0,51,,26974,1,,,0,11,,26975,1,0,31 33,0,10,,26976,1,,,0,11,,26978,1,0,31 33,0,10,,26977,1,,,0,11,,27008,1,0,31 33,0,51,,27007,1,,,0,11,,27009,1,0,31 33,0,11,,27010,1,,,0,10,,27011,1,0,31 33,0,10,,27012,1,,,0,10,,27013,1,0,31 33,0,52,,27014,1,,,0,11,,27015,1,0,31 33,0,10,,27016,1,,,0,10,,27017,1,0,31 33,0,10,,27018,1,,,0,49,,27019,1,0,31 33,0,10,,27020,1,,,0,10,,26979,1,0,31 33,0,11,,26980,1,,,0,9,,27021,1,0,31 33,0,10,,26981,1,,,0,49,,26982,1,0,31 33,0,11,,26983,1,,,0,10,,27022,1,0,31 33,0,11,,26984,1,,,0,9,,26985,1,0,31 33,0,10,,26986,1,,,0,50,,26987,1,0,31 33,0,11,,27023,1,,,0,11,,27024,1,,,0,9,,27025,1,,,0,10,,27026,1,,,0,9,,27027,1,,,0,51,,27028,1,,,0,10,,27029,1,,,0,11,,27030,1,,,0,9,,27031,1,,,0,9,,27032,1,,,0,9,,27033,1,,,0,50,,27034,1,,,0,10,,27035,1,,,0,10,,27036,1,,,0,10,,27037,1,,,0,10,,27038,1,,,0,10,,27039,1,0,31 33,0,51,,27040,1,,,0,9,,27044,1,0,31 33,0,10,,26988,1,0,31 33,0,11,,27041,1,,,0,10,,26989,1,0,31 33,0,10,,27042,1,,,0,49,,26990,1,0,31 33,0,19,,26991,1,0,31 33,0,19,,26992,1,0,31 33,0,19,,26993,1,0,31 33,0,61,,26994,1,0,31 33,0,21,,26995,1,0,31 33,0,61,,26996,1,0,31 33,0,21,,26997,1,0,31 33,0
