1000,'S2-1_6',910,,24638,29,0,18 30,0,144,,24639,29,0,18 30,0,101,,24640,29,0,18 30,0,101,,24641,29,0,18 30,0,101,,24642,29,0,18 30,0,92,,24636,29,,,0,155,,24637,29,,,0,337,,24643,29,0,18 30,0
1000,'S2-5_1',912,,24658,29,0,18 30,0,146,,24649,29,0,18 30,0,87,,24650,29,0,18 30,0,77,,24651,29,0,18 30,0,80,,24652,29,0,18 30,0,99,,24653,29,0,18 30,0,39,,24655,29,,,0,70,,24656,29,,,0,96,,24657,29,,,0,335,,24654,29,0,18 30,0
1000,'S2-5_2',912,,24673,29,0,18 30,0,146,,24664,29,0,18 30,0,87,,24665,29,0,18 30,0,77,,24666,29,0,18 30,0,80,,24667,29,0,18 30,0,99,,24668,29,0,18 30,0,39,,24670,29,,,0,70,,24671,29,,,0,96,,24672,29,,,0,335,,24669,29,0,18 30,0
1000,'S2-5_4',912,,24688,29,0,18 30,0,146,,24679,29,0,18 30,0,87,,24680,29,0,18 30,0,77,,24681,29,0,18 30,0,80,,24682,29,0,18 30,0,99,,24683,29,0,18 30,0,39,,24685,29,,,0,70,,24686,29,,,0,96,,24687,29,,,0,335,,24684,29,0,18 30,0
1000,'S2-5_5',912,,24703,29,0,18 30,0,146,,24694,29,0,18 30,0,87,,24695,29,0,18 30,0,77,,24696,29,0,18 30,0,80,,24697,29,0,18 30,0,99,,24698,29,0,18 30,0,39,,24700,29,,,0,70,,24701,29,,,0,96,,24702,29,,,0,335,,24699,29,0,18 30,0
1000,'S2-6_3',912,,24718,29,0,18 30,0,146,,24709,29,0,18 30,0,87,,24710,29,0,18 30,0,77,,24711,29,0,18 30,0,80,,24712,29,0,18 30,0,99,,24713,29,0,18 30,0,39,,24715,29,,,0,70,,24716,29,,,0,96,,24717,29,,,0,335,,24714,29,0,18 30,0
1100,'S2-1_6',658,,24801,15,,,0,160,,24802,15,,,0,905,,24803,15,,,0,119,,24804,15,,,0
1100,'S2-5_1',658,,24805,15,,,0,160,,24806,15,,,0,905,,24807,15,,,0,119,,24808,15,,,0
1100,'S2-5_2',658,,24809,15,,,0,160,,24810,15,,,0,905,,24811,15,,,0,119,,24812,15,,,0
1100,'S2-5_4',658,,24813,15,,,0,160,,24814,15,,,0,905,,24815,15,,,0,119,,24816,15,,,0
1100,'S2-5_5',658,,24817,15,,,0,160,,24818,15,,,0,905,,24819,15,,,0,119,,24820,15,,,0
1100,'S2-6_3',658,,24821,15,,,0,160,,24822,15,,,0,905,,24823,15,,,0,119,,24824,15,,,0
