1500,'S2-1_6',743,,24843,17,,,0,61,,24844,17,,,0,114,,24845,17,,,0,117,,24846,17,,,0,118,,24847,17,,,0,80,,24848,17,,,0,75,,24849,17,,,0,97,,24850,17,,,0,222,,24851,17,,,0,109,,24852,17,,,0,98,,24853,17,,,0,110,,24854,17,,,0
1500,'S2-5_1',743,,24856,17,,,0,61,,24857,17,,,0,114,,24858,17,,,0,117,,24859,17,,,0,118,,24860,17,,,0,80,,24861,17,,,0,75,,24862,17,,,0,97,,24863,17,,,0,222,,24864,17,,,0,109,,24865,17,,,0,98,,24866,17,,,0,110,,24867,17,,,0
1500,'S2-5_2',743,,24869,17,,,0,61,,24870,17,,,0,114,,24871,17,,,0,117,,24872,17,,,0,118,,24873,17,,,0,80,,24874,17,,,0,75,,24875,17,,,0,97,,24876,17,,,0,222,,24877,17,,,0,109,,24878,17,,,0,98,,24879,17,,,0,110,,24880,17,,,0
1500,'S2-5_4',743,,24882,17,,,0,61,,24883,17,,,0,114,,24884,17,,,0,117,,24885,17,,,0,118,,24886,17,,,0,80,,24887,17,,,0,75,,24888,17,,,0,97,,24889,17,,,0,222,,24890,17,,,0,109,,24891,17,,,0,98,,24892,17,,,0,110,,24893,17,,,0
1500,'S2-5_5',743,,24895,17,,,0,61,,24896,17,,,0,114,,24897,17,,,0,117,,24898,17,,,0,118,,24899,17,,,0,80,,24900,17,,,0,75,,24901,17,,,0,97,,24902,17,,,0,222,,24903,17,,,0,109,,24904,17,,,0,98,,24905,17,,,0,110,,24906,17,,,0
1500,'S2-6_3',743,,24908,17,,,0,61,,24909,17,,,0,114,,24910,17,,,0,117,,24911,17,,,0,118,,24912,17,,,0,80,,24913,17,,,0,75,,24914,17,,,0,97,,24915,17,,,0,222,,24916,17,,,0,109,,24917,17,,,0,98,,24918,17,,,0,110,,24919,17,,,0
1501,'S2-1_6',653,,24921,7,,,0,58,,24922,7,,,0,95,,24923,7,,,0,21,,24924,7,,,0,117,,24925,7,,,0,156,,24926,7,,,0,118,,24927,7,,,0,94,,24928,7,,,0,119,,24929,7,,,0,222,,24930,7,,,0,150,,24931,7,,,0,55,,24932,7,,,0
1501,'S2-5_1',653,,24934,7,,,0,58,,24935,7,,,0,95,,24936,7,,,0,21,,24937,7,,,0,117,,24938,7,,,0,156,,24939,7,,,0,118,,24940,7,,,0,94,,24941,7,,,0,119,,24942,7,,,0,222,,24943,7,,,0,150,,24944,7,,,0,55,,24945,7,,,0
1501,'S2-5_2',653,,24947,7,,,0,58,,24948,7,,,0,95,,24949,7,,,0,21,,24950,7,,,0,117,,24951,7,,,0,156,,24952,7,,,0,118,,24953,7,,,0,94,,24954,7,,,0,119,,24955,7,,,0,222,,24956,7,,,0,150,,24957,7,,,0,55,,24958,7,,,0
1501,'S2-5_4',653,,24960,7,,,0,58,,24961,7,,,0,95,,24962,7,,,0,21,,24963,7,,,0,117,,24964,7,,,0,156,,24965,7,,,0,118,,24966,7,,,0,94,,24967,7,,,0,119,,24968,7,,,0,222,,24969,7,,,0,150,,24970,7,,,0,55,,24971,7,,,0
1501,'S2-5_5',653,,24973,7,,,0,58,,24974,7,,,0,95,,24975,7,,,0,21,,24976,7,,,0,117,,24977,7,,,0,156,,24978,7,,,0,118,,24979,7,,,0,94,,24980,7,,,0,119,,24981,7,,,0,222,,24982,7,,,0,150,,24983,7,,,0,55,,24984,7,,,0
1501,'S2-6_3',653,,24986,7,,,0,58,,24987,7,,,0,95,,24988,7,,,0,21,,24989,7,,,0,117,,24990,7,,,0,156,,24991,7,,,0,118,,24992,7,,,0,94,,24993,7,,,0,119,,24994,7,,,0,222,,24995,7,,,0,150,,24996,7,,,0,55,,24997,7,,,0
