200,'0_5',827,,30316,24,0,34,0,111,,30317,24,0,34,0,106,,30303,33,0,34,0,109,,30304,33,0,34,0,100,,30301,36,0,34,0,87,,30306,24,0,34,0,95,,30305,36,0,34,0,100,,30302,33,0,34,0,112,,30320,33,0,34,0,107,,30307,36,0,34,0,101,,30308,36,0,34,0,98,,30309,36,0,34,0
200,'2_6',731,,30367,36,0,34,0,112,,30368,36,0,34,0,106,,30369,33,0,34,0,105,,30370,36,0,34,0,150,,30371,36,0,34,0,104,,30372,34,0,34,0,100,,30373,36,0,34,0,103,,30374,36,0,34,0,105,,30375,36,0,34,0,105,,30376,36,0,34,0,99,,30377,36,0,34,0,132,,30389,33,0,34,0
200,'5_1',822,,37413,24,0,34,0,115,,37412,24,0,34,0,107,,37409,33,0,34,0,108,,37401,33,0,34,0,101,,37402,36,0,34,0,85,,37396,24,0,34,0,96,,37398,36,0,34,0,99,,37397,33,0,34,0,111,,37390,33,0,34,0,106,,37389,36,0,34,0,104,,37386,36,0,34,0,98,,37383,36,0,34,0
200,'5_2',822,,38669,24,0,34,0,115,,38668,24,0,34,0,107,,38665,33,0,34,0,108,,38657,33,0,34,0,101,,38658,36,0,34,0,85,,38652,24,0,34,0,96,,38654,36,0,34,0,99,,38653,33,0,34,0,111,,38646,33,0,34,0,106,,38645,36,0,34,0,104,,38642,36,0,34,0,98,,38639,36,0,34,0
200,'5_3',822,,38708,24,0,34,0,115,,38707,24,0,34,0,107,,38704,33,0,34,0,108,,38696,33,0,34,0,101,,38697,36,0,34,0,85,,38691,24,0,34,0,96,,38693,36,0,34,0,99,,38692,33,0,34,0,111,,38685,33,0,34,0,106,,38684,36,0,34,0,104,,38681,36,0,34,0,98,,38678,36,0,34,0
200,'5_4',822,,38747,24,0,34,0,115,,38746,24,0,34,0,107,,38743,33,0,34,0,108,,38735,33,0,34,0,101,,38736,36,0,34,0,85,,38730,24,0,34,0,96,,38732,36,0,34,0,99,,38731,33,0,34,0,111,,38724,33,0,34,0,106,,38723,36,0,34,0,104,,38720,36,0,34,0,98,,38717,36,0,34,0
200,'5_5',822,,38786,24,0,34,0,115,,38785,24,0,34,0,107,,38782,33,0,34,0,108,,38774,33,0,34,0,101,,38775,36,0,34,0,85,,38769,24,0,34,0,96,,38771,36,0,34,0,99,,38770,33,0,34,0,111,,38763,33,0,34,0,106,,38762,36,0,34,0,104,,38759,36,0,34,0,98,,38756,36,0,34,0
200,'6_1',822,,38825,24,0,34,0,115,,38824,24,0,34,0,107,,38821,33,0,34,0,108,,38813,33,0,34,0,101,,38814,36,0,34,0,85,,38808,24,0,34,0,96,,38810,36,0,34,0,99,,38809,33,0,34,0,111,,38802,33,0,34,0,106,,38801,36,0,34,0,104,,38798,36,0,34,0,98,,38795,36,0,34,0
201,'0_5',659,,30535,10,0,20,0,95,,30538,10,0,21,0,146,,30539,10,0,21,0,109,,30543,10,0,21,0,109,,30544,10,0,21,0,116,,30540,10,0,20,0,94,,30572,10,0,62,0,95,,30537,10,0,20,0,90,,30541,10,0,62,0,109,,30567,10,0,62,0,100,,30542,10,0,62,0,127,,30546,10,0,21,0,87,,30547,10,0,21,0
201,'2_6',703,,30614,10,0,20,0,99,,30615,10,0,21,0,113,,30616,10,0,20,0,105,,30617,10,0,20,0,106,,30618,10,0,20,0,110,,30619,10,0,21,0,103,,30620,10,0,21,0,106,,30621,10,0,62,0,102,,30622,10,0,62,0,103,,30623,10,0,21,0,103,,30624,10,0,21,0,102,,30625,10,0,21,0
201,'5_1',703,,37457,10,0,20,0,99,,37452,10,0,21,0,100,,37453,10,0,21,0,108,,37445,10,0,21,0,111,,37443,10,0,21,0,115,,37444,10,0,20,0,95,,37438,10,0,62,0,94,,37435,10,0,20,0,90,,37436,10,0,62,0,99,,37430,10,0,21,0,115,,37423,10,0,62,0,100,,37425,10,0,62,0,108,,37420,10,0,21,0
201,'5_2',703,,38869,10,0,20,0,99,,38864,10,0,21,0,100,,38865,10,0,21,0,108,,38857,10,0,21,0,111,,38855,10,0,21,0,115,,38856,10,0,20,0,95,,38850,10,0,62,0,94,,38847,10,0,20,0,90,,38848,10,0,62,0,99,,38842,10,0,21,0,115,,38835,10,0,62,0,100,,38837,10,0,62,0,108,,38832,10,0,21,0
201,'5_3',703,,38908,10,0,20,0,99,,38903,10,0,21,0,100,,38904,10,0,21,0,108,,38896,10,0,21,0,111,,38894,10,0,21,0,115,,38895,10,0,20,0,95,,38889,10,0,62,0,94,,38886,10,0,20,0,90,,38887,10,0,62,0,99,,38881,10,0,21,0,115,,38874,10,0,62,0,100,,38876,10,0,62,0,108,,38871,10,0,21,0
201,'5_4',703,,38947,10,0,20,0,99,,38942,10,0,21,0,100,,38943,10,0,21,0,108,,38935,10,0,21,0,111,,38933,10,0,21,0,115,,38934,10,0,20,0,95,,38928,10,0,62,0,94,,38925,10,0,20,0,90,,38926,10,0,62,0,99,,38920,10,0,21,0,115,,38913,10,0,62,0,100,,38915,10,0,62,0,108,,38910,10,0,21,0
201,'5_5',703,,38986,10,0,20,0,99,,38981,10,0,21,0,100,,38982,10,0,21,0,108,,38974,10,0,21,0,111,,38972,10,0,21,0,115,,38973,10,0,20,0,95,,38967,10,0,62,0,94,,38964,10,0,20,0,90,,38965,10,0,62,0,99,,38959,10,0,21,0,115,,38952,10,0,62,0,100,,38954,10,0,62,0,108,,38949,10,0,21,0
201,'6_1',703,,39025,10,0,20,0,99,,39020,10,0,21,0,100,,39021,10,0,21,0,108,,39013,10,0,21,0,111,,39011,10,0,21,0,115,,39012,10,0,20,0,95,,39006,10,0,62,0,94,,39003,10,0,20,0,90,,39004,10,0,62,0,99,,38998,10,0,21,0,115,,38991,10,0,62,0,100,,38993,10,0,62,0,108,,38988,10,0,21,0
