500,'2_6',715,,31549,6,,,0,99,,31538,6,,,0,99,,31539,6,,,0,100,,31540,6,,,0,100,,31541,6,,,0,97,,31542,6,,,0,98,,31543,6,,,0,100,,31544,6,,,0,99,,31545,6,,,0,100,,31546,6,,,0,100,,31547,6,,,0,194,,31548,6,,,0
500,'5_5',815,,39631,6,,,0,105,,39632,6,,,0,100,,39633,6,,,0,105,,39634,6,,,0,101,,39635,6,,,0,84,,39636,6,,,0,94,,39637,6,,,0,100,,39638,6,,,0,102,,39639,6,,,0,106,,39640,6,,,0,103,,39641,6,,,0,100,,39642,6,,,0
500,'6_1',815,,39645,6,,,0,105,,39646,6,,,0,100,,39647,6,,,0,105,,39648,6,,,0,101,,39649,6,,,0,84,,39650,6,,,0,94,,39651,6,,,0,100,,39652,6,,,0,102,,39653,6,,,0,106,,39654,6,,,0,103,,39655,6,,,0,100,,39656,6,,,0
500,'6_2',815,,44260,6,,,0,105,,44261,6,,,0,100,,44262,6,,,0,105,,44263,6,,,0,101,,44264,6,,,0,84,,44265,6,,,0,94,,44266,6,,,0,100,,44267,6,,,0,102,,44268,6,,,0,106,,44269,6,,,0,103,,44270,6,,,0,100,,44271,6,,,0
500,'6_3',815,,44274,6,,,0,105,,44275,6,,,0,100,,44276,6,,,0,105,,44277,6,,,0,101,,44278,6,,,0,84,,44279,6,,,0,94,,44280,6,,,0,100,,44281,6,,,0,102,,44282,6,,,0,106,,44283,6,,,0,103,,44284,6,,,0,100,,44285,6,,,0
500,'6_4',815,,44288,6,,,0,105,,44289,6,,,0,100,,44290,6,,,0,105,,44291,6,,,0,101,,44292,6,,,0,84,,44293,6,,,0,94,,44294,6,,,0,100,,44295,6,,,0,102,,44296,6,,,0,106,,44297,6,,,0,103,,44298,6,,,0,100,,44299,6,,,0
500,'7_1',656,,46980,6,,,0,159,,46968,6,,,0,105,,46969,6,,,0,100,,46970,6,,,0,105,,46971,6,,,0,101,,46972,6,,,0,84,,46973,6,,,0,94,,46974,6,,,0,100,,46975,6,,,0,102,,46976,6,,,0,106,,46977,6,,,0,103,,46982,6,,,0,100,,46978,6,,,0
2900500,'5_5',655,,42621,6,,,0,148,,42622,6,,,0
2900500,'6_1',655,,42623,6,,,0,148,,42624,6,,,0
2900500,'6_2',655,,46079,6,,,0,148,,46080,6,,,0
2900500,'6_3',655,,46081,6,,,0,148,,46082,6,,,0
2900500,'6_4',655,,46083,6,,,0,148,,46084,6,,,0
2900500,'7_1',649,,47832,6,,,0,106,,47833,6,,,0
