100,'0_5',744,,29865,47,0,61 8,0,56,,29862,47,0,61 8,0,15,,29866,47,0,61 8,0,13,,29853,47,,,0,13,,29872,47,0,61 8,0,69,,29867,47,0,61 8,0,27,,29854,47,0,61 8,0,78,,29868,47,0,61 8,0,38,,29855,47,0,61 8,0,80,,29869,47,0,61 8,0,80,,29856,47,0,61 8,0,18,,29873,47,,,0,22,,29874,47,,,0,72,,29857,47,0,61 8,0,24,,29870,47,0,61 8,0,66,,29858,47,0,61 8,0,35,,29871,47,0,61 8,0,81,,29859,47,0,61 8,0,26,,29875,47,,,0,77,,29864,47,0,61 8,0,20,,29876,47,,,0,55,,29881,24,0,61 8,0,25,,29877,47,,,0,11,,29860,47,0,61 8,0,12,,29884,31,,,0,45,,29878,47,,,0,16,,29861,47,0,61 8,0,13,,29879,47,,,0,6,,29885,31,,,0,18,,29851,47,,,0,72,,29880,47,0,61 8,0,75,,29852,47,,,0
100,'2_6',741,,29921,47,0,61 8,0,109,,29933,47,0,61 8,0,95,,29922,47,0,61 8,0,70,,29934,47,0,61 8,0,30,,29923,47,0,61 8,0,72,,29935,47,0,61 8,0,30,,29924,47,0,61 8,0,69,,29936,47,0,61 8,0,30,,29925,47,0,61 8,0,68,,29937,47,0,61 8,0,31,,29926,47,0,61 8,0,70,,29938,47,0,61 8,0,30,,29927,47,0,61 8,0,70,,29939,47,0,61 8,0,30,,29928,47,0,61 8,0,72,,29940,47,0,61 8,0,32,,29929,47,0,61 8,0,72,,29941,47,0,61 8,0,31,,29930,47,0,61 8,0,68,,29942,47,0,61 8,0,27,,29931,47,0,61 8,0,71,,29943,47,0,61 8,0,28,,29932,47,0,61 8,0
100,'3_7',943,,29944,47,0,61 8,0,104,,29949,47,0,61 8,0,106,,29945,47,0,61 8,0,104,,29950,47,0,61 8,0,90,,29946,47,0,61 8,0,100,,29951,47,0,61 8,0,106,,29947,47,0,61 8,0,105,,29952,47,0,61 8,0,144,,29948,47,0,61 8,0,105,,29953,47,0,61 8,0
100,'5_1',741,,37339,47,,,0,15,,37336,47,0,61 8,0,55,,37340,47,0,61 8,0,15,,37327,47,,,0,15,,37346,47,0,61 8,0,70,,37341,47,0,61 8,0,25,,37328,47,0,61 8,0,80,,37342,47,0,61 8,0,40,,37329,47,0,61 8,0,79,,37343,47,0,61 8,0,75,,37330,47,0,61 8,0,20,,37347,47,,,0,25,,37348,47,,,0,70,,37331,47,0,61 8,0,25,,37344,47,0,61 8,0,65,,37332,47,0,61 8,0,32,,37345,47,0,61 8,0,78,,37333,47,0,61 8,0,31,,37349,47,0,61 8,0,72,,37338,47,0,61 8,0,26,,37350,47,,,0,76,,37334,47,,,0,70,,37351,47,,,0,29,,37335,47,,,0,26,,37325,47,,,0,73,,37352,47,0,61 8,0,24,,37326,47,,,0
100,'5_2',741,,38371,47,,,0,15,,38368,47,0,61 8,0,55,,38372,47,0,61 8,0,15,,38359,47,,,0,15,,38378,47,0,61 8,0,70,,38373,47,0,61 8,0,25,,38360,47,0,61 8,0,80,,38374,47,0,61 8,0,40,,38361,47,0,61 8,0,79,,38375,47,0,61 8,0,75,,38362,47,0,61 8,0,20,,38379,47,,,0,25,,38380,47,,,0,70,,38363,47,0,61 8,0,25,,38376,47,0,61 8,0,65,,38364,47,0,61 8,0,32,,38377,47,0,61 8,0,78,,38365,47,0,61 8,0,31,,38381,47,0,61 8,0,72,,38370,47,0,61 8,0,26,,38382,47,,,0,76,,38366,47,,,0,70,,38383,47,,,0,29,,38367,47,,,0,26,,38357,47,,,0,73,,38384,47,0,61 8,0,24,,38358,47,,,0
100,'5_3',741,,38399,47,,,0,15,,38396,47,0,61 8,0,55,,38400,47,0,61 8,0,15,,38387,47,,,0,15,,38406,47,0,61 8,0,70,,38401,47,0,61 8,0,25,,38388,47,0,61 8,0,80,,38402,47,0,61 8,0,40,,38389,47,0,61 8,0,79,,38403,47,0,61 8,0,75,,38390,47,0,61 8,0,20,,38407,47,,,0,25,,38408,47,,,0,70,,38391,47,0,61 8,0,25,,38404,47,0,61 8,0,65,,38392,47,0,61 8,0,32,,38405,47,0,61 8,0,78,,38393,47,0,61 8,0,31,,38409,47,0,61 8,0,72,,38398,47,0,61 8,0,26,,38410,47,,,0,76,,38394,47,,,0,70,,38411,47,,,0,29,,38395,47,,,0,26,,38385,47,,,0,73,,38412,47,0,61 8,0,24,,38386,47,,,0
100,'5_4',741,,38427,47,,,0,15,,38424,47,0,61 8,0,55,,38428,47,0,61 8,0,15,,38415,47,,,0,15,,38434,47,0,61 8,0,70,,38429,47,0,61 8,0,25,,38416,47,0,61 8,0,80,,38430,47,0,61 8,0,40,,38417,47,0,61 8,0,79,,38431,47,0,61 8,0,75,,38418,47,0,61 8,0,20,,38435,47,,,0,25,,38436,47,,,0,70,,38419,47,0,61 8,0,25,,38432,47,0,61 8,0,65,,38420,47,0,61 8,0,32,,38433,47,0,61 8,0,78,,38421,47,0,61 8,0,31,,38437,47,0,61 8,0,72,,38426,47,0,61 8,0,26,,38438,47,,,0,76,,38422,47,,,0,70,,38439,47,,,0,29,,38423,47,,,0,26,,38413,47,,,0,73,,38440,47,0,61 8,0,24,,38414,47,,,0
100,'5_5',741,,38455,47,,,0,15,,38452,47,0,61 8,0,55,,38456,47,0,61 8,0,15,,38443,47,,,0,15,,38462,47,0,61 8,0,70,,38457,47,0,61 8,0,25,,38444,47,0,61 8,0,80,,38458,47,0,61 8,0,40,,38445,47,0,61 8,0,79,,38459,47,0,61 8,0,75,,38446,47,0,61 8,0,20,,38463,47,,,0,25,,38464,47,,,0,70,,38447,47,0,61 8,0,25,,38460,47,0,61 8,0,65,,38448,47,0,61 8,0,32,,38461,47,0,61 8,0,78,,38449,47,0,61 8,0,31,,38465,47,0,61 8,0,72,,38454,47,0,61 8,0,26,,38466,47,,,0,76,,38450,47,,,0,70,,38467,47,,,0,29,,38451,47,,,0,26,,38441,47,,,0,73,,38468,47,0,61 8,0,24,,38442,47,,,0
100,'6_1',741,,38483,47,,,0,15,,38480,47,0,61 8,0,55,,38484,47,0,61 8,0,15,,38471,47,,,0,15,,38490,47,0,61 8,0,70,,38485,47,0,61 8,0,25,,38472,47,0,61 8,0,80,,38486,47,0,61 8,0,40,,38473,47,0,61 8,0,79,,38487,47,0,61 8,0,75,,38474,47,0,61 8,0,20,,38491,47,,,0,25,,38492,47,,,0,70,,38475,47,0,61 8,0,25,,38488,47,0,61 8,0,65,,38476,47,0,61 8,0,32,,38489,47,0,61 8,0,78,,38477,47,0,61 8,0,31,,38493,47,0,61 8,0,72,,38482,47,0,61 8,0,26,,38494,47,,,0,76,,38478,47,,,0,70,,38495,47,,,0,29,,38479,47,,,0,26,,38469,47,,,0,73,,38496,47,0,61 8,0,24,,38470,47,,,0
101,'0_5',657,,30063,15,0,6,0,49,,30093,9,0,7,0,19,,30064,15,0,6,0,13,,30091,9,0,5,0,15,,30065,15,0,6,0,58,,30094,15,0,5,0,14,,30078,9,0,7,0,28,,30069,9,0,6,0,81,,30079,15,0,5,0,75,,30070,9,0,6,0,40,,30082,9,0,5,0,76,,30071,9,0,6,0,29,,30083,9,0,5,0,60,,30072,9,0,6,0,35,,30084,9,0,5,0,78,,30066,15,0,6,0,27,,30080,15,0,5,0,70,,30073,9,0,6,0,25,,30085,9,0,5,0,74,,30074,9,0,6,0,20,,30086,9,0,5,0,62,,30075,9,0,6,0,33,,30076,9,0,6,0,20,,30081,15,0,5,0,53,,30077,9,0,6,0,30,,30087,9,0,5,0,59,,30067,15,0,6,0,20,,30088,9,0,5,0,30,,30068,15,0,6,0,75,,30089,9,0,5,0
101,'2_6',659,,30129,9,0,5,0,151,,30130,9,0,5,0,108,,30131,9,0,5,0,30,,30142,9,0,6,0,69,,30132,9,0,5,0,31,,30143,9,0,6,0,70,,30133,9,0,5,0,30,,30144,9,0,6,0,70,,30134,9,0,5,0,30,,30145,9,0,6,0,70,,30135,9,0,5,0,29,,30146,9,0,6,0,69,,30136,9,0,5,0,30,,30147,9,0,6,0,70,,30137,9,0,5,0,32,,30148,9,0,6,0,70,,30138,9,0,5,0,29,,30149,9,0,6,0,73,,30139,9,0,5,0,30,,30150,9,0,6,0,79,,30140,9,0,5,0,25,,30151,9,0,6,0,67,,30141,9,0,5,0
101,'3_7',905,,30152,9,0,6,0,105,,30157,9,0,5,0,105,,30153,9,0,6,0,105,,30158,9,0,5,0,105,,30154,9,0,6,0,90,,30159,9,0,5,0,100,,30155,9,0,6,0,105,,30160,9,0,5,0,105,,30156,9,0,6,0,105,,30161,9,0,5,0
101,'5_1',700,,37353,15,0,6,0,14,,37379,9,0,5,0,15,,37354,15,0,6,0,14,,37378,9,0,5,0,15,,37355,15,0,6,0,55,,37380,15,0,5,0,16,,37368,9,0,17,0,25,,37359,9,0,6,0,80,,37369,15,0,5,0,75,,37360,9,0,6,0,40,,37371,9,0,5,0,79,,37361,9,0,6,0,27,,37372,9,0,5,0,60,,37362,9,0,6,0,35,,37373,9,0,5,0,76,,37356,15,0,6,0,28,,37370,15,0,5,0,70,,37363,9,0,6,0,25,,37374,9,0,5,0,70,,37364,9,0,6,0,24,,37375,9,0,5,0,69,,37365,9,0,6,0,30,,37366,9,0,5,0,75,,37367,9,0,6,0,37,,37357,15,0,6,0,74,,37376,15,0,5,0,29,,37358,15,0,6,0,71,,37377,15,0,5,0
101,'5_2',700,,38497,15,0,6,0,14,,38523,9,0,5,0,15,,38498,15,0,6,0,14,,38522,9,0,5,0,15,,38499,15,0,6,0,55,,38524,15,0,5,0,16,,38512,9,0,17,0,25,,38503,9,0,6,0,80,,38513,15,0,5,0,75,,38504,9,0,6,0,40,,38515,9,0,5,0,79,,38505,9,0,6,0,27,,38516,9,0,5,0,60,,38506,9,0,6,0,35,,38517,9,0,5,0,76,,38500,15,0,6,0,28,,38514,15,0,5,0,70,,38507,9,0,6,0,25,,38518,9,0,5,0,70,,38508,9,0,6,0,24,,38519,9,0,5,0,69,,38509,9,0,6,0,30,,38510,9,0,5,0,75,,38511,9,0,6,0,37,,38501,15,0,6,0,74,,38520,15,0,5,0,29,,38502,15,0,6,0,71,,38521,15,0,5,0
101,'5_3',700,,38525,15,0,6,0,14,,38551,9,0,5,0,15,,38526,15,0,6,0,14,,38550,9,0,5,0,15,,38527,15,0,6,0,55,,38552,15,0,5,0,16,,38540,9,0,17,0,25,,38531,9,0,6,0,80,,38541,15,0,5,0,75,,38532,9,0,6,0,40,,38543,9,0,5,0,79,,38533,9,0,6,0,27,,38544,9,0,5,0,60,,38534,9,0,6,0,35,,38545,9,0,5,0,76,,38528,15,0,6,0,28,,38542,15,0,5,0,70,,38535,9,0,6,0,25,,38546,9,0,5,0,70,,38536,9,0,6,0,24,,38547,9,0,5,0,69,,38537,9,0,6,0,30,,38538,9,0,5,0,75,,38539,9,0,6,0,37,,38529,15,0,6,0,74,,38548,15,0,5,0,29,,38530,15,0,6,0,71,,38549,15,0,5,0
101,'5_4',700,,38553,15,0,6,0,14,,38579,9,0,5,0,15,,38554,15,0,6,0,14,,38578,9,0,5,0,15,,38555,15,0,6,0,55,,38580,15,0,5,0,16,,38568,9,0,17,0,25,,38559,9,0,6,0,80,,38569,15,0,5,0,75,,38560,9,0,6,0,40,,38571,9,0,5,0,79,,38561,9,0,6,0,27,,38572,9,0,5,0,60,,38562,9,0,6,0,35,,38573,9,0,5,0,76,,38556,15,0,6,0,28,,38570,15,0,5,0,70,,38563,9,0,6,0,25,,38574,9,0,5,0,70,,38564,9,0,6,0,24,,38575,9,0,5,0,69,,38565,9,0,6,0,30,,38566,9,0,5,0,75,,38567,9,0,6,0,37,,38557,15,0,6,0,74,,38576,15,0,5,0,29,,38558,15,0,6,0,71,,38577,15,0,5,0
101,'5_5',700,,38581,15,0,6,0,14,,38607,9,0,5,0,15,,38582,15,0,6,0,14,,38606,9,0,5,0,15,,38583,15,0,6,0,55,,38608,15,0,5,0,16,,38596,9,0,17,0,25,,38587,9,0,6,0,80,,38597,15,0,5,0,75,,38588,9,0,6,0,40,,38599,9,0,5,0,79,,38589,9,0,6,0,27,,38600,9,0,5,0,60,,38590,9,0,6,0,35,,38601,9,0,5,0,76,,38584,15,0,6,0,28,,38598,15,0,5,0,70,,38591,9,0,6,0,25,,38602,9,0,5,0,70,,38592,9,0,6,0,24,,38603,9,0,5,0,69,,38593,9,0,6,0,30,,38594,9,0,5,0,75,,38595,9,0,6,0,37,,38585,15,0,6,0,74,,38604,15,0,5,0,29,,38586,15,0,6,0,71,,38605,15,0,5,0
101,'6_1',700,,38609,15,0,6,0,14,,38635,9,0,5,0,15,,38610,15,0,6,0,14,,38634,9,0,5,0,15,,38611,15,0,6,0,55,,38636,15,0,5,0,16,,38624,9,0,17,0,25,,38615,9,0,6,0,80,,38625,15,0,5,0,75,,38616,9,0,6,0,40,,38627,9,0,5,0,79,,38617,9,0,6,0,27,,38628,9,0,5,0,60,,38618,9,0,6,0,35,,38629,9,0,5,0,76,,38612,15,0,6,0,28,,38626,15,0,5,0,70,,38619,9,0,6,0,25,,38630,9,0,5,0,70,,38620,9,0,6,0,24,,38631,9,0,5,0,69,,38621,9,0,6,0,30,,38622,9,0,5,0,75,,38623,9,0,6,0,37,,38613,15,0,6,0,74,,38632,15,0,5,0,29,,38614,15,0,6,0,71,,38633,15,0,5,0
