1001,'2_6',846,,32445,37,,,0,108,,32446,40,,,0,103,,32453,38,,,0,102,,32447,40,,,0,99,,32454,38,,,0,86,,32455,38,,,0,158,,32450,37,,,0,42,,32456,38,,,0,176,,32451,34,,,0,116,,32452,34,,,0,102,,32448,40,,,0,107,,32449,40,,,0
1001,'5_1',846,,37721,37,,,0,104,,37723,40,,,0,107,,37726,38,,,0,102,,37724,40,,,0,99,,37727,38,,,0,86,,37728,38,,,0,158,,37722,37,,,0,42,,37732,38,,,0,176,,37729,34,,,0,116,,37730,34,,,0,102,,37731,40,,,0,107,,37725,40,,,0
1001,'5_2',846,,40337,37,,,0,104,,40339,40,,,0,107,,40342,38,,,0,102,,40340,40,,,0,99,,40343,38,,,0,86,,40344,38,,,0,158,,40338,37,,,0,42,,40348,38,,,0,176,,40345,34,,,0,116,,40346,34,,,0,102,,40347,40,,,0,107,,40341,40,,,0
1001,'5_3',846,,40349,37,,,0,104,,40351,40,,,0,107,,40354,38,,,0,102,,40352,40,,,0,99,,40355,38,,,0,86,,40356,38,,,0,158,,40350,37,,,0,42,,40360,38,,,0,176,,40357,34,,,0,116,,40358,34,,,0,102,,40359,40,,,0,107,,40353,40,,,0
1001,'5_4',846,,40361,37,,,0,104,,40363,40,,,0,107,,40366,38,,,0,102,,40364,40,,,0,99,,40367,38,,,0,86,,40368,38,,,0,158,,40362,37,,,0,42,,40372,38,,,0,176,,40369,34,,,0,116,,40370,34,,,0,102,,40371,40,,,0,107,,40365,40,,,0
1001,'5_5',846,,40373,37,,,0,104,,40375,40,,,0,107,,40378,38,,,0,102,,40376,40,,,0,99,,40379,38,,,0,86,,40380,38,,,0,158,,40374,37,,,0,42,,40384,38,,,0,176,,40381,34,,,0,116,,40382,34,,,0,102,,40383,40,,,0,107,,40377,40,,,0
1001,'6_1',846,,40385,37,,,0,104,,40387,40,,,0,107,,40390,38,,,0,102,,40388,40,,,0,99,,40391,38,,,0,86,,40392,38,,,0,158,,40386,37,,,0,42,,40396,38,,,0,176,,40393,34,,,0,116,,40394,34,,,0,102,,40395,40,,,0,107,,40389,40,,,0
1001,'6_2',846,,44708,37,,,0,104,,44710,40,,,0,107,,44713,38,,,0,102,,44711,40,,,0,99,,44714,38,,,0,86,,44715,38,,,0,158,,44709,37,,,0,42,,44719,38,,,0,176,,44716,34,,,0,116,,44717,34,,,0,102,,44718,40,,,0,107,,44712,40,,,0
1001,'6_3',846,,44720,37,,,0,104,,44722,40,,,0,107,,44725,38,,,0,102,,44723,40,,,0,99,,44726,38,,,0,86,,44727,38,,,0,158,,44721,37,,,0,42,,44731,38,,,0,176,,44728,34,,,0,116,,44729,34,,,0,102,,44730,40,,,0,107,,44724,40,,,0
1001,'6_4',846,,44732,37,,,0,104,,44734,40,,,0,107,,44737,38,,,0,102,,44735,40,,,0,99,,44738,38,,,0,86,,44739,38,,,0,158,,44733,37,,,0,42,,44743,38,,,0,176,,44740,34,,,0,116,,44741,34,,,0,102,,44742,40,,,0,107,,44736,40,,,0
