2501,'S2-1_6',705,,10851,10,,,0,111,,10852,10,,,0,125,,10853,10,,,0,112,,10854,10,,,0,153,,10855,10,,,0,128,,10856,10,,,0,168,,10857,10,,,0,119,,10858,10,,,0,120,,10859,10,,,0,160,,10860,10,,,0
2501,'S2-5_1',700,,10861,10,,,0,29,,10862,10,,,0,86,,10863,10,,,0,37,,10864,10,,,0,76,,10865,10,,,0,112,,10866,10,,,0,166,,10867,10,,,0,120,,10868,10,,,0,116,,10869,10,,,0,117,,10870,10,,,0,97,,10871,10,,,0,103,,10872,10,,,0,160,,10873,10,,,0
2501,'S2-5_2',700,,10874,10,,,0,29,,10875,10,,,0,86,,10876,10,,,0,37,,10877,10,,,0,76,,10878,10,,,0,112,,10879,10,,,0,166,,10880,10,,,0,120,,10881,10,,,0,116,,10882,10,,,0,117,,10883,10,,,0,97,,10884,10,,,0,103,,10885,10,,,0,160,,10886,10,,,0
2501,'S2-5_4',700,,10887,10,,,0,29,,10888,10,,,0,86,,10889,10,,,0,37,,10890,10,,,0,76,,10891,10,,,0,112,,10892,10,,,0,166,,10893,10,,,0,120,,10894,10,,,0,116,,10895,10,,,0,117,,10896,10,,,0,97,,10897,10,,,0,103,,10898,10,,,0,160,,10899,10,,,0
2501,'S2-5_5',700,,10900,10,,,0,29,,10901,10,,,0,86,,10902,10,,,0,37,,10903,10,,,0,76,,10904,10,,,0,112,,10905,10,,,0,166,,10906,10,,,0,120,,10907,10,,,0,116,,10908,10,,,0,117,,10909,10,,,0,97,,10910,10,,,0,103,,10911,10,,,0,160,,10912,10,,,0
2501,'S2-6_3',700,,10913,10,,,0,29,,10914,10,,,0,86,,10915,10,,,0,37,,10916,10,,,0,76,,10917,10,,,0,112,,10918,10,,,0,166,,10919,10,,,0,120,,10920,10,,,0,116,,10921,10,,,0,117,,10922,10,,,0,97,,10923,10,,,0,103,,10924,10,,,0,160,,10925,10,,,0
4000001,'S2-1_6',645,,14511,8,,,0,59,,14532,6,,,0,20,,14512,8,,,0,20,,14533,6,,,0,59,,14513,8,,,0,20,,14534,6,,,0,20,,14514,8,,,0,61,,14535,6,,,0,20,,14515,8,,,0,20,,14536,6,,,0,61,,14516,8,,,0,20,,14537,6,,,0,21,,14517,8,,,0,61,,14538,6,,,0,22,,14518,8,,,0,20,,14539,6,,,0,63,,14519,8,,,0,21,,14540,6,,,0,21,,14520,8,,,0,58,,14541,6,,,0,18,,14521,8,,,0,17,,14542,6,,,0,58,,14522,8,,,0,19,,14543,6,,,0,20,,14523,8,,,0,60,,14544,6,,,0,20,,14524,8,,,0,20,,14545,6,,,0,59,,14525,8,,,0,19,,14546,6,,,0,20,,14526,8,,,0,60,,14547,6,,,0,20,,14527,8,,,0,20,,14548,6,,,0,61,,14528,8,,,0,21,,14549,6,,,0,20,,14529,8,,,0,60,,14550,6,,,0,21,,14530,6,,,0,21,,14551,8,,,0,61,,14553,6,,,0,20,,14531,8,,,0,30,,14552,6,,,0
4000001,'S2-4_7',901,,14555,8,,,0,110,,14560,6,,,0,110,,14556,8,,,0,110,,14561,6,,,0,110,,14557,8,,,0,110,,14562,6,,,0,150,,14558,8,,,0,110,,14563,6,,,0,110,,14559,8,,,0,110,,14554,6,,,0
4000001,'S2-5_1',644,,14564,8,,,0,58,,14582,6,,,0,17,,14565,8,,,0,18,,14606,6,,,0,63,,14566,8,,,0,20,,14583,6,,,0,21,,14567,8,,,0,60,,14584,6,,,0,21,,14568,8,,,0,20,,14585,6,,,0,59,,14605,8,,,0,20,,14586,6,,,0,20,,14569,8,,,0,60,,14587,6,,,0,21,,14570,8,,,0,19,,14588,6,,,0,18,,14571,8,,,0,62,,14589,6,,,0,20,,14572,8,,,0,61,,14590,6,,,0,19,,14573,8,,,0,19,,14591,6,,,0,60,,14604,8,,,0,21,,14592,6,,,0,19,,14574,8,,,0,19,,14593,6,,,0,60,,14575,8,,,0,20,,14594,6,,,0,18,,14603,8,,,0,60,,14595,6,,,0,17,,14576,8,,,0,20,,14596,6,,,0,59,,14577,8,,,0,23,,14597,6,,,0,21,,14578,8,,,0,62,,14598,6,,,0,23,,14579,8,,,0,61,,14599,6,,,0,21,,14580,8,,,0,20,,14600,6,,,0,61,,14601,6,,,0,20,,14581,8,,,0,31,,14602,6,,,0
4000001,'S2-5_2',644,,14607,8,,,0,58,,14625,6,,,0,17,,14608,8,,,0,18,,14649,6,,,0,63,,14609,8,,,0,20,,14626,6,,,0,21,,14610,8,,,0,60,,14627,6,,,0,21,,14611,8,,,0,20,,14628,6,,,0,59,,14648,8,,,0,20,,14629,6,,,0,20,,14612,8,,,0,60,,14630,6,,,0,21,,14613,8,,,0,19,,14631,6,,,0,18,,14614,8,,,0,62,,14632,6,,,0,20,,14615,8,,,0,61,,14633,6,,,0,19,,14616,8,,,0,19,,14634,6,,,0,60,,14647,8,,,0,21,,14635,6,,,0,19,,14617,8,,,0,19,,14636,6,,,0,60,,14618,8,,,0,20,,14637,6,,,0,18,,14646,8,,,0,60,,14638,6,,,0,17,,14619,8,,,0,20,,14639,6,,,0,59,,14620,8,,,0,23,,14640,6,,,0,21,,14621,8,,,0,62,,14641,6,,,0,23,,14622,8,,,0,61,,14642,6,,,0,21,,14623,8,,,0,20,,14643,6,,,0,61,,14644,6,,,0,20,,14624,8,,,0,31,,14645,6,,,0
4000001,'S2-5_4',644,,14650,8,,,0,58,,14668,6,,,0,17,,14651,8,,,0,18,,14692,6,,,0,63,,14652,8,,,0,20,,14669,6,,,0,21,,14653,8,,,0,60,,14670,6,,,0,21,,14654,8,,,0,20,,14671,6,,,0,59,,14691,8,,,0,20,,14672,6,,,0,20,,14655,8,,,0,60,,14673,6,,,0,21,,14656,8,,,0,19,,14674,6,,,0,18,,14657,8,,,0,62,,14675,6,,,0,20,,14658,8,,,0,61,,14676,6,,,0,19,,14659,8,,,0,19,,14677,6,,,0,60,,14690,8,,,0,21,,14678,6,,,0,19,,14660,8,,,0,19,,14679,6,,,0,60,,14661,8,,,0,20,,14680,6,,,0,18,,14689,8,,,0,60,,14681,6,,,0,17,,14662,8,,,0,20,,14682,6,,,0,59,,14663,8,,,0,23,,14683,6,,,0,21,,14664,8,,,0,62,,14684,6,,,0,23,,14665,8,,,0,61,,14685,6,,,0,21,,14666,8,,,0,20,,14686,6,,,0,61,,14687,6,,,0,20,,14667,8,,,0,31,,14688,6,,,0
4000001,'S2-5_5',644,,14693,8,,,0,58,,14711,6,,,0,17,,14694,8,,,0,18,,14735,6,,,0,63,,14695,8,,,0,20,,14712,6,,,0,21,,14696,8,,,0,60,,14713,6,,,0,21,,14697,8,,,0,20,,14714,6,,,0,59,,14734,8,,,0,20,,14715,6,,,0,20,,14698,8,,,0,60,,14716,6,,,0,21,,14699,8,,,0,19,,14717,6,,,0,18,,14700,8,,,0,62,,14718,6,,,0,20,,14701,8,,,0,61,,14719,6,,,0,19,,14702,8,,,0,19,,14720,6,,,0,60,,14733,8,,,0,21,,14721,6,,,0,19,,14703,8,,,0,19,,14722,6,,,0,60,,14704,8,,,0,20,,14723,6,,,0,18,,14732,8,,,0,60,,14724,6,,,0,17,,14705,8,,,0,20,,14725,6,,,0,59,,14706,8,,,0,23,,14726,6,,,0,21,,14707,8,,,0,62,,14727,6,,,0,23,,14708,8,,,0,61,,14728,6,,,0,21,,14709,8,,,0,20,,14729,6,,,0,61,,14730,6,,,0,20,,14710,8,,,0,31,,14731,6,,,0
4000001,'S2-6_3',644,,14736,8,,,0,58,,14754,6,,,0,17,,14737,8,,,0,18,,14778,6,,,0,63,,14738,8,,,0,20,,14755,6,,,0,21,,14739,8,,,0,60,,14756,6,,,0,21,,14740,8,,,0,20,,14757,6,,,0,59,,14777,8,,,0,20,,14758,6,,,0,20,,14741,8,,,0,60,,14759,6,,,0,21,,14742,8,,,0,19,,14760,6,,,0,18,,14743,8,,,0,62,,14761,6,,,0,20,,14744,8,,,0,61,,14762,6,,,0,19,,14745,8,,,0,19,,14763,6,,,0,60,,14776,8,,,0,21,,14764,6,,,0,19,,14746,8,,,0,19,,14765,6,,,0,60,,14747,8,,,0,20,,14766,6,,,0,18,,14775,8,,,0,60,,14767,6,,,0,17,,14748,8,,,0,20,,14768,6,,,0,59,,14749,8,,,0,23,,14769,6,,,0,21,,14750,8,,,0,62,,14770,6,,,0,23,,14751,8,,,0,61,,14771,6,,,0,21,,14752,8,,,0,20,,14772,6,,,0,61,,14773,6,,,0,20,,14753,8,,,0,31,,14774,6,,,0
