400,'1_6',729,,16027,27,0,40,0,105,,16028,27,0,40,0,73,,16021,39,0,40,0,27,,16029,27,0,40,0,72,,16030,27,0,40,0,30,,16031,27,0,40,0,71,,16022,39,0,40,0,31,,16032,27,0,40,0,69,,16034,27,0,40,0,30,,16033,27,0,40,0,69,,16023,39,0,40,0,31,,16035,27,0,40,0,70,,16036,27,0,40,0,29,,16037,27,0,40,0,73,,16024,39,0,40,0,32,,16038,27,0,40,0,69,,16039,27,0,40,0,30,,16040,27,0,40,0,72,,16025,39,0,40,0,35,,16041,27,0,40,0,71,,16042,27,0,40,0,31,,16043,27,0,40,0,69,,16026,39,0,40,0,31,,16044,27,0,40,0
400,'4_7',929,,16045,27,0,40,0,100,,16046,27,0,40,0,100,,16047,27,0,40,0,100,,16048,27,0,40,0,100,,16049,27,0,40,0,100,,16050,27,0,40,0,100,,16051,27,0,40,0,100,,16052,27,0,40,0,100,,16053,27,0,40,0,100,,16054,27,0,40,0
400,'5_1',732,,16078,27,0,43,0,15,,16086,27,0,40,0,56,,16055,27,0,40,0,13,,16056,27,0,40,0,16,,16080,27,0,40,0,15,,16057,27,0,40,0,53,,16058,27,0,40,0,30,,16059,27,0,40,0,80,,16060,39,0,40,0,31,,16061,27,0,40,0,70,,16062,27,0,40,0,35,,16063,27,0,40,0,76,,16064,27,0,40,0,23,,16084,27,,,0,65,,16081,39,0,40,0,30,,16065,27,0,40,0,67,,16066,27,0,40,0,28,,16069,39,0,40,0,75,,16067,27,0,40,0,31,,16070,39,0,40,0,77,,16068,27,0,40,0,30,,16087,27,0,40,0,66,,16071,11,0,40,0,5,,16082,39,0,40,0,14,,16072,27,0,40,0,15,,16088,27,,,0,55,,16073,39,0,40,0,24,,16077,11,0,40,0,18,,16085,27,,,0,74,,16075,27,0,40,0,25,,16076,39,0,40,0
400,'5_2',732,,16112,27,0,43,0,15,,16120,27,0,40,0,56,,16089,27,0,40,0,13,,16090,27,0,40,0,16,,16114,27,0,40,0,15,,16091,27,0,40,0,53,,16092,27,0,40,0,30,,16093,27,0,40,0,80,,16094,39,0,40,0,31,,16095,27,0,40,0,70,,16096,27,0,40,0,35,,16097,27,0,40,0,76,,16098,27,0,40,0,23,,16118,27,,,0,65,,16115,39,0,40,0,30,,16099,27,0,40,0,67,,16100,27,0,40,0,28,,16103,39,0,40,0,75,,16101,27,0,40,0,31,,16104,39,0,40,0,77,,16102,27,0,40,0,30,,16121,27,0,40,0,66,,16105,11,0,40,0,5,,16116,39,0,40,0,14,,16106,27,0,40,0,15,,16122,27,,,0,55,,16107,39,0,40,0,24,,16111,11,0,40,0,18,,16119,27,,,0,74,,16109,27,0,40,0,25,,16110,39,0,40,0
400,'5_4',732,,16146,27,0,43,0,15,,16154,27,0,40,0,56,,16123,27,0,40,0,13,,16124,27,0,40,0,16,,16148,27,0,40,0,15,,16125,27,0,40,0,53,,16126,27,0,40,0,30,,16127,27,0,40,0,80,,16128,39,0,40,0,31,,16129,27,0,40,0,70,,16130,27,0,40,0,35,,16131,27,0,40,0,76,,16132,27,0,40,0,23,,16152,27,,,0,65,,16149,39,0,40,0,30,,16133,27,0,40,0,67,,16134,27,0,40,0,28,,16137,39,0,40,0,75,,16135,27,0,40,0,31,,16138,39,0,40,0,77,,16136,27,0,40,0,30,,16155,27,0,40,0,66,,16139,11,0,40,0,5,,16150,39,0,40,0,14,,16140,27,0,40,0,15,,16156,27,,,0,55,,16141,39,0,40,0,24,,16145,11,0,40,0,18,,16153,27,,,0,74,,16143,27,0,40,0,25,,16144,39,0,40,0
400,'5_5',732,,16180,27,0,43,0,15,,16188,27,0,40,0,56,,16157,27,0,40,0,13,,16158,27,0,40,0,16,,16182,27,0,40,0,15,,16159,27,0,40,0,53,,16160,27,0,40,0,30,,16161,27,0,40,0,80,,16162,39,0,40,0,31,,16163,27,0,40,0,70,,16164,27,0,40,0,35,,16165,27,0,40,0,76,,16166,27,0,40,0,23,,16186,27,,,0,65,,16183,39,0,40,0,30,,16167,27,0,40,0,67,,16168,27,0,40,0,28,,16171,39,0,40,0,75,,16169,27,0,40,0,31,,16172,39,0,40,0,77,,16170,27,0,40,0,30,,16189,27,0,40,0,66,,16173,11,0,40,0,5,,16184,39,0,40,0,14,,16174,27,0,40,0,15,,16190,27,,,0,55,,16175,39,0,40,0,24,,16179,11,0,40,0,18,,16187,27,,,0,74,,16177,27,0,40,0,25,,16178,39,0,40,0
400,'6_3',732,,16213,27,0,43,0,15,,16221,27,0,40,0,56,,16191,27,0,40,0,13,,16192,27,0,40,0,16,,16215,27,0,40,0,15,,16193,27,0,40,0,53,,16194,27,0,40,0,30,,16195,27,0,40,0,80,,16196,39,0,40,0,31,,16197,27,0,40,0,70,,16198,27,0,40,0,35,,16199,27,0,40,0,76,,16200,27,0,40,0,23,,16219,27,,,0,65,,16216,39,0,40,0,30,,16201,27,0,40,0,67,,16202,27,0,40,0,28,,16205,39,0,40,0,75,,16203,27,0,40,0,31,,16206,39,0,40,0,77,,16204,27,0,40,0,30,,16222,27,0,40,0,66,,16207,11,0,40,0,5,,16217,39,0,40,0,14,,16208,27,0,40,0,15,,16223,27,,,0,55,,16209,39,0,40,0,24,,16210,27,0,40,0,18,,16220,27,,,0,74,,16211,27,0,40,0,25,,16212,39,0,40,0
2300,'5_1',1610,,18100,8,,,0,103,,18101,8,,,0,99,,18102,8,,,0
2300,'5_2',1610,,18103,8,,,0,103,,18104,8,,,0,99,,18105,8,,,0
2300,'5_4',1610,,18106,8,,,0,103,,18107,8,,,0,99,,18108,8,,,0
2300,'5_5',1610,,18109,8,,,0,103,,18110,8,,,0,99,,18111,8,,,0
2300,'6_3',1216,,18113,8,,,0,3,,18112,8,,,0
