601,'S2-1_6',809,,9291,28,4,,0,50,,9293,28,4,,0,96,,9294,28,4,,0,92,,9295,28,4,,0,89,,9296,28,4,,0,88,,9297,28,4,,0,87,,9298,28,4,,0,90,,9299,28,4,,0,49,,9300,28,4,,0,89,,9301,28,4,,0,101,,9302,28,4,,0,92,,9303,28,4,,0,93,,9304,28,4,,0,85,,9305,28,4,,0,49,,9292,28,4,,0
601,'S2-5_1',640,,9306,28,4,,0,109,,9319,28,4,,0,95,,9307,28,4,,0,101,,9308,28,4,,0,99,,9309,28,4,,0,101,,9310,28,4,,0,105,,9323,28,4,,0,59,,9311,28,4,,0,42,,9312,28,4,,0,103,,9313,28,4,,0,96,,9314,28,4,,0,82,,9320,28,4,,0,78,,9315,29,4,,0,41,,9321,28,4,,0,66,,9316,29,4,,0,27,,9322,29,4,,0,64,,9317,28,4,,0,95,,9318,28,4,,0
601,'S2-5_2',640,,9324,28,4,,0,109,,9337,28,4,,0,95,,9325,28,4,,0,101,,9326,28,4,,0,99,,9327,28,4,,0,101,,9328,28,4,,0,105,,9341,28,4,,0,59,,9329,28,4,,0,42,,9330,28,4,,0,103,,9331,28,4,,0,96,,9332,28,4,,0,82,,9338,28,4,,0,78,,9333,29,4,,0,41,,9339,28,4,,0,66,,9334,29,4,,0,27,,9340,29,4,,0,64,,9335,28,4,,0,95,,9336,28,4,,0
601,'S2-5_4',640,,9342,28,4,,0,109,,9355,28,4,,0,95,,9343,28,4,,0,101,,9344,28,4,,0,99,,9345,28,4,,0,101,,9346,28,4,,0,105,,9359,28,4,,0,59,,9347,28,4,,0,42,,9348,28,4,,0,103,,9349,28,4,,0,96,,9350,28,4,,0,82,,9356,28,4,,0,78,,9351,29,4,,0,41,,9357,28,4,,0,66,,9352,29,4,,0,27,,9358,29,4,,0,64,,9353,28,4,,0,95,,9354,28,4,,0
601,'S2-5_5',640,,9360,28,4,,0,109,,9373,28,4,,0,95,,9361,28,4,,0,101,,9362,28,4,,0,99,,9363,28,4,,0,101,,9364,28,4,,0,105,,9377,28,4,,0,59,,9365,28,4,,0,42,,9366,28,4,,0,103,,9367,28,4,,0,96,,9368,28,4,,0,82,,9374,28,4,,0,78,,9369,29,4,,0,41,,9375,28,4,,0,66,,9370,29,4,,0,27,,9376,29,4,,0,64,,9371,28,4,,0,95,,9372,28,4,,0
601,'S2-6_3',640,,9378,28,4,,0,109,,9392,28,4,,0,95,,9379,28,4,,0,101,,9380,28,4,,0,99,,9381,28,4,,0,101,,9382,28,4,,0,105,,9383,29,4,,0,59,,9384,28,4,,0,42,,9385,28,4,,0,103,,9386,28,4,,0,96,,9387,28,4,,0,82,,9393,28,4,,0,78,,9388,29,4,,0,41,,9394,28,4,,0,66,,9389,29,4,,0,27,,9395,29,4,,0,64,,9390,28,4,,0,95,,9391,28,4,,0
1800,'S2-5_1',702,,10408,3,,,0,24,,10409,3,,,0,26,,10410,3,,,0,870,,10411,3,,,0,28,,10412,4,,,0,70,,10413,3,,,0,32,,10414,3,,,0,67,,10415,3,,,0,29,,10416,3,,,0,64,,10417,3,,,0
1800,'S2-5_2',702,,10418,3,,,0,24,,10419,3,,,0,26,,10420,3,,,0,870,,10421,3,,,0,28,,10422,4,,,0,70,,10423,3,,,0,32,,10424,3,,,0,67,,10425,3,,,0,29,,10426,3,,,0,64,,10427,3,,,0
1800,'S2-5_4',702,,10428,3,,,0,24,,10429,3,,,0,26,,10430,3,,,0,870,,10431,3,,,0,28,,10432,4,,,0,70,,10433,3,,,0,32,,10434,3,,,0,67,,10435,3,,,0,29,,10436,3,,,0,64,,10437,3,,,0
1800,'S2-5_5',702,,10438,3,,,0,24,,10439,3,,,0,26,,10440,3,,,0,870,,10441,3,,,0,28,,10442,4,,,0,70,,10443,3,,,0,32,,10444,3,,,0,67,,10445,3,,,0,29,,10446,3,,,0,64,,10447,3,,,0
1800,'S2-6_3',702,,10448,3,,,0,24,,10449,3,,,0,26,,10450,3,,,0,501,,10454,3,,,0,62,,10455,3,,,0,405,,10451,3,,,0,99,,10452,3,,,0,93,,10453,3,,,0
2900601,'S2-5_1',1800,,13591,10,4,,0,55,,13592,10,4,,0
2900601,'S2-5_2',1800,,13593,10,4,,0,55,,13594,10,4,,0
2900601,'S2-5_4',1800,,13595,10,4,,0,55,,13596,10,4,,0
2900601,'S2-5_5',1800,,13597,10,4,,0,55,,13598,10,4,,0
2900601,'S2-6_3',1800,,13599,10,4,,0,55,,13600,10,4,,0
