400,'0_6',747,,64825,37,0,40,0,96,,64817,37,0,40,0,68,,64806,49,0,40,0,30,,64805,37,0,40,0,71,,64804,37,0,40,0,32,,64807,37,0,40,0,72,,64821,49,0,40,0,31,,64808,37,0,40,0,72,,64809,37,0,40,0,28,,64827,37,0,40,0,69,,64824,49,0,40,0,31,,64810,37,0,40,0,69,,64811,37,0,40,0,28,,64812,37,0,40,0,69,,64814,49,0,40,0,32,,64815,37,0,40,0,75,,64813,37,0,40,0,33,,64826,37,0,40,0,65,,64818,49,0,40,0,22,,64822,37,0,40,0,67,,64823,37,0,40,0,36,,64819,37,0,40,0,69,,64820,49,0,40,0,45,,64816,49,0,40,0
400,'1_7',851,,64828,49,0,40,0,165,,64829,49,0,40,0,125,,64830,49,0,40,0,200,,64831,49,0,40,0,166,,64832,49,0,40,0,125,,64833,49,0,40,0,126,,64834,49,0,40,0,164,,64835,49,0,40,0
400,'2_1',737,,64860,38,,,0,74,,64857,38,0,40,0,32,,64851,37,0,40,0,68,,64838,49,0,40,0,30,,64837,37,0,40,0,70,,64836,37,0,40,0,37,,64839,37,0,40,0,69,,64858,49,0,40,0,30,,64840,37,0,40,0,76,,64841,37,0,40,0,31,,64854,37,0,40,0,67,,64852,50,0,40,0,26,,64842,37,0,40,0,69,,64843,37,0,40,0,26,,64844,37,0,40,0,71,,64846,49,0,40,0,32,,64847,37,0,40,0,75,,64845,37,0,40,0,37,,64856,38,,,0,69,,64853,50,0,40,0,26,,64848,38,0,40,0,60,,64849,49,,,0,31,,64855,37,0,40,0,74,,64859,49,0,40,0,86,,64850,49,0,40,0
400,'2_2',737,,64885,38,,,0,74,,64882,38,0,40,0,32,,64876,37,0,40,0,68,,64863,49,0,40,0,30,,64862,37,0,40,0,70,,64861,37,0,40,0,37,,64864,37,0,40,0,69,,64883,49,0,40,0,30,,64865,37,0,40,0,76,,64866,37,0,40,0,31,,64879,37,0,40,0,67,,64877,50,0,40,0,26,,64867,37,0,40,0,69,,64868,37,0,40,0,26,,64869,37,0,40,0,71,,64871,49,0,40,0,32,,64872,37,0,40,0,75,,64870,37,0,40,0,37,,64881,38,,,0,69,,64878,50,0,40,0,26,,64873,38,0,40,0,60,,64874,49,,,0,31,,64880,37,0,40,0,74,,64884,49,0,40,0,86,,64875,49,0,40,0
400,'2_3',737,,64910,38,,,0,74,,64907,38,0,40,0,32,,64901,37,0,40,0,68,,64888,49,0,40,0,30,,64887,37,0,40,0,70,,64886,37,0,40,0,37,,64889,37,0,40,0,69,,64908,49,0,40,0,30,,64890,37,0,40,0,76,,64891,37,0,40,0,31,,64904,37,0,40,0,67,,64902,50,0,40,0,26,,64892,37,0,40,0,69,,64893,37,0,40,0,26,,64894,37,0,40,0,71,,64896,49,0,40,0,32,,64897,37,0,40,0,75,,64895,37,0,40,0,37,,64906,38,,,0,69,,64903,50,0,40,0,26,,64898,38,0,40,0,60,,64899,49,,,0,31,,64905,37,0,40,0,74,,64909,49,0,40,0,86,,64900,49,0,40,0
400,'2_4',737,,64935,38,,,0,74,,64932,38,0,40,0,32,,64926,37,0,40,0,68,,64913,49,0,40,0,30,,64912,37,0,40,0,70,,64911,37,0,40,0,37,,64914,37,0,40,0,69,,64933,49,0,40,0,30,,64915,37,0,40,0,76,,64916,37,0,40,0,31,,64929,37,0,40,0,67,,64927,50,0,40,0,26,,64917,37,0,40,0,69,,64918,37,0,40,0,26,,64919,37,0,40,0,71,,64921,49,0,40,0,32,,64922,37,0,40,0,75,,64920,37,0,40,0,37,,64931,38,,,0,69,,64928,50,0,40,0,26,,64923,38,0,40,0,60,,64924,49,,,0,31,,64930,37,0,40,0,74,,64934,49,0,40,0,86,,64925,49,0,40,0
400,'2_5',737,,64960,38,,,0,74,,64957,38,0,40,0,32,,64951,37,0,40,0,68,,64938,49,0,40,0,30,,64937,37,0,40,0,70,,64936,37,0,40,0,37,,64939,37,0,40,0,69,,64958,49,0,40,0,30,,64940,37,0,40,0,76,,64941,37,0,40,0,31,,64954,37,0,40,0,67,,64952,50,0,40,0,26,,64942,37,0,40,0,69,,64943,37,0,40,0,26,,64944,37,0,40,0,71,,64946,49,0,40,0,32,,64947,37,0,40,0,75,,64945,37,0,40,0,37,,64956,38,,,0,69,,64953,50,0,40,0,26,,64948,38,0,40,0,60,,64949,49,,,0,31,,64955,37,0,40,0,74,,64959,49,0,40,0,86,,64950,49,0,40,0
400,'3_1',737,,64985,38,,,0,74,,64982,38,0,40,0,32,,64976,37,0,40,0,68,,64963,49,0,40,0,30,,64962,37,0,40,0,70,,64961,37,0,40,0,37,,64964,37,0,40,0,69,,64983,49,0,40,0,30,,64965,37,0,40,0,76,,64966,37,0,40,0,31,,64979,37,0,40,0,67,,64977,50,0,40,0,26,,64967,37,0,40,0,69,,64968,37,0,40,0,26,,64969,37,0,40,0,71,,64971,49,0,40,0,32,,64972,37,0,40,0,75,,64970,37,0,40,0,37,,64981,38,,,0,69,,64978,50,0,40,0,26,,64973,38,0,40,0,60,,64974,49,,,0,31,,64980,37,0,40,0,74,,64984,49,0,40,0,86,,64975,49,0,40,0
400,'3_3',737,,65010,38,,,0,74,,65007,38,0,40,0,32,,65001,37,0,40,0,68,,64988,49,0,40,0,30,,64987,37,0,40,0,70,,64986,37,0,40,0,37,,64989,37,0,40,0,69,,65008,49,0,40,0,30,,64990,37,0,40,0,76,,64991,37,0,40,0,31,,65004,37,0,40,0,67,,65002,50,0,40,0,26,,64992,37,0,40,0,69,,64993,37,0,40,0,26,,64994,37,0,40,0,71,,64996,49,0,40,0,32,,64997,37,0,40,0,75,,64995,37,0,40,0,37,,65006,38,,,0,69,,65003,50,0,40,0,26,,64998,38,0,40,0,60,,64999,49,,,0,31,,65005,37,0,40,0,74,,65009,49,0,40,0,86,,65000,49,0,40,0
400,'3_4',737,,65035,38,,,0,74,,65032,38,0,40,0,32,,65026,37,0,40,0,68,,65013,49,0,40,0,30,,65012,37,0,40,0,70,,65011,37,0,40,0,37,,65014,37,0,40,0,69,,65033,49,0,40,0,30,,65015,37,0,40,0,76,,65016,37,0,40,0,31,,65029,37,0,40,0,67,,65027,50,0,40,0,26,,65017,37,0,40,0,69,,65018,37,0,40,0,26,,65019,37,0,40,0,71,,65021,49,0,40,0,32,,65022,37,0,40,0,75,,65020,37,0,40,0,37,,65031,38,,,0,69,,65028,50,0,40,0,26,,65023,38,0,40,0,60,,65024,49,,,0,31,,65030,37,0,40,0,74,,65034,49,0,40,0,86,,65025,49,0,40,0
400,'3_5',737,,65060,38,,,0,74,,65057,38,0,40,0,32,,65051,37,0,40,0,68,,65038,49,0,40,0,30,,65037,37,0,40,0,70,,65036,37,0,40,0,37,,65039,37,0,40,0,69,,65058,49,0,40,0,30,,65040,37,0,40,0,76,,65041,37,0,40,0,31,,65054,37,0,40,0,67,,65052,50,0,40,0,26,,65042,37,0,40,0,69,,65043,37,0,40,0,26,,65044,37,0,40,0,71,,65046,49,0,40,0,32,,65047,37,0,40,0,75,,65045,37,0,40,0,37,,65056,38,,,0,69,,65053,50,0,40,0,26,,65048,38,0,40,0,60,,65049,49,,,0,31,,65055,37,0,40,0,74,,65059,49,0,40,0,86,,65050,49,0,40,0
400,'4_7',851,,65061,49,0,40,0,165,,65062,49,0,40,0,125,,65063,49,0,40,0,200,,65064,49,0,40,0,166,,65065,49,0,40,0,125,,65066,49,0,40,0,126,,65067,49,0,40,0,164,,65068,49,0,40,0
