2201,'0_6',933,,67648,9,,,0,122,,67649,9,,,0,172,,67650,9,,,0,213,,67651,9,,,0,177,,67652,9,,,0,138,,67653,9,,,0,160,,67654,9,,,0
2201,'1_7',1256,,67655,9,,,0,158,,67656,9,,,0,120,,67657,9,,,0,120,,67658,9,,,0,160,,67659,9,,,0
2201,'2_1',933,,67660,9,,,0,122,,67661,9,,,0,172,,67662,9,,,0,213,,67663,9,,,0,177,,67664,9,,,0,138,,67665,9,,,0,160,,67666,9,,,0
2201,'2_2',933,,67667,9,,,0,122,,67668,9,,,0,172,,67669,9,,,0,213,,67670,9,,,0,177,,67671,9,,,0,138,,67672,9,,,0,160,,67673,9,,,0
2201,'2_3',933,,67674,9,,,0,122,,67675,9,,,0,172,,67676,9,,,0,213,,67677,9,,,0,177,,67678,9,,,0,138,,67679,9,,,0,160,,67680,9,,,0
2201,'2_4',933,,67681,9,,,0,122,,67682,9,,,0,172,,67683,9,,,0,213,,67684,9,,,0,177,,67685,9,,,0,138,,67686,9,,,0,160,,67687,9,,,0
2201,'2_5',933,,67688,9,,,0,122,,67689,9,,,0,172,,67690,9,,,0,213,,67691,9,,,0,177,,67692,9,,,0,138,,67693,9,,,0,160,,67694,9,,,0
2201,'3_1',933,,67695,9,,,0,122,,67696,9,,,0,172,,67697,9,,,0,213,,67698,9,,,0,177,,67699,9,,,0,138,,67700,9,,,0,160,,67701,9,,,0
2201,'3_3',933,,67702,9,,,0,122,,67703,9,,,0,172,,67704,9,,,0,213,,67705,9,,,0,177,,67706,9,,,0,138,,67707,9,,,0,160,,67708,9,,,0
2201,'3_4',933,,67709,9,,,0,122,,67710,9,,,0,172,,67711,9,,,0,213,,67712,9,,,0,177,,67713,9,,,0,138,,67714,9,,,0,160,,67715,9,,,0
2201,'3_5',933,,67716,9,,,0,122,,67717,9,,,0,172,,67718,9,,,0,213,,67719,9,,,0,177,,67720,9,,,0,138,,67721,9,,,0,160,,67722,9,,,0
2201,'4_7',1256,,67723,9,,,0,158,,67724,9,,,0,120,,67725,9,,,0,120,,67726,9,,,0,160,,67727,9,,,0
