900,'0_6',638,,66482,3,,,0,98,,66483,3,,,0,118,,66481,3,0,50,0,198,,66484,3,,,0,175,,66489,4,,,0,189,,66485,3,,,0,188,,66490,2,,,0,45,,66492,3,,,0,87,,66486,3,,,0,97,,66487,3,,,0
900,'2_1',638,,66495,3,,,0,98,,66496,3,,,0,118,,66494,3,0,50,0,198,,66497,3,,,0,175,,66502,4,,,0,189,,66498,3,,,0,188,,66503,2,,,0,45,,66505,3,,,0,87,,66499,3,,,0,97,,66500,3,,,0
900,'2_2',638,,66508,3,,,0,98,,66509,3,,,0,118,,66507,3,0,50,0,198,,66510,3,,,0,175,,66515,4,,,0,189,,66511,3,,,0,188,,66516,2,,,0,45,,66518,3,,,0,87,,66512,3,,,0,97,,66513,3,,,0
900,'2_3',638,,66521,3,,,0,98,,66522,3,,,0,118,,66520,3,0,50,0,198,,66523,3,,,0,175,,66528,4,,,0,189,,66524,3,,,0,188,,66529,2,,,0,45,,66531,3,,,0,87,,66525,3,,,0,97,,66526,3,,,0
900,'2_4',638,,66534,3,,,0,98,,66535,3,,,0,118,,66533,3,0,50,0,198,,66536,3,,,0,175,,66541,4,,,0,189,,66537,3,,,0,188,,66542,2,,,0,45,,66544,3,,,0,87,,66538,3,,,0,97,,66539,3,,,0
900,'2_5',638,,66547,3,,,0,98,,66548,3,,,0,118,,66546,3,0,50,0,198,,66549,3,,,0,175,,66554,4,,,0,189,,66550,3,,,0,188,,66555,2,,,0,45,,66557,3,,,0,87,,66551,3,,,0,97,,66552,3,,,0
900,'3_1',638,,66560,3,,,0,98,,66561,3,,,0,118,,66559,3,0,50,0,198,,66562,3,,,0,175,,66567,4,,,0,189,,66563,3,,,0,188,,66568,2,,,0,45,,66570,3,,,0,87,,66564,3,,,0,97,,66565,3,,,0
900,'3_3',638,,66573,3,,,0,98,,66574,3,,,0,118,,66572,3,0,50,0,198,,66575,3,,,0,175,,66580,4,,,0,189,,66576,3,,,0,188,,66581,2,,,0,45,,66583,3,,,0,87,,66577,3,,,0,97,,66578,3,,,0
900,'3_4',638,,66586,3,,,0,98,,66587,3,,,0,118,,66585,3,0,50,0,198,,66588,3,,,0,175,,66593,4,,,0,189,,66589,3,,,0,188,,66594,2,,,0,45,,66596,3,,,0,87,,66590,3,,,0,97,,66591,3,,,0
900,'3_5',638,,66599,3,,,0,98,,66600,3,,,0,118,,66598,3,0,50,0,198,,66601,3,,,0,175,,66606,4,,,0,189,,66602,3,,,0,188,,66607,2,,,0,45,,66609,3,,,0,87,,66603,3,,,0,97,,66604,3,,,0
