301,'2_6',725,,30999,9,,,0,31,,30996,9,,,0,70,,30997,9,,,0,30,,30998,9,,,0,70,,31000,9,,,0,30,,31001,9,,,0,71,,31002,9,,,0,29,,31003,9,,,0,71,,31007,9,,,0,30,,31006,9,,,0,69,,31004,9,,,0,29,,31005,9,,,0,69,,31009,9,,,0,29,,31010,9,,,0,70,,31008,9,,,0,31,,31011,9,,,0,70,,31014,9,,,0,32,,31012,9,,,0,73,,31013,9,,,0,71,,31016,9,,,0,32,,31015,9,,,0,70,,31017,9,,,0,32,,31018,9,,,0,69,,31019,9,,,0,29,,31020,9,,,0,69,,31021,9,,,0,30,,31022,9,,,0,23,,31023,9,,,0
301,'3_7',918,,31024,9,,,0,100,,31025,9,,,0,100,,31026,9,,,0,100,,31027,9,,,0,100,,31028,9,,,0,100,,31029,9,,,0,100,,31030,9,,,0,100,,31031,9,,,0,100,,31032,9,,,0,100,,31033,9,,,0,100,,31034,9,,,0
301,'5_1',715,,37487,9,,,0,22,,37488,9,,,0,73,,37499,9,,,0,32,,37491,9,,,0,72,,37492,9,,,0,32,,37496,9,,,0,73,,37493,9,,,0,32,,37494,9,,,0,72,,37490,9,,,0,32,,37495,9,,,0,72,,37489,9,,,0,31,,37498,9,,,0,73,,37497,9,,,0,72,,37503,9,,,0,30,,37500,9,,,0,70,,37502,9,,,0,27,,37501,9,,,0,27,,37504,9,,,0,71,,37507,9,,,0,30,,37508,9,,,0,70,,37509,9,,,0,29,,37510,9,,,0,66,,37511,9,,,0,25,,37505,9,,,0,65,,37512,9,,,0,29,,37513,9,,,0,69,,37514,9,,,0,30,,37506,9,,,0
301,'5_2',715,,39167,9,,,0,22,,39168,9,,,0,73,,39179,9,,,0,32,,39171,9,,,0,72,,39172,9,,,0,32,,39176,9,,,0,73,,39173,9,,,0,32,,39174,9,,,0,72,,39170,9,,,0,32,,39175,9,,,0,72,,39169,9,,,0,31,,39178,9,,,0,73,,39177,9,,,0,72,,39183,9,,,0,30,,39180,9,,,0,70,,39182,9,,,0,27,,39181,9,,,0,27,,39184,9,,,0,71,,39187,9,,,0,30,,39188,9,,,0,70,,39189,9,,,0,29,,39190,9,,,0,66,,39191,9,,,0,25,,39185,9,,,0,65,,39192,9,,,0,29,,39193,9,,,0,69,,39194,9,,,0,30,,39186,9,,,0
301,'5_3',715,,39195,9,,,0,22,,39196,9,,,0,73,,39207,9,,,0,32,,39199,9,,,0,72,,39200,9,,,0,32,,39204,9,,,0,73,,39201,9,,,0,32,,39202,9,,,0,72,,39198,9,,,0,32,,39203,9,,,0,72,,39197,9,,,0,31,,39206,9,,,0,73,,39205,9,,,0,72,,39211,9,,,0,30,,39208,9,,,0,70,,39210,9,,,0,27,,39209,9,,,0,27,,39212,9,,,0,71,,39215,9,,,0,30,,39216,9,,,0,70,,39217,9,,,0,29,,39218,9,,,0,66,,39219,9,,,0,25,,39213,9,,,0,65,,39220,9,,,0,29,,39221,9,,,0,69,,39222,9,,,0,30,,39214,9,,,0
301,'5_4',715,,39223,9,,,0,22,,39224,9,,,0,73,,39235,9,,,0,32,,39227,9,,,0,72,,39228,9,,,0,32,,39232,9,,,0,73,,39229,9,,,0,32,,39230,9,,,0,72,,39226,9,,,0,32,,39231,9,,,0,72,,39225,9,,,0,31,,39234,9,,,0,73,,39233,9,,,0,72,,39239,9,,,0,30,,39236,9,,,0,70,,39238,9,,,0,27,,39237,9,,,0,27,,39240,9,,,0,71,,39243,9,,,0,30,,39244,9,,,0,70,,39245,9,,,0,29,,39246,9,,,0,66,,39247,9,,,0,25,,39241,9,,,0,65,,39248,9,,,0,29,,39249,9,,,0,69,,39250,9,,,0,30,,39242,9,,,0
301,'5_5',715,,39251,9,,,0,22,,39252,9,,,0,73,,39263,9,,,0,32,,39255,9,,,0,72,,39256,9,,,0,32,,39260,9,,,0,73,,39257,9,,,0,32,,39258,9,,,0,72,,39254,9,,,0,32,,39259,9,,,0,72,,39253,9,,,0,31,,39262,9,,,0,73,,39261,9,,,0,72,,39267,9,,,0,30,,39264,9,,,0,70,,39266,9,,,0,27,,39265,9,,,0,27,,39268,9,,,0,71,,39271,9,,,0,30,,39272,9,,,0,70,,39273,9,,,0,29,,39274,9,,,0,66,,39275,9,,,0,25,,39269,9,,,0,65,,39276,9,,,0,29,,39277,9,,,0,69,,39278,9,,,0,30,,39270,9,,,0
301,'6_1',715,,39279,9,,,0,22,,39280,9,,,0,73,,39291,9,,,0,32,,39283,9,,,0,72,,39284,9,,,0,32,,39288,9,,,0,73,,39285,9,,,0,32,,39286,9,,,0,72,,39282,9,,,0,32,,39287,9,,,0,72,,39281,9,,,0,31,,39290,9,,,0,73,,39289,9,,,0,72,,39295,9,,,0,30,,39292,9,,,0,70,,39294,9,,,0,27,,39293,9,,,0,27,,39296,9,,,0,71,,39299,9,,,0,30,,39300,9,,,0,70,,39301,9,,,0,29,,39302,9,,,0,66,,39303,9,,,0,25,,39297,9,,,0,65,,39304,9,,,0,29,,39305,9,,,0,69,,39306,9,,,0,30,,39298,9,,,0
301,'6_2',715,,44006,9,,,0,22,,44007,9,,,0,73,,44018,9,,,0,32,,44010,9,,,0,72,,44011,9,,,0,32,,44015,9,,,0,73,,44012,9,,,0,32,,44013,9,,,0,72,,44009,9,,,0,32,,44014,9,,,0,72,,44008,9,,,0,31,,44017,9,,,0,73,,44016,9,,,0,72,,44022,9,,,0,30,,44019,9,,,0,70,,44021,9,,,0,27,,44020,9,,,0,27,,44023,9,,,0,71,,44026,9,,,0,30,,44027,9,,,0,70,,44028,9,,,0,29,,44029,9,,,0,66,,44030,9,,,0,25,,44024,9,,,0,65,,44031,9,,,0,29,,44032,9,,,0,69,,44033,9,,,0,30,,44025,9,,,0
301,'6_3',715,,44034,9,,,0,22,,44035,9,,,0,73,,44046,9,,,0,32,,44038,9,,,0,72,,44039,9,,,0,32,,44043,9,,,0,73,,44040,9,,,0,32,,44041,9,,,0,72,,44037,9,,,0,32,,44042,9,,,0,72,,44036,9,,,0,31,,44045,9,,,0,73,,44044,9,,,0,72,,44050,9,,,0,30,,44047,9,,,0,70,,44049,9,,,0,27,,44048,9,,,0,27,,44051,9,,,0,71,,44054,9,,,0,30,,44055,9,,,0,70,,44056,9,,,0,29,,44057,9,,,0,66,,44058,9,,,0,25,,44052,9,,,0,65,,44059,9,,,0,29,,44060,9,,,0,69,,44061,9,,,0,30,,44053,9,,,0
301,'6_4',715,,44062,9,,,0,22,,44063,9,,,0,73,,44074,9,,,0,32,,44066,9,,,0,72,,44067,9,,,0,32,,44071,9,,,0,73,,44068,9,,,0,32,,44069,9,,,0,72,,44065,9,,,0,32,,44070,9,,,0,72,,44064,9,,,0,31,,44073,9,,,0,73,,44072,9,,,0,72,,44078,9,,,0,30,,44075,9,,,0,70,,44077,9,,,0,27,,44076,9,,,0,27,,44079,9,,,0,71,,44082,9,,,0,30,,44083,9,,,0,70,,44084,9,,,0,29,,44085,9,,,0,66,,44086,9,,,0,25,,44080,9,,,0,65,,44087,9,,,0,29,,44088,9,,,0,69,,44089,9,,,0,30,,44081,9,,,0
2000001,'2_6',700,,35915,24,,,0,41,,35916,24,,,0,80,,35917,24,,,0,32,,35955,24,,,0,61,,35919,24,,,0,20,,35918,24,,,0,21,,35920,24,,,0,61,,35921,24,,,0,19,,35923,24,,,0,18,,35922,24,,,0,60,,35928,24,,,0,19,,35926,24,,,0,18,,35930,24,,,0,59,,35924,24,,,0,19,,35929,24,,,0,20,,35925,24,,,0,56,,35927,24,,,0,18,,35936,24,,,0,18,,35933,24,,,0,60,,35934,24,,,0,21,,35935,24,,,0,18,,35932,24,,,0,17,,35931,24,,,0,59,,35937,24,,,0,22,,35938,24,,,0,20,,35940,24,,,0,59,,35939,24,,,0,20,,35941,24,,,0,20,,35942,24,,,0,61,,35943,24,,,0,20,,35945,24,,,0,19,,35944,24,,,0,58,,35946,24,,,0,19,,35947,24,,,0,19,,35948,24,,,0,58,,35949,24,,,0,17,,35950,24,,,0,18,,35951,24,,,0,62,,35952,24,,,0,24,,35953,24,,,0,22,,35954,24,,,0
2000001,'3_7',833,,35973,24,,,0,80,,35956,24,,,0,40,,35957,24,,,0,80,,35958,24,,,0,80,,35959,24,,,0,40,,35960,24,,,0,80,,35961,24,,,0,79,,35962,24,,,0,40,,35964,24,,,0,80,,35963,24,,,0,80,,35965,24,,,0,40,,35966,24,,,0,80,,35967,24,,,0,80,,35968,24,,,0,40,,35970,24,,,0,80,,35969,24,,,0,80,,35971,24,,,0,40,,35972,24,,,0
2000001,'5_1',657,,38127,24,,,0,65,,38124,24,,,0,18,,38122,24,,,0,16,,38126,24,,,0,55,,38123,24,,,0,15,,38128,24,,,0,16,,38121,24,,,0,14,,38125,24,,,0,55,,38130,24,,,0,16,,38169,24,,,0,15,,38168,24,,,0,16,,38167,24,,,0,55,,38166,24,,,0,16,,38164,24,,,0,14,,38165,24,,,0,16,,38163,24,,,0,55,,38162,24,,,0,14,,38160,24,,,0,15,,38161,24,,,0,15,,38159,24,,,0,55,,38158,24,,,0,15,,38157,24,,,0,14,,38156,24,,,0,14,,38151,24,,,0,54,,38152,24,,,0,15,,38153,24,,,0,15,,38149,24,,,0,16,,38154,24,,,0,55,,38155,24,,,0,17,,38150,24,,,0,14,,38142,24,,,0,14,,38145,24,,,0,55,,38148,24,,,0,15,,38144,24,,,0,17,,38146,24,,,0,15,,38147,24,,,0,55,,38143,24,,,0,16,,38140,24,,,0,15,,38141,24,,,0,15,,38139,24,,,0,56,,38136,24,,,0,15,,38137,24,,,0,14,,38138,24,,,0,15,,38135,24,,,0,54,,38133,24,,,0,14,,38134,24,,,0,14,,38131,24,,,0,15,,38132,24,,,0,55,,38129,24,,,0,14,,38175,24,,,0,26,,38170,24,,,0,58,,38171,24,,,0,20,,38174,24,,,0,19,,38173,24,,,0,57,,38172,24,,,0
2000001,'5_2',657,,42346,24,,,0,65,,42343,24,,,0,18,,42341,24,,,0,16,,42345,24,,,0,55,,42342,24,,,0,15,,42347,24,,,0,16,,42340,24,,,0,14,,42344,24,,,0,55,,42349,24,,,0,16,,42388,24,,,0,15,,42387,24,,,0,16,,42386,24,,,0,55,,42385,24,,,0,16,,42383,24,,,0,14,,42384,24,,,0,16,,42382,24,,,0,55,,42381,24,,,0,14,,42379,24,,,0,15,,42380,24,,,0,15,,42378,24,,,0,55,,42377,24,,,0,15,,42376,24,,,0,14,,42375,24,,,0,14,,42370,24,,,0,54,,42371,24,,,0,15,,42372,24,,,0,15,,42368,24,,,0,16,,42373,24,,,0,55,,42374,24,,,0,17,,42369,24,,,0,14,,42361,24,,,0,14,,42364,24,,,0,55,,42367,24,,,0,15,,42363,24,,,0,17,,42365,24,,,0,15,,42366,24,,,0,55,,42362,24,,,0,16,,42359,24,,,0,15,,42360,24,,,0,15,,42358,24,,,0,56,,42355,24,,,0,15,,42356,24,,,0,14,,42357,24,,,0,15,,42354,24,,,0,54,,42352,24,,,0,14,,42353,24,,,0,14,,42350,24,,,0,15,,42351,24,,,0,55,,42348,24,,,0,14,,42394,24,,,0,26,,42389,24,,,0,58,,42390,24,,,0,20,,42393,24,,,0,19,,42392,24,,,0,57,,42391,24,,,0
2000001,'5_3',657,,42401,24,,,0,65,,42398,24,,,0,18,,42396,24,,,0,16,,42400,24,,,0,55,,42397,24,,,0,15,,42402,24,,,0,16,,42395,24,,,0,14,,42399,24,,,0,55,,42404,24,,,0,16,,42443,24,,,0,15,,42442,24,,,0,16,,42441,24,,,0,55,,42440,24,,,0,16,,42438,24,,,0,14,,42439,24,,,0,16,,42437,24,,,0,55,,42436,24,,,0,14,,42434,24,,,0,15,,42435,24,,,0,15,,42433,24,,,0,55,,42432,24,,,0,15,,42431,24,,,0,14,,42430,24,,,0,14,,42425,24,,,0,54,,42426,24,,,0,15,,42427,24,,,0,15,,42423,24,,,0,16,,42428,24,,,0,55,,42429,24,,,0,17,,42424,24,,,0,14,,42416,24,,,0,14,,42419,24,,,0,55,,42422,24,,,0,15,,42418,24,,,0,17,,42420,24,,,0,15,,42421,24,,,0,55,,42417,24,,,0,16,,42414,24,,,0,15,,42415,24,,,0,15,,42413,24,,,0,56,,42410,24,,,0,15,,42411,24,,,0,14,,42412,24,,,0,15,,42409,24,,,0,54,,42407,24,,,0,14,,42408,24,,,0,14,,42405,24,,,0,15,,42406,24,,,0,55,,42403,24,,,0,14,,42449,24,,,0,26,,42444,24,,,0,58,,42445,24,,,0,20,,42448,24,,,0,19,,42447,24,,,0,57,,42446,24,,,0
2000001,'5_4',657,,42456,24,,,0,65,,42453,24,,,0,18,,42451,24,,,0,16,,42455,24,,,0,55,,42452,24,,,0,15,,42457,24,,,0,16,,42450,24,,,0,14,,42454,24,,,0,55,,42459,24,,,0,16,,42498,24,,,0,15,,42497,24,,,0,16,,42496,24,,,0,55,,42495,24,,,0,16,,42493,24,,,0,14,,42494,24,,,0,16,,42492,24,,,0,55,,42491,24,,,0,14,,42489,24,,,0,15,,42490,24,,,0,15,,42488,24,,,0,55,,42487,24,,,0,15,,42486,24,,,0,14,,42485,24,,,0,14,,42480,24,,,0,54,,42481,24,,,0,15,,42482,24,,,0,15,,42478,24,,,0,16,,42483,24,,,0,55,,42484,24,,,0,17,,42479,24,,,0,14,,42471,24,,,0,14,,42474,24,,,0,55,,42477,24,,,0,15,,42473,24,,,0,17,,42475,24,,,0,15,,42476,24,,,0,55,,42472,24,,,0,16,,42469,24,,,0,15,,42470,24,,,0,15,,42468,24,,,0,56,,42465,24,,,0,15,,42466,24,,,0,14,,42467,24,,,0,15,,42464,24,,,0,54,,42462,24,,,0,14,,42463,24,,,0,14,,42460,24,,,0,15,,42461,24,,,0,55,,42458,24,,,0,14,,42504,24,,,0,26,,42499,24,,,0,58,,42500,24,,,0,20,,42503,24,,,0,19,,42502,24,,,0,57,,42501,24,,,0
2000001,'5_5',657,,42511,24,,,0,65,,42508,24,,,0,18,,42506,24,,,0,16,,42510,24,,,0,55,,42507,24,,,0,15,,42512,24,,,0,16,,42505,24,,,0,14,,42509,24,,,0,55,,42514,24,,,0,16,,42553,24,,,0,15,,42552,24,,,0,16,,42551,24,,,0,55,,42550,24,,,0,16,,42548,24,,,0,14,,42549,24,,,0,16,,42547,24,,,0,55,,42546,24,,,0,14,,42544,24,,,0,15,,42545,24,,,0,15,,42543,24,,,0,55,,42542,24,,,0,15,,42541,24,,,0,14,,42540,24,,,0,14,,42535,24,,,0,54,,42536,24,,,0,15,,42537,24,,,0,15,,42533,24,,,0,16,,42538,24,,,0,55,,42539,24,,,0,17,,42534,24,,,0,14,,42526,24,,,0,14,,42529,24,,,0,55,,42532,24,,,0,15,,42528,24,,,0,17,,42530,24,,,0,15,,42531,24,,,0,55,,42527,24,,,0,16,,42524,24,,,0,15,,42525,24,,,0,15,,42523,24,,,0,56,,42520,24,,,0,15,,42521,24,,,0,14,,42522,24,,,0,15,,42519,24,,,0,54,,42517,24,,,0,14,,42518,24,,,0,14,,42515,24,,,0,15,,42516,24,,,0,55,,42513,24,,,0,14,,42559,24,,,0,26,,42554,24,,,0,58,,42555,24,,,0,20,,42558,24,,,0,19,,42557,24,,,0,57,,42556,24,,,0
2000001,'6_1',657,,42566,24,,,0,65,,42563,24,,,0,18,,42561,24,,,0,16,,42565,24,,,0,55,,42562,24,,,0,15,,42567,24,,,0,16,,42560,24,,,0,14,,42564,24,,,0,55,,42569,24,,,0,16,,42608,24,,,0,15,,42607,24,,,0,16,,42606,24,,,0,55,,42605,24,,,0,16,,42603,24,,,0,14,,42604,24,,,0,16,,42602,24,,,0,55,,42601,24,,,0,14,,42599,24,,,0,15,,42600,24,,,0,15,,42598,24,,,0,55,,42597,24,,,0,15,,42596,24,,,0,14,,42595,24,,,0,14,,42590,24,,,0,54,,42591,24,,,0,15,,42592,24,,,0,15,,42588,24,,,0,16,,42593,24,,,0,55,,42594,24,,,0,17,,42589,24,,,0,14,,42581,24,,,0,14,,42584,24,,,0,55,,42587,24,,,0,15,,42583,24,,,0,17,,42585,24,,,0,15,,42586,24,,,0,55,,42582,24,,,0,16,,42579,24,,,0,15,,42580,24,,,0,15,,42578,24,,,0,56,,42575,24,,,0,15,,42576,24,,,0,14,,42577,24,,,0,15,,42574,24,,,0,54,,42572,24,,,0,14,,42573,24,,,0,14,,42570,24,,,0,15,,42571,24,,,0,55,,42568,24,,,0,14,,42614,24,,,0,26,,42609,24,,,0,58,,42610,24,,,0,20,,42613,24,,,0,19,,42612,24,,,0,57,,42611,24,,,0
2000001,'6_2',657,,45920,24,,,0,65,,45917,24,,,0,18,,45915,24,,,0,16,,45919,24,,,0,55,,45916,24,,,0,15,,45921,24,,,0,16,,45914,24,,,0,14,,45918,24,,,0,55,,45923,24,,,0,16,,45962,24,,,0,15,,45961,24,,,0,16,,45960,24,,,0,55,,45959,24,,,0,16,,45957,24,,,0,14,,45958,24,,,0,16,,45956,24,,,0,55,,45955,24,,,0,14,,45953,24,,,0,15,,45954,24,,,0,15,,45952,24,,,0,55,,45951,24,,,0,15,,45950,24,,,0,14,,45949,24,,,0,14,,45944,24,,,0,54,,45945,24,,,0,15,,45946,24,,,0,15,,45942,24,,,0,16,,45947,24,,,0,55,,45948,24,,,0,17,,45943,24,,,0,14,,45935,24,,,0,14,,45938,24,,,0,55,,45941,24,,,0,15,,45937,24,,,0,17,,45939,24,,,0,15,,45940,24,,,0,55,,45936,24,,,0,16,,45933,24,,,0,15,,45934,24,,,0,15,,45932,24,,,0,56,,45929,24,,,0,15,,45930,24,,,0,14,,45931,24,,,0,15,,45928,24,,,0,54,,45926,24,,,0,14,,45927,24,,,0,14,,45924,24,,,0,15,,45925,24,,,0,55,,45922,24,,,0,14,,45968,24,,,0,26,,45963,24,,,0,58,,45964,24,,,0,20,,45967,24,,,0,19,,45966,24,,,0,57,,45965,24,,,0
2000001,'6_3',657,,45975,24,,,0,65,,45972,24,,,0,18,,45970,24,,,0,16,,45974,24,,,0,55,,45971,24,,,0,15,,45976,24,,,0,16,,45969,24,,,0,14,,45973,24,,,0,55,,45978,24,,,0,16,,46017,24,,,0,15,,46016,24,,,0,16,,46015,24,,,0,55,,46014,24,,,0,16,,46012,24,,,0,14,,46013,24,,,0,16,,46011,24,,,0,55,,46010,24,,,0,14,,46008,24,,,0,15,,46009,24,,,0,15,,46007,24,,,0,55,,46006,24,,,0,15,,46005,24,,,0,14,,46004,24,,,0,14,,45999,24,,,0,54,,46000,24,,,0,15,,46001,24,,,0,15,,45997,24,,,0,16,,46002,24,,,0,55,,46003,24,,,0,17,,45998,24,,,0,14,,45990,24,,,0,14,,45993,24,,,0,55,,45996,24,,,0,15,,45992,24,,,0,17,,45994,24,,,0,15,,45995,24,,,0,55,,45991,24,,,0,16,,45988,24,,,0,15,,45989,24,,,0,15,,45987,24,,,0,56,,45984,24,,,0,15,,45985,24,,,0,14,,45986,24,,,0,15,,45983,24,,,0,54,,45981,24,,,0,14,,45982,24,,,0,14,,45979,24,,,0,15,,45980,24,,,0,55,,45977,24,,,0,14,,46023,24,,,0,26,,46018,24,,,0,58,,46019,24,,,0,20,,46022,24,,,0,19,,46021,24,,,0,57,,46020,24,,,0
2000001,'6_4',657,,46030,24,,,0,65,,46027,24,,,0,18,,46025,24,,,0,16,,46029,24,,,0,55,,46026,24,,,0,15,,46031,24,,,0,16,,46024,24,,,0,14,,46028,24,,,0,55,,46033,24,,,0,16,,46072,24,,,0,15,,46071,24,,,0,16,,46070,24,,,0,55,,46069,24,,,0,16,,46067,24,,,0,14,,46068,24,,,0,16,,46066,24,,,0,55,,46065,24,,,0,14,,46063,24,,,0,15,,46064,24,,,0,15,,46062,24,,,0,55,,46061,24,,,0,15,,46060,24,,,0,14,,46059,24,,,0,14,,46054,24,,,0,54,,46055,24,,,0,15,,46056,24,,,0,15,,46052,24,,,0,16,,46057,24,,,0,55,,46058,24,,,0,17,,46053,24,,,0,14,,46045,24,,,0,14,,46048,24,,,0,55,,46051,24,,,0,15,,46047,24,,,0,17,,46049,24,,,0,15,,46050,24,,,0,55,,46046,24,,,0,16,,46043,24,,,0,15,,46044,24,,,0,15,,46042,24,,,0,56,,46039,24,,,0,15,,46040,24,,,0,14,,46041,24,,,0,15,,46038,24,,,0,54,,46036,24,,,0,14,,46037,24,,,0,14,,46034,24,,,0,15,,46035,24,,,0,55,,46032,24,,,0,14,,46078,24,,,0,26,,46073,24,,,0,58,,46074,24,,,0,20,,46077,24,,,0,19,,46076,24,,,0,57,,46075,24,,,0
