1500,'S2-1_6',729,,10065,6,,,0,21,,10066,6,,,0,154,,10067,6,,,0,117,,10068,6,,,0,117,,10069,6,,,0,80,,10070,6,,,0,36,,10071,6,,,0,96,,10072,6,,,0,158,,10064,6,0,44,0,101,,10073,6,,,0,107,,10074,6,,,0,99,,10075,6,,,0,117,,10076,6,,,0
1500,'S2-5_1',729,,10078,6,,,0,21,,10079,6,,,0,154,,10080,6,,,0,117,,10081,6,,,0,117,,10082,6,,,0,80,,10083,6,,,0,36,,10084,6,,,0,96,,10085,6,,,0,158,,10077,6,0,44,0,101,,10086,6,,,0,107,,10087,6,,,0,99,,10088,6,,,0,117,,10089,6,,,0
1500,'S2-5_2',729,,10091,6,,,0,21,,10092,6,,,0,154,,10093,6,,,0,117,,10094,6,,,0,117,,10095,6,,,0,80,,10096,6,,,0,36,,10097,6,,,0,96,,10098,6,,,0,158,,10090,6,0,44,0,101,,10099,6,,,0,107,,10100,6,,,0,99,,10101,6,,,0,117,,10102,6,,,0
1500,'S2-5_4',729,,10104,6,,,0,21,,10105,6,,,0,154,,10106,6,,,0,117,,10107,6,,,0,117,,10108,6,,,0,80,,10109,6,,,0,36,,10110,6,,,0,96,,10111,6,,,0,158,,10103,6,0,44,0,101,,10112,6,,,0,107,,10113,6,,,0,99,,10114,6,,,0,117,,10115,6,,,0
1500,'S2-5_5',729,,10117,6,,,0,21,,10118,6,,,0,154,,10119,6,,,0,117,,10120,6,,,0,117,,10121,6,,,0,80,,10122,6,,,0,36,,10123,6,,,0,96,,10124,6,,,0,158,,10116,6,0,44,0,101,,10125,6,,,0,107,,10126,6,,,0,99,,10127,6,,,0,117,,10128,6,,,0
1500,'S2-6_3',729,,10130,6,,,0,21,,10131,6,,,0,154,,10132,6,,,0,117,,10133,6,,,0,117,,10134,6,,,0,80,,10135,6,,,0,36,,10136,6,,,0,96,,10137,6,,,0,158,,10129,6,0,44,0,101,,10138,6,,,0,107,,10139,6,,,0,99,,10140,6,,,0,117,,10141,6,,,0
2000,'S2-5_1',1637,,10582,4,,,0,105,,10583,4,,,0,95,,10584,4,,,0
2000,'S2-5_2',1637,,10585,4,,,0,105,,10586,4,,,0,95,,10587,4,,,0
2000,'S2-5_4',1637,,10588,4,,,0,105,,10589,4,,,0,95,,10590,4,,,0
2000,'S2-5_5',1637,,10591,4,,,0,105,,10592,4,,,0,95,,10593,4,,,0
2000,'S2-6_3',1241,,10597,4,,,0,396,,10594,4,,,0,105,,10595,4,,,0,95,,10596,4,,,0
900500,'S2-5_4',2121,,11452,7,,,0,90,,11453,7,,,0,90,,11454,7,,,0,50,,11455,7,,,0,88,,11456,7,,,0,82,,11457,7,,,0,30,,11458,7,,,0,70,,11459,7,,,0
1000000,'S2-1_6',548,,11756,20,0,31 32 33,0,80,,11757,20,0,31 32 33,0,82,,11758,20,,,0,42,,11759,20,,,0,71,,11760,20,0,31 32 33,0,15,,11761,20,,,0,16,,11762,20,0,31 32 33,0,55,,11763,20,0,31 32 33,0,14,,11764,20,,,0,15,,11765,20,0,31 32 33,0,16,,11823,20,0,31 32 33,0,55,,11766,20,,,0,17,,11767,20,0,31 32 33,0,16,,11768,20,0,31 32 33,0,14,,11769,20,,,0,56,,11770,20,0,31 32 33,0,15,,11771,20,0,31 32 33,0,16,,11772,20,,,0,15,,11773,20,0,31 32 33,0,55,,11774,20,0,31 32 33,0,16,,11775,20,,,0,14,,11776,20,0,31 32 33,0,14,,11777,20,0,31 32 33,0,55,,11778,20,,,0,14,,11779,20,0,31 32 33,0,10,,11780,20,0,31 32 33,0,12,,11781,20,,,0,52,,11782,20,0,31 32 33,0,10,,11783,20,0,31 32 33,0,9,,11784,20,0,31 32 33,0,9,,11785,20,,,0,10,,11786,20,0,31 32 33,0,11,,11787,20,0,31 32 33,0,51,,11788,20,0,31 32 33,0,10,,11789,20,,,0,12,,11790,20,0,31 32 33,0,9,,11791,20,0,31 32 33,0,9,,11792,20,0,31 32 33,0,10,,11793,20,,,0,51,,11794,20,0,31 32 33,0,10,,11795,20,0,31 32 33,0,10,,11796,20,0,31 32 33,0,11,,11797,20,,,0,11,,11798,20,0,31 32 33,0,9,,11799,20,0,31 32 33,0,51,,11800,20,0,31 32 33,0,11,,11801,20,,,0,13,,11802,20,0,31 32 33,0,9,,11803,20,0,31 32 33,0,9,,11804,20,0,31 32 33,0,10,,11805,20,,,0,48,,11806,20,0,31 32 33,0,9,,11807,20,0,31 32 33,0,9,,11808,20,0,31 32 33,0,8,,11810,20,0,31 32 33,0,10,,11809,20,,,0,9,,11811,20,0,31 32 33,0,8,,11812,20,0,31 32 33,0,49,,11814,20,0,31 32 33,0,10,,11813,20,0,31 32 33,0,11,,11815,20,0,31 32 33,0,21,,11816,20,0,31 32 33,0,57,,11817,20,0,31 32 33,0,20,,11818,20,0,31 32 33,0,19,,11819,20,0,31 32 33,0,59,,11820,20,0,31 32 33,0,19,,11821,20,0,31 32 33,0,19,,11822,20,0,31 32 33,0
1000000,'S2-4_7',821,,11824,20,0,31 32 33,0,80,,11825,20,0,31 32 33,0,40,,11826,20,0,31 32 33,0,80,,11827,20,0,31 32 33,0,80,,11828,20,0,31 32 33,0,40,,11829,20,0,31 32 33,0,80,,11830,20,0,31 32 33,0,80,,11831,20,0,31 32 33,0,40,,11832,20,0,31 32 33,0,80,,11833,20,0,31 32 33,0,80,,11834,20,0,31 32 33,0,40,,11835,20,0,31 32 33,0,80,,11836,20,0,31 32 33,0,80,,11837,20,0,31 32 33,0,40,,11838,20,0,31 32 33,0,80,,11839,20,0,31 32 33,0,80,,11840,20,0,31 32 33,0,40,,11841,20,0,31 32 33,0
1000000,'S2-5_1',553,,11842,20,0,31 32 33,0,60,,11843,20,0,31 32 33,0,20,,11924,20,0,31 32 33,0,20,,11925,20,,,0,54,,11927,20,,,0,12,,11923,20,,,0,10,,11876,20,,,0,6,,11921,6,,,0,3,,11877,20,,,0,10,,11878,20,,,0,10,,11879,20,,,0,50,,11880,20,,,0,11,,11881,20,,,0,10,,11882,20,,,0,10,,11883,20,,,0,9,,11926,20,,,0,9,,11844,20,0,31 32 33,0,49,,11845,20,,,0,10,,11846,20,0,31 32 33,0,10,,11847,20,,,0,11,,11848,20,0,31 32 33,0,10,,11884,20,,,0,11,,11849,20,0,31 32 33,0,51,,11850,20,,,0,10,,11851,20,0,31 32 33,0,11,,11852,20,,,0,11,,11853,20,0,31 32 33,0,10,,11854,20,,,0,51,,11856,20,0,31 32 33,0,10,,11855,20,,,0,11,,11886,20,0,31 32 33,0,12,,11885,20,,,0,11,,11887,20,0,31 32 33,0,11,,11888,20,,,0,51,,11889,20,0,31 32 33,0,10,,11890,20,,,0,10,,11891,20,0,31 32 33,0,11,,11892,20,,,0,10,,11893,20,0,31 32 33,0,10,,11894,20,,,0,50,,11895,20,0,31 32 33,0,10,,11896,20,,,0,9,,11897,20,0,31 32 33,0,10,,11898,20,,,0,10,,11857,20,0,31 32 33,0,11,,11858,20,,,0,50,,11899,20,0,31 32 33,0,10,,11859,20,,,0,9,,11860,20,0,31 32 33,0,11,,11861,20,,,0,10,,11900,20,0,31 32 33,0,51,,11862,20,,,0,10,,11863,20,0,31 32 33,0,10,,11864,20,,,0,10,,11865,20,0,31 32 33,0,11,,11901,20,,,0,11,,11902,20,,,0,50,,11903,20,,,0,10,,11904,20,,,0,10,,11905,20,,,0,10,,11906,20,,,0,10,,11907,20,,,0,11,,11908,20,,,0,51,,11909,20,,,0,10,,11910,20,,,0,11,,11911,20,,,0,10,,11912,20,,,0,9,,11913,20,,,0,8,,11914,20,,,0,49,,11915,20,,,0,9,,11916,20,,,0,10,,11917,20,0,31 32 33,0,9,,11918,20,,,0,8,,11922,20,0,31 32 33,0,9,,11866,20,0,31 32 33,0,10,,11919,20,,,0,50,,11867,20,0,31 32 33,0,10,,11920,20,,,0,9,,11868,20,0,31 32 33,0,19,,11869,20,0,31 32 33,0,59,,11870,20,0,31 32 33,0,18,,11871,20,0,31 32 33,0,20,,11872,20,0,31 32 33,0,60,,11873,20,0,31 32 33,0,20,,11874,20,0,31 32 33,0,20,,11875,20,0,31 32 33,0
1000000,'S2-5_2',553,,11928,20,0,31 32 33,0,60,,11929,20,0,31 32 33,0,20,,12010,20,0,31 32 33,0,20,,12011,20,,,0,54,,12013,20,,,0,12,,12009,20,,,0,10,,11962,20,,,0,6,,12007,6,,,0,3,,11963,20,,,0,10,,11964,20,,,0,10,,11965,20,,,0,50,,11966,20,,,0,11,,11967,20,,,0,10,,11968,20,,,0,10,,11969,20,,,0,9,,12012,20,,,0,9,,11930,20,0,31 32 33,0,49,,11931,20,,,0,10,,11932,20,0,31 32 33,0,10,,11933,20,,,0,11,,11934,20,0,31 32 33,0,10,,11970,20,,,0,11,,11935,20,0,31 32 33,0,51,,11936,20,,,0,10,,11937,20,0,31 32 33,0,11,,11938,20,,,0,11,,11939,20,0,31 32 33,0,10,,11940,20,,,0,51,,11942,20,0,31 32 33,0,10,,11941,20,,,0,11,,11972,20,0,31 32 33,0,12,,11971,20,,,0,11,,11973,20,0,31 32 33,0,11,,11974,20,,,0,51,,11975,20,0,31 32 33,0,10,,11976,20,,,0,10,,11977,20,0,31 32 33,0,11,,11978,20,,,0,10,,11979,20,0,31 32 33,0,10,,11980,20,,,0,50,,11981,20,0,31 32 33,0,10,,11982,20,,,0,9,,11983,20,0,31 32 33,0,10,,11984,20,,,0,10,,11943,20,0,31 32 33,0,11,,11944,20,,,0,50,,11985,20,0,31 32 33,0,10,,11945,20,,,0,9,,11946,20,0,31 32 33,0,11,,11947,20,,,0,10,,11986,20,0,31 32 33,0,51,,11948,20,,,0,10,,11949,20,0,31 32 33,0,10,,11950,20,,,0,10,,11951,20,0,31 32 33,0,11,,11987,20,,,0,11,,11988,20,,,0,50,,11989,20,,,0,10,,11990,20,,,0,10,,11991,20,,,0,10,,11992,20,,,0,10,,11993,20,,,0,11,,11994,20,,,0,51,,11995,20,,,0,10,,11996,20,,,0,11,,11997,20,,,0,10,,11998,20,,,0,9,,11999,20,,,0,8,,12000,20,,,0,49,,12001,20,,,0,9,,12002,20,,,0,10,,12003,20,0,31 32 33,0,9,,12004,20,,,0,8,,12008,20,0,31 32 33,0,9,,11952,20,0,31 32 33,0,10,,12005,20,,,0,50,,11953,20,0,31 32 33,0,10,,12006,20,,,0,9,,11954,20,0,31 32 33,0,19,,11955,20,0,31 32 33,0,59,,11956,20,0,31 32 33,0,18,,11957,20,0,31 32 33,0,20,,11958,20,0,31 32 33,0,60,,11959,20,0,31 32 33,0,20,,11960,20,0,31 32 33,0,20,,11961,20,0,31 32 33,0
1000000,'S2-5_4',553,,12014,20,0,31 32 33,0,60,,12015,20,0,31 32 33,0,20,,12096,20,0,31 32 33,0,20,,12097,20,,,0,54,,12099,20,,,0,12,,12095,20,,,0,10,,12048,20,,,0,6,,12093,6,,,0,3,,12049,20,,,0,10,,12050,20,,,0,10,,12051,20,,,0,50,,12052,20,,,0,11,,12053,20,,,0,10,,12054,20,,,0,10,,12055,20,,,0,9,,12098,20,,,0,9,,12016,20,0,31 32 33,0,49,,12017,20,,,0,10,,12018,20,0,31 32 33,0,10,,12019,20,,,0,11,,12020,20,0,31 32 33,0,10,,12056,20,,,0,11,,12021,20,0,31 32 33,0,51,,12022,20,,,0,10,,12023,20,0,31 32 33,0,11,,12024,20,,,0,11,,12025,20,0,31 32 33,0,10,,12026,20,,,0,51,,12028,20,0,31 32 33,0,10,,12027,20,,,0,11,,12058,20,0,31 32 33,0,12,,12057,20,,,0,11,,12059,20,0,31 32 33,0,11,,12060,20,,,0,51,,12061,20,0,31 32 33,0,10,,12062,20,,,0,10,,12063,20,0,31 32 33,0,11,,12064,20,,,0,10,,12065,20,0,31 32 33,0,10,,12066,20,,,0,50,,12067,20,0,31 32 33,0,10,,12068,20,,,0,9,,12069,20,0,31 32 33,0,10,,12070,20,,,0,10,,12029,20,0,31 32 33,0,11,,12030,20,,,0,50,,12071,20,0,31 32 33,0,10,,12031,20,,,0,9,,12032,20,0,31 32 33,0,11,,12033,20,,,0,10,,12072,20,0,31 32 33,0,51,,12034,20,,,0,10,,12035,20,0,31 32 33,0,10,,12036,20,,,0,10,,12037,20,0,31 32 33,0,11,,12073,20,,,0,11,,12074,20,,,0,50,,12075,20,,,0,10,,12076,20,,,0,10,,12077,20,,,0,10,,12078,20,,,0,10,,12079,20,,,0,11,,12080,20,,,0,51,,12081,20,,,0,10,,12082,20,,,0,11,,12083,20,,,0,10,,12084,20,,,0,9,,12085,20,,,0,8,,12086,20,,,0,49,,12087,20,,,0,9,,12088,20,,,0,10,,12089,20,0,31 32 33,0,9,,12090,20,,,0,8,,12094,20,0,31 32 33,0,9,,12038,20,0,31 32 33,0,10,,12091,20,,,0,50,,12039,20,0,31 32 33,0,10,,12092,20,,,0,9,,12040,20,0,31 32 33,0,19,,12041,20,0,31 32 33,0,59,,12042,20,0,31 32 33,0,18,,12043,20,0,31 32 33,0,20,,12044,20,0,31 32 33,0,60,,12045,20,0,31 32 33,0,20,,12046,20,0,31 32 33,0,20,,12047,20,0,31 32 33,0
1000000,'S2-5_5',553,,12100,20,0,31 32 33,0,60,,12101,20,0,31 32 33,0,20,,12182,20,0,31 32 33,0,20,,12183,20,,,0,54,,12185,20,,,0,12,,12181,20,,,0,10,,12134,20,,,0,6,,12179,6,,,0,3,,12135,20,,,0,10,,12136,20,,,0,10,,12137,20,,,0,50,,12138,20,,,0,11,,12139,20,,,0,10,,12140,20,,,0,10,,12141,20,,,0,9,,12184,20,,,0,9,,12102,20,0,31 32 33,0,49,,12103,20,,,0,10,,12104,20,0,31 32 33,0,10,,12105,20,,,0,11,,12106,20,0,31 32 33,0,10,,12142,20,,,0,11,,12107,20,0,31 32 33,0,51,,12108,20,,,0,10,,12109,20,0,31 32 33,0,11,,12110,20,,,0,11,,12111,20,0,31 32 33,0,10,,12112,20,,,0,51,,12114,20,0,31 32 33,0,10,,12113,20,,,0,11,,12144,20,0,31 32 33,0,12,,12143,20,,,0,11,,12145,20,0,31 32 33,0,11,,12146,20,,,0,51,,12147,20,0,31 32 33,0,10,,12148,20,,,0,10,,12149,20,0,31 32 33,0,11,,12150,20,,,0,10,,12151,20,0,31 32 33,0,10,,12152,20,,,0,50,,12153,20,0,31 32 33,0,10,,12154,20,,,0,9,,12155,20,0,31 32 33,0,10,,12156,20,,,0,10,,12115,20,0,31 32 33,0,11,,12116,20,,,0,50,,12157,20,0,31 32 33,0,10,,12117,20,,,0,9,,12118,20,0,31 32 33,0,11,,12119,20,,,0,10,,12158,20,0,31 32 33,0,51,,12120,20,,,0,10,,12121,20,0,31 32 33,0,10,,12122,20,,,0,10,,12123,20,0,31 32 33,0,11,,12159,20,,,0,11,,12160,20,,,0,50,,12161,20,,,0,10,,12162,20,,,0,10,,12163,20,,,0,10,,12164,20,,,0,10,,12165,20,,,0,11,,12166,20,,,0,51,,12167,20,,,0,10,,12168,20,,,0,11,,12169,20,,,0,10,,12170,20,,,0,9,,12171,20,,,0,8,,12172,20,,,0,49,,12173,20,,,0,9,,12174,20,,,0,10,,12175,20,0,31 32 33,0,9,,12176,20,,,0,8,,12180,20,0,31 32 33,0,9,,12124,20,0,31 32 33,0,10,,12177,20,,,0,50,,12125,20,0,31 32 33,0,10,,12178,20,,,0,9,,12126,20,0,31 32 33,0,19,,12127,20,0,31 32 33,0,59,,12128,20,0,31 32 33,0,18,,12129,20,0,31 32 33,0,20,,12130,20,0,31 32 33,0,60,,12131,20,0,31 32 33,0,20,,12132,20,0,31 32 33,0,20,,12133,20,0,31 32 33,0
1000000,'S2-6_3',553,,12186,20,0,31 32 33,0,60,,12187,20,0,31 32 33,0,20,,12268,20,0,31 32 33,0,20,,12269,20,,,0,54,,12271,20,,,0,12,,12267,20,,,0,10,,12220,20,,,0,6,,12265,6,,,0,3,,12221,20,,,0,10,,12222,20,,,0,10,,12223,20,,,0,50,,12224,20,,,0,11,,12225,20,,,0,10,,12226,20,,,0,10,,12227,20,,,0,9,,12270,20,,,0,9,,12188,20,0,31 32 33,0,49,,12189,20,,,0,10,,12190,20,0,31 32 33,0,10,,12191,20,,,0,11,,12192,20,0,31 32 33,0,10,,12228,20,,,0,11,,12193,20,0,31 32 33,0,51,,12194,20,,,0,10,,12195,20,0,31 32 33,0,11,,12196,20,,,0,11,,12197,20,0,31 32 33,0,10,,12198,20,,,0,51,,12200,20,0,31 32 33,0,10,,12199,20,,,0,11,,12230,20,0,31 32 33,0,12,,12229,20,,,0,11,,12231,20,0,31 32 33,0,11,,12232,20,,,0,51,,12233,20,0,31 32 33,0,10,,12234,20,,,0,10,,12235,20,0,31 32 33,0,11,,12236,20,,,0,10,,12237,20,0,31 32 33,0,10,,12238,20,,,0,50,,12239,20,0,31 32 33,0,10,,12240,20,,,0,9,,12241,20,0,31 32 33,0,10,,12242,20,,,0,10,,12201,20,0,31 32 33,0,11,,12202,20,,,0,50,,12243,20,0,31 32 33,0,10,,12203,20,,,0,9,,12204,20,0,31 32 33,0,11,,12205,20,,,0,10,,12244,20,0,31 32 33,0,51,,12206,20,,,0,10,,12207,20,0,31 32 33,0,10,,12208,20,,,0,10,,12209,20,0,31 32 33,0,11,,12245,20,,,0,11,,12246,20,,,0,50,,12247,20,,,0,10,,12248,20,,,0,10,,12249,20,,,0,10,,12250,20,,,0,10,,12251,20,,,0,11,,12252,20,,,0,51,,12253,20,,,0,10,,12254,20,,,0,11,,12255,20,,,0,10,,12256,20,,,0,9,,12257,20,,,0,8,,12258,20,,,0,49,,12259,20,,,0,9,,12260,20,,,0,10,,12261,20,0,31 32 33,0,9,,12262,20,,,0,8,,12266,20,0,31 32 33,0,9,,12210,20,0,31 32 33,0,10,,12263,20,,,0,50,,12211,20,0,31 32 33,0,10,,12264,20,,,0,9,,12212,20,0,31 32 33,0,19,,12213,20,0,31 32 33,0,59,,12214,20,0,31 32 33,0,18,,12215,20,0,31 32 33,0,20,,12216,20,0,31 32 33,0,60,,12217,20,0,31 32 33,0,20,,12218,20,0,31 32 33,0,20,,12219,20,0,31 32 33,0
