900,'2509-HIV-25j05H-d-Dimanche-00',910,,2664,,,0,300,,2662,,,0,301,,2663,,,0,299,,2665,,,0
900,'2509-HIV-25j26H-d-Dimanche-00',910,,2668,,,0,300,,2666,,,0,301,,2667,,,0,299,,2669,,,0
900,'2509-HIV-25k03H-s-Samedi-00',713,,2672,,,0,100,,2673,,,0,315,,2674,,,0,324,,2675,,,0,89,,2670,,,0,99,,2681,,,0,174,,2676,,,0,93,,2677,,,0
900,'2509-HIV-25l22Vlv-Semaine-00',709,,2683,,,0,25,,2684,,,0,80,,2686,,,0,23,,2688,,,0,1,,2687,,,0,86,,2685,,,0,91,,2689,,,0,113,,2690,,,0,324,,2696,,,0,98,,2699,,,0,90,,2697,,,0,172,,2695,,,0,96,,2698,,,0
900,'2509-HIV-26a05H-s-Samedi-00',713,,2702,,,0,100,,2703,,,0,315,,2704,,,0,324,,2705,,,0,89,,2700,,,0,99,,2711,,,0,174,,2706,,,0,93,,2707,,,0
900,'2509-HIV-26a05H-w-Mercredi-00',704,,2713,,,0,28,,2714,,,0,81,,2718,,,0,21,,2719,,,0,4,,2720,,,0,84,,2715,,,0,90,,2721,,,0,188,,2723,,,0,103,,2724,,,0,31,,2716,,,0,172,,2727,,,0,44,,2725,,,0,150,,2726,,,0,32,,2717,,,0,127,,2728,,,0
900,'2509-HIV-26a05Hlv-L-Ma-J-V-00',704,,2732,,,0,28,,2733,,,0,81,,2737,,,0,21,,2738,,,0,4,,2739,,,0,84,,2734,,,0,90,,2740,,,0,188,,2742,,,0,103,,2743,,,0,31,,2735,,,0,172,,2746,,,0,44,,2744,,,0,150,,2745,,,0,32,,2736,,,0,127,,2747,,,0
900,'2509-HIV-26b23Vlv-Semaine-00',709,,2751,,,0,25,,2752,,,0,80,,2754,,,0,23,,2756,,,0,1,,2755,,,0,86,,2753,,,0,91,,2757,,,0,113,,2758,,,0,324,,2764,,,0,98,,2767,,,0,90,,2765,,,0,172,,2763,,,0,96,,2766,,,0
900,'2509-HIV-26c02Vlv-Semaine-00',709,,2769,,,0,25,,2770,,,0,80,,2772,,,0,23,,2774,,,0,1,,2773,,,0,86,,2771,,,0,91,,2775,,,0,113,,2776,,,0,324,,2782,,,0,98,,2785,,,0,90,,2783,,,0,172,,2781,,,0,96,,2784,,,0
1000,'2509-HIV-25j05H-d-Dimanche-00',848,,2894,,,0,462,,2895,,,0,497,,2896,,,0
1000,'2509-HIV-25j26H-d-Dimanche-00',848,,2897,,,0,462,,2898,,,0,497,,2899,,,0
1000,'2509-HIV-25k03H-s-Samedi-00',706,,2900,,,0,96,,2901,,,0,132,,2907,0,26 32,0,67,,2902,,,0,118,,2908,0,26 32,0,101,,2909,0,26 32,0,100,,2910,0,26 32,0,102,,2911,0,26 32,0,92,,2905,,,0,116,,2906,,,0,29,,2903,,,0,184,,2904,,,0,160,,2912,0,26 32,0
1000,'2509-HIV-25l22Vlv-Semaine-00',937,,2925,0,26 32,0,64,,2915,,,0,124,,2918,0,26 32,0,95,,2919,0,26 32,0,100,,2920,0,26 32,0,102,,2921,0,26 32,0,92,,2923,,,0,116,,2924,,,0,29,,2916,,,0,184,,2917,,,0,160,,2922,0,26 32,0
1000,'2509-HIV-26a05H-s-Samedi-00',706,,2926,,,0,96,,2927,,,0,132,,2933,0,26 32,0,67,,2928,,,0,118,,2934,0,26 32,0,101,,2935,0,26 32,0,100,,2936,0,26 32,0,102,,2937,0,26 32,0,92,,2931,,,0,116,,2932,,,0,29,,2929,,,0,184,,2930,,,0,160,,2938,0,26 32,0
1000,'2509-HIV-26a05H-w-Mercredi-00',937,,2953,0,26 32,0,65,,2941,,,0,122,,2944,0,26 32,0,86,,2945,0,26 32,0,35,,2946,0,26 32,0,82,,2947,0,26 32,0,100,,2948,0,26 32,0,80,,2950,,,0,30,,2951,,,0,96,,2952,,,0,23,,2942,,,0,185,,2943,,,0,163,,2949,0,26 32,0
1000,'2509-HIV-26a05Hlv-L-Ma-J-V-00',937,,2968,0,26 32,0,65,,2956,,,0,122,,2959,0,26 32,0,86,,2960,0,26 32,0,35,,2961,0,26 32,0,82,,2962,0,26 32,0,100,,2963,0,26 32,0,80,,2965,,,0,30,,2966,,,0,96,,2967,,,0,23,,2957,,,0,185,,2958,,,0,163,,2964,0,26 32,0
1000,'2509-HIV-26b23Vlv-Semaine-00',937,,2981,0,26 32,0,64,,2971,,,0,124,,2974,0,26 32,0,95,,2975,0,26 32,0,100,,2976,0,26 32,0,102,,2977,0,26 32,0,92,,2979,,,0,116,,2980,,,0,29,,2972,,,0,184,,2973,,,0,160,,2978,0,26 32,0
1000,'2509-HIV-26c02Vlv-Semaine-00',937,,2994,0,26 32,0,64,,2984,,,0,124,,2987,0,26 32,0,95,,2988,0,26 32,0,100,,2989,0,26 32,0,102,,2990,0,26 32,0,92,,2992,,,0,116,,2993,,,0,29,,2985,,,0,184,,2986,,,0,160,,2991,0,26 32,0
1900,'2509-HIV-26a05H-w-Mercredi-00',733,,3580,,,0,105,,3584,,,0,974,,3581,,,0
1900,'2509-HIV-26a05H-w-Mercredi-00-0010000',1421,,3586,,,0
1900,'2509-HIV-26a05Hlv-L-Ma-J-V-00',733,,3589,,,0,105,,3593,,,0,974,,3590,,,0
1000000,'2509-HIV-25j05H-d-Dimanche-00',805,,4687,0,29 30 31,0,40,,4688,0,29 30 31,0,80,,4689,0,29 30 31,0,80,,4690,0,29 30 31,0,40,,4691,0,29 30 31,0,80,,4692,0,29 30 31,0,80,,4693,0,29 30 31,0,40,,4694,0,29 30 31,0,80,,4695,0,29 30 31,0,80,,4696,0,29 30 31,0,40,,4697,0,29 30 31,0,80,,4698,0,29 30 31,0,80,,4699,0,29 30 31,0,40,,4700,0,29 30 31,0,80,,4701,0,29 30 31,0,80,,4702,0,29 30 31,0,40,,4703,0,29 30 31,0,80,,4704,0,29 30 31,0
1000000,'2509-HIV-25j26H-d-Dimanche-00',805,,4705,0,29 30 31,0,40,,4706,0,29 30 31,0,80,,4707,0,29 30 31,0,80,,4708,0,29 30 31,0,40,,4709,0,29 30 31,0,80,,4710,0,29 30 31,0,80,,4711,0,29 30 31,0,40,,4712,0,29 30 31,0,80,,4713,0,29 30 31,0,80,,4714,0,29 30 31,0,40,,4715,0,29 30 31,0,80,,4716,0,29 30 31,0,80,,4717,0,29 30 31,0,40,,4718,0,29 30 31,0,80,,4719,0,29 30 31,0,80,,4720,0,29 30 31,0,40,,4721,0,29 30 31,0,80,,4722,0,29 30 31,0
1000000,'2509-HIV-25k03H-s-Samedi-00',534,,4723,0,29 30 31,0,80,,4724,0,29 30 31,0,41,,4725,,,0,80,,4726,,,0,70,,4727,0,29 30 31,0,15,,4728,,,0,16,,4729,0,29 30 31,0,15,,4730,0,29 30 31,0,53,,4731,,,0,15,,4732,0,29 30 31,0,16,,4790,0,29 30 31,0,16,,4733,,,0,56,,4734,0,29 30 31,0,16,,4735,0,29 30 31,0,14,,4736,,,0,16,,4737,0,29 30 31,0,55,,4738,0,29 30 31,0,16,,4739,,,0,15,,4740,0,29 30 31,0,15,,4741,0,29 30 31,0,56,,4742,,,0,14,,4743,0,29 30 31,0,15,,4744,0,29 30 31,0,15,,4745,,,0,54,,4746,0,29 30 31,0,10,,4747,0,29 30 31,0,11,,4748,,,0,12,,4749,0,29 30 31,0,10,,4750,0,29 30 31,0,49,,4751,0,29 30 31,0,9,,4752,,,0,10,,4753,0,29 30 31,0,11,,4754,0,29 30 31,0,10,,4755,0,29 30 31,0,10,,4756,,,0,52,,4757,0,29 30 31,0,9,,4758,0,29 30 31,0,9,,4759,0,29 30 31,0,10,,4760,,,0,11,,4761,0,29 30 31,0,10,,4762,0,29 30 31,0,50,,4763,0,29 30 31,0,11,,4764,,,0,11,,4765,0,29 30 31,0,9,,4766,0,29 30 31,0,11,,4767,0,29 30 31,0,11,,4768,,,0,53,,4769,0,29 30 31,0,9,,4770,0,29 30 31,0,9,,4771,0,29 30 31,0,10,,4772,,,0,8,,4773,0,29 30 31,0,9,,4774,0,29 30 31,0,50,,4775,0,29 30 31,0,8,,4777,0,29 30 31,0,10,,4776,,,0,9,,4778,0,29 30 31,0,9,,4779,0,29 30 31,0,9,,4781,0,29 30 31,0,10,,4780,0,29 30 31,0,51,,4782,0,29 30 31,0,21,,4783,0,29 30 31,0,17,,4784,0,29 30 31,0,60,,4785,0,29 30 31,0,20,,4786,0,29 30 31,0,20,,4787,0,29 30 31,0,60,,4788,0,29 30 31,0,19,,4789,0,29 30 31,0
1000000,'2509-HIV-25l22Vlv-Semaine-00',539,,4791,0,29 30 31,0,20,,4792,0,29 30 31,0,60,,4872,0,29 30 31,0,20,,4873,,,0,13,,4875,,,0,51,,4871,,,0,10,,4825,,,0,9,,4826,,,0,9,,4827,,,0,9,,4828,,,0,10,,4829,,,0,51,,4830,,,0,10,,4831,,,0,10,,4832,,,0,9,,4874,,,0,9,,4793,0,29 30 31,0,9,,4794,,,0,10,,4795,0,29 30 31,0,49,,4796,,,0,10,,4797,0,29 30 31,0,10,,4833,,,0,12,,4798,0,29 30 31,0,11,,4799,,,0,51,,4800,0,29 30 31,0,11,,4801,,,0,11,,4802,0,29 30 31,0,10,,4803,,,0,11,,4805,0,29 30 31,0,10,,4804,,,0,51,,4835,0,29 30 31,0,10,,4834,,,0,11,,4836,0,29 30 31,0,10,,4837,,,0,11,,4838,0,29 30 31,0,11,,4839,,,0,50,,4840,0,29 30 31,0,11,,4841,,,0,11,,4842,0,29 30 31,0,10,,4843,,,0,9,,4844,0,29 30 31,0,10,,4845,,,0,51,,4846,0,29 30 31,0,10,,4847,,,0,9,,4806,0,29 30 31,0,11,,4807,,,0,10,,4848,0,29 30 31,0,50,,4808,,,0,10,,4809,0,29 30 31,0,10,,4810,,,0,10,,4849,0,29 30 31,0,10,,4811,,,0,10,,4812,0,29 30 31,0,51,,4813,,,0,10,,4814,0,29 30 31,0,11,,4850,,,0,10,,4851,,,0,10,,4852,,,0,10,,4853,,,0,50,,4854,,,0,9,,4855,,,0,10,,4856,,,0,10,,4857,,,0,11,,4858,,,0,11,,4859,,,0,50,,4860,,,0,10,,4861,,,0,10,,4862,,,0,10,,4863,,,0,10,,4864,,,0,9,,4865,,,0,50,,4866,0,29 30 31,0,10,,4867,,,0,9,,4870,0,29 30 31,0,9,,4815,0,29 30 31,0,9,,4868,,,0,9,,4816,0,29 30 31,0,9,,4869,,,0,49,,4817,0,29 30 31,0,20,,4818,0,29 30 31,0,20,,4819,0,29 30 31,0,58,,4820,0,29 30 31,0,20,,4821,0,29 30 31,0,21,,4822,0,29 30 31,0,61,,4823,0,29 30 31,0,20,,4824,0,29 30 31,0
1000000,'2509-HIV-26a05H-s-Samedi-00',534,,4876,0,29 30 31,0,80,,4877,0,29 30 31,0,41,,4878,,,0,80,,4879,,,0,70,,4880,0,29 30 31,0,15,,4881,,,0,16,,4882,0,29 30 31,0,15,,4883,0,29 30 31,0,53,,4884,,,0,15,,4885,0,29 30 31,0,16,,4943,0,29 30 31,0,16,,4886,,,0,56,,4887,0,29 30 31,0,16,,4888,0,29 30 31,0,14,,4889,,,0,16,,4890,0,29 30 31,0,55,,4891,0,29 30 31,0,16,,4892,,,0,15,,4893,0,29 30 31,0,15,,4894,0,29 30 31,0,56,,4895,,,0,14,,4896,0,29 30 31,0,15,,4897,0,29 30 31,0,15,,4898,,,0,54,,4899,0,29 30 31,0,10,,4900,0,29 30 31,0,11,,4901,,,0,12,,4902,0,29 30 31,0,10,,4903,0,29 30 31,0,49,,4904,0,29 30 31,0,9,,4905,,,0,10,,4906,0,29 30 31,0,11,,4907,0,29 30 31,0,10,,4908,0,29 30 31,0,10,,4909,,,0,52,,4910,0,29 30 31,0,9,,4911,0,29 30 31,0,9,,4912,0,29 30 31,0,10,,4913,,,0,11,,4914,0,29 30 31,0,10,,4915,0,29 30 31,0,50,,4916,0,29 30 31,0,11,,4917,,,0,11,,4918,0,29 30 31,0,9,,4919,0,29 30 31,0,11,,4920,0,29 30 31,0,11,,4921,,,0,53,,4922,0,29 30 31,0,9,,4923,0,29 30 31,0,9,,4924,0,29 30 31,0,10,,4925,,,0,8,,4926,0,29 30 31,0,9,,4927,0,29 30 31,0,50,,4928,0,29 30 31,0,8,,4930,0,29 30 31,0,10,,4929,,,0,9,,4931,0,29 30 31,0,9,,4932,0,29 30 31,0,9,,4934,0,29 30 31,0,10,,4933,0,29 30 31,0,51,,4935,0,29 30 31,0,21,,4936,0,29 30 31,0,17,,4937,0,29 30 31,0,60,,4938,0,29 30 31,0,20,,4939,0,29 30 31,0,20,,4940,0,29 30 31,0,60,,4941,0,29 30 31,0,19,,4942,0,29 30 31,0
1000000,'2509-HIV-26a05H-w-Mercredi-00',537,,4944,0,29 30 31,0,20,,4945,0,29 30 31,0,60,,5026,0,29 30 31,0,18,,5027,,,0,14,,5029,,,0,10,,5025,,,0,49,,4978,,,0,8,,4979,,,0,12,,4980,,,0,11,,4981,,,0,10,,4982,,,0,51,,4983,,,0,10,,4984,,,0,10,,4985,,,0,8,,5028,,,0,9,,4946,0,29 30 31,0,9,,4947,,,0,10,,4948,0,29 30 31,0,50,,4949,,,0,11,,4950,0,29 30 31,0,10,,4986,,,0,11,,4951,0,29 30 31,0,11,,4952,,,0,51,,4953,0,29 30 31,0,11,,4954,,,0,11,,4955,0,29 30 31,0,10,,4956,,,0,11,,4958,0,29 30 31,0,10,,4957,,,0,51,,4988,0,29 30 31,0,12,,4987,,,0,11,,4989,0,29 30 31,0,11,,4990,,,0,10,,4991,0,29 30 31,0,10,,4992,,,0,50,,4993,0,29 30 31,0,11,,4994,,,0,11,,4995,0,29 30 31,0,10,,4996,,,0,10,,4997,0,29 30 31,0,50,,4998,,,0,9,,4999,0,29 30 31,0,10,,5000,,,0,10,,4959,0,29 30 31,0,11,,4960,,,0,9,,5001,0,29 30 31,0,10,,4961,,,0,49,,4962,0,29 30 31,0,11,,4963,,,0,10,,5002,0,29 30 31,0,11,,4964,,,0,10,,4965,0,29 30 31,0,50,,4966,,,0,10,,4967,0,29 30 31,0,11,,5003,,,0,11,,5004,,,0,10,,5005,,,0,10,,5006,,,0,49,,5007,,,0,11,,5008,,,0,10,,5009,,,0,11,,5010,,,0,9,,5011,,,0,9,,5012,,,0,49,,5013,,,0,10,,5014,,,0,9,,5015,,,0,10,,5016,,,0,10,,5017,,,0,10,,5018,,,0,10,,5019,0,29 30 31,0,50,,5020,,,0,8,,5024,0,29 30 31,0,10,,4968,0,29 30 31,0,11,,5021,,,0,10,,4969,0,29 30 31,0,10,,5022,,,0,49,,4970,0,29 30 31,0,19,,4971,0,29 30 31,0,19,,4972,0,29 30 31,0,58,,4973,0,29 30 31,0,21,,4974,0,29 30 31,0,21,,4975,0,29 30 31,0,61,,4976,0,29 30 31,0,20,,4977,0,29 30 31,0
1000000,'2509-HIV-26a05Hlv-L-Ma-J-V-00',537,,5030,0,29 30 31,0,20,,5031,0,29 30 31,0,60,,5112,0,29 30 31,0,18,,5113,,,0,14,,5115,,,0,10,,5111,,,0,49,,5064,,,0,8,,5065,,,0,12,,5066,,,0,11,,5067,,,0,10,,5068,,,0,51,,5069,,,0,10,,5070,,,0,10,,5071,,,0,8,,5114,,,0,9,,5032,0,29 30 31,0,9,,5033,,,0,10,,5034,0,29 30 31,0,50,,5035,,,0,11,,5036,0,29 30 31,0,10,,5072,,,0,11,,5037,0,29 30 31,0,11,,5038,,,0,51,,5039,0,29 30 31,0,11,,5040,,,0,11,,5041,0,29 30 31,0,10,,5042,,,0,11,,5044,0,29 30 31,0,10,,5043,,,0,51,,5074,0,29 30 31,0,12,,5073,,,0,11,,5075,0,29 30 31,0,11,,5076,,,0,10,,5077,0,29 30 31,0,10,,5078,,,0,50,,5079,0,29 30 31,0,11,,5080,,,0,11,,5081,0,29 30 31,0,10,,5082,,,0,10,,5083,0,29 30 31,0,50,,5084,,,0,9,,5085,0,29 30 31,0,10,,5086,,,0,10,,5045,0,29 30 31,0,11,,5046,,,0,9,,5087,0,29 30 31,0,10,,5047,,,0,49,,5048,0,29 30 31,0,11,,5049,,,0,10,,5088,0,29 30 31,0,11,,5050,,,0,10,,5051,0,29 30 31,0,50,,5052,,,0,10,,5053,0,29 30 31,0,11,,5089,,,0,11,,5090,,,0,10,,5091,,,0,10,,5092,,,0,49,,5093,,,0,11,,5094,,,0,10,,5095,,,0,11,,5096,,,0,9,,5097,,,0,9,,5098,,,0,49,,5099,,,0,10,,5100,,,0,9,,5101,,,0,10,,5102,,,0,10,,5103,,,0,10,,5104,,,0,10,,5105,0,29 30 31,0,50,,5106,,,0,8,,5110,0,29 30 31,0,10,,5054,0,29 30 31,0,11,,5107,,,0,10,,5055,0,29 30 31,0,10,,5108,,,0,49,,5056,0,29 30 31,0,19,,5057,0,29 30 31,0,19,,5058,0,29 30 31,0,58,,5059,0,29 30 31,0,21,,5060,0,29 30 31,0,21,,5061,0,29 30 31,0,61,,5062,0,29 30 31,0,20,,5063,0,29 30 31,0
1000000,'2509-HIV-26b23Vlv-Semaine-00',539,,5116,0,29 30 31,0,20,,5117,0,29 30 31,0,60,,5197,0,29 30 31,0,20,,5198,,,0,13,,5200,,,0,51,,5196,,,0,10,,5150,,,0,9,,5151,,,0,9,,5152,,,0,9,,5153,,,0,10,,5154,,,0,51,,5155,,,0,10,,5156,,,0,10,,5157,,,0,9,,5199,,,0,9,,5118,0,29 30 31,0,9,,5119,,,0,10,,5120,0,29 30 31,0,49,,5121,,,0,10,,5122,0,29 30 31,0,10,,5158,,,0,12,,5123,0,29 30 31,0,11,,5124,,,0,51,,5125,0,29 30 31,0,11,,5126,,,0,11,,5127,0,29 30 31,0,10,,5128,,,0,11,,5130,0,29 30 31,0,10,,5129,,,0,51,,5160,0,29 30 31,0,10,,5159,,,0,11,,5161,0,29 30 31,0,10,,5162,,,0,11,,5163,0,29 30 31,0,11,,5164,,,0,50,,5165,0,29 30 31,0,11,,5166,,,0,11,,5167,0,29 30 31,0,10,,5168,,,0,9,,5169,0,29 30 31,0,10,,5170,,,0,51,,5171,0,29 30 31,0,10,,5172,,,0,9,,5131,0,29 30 31,0,11,,5132,,,0,10,,5173,0,29 30 31,0,50,,5133,,,0,10,,5134,0,29 30 31,0,10,,5135,,,0,10,,5174,0,29 30 31,0,10,,5136,,,0,10,,5137,0,29 30 31,0,51,,5138,,,0,10,,5139,0,29 30 31,0,11,,5175,,,0,10,,5176,,,0,10,,5177,,,0,10,,5178,,,0,50,,5179,,,0,9,,5180,,,0,10,,5181,,,0,10,,5182,,,0,11,,5183,,,0,11,,5184,,,0,50,,5185,,,0,10,,5186,,,0,10,,5187,,,0,10,,5188,,,0,10,,5189,,,0,9,,5190,,,0,50,,5191,0,29 30 31,0,10,,5192,,,0,9,,5195,0,29 30 31,0,9,,5140,0,29 30 31,0,9,,5193,,,0,9,,5141,0,29 30 31,0,9,,5194,,,0,49,,5142,0,29 30 31,0,20,,5143,0,29 30 31,0,20,,5144,0,29 30 31,0,58,,5145,0,29 30 31,0,20,,5146,0,29 30 31,0,21,,5147,0,29 30 31,0,61,,5148,0,29 30 31,0,20,,5149,0,29 30 31,0
1000000,'2509-HIV-26c02Vlv-Semaine-00',539,,5201,0,29 30 31,0,20,,5202,0,29 30 31,0,60,,5282,0,29 30 31,0,20,,5283,,,0,13,,5285,,,0,51,,5281,,,0,10,,5235,,,0,9,,5236,,,0,9,,5237,,,0,9,,5238,,,0,10,,5239,,,0,51,,5240,,,0,10,,5241,,,0,10,,5242,,,0,9,,5284,,,0,9,,5203,0,29 30 31,0,9,,5204,,,0,10,,5205,0,29 30 31,0,49,,5206,,,0,10,,5207,0,29 30 31,0,10,,5243,,,0,12,,5208,0,29 30 31,0,11,,5209,,,0,51,,5210,0,29 30 31,0,11,,5211,,,0,11,,5212,0,29 30 31,0,10,,5213,,,0,11,,5215,0,29 30 31,0,10,,5214,,,0,51,,5245,0,29 30 31,0,10,,5244,,,0,11,,5246,0,29 30 31,0,10,,5247,,,0,11,,5248,0,29 30 31,0,11,,5249,,,0,50,,5250,0,29 30 31,0,11,,5251,,,0,11,,5252,0,29 30 31,0,10,,5253,,,0,9,,5254,0,29 30 31,0,10,,5255,,,0,51,,5256,0,29 30 31,0,10,,5257,,,0,9,,5216,0,29 30 31,0,11,,5217,,,0,10,,5258,0,29 30 31,0,50,,5218,,,0,10,,5219,0,29 30 31,0,10,,5220,,,0,10,,5259,0,29 30 31,0,10,,5221,,,0,10,,5222,0,29 30 31,0,51,,5223,,,0,10,,5224,0,29 30 31,0,11,,5260,,,0,10,,5261,,,0,10,,5262,,,0,10,,5263,,,0,50,,5264,,,0,9,,5265,,,0,10,,5266,,,0,10,,5267,,,0,11,,5268,,,0,11,,5269,,,0,50,,5270,,,0,10,,5271,,,0,10,,5272,,,0,10,,5273,,,0,10,,5274,,,0,9,,5275,,,0,50,,5276,0,29 30 31,0,10,,5277,,,0,9,,5280,0,29 30 31,0,9,,5225,0,29 30 31,0,9,,5278,,,0,9,,5226,0,29 30 31,0,9,,5279,,,0,49,,5227,0,29 30 31,0,20,,5228,0,29 30 31,0,20,,5229,0,29 30 31,0,58,,5230,0,29 30 31,0,20,,5231,0,29 30 31,0,21,,5232,0,29 30 31,0,61,,5233,0,29 30 31,0,20,,5234,0,29 30 31,0
