401,'0_6',734,,65084,44,,,0,124,,65083,44,0,41,0,70,,65081,44,,,0,23,,65070,44,0,41,0,72,,65082,44,0,41,0,31,,65071,44,0,41,0,75,,65077,44,,,0,26,,65072,44,0,41,0,73,,65073,44,0,41,0,72,,65089,44,0,41,0,32,,65091,44,,,0,71,,65078,44,0,41,0,29,,65069,44,0,41,0,68,,65074,44,0,41,0,29,,65079,44,,,0,27,,65075,44,0,41,0,70,,65092,44,0,41,0,31,,65088,44,0,41,0,66,,65085,44,,,0,25,,65086,44,0,41,0,65,,65090,44,,,0,35,,65087,44,0,41,0,75,,65076,44,0,41,0,34,,65080,44,,,0
401,'1_7',1006,,65093,44,,,0,125,,65094,44,,,0,126,,65095,44,,,0,200,,65096,44,,,0,165,,65097,44,,,0,125,,65098,44,,,0,165,,65099,44,,,0
401,'2_1',734,,65110,52,,,0,16,,65111,46,0,41,0,78,,65122,46,0,41,0,75,,65101,47,0,41,0,25,,65123,44,,,0,26,,65102,44,0,41,0,69,,65124,44,0,41,0,31,,65103,44,0,41,0,75,,65118,44,,,0,30,,65104,44,0,41,0,70,,65105,44,0,41,0,72,,65117,46,0,41,0,35,,65115,47,,,0,70,,65119,44,0,41,0,26,,65100,44,0,41,0,68,,65106,44,0,41,0,29,,65120,44,,,0,25,,65107,44,0,41,0,72,,65108,44,,,0,25,,65116,47,0,41,0,68,,65112,46,,,0,29,,65113,49,0,41,0,77,,65125,47,,,0,23,,65114,46,0,41,0,70,,65109,44,0,41,0,37,,65121,44,,,0
401,'2_2',734,,65136,52,,,0,16,,65137,46,0,41,0,78,,65148,46,0,41,0,75,,65127,47,0,41,0,25,,65149,44,,,0,26,,65128,44,0,41,0,69,,65150,44,0,41,0,31,,65129,44,0,41,0,75,,65144,44,,,0,30,,65130,44,0,41,0,70,,65131,44,0,41,0,72,,65143,46,0,41,0,35,,65141,47,,,0,70,,65145,44,0,41,0,26,,65126,44,0,41,0,68,,65132,44,0,41,0,29,,65146,44,,,0,25,,65133,44,0,41,0,72,,65134,44,,,0,25,,65142,47,0,41,0,68,,65138,46,,,0,29,,65139,49,0,41,0,77,,65151,47,,,0,23,,65140,46,0,41,0,70,,65135,44,0,41,0,37,,65147,44,,,0
401,'2_3',734,,65162,52,,,0,16,,65163,46,0,41,0,78,,65174,46,0,41,0,75,,65153,47,0,41,0,25,,65175,44,,,0,26,,65154,44,0,41,0,69,,65176,44,0,41,0,31,,65155,44,0,41,0,75,,65170,44,,,0,30,,65156,44,0,41,0,70,,65157,44,0,41,0,72,,65169,46,0,41,0,35,,65167,47,,,0,70,,65171,44,0,41,0,26,,65152,44,0,41,0,68,,65158,44,0,41,0,29,,65172,44,,,0,25,,65159,44,0,41,0,72,,65160,44,,,0,25,,65168,47,0,41,0,68,,65164,46,,,0,29,,65165,49,0,41,0,77,,65177,47,,,0,23,,65166,46,0,41,0,70,,65161,44,0,41,0,37,,65173,44,,,0
401,'2_4',734,,65188,52,,,0,16,,65189,46,0,41,0,78,,65200,46,0,41,0,75,,65179,47,0,41,0,25,,65201,44,,,0,26,,65180,44,0,41,0,69,,65202,44,0,41,0,31,,65181,44,0,41,0,75,,65196,44,,,0,30,,65182,44,0,41,0,70,,65183,44,0,41,0,72,,65195,46,0,41,0,35,,65193,47,,,0,70,,65197,44,0,41,0,26,,65178,44,0,41,0,68,,65184,44,0,41,0,29,,65198,44,,,0,25,,65185,44,0,41,0,72,,65186,44,,,0,25,,65194,47,0,41,0,68,,65190,46,,,0,29,,65191,49,0,41,0,77,,65203,47,,,0,23,,65192,46,0,41,0,70,,65187,44,0,41,0,37,,65199,44,,,0
401,'2_5',734,,65214,52,,,0,16,,65215,46,0,41,0,78,,65226,46,0,41,0,75,,65205,47,0,41,0,25,,65227,44,,,0,26,,65206,44,0,41,0,69,,65228,44,0,41,0,31,,65207,44,0,41,0,75,,65222,44,,,0,30,,65208,44,0,41,0,70,,65209,44,0,41,0,72,,65221,46,0,41,0,35,,65219,47,,,0,70,,65223,44,0,41,0,26,,65204,44,0,41,0,68,,65210,44,0,41,0,29,,65224,44,,,0,25,,65211,44,0,41,0,72,,65212,44,,,0,25,,65220,47,0,41,0,68,,65216,46,,,0,29,,65217,49,0,41,0,77,,65229,47,,,0,23,,65218,46,0,41,0,70,,65213,44,0,41,0,37,,65225,44,,,0
401,'3_1',734,,65240,52,,,0,16,,65241,46,0,41,0,78,,65252,46,0,41,0,75,,65231,47,0,41,0,25,,65253,44,,,0,26,,65232,44,0,41,0,69,,65254,44,0,41,0,31,,65233,44,0,41,0,75,,65248,44,,,0,30,,65234,44,0,41,0,70,,65235,44,0,41,0,72,,65247,46,0,41,0,35,,65245,47,,,0,70,,65249,44,0,41,0,26,,65230,44,0,41,0,68,,65236,44,0,41,0,29,,65250,44,,,0,25,,65237,44,0,41,0,72,,65238,44,,,0,25,,65246,47,0,41,0,68,,65242,46,,,0,29,,65243,49,0,41,0,77,,65255,47,,,0,23,,65244,46,0,41,0,70,,65239,44,0,41,0,37,,65251,44,,,0
401,'3_3',734,,65266,52,,,0,16,,65267,46,0,41,0,78,,65278,46,0,41,0,75,,65257,47,0,41,0,25,,65279,44,,,0,26,,65258,44,0,41,0,69,,65280,44,0,41,0,31,,65259,44,0,41,0,75,,65274,44,,,0,30,,65260,44,0,41,0,70,,65261,44,0,41,0,72,,65273,46,0,41,0,35,,65271,47,,,0,70,,65275,44,0,41,0,26,,65256,44,0,41,0,68,,65262,44,0,41,0,29,,65276,44,,,0,25,,65263,44,0,41,0,72,,65264,44,,,0,25,,65272,47,0,41,0,68,,65268,46,,,0,29,,65269,49,0,41,0,77,,65281,47,,,0,23,,65270,46,0,41,0,70,,65265,44,0,41,0,37,,65277,44,,,0
401,'3_4',734,,65292,52,,,0,16,,65293,46,0,41,0,78,,65304,46,0,41,0,75,,65283,47,0,41,0,25,,65305,44,,,0,26,,65284,44,0,41,0,69,,65306,44,0,41,0,31,,65285,44,0,41,0,75,,65300,44,,,0,30,,65286,44,0,41,0,70,,65287,44,0,41,0,72,,65299,46,0,41,0,35,,65297,47,,,0,70,,65301,44,0,41,0,26,,65282,44,0,41,0,68,,65288,44,0,41,0,29,,65302,44,,,0,25,,65289,44,0,41,0,72,,65290,44,,,0,25,,65298,47,0,41,0,68,,65294,46,,,0,29,,65295,49,0,41,0,77,,65307,47,,,0,23,,65296,46,0,41,0,70,,65291,44,0,41,0,37,,65303,44,,,0
401,'3_5',734,,65318,52,,,0,16,,65319,46,0,41,0,78,,65330,46,0,41,0,75,,65309,47,0,41,0,25,,65331,44,,,0,26,,65310,44,0,41,0,69,,65332,44,0,41,0,31,,65311,44,0,41,0,75,,65326,44,,,0,30,,65312,44,0,41,0,70,,65313,44,0,41,0,72,,65325,46,0,41,0,35,,65323,47,,,0,70,,65327,44,0,41,0,26,,65308,44,0,41,0,68,,65314,44,0,41,0,29,,65328,44,,,0,25,,65315,44,0,41,0,72,,65316,44,,,0,25,,65324,47,0,41,0,68,,65320,46,,,0,29,,65321,49,0,41,0,77,,65333,47,,,0,23,,65322,46,0,41,0,70,,65317,44,0,41,0,37,,65329,44,,,0
401,'4_7',1006,,65334,44,,,0,125,,65335,44,,,0,126,,65336,44,,,0,200,,65337,44,,,0,165,,65338,44,,,0,125,,65339,44,,,0,165,,65340,44,,,0
