100,'2_6',718,,29921,24,0,61 8,0,110,,29933,24,0,61 8,0,95,,29922,24,0,61 8,0,30,,29934,24,0,61 8,0,70,,29923,24,0,61 8,0,32,,29935,24,0,61 8,0,70,,29924,24,0,61 8,0,29,,29936,24,0,61 8,0,71,,29925,24,0,61 8,0,28,,29937,24,0,61 8,0,70,,29926,24,0,61 8,0,30,,29938,24,0,61 8,0,70,,29927,24,0,61 8,0,31,,29939,24,0,61 8,0,69,,29928,24,0,61 8,0,31,,29940,24,0,61 8,0,71,,29929,24,0,61 8,0,32,,29941,24,0,61 8,0,73,,29930,24,0,61 8,0,28,,29942,24,0,61 8,0,70,,29931,24,0,61 8,0,31,,29943,24,0,61 8,0,69,,29932,24,0,61 8,0
100,'3_7',923,,29944,24,0,61 8,0,105,,29949,24,0,61 8,0,106,,29945,24,0,61 8,0,104,,29950,24,0,61 8,0,90,,29946,24,0,61 8,0,100,,29951,24,0,61 8,0,105,,29947,24,0,61 8,0,105,,29952,24,0,61 8,0,105,,29948,24,0,61 8,0,105,,29953,24,0,61 8,0
100,'4_7',923,,46622,24,0,61 8,0,105,,46627,24,0,61 8,0,106,,46623,24,0,61 8,0,104,,46628,24,0,61 8,0,90,,46624,24,0,61 8,0,100,,46629,24,0,61 8,0,105,,46625,24,0,61 8,0,105,,46630,24,0,61 8,0,105,,46626,24,0,61 8,0,105,,46631,24,0,61 8,0
100,'5_5',718,,38455,24,,,0,15,,38452,24,0,61 8,0,15,,38456,24,0,61 8,0,55,,38443,24,,,0,15,,38462,24,0,61 8,0,15,,38453,24,0,9 10,0,15,,38457,24,0,61 8,0,65,,38444,24,0,61 8,0,40,,38458,24,0,61 8,0,80,,38445,24,0,61 8,0,80,,38459,24,0,61 8,0,35,,38446,24,0,61 8,0,60,,38463,24,,,0,25,,38464,24,,,0,70,,38447,24,0,61 8,0,25,,38460,24,0,61 8,0,25,,38448,24,0,61 8,0,72,,38461,24,0,61 8,0,78,,38449,24,0,61 8,0,30,,38465,24,0,61 8,0,71,,38454,24,0,61 8,0,24,,38466,24,,,0,74,,38450,24,,,0,31,,38467,24,,,0,70,,38451,24,,,0,30,,38441,24,,,0,75,,38468,24,0,61 8,0,25,,38442,24,,,0
100,'6_1',718,,38483,24,,,0,15,,38480,24,0,61 8,0,15,,38484,24,0,61 8,0,55,,38471,24,,,0,15,,38490,24,0,61 8,0,15,,38481,24,0,9 10,0,15,,38485,24,0,61 8,0,65,,38472,24,0,61 8,0,40,,38486,24,0,61 8,0,80,,38473,24,0,61 8,0,80,,38487,24,0,61 8,0,35,,38474,24,0,61 8,0,60,,38491,24,,,0,25,,38492,24,,,0,70,,38475,24,0,61 8,0,25,,38488,24,0,61 8,0,25,,38476,24,0,61 8,0,72,,38489,24,0,61 8,0,78,,38477,24,0,61 8,0,30,,38493,24,0,61 8,0,71,,38482,24,0,61 8,0,24,,38494,24,,,0,74,,38478,24,,,0,31,,38495,24,,,0,70,,38479,24,,,0,30,,38469,24,,,0,75,,38496,24,0,61 8,0,25,,38470,24,,,0
100,'6_2',718,,43534,24,,,0,15,,43531,24,0,61 8,0,15,,43535,24,0,61 8,0,55,,43522,24,,,0,15,,43541,24,0,61 8,0,15,,43532,24,0,9 10,0,15,,43536,24,0,61 8,0,65,,43523,24,0,61 8,0,40,,43537,24,0,61 8,0,80,,43524,24,0,61 8,0,80,,43538,24,0,61 8,0,35,,43525,24,0,61 8,0,60,,43542,24,,,0,25,,43543,24,,,0,70,,43526,24,0,61 8,0,25,,43539,24,0,61 8,0,25,,43527,24,0,61 8,0,72,,43540,24,0,61 8,0,78,,43528,24,0,61 8,0,30,,43544,24,0,61 8,0,71,,43533,24,0,61 8,0,24,,43545,24,,,0,74,,43529,24,,,0,31,,43546,24,,,0,70,,43530,24,,,0,30,,43520,24,,,0,75,,43547,24,0,61 8,0,25,,43521,24,,,0
100,'6_3',718,,43562,24,,,0,15,,43559,24,0,61 8,0,15,,43563,24,0,61 8,0,55,,43550,24,,,0,15,,43569,24,0,61 8,0,15,,43560,24,0,9 10,0,15,,43564,24,0,61 8,0,65,,43551,24,0,61 8,0,40,,43565,24,0,61 8,0,80,,43552,24,0,61 8,0,80,,43566,24,0,61 8,0,35,,43553,24,0,61 8,0,60,,43570,24,,,0,25,,43571,24,,,0,70,,43554,24,0,61 8,0,25,,43567,24,0,61 8,0,25,,43555,24,0,61 8,0,72,,43568,24,0,61 8,0,78,,43556,24,0,61 8,0,30,,43572,24,0,61 8,0,71,,43561,24,0,61 8,0,24,,43573,24,,,0,74,,43557,24,,,0,31,,43574,24,,,0,70,,43558,24,,,0,30,,43548,24,,,0,75,,43575,24,0,61 8,0,25,,43549,24,,,0
100,'6_4',718,,43590,24,,,0,15,,43587,24,0,61 8,0,15,,43591,24,0,61 8,0,55,,43578,24,,,0,15,,43597,24,0,61 8,0,15,,43588,24,0,9 10,0,15,,43592,24,0,61 8,0,65,,43579,24,0,61 8,0,40,,43593,24,0,61 8,0,80,,43580,24,0,61 8,0,80,,43594,24,0,61 8,0,35,,43581,24,0,61 8,0,60,,43598,24,,,0,25,,43599,24,,,0,70,,43582,24,0,61 8,0,25,,43595,24,0,61 8,0,25,,43583,24,0,61 8,0,72,,43596,24,0,61 8,0,78,,43584,24,0,61 8,0,30,,43600,24,0,61 8,0,71,,43589,24,0,61 8,0,24,,43601,24,,,0,74,,43585,24,,,0,31,,43602,24,,,0,70,,43586,24,,,0,30,,43576,24,,,0,75,,43603,24,0,61 8,0,25,,43577,24,,,0
100,'7_1',718,,46646,24,0,61 8,0,14,,46643,24,0,61 8,0,16,,46647,24,0,61 8,0,55,,46634,24,,,0,15,,46653,24,0,61 8,0,20,,46644,24,0,9 10,0,10,,46648,24,0,61 8,0,67,,46635,24,0,61 8,0,38,,46649,24,0,61 8,0,78,,46636,24,0,61 8,0,80,,46650,24,0,61 8,0,38,,46637,24,0,61 8,0,59,,46654,24,,,0,25,,46655,24,,,0,70,,46638,24,0,61 8,0,25,,46651,24,0,61 8,0,25,,46639,24,0,61 8,0,75,,46652,24,0,61 8,0,80,,46640,24,0,61 8,0,24,,46656,24,,,0,76,,46663,8,0,9 10,0,20,,46657,24,,,0,13,,46662,1,0,61 8,0,62,,46658,24,,,0,10,,46641,24,0,61 8,0,11,,46664,8,0,9 10,0,2,,46665,8,,,0,7,,46659,24,,,0,20,,46642,24,0,61 8,0,55,,46660,24,,,0,6,,46666,8,,,0,19,,46632,24,,,0,75,,46661,24,0,61 8,0,35,,46633,24,,,0
400,'2_6',718,,31221,15,0,40,0,104,,31222,15,0,40,0,34,,31215,27,0,40,0,67,,31223,15,0,40,0,31,,31224,15,0,40,0,70,,31225,15,0,40,0,30,,31216,27,0,40,0,71,,31226,15,0,40,0,29,,31228,15,0,40,0,71,,31227,15,0,40,0,29,,31217,27,0,40,0,70,,31229,15,0,40,0,31,,31230,15,0,40,0,69,,31231,15,0,40,0,32,,31218,27,0,40,0,72,,31232,15,0,40,0,29,,31233,15,0,40,0,70,,31234,15,0,40,0,73,,31219,27,0,40,0,35,,31235,15,0,40,0,71,,31236,15,0,40,0,32,,31237,15,0,40,0,69,,31220,27,0,40,0,31,,31238,15,0,40,0
400,'3_7',918,,31239,15,0,40,0,100,,31240,15,0,40,0,100,,31241,15,0,40,0,100,,31242,15,0,40,0,100,,31243,15,0,40,0,100,,31244,15,0,40,0,100,,31245,15,0,40,0,100,,31246,15,0,40,0,100,,31247,15,0,40,0,100,,31248,15,0,40,0
400,'4_7',918,,46882,15,0,40,0,100,,46883,15,0,40,0,100,,46884,15,0,40,0,100,,46885,15,0,40,0,100,,46886,15,0,40,0,100,,46887,15,0,40,0,100,,46888,15,0,40,0,100,,46889,15,0,40,0,100,,46890,15,0,40,0,100,,46891,15,0,40,0
400,'5_5',717,,39411,15,0,40,0,14,,39417,15,0,40,0,17,,39391,15,0,40,0,55,,39392,15,0,40,0,13,,39412,15,0,40,0,17,,39393,15,0,40,0,15,,39394,15,0,40,0,77,,39395,15,0,40,0,32,,39396,27,0,40,0,70,,39397,15,0,40,0,30,,39398,15,0,40,0,75,,39399,15,0,40,0,75,,39400,15,0,40,0,25,,39415,15,0,40,0,25,,39413,27,0,40,0,70,,39401,15,0,40,0,30,,39402,15,0,40,0,65,,39405,27,0,40,0,35,,39403,15,0,40,0,70,,39406,27,0,40,0,75,,39404,15,0,40,0,30,,39418,15,0,40,0,71,,39414,27,0,40,0,30,,39407,15,0,40,0,75,,39408,27,0,40,0,25,,39416,15,,,0,70,,39409,15,0,40,0,30,,39410,27,0,40,0
400,'6_1',717,,39439,15,0,40,0,14,,39445,15,0,40,0,17,,39419,15,0,40,0,55,,39420,15,0,40,0,13,,39440,15,0,40,0,17,,39421,15,0,40,0,15,,39422,15,0,40,0,77,,39423,15,0,40,0,32,,39424,27,0,40,0,70,,39425,15,0,40,0,30,,39426,15,0,40,0,75,,39427,15,0,40,0,75,,39428,15,0,40,0,25,,39443,15,0,40,0,25,,39441,27,0,40,0,70,,39429,15,0,40,0,30,,39430,15,0,40,0,65,,39433,27,0,40,0,35,,39431,15,0,40,0,70,,39434,27,0,40,0,75,,39432,15,0,40,0,30,,39446,15,0,40,0,71,,39442,27,0,40,0,30,,39435,15,0,40,0,75,,39436,27,0,40,0,25,,39444,15,,,0,70,,39437,15,0,40,0,30,,39438,27,0,40,0
400,'6_2',717,,44110,15,0,40,0,14,,44116,15,0,40,0,17,,44090,15,0,40,0,55,,44091,15,0,40,0,13,,44111,15,0,40,0,17,,44092,15,0,40,0,15,,44093,15,0,40,0,77,,44094,15,0,40,0,32,,44095,27,0,40,0,70,,44096,15,0,40,0,30,,44097,15,0,40,0,75,,44098,15,0,40,0,75,,44099,15,0,40,0,25,,44114,15,0,40,0,25,,44112,27,0,40,0,70,,44100,15,0,40,0,30,,44101,15,0,40,0,65,,44104,27,0,40,0,35,,44102,15,0,40,0,70,,44105,27,0,40,0,75,,44103,15,0,40,0,30,,44117,15,0,40,0,71,,44113,27,0,40,0,30,,44106,15,0,40,0,75,,44107,27,0,40,0,25,,44115,15,,,0,70,,44108,15,0,40,0,30,,44109,27,0,40,0
400,'6_3',717,,44138,15,0,40,0,14,,44144,15,0,40,0,17,,44118,15,0,40,0,55,,44119,15,0,40,0,13,,44139,15,0,40,0,17,,44120,15,0,40,0,15,,44121,15,0,40,0,77,,44122,15,0,40,0,32,,44123,27,0,40,0,70,,44124,15,0,40,0,30,,44125,15,0,40,0,75,,44126,15,0,40,0,75,,44127,15,0,40,0,25,,44142,15,0,40,0,25,,44140,27,0,40,0,70,,44128,15,0,40,0,30,,44129,15,0,40,0,65,,44132,27,0,40,0,35,,44130,15,0,40,0,70,,44133,27,0,40,0,75,,44131,15,0,40,0,30,,44145,15,0,40,0,71,,44141,27,0,40,0,30,,44134,15,0,40,0,75,,44135,27,0,40,0,25,,44143,15,,,0,70,,44136,15,0,40,0,30,,44137,27,0,40,0
400,'6_4',717,,44166,15,0,40,0,14,,44172,15,0,40,0,17,,44146,15,0,40,0,55,,44147,15,0,40,0,13,,44167,15,0,40,0,17,,44148,15,0,40,0,15,,44149,15,0,40,0,77,,44150,15,0,40,0,32,,44151,27,0,40,0,70,,44152,15,0,40,0,30,,44153,15,0,40,0,75,,44154,15,0,40,0,75,,44155,15,0,40,0,25,,44170,15,0,40,0,25,,44168,27,0,40,0,70,,44156,15,0,40,0,30,,44157,15,0,40,0,65,,44160,27,0,40,0,35,,44158,15,0,40,0,70,,44161,27,0,40,0,75,,44159,15,0,40,0,30,,44173,15,0,40,0,71,,44169,27,0,40,0,30,,44162,15,0,40,0,75,,44163,27,0,40,0,25,,44171,15,,,0,70,,44164,15,0,40,0,30,,44165,27,0,40,0
400,'7_1',718,,46915,15,0,43,0,15,,46923,15,0,40,0,15,,46892,15,0,40,0,55,,46893,15,0,40,0,15,,46917,15,0,40,0,15,,46894,15,0,40,0,14,,46895,15,0,40,0,70,,46896,15,0,40,0,40,,46897,27,0,40,0,71,,46898,15,0,40,0,30,,46899,15,0,40,0,75,,46900,15,0,40,0,75,,46901,15,0,40,0,25,,46921,15,,,0,25,,46918,27,0,40,0,70,,46902,15,0,40,0,27,,46903,15,0,40,0,68,,46906,27,0,40,0,35,,46904,15,0,40,0,70,,46907,27,0,40,0,75,,46905,15,0,40,0,30,,46924,15,0,40,0,70,,46919,27,0,40,0,15,,46909,15,0,40,0,15,,46925,15,,,0,15,,46910,27,0,40,0,65,,46911,15,0,40,0,20,,46922,15,,,0,75,,46912,15,0,40,0,25,,46913,27,0,40,0
500,'2_6',748,,31549,35,,,0,100,,31538,35,,,0,99,,31539,35,,,0,100,,31540,35,,,0,99,,31541,35,,,0,96,,31542,35,,,0,98,,31543,35,,,0,100,,31544,35,,,0,100,,31545,35,,,0,100,,31546,35,,,0,101,,31547,35,,,0,191,,31548,35,,,0
500,'5_5',718,,39629,21,,,0,100,,39630,21,,,0,36,,39631,35,,,0,104,,39632,35,,,0,100,,39633,35,,,0,145,,39634,35,,,0,100,,39635,35,,,0,44,,39636,35,,,0,94,,39637,35,,,0,100,,39638,35,,,0,103,,39639,35,,,0,107,,39640,35,,,0,101,,39641,35,,,0,98,,39642,35,,,0
500,'6_1',718,,39643,21,,,0,100,,39644,21,,,0,36,,39645,35,,,0,104,,39646,35,,,0,100,,39647,35,,,0,145,,39648,35,,,0,100,,39649,35,,,0,44,,39650,35,,,0,94,,39651,35,,,0,100,,39652,35,,,0,103,,39653,35,,,0,107,,39654,35,,,0,101,,39655,35,,,0,98,,39656,35,,,0
500,'6_2',718,,44258,21,,,0,100,,44259,21,,,0,36,,44260,35,,,0,104,,44261,35,,,0,100,,44262,35,,,0,145,,44263,35,,,0,100,,44264,35,,,0,44,,44265,35,,,0,94,,44266,35,,,0,100,,44267,35,,,0,103,,44268,35,,,0,107,,44269,35,,,0,101,,44270,35,,,0,98,,44271,35,,,0
500,'6_3',718,,44272,21,,,0,100,,44273,21,,,0,36,,44274,35,,,0,104,,44275,35,,,0,100,,44276,35,,,0,145,,44277,35,,,0,100,,44278,35,,,0,44,,44279,35,,,0,94,,44280,35,,,0,100,,44281,35,,,0,103,,44282,35,,,0,107,,44283,35,,,0,101,,44284,35,,,0,98,,44285,35,,,0
500,'6_4',718,,44286,21,,,0,100,,44287,21,,,0,36,,44288,35,,,0,104,,44289,35,,,0,100,,44290,35,,,0,145,,44291,35,,,0,100,,44292,35,,,0,44,,44293,35,,,0,94,,44294,35,,,0,100,,44295,35,,,0,103,,44296,35,,,0,107,,44297,35,,,0,101,,44298,35,,,0,98,,44299,35,,,0
500,'7_1',718,,46979,21,,,0,20,,46980,35,,,0,80,,46981,21,,,0,36,,46968,35,,,0,104,,46969,35,,,0,100,,46970,35,,,0,145,,46971,35,,,0,100,,46972,35,,,0,44,,46973,35,,,0,94,,46974,35,,,0,100,,46975,35,,,0,103,,46976,35,,,0,107,,46977,35,,,0,101,,46982,35,,,0,98,,46978,35,,,0
2600,'2_6',728,,33480,14,,,0,85,,33481,14,,,0,45,,33482,14,,,0,85,,33483,14,,,0,84,,33484,14,,,0,90,,33485,14,,,0,84,,33486,14,,,0,42,,33487,14,,,0,85,,33488,14,,,0,85,,33489,14,,,0,43,,33490,14,,,0,85,,33491,14,,,0,90,,33492,14,,,0,86,,33493,14,,,0,83,,33494,14,,,0,45,,33495,14,,,0,83,,33496,14,,,0
2600,'5_5',728,,40851,14,,,0,85,,40852,14,,,0,45,,40853,14,,,0,85,,40854,14,,,0,84,,40855,14,,,0,90,,40856,14,,,0,84,,40857,14,,,0,42,,40858,14,,,0,85,,40859,14,,,0,85,,40860,14,,,0,43,,40861,14,,,0,85,,40862,14,,,0,90,,40863,14,,,0,86,,40864,14,,,0,83,,40865,14,,,0,45,,40866,14,,,0,83,,40867,14,,,0
2600,'6_1',728,,40868,14,,,0,85,,40869,14,,,0,45,,40870,14,,,0,85,,40871,14,,,0,84,,40872,14,,,0,90,,40873,14,,,0,84,,40874,14,,,0,42,,40875,14,,,0,85,,40876,14,,,0,85,,40877,14,,,0,43,,40878,14,,,0,85,,40879,14,,,0,90,,40880,14,,,0,86,,40881,14,,,0,83,,40882,14,,,0,45,,40883,14,,,0,83,,40884,14,,,0
2600,'6_2',728,,44990,14,,,0,85,,44991,14,,,0,45,,44992,14,,,0,85,,44993,14,,,0,84,,44994,14,,,0,90,,44995,14,,,0,84,,44996,14,,,0,42,,44997,14,,,0,85,,44998,14,,,0,85,,44999,14,,,0,43,,45000,14,,,0,85,,45001,14,,,0,90,,45002,14,,,0,86,,45003,14,,,0,83,,45004,14,,,0,45,,45005,14,,,0,83,,45006,14,,,0
2600,'6_3',728,,45007,14,,,0,85,,45008,14,,,0,45,,45009,14,,,0,85,,45010,14,,,0,84,,45011,14,,,0,90,,45012,14,,,0,84,,45013,14,,,0,42,,45014,14,,,0,85,,45015,14,,,0,85,,45016,14,,,0,43,,45017,14,,,0,85,,45018,14,,,0,90,,45019,14,,,0,86,,45020,14,,,0,83,,45021,14,,,0,45,,45022,14,,,0,83,,45023,14,,,0
2600,'6_4',728,,45024,14,,,0,85,,45025,14,,,0,45,,45026,14,,,0,85,,45027,14,,,0,84,,45028,14,,,0,90,,45029,14,,,0,84,,45030,14,,,0,42,,45031,14,,,0,85,,45032,14,,,0,85,,45033,14,,,0,43,,45034,14,,,0,85,,45035,14,,,0,90,,45036,14,,,0,86,,45037,14,,,0,83,,45038,14,,,0,45,,45039,14,,,0,83,,45040,14,,,0
2600,'7_1',707,,47310,14,,,0,13,,47321,14,,,0,84,,47322,14,,,0,16,,47323,14,,,0,84,,47324,14,,,0,29,,47325,14,,,0,95,,47311,14,,,0,99,,47312,14,,,0,98,,47313,14,,,0,27,,47314,14,,,0,70,,47329,14,,,0,95,,47330,14,,,0,111,,47315,14,,,0,85,,47316,14,,,0,25,,47326,14,,,0,71,,47327,14,,,0,21,,47317,14,,,0,28,,47318,14,,,0,72,,47319,14,,,0,29,,47332,14,,,0
901500,'2_6',855,,34159,9,,,0,60,,34160,9,,,0,20,,34161,9,,,0,20,,34162,9,,,0,60,,34163,9,,,0,20,,34164,9,,,0,20,,34165,9,,,0,60,,34166,9,,,0,20,,34167,9,,,0,20,,34168,9,,,0,60,,34169,9,,,0,20,,34170,9,,,0,20,,34171,9,,,0,60,,34172,9,,,0,20,,34173,9,,,0,20,,34174,9,,,0,60,,34175,9,,,0,20,,34176,9,,,0,20,,34177,9,,,0,80,,34178,9,,,0,20,,34179,9,,,0,60,,34180,9,,,0,20,,34181,9,,,0,20,,34182,9,,,0,60,,34183,9,,,0,20,,34184,9,,,0,20,,34185,9,,,0,60,,34186,9,,,0,20,,34187,9,,,0,20,,34188,9,,,0,60,,34189,9,,,0,20,,34190,9,,,0
901500,'5_5',855,,41146,9,,,0,60,,41147,9,,,0,20,,41148,9,,,0,20,,41149,9,,,0,60,,41150,9,,,0,20,,41151,9,,,0,20,,41152,9,,,0,60,,41153,9,,,0,20,,41154,9,,,0,20,,41155,9,,,0,60,,41156,9,,,0,20,,41157,9,,,0,20,,41158,9,,,0,60,,41159,9,,,0,20,,41160,9,,,0,20,,41161,9,,,0,60,,41162,9,,,0,20,,41163,9,,,0,20,,41164,9,,,0,80,,41165,9,,,0,20,,41166,9,,,0,60,,41167,9,,,0,20,,41168,9,,,0,20,,41169,9,,,0,60,,41170,9,,,0,20,,41171,9,,,0,20,,41172,9,,,0,60,,41173,9,,,0,20,,41174,9,,,0,20,,41175,9,,,0,60,,41176,9,,,0,20,,41177,9,,,0
901500,'6_1',855,,41178,9,,,0,60,,41179,9,,,0,20,,41180,9,,,0,20,,41181,9,,,0,60,,41182,9,,,0,20,,41183,9,,,0,20,,41184,9,,,0,60,,41185,9,,,0,20,,41186,9,,,0,20,,41187,9,,,0,60,,41188,9,,,0,20,,41189,9,,,0,20,,41190,9,,,0,60,,41191,9,,,0,20,,41192,9,,,0,20,,41193,9,,,0,60,,41194,9,,,0,20,,41195,9,,,0,20,,41196,9,,,0,80,,41197,9,,,0,20,,41198,9,,,0,60,,41199,9,,,0,20,,41200,9,,,0,20,,41201,9,,,0,60,,41202,9,,,0,20,,41203,9,,,0,20,,41204,9,,,0,60,,41205,9,,,0,20,,41206,9,,,0,20,,41207,9,,,0,60,,41208,9,,,0,20,,41209,9,,,0
901500,'6_2',855,,45140,9,,,0,60,,45141,9,,,0,20,,45142,9,,,0,20,,45143,9,,,0,60,,45144,9,,,0,20,,45145,9,,,0,20,,45146,9,,,0,60,,45147,9,,,0,20,,45148,9,,,0,20,,45149,9,,,0,60,,45150,9,,,0,20,,45151,9,,,0,20,,45152,9,,,0,60,,45153,9,,,0,20,,45154,9,,,0,20,,45155,9,,,0,60,,45156,9,,,0,20,,45157,9,,,0,20,,45158,9,,,0,80,,45159,9,,,0,20,,45160,9,,,0,60,,45161,9,,,0,20,,45162,9,,,0,20,,45163,9,,,0,60,,45164,9,,,0,20,,45165,9,,,0,20,,45166,9,,,0,60,,45167,9,,,0,20,,45168,9,,,0,20,,45169,9,,,0,60,,45170,9,,,0,20,,45171,9,,,0
901500,'6_3',855,,45172,9,,,0,60,,45173,9,,,0,20,,45174,9,,,0,20,,45175,9,,,0,60,,45176,9,,,0,20,,45177,9,,,0,20,,45178,9,,,0,60,,45179,9,,,0,20,,45180,9,,,0,20,,45181,9,,,0,60,,45182,9,,,0,20,,45183,9,,,0,20,,45184,9,,,0,60,,45185,9,,,0,20,,45186,9,,,0,20,,45187,9,,,0,60,,45188,9,,,0,20,,45189,9,,,0,20,,45190,9,,,0,80,,45191,9,,,0,20,,45192,9,,,0,60,,45193,9,,,0,20,,45194,9,,,0,20,,45195,9,,,0,60,,45196,9,,,0,20,,45197,9,,,0,20,,45198,9,,,0,60,,45199,9,,,0,20,,45200,9,,,0,20,,45201,9,,,0,60,,45202,9,,,0,20,,45203,9,,,0
901500,'6_4',855,,45204,9,,,0,60,,45205,9,,,0,20,,45206,9,,,0,20,,45207,9,,,0,60,,45208,9,,,0,20,,45209,9,,,0,20,,45210,9,,,0,60,,45211,9,,,0,20,,45212,9,,,0,20,,45213,9,,,0,60,,45214,9,,,0,20,,45215,9,,,0,20,,45216,9,,,0,60,,45217,9,,,0,20,,45218,9,,,0,20,,45219,9,,,0,60,,45220,9,,,0,20,,45221,9,,,0,20,,45222,9,,,0,80,,45223,9,,,0,20,,45224,9,,,0,60,,45225,9,,,0,20,,45226,9,,,0,20,,45227,9,,,0,60,,45228,9,,,0,20,,45229,9,,,0,20,,45230,9,,,0,60,,45231,9,,,0,20,,45232,9,,,0,20,,45233,9,,,0,60,,45234,9,,,0,20,,45235,9,,,0
901500,'7_1',855,,47425,9,,,0,60,,47426,9,,,0,20,,47427,9,,,0,20,,47428,9,,,0,60,,47429,9,,,0,20,,47430,9,,,0,20,,47431,9,,,0,60,,47432,9,,,0,20,,47433,9,,,0,20,,47434,9,,,0,60,,47435,9,,,0,20,,47436,9,,,0,20,,47437,9,,,0,60,,47438,9,,,0,20,,47439,9,,,0,20,,47440,9,,,0,60,,47441,9,,,0,20,,47442,9,,,0,20,,47443,9,,,0,80,,47444,9,,,0,20,,47445,9,,,0,60,,47446,9,,,0,20,,47447,9,,,0,20,,47448,9,,,0,60,,47449,9,,,0,20,,47450,9,,,0,20,,47451,9,,,0,60,,47452,9,,,0,20,,47453,9,,,0,20,,47454,9,,,0,60,,47455,9,,,0,20,,47456,9,,,0
2000000,'2_6',650,,35553,13,,,0,81,,35554,13,,,0,79,,35555,13,,,0,30,,35556,13,,,0,60,,35557,13,,,0,20,,35558,13,,,0,18,,35559,13,,,0,18,,35560,13,,,0,60,,35561,13,,,0,20,,35562,13,,,0,18,,35563,13,,,0,59,,35564,13,,,0,19,,35565,13,,,0,20,,35566,13,,,0,58,,35567,13,,,0,19,,35568,13,,,0,18,,35569,13,,,0,59,,35570,13,,,0,19,,35571,13,,,0,19,,35572,13,,,0,58,,35573,13,,,0,19,,35574,13,,,0,20,,35575,13,,,0,60,,35576,13,,,0,19,,35577,13,,,0,19,,35578,13,,,0,20,,35579,13,,,0,60,,35580,13,,,0,20,,35581,13,,,0,61,,35582,13,,,0,19,,35583,13,,,0,20,,35584,13,,,0,20,,35585,13,,,0,60,,35586,13,,,0,18,,35587,13,,,0,20,,35588,13,,,0,64,,35589,13,,,0,24,,35590,13,,,0,65,,35591,13,,,0,24,,35592,13,,,0,25,,35593,13,,,0
2000000,'3_7',827,,35594,13,,,0,80,,35595,13,,,0,40,,35596,13,,,0,80,,35597,13,,,0,80,,35598,13,,,0,40,,35599,13,,,0,80,,35600,13,,,0,80,,35601,13,,,0,40,,35602,13,,,0,80,,35603,13,,,0,80,,35604,13,,,0,40,,35605,13,,,0,80,,35606,13,,,0,80,,35607,13,,,0,40,,35608,13,,,0,80,,35609,13,,,0,80,,35610,13,,,0,40,,35611,13,,,0
2000000,'4_7',827,,47665,13,,,0,80,,47666,13,,,0,40,,47667,13,,,0,80,,47668,13,,,0,80,,47669,13,,,0,40,,47670,13,,,0,80,,47671,13,,,0,80,,47672,13,,,0,40,,47673,13,,,0,80,,47674,13,,,0,80,,47675,13,,,0,40,,47676,13,,,0,80,,47677,13,,,0,80,,47678,13,,,0,40,,47679,13,,,0,80,,47680,13,,,0,80,,47681,13,,,0,40,,47682,13,,,0
2000000,'5_5',653,,42235,13,,,0,63,,42232,13,,,0,17,,42237,13,,,0,15,,42230,13,,,0,55,,42234,13,,,0,15,,42231,13,,,0,15,,42236,13,,,0,15,,42233,13,,,0,55,,42238,13,,,0,15,,42239,13,,,0,14,,42240,13,,,0,15,,42241,13,,,0,55,,42242,13,,,0,15,,42243,13,,,0,15,,42244,13,,,0,15,,42245,13,,,0,55,,42246,13,,,0,15,,42247,13,,,0,15,,42248,13,,,0,15,,42249,13,,,0,55,,42250,13,,,0,15,,42251,13,,,0,15,,42252,13,,,0,15,,42253,13,,,0,55,,42254,13,,,0,15,,42255,13,,,0,15,,42256,13,,,0,15,,42257,13,,,0,55,,42258,13,,,0,15,,42259,13,,,0,15,,42260,13,,,0,15,,42261,13,,,0,55,,42262,13,,,0,15,,42263,13,,,0,15,,42264,13,,,0,15,,42265,13,,,0,55,,42266,13,,,0,15,,42267,13,,,0,15,,42268,13,,,0,16,,42269,13,,,0,55,,42270,13,,,0,15,,42271,13,,,0,15,,42272,13,,,0,15,,42273,13,,,0,55,,42274,13,,,0,15,,42275,13,,,0,15,,42276,13,,,0,15,,42277,13,,,0,55,,42278,13,,,0,20,,42281,13,,,0,20,,42282,13,,,0,60,,42283,13,,,0,20,,42284,13,,,0,20,,42279,13,,,0,60,,42280,13,,,0
2000000,'6_1',653,,42290,13,,,0,63,,42287,13,,,0,17,,42292,13,,,0,15,,42285,13,,,0,55,,42289,13,,,0,15,,42286,13,,,0,15,,42291,13,,,0,15,,42288,13,,,0,55,,42293,13,,,0,15,,42294,13,,,0,14,,42295,13,,,0,15,,42296,13,,,0,55,,42297,13,,,0,15,,42298,13,,,0,15,,42299,13,,,0,15,,42300,13,,,0,55,,42301,13,,,0,15,,42302,13,,,0,15,,42303,13,,,0,15,,42304,13,,,0,55,,42305,13,,,0,15,,42306,13,,,0,15,,42307,13,,,0,15,,42308,13,,,0,55,,42309,13,,,0,15,,42310,13,,,0,15,,42311,13,,,0,15,,42312,13,,,0,55,,42313,13,,,0,15,,42314,13,,,0,15,,42315,13,,,0,15,,42316,13,,,0,55,,42317,13,,,0,15,,42318,13,,,0,15,,42319,13,,,0,15,,42320,13,,,0,55,,42321,13,,,0,15,,42322,13,,,0,15,,42323,13,,,0,16,,42324,13,,,0,55,,42325,13,,,0,15,,42326,13,,,0,15,,42327,13,,,0,15,,42328,13,,,0,55,,42329,13,,,0,15,,42330,13,,,0,15,,42331,13,,,0,15,,42332,13,,,0,55,,42333,13,,,0,20,,42336,13,,,0,20,,42337,13,,,0,60,,42338,13,,,0,20,,42339,13,,,0,20,,42334,13,,,0,60,,42335,13,,,0
2000000,'6_2',653,,45754,13,,,0,63,,45751,13,,,0,17,,45756,13,,,0,15,,45749,13,,,0,55,,45753,13,,,0,15,,45750,13,,,0,15,,45755,13,,,0,15,,45752,13,,,0,55,,45757,13,,,0,15,,45758,13,,,0,14,,45759,13,,,0,15,,45760,13,,,0,55,,45761,13,,,0,15,,45762,13,,,0,15,,45763,13,,,0,15,,45764,13,,,0,55,,45765,13,,,0,15,,45766,13,,,0,15,,45767,13,,,0,15,,45768,13,,,0,55,,45769,13,,,0,15,,45770,13,,,0,15,,45771,13,,,0,15,,45772,13,,,0,55,,45773,13,,,0,15,,45774,13,,,0,15,,45775,13,,,0,15,,45776,13,,,0,55,,45777,13,,,0,15,,45778,13,,,0,15,,45779,13,,,0,15,,45780,13,,,0,55,,45781,13,,,0,15,,45782,13,,,0,15,,45783,13,,,0,15,,45784,13,,,0,55,,45785,13,,,0,15,,45786,13,,,0,15,,45787,13,,,0,16,,45788,13,,,0,55,,45789,13,,,0,15,,45790,13,,,0,15,,45791,13,,,0,15,,45792,13,,,0,55,,45793,13,,,0,15,,45794,13,,,0,15,,45795,13,,,0,15,,45796,13,,,0,55,,45797,13,,,0,20,,45800,13,,,0,20,,45801,13,,,0,60,,45802,13,,,0,20,,45803,13,,,0,20,,45798,13,,,0,60,,45799,13,,,0
2000000,'6_3',653,,45809,13,,,0,63,,45806,13,,,0,17,,45811,13,,,0,15,,45804,13,,,0,55,,45808,13,,,0,15,,45805,13,,,0,15,,45810,13,,,0,15,,45807,13,,,0,55,,45812,13,,,0,15,,45813,13,,,0,14,,45814,13,,,0,15,,45815,13,,,0,55,,45816,13,,,0,15,,45817,13,,,0,15,,45818,13,,,0,15,,45819,13,,,0,55,,45820,13,,,0,15,,45821,13,,,0,15,,45822,13,,,0,15,,45823,13,,,0,55,,45824,13,,,0,15,,45825,13,,,0,15,,45826,13,,,0,15,,45827,13,,,0,55,,45828,13,,,0,15,,45829,13,,,0,15,,45830,13,,,0,15,,45831,13,,,0,55,,45832,13,,,0,15,,45833,13,,,0,15,,45834,13,,,0,15,,45835,13,,,0,55,,45836,13,,,0,15,,45837,13,,,0,15,,45838,13,,,0,15,,45839,13,,,0,55,,45840,13,,,0,15,,45841,13,,,0,15,,45842,13,,,0,16,,45843,13,,,0,55,,45844,13,,,0,15,,45845,13,,,0,15,,45846,13,,,0,15,,45847,13,,,0,55,,45848,13,,,0,15,,45849,13,,,0,15,,45850,13,,,0,15,,45851,13,,,0,55,,45852,13,,,0,20,,45855,13,,,0,20,,45856,13,,,0,60,,45857,13,,,0,20,,45858,13,,,0,20,,45853,13,,,0,60,,45854,13,,,0
2000000,'6_4',653,,45864,13,,,0,63,,45861,13,,,0,17,,45866,13,,,0,15,,45859,13,,,0,55,,45863,13,,,0,15,,45860,13,,,0,15,,45865,13,,,0,15,,45862,13,,,0,55,,45867,13,,,0,15,,45868,13,,,0,14,,45869,13,,,0,15,,45870,13,,,0,55,,45871,13,,,0,15,,45872,13,,,0,15,,45873,13,,,0,15,,45874,13,,,0,55,,45875,13,,,0,15,,45876,13,,,0,15,,45877,13,,,0,15,,45878,13,,,0,55,,45879,13,,,0,15,,45880,13,,,0,15,,45881,13,,,0,15,,45882,13,,,0,55,,45883,13,,,0,15,,45884,13,,,0,15,,45885,13,,,0,15,,45886,13,,,0,55,,45887,13,,,0,15,,45888,13,,,0,15,,45889,13,,,0,15,,45890,13,,,0,55,,45891,13,,,0,15,,45892,13,,,0,15,,45893,13,,,0,15,,45894,13,,,0,55,,45895,13,,,0,15,,45896,13,,,0,15,,45897,13,,,0,16,,45898,13,,,0,55,,45899,13,,,0,15,,45900,13,,,0,15,,45901,13,,,0,15,,45902,13,,,0,55,,45903,13,,,0,15,,45904,13,,,0,15,,45905,13,,,0,15,,45906,13,,,0,55,,45907,13,,,0,20,,45910,13,,,0,20,,45911,13,,,0,60,,45912,13,,,0,20,,45913,13,,,0,20,,45908,13,,,0,60,,45909,13,,,0
2000000,'7_1',653,,47722,13,,,0,62,,47704,13,,,0,17,,47732,13,,,0,16,,47688,13,,,0,55,,47715,13,,,0,15,,47697,13,,,0,15,,47724,13,,,0,15,,47707,13,,,0,56,,47735,13,,,0,16,,47689,13,,,0,16,,47720,13,,,0,16,,47698,13,,,0,56,,47725,13,,,0,15,,47705,13,,,0,16,,47733,13,,,0,16,,47690,13,,,0,56,,47721,13,,,0,15,,47699,13,,,0,16,,47726,13,,,0,16,,47706,13,,,0,54,,47736,13,,,0,15,,47691,13,,,0,16,,47714,13,,,0,16,,47700,13,,,0,55,,47723,13,,,0,15,,47708,13,,,0,15,,47734,13,,,0,15,,47693,13,,,0,55,,47716,13,,,0,15,,47703,13,,,0,15,,47728,13,,,0,15,,47709,13,,,0,55,,47737,13,,,0,15,,47694,13,,,0,15,,47717,13,,,0,56,,47702,13,,,0,7,,47685,11,0,9 10,0,8,,47727,13,,,0,15,,47710,13,,,0,16,,47686,13,,,0,55,,47738,13,,,0,15,,47684,11,0,9 10,0,3,,47692,13,,,0,14,,47719,13,,,0,16,,47701,13,,,0,55,,47729,13,,,0,9,,47741,11,0,9 10,0,6,,47712,13,,,0,13,,47687,13,,,0,14,,47739,13,,,0,54,,47695,13,,,0,14,,47718,13,,,0,14,,47730,13,,,0,19,,47711,13,,,0,61,,47740,13,,,0,20,,47696,13,,,0,19,,47731,13,,,0,61,,47713,13,,,0
3000000,'2_6',642,,36384,9,,,0,81,,36385,9,,,0,81,,36386,9,,,0,30,,36387,9,,,0,20,,36388,9,,,0,60,,36389,9,,,0,20,,36390,9,,,0,20,,36391,9,,,0,60,,36392,9,,,0,20,,36393,9,,,0,20,,36394,9,,,0,59,,36395,9,,,0,20,,36396,9,,,0,20,,36397,9,,,0,60,,36398,9,,,0,19,,36399,9,,,0,20,,36400,9,,,0,60,,36401,9,,,0,20,,36402,9,,,0,20,,36403,9,,,0,61,,36404,9,,,0,20,,36405,9,,,0,20,,36406,9,,,0,60,,36407,9,,,0,20,,36408,9,,,0,20,,36409,9,,,0,60,,36410,9,,,0,20,,36411,9,,,0,21,,36412,9,,,0,60,,36413,9,,,0,20,,36414,9,,,0,20,,36415,9,,,0,59,,36416,9,,,0,20,,36417,9,,,0,19,,36418,9,,,0,70,,36419,9,,,0,30,,36420,9,,,0,70,,36421,9,,,0,29,,36422,9,,,0
3000000,'3_7',803,,36423,9,,,0,130,,36424,9,,,0,170,,36425,9,,,0,130,,36426,9,,,0,170,,36427,9,,,0,130,,36428,9,,,0,170,,36429,9,,,0,129,,36430,9,,,0,170,,36431,9,,,0
3000000,'4_7',803,,47850,9,,,0,130,,47851,9,,,0,170,,47858,9,,,0,130,,47857,9,,,0,170,,47856,9,,,0,130,,47854,9,,,0,170,,47855,9,,,0,129,,47853,9,,,0,170,,47852,9,,,0
3000000,'5_5',638,,42827,9,,,0,20,,42826,9,,,0,60,,42786,9,,,0,20,,42787,9,,,0,20,,42788,9,,,0,60,,42789,9,,,0,20,,42790,9,,,0,21,,42791,9,,,0,60,,42792,9,,,0,19,,42793,9,,,0,21,,42794,9,,,0,60,,42795,9,,,0,20,,42796,9,,,0,20,,42797,9,,,0,60,,42798,9,,,0,20,,42799,9,,,0,20,,42800,9,,,0,59,,42801,9,,,0,20,,42802,9,,,0,20,,42803,9,,,0,61,,42804,9,,,0,20,,42805,9,,,0,20,,42806,9,,,0,60,,42807,9,,,0,19,,42808,9,,,0,20,,42809,9,,,0,60,,42810,9,,,0,20,,42811,9,,,0,20,,42812,9,,,0,59,,42813,9,,,0,20,,42814,9,,,0,22,,42815,9,,,0,60,,42816,9,,,0,21,,42817,9,,,0,60,,42818,9,,,0,20,,42819,9,,,0,19,,42820,9,,,0,19,,42821,9,,,0,58,,42822,9,,,0,29,,42823,9,,,0,73,,42824,9,,,0,33,,42825,9,,,0
3000000,'6_1',638,,42869,9,,,0,20,,42868,9,,,0,60,,42828,9,,,0,20,,42829,9,,,0,20,,42830,9,,,0,60,,42831,9,,,0,20,,42832,9,,,0,21,,42833,9,,,0,60,,42834,9,,,0,19,,42835,9,,,0,21,,42836,9,,,0,60,,42837,9,,,0,20,,42838,9,,,0,20,,42839,9,,,0,60,,42840,9,,,0,20,,42841,9,,,0,20,,42842,9,,,0,59,,42843,9,,,0,20,,42844,9,,,0,20,,42845,9,,,0,61,,42846,9,,,0,20,,42847,9,,,0,20,,42848,9,,,0,60,,42849,9,,,0,19,,42850,9,,,0,20,,42851,9,,,0,60,,42852,9,,,0,20,,42853,9,,,0,20,,42854,9,,,0,59,,42855,9,,,0,20,,42856,9,,,0,22,,42857,9,,,0,60,,42858,9,,,0,21,,42859,9,,,0,60,,42860,9,,,0,20,,42861,9,,,0,19,,42862,9,,,0,19,,42863,9,,,0,58,,42864,9,,,0,29,,42865,9,,,0,73,,42866,9,,,0,33,,42867,9,,,0
3000000,'6_2',638,,46147,9,,,0,20,,46146,9,,,0,60,,46106,9,,,0,20,,46107,9,,,0,20,,46108,9,,,0,60,,46109,9,,,0,20,,46110,9,,,0,21,,46111,9,,,0,60,,46112,9,,,0,19,,46113,9,,,0,21,,46114,9,,,0,60,,46115,9,,,0,20,,46116,9,,,0,20,,46117,9,,,0,60,,46118,9,,,0,20,,46119,9,,,0,20,,46120,9,,,0,59,,46121,9,,,0,20,,46122,9,,,0,20,,46123,9,,,0,61,,46124,9,,,0,20,,46125,9,,,0,20,,46126,9,,,0,60,,46127,9,,,0,19,,46128,9,,,0,20,,46129,9,,,0,60,,46130,9,,,0,20,,46131,9,,,0,20,,46132,9,,,0,59,,46133,9,,,0,20,,46134,9,,,0,22,,46135,9,,,0,60,,46136,9,,,0,21,,46137,9,,,0,60,,46138,9,,,0,20,,46139,9,,,0,19,,46140,9,,,0,19,,46141,9,,,0,58,,46142,9,,,0,29,,46143,9,,,0,73,,46144,9,,,0,33,,46145,9,,,0
3000000,'6_3',638,,46189,9,,,0,20,,46188,9,,,0,60,,46148,9,,,0,20,,46149,9,,,0,20,,46150,9,,,0,60,,46151,9,,,0,20,,46152,9,,,0,21,,46153,9,,,0,60,,46154,9,,,0,19,,46155,9,,,0,21,,46156,9,,,0,60,,46157,9,,,0,20,,46158,9,,,0,20,,46159,9,,,0,60,,46160,9,,,0,20,,46161,9,,,0,20,,46162,9,,,0,59,,46163,9,,,0,20,,46164,9,,,0,20,,46165,9,,,0,61,,46166,9,,,0,20,,46167,9,,,0,20,,46168,9,,,0,60,,46169,9,,,0,19,,46170,9,,,0,20,,46171,9,,,0,60,,46172,9,,,0,20,,46173,9,,,0,20,,46174,9,,,0,59,,46175,9,,,0,20,,46176,9,,,0,22,,46177,9,,,0,60,,46178,9,,,0,21,,46179,9,,,0,60,,46180,9,,,0,20,,46181,9,,,0,19,,46182,9,,,0,19,,46183,9,,,0,58,,46184,9,,,0,29,,46185,9,,,0,73,,46186,9,,,0,33,,46187,9,,,0
3000000,'6_4',638,,46231,9,,,0,20,,46230,9,,,0,60,,46190,9,,,0,20,,46191,9,,,0,20,,46192,9,,,0,60,,46193,9,,,0,20,,46194,9,,,0,21,,46195,9,,,0,60,,46196,9,,,0,19,,46197,9,,,0,21,,46198,9,,,0,60,,46199,9,,,0,20,,46200,9,,,0,20,,46201,9,,,0,60,,46202,9,,,0,20,,46203,9,,,0,20,,46204,9,,,0,59,,46205,9,,,0,20,,46206,9,,,0,20,,46207,9,,,0,61,,46208,9,,,0,20,,46209,9,,,0,20,,46210,9,,,0,60,,46211,9,,,0,19,,46212,9,,,0,20,,46213,9,,,0,60,,46214,9,,,0,20,,46215,9,,,0,20,,46216,9,,,0,59,,46217,9,,,0,20,,46218,9,,,0,22,,46219,9,,,0,60,,46220,9,,,0,21,,46221,9,,,0,60,,46222,9,,,0,20,,46223,9,,,0,19,,46224,9,,,0,19,,46225,9,,,0,58,,46226,9,,,0,29,,46227,9,,,0,73,,46228,9,,,0,33,,46229,9,,,0
3000000,'7_1',638,,47906,9,,,0,19,,47905,9,,,0,60,,47865,9,,,0,21,,47866,9,,,0,20,,47867,9,,,0,60,,47868,9,,,0,20,,47869,9,,,0,62,,47870,9,,,0,20,,47871,9,,,0,20,,47872,9,,,0,60,,47873,9,,,0,18,,47874,9,,,0,21,,47875,9,,,0,20,,47876,9,,,0,60,,47877,9,,,0,20,,47878,9,,,0,20,,47879,9,,,0,60,,47880,9,,,0,22,,47881,9,,,0,59,,47882,9,,,0,20,,47883,9,,,0,19,,47884,9,,,0,20,,47885,9,,,0,61,,47886,9,,,0,20,,47887,9,,,0,60,,47888,9,,,0,20,,47889,9,,,0,19,,47890,9,,,0,19,,47891,9,,,0,57,,47892,9,,,0,19,,47893,9,,,0,18,,47894,9,,,0,60,,47895,9,,,0,21,,47896,9,,,0,21,,47897,9,,,0,61,,47898,9,,,0,22,,47899,9,,,0,20,,47900,9,,,0,60,,47901,9,,,0,29,,47902,9,,,0,73,,47903,9,,,0,33,,47904,9,,,0
