4000000,'S2-0_6',653,,61989,18,0,46,0,82,,61967,18,0,46,0,80,,61968,18,0,46,0,41,,61969,18,0,46,0,80,,61970,18,0,46,0,81,,61971,18,0,46,0,83,,61972,18,0,46,0,43,,61973,18,0,46,0,83,,61974,18,0,46,0,99,,61954,18,0,46,0,79,,61955,18,0,46,0,37,,61956,18,0,46,0,79,,61957,18,0,46,0,80,,61958,18,0,46,0,43,,61959,18,0,46,0,82,,61960,18,0,46,0,79,,61961,18,0,46,0,36,,61962,18,0,46,0,76,,61963,18,0,46,0,39,,61964,18,0,46,0,79,,61965,18,0,46,0
4000000,'S2-1_7',841,,61990,18,0,46,0,261,,61991,18,0,46,0,220,,61992,18,0,46,0,220,,61993,18,0,46,0,260,,61994,18,0,46,0
4000000,'S2-2_1',653,,62045,18,0,46,0,82,,62023,18,0,46,0,80,,62024,18,0,46,0,41,,62025,18,0,46,0,80,,62026,18,0,46,0,81,,62027,18,0,46,0,83,,62028,18,0,46,0,43,,62029,18,0,46,0,83,,62030,18,0,46,0,99,,62010,18,0,46,0,79,,62011,18,0,46,0,37,,62012,18,0,46,0,79,,62013,18,0,46,0,80,,62014,18,0,46,0,43,,62015,18,0,46,0,82,,62016,18,0,46,0,79,,62017,18,0,46,0,36,,62018,18,0,46,0,76,,62019,18,0,46,0,39,,62020,18,0,46,0,79,,62021,18,0,46,0
4000000,'S2-2_2',653,,62090,18,0,46,0,82,,62068,18,0,46,0,80,,62069,18,0,46,0,41,,62070,18,0,46,0,80,,62071,18,0,46,0,81,,62072,18,0,46,0,83,,62073,18,0,46,0,43,,62074,18,0,46,0,83,,62075,18,0,46,0,99,,62055,18,0,46,0,79,,62056,18,0,46,0,37,,62057,18,0,46,0,79,,62058,18,0,46,0,80,,62059,18,0,46,0,43,,62060,18,0,46,0,82,,62061,18,0,46,0,79,,62062,18,0,46,0,36,,62063,18,0,46,0,76,,62064,18,0,46,0,39,,62065,18,0,46,0,79,,62066,18,0,46,0
4000000,'S2-2_3',653,,62135,18,0,46,0,82,,62113,18,0,46,0,80,,62114,18,0,46,0,41,,62115,18,0,46,0,80,,62116,18,0,46,0,81,,62117,18,0,46,0,83,,62118,18,0,46,0,43,,62119,18,0,46,0,83,,62120,18,0,46,0,99,,62100,18,0,46,0,79,,62101,18,0,46,0,37,,62102,18,0,46,0,79,,62103,18,0,46,0,80,,62104,18,0,46,0,43,,62105,18,0,46,0,82,,62106,18,0,46,0,79,,62107,18,0,46,0,36,,62108,18,0,46,0,76,,62109,18,0,46,0,39,,62110,18,0,46,0,79,,62111,18,0,46,0
4000000,'S2-2_4',653,,62180,18,0,46,0,82,,62158,18,0,46,0,80,,62159,18,0,46,0,41,,62160,18,0,46,0,80,,62161,18,0,46,0,81,,62162,18,0,46,0,83,,62163,18,0,46,0,43,,62164,18,0,46,0,83,,62165,18,0,46,0,99,,62145,18,0,46,0,79,,62146,18,0,46,0,37,,62147,18,0,46,0,79,,62148,18,0,46,0,80,,62149,18,0,46,0,43,,62150,18,0,46,0,82,,62151,18,0,46,0,79,,62152,18,0,46,0,36,,62153,18,0,46,0,76,,62154,18,0,46,0,39,,62155,18,0,46,0,79,,62156,18,0,46,0
4000000,'S2-2_5',653,,62225,18,0,46,0,82,,62203,18,0,46,0,80,,62204,18,0,46,0,41,,62205,18,0,46,0,80,,62206,18,0,46,0,81,,62207,18,0,46,0,83,,62208,18,0,46,0,43,,62209,18,0,46,0,83,,62210,18,0,46,0,99,,62190,18,0,46,0,79,,62191,18,0,46,0,37,,62192,18,0,46,0,79,,62193,18,0,46,0,80,,62194,18,0,46,0,43,,62195,18,0,46,0,82,,62196,18,0,46,0,79,,62197,18,0,46,0,36,,62198,18,0,46,0,76,,62199,18,0,46,0,39,,62200,18,0,46,0,79,,62201,18,0,46,0
4000000,'S2-3_1',653,,62270,18,0,46,0,82,,62248,18,0,46,0,80,,62249,18,0,46,0,41,,62250,18,0,46,0,80,,62251,18,0,46,0,81,,62252,18,0,46,0,83,,62253,18,0,46,0,43,,62254,18,0,46,0,83,,62255,18,0,46,0,99,,62235,18,0,46,0,79,,62236,18,0,46,0,37,,62237,18,0,46,0,79,,62238,18,0,46,0,80,,62239,18,0,46,0,43,,62240,18,0,46,0,82,,62241,18,0,46,0,79,,62242,18,0,46,0,36,,62243,18,0,46,0,76,,62244,18,0,46,0,39,,62245,18,0,46,0,79,,62246,18,0,46,0
4000000,'S2-3_3',653,,62315,18,0,46,0,82,,62293,18,0,46,0,80,,62294,18,0,46,0,41,,62295,18,0,46,0,80,,62296,18,0,46,0,81,,62297,18,0,46,0,83,,62298,18,0,46,0,43,,62299,18,0,46,0,83,,62300,18,0,46,0,99,,62280,18,0,46,0,79,,62281,18,0,46,0,37,,62282,18,0,46,0,79,,62283,18,0,46,0,80,,62284,18,0,46,0,43,,62285,18,0,46,0,82,,62286,18,0,46,0,79,,62287,18,0,46,0,36,,62288,18,0,46,0,76,,62289,18,0,46,0,39,,62290,18,0,46,0,79,,62291,18,0,46,0
4000000,'S2-3_4',653,,62360,18,0,46,0,82,,62338,18,0,46,0,80,,62339,18,0,46,0,41,,62340,18,0,46,0,80,,62341,18,0,46,0,81,,62342,18,0,46,0,83,,62343,18,0,46,0,43,,62344,18,0,46,0,83,,62345,18,0,46,0,99,,62325,18,0,46,0,79,,62326,18,0,46,0,37,,62327,18,0,46,0,79,,62328,18,0,46,0,80,,62329,18,0,46,0,43,,62330,18,0,46,0,82,,62331,18,0,46,0,79,,62332,18,0,46,0,36,,62333,18,0,46,0,76,,62334,18,0,46,0,39,,62335,18,0,46,0,79,,62336,18,0,46,0
4000000,'S2-4_7',841,,62361,18,0,46,0,261,,62362,18,0,46,0,220,,62363,18,0,46,0,220,,62364,18,0,46,0,260,,62365,18,0,46,0
