701,'0_6',718,,66147,16,,,0,110,,66148,16,,,0,111,,66149,16,,,0,110,,66150,16,,,0,110,,66151,16,,,0,150,,66152,16,,,0,109,,66153,16,,,0,111,,66154,16,,,0,110,,66155,16,,,0,110,,66145,16,,,0,110,,66146,16,,,0
701,'2_1',718,,66156,16,,,0,110,,66157,16,,,0,110,,66158,16,,,0,110,,66159,16,,,0,111,,66160,16,,,0,150,,66161,16,,,0,109,,66162,16,,,0,110,,66163,16,,,0,110,,66164,16,,,0,110,,66165,16,,,0,111,,66166,16,,,0
701,'2_2',718,,66167,16,,,0,110,,66168,16,,,0,110,,66169,16,,,0,110,,66170,16,,,0,111,,66171,16,,,0,150,,66172,16,,,0,109,,66173,16,,,0,110,,66174,16,,,0,110,,66175,16,,,0,110,,66176,16,,,0,111,,66177,16,,,0
701,'2_3',718,,66178,16,,,0,110,,66179,16,,,0,110,,66180,16,,,0,110,,66181,16,,,0,111,,66182,16,,,0,150,,66183,16,,,0,109,,66184,16,,,0,110,,66185,16,,,0,110,,66186,16,,,0,110,,66187,16,,,0,111,,66188,16,,,0
701,'2_4',718,,66189,16,,,0,110,,66190,16,,,0,110,,66191,16,,,0,110,,66192,16,,,0,111,,66193,16,,,0,150,,66194,16,,,0,109,,66195,16,,,0,110,,66196,16,,,0,110,,66197,16,,,0,110,,66198,16,,,0,111,,66199,16,,,0
701,'2_5',718,,66200,16,,,0,110,,66201,16,,,0,110,,66202,16,,,0,110,,66203,16,,,0,111,,66204,16,,,0,150,,66205,16,,,0,109,,66206,16,,,0,110,,66207,16,,,0,110,,66208,16,,,0,110,,66209,16,,,0,111,,66210,16,,,0
701,'3_1',718,,66211,16,,,0,110,,66212,16,,,0,110,,66213,16,,,0,110,,66214,16,,,0,111,,66215,16,,,0,150,,66216,16,,,0,109,,66217,16,,,0,110,,66218,16,,,0,110,,66219,16,,,0,110,,66220,16,,,0,111,,66221,16,,,0
701,'3_3',718,,66222,16,,,0,110,,66223,16,,,0,110,,66224,16,,,0,110,,66225,16,,,0,111,,66226,16,,,0,150,,66227,16,,,0,109,,66228,16,,,0,110,,66229,16,,,0,110,,66230,16,,,0,110,,66231,16,,,0,111,,66232,16,,,0
701,'3_4',718,,66233,16,,,0,110,,66234,16,,,0,110,,66235,16,,,0,110,,66236,16,,,0,111,,66237,16,,,0,150,,66238,16,,,0,109,,66239,16,,,0,110,,66240,16,,,0,110,,66241,16,,,0,110,,66242,16,,,0,111,,66243,16,,,0
701,'3_5',718,,66244,16,,,0,110,,66245,16,,,0,110,,66246,16,,,0,110,,66247,16,,,0,111,,66248,16,,,0,150,,66249,16,,,0,109,,66250,16,,,0,110,,66251,16,,,0,110,,66252,16,,,0,110,,66253,16,,,0,111,,66254,16,,,0
