1001,'1_6',821,,17330,19,,,0,108,,17331,22,,,0,101,,17338,20,,,0,102,,17332,22,,,0,100,,17339,20,,,0,85,,17340,20,,,0,119,,17335,19,,,0,83,,17341,20,,,0,135,,17336,16,,,0,158,,17337,16,,,0,102,,17333,22,,,0,107,,17334,22,,,0
1001,'5_1',824,,17342,19,,,0,106,,17344,22,,,0,86,,17345,22,,,0,39,,17349,20,,,0,86,,17346,22,,,0,90,,17350,20,,,0,82,,17351,20,,,0,31,,17352,20,,,0,95,,17343,19,,,0,78,,17353,17,,,0,137,,17354,16,,,0,151,,17355,7,,,0,50,,17347,7,,,0,168,,17348,22,,,0
1001,'5_2',824,,17356,19,,,0,106,,17358,22,,,0,86,,17359,22,,,0,39,,17363,20,,,0,86,,17360,22,,,0,90,,17364,20,,,0,82,,17365,20,,,0,31,,17366,20,,,0,95,,17357,19,,,0,78,,17367,17,,,0,137,,17368,16,,,0,151,,17369,7,,,0,50,,17361,7,,,0,168,,17362,22,,,0
1001,'5_4',824,,17370,19,,,0,106,,17372,22,,,0,86,,17373,22,,,0,39,,17377,20,,,0,86,,17374,22,,,0,90,,17378,20,,,0,82,,17379,20,,,0,31,,17380,20,,,0,95,,17371,19,,,0,78,,17381,17,,,0,137,,17382,16,,,0,151,,17383,7,,,0,50,,17375,7,,,0,168,,17376,22,,,0
1001,'5_5',824,,17384,19,,,0,106,,17386,22,,,0,86,,17387,22,,,0,39,,17391,20,,,0,86,,17388,22,,,0,90,,17392,20,,,0,82,,17393,20,,,0,31,,17394,20,,,0,95,,17385,19,,,0,78,,17395,17,,,0,137,,17396,16,,,0,151,,17397,7,,,0,50,,17389,7,,,0,168,,17390,22,,,0
1001,'6_3',824,,17398,19,,,0,106,,17400,22,,,0,86,,17401,22,,,0,39,,17405,20,,,0,86,,17402,22,,,0,90,,17406,20,,,0,82,,17407,20,,,0,31,,17408,20,,,0,95,,17399,19,,,0,78,,17409,17,,,0,137,,17410,16,,,0,151,,17411,7,,,0,50,,17403,7,,,0,168,,17404,22,,,0
1101,'1_6',1654,,17436,22,,,0,158,,17437,22,,,0
1101,'5_1',1654,,17438,22,,,0,158,,17439,22,,,0,94,,17440,22,,,0
1101,'5_2',1654,,17441,22,,,0,158,,17442,22,,,0,94,,17443,22,,,0
1101,'5_4',1654,,17444,22,,,0,158,,17445,22,,,0,94,,17446,22,,,0
1101,'5_5',1654,,17447,22,,,0,158,,17448,22,,,0,94,,17449,22,,,0
1101,'6_3',1654,,17450,22,,,0,158,,17451,22,,,0,94,,17452,22,,,0
