300,'1_3',643,,48518,6,,,0,64,,48519,6,,,0,30,,48520,6,,,0,66,,48521,6,,,0,25,,48522,6,,,0,30,,48523,6,,,0,72,,48524,6,,,0,72,,48525,6,,,0,32,,48526,6,,,0,72,,48527,6,,,0,32,,48528,6,,,0,72,,48529,6,,,0,32,,48530,6,,,0,72,,48531,6,,,0,32,,48532,6,,,0,72,,48533,6,,,0,32,,48534,6,,,0,72,,48535,6,,,0,31,,48537,6,,,0,67,,48538,6,,,0,28,,48539,6,,,0,69,,48540,6,,,0,30,,48541,6,,,0,71,,48545,6,,,0,31,,48542,6,,,0,71,,48543,6,,,0,33,,48544,6,,,0,70,,48536,6,,,0
300,'2_6',647,,30806,6,,,0,69,,30808,6,,,0,28,,30809,6,,,0,69,,30807,6,,,0,30,,30811,6,,,0,69,,30812,6,,,0,28,,30810,6,,,0,71,,30813,6,,,0,30,,30814,6,,,0,70,,30817,6,,,0,31,,30816,6,,,0,70,,30815,6,,,0,29,,30819,6,,,0,69,,30818,6,,,0,29,,30820,6,,,0,69,,30821,6,,,0,32,,30822,6,,,0,71,,30823,6,,,0,31,,30824,6,,,0,70,,30825,6,,,0,32,,30826,6,,,0,72,,30827,6,,,0,30,,30828,6,,,0,71,,30833,6,,,0,31,,30829,6,,,0,70,,30830,6,,,0,28,,30831,6,,,0,71,,30832,6,,,0
300,'3_7',902,,30834,6,,,0,100,,30835,6,,,0,100,,30836,6,,,0,100,,30837,6,,,0,100,,30838,6,,,0,100,,30839,6,,,0,100,,30840,6,,,0,100,,30841,6,,,0,100,,30842,6,,,0,100,,30843,6,,,0,100,,30844,6,,,0
300,'4_7',902,,46804,6,,,0,100,,46805,6,,,0,100,,46806,6,,,0,100,,46807,6,,,0,100,,46808,6,,,0,100,,46809,6,,,0,100,,46810,6,,,0,100,,46811,6,,,0,100,,46812,6,,,0,100,,46813,6,,,0,100,,46814,6,,,0
300,'6_2',652,,43922,6,,,0,64,,43923,6,,,0,28,,43924,6,,,0,62,,43927,6,,,0,25,,43926,6,,,0,69,,43925,6,,,0,31,,43929,6,,,0,72,,43932,6,,,0,31,,43934,6,,,0,72,,43930,6,,,0,34,,43935,6,,,0,73,,43928,6,,,0,34,,43931,6,,,0,71,,43933,6,,,0,32,,43936,6,,,0,72,,43937,6,,,0,31,,43938,6,,,0,74,,43940,6,,,0,28,,43939,6,,,0,68,,43942,6,,,0,28,,43944,6,,,0,67,,43946,6,,,0,28,,43943,6,,,0,70,,43949,6,,,0,32,,43948,6,,,0,70,,43945,6,,,0,38,,43947,6,,,0,70,,43941,6,,,0
300,'6_3',652,,43950,6,,,0,64,,43951,6,,,0,28,,43952,6,,,0,62,,43955,6,,,0,25,,43954,6,,,0,69,,43953,6,,,0,31,,43957,6,,,0,72,,43960,6,,,0,31,,43962,6,,,0,72,,43958,6,,,0,34,,43963,6,,,0,73,,43956,6,,,0,34,,43959,6,,,0,71,,43961,6,,,0,32,,43964,6,,,0,72,,43965,6,,,0,31,,43966,6,,,0,74,,43968,6,,,0,28,,43967,6,,,0,68,,43970,6,,,0,28,,43972,6,,,0,67,,43974,6,,,0,28,,43971,6,,,0,70,,43977,6,,,0,32,,43976,6,,,0,70,,43973,6,,,0,38,,43975,6,,,0,70,,43969,6,,,0
300,'6_4',652,,43978,6,,,0,64,,43979,6,,,0,28,,43980,6,,,0,62,,43983,6,,,0,25,,43982,6,,,0,69,,43981,6,,,0,31,,43985,6,,,0,72,,43988,6,,,0,31,,43990,6,,,0,72,,43986,6,,,0,34,,43991,6,,,0,73,,43984,6,,,0,34,,43987,6,,,0,71,,43989,6,,,0,32,,43992,6,,,0,72,,43993,6,,,0,31,,43994,6,,,0,74,,43996,6,,,0,28,,43995,6,,,0,68,,43998,6,,,0,28,,44000,6,,,0,67,,44002,6,,,0,28,,43999,6,,,0,70,,44005,6,,,0,32,,44004,6,,,0,70,,44001,6,,,0,38,,44003,6,,,0,70,,43997,6,,,0
300,'7_1',643,,46815,6,,,0,64,,46816,6,,,0,30,,46817,6,,,0,66,,46818,6,,,0,25,,46819,6,,,0,30,,46820,6,,,0,72,,46821,6,,,0,72,,46822,6,,,0,32,,46823,6,,,0,72,,46824,6,,,0,32,,46825,6,,,0,72,,46826,6,,,0,32,,46827,6,,,0,72,,46828,6,,,0,32,,46829,6,,,0,72,,46830,6,,,0,32,,46831,6,,,0,72,,46832,6,,,0,31,,46834,6,,,0,67,,46835,6,,,0,28,,46836,6,,,0,69,,46837,6,,,0,30,,46838,6,,,0,71,,46842,6,,,0,31,,46839,6,,,0,71,,46840,6,,,0,33,,46841,6,,,0,70,,46833,6,,,0
300,'7_2',643,,48546,6,,,0,64,,48547,6,,,0,30,,48548,6,,,0,66,,48549,6,,,0,25,,48550,6,,,0,30,,48551,6,,,0,72,,48552,6,,,0,72,,48553,6,,,0,32,,48554,6,,,0,72,,48555,6,,,0,32,,48556,6,,,0,72,,48557,6,,,0,32,,48558,6,,,0,72,,48559,6,,,0,32,,48560,6,,,0,72,,48561,6,,,0,32,,48562,6,,,0,72,,48563,6,,,0,31,,48565,6,,,0,67,,48566,6,,,0,28,,48567,6,,,0,69,,48568,6,,,0,30,,48569,6,,,0,71,,48573,6,,,0,31,,48570,6,,,0,71,,48571,6,,,0,33,,48572,6,,,0,70,,48564,6,,,0
300,'7_4',643,,48574,6,,,0,64,,48575,6,,,0,30,,48576,6,,,0,66,,48577,6,,,0,25,,48578,6,,,0,30,,48579,6,,,0,72,,48580,6,,,0,72,,48581,6,,,0,32,,48582,6,,,0,72,,48583,6,,,0,32,,48584,6,,,0,72,,48585,6,,,0,32,,48586,6,,,0,72,,48587,6,,,0,32,,48588,6,,,0,72,,48589,6,,,0,32,,48590,6,,,0,72,,48591,6,,,0,31,,48593,6,,,0,67,,48594,6,,,0,28,,48595,6,,,0,69,,48596,6,,,0,30,,48597,6,,,0,71,,48601,6,,,0,31,,48598,6,,,0,71,,48599,6,,,0,33,,48600,6,,,0,70,,48592,6,,,0
300,'8_7',847,,51905,6,,,0,72,,51906,6,,,0,35,,51907,6,,,0,74,,51908,6,,,0,72,,51899,6,,,0,34,,51904,6,,,0,73,,51903,6,,,0,33,,51902,6,,,0,72,,51901,6,,,0,32,,51883,6,,,0,68,,51884,6,,,0,28,,51885,6,,,0,67,,51886,6,,,0,28,,51887,6,,,0,67,,51888,6,,,0,30,,51889,6,,,0,68,,51890,6,,,0,27,,51891,6,,,0,28,,51892,6,,,0,69,,51893,6,,,0,27,,51894,6,,,0,67,,51895,6,,,0,26,,51896,6,,,0,65,,51897,6,,,0,24,,51900,6,,,0,67,,51898,6,,,0
