300,'0_6',650,,64083,8,,,0,69,,64084,8,,,0,28,,64085,8,,,0,69,,64086,8,,,0,34,,64087,8,,,0,72,,64088,8,,,0,35,,64089,8,,,0,74,,64090,8,,,0,72,,64091,8,,,0,34,,64082,8,,,0,73,,64081,8,,,0,33,,64080,8,,,0,72,,64079,8,,,0,32,,64057,8,,,0,68,,64058,8,,,0,28,,64059,8,,,0,67,,64060,8,,,0,28,,64061,8,,,0,67,,64062,8,,,0,30,,64063,8,,,0,68,,64064,8,,,0,27,,64065,8,,,0,28,,64066,8,,,0,69,,64067,8,,,0,27,,64068,8,,,0,67,,64069,8,,,0,26,,64070,8,,,0,65,,64071,8,,,0,24,,64093,8,,,0,67,,64092,8,,,0
300,'1_7',850,,64116,8,,,0,72,,64117,8,,,0,35,,64118,8,,,0,74,,64119,8,,,0,72,,64110,8,,,0,34,,64115,8,,,0,73,,64114,8,,,0,33,,64113,8,,,0,72,,64112,8,,,0,32,,64094,8,,,0,68,,64095,8,,,0,28,,64096,8,,,0,67,,64097,8,,,0,28,,64098,8,,,0,67,,64099,8,,,0,30,,64100,8,,,0,68,,64101,8,,,0,27,,64102,8,,,0,28,,64103,8,,,0,69,,64104,8,,,0,27,,64105,8,,,0,67,,64106,8,,,0,26,,64107,8,,,0,65,,64108,8,,,0,24,,64111,8,,,0,67,,64109,8,,,0
300,'2_1',650,,64139,8,,,0,69,,64140,8,,,0,28,,64141,8,,,0,69,,64142,8,,,0,34,,64143,8,,,0,72,,64144,8,,,0,35,,64145,8,,,0,74,,64146,8,,,0,72,,64147,8,,,0,34,,64138,8,,,0,73,,64137,8,,,0,33,,64136,8,,,0,72,,64135,8,,,0,32,,64120,8,,,0,68,,64121,8,,,0,28,,64122,8,,,0,67,,64123,8,,,0,28,,64124,8,,,0,67,,64125,8,,,0,30,,64126,8,,,0,68,,64127,8,,,0,27,,64128,8,,,0,28,,64129,8,,,0,69,,64130,8,,,0,27,,64131,8,,,0,67,,64132,8,,,0,26,,64133,8,,,0,65,,64134,8,,,0,24,,64149,8,,,0,67,,64148,8,,,0
300,'2_2',650,,64169,8,,,0,69,,64170,8,,,0,28,,64171,8,,,0,69,,64172,8,,,0,34,,64173,8,,,0,72,,64174,8,,,0,35,,64175,8,,,0,74,,64176,8,,,0,72,,64177,8,,,0,34,,64168,8,,,0,73,,64167,8,,,0,33,,64166,8,,,0,72,,64165,8,,,0,32,,64150,8,,,0,68,,64151,8,,,0,28,,64152,8,,,0,67,,64153,8,,,0,28,,64154,8,,,0,67,,64155,8,,,0,30,,64156,8,,,0,68,,64157,8,,,0,27,,64158,8,,,0,28,,64159,8,,,0,69,,64160,8,,,0,27,,64161,8,,,0,67,,64162,8,,,0,26,,64163,8,,,0,65,,64164,8,,,0,24,,64179,8,,,0,67,,64178,8,,,0
300,'2_3',650,,64199,8,,,0,69,,64200,8,,,0,28,,64201,8,,,0,69,,64202,8,,,0,34,,64203,8,,,0,72,,64204,8,,,0,35,,64205,8,,,0,74,,64206,8,,,0,72,,64207,8,,,0,34,,64198,8,,,0,73,,64197,8,,,0,33,,64196,8,,,0,72,,64195,8,,,0,32,,64180,8,,,0,68,,64181,8,,,0,28,,64182,8,,,0,67,,64183,8,,,0,28,,64184,8,,,0,67,,64185,8,,,0,30,,64186,8,,,0,68,,64187,8,,,0,27,,64188,8,,,0,28,,64189,8,,,0,69,,64190,8,,,0,27,,64191,8,,,0,67,,64192,8,,,0,26,,64193,8,,,0,65,,64194,8,,,0,24,,64209,8,,,0,67,,64208,8,,,0
300,'2_4',650,,64229,8,,,0,69,,64230,8,,,0,28,,64231,8,,,0,69,,64232,8,,,0,34,,64233,8,,,0,72,,64234,8,,,0,35,,64235,8,,,0,74,,64236,8,,,0,72,,64237,8,,,0,34,,64228,8,,,0,73,,64227,8,,,0,33,,64226,8,,,0,72,,64225,8,,,0,32,,64210,8,,,0,68,,64211,8,,,0,28,,64212,8,,,0,67,,64213,8,,,0,28,,64214,8,,,0,67,,64215,8,,,0,30,,64216,8,,,0,68,,64217,8,,,0,27,,64218,8,,,0,28,,64219,8,,,0,69,,64220,8,,,0,27,,64221,8,,,0,67,,64222,8,,,0,26,,64223,8,,,0,65,,64224,8,,,0,24,,64239,8,,,0,67,,64238,8,,,0
300,'2_5',650,,64266,8,,,0,69,,64267,8,,,0,28,,64268,8,,,0,69,,64269,8,,,0,34,,64270,8,,,0,72,,64271,8,,,0,35,,64272,8,,,0,74,,64273,8,,,0,72,,64274,8,,,0,34,,64265,8,,,0,73,,64264,8,,,0,33,,64263,8,,,0,72,,64262,8,,,0,32,,64240,8,,,0,68,,64241,8,,,0,28,,64242,8,,,0,67,,64243,8,,,0,28,,64244,8,,,0,67,,64245,8,,,0,30,,64246,8,,,0,68,,64247,8,,,0,27,,64248,8,,,0,28,,64249,8,,,0,69,,64250,8,,,0,27,,64251,8,,,0,67,,64252,8,,,0,26,,64253,8,,,0,65,,64254,8,,,0,24,,64276,8,,,0,67,,64275,8,,,0
300,'3_1',650,,64296,8,,,0,69,,64297,8,,,0,28,,64298,8,,,0,69,,64299,8,,,0,34,,64300,8,,,0,72,,64301,8,,,0,35,,64302,8,,,0,74,,64303,8,,,0,72,,64304,8,,,0,34,,64295,8,,,0,73,,64294,8,,,0,33,,64293,8,,,0,72,,64292,8,,,0,32,,64277,8,,,0,68,,64278,8,,,0,28,,64279,8,,,0,67,,64280,8,,,0,28,,64281,8,,,0,67,,64282,8,,,0,30,,64283,8,,,0,68,,64284,8,,,0,27,,64285,8,,,0,28,,64286,8,,,0,69,,64287,8,,,0,27,,64288,8,,,0,67,,64289,8,,,0,26,,64290,8,,,0,65,,64291,8,,,0,24,,64306,8,,,0,67,,64305,8,,,0
300,'3_3',650,,64326,8,,,0,69,,64327,8,,,0,28,,64328,8,,,0,69,,64329,8,,,0,34,,64330,8,,,0,72,,64331,8,,,0,35,,64332,8,,,0,74,,64333,8,,,0,72,,64334,8,,,0,34,,64325,8,,,0,73,,64324,8,,,0,33,,64323,8,,,0,72,,64322,8,,,0,32,,64307,8,,,0,68,,64308,8,,,0,28,,64309,8,,,0,67,,64310,8,,,0,28,,64311,8,,,0,67,,64312,8,,,0,30,,64313,8,,,0,68,,64314,8,,,0,27,,64315,8,,,0,28,,64316,8,,,0,69,,64317,8,,,0,27,,64318,8,,,0,67,,64319,8,,,0,26,,64320,8,,,0,65,,64321,8,,,0,24,,64336,8,,,0,67,,64335,8,,,0
300,'3_4',650,,64356,8,,,0,69,,64357,8,,,0,28,,64358,8,,,0,69,,64359,8,,,0,34,,64360,8,,,0,72,,64361,8,,,0,35,,64362,8,,,0,74,,64363,8,,,0,72,,64364,8,,,0,34,,64355,8,,,0,73,,64354,8,,,0,33,,64353,8,,,0,72,,64352,8,,,0,32,,64337,8,,,0,68,,64338,8,,,0,28,,64339,8,,,0,67,,64340,8,,,0,28,,64341,8,,,0,67,,64342,8,,,0,30,,64343,8,,,0,68,,64344,8,,,0,27,,64345,8,,,0,28,,64346,8,,,0,69,,64347,8,,,0,27,,64348,8,,,0,67,,64349,8,,,0,26,,64350,8,,,0,65,,64351,8,,,0,24,,64366,8,,,0,67,,64365,8,,,0
300,'3_5',650,,64393,8,,,0,69,,64394,8,,,0,28,,64395,8,,,0,69,,64396,8,,,0,34,,64397,8,,,0,72,,64398,8,,,0,35,,64399,8,,,0,74,,64400,8,,,0,72,,64401,8,,,0,34,,64392,8,,,0,73,,64391,8,,,0,33,,64390,8,,,0,72,,64389,8,,,0,32,,64367,8,,,0,68,,64368,8,,,0,28,,64369,8,,,0,67,,64370,8,,,0,28,,64371,8,,,0,67,,64372,8,,,0,30,,64373,8,,,0,68,,64374,8,,,0,27,,64375,8,,,0,28,,64376,8,,,0,69,,64377,8,,,0,27,,64378,8,,,0,67,,64379,8,,,0,26,,64380,8,,,0,65,,64381,8,,,0,24,,64403,8,,,0,67,,64402,8,,,0
300,'4_7',650,,64423,8,,,0,69,,64424,8,,,0,28,,64425,8,,,0,69,,64426,8,,,0,34,,64427,8,,,0,72,,64428,8,,,0,35,,64429,8,,,0,74,,64430,8,,,0,72,,64431,8,,,0,34,,64422,8,,,0,73,,64421,8,,,0,33,,64420,8,,,0,72,,64419,8,,,0,32,,64404,8,,,0,68,,64405,8,,,0,28,,64406,8,,,0,67,,64407,8,,,0,28,,64408,8,,,0,67,,64409,8,,,0,30,,64410,8,,,0,68,,64411,8,,,0,27,,64412,8,,,0,28,,64413,8,,,0,69,,64414,8,,,0,27,,64415,8,,,0,67,,64416,8,,,0,26,,64417,8,,,0,65,,64418,8,,,0,24,,64433,8,,,0,67,,64432,8,,,0
