1900,'2509-HIV-25j05H-d-Dimanche-00',819,,11650,0,8,0,900,,11651,0,8,0
1900,'2509-HIV-25j26H-d-Dimanche-00',819,,11652,0,8,0,900,,11653,0,8,0
1900,'2509-HIV-26a05H-w-Mercredi-00',635,,11655,,,0,16,,11656,,,0,84,,11661,,,0,9,,11658,0,8 10 55,0,12,,11660,,,0,974,,11657,,,0,110,,11659,0,8,0
1900,'2509-HIV-26a05H-w-Mercredi-00-0010000',1338,,11662,,,0
1900,'2509-HIV-26a05Hlv-L-Ma-J-V-00',635,,11664,,,0,16,,11665,,,0,84,,11670,,,0,9,,11667,0,8 10 55,0,12,,11669,,,0,974,,11666,,,0,110,,11668,0,8,0
1901,'2509-HIV-25j05H-d-Dimanche-00',1036,,11671,4,,0,895,,11672,4,,0
1901,'2509-HIV-25j26H-d-Dimanche-00',1036,,11673,4,,0,895,,11674,4,,0
1901,'2509-HIV-26a05H-w-Mercredi-00',1710,,11675,4,,0,110,,11676,4,,0,99,,11677,4,,0
1901,'2509-HIV-26a05H-w-Mercredi-00-0010000',1249,,11678,4,,0,60,,11680,4,,0,23,,11679,4,,0
1901,'2509-HIV-26a05Hlv-L-Ma-J-V-00',1710,,11681,4,,0,110,,11682,4,,0,99,,11683,4,,0
1901,'2509-HIV-26a05Hlv-L-Ma-J-V-00-1101100',1631,,11687,4,,0,19,,11684,4,,0,81,,11688,4,,0,19,,11685,4,,0,99,,11686,4,,0
