301,'S2-0_6',659,,55078,14,,,0,72,,55079,14,,,0,73,,55080,14,,,0,32,,55081,14,,,0,72,,55082,14,,,0,33,,55083,14,,,0,72,,55084,14,,,0,33,,55085,14,,,0,73,,55086,14,,,0,32,,55087,14,,,0,73,,55088,14,,,0,33,,55053,14,,,0,67,,55054,14,,,0,28,,55055,14,,,0,66,,55056,14,,,0,28,,55057,14,,,0,67,,55058,14,,,0,29,,55059,14,,,0,68,,55077,14,,,0,26,,55060,14,,,0,72,,55061,14,,,0,34,,55062,14,,,0,68,,55063,14,,,0,28,,55064,14,,,0,65,,55065,14,,,0,25,,55066,14,,,0,27,,55067,14,,,0,67,,55089,14,,,0,25,,55068,14,,,0,58,,55069,14,0,67 68,0,30,,55070,14,0,67 68,0,70,,55071,14,0,67 68,0,30,,55072,14,0,67 68,0,70,,55073,14,0,67 68,0,30,,55074,14,0,67 68,0,68,,55075,14,0,67 68,0,30,,55076,14,0,67 68,0
301,'S2-1_7',804,,55111,14,,,0,32,,55106,14,,,0,72,,55112,14,,,0,33,,55107,14,,,0,72,,55113,14,,,0,33,,55108,14,,,0,73,,55114,14,,,0,32,,55109,14,,,0,73,,55115,14,,,0,33,,55090,14,,,0,67,,55091,14,,,0,28,,55092,14,,,0,66,,55093,14,,,0,28,,55094,14,,,0,67,,55095,14,,,0,29,,55096,14,,,0,68,,55116,14,,,0,26,,55097,14,,,0,72,,55098,14,,,0,34,,55099,14,,,0,68,,55100,14,,,0,28,,55101,14,,,0,65,,55102,14,,,0,25,,55103,14,,,0,27,,55104,14,,,0,67,,55110,14,,,0,25,,55105,14,,,0
301,'S2-2_1',659,,55134,14,,,0,72,,55135,14,,,0,73,,55136,14,,,0,32,,55137,14,,,0,72,,55138,14,,,0,33,,55139,14,,,0,72,,55140,14,,,0,33,,55141,14,,,0,73,,55142,14,,,0,32,,55143,14,,,0,73,,55144,14,,,0,33,,55117,14,,,0,67,,55118,14,,,0,28,,55119,14,,,0,66,,55120,14,,,0,28,,55121,14,,,0,67,,55122,14,,,0,29,,55123,14,,,0,68,,55133,14,,,0,26,,55124,14,,,0,72,,55125,14,,,0,34,,55126,14,,,0,68,,55127,14,,,0,28,,55128,14,,,0,65,,55129,14,,,0,25,,55130,14,,,0,27,,55131,14,,,0,67,,55145,14,,,0,25,,55132,14,,,0
301,'S2-2_2',659,,55163,14,,,0,72,,55164,14,,,0,73,,55165,14,,,0,32,,55166,14,,,0,72,,55167,14,,,0,33,,55168,14,,,0,72,,55169,14,,,0,33,,55170,14,,,0,73,,55171,14,,,0,32,,55172,14,,,0,73,,55173,14,,,0,33,,55146,14,,,0,67,,55147,14,,,0,28,,55148,14,,,0,66,,55149,14,,,0,28,,55150,14,,,0,67,,55151,14,,,0,29,,55152,14,,,0,68,,55162,14,,,0,26,,55153,14,,,0,72,,55154,14,,,0,34,,55155,14,,,0,68,,55156,14,,,0,28,,55157,14,,,0,65,,55158,14,,,0,25,,55159,14,,,0,27,,55160,14,,,0,67,,55174,14,,,0,25,,55161,14,,,0
301,'S2-2_3',659,,55192,14,,,0,72,,55193,14,,,0,73,,55194,14,,,0,32,,55195,14,,,0,72,,55196,14,,,0,33,,55197,14,,,0,72,,55198,14,,,0,33,,55199,14,,,0,73,,55200,14,,,0,32,,55201,14,,,0,73,,55202,14,,,0,33,,55175,14,,,0,67,,55176,14,,,0,28,,55177,14,,,0,66,,55178,14,,,0,28,,55179,14,,,0,67,,55180,14,,,0,29,,55181,14,,,0,68,,55191,14,,,0,26,,55182,14,,,0,72,,55183,14,,,0,34,,55184,14,,,0,68,,55185,14,,,0,28,,55186,14,,,0,65,,55187,14,,,0,25,,55188,14,,,0,27,,55189,14,,,0,67,,55203,14,,,0,25,,55190,14,,,0
301,'S2-2_4',659,,55221,14,,,0,72,,55222,14,,,0,73,,55223,14,,,0,32,,55224,14,,,0,72,,55225,14,,,0,33,,55226,14,,,0,72,,55227,14,,,0,33,,55228,14,,,0,73,,55229,14,,,0,32,,55230,14,,,0,73,,55231,14,,,0,33,,55204,14,,,0,67,,55205,14,,,0,28,,55206,14,,,0,66,,55207,14,,,0,28,,55208,14,,,0,67,,55209,14,,,0,29,,55210,14,,,0,68,,55220,14,,,0,26,,55211,14,,,0,72,,55212,14,,,0,34,,55213,14,,,0,68,,55214,14,,,0,28,,55215,14,,,0,65,,55216,14,,,0,25,,55217,14,,,0,27,,55218,14,,,0,67,,55232,14,,,0,25,,55219,14,,,0
301,'S2-2_5',659,,55258,14,,,0,72,,55259,14,,,0,73,,55260,14,,,0,32,,55261,14,,,0,72,,55262,14,,,0,33,,55263,14,,,0,72,,55264,14,,,0,33,,55265,14,,,0,73,,55266,14,,,0,32,,55267,14,,,0,73,,55268,14,,,0,33,,55233,14,,,0,67,,55234,14,,,0,28,,55235,14,,,0,66,,55236,14,,,0,28,,55237,14,,,0,67,,55238,14,,,0,29,,55239,14,,,0,68,,55257,14,,,0,26,,55240,14,,,0,72,,55241,14,,,0,34,,55242,14,,,0,68,,55243,14,,,0,28,,55244,14,,,0,65,,55245,14,,,0,25,,55246,14,,,0,27,,55247,14,,,0,67,,55269,14,,,0,25,,55248,14,,,0,58,,55249,14,0,67 68,0,30,,55250,14,0,67 68,0,70,,55251,14,0,67 68,0,30,,55252,14,0,67 68,0,70,,55253,14,0,67 68,0,30,,55254,14,0,67 68,0,68,,55255,14,0,67 68,0,30,,55256,14,0,67 68,0
301,'S2-3_1',659,,55287,14,,,0,72,,55288,14,,,0,73,,55289,14,,,0,32,,55290,14,,,0,72,,55291,14,,,0,33,,55292,14,,,0,72,,55293,14,,,0,33,,55294,14,,,0,73,,55295,14,,,0,32,,55296,14,,,0,73,,55297,14,,,0,33,,55270,14,,,0,67,,55271,14,,,0,28,,55272,14,,,0,66,,55273,14,,,0,28,,55274,14,,,0,67,,55275,14,,,0,29,,55276,14,,,0,68,,55286,14,,,0,26,,55277,14,,,0,72,,55278,14,,,0,34,,55279,14,,,0,68,,55280,14,,,0,28,,55281,14,,,0,65,,55282,14,,,0,25,,55283,14,,,0,27,,55284,14,,,0,67,,55298,14,,,0,25,,55285,14,,,0
301,'S2-3_3',659,,55316,14,,,0,72,,55317,14,,,0,73,,55318,14,,,0,32,,55319,14,,,0,72,,55320,14,,,0,33,,55321,14,,,0,72,,55322,14,,,0,33,,55323,14,,,0,73,,55324,14,,,0,32,,55325,14,,,0,73,,55326,14,,,0,33,,55299,14,,,0,67,,55300,14,,,0,28,,55301,14,,,0,66,,55302,14,,,0,28,,55303,14,,,0,67,,55304,14,,,0,29,,55305,14,,,0,68,,55315,14,,,0,26,,55306,14,,,0,72,,55307,14,,,0,34,,55308,14,,,0,68,,55309,14,,,0,28,,55310,14,,,0,65,,55311,14,,,0,25,,55312,14,,,0,27,,55313,14,,,0,67,,55327,14,,,0,25,,55314,14,,,0
301,'S2-3_4',659,,55345,14,,,0,72,,55346,14,,,0,73,,55347,14,,,0,32,,55348,14,,,0,72,,55349,14,,,0,33,,55350,14,,,0,72,,55351,14,,,0,33,,55352,14,,,0,73,,55353,14,,,0,32,,55354,14,,,0,73,,55355,14,,,0,33,,55328,14,,,0,67,,55329,14,,,0,28,,55330,14,,,0,66,,55331,14,,,0,28,,55332,14,,,0,67,,55333,14,,,0,29,,55334,14,,,0,68,,55344,14,,,0,26,,55335,14,,,0,72,,55336,14,,,0,34,,55337,14,,,0,68,,55338,14,,,0,28,,55339,14,,,0,65,,55340,14,,,0,25,,55341,14,,,0,27,,55342,14,,,0,67,,55356,14,,,0,25,,55343,14,,,0
301,'S2-4_7',659,,55374,14,,,0,72,,55375,14,,,0,73,,55376,14,,,0,32,,55377,14,,,0,72,,55378,14,,,0,33,,55379,14,,,0,72,,55380,14,,,0,33,,55381,14,,,0,73,,55382,14,,,0,32,,55383,14,,,0,73,,55384,14,,,0,33,,55357,14,,,0,67,,55358,14,,,0,28,,55359,14,,,0,66,,55360,14,,,0,28,,55361,14,,,0,67,,55362,14,,,0,29,,55363,14,,,0,68,,55373,14,,,0,26,,55364,14,,,0,72,,55365,14,,,0,34,,55366,14,,,0,68,,55367,14,,,0,28,,55368,14,,,0,65,,55369,14,,,0,25,,55370,14,,,0,27,,55371,14,,,0,67,,55385,14,,,0,25,,55372,14,,,0
