101,'S2-0_6',656,,53799,6,0,5,0,151,,53800,6,0,5,0,108,,53801,6,0,5,0,30,,53812,6,0,6,0,69,,53802,6,0,5,0,31,,53813,6,0,6,0,70,,53803,6,0,5,0,30,,53814,6,0,6,0,70,,53804,6,0,5,0,30,,53815,6,0,6,0,70,,53805,6,0,5,0,29,,53816,6,0,6,0,69,,53806,6,0,5,0,30,,53817,6,0,6,0,70,,53807,6,0,5,0,32,,53818,6,0,6,0,70,,53808,6,0,5,0,29,,53819,6,0,6,0,73,,53809,6,0,5,0,30,,53820,6,0,6,0,79,,53810,6,0,5,0,25,,53821,6,0,6,0,67,,53811,6,0,5,0
101,'S2-1_7',903,,53822,6,0,6,0,105,,53827,6,0,5,0,105,,53823,6,0,6,0,105,,53828,6,0,5,0,105,,53824,6,0,6,0,90,,53829,6,0,5,0,100,,53825,6,0,6,0,105,,53830,6,0,5,0,105,,53826,6,0,6,0,105,,53831,6,0,5,0
101,'S2-2_1',656,,53832,12,0,5,0,69,,53833,6,0,5,0,33,,53834,12,0,6,0,72,,53836,6,0,5,0,75,,53835,12,0,6,0,35,,53837,6,0,5,0,71,,53841,6,0,6,0,32,,53838,6,0,5,0,72,,53839,6,0,6,0,30,,53840,6,0,5,0,70,,53842,6,0,6,0,31,,53843,6,0,5,0,69,,53844,6,0,6,0,28,,53846,12,0,5,0,70,,53845,6,0,6,0,31,,53847,12,0,5,0,70,,53849,6,0,6,0,31,,53853,6,0,5,0,71,,53852,6,0,6,0,32,,53850,6,0,5,0,70,,53851,6,0,6,0,31,,53848,12,0,5,0,67,,53854,6,0,6,0,31,,53855,12,0,5,0,66,,53856,6,0,6,0
101,'S2-2_2',656,,53857,12,0,5,0,69,,53858,6,0,5,0,33,,53859,12,0,6,0,72,,53861,6,0,5,0,75,,53860,12,0,6,0,35,,53862,6,0,5,0,71,,53866,6,0,6,0,32,,53863,6,0,5,0,72,,53864,6,0,6,0,30,,53865,6,0,5,0,70,,53867,6,0,6,0,31,,53868,6,0,5,0,69,,53869,6,0,6,0,28,,53871,12,0,5,0,70,,53870,6,0,6,0,31,,53872,12,0,5,0,70,,53874,6,0,6,0,31,,53878,6,0,5,0,71,,53877,6,0,6,0,32,,53875,6,0,5,0,70,,53876,6,0,6,0,31,,53873,12,0,5,0,67,,53879,6,0,6,0,31,,53880,12,0,5,0,66,,53881,6,0,6,0
101,'S2-2_3',656,,53882,12,0,5,0,69,,53883,6,0,5,0,33,,53884,12,0,6,0,72,,53886,6,0,5,0,75,,53885,12,0,6,0,35,,53887,6,0,5,0,71,,53891,6,0,6,0,32,,53888,6,0,5,0,72,,53889,6,0,6,0,30,,53890,6,0,5,0,70,,53892,6,0,6,0,31,,53893,6,0,5,0,69,,53894,6,0,6,0,28,,53896,12,0,5,0,70,,53895,6,0,6,0,31,,53897,12,0,5,0,70,,53899,6,0,6,0,31,,53903,6,0,5,0,71,,53902,6,0,6,0,32,,53900,6,0,5,0,70,,53901,6,0,6,0,31,,53898,12,0,5,0,67,,53904,6,0,6,0,31,,53905,12,0,5,0,66,,53906,6,0,6,0
101,'S2-2_4',656,,53907,12,0,5,0,69,,53908,6,0,5,0,33,,53909,12,0,6,0,72,,53911,6,0,5,0,75,,53910,12,0,6,0,35,,53912,6,0,5,0,71,,53916,6,0,6,0,32,,53913,6,0,5,0,72,,53914,6,0,6,0,30,,53915,6,0,5,0,70,,53917,6,0,6,0,31,,53918,6,0,5,0,69,,53919,6,0,6,0,28,,53921,12,0,5,0,70,,53920,6,0,6,0,31,,53922,12,0,5,0,70,,53924,6,0,6,0,31,,53928,6,0,5,0,71,,53927,6,0,6,0,32,,53925,6,0,5,0,70,,53926,6,0,6,0,31,,53923,12,0,5,0,67,,53929,6,0,6,0,31,,53930,12,0,5,0,66,,53931,6,0,6,0
101,'S2-2_5',656,,53932,12,0,5,0,69,,53933,6,0,5,0,33,,53934,12,0,6,0,72,,53936,6,0,5,0,75,,53935,12,0,6,0,35,,53937,6,0,5,0,71,,53941,6,0,6,0,32,,53938,6,0,5,0,72,,53939,6,0,6,0,30,,53940,6,0,5,0,70,,53942,6,0,6,0,31,,53943,6,0,5,0,69,,53944,6,0,6,0,28,,53946,12,0,5,0,70,,53945,6,0,6,0,31,,53947,12,0,5,0,70,,53949,6,0,6,0,31,,53953,6,0,5,0,71,,53952,6,0,6,0,32,,53950,6,0,5,0,70,,53951,6,0,6,0,31,,53948,12,0,5,0,67,,53954,6,0,6,0,31,,53955,12,0,5,0,66,,53956,6,0,6,0
101,'S2-3_1',656,,53957,12,0,5,0,69,,53958,6,0,5,0,33,,53959,12,0,6,0,72,,53961,6,0,5,0,75,,53960,12,0,6,0,35,,53962,6,0,5,0,71,,53966,6,0,6,0,32,,53963,6,0,5,0,72,,53964,6,0,6,0,30,,53965,6,0,5,0,70,,53967,6,0,6,0,31,,53968,6,0,5,0,69,,53969,6,0,6,0,28,,53971,12,0,5,0,70,,53970,6,0,6,0,31,,53972,12,0,5,0,70,,53974,6,0,6,0,31,,53978,6,0,5,0,71,,53977,6,0,6,0,32,,53975,6,0,5,0,70,,53976,6,0,6,0,31,,53973,12,0,5,0,67,,53979,6,0,6,0,31,,53980,12,0,5,0,66,,53981,6,0,6,0
101,'S2-3_3',656,,53982,12,0,5,0,69,,53983,6,0,5,0,33,,53984,12,0,6,0,72,,53986,6,0,5,0,75,,53985,12,0,6,0,35,,53987,6,0,5,0,71,,53991,6,0,6,0,32,,53988,6,0,5,0,72,,53989,6,0,6,0,30,,53990,6,0,5,0,70,,53992,6,0,6,0,31,,53993,6,0,5,0,69,,53994,6,0,6,0,28,,53996,12,0,5,0,70,,53995,6,0,6,0,31,,53997,12,0,5,0,70,,53999,6,0,6,0,31,,54003,6,0,5,0,71,,54002,6,0,6,0,32,,54000,6,0,5,0,70,,54001,6,0,6,0,31,,53998,12,0,5,0,67,,54004,6,0,6,0,31,,54005,12,0,5,0,66,,54006,6,0,6,0
101,'S2-3_4',656,,54007,12,0,5,0,69,,54008,6,0,5,0,33,,54009,12,0,6,0,72,,54011,6,0,5,0,75,,54010,12,0,6,0,35,,54012,6,0,5,0,71,,54016,6,0,6,0,32,,54013,6,0,5,0,72,,54014,6,0,6,0,30,,54015,6,0,5,0,70,,54017,6,0,6,0,31,,54018,6,0,5,0,69,,54019,6,0,6,0,28,,54021,12,0,5,0,70,,54020,6,0,6,0,31,,54022,12,0,5,0,70,,54024,6,0,6,0,31,,54028,6,0,5,0,71,,54027,6,0,6,0,32,,54025,6,0,5,0,70,,54026,6,0,6,0,31,,54023,12,0,5,0,67,,54029,6,0,6,0,31,,54030,12,0,5,0,66,,54031,6,0,6,0
101,'S2-4_7',903,,54032,6,0,6,0,105,,54037,6,0,5,0,105,,54033,6,0,6,0,105,,54038,6,0,5,0,105,,54034,6,0,6,0,90,,54039,6,0,5,0,100,,54035,6,0,6,0,105,,54040,6,0,5,0,105,,54036,6,0,6,0,105,,54041,6,0,5,0
