1600,'2509-HIV-25k03H-s-Samedi-00',1254,,3347,,,0,68,,3348,0,8 33 34,0,395,,3350,,,0
1600,'2509-HIV-25l22Vlv-Semaine-00',1254,,3359,,,0,68,,3360,0,8 33 34,0,395,,3362,,,0
1600,'2509-HIV-26a05H-s-Samedi-00',1254,,3371,,,0,68,,3372,0,8 33 34,0,395,,3374,,,0
1600,'2509-HIV-26a05H-w-Mercredi-00',1254,,3383,,,0,68,,3384,0,8 33 34,0,395,,3386,,,0
1600,'2509-HIV-26a05Hlv-L-Ma-J-V-00',1254,,3395,,,0,68,,3396,0,8 33 34,0,395,,3398,,,0
1600,'2509-HIV-26b23Vlv-Semaine-00',1254,,3407,,,0,68,,3408,0,8 33 34,0,395,,3410,,,0
1600,'2509-HIV-26c02Vlv-Semaine-00',1254,,3419,,,0,68,,3420,0,8 33 34,0,395,,3422,,,0
1601,'2509-HIV-25k03H-s-Samedi-00',1221,,3430,,,0
1601,'2509-HIV-25l22Vlv-Semaine-00',1221,,3440,,,0
1601,'2509-HIV-26a05H-s-Samedi-00',1221,,3450,,,0
1601,'2509-HIV-26a05H-w-Mercredi-00',1221,,3460,,,0
1601,'2509-HIV-26a05Hlv-L-Ma-J-V-00',1221,,3470,,,0
1601,'2509-HIV-26b23Vlv-Semaine-00',1221,,3480,,,0
1601,'2509-HIV-26c02Vlv-Semaine-00',1221,,3490,,,0
2101,'2509-HIV-25l22Vlv-Semaine-00',756,,3650,,,0,158,,3651,,,0
2101,'2509-HIV-26a05H-w-Mercredi-00',756,,3652,,,0,158,,3653,,,0
2101,'2509-HIV-26a05Hlv-L-Ma-J-V-00',756,,3654,,,0,158,,3655,,,0
2101,'2509-HIV-26b23Vlv-Semaine-00',756,,3656,,,0,158,,3657,,,0
2101,'2509-HIV-26c02Vlv-Semaine-00',756,,3658,,,0,158,,3659,,,0
