601,'2509-HIV-25j05H-d-Dimanche-00',1025,,10334,,,0,295,,10335,,,0,210,,10336,,,0,215,,10337,,,0
601,'2509-HIV-25j26H-d-Dimanche-00',1025,,10338,,,0,295,,10339,,,0,210,,10340,,,0,215,,10341,,,0
601,'2509-HIV-25k03H-s-Samedi-00',805,,10342,,,0,51,,10344,,,0,96,,10345,,,0,92,,10346,,,0,88,,10347,,,0,88,,10348,,,0,88,,10349,,,0,50,,10350,,,0,89,,10351,,,0,89,,10352,,,0,100,,10353,,,0,92,,10354,,,0,93,,10355,,,0,85,,10356,,,0,49,,10343,,,0
601,'2509-HIV-25l22Vlv-Semaine-00',633,,10357,,,0,111,,10371,,,0,92,,10358,,,0,94,,10359,,,0,92,,10360,,,0,85,,10361,,,0,52,,10372,,,0,83,,10362,,,0,60,,10363,,,0,56,,10364,,,0,84,,10365,,,0,104,,10366,,,0,85,,10367,,,0,95,,10368,,,0,88,,10373,,,0,88,,10369,,,0,53,,10370,,,0
601,'2509-HIV-26a05H-s-Samedi-00',805,,10374,,,0,51,,10376,,,0,96,,10377,,,0,92,,10378,,,0,88,,10379,,,0,88,,10380,,,0,88,,10381,,,0,50,,10382,,,0,89,,10383,,,0,89,,10384,,,0,100,,10385,,,0,92,,10386,,,0,93,,10387,,,0,85,,10388,,,0,49,,10375,,,0
601,'2509-HIV-26a05H-w-Mercredi-00',637,,10389,,,0,108,,10402,,,0,95,,10390,,,0,102,,10391,,,0,99,,10392,,,0,100,,10393,,,0,165,,10394,,,0,42,,10395,,,0,103,,10396,,,0,95,,10397,,,0,82,,10403,,,0,79,,10398,,,0,40,,10404,,,0,66,,10399,,,0,27,,10405,,,0,65,,10400,,,0,95,,10401,,,0
601,'2509-HIV-26a05H-w-Mercredi-00-0010000',1247,,10406,,,0
601,'2509-HIV-26a05Hlv-L-Ma-J-V-00',637,,10407,,,0,108,,10420,,,0,95,,10408,,,0,102,,10409,,,0,99,,10410,,,0,100,,10411,,,0,165,,10412,,,0,42,,10413,,,0,103,,10414,,,0,95,,10415,,,0,82,,10421,,,0,79,,10416,,,0,40,,10422,,,0,66,,10417,,,0,27,,10423,,,0,65,,10418,,,0,95,,10419,,,0
601,'2509-HIV-26a05Hlv-L-Ma-J-V-00-1101100',1247,,10424,,,0
601,'2509-HIV-26b23Vlv-Semaine-00',633,,10425,,,0,111,,10439,,,0,92,,10426,,,0,94,,10427,,,0,92,,10428,,,0,85,,10429,,,0,52,,10440,,,0,83,,10430,,,0,60,,10431,,,0,56,,10432,,,0,84,,10433,,,0,104,,10434,,,0,85,,10435,,,0,95,,10436,,,0,88,,10441,,,0,88,,10437,,,0,53,,10438,,,0
601,'2509-HIV-26c02Vlv-Semaine-00',633,,10442,,,0,111,,10456,,,0,92,,10443,,,0,94,,10444,,,0,92,,10445,,,0,85,,10446,,,0,52,,10457,,,0,83,,10447,,,0,60,,10448,,,0,56,,10449,,,0,84,,10450,,,0,104,,10451,,,0,85,,10452,,,0,95,,10453,,,0,88,,10458,,,0,88,,10454,,,0,53,,10455,,,0
1800,'2509-HIV-25j05H-d-Dimanche-00',1029,,11600,,,0,295,,11601,,,0,211,,11602,,,0,215,,11603,,,0
1800,'2509-HIV-25j26H-d-Dimanche-00',1029,,11604,,,0,295,,11605,,,0,211,,11606,,,0,215,,11607,,,0
1800,'2509-HIV-26a05H-w-Mercredi-00',700,,11608,,,0,24,,11609,,,0,26,,11610,,,0,968,,11611,,,0,99,,11612,,,0,93,,11613,,,0
1800,'2509-HIV-26a05H-w-Mercredi-00-0010000',1251,,11614,,,0,62,,11615,,,0
1800,'2509-HIV-26a05Hlv-L-Ma-J-V-00',700,,11616,,,0,24,,11617,,,0,26,,11618,,,0,968,,11619,,,0,99,,11620,,,0,93,,11621,,,0
1800,'2509-HIV-26a05Hlv-L-Ma-J-V-00-1101100',1620,,11622,,,0,28,,11623,,,0,102,,11624,,,0,96,,11625,,,0
29000601,'2509-HIV-26a05H-w-Mercredi-00',1758,,16115,,,0,95,,16116,,,0
29000601,'2509-HIV-26a05Hlv-L-Ma-J-V-00',1758,,16117,,,0,95,,16118,,,0
