301,'S2-0_6',717,,55078,31,,,0,33,,55079,31,,,0,73,,55080,31,,,0,33,,55081,31,,,0,72,,55082,31,,,0,74,,55083,31,,,0,33,,55084,31,,,0,72,,55085,31,,,0,33,,55086,31,,,0,72,,55087,31,,,0,32,,55088,31,,,0,73,,55053,31,,,0,27,,55054,31,,,0,69,,55055,31,,,0,26,,55056,31,,,0,68,,55057,31,,,0,27,,55058,31,,,0,69,,55059,31,,,0,28,,55077,31,,,0,26,,55060,31,,,0,72,,55061,31,,,0,74,,55062,31,,,0,28,,55063,31,,,0,27,,55064,31,,,0,65,,55065,31,,,0,25,,55066,31,,,0,65,,55067,31,,,0,27,,55089,31,,,0,65,,55068,31,,,0
301,'S2-1_7',823,,55111,31,,,0,33,,55106,31,,,0,72,,55112,31,,,0,74,,55107,31,,,0,33,,55113,31,,,0,72,,55108,31,,,0,33,,55114,31,,,0,72,,55109,31,,,0,32,,55115,31,,,0,73,,55090,31,,,0,27,,55091,31,,,0,69,,55092,31,,,0,26,,55093,31,,,0,68,,55094,31,,,0,27,,55095,31,,,0,69,,55096,31,,,0,28,,55116,31,,,0,26,,55097,31,,,0,72,,55098,31,,,0,74,,55099,31,,,0,28,,55100,31,,,0,27,,55101,31,,,0,65,,55102,31,,,0,25,,55103,31,,,0,65,,55104,31,,,0,27,,55110,31,,,0,65,,55105,31,,,0
301,'S2-2_1',717,,55134,31,,,0,33,,55135,31,,,0,73,,55136,31,,,0,33,,55137,31,,,0,72,,55138,31,,,0,74,,55139,31,,,0,33,,55140,31,,,0,72,,55141,31,,,0,33,,55142,31,,,0,72,,55143,31,,,0,32,,55144,31,,,0,73,,55117,31,,,0,27,,55118,31,,,0,69,,55119,31,,,0,26,,55120,31,,,0,68,,55121,31,,,0,27,,55122,31,,,0,69,,55123,31,,,0,28,,55133,31,,,0,26,,55124,31,,,0,72,,55125,31,,,0,74,,55126,31,,,0,28,,55127,31,,,0,27,,55128,31,,,0,65,,55129,31,,,0,25,,55130,31,,,0,65,,55131,31,,,0,27,,55145,31,,,0,65,,55132,31,,,0
301,'S2-2_2',717,,55163,31,,,0,33,,55164,31,,,0,73,,55165,31,,,0,33,,55166,31,,,0,72,,55167,31,,,0,74,,55168,31,,,0,33,,55169,31,,,0,72,,55170,31,,,0,33,,55171,31,,,0,72,,55172,31,,,0,32,,55173,31,,,0,73,,55146,31,,,0,27,,55147,31,,,0,69,,55148,31,,,0,26,,55149,31,,,0,68,,55150,31,,,0,27,,55151,31,,,0,69,,55152,31,,,0,28,,55162,31,,,0,26,,55153,31,,,0,72,,55154,31,,,0,74,,55155,31,,,0,28,,55156,31,,,0,27,,55157,31,,,0,65,,55158,31,,,0,25,,55159,31,,,0,65,,55160,31,,,0,27,,55174,31,,,0,65,,55161,31,,,0
301,'S2-2_3',717,,55192,31,,,0,33,,55193,31,,,0,73,,55194,31,,,0,33,,55195,31,,,0,72,,55196,31,,,0,74,,55197,31,,,0,33,,55198,31,,,0,72,,55199,31,,,0,33,,55200,31,,,0,72,,55201,31,,,0,32,,55202,31,,,0,73,,55175,31,,,0,27,,55176,31,,,0,69,,55177,31,,,0,26,,55178,31,,,0,68,,55179,31,,,0,27,,55180,31,,,0,69,,55181,31,,,0,28,,55191,31,,,0,26,,55182,31,,,0,72,,55183,31,,,0,74,,55184,31,,,0,28,,55185,31,,,0,27,,55186,31,,,0,65,,55187,31,,,0,25,,55188,31,,,0,65,,55189,31,,,0,27,,55203,31,,,0,65,,55190,31,,,0
301,'S2-2_4',717,,55221,31,,,0,33,,55222,31,,,0,73,,55223,31,,,0,33,,55224,31,,,0,72,,55225,31,,,0,74,,55226,31,,,0,33,,55227,31,,,0,72,,55228,31,,,0,33,,55229,31,,,0,72,,55230,31,,,0,32,,55231,31,,,0,73,,55204,31,,,0,27,,55205,31,,,0,69,,55206,31,,,0,26,,55207,31,,,0,68,,55208,31,,,0,27,,55209,31,,,0,69,,55210,31,,,0,28,,55220,31,,,0,26,,55211,31,,,0,72,,55212,31,,,0,74,,55213,31,,,0,28,,55214,31,,,0,27,,55215,31,,,0,65,,55216,31,,,0,25,,55217,31,,,0,65,,55218,31,,,0,27,,55232,31,,,0,65,,55219,31,,,0
301,'S2-2_5',717,,55258,31,,,0,33,,55259,31,,,0,73,,55260,31,,,0,33,,55261,31,,,0,72,,55262,31,,,0,74,,55263,31,,,0,33,,55264,31,,,0,72,,55265,31,,,0,33,,55266,31,,,0,72,,55267,31,,,0,32,,55268,31,,,0,73,,55233,31,,,0,27,,55234,31,,,0,69,,55235,31,,,0,26,,55236,31,,,0,68,,55237,31,,,0,27,,55238,31,,,0,69,,55239,31,,,0,28,,55257,31,,,0,26,,55240,31,,,0,72,,55241,31,,,0,74,,55242,31,,,0,28,,55243,31,,,0,27,,55244,31,,,0,65,,55245,31,,,0,25,,55246,31,,,0,65,,55247,31,,,0,27,,55269,31,,,0,65,,55248,31,,,0
301,'S2-3_1',717,,55287,31,,,0,33,,55288,31,,,0,73,,55289,31,,,0,33,,55290,31,,,0,72,,55291,31,,,0,74,,55292,31,,,0,33,,55293,31,,,0,72,,55294,31,,,0,33,,55295,31,,,0,72,,55296,31,,,0,32,,55297,31,,,0,73,,55270,31,,,0,27,,55271,31,,,0,69,,55272,31,,,0,26,,55273,31,,,0,68,,55274,31,,,0,27,,55275,31,,,0,69,,55276,31,,,0,28,,55286,31,,,0,26,,55277,31,,,0,72,,55278,31,,,0,74,,55279,31,,,0,28,,55280,31,,,0,27,,55281,31,,,0,65,,55282,31,,,0,25,,55283,31,,,0,65,,55284,31,,,0,27,,55298,31,,,0,65,,55285,31,,,0
301,'S2-3_3',717,,55316,31,,,0,33,,55317,31,,,0,73,,55318,31,,,0,33,,55319,31,,,0,72,,55320,31,,,0,74,,55321,31,,,0,33,,55322,31,,,0,72,,55323,31,,,0,33,,55324,31,,,0,72,,55325,31,,,0,32,,55326,31,,,0,73,,55299,31,,,0,27,,55300,31,,,0,69,,55301,31,,,0,26,,55302,31,,,0,68,,55303,31,,,0,27,,55304,31,,,0,69,,55305,31,,,0,28,,55315,31,,,0,26,,55306,31,,,0,72,,55307,31,,,0,74,,55308,31,,,0,28,,55309,31,,,0,27,,55310,31,,,0,65,,55311,31,,,0,25,,55312,31,,,0,65,,55313,31,,,0,27,,55327,31,,,0,65,,55314,31,,,0
301,'S2-3_4',717,,55345,31,,,0,33,,55346,31,,,0,73,,55347,31,,,0,33,,55348,31,,,0,72,,55349,31,,,0,74,,55350,31,,,0,33,,55351,31,,,0,72,,55352,31,,,0,33,,55353,31,,,0,72,,55354,31,,,0,32,,55355,31,,,0,73,,55328,31,,,0,27,,55329,31,,,0,69,,55330,31,,,0,26,,55331,31,,,0,68,,55332,31,,,0,27,,55333,31,,,0,69,,55334,31,,,0,28,,55344,31,,,0,26,,55335,31,,,0,72,,55336,31,,,0,74,,55337,31,,,0,28,,55338,31,,,0,27,,55339,31,,,0,65,,55340,31,,,0,25,,55341,31,,,0,65,,55342,31,,,0,27,,55356,31,,,0,65,,55343,31,,,0
301,'S2-4_7',717,,55374,31,,,0,33,,55375,31,,,0,73,,55376,31,,,0,33,,55377,31,,,0,72,,55378,31,,,0,74,,55379,31,,,0,33,,55380,31,,,0,72,,55381,31,,,0,33,,55382,31,,,0,72,,55383,31,,,0,32,,55384,31,,,0,73,,55357,31,,,0,27,,55358,31,,,0,69,,55359,31,,,0,26,,55360,31,,,0,68,,55361,31,,,0,27,,55362,31,,,0,69,,55363,31,,,0,28,,55373,31,,,0,26,,55364,31,,,0,72,,55365,31,,,0,74,,55366,31,,,0,28,,55367,31,,,0,27,,55368,31,,,0,65,,55369,31,,,0,25,,55370,31,,,0,65,,55371,31,,,0,27,,55385,31,,,0,65,,55372,31,,,0
