601,'S2-1_6',805,,24069,26,,,0,51,,24071,26,,,0,96,,24072,26,,,0,92,,24073,26,,,0,88,,24074,26,,,0,88,,24075,26,,,0,88,,24076,26,,,0,50,,24077,26,,,0,89,,24078,26,,,0,89,,24079,26,,,0,100,,24080,26,,,0,92,,24081,26,,,0,93,,24082,26,,,0,85,,24083,26,,,0,49,,24070,26,,,0
601,'S2-5_1',637,,24084,26,,,0,108,,24097,26,,,0,95,,24085,26,,,0,102,,24086,26,,,0,99,,24087,26,,,0,100,,24088,26,,,0,106,,24101,26,,,0,59,,24089,26,,,0,42,,24090,26,,,0,103,,24091,26,,,0,95,,24092,26,,,0,82,,24098,26,,,0,79,,24093,27,,,0,40,,24099,26,,,0,66,,24094,27,,,0,27,,24100,27,,,0,65,,24095,26,,,0,95,,24096,26,,,0
601,'S2-5_2',637,,24102,26,,,0,108,,24115,26,,,0,95,,24103,26,,,0,102,,24104,26,,,0,99,,24105,26,,,0,100,,24106,26,,,0,106,,24119,26,,,0,59,,24107,26,,,0,42,,24108,26,,,0,103,,24109,26,,,0,95,,24110,26,,,0,82,,24116,26,,,0,79,,24111,27,,,0,40,,24117,26,,,0,66,,24112,27,,,0,27,,24118,27,,,0,65,,24113,26,,,0,95,,24114,26,,,0
601,'S2-5_4',637,,24120,26,,,0,108,,24133,26,,,0,95,,24121,26,,,0,102,,24122,26,,,0,99,,24123,26,,,0,100,,24124,26,,,0,106,,24137,26,,,0,59,,24125,26,,,0,42,,24126,26,,,0,103,,24127,26,,,0,95,,24128,26,,,0,82,,24134,26,,,0,79,,24129,27,,,0,40,,24135,26,,,0,66,,24130,27,,,0,27,,24136,27,,,0,65,,24131,26,,,0,95,,24132,26,,,0
601,'S2-5_5',637,,24138,26,,,0,108,,24151,26,,,0,95,,24139,26,,,0,102,,24140,26,,,0,99,,24141,26,,,0,100,,24142,26,,,0,106,,24155,26,,,0,59,,24143,26,,,0,42,,24144,26,,,0,103,,24145,26,,,0,95,,24146,26,,,0,82,,24152,26,,,0,79,,24147,27,,,0,40,,24153,26,,,0,66,,24148,27,,,0,27,,24154,27,,,0,65,,24149,26,,,0,95,,24150,26,,,0
601,'S2-6_3',637,,24156,26,,,0,108,,24170,26,,,0,95,,24157,26,,,0,102,,24158,26,,,0,99,,24159,26,,,0,100,,24160,26,,,0,106,,24161,27,,,0,59,,24162,26,,,0,42,,24163,26,,,0,103,,24164,26,,,0,95,,24165,26,,,0,82,,24171,26,,,0,79,,24166,27,,,0,40,,24172,26,,,0,66,,24167,27,,,0,27,,24173,27,,,0,65,,24168,26,,,0,95,,24169,26,,,0
1800,'S2-5_1',700,,25186,1,,,0,24,,25187,1,,,0,26,,25188,1,,,0,870,,25189,1,,,0,28,,25190,2,,,0,70,,25191,1,,,0,32,,25192,1,,,0,67,,25193,1,,,0,29,,25194,1,,,0,64,,25195,1,,,0
1800,'S2-5_2',700,,25196,1,,,0,24,,25197,1,,,0,26,,25198,1,,,0,870,,25199,1,,,0,28,,25200,2,,,0,70,,25201,1,,,0,32,,25202,1,,,0,67,,25203,1,,,0,29,,25204,1,,,0,64,,25205,1,,,0
1800,'S2-5_4',700,,25206,1,,,0,24,,25207,1,,,0,26,,25208,1,,,0,870,,25209,1,,,0,28,,25210,2,,,0,70,,25211,1,,,0,32,,25212,1,,,0,67,,25213,1,,,0,29,,25214,1,,,0,64,,25215,1,,,0
1800,'S2-5_5',700,,25216,1,,,0,24,,25217,1,,,0,26,,25218,1,,,0,870,,25219,1,,,0,28,,25220,2,,,0,70,,25221,1,,,0,32,,25222,1,,,0,67,,25223,1,,,0,29,,25224,1,,,0,64,,25225,1,,,0
1800,'S2-6_3',700,,25226,1,,,0,24,,25227,1,,,0,26,,25228,1,,,0,501,,25232,1,,,0,62,,25233,1,,,0,405,,25229,1,,,0,99,,25230,1,,,0,93,,25231,1,,,0
2900601,'S2-5_1',1758,,28369,8,,,0,95,,28370,8,,,0
2900601,'S2-5_2',1758,,28371,8,,,0,95,,28372,8,,,0
2900601,'S2-5_4',1758,,28373,8,,,0,95,,28374,8,,,0
2900601,'S2-5_5',1758,,28375,8,,,0,95,,28376,8,,,0
2900601,'S2-6_3',1758,,28377,8,,,0,95,,28378,8,,,0
