900,'0_6',722,,66482,29,4,,0,100,,66483,29,4,,0,219,,66491,23,4,,0,97,,66484,29,4,,0,177,,66489,30,4,,0,189,,66485,29,4,,0,99,,66480,23,4,,0,49,,66490,28,4,,0,84,,66492,29,4,,0,87,,66486,29,4,,0,95,,66487,29,4,,0
900,'2_1',722,,66495,29,4,,0,100,,66496,29,4,,0,219,,66504,23,4,,0,97,,66497,29,4,,0,177,,66502,30,4,,0,189,,66498,29,4,,0,99,,66493,23,4,,0,49,,66503,28,4,,0,84,,66505,29,4,,0,87,,66499,29,4,,0,95,,66500,29,4,,0
900,'2_2',722,,66508,29,4,,0,100,,66509,29,4,,0,219,,66517,23,4,,0,97,,66510,29,4,,0,177,,66515,30,4,,0,189,,66511,29,4,,0,99,,66506,23,4,,0,49,,66516,28,4,,0,84,,66518,29,4,,0,87,,66512,29,4,,0,95,,66513,29,4,,0
900,'2_3',722,,66521,29,4,,0,100,,66522,29,4,,0,219,,66530,23,4,,0,97,,66523,29,4,,0,177,,66528,30,4,,0,189,,66524,29,4,,0,99,,66519,23,4,,0,49,,66529,28,4,,0,84,,66531,29,4,,0,87,,66525,29,4,,0,95,,66526,29,4,,0
900,'2_4',722,,66534,29,4,,0,100,,66535,29,4,,0,219,,66543,23,4,,0,97,,66536,29,4,,0,177,,66541,30,4,,0,189,,66537,29,4,,0,99,,66532,23,4,,0,49,,66542,28,4,,0,84,,66544,29,4,,0,87,,66538,29,4,,0,95,,66539,29,4,,0
900,'2_5',722,,66547,29,4,,0,100,,66548,29,4,,0,219,,66556,23,4,,0,97,,66549,29,4,,0,177,,66554,30,4,,0,189,,66550,29,4,,0,99,,66545,23,4,,0,49,,66555,28,4,,0,84,,66557,29,4,,0,87,,66551,29,4,,0,95,,66552,29,4,,0
900,'3_1',722,,66560,29,4,,0,100,,66561,29,4,,0,219,,66569,23,4,,0,97,,66562,29,4,,0,177,,66567,30,4,,0,189,,66563,29,4,,0,99,,66558,23,4,,0,49,,66568,28,4,,0,84,,66570,29,4,,0,87,,66564,29,4,,0,95,,66565,29,4,,0
900,'3_3',722,,66573,29,4,,0,100,,66574,29,4,,0,219,,66582,23,4,,0,97,,66575,29,4,,0,177,,66580,30,4,,0,189,,66576,29,4,,0,99,,66571,23,4,,0,49,,66581,28,4,,0,84,,66583,29,4,,0,87,,66577,29,4,,0,95,,66578,29,4,,0
900,'3_4',722,,66586,29,4,,0,100,,66587,29,4,,0,219,,66595,23,4,,0,97,,66588,29,4,,0,177,,66593,30,4,,0,189,,66589,29,4,,0,99,,66584,23,4,,0,49,,66594,28,4,,0,84,,66596,29,4,,0,87,,66590,29,4,,0,95,,66591,29,4,,0
900,'3_5',722,,66599,29,4,,0,100,,66600,29,4,,0,219,,66608,23,4,,0,97,,66601,29,4,,0,177,,66606,30,4,,0,189,,66602,29,4,,0,99,,66597,23,4,,0,49,,66607,28,4,,0,84,,66609,29,4,,0,87,,66603,29,4,,0,95,,66604,29,4,,0
901,'0_6',735,,66610,1,,,0,99,,66618,1,0,66,0,224,,66621,1,,,0,95,,66619,1,0,66,0,367,,66622,1,,,0,91,,66611,1,,,0,95,,66612,1,,,0,129,,66613,1,,,0,95,,66614,1,,,0
901,'2_1',735,,66623,1,,,0,99,,66631,1,0,66,0,224,,66634,1,,,0,95,,66632,1,0,66,0,367,,66635,1,,,0,91,,66624,1,,,0,95,,66625,1,,,0,129,,66626,1,,,0,95,,66627,1,,,0
901,'2_2',735,,66636,1,,,0,99,,66644,1,0,66,0,224,,66647,1,,,0,95,,66645,1,0,66,0,367,,66648,1,,,0,91,,66637,1,,,0,95,,66638,1,,,0,129,,66639,1,,,0,95,,66640,1,,,0
901,'2_3',735,,66649,1,,,0,99,,66657,1,0,66,0,224,,66660,1,,,0,95,,66658,1,0,66,0,367,,66661,1,,,0,91,,66650,1,,,0,95,,66651,1,,,0,129,,66652,1,,,0,95,,66653,1,,,0
901,'2_4',735,,66662,1,,,0,99,,66670,1,0,66,0,224,,66673,1,,,0,95,,66671,1,0,66,0,367,,66674,1,,,0,91,,66663,1,,,0,95,,66664,1,,,0,129,,66665,1,,,0,95,,66666,1,,,0
901,'2_5',735,,66675,1,,,0,99,,66683,1,0,66,0,224,,66686,1,,,0,95,,66684,1,0,66,0,367,,66687,1,,,0,91,,66676,1,,,0,95,,66677,1,,,0,129,,66678,1,,,0,95,,66679,1,,,0
901,'3_1',735,,66688,1,,,0,99,,66696,1,0,66,0,224,,66699,1,,,0,95,,66697,1,0,66,0,367,,66700,1,,,0,91,,66689,1,,,0,95,,66690,1,,,0,129,,66691,1,,,0,95,,66692,1,,,0
901,'3_3',735,,66701,1,,,0,99,,66709,1,0,66,0,224,,66712,1,,,0,95,,66710,1,0,66,0,367,,66713,1,,,0,91,,66702,1,,,0,95,,66703,1,,,0,129,,66704,1,,,0,95,,66705,1,,,0
901,'3_4',735,,66714,1,,,0,99,,66722,1,0,66,0,224,,66725,1,,,0,95,,66723,1,0,66,0,367,,66726,1,,,0,91,,66715,1,,,0,95,,66716,1,,,0,129,,66717,1,,,0,95,,66718,1,,,0
901,'3_5',735,,66727,1,,,0,99,,66735,1,0,66,0,224,,66738,1,,,0,95,,66736,1,0,66,0,367,,66739,1,,,0,91,,66728,1,,,0,95,,66729,1,,,0,129,,66730,1,,,0,95,,66731,1,,,0
2100,'2_1',1718,,67530,4,4,,0
2100,'2_2',1718,,67532,4,4,,0
2100,'2_3',1718,,67534,4,4,,0
2100,'2_4',1718,,67536,4,4,,0
2100,'2_5',1718,,67539,4,4,,0
2100,'3_1',1718,,67540,9,4,,0
2100,'3_3',1718,,67541,9,4,,0
2100,'3_4',1718,,67542,9,4,,0
2100,'3_5',1718,,67544,4,4,,0
2101,'2_1',735,,67546,2,,,0,122,,67547,3,,,0
2101,'2_2',735,,67549,2,,,0,122,,67550,3,,,0
2101,'2_3',735,,67552,2,,,0,122,,67553,3,,,0
2101,'2_4',735,,67555,2,,,0,122,,67556,3,,,0
2101,'2_5',735,,67558,2,,,0,122,,67559,3,,,0
2101,'3_1',735,,67560,2,,,0,122,,67561,3,,,0
2101,'3_3',735,,67562,2,,,0,122,,67563,3,,,0
2101,'3_4',735,,67564,2,,,0,122,,67565,3,,,0
2101,'3_5',735,,67566,2,,,0,122,,67567,3,,,0
