701,'2509-HIV-25k03H-s-Samedi-00',717,,10538,,,0,110,,10539,,,0,111,,10540,,,0,110,,10541,,,0,110,,10542,,,0,150,,10543,,,0,109,,10544,,,0,111,,10545,,,0,110,,10546,,,0,110,,10536,,,0,110,,10537,,,0
701,'2509-HIV-25l22Vlv-Semaine-00',717,,10547,,,0,110,,10548,,,0,110,,10549,,,0,110,,10550,,,0,111,,10551,,,0,150,,10552,,,0,109,,10553,,,0,110,,10554,,,0,110,,10555,,,0,110,,10556,,,0,111,,10557,,,0
701,'2509-HIV-26a05H-s-Samedi-00',717,,10560,,,0,110,,10561,,,0,111,,10562,,,0,110,,10563,,,0,110,,10564,,,0,150,,10565,,,0,109,,10566,,,0,111,,10567,,,0,110,,10568,,,0,110,,10558,,,0,110,,10559,,,0
701,'2509-HIV-26a05H-w-Mercredi-00',717,,10569,,,0,110,,10570,,,0,110,,10571,,,0,110,,10572,,,0,111,,10573,,,0,150,,10574,,,0,109,,10575,,,0,110,,10576,,,0,110,,10577,,,0,110,,10578,,,0,111,,10579,,,0
701,'2509-HIV-26a05Hlv-L-Ma-J-V-00',717,,10580,,,0,110,,10581,,,0,110,,10582,,,0,110,,10583,,,0,111,,10584,,,0,150,,10585,,,0,109,,10586,,,0,110,,10587,,,0,110,,10588,,,0,110,,10589,,,0,111,,10590,,,0
701,'2509-HIV-26b23Vlv-Semaine-00',717,,10591,,,0,110,,10592,,,0,110,,10593,,,0,110,,10594,,,0,111,,10595,,,0,150,,10596,,,0,109,,10597,,,0,110,,10598,,,0,110,,10599,,,0,110,,10600,,,0,111,,10601,,,0
701,'2509-HIV-26c02Vlv-Semaine-00',717,,10602,,,0,110,,10603,,,0,110,,10604,,,0,110,,10605,,,0,111,,10606,,,0,150,,10607,,,0,109,,10608,,,0,110,,10609,,,0,110,,10610,,,0,110,,10611,,,0,111,,10612,,,0
901500,'2509-HIV-25k03H-s-Samedi-00',835,,12539,,,0,20,,12540,,,0,60,,12541,,,0,20,,12542,,,0,20,,12543,,,0,60,,12544,,,0,20,,12545,,,0,20,,12546,,,0,60,,12547,,,0,20,,12548,,,0,20,,12549,,,0,60,,12550,,,0,20,,12551,,,0,20,,12552,,,0,60,,12553,,,0,20,,12554,,,0,20,,12555,,,0,60,,12556,,,0,20,,12557,,,0,80,,12558,,,0,20,,12559,,,0,20,,12560,,,0,60,,12561,,,0,20,,12562,,,0,20,,12563,,,0,60,,12564,,,0,20,,12565,,,0,20,,12566,,,0,60,,12567,,,0,20,,12568,,,0,20,,12569,,,0,60,,12570,,,0
901500,'2509-HIV-25l22Vlv-Semaine-00',835,,12571,,,0,20,,12572,,,0,60,,12573,,,0,20,,12574,,,0,20,,12575,,,0,60,,12576,,,0,20,,12577,,,0,20,,12578,,,0,60,,12579,,,0,20,,12580,,,0,20,,12581,,,0,60,,12582,,,0,20,,12583,,,0,20,,12584,,,0,60,,12585,,,0,20,,12586,,,0,20,,12587,,,0,60,,12588,,,0,20,,12589,,,0,80,,12590,,,0,20,,12591,,,0,20,,12592,,,0,60,,12593,,,0,20,,12594,,,0,20,,12595,,,0,60,,12596,,,0,20,,12597,,,0,20,,12598,,,0,60,,12599,,,0,20,,12600,,,0,20,,12601,,,0,60,,12602,,,0
901500,'2509-HIV-26a05H-s-Samedi-00',835,,12603,,,0,20,,12604,,,0,60,,12605,,,0,20,,12606,,,0,20,,12607,,,0,60,,12608,,,0,20,,12609,,,0,20,,12610,,,0,60,,12611,,,0,20,,12612,,,0,20,,12613,,,0,60,,12614,,,0,20,,12615,,,0,20,,12616,,,0,60,,12617,,,0,20,,12618,,,0,20,,12619,,,0,60,,12620,,,0,20,,12621,,,0,80,,12622,,,0,20,,12623,,,0,20,,12624,,,0,60,,12625,,,0,20,,12626,,,0,20,,12627,,,0,60,,12628,,,0,20,,12629,,,0,20,,12630,,,0,60,,12631,,,0,20,,12632,,,0,20,,12633,,,0,60,,12634,,,0
901500,'2509-HIV-26a05H-w-Mercredi-00',835,,12635,,,0,20,,12636,,,0,60,,12637,,,0,20,,12638,,,0,20,,12639,,,0,60,,12640,,,0,20,,12641,,,0,20,,12642,,,0,60,,12643,,,0,20,,12644,,,0,20,,12645,,,0,60,,12646,,,0,20,,12647,,,0,20,,12648,,,0,60,,12649,,,0,20,,12650,,,0,20,,12651,,,0,60,,12652,,,0,20,,12653,,,0,80,,12654,,,0,20,,12655,,,0,20,,12656,,,0,60,,12657,,,0,20,,12658,,,0,20,,12659,,,0,60,,12660,,,0,20,,12661,,,0,20,,12662,,,0,60,,12663,,,0,20,,12664,,,0,20,,12665,,,0,60,,12666,,,0
901500,'2509-HIV-26a05Hlv-L-Ma-J-V-00',835,,12667,,,0,20,,12668,,,0,60,,12669,,,0,20,,12670,,,0,20,,12671,,,0,60,,12672,,,0,20,,12673,,,0,20,,12674,,,0,60,,12675,,,0,20,,12676,,,0,20,,12677,,,0,60,,12678,,,0,20,,12679,,,0,20,,12680,,,0,60,,12681,,,0,20,,12682,,,0,20,,12683,,,0,60,,12684,,,0,20,,12685,,,0,80,,12686,,,0,20,,12687,,,0,20,,12688,,,0,60,,12689,,,0,20,,12690,,,0,20,,12691,,,0,60,,12692,,,0,20,,12693,,,0,20,,12694,,,0,60,,12695,,,0,20,,12696,,,0,20,,12697,,,0,60,,12698,,,0
901500,'2509-HIV-26b23Vlv-Semaine-00',835,,12699,,,0,20,,12700,,,0,60,,12701,,,0,20,,12702,,,0,20,,12703,,,0,60,,12704,,,0,20,,12705,,,0,20,,12706,,,0,60,,12707,,,0,20,,12708,,,0,20,,12709,,,0,60,,12710,,,0,20,,12711,,,0,20,,12712,,,0,60,,12713,,,0,20,,12714,,,0,20,,12715,,,0,60,,12716,,,0,20,,12717,,,0,80,,12718,,,0,20,,12719,,,0,20,,12720,,,0,60,,12721,,,0,20,,12722,,,0,20,,12723,,,0,60,,12724,,,0,20,,12725,,,0,20,,12726,,,0,60,,12727,,,0,20,,12728,,,0,20,,12729,,,0,60,,12730,,,0
901500,'2509-HIV-26c02Vlv-Semaine-00',835,,12731,,,0,20,,12732,,,0,60,,12733,,,0,20,,12734,,,0,20,,12735,,,0,60,,12736,,,0,20,,12737,,,0,20,,12738,,,0,60,,12739,,,0,20,,12740,,,0,20,,12741,,,0,60,,12742,,,0,20,,12743,,,0,20,,12744,,,0,60,,12745,,,0,20,,12746,,,0,20,,12747,,,0,60,,12748,,,0,20,,12749,,,0,80,,12750,,,0,20,,12751,,,0,20,,12752,,,0,60,,12753,,,0,20,,12754,,,0,20,,12755,,,0,60,,12756,,,0,20,,12757,,,0,20,,12758,,,0,60,,12759,,,0,20,,12760,,,0,20,,12761,,,0,60,,12762,,,0
