900601,'0_6',756,,68348,8,,,0,170,,68349,8,,,0,130,,68350,8,,,0,175,,68351,8,,,0,120,,68352,8,,,0,175,,68353,8,,,0,125,,68354,8,,,0,170,,68355,8,,,0
900601,'2_1',756,,68356,8,,,0,170,,68357,8,,,0,130,,68358,8,,,0,175,,68359,8,,,0,120,,68360,8,,,0,175,,68361,8,,,0,125,,68362,8,,,0,170,,68363,8,,,0
900601,'2_2',756,,68364,8,,,0,170,,68365,8,,,0,130,,68366,8,,,0,175,,68367,8,,,0,120,,68368,8,,,0,175,,68369,8,,,0,125,,68370,8,,,0,170,,68371,8,,,0
900601,'2_3',756,,68372,8,,,0,170,,68373,8,,,0,130,,68374,8,,,0,175,,68375,8,,,0,120,,68376,8,,,0,175,,68377,8,,,0,125,,68378,8,,,0,170,,68379,8,,,0
900601,'2_4',756,,68380,8,,,0,170,,68381,8,,,0,130,,68382,8,,,0,175,,68383,8,,,0,120,,68384,8,,,0,175,,68385,8,,,0,125,,68386,8,,,0,170,,68387,8,,,0
900601,'2_5',756,,68388,8,,,0,170,,68389,8,,,0,130,,68390,8,,,0,175,,68391,8,,,0,120,,68392,8,,,0,175,,68393,8,,,0,125,,68394,8,,,0,170,,68395,8,,,0
900601,'3_1',756,,68396,8,,,0,170,,68397,8,,,0,130,,68398,8,,,0,175,,68399,8,,,0,120,,68400,8,,,0,175,,68401,8,,,0,125,,68402,8,,,0,170,,68403,8,,,0
900601,'3_3',756,,68404,8,,,0,170,,68405,8,,,0,130,,68406,8,,,0,175,,68407,8,,,0,120,,68408,8,,,0,175,,68409,8,,,0,125,,68410,8,,,0,170,,68411,8,,,0
900601,'3_4',756,,68412,8,,,0,170,,68413,8,,,0,130,,68414,8,,,0,175,,68415,8,,,0,120,,68416,8,,,0,175,,68417,8,,,0,125,,68418,8,,,0,170,,68419,8,,,0
900601,'3_5',756,,68420,8,,,0,170,,68421,8,,,0,130,,68422,8,,,0,175,,68423,8,,,0,120,,68424,8,,,0,175,,68425,8,,,0,125,,68426,8,,,0,170,,68427,8,,,0
