900601,'0_6',816,,68348,27,,,0,130,,68349,27,,,0,170,,68350,27,,,0,135,,68351,27,,,0,160,,68352,27,,,0,135,,68353,27,,,0,165,,68354,27,,,0,130,,68355,27,,,0
900601,'2_1',816,,68356,27,,,0,130,,68357,27,,,0,170,,68358,27,,,0,135,,68359,27,,,0,160,,68360,27,,,0,135,,68361,27,,,0,165,,68362,27,,,0,130,,68363,27,,,0
900601,'2_2',816,,68364,27,,,0,130,,68365,27,,,0,170,,68366,27,,,0,135,,68367,27,,,0,160,,68368,27,,,0,135,,68369,27,,,0,165,,68370,27,,,0,130,,68371,27,,,0
900601,'2_3',816,,68372,27,,,0,130,,68373,27,,,0,170,,68374,27,,,0,135,,68375,27,,,0,160,,68376,27,,,0,135,,68377,27,,,0,165,,68378,27,,,0,130,,68379,27,,,0
900601,'2_4',816,,68380,27,,,0,130,,68381,27,,,0,170,,68382,27,,,0,135,,68383,27,,,0,160,,68384,27,,,0,135,,68385,27,,,0,165,,68386,27,,,0,130,,68387,27,,,0
900601,'2_5',816,,68388,27,,,0,130,,68389,27,,,0,170,,68390,27,,,0,135,,68391,27,,,0,160,,68392,27,,,0,135,,68393,27,,,0,165,,68394,27,,,0,130,,68395,27,,,0
900601,'3_1',816,,68396,27,,,0,130,,68397,27,,,0,170,,68398,27,,,0,135,,68399,27,,,0,160,,68400,27,,,0,135,,68401,27,,,0,165,,68402,27,,,0,130,,68403,27,,,0
900601,'3_3',816,,68404,27,,,0,130,,68405,27,,,0,170,,68406,27,,,0,135,,68407,27,,,0,160,,68408,27,,,0,135,,68409,27,,,0,165,,68410,27,,,0,130,,68411,27,,,0
900601,'3_4',816,,68412,27,,,0,130,,68413,27,,,0,170,,68414,27,,,0,135,,68415,27,,,0,160,,68416,27,,,0,135,,68417,27,,,0,165,,68418,27,,,0,130,,68419,27,,,0
900601,'3_5',816,,68420,27,,,0,130,,68421,27,,,0,170,,68422,27,,,0,135,,68423,27,,,0,160,,68424,27,,,0,135,,68425,27,,,0,165,,68426,27,,,0,130,,68427,27,,,0
