1500,'S2-1_6',746,,24843,21,,,0,61,,24844,21,,,0,114,,24845,21,,,0,117,,24846,21,,,0,118,,24847,21,,,0,80,,24848,21,,,0,75,,24849,21,,,0,97,,24850,21,,,0,222,,24851,21,,,0,109,,24852,21,,,0,98,,24853,21,,,0,110,,24854,21,,,0
1500,'S2-5_1',746,,24856,21,,,0,61,,24857,21,,,0,114,,24858,21,,,0,117,,24859,21,,,0,118,,24860,21,,,0,80,,24861,21,,,0,75,,24862,21,,,0,97,,24863,21,,,0,222,,24864,21,,,0,109,,24865,21,,,0,98,,24866,21,,,0,110,,24867,21,,,0
1500,'S2-5_2',746,,24869,21,,,0,61,,24870,21,,,0,114,,24871,21,,,0,117,,24872,21,,,0,118,,24873,21,,,0,80,,24874,21,,,0,75,,24875,21,,,0,97,,24876,21,,,0,222,,24877,21,,,0,109,,24878,21,,,0,98,,24879,21,,,0,110,,24880,21,,,0
1500,'S2-5_4',746,,24882,21,,,0,61,,24883,21,,,0,114,,24884,21,,,0,117,,24885,21,,,0,118,,24886,21,,,0,80,,24887,21,,,0,75,,24888,21,,,0,97,,24889,21,,,0,222,,24890,21,,,0,109,,24891,21,,,0,98,,24892,21,,,0,110,,24893,21,,,0
1500,'S2-5_5',746,,24895,21,,,0,61,,24896,21,,,0,114,,24897,21,,,0,117,,24898,21,,,0,118,,24899,21,,,0,80,,24900,21,,,0,75,,24901,21,,,0,97,,24902,21,,,0,222,,24903,21,,,0,109,,24904,21,,,0,98,,24905,21,,,0,110,,24906,21,,,0
1500,'S2-6_3',746,,24908,21,,,0,61,,24909,21,,,0,114,,24910,21,,,0,117,,24911,21,,,0,118,,24912,21,,,0,80,,24913,21,,,0,75,,24914,21,,,0,97,,24915,21,,,0,222,,24916,21,,,0,109,,24917,21,,,0,98,,24918,21,,,0,110,,24919,21,,,0
1501,'S2-1_6',656,,24921,11,,,0,58,,24922,11,,,0,95,,24923,11,,,0,21,,24924,11,,,0,117,,24925,11,,,0,156,,24926,11,,,0,118,,24927,11,,,0,94,,24928,11,,,0,118,,24929,11,,,0,222,,24930,11,,,0,150,,24931,11,,,0,95,,24932,11,,,0
1501,'S2-5_1',656,,24934,11,,,0,58,,24935,11,,,0,95,,24936,11,,,0,21,,24937,11,,,0,117,,24938,11,,,0,156,,24939,11,,,0,118,,24940,11,,,0,94,,24941,11,,,0,118,,24942,11,,,0,222,,24943,11,,,0,150,,24944,11,,,0,95,,24945,11,,,0
1501,'S2-5_2',656,,24947,11,,,0,58,,24948,11,,,0,95,,24949,11,,,0,21,,24950,11,,,0,117,,24951,11,,,0,156,,24952,11,,,0,118,,24953,11,,,0,94,,24954,11,,,0,118,,24955,11,,,0,222,,24956,11,,,0,150,,24957,11,,,0,95,,24958,11,,,0
1501,'S2-5_4',656,,24960,11,,,0,58,,24961,11,,,0,95,,24962,11,,,0,21,,24963,11,,,0,117,,24964,11,,,0,156,,24965,11,,,0,118,,24966,11,,,0,94,,24967,11,,,0,118,,24968,11,,,0,222,,24969,11,,,0,150,,24970,11,,,0,95,,24971,11,,,0
1501,'S2-5_5',656,,24973,11,,,0,58,,24974,11,,,0,95,,24975,11,,,0,21,,24976,11,,,0,117,,24977,11,,,0,156,,24978,11,,,0,118,,24979,11,,,0,94,,24980,11,,,0,118,,24981,11,,,0,222,,24982,11,,,0,150,,24983,11,,,0,95,,24984,11,,,0
1501,'S2-6_3',656,,24986,11,,,0,58,,24987,11,,,0,95,,24988,11,,,0,21,,24989,11,,,0,117,,24990,11,,,0,156,,24991,11,,,0,118,,24992,11,,,0,94,,24993,11,,,0,118,,24994,11,,,0,222,,24995,11,,,0,150,,24996,11,,,0,95,,24997,11,,,0
