400,'2509-HIV-25j05H-d-Dimanche-00',947,,9577,0,36,0,100,,9578,0,36,0,100,,9579,0,36,0,100,,9580,0,36,0,100,,9581,0,36,0,100,,9582,0,36,0,100,,9583,0,36,0,100,,9584,0,36,0,100,,9585,0,36,0,100,,9586,0,36,0
400,'2509-HIV-25j26H-d-Dimanche-00',947,,9590,0,36,0,100,,9591,0,36,0,100,,9592,0,36,0,100,,9593,0,36,0,100,,9594,0,36,0,100,,9595,0,36,0,100,,9596,0,36,0,100,,9597,0,36,0,100,,9598,0,36,0,100,,9599,0,36,0
400,'2509-HIV-25k03H-s-Samedi-00',749,,9609,0,36,0,104,,9610,0,36,0,72,,9603,0,36,0,27,,9611,0,36,0,72,,9612,0,36,0,30,,9613,0,36,0,71,,9604,0,36,0,31,,9614,0,36,0,70,,9616,0,36,0,29,,9615,0,36,0,69,,9605,0,36,0,31,,9617,0,36,0,70,,9618,0,36,0,29,,9619,0,36,0,73,,9606,0,36,0,73,,9620,0,36,0,30,,9621,0,36,0,71,,9622,0,36,0,33,,9607,0,36,0,72,,9623,0,36,0,30,,9624,0,36,0,71,,9625,0,36,0,29,,9608,0,36,0,71,,9626,0,36,0
400,'2509-HIV-25l22Vlv-Semaine-00',753,,9647,0,36,0,55,,9653,0,36,0,10,,9627,0,36,0,19,,9628,0,36,0,10,,9648,0,36,0,57,,9629,0,36,0,13,,9630,0,36,0,37,,9631,0,36,0,73,,9632,0,36,0,30,,9633,0,36,0,71,,9634,0,36,0,75,,9635,0,36,0,36,,9636,0,36,0,63,,9651,0,36,0,30,,9649,0,36,0,26,,9637,0,36,0,69,,9638,0,36,0,25,,9641,0,36,0,76,,9639,0,36,0,31,,9642,0,36,0,76,,9640,0,36,0,75,,9654,0,36,0,31,,9650,0,36,0,67,,9643,0,36,0,30,,9644,0,36,0,68,,9652,,,0,26,,9645,0,36,0,70,,9646,0,36,0
400,'2509-HIV-26a05H-s-Samedi-00',749,,9661,0,36,0,104,,9662,0,36,0,72,,9655,0,36,0,27,,9663,0,36,0,72,,9664,0,36,0,30,,9665,0,36,0,71,,9656,0,36,0,31,,9666,0,36,0,70,,9668,0,36,0,29,,9667,0,36,0,69,,9657,0,36,0,31,,9669,0,36,0,70,,9670,0,36,0,29,,9671,0,36,0,73,,9658,0,36,0,73,,9672,0,36,0,30,,9673,0,36,0,71,,9674,0,36,0,33,,9659,0,36,0,72,,9675,0,36,0,30,,9676,0,36,0,71,,9677,0,36,0,29,,9660,0,36,0,71,,9678,0,36,0
400,'2509-HIV-26a05H-w-Mercredi-00',758,,9702,0,36,0,59,,9708,0,36,0,6,,9679,0,36,0,17,,9680,0,36,0,11,,9703,0,36,0,54,,9681,0,36,0,13,,9682,0,36,0,30,,9683,0,36,0,80,,9684,0,36,0,31,,9685,0,36,0,70,,9686,0,36,0,75,,9687,0,36,0,37,,9688,0,36,0,68,,9706,,,0,25,,9704,0,36,0,24,,9689,0,36,0,67,,9690,0,36,0,29,,9693,0,36,0,75,,9691,0,36,0,73,,9694,0,36,0,38,,9692,0,36,0,83,,9709,0,36,0,15,,9695,0,36,0,10,,9705,0,36,0,8,,9696,0,36,0,65,,9710,,,0,4,,9697,0,36,0,22,,9698,0,36,0,61,,9707,,,0,28,,9699,0,36,0,65,,9700,0,36,0
400,'2509-HIV-26a05Hlv-L-Ma-J-V-00',758,,9734,0,36,0,59,,9740,0,36,0,6,,9711,0,36,0,17,,9712,0,36,0,11,,9735,0,36,0,54,,9713,0,36,0,13,,9714,0,36,0,30,,9715,0,36,0,80,,9716,0,36,0,31,,9717,0,36,0,70,,9718,0,36,0,75,,9719,0,36,0,37,,9720,0,36,0,68,,9738,,,0,25,,9736,0,36,0,24,,9721,0,36,0,67,,9722,0,36,0,29,,9725,0,36,0,75,,9723,0,36,0,73,,9726,0,36,0,38,,9724,0,36,0,83,,9741,0,36,0,15,,9727,0,36,0,10,,9737,0,36,0,8,,9728,0,36,0,65,,9742,,,0,4,,9729,0,36,0,22,,9730,0,36,0,61,,9739,,,0,28,,9731,0,36,0,65,,9732,0,36,0
400,'2509-HIV-26b23Vlv-Semaine-00',753,,9763,0,36,0,55,,9769,0,36,0,10,,9743,0,36,0,19,,9744,0,36,0,10,,9764,0,36,0,57,,9745,0,36,0,13,,9746,0,36,0,37,,9747,0,36,0,73,,9748,0,36,0,30,,9749,0,36,0,71,,9750,0,36,0,75,,9751,0,36,0,36,,9752,0,36,0,63,,9767,0,36,0,30,,9765,0,36,0,26,,9753,0,36,0,69,,9754,0,36,0,25,,9757,0,36,0,76,,9755,0,36,0,31,,9758,0,36,0,76,,9756,0,36,0,75,,9770,0,36,0,31,,9766,0,36,0,67,,9759,0,36,0,30,,9760,0,36,0,68,,9768,,,0,26,,9761,0,36,0,70,,9762,0,36,0
400,'2509-HIV-26c02Vlv-Semaine-00',753,,9791,0,36,0,55,,9797,0,36,0,10,,9771,0,36,0,19,,9772,0,36,0,10,,9792,0,36,0,57,,9773,0,36,0,13,,9774,0,36,0,37,,9775,0,36,0,73,,9776,0,36,0,30,,9777,0,36,0,71,,9778,0,36,0,75,,9779,0,36,0,36,,9780,0,36,0,63,,9795,0,36,0,30,,9793,0,36,0,26,,9781,0,36,0,69,,9782,0,36,0,25,,9785,0,36,0,76,,9783,0,36,0,31,,9786,0,36,0,76,,9784,0,36,0,75,,9798,0,36,0,31,,9794,0,36,0,67,,9787,0,36,0,30,,9788,0,36,0,68,,9796,,,0,26,,9789,0,36,0,70,,9790,0,36,0
2300,'2509-HIV-26a05H-w-Mercredi-00-0010000',1235,,11777,,,0,3,,11776,,,0
2300,'2509-HIV-26a05Hlv-L-Ma-J-V-00-1101100',1632,,11778,,,0,105,,11779,,,0,95,,11780,,,0
