700,'2509-HIV-25k03H-s-Samedi-00',728,,10461,,,0,110,,10462,,,0,111,,10463,,,0,110,,10464,,,0,150,,10465,,,0,110,,10466,,,0,110,,10467,,,0,110,,10468,,,0,110,,10469,,,0,110,,10459,,,0,149,,10460,,,0
700,'2509-HIV-25l22Vlv-Semaine-00',729,,10470,,,0,110,,10472,,,0,111,,10473,,,0,150,,10474,,,0,110,,10475,,,0,110,,10476,,,0,110,,10477,,,0,110,,10478,,,0,113,,10479,,,0,149,,10480,,,0,106,,10471,,,0
700,'2509-HIV-26a05H-s-Samedi-00',728,,10483,,,0,110,,10484,,,0,111,,10485,,,0,110,,10486,,,0,150,,10487,,,0,110,,10488,,,0,110,,10489,,,0,110,,10490,,,0,110,,10491,,,0,110,,10481,,,0,149,,10482,,,0
700,'2509-HIV-26a05H-w-Mercredi-00',729,,10492,,,0,110,,10494,,,0,111,,10495,,,0,150,,10496,,,0,110,,10497,,,0,110,,10498,,,0,110,,10499,,,0,110,,10500,,,0,113,,10501,,,0,149,,10502,,,0,106,,10493,,,0
700,'2509-HIV-26a05Hlv-L-Ma-J-V-00',729,,10503,,,0,110,,10505,,,0,111,,10506,,,0,150,,10507,,,0,110,,10508,,,0,110,,10509,,,0,110,,10510,,,0,110,,10511,,,0,113,,10512,,,0,149,,10513,,,0,106,,10504,,,0
700,'2509-HIV-26b23Vlv-Semaine-00',729,,10514,,,0,110,,10516,,,0,111,,10517,,,0,150,,10518,,,0,110,,10519,,,0,110,,10520,,,0,110,,10521,,,0,110,,10522,,,0,113,,10523,,,0,149,,10524,,,0,106,,10515,,,0
700,'2509-HIV-26c02Vlv-Semaine-00',729,,10525,,,0,110,,10527,,,0,111,,10528,,,0,150,,10529,,,0,110,,10530,,,0,110,,10531,,,0,110,,10532,,,0,110,,10533,,,0,113,,10534,,,0,149,,10535,,,0,106,,10526,,,0
2400,'2509-HIV-26a05H-w-Mercredi-00',740,,11787,,,0
2400,'2509-HIV-26a05H-w-Mercredi-00-0010000',1230,,11788,,,0
2400,'2509-HIV-26a05Hlv-L-Ma-J-V-00',740,,11789,,,0
2400,'2509-HIV-26a05Hlv-L-Ma-J-V-00-1101100',1608,,11790,,,0,103,,11791,,,0,95,,11792,,,0
