300,'2_6',645,,30806,2,,,0,69,,30808,2,,,0,27,,30809,2,,,0,69,,30807,2,,,0,30,,30811,2,,,0,69,,30812,2,,,0,28,,30810,2,,,0,71,,30813,2,,,0,30,,30814,2,,,0,70,,30817,2,,,0,31,,30816,2,,,0,70,,30815,2,,,0,29,,30819,2,,,0,69,,30818,2,,,0,29,,30820,2,,,0,69,,30821,2,,,0,32,,30822,2,,,0,70,,30823,2,,,0,31,,30824,2,,,0,70,,30825,2,,,0,32,,30826,2,,,0,72,,30827,2,,,0,30,,30828,2,,,0,71,,30833,2,,,0,31,,30829,2,,,0,71,,30830,2,,,0,28,,30831,2,,,0,71,,30832,2,,,0
300,'3_7',859,,30834,2,,,0,100,,30835,2,,,0,100,,30836,2,,,0,100,,30837,2,,,0,100,,30838,2,,,0,100,,30839,2,,,0,100,,30840,2,,,0,100,,30841,2,,,0,100,,30842,2,,,0,100,,30843,2,,,0,100,,30844,2,,,0
300,'4_7',859,,46804,2,,,0,100,,46805,2,,,0,100,,46806,2,,,0,100,,46807,2,,,0,100,,46808,2,,,0,100,,46809,2,,,0,100,,46810,2,,,0,100,,46811,2,,,0,100,,46812,2,,,0,100,,46813,2,,,0,100,,46814,2,,,0
300,'5_5',650,,39111,2,,,0,64,,39112,2,,,0,27,,39113,2,,,0,62,,39116,2,,,0,25,,39115,2,,,0,29,,39114,2,,,0,71,,39118,2,,,0,72,,39121,2,,,0,31,,39123,2,,,0,72,,39119,2,,,0,34,,39124,2,,,0,73,,39117,2,,,0,34,,39120,2,,,0,71,,39122,2,,,0,32,,39125,2,,,0,72,,39126,2,,,0,31,,39127,2,,,0,73,,39129,2,,,0,28,,39128,2,,,0,68,,39131,2,,,0,28,,39133,2,,,0,67,,39135,2,,,0,28,,39132,2,,,0,70,,39138,2,,,0,32,,39137,2,,,0,71,,39134,2,,,0,38,,39136,2,,,0,70,,39130,2,,,0
300,'6_1',650,,39139,2,,,0,64,,39140,2,,,0,27,,39141,2,,,0,62,,39144,2,,,0,25,,39143,2,,,0,29,,39142,2,,,0,71,,39146,2,,,0,72,,39149,2,,,0,31,,39151,2,,,0,72,,39147,2,,,0,34,,39152,2,,,0,73,,39145,2,,,0,34,,39148,2,,,0,71,,39150,2,,,0,32,,39153,2,,,0,72,,39154,2,,,0,31,,39155,2,,,0,73,,39157,2,,,0,28,,39156,2,,,0,68,,39159,2,,,0,28,,39161,2,,,0,67,,39163,2,,,0,28,,39160,2,,,0,70,,39166,2,,,0,32,,39165,2,,,0,71,,39162,2,,,0,38,,39164,2,,,0,70,,39158,2,,,0
300,'6_2',650,,43922,2,,,0,64,,43923,2,,,0,27,,43924,2,,,0,62,,43927,2,,,0,25,,43926,2,,,0,29,,43925,2,,,0,71,,43929,2,,,0,72,,43932,2,,,0,31,,43934,2,,,0,72,,43930,2,,,0,34,,43935,2,,,0,73,,43928,2,,,0,34,,43931,2,,,0,71,,43933,2,,,0,32,,43936,2,,,0,72,,43937,2,,,0,31,,43938,2,,,0,73,,43940,2,,,0,28,,43939,2,,,0,68,,43942,2,,,0,28,,43944,2,,,0,67,,43946,2,,,0,28,,43943,2,,,0,70,,43949,2,,,0,32,,43948,2,,,0,71,,43945,2,,,0,38,,43947,2,,,0,70,,43941,2,,,0
300,'6_3',650,,43950,2,,,0,64,,43951,2,,,0,27,,43952,2,,,0,62,,43955,2,,,0,25,,43954,2,,,0,29,,43953,2,,,0,71,,43957,2,,,0,72,,43960,2,,,0,31,,43962,2,,,0,72,,43958,2,,,0,34,,43963,2,,,0,73,,43956,2,,,0,34,,43959,2,,,0,71,,43961,2,,,0,32,,43964,2,,,0,72,,43965,2,,,0,31,,43966,2,,,0,73,,43968,2,,,0,28,,43967,2,,,0,68,,43970,2,,,0,28,,43972,2,,,0,67,,43974,2,,,0,28,,43971,2,,,0,70,,43977,2,,,0,32,,43976,2,,,0,71,,43973,2,,,0,38,,43975,2,,,0,70,,43969,2,,,0
300,'6_4',650,,43978,2,,,0,64,,43979,2,,,0,27,,43980,2,,,0,62,,43983,2,,,0,25,,43982,2,,,0,29,,43981,2,,,0,71,,43985,2,,,0,72,,43988,2,,,0,31,,43990,2,,,0,72,,43986,2,,,0,34,,43991,2,,,0,73,,43984,2,,,0,34,,43987,2,,,0,71,,43989,2,,,0,32,,43992,2,,,0,72,,43993,2,,,0,31,,43994,2,,,0,73,,43996,2,,,0,28,,43995,2,,,0,68,,43998,2,,,0,28,,44000,2,,,0,67,,44002,2,,,0,28,,43999,2,,,0,70,,44005,2,,,0,32,,44004,2,,,0,71,,44001,2,,,0,38,,44003,2,,,0,70,,43997,2,,,0
300,'7_1',640,,46815,2,,,0,64,,46816,2,,,0,30,,46817,2,,,0,66,,46818,2,,,0,25,,46819,2,,,0,30,,46820,2,,,0,72,,46821,2,,,0,32,,46822,2,,,0,72,,46823,2,,,0,72,,46824,2,,,0,32,,46825,2,,,0,72,,46826,2,,,0,32,,46827,2,,,0,72,,46828,2,,,0,32,,46829,2,,,0,72,,46830,2,,,0,32,,46831,2,,,0,72,,46832,2,,,0,31,,46834,2,,,0,67,,46835,2,,,0,28,,46836,2,,,0,69,,46837,2,,,0,30,,46838,2,,,0,71,,46842,2,,,0,31,,46839,2,,,0,71,,46840,2,,,0,33,,46841,2,,,0,70,,46833,2,,,0
900600,'2_6',830,,33943,2,,,0,170,,33945,2,,,0,125,,33946,2,,,0,175,,33947,2,,,0,120,,33948,2,,,0,135,,33949,2,,,0,170,,33950,2,,,0,130,,33944,2,,,0
900600,'5_5',830,,40994,2,,,0,170,,40996,2,,,0,125,,40997,2,,,0,175,,40998,2,,,0,120,,40999,2,,,0,135,,41000,2,,,0,170,,41001,2,,,0,130,,40995,2,,,0
900600,'6_1',830,,41002,2,,,0,170,,41004,2,,,0,125,,41005,2,,,0,175,,41006,2,,,0,120,,41007,2,,,0,135,,41008,2,,,0,170,,41009,2,,,0,130,,41003,2,,,0
900600,'6_2',830,,45092,2,,,0,170,,45094,2,,,0,125,,45095,2,,,0,175,,45096,2,,,0,120,,45097,2,,,0,135,,45098,2,,,0,170,,45099,2,,,0,130,,45093,2,,,0
900600,'6_3',830,,45100,2,,,0,170,,45102,2,,,0,125,,45103,2,,,0,175,,45104,2,,,0,120,,45105,2,,,0,135,,45106,2,,,0,170,,45107,2,,,0,130,,45101,2,,,0
900600,'6_4',830,,45108,2,,,0,170,,45110,2,,,0,125,,45111,2,,,0,175,,45112,2,,,0,120,,45113,2,,,0,135,,45114,2,,,0,170,,45115,2,,,0,130,,45109,2,,,0
900600,'7_1',830,,47409,2,,,0,170,,47411,2,,,0,125,,47412,2,,,0,175,,47413,2,,,0,120,,47414,2,,,0,135,,47415,2,,,0,170,,47416,2,,,0,130,,47410,2,,,0
