301,'0_6',651,,64459,8,,,0,72,,64460,8,,,0,33,,64461,8,,,0,72,,64462,8,,,0,72,,64463,8,,,0,32,,64464,8,,,0,72,,64465,8,,,0,33,,64466,8,,,0,73,,64467,8,,,0,33,,64468,8,,,0,73,,64469,8,,,0,33,,64434,8,,,0,67,,64435,8,,,0,27,,64436,8,,,0,66,,64437,8,,,0,28,,64438,8,,,0,67,,64439,8,,,0,29,,64440,8,,,0,68,,64458,8,,,0,26,,64441,8,,,0,32,,64442,8,,,0,74,,64443,8,,,0,68,,64444,8,,,0,28,,64445,8,,,0,25,,64446,8,,,0,66,,64447,8,,,0,27,,64448,8,,,0,67,,64470,8,,,0,25,,64449,8,,,0,18,,64450,8,0,67 68,0,70,,64451,8,0,67 68,0,30,,64452,8,0,67 68,0,70,,64453,8,0,67 68,0,30,,64454,8,0,67 68,0,70,,64455,8,0,67 68,0,30,,64456,8,0,67 68,0,70,,64457,8,0,67 68,0
301,'1_7',756,,64492,8,,,0,72,,64487,8,,,0,72,,64493,8,,,0,32,,64488,8,,,0,72,,64494,8,,,0,33,,64489,8,,,0,73,,64495,8,,,0,33,,64490,8,,,0,73,,64496,8,,,0,33,,64471,8,,,0,67,,64472,8,,,0,27,,64473,8,,,0,66,,64474,8,,,0,28,,64475,8,,,0,67,,64476,8,,,0,29,,64477,8,,,0,68,,64497,8,,,0,26,,64478,8,,,0,32,,64479,8,,,0,74,,64480,8,,,0,68,,64481,8,,,0,28,,64482,8,,,0,25,,64483,8,,,0,66,,64484,8,,,0,27,,64485,8,,,0,67,,64491,8,,,0,25,,64486,8,,,0
301,'2_1',651,,64515,8,,,0,72,,64516,8,,,0,33,,64517,8,,,0,72,,64518,8,,,0,72,,64519,8,,,0,32,,64520,8,,,0,72,,64521,8,,,0,33,,64522,8,,,0,73,,64523,8,,,0,33,,64524,8,,,0,73,,64525,8,,,0,33,,64498,8,,,0,67,,64499,8,,,0,27,,64500,8,,,0,66,,64501,8,,,0,28,,64502,8,,,0,67,,64503,8,,,0,29,,64504,8,,,0,68,,64514,8,,,0,26,,64505,8,,,0,32,,64506,8,,,0,74,,64507,8,,,0,68,,64508,8,,,0,28,,64509,8,,,0,25,,64510,8,,,0,66,,64511,8,,,0,27,,64512,8,,,0,67,,64526,8,,,0,25,,64513,8,,,0
301,'2_2',651,,64544,8,,,0,72,,64545,8,,,0,33,,64546,8,,,0,72,,64547,8,,,0,72,,64548,8,,,0,32,,64549,8,,,0,72,,64550,8,,,0,33,,64551,8,,,0,73,,64552,8,,,0,33,,64553,8,,,0,73,,64554,8,,,0,33,,64527,8,,,0,67,,64528,8,,,0,27,,64529,8,,,0,66,,64530,8,,,0,28,,64531,8,,,0,67,,64532,8,,,0,29,,64533,8,,,0,68,,64543,8,,,0,26,,64534,8,,,0,32,,64535,8,,,0,74,,64536,8,,,0,68,,64537,8,,,0,28,,64538,8,,,0,25,,64539,8,,,0,66,,64540,8,,,0,27,,64541,8,,,0,67,,64555,8,,,0,25,,64542,8,,,0
301,'2_3',651,,64573,8,,,0,72,,64574,8,,,0,33,,64575,8,,,0,72,,64576,8,,,0,72,,64577,8,,,0,32,,64578,8,,,0,72,,64579,8,,,0,33,,64580,8,,,0,73,,64581,8,,,0,33,,64582,8,,,0,73,,64583,8,,,0,33,,64556,8,,,0,67,,64557,8,,,0,27,,64558,8,,,0,66,,64559,8,,,0,28,,64560,8,,,0,67,,64561,8,,,0,29,,64562,8,,,0,68,,64572,8,,,0,26,,64563,8,,,0,32,,64564,8,,,0,74,,64565,8,,,0,68,,64566,8,,,0,28,,64567,8,,,0,25,,64568,8,,,0,66,,64569,8,,,0,27,,64570,8,,,0,67,,64584,8,,,0,25,,64571,8,,,0
301,'2_4',651,,64602,8,,,0,72,,64603,8,,,0,33,,64604,8,,,0,72,,64605,8,,,0,72,,64606,8,,,0,32,,64607,8,,,0,72,,64608,8,,,0,33,,64609,8,,,0,73,,64610,8,,,0,33,,64611,8,,,0,73,,64612,8,,,0,33,,64585,8,,,0,67,,64586,8,,,0,27,,64587,8,,,0,66,,64588,8,,,0,28,,64589,8,,,0,67,,64590,8,,,0,29,,64591,8,,,0,68,,64601,8,,,0,26,,64592,8,,,0,32,,64593,8,,,0,74,,64594,8,,,0,68,,64595,8,,,0,28,,64596,8,,,0,25,,64597,8,,,0,66,,64598,8,,,0,27,,64599,8,,,0,67,,64613,8,,,0,25,,64600,8,,,0
301,'2_5',651,,64639,8,,,0,72,,64640,8,,,0,33,,64641,8,,,0,72,,64642,8,,,0,72,,64643,8,,,0,32,,64644,8,,,0,72,,64645,8,,,0,33,,64646,8,,,0,73,,64647,8,,,0,33,,64648,8,,,0,73,,64649,8,,,0,33,,64614,8,,,0,67,,64615,8,,,0,27,,64616,8,,,0,66,,64617,8,,,0,28,,64618,8,,,0,67,,64619,8,,,0,29,,64620,8,,,0,68,,64638,8,,,0,26,,64621,8,,,0,32,,64622,8,,,0,74,,64623,8,,,0,68,,64624,8,,,0,28,,64625,8,,,0,25,,64626,8,,,0,66,,64627,8,,,0,27,,64628,8,,,0,67,,64650,8,,,0,25,,64629,8,,,0,18,,64630,8,0,67 68,0,70,,64631,8,0,67 68,0,30,,64632,8,0,67 68,0,70,,64633,8,0,67 68,0,30,,64634,8,0,67 68,0,70,,64635,8,0,67 68,0,30,,64636,8,0,67 68,0,70,,64637,8,0,67 68,0
301,'3_1',651,,64668,8,,,0,72,,64669,8,,,0,33,,64670,8,,,0,72,,64671,8,,,0,72,,64672,8,,,0,32,,64673,8,,,0,72,,64674,8,,,0,33,,64675,8,,,0,73,,64676,8,,,0,33,,64677,8,,,0,73,,64678,8,,,0,33,,64651,8,,,0,67,,64652,8,,,0,27,,64653,8,,,0,66,,64654,8,,,0,28,,64655,8,,,0,67,,64656,8,,,0,29,,64657,8,,,0,68,,64667,8,,,0,26,,64658,8,,,0,32,,64659,8,,,0,74,,64660,8,,,0,68,,64661,8,,,0,28,,64662,8,,,0,25,,64663,8,,,0,66,,64664,8,,,0,27,,64665,8,,,0,67,,64679,8,,,0,25,,64666,8,,,0
301,'3_3',651,,64697,8,,,0,72,,64698,8,,,0,33,,64699,8,,,0,72,,64700,8,,,0,72,,64701,8,,,0,32,,64702,8,,,0,72,,64703,8,,,0,33,,64704,8,,,0,73,,64705,8,,,0,33,,64706,8,,,0,73,,64707,8,,,0,33,,64680,8,,,0,67,,64681,8,,,0,27,,64682,8,,,0,66,,64683,8,,,0,28,,64684,8,,,0,67,,64685,8,,,0,29,,64686,8,,,0,68,,64696,8,,,0,26,,64687,8,,,0,32,,64688,8,,,0,74,,64689,8,,,0,68,,64690,8,,,0,28,,64691,8,,,0,25,,64692,8,,,0,66,,64693,8,,,0,27,,64694,8,,,0,67,,64708,8,,,0,25,,64695,8,,,0
301,'3_4',651,,64726,8,,,0,72,,64727,8,,,0,33,,64728,8,,,0,72,,64729,8,,,0,72,,64730,8,,,0,32,,64731,8,,,0,72,,64732,8,,,0,33,,64733,8,,,0,73,,64734,8,,,0,33,,64735,8,,,0,73,,64736,8,,,0,33,,64709,8,,,0,67,,64710,8,,,0,27,,64711,8,,,0,66,,64712,8,,,0,28,,64713,8,,,0,67,,64714,8,,,0,29,,64715,8,,,0,68,,64725,8,,,0,26,,64716,8,,,0,32,,64717,8,,,0,74,,64718,8,,,0,68,,64719,8,,,0,28,,64720,8,,,0,25,,64721,8,,,0,66,,64722,8,,,0,27,,64723,8,,,0,67,,64737,8,,,0,25,,64724,8,,,0
301,'3_5',651,,64763,8,,,0,72,,64764,8,,,0,33,,64765,8,,,0,72,,64766,8,,,0,72,,64767,8,,,0,32,,64768,8,,,0,72,,64769,8,,,0,33,,64770,8,,,0,73,,64771,8,,,0,33,,64772,8,,,0,73,,64773,8,,,0,33,,64738,8,,,0,67,,64739,8,,,0,27,,64740,8,,,0,66,,64741,8,,,0,28,,64742,8,,,0,67,,64743,8,,,0,29,,64744,8,,,0,68,,64762,8,,,0,26,,64745,8,,,0,32,,64746,8,,,0,74,,64747,8,,,0,68,,64748,8,,,0,28,,64749,8,,,0,25,,64750,8,,,0,66,,64751,8,,,0,27,,64752,8,,,0,67,,64774,8,,,0,25,,64753,8,,,0,18,,64754,8,0,67 68,0,70,,64755,8,0,67 68,0,30,,64756,8,0,67 68,0,70,,64757,8,0,67 68,0,30,,64758,8,0,67 68,0,70,,64759,8,0,67 68,0,30,,64760,8,0,67 68,0,70,,64761,8,0,67 68,0
301,'4_7',651,,64792,8,,,0,72,,64793,8,,,0,33,,64794,8,,,0,72,,64795,8,,,0,72,,64796,8,,,0,32,,64797,8,,,0,72,,64798,8,,,0,33,,64799,8,,,0,73,,64800,8,,,0,33,,64801,8,,,0,73,,64802,8,,,0,33,,64775,8,,,0,67,,64776,8,,,0,27,,64777,8,,,0,66,,64778,8,,,0,28,,64779,8,,,0,67,,64780,8,,,0,29,,64781,8,,,0,68,,64791,8,,,0,26,,64782,8,,,0,32,,64783,8,,,0,74,,64784,8,,,0,68,,64785,8,,,0,28,,64786,8,,,0,25,,64787,8,,,0,66,,64788,8,,,0,27,,64789,8,,,0,67,,64803,8,,,0,25,,64790,8,,,0
