4000001,'S2-0_6',639,,62372,3,,,0,79,,62373,3,,,0,38,,62374,3,,,0,80,,62375,3,,,0,81,,62376,3,,,0,41,,62377,3,,,0,81,,62378,3,,,0,83,,62379,3,,,0,83,,62380,3,,,0,42,,62381,3,,,0,76,,62382,3,,,0,35,,62383,3,,,0,78,,62384,3,,,0,80,,62385,3,,,0,39,,62386,3,,,0,79,,62387,3,,,0,80,,62388,3,,,0,41,,62389,3,,,0,82,,62390,3,,,0,102,,62412,3,,,0,81,,62392,3,,,0
4000001,'S2-1_7',855,,62416,3,,,0,260,,62417,3,,,0,220,,62418,3,,,0,220,,62419,3,,,0,260,,62420,3,,,0
4000001,'S2-2_1',639,,62425,3,,,0,79,,62426,3,,,0,38,,62427,3,,,0,80,,62428,3,,,0,81,,62429,3,,,0,41,,62430,3,,,0,81,,62431,3,,,0,83,,62432,3,,,0,83,,62433,3,,,0,42,,62434,3,,,0,76,,62435,3,,,0,35,,62436,3,,,0,78,,62437,3,,,0,80,,62438,3,,,0,39,,62439,3,,,0,79,,62440,3,,,0,80,,62441,3,,,0,41,,62442,3,,,0,82,,62443,3,,,0,102,,62465,3,,,0,81,,62445,3,,,0
4000001,'S2-2_2',639,,62468,3,,,0,79,,62469,3,,,0,38,,62470,3,,,0,80,,62471,3,,,0,81,,62472,3,,,0,41,,62473,3,,,0,81,,62474,3,,,0,83,,62475,3,,,0,83,,62476,3,,,0,42,,62477,3,,,0,76,,62478,3,,,0,35,,62479,3,,,0,78,,62480,3,,,0,80,,62481,3,,,0,39,,62482,3,,,0,79,,62483,3,,,0,80,,62484,3,,,0,41,,62485,3,,,0,82,,62486,3,,,0,102,,62508,3,,,0,81,,62488,3,,,0
4000001,'S2-2_3',639,,62511,3,,,0,79,,62512,3,,,0,38,,62513,3,,,0,80,,62514,3,,,0,81,,62515,3,,,0,41,,62516,3,,,0,81,,62517,3,,,0,83,,62518,3,,,0,83,,62519,3,,,0,42,,62520,3,,,0,76,,62521,3,,,0,35,,62522,3,,,0,78,,62523,3,,,0,80,,62524,3,,,0,39,,62525,3,,,0,79,,62526,3,,,0,80,,62527,3,,,0,41,,62528,3,,,0,82,,62529,3,,,0,102,,62551,3,,,0,81,,62531,3,,,0
4000001,'S2-2_4',639,,62554,3,,,0,79,,62555,3,,,0,38,,62556,3,,,0,80,,62557,3,,,0,81,,62558,3,,,0,41,,62559,3,,,0,81,,62560,3,,,0,83,,62561,3,,,0,83,,62562,3,,,0,42,,62563,3,,,0,76,,62564,3,,,0,35,,62565,3,,,0,78,,62566,3,,,0,80,,62567,3,,,0,39,,62568,3,,,0,79,,62569,3,,,0,80,,62570,3,,,0,41,,62571,3,,,0,82,,62572,3,,,0,102,,62594,3,,,0,81,,62574,3,,,0
4000001,'S2-2_5',639,,62597,3,,,0,79,,62598,3,,,0,38,,62599,3,,,0,80,,62600,3,,,0,81,,62601,3,,,0,41,,62602,3,,,0,81,,62603,3,,,0,83,,62604,3,,,0,83,,62605,3,,,0,42,,62606,3,,,0,76,,62607,3,,,0,35,,62608,3,,,0,78,,62609,3,,,0,80,,62610,3,,,0,39,,62611,3,,,0,79,,62612,3,,,0,80,,62613,3,,,0,41,,62614,3,,,0,82,,62615,3,,,0,102,,62637,3,,,0,81,,62617,3,,,0
4000001,'S2-3_1',639,,62640,3,,,0,79,,62641,3,,,0,38,,62642,3,,,0,80,,62643,3,,,0,81,,62644,3,,,0,41,,62645,3,,,0,81,,62646,3,,,0,83,,62647,3,,,0,83,,62648,3,,,0,42,,62649,3,,,0,76,,62650,3,,,0,35,,62651,3,,,0,78,,62652,3,,,0,80,,62653,3,,,0,39,,62654,3,,,0,79,,62655,3,,,0,80,,62656,3,,,0,41,,62657,3,,,0,82,,62658,3,,,0,102,,62680,3,,,0,81,,62660,3,,,0
4000001,'S2-3_3',639,,62683,3,,,0,79,,62684,3,,,0,38,,62685,3,,,0,80,,62686,3,,,0,81,,62687,3,,,0,41,,62688,3,,,0,81,,62689,3,,,0,83,,62690,3,,,0,83,,62691,3,,,0,42,,62692,3,,,0,76,,62693,3,,,0,35,,62694,3,,,0,78,,62695,3,,,0,80,,62696,3,,,0,39,,62697,3,,,0,79,,62698,3,,,0,80,,62699,3,,,0,41,,62700,3,,,0,82,,62701,3,,,0,102,,62723,3,,,0,81,,62703,3,,,0
4000001,'S2-3_4',639,,62726,3,,,0,79,,62727,3,,,0,38,,62728,3,,,0,80,,62729,3,,,0,81,,62730,3,,,0,41,,62731,3,,,0,81,,62732,3,,,0,83,,62733,3,,,0,83,,62734,3,,,0,42,,62735,3,,,0,76,,62736,3,,,0,35,,62737,3,,,0,78,,62738,3,,,0,80,,62739,3,,,0,39,,62740,3,,,0,79,,62741,3,,,0,80,,62742,3,,,0,41,,62743,3,,,0,82,,62744,3,,,0,102,,62766,3,,,0,81,,62746,3,,,0
4000001,'S2-4_7',855,,62770,3,,,0,260,,62771,3,,,0,220,,62772,3,,,0,220,,62773,3,,,0,260,,62774,3,,,0
