101,'2_6',710,,30129,21,0,5,0,113,,30130,21,0,5,0,106,,30131,21,0,5,0,30,,30142,21,0,6,0,69,,30132,21,0,5,0,31,,30143,21,0,6,0,70,,30133,21,0,5,0,30,,30144,21,0,6,0,70,,30134,21,0,5,0,29,,30145,21,0,6,0,71,,30135,21,0,5,0,29,,30146,21,0,6,0,70,,30136,21,0,5,0,30,,30147,21,0,6,0,70,,30137,21,0,5,0,72,,30148,21,0,6,0,31,,30138,21,0,5,0,69,,30149,21,0,6,0,33,,30139,21,0,5,0,70,,30150,21,0,6,0,36,,30140,21,0,5,0,65,,30151,21,0,6,0,27,,30141,21,0,5,0
101,'3_7',914,,30152,21,0,6,0,105,,30157,21,0,5,0,105,,30153,21,0,6,0,105,,30158,21,0,5,0,105,,30154,21,0,6,0,90,,30159,21,0,5,0,100,,30155,21,0,6,0,105,,30160,21,0,5,0,105,,30156,21,0,6,0,105,,30161,21,0,5,0
101,'5_1',710,,37353,27,0,6,0,15,,37379,21,0,5,0,15,,37354,27,0,6,0,15,,37378,21,0,5,0,55,,37355,27,0,6,0,15,,37380,27,0,5,0,16,,37368,21,0,17,0,63,,37359,21,0,6,0,40,,37369,27,0,5,0,75,,37360,21,0,6,0,40,,37371,21,0,5,0,79,,37361,21,0,6,0,67,,37372,21,0,5,0,20,,37362,21,0,6,0,75,,37373,21,0,5,0,36,,37356,27,0,6,0,68,,37370,27,0,5,0,30,,37363,21,0,6,0,25,,37374,21,0,5,0,70,,37364,21,0,6,0,25,,37375,21,0,5,0,69,,37365,21,0,6,0,30,,37366,21,0,5,0,75,,37367,21,0,6,0,76,,37357,27,0,6,0,33,,37376,27,0,5,0,69,,37358,27,0,6,0,30,,37377,27,0,5,0
101,'5_2',710,,38497,27,0,6,0,15,,38523,21,0,5,0,15,,38498,27,0,6,0,15,,38522,21,0,5,0,55,,38499,27,0,6,0,15,,38524,27,0,5,0,16,,38512,21,0,17,0,63,,38503,21,0,6,0,40,,38513,27,0,5,0,75,,38504,21,0,6,0,40,,38515,21,0,5,0,79,,38505,21,0,6,0,67,,38516,21,0,5,0,20,,38506,21,0,6,0,75,,38517,21,0,5,0,36,,38500,27,0,6,0,68,,38514,27,0,5,0,30,,38507,21,0,6,0,25,,38518,21,0,5,0,70,,38508,21,0,6,0,25,,38519,21,0,5,0,69,,38509,21,0,6,0,30,,38510,21,0,5,0,75,,38511,21,0,6,0,76,,38501,27,0,6,0,33,,38520,27,0,5,0,69,,38502,27,0,6,0,30,,38521,27,0,5,0
101,'5_3',710,,38525,27,0,6,0,15,,38551,21,0,5,0,15,,38526,27,0,6,0,15,,38550,21,0,5,0,55,,38527,27,0,6,0,15,,38552,27,0,5,0,16,,38540,21,0,17,0,63,,38531,21,0,6,0,40,,38541,27,0,5,0,75,,38532,21,0,6,0,40,,38543,21,0,5,0,79,,38533,21,0,6,0,67,,38544,21,0,5,0,20,,38534,21,0,6,0,75,,38545,21,0,5,0,36,,38528,27,0,6,0,68,,38542,27,0,5,0,30,,38535,21,0,6,0,25,,38546,21,0,5,0,70,,38536,21,0,6,0,25,,38547,21,0,5,0,69,,38537,21,0,6,0,30,,38538,21,0,5,0,75,,38539,21,0,6,0,76,,38529,27,0,6,0,33,,38548,27,0,5,0,69,,38530,27,0,6,0,30,,38549,27,0,5,0
101,'5_4',710,,38553,27,0,6,0,15,,38579,21,0,5,0,15,,38554,27,0,6,0,15,,38578,21,0,5,0,55,,38555,27,0,6,0,15,,38580,27,0,5,0,16,,38568,21,0,17,0,63,,38559,21,0,6,0,40,,38569,27,0,5,0,75,,38560,21,0,6,0,40,,38571,21,0,5,0,79,,38561,21,0,6,0,67,,38572,21,0,5,0,20,,38562,21,0,6,0,75,,38573,21,0,5,0,36,,38556,27,0,6,0,68,,38570,27,0,5,0,30,,38563,21,0,6,0,25,,38574,21,0,5,0,70,,38564,21,0,6,0,25,,38575,21,0,5,0,69,,38565,21,0,6,0,30,,38566,21,0,5,0,75,,38567,21,0,6,0,76,,38557,27,0,6,0,33,,38576,27,0,5,0,69,,38558,27,0,6,0,30,,38577,27,0,5,0
101,'5_5',710,,38581,27,0,6,0,15,,38607,21,0,5,0,15,,38582,27,0,6,0,15,,38606,21,0,5,0,55,,38583,27,0,6,0,15,,38608,27,0,5,0,16,,38596,21,0,17,0,63,,38587,21,0,6,0,40,,38597,27,0,5,0,75,,38588,21,0,6,0,40,,38599,21,0,5,0,79,,38589,21,0,6,0,67,,38600,21,0,5,0,20,,38590,21,0,6,0,75,,38601,21,0,5,0,36,,38584,27,0,6,0,68,,38598,27,0,5,0,30,,38591,21,0,6,0,25,,38602,21,0,5,0,70,,38592,21,0,6,0,25,,38603,21,0,5,0,69,,38593,21,0,6,0,30,,38594,21,0,5,0,75,,38595,21,0,6,0,76,,38585,27,0,6,0,33,,38604,27,0,5,0,69,,38586,27,0,6,0,30,,38605,27,0,5,0
101,'6_1',710,,38609,27,0,6,0,15,,38635,21,0,5,0,15,,38610,27,0,6,0,15,,38634,21,0,5,0,55,,38611,27,0,6,0,15,,38636,27,0,5,0,16,,38624,21,0,17,0,63,,38615,21,0,6,0,40,,38625,27,0,5,0,75,,38616,21,0,6,0,40,,38627,21,0,5,0,79,,38617,21,0,6,0,67,,38628,21,0,5,0,20,,38618,21,0,6,0,75,,38629,21,0,5,0,36,,38612,27,0,6,0,68,,38626,27,0,5,0,30,,38619,21,0,6,0,25,,38630,21,0,5,0,70,,38620,21,0,6,0,25,,38631,21,0,5,0,69,,38621,21,0,6,0,30,,38622,21,0,5,0,75,,38623,21,0,6,0,76,,38613,27,0,6,0,33,,38632,27,0,5,0,69,,38614,27,0,6,0,30,,38633,27,0,5,0
101,'6_2',710,,43604,27,0,6,0,15,,43630,21,0,5,0,15,,43605,27,0,6,0,15,,43629,21,0,5,0,55,,43606,27,0,6,0,15,,43631,27,0,5,0,16,,43619,21,0,17,0,63,,43610,21,0,6,0,40,,43620,27,0,5,0,75,,43611,21,0,6,0,40,,43622,21,0,5,0,79,,43612,21,0,6,0,67,,43623,21,0,5,0,20,,43613,21,0,6,0,75,,43624,21,0,5,0,36,,43607,27,0,6,0,68,,43621,27,0,5,0,30,,43614,21,0,6,0,25,,43625,21,0,5,0,70,,43615,21,0,6,0,25,,43626,21,0,5,0,69,,43616,21,0,6,0,30,,43617,21,0,5,0,75,,43618,21,0,6,0,76,,43608,27,0,6,0,33,,43627,27,0,5,0,69,,43609,27,0,6,0,30,,43628,27,0,5,0
101,'6_3',710,,43632,27,0,6,0,15,,43658,21,0,5,0,15,,43633,27,0,6,0,15,,43657,21,0,5,0,55,,43634,27,0,6,0,15,,43659,27,0,5,0,16,,43647,21,0,17,0,63,,43638,21,0,6,0,40,,43648,27,0,5,0,75,,43639,21,0,6,0,40,,43650,21,0,5,0,79,,43640,21,0,6,0,67,,43651,21,0,5,0,20,,43641,21,0,6,0,75,,43652,21,0,5,0,36,,43635,27,0,6,0,68,,43649,27,0,5,0,30,,43642,21,0,6,0,25,,43653,21,0,5,0,70,,43643,21,0,6,0,25,,43654,21,0,5,0,69,,43644,21,0,6,0,30,,43645,21,0,5,0,75,,43646,21,0,6,0,76,,43636,27,0,6,0,33,,43655,27,0,5,0,69,,43637,27,0,6,0,30,,43656,27,0,5,0
101,'6_4',710,,43660,27,0,6,0,15,,43686,21,0,5,0,15,,43661,27,0,6,0,15,,43685,21,0,5,0,55,,43662,27,0,6,0,15,,43687,27,0,5,0,16,,43675,21,0,17,0,63,,43666,21,0,6,0,40,,43676,27,0,5,0,75,,43667,21,0,6,0,40,,43678,21,0,5,0,79,,43668,21,0,6,0,67,,43679,21,0,5,0,20,,43669,21,0,6,0,75,,43680,21,0,5,0,36,,43663,27,0,6,0,68,,43677,27,0,5,0,30,,43670,21,0,6,0,25,,43681,21,0,5,0,70,,43671,21,0,6,0,25,,43682,21,0,5,0,69,,43672,21,0,6,0,30,,43673,21,0,5,0,75,,43674,21,0,6,0,76,,43664,27,0,6,0,33,,43683,27,0,5,0,69,,43665,27,0,6,0,30,,43684,27,0,5,0
