100,'2_6',803,,29933,6,0,61 8,0,124,,29934,6,0,61 8,0,102,,29935,6,0,61 8,0,98,,29936,6,0,61 8,0,101,,29937,6,0,61 8,0,100,,29938,6,0,61 8,0,100,,29939,6,0,61 8,0,100,,29940,6,0,61 8,0,101,,29941,6,0,61 8,0,102,,29942,6,0,61 8,0,102,,29943,6,0,61 8,0
100,'3_7',903,,29944,6,0,61 8,0,211,,29945,6,0,61 8,0,194,,29946,6,0,61 8,0,205,,29947,6,0,61 8,0,210,,29948,6,0,61 8,0
100,'5_1',655,,37339,6,,,0,70,,37340,6,0,61 8,0,30,,37346,6,0,61 8,0,71,,37341,6,0,61 8,0,101,,37342,6,0,61 8,0,120,,37343,6,0,61 8,0,96,,37347,6,,,0,65,,37348,6,,,0,96,,37344,6,0,61 8,0,55,,37345,6,0,61 8,0,148,,37349,6,0,61 8,0,94,,37350,6,,,0,106,,37351,6,,,0,101,,37325,6,,,0,37,,37352,6,0,61 8,0
100,'5_2',655,,38371,6,,,0,70,,38372,6,0,61 8,0,30,,38378,6,0,61 8,0,71,,38373,6,0,61 8,0,101,,38374,6,0,61 8,0,120,,38375,6,0,61 8,0,96,,38379,6,,,0,65,,38380,6,,,0,96,,38376,6,0,61 8,0,55,,38377,6,0,61 8,0,148,,38381,6,0,61 8,0,94,,38382,6,,,0,106,,38383,6,,,0,101,,38357,6,,,0,37,,38384,6,0,61 8,0
100,'5_3',655,,38399,6,,,0,70,,38400,6,0,61 8,0,30,,38406,6,0,61 8,0,71,,38401,6,0,61 8,0,101,,38402,6,0,61 8,0,120,,38403,6,0,61 8,0,96,,38407,6,,,0,65,,38408,6,,,0,96,,38404,6,0,61 8,0,55,,38405,6,0,61 8,0,148,,38409,6,0,61 8,0,94,,38410,6,,,0,106,,38411,6,,,0,101,,38385,6,,,0,37,,38412,6,0,61 8,0
100,'5_4',655,,38427,6,,,0,70,,38428,6,0,61 8,0,30,,38434,6,0,61 8,0,71,,38429,6,0,61 8,0,101,,38430,6,0,61 8,0,120,,38431,6,0,61 8,0,96,,38435,6,,,0,65,,38436,6,,,0,96,,38432,6,0,61 8,0,55,,38433,6,0,61 8,0,148,,38437,6,0,61 8,0,94,,38438,6,,,0,106,,38439,6,,,0,101,,38413,6,,,0,37,,38440,6,0,61 8,0
100,'5_5',655,,38455,6,,,0,70,,38456,6,0,61 8,0,30,,38462,6,0,61 8,0,71,,38457,6,0,61 8,0,101,,38458,6,0,61 8,0,120,,38459,6,0,61 8,0,96,,38463,6,,,0,65,,38464,6,,,0,96,,38460,6,0,61 8,0,55,,38461,6,0,61 8,0,148,,38465,6,0,61 8,0,94,,38466,6,,,0,106,,38467,6,,,0,101,,38441,6,,,0,37,,38468,6,0,61 8,0
100,'6_1',655,,38483,6,,,0,70,,38484,6,0,61 8,0,30,,38490,6,0,61 8,0,71,,38485,6,0,61 8,0,101,,38486,6,0,61 8,0,120,,38487,6,0,61 8,0,96,,38491,6,,,0,65,,38492,6,,,0,96,,38488,6,0,61 8,0,55,,38489,6,0,61 8,0,148,,38493,6,0,61 8,0,94,,38494,6,,,0,106,,38495,6,,,0,101,,38469,6,,,0,37,,38496,6,0,61 8,0
100,'6_2',655,,43534,6,,,0,70,,43535,6,0,61 8,0,30,,43541,6,0,61 8,0,71,,43536,6,0,61 8,0,101,,43537,6,0,61 8,0,120,,43538,6,0,61 8,0,96,,43542,6,,,0,65,,43543,6,,,0,96,,43539,6,0,61 8,0,55,,43540,6,0,61 8,0,148,,43544,6,0,61 8,0,94,,43545,6,,,0,106,,43546,6,,,0,101,,43520,6,,,0,37,,43547,6,0,61 8,0
100,'6_3',655,,43562,6,,,0,70,,43563,6,0,61 8,0,30,,43569,6,0,61 8,0,71,,43564,6,0,61 8,0,101,,43565,6,0,61 8,0,120,,43566,6,0,61 8,0,96,,43570,6,,,0,65,,43571,6,,,0,96,,43567,6,0,61 8,0,55,,43568,6,0,61 8,0,148,,43572,6,0,61 8,0,94,,43573,6,,,0,106,,43574,6,,,0,101,,43548,6,,,0,37,,43575,6,0,61 8,0
100,'6_4',655,,43590,6,,,0,70,,43591,6,0,61 8,0,30,,43597,6,0,61 8,0,71,,43592,6,0,61 8,0,101,,43593,6,0,61 8,0,120,,43594,6,0,61 8,0,96,,43598,6,,,0,65,,43599,6,,,0,96,,43595,6,0,61 8,0,55,,43596,6,0,61 8,0,148,,43600,6,0,61 8,0,94,,43601,6,,,0,106,,43602,6,,,0,101,,43576,6,,,0,37,,43603,6,0,61 8,0
