1600,'S2-1_6',758,,24998,2,0,25,0,497,,25006,9,,,0,463,,25009,11,,,0
1600,'S2-5_1',758,,25010,2,0,25,0,497,,25018,9,,,0,463,,25021,11,,,0
1600,'S2-5_2',758,,25022,2,0,25,0,497,,25030,9,,,0,463,,25033,11,,,0
1600,'S2-5_4',758,,25034,2,0,25,0,497,,25042,9,,,0,463,,25045,11,,,0
1600,'S2-5_5',758,,25046,2,0,25,0,497,,25054,9,,,0,463,,25057,11,,,0
1600,'S2-6_3',758,,25058,2,0,25,0,497,,25066,9,,,0,463,,25069,11,,,0
1601,'S2-1_6',1222,,25077,16,,,0
1601,'S2-5_1',1222,,25087,16,,,0
1601,'S2-5_2',1222,,25097,16,,,0
1601,'S2-5_4',1222,,25107,16,,,0
1601,'S2-5_5',1222,,25117,16,,,0
1601,'S2-6_3',1222,,25127,16,,,0
2100,'S2-5_1',1641,,25397,2,,,0
2100,'S2-5_2',1641,,25399,2,,,0
2100,'S2-5_4',1641,,25401,2,,,0
2100,'S2-5_5',1240,,25403,2,0,11 12,0
2100,'S2-6_3',1641,,25406,2,,,0
