101,'S2-1_6',727,,7598,33,0,5,0,117,,7599,33,0,5,0,106,,7600,33,0,5,0,70,,7611,33,0,6,0,29,,7601,33,0,5,0,70,,7612,33,0,6,0,31,,7602,33,0,5,0,70,,7613,33,0,6,0,29,,7603,33,0,5,0,68,,7614,33,0,6,0,31,,7604,33,0,5,0,70,,7615,33,0,6,0,30,,7605,33,0,5,0,70,,7616,33,0,6,0,31,,7606,33,0,5,0,72,,7617,33,0,6,0,31,,7607,33,0,5,0,69,,7618,33,0,6,0,33,,7608,33,0,5,0,69,,7619,33,0,6,0,35,,7609,33,0,5,0,65,,7620,33,0,6,0,25,,7610,33,0,5,0
101,'S2-4_7',934,,7621,33,0,6,0,105,,7626,33,0,5,0,105,,7622,33,0,6,0,105,,7627,33,0,5,0,105,,7623,33,0,6,0,90,,7628,33,0,5,0,100,,7624,33,0,6,0,105,,7629,33,0,5,0,105,,7625,33,0,6,0,105,,7630,33,0,5,0
101,'S2-5_1',731,,7631,39,0,6,0,7,,7663,7,0,7,0,2,,7661,33,0,7,0,60,,7632,39,0,6,0,15,,7659,33,0,5,0,15,,7633,39,0,6,0,17,,7662,39,0,5,0,53,,7646,33,0,7,0,25,,7637,33,0,6,0,80,,7647,39,0,5,0,35,,7638,33,0,6,0,80,,7650,33,0,5,0,35,,7639,33,0,6,0,70,,7651,33,0,5,0,20,,7640,33,0,6,0,75,,7652,33,0,5,0,38,,7634,39,0,6,0,67,,7648,39,0,5,0,30,,7641,33,0,6,0,65,,7653,33,0,5,0,35,,7642,33,0,6,0,62,,7654,33,0,5,0,25,,7643,33,0,6,0,15,,7658,7,0,5,0,61,,7644,33,0,6,0,21,,7649,39,0,5,0,14,,7645,33,0,6,0,69,,7655,33,0,5,0,13,,7635,39,0,6,0,16,,7656,33,0,5,0,68,,7636,39,0,6,0,35,,7657,33,0,5,0
101,'S2-5_2',731,,7664,39,0,6,0,7,,7696,7,0,7,0,2,,7694,33,0,7,0,60,,7665,39,0,6,0,15,,7692,33,0,5,0,15,,7666,39,0,6,0,17,,7695,39,0,5,0,53,,7679,33,0,7,0,25,,7670,33,0,6,0,80,,7680,39,0,5,0,35,,7671,33,0,6,0,80,,7683,33,0,5,0,35,,7672,33,0,6,0,70,,7684,33,0,5,0,20,,7673,33,0,6,0,75,,7685,33,0,5,0,38,,7667,39,0,6,0,67,,7681,39,0,5,0,30,,7674,33,0,6,0,65,,7686,33,0,5,0,35,,7675,33,0,6,0,62,,7687,33,0,5,0,25,,7676,33,0,6,0,15,,7691,7,0,5,0,61,,7677,33,0,6,0,21,,7682,39,0,5,0,14,,7678,33,0,6,0,69,,7688,33,0,5,0,13,,7668,39,0,6,0,16,,7689,33,0,5,0,68,,7669,39,0,6,0,35,,7690,33,0,5,0
101,'S2-5_4',731,,7697,39,0,6,0,7,,7729,7,0,7,0,2,,7727,33,0,7,0,60,,7698,39,0,6,0,15,,7725,33,0,5,0,15,,7699,39,0,6,0,17,,7728,39,0,5,0,53,,7712,33,0,7,0,25,,7703,33,0,6,0,80,,7713,39,0,5,0,35,,7704,33,0,6,0,80,,7716,33,0,5,0,35,,7705,33,0,6,0,70,,7717,33,0,5,0,20,,7706,33,0,6,0,75,,7718,33,0,5,0,38,,7700,39,0,6,0,67,,7714,39,0,5,0,30,,7707,33,0,6,0,65,,7719,33,0,5,0,35,,7708,33,0,6,0,62,,7720,33,0,5,0,25,,7709,33,0,6,0,15,,7724,7,0,5,0,61,,7710,33,0,6,0,21,,7715,39,0,5,0,14,,7711,33,0,6,0,69,,7721,33,0,5,0,13,,7701,39,0,6,0,16,,7722,33,0,5,0,68,,7702,39,0,6,0,35,,7723,33,0,5,0
101,'S2-5_5',731,,7730,39,0,6,0,7,,7762,7,0,7,0,2,,7760,33,0,7,0,60,,7731,39,0,6,0,15,,7758,33,0,5,0,15,,7732,39,0,6,0,17,,7761,39,0,5,0,53,,7745,33,0,7,0,25,,7736,33,0,6,0,80,,7746,39,0,5,0,35,,7737,33,0,6,0,80,,7749,33,0,5,0,35,,7738,33,0,6,0,70,,7750,33,0,5,0,20,,7739,33,0,6,0,75,,7751,33,0,5,0,38,,7733,39,0,6,0,67,,7747,39,0,5,0,30,,7740,33,0,6,0,65,,7752,33,0,5,0,35,,7741,33,0,6,0,62,,7753,33,0,5,0,25,,7742,33,0,6,0,15,,7757,7,0,5,0,61,,7743,33,0,6,0,21,,7748,39,0,5,0,14,,7744,33,0,6,0,69,,7754,33,0,5,0,13,,7734,39,0,6,0,16,,7755,33,0,5,0,68,,7735,39,0,6,0,35,,7756,33,0,5,0
101,'S2-6_3',731,,7763,39,0,6,0,7,,7795,7,0,7,0,2,,7793,33,0,7,0,60,,7764,39,0,6,0,15,,7791,33,0,5,0,15,,7765,39,0,6,0,17,,7794,39,0,5,0,53,,7778,33,0,7,0,25,,7769,33,0,6,0,80,,7779,39,0,5,0,35,,7770,33,0,6,0,80,,7782,33,0,5,0,35,,7771,33,0,6,0,70,,7783,33,0,5,0,20,,7772,33,0,6,0,75,,7784,33,0,5,0,38,,7766,39,0,6,0,67,,7780,39,0,5,0,30,,7773,33,0,6,0,65,,7785,33,0,5,0,35,,7774,33,0,6,0,62,,7786,33,0,5,0,25,,7775,33,0,6,0,15,,7790,7,0,5,0,61,,7776,33,0,6,0,21,,7781,39,0,5,0,14,,7777,33,0,6,0,69,,7787,33,0,5,0,13,,7767,39,0,6,0,16,,7788,33,0,5,0,68,,7768,39,0,6,0,35,,7789,33,0,5,0
2400,'S2-5_1',737,,10740,13,,,0,868,,10741,8,,,0,103,,10742,8,,,0,95,,10743,8,,,0
2400,'S2-5_2',737,,10744,13,,,0,868,,10745,8,,,0,103,,10746,8,,,0,95,,10747,8,,,0
2400,'S2-5_4',737,,10748,13,,,0,868,,10749,8,,,0,103,,10750,8,,,0,95,,10751,8,,,0
2400,'S2-5_5',737,,10752,13,,,0,868,,10753,8,,,0,103,,10754,8,,,0,95,,10755,8,,,0
2400,'S2-6_3',737,,10756,13,,,0,490,,10757,8,,,0
