2500,'0_6',742,,67728,10,,,0,113,,67729,10,,,0,167,,67730,10,,,0,113,,67731,10,,,0,168,,67732,10,,,0,112,,67733,10,,,0,131,,67734,10,,,0,160,,67735,10,,,0,121,,67736,10,,,0,115,,67737,10,,,0
2500,'2_1',742,,67738,10,,,0,113,,67739,10,,,0,167,,67740,10,,,0,113,,67741,10,,,0,168,,67742,10,,,0,112,,67743,10,,,0,131,,67744,10,,,0,160,,67745,10,,,0,121,,67746,10,,,0,115,,67747,10,,,0
2500,'2_2',742,,67748,10,,,0,113,,67749,10,,,0,167,,67750,10,,,0,113,,67751,10,,,0,168,,67752,10,,,0,112,,67753,10,,,0,131,,67754,10,,,0,160,,67755,10,,,0,121,,67756,10,,,0,115,,67757,10,,,0
2500,'2_3',742,,67758,10,,,0,113,,67759,10,,,0,167,,67760,10,,,0,113,,67761,10,,,0,168,,67762,10,,,0,112,,67763,10,,,0,131,,67764,10,,,0,160,,67765,10,,,0,121,,67766,10,,,0,115,,67767,10,,,0
2500,'2_4',742,,67768,10,,,0,113,,67769,10,,,0,167,,67770,10,,,0,113,,67771,10,,,0,168,,67772,10,,,0,112,,67773,10,,,0,131,,67774,10,,,0,160,,67775,10,,,0,121,,67776,10,,,0,115,,67777,10,,,0
2500,'2_5',742,,67778,10,,,0,113,,67779,10,,,0,167,,67780,10,,,0,113,,67781,10,,,0,168,,67782,10,,,0,112,,67783,10,,,0,131,,67784,10,,,0,160,,67785,10,,,0,121,,67786,10,,,0,115,,67787,10,,,0
2500,'3_1',742,,67788,10,,,0,113,,67789,10,,,0,167,,67790,10,,,0,113,,67791,10,,,0,168,,67792,10,,,0,112,,67793,10,,,0,131,,67794,10,,,0,160,,67795,10,,,0,121,,67796,10,,,0,115,,67797,10,,,0
2500,'3_3',742,,67798,10,,,0,113,,67799,10,,,0,167,,67800,10,,,0,113,,67801,10,,,0,168,,67802,10,,,0,112,,67803,10,,,0,131,,67804,10,,,0,160,,67805,10,,,0,121,,67806,10,,,0,115,,67807,10,,,0
2500,'3_4',742,,67808,10,,,0,113,,67809,10,,,0,167,,67810,10,,,0,113,,67811,10,,,0,168,,67812,10,,,0,112,,67813,10,,,0,131,,67814,10,,,0,160,,67815,10,,,0,121,,67816,10,,,0,115,,67817,10,,,0
2500,'3_5',742,,67818,10,,,0,113,,67819,10,,,0,167,,67820,10,,,0,113,,67821,10,,,0,168,,67822,10,,,0,112,,67823,10,,,0,131,,67824,10,,,0,160,,67825,10,,,0,121,,67826,10,,,0,115,,67827,10,,,0
