1000,'25j05H-Dimanche',835,,2894,,,0,422,,2895,,,0,497,,2896,,,0
1000,'25j26H-Dimanche',835,,2897,,,0,422,,2898,,,0,497,,2899,,,0
1000,'26a05H-Samedi',919,,2933,0,26 32,0,184,,2934,0,26 32,0,101,,2935,0,26 32,0,101,,2936,0,26 32,0,101,,2937,0,26 32,0,52,,2931,,,0,155,,2932,,,0,337,,2938,0,26 32,0
1000,'26a05H-Mercredi',922,,2953,0,26 32,0,186,,2944,0,26 32,0,47,,2945,0,26 32,0,77,,2946,0,26 32,0,80,,2947,0,26 32,0,99,,2948,0,26 32,0,39,,2950,,,0,70,,2951,,,0,96,,2952,,,0,335,,2949,0,26 32,0
1000,'26a05H-L-Ma-J-V',922,,2968,0,26 32,0,186,,2959,0,26 32,0,47,,2960,0,26 32,0,77,,2961,0,26 32,0,80,,2962,0,26 32,0,99,,2963,0,26 32,0,39,,2965,,,0,70,,2966,,,0,96,,2967,,,0,335,,2964,0,26 32,0
1000,'26b23V-Semaine',921,,2981,0,26 32,0,188,,2974,0,26 32,0,95,,2975,0,26 32,0,101,,2976,0,26 32,0,101,,2977,0,26 32,0,52,,2979,,,0,155,,2980,,,0,337,,2978,0,26 32,0
1000,'26c02V-Semaine',921,,2994,0,26 32,0,188,,2987,0,26 32,0,95,,2988,0,26 32,0,101,,2989,0,26 32,0,101,,2990,0,26 32,0,52,,2992,,,0,155,,2993,,,0,337,,2991,0,26 32,0
1100,'25j05H-Dimanche',840,,3089,,,0,918,,3090,,,0
1100,'25j26H-Dimanche',840,,3091,,,0,918,,3092,,,0
1100,'26a05H-Samedi',828,,3102,,,0,905,,3103,,,0,119,,3104,,,0
1100,'26a05H-Mercredi',828,,3106,,,0,905,,3107,,,0,119,,3108,,,0
1100,'26a05H-L-Ma-J-V',828,,3110,,,0,905,,3111,,,0,119,,3112,,,0
1100,'26b23V-Semaine',828,,3114,,,0,905,,3115,,,0,119,,3116,,,0
1100,'26c02V-Semaine',828,,3118,,,0,905,,3119,,,0,119,,3120,,,0
1601,'26a05H-Samedi',838,,3443,4,,0,77,,3444,4,,0,44,,3445,4,,0,155,,3447,4,,0,124,,3450,4,,0,164,,3448,4,,0,105,,3451,4,,0,45,,3446,4,,0,106,,3452,4,,0,169,,3449,4,,0
1601,'26a05H-Mercredi',838,,3453,4,,0,77,,3454,4,,0,44,,3455,4,,0,155,,3457,4,,0,124,,3460,4,,0,164,,3458,4,,0,105,,3461,4,,0,45,,3456,4,,0,106,,3462,4,,0,169,,3459,4,,0
1601,'26a05H-L-Ma-J-V',838,,3463,4,,0,77,,3464,4,,0,44,,3465,4,,0,155,,3467,4,,0,124,,3470,4,,0,164,,3468,4,,0,105,,3471,4,,0,45,,3466,4,,0,106,,3472,4,,0,169,,3469,4,,0
1601,'26b23V-Semaine',838,,3473,4,,0,77,,3474,4,,0,44,,3475,4,,0,155,,3477,4,,0,124,,3480,4,,0,164,,3478,4,,0,105,,3481,4,,0,45,,3476,4,,0,106,,3482,4,,0,169,,3479,4,,0
1601,'26c02V-Semaine',838,,3483,4,,0,77,,3484,4,,0,44,,3485,4,,0,155,,3487,4,,0,124,,3490,4,,0,164,,3488,4,,0,105,,3491,4,,0,45,,3486,4,,0,106,,3492,4,,0,169,,3489,4,,0
