101,'2509-HIV-25j05H-d-Dimanche-00',949,,8304,0,41 42,0,210,,8305,0,41 42,0,250,,8306,0,41 42,0,150,,8307,0,41 42,0,250,,8308,0,41 42,0
101,'2509-HIV-25j26H-d-Dimanche-00',949,,8318,0,41 42,0,210,,8319,0,41 42,0,250,,8320,0,41 42,0,150,,8321,0,41 42,0,250,,8322,0,41 42,0
101,'2509-HIV-25k03H-s-Samedi-00',1039,,8345,0,41 42,0,100,,8346,0,41 42,0,98,,8347,0,41 42,0,99,,8348,0,41 42,0,100,,8349,0,41 42,0,101,,8350,0,41 42,0,103,,8351,0,41 42,0,103,,8352,0,41 42,0,100,,8353,0,41 42,0,96,,8354,0,41 42,0
101,'2509-HIV-25l22Vlv-Semaine-00',748,,8355,0,41 42,0,73,,8356,0,41 42,0,30,,8357,0,41 42,0,95,,8361,0,41 42,0,156,,8362,0,41 42,0,118,,8363,0,41 42,0,85,,8364,0,41 42,0,111,,8358,0,41 42,0,100,,8365,0,41 42,0,96,,8366,0,41 42,0,96,,8367,0,41 42,0,105,,8369,0,41 42,0,34,,8359,0,41 42,0,95,,8360,0,41 42,0
101,'2509-HIV-26a05H-s-Samedi-00',1039,,8396,0,41 42,0,100,,8397,0,41 42,0,98,,8398,0,41 42,0,99,,8399,0,41 42,0,100,,8400,0,41 42,0,101,,8401,0,41 42,0,103,,8402,0,41 42,0,103,,8403,0,41 42,0,100,,8404,0,41 42,0,96,,8405,0,41 42,0
101,'2509-HIV-26a05H-w-Mercredi-00',752,,8406,0,41 42,0,68,,8407,0,41 42,0,29,,8408,0,41 42,0,95,,8412,0,41 42,0,157,,8413,0,41 42,0,114,,8414,0,41 42,0,89,,8415,0,41 42,0,114,,8409,0,41 42,0,97,,8416,0,41 42,0,100,,8417,0,41 42,0,88,,8418,0,41 42,0,38,,8419,0,41 42,0,75,,8420,0,41 42,0,37,,8410,0,41 42,0,84,,8411,0,41 42,0
101,'2509-HIV-26a05Hlv-L-Ma-J-V-00',752,,8439,0,41 42,0,68,,8440,0,41 42,0,29,,8441,0,41 42,0,95,,8445,0,41 42,0,157,,8446,0,41 42,0,114,,8447,0,41 42,0,89,,8448,0,41 42,0,114,,8442,0,41 42,0,97,,8449,0,41 42,0,100,,8450,0,41 42,0,88,,8451,0,41 42,0,38,,8452,0,41 42,0,75,,8453,0,41 42,0,37,,8443,0,41 42,0,84,,8444,0,41 42,0
101,'2509-HIV-26b23Vlv-Semaine-00',748,,8472,0,41 42,0,73,,8473,0,41 42,0,30,,8474,0,41 42,0,95,,8478,0,41 42,0,156,,8479,0,41 42,0,118,,8480,0,41 42,0,85,,8481,0,41 42,0,111,,8475,0,41 42,0,100,,8482,0,41 42,0,96,,8483,0,41 42,0,96,,8484,0,41 42,0,105,,8486,0,41 42,0,34,,8476,0,41 42,0,95,,8477,0,41 42,0
101,'2509-HIV-26c02Vlv-Semaine-00',748,,8500,0,41 42,0,73,,8501,0,41 42,0,30,,8502,0,41 42,0,95,,8506,0,41 42,0,156,,8507,0,41 42,0,118,,8508,0,41 42,0,85,,8509,0,41 42,0,111,,8503,0,41 42,0,100,,8510,0,41 42,0,96,,8511,0,41 42,0,96,,8512,0,41 42,0,105,,8514,0,41 42,0,34,,8504,0,41 42,0,95,,8505,0,41 42,0
2201,'2509-HIV-25j05H-d-Dimanche-00',928,,11756,,,0,320,,11757,,,0,279,,11758,,,0,320,,11759,,,0
2201,'2509-HIV-25j26H-d-Dimanche-00',928,,11760,,,0,320,,11761,,,0,279,,11762,,,0,320,,11763,,,0
2201,'2509-HIV-26a05H-w-Mercredi-00',1303,,11764,,,0,346,,11765,,,0,158,,11766,,,0,101,,11767,,,0
2201,'2509-HIV-26a05H-w-Mercredi-00-0010000',1228,,11768,,,0
2201,'2509-HIV-26a05Hlv-L-Ma-J-V-00',1303,,11769,,,0,346,,11770,,,0,158,,11771,,,0,101,,11772,,,0
2201,'2509-HIV-26a05Hlv-L-Ma-J-V-00-1101100',1627,,11773,,,0,100,,11774,,,0,100,,11775,,,0
