401,'1_6',750,,16224,53,,,0,189,,16225,53,,,0,202,,16226,53,,,0,201,,16227,53,,,0,199,,16228,53,,,0,206,,16229,53,,,0,272,,16230,53,,,0
401,'5_1',854,,16283,55,,,0,295,,16285,53,,,0,160,,16284,55,,,0,100,,16286,53,,,0,140,,16287,53,,,0,274,,16282,56,,,0,185,,16288,53,,,0
401,'5_2',854,,16315,55,,,0,295,,16317,53,,,0,160,,16316,55,,,0,100,,16318,53,,,0,140,,16319,53,,,0,274,,16314,56,,,0,185,,16320,53,,,0
401,'5_4',854,,16347,55,,,0,295,,16349,53,,,0,160,,16348,55,,,0,100,,16350,53,,,0,140,,16351,53,,,0,274,,16346,56,,,0,185,,16352,53,,,0
401,'5_5',854,,16379,55,,,0,295,,16381,53,,,0,160,,16380,55,,,0,100,,16382,53,,,0,140,,16383,53,,,0,274,,16378,56,,,0,185,,16384,53,,,0
401,'6_3',854,,16411,55,,,0,295,,16413,53,,,0,160,,16412,55,,,0,100,,16414,53,,,0,140,,16415,53,,,0,274,,16410,56,,,0,185,,16416,53,,,0
2901201,'5_1',1703,,21021,7,,,0,105,,21022,7,,,0,100,,21020,7,,,0
2901201,'5_2',1703,,21024,7,,,0,105,,21025,7,,,0,100,,21023,7,,,0
2901201,'5_4',1703,,21027,7,,,0,105,,21028,7,,,0,100,,21026,7,,,0
2901201,'5_5',1703,,21030,7,,,0,105,,21031,7,,,0,100,,21029,7,,,0
2901201,'6_3',1308,,21033,7,,,0,395,,21034,7,,,0,105,,21035,7,,,0,100,,21032,7,,,0
