500,'S2-0_6',710,,55872,34,,,0,33,,55873,34,,,0,102,,55874,34,,,0,101,,55875,34,,,0,98,,55876,34,,,0,99,,55877,34,,,0,99,,55878,34,,,0,98,,55879,34,,,0,81,,55880,34,,,0,38,,55881,34,,,0,99,,55882,34,,,0,142,,55883,34,,,0,100,,55884,34,,,0,34,,55885,34,,,0,66,,55886,34,,,0,57,,55887,34,,,0
500,'S2-1_7',1228,,55888,34,,,0,191,,55889,34,,,0,191,,55890,34,,,0,144,,55891,34,,,0,191,,55892,34,,,0
500,'S2-2_1',710,,55893,34,,,0,33,,55894,34,,,0,102,,55895,34,,,0,101,,55896,34,,,0,98,,55897,34,,,0,99,,55898,34,,,0,99,,55899,34,,,0,98,,55900,34,,,0,81,,55901,34,,,0,38,,55902,34,,,0,99,,55903,34,,,0,142,,55904,34,,,0,100,,55905,34,,,0,34,,55906,34,,,0,66,,55907,34,,,0,57,,55908,34,,,0
500,'S2-2_2',710,,55909,34,,,0,33,,55910,34,,,0,102,,55911,34,,,0,101,,55912,34,,,0,98,,55913,34,,,0,99,,55914,34,,,0,99,,55915,34,,,0,98,,55916,34,,,0,81,,55917,34,,,0,38,,55918,34,,,0,99,,55919,34,,,0,142,,55920,34,,,0,100,,55921,34,,,0,34,,55922,34,,,0,66,,55923,34,,,0,57,,55924,34,,,0
500,'S2-2_3',710,,55925,34,,,0,33,,55926,34,,,0,102,,55927,34,,,0,101,,55928,34,,,0,98,,55929,34,,,0,99,,55930,34,,,0,99,,55931,34,,,0,98,,55932,34,,,0,81,,55933,34,,,0,38,,55934,34,,,0,99,,55935,34,,,0,142,,55936,34,,,0,100,,55937,34,,,0,34,,55938,34,,,0,66,,55939,34,,,0,57,,55940,34,,,0
500,'S2-2_4',710,,55941,34,,,0,33,,55942,34,,,0,102,,55943,34,,,0,101,,55944,34,,,0,98,,55945,34,,,0,99,,55946,34,,,0,99,,55947,34,,,0,98,,55948,34,,,0,81,,55949,34,,,0,38,,55950,34,,,0,99,,55951,34,,,0,142,,55952,34,,,0,100,,55953,34,,,0,34,,55954,34,,,0,66,,55955,34,,,0,57,,55956,34,,,0
500,'S2-2_5',710,,55957,34,,,0,33,,55958,34,,,0,102,,55959,34,,,0,101,,55960,34,,,0,98,,55961,34,,,0,99,,55962,34,,,0,99,,55963,34,,,0,98,,55964,34,,,0,81,,55965,34,,,0,38,,55966,34,,,0,99,,55967,34,,,0,142,,55968,34,,,0,100,,55969,34,,,0,34,,55970,34,,,0,66,,55971,34,,,0,57,,55972,34,,,0
500,'S2-3_1',710,,55973,34,,,0,33,,55974,34,,,0,102,,55975,34,,,0,101,,55976,34,,,0,98,,55977,34,,,0,99,,55978,34,,,0,99,,55979,34,,,0,98,,55980,34,,,0,81,,55981,34,,,0,38,,55982,34,,,0,99,,55983,34,,,0,142,,55984,34,,,0,100,,55985,34,,,0,34,,55986,34,,,0,66,,55987,34,,,0,57,,55988,34,,,0
500,'S2-3_3',710,,55989,34,,,0,33,,55990,34,,,0,102,,55991,34,,,0,101,,55992,34,,,0,98,,55993,34,,,0,99,,55994,34,,,0,99,,55995,34,,,0,98,,55996,34,,,0,81,,55997,34,,,0,38,,55998,34,,,0,99,,55999,34,,,0,142,,56000,34,,,0,100,,56001,34,,,0,34,,56002,34,,,0,66,,56003,34,,,0,57,,56004,34,,,0
500,'S2-3_4',710,,56005,34,,,0,33,,56006,34,,,0,102,,56007,34,,,0,101,,56008,34,,,0,98,,56009,34,,,0,99,,56010,34,,,0,99,,56011,34,,,0,98,,56012,34,,,0,81,,56013,34,,,0,38,,56014,34,,,0,99,,56015,34,,,0,142,,56016,34,,,0,100,,56017,34,,,0,34,,56018,34,,,0,66,,56019,34,,,0,57,,56020,34,,,0
500,'S2-4_7',1228,,56021,34,,,0,191,,56022,34,,,0,191,,56023,34,,,0,144,,56024,34,,,0,191,,56025,34,,,0
1000000,'S2-0_6',540,,58982,14,0,31 33,0,81,,58983,14,0,31 33,0,81,,58993,14,,,0,42,,58994,14,,,0,56,,58995,14,0,31 33,0,15,,58996,14,0,31 33,0,15,,58997,14,,,0,15,,58998,14,0,31 33,0,55,,58999,14,0,31 33,0,15,,59000,14,,,0,15,,59001,14,0,31 33,0,16,,59037,14,0,31 33,0,56,,59002,14,,,0,16,,59003,14,0,31 33,0,15,,59004,14,,,0,16,,59005,14,0,31 33,0,56,,59006,14,0,31 33,0,16,,59007,14,,,0,16,,59008,14,0,31 33,0,15,,59009,14,0,31 33,0,56,,59010,14,,,0,15,,59011,14,0,31 33,0,15,,59012,14,0,31 33,0,15,,59013,14,,,0,55,,59014,14,0,31 33,0,15,,59015,14,,,0,16,,59016,14,0,31 33,0,15,,59017,14,0,31 33,0,55,,59018,14,,,0,16,,59019,14,0,31 33,0,16,,59020,14,0,31 33,0,16,,59021,14,,,0,56,,59022,14,0,31 33,0,16,,59023,14,0,31 33,0,16,,59024,14,,,0,56,,59025,14,0,31 33,0,16,,59026,14,,,0,16,,59027,14,0,31 33,0,16,,59028,14,0,31 33,0,56,,59029,14,,,0,16,,59030,14,0,31 33,0,16,,59032,14,0,31 33,0,16,,59031,14,,,0,56,,59033,14,0,31 33,0,15,,59034,14,,,0,15,,59035,14,0,31 33,0,15,,59036,14,0,31 33,0,55,,58984,14,0,31 33,0,15,,58985,14,0,31 33,0,15,,58986,14,0,31 33,0,16,,58987,14,0,31 33,0,60,,58988,14,0,31 33,0,20,,58989,14,0,31 33,0,19,,58990,14,0,31 33,0,59,,58991,14,0,31 33,0,19,,58992,14,0,31 33,0
1000000,'S2-1_7',814,,59038,14,0,31 33,0,40,,59039,14,0,31 33,0,80,,59040,14,0,31 33,0,80,,59041,14,0,31 33,0,40,,59042,14,0,31 33,0,80,,59043,14,0,31 33,0,80,,59044,14,0,31 33,0,40,,59045,14,0,31 33,0,80,,59046,14,0,31 33,0,80,,59047,14,0,31 33,0,40,,59048,14,0,31 33,0,80,,59049,14,0,31 33,0,80,,59050,14,0,31 33,0,40,,59051,14,0,31 33,0,80,,59052,14,0,31 33,0,80,,59053,14,0,31 33,0,40,,59054,14,0,31 33,0,80,,59055,14,0,31 33,0
1000000,'S2-2_1',545,,59056,14,0,31 33,0,60,,59057,14,0,31 33,0,20,,59058,14,0,31 33,0,20,,59059,14,,,0,55,,59085,14,,,0,14,,59074,14,,,0,14,,59109,14,,,0,15,,59095,14,,,0,15,,59100,14,,,0,55,,59110,14,,,0,14,,59087,14,,,0,15,,59097,14,0,31 33,0,15,,59102,14,,,0,56,,59070,14,0,31 33,0,15,,59073,14,,,0,16,,59104,14,0,31 33,0,15,,59103,14,,,0,56,,59092,14,0,31 33,0,15,,59062,14,,,0,16,,59088,14,0,31 33,0,56,,59071,14,,,0,16,,59089,14,0,31 33,0,16,,59083,14,,,0,16,,59080,14,0,31 33,0,56,,59078,14,,,0,16,,59094,14,0,31 33,0,15,,59064,14,,,0,15,,59060,14,0,31 33,0,55,,59106,14,,,0,15,,59086,14,0,31 33,0,16,,59063,14,,,0,16,,59081,14,0,31 33,0,55,,59101,14,,,0,14,,59079,14,0,31 33,0,14,,59076,14,,,0,14,,59075,14,0,31 33,0,54,,59084,14,,,0,14,,59093,14,0,31 33,0,14,,59096,14,,,0,14,,59111,14,,,0,54,,59112,14,,,0,14,,59107,14,,,0,14,,59113,14,,,0,15,,59099,14,,,0,15,,59114,14,,,0,55,,59067,14,,,0,15,,59115,14,,,0,15,,59066,14,,,0,15,,59116,14,,,0,55,,59108,14,,,0,14,,59077,14,0,31 33,0,15,,59061,14,0,31 33,0,15,,59072,14,,,0,55,,59068,14,0,31 33,0,19,,59082,14,0,31 33,0,20,,59069,14,0,31 33,0,61,,59065,14,0,31 33,0,20,,59098,14,0,31 33,0,20,,59090,14,0,31 33,0,60,,59091,14,0,31 33,0,20,,59105,14,0,31 33,0
1000000,'S2-2_2',545,,59117,14,0,31 33,0,60,,59118,14,0,31 33,0,20,,59119,14,0,31 33,0,20,,59120,14,,,0,55,,59146,14,,,0,14,,59135,14,,,0,14,,59170,14,,,0,15,,59156,14,,,0,15,,59161,14,,,0,55,,59171,14,,,0,14,,59148,14,,,0,15,,59158,14,0,31 33,0,15,,59163,14,,,0,56,,59131,14,0,31 33,0,15,,59134,14,,,0,16,,59165,14,0,31 33,0,15,,59164,14,,,0,56,,59153,14,0,31 33,0,15,,59123,14,,,0,16,,59149,14,0,31 33,0,56,,59132,14,,,0,16,,59150,14,0,31 33,0,16,,59144,14,,,0,16,,59141,14,0,31 33,0,56,,59139,14,,,0,16,,59155,14,0,31 33,0,15,,59125,14,,,0,15,,59121,14,0,31 33,0,55,,59167,14,,,0,15,,59147,14,0,31 33,0,16,,59124,14,,,0,16,,59142,14,0,31 33,0,55,,59162,14,,,0,14,,59140,14,0,31 33,0,14,,59137,14,,,0,14,,59136,14,0,31 33,0,54,,59145,14,,,0,14,,59154,14,0,31 33,0,14,,59157,14,,,0,14,,59172,14,,,0,54,,59173,14,,,0,14,,59168,14,,,0,14,,59174,14,,,0,15,,59160,14,,,0,15,,59175,14,,,0,55,,59128,14,,,0,15,,59176,14,,,0,15,,59127,14,,,0,15,,59177,14,,,0,55,,59169,14,,,0,14,,59138,14,0,31 33,0,15,,59122,14,0,31 33,0,15,,59133,14,,,0,55,,59129,14,0,31 33,0,19,,59143,14,0,31 33,0,20,,59130,14,0,31 33,0,61,,59126,14,0,31 33,0,20,,59159,14,0,31 33,0,20,,59151,14,0,31 33,0,60,,59152,14,0,31 33,0,20,,59166,14,0,31 33,0
1000000,'S2-2_3',545,,59178,14,0,31 33,0,60,,59179,14,0,31 33,0,20,,59180,14,0,31 33,0,20,,59181,14,,,0,55,,59207,14,,,0,14,,59196,14,,,0,14,,59231,14,,,0,15,,59217,14,,,0,15,,59222,14,,,0,55,,59232,14,,,0,14,,59209,14,,,0,15,,59219,14,0,31 33,0,15,,59224,14,,,0,56,,59192,14,0,31 33,0,15,,59195,14,,,0,16,,59226,14,0,31 33,0,15,,59225,14,,,0,56,,59214,14,0,31 33,0,15,,59184,14,,,0,16,,59210,14,0,31 33,0,56,,59193,14,,,0,16,,59211,14,0,31 33,0,16,,59205,14,,,0,16,,59202,14,0,31 33,0,56,,59200,14,,,0,16,,59216,14,0,31 33,0,15,,59186,14,,,0,15,,59182,14,0,31 33,0,55,,59228,14,,,0,15,,59208,14,0,31 33,0,16,,59185,14,,,0,16,,59203,14,0,31 33,0,55,,59223,14,,,0,14,,59201,14,0,31 33,0,14,,59198,14,,,0,14,,59197,14,0,31 33,0,54,,59206,14,,,0,14,,59215,14,0,31 33,0,14,,59218,14,,,0,14,,59233,14,,,0,54,,59234,14,,,0,14,,59229,14,,,0,14,,59235,14,,,0,15,,59221,14,,,0,15,,59236,14,,,0,55,,59189,14,,,0,15,,59237,14,,,0,15,,59188,14,,,0,15,,59238,14,,,0,55,,59230,14,,,0,14,,59199,14,0,31 33,0,15,,59183,14,0,31 33,0,15,,59194,14,,,0,55,,59190,14,0,31 33,0,19,,59204,14,0,31 33,0,20,,59191,14,0,31 33,0,61,,59187,14,0,31 33,0,20,,59220,14,0,31 33,0,20,,59212,14,0,31 33,0,60,,59213,14,0,31 33,0,20,,59227,14,0,31 33,0
1000000,'S2-2_4',545,,59239,14,0,31 33,0,60,,59240,14,0,31 33,0,20,,59241,14,0,31 33,0,20,,59242,14,,,0,55,,59268,14,,,0,14,,59257,14,,,0,14,,59292,14,,,0,15,,59278,14,,,0,15,,59283,14,,,0,55,,59293,14,,,0,14,,59270,14,,,0,15,,59280,14,0,31 33,0,15,,59285,14,,,0,56,,59253,14,0,31 33,0,15,,59256,14,,,0,16,,59287,14,0,31 33,0,15,,59286,14,,,0,56,,59275,14,0,31 33,0,15,,59245,14,,,0,16,,59271,14,0,31 33,0,56,,59254,14,,,0,16,,59272,14,0,31 33,0,16,,59266,14,,,0,16,,59263,14,0,31 33,0,56,,59261,14,,,0,16,,59277,14,0,31 33,0,15,,59247,14,,,0,15,,59243,14,0,31 33,0,55,,59289,14,,,0,15,,59269,14,0,31 33,0,16,,59246,14,,,0,16,,59264,14,0,31 33,0,55,,59284,14,,,0,14,,59262,14,0,31 33,0,14,,59259,14,,,0,14,,59258,14,0,31 33,0,54,,59267,14,,,0,14,,59276,14,0,31 33,0,14,,59279,14,,,0,14,,59294,14,,,0,54,,59295,14,,,0,14,,59290,14,,,0,14,,59296,14,,,0,15,,59282,14,,,0,15,,59297,14,,,0,55,,59250,14,,,0,15,,59298,14,,,0,15,,59249,14,,,0,15,,59299,14,,,0,55,,59291,14,,,0,14,,59260,14,0,31 33,0,15,,59244,14,0,31 33,0,15,,59255,14,,,0,55,,59251,14,0,31 33,0,19,,59265,14,0,31 33,0,20,,59252,14,0,31 33,0,61,,59248,14,0,31 33,0,20,,59281,14,0,31 33,0,20,,59273,14,0,31 33,0,60,,59274,14,0,31 33,0,20,,59288,14,0,31 33,0
1000000,'S2-2_5',545,,59300,14,0,31 33,0,60,,59301,14,0,31 33,0,20,,59302,14,0,31 33,0,20,,59303,14,,,0,55,,59329,14,,,0,14,,59318,14,,,0,14,,59353,14,,,0,15,,59339,14,,,0,15,,59344,14,,,0,55,,59354,14,,,0,14,,59331,14,,,0,15,,59341,14,0,31 33,0,15,,59346,14,,,0,56,,59314,14,0,31 33,0,15,,59317,14,,,0,16,,59348,14,0,31 33,0,15,,59347,14,,,0,56,,59336,14,0,31 33,0,15,,59306,14,,,0,16,,59332,14,0,31 33,0,56,,59315,14,,,0,16,,59333,14,0,31 33,0,16,,59327,14,,,0,16,,59324,14,0,31 33,0,56,,59322,14,,,0,16,,59338,14,0,31 33,0,15,,59308,14,,,0,15,,59304,14,0,31 33,0,55,,59350,14,,,0,15,,59330,14,0,31 33,0,16,,59307,14,,,0,16,,59325,14,0,31 33,0,55,,59345,14,,,0,14,,59323,14,0,31 33,0,14,,59320,14,,,0,14,,59319,14,0,31 33,0,54,,59328,14,,,0,14,,59337,14,0,31 33,0,14,,59340,14,,,0,14,,59355,14,,,0,54,,59356,14,,,0,14,,59351,14,,,0,14,,59357,14,,,0,15,,59343,14,,,0,15,,59358,14,,,0,55,,59311,14,,,0,15,,59359,14,,,0,15,,59310,14,,,0,15,,59360,14,,,0,55,,59352,14,,,0,14,,59321,14,0,31 33,0,15,,59305,14,0,31 33,0,15,,59316,14,,,0,55,,59312,14,0,31 33,0,19,,59326,14,0,31 33,0,20,,59313,14,0,31 33,0,61,,59309,14,0,31 33,0,20,,59342,14,0,31 33,0,20,,59334,14,0,31 33,0,60,,59335,14,0,31 33,0,20,,59349,14,0,31 33,0
1000000,'S2-3_1',545,,59361,14,0,31 33,0,60,,59362,14,0,31 33,0,20,,59363,14,0,31 33,0,20,,59364,14,,,0,55,,59390,14,,,0,14,,59379,14,,,0,14,,59414,14,,,0,15,,59400,14,,,0,15,,59405,14,,,0,55,,59415,14,,,0,14,,59392,14,,,0,15,,59402,14,0,31 33,0,15,,59407,14,,,0,56,,59375,14,0,31 33,0,15,,59378,14,,,0,16,,59409,14,0,31 33,0,15,,59408,14,,,0,56,,59397,14,0,31 33,0,15,,59367,14,,,0,16,,59393,14,0,31 33,0,56,,59376,14,,,0,16,,59394,14,0,31 33,0,16,,59388,14,,,0,16,,59385,14,0,31 33,0,56,,59383,14,,,0,16,,59399,14,0,31 33,0,15,,59369,14,,,0,15,,59365,14,0,31 33,0,55,,59411,14,,,0,15,,59391,14,0,31 33,0,16,,59368,14,,,0,16,,59386,14,0,31 33,0,55,,59406,14,,,0,14,,59384,14,0,31 33,0,14,,59381,14,,,0,14,,59380,14,0,31 33,0,54,,59389,14,,,0,14,,59398,14,0,31 33,0,14,,59401,14,,,0,14,,59416,14,,,0,54,,59417,14,,,0,14,,59412,14,,,0,14,,59418,14,,,0,15,,59404,14,,,0,15,,59419,14,,,0,55,,59372,14,,,0,15,,59420,14,,,0,15,,59371,14,,,0,15,,59421,14,,,0,55,,59413,14,,,0,14,,59382,14,0,31 33,0,15,,59366,14,0,31 33,0,15,,59377,14,,,0,55,,59373,14,0,31 33,0,19,,59387,14,0,31 33,0,20,,59374,14,0,31 33,0,61,,59370,14,0,31 33,0,20,,59403,14,0,31 33,0,20,,59395,14,0,31 33,0,60,,59396,14,0,31 33,0,20,,59410,14,0,31 33,0
1000000,'S2-3_3',545,,59422,14,0,31 33,0,60,,59423,14,0,31 33,0,20,,59424,14,0,31 33,0,20,,59425,14,,,0,55,,59451,14,,,0,14,,59440,14,,,0,14,,59475,14,,,0,15,,59461,14,,,0,15,,59466,14,,,0,55,,59476,14,,,0,14,,59453,14,,,0,15,,59463,14,0,31 33,0,15,,59468,14,,,0,56,,59436,14,0,31 33,0,15,,59439,14,,,0,16,,59470,14,0,31 33,0,15,,59469,14,,,0,56,,59458,14,0,31 33,0,15,,59428,14,,,0,16,,59454,14,0,31 33,0,56,,59437,14,,,0,16,,59455,14,0,31 33,0,16,,59449,14,,,0,16,,59446,14,0,31 33,0,56,,59444,14,,,0,16,,59460,14,0,31 33,0,15,,59430,14,,,0,15,,59426,14,0,31 33,0,55,,59472,14,,,0,15,,59452,14,0,31 33,0,16,,59429,14,,,0,16,,59447,14,0,31 33,0,55,,59467,14,,,0,14,,59445,14,0,31 33,0,14,,59442,14,,,0,14,,59441,14,0,31 33,0,54,,59450,14,,,0,14,,59459,14,0,31 33,0,14,,59462,14,,,0,14,,59477,14,,,0,54,,59478,14,,,0,14,,59473,14,,,0,14,,59479,14,,,0,15,,59465,14,,,0,15,,59480,14,,,0,55,,59433,14,,,0,15,,59481,14,,,0,15,,59432,14,,,0,15,,59482,14,,,0,55,,59474,14,,,0,14,,59443,14,0,31 33,0,15,,59427,14,0,31 33,0,15,,59438,14,,,0,55,,59434,14,0,31 33,0,19,,59448,14,0,31 33,0,20,,59435,14,0,31 33,0,61,,59431,14,0,31 33,0,20,,59464,14,0,31 33,0,20,,59456,14,0,31 33,0,60,,59457,14,0,31 33,0,20,,59471,14,0,31 33,0
1000000,'S2-3_4',545,,59483,14,0,31 33,0,60,,59484,14,0,31 33,0,20,,59485,14,0,31 33,0,20,,59486,14,,,0,55,,59512,14,,,0,14,,59501,14,,,0,14,,59536,14,,,0,15,,59522,14,,,0,15,,59527,14,,,0,55,,59537,14,,,0,14,,59514,14,,,0,15,,59524,14,0,31 33,0,15,,59529,14,,,0,56,,59497,14,0,31 33,0,15,,59500,14,,,0,16,,59531,14,0,31 33,0,15,,59530,14,,,0,56,,59519,14,0,31 33,0,15,,59489,14,,,0,16,,59515,14,0,31 33,0,56,,59498,14,,,0,16,,59516,14,0,31 33,0,16,,59510,14,,,0,16,,59507,14,0,31 33,0,56,,59505,14,,,0,16,,59521,14,0,31 33,0,15,,59491,14,,,0,15,,59487,14,0,31 33,0,55,,59533,14,,,0,15,,59513,14,0,31 33,0,16,,59490,14,,,0,16,,59508,14,0,31 33,0,55,,59528,14,,,0,14,,59506,14,0,31 33,0,14,,59503,14,,,0,14,,59502,14,0,31 33,0,54,,59511,14,,,0,14,,59520,14,0,31 33,0,14,,59523,14,,,0,14,,59538,14,,,0,54,,59539,14,,,0,14,,59534,14,,,0,14,,59540,14,,,0,15,,59526,14,,,0,15,,59541,14,,,0,55,,59494,14,,,0,15,,59542,14,,,0,15,,59493,14,,,0,15,,59543,14,,,0,55,,59535,14,,,0,14,,59504,14,0,31 33,0,15,,59488,14,0,31 33,0,15,,59499,14,,,0,55,,59495,14,0,31 33,0,19,,59509,14,0,31 33,0,20,,59496,14,0,31 33,0,61,,59492,14,0,31 33,0,20,,59525,14,0,31 33,0,20,,59517,14,0,31 33,0,60,,59518,14,0,31 33,0,20,,59532,14,0,31 33,0
1000000,'S2-4_7',814,,59544,14,0,31 33,0,40,,59545,14,0,31 33,0,80,,59546,14,0,31 33,0,80,,59547,14,0,31 33,0,40,,59548,14,0,31 33,0,80,,59549,14,0,31 33,0,80,,59550,14,0,31 33,0,40,,59551,14,0,31 33,0,80,,59552,14,0,31 33,0,80,,59553,14,0,31 33,0,40,,59554,14,0,31 33,0,80,,59555,14,0,31 33,0,80,,59556,14,0,31 33,0,40,,59557,14,0,31 33,0,80,,59558,14,0,31 33,0,80,,59559,14,0,31 33,0,40,,59560,14,0,31 33,0,80,,59561,14,0,31 33,0
3000000,'S2-0_6',639,,61159,8,,,0,81,,61160,8,,,0,81,,61161,8,,,0,30,,61162,8,,,0,20,,61163,8,,,0,60,,61164,8,,,0,20,,61165,8,,,0,20,,61166,8,,,0,60,,61167,8,,,0,20,,61168,8,,,0,20,,61169,8,,,0,59,,61170,8,,,0,20,,61171,8,,,0,20,,61172,8,,,0,60,,61173,8,,,0,19,,61174,8,,,0,20,,61175,8,,,0,60,,61176,8,,,0,20,,61177,8,,,0,20,,61178,8,,,0,61,,61179,8,,,0,20,,61180,8,,,0,20,,61181,8,,,0,60,,61182,8,,,0,20,,61183,8,,,0,20,,61184,8,,,0,60,,61185,8,,,0,20,,61186,8,,,0,20,,61187,8,,,0,60,,61188,8,,,0,20,,61189,8,,,0,20,,61190,8,,,0,60,,61191,8,,,0,20,,61192,8,,,0,19,,61193,8,,,0,70,,61194,8,,,0,30,,61195,8,,,0,70,,61196,8,,,0,29,,61197,8,,,0
3000000,'S2-1_7',759,,61198,8,,,0,170,,61199,8,,,0,130,,61200,8,,,0,170,,61201,8,,,0,130,,61202,8,,,0,170,,61203,8,,,0,130,,61204,8,,,0,169,,61205,8,,,0,130,,61206,8,,,0
3000000,'S2-2_1',635,,61248,8,,,0,20,,61247,8,,,0,60,,61207,8,,,0,20,,61208,8,,,0,20,,61209,8,,,0,60,,61210,8,,,0,20,,61211,8,,,0,21,,61212,8,,,0,60,,61213,8,,,0,19,,61214,8,,,0,21,,61215,8,,,0,60,,61216,8,,,0,20,,61217,8,,,0,20,,61218,8,,,0,60,,61219,8,,,0,20,,61220,8,,,0,20,,61221,8,,,0,59,,61222,8,,,0,20,,61223,8,,,0,20,,61224,8,,,0,61,,61225,8,,,0,20,,61226,8,,,0,20,,61227,8,,,0,60,,61228,8,,,0,19,,61229,8,,,0,20,,61230,8,,,0,60,,61231,8,,,0,20,,61232,8,,,0,20,,61233,8,,,0,59,,61234,8,,,0,20,,61235,8,,,0,21,,61236,8,,,0,60,,61237,8,,,0,21,,61238,8,,,0,20,,61239,8,,,0,61,,61240,8,,,0,19,,61241,8,,,0,19,,61242,8,,,0,58,,61243,8,,,0,29,,61244,8,,,0,73,,61245,8,,,0,33,,61246,8,,,0
3000000,'S2-2_2',635,,61290,8,,,0,20,,61289,8,,,0,60,,61249,8,,,0,20,,61250,8,,,0,20,,61251,8,,,0,60,,61252,8,,,0,20,,61253,8,,,0,21,,61254,8,,,0,60,,61255,8,,,0,19,,61256,8,,,0,21,,61257,8,,,0,60,,61258,8,,,0,20,,61259,8,,,0,20,,61260,8,,,0,60,,61261,8,,,0,20,,61262,8,,,0,20,,61263,8,,,0,59,,61264,8,,,0,20,,61265,8,,,0,20,,61266,8,,,0,61,,61267,8,,,0,20,,61268,8,,,0,20,,61269,8,,,0,60,,61270,8,,,0,19,,61271,8,,,0,20,,61272,8,,,0,60,,61273,8,,,0,20,,61274,8,,,0,20,,61275,8,,,0,59,,61276,8,,,0,20,,61277,8,,,0,21,,61278,8,,,0,60,,61279,8,,,0,21,,61280,8,,,0,20,,61281,8,,,0,61,,61282,8,,,0,19,,61283,8,,,0,19,,61284,8,,,0,58,,61285,8,,,0,29,,61286,8,,,0,73,,61287,8,,,0,33,,61288,8,,,0
3000000,'S2-2_3',635,,61332,8,,,0,20,,61331,8,,,0,60,,61291,8,,,0,20,,61292,8,,,0,20,,61293,8,,,0,60,,61294,8,,,0,20,,61295,8,,,0,21,,61296,8,,,0,60,,61297,8,,,0,19,,61298,8,,,0,21,,61299,8,,,0,60,,61300,8,,,0,20,,61301,8,,,0,20,,61302,8,,,0,60,,61303,8,,,0,20,,61304,8,,,0,20,,61305,8,,,0,59,,61306,8,,,0,20,,61307,8,,,0,20,,61308,8,,,0,61,,61309,8,,,0,20,,61310,8,,,0,20,,61311,8,,,0,60,,61312,8,,,0,19,,61313,8,,,0,20,,61314,8,,,0,60,,61315,8,,,0,20,,61316,8,,,0,20,,61317,8,,,0,59,,61318,8,,,0,20,,61319,8,,,0,21,,61320,8,,,0,60,,61321,8,,,0,21,,61322,8,,,0,20,,61323,8,,,0,61,,61324,8,,,0,19,,61325,8,,,0,19,,61326,8,,,0,58,,61327,8,,,0,29,,61328,8,,,0,73,,61329,8,,,0,33,,61330,8,,,0
3000000,'S2-2_4',635,,61374,8,,,0,20,,61373,8,,,0,60,,61333,8,,,0,20,,61334,8,,,0,20,,61335,8,,,0,60,,61336,8,,,0,20,,61337,8,,,0,21,,61338,8,,,0,60,,61339,8,,,0,19,,61340,8,,,0,21,,61341,8,,,0,60,,61342,8,,,0,20,,61343,8,,,0,20,,61344,8,,,0,60,,61345,8,,,0,20,,61346,8,,,0,20,,61347,8,,,0,59,,61348,8,,,0,20,,61349,8,,,0,20,,61350,8,,,0,61,,61351,8,,,0,20,,61352,8,,,0,20,,61353,8,,,0,60,,61354,8,,,0,19,,61355,8,,,0,20,,61356,8,,,0,60,,61357,8,,,0,20,,61358,8,,,0,20,,61359,8,,,0,59,,61360,8,,,0,20,,61361,8,,,0,21,,61362,8,,,0,60,,61363,8,,,0,21,,61364,8,,,0,20,,61365,8,,,0,61,,61366,8,,,0,19,,61367,8,,,0,19,,61368,8,,,0,58,,61369,8,,,0,29,,61370,8,,,0,73,,61371,8,,,0,33,,61372,8,,,0
3000000,'S2-2_5',635,,61416,8,,,0,20,,61415,8,,,0,60,,61375,8,,,0,20,,61376,8,,,0,20,,61377,8,,,0,60,,61378,8,,,0,20,,61379,8,,,0,21,,61380,8,,,0,60,,61381,8,,,0,19,,61382,8,,,0,21,,61383,8,,,0,60,,61384,8,,,0,20,,61385,8,,,0,20,,61386,8,,,0,60,,61387,8,,,0,20,,61388,8,,,0,20,,61389,8,,,0,59,,61390,8,,,0,20,,61391,8,,,0,20,,61392,8,,,0,61,,61393,8,,,0,20,,61394,8,,,0,20,,61395,8,,,0,60,,61396,8,,,0,19,,61397,8,,,0,20,,61398,8,,,0,60,,61399,8,,,0,20,,61400,8,,,0,20,,61401,8,,,0,59,,61402,8,,,0,20,,61403,8,,,0,21,,61404,8,,,0,60,,61405,8,,,0,21,,61406,8,,,0,20,,61407,8,,,0,61,,61408,8,,,0,19,,61409,8,,,0,19,,61410,8,,,0,58,,61411,8,,,0,29,,61412,8,,,0,73,,61413,8,,,0,33,,61414,8,,,0
3000000,'S2-3_1',635,,61458,8,,,0,20,,61457,8,,,0,60,,61417,8,,,0,20,,61418,8,,,0,20,,61419,8,,,0,60,,61420,8,,,0,20,,61421,8,,,0,21,,61422,8,,,0,60,,61423,8,,,0,19,,61424,8,,,0,21,,61425,8,,,0,60,,61426,8,,,0,20,,61427,8,,,0,20,,61428,8,,,0,60,,61429,8,,,0,20,,61430,8,,,0,20,,61431,8,,,0,59,,61432,8,,,0,20,,61433,8,,,0,20,,61434,8,,,0,61,,61435,8,,,0,20,,61436,8,,,0,20,,61437,8,,,0,60,,61438,8,,,0,19,,61439,8,,,0,20,,61440,8,,,0,60,,61441,8,,,0,20,,61442,8,,,0,20,,61443,8,,,0,59,,61444,8,,,0,20,,61445,8,,,0,21,,61446,8,,,0,60,,61447,8,,,0,21,,61448,8,,,0,20,,61449,8,,,0,61,,61450,8,,,0,19,,61451,8,,,0,19,,61452,8,,,0,58,,61453,8,,,0,29,,61454,8,,,0,73,,61455,8,,,0,33,,61456,8,,,0
3000000,'S2-3_3',635,,61500,8,,,0,20,,61499,8,,,0,60,,61459,8,,,0,20,,61460,8,,,0,20,,61461,8,,,0,60,,61462,8,,,0,20,,61463,8,,,0,21,,61464,8,,,0,60,,61465,8,,,0,19,,61466,8,,,0,21,,61467,8,,,0,60,,61468,8,,,0,20,,61469,8,,,0,20,,61470,8,,,0,60,,61471,8,,,0,20,,61472,8,,,0,20,,61473,8,,,0,59,,61474,8,,,0,20,,61475,8,,,0,20,,61476,8,,,0,61,,61477,8,,,0,20,,61478,8,,,0,20,,61479,8,,,0,60,,61480,8,,,0,19,,61481,8,,,0,20,,61482,8,,,0,60,,61483,8,,,0,20,,61484,8,,,0,20,,61485,8,,,0,59,,61486,8,,,0,20,,61487,8,,,0,21,,61488,8,,,0,60,,61489,8,,,0,21,,61490,8,,,0,20,,61491,8,,,0,61,,61492,8,,,0,19,,61493,8,,,0,19,,61494,8,,,0,58,,61495,8,,,0,29,,61496,8,,,0,73,,61497,8,,,0,33,,61498,8,,,0
3000000,'S2-3_4',635,,61542,8,,,0,20,,61541,8,,,0,60,,61501,8,,,0,20,,61502,8,,,0,20,,61503,8,,,0,60,,61504,8,,,0,20,,61505,8,,,0,21,,61506,8,,,0,60,,61507,8,,,0,19,,61508,8,,,0,21,,61509,8,,,0,60,,61510,8,,,0,20,,61511,8,,,0,20,,61512,8,,,0,60,,61513,8,,,0,20,,61514,8,,,0,20,,61515,8,,,0,59,,61516,8,,,0,20,,61517,8,,,0,20,,61518,8,,,0,61,,61519,8,,,0,20,,61520,8,,,0,20,,61521,8,,,0,60,,61522,8,,,0,19,,61523,8,,,0,20,,61524,8,,,0,60,,61525,8,,,0,20,,61526,8,,,0,20,,61527,8,,,0,59,,61528,8,,,0,20,,61529,8,,,0,21,,61530,8,,,0,60,,61531,8,,,0,21,,61532,8,,,0,20,,61533,8,,,0,61,,61534,8,,,0,19,,61535,8,,,0,19,,61536,8,,,0,58,,61537,8,,,0,29,,61538,8,,,0,73,,61539,8,,,0,33,,61540,8,,,0
3000000,'S2-4_7',759,,61543,8,,,0,170,,61544,8,,,0,130,,61545,8,,,0,170,,61546,8,,,0,130,,61547,8,,,0,170,,61548,8,,,0,130,,61549,8,,,0,169,,61550,8,,,0,130,,61551,8,,,0
