1500,'0_5',735,,32538,12,,,0,21,,32539,12,,,0,154,,32540,12,,,0,117,,32541,12,,,0,118,,32542,12,,,0,80,,32543,12,,,0,75,,32544,12,,,0,57,,32545,12,,,0,159,,32537,12,0,44,0,103,,32546,12,,,0,109,,32547,12,,,0,98,,32548,12,,,0,111,,32549,12,,,0
1500,'2_6',735,,32564,12,,,0,21,,32565,12,,,0,154,,32566,12,,,0,117,,32567,12,,,0,118,,32568,12,,,0,80,,32569,12,,,0,75,,32570,12,,,0,57,,32571,12,,,0,159,,32563,12,0,44,0,103,,32572,12,,,0,109,,32573,12,,,0,98,,32574,12,,,0,111,,32575,12,,,0
1500,'5_1',735,,37740,12,,,0,21,,37741,12,,,0,154,,37742,12,,,0,117,,37743,12,,,0,118,,37744,12,,,0,80,,37745,12,,,0,75,,37746,12,,,0,57,,37747,12,,,0,159,,37739,12,0,44,0,103,,37748,12,,,0,109,,37749,12,,,0,98,,37750,12,,,0,111,,37751,12,,,0
1500,'5_2',735,,40428,12,,,0,21,,40429,12,,,0,154,,40430,12,,,0,117,,40431,12,,,0,118,,40432,12,,,0,80,,40433,12,,,0,75,,40434,12,,,0,57,,40435,12,,,0,159,,40427,12,0,44,0,103,,40436,12,,,0,109,,40437,12,,,0,98,,40438,12,,,0,111,,40439,12,,,0
1500,'5_3',735,,40441,12,,,0,21,,40442,12,,,0,154,,40443,12,,,0,117,,40444,12,,,0,118,,40445,12,,,0,80,,40446,12,,,0,75,,40447,12,,,0,57,,40448,12,,,0,159,,40440,12,0,44,0,103,,40449,12,,,0,109,,40450,12,,,0,98,,40451,12,,,0,111,,40452,12,,,0
1500,'5_4',735,,40454,12,,,0,21,,40455,12,,,0,154,,40456,12,,,0,117,,40457,12,,,0,118,,40458,12,,,0,80,,40459,12,,,0,75,,40460,12,,,0,57,,40461,12,,,0,159,,40453,12,0,44,0,103,,40462,12,,,0,109,,40463,12,,,0,98,,40464,12,,,0,111,,40465,12,,,0
1500,'5_5',735,,40467,12,,,0,21,,40468,12,,,0,154,,40469,12,,,0,117,,40470,12,,,0,118,,40471,12,,,0,80,,40472,12,,,0,75,,40473,12,,,0,57,,40474,12,,,0,159,,40466,12,0,44,0,103,,40475,12,,,0,109,,40476,12,,,0,98,,40477,12,,,0,111,,40478,12,,,0
1500,'6_1',735,,40480,12,,,0,21,,40481,12,,,0,154,,40482,12,,,0,117,,40483,12,,,0,118,,40484,12,,,0,80,,40485,12,,,0,75,,40486,12,,,0,57,,40487,12,,,0,159,,40479,12,0,44,0,103,,40488,12,,,0,109,,40489,12,,,0,98,,40490,12,,,0,111,,40491,12,,,0
2000,'0_5',1648,,33025,10,,,0,106,,33026,10,,,0,90,,33027,10,,,0
2501,'0_5',657,,33324,9,,,0,68,,33325,9,,,0,87,,33326,9,,,0,37,,33327,9,,,0,76,,33328,9,,,0,112,,33329,9,,,0,166,,33330,9,,,0,120,,33331,9,,,0,116,,33332,9,,,0,117,,33333,9,,,0,97,,33334,9,,,0,103,,33335,9,,,0,160,,33336,9,,,0
2501,'2_6',702,,33350,9,,,0,111,,33351,9,,,0,125,,33352,9,,,0,112,,33353,9,,,0,153,,33354,9,,,0,128,,33355,9,,,0,128,,33356,9,,,0,159,,33357,9,,,0,120,,33358,9,,,0,120,,33359,9,,,0
2501,'5_1',656,,37801,9,,,0,68,,37811,9,,,0,87,,37802,9,,,0,37,,37812,9,,,0,90,,37803,9,,,0,112,,37804,9,,,0,153,,37805,9,,,0,128,,37806,9,,,0,128,,37807,9,,,0,159,,37808,9,,,0,120,,37809,9,,,0,120,,37810,9,,,0
2501,'5_2',656,,40740,9,,,0,68,,40750,9,,,0,87,,40741,9,,,0,37,,40751,9,,,0,90,,40742,9,,,0,112,,40743,9,,,0,153,,40744,9,,,0,128,,40745,9,,,0,128,,40746,9,,,0,159,,40747,9,,,0,120,,40748,9,,,0,120,,40749,9,,,0
2501,'5_3',656,,40752,9,,,0,68,,40762,9,,,0,87,,40753,9,,,0,37,,40763,9,,,0,90,,40754,9,,,0,112,,40755,9,,,0,153,,40756,9,,,0,128,,40757,9,,,0,128,,40758,9,,,0,159,,40759,9,,,0,120,,40760,9,,,0,120,,40761,9,,,0
2501,'5_4',656,,40764,9,,,0,68,,40774,9,,,0,87,,40765,9,,,0,37,,40775,9,,,0,90,,40766,9,,,0,112,,40767,9,,,0,153,,40768,9,,,0,128,,40769,9,,,0,128,,40770,9,,,0,159,,40771,9,,,0,120,,40772,9,,,0,120,,40773,9,,,0
2501,'5_5',656,,40776,9,,,0,68,,40786,9,,,0,87,,40777,9,,,0,37,,40787,9,,,0,90,,40778,9,,,0,112,,40779,9,,,0,153,,40780,9,,,0,128,,40781,9,,,0,128,,40782,9,,,0,159,,40783,9,,,0,120,,40784,9,,,0,120,,40785,9,,,0
2501,'6_1',656,,40788,9,,,0,68,,40798,9,,,0,87,,40789,9,,,0,37,,40799,9,,,0,90,,40790,9,,,0,112,,40791,9,,,0,153,,40792,9,,,0,128,,40793,9,,,0,128,,40794,9,,,0,159,,40795,9,,,0,120,,40796,9,,,0,120,,40797,9,,,0
4000000,'0_5',649,,36934,14,0,45,0,58,,36890,14,0,46,0,28,,36912,14,0,45,0,68,,36891,14,0,46,0,15,,36913,14,0,45,0,19,,36892,14,0,46,0,22,,36914,14,0,45,0,61,,36893,14,0,46,0,16,,36915,14,0,45,0,20,,36894,14,0,46,0,59,,36916,14,0,45,0,19,,36895,14,0,46,0,20,,36917,14,0,45,0,61,,36896,14,0,46,0,20,,36918,14,0,45,0,19,,36897,14,0,46,0,65,,36919,14,0,45,0,18,,36898,14,0,46,0,18,,36920,14,0,45,0,58,,36899,14,0,46,0,20,,36921,14,0,45,0,23,,36900,14,0,46,0,61,,36922,14,0,45,0,20,,36901,14,0,46,0,19,,36923,14,0,45,0,61,,36902,14,0,46,0,22,,36924,14,0,45,0,18,,36903,14,0,46,0,62,,36925,14,0,45,0,22,,36904,14,0,46,0,62,,36926,14,0,45,0,30,,36905,14,0,46,0,18,,36927,14,0,45,0,58,,36906,14,0,46,0,16,,36928,14,0,45,0,17,,36907,14,0,46,0,15,,36929,14,0,45,0,55,,36908,14,0,46,0,19,,36930,14,0,45,0,19,,36909,14,0,46,0,60,,36931,14,0,45,0,19,,36910,14,0,46,0
4000000,'2_6',649,,37024,14,0,46,0,58,,36980,14,0,45,0,23,,37002,14,0,46,0,20,,36981,14,0,45,0,60,,37003,14,0,46,0,21,,36982,14,0,45,0,20,,37004,14,0,46,0,60,,36983,14,0,45,0,21,,37005,14,0,46,0,22,,36984,14,0,45,0,59,,37006,14,0,46,0,21,,36985,14,0,45,0,22,,37007,14,0,46,0,61,,36986,14,0,45,0,21,,37008,14,0,46,0,21,,36987,14,0,45,0,62,,37009,14,0,46,0,20,,36988,14,0,45,0,59,,37010,14,0,45,0,21,,36989,14,0,46,0,21,,37011,14,0,45,0,58,,36990,14,0,46,0,19,,37012,14,0,45,0,18,,36991,14,0,46,0,19,,37013,14,0,45,0,60,,36992,14,0,46,0,20,,37014,14,0,45,0,20,,36993,14,0,46,0,60,,37015,14,0,45,0,22,,36994,14,0,46,0,21,,37016,14,0,45,0,61,,36995,14,0,46,0,19,,37017,14,0,45,0,20,,36996,14,0,46,0,58,,37018,14,0,45,0,19,,36997,14,0,46,0,18,,37019,14,0,45,0,58,,36998,14,0,46,0,20,,37020,14,0,45,0,19,,36999,14,0,46,0,60,,37021,14,0,45,0,19,,37000,14,0,46,0
4000000,'3_7',837,,37025,14,0,46,0,110,,37030,14,0,45,0,110,,37026,14,0,46,0,150,,37031,14,0,45,0,110,,37027,14,0,46,0,110,,37032,14,0,45,0,110,,37028,14,0,46,0,110,,37033,14,0,45,0,110,,37029,14,0,46,0,150,,37034,14,0,45,0
4000000,'5_1',649,,38313,14,0,46,0,58,,38269,14,0,45,0,23,,38291,14,0,46,0,20,,38270,14,0,45,0,60,,38292,14,0,46,0,21,,38271,14,0,45,0,20,,38293,14,0,46,0,60,,38272,14,0,45,0,21,,38294,14,0,46,0,22,,38273,14,0,45,0,59,,38295,14,0,46,0,21,,38274,14,0,45,0,22,,38296,14,0,46,0,61,,38275,14,0,45,0,21,,38297,14,0,46,0,21,,38276,14,0,45,0,62,,38298,14,0,46,0,20,,38277,14,0,45,0,59,,38299,14,0,45,0,21,,38278,14,0,46,0,21,,38300,14,0,45,0,58,,38279,14,0,46,0,19,,38301,14,0,45,0,18,,38280,14,0,46,0,19,,38302,14,0,45,0,60,,38281,14,0,46,0,20,,38303,14,0,45,0,20,,38282,14,0,46,0,60,,38304,14,0,45,0,22,,38283,14,0,46,0,21,,38305,14,0,45,0,61,,38284,14,0,46,0,19,,38306,14,0,45,0,20,,38285,14,0,46,0,58,,38307,14,0,45,0,19,,38286,14,0,46,0,18,,38308,14,0,45,0,58,,38287,14,0,46,0,20,,38309,14,0,45,0,19,,38288,14,0,46,0,60,,38310,14,0,45,0,19,,38289,14,0,46,0
4000000,'5_2',649,,43124,14,0,46,0,58,,43080,14,0,45,0,23,,43102,14,0,46,0,20,,43081,14,0,45,0,60,,43103,14,0,46,0,21,,43082,14,0,45,0,20,,43104,14,0,46,0,60,,43083,14,0,45,0,21,,43105,14,0,46,0,22,,43084,14,0,45,0,59,,43106,14,0,46,0,21,,43085,14,0,45,0,22,,43107,14,0,46,0,61,,43086,14,0,45,0,21,,43108,14,0,46,0,21,,43087,14,0,45,0,62,,43109,14,0,46,0,20,,43088,14,0,45,0,59,,43110,14,0,45,0,21,,43089,14,0,46,0,21,,43111,14,0,45,0,58,,43090,14,0,46,0,19,,43112,14,0,45,0,18,,43091,14,0,46,0,19,,43113,14,0,45,0,60,,43092,14,0,46,0,20,,43114,14,0,45,0,20,,43093,14,0,46,0,60,,43115,14,0,45,0,22,,43094,14,0,46,0,21,,43116,14,0,45,0,61,,43095,14,0,46,0,19,,43117,14,0,45,0,20,,43096,14,0,46,0,58,,43118,14,0,45,0,19,,43097,14,0,46,0,18,,43119,14,0,45,0,58,,43098,14,0,46,0,20,,43120,14,0,45,0,19,,43099,14,0,46,0,60,,43121,14,0,45,0,19,,43100,14,0,46,0
4000000,'5_3',649,,43169,14,0,46,0,58,,43125,14,0,45,0,23,,43147,14,0,46,0,20,,43126,14,0,45,0,60,,43148,14,0,46,0,21,,43127,14,0,45,0,20,,43149,14,0,46,0,60,,43128,14,0,45,0,21,,43150,14,0,46,0,22,,43129,14,0,45,0,59,,43151,14,0,46,0,21,,43130,14,0,45,0,22,,43152,14,0,46,0,61,,43131,14,0,45,0,21,,43153,14,0,46,0,21,,43132,14,0,45,0,62,,43154,14,0,46,0,20,,43133,14,0,45,0,59,,43155,14,0,45,0,21,,43134,14,0,46,0,21,,43156,14,0,45,0,58,,43135,14,0,46,0,19,,43157,14,0,45,0,18,,43136,14,0,46,0,19,,43158,14,0,45,0,60,,43137,14,0,46,0,20,,43159,14,0,45,0,20,,43138,14,0,46,0,60,,43160,14,0,45,0,22,,43139,14,0,46,0,21,,43161,14,0,45,0,61,,43140,14,0,46,0,19,,43162,14,0,45,0,20,,43141,14,0,46,0,58,,43163,14,0,45,0,19,,43142,14,0,46,0,18,,43164,14,0,45,0,58,,43143,14,0,46,0,20,,43165,14,0,45,0,19,,43144,14,0,46,0,60,,43166,14,0,45,0,19,,43145,14,0,46,0
4000000,'5_4',649,,43214,14,0,46,0,58,,43170,14,0,45,0,23,,43192,14,0,46,0,20,,43171,14,0,45,0,60,,43193,14,0,46,0,21,,43172,14,0,45,0,20,,43194,14,0,46,0,60,,43173,14,0,45,0,21,,43195,14,0,46,0,22,,43174,14,0,45,0,59,,43196,14,0,46,0,21,,43175,14,0,45,0,22,,43197,14,0,46,0,61,,43176,14,0,45,0,21,,43198,14,0,46,0,21,,43177,14,0,45,0,62,,43199,14,0,46,0,20,,43178,14,0,45,0,59,,43200,14,0,45,0,21,,43179,14,0,46,0,21,,43201,14,0,45,0,58,,43180,14,0,46,0,19,,43202,14,0,45,0,18,,43181,14,0,46,0,19,,43203,14,0,45,0,60,,43182,14,0,46,0,20,,43204,14,0,45,0,20,,43183,14,0,46,0,60,,43205,14,0,45,0,22,,43184,14,0,46,0,21,,43206,14,0,45,0,61,,43185,14,0,46,0,19,,43207,14,0,45,0,20,,43186,14,0,46,0,58,,43208,14,0,45,0,19,,43187,14,0,46,0,18,,43209,14,0,45,0,58,,43188,14,0,46,0,20,,43210,14,0,45,0,19,,43189,14,0,46,0,60,,43211,14,0,45,0,19,,43190,14,0,46,0
4000000,'5_5',649,,43259,14,0,46,0,58,,43215,14,0,45,0,23,,43237,14,0,46,0,20,,43216,14,0,45,0,60,,43238,14,0,46,0,21,,43217,14,0,45,0,20,,43239,14,0,46,0,60,,43218,14,0,45,0,21,,43240,14,0,46,0,22,,43219,14,0,45,0,59,,43241,14,0,46,0,21,,43220,14,0,45,0,22,,43242,14,0,46,0,61,,43221,14,0,45,0,21,,43243,14,0,46,0,21,,43222,14,0,45,0,62,,43244,14,0,46,0,20,,43223,14,0,45,0,59,,43245,14,0,45,0,21,,43224,14,0,46,0,21,,43246,14,0,45,0,58,,43225,14,0,46,0,19,,43247,14,0,45,0,18,,43226,14,0,46,0,19,,43248,14,0,45,0,60,,43227,14,0,46,0,20,,43249,14,0,45,0,20,,43228,14,0,46,0,60,,43250,14,0,45,0,22,,43229,14,0,46,0,21,,43251,14,0,45,0,61,,43230,14,0,46,0,19,,43252,14,0,45,0,20,,43231,14,0,46,0,58,,43253,14,0,45,0,19,,43232,14,0,46,0,18,,43254,14,0,45,0,58,,43233,14,0,46,0,20,,43255,14,0,45,0,19,,43234,14,0,46,0,60,,43256,14,0,45,0,19,,43235,14,0,46,0
4000000,'6_1',649,,43304,14,0,46,0,58,,43260,14,0,45,0,23,,43282,14,0,46,0,20,,43261,14,0,45,0,60,,43283,14,0,46,0,21,,43262,14,0,45,0,20,,43284,14,0,46,0,60,,43263,14,0,45,0,21,,43285,14,0,46,0,22,,43264,14,0,45,0,59,,43286,14,0,46,0,21,,43265,14,0,45,0,22,,43287,14,0,46,0,61,,43266,14,0,45,0,21,,43288,14,0,46,0,21,,43267,14,0,45,0,62,,43289,14,0,46,0,20,,43268,14,0,45,0,59,,43290,14,0,45,0,21,,43269,14,0,46,0,21,,43291,14,0,45,0,58,,43270,14,0,46,0,19,,43292,14,0,45,0,18,,43271,14,0,46,0,19,,43293,14,0,45,0,60,,43272,14,0,46,0,20,,43294,14,0,45,0,20,,43273,14,0,46,0,60,,43295,14,0,45,0,22,,43274,14,0,46,0,21,,43296,14,0,45,0,61,,43275,14,0,46,0,19,,43297,14,0,45,0,20,,43276,14,0,46,0,58,,43298,14,0,45,0,19,,43277,14,0,46,0,18,,43299,14,0,45,0,58,,43278,14,0,46,0,20,,43300,14,0,45,0,19,,43279,14,0,46,0,60,,43301,14,0,45,0,19,,43280,14,0,46,0
4000001,'0_5',645,,37176,9,,,0,58,,37194,7,,,0,17,,37177,9,,,0,18,,37218,7,,,0,63,,37178,9,,,0,20,,37195,7,,,0,21,,37179,9,,,0,60,,37196,7,,,0,21,,37180,9,,,0,20,,37197,7,,,0,59,,37217,9,,,0,20,,37198,7,,,0,20,,37181,9,,,0,60,,37199,7,,,0,21,,37182,9,,,0,19,,37200,7,,,0,58,,37183,9,,,0,22,,37201,7,,,0,20,,37184,9,,,0,60,,37202,7,,,0,19,,37185,9,,,0,20,,37203,7,,,0,60,,37216,9,,,0,21,,37204,7,,,0,19,,37186,9,,,0,59,,37205,7,,,0,20,,37187,9,,,0,20,,37206,7,,,0,18,,37215,9,,,0,60,,37207,7,,,0,17,,37188,9,,,0,20,,37208,7,,,0,59,,37189,9,,,0,23,,37209,7,,,0,21,,37190,9,,,0,62,,37210,7,,,0,22,,37191,9,,,0,61,,37211,7,,,0,22,,37192,9,,,0,20,,37212,7,,,0,61,,37213,7,,,0,20,,37193,9,,,0,30,,37214,7,,,0
4000001,'2_6',645,,37262,9,,,0,59,,37283,7,,,0,20,,37263,9,,,0,20,,37284,7,,,0,59,,37264,9,,,0,20,,37285,7,,,0,20,,37265,9,,,0,61,,37286,7,,,0,20,,37266,9,,,0,21,,37287,7,,,0,61,,37267,9,,,0,20,,37288,7,,,0,21,,37268,9,,,0,61,,37289,7,,,0,22,,37269,9,,,0,20,,37290,7,,,0,63,,37270,9,,,0,21,,37291,7,,,0,21,,37271,9,,,0,58,,37292,7,,,0,18,,37272,9,,,0,17,,37293,7,,,0,58,,37273,9,,,0,19,,37294,7,,,0,20,,37274,9,,,0,60,,37295,7,,,0,20,,37275,9,,,0,20,,37296,7,,,0,59,,37276,9,,,0,19,,37297,7,,,0,20,,37277,9,,,0,60,,37298,7,,,0,20,,37278,9,,,0,20,,37299,7,,,0,61,,37279,9,,,0,21,,37300,7,,,0,20,,37280,9,,,0,60,,37301,7,,,0,20,,37281,7,,,0,21,,37302,9,,,0,61,,37304,7,,,0,20,,37282,9,,,0,30,,37303,7,,,0
4000001,'3_7',902,,37306,9,,,0,110,,37311,7,,,0,110,,37307,9,,,0,110,,37312,7,,,0,110,,37308,9,,,0,110,,37313,7,,,0,150,,37309,9,,,0,110,,37314,7,,,0,110,,37310,9,,,0,110,,37305,7,,,0
4000001,'5_1',645,,38314,9,,,0,59,,38335,7,,,0,20,,38315,9,,,0,20,,38336,7,,,0,59,,38316,9,,,0,20,,38337,7,,,0,20,,38317,9,,,0,61,,38338,7,,,0,20,,38318,9,,,0,21,,38339,7,,,0,61,,38319,9,,,0,20,,38340,7,,,0,21,,38320,9,,,0,61,,38341,7,,,0,22,,38321,9,,,0,20,,38342,7,,,0,63,,38322,9,,,0,21,,38343,7,,,0,21,,38323,9,,,0,58,,38344,7,,,0,18,,38324,9,,,0,17,,38345,7,,,0,58,,38325,9,,,0,19,,38346,7,,,0,20,,38326,9,,,0,60,,38347,7,,,0,20,,38327,9,,,0,20,,38348,7,,,0,59,,38328,9,,,0,19,,38349,7,,,0,20,,38329,9,,,0,60,,38350,7,,,0,20,,38330,9,,,0,20,,38351,7,,,0,61,,38331,9,,,0,21,,38352,7,,,0,20,,38332,9,,,0,60,,38353,7,,,0,20,,38333,7,,,0,21,,38354,9,,,0,61,,38355,7,,,0,20,,38334,9,,,0,30,,38356,7,,,0
4000001,'5_2',645,,43305,9,,,0,59,,43326,7,,,0,20,,43306,9,,,0,20,,43327,7,,,0,59,,43307,9,,,0,20,,43328,7,,,0,20,,43308,9,,,0,61,,43329,7,,,0,20,,43309,9,,,0,21,,43330,7,,,0,61,,43310,9,,,0,20,,43331,7,,,0,21,,43311,9,,,0,61,,43332,7,,,0,22,,43312,9,,,0,20,,43333,7,,,0,63,,43313,9,,,0,21,,43334,7,,,0,21,,43314,9,,,0,58,,43335,7,,,0,18,,43315,9,,,0,17,,43336,7,,,0,58,,43316,9,,,0,19,,43337,7,,,0,20,,43317,9,,,0,60,,43338,7,,,0,20,,43318,9,,,0,20,,43339,7,,,0,59,,43319,9,,,0,19,,43340,7,,,0,20,,43320,9,,,0,60,,43341,7,,,0,20,,43321,9,,,0,20,,43342,7,,,0,61,,43322,9,,,0,21,,43343,7,,,0,20,,43323,9,,,0,60,,43344,7,,,0,20,,43324,7,,,0,21,,43345,9,,,0,61,,43346,7,,,0,20,,43325,9,,,0,30,,43347,7,,,0
4000001,'5_3',645,,43348,9,,,0,59,,43369,7,,,0,20,,43349,9,,,0,20,,43370,7,,,0,59,,43350,9,,,0,20,,43371,7,,,0,20,,43351,9,,,0,61,,43372,7,,,0,20,,43352,9,,,0,21,,43373,7,,,0,61,,43353,9,,,0,20,,43374,7,,,0,21,,43354,9,,,0,61,,43375,7,,,0,22,,43355,9,,,0,20,,43376,7,,,0,63,,43356,9,,,0,21,,43377,7,,,0,21,,43357,9,,,0,58,,43378,7,,,0,18,,43358,9,,,0,17,,43379,7,,,0,58,,43359,9,,,0,19,,43380,7,,,0,20,,43360,9,,,0,60,,43381,7,,,0,20,,43361,9,,,0,20,,43382,7,,,0,59,,43362,9,,,0,19,,43383,7,,,0,20,,43363,9,,,0,60,,43384,7,,,0,20,,43364,9,,,0,20,,43385,7,,,0,61,,43365,9,,,0,21,,43386,7,,,0,20,,43366,9,,,0,60,,43387,7,,,0,20,,43367,7,,,0,21,,43388,9,,,0,61,,43389,7,,,0,20,,43368,9,,,0,30,,43390,7,,,0
4000001,'5_4',645,,43391,9,,,0,59,,43412,7,,,0,20,,43392,9,,,0,20,,43413,7,,,0,59,,43393,9,,,0,20,,43414,7,,,0,20,,43394,9,,,0,61,,43415,7,,,0,20,,43395,9,,,0,21,,43416,7,,,0,61,,43396,9,,,0,20,,43417,7,,,0,21,,43397,9,,,0,61,,43418,7,,,0,22,,43398,9,,,0,20,,43419,7,,,0,63,,43399,9,,,0,21,,43420,7,,,0,21,,43400,9,,,0,58,,43421,7,,,0,18,,43401,9,,,0,17,,43422,7,,,0,58,,43402,9,,,0,19,,43423,7,,,0,20,,43403,9,,,0,60,,43424,7,,,0,20,,43404,9,,,0,20,,43425,7,,,0,59,,43405,9,,,0,19,,43426,7,,,0,20,,43406,9,,,0,60,,43427,7,,,0,20,,43407,9,,,0,20,,43428,7,,,0,61,,43408,9,,,0,21,,43429,7,,,0,20,,43409,9,,,0,60,,43430,7,,,0,20,,43410,7,,,0,21,,43431,9,,,0,61,,43432,7,,,0,20,,43411,9,,,0,30,,43433,7,,,0
4000001,'5_5',645,,43434,9,,,0,59,,43455,7,,,0,20,,43435,9,,,0,20,,43456,7,,,0,59,,43436,9,,,0,20,,43457,7,,,0,20,,43437,9,,,0,61,,43458,7,,,0,20,,43438,9,,,0,21,,43459,7,,,0,61,,43439,9,,,0,20,,43460,7,,,0,21,,43440,9,,,0,61,,43461,7,,,0,22,,43441,9,,,0,20,,43462,7,,,0,63,,43442,9,,,0,21,,43463,7,,,0,21,,43443,9,,,0,58,,43464,7,,,0,18,,43444,9,,,0,17,,43465,7,,,0,58,,43445,9,,,0,19,,43466,7,,,0,20,,43446,9,,,0,60,,43467,7,,,0,20,,43447,9,,,0,20,,43468,7,,,0,59,,43448,9,,,0,19,,43469,7,,,0,20,,43449,9,,,0,60,,43470,7,,,0,20,,43450,9,,,0,20,,43471,7,,,0,61,,43451,9,,,0,21,,43472,7,,,0,20,,43452,9,,,0,60,,43473,7,,,0,20,,43453,7,,,0,21,,43474,9,,,0,61,,43475,7,,,0,20,,43454,9,,,0,30,,43476,7,,,0
4000001,'6_1',645,,43477,9,,,0,59,,43498,7,,,0,20,,43478,9,,,0,20,,43499,7,,,0,59,,43479,9,,,0,20,,43500,7,,,0,20,,43480,9,,,0,61,,43501,7,,,0,20,,43481,9,,,0,21,,43502,7,,,0,61,,43482,9,,,0,20,,43503,7,,,0,21,,43483,9,,,0,61,,43504,7,,,0,22,,43484,9,,,0,20,,43505,7,,,0,63,,43485,9,,,0,21,,43506,7,,,0,21,,43486,9,,,0,58,,43507,7,,,0,18,,43487,9,,,0,17,,43508,7,,,0,58,,43488,9,,,0,19,,43509,7,,,0,20,,43489,9,,,0,60,,43510,7,,,0,20,,43490,9,,,0,20,,43511,7,,,0,59,,43491,9,,,0,19,,43512,7,,,0,20,,43492,9,,,0,60,,43513,7,,,0,20,,43493,9,,,0,20,,43514,7,,,0,61,,43494,9,,,0,21,,43515,7,,,0,20,,43495,9,,,0,60,,43516,7,,,0,20,,43496,7,,,0,21,,43517,9,,,0,61,,43518,7,,,0,20,,43497,9,,,0,30,,43519,7,,,0
