701,'2509-HIV-25k03H-s-Samedi-00',709,,10538,,,0,110,,10539,,,0,111,,10540,,,0,110,,10541,,,0,111,,10542,,,0,149,,10543,,,0,110,,10544,,,0,111,,10545,,,0,109,,10546,,,0,110,,10536,,,0,111,,10537,,,0
701,'2509-HIV-25l22Vlv-Semaine-00',709,,10547,,,0,110,,10548,,,0,110,,10549,,,0,110,,10550,,,0,111,,10551,,,0,150,,10552,,,0,109,,10553,,,0,108,,10554,,,0,110,,10555,,,0,110,,10556,,,0,113,,10557,,,0
701,'2509-HIV-26a05H-s-Samedi-00',709,,10560,,,0,110,,10561,,,0,111,,10562,,,0,110,,10563,,,0,111,,10564,,,0,149,,10565,,,0,110,,10566,,,0,111,,10567,,,0,109,,10568,,,0,110,,10558,,,0,111,,10559,,,0
701,'2509-HIV-26a05H-w-Mercredi-00',709,,10569,,,0,110,,10570,,,0,110,,10571,,,0,110,,10572,,,0,111,,10573,,,0,150,,10574,,,0,109,,10575,,,0,108,,10576,,,0,110,,10577,,,0,110,,10578,,,0,113,,10579,,,0
701,'2509-HIV-26a05Hlv-L-Ma-J-V-00',709,,10580,,,0,110,,10581,,,0,110,,10582,,,0,110,,10583,,,0,111,,10584,,,0,150,,10585,,,0,109,,10586,,,0,108,,10587,,,0,110,,10588,,,0,110,,10589,,,0,113,,10590,,,0
701,'2509-HIV-26b23Vlv-Semaine-00',709,,10591,,,0,110,,10592,,,0,110,,10593,,,0,110,,10594,,,0,111,,10595,,,0,150,,10596,,,0,109,,10597,,,0,108,,10598,,,0,110,,10599,,,0,110,,10600,,,0,113,,10601,,,0
701,'2509-HIV-26c02Vlv-Semaine-00',709,,10602,,,0,110,,10603,,,0,110,,10604,,,0,110,,10605,,,0,111,,10606,,,0,150,,10607,,,0,109,,10608,,,0,108,,10609,,,0,110,,10610,,,0,110,,10611,,,0,113,,10612,,,0
2401,'2509-HIV-26a05H-w-Mercredi-00',733,,11793,0,26 27,0
2401,'2509-HIV-26a05H-w-Mercredi-00-0010000',1250,,11794,,,0
2401,'2509-HIV-26a05Hlv-L-Ma-J-V-00',733,,11795,0,26 27,0
2401,'2509-HIV-26a05Hlv-L-Ma-J-V-00-1101100',1628,,11796,,,0,104,,11797,,,0,94,,11798,,,0
