400,'2_6',825,,31215,6,0,40,0,198,,31216,6,0,40,0,200,,31217,6,0,40,0,201,,31218,6,0,40,0,202,,31219,6,0,40,0,209,,31220,6,0,40,0
400,'5_5',925,,39396,6,0,40,0,301,,39413,6,0,40,0,125,,39405,6,0,40,0,103,,39406,6,0,40,0,175,,39414,6,0,40,0,106,,39408,6,0,40,0,165,,39410,6,0,40,0
400,'6_1',925,,39424,6,0,40,0,301,,39441,6,0,40,0,125,,39433,6,0,40,0,103,,39434,6,0,40,0,175,,39442,6,0,40,0,106,,39436,6,0,40,0,165,,39438,6,0,40,0
400,'6_2',925,,44095,6,0,40,0,301,,44112,6,0,40,0,125,,44104,6,0,40,0,103,,44105,6,0,40,0,175,,44113,6,0,40,0,106,,44107,6,0,40,0,165,,44109,6,0,40,0
400,'6_3',925,,44123,6,0,40,0,301,,44140,6,0,40,0,125,,44132,6,0,40,0,103,,44133,6,0,40,0,175,,44141,6,0,40,0,106,,44135,6,0,40,0,165,,44137,6,0,40,0
400,'6_4',925,,44151,6,0,40,0,301,,44168,6,0,40,0,125,,44160,6,0,40,0,103,,44161,6,0,40,0,175,,44169,6,0,40,0,106,,44163,6,0,40,0,165,,44165,6,0,40,0
400,'7_1',924,,46897,6,0,40,0,299,,46918,6,0,40,0,125,,46906,6,0,40,0,105,,46907,6,0,40,0,175,,46919,6,0,40,0,85,,46910,6,0,40,0,188,,46913,6,0,40,0
2901200,'5_5',647,,42642,6,,,0,104,,42641,6,,,0
2901200,'6_1',647,,42644,6,,,0,104,,42643,6,,,0
2901200,'6_2',647,,46092,6,,,0,104,,46091,6,,,0
2901200,'6_3',647,,46094,6,,,0,104,,46093,6,,,0
2901200,'6_4',647,,46096,6,,,0,104,,46095,6,,,0
2901200,'7_1',642,,47845,6,,,0,104,,47844,6,,,0
