2600,'2509-HIV-25k03H-s-Samedi-00',741,,3900,,,0,86,,3901,,,0,84,,3902,,,0,45,,3903,,,0,84,,3904,,,0,90,,3905,,,0,84,,3906,,,0,42,,3907,,,0,85,,3908,,,0,85,,3909,,,0,83,,3910,,,0,45,,3911,,,0,91,,3912,,,0,86,,3913,,,0,83,,3914,,,0,44,,3915,,,0,82,,3916,,,0
2600,'2509-HIV-25l22Vlv-Semaine-00',741,,3917,,,0,86,,3918,,,0,84,,3919,,,0,45,,3920,,,0,84,,3921,,,0,90,,3922,,,0,84,,3923,,,0,42,,3924,,,0,85,,3925,,,0,85,,3926,,,0,83,,3927,,,0,45,,3928,,,0,91,,3929,,,0,86,,3930,,,0,83,,3931,,,0,44,,3932,,,0,82,,3933,,,0
2600,'2509-HIV-26a05H-s-Samedi-00',741,,3934,,,0,86,,3935,,,0,84,,3936,,,0,45,,3937,,,0,84,,3938,,,0,90,,3939,,,0,84,,3940,,,0,42,,3941,,,0,85,,3942,,,0,85,,3943,,,0,83,,3944,,,0,45,,3945,,,0,91,,3946,,,0,86,,3947,,,0,83,,3948,,,0,44,,3949,,,0,82,,3950,,,0
2600,'2509-HIV-26a05H-w-Mercredi-00',721,,3951,,,0,17,,3961,,,0,79,,3962,,,0,18,,3963,,,0,83,,3964,,,0,29,,3965,,,0,95,,3952,,,0,99,,3953,,,0,97,,3954,,,0,67,,3955,,,0,30,,3969,,,0,95,,3970,,,0,112,,3956,,,0,86,,3957,,,0,26,,3966,,,0,73,,3967,,,0,20,,3958,,,0,67,,3959,,,0,29,,3960,,,0,68,,3971,,,0
2600,'2509-HIV-26a05Hlv-L-Ma-J-V-00',721,,3973,,,0,17,,3983,,,0,79,,3984,,,0,18,,3985,,,0,83,,3986,,,0,29,,3987,,,0,95,,3974,,,0,99,,3975,,,0,97,,3976,,,0,67,,3977,,,0,30,,3991,,,0,95,,3992,,,0,112,,3978,,,0,86,,3979,,,0,26,,3988,,,0,73,,3989,,,0,20,,3980,,,0,67,,3981,,,0,29,,3982,,,0,68,,3993,,,0
2600,'2509-HIV-26b23Vlv-Semaine-00',741,,3996,,,0,86,,3997,,,0,84,,3998,,,0,45,,3999,,,0,84,,4000,,,0,90,,4001,,,0,84,,4002,,,0,42,,4003,,,0,85,,4004,,,0,85,,4005,,,0,83,,4006,,,0,45,,4007,,,0,91,,4008,,,0,86,,4009,,,0,83,,4010,,,0,44,,4011,,,0,82,,4012,,,0
2600,'2509-HIV-26c02Vlv-Semaine-00',741,,4013,,,0,86,,4014,,,0,84,,4015,,,0,45,,4016,,,0,84,,4017,,,0,90,,4018,,,0,84,,4019,,,0,42,,4020,,,0,85,,4021,,,0,85,,4022,,,0,83,,4023,,,0,45,,4024,,,0,91,,4025,,,0,86,,4026,,,0,83,,4027,,,0,44,,4028,,,0,82,,4029,,,0
3000000,'2509-HIV-25j05H-d-Dimanche-00',815,,6684,,,0,130,,6685,,,0,170,,6692,,,0,130,,6691,,,0,170,,6690,,,0,130,,6688,,,0,100,,6698,0,49,0,70,,6689,,,0,30,,6683,0,49,0,70,,6693,0,49,0,29,,6687,,,0,71,,6694,0,49,0,30,,6695,0,49,0,69,,6686,,,0,31,,6697,0,49,0,70,,6696,0,49,0
3000000,'2509-HIV-25j26H-d-Dimanche-00',815,,6699,,,0,130,,6700,,,0,170,,6701,,,0,130,,6702,,,0,170,,6703,,,0,130,,6704,,,0,170,,6705,,,0,129,,6706,,,0,170,,6707,,,0
3000000,'2509-HIV-25k03H-s-Samedi-00',653,,6708,,,0,82,,6709,,,0,82,,6710,,,0,30,,6711,,,0,60,,6712,,,0,20,,6713,,,0,21,,6714,,,0,60,,6715,,,0,20,,6716,,,0,20,,6717,,,0,61,,6718,,,0,19,,6719,,,0,20,,6720,,,0,60,,6721,,,0,19,,6722,,,0,19,,6723,,,0,60,,6724,,,0,20,,6725,,,0,21,,6726,,,0,59,,6727,,,0,21,,6728,,,0,20,,6729,,,0,61,,6730,,,0,20,,6731,,,0,20,,6732,,,0,60,,6733,,,0,20,,6734,,,0,20,,6735,,,0,60,,6736,,,0,20,,6737,,,0,20,,6738,,,0,60,,6739,,,0,19,,6740,,,0,19,,6741,,,0,59,,6742,,,0,30,,6743,,,0,70,,6744,,,0,29,,6745,,,0,69,,6746,,,0
3000000,'2509-HIV-25l22Vlv-Semaine-00',649,,6788,,,0,60,,6787,,,0,21,,6747,,,0,21,,6748,,,0,60,,6749,,,0,20,,6750,,,0,20,,6751,,,0,61,,6752,,,0,20,,6753,,,0,20,,6754,,,0,61,,6755,,,0,20,,6756,,,0,20,,6757,,,0,61,,6758,,,0,20,,6759,,,0,20,,6760,,,0,59,,6761,,,0,19,,6762,,,0,20,,6763,,,0,60,,6764,,,0,22,,6765,,,0,20,,6766,,,0,59,,6767,,,0,20,,6768,,,0,20,,6769,,,0,60,,6770,,,0,20,,6771,,,0,20,,6772,,,0,60,,6773,,,0,19,,6774,,,0,20,,6775,,,0,61,,6776,,,0,20,,6777,,,0,21,,6778,,,0,60,,6779,,,0,20,,6780,,,0,18,,6781,,,0,59,,6782,,,0,18,,6783,,,0,29,,6784,,,0,72,,6785,,,0,73,,6786,,,0
3000000,'2509-HIV-26a05H-s-Samedi-00',653,,6789,,,0,82,,6790,,,0,82,,6791,,,0,30,,6792,,,0,60,,6793,,,0,20,,6794,,,0,21,,6795,,,0,60,,6796,,,0,20,,6797,,,0,20,,6798,,,0,61,,6799,,,0,19,,6800,,,0,20,,6801,,,0,60,,6802,,,0,19,,6803,,,0,19,,6804,,,0,60,,6805,,,0,20,,6806,,,0,21,,6807,,,0,59,,6808,,,0,21,,6809,,,0,20,,6810,,,0,61,,6811,,,0,20,,6812,,,0,20,,6813,,,0,60,,6814,,,0,20,,6815,,,0,20,,6816,,,0,60,,6817,,,0,20,,6818,,,0,20,,6819,,,0,60,,6820,,,0,19,,6821,,,0,19,,6822,,,0,59,,6823,,,0,30,,6824,,,0,70,,6825,,,0,29,,6826,,,0,69,,6827,,,0
3000000,'2509-HIV-26a05H-w-Mercredi-00',650,,6869,,,0,59,,6868,,,0,21,,6873,0,49,0,4,,6828,,,0,9,,6870,0,49,0,12,,6829,,,0,47,,6871,0,49,0,10,,6830,,,0,8,,6872,0,49,0,12,,6831,,,0,20,,6832,,,0,62,,6833,,,0,20,,6834,,,0,20,,6835,,,0,61,,6836,,,0,17,,6837,,,0,21,,6838,,,0,60,,6839,,,0,20,,6840,,,0,21,,6841,,,0,61,,6842,,,0,19,,6843,,,0,21,,6844,,,0,59,,6845,,,0,20,,6846,,,0,19,,6847,,,0,60,,6848,,,0,21,,6849,,,0,20,,6850,,,0,61,,6851,,,0,19,,6852,,,0,19,,6853,,,0,61,,6854,,,0,16,,6855,,,0,20,,6856,,,0,61,,6857,,,0,20,,6858,,,0,20,,6859,,,0,59,,6860,,,0,20,,6861,,,0,20,,6862,,,0,60,,6863,,,0,19,,6864,,,0,29,,6865,,,0,73,,6866,,,0,72,,6867,,,0
3000000,'2509-HIV-26a05Hlv-L-Ma-J-V-00',650,,6915,,,0,59,,6914,,,0,21,,6919,0,49,0,4,,6874,,,0,9,,6916,0,49,0,12,,6875,,,0,47,,6917,0,49,0,10,,6876,,,0,8,,6918,0,49,0,12,,6877,,,0,20,,6878,,,0,62,,6879,,,0,20,,6880,,,0,20,,6881,,,0,61,,6882,,,0,17,,6883,,,0,21,,6884,,,0,60,,6885,,,0,20,,6886,,,0,21,,6887,,,0,61,,6888,,,0,19,,6889,,,0,21,,6890,,,0,59,,6891,,,0,20,,6892,,,0,19,,6893,,,0,60,,6894,,,0,21,,6895,,,0,20,,6896,,,0,61,,6897,,,0,19,,6898,,,0,19,,6899,,,0,61,,6900,,,0,16,,6901,,,0,20,,6902,,,0,61,,6903,,,0,20,,6904,,,0,20,,6905,,,0,59,,6906,,,0,20,,6907,,,0,20,,6908,,,0,60,,6909,,,0,19,,6910,,,0,29,,6911,,,0,73,,6912,,,0,72,,6913,,,0
3000000,'2509-HIV-26b23Vlv-Semaine-00',649,,6961,,,0,60,,6960,,,0,21,,6920,,,0,21,,6921,,,0,60,,6922,,,0,20,,6923,,,0,20,,6924,,,0,61,,6925,,,0,20,,6926,,,0,20,,6927,,,0,61,,6928,,,0,20,,6929,,,0,20,,6930,,,0,61,,6931,,,0,20,,6932,,,0,20,,6933,,,0,59,,6934,,,0,19,,6935,,,0,20,,6936,,,0,60,,6937,,,0,22,,6938,,,0,20,,6939,,,0,59,,6940,,,0,20,,6941,,,0,20,,6942,,,0,60,,6943,,,0,20,,6944,,,0,20,,6945,,,0,60,,6946,,,0,19,,6947,,,0,20,,6948,,,0,61,,6949,,,0,20,,6950,,,0,21,,6951,,,0,60,,6952,,,0,20,,6953,,,0,18,,6954,,,0,59,,6955,,,0,18,,6956,,,0,29,,6957,,,0,72,,6958,,,0,73,,6959,,,0
3000000,'2509-HIV-26c02Vlv-Semaine-00',649,,7003,,,0,60,,7002,,,0,21,,6962,,,0,21,,6963,,,0,60,,6964,,,0,20,,6965,,,0,20,,6966,,,0,61,,6967,,,0,20,,6968,,,0,20,,6969,,,0,61,,6970,,,0,20,,6971,,,0,20,,6972,,,0,61,,6973,,,0,20,,6974,,,0,20,,6975,,,0,59,,6976,,,0,19,,6977,,,0,20,,6978,,,0,60,,6979,,,0,22,,6980,,,0,20,,6981,,,0,59,,6982,,,0,20,,6983,,,0,20,,6984,,,0,60,,6985,,,0,20,,6986,,,0,20,,6987,,,0,60,,6988,,,0,19,,6989,,,0,20,,6990,,,0,61,,6991,,,0,20,,6992,,,0,21,,6993,,,0,60,,6994,,,0,20,,6995,,,0,18,,6996,,,0,59,,6997,,,0,18,,6998,,,0,29,,6999,,,0,72,,7000,,,0,73,,7001,,,0
