700,'2509-HIV-25k03H-s-Samedi-00',730,,10461,,,0,110,,10462,,,0,112,,10463,,,0,150,,10464,,,0,110,,10465,,,0,110,,10466,,,0,111,,10467,,,0,109,,10468,,,0,111,,10469,,,0,150,,10459,,,0,107,,10460,,,0
700,'2509-HIV-25l22Vlv-Semaine-00',732,,10470,,,0,110,,10472,,,0,111,,10473,,,0,150,,10474,,,0,110,,10475,,,0,110,,10476,,,0,110,,10477,,,0,110,,10478,,,0,113,,10479,,,0,150,,10480,,,0,105,,10471,,,0
700,'2509-HIV-26a05H-s-Samedi-00',730,,10483,,,0,110,,10484,,,0,112,,10485,,,0,150,,10486,,,0,110,,10487,,,0,110,,10488,,,0,111,,10489,,,0,109,,10490,,,0,111,,10491,,,0,150,,10481,,,0,107,,10482,,,0
700,'2509-HIV-26a05H-w-Mercredi-00',732,,10492,,,0,110,,10494,,,0,111,,10495,,,0,150,,10496,,,0,110,,10497,,,0,110,,10498,,,0,110,,10499,,,0,110,,10500,,,0,113,,10501,,,0,150,,10502,,,0,105,,10493,,,0
700,'2509-HIV-26a05Hlv-L-Ma-J-V-00',732,,10503,,,0,110,,10505,,,0,111,,10506,,,0,150,,10507,,,0,110,,10508,,,0,110,,10509,,,0,110,,10510,,,0,110,,10511,,,0,113,,10512,,,0,150,,10513,,,0,105,,10504,,,0
700,'2509-HIV-26b23Vlv-Semaine-00',732,,10514,,,0,110,,10516,,,0,111,,10517,,,0,150,,10518,,,0,110,,10519,,,0,110,,10520,,,0,110,,10521,,,0,110,,10522,,,0,113,,10523,,,0,150,,10524,,,0,105,,10515,,,0
700,'2509-HIV-26c02Vlv-Semaine-00',732,,10525,,,0,110,,10527,,,0,111,,10528,,,0,150,,10529,,,0,110,,10530,,,0,110,,10531,,,0,110,,10532,,,0,110,,10533,,,0,113,,10534,,,0,150,,10535,,,0,105,,10526,,,0
2400,'2509-HIV-26a05H-w-Mercredi-00',742,,11787,,,0
2400,'2509-HIV-26a05H-w-Mercredi-00-0010000',1232,,11788,,,0
2400,'2509-HIV-26a05Hlv-L-Ma-J-V-00',742,,11789,,,0
2400,'2509-HIV-26a05Hlv-L-Ma-J-V-00-1101100',1610,,11790,,,0,103,,11791,,,0,95,,11792,,,0
