901,'1_6',758,,17149,19,0,23 24,0,99,,17161,19,0,25,0,90,,17154,4,0,23 24,0,166,,17155,4,0,23 24,0,113,,17159,19,0,25,0,79,,17156,4,0,23 24,0,107,,17158,4,0,25,0,90,,17160,4,0,25,0,44,,17157,19,0,25,0,82,,17150,19,0,23 24,0,104,,17151,19,0,23 24,0,172,,17152,19,0,23 24,0,49,,17153,19,0,23 24,0
901,'5_1',803,,17162,19,0,26,0,26,,17163,19,0,27 28 29,0,103,,17168,19,0,23 24,0,95,,17172,4,0,23 24,0,98,,17169,19,0,23 24,0,106,,17164,19,0,27 28 29,0,181,,17170,19,0,23 24,0,112,,17171,19,0,23 24,0,109,,17165,19,0,27 28 29,0,102,,17166,19,0,27 28 29,0,95,,17167,19,0,27 28 29,0,124,,17177,19,,,0
901,'5_2',803,,17178,19,0,26,0,26,,17179,19,0,27 28 29,0,103,,17184,19,0,23 24,0,95,,17188,4,0,23 24,0,98,,17185,19,0,23 24,0,106,,17180,19,0,27 28 29,0,181,,17186,19,0,23 24,0,112,,17187,19,0,23 24,0,109,,17181,19,0,27 28 29,0,102,,17182,19,0,27 28 29,0,95,,17183,19,0,27 28 29,0,124,,17193,19,,,0
901,'5_4',803,,17194,19,0,26,0,26,,17195,19,0,27 28 29,0,103,,17200,19,0,23 24,0,95,,17204,4,0,23 24,0,98,,17201,19,0,23 24,0,106,,17196,19,0,27 28 29,0,181,,17202,19,0,23 24,0,112,,17203,19,0,23 24,0,109,,17197,19,0,27 28 29,0,102,,17198,19,0,27 28 29,0,95,,17199,19,0,27 28 29,0,124,,17209,19,,,0
901,'5_5',803,,17210,19,0,26,0,26,,17211,19,0,27 28 29,0,103,,17216,19,0,23 24,0,95,,17220,4,0,23 24,0,98,,17217,19,0,23 24,0,106,,17212,19,0,27 28 29,0,181,,17218,19,0,23 24,0,112,,17219,19,0,23 24,0,109,,17213,19,0,27 28 29,0,102,,17214,19,0,27 28 29,0,95,,17215,19,0,27 28 29,0,124,,17225,19,,,0
901,'6_3',803,,17226,19,0,26,0,26,,17227,19,0,27 28 29,0,103,,17232,19,0,23 24,0,95,,17236,4,0,23 24,0,98,,17233,19,0,23 24,0,106,,17228,19,0,27 28 29,0,181,,17234,19,0,23 24,0,112,,17235,19,0,23 24,0,109,,17229,19,0,27 28 29,0,102,,17230,19,0,27 28 29,0,95,,17231,19,0,27 28 29,0,124,,17241,19,,,0
1601,'1_6',1053,,17685,4,,,0,149,,17688,4,,,0,139,,17686,4,,,0,105,,17689,4,,,0,360,,17687,4,,,0
1601,'5_1',1053,,17695,4,,,0,149,,17698,4,,,0,139,,17696,4,,,0,105,,17699,4,,,0,360,,17697,4,,,0
1601,'5_2',1053,,17705,4,,,0,149,,17708,4,,,0,139,,17706,4,,,0,105,,17709,4,,,0,360,,17707,4,,,0
1601,'5_4',1053,,17715,4,,,0,149,,17718,4,,,0,139,,17716,4,,,0,105,,17719,4,,,0,360,,17717,4,,,0
1601,'5_5',1053,,17725,4,,,0,149,,17728,4,,,0,139,,17726,4,,,0,105,,17729,4,,,0,360,,17727,4,,,0
1601,'6_3',1053,,17735,4,,,0,149,,17738,4,,,0,139,,17736,4,,,0,105,,17739,4,,,0,360,,17737,4,,,0
1901,'5_1',1643,,17934,4,,,0,110,,17935,4,,,0,99,,17936,4,,,0
1901,'5_2',1643,,17943,4,,,0,110,,17944,4,,,0,99,,17945,4,,,0
1901,'5_4',1643,,17952,4,,,0,110,,17953,4,,,0,99,,17954,4,,,0
1901,'5_5',1643,,17961,4,,,0,110,,17962,4,,,0,99,,17963,4,,,0
1901,'6_3',1305,,17969,19,,,0,338,,17965,4,,,0,110,,17966,4,,,0,99,,17967,4,,,0
