3000000,'1_6',656,,10420,,,0,83,,10421,,,0,82,,10422,,,0,30,,10423,,,0,60,,10424,,,0,20,,10425,,,0,21,,10426,,,0,60,,10427,,,0,20,,10428,,,0,20,,10429,,,0,61,,10430,,,0,19,,10431,,,0,20,,10432,,,0,61,,10433,,,0,19,,10434,,,0,19,,10435,,,0,59,,10436,,,0,20,,10437,,,0,21,,10438,,,0,59,,10439,,,0,21,,10440,,,0,20,,10441,,,0,61,,10442,,,0,20,,10443,,,0,20,,10444,,,0,60,,10445,,,0,20,,10446,,,0,21,,10447,,,0,60,,10448,,,0,20,,10449,,,0,20,,10450,,,0,60,,10451,,,0,19,,10452,,,0,18,,10453,,,0,59,,10454,,,0,30,,10455,,,0,70,,10456,,,0,29,,10457,,,0,69,,10458,,,0
3000000,'3_2',652,,10551,,,0,60,,10550,,,0,22,,10510,,,0,21,,10511,,,0,60,,10512,,,0,20,,10513,,,0,20,,10514,,,0,61,,10515,,,0,20,,10516,,,0,20,,10517,,,0,61,,10518,,,0,20,,10519,,,0,20,,10520,,,0,61,,10521,,,0,20,,10522,,,0,20,,10523,,,0,60,,10524,,,0,19,,10525,,,0,19,,10526,,,0,60,,10527,,,0,22,,10528,,,0,20,,10529,,,0,59,,10530,,,0,20,,10531,,,0,20,,10532,,,0,60,,10533,,,0,20,,10534,,,0,20,,10535,,,0,60,,10536,,,0,20,,10537,,,0,20,,10538,,,0,61,,10539,,,0,20,,10540,,,0,21,,10541,,,0,60,,10542,,,0,20,,10543,,,0,17,,10544,,,0,59,,10545,,,0,18,,10546,,,0,69,,10547,,,0,32,,10548,,,0,73,,10549,,,0
3000000,'3_3',652,,10593,,,0,60,,10592,,,0,22,,10552,,,0,21,,10553,,,0,60,,10554,,,0,20,,10555,,,0,20,,10556,,,0,61,,10557,,,0,20,,10558,,,0,20,,10559,,,0,61,,10560,,,0,20,,10561,,,0,20,,10562,,,0,61,,10563,,,0,20,,10564,,,0,20,,10565,,,0,60,,10566,,,0,19,,10567,,,0,19,,10568,,,0,60,,10569,,,0,22,,10570,,,0,20,,10571,,,0,59,,10572,,,0,20,,10573,,,0,20,,10574,,,0,60,,10575,,,0,20,,10576,,,0,20,,10577,,,0,60,,10578,,,0,20,,10579,,,0,20,,10580,,,0,61,,10581,,,0,20,,10582,,,0,21,,10583,,,0,60,,10584,,,0,20,,10585,,,0,17,,10586,,,0,59,,10587,,,0,18,,10588,,,0,69,,10589,,,0,32,,10590,,,0,73,,10591,,,0
3000000,'3_4',652,,10635,,,0,60,,10634,,,0,22,,10594,,,0,21,,10595,,,0,60,,10596,,,0,20,,10597,,,0,20,,10598,,,0,61,,10599,,,0,20,,10600,,,0,20,,10601,,,0,61,,10602,,,0,20,,10603,,,0,20,,10604,,,0,61,,10605,,,0,20,,10606,,,0,20,,10607,,,0,60,,10608,,,0,19,,10609,,,0,19,,10610,,,0,60,,10611,,,0,22,,10612,,,0,20,,10613,,,0,59,,10614,,,0,20,,10615,,,0,20,,10616,,,0,60,,10617,,,0,20,,10618,,,0,20,,10619,,,0,60,,10620,,,0,20,,10621,,,0,20,,10622,,,0,61,,10623,,,0,20,,10624,,,0,21,,10625,,,0,60,,10626,,,0,20,,10627,,,0,17,,10628,,,0,59,,10629,,,0,18,,10630,,,0,69,,10631,,,0,32,,10632,,,0,73,,10633,,,0
3000000,'3_5',652,,10677,,,0,60,,10676,,,0,22,,10636,,,0,21,,10637,,,0,60,,10638,,,0,20,,10639,,,0,20,,10640,,,0,61,,10641,,,0,20,,10642,,,0,20,,10643,,,0,61,,10644,,,0,20,,10645,,,0,20,,10646,,,0,61,,10647,,,0,20,,10648,,,0,20,,10649,,,0,60,,10650,,,0,19,,10651,,,0,19,,10652,,,0,60,,10653,,,0,22,,10654,,,0,20,,10655,,,0,59,,10656,,,0,20,,10657,,,0,20,,10658,,,0,60,,10659,,,0,20,,10660,,,0,20,,10661,,,0,60,,10662,,,0,20,,10663,,,0,20,,10664,,,0,61,,10665,,,0,20,,10666,,,0,21,,10667,,,0,60,,10668,,,0,20,,10669,,,0,17,,10670,,,0,59,,10671,,,0,18,,10672,,,0,69,,10673,,,0,32,,10674,,,0,73,,10675,,,0
3000000,'4_7',818,,10679,,,0,130,,10680,,,0,170,,10687,,,0,130,,10686,,,0,170,,10685,,,0,130,,10683,,,0,100,,10693,0,16,0,70,,10684,,,0,30,,10678,0,16,0,70,,10688,0,16,0,29,,10682,,,0,71,,10689,0,16,0,30,,10690,0,16,0,69,,10681,,,0,31,,10692,0,16,0,70,,10691,0,16,0
3000000,'5_1',653,,10735,,,0,60,,10734,,,0,22,,10739,0,16,0,4,,10694,,,0,9,,10736,0,16,0,11,,10695,,,0,47,,10737,0,16,0,10,,10696,,,0,8,,10738,0,16,0,13,,10697,,,0,20,,10698,,,0,62,,10699,,,0,19,,10700,,,0,20,,10701,,,0,61,,10702,,,0,17,,10703,,,0,21,,10704,,,0,60,,10705,,,0,20,,10706,,,0,22,,10707,,,0,61,,10708,,,0,19,,10709,,,0,20,,10710,,,0,59,,10711,,,0,21,,10712,,,0,19,,10713,,,0,59,,10714,,,0,21,,10715,,,0,20,,10716,,,0,61,,10717,,,0,19,,10718,,,0,19,,10719,,,0,62,,10720,,,0,16,,10721,,,0,20,,10722,,,0,64,,10723,,,0,19,,10724,,,0,18,,10725,,,0,59,,10726,,,0,20,,10727,,,0,19,,10728,,,0,60,,10729,,,0,19,,10730,,,0,69,,10731,,,0,32,,10732,,,0,72,,10733,,,0
3000000,'5_2',653,,10781,,,0,60,,10780,,,0,22,,10785,0,16,0,4,,10740,,,0,9,,10782,0,16,0,11,,10741,,,0,47,,10783,0,16,0,10,,10742,,,0,8,,10784,0,16,0,13,,10743,,,0,20,,10744,,,0,62,,10745,,,0,19,,10746,,,0,20,,10747,,,0,61,,10748,,,0,17,,10749,,,0,21,,10750,,,0,60,,10751,,,0,20,,10752,,,0,22,,10753,,,0,61,,10754,,,0,19,,10755,,,0,20,,10756,,,0,59,,10757,,,0,21,,10758,,,0,19,,10759,,,0,59,,10760,,,0,21,,10761,,,0,20,,10762,,,0,61,,10763,,,0,19,,10764,,,0,19,,10765,,,0,62,,10766,,,0,16,,10767,,,0,20,,10768,,,0,64,,10769,,,0,19,,10770,,,0,18,,10771,,,0,59,,10772,,,0,20,,10773,,,0,19,,10774,,,0,60,,10775,,,0,19,,10776,,,0,69,,10777,,,0,32,,10778,,,0,72,,10779,,,0
3000000,'5_4',653,,13528,,,0,60,,13527,,,0,22,,13532,0,16,0,4,,13487,,,0,9,,13529,0,16,0,11,,13488,,,0,47,,13530,0,16,0,10,,13489,,,0,8,,13531,0,16,0,13,,13490,,,0,20,,13491,,,0,62,,13492,,,0,19,,13493,,,0,20,,13494,,,0,61,,13495,,,0,17,,13496,,,0,21,,13497,,,0,60,,13498,,,0,20,,13499,,,0,22,,13500,,,0,61,,13501,,,0,19,,13502,,,0,20,,13503,,,0,59,,13504,,,0,21,,13505,,,0,19,,13506,,,0,59,,13507,,,0,21,,13508,,,0,20,,13509,,,0,61,,13510,,,0,19,,13511,,,0,19,,13512,,,0,62,,13513,,,0,16,,13514,,,0,20,,13515,,,0,64,,13516,,,0,19,,13517,,,0,18,,13518,,,0,59,,13519,,,0,20,,13520,,,0,19,,13521,,,0,60,,13522,,,0,19,,13523,,,0,69,,13524,,,0,32,,13525,,,0,72,,13526,,,0
3000000,'5_5',653,,14790,,,0,60,,14789,,,0,22,,14794,0,16,0,4,,14749,,,0,9,,14791,0,16,0,11,,14750,,,0,47,,14792,0,16,0,10,,14751,,,0,8,,14793,0,16,0,13,,14752,,,0,20,,14753,,,0,62,,14754,,,0,19,,14755,,,0,20,,14756,,,0,61,,14757,,,0,17,,14758,,,0,21,,14759,,,0,60,,14760,,,0,20,,14761,,,0,22,,14762,,,0,61,,14763,,,0,19,,14764,,,0,20,,14765,,,0,59,,14766,,,0,21,,14767,,,0,19,,14768,,,0,59,,14769,,,0,21,,14770,,,0,20,,14771,,,0,61,,14772,,,0,19,,14773,,,0,19,,14774,,,0,62,,14775,,,0,16,,14776,,,0,20,,14777,,,0,64,,14778,,,0,19,,14779,,,0,18,,14780,,,0,59,,14781,,,0,20,,14782,,,0,19,,14783,,,0,60,,14784,,,0,19,,14785,,,0,69,,14786,,,0,32,,14787,,,0,72,,14788,,,0
3000000,'6_3',653,,10827,,,0,60,,10826,,,0,22,,10831,0,16,0,4,,10786,,,0,9,,10828,0,16,0,11,,10787,,,0,47,,10829,0,16,0,10,,10788,,,0,8,,10830,0,16,0,13,,10789,,,0,20,,10790,,,0,62,,10791,,,0,19,,10792,,,0,20,,10793,,,0,61,,10794,,,0,17,,10795,,,0,21,,10796,,,0,60,,10797,,,0,20,,10798,,,0,22,,10799,,,0,61,,10800,,,0,19,,10801,,,0,20,,10802,,,0,59,,10803,,,0,21,,10804,,,0,19,,10805,,,0,59,,10806,,,0,21,,10807,,,0,20,,10808,,,0,61,,10809,,,0,19,,10810,,,0,19,,10811,,,0,62,,10812,,,0,16,,10813,,,0,20,,10814,,,0,64,,10815,,,0,19,,10816,,,0,18,,10817,,,0,59,,10818,,,0,20,,10819,,,0,19,,10820,,,0,60,,10821,,,0,19,,10822,,,0,69,,10823,,,0,32,,10824,,,0,72,,10825,,,0
