900,'1_6',659,,17044,11,,,0,99,,17045,11,,,0,158,,17043,11,0,50,0,126,,17050,5,0,50,0,70,,17046,11,,,0,136,,17052,12,0,50,0,97,,17051,5,0,50,0,90,,17047,11,,,0,90,,17042,5,,,0,98,,17053,5,,,0,135,,17048,12,,,0,94,,17049,11,,,0
900,'5_1',649,,17055,8,,,0,68,,17056,8,,,0,41,,17060,14,,,0,61,,17061,5,,,0,4,,17062,15,,,0,84,,17057,8,,,0,49,,17063,15,,,0,94,,17064,11,0,50,0,93,,17065,11,,,0,105,,17066,11,,,0,70,,17058,8,,,0,130,,17069,16,,,0,84,,17067,11,,,0,110,,17068,11,,,0,72,,17059,8,,,0,130,,17070,16,,,0,78,,17071,8,0,50,0
900,'5_2',649,,17074,8,,,0,68,,17075,8,,,0,41,,17079,14,,,0,61,,17080,5,,,0,4,,17081,15,,,0,84,,17076,8,,,0,49,,17082,15,,,0,94,,17083,11,0,50,0,93,,17084,11,,,0,105,,17085,11,,,0,70,,17077,8,,,0,130,,17088,16,,,0,84,,17086,11,,,0,110,,17087,11,,,0,72,,17078,8,,,0,130,,17089,16,,,0,78,,17090,8,0,50,0
900,'5_4',649,,17093,8,,,0,68,,17094,8,,,0,41,,17098,14,,,0,61,,17099,5,,,0,4,,17100,15,,,0,84,,17095,8,,,0,49,,17101,15,,,0,94,,17102,11,0,50,0,93,,17103,11,,,0,105,,17104,11,,,0,70,,17096,8,,,0,130,,17107,16,,,0,84,,17105,11,,,0,110,,17106,11,,,0,72,,17097,8,,,0,130,,17108,16,,,0,78,,17109,8,0,50,0
900,'5_5',649,,17112,8,,,0,68,,17113,8,,,0,41,,17117,14,,,0,61,,17118,5,,,0,4,,17119,15,,,0,84,,17114,8,,,0,49,,17120,15,,,0,94,,17121,11,0,50,0,93,,17122,11,,,0,105,,17123,11,,,0,70,,17115,8,,,0,130,,17126,16,,,0,84,,17124,11,,,0,110,,17125,11,,,0,72,,17116,8,,,0,130,,17127,16,,,0,78,,17128,8,0,50,0
900,'6_3',649,,17131,8,,,0,68,,17132,8,,,0,41,,17136,14,,,0,61,,17137,5,,,0,4,,17138,15,,,0,84,,17133,8,,,0,49,,17139,15,,,0,94,,17140,11,0,50,0,93,,17141,11,,,0,105,,17142,11,,,0,70,,17134,8,,,0,130,,17145,16,,,0,84,,17143,11,,,0,110,,17144,11,,,0,72,,17135,8,,,0,130,,17146,16,,,0,78,,17147,8,0,50,0
1600,'1_6',1023,,17615,15,,,0,293,,17617,20,,,0,423,,17620,22,,,0,163,,17616,15,,,0
1600,'5_1',1023,,17627,15,,,0,293,,17629,20,,,0,423,,17632,22,,,0,163,,17628,15,,,0
1600,'5_2',1023,,17639,15,,,0,293,,17641,20,,,0,423,,17644,22,,,0,163,,17640,15,,,0
1600,'5_4',1023,,17651,15,,,0,293,,17653,20,,,0,423,,17656,22,,,0,163,,17652,15,,,0
1600,'5_5',1023,,17663,15,,,0,293,,17665,20,,,0,423,,17668,22,,,0,163,,17664,15,,,0
1600,'6_3',1023,,17675,15,,,0,293,,17677,20,,,0,423,,17680,22,,,0,163,,17676,15,,,0
