900,'1_6',629,,17044,1,,,0,98,,17045,1,,,0,118,,17043,1,0,50,0,196,,17046,1,,,0,167,,17052,1,0,50,0,196,,17047,1,,,0,317,,17048,1,,,0,101,,17049,1,,,0
900,'5_1',1018,,17064,1,0,50,0,93,,17065,1,,,0,105,,17066,1,,,0,284,,17067,1,,,0,110,,17068,1,,,0
900,'5_2',1018,,17083,1,0,50,0,93,,17084,1,,,0,105,,17085,1,,,0,284,,17086,1,,,0,110,,17087,1,,,0
900,'5_4',1018,,17102,1,0,50,0,93,,17103,1,,,0,105,,17104,1,,,0,284,,17105,1,,,0,110,,17106,1,,,0
900,'5_5',1018,,17121,1,0,50,0,93,,17122,1,,,0,105,,17123,1,,,0,284,,17124,1,,,0,110,,17125,1,,,0
900,'6_3',1018,,17140,1,0,50,0,93,,17141,1,,,0,105,,17142,1,,,0,284,,17143,1,,,0,110,,17144,1,,,0
901,'1_6',834,,17149,29,4,,0,193,,17154,15,4,,0,126,,17155,15,4,,0,192,,17156,15,4,,0,360,,17150,29,4,,0,102,,17151,29,4,,0,131,,17152,29,4,,0,88,,17153,29,4,,0
901,'5_1',1009,,17168,29,4,,0,95,,17172,14,4,,0,98,,17169,29,4,,0,247,,17170,29,4,,0,152,,17171,29,4,,0,109,,17176,15,,,0
901,'5_2',1009,,17184,29,4,,0,95,,17188,14,4,,0,98,,17185,29,4,,0,247,,17186,29,4,,0,152,,17187,29,4,,0,109,,17192,15,,,0
901,'5_4',1009,,17200,29,4,,0,95,,17204,14,4,,0,98,,17201,29,4,,0,247,,17202,29,4,,0,152,,17203,29,4,,0,109,,17208,15,,,0
901,'5_5',1009,,17216,29,4,,0,95,,17220,14,4,,0,98,,17217,29,4,,0,247,,17218,29,4,,0,152,,17219,29,4,,0,109,,17224,15,,,0
901,'6_3',1009,,17232,29,4,,0,95,,17236,14,4,,0,98,,17233,29,4,,0,247,,17234,29,4,,0,152,,17235,29,4,,0,109,,17240,15,,,0
1700,'5_1',735,,17743,4,,,0,83,,17744,4,4,,0,84,,17745,4,,,0
1700,'5_2',735,,17748,4,,,0,83,,17749,4,4,,0,84,,17750,4,,,0
1700,'5_4',735,,17753,4,,,0,83,,17754,4,4,,0,84,,17755,4,,,0
1700,'5_5',735,,17758,4,,,0,83,,17759,4,4,,0,84,,17760,4,,,0
1700,'6_3',735,,17763,4,,,0,83,,17764,4,4,,0,84,,17765,4,,,0
1701,'5_1',1605,,17770,1,,,0,105,,17771,1,,,0
1701,'5_2',1605,,17776,1,,,0,105,,17777,1,,,0
1701,'5_4',1605,,17782,1,,,0,105,,17783,1,,,0
1701,'5_5',1605,,17788,1,,,0,105,,17789,1,,,0
1701,'6_3',1135,,17794,1,,,0
