1501,'0_6',709,,67220,19,,,0,18,,67221,19,,,0,95,,67222,19,,,0,21,,67223,19,,,0,158,,67224,19,,,0,116,,67225,19,,,0,118,,67226,19,,,0,94,,67227,19,,,0,118,,67228,19,,,0,99,,67219,7,,,0,164,,67229,19,,,0,109,,67230,19,,,0,95,,67231,19,,,0
1501,'2_1',709,,67233,19,,,0,18,,67234,19,,,0,95,,67235,19,,,0,21,,67236,19,,,0,158,,67237,19,,,0,116,,67238,19,,,0,118,,67239,19,,,0,94,,67240,19,,,0,118,,67241,19,,,0,99,,67232,7,,,0,164,,67242,19,,,0,109,,67243,19,,,0,95,,67244,19,,,0
1501,'2_2',709,,67246,19,,,0,18,,67247,19,,,0,95,,67248,19,,,0,21,,67249,19,,,0,158,,67250,19,,,0,116,,67251,19,,,0,118,,67252,19,,,0,94,,67253,19,,,0,118,,67254,19,,,0,99,,67245,7,,,0,164,,67255,19,,,0,109,,67256,19,,,0,95,,67257,19,,,0
1501,'2_3',709,,67259,19,,,0,18,,67260,19,,,0,95,,67261,19,,,0,21,,67262,19,,,0,158,,67263,19,,,0,116,,67264,19,,,0,118,,67265,19,,,0,94,,67266,19,,,0,118,,67267,19,,,0,99,,67258,7,,,0,164,,67268,19,,,0,109,,67269,19,,,0,95,,67270,19,,,0
1501,'2_4',709,,67272,19,,,0,18,,67273,19,,,0,95,,67274,19,,,0,21,,67275,19,,,0,158,,67276,19,,,0,116,,67277,19,,,0,118,,67278,19,,,0,94,,67279,19,,,0,118,,67280,19,,,0,99,,67271,7,,,0,164,,67281,19,,,0,109,,67282,19,,,0,95,,67283,19,,,0
1501,'2_5',709,,67285,19,,,0,18,,67286,19,,,0,95,,67287,19,,,0,21,,67288,19,,,0,158,,67289,19,,,0,116,,67290,19,,,0,118,,67291,19,,,0,94,,67292,19,,,0,118,,67293,19,,,0,99,,67284,7,,,0,164,,67294,19,,,0,109,,67295,19,,,0,95,,67296,19,,,0
1501,'3_1',709,,67298,19,,,0,18,,67299,19,,,0,95,,67300,19,,,0,21,,67301,19,,,0,158,,67302,19,,,0,116,,67303,19,,,0,118,,67304,19,,,0,94,,67305,19,,,0,118,,67306,19,,,0,99,,67297,7,,,0,164,,67307,19,,,0,109,,67308,19,,,0,95,,67309,19,,,0
1501,'3_3',709,,67311,19,,,0,18,,67312,19,,,0,95,,67313,19,,,0,21,,67314,19,,,0,158,,67315,19,,,0,116,,67316,19,,,0,118,,67317,19,,,0,94,,67318,19,,,0,118,,67319,19,,,0,99,,67310,7,,,0,164,,67320,19,,,0,109,,67321,19,,,0,95,,67322,19,,,0
1501,'3_4',709,,67324,19,,,0,18,,67325,19,,,0,95,,67326,19,,,0,21,,67327,19,,,0,158,,67328,19,,,0,116,,67329,19,,,0,118,,67330,19,,,0,94,,67331,19,,,0,118,,67332,19,,,0,99,,67323,7,,,0,164,,67333,19,,,0,109,,67334,19,,,0,95,,67335,19,,,0
1501,'3_5',709,,67337,19,,,0,18,,67338,19,,,0,95,,67339,19,,,0,21,,67340,19,,,0,158,,67341,19,,,0,116,,67342,19,,,0,118,,67343,19,,,0,94,,67344,19,,,0,118,,67345,19,,,0,99,,67336,7,,,0,164,,67346,19,,,0,109,,67347,19,,,0,95,,67348,19,,,0
4000001,'0_6',651,,72563,13,,,0,59,,72584,11,,,0,20,,72564,13,,,0,20,,72585,11,,,0,60,,72565,13,,,0,20,,72586,11,,,0,20,,72566,13,,,0,61,,72587,11,,,0,20,,72567,13,,,0,21,,72588,11,,,0,61,,72568,13,,,0,20,,72589,11,,,0,21,,72569,13,,,0,61,,72590,11,,,0,22,,72570,13,,,0,20,,72591,11,,,0,62,,72571,13,,,0,21,,72592,11,,,0,61,,72572,13,,,0,18,,72593,11,,,0,18,,72573,13,,,0,18,,72594,11,,,0,58,,72574,13,,,0,19,,72595,11,,,0,20,,72575,13,,,0,60,,72596,11,,,0,20,,72576,13,,,0,20,,72597,11,,,0,59,,72577,13,,,0,19,,72598,11,,,0,20,,72578,13,,,0,60,,72599,11,,,0,20,,72579,13,,,0,20,,72600,11,,,0,61,,72580,13,,,0,21,,72601,11,,,0,20,,72581,13,,,0,60,,72602,11,,,0,20,,72582,11,,,0,21,,72603,13,,,0,60,,72605,11,,,0,20,,72583,13,,,0,70,,72604,11,,,0
4000001,'1_7',908,,72607,13,,,0,110,,72612,11,,,0,110,,72608,13,,,0,110,,72613,11,,,0,110,,72609,13,,,0,110,,72614,11,,,0,150,,72610,13,,,0,110,,72615,11,,,0,110,,72611,13,,,0,110,,72606,11,,,0
4000001,'2_1',651,,72616,13,,,0,59,,72637,11,,,0,20,,72617,13,,,0,20,,72638,11,,,0,60,,72618,13,,,0,20,,72639,11,,,0,20,,72619,13,,,0,61,,72640,11,,,0,20,,72620,13,,,0,21,,72641,11,,,0,61,,72621,13,,,0,20,,72642,11,,,0,21,,72622,13,,,0,61,,72643,11,,,0,22,,72623,13,,,0,20,,72644,11,,,0,62,,72624,13,,,0,21,,72645,11,,,0,61,,72625,13,,,0,18,,72646,11,,,0,18,,72626,13,,,0,18,,72647,11,,,0,58,,72627,13,,,0,19,,72648,11,,,0,20,,72628,13,,,0,60,,72649,11,,,0,20,,72629,13,,,0,20,,72650,11,,,0,59,,72630,13,,,0,19,,72651,11,,,0,20,,72631,13,,,0,60,,72652,11,,,0,20,,72632,13,,,0,20,,72653,11,,,0,61,,72633,13,,,0,21,,72654,11,,,0,20,,72634,13,,,0,60,,72655,11,,,0,20,,72635,11,,,0,21,,72656,13,,,0,60,,72657,11,,,0,20,,72636,13,,,0,70,,72658,11,,,0
4000001,'2_2',651,,72659,13,,,0,59,,72680,11,,,0,20,,72660,13,,,0,20,,72681,11,,,0,60,,72661,13,,,0,20,,72682,11,,,0,20,,72662,13,,,0,61,,72683,11,,,0,20,,72663,13,,,0,21,,72684,11,,,0,61,,72664,13,,,0,20,,72685,11,,,0,21,,72665,13,,,0,61,,72686,11,,,0,22,,72666,13,,,0,20,,72687,11,,,0,62,,72667,13,,,0,21,,72688,11,,,0,61,,72668,13,,,0,18,,72689,11,,,0,18,,72669,13,,,0,18,,72690,11,,,0,58,,72670,13,,,0,19,,72691,11,,,0,20,,72671,13,,,0,60,,72692,11,,,0,20,,72672,13,,,0,20,,72693,11,,,0,59,,72673,13,,,0,19,,72694,11,,,0,20,,72674,13,,,0,60,,72695,11,,,0,20,,72675,13,,,0,20,,72696,11,,,0,61,,72676,13,,,0,21,,72697,11,,,0,20,,72677,13,,,0,60,,72698,11,,,0,20,,72678,11,,,0,21,,72699,13,,,0,60,,72700,11,,,0,20,,72679,13,,,0,70,,72701,11,,,0
4000001,'2_3',651,,72702,13,,,0,59,,72723,11,,,0,20,,72703,13,,,0,20,,72724,11,,,0,60,,72704,13,,,0,20,,72725,11,,,0,20,,72705,13,,,0,61,,72726,11,,,0,20,,72706,13,,,0,21,,72727,11,,,0,61,,72707,13,,,0,20,,72728,11,,,0,21,,72708,13,,,0,61,,72729,11,,,0,22,,72709,13,,,0,20,,72730,11,,,0,62,,72710,13,,,0,21,,72731,11,,,0,61,,72711,13,,,0,18,,72732,11,,,0,18,,72712,13,,,0,18,,72733,11,,,0,58,,72713,13,,,0,19,,72734,11,,,0,20,,72714,13,,,0,60,,72735,11,,,0,20,,72715,13,,,0,20,,72736,11,,,0,59,,72716,13,,,0,19,,72737,11,,,0,20,,72717,13,,,0,60,,72738,11,,,0,20,,72718,13,,,0,20,,72739,11,,,0,61,,72719,13,,,0,21,,72740,11,,,0,20,,72720,13,,,0,60,,72741,11,,,0,20,,72721,11,,,0,21,,72742,13,,,0,60,,72743,11,,,0,20,,72722,13,,,0,70,,72744,11,,,0
4000001,'2_4',651,,72745,13,,,0,59,,72766,11,,,0,20,,72746,13,,,0,20,,72767,11,,,0,60,,72747,13,,,0,20,,72768,11,,,0,20,,72748,13,,,0,61,,72769,11,,,0,20,,72749,13,,,0,21,,72770,11,,,0,61,,72750,13,,,0,20,,72771,11,,,0,21,,72751,13,,,0,61,,72772,11,,,0,22,,72752,13,,,0,20,,72773,11,,,0,62,,72753,13,,,0,21,,72774,11,,,0,61,,72754,13,,,0,18,,72775,11,,,0,18,,72755,13,,,0,18,,72776,11,,,0,58,,72756,13,,,0,19,,72777,11,,,0,20,,72757,13,,,0,60,,72778,11,,,0,20,,72758,13,,,0,20,,72779,11,,,0,59,,72759,13,,,0,19,,72780,11,,,0,20,,72760,13,,,0,60,,72781,11,,,0,20,,72761,13,,,0,20,,72782,11,,,0,61,,72762,13,,,0,21,,72783,11,,,0,20,,72763,13,,,0,60,,72784,11,,,0,20,,72764,11,,,0,21,,72785,13,,,0,60,,72786,11,,,0,20,,72765,13,,,0,70,,72787,11,,,0
4000001,'2_5',651,,72788,13,,,0,59,,72809,11,,,0,20,,72789,13,,,0,20,,72810,11,,,0,60,,72790,13,,,0,20,,72811,11,,,0,20,,72791,13,,,0,61,,72812,11,,,0,20,,72792,13,,,0,21,,72813,11,,,0,61,,72793,13,,,0,20,,72814,11,,,0,21,,72794,13,,,0,61,,72815,11,,,0,22,,72795,13,,,0,20,,72816,11,,,0,62,,72796,13,,,0,21,,72817,11,,,0,61,,72797,13,,,0,18,,72818,11,,,0,18,,72798,13,,,0,18,,72819,11,,,0,58,,72799,13,,,0,19,,72820,11,,,0,20,,72800,13,,,0,60,,72821,11,,,0,20,,72801,13,,,0,20,,72822,11,,,0,59,,72802,13,,,0,19,,72823,11,,,0,20,,72803,13,,,0,60,,72824,11,,,0,20,,72804,13,,,0,20,,72825,11,,,0,61,,72805,13,,,0,21,,72826,11,,,0,20,,72806,13,,,0,60,,72827,11,,,0,20,,72807,11,,,0,21,,72828,13,,,0,60,,72829,11,,,0,20,,72808,13,,,0,70,,72830,11,,,0
4000001,'3_1',651,,72831,13,,,0,59,,72852,11,,,0,20,,72832,13,,,0,20,,72853,11,,,0,60,,72833,13,,,0,20,,72854,11,,,0,20,,72834,13,,,0,61,,72855,11,,,0,20,,72835,13,,,0,21,,72856,11,,,0,61,,72836,13,,,0,20,,72857,11,,,0,21,,72837,13,,,0,61,,72858,11,,,0,22,,72838,13,,,0,20,,72859,11,,,0,62,,72839,13,,,0,21,,72860,11,,,0,61,,72840,13,,,0,18,,72861,11,,,0,18,,72841,13,,,0,18,,72862,11,,,0,58,,72842,13,,,0,19,,72863,11,,,0,20,,72843,13,,,0,60,,72864,11,,,0,20,,72844,13,,,0,20,,72865,11,,,0,59,,72845,13,,,0,19,,72866,11,,,0,20,,72846,13,,,0,60,,72867,11,,,0,20,,72847,13,,,0,20,,72868,11,,,0,61,,72848,13,,,0,21,,72869,11,,,0,20,,72849,13,,,0,60,,72870,11,,,0,20,,72850,11,,,0,21,,72871,13,,,0,60,,72872,11,,,0,20,,72851,13,,,0,70,,72873,11,,,0
4000001,'3_3',651,,72874,13,,,0,59,,72895,11,,,0,20,,72875,13,,,0,20,,72896,11,,,0,60,,72876,13,,,0,20,,72897,11,,,0,20,,72877,13,,,0,61,,72898,11,,,0,20,,72878,13,,,0,21,,72899,11,,,0,61,,72879,13,,,0,20,,72900,11,,,0,21,,72880,13,,,0,61,,72901,11,,,0,22,,72881,13,,,0,20,,72902,11,,,0,62,,72882,13,,,0,21,,72903,11,,,0,61,,72883,13,,,0,18,,72904,11,,,0,18,,72884,13,,,0,18,,72905,11,,,0,58,,72885,13,,,0,19,,72906,11,,,0,20,,72886,13,,,0,60,,72907,11,,,0,20,,72887,13,,,0,20,,72908,11,,,0,59,,72888,13,,,0,19,,72909,11,,,0,20,,72889,13,,,0,60,,72910,11,,,0,20,,72890,13,,,0,20,,72911,11,,,0,61,,72891,13,,,0,21,,72912,11,,,0,20,,72892,13,,,0,60,,72913,11,,,0,20,,72893,11,,,0,21,,72914,13,,,0,60,,72915,11,,,0,20,,72894,13,,,0,70,,72916,11,,,0
4000001,'3_4',651,,72917,13,,,0,59,,72938,11,,,0,20,,72918,13,,,0,20,,72939,11,,,0,60,,72919,13,,,0,20,,72940,11,,,0,20,,72920,13,,,0,61,,72941,11,,,0,20,,72921,13,,,0,21,,72942,11,,,0,61,,72922,13,,,0,20,,72943,11,,,0,21,,72923,13,,,0,61,,72944,11,,,0,22,,72924,13,,,0,20,,72945,11,,,0,62,,72925,13,,,0,21,,72946,11,,,0,61,,72926,13,,,0,18,,72947,11,,,0,18,,72927,13,,,0,18,,72948,11,,,0,58,,72928,13,,,0,19,,72949,11,,,0,20,,72929,13,,,0,60,,72950,11,,,0,20,,72930,13,,,0,20,,72951,11,,,0,59,,72931,13,,,0,19,,72952,11,,,0,20,,72932,13,,,0,60,,72953,11,,,0,20,,72933,13,,,0,20,,72954,11,,,0,61,,72934,13,,,0,21,,72955,11,,,0,20,,72935,13,,,0,60,,72956,11,,,0,20,,72936,11,,,0,21,,72957,13,,,0,60,,72958,11,,,0,20,,72937,13,,,0,70,,72959,11,,,0
4000001,'3_5',651,,72960,13,,,0,59,,72981,11,,,0,20,,72961,13,,,0,20,,72982,11,,,0,60,,72962,13,,,0,20,,72983,11,,,0,20,,72963,13,,,0,61,,72984,11,,,0,20,,72964,13,,,0,21,,72985,11,,,0,61,,72965,13,,,0,20,,72986,11,,,0,21,,72966,13,,,0,61,,72987,11,,,0,22,,72967,13,,,0,20,,72988,11,,,0,62,,72968,13,,,0,21,,72989,11,,,0,61,,72969,13,,,0,18,,72990,11,,,0,18,,72970,13,,,0,18,,72991,11,,,0,58,,72971,13,,,0,19,,72992,11,,,0,20,,72972,13,,,0,60,,72993,11,,,0,20,,72973,13,,,0,20,,72994,11,,,0,59,,72974,13,,,0,19,,72995,11,,,0,20,,72975,13,,,0,60,,72996,11,,,0,20,,72976,13,,,0,20,,72997,11,,,0,61,,72977,13,,,0,21,,72998,11,,,0,20,,72978,13,,,0,60,,72999,11,,,0,20,,72979,11,,,0,21,,73000,13,,,0,60,,73001,11,,,0,20,,72980,13,,,0,70,,73002,11,,,0
4000001,'4_7',908,,73004,13,,,0,110,,73009,11,,,0,110,,73005,13,,,0,110,,73010,11,,,0,110,,73006,13,,,0,110,,73011,11,,,0,150,,73007,13,,,0,110,,73012,11,,,0,110,,73008,13,,,0,110,,73003,11,,,0
