200,'S2-1_6',648,,7796,8,0,34,0,107,,7797,8,0,34,0,85,,7820,8,0,38,0,168,,7799,8,0,34,0,111,,7800,8,0,34,0,104,,7801,6,0,34,0,98,,7802,8,0,34,0,102,,7803,8,0,34,0,105,,7804,8,0,34,0,103,,7805,8,0,34,0,101,,7806,8,0,34,0,113,,7817,8,0,35 28 36 37,0
200,'S2-5_1',654,,7871,8,0,38,0,61,,7872,8,0,38,0,34,,7846,8,0,35 28 36 37,0,81,,7840,8,0,9 10,0,96,,7860,8,0,9 10,0,99,,7841,8,0,35 28 36 37,0,182,,7851,8,0,34,0,139,,7855,8,0,34,0,165,,7869,8,0,38,0,147,,7857,8,0,34,0,78,,7865,8,0,35 28 36 37,0,70,,7858,8,0,34,0,37,,7849,8,0,38,0,66,,7859,8,0,34,0
200,'S2-5_2',654,,7910,8,0,38,0,61,,7911,8,0,38,0,34,,7885,8,0,35 28 36 37,0,81,,7879,8,0,9 10,0,96,,7899,8,0,9 10,0,99,,7880,8,0,35 28 36 37,0,182,,7890,8,0,34,0,139,,7894,8,0,34,0,165,,7908,8,0,38,0,147,,7896,8,0,34,0,78,,7904,8,0,35 28 36 37,0,70,,7897,8,0,34,0,37,,7888,8,0,38,0,66,,7898,8,0,34,0
200,'S2-5_4',654,,7949,8,0,38,0,61,,7950,8,0,38,0,34,,7924,8,0,35 28 36 37,0,81,,7918,8,0,9 10,0,96,,7938,8,0,9 10,0,99,,7919,8,0,35 28 36 37,0,182,,7929,8,0,34,0,139,,7933,8,0,34,0,165,,7947,8,0,38,0,147,,7935,8,0,34,0,78,,7943,8,0,35 28 36 37,0,70,,7936,8,0,34,0,37,,7927,8,0,38,0,66,,7937,8,0,34,0
200,'S2-5_5',654,,7988,8,0,38,0,61,,7989,8,0,38,0,34,,7963,8,0,35 28 36 37,0,81,,7957,8,0,9 10,0,96,,7977,8,0,9 10,0,99,,7958,8,0,35 28 36 37,0,182,,7968,8,0,34,0,139,,7972,8,0,34,0,165,,7986,8,0,38,0,147,,7974,8,0,34,0,78,,7982,8,0,35 28 36 37,0,70,,7975,8,0,34,0,37,,7966,8,0,38,0,66,,7976,8,0,34,0
200,'S2-6_3',654,,8027,8,0,38,0,61,,8028,8,0,38,0,34,,8002,8,0,35 28 36 37,0,81,,7996,8,0,9 10,0,96,,8016,8,0,9 10,0,99,,7997,8,0,35 28 36 37,0,182,,8007,8,0,34,0,139,,8011,8,0,34,0,165,,8025,8,0,38,0,147,,8013,8,0,34,0,78,,8021,8,0,35 28 36 37,0,70,,8014,8,0,34,0,37,,8005,8,0,38,0,66,,8015,8,0,34,0
2900200,'S2-5_1',706,,13485,8,,,0,100,,13486,8,,,0
2900200,'S2-5_2',706,,13487,8,,,0,100,,13488,8,,,0
2900200,'S2-5_4',706,,13489,8,,,0,100,,13490,8,,,0
2900200,'S2-5_5',706,,13491,8,,,0,100,,13492,8,,,0
2900200,'S2-6_3',706,,13493,8,,,0,100,,13494,8,,,0
