301,'2_6',753,,30999,37,4,,0,71,,30996,37,4,,0,31,,30997,37,4,,0,71,,30998,37,4,,0,31,,31000,37,4,,0,70,,31001,37,4,,0,31,,31002,37,4,,0,70,,31003,37,4,,0,31,,31007,37,4,,0,69,,31006,37,4,,0,28,,31004,37,4,,0,69,,31005,37,4,,0,29,,31009,37,4,,0,72,,31010,37,4,,0,30,,31008,37,4,,0,71,,31011,37,4,,0,30,,31014,37,4,,0,72,,31012,37,4,,0,73,,31013,37,4,,0,30,,31016,37,4,,0,71,,31015,37,4,,0,30,,31017,37,4,,0,72,,31018,37,4,,0,27,,31019,37,4,,0,27,,31020,37,4,,0,68,,31021,37,4,,0,30,,31022,37,4,,0,63,,31023,37,4,,0
301,'3_7',945,,31024,37,4,,0,100,,31025,37,4,,0,100,,31026,37,4,,0,100,,31027,37,4,,0,100,,31028,37,4,,0,100,,31029,37,4,,0,100,,31030,37,4,,0,100,,31031,37,4,,0,100,,31032,37,4,,0,100,,31033,37,4,,0,100,,31034,37,4,,0
301,'4_7',945,,46843,37,4,,0,100,,46844,37,4,,0,100,,46845,37,4,,0,100,,46846,37,4,,0,100,,46847,37,4,,0,100,,46848,37,4,,0,100,,46849,37,4,,0,100,,46850,37,4,,0,100,,46851,37,4,,0,100,,46852,37,4,,0,100,,46853,37,4,,0
301,'5_5',743,,39251,37,4,,0,62,,39252,37,4,,0,33,,39263,37,4,,0,74,,39255,37,4,,0,32,,39256,37,4,,0,73,,39260,37,4,,0,33,,39257,37,4,,0,73,,39258,37,4,,0,32,,39254,37,4,,0,71,,39259,37,4,,0,31,,39253,37,4,,0,71,,39262,37,4,,0,73,,39261,37,4,,0,35,,39267,37,4,,0,70,,39264,37,4,,0,30,,39266,37,4,,0,67,,39265,37,4,,0,27,,39268,37,4,,0,71,,39271,37,4,,0,29,,39272,37,4,,0,70,,39273,37,4,,0,28,,39274,37,4,,0,26,,39275,37,4,,0,65,,39269,37,4,,0,23,,39276,37,4,,0,67,,39277,37,4,,0,28,,39278,37,4,,0,70,,39270,37,4,,0
301,'6_1',743,,39279,37,4,,0,62,,39280,37,4,,0,33,,39291,37,4,,0,74,,39283,37,4,,0,32,,39284,37,4,,0,73,,39288,37,4,,0,33,,39285,37,4,,0,73,,39286,37,4,,0,32,,39282,37,4,,0,71,,39287,37,4,,0,31,,39281,37,4,,0,71,,39290,37,4,,0,73,,39289,37,4,,0,35,,39295,37,4,,0,70,,39292,37,4,,0,30,,39294,37,4,,0,67,,39293,37,4,,0,27,,39296,37,4,,0,71,,39299,37,4,,0,29,,39300,37,4,,0,70,,39301,37,4,,0,28,,39302,37,4,,0,26,,39303,37,4,,0,65,,39297,37,4,,0,23,,39304,37,4,,0,67,,39305,37,4,,0,28,,39306,37,4,,0,70,,39298,37,4,,0
301,'6_2',743,,44006,37,4,,0,62,,44007,37,4,,0,33,,44018,37,4,,0,74,,44010,37,4,,0,32,,44011,37,4,,0,73,,44015,37,4,,0,33,,44012,37,4,,0,73,,44013,37,4,,0,32,,44009,37,4,,0,71,,44014,37,4,,0,31,,44008,37,4,,0,71,,44017,37,4,,0,73,,44016,37,4,,0,35,,44022,37,4,,0,70,,44019,37,4,,0,30,,44021,37,4,,0,67,,44020,37,4,,0,27,,44023,37,4,,0,71,,44026,37,4,,0,29,,44027,37,4,,0,70,,44028,37,4,,0,28,,44029,37,4,,0,26,,44030,37,4,,0,65,,44024,37,4,,0,23,,44031,37,4,,0,67,,44032,37,4,,0,28,,44033,37,4,,0,70,,44025,37,4,,0
301,'6_3',743,,44034,37,4,,0,62,,44035,37,4,,0,33,,44046,37,4,,0,74,,44038,37,4,,0,32,,44039,37,4,,0,73,,44043,37,4,,0,33,,44040,37,4,,0,73,,44041,37,4,,0,32,,44037,37,4,,0,71,,44042,37,4,,0,31,,44036,37,4,,0,71,,44045,37,4,,0,73,,44044,37,4,,0,35,,44050,37,4,,0,70,,44047,37,4,,0,30,,44049,37,4,,0,67,,44048,37,4,,0,27,,44051,37,4,,0,71,,44054,37,4,,0,29,,44055,37,4,,0,70,,44056,37,4,,0,28,,44057,37,4,,0,26,,44058,37,4,,0,65,,44052,37,4,,0,23,,44059,37,4,,0,67,,44060,37,4,,0,28,,44061,37,4,,0,70,,44053,37,4,,0
301,'6_4',743,,44062,37,4,,0,62,,44063,37,4,,0,33,,44074,37,4,,0,74,,44066,37,4,,0,32,,44067,37,4,,0,73,,44071,37,4,,0,33,,44068,37,4,,0,73,,44069,37,4,,0,32,,44065,37,4,,0,71,,44070,37,4,,0,31,,44064,37,4,,0,71,,44073,37,4,,0,73,,44072,37,4,,0,35,,44078,37,4,,0,70,,44075,37,4,,0,30,,44077,37,4,,0,67,,44076,37,4,,0,27,,44079,37,4,,0,71,,44082,37,4,,0,29,,44083,37,4,,0,70,,44084,37,4,,0,28,,44085,37,4,,0,26,,44086,37,4,,0,65,,44080,37,4,,0,23,,44087,37,4,,0,67,,44088,37,4,,0,28,,44089,37,4,,0,70,,44081,37,4,,0
301,'7_1',749,,46880,37,4,,0,61,,46854,37,4,,0,34,,46881,37,4,,0,73,,46855,37,4,,0,30,,46856,37,4,,0,71,,46857,37,4,,0,33,,46858,37,4,,0,72,,46859,37,4,,0,33,,46860,37,4,,0,74,,46861,37,4,,0,71,,46862,37,4,,0,31,,46863,37,4,,0,73,,46864,37,4,,0,32,,46865,37,4,,0,71,,46866,37,4,,0,31,,46867,37,4,,0,67,,46868,37,4,,0,28,,46869,37,4,,0,71,,46870,37,4,,0,30,,46871,37,4,,0,70,,46872,37,4,,0,30,,46873,37,4,,0,23,,46874,37,4,,0,62,,46875,37,4,,0,22,,46876,37,4,,0,69,,46877,37,4,,0,28,,46878,37,4,,0,70,,46879,37,4,,0
900601,'2_6',819,,33991,30,4,,0,130,,33992,30,4,,0,170,,33993,30,4,,0,135,,33994,30,4,,0,160,,33995,30,4,,0,135,,33996,30,4,,0,165,,33997,30,4,,0,130,,33998,30,4,,0
900601,'5_5',819,,41034,30,4,,0,130,,41035,30,4,,0,170,,41036,30,4,,0,135,,41037,30,4,,0,160,,41038,30,4,,0,135,,41039,30,4,,0,165,,41040,30,4,,0,130,,41041,30,4,,0
900601,'6_1',819,,41042,30,4,,0,130,,41043,30,4,,0,170,,41044,30,4,,0,135,,41045,30,4,,0,160,,41046,30,4,,0,135,,41047,30,4,,0,165,,41048,30,4,,0,130,,41049,30,4,,0
900601,'6_2',819,,45116,30,4,,0,130,,45117,30,4,,0,170,,45118,30,4,,0,135,,45119,30,4,,0,160,,45120,30,4,,0,135,,45121,30,4,,0,165,,45122,30,4,,0,130,,45123,30,4,,0
900601,'6_3',819,,45124,30,4,,0,130,,45125,30,4,,0,170,,45126,30,4,,0,135,,45127,30,4,,0,160,,45128,30,4,,0,135,,45129,30,4,,0,165,,45130,30,4,,0,130,,45131,30,4,,0
900601,'6_4',819,,45132,30,4,,0,130,,45133,30,4,,0,170,,45134,30,4,,0,135,,45135,30,4,,0,160,,45136,30,4,,0,135,,45137,30,4,,0,165,,45138,30,4,,0,130,,45139,30,4,,0
900601,'7_1',819,,47417,30,4,,0,130,,47418,30,4,,0,170,,47419,30,4,,0,135,,47420,30,4,,0,160,,47421,30,4,,0,135,,47422,30,4,,0,165,,47423,30,4,,0,130,,47424,30,4,,0
