100,'S2-0_6',738,,53556,43,0,61 8,0,109,,53568,43,0,61 8,0,95,,53557,43,0,61 8,0,70,,53569,43,0,61 8,0,30,,53558,43,0,61 8,0,72,,53570,43,0,61 8,0,30,,53559,43,0,61 8,0,69,,53571,43,0,61 8,0,30,,53560,43,0,61 8,0,68,,53572,43,0,61 8,0,31,,53561,43,0,61 8,0,70,,53573,43,0,61 8,0,30,,53562,43,0,61 8,0,71,,53574,43,0,61 8,0,29,,53563,43,0,61 8,0,72,,53575,43,0,61 8,0,32,,53564,43,0,61 8,0,72,,53576,43,0,61 8,0,31,,53565,43,0,61 8,0,68,,53577,43,0,61 8,0,28,,53566,43,0,61 8,0,71,,53578,43,0,61 8,0,28,,53567,43,0,61 8,0
100,'S2-1_7',940,,53579,43,0,61 8,0,104,,53584,43,0,61 8,0,106,,53580,43,0,61 8,0,104,,53585,43,0,61 8,0,90,,53581,43,0,61 8,0,100,,53586,43,0,61 8,0,106,,53582,43,0,61 8,0,105,,53587,43,0,61 8,0,104,,53583,43,0,61 8,0,145,,53588,43,0,61 8,0
100,'S2-2_1',738,,53589,43,0,61 8,0,69,,53590,43,,,0,35,,53592,43,0,61 8,0,65,,53593,43,0,61 8,0,30,,53591,43,0,61 8,0,69,,53594,43,0,61 8,0,35,,53595,43,0,61 8,0,70,,53598,43,0,61 8,0,31,,53596,43,0,61 8,0,72,,53597,43,0,61 8,0,31,,53600,43,,,0,70,,53599,43,0,61 8,0,31,,53601,43,,,0,70,,53602,43,0,61 8,0,30,,53604,43,0,61 8,0,70,,53603,43,0,61 8,0,30,,53608,43,0,61 8,0,71,,53607,43,0,61 8,0,32,,53609,43,,,0,75,,53605,43,0,61 8,0,28,,53610,43,,,0,70,,53606,43,0,61 8,0,28,,53611,43,,,0,70,,53612,43,0,61 8,0,29,,53613,43,,,0
100,'S2-2_2',738,,53614,43,0,61 8,0,69,,53615,43,,,0,35,,53617,43,0,61 8,0,65,,53618,43,0,61 8,0,30,,53616,43,0,61 8,0,69,,53619,43,0,61 8,0,35,,53620,43,0,61 8,0,70,,53623,43,0,61 8,0,31,,53621,43,0,61 8,0,72,,53622,43,0,61 8,0,31,,53625,43,,,0,70,,53624,43,0,61 8,0,31,,53626,43,,,0,70,,53627,43,0,61 8,0,30,,53629,43,0,61 8,0,70,,53628,43,0,61 8,0,30,,53633,43,0,61 8,0,71,,53632,43,0,61 8,0,32,,53634,43,,,0,75,,53630,43,0,61 8,0,28,,53635,43,,,0,70,,53631,43,0,61 8,0,28,,53636,43,,,0,70,,53637,43,0,61 8,0,29,,53638,43,,,0
100,'S2-2_3',738,,53639,43,0,61 8,0,69,,53640,43,,,0,35,,53642,43,0,61 8,0,65,,53643,43,0,61 8,0,30,,53641,43,0,61 8,0,69,,53644,43,0,61 8,0,35,,53645,43,0,61 8,0,70,,53648,43,0,61 8,0,31,,53646,43,0,61 8,0,72,,53647,43,0,61 8,0,31,,53650,43,,,0,70,,53649,43,0,61 8,0,31,,53651,43,,,0,70,,53652,43,0,61 8,0,30,,53654,43,0,61 8,0,70,,53653,43,0,61 8,0,30,,53658,43,0,61 8,0,71,,53657,43,0,61 8,0,32,,53659,43,,,0,75,,53655,43,0,61 8,0,28,,53660,43,,,0,70,,53656,43,0,61 8,0,28,,53661,43,,,0,70,,53662,43,0,61 8,0,29,,53663,43,,,0
100,'S2-2_4',738,,53664,43,0,61 8,0,69,,53665,43,,,0,35,,53667,43,0,61 8,0,65,,53668,43,0,61 8,0,30,,53666,43,0,61 8,0,69,,53669,43,0,61 8,0,35,,53670,43,0,61 8,0,70,,53673,43,0,61 8,0,31,,53671,43,0,61 8,0,72,,53672,43,0,61 8,0,31,,53675,43,,,0,70,,53674,43,0,61 8,0,31,,53676,43,,,0,70,,53677,43,0,61 8,0,30,,53679,43,0,61 8,0,70,,53678,43,0,61 8,0,30,,53683,43,0,61 8,0,71,,53682,43,0,61 8,0,32,,53684,43,,,0,75,,53680,43,0,61 8,0,28,,53685,43,,,0,70,,53681,43,0,61 8,0,28,,53686,43,,,0,70,,53687,43,0,61 8,0,29,,53688,43,,,0
100,'S2-2_5',738,,53689,43,0,61 8,0,69,,53690,43,,,0,35,,53692,43,0,61 8,0,65,,53693,43,0,61 8,0,30,,53691,43,0,61 8,0,69,,53694,43,0,61 8,0,35,,53695,43,0,61 8,0,70,,53698,43,0,61 8,0,31,,53696,43,0,61 8,0,72,,53697,43,0,61 8,0,31,,53700,43,,,0,70,,53699,43,0,61 8,0,31,,53701,43,,,0,70,,53702,43,0,61 8,0,30,,53704,43,0,61 8,0,70,,53703,43,0,61 8,0,30,,53708,43,0,61 8,0,71,,53707,43,0,61 8,0,32,,53709,43,,,0,75,,53705,43,0,61 8,0,28,,53710,43,,,0,70,,53706,43,0,61 8,0,28,,53711,43,,,0,70,,53712,43,0,61 8,0,29,,53713,43,,,0
100,'S2-3_1',738,,53714,43,0,61 8,0,69,,53715,43,,,0,35,,53717,43,0,61 8,0,65,,53718,43,0,61 8,0,30,,53716,43,0,61 8,0,69,,53719,43,0,61 8,0,35,,53720,43,0,61 8,0,70,,53723,43,0,61 8,0,31,,53721,43,0,61 8,0,72,,53722,43,0,61 8,0,31,,53725,43,,,0,70,,53724,43,0,61 8,0,31,,53726,43,,,0,70,,53727,43,0,61 8,0,30,,53729,43,0,61 8,0,70,,53728,43,0,61 8,0,30,,53733,43,0,61 8,0,71,,53732,43,0,61 8,0,32,,53734,43,,,0,75,,53730,43,0,61 8,0,28,,53735,43,,,0,70,,53731,43,0,61 8,0,28,,53736,43,,,0,70,,53737,43,0,61 8,0,29,,53738,43,,,0
100,'S2-3_3',738,,53739,43,0,61 8,0,69,,53740,43,,,0,35,,53742,43,0,61 8,0,65,,53743,43,0,61 8,0,30,,53741,43,0,61 8,0,69,,53744,43,0,61 8,0,35,,53745,43,0,61 8,0,70,,53748,43,0,61 8,0,31,,53746,43,0,61 8,0,72,,53747,43,0,61 8,0,31,,53750,43,,,0,70,,53749,43,0,61 8,0,31,,53751,43,,,0,70,,53752,43,0,61 8,0,30,,53754,43,0,61 8,0,70,,53753,43,0,61 8,0,30,,53758,43,0,61 8,0,71,,53757,43,0,61 8,0,32,,53759,43,,,0,75,,53755,43,0,61 8,0,28,,53760,43,,,0,70,,53756,43,0,61 8,0,28,,53761,43,,,0,70,,53762,43,0,61 8,0,29,,53763,43,,,0
100,'S2-3_4',738,,53764,43,0,61 8,0,69,,53765,43,,,0,35,,53767,43,0,61 8,0,65,,53768,43,0,61 8,0,30,,53766,43,0,61 8,0,69,,53769,43,0,61 8,0,35,,53770,43,0,61 8,0,70,,53773,43,0,61 8,0,31,,53771,43,0,61 8,0,72,,53772,43,0,61 8,0,31,,53775,43,,,0,70,,53774,43,0,61 8,0,31,,53776,43,,,0,70,,53777,43,0,61 8,0,30,,53779,43,0,61 8,0,70,,53778,43,0,61 8,0,30,,53783,43,0,61 8,0,71,,53782,43,0,61 8,0,32,,53784,43,,,0,75,,53780,43,0,61 8,0,28,,53785,43,,,0,70,,53781,43,0,61 8,0,28,,53786,43,,,0,70,,53787,43,0,61 8,0,29,,53788,43,,,0
100,'S2-4_7',940,,53789,43,0,61 8,0,104,,53794,43,0,61 8,0,106,,53790,43,0,61 8,0,104,,53795,43,0,61 8,0,90,,53791,43,0,61 8,0,100,,53796,43,0,61 8,0,106,,53792,43,0,61 8,0,105,,53797,43,0,61 8,0,104,,53793,43,0,61 8,0,145,,53798,43,0,61 8,0
