1000,'S2-0_6',634,,57134,19,,,0,103,,57135,19,,,0,94,,57136,19,,,0,101,,57144,19,,,0,83,,57147,20,,,0,117,,57137,19,,,0,108,,57148,20,,,0,97,,57138,19,,,0,95,,57149,20,,,0,95,,57145,19,,,0,98,,57139,19,,,0,33,,57140,20,,,0,156,,57142,19,,,0,92,,57146,19,,,0,103,,57143,20,,,0,102,,57141,19,,,0
1000,'S2-1_7',1107,,57150,19,,,0,320,,57151,19,,,0,409,,57152,19,,,0,307,,57153,18,,,0
1000,'S2-2_1',633,,57154,18,,,0,97,,57155,18,,,0,120,,57156,18,0,18 30,0,89,,57157,19,,,0,102,,57162,18,0,18 30,0,97,,57158,19,0,18 30,0,112,,57163,18,0,18 30,0,105,,57164,18,0,18 30,0,102,,57159,19,,,0,93,,57165,18,,,0,155,,57160,19,,,0,106,,57166,18,,,0,120,,57161,19,0,18 30,0
1000,'S2-2_2',633,,57167,18,,,0,97,,57168,18,,,0,120,,57169,18,0,18 30,0,89,,57170,19,,,0,102,,57175,18,0,18 30,0,97,,57171,19,0,18 30,0,112,,57176,18,0,18 30,0,105,,57177,18,0,18 30,0,102,,57172,19,,,0,93,,57178,18,,,0,155,,57173,19,,,0,106,,57179,18,,,0,120,,57174,19,0,18 30,0
1000,'S2-2_3',633,,57180,18,,,0,97,,57181,18,,,0,120,,57182,18,0,18 30,0,89,,57183,19,,,0,102,,57188,18,0,18 30,0,97,,57184,19,0,18 30,0,112,,57189,18,0,18 30,0,105,,57190,18,0,18 30,0,102,,57185,19,,,0,93,,57191,18,,,0,155,,57186,19,,,0,106,,57192,18,,,0,120,,57187,19,0,18 30,0
1000,'S2-2_4',633,,57193,18,,,0,97,,57194,18,,,0,120,,57195,18,0,18 30,0,89,,57196,19,,,0,102,,57201,18,0,18 30,0,97,,57197,19,0,18 30,0,112,,57202,18,0,18 30,0,105,,57203,18,0,18 30,0,102,,57198,19,,,0,93,,57204,18,,,0,155,,57199,19,,,0,106,,57205,18,,,0,120,,57200,19,0,18 30,0
1000,'S2-2_5',633,,57206,18,,,0,97,,57207,18,,,0,120,,57208,18,0,18 30,0,89,,57209,19,,,0,102,,57214,18,0,18 30,0,97,,57210,19,0,18 30,0,112,,57215,18,0,18 30,0,105,,57216,18,0,18 30,0,102,,57211,19,,,0,93,,57217,18,,,0,155,,57212,19,,,0,106,,57218,18,,,0,120,,57213,19,0,18 30,0
1000,'S2-3_1',633,,57219,18,,,0,97,,57220,18,,,0,120,,57221,18,0,18 30,0,89,,57222,19,,,0,102,,57227,18,0,18 30,0,97,,57223,19,0,18 30,0,112,,57228,18,0,18 30,0,105,,57229,18,0,18 30,0,102,,57224,19,,,0,93,,57230,18,,,0,155,,57225,19,,,0,106,,57231,18,,,0,120,,57226,19,0,18 30,0
1000,'S2-3_3',633,,57232,18,,,0,97,,57233,18,,,0,120,,57234,18,0,18 30,0,89,,57235,19,,,0,102,,57240,18,0,18 30,0,97,,57236,19,0,18 30,0,112,,57241,18,0,18 30,0,105,,57242,18,0,18 30,0,102,,57237,19,,,0,93,,57243,18,,,0,155,,57238,19,,,0,106,,57244,18,,,0,120,,57239,19,0,18 30,0
1000,'S2-3_4',633,,57245,18,,,0,97,,57246,18,,,0,120,,57247,18,0,18 30,0,89,,57248,19,,,0,102,,57253,18,0,18 30,0,97,,57249,19,0,18 30,0,112,,57254,18,0,18 30,0,105,,57255,18,0,18 30,0,102,,57250,19,,,0,93,,57256,18,,,0,155,,57251,19,,,0,106,,57257,18,,,0,120,,57252,19,0,18 30,0
1000,'S2-4_7',633,,57258,18,,,0,97,,57259,18,,,0,120,,57260,18,0,18 30,0,89,,57261,19,,,0,102,,57266,18,0,18 30,0,97,,57262,19,0,18 30,0,112,,57267,18,0,18 30,0,105,,57268,18,0,18 30,0,102,,57263,19,,,0,93,,57269,18,,,0,155,,57264,19,,,0,106,,57270,18,,,0,120,,57265,19,0,18 30,0
2901000,'S2-0_6',811,,60992,11,,,0,101,,60994,11,,,0,200,,60993,11,,,0,135,,60999,11,,,0,70,,60996,11,,,0,95,,60995,11,,,0,95,,60997,11,,,0,98,,60998,11,,,0,117,,61001,11,,,0,99,,61000,11,,,0
2901000,'S2-2_1',852,,61002,11,,,0,298,,61003,11,,,0,208,,61004,11,,,0,93,,61005,11,,,0,192,,61006,11,,,0,199,,61007,11,,,0,183,,61008,11,,,0
2901000,'S2-2_2',852,,61009,11,,,0,298,,61010,11,,,0,208,,61011,11,,,0,93,,61012,11,,,0,192,,61013,11,,,0,199,,61014,11,,,0,183,,61015,11,,,0
2901000,'S2-2_3',852,,61016,11,,,0,298,,61017,11,,,0,208,,61018,11,,,0,93,,61019,11,,,0,192,,61020,11,,,0,199,,61021,11,,,0,183,,61022,11,,,0
2901000,'S2-2_4',852,,61023,11,,,0,298,,61024,11,,,0,208,,61025,11,,,0,93,,61026,11,,,0,192,,61027,11,,,0,199,,61028,11,,,0,183,,61029,11,,,0
2901000,'S2-2_5',852,,61030,11,,,0,298,,61031,11,,,0,208,,61032,11,,,0,93,,61033,11,,,0,192,,61034,11,,,0,199,,61035,11,,,0,183,,61036,11,,,0
2901000,'S2-3_1',852,,61037,11,,,0,298,,61038,11,,,0,208,,61039,11,,,0,93,,61040,11,,,0,192,,61041,11,,,0,199,,61042,11,,,0,183,,61043,11,,,0
2901000,'S2-3_3',852,,61044,11,,,0,298,,61045,11,,,0,208,,61046,11,,,0,93,,61047,11,,,0,192,,61048,11,,,0,199,,61049,11,,,0,183,,61050,11,,,0
2901000,'S2-3_4',852,,61051,11,,,0,298,,61052,11,,,0,208,,61053,11,,,0,93,,61054,11,,,0,192,,61055,11,,,0,199,,61056,11,,,0,183,,61057,11,,,0
2901000,'S2-4_7',852,,61058,11,,,0,298,,61059,11,,,0,208,,61060,11,,,0,93,,61061,11,,,0,192,,61062,11,,,0,199,,61063,11,,,0,183,,61064,11,,,0
