200,'0_6',814,,63326,42,0,35 37,0,105,,63327,42,0,35 37,0,106,,63328,33,0,35 37,0,106,,63329,42,0,35 37,0,109,,63330,42,0,35 37,0,100,,63331,33,0,35 37,0,102,,63332,42,0,35 37,0,102,,63333,42,0,35 37,0,112,,63334,42,0,35 37,0,102,,63335,42,0,35 37,0,94,,63349,42,0,35 37,0,89,,63336,45,0,35 37,0
200,'2_1',814,,63369,42,0,35 37,0,105,,63370,42,0,35 37,0,106,,63371,33,0,35 37,0,106,,63372,42,0,35 37,0,109,,63373,42,0,35 37,0,100,,63374,33,0,35 37,0,102,,63375,42,0,35 37,0,102,,63376,42,0,35 37,0,112,,63377,42,0,35 37,0,102,,63378,42,0,35 37,0,94,,63392,42,0,35 37,0,89,,63379,45,0,35 37,0
200,'2_2',814,,63404,42,0,35 37,0,105,,63405,42,0,35 37,0,106,,63406,33,0,35 37,0,106,,63407,42,0,35 37,0,109,,63408,42,0,35 37,0,100,,63409,33,0,35 37,0,102,,63410,42,0,35 37,0,102,,63411,42,0,35 37,0,112,,63412,42,0,35 37,0,102,,63413,42,0,35 37,0,94,,63427,42,0,35 37,0,89,,63414,45,0,35 37,0
200,'2_3',814,,63439,42,0,35 37,0,105,,63440,42,0,35 37,0,106,,63441,33,0,35 37,0,106,,63442,42,0,35 37,0,109,,63443,42,0,35 37,0,100,,63444,33,0,35 37,0,102,,63445,42,0,35 37,0,102,,63446,42,0,35 37,0,112,,63447,42,0,35 37,0,102,,63448,42,0,35 37,0,94,,63462,42,0,35 37,0,89,,63449,45,0,35 37,0
200,'2_4',814,,63474,42,0,35 37,0,105,,63475,42,0,35 37,0,106,,63476,33,0,35 37,0,106,,63477,42,0,35 37,0,109,,63478,42,0,35 37,0,100,,63479,33,0,35 37,0,102,,63480,42,0,35 37,0,102,,63481,42,0,35 37,0,112,,63482,42,0,35 37,0,102,,63483,42,0,35 37,0,94,,63497,42,0,35 37,0,89,,63484,45,0,35 37,0
200,'2_5',814,,63509,42,0,35 37,0,105,,63510,42,0,35 37,0,106,,63511,33,0,35 37,0,106,,63512,42,0,35 37,0,109,,63513,42,0,35 37,0,100,,63514,33,0,35 37,0,102,,63515,42,0,35 37,0,102,,63516,42,0,35 37,0,112,,63517,42,0,35 37,0,102,,63518,42,0,35 37,0,94,,63532,42,0,35 37,0,89,,63519,45,0,35 37,0
200,'3_1',814,,63544,42,0,35 37,0,105,,63545,42,0,35 37,0,106,,63546,33,0,35 37,0,106,,63547,42,0,35 37,0,109,,63548,42,0,35 37,0,100,,63549,33,0,35 37,0,102,,63550,42,0,35 37,0,102,,63551,42,0,35 37,0,112,,63552,42,0,35 37,0,102,,63553,42,0,35 37,0,94,,63567,42,0,35 37,0,89,,63554,45,0,35 37,0
200,'3_3',814,,63579,42,0,35 37,0,105,,63580,42,0,35 37,0,106,,63581,33,0,35 37,0,106,,63582,42,0,35 37,0,109,,63583,42,0,35 37,0,100,,63584,33,0,35 37,0,102,,63585,42,0,35 37,0,102,,63586,42,0,35 37,0,112,,63587,42,0,35 37,0,102,,63588,42,0,35 37,0,94,,63602,42,0,35 37,0,89,,63589,45,0,35 37,0
200,'3_4',814,,63614,42,0,35 37,0,105,,63615,42,0,35 37,0,106,,63616,33,0,35 37,0,106,,63617,42,0,35 37,0,109,,63618,42,0,35 37,0,100,,63619,33,0,35 37,0,102,,63620,42,0,35 37,0,102,,63621,42,0,35 37,0,112,,63622,42,0,35 37,0,102,,63623,42,0,35 37,0,94,,63637,42,0,35 37,0,89,,63624,45,0,35 37,0
200,'3_5',814,,63649,42,0,35 37,0,105,,63650,42,0,35 37,0,106,,63651,33,0,35 37,0,106,,63652,42,0,35 37,0,109,,63653,42,0,35 37,0,100,,63654,33,0,35 37,0,102,,63655,42,0,35 37,0,102,,63656,42,0,35 37,0,112,,63657,42,0,35 37,0,102,,63658,42,0,35 37,0,94,,63672,42,0,35 37,0,89,,63659,45,0,35 37,0
