200,'1_6',640,,15185,6,0,34,0,108,,15186,6,0,34,0,85,,15209,6,0,38,0,167,,15188,6,0,34,0,111,,15189,6,0,34,0,105,,15190,4,0,34,0,98,,15191,6,0,34,0,102,,15192,6,0,34,0,105,,15193,6,0,34,0,103,,15194,6,0,34,0,101,,15195,6,0,34,0,113,,15206,6,0,35 28 36 37,0
200,'5_1',647,,15260,6,0,38,0,61,,15261,6,0,38,0,33,,15235,6,0,35 28 36 37,0,82,,15229,6,0,9 10,0,96,,15249,6,0,9 10,0,99,,15230,6,0,35 28 36 37,0,182,,15240,6,0,34,0,139,,15244,6,0,34,0,165,,15258,6,0,38,0,147,,15246,6,0,34,0,78,,15254,6,0,35 28 36 37,0,30,,15247,6,0,34,0,77,,15238,6,0,38,0,66,,15248,6,0,34,0
200,'5_2',647,,15299,6,0,38,0,61,,15300,6,0,38,0,33,,15274,6,0,35 28 36 37,0,82,,15268,6,0,9 10,0,96,,15288,6,0,9 10,0,99,,15269,6,0,35 28 36 37,0,182,,15279,6,0,34,0,139,,15283,6,0,34,0,165,,15297,6,0,38,0,147,,15285,6,0,34,0,78,,15293,6,0,35 28 36 37,0,30,,15286,6,0,34,0,77,,15277,6,0,38,0,66,,15287,6,0,34,0
200,'5_4',647,,15338,6,0,38,0,61,,15339,6,0,38,0,33,,15313,6,0,35 28 36 37,0,82,,15307,6,0,9 10,0,96,,15327,6,0,9 10,0,99,,15308,6,0,35 28 36 37,0,182,,15318,6,0,34,0,139,,15322,6,0,34,0,165,,15336,6,0,38,0,147,,15324,6,0,34,0,78,,15332,6,0,35 28 36 37,0,30,,15325,6,0,34,0,77,,15316,6,0,38,0,66,,15326,6,0,34,0
200,'5_5',647,,15377,6,0,38,0,61,,15378,6,0,38,0,33,,15352,6,0,35 28 36 37,0,82,,15346,6,0,9 10,0,96,,15366,6,0,9 10,0,99,,15347,6,0,35 28 36 37,0,182,,15357,6,0,34,0,139,,15361,6,0,34,0,165,,15375,6,0,38,0,147,,15363,6,0,34,0,78,,15371,6,0,35 28 36 37,0,30,,15364,6,0,34,0,77,,15355,6,0,38,0,66,,15365,6,0,34,0
200,'6_3',647,,15416,6,0,38,0,61,,15417,6,0,38,0,33,,15391,6,0,35 28 36 37,0,82,,15385,6,0,9 10,0,96,,15405,6,0,9 10,0,99,,15386,6,0,35 28 36 37,0,182,,15396,6,0,34,0,139,,15400,6,0,34,0,165,,15414,6,0,38,0,147,,15402,6,0,34,0,78,,15410,6,0,35 28 36 37,0,30,,15403,6,0,34,0,77,,15394,6,0,38,0,66,,15404,6,0,34,0
2900200,'5_1',659,,20874,6,,,0,99,,20875,6,,,0
2900200,'5_2',659,,20876,6,,,0,99,,20877,6,,,0
2900200,'5_4',659,,20878,6,,,0,99,,20879,6,,,0
2900200,'5_5',659,,20880,6,,,0,99,,20881,6,,,0
2900200,'6_3',659,,20882,6,,,0,99,,20883,6,,,0
