600,'S2-1_6',741,,9196,5,0,11 12,0,93,,9198,5,0,11 12,0,90,,9199,5,0,11 12,0,86,,9200,5,0,11 12,0,90,,9201,5,0,11 12,0,51,,9202,5,0,11 12,0,89,,9203,5,0,11 12,0,90,,9204,5,0,11 12,0,87,,9205,5,0,11 12,0,98,,9206,5,0,11 12,0,89,,9207,5,0,11 12,0,50,,9208,5,0,11 12,0,90,,9209,5,0,11 12,0,96,,9210,5,0,11 12,0,83,,9197,5,0,11 12,0
600,'S2-5_1',652,,9211,5,,,0,58,,9225,5,0,11 12,0,93,,9212,5,,,0,108,,9213,5,0,11 12,0,102,,9214,5,0,11 12,0,91,,9215,5,0,11 12,0,111,,9216,5,0,11 12,0,106,,9217,5,0,11 12,0,95,,9226,5,0,11 12,0,93,,9218,5,0,11 12,0,94,,9219,5,0,11 12,0,39,,9220,5,0,11 12,0,85,,9221,5,0,11 12,0,77,,9222,5,0,11 12,0,32,,9223,5,0,11 12,0,84,,9224,5,0,11 12,0
600,'S2-5_2',652,,9227,5,,,0,58,,9241,5,0,11 12,0,93,,9228,5,,,0,108,,9229,5,0,11 12,0,102,,9230,5,0,11 12,0,91,,9231,5,0,11 12,0,111,,9232,5,0,11 12,0,106,,9233,5,0,11 12,0,95,,9242,5,0,11 12,0,93,,9234,5,0,11 12,0,94,,9235,5,0,11 12,0,39,,9236,5,0,11 12,0,85,,9237,5,0,11 12,0,77,,9238,5,0,11 12,0,32,,9239,5,0,11 12,0,84,,9240,5,0,11 12,0
600,'S2-5_4',652,,9243,5,,,0,58,,9257,5,0,11 12,0,93,,9244,5,,,0,108,,9245,5,0,11 12,0,102,,9246,5,0,11 12,0,91,,9247,5,0,11 12,0,111,,9248,5,0,11 12,0,106,,9249,5,0,11 12,0,95,,9258,5,0,11 12,0,93,,9250,5,0,11 12,0,94,,9251,5,0,11 12,0,39,,9252,5,0,11 12,0,85,,9253,5,0,11 12,0,77,,9254,5,0,11 12,0,32,,9255,5,0,11 12,0,84,,9256,5,0,11 12,0
600,'S2-5_5',652,,9259,5,,,0,58,,9273,5,0,11 12,0,93,,9260,5,,,0,108,,9261,5,0,11 12,0,102,,9262,5,0,11 12,0,91,,9263,5,0,11 12,0,111,,9264,5,0,11 12,0,106,,9265,5,0,11 12,0,95,,9274,5,0,11 12,0,93,,9266,5,0,11 12,0,94,,9267,5,0,11 12,0,39,,9268,5,0,11 12,0,85,,9269,5,0,11 12,0,77,,9270,5,0,11 12,0,32,,9271,5,0,11 12,0,84,,9272,5,0,11 12,0
600,'S2-6_3',652,,9275,5,,,0,58,,9289,5,0,11 12,0,93,,9276,5,,,0,108,,9277,5,0,11 12,0,102,,9278,5,0,11 12,0,91,,9279,5,0,11 12,0,111,,9280,5,0,11 12,0,106,,9281,5,0,11 12,0,95,,9290,5,0,11 12,0,93,,9282,5,0,11 12,0,94,,9283,5,0,11 12,0,39,,9284,5,0,11 12,0,85,,9285,5,0,11 12,0,77,,9286,5,0,11 12,0,32,,9287,5,0,11 12,0,84,,9288,5,0,11 12,0
2900600,'S2-5_1',703,,13581,5,,,0,115,,13582,5,,,0
2900600,'S2-5_2',703,,13583,5,,,0,115,,13584,5,,,0
2900600,'S2-5_4',703,,13585,5,,,0,115,,13586,5,,,0
2900600,'S2-5_5',703,,13587,5,,,0,115,,13588,5,,,0
2900600,'S2-6_3',703,,13589,5,,,0,115,,13590,5,,,0
