201,'25j05H-Dimanche',848,,757,0,14 15 16,0,165,,758,0,14 15 16,0,125,,759,0,14 15 16,0,165,,760,0,14 15 16,0,110,,761,0,14 15 16,0,125,,762,0,14 15 16,0,165,,763,0,14 15 16,0,125,,764,0,14 15 16,0
201,'25j26H-Dimanche',848,,777,0,14 15 16,0,165,,778,0,14 15 16,0,125,,779,0,14 15 16,0,165,,780,0,14 15 16,0,110,,781,0,14 15 16,0,125,,782,0,14 15 16,0,165,,783,0,14 15 16,0,125,,784,0,14 15 16,0
201,'25k03H-Samedi',723,,797,0,14 15,0,5,,821,0,17 18 19,0,25,,809,0,14 15 16,0,70,,798,0,14 15 16,0,25,,810,0,17 18 19,0,65,,822,0,14 15,0,25,,799,0,14 15,0,20,,811,0,14 15 16,0,55,,823,0,17 18 19,0,32,,800,0,14 15,0,59,,812,0,14 15 16,0,20,,824,0,47 18 19,0,25,,801,0,14 15,0,60,,813,0,17 18 19,0,19,,825,0,14 15 16,0,30,,802,0,14 15 16,0,58,,814,0,17 18 19,0,20,,826,0,14 15,0,65,,803,0,14 15 16,0,18,,815,0,17 18 19,0,25,,827,0,14 15,0,65,,804,0,17 18 19,0,18,,816,0,14 15 16,0,22,,828,0,14 15,0,62,,805,0,17 18 19,0,16,,817,0,14 15 16,0,24,,829,0,14 15,0,65,,806,0,14 15 16,0,18,,818,0,17 18 19,0,20,,830,0,14 15,0,65,,807,0,14 15 16,0,19,,819,0,14 15,0,20,,831,0,17 18 19,0,60,,808,0,14 15 16,0,15,,820,0,17 18 19,0,15,,832,0,14 15 16,0
201,'25l22V-Semaine',723,,870,0,14 15,0,17,,861,0,14 15 16,0,13,,868,0,14 15 16,0,58,,867,0,17 18 19,0,12,,865,0,14 15 16,0,15,,864,0,14 15,0,20,,869,0,17 18 19,0,67,,866,0,14 15 16,0,28,,863,0,14 15,0,82,,858,0,14 15 16,0,66,,859,0,17 18 19,0,43,,856,0,14 15 16,0,74,,855,0,17 18 19,0,20,,860,0,14 15 16,0,20,,857,0,14 15,0,75,,853,0,14 15 16,0,20,,851,0,17 18 19,0,66,,850,0,14 15 16,0,30,,848,0,14 15,0,65,,854,0,14 15 16,0,25,,849,0,17 18 19,0,15,,852,0,14 15,0,60,,844,0,14 15 16,0,10,,846,0,17 18 19,0,15,,843,0,14 15 16,0,15,,847,0,17 18 19,0,60,,845,0,14 15 16,0,15,,837,0,17 18 19,0,12,,839,0,14 15 16,0,13,,836,0,17 18 19,0,55,,840,0,14 15 16,0,14,,842,0,17 18 19,0,15,,841,0,14 15 16,0,15,,838,0,17 18 19,0,60,,834,0,14 15 16,0,25,,835,0,17 18 19,0,20,,833,0,14 15 16,0
201,'26a05H-Samedi',723,,872,0,14 15,0,5,,896,0,17 18 19,0,25,,884,0,14 15 16,0,70,,873,0,14 15 16,0,25,,885,0,17 18 19,0,65,,897,0,14 15,0,25,,874,0,14 15,0,20,,886,0,14 15 16,0,55,,898,0,17 18 19,0,32,,875,0,14 15,0,59,,887,0,14 15 16,0,20,,899,0,47 18 19,0,25,,876,0,14 15,0,60,,888,0,17 18 19,0,19,,900,0,14 15 16,0,30,,877,0,14 15 16,0,58,,889,0,17 18 19,0,20,,901,0,14 15,0,65,,878,0,14 15 16,0,18,,890,0,17 18 19,0,25,,902,0,14 15,0,65,,879,0,17 18 19,0,18,,891,0,14 15 16,0,22,,903,0,14 15,0,62,,880,0,17 18 19,0,16,,892,0,14 15 16,0,24,,904,0,14 15,0,65,,881,0,14 15 16,0,18,,893,0,17 18 19,0,20,,905,0,14 15,0,65,,882,0,14 15 16,0,19,,894,0,14 15,0,20,,906,0,17 18 19,0,60,,883,0,14 15 16,0,15,,895,0,17 18 19,0,15,,907,0,14 15 16,0
201,'26a05H-Mercredi',723,,908,0,14 15,0,17,,942,0,14 15 16,0,13,,946,0,14 15 16,0,58,,930,0,17 18 19,0,12,,911,0,14 15 16,0,15,,909,0,14 15,0,20,,931,0,17 18 19,0,67,,912,0,14 15 16,0,28,,922,0,14 15,0,81,,916,0,14 15 16,0,66,,923,0,17 18 19,0,43,,917,0,14 15 16,0,75,,924,0,17 18 19,0,20,,944,0,14 15 16,0,20,,913,0,14 15,0,75,,932,0,14 15 16,0,20,,945,0,17 18 19,0,65,,925,0,14 15 16,0,30,,910,0,14 15,0,65,,933,0,14 15 16,0,25,,914,0,17 18 19,0,15,,939,0,14 15,0,61,,926,0,14 15 16,0,10,,941,0,17 18 19,0,15,,918,0,14 15 16,0,15,,940,0,17 18 19,0,60,,934,0,14 15 16,0,15,,927,0,17 18 19,0,12,,935,0,14 15 16,0,13,,915,0,17 18 19,0,55,,936,0,14 15 16,0,15,,938,0,17 18 19,0,14,,937,0,14 15 16,0,15,,928,0,17 18 19,0,60,,919,0,14 15 16,0,25,,929,0,17 18 19,0,19,,920,0,14 15 16,0
201,'26a05H-Mercredi0010000',1218,,947,0,14 15 16,0
201,'26a05H-L-Ma-J-V',723,,948,0,14 15,0,17,,982,0,14 15 16,0,13,,986,0,14 15 16,0,58,,970,0,17 18 19,0,12,,951,0,14 15 16,0,15,,949,0,14 15,0,20,,971,0,17 18 19,0,67,,952,0,14 15 16,0,28,,962,0,14 15,0,81,,956,0,14 15 16,0,66,,963,0,17 18 19,0,43,,957,0,14 15 16,0,75,,964,0,17 18 19,0,20,,984,0,14 15 16,0,20,,953,0,14 15,0,75,,972,0,14 15 16,0,20,,985,0,17 18 19,0,65,,965,0,14 15 16,0,30,,950,0,14 15,0,65,,973,0,14 15 16,0,25,,954,0,17 18 19,0,15,,979,0,14 15,0,61,,966,0,14 15 16,0,10,,981,0,17 18 19,0,15,,958,0,14 15 16,0,15,,980,0,17 18 19,0,60,,974,0,14 15 16,0,15,,967,0,17 18 19,0,12,,975,0,14 15 16,0,13,,955,0,17 18 19,0,55,,976,0,14 15 16,0,15,,978,0,17 18 19,0,14,,977,0,14 15 16,0,15,,968,0,17 18 19,0,60,,959,0,14 15 16,0,25,,969,0,17 18 19,0,19,,960,0,14 15 16,0
201,'26b23V-Semaine',723,,1024,0,14 15,0,17,,1015,0,14 15 16,0,13,,1022,0,14 15 16,0,58,,1021,0,17 18 19,0,12,,1019,0,14 15 16,0,15,,1018,0,14 15,0,20,,1023,0,17 18 19,0,67,,1020,0,14 15 16,0,28,,1017,0,14 15,0,82,,1012,0,14 15 16,0,66,,1013,0,17 18 19,0,43,,1010,0,14 15 16,0,74,,1009,0,17 18 19,0,20,,1014,0,14 15 16,0,20,,1011,0,14 15,0,75,,1007,0,14 15 16,0,20,,1005,0,17 18 19,0,66,,1004,0,14 15 16,0,30,,1002,0,14 15,0,65,,1008,0,14 15 16,0,25,,1003,0,17 18 19,0,15,,1006,0,14 15,0,60,,998,0,14 15 16,0,10,,1000,0,17 18 19,0,15,,997,0,14 15 16,0,15,,1001,0,17 18 19,0,60,,999,0,14 15 16,0,15,,991,0,17 18 19,0,12,,993,0,14 15 16,0,13,,990,0,17 18 19,0,55,,994,0,14 15 16,0,14,,996,0,17 18 19,0,15,,995,0,14 15 16,0,15,,992,0,17 18 19,0,60,,988,0,14 15 16,0,25,,989,0,17 18 19,0,20,,987,0,14 15 16,0
201,'26c02V-Semaine',723,,1063,0,14 15,0,17,,1054,0,14 15 16,0,13,,1061,0,14 15 16,0,58,,1060,0,17 18 19,0,12,,1058,0,14 15 16,0,15,,1057,0,14 15,0,20,,1062,0,17 18 19,0,67,,1059,0,14 15 16,0,28,,1056,0,14 15,0,82,,1051,0,14 15 16,0,66,,1052,0,17 18 19,0,43,,1049,0,14 15 16,0,74,,1048,0,17 18 19,0,20,,1053,0,14 15 16,0,20,,1050,0,14 15,0,75,,1046,0,14 15 16,0,20,,1044,0,17 18 19,0,66,,1043,0,14 15 16,0,30,,1041,0,14 15,0,65,,1047,0,14 15 16,0,25,,1042,0,17 18 19,0,15,,1045,0,14 15,0,60,,1037,0,14 15 16,0,10,,1039,0,17 18 19,0,15,,1036,0,14 15 16,0,15,,1040,0,17 18 19,0,60,,1038,0,14 15 16,0,15,,1030,0,17 18 19,0,12,,1032,0,14 15 16,0,13,,1029,0,17 18 19,0,55,,1033,0,14 15 16,0,14,,1035,0,17 18 19,0,15,,1034,0,14 15 16,0,15,,1031,0,17 18 19,0,60,,1027,0,14 15 16,0,25,,1028,0,17 18 19,0,20,,1026,0,14 15 16,0
501,'25j05H-Dimanche',943,,2050,,,0,200,,2051,,,0,200,,2052,,,0,200,,2049,,,0
501,'25j26H-Dimanche',943,,2054,,,0,200,,2055,,,0,200,,2056,,,0,200,,2053,,,0
501,'25k03H-Samedi',815,,2057,,,0,100,,2058,,,0,100,,2059,,,0,101,,2060,,,0,100,,2061,,,0,94,,2062,,,0,99,,2063,,,0,100,,2064,,,0,100,,2065,,,0,100,,2066,,,0,100,,2067,,,0,149,,2068,,,0
501,'25l22V-Semaine',923,,2069,,,0,104,,2070,,,0,100,,2071,,,0,86,,2072,,,0,95,,2073,,,0,98,,2074,,,0,102,,2075,,,0,101,,2076,,,0,106,,2077,,,0,104,,2078,,,0,129,,2079,,,0
501,'26a05H-Samedi',815,,2080,,,0,100,,2081,,,0,100,,2082,,,0,101,,2083,,,0,100,,2084,,,0,94,,2085,,,0,99,,2086,,,0,100,,2087,,,0,100,,2088,,,0,100,,2089,,,0,100,,2090,,,0,149,,2091,,,0
501,'26a05H-Mercredi',923,,2092,,,0,104,,2093,,,0,100,,2094,,,0,86,,2095,,,0,95,,2096,,,0,98,,2097,,,0,102,,2098,,,0,101,,2099,,,0,106,,2100,,,0,104,,2101,,,0,129,,2102,,,0
501,'26a05H-Mercredi0010000',1238,,2103,0,20 21,0
501,'26a05H-L-Ma-J-V',923,,2104,,,0,104,,2105,,,0,100,,2106,,,0,86,,2107,,,0,95,,2108,,,0,98,,2109,,,0,102,,2110,,,0,101,,2111,,,0,106,,2112,,,0,104,,2113,,,0,129,,2114,,,0
501,'26a05H-L-Ma-J-V1101100',1634,,2115,0,20 21,0,110,,2116,0,20 21,0,94,,2117,0,20 21,0
501,'26b23V-Semaine',923,,2118,,,0,104,,2119,,,0,100,,2120,,,0,86,,2121,,,0,95,,2122,,,0,98,,2123,,,0,102,,2124,,,0,101,,2125,,,0,106,,2126,,,0,104,,2127,,,0,129,,2128,,,0
501,'26c02V-Semaine',923,,2129,,,0,104,,2130,,,0,100,,2131,,,0,86,,2132,,,0,95,,2133,,,0,98,,2134,,,0,102,,2135,,,0,101,,2136,,,0,106,,2137,,,0,104,,2138,,,0,129,,2139,,,0
1501,'25j05H-Dimanche',833,,3240,4,,0,276,,3241,4,,0,300,,3242,4,,0,328,,3243,4,,0
1501,'25j26H-Dimanche',833,,3244,4,,0,276,,3245,4,,0,300,,3246,4,,0,328,,3247,4,,0
1501,'25k03H-Samedi',722,,3249,4,,0,20,,3250,4,,0,94,,3251,4,,0,21,,3252,4,,0,158,,3253,4,,0,116,,3254,4,,0,117,,3255,4,,0,95,,3256,4,,0,158,,3257,4,,0,100,,3248,4,,0,130,,3258,4,,0,103,,3259,4,,0,92,,3260,4,,0
1501,'25l22V-Semaine',722,,3262,4,,0,20,,3263,4,,0,94,,3264,4,,0,21,,3265,4,,0,158,,3266,4,,0,116,,3267,4,,0,117,,3268,4,,0,95,,3269,4,,0,158,,3270,4,,0,100,,3261,4,,0,130,,3271,4,,0,103,,3272,4,,0,92,,3273,4,,0
1501,'26a05H-Samedi',722,,3275,4,,0,20,,3276,4,,0,94,,3277,4,,0,21,,3278,4,,0,158,,3279,4,,0,116,,3280,4,,0,117,,3281,4,,0,95,,3282,4,,0,158,,3283,4,,0,100,,3274,4,,0,130,,3284,4,,0,103,,3285,4,,0,92,,3286,4,,0
1501,'26a05H-Mercredi',722,,3288,4,,0,20,,3289,4,,0,94,,3290,4,,0,21,,3291,4,,0,158,,3292,4,,0,116,,3293,4,,0,117,,3294,4,,0,95,,3295,4,,0,158,,3296,4,,0,100,,3287,4,,0,130,,3297,4,,0,103,,3298,4,,0,92,,3299,4,,0
1501,'26a05H-L-Ma-J-V',722,,3301,4,,0,20,,3302,4,,0,94,,3303,4,,0,21,,3304,4,,0,158,,3305,4,,0,116,,3306,4,,0,117,,3307,4,,0,95,,3308,4,,0,158,,3309,4,,0,100,,3300,4,,0,130,,3310,4,,0,103,,3311,4,,0,92,,3312,4,,0
1501,'26b23V-Semaine',722,,3314,4,,0,20,,3315,4,,0,94,,3316,4,,0,21,,3317,4,,0,158,,3318,4,,0,116,,3319,4,,0,117,,3320,4,,0,95,,3321,4,,0,158,,3322,4,,0,100,,3313,4,,0,130,,3323,4,,0,103,,3324,4,,0,92,,3325,4,,0
1501,'26c02V-Semaine',722,,3327,4,,0,20,,3328,4,,0,94,,3329,4,,0,21,,3330,4,,0,158,,3331,4,,0,116,,3332,4,,0,117,,3333,4,,0,95,,3334,4,,0,158,,3335,4,,0,100,,3326,4,,0,130,,3336,4,,0,103,,3337,4,,0,92,,3338,4,,0
2601,'25k03H-Samedi',728,,4030,,,0,85,,4033,,,0,45,,4034,,,0,86,,4035,,,0,90,,4036,,,0,84,,4037,,,0,83,,4038,,,0,45,,4039,,,0,82,,4040,,,0,85,,4041,,,0,46,,4042,,,0,90,,4043,,,0,86,,4044,,,0,81,,4045,,,0,86,,4046,,,0,43,,4032,,,0,83,,4031,,,0
2601,'25l22V-Semaine',728,,4047,,,0,85,,4048,,,0,45,,4049,,,0,86,,4050,,,0,90,,4051,,,0,84,,4052,,,0,83,,4053,,,0,45,,4054,,,0,82,,4055,,,0,85,,4056,,,0,46,,4057,,,0,90,,4058,,,0,86,,4059,,,0,81,,4060,,,0,86,,4061,,,0,43,,4062,,,0,83,,4063,,,0
2601,'26a05H-Samedi',728,,4064,,,0,85,,4067,,,0,45,,4068,,,0,86,,4069,,,0,90,,4070,,,0,84,,4071,,,0,83,,4072,,,0,45,,4073,,,0,82,,4074,,,0,85,,4075,,,0,46,,4076,,,0,90,,4077,,,0,86,,4078,,,0,81,,4079,,,0,86,,4080,,,0,43,,4066,,,0,83,,4065,,,0
2601,'26a05H-Mercredi',725,,4081,,,0,33,,4090,,,0,65,,4092,,,0,25,,4091,,,0,79,,4082,,,0,99,,4083,,,0,100,,4099,,,0,100,,4084,,,0,27,,4100,,,0,62,,4101,,,0,92,,4085,,,0,94,,4086,,,0,114,,4094,,,0,87,,4095,,,0,28,,4096,,,0,90,,4097,,,0,24,,4098,,,0,94,,4093,,,0
2601,'26a05H-L-Ma-J-V',725,,4102,,,0,33,,4111,,,0,65,,4113,,,0,25,,4112,,,0,79,,4103,,,0,99,,4104,,,0,100,,4120,,,0,100,,4105,,,0,27,,4121,,,0,62,,4122,,,0,92,,4106,,,0,94,,4107,,,0,114,,4115,,,0,87,,4116,,,0,28,,4117,,,0,90,,4118,,,0,24,,4119,,,0,94,,4114,,,0
2601,'26b23V-Semaine',728,,4124,,,0,85,,4125,,,0,45,,4126,,,0,86,,4127,,,0,90,,4128,,,0,84,,4129,,,0,83,,4130,,,0,45,,4131,,,0,82,,4132,,,0,85,,4133,,,0,46,,4134,,,0,90,,4135,,,0,86,,4136,,,0,81,,4137,,,0,86,,4138,,,0,43,,4139,,,0,83,,4140,,,0
2601,'26c02V-Semaine',728,,4141,,,0,85,,4142,,,0,45,,4143,,,0,86,,4144,,,0,90,,4145,,,0,84,,4146,,,0,83,,4147,,,0,45,,4148,,,0,82,,4149,,,0,85,,4150,,,0,46,,4151,,,0,90,,4152,,,0,86,,4153,,,0,81,,4154,,,0,86,,4155,,,0,43,,4156,,,0,83,,4157,,,0
900500,'26a05H-L-Ma-J-V0001000',2115,,4311,,,0,90,,4312,,,0,50,,4313,,,0,90,,4314,,,0,88,,4315,,,0,82,,4316,,,0,30,,4317,,,0,70,,4318,,,0
900500,'26b23V-Semaine0001000',2115,,4319,,,0,90,,4320,,,0,50,,4321,,,0,90,,4322,,,0,88,,4323,,,0,82,,4324,,,0,30,,4325,,,0,70,,4326,,,0
900501,'26a05H-L-Ma-J-V0001000',2112,,4327,4,,0,40,,4328,4,,0,90,,4329,4,,0,90,,4330,4,,0,90,,4331,4,,0,88,,4332,4,,0,30,,4333,4,,0,70,,4334,4,,0
900501,'26b23V-Semaine0001000',2112,,4335,4,,0,40,,4336,4,,0,90,,4337,4,,0,90,,4338,4,,0,90,,4339,4,,0,88,,4340,4,,0,30,,4341,4,,0,70,,4342,4,,0
901300,'25l22V-Semaine0101000',900,,4455,,,0
901300,'26a05H-L-Ma-J-V0101000',900,,4456,,,0
901300,'26b23V-Semaine0101000',900,,4457,,,0
901300,'26c02V-Semaine0101000',900,,4458,,,0
901301,'25l22V-Semaine0101000',1029,,4459,4,,0
901301,'26a05H-L-Ma-J-V0101000',1029,,4460,4,,0
901301,'26b23V-Semaine0101000',1029,,4461,4,,0
901301,'26c02V-Semaine0101000',1029,,4462,4,,0
1000001,'25j05H-Dimanche',814,,5286,,,0,40,,5287,,,0,80,,5288,,,0,80,,5289,,,0,40,,5290,,,0,80,,5291,,,0,80,,5292,,,0,40,,5293,,,0,80,,5294,,,0,80,,5295,,,0,40,,5296,,,0,80,,5297,,,0,80,,5298,,,0,40,,5299,,,0,80,,5300,,,0,80,,5301,,,0,40,,5302,,,0,80,,5303,,,0
1000001,'25j26H-Dimanche',814,,5304,,,0,40,,5305,,,0,80,,5306,,,0,80,,5307,,,0,40,,5308,,,0,80,,5309,,,0,80,,5310,,,0,40,,5311,,,0,80,,5312,,,0,80,,5313,,,0,40,,5314,,,0,80,,5315,,,0,80,,5316,,,0,40,,5317,,,0,80,,5318,,,0,80,,5319,,,0,40,,5320,,,0,80,,5321,,,0
1000001,'25k03H-Samedi',545,,5322,,,0,81,,5323,,,0,80,,5324,,,0,30,,5325,,,0,69,,5326,,,0,29,,5327,,,0,15,,5328,,,0,55,,5329,,,0,14,,5330,,,0,15,,5331,,,0,15,,5332,,,0,55,,5333,,,0,16,,5334,,,0,16,,5335,,,0,16,,5336,,,0,55,,5337,,,0,15,,5338,,,0,16,,5339,,,0,15,,5340,,,0,56,,5341,,,0,15,,5342,,,0,14,,5343,,,0,16,,5344,,,0,56,,5345,,,0,9,,5346,,,0,9,,5347,,,0,8,,5348,,,0,10,,5350,,,0,10,,5349,,,0,51,,5351,,,0,11,,5352,,,0,12,,5353,,,0,10,,5354,,,0,9,,5355,,,0,10,,5356,,,0,51,,5357,,,0,10,,5358,,,0,10,,5359,,,0,11,,5360,,,0,11,,5361,,,0,49,,5362,,,0,10,,5363,,,0,10,,5364,,,0,12,,5365,,,0,9,,5366,,,0,9,,5367,,,0,9,,5368,,,0,50,,5370,,,0,9,,5369,,,0,10,,5371,,,0,10,,5372,,,0,10,,5374,,,0,10,,5373,,,0,49,,5375,,,0,9,,5376,,,0,9,,5378,,,0,10,,5377,,,0,10,,5379,,,0,13,,5380,,,0,59,,5381,,,0,17,,5382,,,0,21,,5383,,,0,61,,5384,,,0,17,,5385,,,0,19,,5386,,,0,60,,5387,,,0,20,,5388,,,0,20,,5389,,,0
1000001,'25l22V-Semaine',545,,5390,,,0,60,,5391,,,0,20,,5392,,,0,20,,5393,,,0,60,,5394,,,0,10,,5474,,,0,11,,5475,,,0,10,,5425,,,0,10,,5426,,,0,10,,5427,,,0,50,,5428,,,0,10,,5429,,,0,10,,5430,,,0,10,,5431,,,0,10,,5432,,,0,9,,5433,,,0,50,,5434,,,0,10,,5435,,,0,10,,5436,,,0,11,,5395,,,0,11,,5396,,,0,10,,5397,,,0,50,,5398,,,0,10,,5399,,,0,11,,5437,,,0,12,,5400,,,0,11,,5401,,,0,51,,5402,,,0,11,,5403,,,0,10,,5404,,,0,11,,5438,,,0,11,,5405,,,0,11,,5406,,,0,50,,5407,,,0,10,,5408,,,0,8,,5439,,,0,10,,5440,,,0,9,,5441,,,0,10,,5442,,,0,50,,5443,,,0,10,,5444,,,0,10,,5445,,,0,9,,5446,,,0,10,,5447,,,0,9,,5448,,,0,50,,5449,,,0,11,,5450,,,0,10,,5451,,,0,10,,5409,,,0,10,,5410,,,0,10,,5452,,,0,50,,5411,,,0,10,,5412,,,0,11,,5413,,,0,10,,5453,,,0,11,,5414,,,0,11,,5415,,,0,51,,5416,,,0,10,,5417,,,0,10,,5418,,,0,10,,5454,,,0,10,,5455,,,0,10,,5456,,,0,50,,5457,,,0,10,,5458,,,0,10,,5459,,,0,11,,5460,,,0,10,,5461,,,0,10,,5462,,,0,50,,5463,,,0,10,,5464,,,0,9,,5465,,,0,9,,5466,,,0,9,,5467,,,0,9,,5468,,,0,49,,5469,,,0,10,,5470,,,0,10,,5471,,,0,13,,5473,,,0,19,,5472,,,0,60,,5419,,,0,20,,5420,,,0,19,,5421,,,0,60,,5422,,,0,20,,5423,,,0,20,,5424,,,0
1000001,'26a05H-Samedi',545,,5476,,,0,81,,5477,,,0,80,,5478,,,0,30,,5479,,,0,69,,5480,,,0,29,,5481,,,0,15,,5482,,,0,55,,5483,,,0,14,,5484,,,0,15,,5485,,,0,15,,5486,,,0,55,,5487,,,0,16,,5488,,,0,16,,5489,,,0,16,,5490,,,0,55,,5491,,,0,15,,5492,,,0,16,,5493,,,0,15,,5494,,,0,56,,5495,,,0,15,,5496,,,0,14,,5497,,,0,16,,5498,,,0,56,,5499,,,0,9,,5500,,,0,9,,5501,,,0,8,,5502,,,0,10,,5504,,,0,10,,5503,,,0,51,,5505,,,0,11,,5506,,,0,12,,5507,,,0,10,,5508,,,0,9,,5509,,,0,10,,5510,,,0,51,,5511,,,0,10,,5512,,,0,10,,5513,,,0,11,,5514,,,0,11,,5515,,,0,49,,5516,,,0,10,,5517,,,0,10,,5518,,,0,12,,5519,,,0,9,,5520,,,0,9,,5521,,,0,9,,5522,,,0,50,,5524,,,0,9,,5523,,,0,10,,5525,,,0,10,,5526,,,0,10,,5528,,,0,10,,5527,,,0,49,,5529,,,0,9,,5530,,,0,9,,5532,,,0,10,,5531,,,0,10,,5533,,,0,13,,5534,,,0,59,,5535,,,0,17,,5536,,,0,21,,5537,,,0,61,,5538,,,0,17,,5539,,,0,19,,5540,,,0,60,,5541,,,0,20,,5542,,,0,20,,5543,,,0
1000001,'26a05H-Mercredi',545,,5544,,,0,60,,5545,,,0,20,,5546,,,0,20,,5547,,,0,60,,5548,,,0,10,,5628,,,0,9,,5629,,,0,10,,5579,,,0,10,,5580,,,0,10,,5581,,,0,51,,5582,,,0,10,,5583,,,0,9,,5584,,,0,10,,5585,,,0,10,,5586,,,0,10,,5587,,,0,50,,5588,,,0,10,,5589,,,0,11,,5590,,,0,11,,5549,,,0,11,,5550,,,0,10,,5551,,,0,50,,5552,,,0,11,,5553,,,0,11,,5591,,,0,11,,5554,,,0,11,,5555,,,0,50,,5556,,,0,11,,5557,,,0,10,,5558,,,0,11,,5592,,,0,10,,5559,,,0,11,,5560,,,0,50,,5561,,,0,9,,5562,,,0,10,,5593,,,0,10,,5594,,,0,10,,5595,,,0,10,,5596,,,0,50,,5597,,,0,10,,5598,,,0,10,,5599,,,0,9,,5600,,,0,10,,5601,,,0,10,,5602,,,0,50,,5603,,,0,10,,5604,,,0,10,,5605,,,0,10,,5563,,,0,10,,5564,,,0,9,,5606,,,0,50,,5565,,,0,10,,5566,,,0,11,,5567,,,0,11,,5607,,,0,11,,5568,,,0,11,,5569,,,0,51,,5570,,,0,10,,5571,,,0,9,,5572,,,0,10,,5608,,,0,10,,5609,,,0,10,,5610,,,0,51,,5611,,,0,11,,5612,,,0,11,,5613,,,0,10,,5614,,,0,10,,5615,,,0,10,,5616,,,0,50,,5617,,,0,10,,5618,,,0,8,,5619,,,0,9,,5620,,,0,9,,5621,,,0,9,,5622,,,0,49,,5623,,,0,9,,5624,,,0,10,,5625,,,0,13,,5627,,,0,19,,5626,,,0,60,,5573,,,0,20,,5574,,,0,20,,5575,,,0,60,,5576,,,0,20,,5577,,,0,20,,5578,,,0
1000001,'26a05H-L-Ma-J-V',545,,5630,,,0,60,,5631,,,0,20,,5632,,,0,20,,5633,,,0,60,,5634,,,0,10,,5714,,,0,9,,5715,,,0,10,,5665,,,0,10,,5666,,,0,10,,5667,,,0,51,,5668,,,0,10,,5669,,,0,9,,5670,,,0,10,,5671,,,0,10,,5672,,,0,10,,5673,,,0,50,,5674,,,0,10,,5675,,,0,11,,5676,,,0,11,,5635,,,0,11,,5636,,,0,10,,5637,,,0,50,,5638,,,0,11,,5639,,,0,11,,5677,,,0,11,,5640,,,0,11,,5641,,,0,50,,5642,,,0,11,,5643,,,0,10,,5644,,,0,11,,5678,,,0,10,,5645,,,0,11,,5646,,,0,50,,5647,,,0,9,,5648,,,0,10,,5679,,,0,10,,5680,,,0,10,,5681,,,0,10,,5682,,,0,50,,5683,,,0,10,,5684,,,0,10,,5685,,,0,9,,5686,,,0,10,,5687,,,0,10,,5688,,,0,50,,5689,,,0,10,,5690,,,0,10,,5691,,,0,10,,5649,,,0,10,,5650,,,0,9,,5692,,,0,50,,5651,,,0,10,,5652,,,0,11,,5653,,,0,11,,5693,,,0,11,,5654,,,0,11,,5655,,,0,51,,5656,,,0,10,,5657,,,0,9,,5658,,,0,10,,5694,,,0,10,,5695,,,0,10,,5696,,,0,51,,5697,,,0,11,,5698,,,0,11,,5699,,,0,10,,5700,,,0,10,,5701,,,0,10,,5702,,,0,50,,5703,,,0,10,,5704,,,0,8,,5705,,,0,9,,5706,,,0,9,,5707,,,0,9,,5708,,,0,49,,5709,,,0,9,,5710,,,0,10,,5711,,,0,13,,5713,,,0,19,,5712,,,0,60,,5659,,,0,20,,5660,,,0,20,,5661,,,0,60,,5662,,,0,20,,5663,,,0,20,,5664,,,0
1000001,'26b23V-Semaine',545,,5716,,,0,60,,5717,,,0,20,,5718,,,0,20,,5719,,,0,60,,5720,,,0,10,,5800,,,0,11,,5801,,,0,10,,5751,,,0,10,,5752,,,0,10,,5753,,,0,50,,5754,,,0,10,,5755,,,0,10,,5756,,,0,10,,5757,,,0,10,,5758,,,0,9,,5759,,,0,50,,5760,,,0,10,,5761,,,0,10,,5762,,,0,11,,5721,,,0,11,,5722,,,0,10,,5723,,,0,50,,5724,,,0,10,,5725,,,0,11,,5763,,,0,12,,5726,,,0,11,,5727,,,0,51,,5728,,,0,11,,5729,,,0,10,,5730,,,0,11,,5764,,,0,11,,5731,,,0,11,,5732,,,0,50,,5733,,,0,10,,5734,,,0,8,,5765,,,0,10,,5766,,,0,9,,5767,,,0,10,,5768,,,0,50,,5769,,,0,10,,5770,,,0,10,,5771,,,0,9,,5772,,,0,10,,5773,,,0,9,,5774,,,0,50,,5775,,,0,11,,5776,,,0,10,,5777,,,0,10,,5735,,,0,10,,5736,,,0,10,,5778,,,0,50,,5737,,,0,10,,5738,,,0,11,,5739,,,0,10,,5779,,,0,11,,5740,,,0,11,,5741,,,0,51,,5742,,,0,10,,5743,,,0,10,,5744,,,0,10,,5780,,,0,10,,5781,,,0,10,,5782,,,0,50,,5783,,,0,10,,5784,,,0,10,,5785,,,0,11,,5786,,,0,10,,5787,,,0,10,,5788,,,0,50,,5789,,,0,10,,5790,,,0,9,,5791,,,0,9,,5792,,,0,9,,5793,,,0,9,,5794,,,0,49,,5795,,,0,10,,5796,,,0,10,,5797,,,0,13,,5799,,,0,19,,5798,,,0,60,,5745,,,0,20,,5746,,,0,19,,5747,,,0,60,,5748,,,0,20,,5749,,,0,20,,5750,,,0
1000001,'26c02V-Semaine',545,,5802,,,0,60,,5803,,,0,20,,5804,,,0,20,,5805,,,0,60,,5806,,,0,10,,5886,,,0,11,,5887,,,0,10,,5837,,,0,10,,5838,,,0,10,,5839,,,0,50,,5840,,,0,10,,5841,,,0,10,,5842,,,0,10,,5843,,,0,10,,5844,,,0,9,,5845,,,0,50,,5846,,,0,10,,5847,,,0,10,,5848,,,0,11,,5807,,,0,11,,5808,,,0,10,,5809,,,0,50,,5810,,,0,10,,5811,,,0,11,,5849,,,0,12,,5812,,,0,11,,5813,,,0,51,,5814,,,0,11,,5815,,,0,10,,5816,,,0,11,,5850,,,0,11,,5817,,,0,11,,5818,,,0,50,,5819,,,0,10,,5820,,,0,8,,5851,,,0,10,,5852,,,0,9,,5853,,,0,10,,5854,,,0,50,,5855,,,0,10,,5856,,,0,10,,5857,,,0,9,,5858,,,0,10,,5859,,,0,9,,5860,,,0,50,,5861,,,0,11,,5862,,,0,10,,5863,,,0,10,,5821,,,0,10,,5822,,,0,10,,5864,,,0,50,,5823,,,0,10,,5824,,,0,11,,5825,,,0,10,,5865,,,0,11,,5826,,,0,11,,5827,,,0,51,,5828,,,0,10,,5829,,,0,10,,5830,,,0,10,,5866,,,0,10,,5867,,,0,10,,5868,,,0,50,,5869,,,0,10,,5870,,,0,10,,5871,,,0,11,,5872,,,0,10,,5873,,,0,10,,5874,,,0,50,,5875,,,0,10,,5876,,,0,9,,5877,,,0,9,,5878,,,0,9,,5879,,,0,9,,5880,,,0,49,,5881,,,0,10,,5882,,,0,10,,5883,,,0,13,,5885,,,0,19,,5884,,,0,60,,5831,,,0,20,,5832,,,0,19,,5833,,,0,60,,5834,,,0,20,,5835,,,0,20,,5836,,,0
3000001,'25j05H-Dimanche',859,,7004,,,0,170,,7012,,,0,130,,7011,,,0,170,,7010,,,0,130,,7007,,,0,170,,7008,,,0,130,,7009,,,0,170,,7006,,,0,130,,7005,,,0
3000001,'25j26H-Dimanche',859,,7013,,,0,170,,7015,,,0,130,,7016,,,0,170,,7017,,,0,130,,7018,,,0,170,,7019,,,0,130,,7020,,,0,170,,7021,,,0,130,,7014,,,0
3000001,'25k03H-Samedi',652,,7022,,,0,82,,7023,,,0,84,,7024,,,0,38,,7025,,,0,61,,7026,,,0,19,,7027,,,0,21,,7028,,,0,60,,7029,,,0,21,,7030,,,0,20,,7031,,,0,60,,7032,,,0,19,,7033,,,0,21,,7034,,,0,60,,7035,,,0,19,,7036,,,0,19,,7037,,,0,60,,7038,,,0,20,,7039,,,0,20,,7040,,,0,62,,7041,,,0,20,,7042,,,0,20,,7043,,,0,61,,7044,,,0,20,,7045,,,0,20,,7046,,,0,60,,7047,,,0,20,,7048,,,0,61,,7049,,,0,20,,7050,,,0,20,,7051,,,0,19,,7052,,,0,59,,7053,,,0,19,,7054,,,0,20,,7055,,,0,58,,7056,,,0,31,,7058,,,0,67,,7059,,,0,30,,7057,,,0,68,,7060,,,0
3000001,'25l22V-Semaine',702,,7102,,,0,21,,7061,,,0,20,,7062,,,0,60,,7063,,,0,20,,7064,,,0,20,,7065,,,0,60,,7066,,,0,20,,7067,,,0,20,,7068,,,0,60,,7069,,,0,20,,7070,,,0,21,,7071,,,0,60,,7072,,,0,19,,7073,,,0,20,,7074,,,0,60,,7075,,,0,19,,7076,,,0,19,,7077,,,0,60,,7078,,,0,20,,7079,,,0,20,,7080,,,0,60,,7081,,,0,22,,7082,,,0,20,,7083,,,0,59,,7084,,,0,21,,7085,,,0,20,,7086,,,0,60,,7087,,,0,20,,7088,,,0,20,,7089,,,0,61,,7090,,,0,20,,7091,,,0,20,,7092,,,0,60,,7093,,,0,19,,7094,,,0,19,,7095,,,0,61,,7096,,,0,20,,7097,,,0,21,,7098,,,0,69,,7099,,,0,27,,7100,,,0,69,,7101,,,0
3000001,'26a05H-Samedi',652,,7103,,,0,82,,7104,,,0,84,,7105,,,0,38,,7106,,,0,61,,7107,,,0,19,,7108,,,0,21,,7109,,,0,60,,7110,,,0,21,,7111,,,0,20,,7112,,,0,60,,7113,,,0,19,,7114,,,0,21,,7115,,,0,60,,7116,,,0,19,,7117,,,0,19,,7118,,,0,60,,7119,,,0,20,,7120,,,0,20,,7121,,,0,62,,7122,,,0,20,,7123,,,0,20,,7124,,,0,61,,7125,,,0,20,,7126,,,0,20,,7127,,,0,60,,7128,,,0,20,,7129,,,0,61,,7130,,,0,20,,7131,,,0,20,,7132,,,0,19,,7133,,,0,59,,7134,,,0,19,,7135,,,0,20,,7136,,,0,58,,7137,,,0,31,,7139,,,0,67,,7140,,,0,30,,7138,,,0,68,,7141,,,0
3000001,'26a05H-Mercredi',700,,7183,,,0,22,,7142,,,0,20,,7143,,,0,60,,7144,,,0,20,,7145,,,0,21,,7146,,,0,60,,7147,,,0,20,,7148,,,0,20,,7149,,,0,60,,7150,,,0,20,,7151,,,0,20,,7152,,,0,60,,7153,,,0,19,,7154,,,0,19,,7155,,,0,61,,7156,,,0,21,,7157,,,0,20,,7158,,,0,60,,7159,,,0,19,,7160,,,0,20,,7161,,,0,60,,7162,,,0,20,,7163,,,0,20,,7164,,,0,61,,7165,,,0,21,,7166,,,0,22,,7167,,,0,60,,7168,,,0,20,,7169,,,0,19,,7170,,,0,64,,7171,,,0,23,,7172,,,0,18,,7173,,,0,59,,7174,,,0,15,,7175,,,0,18,,7176,,,0,61,,7177,,,0,19,,7178,,,0,22,,7179,,,0,66,,7180,,,0,28,,7181,,,0,71,,7182,,,0
3000001,'26a05H-L-Ma-J-V',700,,7233,,,0,22,,7192,,,0,20,,7193,,,0,60,,7194,,,0,20,,7195,,,0,21,,7196,,,0,60,,7197,,,0,20,,7198,,,0,20,,7199,,,0,60,,7200,,,0,20,,7201,,,0,20,,7202,,,0,60,,7203,,,0,19,,7204,,,0,19,,7205,,,0,61,,7206,,,0,21,,7207,,,0,20,,7208,,,0,60,,7209,,,0,19,,7210,,,0,20,,7211,,,0,60,,7212,,,0,20,,7213,,,0,20,,7214,,,0,61,,7215,,,0,21,,7216,,,0,22,,7217,,,0,60,,7218,,,0,20,,7219,,,0,19,,7220,,,0,64,,7221,,,0,23,,7222,,,0,18,,7223,,,0,59,,7224,,,0,15,,7225,,,0,18,,7226,,,0,61,,7227,,,0,19,,7228,,,0,22,,7229,,,0,66,,7230,,,0,28,,7231,,,0,71,,7232,,,0
3000001,'26b23V-Semaine',702,,7283,,,0,21,,7242,,,0,20,,7243,,,0,60,,7244,,,0,20,,7245,,,0,20,,7246,,,0,60,,7247,,,0,20,,7248,,,0,20,,7249,,,0,60,,7250,,,0,20,,7251,,,0,21,,7252,,,0,60,,7253,,,0,19,,7254,,,0,20,,7255,,,0,60,,7256,,,0,19,,7257,,,0,19,,7258,,,0,60,,7259,,,0,20,,7260,,,0,20,,7261,,,0,60,,7262,,,0,22,,7263,,,0,20,,7264,,,0,59,,7265,,,0,21,,7266,,,0,20,,7267,,,0,60,,7268,,,0,20,,7269,,,0,20,,7270,,,0,61,,7271,,,0,20,,7272,,,0,20,,7273,,,0,60,,7274,,,0,19,,7275,,,0,19,,7276,,,0,61,,7277,,,0,20,,7278,,,0,21,,7279,,,0,69,,7280,,,0,27,,7281,,,0,69,,7282,,,0
3000001,'26c02V-Semaine',702,,7325,,,0,21,,7284,,,0,20,,7285,,,0,60,,7286,,,0,20,,7287,,,0,20,,7288,,,0,60,,7289,,,0,20,,7290,,,0,20,,7291,,,0,60,,7292,,,0,20,,7293,,,0,21,,7294,,,0,60,,7295,,,0,19,,7296,,,0,20,,7297,,,0,60,,7298,,,0,19,,7299,,,0,19,,7300,,,0,60,,7301,,,0,20,,7302,,,0,20,,7303,,,0,60,,7304,,,0,22,,7305,,,0,20,,7306,,,0,59,,7307,,,0,21,,7308,,,0,20,,7309,,,0,60,,7310,,,0,20,,7311,,,0,20,,7312,,,0,61,,7313,,,0,20,,7314,,,0,20,,7315,,,0,60,,7316,,,0,19,,7317,,,0,19,,7318,,,0,61,,7319,,,0,20,,7320,,,0,21,,7321,,,0,69,,7322,,,0,27,,7323,,,0,69,,7324,,,0
