1000001,'0_6',731,,69466,2,,,0,82,,69474,2,,,0,46,,69477,2,,,0,84,,69480,2,,,0,88,,69483,2,,,0,71,,69485,2,,,0,48,,69488,2,,,0,87,,69491,2,,,0,84,,69494,2,,,0,30,,69496,2,,,0,88,,69499,2,,,0,88,,69502,2,,,0,88,,69505,2,,,0,31,,69507,2,,,0,88,,69510,2,,,0,90,,69513,2,,,0,31,,69471,2,,,0
1000001,'2_1',715,,69534,2,,,0,14,,69537,2,,,0,15,,69538,2,,,0,14,,69539,2,,,0,54,,69540,2,,,0,16,,69541,2,,,0,14,,69542,2,,,0,15,,69543,2,,,0,70,,69568,2,,,0,31,,69569,2,,,0,71,,69570,2,,,0,72,,69571,2,,,0,32,,69572,2,,,0,71,,69573,2,,,0,33,,69574,2,,,0,70,,69575,2,,,0,30,,69576,2,,,0,72,,69577,2,,,0,31,,69578,2,,,0,68,,69579,2,,,0,28,,69580,2,,,0,69,,69581,2,,,0,14,,69563,2,,,0,14,,69582,2,,,0,14,,69564,2,,,0,55,,69583,2,,,0,15,,69565,2,,,0,15,,69584,2,,,0,15,,69566,2,,,0,55,,69585,2,,,0,16,,69567,2,,,0,15,,69535,2,,,0,18,,69586,2,,,0,79,,69587,2,,,0
1000001,'2_2',715,,69596,2,,,0,14,,69599,2,,,0,15,,69600,2,,,0,14,,69601,2,,,0,54,,69602,2,,,0,16,,69603,2,,,0,14,,69604,2,,,0,15,,69605,2,,,0,70,,69630,2,,,0,31,,69631,2,,,0,71,,69632,2,,,0,72,,69633,2,,,0,32,,69634,2,,,0,71,,69635,2,,,0,33,,69636,2,,,0,70,,69637,2,,,0,30,,69638,2,,,0,72,,69639,2,,,0,31,,69640,2,,,0,68,,69641,2,,,0,28,,69642,2,,,0,69,,69643,2,,,0,14,,69625,2,,,0,14,,69644,2,,,0,14,,69626,2,,,0,55,,69645,2,,,0,15,,69627,2,,,0,15,,69646,2,,,0,15,,69628,2,,,0,55,,69647,2,,,0,16,,69629,2,,,0,15,,69597,2,,,0,18,,69648,2,,,0,79,,69649,2,,,0
1000001,'2_3',715,,69658,2,,,0,14,,69661,2,,,0,15,,69662,2,,,0,14,,69663,2,,,0,54,,69664,2,,,0,16,,69665,2,,,0,14,,69666,2,,,0,15,,69667,2,,,0,70,,69692,2,,,0,31,,69693,2,,,0,71,,69694,2,,,0,72,,69695,2,,,0,32,,69696,2,,,0,71,,69697,2,,,0,33,,69698,2,,,0,70,,69699,2,,,0,30,,69700,2,,,0,72,,69701,2,,,0,31,,69702,2,,,0,68,,69703,2,,,0,28,,69704,2,,,0,69,,69705,2,,,0,14,,69687,2,,,0,14,,69706,2,,,0,14,,69688,2,,,0,55,,69707,2,,,0,15,,69689,2,,,0,15,,69708,2,,,0,15,,69690,2,,,0,55,,69709,2,,,0,16,,69691,2,,,0,15,,69659,2,,,0,18,,69710,2,,,0,79,,69711,2,,,0
1000001,'2_4',715,,69720,2,,,0,14,,69723,2,,,0,15,,69724,2,,,0,14,,69725,2,,,0,54,,69726,2,,,0,16,,69727,2,,,0,14,,69728,2,,,0,15,,69729,2,,,0,70,,69754,2,,,0,31,,69755,2,,,0,71,,69756,2,,,0,72,,69757,2,,,0,32,,69758,2,,,0,71,,69759,2,,,0,33,,69760,2,,,0,70,,69761,2,,,0,30,,69762,2,,,0,72,,69763,2,,,0,31,,69764,2,,,0,68,,69765,2,,,0,28,,69766,2,,,0,69,,69767,2,,,0,14,,69749,2,,,0,14,,69768,2,,,0,14,,69750,2,,,0,55,,69769,2,,,0,15,,69751,2,,,0,15,,69770,2,,,0,15,,69752,2,,,0,55,,69771,2,,,0,16,,69753,2,,,0,15,,69721,2,,,0,18,,69772,2,,,0,79,,69773,2,,,0
1000001,'2_5',715,,69782,2,,,0,14,,69785,2,,,0,15,,69786,2,,,0,14,,69787,2,,,0,54,,69788,2,,,0,16,,69789,2,,,0,14,,69790,2,,,0,15,,69791,2,,,0,70,,69816,2,,,0,31,,69817,2,,,0,71,,69818,2,,,0,72,,69819,2,,,0,32,,69820,2,,,0,71,,69821,2,,,0,33,,69822,2,,,0,70,,69823,2,,,0,30,,69824,2,,,0,72,,69825,2,,,0,31,,69826,2,,,0,68,,69827,2,,,0,28,,69828,2,,,0,69,,69829,2,,,0,14,,69811,2,,,0,14,,69830,2,,,0,14,,69812,2,,,0,55,,69831,2,,,0,15,,69813,2,,,0,15,,69832,2,,,0,15,,69814,2,,,0,55,,69833,2,,,0,16,,69815,2,,,0,15,,69783,2,,,0,18,,69834,2,,,0,79,,69835,2,,,0
1000001,'3_1',715,,69844,2,,,0,14,,69847,2,,,0,15,,69848,2,,,0,14,,69849,2,,,0,54,,69850,2,,,0,16,,69851,2,,,0,14,,69852,2,,,0,15,,69853,2,,,0,70,,69878,2,,,0,31,,69879,2,,,0,71,,69880,2,,,0,72,,69881,2,,,0,32,,69882,2,,,0,71,,69883,2,,,0,33,,69884,2,,,0,70,,69885,2,,,0,30,,69886,2,,,0,72,,69887,2,,,0,31,,69888,2,,,0,68,,69889,2,,,0,28,,69890,2,,,0,69,,69891,2,,,0,14,,69873,2,,,0,14,,69892,2,,,0,14,,69874,2,,,0,55,,69893,2,,,0,15,,69875,2,,,0,15,,69894,2,,,0,15,,69876,2,,,0,55,,69895,2,,,0,16,,69877,2,,,0,15,,69845,2,,,0,18,,69896,2,,,0,79,,69897,2,,,0
1000001,'3_3',715,,69906,2,,,0,14,,69909,2,,,0,15,,69910,2,,,0,14,,69911,2,,,0,54,,69912,2,,,0,16,,69913,2,,,0,14,,69914,2,,,0,15,,69915,2,,,0,70,,69940,2,,,0,31,,69941,2,,,0,71,,69942,2,,,0,72,,69943,2,,,0,32,,69944,2,,,0,71,,69945,2,,,0,33,,69946,2,,,0,70,,69947,2,,,0,30,,69948,2,,,0,72,,69949,2,,,0,31,,69950,2,,,0,68,,69951,2,,,0,28,,69952,2,,,0,69,,69953,2,,,0,14,,69935,2,,,0,14,,69954,2,,,0,14,,69936,2,,,0,55,,69955,2,,,0,15,,69937,2,,,0,15,,69956,2,,,0,15,,69938,2,,,0,55,,69957,2,,,0,16,,69939,2,,,0,15,,69907,2,,,0,18,,69958,2,,,0,79,,69959,2,,,0
1000001,'3_4',715,,69968,2,,,0,14,,69971,2,,,0,15,,69972,2,,,0,14,,69973,2,,,0,54,,69974,2,,,0,16,,69975,2,,,0,14,,69976,2,,,0,15,,69977,2,,,0,70,,70002,2,,,0,31,,70003,2,,,0,71,,70004,2,,,0,72,,70005,2,,,0,32,,70006,2,,,0,71,,70007,2,,,0,33,,70008,2,,,0,70,,70009,2,,,0,30,,70010,2,,,0,72,,70011,2,,,0,31,,70012,2,,,0,68,,70013,2,,,0,28,,70014,2,,,0,69,,70015,2,,,0,14,,69997,2,,,0,14,,70016,2,,,0,14,,69998,2,,,0,55,,70017,2,,,0,15,,69999,2,,,0,15,,70018,2,,,0,15,,70000,2,,,0,55,,70019,2,,,0,16,,70001,2,,,0,15,,69969,2,,,0,18,,70020,2,,,0,79,,70021,2,,,0
1000001,'3_5',715,,70030,2,,,0,14,,70033,2,,,0,15,,70034,2,,,0,14,,70035,2,,,0,54,,70036,2,,,0,16,,70037,2,,,0,14,,70038,2,,,0,15,,70039,2,,,0,70,,70064,2,,,0,31,,70065,2,,,0,71,,70066,2,,,0,72,,70067,2,,,0,32,,70068,2,,,0,71,,70069,2,,,0,33,,70070,2,,,0,70,,70071,2,,,0,30,,70072,2,,,0,72,,70073,2,,,0,31,,70074,2,,,0,68,,70075,2,,,0,28,,70076,2,,,0,69,,70077,2,,,0,14,,70059,2,,,0,14,,70078,2,,,0,14,,70060,2,,,0,55,,70079,2,,,0,15,,70061,2,,,0,15,,70080,2,,,0,15,,70062,2,,,0,55,,70081,2,,,0,16,,70063,2,,,0,15,,70031,2,,,0,18,,70082,2,,,0,79,,70083,2,,,0
