2600,'0_6',721,,67928,10,,,0,85,,67929,10,,,0,45,,67930,10,,,0,85,,67931,10,,,0,84,,67932,10,,,0,90,,67933,10,,,0,44,,67934,10,,,0,82,,67935,10,,,0,84,,67936,10,,,0,85,,67937,10,,,0,43,,67938,10,,,0,86,,67939,10,,,0,90,,67940,10,,,0,86,,67941,10,,,0,43,,67942,10,,,0,85,,67943,10,,,0,84,,67944,10,,,0
2600,'2_1',721,,67945,10,,,0,85,,67946,10,,,0,45,,67947,10,,,0,85,,67948,10,,,0,84,,67949,10,,,0,90,,67950,10,,,0,44,,67951,10,,,0,82,,67952,10,,,0,84,,67953,10,,,0,85,,67954,10,,,0,43,,67955,10,,,0,86,,67956,10,,,0,90,,67957,10,,,0,86,,67958,10,,,0,43,,67959,10,,,0,85,,67960,10,,,0,84,,67961,10,,,0
2600,'2_2',721,,67962,10,,,0,85,,67963,10,,,0,45,,67964,10,,,0,85,,67965,10,,,0,84,,67966,10,,,0,90,,67967,10,,,0,44,,67968,10,,,0,82,,67969,10,,,0,84,,67970,10,,,0,85,,67971,10,,,0,43,,67972,10,,,0,86,,67973,10,,,0,90,,67974,10,,,0,86,,67975,10,,,0,43,,67976,10,,,0,85,,67977,10,,,0,84,,67978,10,,,0
2600,'2_3',721,,67979,10,,,0,85,,67980,10,,,0,45,,67981,10,,,0,85,,67982,10,,,0,84,,67983,10,,,0,90,,67984,10,,,0,44,,67985,10,,,0,82,,67986,10,,,0,84,,67987,10,,,0,85,,67988,10,,,0,43,,67989,10,,,0,86,,67990,10,,,0,90,,67991,10,,,0,86,,67992,10,,,0,43,,67993,10,,,0,85,,67994,10,,,0,84,,67995,10,,,0
2600,'2_4',721,,67996,10,,,0,85,,67997,10,,,0,45,,67998,10,,,0,85,,67999,10,,,0,84,,68000,10,,,0,90,,68001,10,,,0,44,,68002,10,,,0,82,,68003,10,,,0,84,,68004,10,,,0,85,,68005,10,,,0,43,,68006,10,,,0,86,,68007,10,,,0,90,,68008,10,,,0,86,,68009,10,,,0,43,,68010,10,,,0,85,,68011,10,,,0,84,,68012,10,,,0
2600,'2_5',721,,68013,10,,,0,85,,68014,10,,,0,45,,68015,10,,,0,85,,68016,10,,,0,84,,68017,10,,,0,90,,68018,10,,,0,44,,68019,10,,,0,82,,68020,10,,,0,84,,68021,10,,,0,85,,68022,10,,,0,43,,68023,10,,,0,86,,68024,10,,,0,90,,68025,10,,,0,86,,68026,10,,,0,43,,68027,10,,,0,85,,68028,10,,,0,84,,68029,10,,,0
2600,'3_1',721,,68030,10,,,0,85,,68031,10,,,0,45,,68032,10,,,0,85,,68033,10,,,0,84,,68034,10,,,0,90,,68035,10,,,0,44,,68036,10,,,0,82,,68037,10,,,0,84,,68038,10,,,0,85,,68039,10,,,0,43,,68040,10,,,0,86,,68041,10,,,0,90,,68042,10,,,0,86,,68043,10,,,0,43,,68044,10,,,0,85,,68045,10,,,0,84,,68046,10,,,0
2600,'3_3',721,,68047,10,,,0,85,,68048,10,,,0,45,,68049,10,,,0,85,,68050,10,,,0,84,,68051,10,,,0,90,,68052,10,,,0,44,,68053,10,,,0,82,,68054,10,,,0,84,,68055,10,,,0,85,,68056,10,,,0,43,,68057,10,,,0,86,,68058,10,,,0,90,,68059,10,,,0,86,,68060,10,,,0,43,,68061,10,,,0,85,,68062,10,,,0,84,,68063,10,,,0
2600,'3_4',721,,68064,10,,,0,85,,68065,10,,,0,45,,68066,10,,,0,85,,68067,10,,,0,84,,68068,10,,,0,90,,68069,10,,,0,44,,68070,10,,,0,82,,68071,10,,,0,84,,68072,10,,,0,85,,68073,10,,,0,43,,68074,10,,,0,86,,68075,10,,,0,90,,68076,10,,,0,86,,68077,10,,,0,43,,68078,10,,,0,85,,68079,10,,,0,84,,68080,10,,,0
2600,'3_5',721,,68081,10,,,0,85,,68082,10,,,0,45,,68083,10,,,0,85,,68084,10,,,0,84,,68085,10,,,0,90,,68086,10,,,0,44,,68087,10,,,0,82,,68088,10,,,0,84,,68089,10,,,0,85,,68090,10,,,0,43,,68091,10,,,0,86,,68092,10,,,0,90,,68093,10,,,0,86,,68094,10,,,0,43,,68095,10,,,0,85,,68096,10,,,0,84,,68097,10,,,0
