2501,'2_6',701,,33350,8,,,0,111,,33351,8,,,0,125,,33352,8,,,0,112,,33353,8,,,0,153,,33354,8,,,0,128,,33355,8,,,0,128,,33356,8,,,0,159,,33357,8,,,0,120,,33358,8,,,0,120,,33359,8,,,0
2501,'5_1',655,,37801,8,,,0,68,,37811,8,,,0,87,,37802,8,,,0,37,,37812,8,,,0,90,,37803,8,,,0,112,,37804,8,,,0,153,,37805,8,,,0,128,,37806,8,,,0,128,,37807,8,,,0,159,,37808,8,,,0,120,,37809,8,,,0,120,,37810,8,,,0
2501,'5_2',655,,40740,8,,,0,68,,40750,8,,,0,87,,40741,8,,,0,37,,40751,8,,,0,90,,40742,8,,,0,112,,40743,8,,,0,153,,40744,8,,,0,128,,40745,8,,,0,128,,40746,8,,,0,159,,40747,8,,,0,120,,40748,8,,,0,120,,40749,8,,,0
2501,'5_3',655,,40752,8,,,0,68,,40762,8,,,0,87,,40753,8,,,0,37,,40763,8,,,0,90,,40754,8,,,0,112,,40755,8,,,0,153,,40756,8,,,0,128,,40757,8,,,0,128,,40758,8,,,0,159,,40759,8,,,0,120,,40760,8,,,0,120,,40761,8,,,0
2501,'5_4',655,,40764,8,,,0,68,,40774,8,,,0,87,,40765,8,,,0,37,,40775,8,,,0,90,,40766,8,,,0,112,,40767,8,,,0,153,,40768,8,,,0,128,,40769,8,,,0,128,,40770,8,,,0,159,,40771,8,,,0,120,,40772,8,,,0,120,,40773,8,,,0
2501,'5_5',655,,40776,8,,,0,68,,40786,8,,,0,87,,40777,8,,,0,37,,40787,8,,,0,90,,40778,8,,,0,112,,40779,8,,,0,153,,40780,8,,,0,128,,40781,8,,,0,128,,40782,8,,,0,159,,40783,8,,,0,120,,40784,8,,,0,120,,40785,8,,,0
2501,'6_1',655,,40788,8,,,0,68,,40798,8,,,0,87,,40789,8,,,0,37,,40799,8,,,0,90,,40790,8,,,0,112,,40791,8,,,0,153,,40792,8,,,0,128,,40793,8,,,0,128,,40794,8,,,0,159,,40795,8,,,0,120,,40796,8,,,0,120,,40797,8,,,0
2501,'6_2',655,,44954,8,,,0,68,,44964,8,,,0,87,,44955,8,,,0,37,,44965,8,,,0,90,,44956,8,,,0,112,,44957,8,,,0,153,,44958,8,,,0,128,,44959,8,,,0,128,,44960,8,,,0,159,,44961,8,,,0,120,,44962,8,,,0,120,,44963,8,,,0
2501,'6_3',655,,44966,8,,,0,68,,44976,8,,,0,87,,44967,8,,,0,37,,44977,8,,,0,90,,44968,8,,,0,112,,44969,8,,,0,153,,44970,8,,,0,128,,44971,8,,,0,128,,44972,8,,,0,159,,44973,8,,,0,120,,44974,8,,,0,120,,44975,8,,,0
2501,'6_4',655,,44978,8,,,0,68,,44988,8,,,0,87,,44979,8,,,0,37,,44989,8,,,0,90,,44980,8,,,0,112,,44981,8,,,0,153,,44982,8,,,0,128,,44983,8,,,0,128,,44984,8,,,0,159,,44985,8,,,0,120,,44986,8,,,0,120,,44987,8,,,0
