1001,'0_6',803,,66890,37,0,61 65,0,103,,66900,40,,,0,111,,66891,40,0,61 65,0,112,,66901,43,,,0,182,,66902,43,,,0,48,,66897,43,0,61 65,0,91,,66892,40,0,61 65,0,101,,66903,43,,,0,106,,66893,40,0,61 65,0,95,,66894,40,0,61 65,0,107,,66904,40,,,0,96,,66898,43,0,61 65,0,151,,66899,43,0,61 65,0,45,,66895,40,0,61 65,0,100,,66896,40,0,61 65,0
1001,'1_7',1018,,66905,39,,,0,321,,66906,39,,,0,409,,66907,39,,,0,308,,66908,39,0,61 65,0
1001,'2_5',848,,66957,39,,,0,153,,66958,42,0,61 65,0,54,,66964,37,,,0,157,,66959,42,0,61 65,0,96,,66965,37,0,61 65,0,99,,66962,40,,,0,105,,66966,39,0,61 65,0,94,,66963,40,,,0,126,,66967,39,0,61 65,0,118,,66968,39,,,0,98,,66960,42,0,61 65,0,99,,66961,42,0,61 65,0
1001,'3_1',848,,66969,39,,,0,153,,66970,42,0,61 65,0,54,,66976,37,,,0,157,,66971,42,0,61 65,0,96,,66977,37,0,61 65,0,99,,66974,40,,,0,105,,66978,39,0,61 65,0,94,,66975,40,,,0,126,,66979,39,0,61 65,0,118,,66980,39,,,0,98,,66972,42,0,61 65,0,99,,66973,42,0,61 65,0
1001,'3_3',848,,66981,39,,,0,153,,66982,42,0,61 65,0,54,,66988,37,,,0,157,,66983,42,0,61 65,0,96,,66989,37,0,61 65,0,99,,66986,40,,,0,105,,66990,39,0,61 65,0,94,,66987,40,,,0,126,,66991,39,0,61 65,0,118,,66992,39,,,0,98,,66984,42,0,61 65,0,99,,66985,42,0,61 65,0
1001,'3_4',848,,66993,39,,,0,153,,66994,42,0,61 65,0,54,,67000,37,,,0,157,,66995,42,0,61 65,0,96,,67001,37,0,61 65,0,99,,66998,40,,,0,105,,67002,39,0,61 65,0,94,,66999,40,,,0,126,,67003,39,0,61 65,0,118,,67004,39,,,0,98,,66996,42,0,61 65,0,99,,66997,42,0,61 65,0
1001,'3_5',848,,67005,39,,,0,153,,67006,42,0,61 65,0,54,,67012,37,,,0,157,,67007,42,0,61 65,0,96,,67013,37,0,61 65,0,99,,67010,40,,,0,105,,67014,39,0,61 65,0,94,,67011,40,,,0,126,,67015,39,0,61 65,0,118,,67016,39,,,0,98,,67008,42,0,61 65,0,99,,67009,42,0,61 65,0
1001,'4_7',848,,67017,39,,,0,153,,67018,42,0,61 65,0,54,,67024,37,,,0,157,,67019,42,0,61 65,0,96,,67025,37,0,61 65,0,99,,67022,40,,,0,105,,67026,39,0,61 65,0,94,,67023,40,,,0,126,,67027,39,0,61 65,0,118,,67028,39,,,0,98,,67020,42,0,61 65,0,99,,67021,42,0,61 65,0
2901001,'0_6',1157,,71124,13,,,0,82,,71117,13,,,0,89,,71120,13,,,0,95,,71121,13,,,0,95,,71118,13,,,0,32,,71122,13,,,0,79,,71123,13,,,0,97,,71119,13,,,0,196,,71125,13,,,0
2901001,'2_5',1056,,71146,13,,,0,262,,71147,13,,,0,93,,71148,13,,,0,208,,71149,13,,,0,139,,71150,13,,,0
2901001,'3_1',1056,,71151,13,,,0,262,,71152,13,,,0,93,,71153,13,,,0,208,,71154,13,,,0,139,,71155,13,,,0
2901001,'3_3',1056,,71156,13,,,0,262,,71157,13,,,0,93,,71158,13,,,0,208,,71159,13,,,0,139,,71160,13,,,0
2901001,'3_4',1056,,71161,13,,,0,262,,71162,13,,,0,93,,71163,13,,,0,208,,71164,13,,,0,139,,71165,13,,,0
2901001,'3_5',1056,,71166,13,,,0,262,,71167,13,,,0,93,,71168,13,,,0,208,,71169,13,,,0,139,,71170,13,,,0
2901001,'4_7',1056,,71171,13,,,0,262,,71172,13,,,0,93,,71173,13,,,0,208,,71174,13,,,0,139,,71175,13,,,0
