200,'0_6',736,,63315,41,0,34,0,112,,63316,41,0,34,0,106,,63317,38,0,34,0,105,,63318,41,0,34,0,150,,63319,41,0,34,0,104,,63320,39,0,34,0,100,,63321,41,0,34,0,104,,63322,41,0,34,0,105,,63323,41,0,34,0,105,,63324,41,0,34,0,99,,63325,41,0,34,0,131,,63337,38,0,34,0
200,'2_1',736,,63358,41,0,34,0,112,,63359,41,0,34,0,106,,63360,38,0,34,0,105,,63361,41,0,34,0,150,,63362,41,0,34,0,104,,63363,39,0,34,0,100,,63364,41,0,34,0,104,,63365,41,0,34,0,105,,63366,41,0,34,0,105,,63367,41,0,34,0,99,,63368,41,0,34,0,131,,63380,38,0,34,0
200,'2_2',736,,63393,41,0,34,0,112,,63394,41,0,34,0,106,,63395,38,0,34,0,105,,63396,41,0,34,0,150,,63397,41,0,34,0,104,,63398,39,0,34,0,100,,63399,41,0,34,0,104,,63400,41,0,34,0,105,,63401,41,0,34,0,105,,63402,41,0,34,0,99,,63403,41,0,34,0,131,,63415,38,0,34,0
200,'2_3',736,,63428,41,0,34,0,112,,63429,41,0,34,0,106,,63430,38,0,34,0,105,,63431,41,0,34,0,150,,63432,41,0,34,0,104,,63433,39,0,34,0,100,,63434,41,0,34,0,104,,63435,41,0,34,0,105,,63436,41,0,34,0,105,,63437,41,0,34,0,99,,63438,41,0,34,0,131,,63450,38,0,34,0
200,'2_4',736,,63463,41,0,34,0,112,,63464,41,0,34,0,106,,63465,38,0,34,0,105,,63466,41,0,34,0,150,,63467,41,0,34,0,104,,63468,39,0,34,0,100,,63469,41,0,34,0,104,,63470,41,0,34,0,105,,63471,41,0,34,0,105,,63472,41,0,34,0,99,,63473,41,0,34,0,131,,63485,38,0,34,0
200,'2_5',736,,63498,41,0,34,0,112,,63499,41,0,34,0,106,,63500,38,0,34,0,105,,63501,41,0,34,0,150,,63502,41,0,34,0,104,,63503,39,0,34,0,100,,63504,41,0,34,0,104,,63505,41,0,34,0,105,,63506,41,0,34,0,105,,63507,41,0,34,0,99,,63508,41,0,34,0,131,,63520,38,0,34,0
200,'3_1',736,,63533,41,0,34,0,112,,63534,41,0,34,0,106,,63535,38,0,34,0,105,,63536,41,0,34,0,150,,63537,41,0,34,0,104,,63538,39,0,34,0,100,,63539,41,0,34,0,104,,63540,41,0,34,0,105,,63541,41,0,34,0,105,,63542,41,0,34,0,99,,63543,41,0,34,0,131,,63555,38,0,34,0
200,'3_3',736,,63568,41,0,34,0,112,,63569,41,0,34,0,106,,63570,38,0,34,0,105,,63571,41,0,34,0,150,,63572,41,0,34,0,104,,63573,39,0,34,0,100,,63574,41,0,34,0,104,,63575,41,0,34,0,105,,63576,41,0,34,0,105,,63577,41,0,34,0,99,,63578,41,0,34,0,131,,63590,38,0,34,0
200,'3_4',736,,63603,41,0,34,0,112,,63604,41,0,34,0,106,,63605,38,0,34,0,105,,63606,41,0,34,0,150,,63607,41,0,34,0,104,,63608,39,0,34,0,100,,63609,41,0,34,0,104,,63610,41,0,34,0,105,,63611,41,0,34,0,105,,63612,41,0,34,0,99,,63613,41,0,34,0,131,,63625,38,0,34,0
200,'3_5',736,,63638,41,0,34,0,112,,63639,41,0,34,0,106,,63640,38,0,34,0,105,,63641,41,0,34,0,150,,63642,41,0,34,0,104,,63643,39,0,34,0,100,,63644,41,0,34,0,104,,63645,41,0,34,0,105,,63646,41,0,34,0,105,,63647,41,0,34,0,99,,63648,41,0,34,0,131,,63660,38,0,34,0
