1001,'2509-HIV-25j05H-d-Dimanche-00',1005,,2995,,,0,420,,2996,,,0,500,,2997,,,0
1001,'2509-HIV-25j26H-d-Dimanche-00',1005,,2998,,,0,420,,2999,,,0,500,,3000,,,0
1001,'2509-HIV-25k03H-s-Samedi-00',821,,3001,,,0,108,,3002,,,0,101,,3009,,,0,102,,3003,,,0,100,,3010,,,0,85,,3011,,,0,119,,3006,0,,0,83,,3012,,,0,135,,3007,,,0,158,,3008,,,0,102,,3004,,,0,107,,3005,,,0
1001,'2509-HIV-25l22Vlv-Semaine-00',821,,3013,,,0,104,,3015,,,0,105,,3018,,,0,102,,3016,,,0,100,,3019,,,0,85,,3020,,,0,119,,3014,,,0,83,,3024,,,0,135,,3021,,,0,158,,3022,,,0,102,,3023,,,0,107,,3017,,,0
1001,'2509-HIV-26a05H-s-Samedi-00',821,,3025,,,0,108,,3026,,,0,101,,3033,,,0,102,,3027,,,0,100,,3034,,,0,85,,3035,,,0,119,,3030,0,,0,83,,3036,,,0,135,,3031,,,0,158,,3032,,,0,102,,3028,,,0,107,,3029,,,0
1001,'2509-HIV-26a05H-w-Mercredi-00',824,,3037,,,0,106,,3039,,,0,86,,3040,,,0,39,,3044,,,0,86,,3041,,,0,90,,3045,,,0,82,,3046,,,0,31,,3047,,,0,95,,3038,,,0,78,,3048,,,0,137,,3049,,,0,151,,3050,,,0,50,,3042,,,0,168,,3043,,,0
1001,'2509-HIV-26a05Hlv-L-Ma-J-V-00',824,,3051,,,0,106,,3053,,,0,86,,3054,,,0,39,,3058,,,0,86,,3055,,,0,90,,3059,,,0,82,,3060,,,0,31,,3061,,,0,95,,3052,,,0,78,,3062,,,0,137,,3063,,,0,151,,3064,,,0,50,,3056,,,0,168,,3057,,,0
1001,'2509-HIV-26b23Vlv-Semaine-00',821,,3065,,,0,104,,3067,,,0,105,,3070,,,0,102,,3068,,,0,100,,3071,,,0,85,,3072,,,0,119,,3066,,,0,83,,3076,,,0,135,,3073,,,0,158,,3074,,,0,102,,3075,,,0,107,,3069,,,0
1001,'2509-HIV-26c02Vlv-Semaine-00',821,,3077,,,0,104,,3079,,,0,105,,3082,,,0,102,,3080,,,0,100,,3083,,,0,85,,3084,,,0,119,,3078,,,0,83,,3088,,,0,135,,3085,,,0,158,,3086,,,0,102,,3087,,,0,107,,3081,,,0
1101,'2509-HIV-25j05H-d-Dimanche-00',1005,,3121,,,0,920,,3122,,,0
1101,'2509-HIV-25j26H-d-Dimanche-00',1005,,3123,,,0,920,,3124,,,0
1101,'2509-HIV-25k03H-s-Samedi-00',1653,,3125,,,0,158,,3126,,,0
1101,'2509-HIV-25l22Vlv-Semaine-00',1653,,3127,,,0,158,,3128,,,0
1101,'2509-HIV-26a05H-s-Samedi-00',1653,,3129,,,0,158,,3130,,,0
1101,'2509-HIV-26a05H-w-Mercredi-00',1653,,3131,,,0,158,,3132,,,0,94,,3133,,,0
1101,'2509-HIV-26a05Hlv-L-Ma-J-V-00',1653,,3134,,,0,158,,3135,,,0,94,,3136,,,0
1101,'2509-HIV-26b23Vlv-Semaine-00',1653,,3137,,,0,158,,3138,,,0
1101,'2509-HIV-26c02Vlv-Semaine-00',1653,,3139,,,0,158,,3140,,,0
