1500,'1_3',734,,49425,11,,,0,21,,49426,11,,,0,154,,49427,11,,,0,117,,49428,11,,,0,118,,49429,11,,,0,80,,49430,11,,,0,35,,49431,11,,,0,97,,49432,11,,,0,159,,49424,11,0,44,0,103,,49433,11,,,0,108,,49434,11,,,0,98,,49435,11,,,0,112,,49436,11,,,0
1500,'2_6',734,,32564,11,,,0,21,,32565,11,,,0,154,,32566,11,,,0,117,,32567,11,,,0,118,,32568,11,,,0,80,,32569,11,,,0,35,,32570,11,,,0,97,,32571,11,,,0,159,,32563,11,0,44,0,103,,32572,11,,,0,108,,32573,11,,,0,98,,32574,11,,,0,112,,32575,11,,,0
1500,'6_2',734,,44763,11,,,0,21,,44764,11,,,0,154,,44765,11,,,0,117,,44766,11,,,0,118,,44767,11,,,0,80,,44768,11,,,0,35,,44769,11,,,0,97,,44770,11,,,0,159,,44762,11,0,44,0,103,,44771,11,,,0,108,,44772,11,,,0,98,,44773,11,,,0,112,,44774,11,,,0
1500,'6_3',734,,44776,11,,,0,21,,44777,11,,,0,154,,44778,11,,,0,117,,44779,11,,,0,118,,44780,11,,,0,80,,44781,11,,,0,35,,44782,11,,,0,97,,44783,11,,,0,159,,44775,11,0,44,0,103,,44784,11,,,0,108,,44785,11,,,0,98,,44786,11,,,0,112,,44787,11,,,0
1500,'6_4',734,,44789,11,,,0,21,,44790,11,,,0,154,,44791,11,,,0,117,,44792,11,,,0,118,,44793,11,,,0,80,,44794,11,,,0,35,,44795,11,,,0,97,,44796,11,,,0,159,,44788,11,0,44,0,103,,44797,11,,,0,108,,44798,11,,,0,98,,44799,11,,,0,112,,44800,11,,,0
1500,'7_1',734,,47150,11,,,0,21,,47151,11,,,0,154,,47152,11,,,0,117,,47153,11,,,0,118,,47154,11,,,0,80,,47155,11,,,0,35,,47156,11,,,0,97,,47157,11,,,0,159,,47149,11,0,44,0,103,,47158,11,,,0,108,,47159,11,,,0,98,,47160,11,,,0,112,,47161,11,,,0
1500,'7_2',734,,49438,11,,,0,21,,49439,11,,,0,154,,49440,11,,,0,117,,49441,11,,,0,118,,49442,11,,,0,80,,49443,11,,,0,35,,49444,11,,,0,97,,49445,11,,,0,159,,49437,11,0,44,0,103,,49446,11,,,0,108,,49447,11,,,0,98,,49448,11,,,0,112,,49449,11,,,0
1500,'7_4',734,,49451,11,,,0,21,,49452,11,,,0,154,,49453,11,,,0,117,,49454,11,,,0,118,,49455,11,,,0,80,,49456,11,,,0,35,,49457,11,,,0,97,,49458,11,,,0,159,,49450,11,0,44,0,103,,49459,11,,,0,108,,49460,11,,,0,98,,49461,11,,,0,112,,49462,11,,,0
2000,'1_3',1246,,49707,9,,,0,401,,49704,9,,,0,105,,49705,9,,,0,91,,49706,9,,,0
2000,'7_1',1647,,47244,9,,,0,105,,47245,9,,,0,91,,47246,9,,,0
2000,'7_2',1647,,49708,9,,,0,105,,49709,9,,,0,91,,49710,9,,,0
2000,'7_4',1647,,49711,9,,,0,105,,49712,9,,,0,91,,49713,9,,,0
4000000,'1_3',643,,51627,12,0,45,0,58,,51583,12,0,46,0,29,,51605,12,0,45,0,27,,51584,12,0,46,0,55,,51606,12,0,45,0,19,,51585,12,0,46,0,22,,51607,12,0,45,0,61,,51586,12,0,46,0,16,,51608,12,0,45,0,20,,51587,12,0,46,0,59,,51609,12,0,45,0,19,,51588,12,0,46,0,20,,51610,12,0,45,0,61,,51589,12,0,46,0,20,,51611,12,0,45,0,19,,51590,12,0,46,0,65,,51612,12,0,45,0,18,,51591,12,0,46,0,18,,51613,12,0,45,0,58,,51592,12,0,46,0,19,,51614,12,0,45,0,24,,51593,12,0,46,0,61,,51615,12,0,45,0,19,,51594,12,0,46,0,19,,51616,12,0,45,0,62,,51595,12,0,46,0,22,,51617,12,0,45,0,18,,51596,12,0,46,0,62,,51618,12,0,45,0,22,,51597,12,0,46,0,22,,51619,12,0,45,0,70,,51598,12,0,46,0,18,,51620,12,0,45,0,58,,51599,12,0,46,0,16,,51621,12,0,45,0,17,,51600,12,0,46,0,15,,51622,12,0,45,0,55,,51601,12,0,46,0,19,,51623,12,0,45,0,19,,51602,12,0,46,0,60,,51624,12,0,45,0,19,,51603,12,0,46,0
4000000,'2_6',643,,37024,12,0,46,0,58,,36980,12,0,45,0,23,,37002,12,0,46,0,20,,36981,12,0,45,0,60,,37003,12,0,46,0,21,,36982,12,0,45,0,21,,37004,12,0,46,0,60,,36983,12,0,45,0,20,,37005,12,0,46,0,22,,36984,12,0,45,0,59,,37006,12,0,46,0,21,,36985,12,0,45,0,22,,37007,12,0,46,0,61,,36986,12,0,45,0,21,,37008,12,0,46,0,21,,36987,12,0,45,0,62,,37009,12,0,46,0,20,,36988,12,0,45,0,20,,37010,12,0,45,0,61,,36989,12,0,46,0,21,,37011,12,0,45,0,18,,36990,12,0,46,0,59,,37012,12,0,45,0,18,,36991,12,0,46,0,18,,37013,12,0,45,0,59,,36992,12,0,46,0,20,,37014,12,0,45,0,20,,36993,12,0,46,0,60,,37015,12,0,45,0,21,,36994,12,0,46,0,21,,37016,12,0,45,0,61,,36995,12,0,46,0,20,,37017,12,0,45,0,20,,36996,12,0,46,0,58,,37018,12,0,45,0,20,,36997,12,0,46,0,18,,37019,12,0,45,0,58,,36998,12,0,46,0,20,,37020,12,0,45,0,19,,36999,12,0,46,0,60,,37021,12,0,45,0,19,,37000,12,0,46,0
4000000,'3_7',832,,37025,12,0,46,0,110,,37030,12,0,45,0,110,,37026,12,0,46,0,150,,37031,12,0,45,0,110,,37027,12,0,46,0,110,,37032,12,0,45,0,110,,37028,12,0,46,0,110,,37033,12,0,45,0,110,,37029,12,0,46,0,150,,37034,12,0,45,0
4000000,'4_7',832,,47970,12,0,46,0,110,,47975,12,0,45,0,110,,47971,12,0,46,0,150,,47976,12,0,45,0,110,,47972,12,0,46,0,110,,47977,12,0,45,0,110,,47973,12,0,46,0,110,,47978,12,0,45,0,110,,47974,12,0,46,0,150,,47979,12,0,45,0
4000000,'6_2',643,,46402,12,0,46,0,58,,46358,12,0,45,0,23,,46380,12,0,46,0,20,,46359,12,0,45,0,60,,46381,12,0,46,0,21,,46360,12,0,45,0,21,,46382,12,0,46,0,60,,46361,12,0,45,0,20,,46383,12,0,46,0,22,,46362,12,0,45,0,59,,46384,12,0,46,0,21,,46363,12,0,45,0,22,,46385,12,0,46,0,61,,46364,12,0,45,0,21,,46386,12,0,46,0,21,,46365,12,0,45,0,62,,46387,12,0,46,0,20,,46366,12,0,45,0,20,,46388,12,0,45,0,61,,46367,12,0,46,0,21,,46389,12,0,45,0,18,,46368,12,0,46,0,59,,46390,12,0,45,0,18,,46369,12,0,46,0,18,,46391,12,0,45,0,59,,46370,12,0,46,0,20,,46392,12,0,45,0,20,,46371,12,0,46,0,60,,46393,12,0,45,0,21,,46372,12,0,46,0,21,,46394,12,0,45,0,61,,46373,12,0,46,0,20,,46395,12,0,45,0,20,,46374,12,0,46,0,58,,46396,12,0,45,0,20,,46375,12,0,46,0,18,,46397,12,0,45,0,58,,46376,12,0,46,0,20,,46398,12,0,45,0,19,,46377,12,0,46,0,60,,46399,12,0,45,0,19,,46378,12,0,46,0
4000000,'6_3',643,,46447,12,0,46,0,58,,46403,12,0,45,0,23,,46425,12,0,46,0,20,,46404,12,0,45,0,60,,46426,12,0,46,0,21,,46405,12,0,45,0,21,,46427,12,0,46,0,60,,46406,12,0,45,0,20,,46428,12,0,46,0,22,,46407,12,0,45,0,59,,46429,12,0,46,0,21,,46408,12,0,45,0,22,,46430,12,0,46,0,61,,46409,12,0,45,0,21,,46431,12,0,46,0,21,,46410,12,0,45,0,62,,46432,12,0,46,0,20,,46411,12,0,45,0,20,,46433,12,0,45,0,61,,46412,12,0,46,0,21,,46434,12,0,45,0,18,,46413,12,0,46,0,59,,46435,12,0,45,0,18,,46414,12,0,46,0,18,,46436,12,0,45,0,59,,46415,12,0,46,0,20,,46437,12,0,45,0,20,,46416,12,0,46,0,60,,46438,12,0,45,0,21,,46417,12,0,46,0,21,,46439,12,0,45,0,61,,46418,12,0,46,0,20,,46440,12,0,45,0,20,,46419,12,0,46,0,58,,46441,12,0,45,0,20,,46420,12,0,46,0,18,,46442,12,0,45,0,58,,46421,12,0,46,0,20,,46443,12,0,45,0,19,,46422,12,0,46,0,60,,46444,12,0,45,0,19,,46423,12,0,46,0
4000000,'6_4',643,,46492,12,0,46,0,58,,46448,12,0,45,0,23,,46470,12,0,46,0,20,,46449,12,0,45,0,60,,46471,12,0,46,0,21,,46450,12,0,45,0,21,,46472,12,0,46,0,60,,46451,12,0,45,0,20,,46473,12,0,46,0,22,,46452,12,0,45,0,59,,46474,12,0,46,0,21,,46453,12,0,45,0,22,,46475,12,0,46,0,61,,46454,12,0,45,0,21,,46476,12,0,46,0,21,,46455,12,0,45,0,62,,46477,12,0,46,0,20,,46456,12,0,45,0,20,,46478,12,0,45,0,61,,46457,12,0,46,0,21,,46479,12,0,45,0,18,,46458,12,0,46,0,59,,46480,12,0,45,0,18,,46459,12,0,46,0,18,,46481,12,0,45,0,59,,46460,12,0,46,0,20,,46482,12,0,45,0,20,,46461,12,0,46,0,60,,46483,12,0,45,0,21,,46462,12,0,46,0,21,,46484,12,0,45,0,61,,46463,12,0,46,0,20,,46485,12,0,45,0,20,,46464,12,0,46,0,58,,46486,12,0,45,0,20,,46465,12,0,46,0,18,,46487,12,0,45,0,58,,46466,12,0,46,0,20,,46488,12,0,45,0,19,,46467,12,0,46,0,60,,46489,12,0,45,0,19,,46468,12,0,46,0
4000000,'7_1',643,,48025,12,0,45,0,58,,47981,12,0,46,0,29,,48003,12,0,45,0,27,,47982,12,0,46,0,55,,48004,12,0,45,0,19,,47983,12,0,46,0,22,,48005,12,0,45,0,61,,47984,12,0,46,0,16,,48006,12,0,45,0,20,,47985,12,0,46,0,59,,48007,12,0,45,0,19,,47986,12,0,46,0,20,,48008,12,0,45,0,61,,47987,12,0,46,0,20,,48009,12,0,45,0,19,,47988,12,0,46,0,65,,48010,12,0,45,0,18,,47989,12,0,46,0,18,,48011,12,0,45,0,58,,47990,12,0,46,0,19,,48012,12,0,45,0,24,,47991,12,0,46,0,61,,48013,12,0,45,0,19,,47992,12,0,46,0,19,,48014,12,0,45,0,62,,47993,12,0,46,0,22,,48015,12,0,45,0,18,,47994,12,0,46,0,62,,48016,12,0,45,0,22,,47995,12,0,46,0,22,,48017,12,0,45,0,70,,47996,12,0,46,0,18,,48018,12,0,45,0,58,,47997,12,0,46,0,16,,48019,12,0,45,0,17,,47998,12,0,46,0,15,,48020,12,0,45,0,55,,47999,12,0,46,0,19,,48021,12,0,45,0,19,,48000,12,0,46,0,60,,48022,12,0,45,0,19,,48001,12,0,46,0
4000000,'7_2',643,,51672,12,0,45,0,58,,51628,12,0,46,0,29,,51650,12,0,45,0,27,,51629,12,0,46,0,55,,51651,12,0,45,0,19,,51630,12,0,46,0,22,,51652,12,0,45,0,61,,51631,12,0,46,0,16,,51653,12,0,45,0,20,,51632,12,0,46,0,59,,51654,12,0,45,0,19,,51633,12,0,46,0,20,,51655,12,0,45,0,61,,51634,12,0,46,0,20,,51656,12,0,45,0,19,,51635,12,0,46,0,65,,51657,12,0,45,0,18,,51636,12,0,46,0,18,,51658,12,0,45,0,58,,51637,12,0,46,0,19,,51659,12,0,45,0,24,,51638,12,0,46,0,61,,51660,12,0,45,0,19,,51639,12,0,46,0,19,,51661,12,0,45,0,62,,51640,12,0,46,0,22,,51662,12,0,45,0,18,,51641,12,0,46,0,62,,51663,12,0,45,0,22,,51642,12,0,46,0,22,,51664,12,0,45,0,70,,51643,12,0,46,0,18,,51665,12,0,45,0,58,,51644,12,0,46,0,16,,51666,12,0,45,0,17,,51645,12,0,46,0,15,,51667,12,0,45,0,55,,51646,12,0,46,0,19,,51668,12,0,45,0,19,,51647,12,0,46,0,60,,51669,12,0,45,0,19,,51648,12,0,46,0
4000000,'7_4',643,,51717,12,0,45,0,58,,51673,12,0,46,0,29,,51695,12,0,45,0,27,,51674,12,0,46,0,55,,51696,12,0,45,0,19,,51675,12,0,46,0,22,,51697,12,0,45,0,61,,51676,12,0,46,0,16,,51698,12,0,45,0,20,,51677,12,0,46,0,59,,51699,12,0,45,0,19,,51678,12,0,46,0,20,,51700,12,0,45,0,61,,51679,12,0,46,0,20,,51701,12,0,45,0,19,,51680,12,0,46,0,65,,51702,12,0,45,0,18,,51681,12,0,46,0,18,,51703,12,0,45,0,58,,51682,12,0,46,0,19,,51704,12,0,45,0,24,,51683,12,0,46,0,61,,51705,12,0,45,0,19,,51684,12,0,46,0,19,,51706,12,0,45,0,62,,51685,12,0,46,0,22,,51707,12,0,45,0,18,,51686,12,0,46,0,62,,51708,12,0,45,0,22,,51687,12,0,46,0,22,,51709,12,0,45,0,70,,51688,12,0,46,0,18,,51710,12,0,45,0,58,,51689,12,0,46,0,16,,51711,12,0,45,0,17,,51690,12,0,46,0,15,,51712,12,0,45,0,55,,51691,12,0,46,0,19,,51713,12,0,45,0,19,,51692,12,0,46,0,60,,51714,12,0,45,0,19,,51693,12,0,46,0
4000000,'8_7',832,,52053,12,0,46,0,110,,52058,12,0,45,0,110,,52054,12,0,46,0,150,,52059,12,0,45,0,110,,52055,12,0,46,0,110,,52060,12,0,45,0,110,,52056,12,0,46,0,110,,52061,12,0,45,0,110,,52057,12,0,46,0,150,,52062,12,0,45,0
