1100,'2_6',642,,32477,5,,,0,159,,32478,5,,,0,906,,32479,5,,,0,119,,32480,5,,,0
1100,'5_1',642,,37733,5,,,0,159,,37734,5,,,0,906,,37735,5,,,0,119,,37736,5,,,0
1100,'5_2',642,,40397,5,,,0,159,,40398,5,,,0,906,,40399,5,,,0,119,,40400,5,,,0
1100,'5_3',642,,40401,5,,,0,159,,40402,5,,,0,906,,40403,5,,,0,119,,40404,5,,,0
1100,'5_4',642,,40405,5,,,0,159,,40406,5,,,0,906,,40407,5,,,0,119,,40408,5,,,0
1100,'5_5',642,,40409,5,,,0,159,,40410,5,,,0,906,,40411,5,,,0,119,,40412,5,,,0
1100,'6_1',642,,40413,5,,,0,159,,40414,5,,,0,906,,40415,5,,,0,119,,40416,5,,,0
1100,'6_2',642,,44744,5,,,0,159,,44745,5,,,0,906,,44746,5,,,0,119,,44747,5,,,0
1100,'6_3',642,,44748,5,,,0,159,,44749,5,,,0,906,,44750,5,,,0,119,,44751,5,,,0
1100,'6_4',642,,44752,5,,,0,159,,44753,5,,,0,906,,44754,5,,,0,119,,44755,5,,,0
