701,'S2-1_6',702,,24242,3,,,0,110,,24243,3,,,0,110,,24244,3,,,0,110,,24245,3,,,0,111,,24246,3,,,0,109,,24247,3,,,0,150,,24248,3,,,0,111,,24249,3,,,0,109,,24250,3,,,0,110,,24240,3,,,0,111,,24241,3,,,0
701,'S2-5_1',700,,24251,3,,,0,112,,24252,3,,,0,109,,24253,3,,,0,110,,24254,3,,,0,111,,24255,3,,,0,110,,24256,3,,,0,149,,24257,3,,,0,108,,24258,3,,,0,110,,24259,3,,,0,110,,24260,3,,,0,113,,24261,3,,,0
701,'S2-5_2',700,,24262,3,,,0,112,,24263,3,,,0,109,,24264,3,,,0,110,,24265,3,,,0,111,,24266,3,,,0,110,,24267,3,,,0,149,,24268,3,,,0,108,,24269,3,,,0,110,,24270,3,,,0,110,,24271,3,,,0,113,,24272,3,,,0
701,'S2-5_4',700,,24273,3,,,0,112,,24274,3,,,0,109,,24275,3,,,0,110,,24276,3,,,0,111,,24277,3,,,0,110,,24278,3,,,0,149,,24279,3,,,0,108,,24280,3,,,0,110,,24281,3,,,0,110,,24282,3,,,0,113,,24283,3,,,0
701,'S2-5_5',700,,24284,3,,,0,112,,24285,3,,,0,109,,24286,3,,,0,110,,24287,3,,,0,111,,24288,3,,,0,110,,24289,3,,,0,149,,24290,3,,,0,108,,24291,3,,,0,110,,24292,3,,,0,110,,24293,3,,,0,113,,24294,3,,,0
701,'S2-6_3',700,,24295,3,,,0,112,,24296,3,,,0,109,,24297,3,,,0,110,,24298,3,,,0,111,,24299,3,,,0,110,,24300,3,,,0,149,,24301,3,,,0,108,,24302,3,,,0,110,,24303,3,,,0,110,,24304,3,,,0,113,,24305,3,,,0
2401,'S2-5_1',723,,25536,7,0,18 19,0
2401,'S2-5_2',723,,25540,7,0,18 19,0
2401,'S2-5_4',723,,25544,7,0,18 19,0
2401,'S2-5_5',723,,25548,7,0,18 19,0
2401,'S2-6_3',723,,25552,7,0,18 19,0
