301,'S2-1_6',752,,8456,36,,,0,71,,8453,36,,,0,31,,8454,36,,,0,71,,8455,36,,,0,31,,8457,36,,,0,70,,8458,36,,,0,31,,8459,36,,,0,70,,8460,36,,,0,31,,8464,36,,,0,69,,8463,36,,,0,28,,8461,36,,,0,69,,8462,36,,,0,29,,8466,36,,,0,72,,8467,36,,,0,30,,8465,36,,,0,71,,8468,36,,,0,30,,8471,36,,,0,72,,8469,36,,,0,73,,8470,36,,,0,30,,8473,36,,,0,71,,8472,36,,,0,30,,8474,36,,,0,72,,8475,36,,,0,27,,8476,36,,,0,27,,8477,36,,,0,68,,8478,36,,,0,30,,8479,36,,,0,63,,8480,36,,,0
301,'S2-4_7',944,,8481,36,,,0,100,,8482,36,,,0,100,,8483,36,,,0,100,,8484,36,,,0,100,,8485,36,,,0,100,,8486,36,,,0,100,,8487,36,,,0,100,,8488,36,,,0,100,,8489,36,,,0,100,,8490,36,,,0,100,,8491,36,,,0
301,'S2-5_1',748,,8518,36,,,0,61,,8492,36,,,0,34,,8519,36,,,0,73,,8493,36,,,0,30,,8494,36,,,0,71,,8495,36,,,0,33,,8496,36,,,0,72,,8497,36,,,0,33,,8498,36,,,0,74,,8499,36,,,0,71,,8500,36,,,0,31,,8501,36,,,0,73,,8502,36,,,0,32,,8503,36,,,0,71,,8504,36,,,0,31,,8505,36,,,0,67,,8506,36,,,0,28,,8507,36,,,0,71,,8508,36,,,0,30,,8509,36,,,0,70,,8510,36,,,0,30,,8511,36,,,0,23,,8512,36,,,0,62,,8513,36,,,0,22,,8514,36,,,0,69,,8515,36,,,0,28,,8516,36,,,0,70,,8517,36,,,0
301,'S2-5_2',748,,8546,36,,,0,61,,8520,36,,,0,34,,8547,36,,,0,73,,8521,36,,,0,30,,8522,36,,,0,71,,8523,36,,,0,33,,8524,36,,,0,72,,8525,36,,,0,33,,8526,36,,,0,74,,8527,36,,,0,71,,8528,36,,,0,31,,8529,36,,,0,73,,8530,36,,,0,32,,8531,36,,,0,71,,8532,36,,,0,31,,8533,36,,,0,67,,8534,36,,,0,28,,8535,36,,,0,71,,8536,36,,,0,30,,8537,36,,,0,70,,8538,36,,,0,30,,8539,36,,,0,23,,8540,36,,,0,62,,8541,36,,,0,22,,8542,36,,,0,69,,8543,36,,,0,28,,8544,36,,,0,70,,8545,36,,,0
301,'S2-5_4',748,,8574,36,,,0,61,,8548,36,,,0,34,,8575,36,,,0,73,,8549,36,,,0,30,,8550,36,,,0,71,,8551,36,,,0,33,,8552,36,,,0,72,,8553,36,,,0,33,,8554,36,,,0,74,,8555,36,,,0,71,,8556,36,,,0,31,,8557,36,,,0,73,,8558,36,,,0,32,,8559,36,,,0,71,,8560,36,,,0,31,,8561,36,,,0,67,,8562,36,,,0,28,,8563,36,,,0,71,,8564,36,,,0,30,,8565,36,,,0,70,,8566,36,,,0,30,,8567,36,,,0,23,,8568,36,,,0,62,,8569,36,,,0,22,,8570,36,,,0,69,,8571,36,,,0,28,,8572,36,,,0,70,,8573,36,,,0
301,'S2-5_5',748,,8602,36,,,0,61,,8576,36,,,0,34,,8603,36,,,0,73,,8577,36,,,0,30,,8578,36,,,0,71,,8579,36,,,0,33,,8580,36,,,0,72,,8581,36,,,0,33,,8582,36,,,0,74,,8583,36,,,0,71,,8584,36,,,0,31,,8585,36,,,0,73,,8586,36,,,0,32,,8587,36,,,0,71,,8588,36,,,0,31,,8589,36,,,0,67,,8590,36,,,0,28,,8591,36,,,0,71,,8592,36,,,0,30,,8593,36,,,0,70,,8594,36,,,0,30,,8595,36,,,0,23,,8596,36,,,0,62,,8597,36,,,0,22,,8598,36,,,0,69,,8599,36,,,0,28,,8600,36,,,0,70,,8601,36,,,0
301,'S2-6_3',748,,8630,36,,,0,61,,8604,36,,,0,34,,8631,36,,,0,73,,8605,36,,,0,30,,8606,36,,,0,71,,8607,36,,,0,33,,8608,36,,,0,72,,8609,36,,,0,33,,8610,36,,,0,74,,8611,36,,,0,71,,8612,36,,,0,31,,8613,36,,,0,73,,8614,36,,,0,32,,8615,36,,,0,71,,8616,36,,,0,31,,8617,36,,,0,67,,8618,36,,,0,28,,8619,36,,,0,71,,8620,36,,,0,30,,8621,36,,,0,70,,8622,36,,,0,30,,8623,36,,,0,23,,8624,36,,,0,62,,8625,36,,,0,22,,8626,36,,,0,69,,8627,36,,,0,28,,8628,36,,,0,70,,8629,36,,,0
900601,'S2-1_6',818,,11516,29,,,0,130,,11517,29,,,0,170,,11518,29,,,0,135,,11519,29,,,0,160,,11520,29,,,0,135,,11521,29,,,0,165,,11522,29,,,0,130,,11523,29,,,0
900601,'S2-5_1',818,,11524,29,,,0,130,,11525,29,,,0,170,,11526,29,,,0,135,,11527,29,,,0,160,,11528,29,,,0,135,,11529,29,,,0,165,,11530,29,,,0,130,,11531,29,,,0
900601,'S2-5_2',818,,11532,29,,,0,130,,11533,29,,,0,170,,11534,29,,,0,135,,11535,29,,,0,160,,11536,29,,,0,135,,11537,29,,,0,165,,11538,29,,,0,130,,11539,29,,,0
900601,'S2-5_4',818,,11540,29,,,0,130,,11541,29,,,0,170,,11542,29,,,0,135,,11543,29,,,0,160,,11544,29,,,0,135,,11545,29,,,0,165,,11546,29,,,0,130,,11547,29,,,0
900601,'S2-5_5',818,,11548,29,,,0,130,,11549,29,,,0,170,,11550,29,,,0,135,,11551,29,,,0,160,,11552,29,,,0,135,,11553,29,,,0,165,,11554,29,,,0,130,,11555,29,,,0
900601,'S2-6_3',818,,11556,29,,,0,130,,11557,29,,,0,170,,11558,29,,,0,135,,11559,29,,,0,160,,11560,29,,,0,135,,11561,29,,,0,165,,11562,29,,,0,130,,11563,29,,,0
