101,'S2-0_6',731,,53799,38,0,5,0,117,,53800,38,0,5,0,106,,53801,38,0,5,0,70,,53812,38,0,6,0,29,,53802,38,0,5,0,71,,53813,38,0,6,0,30,,53803,38,0,5,0,70,,53814,38,0,6,0,30,,53804,38,0,5,0,68,,53815,38,0,6,0,31,,53805,38,0,5,0,69,,53816,38,0,6,0,30,,53806,38,0,5,0,70,,53817,38,0,6,0,31,,53807,38,0,5,0,72,,53818,38,0,6,0,31,,53808,38,0,5,0,70,,53819,38,0,6,0,33,,53809,38,0,5,0,69,,53820,38,0,6,0,74,,53810,38,0,5,0,25,,53821,38,0,6,0,25,,53811,38,0,5,0
101,'S2-1_7',937,,53822,38,0,6,0,105,,53827,38,0,5,0,105,,53823,38,0,6,0,105,,53828,38,0,5,0,105,,53824,38,0,6,0,90,,53829,38,0,5,0,100,,53825,38,0,6,0,105,,53830,38,0,5,0,105,,53826,38,0,6,0,145,,53831,38,0,5,0
101,'S2-2_1',731,,53832,44,0,5,0,72,,53833,38,0,5,0,35,,53834,44,0,6,0,70,,53836,38,0,5,0,36,,53835,44,0,6,0,75,,53837,38,0,5,0,31,,53841,38,0,6,0,72,,53838,38,0,5,0,32,,53839,38,0,6,0,70,,53840,38,0,5,0,30,,53842,38,0,6,0,69,,53843,38,0,5,0,30,,53844,38,0,6,0,68,,53846,44,0,5,0,31,,53845,38,0,6,0,71,,53847,44,0,5,0,31,,53849,38,0,6,0,71,,53853,38,0,5,0,32,,53852,38,0,6,0,73,,53850,38,0,5,0,70,,53851,38,0,6,0,29,,53848,44,0,5,0,24,,53854,38,0,6,0,70,,53855,44,0,5,0,24,,53856,38,0,6,0
101,'S2-2_2',731,,53857,44,0,5,0,72,,53858,38,0,5,0,35,,53859,44,0,6,0,70,,53861,38,0,5,0,36,,53860,44,0,6,0,75,,53862,38,0,5,0,31,,53866,38,0,6,0,72,,53863,38,0,5,0,32,,53864,38,0,6,0,70,,53865,38,0,5,0,30,,53867,38,0,6,0,69,,53868,38,0,5,0,30,,53869,38,0,6,0,68,,53871,44,0,5,0,31,,53870,38,0,6,0,71,,53872,44,0,5,0,31,,53874,38,0,6,0,71,,53878,38,0,5,0,32,,53877,38,0,6,0,73,,53875,38,0,5,0,70,,53876,38,0,6,0,29,,53873,44,0,5,0,24,,53879,38,0,6,0,70,,53880,44,0,5,0,24,,53881,38,0,6,0
101,'S2-2_3',731,,53882,44,0,5,0,72,,53883,38,0,5,0,35,,53884,44,0,6,0,70,,53886,38,0,5,0,36,,53885,44,0,6,0,75,,53887,38,0,5,0,31,,53891,38,0,6,0,72,,53888,38,0,5,0,32,,53889,38,0,6,0,70,,53890,38,0,5,0,30,,53892,38,0,6,0,69,,53893,38,0,5,0,30,,53894,38,0,6,0,68,,53896,44,0,5,0,31,,53895,38,0,6,0,71,,53897,44,0,5,0,31,,53899,38,0,6,0,71,,53903,38,0,5,0,32,,53902,38,0,6,0,73,,53900,38,0,5,0,70,,53901,38,0,6,0,29,,53898,44,0,5,0,24,,53904,38,0,6,0,70,,53905,44,0,5,0,24,,53906,38,0,6,0
101,'S2-2_4',731,,53907,44,0,5,0,72,,53908,38,0,5,0,35,,53909,44,0,6,0,70,,53911,38,0,5,0,36,,53910,44,0,6,0,75,,53912,38,0,5,0,31,,53916,38,0,6,0,72,,53913,38,0,5,0,32,,53914,38,0,6,0,70,,53915,38,0,5,0,30,,53917,38,0,6,0,69,,53918,38,0,5,0,30,,53919,38,0,6,0,68,,53921,44,0,5,0,31,,53920,38,0,6,0,71,,53922,44,0,5,0,31,,53924,38,0,6,0,71,,53928,38,0,5,0,32,,53927,38,0,6,0,73,,53925,38,0,5,0,70,,53926,38,0,6,0,29,,53923,44,0,5,0,24,,53929,38,0,6,0,70,,53930,44,0,5,0,24,,53931,38,0,6,0
101,'S2-2_5',731,,53932,44,0,5,0,72,,53933,38,0,5,0,35,,53934,44,0,6,0,70,,53936,38,0,5,0,36,,53935,44,0,6,0,75,,53937,38,0,5,0,31,,53941,38,0,6,0,72,,53938,38,0,5,0,32,,53939,38,0,6,0,70,,53940,38,0,5,0,30,,53942,38,0,6,0,69,,53943,38,0,5,0,30,,53944,38,0,6,0,68,,53946,44,0,5,0,31,,53945,38,0,6,0,71,,53947,44,0,5,0,31,,53949,38,0,6,0,71,,53953,38,0,5,0,32,,53952,38,0,6,0,73,,53950,38,0,5,0,70,,53951,38,0,6,0,29,,53948,44,0,5,0,24,,53954,38,0,6,0,70,,53955,44,0,5,0,24,,53956,38,0,6,0
101,'S2-3_1',731,,53957,44,0,5,0,72,,53958,38,0,5,0,35,,53959,44,0,6,0,70,,53961,38,0,5,0,36,,53960,44,0,6,0,75,,53962,38,0,5,0,31,,53966,38,0,6,0,72,,53963,38,0,5,0,32,,53964,38,0,6,0,70,,53965,38,0,5,0,30,,53967,38,0,6,0,69,,53968,38,0,5,0,30,,53969,38,0,6,0,68,,53971,44,0,5,0,31,,53970,38,0,6,0,71,,53972,44,0,5,0,31,,53974,38,0,6,0,71,,53978,38,0,5,0,32,,53977,38,0,6,0,73,,53975,38,0,5,0,70,,53976,38,0,6,0,29,,53973,44,0,5,0,24,,53979,38,0,6,0,70,,53980,44,0,5,0,24,,53981,38,0,6,0
101,'S2-3_3',731,,53982,44,0,5,0,72,,53983,38,0,5,0,35,,53984,44,0,6,0,70,,53986,38,0,5,0,36,,53985,44,0,6,0,75,,53987,38,0,5,0,31,,53991,38,0,6,0,72,,53988,38,0,5,0,32,,53989,38,0,6,0,70,,53990,38,0,5,0,30,,53992,38,0,6,0,69,,53993,38,0,5,0,30,,53994,38,0,6,0,68,,53996,44,0,5,0,31,,53995,38,0,6,0,71,,53997,44,0,5,0,31,,53999,38,0,6,0,71,,54003,38,0,5,0,32,,54002,38,0,6,0,73,,54000,38,0,5,0,70,,54001,38,0,6,0,29,,53998,44,0,5,0,24,,54004,38,0,6,0,70,,54005,44,0,5,0,24,,54006,38,0,6,0
101,'S2-3_4',731,,54007,44,0,5,0,72,,54008,38,0,5,0,35,,54009,44,0,6,0,70,,54011,38,0,5,0,36,,54010,44,0,6,0,75,,54012,38,0,5,0,31,,54016,38,0,6,0,72,,54013,38,0,5,0,32,,54014,38,0,6,0,70,,54015,38,0,5,0,30,,54017,38,0,6,0,69,,54018,38,0,5,0,30,,54019,38,0,6,0,68,,54021,44,0,5,0,31,,54020,38,0,6,0,71,,54022,44,0,5,0,31,,54024,38,0,6,0,71,,54028,38,0,5,0,32,,54027,38,0,6,0,73,,54025,38,0,5,0,70,,54026,38,0,6,0,29,,54023,44,0,5,0,24,,54029,38,0,6,0,70,,54030,44,0,5,0,24,,54031,38,0,6,0
101,'S2-4_7',937,,54032,38,0,6,0,105,,54037,38,0,5,0,105,,54033,38,0,6,0,105,,54038,38,0,5,0,105,,54034,38,0,6,0,90,,54039,38,0,5,0,100,,54035,38,0,6,0,105,,54040,38,0,5,0,105,,54036,38,0,6,0,145,,54041,38,0,5,0
