601,'0_5',609,,31779,7,,,0,108,,31792,7,,,0,96,,31780,7,,,0,102,,31781,7,,,0,99,,31782,7,,,0,100,,31783,7,,,0,101,,31796,7,,,0,24,,31784,7,,,0,80,,31785,7,,,0,104,,31786,7,,,0,94,,31787,7,,,0,39,,31793,7,,,0,79,,31788,8,,,0,76,,31794,7,,,0,28,,31789,8,,,0,73,,31795,8,,,0,27,,31790,7,,,0,94,,31791,7,,,0
601,'2_6',739,,31815,7,,,0,90,,31817,7,,,0,96,,31818,7,,,0,93,,31819,7,,,0,89,,31820,7,,,0,49,,31821,7,,,0,88,,31822,7,,,0,89,,31823,7,,,0,88,,31824,7,,,0,89,,31825,7,,,0,100,,31826,7,,,0,91,,31827,7,,,0,54,,31828,7,,,0,87,,31829,7,,,0,90,,31816,7,,,0
601,'5_1',609,,37612,7,,,0,109,,37626,7,,,0,92,,37613,7,,,0,93,,37614,7,,,0,53,,37615,7,,,0,85,,37616,7,,,0,93,,37627,7,,,0,84,,37617,7,,,0,20,,37618,7,,,0,95,,37619,7,,,0,84,,37620,7,,,0,103,,37621,7,,,0,85,,37622,7,,,0,54,,37623,7,,,0,89,,37628,7,,,0,90,,37624,7,,,0,94,,37625,7,,,0
601,'5_2',609,,39792,7,,,0,109,,39806,7,,,0,92,,39793,7,,,0,93,,39794,7,,,0,53,,39795,7,,,0,85,,39796,7,,,0,93,,39807,7,,,0,84,,39797,7,,,0,20,,39798,7,,,0,95,,39799,7,,,0,84,,39800,7,,,0,103,,39801,7,,,0,85,,39802,7,,,0,54,,39803,7,,,0,89,,39808,7,,,0,90,,39804,7,,,0,94,,39805,7,,,0
601,'5_3',609,,39809,7,,,0,109,,39823,7,,,0,92,,39810,7,,,0,93,,39811,7,,,0,53,,39812,7,,,0,85,,39813,7,,,0,93,,39824,7,,,0,84,,39814,7,,,0,20,,39815,7,,,0,95,,39816,7,,,0,84,,39817,7,,,0,103,,39818,7,,,0,85,,39819,7,,,0,54,,39820,7,,,0,89,,39825,7,,,0,90,,39821,7,,,0,94,,39822,7,,,0
601,'5_4',609,,39826,7,,,0,109,,39840,7,,,0,92,,39827,7,,,0,93,,39828,7,,,0,53,,39829,7,,,0,85,,39830,7,,,0,93,,39841,7,,,0,84,,39831,7,,,0,20,,39832,7,,,0,95,,39833,7,,,0,84,,39834,7,,,0,103,,39835,7,,,0,85,,39836,7,,,0,54,,39837,7,,,0,89,,39842,7,,,0,90,,39838,7,,,0,94,,39839,7,,,0
601,'5_5',609,,39843,7,,,0,109,,39857,7,,,0,92,,39844,7,,,0,93,,39845,7,,,0,53,,39846,7,,,0,85,,39847,7,,,0,93,,39858,7,,,0,84,,39848,7,,,0,20,,39849,7,,,0,95,,39850,7,,,0,84,,39851,7,,,0,103,,39852,7,,,0,85,,39853,7,,,0,54,,39854,7,,,0,89,,39859,7,,,0,90,,39855,7,,,0,94,,39856,7,,,0
601,'6_1',609,,39860,7,,,0,109,,39874,7,,,0,92,,39861,7,,,0,93,,39862,7,,,0,53,,39863,7,,,0,85,,39864,7,,,0,93,,39875,7,,,0,84,,39865,7,,,0,20,,39866,7,,,0,95,,39867,7,,,0,84,,39868,7,,,0,103,,39869,7,,,0,85,,39870,7,,,0,54,,39871,7,,,0,89,,39876,7,,,0,90,,39872,7,,,0,94,,39873,7,,,0
901,'0_5',737,,32242,3,0,26,0,66,,32243,3,0,27 63,0,102,,32248,3,0,23 24,0,152,,32249,3,0,23 24,0,147,,32244,3,0,27 63,0,34,,32253,3,,,0,105,,32250,3,0,23 24,0,111,,32251,3,0,23 24,0,150,,32245,3,0,27 63,0,21,,32256,3,,,0,79,,32246,3,0,27 63,0,100,,32247,3,0,27 63,0,128,,32257,3,,,0
901,'2_6',737,,32274,3,0,23 24,0,99,,32286,3,0,25,0,368,,32284,3,0,25,0,318,,32282,3,0,25,0,82,,32275,3,0,23 24,0,103,,32276,3,0,23 24,0,135,,32277,3,0,23 24,0,90,,32278,3,0,23 24,0
901,'5_1',737,,37694,3,0,26,0,66,,37695,3,0,27 63,0,103,,37696,3,0,23 24,0,250,,37700,3,0,25,0,366,,37707,3,0,25,0,91,,37703,3,0,23 24,0,95,,37704,3,0,23 24,0,129,,37705,3,0,23 24,0,95,,37706,3,0,23 24,0
901,'5_2',737,,40202,3,0,26,0,66,,40203,3,0,27 63,0,103,,40204,3,0,23 24,0,250,,40208,3,0,25,0,366,,40215,3,0,25,0,91,,40211,3,0,23 24,0,95,,40212,3,0,23 24,0,129,,40213,3,0,23 24,0,95,,40214,3,0,23 24,0
901,'5_3',737,,40216,3,0,26,0,66,,40217,3,0,27 63,0,103,,40218,3,0,23 24,0,250,,40222,3,0,25,0,366,,40229,3,0,25,0,91,,40225,3,0,23 24,0,95,,40226,3,0,23 24,0,129,,40227,3,0,23 24,0,95,,40228,3,0,23 24,0
901,'5_4',737,,40230,3,0,26,0,66,,40231,3,0,27 63,0,103,,40232,3,0,23 24,0,250,,40236,3,0,25,0,366,,40243,3,0,25,0,91,,40239,3,0,23 24,0,95,,40240,3,0,23 24,0,129,,40241,3,0,23 24,0,95,,40242,3,0,23 24,0
901,'5_5',737,,40244,3,0,26,0,66,,40245,3,0,27 63,0,103,,40246,3,0,23 24,0,250,,40250,3,0,25,0,366,,40257,3,0,25,0,91,,40253,3,0,23 24,0,95,,40254,3,0,23 24,0,129,,40255,3,0,23 24,0,95,,40256,3,0,23 24,0
901,'6_1',737,,40258,3,0,26,0,66,,40259,3,0,27 63,0,103,,40260,3,0,23 24,0,250,,40264,3,0,25,0,366,,40271,3,0,25,0,91,,40267,3,0,23 24,0,95,,40268,3,0,23 24,0,129,,40269,3,0,23 24,0,95,,40270,3,0,23 24,0
1901,'0_5',1604,,33001,3,,,0,100,,33002,3,,,0,100,,33003,3,,,0
2601,'0_5',734,,33578,6,,,0,2,,33591,6,,,0,1,,33576,6,,,0,2,,33569,19,,,0,72,,33579,19,,,0,24,,33581,19,,,0,9,,33577,7,,,0,15,,33580,19,,,0,79,,33570,19,,,0,100,,33571,19,,,0,100,,33588,19,,,0,100,,33572,19,,,0,67,,33589,19,,,0,22,,33590,19,,,0,5,,33592,6,,,0,87,,33573,19,,,0,95,,33574,19,,,0,114,,33583,19,,,0,89,,33584,19,,,0,27,,33585,19,,,0,89,,33586,19,,,0,23,,33587,19,,,0,92,,33582,19,,,0
2601,'2_6',738,,33615,19,,,0,86,,33618,19,,,0,85,,33619,19,,,0,47,,33620,19,,,0,90,,33621,19,,,0,84,,33622,19,,,0,83,,33623,19,,,0,45,,33624,19,,,0,82,,33625,19,,,0,85,,33626,19,,,0,86,,33627,19,,,0,91,,33628,19,,,0,46,,33629,19,,,0,81,,33630,19,,,0,86,,33631,19,,,0,42,,33617,19,,,0,81,,33616,19,,,0
2601,'5_1',738,,37830,19,,,0,86,,37831,19,,,0,85,,37832,19,,,0,47,,37833,19,,,0,90,,37834,19,,,0,84,,37835,19,,,0,83,,37836,19,,,0,45,,37837,19,,,0,82,,37838,19,,,0,85,,37839,19,,,0,86,,37840,19,,,0,91,,37841,19,,,0,46,,37842,19,,,0,81,,37843,19,,,0,86,,37844,19,,,0,42,,37845,19,,,0,81,,37846,19,,,0
2601,'5_2',738,,40885,19,,,0,86,,40886,19,,,0,85,,40887,19,,,0,47,,40888,19,,,0,90,,40889,19,,,0,84,,40890,19,,,0,83,,40891,19,,,0,45,,40892,19,,,0,82,,40893,19,,,0,85,,40894,19,,,0,86,,40895,19,,,0,91,,40896,19,,,0,46,,40897,19,,,0,81,,40898,19,,,0,86,,40899,19,,,0,42,,40900,19,,,0,81,,40901,19,,,0
2601,'5_3',738,,40902,19,,,0,86,,40903,19,,,0,85,,40904,19,,,0,47,,40905,19,,,0,90,,40906,19,,,0,84,,40907,19,,,0,83,,40908,19,,,0,45,,40909,19,,,0,82,,40910,19,,,0,85,,40911,19,,,0,86,,40912,19,,,0,91,,40913,19,,,0,46,,40914,19,,,0,81,,40915,19,,,0,86,,40916,19,,,0,42,,40917,19,,,0,81,,40918,19,,,0
2601,'5_4',738,,40919,19,,,0,86,,40920,19,,,0,85,,40921,19,,,0,47,,40922,19,,,0,90,,40923,19,,,0,84,,40924,19,,,0,83,,40925,19,,,0,45,,40926,19,,,0,82,,40927,19,,,0,85,,40928,19,,,0,86,,40929,19,,,0,91,,40930,19,,,0,46,,40931,19,,,0,81,,40932,19,,,0,86,,40933,19,,,0,42,,40934,19,,,0,81,,40935,19,,,0
2601,'5_5',738,,40936,19,,,0,86,,40937,19,,,0,85,,40938,19,,,0,47,,40939,19,,,0,90,,40940,19,,,0,84,,40941,19,,,0,83,,40942,19,,,0,45,,40943,19,,,0,82,,40944,19,,,0,85,,40945,19,,,0,86,,40946,19,,,0,91,,40947,19,,,0,46,,40948,19,,,0,81,,40949,19,,,0,86,,40950,19,,,0,42,,40951,19,,,0,81,,40952,19,,,0
2601,'6_1',738,,40953,19,,,0,86,,40954,19,,,0,85,,40955,19,,,0,47,,40956,19,,,0,90,,40957,19,,,0,84,,40958,19,,,0,83,,40959,19,,,0,45,,40960,19,,,0,82,,40961,19,,,0,85,,40962,19,,,0,86,,40963,19,,,0,91,,40964,19,,,0,46,,40965,19,,,0,81,,40966,19,,,0,86,,40967,19,,,0,42,,40968,19,,,0,81,,40969,19,,,0
