201,'2_6',656,,30638,1,0,62,0,181,,30639,1,0,20,0,100,,30640,1,0,62,0,110,,30641,1,0,64,0,106,,30642,1,0,21,0,149,,30643,1,0,20,0,105,,30644,1,0,20,0,105,,30645,1,0,20,0,101,,30646,1,0,20,0,103,,30647,1,0,20,0,105,,30648,1,0,62,0,94,,30649,1,0,21,0
201,'5_1',651,,37458,1,0,62,0,70,,37455,1,0,21,0,101,,37456,1,0,62,0,95,,37450,1,0,20,0,107,,37446,1,0,62,0,119,,37442,1,0,62,0,116,,37440,1,0,21,0,83,,37437,1,0,21,0,95,,37441,1,0,21,0,100,,37431,1,0,21,0,166,,37426,1,0,21,0,98,,37428,1,0,21,0,101,,37422,1,0,62,0
201,'5_2',651,,38870,1,0,62,0,70,,38867,1,0,21,0,101,,38868,1,0,62,0,95,,38862,1,0,20,0,107,,38858,1,0,62,0,119,,38854,1,0,62,0,116,,38852,1,0,21,0,83,,38849,1,0,21,0,95,,38853,1,0,21,0,100,,38843,1,0,21,0,166,,38838,1,0,21,0,98,,38840,1,0,21,0,101,,38834,1,0,62,0
201,'5_3',651,,38909,1,0,62,0,70,,38906,1,0,21,0,101,,38907,1,0,62,0,95,,38901,1,0,20,0,107,,38897,1,0,62,0,119,,38893,1,0,62,0,116,,38891,1,0,21,0,83,,38888,1,0,21,0,95,,38892,1,0,21,0,100,,38882,1,0,21,0,166,,38877,1,0,21,0,98,,38879,1,0,21,0,101,,38873,1,0,62,0
201,'5_4',651,,38948,1,0,62,0,70,,38945,1,0,21,0,101,,38946,1,0,62,0,95,,38940,1,0,20,0,107,,38936,1,0,62,0,119,,38932,1,0,62,0,116,,38930,1,0,21,0,83,,38927,1,0,21,0,95,,38931,1,0,21,0,100,,38921,1,0,21,0,166,,38916,1,0,21,0,98,,38918,1,0,21,0,101,,38912,1,0,62,0
201,'5_5',651,,38987,1,0,62,0,70,,38984,1,0,21,0,101,,38985,1,0,62,0,95,,38979,1,0,20,0,107,,38975,1,0,62,0,119,,38971,1,0,62,0,116,,38969,1,0,21,0,83,,38966,1,0,21,0,95,,38970,1,0,21,0,100,,38960,1,0,21,0,166,,38955,1,0,21,0,98,,38957,1,0,21,0,101,,38951,1,0,62,0
201,'6_1',651,,39026,1,0,62,0,70,,39023,1,0,21,0,101,,39024,1,0,62,0,95,,39018,1,0,20,0,107,,39014,1,0,62,0,119,,39010,1,0,62,0,116,,39008,1,0,21,0,83,,39005,1,0,21,0,95,,39009,1,0,21,0,100,,38999,1,0,21,0,166,,38994,1,0,21,0,98,,38996,1,0,21,0,101,,38990,1,0,62,0
201,'6_2',651,,43843,1,0,62,0,70,,43840,1,0,21,0,101,,43841,1,0,62,0,95,,43835,1,0,20,0,107,,43831,1,0,62,0,119,,43827,1,0,62,0,116,,43825,1,0,21,0,83,,43822,1,0,21,0,95,,43826,1,0,21,0,100,,43816,1,0,21,0,166,,43811,1,0,21,0,98,,43813,1,0,21,0,101,,43807,1,0,62,0
201,'6_3',651,,43882,1,0,62,0,70,,43879,1,0,21,0,101,,43880,1,0,62,0,95,,43874,1,0,20,0,107,,43870,1,0,62,0,119,,43866,1,0,62,0,116,,43864,1,0,21,0,83,,43861,1,0,21,0,95,,43865,1,0,21,0,100,,43855,1,0,21,0,166,,43850,1,0,21,0,98,,43852,1,0,21,0,101,,43846,1,0,62,0
201,'6_4',651,,43921,1,0,62,0,70,,43918,1,0,21,0,101,,43919,1,0,62,0,95,,43913,1,0,20,0,107,,43909,1,0,62,0,119,,43905,1,0,62,0,116,,43903,1,0,21,0,83,,43900,1,0,21,0,95,,43904,1,0,21,0,100,,43894,1,0,21,0,166,,43889,1,0,21,0,98,,43891,1,0,21,0,101,,43885,1,0,62,0
