1000001,'0_6',733,,69466,4,,,0,82,,69474,4,,,0,86,,69477,4,,,0,44,,69480,4,,,0,88,,69483,4,,,0,71,,69485,4,,,0,48,,69488,4,,,0,87,,69491,4,,,0,84,,69494,4,,,0,30,,69496,4,,,0,88,,69499,4,,,0,88,,69502,4,,,0,88,,69505,4,,,0,31,,69507,4,,,0,88,,69510,4,,,0,90,,69513,4,,,0,31,,69471,4,,,0
1000001,'2_1',717,,69534,4,,,0,14,,69537,4,,,0,15,,69538,4,,,0,54,,69539,4,,,0,14,,69540,4,,,0,16,,69541,4,,,0,14,,69542,4,,,0,15,,69543,4,,,0,70,,69568,4,,,0,71,,69569,4,,,0,31,,69570,4,,,0,72,,69571,4,,,0,32,,69572,4,,,0,71,,69573,4,,,0,33,,69574,4,,,0,70,,69575,4,,,0,30,,69576,4,,,0,72,,69577,4,,,0,31,,69578,4,,,0,68,,69579,4,,,0,28,,69580,4,,,0,69,,69581,4,,,0,14,,69563,4,,,0,14,,69582,4,,,0,14,,69564,4,,,0,55,,69583,4,,,0,15,,69565,4,,,0,15,,69584,4,,,0,15,,69566,4,,,0,55,,69585,4,,,0,16,,69567,4,,,0,15,,69535,4,,,0,18,,69586,4,,,0,79,,69587,4,,,0
1000001,'2_2',717,,69596,4,,,0,14,,69599,4,,,0,15,,69600,4,,,0,54,,69601,4,,,0,14,,69602,4,,,0,16,,69603,4,,,0,14,,69604,4,,,0,15,,69605,4,,,0,70,,69630,4,,,0,71,,69631,4,,,0,31,,69632,4,,,0,72,,69633,4,,,0,32,,69634,4,,,0,71,,69635,4,,,0,33,,69636,4,,,0,70,,69637,4,,,0,30,,69638,4,,,0,72,,69639,4,,,0,31,,69640,4,,,0,68,,69641,4,,,0,28,,69642,4,,,0,69,,69643,4,,,0,14,,69625,4,,,0,14,,69644,4,,,0,14,,69626,4,,,0,55,,69645,4,,,0,15,,69627,4,,,0,15,,69646,4,,,0,15,,69628,4,,,0,55,,69647,4,,,0,16,,69629,4,,,0,15,,69597,4,,,0,18,,69648,4,,,0,79,,69649,4,,,0
1000001,'2_3',717,,69658,4,,,0,14,,69661,4,,,0,15,,69662,4,,,0,54,,69663,4,,,0,14,,69664,4,,,0,16,,69665,4,,,0,14,,69666,4,,,0,15,,69667,4,,,0,70,,69692,4,,,0,71,,69693,4,,,0,31,,69694,4,,,0,72,,69695,4,,,0,32,,69696,4,,,0,71,,69697,4,,,0,33,,69698,4,,,0,70,,69699,4,,,0,30,,69700,4,,,0,72,,69701,4,,,0,31,,69702,4,,,0,68,,69703,4,,,0,28,,69704,4,,,0,69,,69705,4,,,0,14,,69687,4,,,0,14,,69706,4,,,0,14,,69688,4,,,0,55,,69707,4,,,0,15,,69689,4,,,0,15,,69708,4,,,0,15,,69690,4,,,0,55,,69709,4,,,0,16,,69691,4,,,0,15,,69659,4,,,0,18,,69710,4,,,0,79,,69711,4,,,0
1000001,'2_4',717,,69720,4,,,0,14,,69723,4,,,0,15,,69724,4,,,0,54,,69725,4,,,0,14,,69726,4,,,0,16,,69727,4,,,0,14,,69728,4,,,0,15,,69729,4,,,0,70,,69754,4,,,0,71,,69755,4,,,0,31,,69756,4,,,0,72,,69757,4,,,0,32,,69758,4,,,0,71,,69759,4,,,0,33,,69760,4,,,0,70,,69761,4,,,0,30,,69762,4,,,0,72,,69763,4,,,0,31,,69764,4,,,0,68,,69765,4,,,0,28,,69766,4,,,0,69,,69767,4,,,0,14,,69749,4,,,0,14,,69768,4,,,0,14,,69750,4,,,0,55,,69769,4,,,0,15,,69751,4,,,0,15,,69770,4,,,0,15,,69752,4,,,0,55,,69771,4,,,0,16,,69753,4,,,0,15,,69721,4,,,0,18,,69772,4,,,0,79,,69773,4,,,0
1000001,'2_5',717,,69782,4,,,0,14,,69785,4,,,0,15,,69786,4,,,0,54,,69787,4,,,0,14,,69788,4,,,0,16,,69789,4,,,0,14,,69790,4,,,0,15,,69791,4,,,0,70,,69816,4,,,0,71,,69817,4,,,0,31,,69818,4,,,0,72,,69819,4,,,0,32,,69820,4,,,0,71,,69821,4,,,0,33,,69822,4,,,0,70,,69823,4,,,0,30,,69824,4,,,0,72,,69825,4,,,0,31,,69826,4,,,0,68,,69827,4,,,0,28,,69828,4,,,0,69,,69829,4,,,0,14,,69811,4,,,0,14,,69830,4,,,0,14,,69812,4,,,0,55,,69831,4,,,0,15,,69813,4,,,0,15,,69832,4,,,0,15,,69814,4,,,0,55,,69833,4,,,0,16,,69815,4,,,0,15,,69783,4,,,0,18,,69834,4,,,0,79,,69835,4,,,0
1000001,'3_1',717,,69844,4,,,0,14,,69847,4,,,0,15,,69848,4,,,0,54,,69849,4,,,0,14,,69850,4,,,0,16,,69851,4,,,0,14,,69852,4,,,0,15,,69853,4,,,0,70,,69878,4,,,0,71,,69879,4,,,0,31,,69880,4,,,0,72,,69881,4,,,0,32,,69882,4,,,0,71,,69883,4,,,0,33,,69884,4,,,0,70,,69885,4,,,0,30,,69886,4,,,0,72,,69887,4,,,0,31,,69888,4,,,0,68,,69889,4,,,0,28,,69890,4,,,0,69,,69891,4,,,0,14,,69873,4,,,0,14,,69892,4,,,0,14,,69874,4,,,0,55,,69893,4,,,0,15,,69875,4,,,0,15,,69894,4,,,0,15,,69876,4,,,0,55,,69895,4,,,0,16,,69877,4,,,0,15,,69845,4,,,0,18,,69896,4,,,0,79,,69897,4,,,0
1000001,'3_3',717,,69906,4,,,0,14,,69909,4,,,0,15,,69910,4,,,0,54,,69911,4,,,0,14,,69912,4,,,0,16,,69913,4,,,0,14,,69914,4,,,0,15,,69915,4,,,0,70,,69940,4,,,0,71,,69941,4,,,0,31,,69942,4,,,0,72,,69943,4,,,0,32,,69944,4,,,0,71,,69945,4,,,0,33,,69946,4,,,0,70,,69947,4,,,0,30,,69948,4,,,0,72,,69949,4,,,0,31,,69950,4,,,0,68,,69951,4,,,0,28,,69952,4,,,0,69,,69953,4,,,0,14,,69935,4,,,0,14,,69954,4,,,0,14,,69936,4,,,0,55,,69955,4,,,0,15,,69937,4,,,0,15,,69956,4,,,0,15,,69938,4,,,0,55,,69957,4,,,0,16,,69939,4,,,0,15,,69907,4,,,0,18,,69958,4,,,0,79,,69959,4,,,0
1000001,'3_4',717,,69968,4,,,0,14,,69971,4,,,0,15,,69972,4,,,0,54,,69973,4,,,0,14,,69974,4,,,0,16,,69975,4,,,0,14,,69976,4,,,0,15,,69977,4,,,0,70,,70002,4,,,0,71,,70003,4,,,0,31,,70004,4,,,0,72,,70005,4,,,0,32,,70006,4,,,0,71,,70007,4,,,0,33,,70008,4,,,0,70,,70009,4,,,0,30,,70010,4,,,0,72,,70011,4,,,0,31,,70012,4,,,0,68,,70013,4,,,0,28,,70014,4,,,0,69,,70015,4,,,0,14,,69997,4,,,0,14,,70016,4,,,0,14,,69998,4,,,0,55,,70017,4,,,0,15,,69999,4,,,0,15,,70018,4,,,0,15,,70000,4,,,0,55,,70019,4,,,0,16,,70001,4,,,0,15,,69969,4,,,0,18,,70020,4,,,0,79,,70021,4,,,0
1000001,'3_5',717,,70030,4,,,0,14,,70033,4,,,0,15,,70034,4,,,0,54,,70035,4,,,0,14,,70036,4,,,0,16,,70037,4,,,0,14,,70038,4,,,0,15,,70039,4,,,0,70,,70064,4,,,0,71,,70065,4,,,0,31,,70066,4,,,0,72,,70067,4,,,0,32,,70068,4,,,0,71,,70069,4,,,0,33,,70070,4,,,0,70,,70071,4,,,0,30,,70072,4,,,0,72,,70073,4,,,0,31,,70074,4,,,0,68,,70075,4,,,0,28,,70076,4,,,0,69,,70077,4,,,0,14,,70059,4,,,0,14,,70078,4,,,0,14,,70060,4,,,0,55,,70079,4,,,0,15,,70061,4,,,0,15,,70080,4,,,0,15,,70062,4,,,0,55,,70081,4,,,0,16,,70063,4,,,0,15,,70031,4,,,0,18,,70082,4,,,0,79,,70083,4,,,0
