1000,'S2-0_6',559,,57134,6,,,0,143,,57135,6,,,0,54,,57136,6,,,0,101,,57144,6,,,0,83,,57147,7,,,0,117,,57137,6,,,0,148,,57148,7,,,0,97,,57138,6,,,0,55,,57149,7,,,0,95,,57145,6,,,0,98,,57139,6,,,0,73,,57140,7,,,0,116,,57142,6,,,0,92,,57146,6,,,0,103,,57143,7,,,0,102,,57141,6,,,0
1000,'S2-1_7',1050,,57150,7,,,0,360,,57151,7,,,0,409,,57152,7,,,0,307,,57153,6,,,0
1000,'S2-2_1',616,,57154,6,,,0,97,,57155,6,,,0,120,,57156,6,0,18 30,0,89,,57157,7,,,0,102,,57162,6,0,18 30,0,97,,57158,7,0,18 30,0,112,,57163,6,0,18 30,0,105,,57164,6,0,18 30,0,102,,57159,7,,,0,93,,57165,6,,,0,115,,57160,7,,,0,106,,57166,6,,,0,160,,57161,7,0,18 30,0
1000,'S2-2_2',616,,57167,6,,,0,97,,57168,6,,,0,120,,57169,6,0,18 30,0,89,,57170,7,,,0,102,,57175,6,0,18 30,0,97,,57171,7,0,18 30,0,112,,57176,6,0,18 30,0,105,,57177,6,0,18 30,0,102,,57172,7,,,0,93,,57178,6,,,0,115,,57173,7,,,0,106,,57179,6,,,0,160,,57174,7,0,18 30,0
1000,'S2-2_3',616,,57180,6,,,0,97,,57181,6,,,0,120,,57182,6,0,18 30,0,89,,57183,7,,,0,102,,57188,6,0,18 30,0,97,,57184,7,0,18 30,0,112,,57189,6,0,18 30,0,105,,57190,6,0,18 30,0,102,,57185,7,,,0,93,,57191,6,,,0,115,,57186,7,,,0,106,,57192,6,,,0,160,,57187,7,0,18 30,0
1000,'S2-2_4',616,,57193,6,,,0,97,,57194,6,,,0,120,,57195,6,0,18 30,0,89,,57196,7,,,0,102,,57201,6,0,18 30,0,97,,57197,7,0,18 30,0,112,,57202,6,0,18 30,0,105,,57203,6,0,18 30,0,102,,57198,7,,,0,93,,57204,6,,,0,115,,57199,7,,,0,106,,57205,6,,,0,160,,57200,7,0,18 30,0
1000,'S2-2_5',616,,57206,6,,,0,97,,57207,6,,,0,120,,57208,6,0,18 30,0,89,,57209,7,,,0,102,,57214,6,0,18 30,0,97,,57210,7,0,18 30,0,112,,57215,6,0,18 30,0,105,,57216,6,0,18 30,0,102,,57211,7,,,0,93,,57217,6,,,0,115,,57212,7,,,0,106,,57218,6,,,0,160,,57213,7,0,18 30,0
1000,'S2-3_1',616,,57219,6,,,0,97,,57220,6,,,0,120,,57221,6,0,18 30,0,89,,57222,7,,,0,102,,57227,6,0,18 30,0,97,,57223,7,0,18 30,0,112,,57228,6,0,18 30,0,105,,57229,6,0,18 30,0,102,,57224,7,,,0,93,,57230,6,,,0,115,,57225,7,,,0,106,,57231,6,,,0,160,,57226,7,0,18 30,0
1000,'S2-3_3',616,,57232,6,,,0,97,,57233,6,,,0,120,,57234,6,0,18 30,0,89,,57235,7,,,0,102,,57240,6,0,18 30,0,97,,57236,7,0,18 30,0,112,,57241,6,0,18 30,0,105,,57242,6,0,18 30,0,102,,57237,7,,,0,93,,57243,6,,,0,115,,57238,7,,,0,106,,57244,6,,,0,160,,57239,7,0,18 30,0
1000,'S2-3_4',616,,57245,6,,,0,97,,57246,6,,,0,120,,57247,6,0,18 30,0,89,,57248,7,,,0,102,,57253,6,0,18 30,0,97,,57249,7,0,18 30,0,112,,57254,6,0,18 30,0,105,,57255,6,0,18 30,0,102,,57250,7,,,0,93,,57256,6,,,0,115,,57251,7,,,0,106,,57257,6,,,0,160,,57252,7,0,18 30,0
1000,'S2-4_7',616,,57258,6,,,0,97,,57259,6,,,0,120,,57260,6,0,18 30,0,89,,57261,7,,,0,102,,57266,6,0,18 30,0,97,,57262,7,0,18 30,0,112,,57267,6,0,18 30,0,105,,57268,6,0,18 30,0,102,,57263,7,,,0,93,,57269,6,,,0,115,,57264,7,,,0,106,,57270,6,,,0,160,,57265,7,0,18 30,0
2901000,'S2-0_6',756,,60992,6,,,0,101,,60994,6,,,0,200,,60993,6,,,0,175,,60999,6,,,0,70,,60996,6,,,0,55,,60995,6,,,0,95,,60997,6,,,0,98,,60998,6,,,0,157,,61001,6,,,0,99,,61000,6,,,0
2901000,'S2-2_1',838,,61002,6,,,0,298,,61003,6,,,0,208,,61004,6,,,0,93,,61005,6,,,0,192,,61006,6,,,0,199,,61007,6,,,0,183,,61008,6,,,0
2901000,'S2-2_2',838,,61009,6,,,0,298,,61010,6,,,0,208,,61011,6,,,0,93,,61012,6,,,0,192,,61013,6,,,0,199,,61014,6,,,0,183,,61015,6,,,0
2901000,'S2-2_3',838,,61016,6,,,0,298,,61017,6,,,0,208,,61018,6,,,0,93,,61019,6,,,0,192,,61020,6,,,0,199,,61021,6,,,0,183,,61022,6,,,0
2901000,'S2-2_4',838,,61023,6,,,0,298,,61024,6,,,0,208,,61025,6,,,0,93,,61026,6,,,0,192,,61027,6,,,0,199,,61028,6,,,0,183,,61029,6,,,0
2901000,'S2-2_5',838,,61030,6,,,0,298,,61031,6,,,0,208,,61032,6,,,0,93,,61033,6,,,0,192,,61034,6,,,0,199,,61035,6,,,0,183,,61036,6,,,0
2901000,'S2-3_1',838,,61037,6,,,0,298,,61038,6,,,0,208,,61039,6,,,0,93,,61040,6,,,0,192,,61041,6,,,0,199,,61042,6,,,0,183,,61043,6,,,0
2901000,'S2-3_3',838,,61044,6,,,0,298,,61045,6,,,0,208,,61046,6,,,0,93,,61047,6,,,0,192,,61048,6,,,0,199,,61049,6,,,0,183,,61050,6,,,0
2901000,'S2-3_4',838,,61051,6,,,0,298,,61052,6,,,0,208,,61053,6,,,0,93,,61054,6,,,0,192,,61055,6,,,0,199,,61056,6,,,0,183,,61057,6,,,0
2901000,'S2-4_7',838,,61058,6,,,0,298,,61059,6,,,0,208,,61060,6,,,0,93,,61061,6,,,0,192,,61062,6,,,0,199,,61063,6,,,0,183,,61064,6,,,0
