401,'2509-HIV-25j05H-d-Dimanche-00',914,,9799,0,20 35,0,100,,9800,0,20 35,0,100,,9801,0,20 35,0,100,,9802,0,20 35,0,100,,9803,0,20 35,0,100,,9804,0,20 35,0,100,,9805,0,20 35,0,100,,9806,0,20 35,0,100,,9807,0,20 35,0,100,,9808,0,20 35,0
401,'2509-HIV-25j26H-d-Dimanche-00',914,,9813,0,20 35,0,100,,9814,0,20 35,0,100,,9815,0,20 35,0,100,,9816,0,20 35,0,100,,9817,0,20 35,0,100,,9818,0,20 35,0,100,,9819,0,20 35,0,100,,9820,0,20 35,0,100,,9821,0,20 35,0,100,,9822,0,20 35,0
401,'2509-HIV-25k03H-s-Samedi-00',700,,9827,,,0,116,,9834,0,20 35,0,34,,9828,,,0,69,,9835,0,20 35,0,32,,9836,0,20 35,0,67,,9837,0,20 35,0,32,,9829,,,0,69,,9838,0,20 35,0,31,,9839,0,20 35,0,71,,9840,0,20 35,0,30,,9830,,,0,69,,9841,0,20 35,0,29,,9842,0,20 35,0,71,,9843,0,20 35,0,31,,9831,,,0,68,,9844,0,20 35,0,32,,9845,0,20 35,0,73,,9846,0,20 35,0,31,,9832,,,0,71,,9847,0,20 35,0,33,,9848,0,20 35,0,72,,9849,0,20 35,0,71,,9850,0,20 35,0,30,,9833,,,0
401,'2509-HIV-25l22Vlv-Semaine-00',703,,9866,0,20 35,0,12,,9852,0,20 35,0,12,,9867,0,20 35,0,18,,9853,0,20 35,0,12,,9873,,,0,62,,9854,0,20 35,0,16,,9855,0,20 35,0,81,,9856,0,20 35,0,31,,9857,0,20 35,0,75,,9858,0,20 35,0,33,,9875,,,0,71,,9859,0,20 35,0,28,,9860,0,20 35,0,57,,9874,,,0,34,,9871,0,20 35,0,70,,9876,,,0,30,,9851,0,20 35,0,80,,9861,0,20 35,0,30,,9877,,,0,65,,9862,0,20 35,0,29,,9863,,,0,65,,9872,0,20 35,0,26,,9868,0,20 35,0,68,,9869,,,0,41,,9864,0,20 35,0,63,,9870,0,20 35,0,34,,9865,0,20 35,0,71,,9878,,,0
401,'2509-HIV-26a05H-s-Samedi-00',700,,9879,,,0,116,,9886,0,20 35,0,34,,9880,,,0,69,,9887,0,20 35,0,32,,9888,0,20 35,0,67,,9889,0,20 35,0,32,,9881,,,0,69,,9890,0,20 35,0,31,,9891,0,20 35,0,71,,9892,0,20 35,0,30,,9882,,,0,69,,9893,0,20 35,0,29,,9894,0,20 35,0,71,,9895,0,20 35,0,31,,9883,,,0,68,,9896,0,20 35,0,32,,9897,0,20 35,0,73,,9898,0,20 35,0,31,,9884,,,0,71,,9899,0,20 35,0,33,,9900,0,20 35,0,72,,9901,0,20 35,0,71,,9902,0,20 35,0,30,,9885,,,0
401,'2509-HIV-26a05H-w-Mercredi-00',700,,9920,0,20 35,0,14,,9904,0,20 35,0,8,,9921,0,20 35,0,22,,9905,0,20 35,0,12,,9928,,,0,66,,9906,0,20 35,0,11,,9907,0,20 35,0,77,,9908,0,20 35,0,35,,9909,0,20 35,0,75,,9910,0,20 35,0,35,,9930,,,0,71,,9911,0,20 35,0,28,,9912,0,20 35,0,57,,9929,,,0,33,,9925,0,20 35,0,71,,9931,,,0,34,,9903,0,20 35,0,77,,9913,0,20 35,0,30,,9932,,,0,66,,9914,0,20 35,0,28,,9915,0,20 35,0,55,,9916,0,20 35,0,14,,9926,0,20 35,0,14,,9922,0,20 35,0,23,,9917,0,20 35,0,48,,9923,0,20 35,0,16,,9927,,,0,33,,9918,0,20 35,0,55,,9924,0,20 35,0,45,,9919,0,20 35,0,66,,9933,,,0
401,'2509-HIV-26a05Hlv-L-Ma-J-V-00',700,,9951,0,20 35,0,14,,9935,0,20 35,0,8,,9952,0,20 35,0,22,,9936,0,20 35,0,12,,9959,,,0,66,,9937,0,20 35,0,11,,9938,0,20 35,0,77,,9939,0,20 35,0,35,,9940,0,20 35,0,75,,9941,0,20 35,0,35,,9961,,,0,71,,9942,0,20 35,0,28,,9943,0,20 35,0,57,,9960,,,0,33,,9956,0,20 35,0,71,,9962,,,0,34,,9934,0,20 35,0,77,,9944,0,20 35,0,30,,9963,,,0,66,,9945,0,20 35,0,28,,9946,0,20 35,0,55,,9947,0,20 35,0,14,,9957,0,20 35,0,14,,9953,0,20 35,0,23,,9948,0,20 35,0,48,,9954,0,20 35,0,16,,9958,,,0,33,,9949,0,20 35,0,55,,9955,0,20 35,0,45,,9950,0,20 35,0,66,,9964,,,0
401,'2509-HIV-26b23Vlv-Semaine-00',703,,9980,0,20 35,0,12,,9966,0,20 35,0,12,,9981,0,20 35,0,18,,9967,0,20 35,0,12,,9987,,,0,62,,9968,0,20 35,0,16,,9969,0,20 35,0,81,,9970,0,20 35,0,31,,9971,0,20 35,0,75,,9972,0,20 35,0,33,,9989,,,0,71,,9973,0,20 35,0,28,,9974,0,20 35,0,57,,9988,,,0,34,,9985,0,20 35,0,70,,9990,,,0,30,,9965,0,20 35,0,80,,9975,0,20 35,0,30,,9991,,,0,65,,9976,0,20 35,0,29,,9977,,,0,65,,9986,0,20 35,0,26,,9982,0,20 35,0,68,,9983,,,0,41,,9978,0,20 35,0,63,,9984,0,20 35,0,34,,9979,0,20 35,0,71,,9992,,,0
401,'2509-HIV-26c02Vlv-Semaine-00',703,,10008,0,20 35,0,12,,9994,0,20 35,0,12,,10009,0,20 35,0,18,,9995,0,20 35,0,12,,10015,,,0,62,,9996,0,20 35,0,16,,9997,0,20 35,0,81,,9998,0,20 35,0,31,,9999,0,20 35,0,75,,10000,0,20 35,0,33,,10017,,,0,71,,10001,0,20 35,0,28,,10002,0,20 35,0,57,,10016,,,0,34,,10013,0,20 35,0,70,,10018,,,0,30,,9993,0,20 35,0,80,,10003,0,20 35,0,30,,10019,,,0,65,,10004,0,20 35,0,29,,10005,,,0,65,,10014,0,20 35,0,26,,10010,0,20 35,0,68,,10011,,,0,41,,10006,0,20 35,0,63,,10012,0,20 35,0,34,,10007,0,20 35,0,71,,10020,,,0
2301,'2509-HIV-26a05H-w-Mercredi-00',701,,11783,,,0,22,,11782,,,0,1,,11781,,,0
2301,'2509-HIV-26a05Hlv-L-Ma-J-V-00',701,,11786,,,0,22,,11785,,,0,1,,11784,,,0
29000401,'2509-HIV-26a05H-w-Mercredi-00',703,,16086,,,0,125,,16087,,,0
29000401,'2509-HIV-26a05Hlv-L-Ma-J-V-00',703,,16088,,,0,125,,16089,,,0
