1001,'S2-0_6',754,,57271,32,0,61 65,0,102,,57281,35,,,0,152,,57272,35,0,61 65,0,112,,57282,38,,,0,182,,57283,38,,,0,48,,57278,38,0,61 65,0,91,,57273,35,0,61 65,0,101,,57284,38,,,0,105,,57274,35,0,61 65,0,95,,57275,35,0,61 65,0,108,,57285,35,,,0,96,,57279,38,0,61 65,0,111,,57280,38,0,61 65,0,85,,57276,35,0,61 65,0,100,,57277,35,0,61 65,0
1001,'S2-1_7',1010,,57286,34,,,0,321,,57287,34,,,0,407,,57288,34,,,0,310,,57289,34,0,61 65,0
1001,'S2-2_1',840,,57290,34,,,0,113,,57291,37,0,61 65,0,94,,57297,32,,,0,157,,57292,37,0,61 65,0,96,,57298,32,0,61 65,0,59,,57295,35,,,0,145,,57299,34,0,61 65,0,54,,57296,35,,,0,164,,57300,34,0,61 65,0,120,,57301,34,,,0,98,,57293,37,0,61 65,0,99,,57294,37,0,61 65,0
1001,'S2-2_2',840,,57302,34,,,0,113,,57303,37,0,61 65,0,94,,57309,32,,,0,157,,57304,37,0,61 65,0,96,,57310,32,0,61 65,0,59,,57307,35,,,0,145,,57311,34,0,61 65,0,54,,57308,35,,,0,164,,57312,34,0,61 65,0,120,,57313,34,,,0,98,,57305,37,0,61 65,0,99,,57306,37,0,61 65,0
1001,'S2-2_3',840,,57314,34,,,0,113,,57315,37,0,61 65,0,94,,57321,32,,,0,157,,57316,37,0,61 65,0,96,,57322,32,0,61 65,0,59,,57319,35,,,0,145,,57323,34,0,61 65,0,54,,57320,35,,,0,164,,57324,34,0,61 65,0,120,,57325,34,,,0,98,,57317,37,0,61 65,0,99,,57318,37,0,61 65,0
1001,'S2-2_4',840,,57326,34,,,0,113,,57327,37,0,61 65,0,94,,57333,32,,,0,157,,57328,37,0,61 65,0,96,,57334,32,0,61 65,0,59,,57331,35,,,0,145,,57335,34,0,61 65,0,54,,57332,35,,,0,164,,57336,34,0,61 65,0,120,,57337,34,,,0,98,,57329,37,0,61 65,0,99,,57330,37,0,61 65,0
1001,'S2-2_5',840,,57338,34,,,0,113,,57339,37,0,61 65,0,94,,57345,32,,,0,157,,57340,37,0,61 65,0,96,,57346,32,0,61 65,0,59,,57343,35,,,0,145,,57347,34,0,61 65,0,54,,57344,35,,,0,164,,57348,34,0,61 65,0,120,,57349,34,,,0,98,,57341,37,0,61 65,0,99,,57342,37,0,61 65,0
1001,'S2-3_1',840,,57350,34,,,0,113,,57351,37,0,61 65,0,94,,57357,32,,,0,157,,57352,37,0,61 65,0,96,,57358,32,0,61 65,0,59,,57355,35,,,0,145,,57359,34,0,61 65,0,54,,57356,35,,,0,164,,57360,34,0,61 65,0,120,,57361,34,,,0,98,,57353,37,0,61 65,0,99,,57354,37,0,61 65,0
1001,'S2-3_3',840,,57362,34,,,0,113,,57363,37,0,61 65,0,94,,57369,32,,,0,157,,57364,37,0,61 65,0,96,,57370,32,0,61 65,0,59,,57367,35,,,0,145,,57371,34,0,61 65,0,54,,57368,35,,,0,164,,57372,34,0,61 65,0,120,,57373,34,,,0,98,,57365,37,0,61 65,0,99,,57366,37,0,61 65,0
1001,'S2-3_4',840,,57374,34,,,0,113,,57375,37,0,61 65,0,94,,57381,32,,,0,157,,57376,37,0,61 65,0,96,,57382,32,0,61 65,0,59,,57379,35,,,0,145,,57383,34,0,61 65,0,54,,57380,35,,,0,164,,57384,34,0,61 65,0,120,,57385,34,,,0,98,,57377,37,0,61 65,0,99,,57378,37,0,61 65,0
1001,'S2-4_7',840,,57386,34,,,0,113,,57387,37,0,61 65,0,94,,57393,32,,,0,157,,57388,37,0,61 65,0,96,,57394,32,0,61 65,0,59,,57391,35,,,0,145,,57395,34,0,61 65,0,54,,57392,35,,,0,164,,57396,34,0,61 65,0,120,,57397,34,,,0,98,,57389,37,0,61 65,0,99,,57390,37,0,61 65,0
