701,'2509-HIV-25k03H-s-Samedi-00',701,,10538,,,0,110,,10539,,,0,109,,10540,,,0,110,,10541,,,0,112,,10542,,,0,109,,10543,,,0,149,,10544,,,0,111,,10545,,,0,110,,10546,,,0,110,,10536,,,0,111,,10537,,,0
701,'2509-HIV-25l22Vlv-Semaine-00',658,,10547,,,0,153,,10548,,,0,109,,10549,,,0,110,,10550,,,0,111,,10551,,,0,110,,10552,,,0,108,,10553,,,0,148,,10554,,,0,110,,10555,,,0,110,,10556,,,0,114,,10557,,,0
701,'2509-HIV-26a05H-s-Samedi-00',701,,10560,,,0,110,,10561,,,0,109,,10562,,,0,110,,10563,,,0,112,,10564,,,0,109,,10565,,,0,149,,10566,,,0,111,,10567,,,0,110,,10568,,,0,110,,10558,,,0,111,,10559,,,0
701,'2509-HIV-26a05H-w-Mercredi-00',658,,10569,,,0,153,,10570,,,0,109,,10571,,,0,110,,10572,,,0,111,,10573,,,0,110,,10574,,,0,108,,10575,,,0,148,,10576,,,0,110,,10577,,,0,110,,10578,,,0,114,,10579,,,0
701,'2509-HIV-26a05Hlv-L-Ma-J-V-00',658,,10580,,,0,153,,10581,,,0,109,,10582,,,0,110,,10583,,,0,111,,10584,,,0,110,,10585,,,0,108,,10586,,,0,148,,10587,,,0,110,,10588,,,0,110,,10589,,,0,114,,10590,,,0
701,'2509-HIV-26b23Vlv-Semaine-00',658,,10591,,,0,153,,10592,,,0,109,,10593,,,0,110,,10594,,,0,111,,10595,,,0,110,,10596,,,0,108,,10597,,,0,148,,10598,,,0,110,,10599,,,0,110,,10600,,,0,114,,10601,,,0
701,'2509-HIV-26c02Vlv-Semaine-00',658,,10602,,,0,153,,10603,,,0,109,,10604,,,0,110,,10605,,,0,111,,10606,,,0,110,,10607,,,0,108,,10608,,,0,148,,10609,,,0,110,,10610,,,0,110,,10611,,,0,114,,10612,,,0
2401,'2509-HIV-26a05H-w-Mercredi-00',722,,11793,0,26 27,0
2401,'2509-HIV-26a05Hlv-L-Ma-J-V-00',722,,11795,0,26 27,0
900500,'2509-HIV-26a05Hlv-L-Ma-J-V-00-0001000',2127,,12387,,,0,90,,12388,,,0,90,,12389,,,0,50,,12390,,,0,88,,12391,,,0
900500,'2509-HIV-26b23Vlv-Semaine-00-0001000',2127,,12395,,,0,90,,12396,,,0,90,,12397,,,0,50,,12398,,,0,88,,12399,,,0
