100,'0_6',731,,62779,36,0,61 8,0,109,,62791,36,0,61 8,0,95,,62780,36,0,61 8,0,70,,62792,36,0,61 8,0,30,,62781,36,0,61 8,0,72,,62793,36,0,61 8,0,30,,62782,36,0,61 8,0,69,,62794,36,0,61 8,0,31,,62783,36,0,61 8,0,68,,62795,36,0,61 8,0,30,,62784,36,0,61 8,0,70,,62796,36,0,61 8,0,30,,62785,36,0,61 8,0,71,,62797,36,0,61 8,0,29,,62786,36,0,61 8,0,72,,62798,36,0,61 8,0,31,,62787,36,0,61 8,0,72,,62799,36,0,61 8,0,32,,62788,36,0,61 8,0,68,,62800,36,0,61 8,0,29,,62789,36,0,61 8,0,71,,62801,36,0,61 8,0,28,,62790,36,0,61 8,0
100,'1_7',935,,62802,36,0,61 8,0,104,,62807,36,0,61 8,0,106,,62803,36,0,61 8,0,104,,62808,36,0,61 8,0,90,,62804,36,0,61 8,0,100,,62809,36,0,61 8,0,106,,62805,36,0,61 8,0,105,,62810,36,0,61 8,0,104,,62806,36,0,61 8,0,105,,62811,36,0,61 8,0
100,'2_1',731,,62812,36,0,61 8,0,69,,62813,36,,,0,35,,62815,36,0,61 8,0,65,,62816,36,0,61 8,0,30,,62814,36,0,61 8,0,29,,62817,36,0,61 8,0,75,,62818,36,0,61 8,0,70,,62821,36,0,61 8,0,31,,62819,36,0,61 8,0,72,,62820,36,0,61 8,0,32,,62823,36,,,0,70,,62822,36,0,61 8,0,30,,62824,36,,,0,70,,62825,36,0,61 8,0,30,,62827,36,0,61 8,0,70,,62826,36,0,61 8,0,30,,62831,36,0,61 8,0,71,,62830,36,0,61 8,0,31,,62832,36,,,0,75,,62828,36,0,61 8,0,29,,62833,36,,,0,70,,62829,36,0,61 8,0,29,,62834,36,,,0,70,,62835,36,0,61 8,0,29,,62836,36,,,0
100,'2_2',731,,62837,36,0,61 8,0,69,,62838,36,,,0,35,,62840,36,0,61 8,0,65,,62841,36,0,61 8,0,30,,62839,36,0,61 8,0,29,,62842,36,0,61 8,0,75,,62843,36,0,61 8,0,70,,62846,36,0,61 8,0,31,,62844,36,0,61 8,0,72,,62845,36,0,61 8,0,32,,62848,36,,,0,70,,62847,36,0,61 8,0,30,,62849,36,,,0,70,,62850,36,0,61 8,0,30,,62852,36,0,61 8,0,70,,62851,36,0,61 8,0,30,,62856,36,0,61 8,0,71,,62855,36,0,61 8,0,31,,62857,36,,,0,75,,62853,36,0,61 8,0,29,,62858,36,,,0,70,,62854,36,0,61 8,0,29,,62859,36,,,0,70,,62860,36,0,61 8,0,29,,62861,36,,,0
100,'2_3',731,,62862,36,0,61 8,0,69,,62863,36,,,0,35,,62865,36,0,61 8,0,65,,62866,36,0,61 8,0,30,,62864,36,0,61 8,0,29,,62867,36,0,61 8,0,75,,62868,36,0,61 8,0,70,,62871,36,0,61 8,0,31,,62869,36,0,61 8,0,72,,62870,36,0,61 8,0,32,,62873,36,,,0,70,,62872,36,0,61 8,0,30,,62874,36,,,0,70,,62875,36,0,61 8,0,30,,62877,36,0,61 8,0,70,,62876,36,0,61 8,0,30,,62881,36,0,61 8,0,71,,62880,36,0,61 8,0,31,,62882,36,,,0,75,,62878,36,0,61 8,0,29,,62883,36,,,0,70,,62879,36,0,61 8,0,29,,62884,36,,,0,70,,62885,36,0,61 8,0,29,,62886,36,,,0
100,'2_4',731,,62887,36,0,61 8,0,69,,62888,36,,,0,35,,62890,36,0,61 8,0,65,,62891,36,0,61 8,0,30,,62889,36,0,61 8,0,29,,62892,36,0,61 8,0,75,,62893,36,0,61 8,0,70,,62896,36,0,61 8,0,31,,62894,36,0,61 8,0,72,,62895,36,0,61 8,0,32,,62898,36,,,0,70,,62897,36,0,61 8,0,30,,62899,36,,,0,70,,62900,36,0,61 8,0,30,,62902,36,0,61 8,0,70,,62901,36,0,61 8,0,30,,62906,36,0,61 8,0,71,,62905,36,0,61 8,0,31,,62907,36,,,0,75,,62903,36,0,61 8,0,29,,62908,36,,,0,70,,62904,36,0,61 8,0,29,,62909,36,,,0,70,,62910,36,0,61 8,0,29,,62911,36,,,0
100,'2_5',731,,62912,36,0,61 8,0,69,,62913,36,,,0,35,,62915,36,0,61 8,0,65,,62916,36,0,61 8,0,30,,62914,36,0,61 8,0,29,,62917,36,0,61 8,0,75,,62918,36,0,61 8,0,70,,62921,36,0,61 8,0,31,,62919,36,0,61 8,0,72,,62920,36,0,61 8,0,32,,62923,36,,,0,70,,62922,36,0,61 8,0,30,,62924,36,,,0,70,,62925,36,0,61 8,0,30,,62927,36,0,61 8,0,70,,62926,36,0,61 8,0,30,,62931,36,0,61 8,0,71,,62930,36,0,61 8,0,31,,62932,36,,,0,75,,62928,36,0,61 8,0,29,,62933,36,,,0,70,,62929,36,0,61 8,0,29,,62934,36,,,0,70,,62935,36,0,61 8,0,29,,62936,36,,,0
100,'3_1',731,,62937,36,0,61 8,0,69,,62938,36,,,0,35,,62940,36,0,61 8,0,65,,62941,36,0,61 8,0,30,,62939,36,0,61 8,0,29,,62942,36,0,61 8,0,75,,62943,36,0,61 8,0,70,,62946,36,0,61 8,0,31,,62944,36,0,61 8,0,72,,62945,36,0,61 8,0,32,,62948,36,,,0,70,,62947,36,0,61 8,0,30,,62949,36,,,0,70,,62950,36,0,61 8,0,30,,62952,36,0,61 8,0,70,,62951,36,0,61 8,0,30,,62956,36,0,61 8,0,71,,62955,36,0,61 8,0,31,,62957,36,,,0,75,,62953,36,0,61 8,0,29,,62958,36,,,0,70,,62954,36,0,61 8,0,29,,62959,36,,,0,70,,62960,36,0,61 8,0,29,,62961,36,,,0
100,'3_3',731,,62962,36,0,61 8,0,69,,62963,36,,,0,35,,62965,36,0,61 8,0,65,,62966,36,0,61 8,0,30,,62964,36,0,61 8,0,29,,62967,36,0,61 8,0,75,,62968,36,0,61 8,0,70,,62971,36,0,61 8,0,31,,62969,36,0,61 8,0,72,,62970,36,0,61 8,0,32,,62973,36,,,0,70,,62972,36,0,61 8,0,30,,62974,36,,,0,70,,62975,36,0,61 8,0,30,,62977,36,0,61 8,0,70,,62976,36,0,61 8,0,30,,62981,36,0,61 8,0,71,,62980,36,0,61 8,0,31,,62982,36,,,0,75,,62978,36,0,61 8,0,29,,62983,36,,,0,70,,62979,36,0,61 8,0,29,,62984,36,,,0,70,,62985,36,0,61 8,0,29,,62986,36,,,0
100,'3_4',731,,62987,36,0,61 8,0,69,,62988,36,,,0,35,,62990,36,0,61 8,0,65,,62991,36,0,61 8,0,30,,62989,36,0,61 8,0,29,,62992,36,0,61 8,0,75,,62993,36,0,61 8,0,70,,62996,36,0,61 8,0,31,,62994,36,0,61 8,0,72,,62995,36,0,61 8,0,32,,62998,36,,,0,70,,62997,36,0,61 8,0,30,,62999,36,,,0,70,,63000,36,0,61 8,0,30,,63002,36,0,61 8,0,70,,63001,36,0,61 8,0,30,,63006,36,0,61 8,0,71,,63005,36,0,61 8,0,31,,63007,36,,,0,75,,63003,36,0,61 8,0,29,,63008,36,,,0,70,,63004,36,0,61 8,0,29,,63009,36,,,0,70,,63010,36,0,61 8,0,29,,63011,36,,,0
100,'3_5',731,,63012,36,0,61 8,0,69,,63013,36,,,0,35,,63015,36,0,61 8,0,65,,63016,36,0,61 8,0,30,,63014,36,0,61 8,0,29,,63017,36,0,61 8,0,75,,63018,36,0,61 8,0,70,,63021,36,0,61 8,0,31,,63019,36,0,61 8,0,72,,63020,36,0,61 8,0,32,,63023,36,,,0,70,,63022,36,0,61 8,0,30,,63024,36,,,0,70,,63025,36,0,61 8,0,30,,63027,36,0,61 8,0,70,,63026,36,0,61 8,0,30,,63031,36,0,61 8,0,71,,63030,36,0,61 8,0,31,,63032,36,,,0,75,,63028,36,0,61 8,0,29,,63033,36,,,0,70,,63029,36,0,61 8,0,29,,63034,36,,,0,70,,63035,36,0,61 8,0,29,,63036,36,,,0
100,'4_7',935,,63037,36,0,61 8,0,104,,63042,36,0,61 8,0,106,,63038,36,0,61 8,0,104,,63043,36,0,61 8,0,90,,63039,36,0,61 8,0,100,,63044,36,0,61 8,0,106,,63040,36,0,61 8,0,105,,63045,36,0,61 8,0,104,,63041,36,0,61 8,0,105,,63046,36,0,61 8,0
