2200,'S2-5_1',655,,25423,1,0,11 15 16,0,60,,25429,1,0,17,0,102,,25424,1,0,11 15 16,0,513,,25426,1,0,42,0,305,,25427,1,0,42,0,23,,25425,1,0,11 15 16,0,77,,25428,1,0,42,0
2200,'S2-5_2',655,,25430,1,0,11 15 16,0,60,,25436,1,0,17,0,102,,25431,1,0,11 15 16,0,513,,25433,1,0,42,0,305,,25434,1,0,42,0,23,,25432,1,0,11 15 16,0,77,,25435,1,0,42,0
2200,'S2-5_4',655,,25437,1,0,11 15 16,0,60,,25443,1,0,17,0,102,,25438,1,0,11 15 16,0,513,,25440,1,0,42,0,305,,25441,1,0,42,0,23,,25439,1,0,11 15 16,0,77,,25442,1,0,42,0
2200,'S2-5_5',655,,25444,1,0,11 15 16,0,60,,25450,1,0,17,0,102,,25445,1,0,11 15 16,0,513,,25447,1,0,42,0,305,,25448,1,0,42,0,23,,25446,1,0,11 15 16,0,77,,25449,1,0,42,0
2200,'S2-6_3',655,,25451,1,0,11 15 16,0,60,,25455,1,0,17,0,102,,25452,1,0,11 15 16,0,513,,25454,1,0,42,0,328,,25453,1,0,11 15 16,0
2201,'S2-5_1',1310,,25456,18,4,,0,324,,25460,14,4,,0,22,,25457,18,4,,0,78,,25461,14,4,,0,80,,25458,18,4,,0,20,,25462,14,4,,0,81,,25459,18,4,,0
2201,'S2-5_2',1310,,25463,18,4,,0,324,,25467,14,4,,0,22,,25464,18,4,,0,78,,25468,14,4,,0,80,,25465,18,4,,0,20,,25469,14,4,,0,81,,25466,18,4,,0
2201,'S2-5_4',1310,,25470,18,4,,0,324,,25474,14,4,,0,22,,25471,18,4,,0,78,,25475,14,4,,0,80,,25472,18,4,,0,20,,25476,14,4,,0,81,,25473,18,4,,0
2201,'S2-5_5',1310,,25477,18,4,,0,324,,25481,14,4,,0,22,,25478,18,4,,0,78,,25482,14,4,,0,80,,25479,18,4,,0,20,,25483,14,4,,0,81,,25480,18,4,,0
2201,'S2-6_3',1235,,25488,14,4,,0,75,,25484,18,4,,0,346,,25485,18,4,,0,158,,25486,18,4,,0,101,,25487,18,4,,0
