1001,'0_6',744,,66890,29,0,61 65,0,102,,66900,32,,,0,112,,66891,32,0,61 65,0,152,,66901,35,,,0,142,,66902,35,,,0,88,,66897,35,0,61 65,0,91,,66892,32,0,61 65,0,101,,66903,35,,,0,105,,66893,32,0,61 65,0,95,,66894,32,0,61 65,0,108,,66904,32,,,0,96,,66898,35,0,61 65,0,111,,66899,35,0,61 65,0,85,,66895,32,0,61 65,0,100,,66896,32,0,61 65,0
1001,'1_7',1007,,66905,32,,,0,321,,66906,32,,,0,408,,66907,32,,,0,310,,66908,32,0,61 65,0
1001,'2_1',837,,66909,32,,,0,113,,66910,35,0,61 65,0,94,,66916,30,,,0,157,,66911,35,0,61 65,0,56,,66917,30,0,61 65,0,99,,66914,33,,,0,145,,66918,32,0,61 65,0,54,,66915,33,,,0,164,,66919,32,0,61 65,0,121,,66920,32,,,0,98,,66912,35,0,61 65,0,99,,66913,35,0,61 65,0
1001,'2_2',837,,66921,32,,,0,113,,66922,35,0,61 65,0,94,,66928,30,,,0,157,,66923,35,0,61 65,0,56,,66929,30,0,61 65,0,99,,66926,33,,,0,145,,66930,32,0,61 65,0,54,,66927,33,,,0,164,,66931,32,0,61 65,0,121,,66932,32,,,0,98,,66924,35,0,61 65,0,99,,66925,35,0,61 65,0
1001,'2_3',837,,66933,32,,,0,113,,66934,35,0,61 65,0,94,,66940,30,,,0,157,,66935,35,0,61 65,0,56,,66941,30,0,61 65,0,99,,66938,33,,,0,145,,66942,32,0,61 65,0,54,,66939,33,,,0,164,,66943,32,0,61 65,0,121,,66944,32,,,0,98,,66936,35,0,61 65,0,99,,66937,35,0,61 65,0
1001,'2_4',837,,66945,32,,,0,113,,66946,35,0,61 65,0,94,,66952,30,,,0,157,,66947,35,0,61 65,0,56,,66953,30,0,61 65,0,99,,66950,33,,,0,145,,66954,32,0,61 65,0,54,,66951,33,,,0,164,,66955,32,0,61 65,0,121,,66956,32,,,0,98,,66948,35,0,61 65,0,99,,66949,35,0,61 65,0
1001,'2_5',837,,66957,32,,,0,113,,66958,35,0,61 65,0,94,,66964,30,,,0,157,,66959,35,0,61 65,0,56,,66965,30,0,61 65,0,99,,66962,33,,,0,145,,66966,32,0,61 65,0,54,,66963,33,,,0,164,,66967,32,0,61 65,0,121,,66968,32,,,0,98,,66960,35,0,61 65,0,99,,66961,35,0,61 65,0
1001,'3_1',837,,66969,32,,,0,113,,66970,35,0,61 65,0,94,,66976,30,,,0,157,,66971,35,0,61 65,0,56,,66977,30,0,61 65,0,99,,66974,33,,,0,145,,66978,32,0,61 65,0,54,,66975,33,,,0,164,,66979,32,0,61 65,0,121,,66980,32,,,0,98,,66972,35,0,61 65,0,99,,66973,35,0,61 65,0
1001,'3_3',837,,66981,32,,,0,113,,66982,35,0,61 65,0,94,,66988,30,,,0,157,,66983,35,0,61 65,0,56,,66989,30,0,61 65,0,99,,66986,33,,,0,145,,66990,32,0,61 65,0,54,,66987,33,,,0,164,,66991,32,0,61 65,0,121,,66992,32,,,0,98,,66984,35,0,61 65,0,99,,66985,35,0,61 65,0
1001,'3_4',837,,66993,32,,,0,113,,66994,35,0,61 65,0,94,,67000,30,,,0,157,,66995,35,0,61 65,0,56,,67001,30,0,61 65,0,99,,66998,33,,,0,145,,67002,32,0,61 65,0,54,,66999,33,,,0,164,,67003,32,0,61 65,0,121,,67004,32,,,0,98,,66996,35,0,61 65,0,99,,66997,35,0,61 65,0
1001,'3_5',837,,67005,32,,,0,113,,67006,35,0,61 65,0,94,,67012,30,,,0,157,,67007,35,0,61 65,0,56,,67013,30,0,61 65,0,99,,67010,33,,,0,145,,67014,32,0,61 65,0,54,,67011,33,,,0,164,,67015,32,0,61 65,0,121,,67016,32,,,0,98,,67008,35,0,61 65,0,99,,67009,35,0,61 65,0
1001,'4_7',837,,67017,32,,,0,113,,67018,35,0,61 65,0,94,,67024,30,,,0,157,,67019,35,0,61 65,0,56,,67025,30,0,61 65,0,99,,67022,33,,,0,145,,67026,32,0,61 65,0,54,,67023,33,,,0,164,,67027,32,0,61 65,0,121,,67028,32,,,0,98,,67020,35,0,61 65,0,99,,67021,35,0,61 65,0
