100,'S2-0_6',653,,53556,4,0,61 8,0,202,,53557,4,0,61 8,0,99,,53558,4,0,61 8,0,102,,53559,4,0,61 8,0,100,,53560,4,0,61 8,0,100,,53561,4,0,61 8,0,99,,53562,4,0,61 8,0,100,,53563,4,0,61 8,0,101,,53564,4,0,61 8,0,144,,53565,4,0,61 8,0,59,,53566,4,0,61 8,0,141,,53567,4,0,61 8,0
100,'S2-1_7',1006,,53584,4,0,61 8,0,210,,53585,4,0,61 8,0,190,,53586,4,0,61 8,0,209,,53587,4,0,61 8,0,212,,53588,4,0,61 8,0
100,'S2-2_1',723,,53590,4,,,0,98,,53593,4,0,61 8,0,98,,53594,4,0,61 8,0,105,,53598,4,0,61 8,0,103,,53597,4,0,61 8,0,103,,53599,4,0,61 8,0,100,,53602,4,0,61 8,0,99,,53603,4,0,61 8,0,99,,53607,4,0,61 8,0,105,,53605,4,0,61 8,0,101,,53606,4,0,61 8,0,101,,53612,4,0,61 8,0
100,'S2-2_2',723,,53615,4,,,0,98,,53618,4,0,61 8,0,98,,53619,4,0,61 8,0,105,,53623,4,0,61 8,0,103,,53622,4,0,61 8,0,103,,53624,4,0,61 8,0,100,,53627,4,0,61 8,0,99,,53628,4,0,61 8,0,99,,53632,4,0,61 8,0,105,,53630,4,0,61 8,0,101,,53631,4,0,61 8,0,101,,53637,4,0,61 8,0
100,'S2-2_3',723,,53640,4,,,0,98,,53643,4,0,61 8,0,98,,53644,4,0,61 8,0,105,,53648,4,0,61 8,0,103,,53647,4,0,61 8,0,103,,53649,4,0,61 8,0,100,,53652,4,0,61 8,0,99,,53653,4,0,61 8,0,99,,53657,4,0,61 8,0,105,,53655,4,0,61 8,0,101,,53656,4,0,61 8,0,101,,53662,4,0,61 8,0
100,'S2-2_4',723,,53665,4,,,0,98,,53668,4,0,61 8,0,98,,53669,4,0,61 8,0,105,,53673,4,0,61 8,0,103,,53672,4,0,61 8,0,103,,53674,4,0,61 8,0,100,,53677,4,0,61 8,0,99,,53678,4,0,61 8,0,99,,53682,4,0,61 8,0,105,,53680,4,0,61 8,0,101,,53681,4,0,61 8,0,101,,53687,4,0,61 8,0
100,'S2-2_5',723,,53690,4,,,0,98,,53693,4,0,61 8,0,98,,53694,4,0,61 8,0,105,,53698,4,0,61 8,0,103,,53697,4,0,61 8,0,103,,53699,4,0,61 8,0,100,,53702,4,0,61 8,0,99,,53703,4,0,61 8,0,99,,53707,4,0,61 8,0,105,,53705,4,0,61 8,0,101,,53706,4,0,61 8,0,101,,53712,4,0,61 8,0
100,'S2-3_1',723,,53715,4,,,0,98,,53718,4,0,61 8,0,98,,53719,4,0,61 8,0,105,,53723,4,0,61 8,0,103,,53722,4,0,61 8,0,103,,53724,4,0,61 8,0,100,,53727,4,0,61 8,0,99,,53728,4,0,61 8,0,99,,53732,4,0,61 8,0,105,,53730,4,0,61 8,0,101,,53731,4,0,61 8,0,101,,53737,4,0,61 8,0
100,'S2-3_3',723,,53740,4,,,0,98,,53743,4,0,61 8,0,98,,53744,4,0,61 8,0,105,,53748,4,0,61 8,0,103,,53747,4,0,61 8,0,103,,53749,4,0,61 8,0,100,,53752,4,0,61 8,0,99,,53753,4,0,61 8,0,99,,53757,4,0,61 8,0,105,,53755,4,0,61 8,0,101,,53756,4,0,61 8,0,101,,53762,4,0,61 8,0
100,'S2-3_4',723,,53765,4,,,0,98,,53768,4,0,61 8,0,98,,53769,4,0,61 8,0,105,,53773,4,0,61 8,0,103,,53772,4,0,61 8,0,103,,53774,4,0,61 8,0,100,,53777,4,0,61 8,0,99,,53778,4,0,61 8,0,99,,53782,4,0,61 8,0,105,,53780,4,0,61 8,0,101,,53781,4,0,61 8,0,101,,53787,4,0,61 8,0
100,'S2-4_7',1006,,53794,4,0,61 8,0,210,,53795,4,0,61 8,0,190,,53796,4,0,61 8,0,209,,53797,4,0,61 8,0,212,,53798,4,0,61 8,0
2200,'S2-0_6',1021,,57883,11,,,0,120,,57884,11,,,0,171,,57885,11,,,0,216,,57886,11,,,0,183,,57887,11,,,0,127,,57888,11,,,0,165,,57889,11,,,0
2200,'S2-1_7',1351,,57890,11,,,0,160,,57891,11,,,0,120,,57892,11,,,0,120,,57893,11,,,0,159,,57894,11,,,0
2200,'S2-2_1',1021,,57895,11,,,0,120,,57896,11,,,0,171,,57897,11,,,0,216,,57898,11,,,0,183,,57899,11,,,0,127,,57900,11,,,0,165,,57901,11,,,0
2200,'S2-2_2',1021,,57902,11,,,0,120,,57903,11,,,0,171,,57904,11,,,0,216,,57905,11,,,0,183,,57906,11,,,0,127,,57907,11,,,0,165,,57908,11,,,0
2200,'S2-2_3',1021,,57909,11,,,0,120,,57910,11,,,0,171,,57911,11,,,0,216,,57912,11,,,0,183,,57913,11,,,0,127,,57914,11,,,0,165,,57915,11,,,0
2200,'S2-2_4',1021,,57916,11,,,0,120,,57917,11,,,0,171,,57918,11,,,0,216,,57919,11,,,0,183,,57920,11,,,0,127,,57921,11,,,0,165,,57922,11,,,0
2200,'S2-2_5',1021,,57923,11,,,0,120,,57924,11,,,0,171,,57925,11,,,0,216,,57926,11,,,0,183,,57927,11,,,0,127,,57928,11,,,0,165,,57929,11,,,0
2200,'S2-3_1',1021,,57930,11,,,0,120,,57931,11,,,0,171,,57932,11,,,0,216,,57933,11,,,0,183,,57934,11,,,0,127,,57935,11,,,0,165,,57936,11,,,0
2200,'S2-3_3',1021,,57937,11,,,0,120,,57938,11,,,0,171,,57939,11,,,0,216,,57940,11,,,0,183,,57941,11,,,0,127,,57942,11,,,0,165,,57943,11,,,0
2200,'S2-3_4',1021,,57944,11,,,0,120,,57945,11,,,0,171,,57946,11,,,0,216,,57947,11,,,0,183,,57948,11,,,0,127,,57949,11,,,0,165,,57950,11,,,0
2200,'S2-4_7',1351,,57951,11,,,0,160,,57952,11,,,0,120,,57953,11,,,0,120,,57954,11,,,0,159,,57955,11,,,0
