901,'1_3',808,,49268,22,0,26,0,26,,49269,22,0,27 63,0,103,,49274,22,0,23 24,0,95,,49278,7,0,23 24,0,98,,49275,22,0,23 24,0,106,,49270,22,0,27 63,0,181,,49276,22,0,23 24,0,112,,49277,22,0,23 24,0,109,,49271,22,0,27 63,0,102,,49272,22,0,27 63,0,95,,49273,22,0,27 63,0,124,,49283,22,,,0
901,'2_6',803,,32274,22,0,23 24,0,99,,32286,22,0,25,0,49,,32279,7,0,23 24,0,166,,32280,7,0,23 24,0,113,,32284,22,0,25,0,79,,32281,7,0,23 24,0,107,,32283,7,0,25,0,90,,32285,7,0,25,0,44,,32282,22,0,25,0,82,,32275,22,0,23 24,0,105,,32276,22,0,23 24,0,172,,32277,22,0,23 24,0,49,,32278,22,0,23 24,0
901,'7_1',808,,47097,22,0,26,0,26,,47098,22,0,27 63,0,103,,47103,22,0,23 24,0,95,,47107,7,0,23 24,0,98,,47104,22,0,23 24,0,106,,47099,22,0,27 63,0,181,,47105,22,0,23 24,0,112,,47106,22,0,23 24,0,109,,47100,22,0,27 63,0,102,,47101,22,0,27 63,0,95,,47102,22,0,27 63,0,124,,47112,22,,,0
901,'7_2',808,,49284,22,0,26,0,26,,49285,22,0,27 63,0,103,,49290,22,0,23 24,0,95,,49294,7,0,23 24,0,98,,49291,22,0,23 24,0,106,,49286,22,0,27 63,0,181,,49292,22,0,23 24,0,112,,49293,22,0,23 24,0,109,,49287,22,0,27 63,0,102,,49288,22,0,27 63,0,95,,49289,22,0,27 63,0,124,,49299,22,,,0
901,'7_4',808,,49300,22,0,26,0,26,,49301,22,0,27 63,0,103,,49306,22,0,23 24,0,95,,49310,7,0,23 24,0,98,,49307,22,0,23 24,0,106,,49302,22,0,27 63,0,181,,49308,22,0,23 24,0,112,,49309,22,0,23 24,0,109,,49303,22,0,27 63,0,102,,49304,22,0,27 63,0,95,,49305,22,0,27 63,0,124,,49315,22,,,0
901,'7_5',808,,52691,22,0,26,0,26,,52692,22,0,27 63,0,103,,52697,22,0,23 24,0,95,,52701,7,0,23 24,0,98,,52698,22,0,23 24,0,106,,52693,22,0,27 63,0,181,,52699,22,0,23 24,0,112,,52700,22,0,23 24,0,109,,52694,22,0,27 63,0,102,,52695,22,0,27 63,0,95,,52696,22,0,27 63,0,124,,52706,22,,,0
1601,'1_3',1058,,49542,7,,,0,149,,49545,7,,,0,139,,49543,7,,,0,105,,49546,7,,,0,360,,49544,7,,,0
1601,'2_6',1058,,32780,7,,,0,149,,32783,7,,,0,139,,32781,7,,,0,105,,32784,7,,,0,360,,32782,7,,,0
1601,'7_1',1058,,47191,7,,,0,149,,47194,7,,,0,139,,47192,7,,,0,105,,47195,7,,,0,360,,47193,7,,,0
1601,'7_2',1058,,49552,7,,,0,149,,49555,7,,,0,139,,49553,7,,,0,105,,49556,7,,,0,360,,49554,7,,,0
1601,'7_4',1058,,49562,7,,,0,149,,49565,7,,,0,139,,49563,7,,,0,105,,49566,7,,,0,360,,49564,7,,,0
1601,'7_5',1058,,52785,7,,,0,149,,52788,7,,,0,139,,52786,7,,,0,105,,52789,7,,,0,360,,52787,7,,,0
1901,'1_3',1227,,49683,18,,,0,20,,49685,2,,,0,63,,49684,22,,,0,338,,49680,7,,,0,110,,49681,7,,,0,99,,49682,7,,,0
1901,'7_1',1609,,47243,2,0,49,0,19,,47235,18,,,0,20,,47240,7,,,0,61,,47239,2,,,0,19,,47236,18,,,0,30,,47241,7,,,0,69,,47237,18,,,0,30,,47242,7,,,0
1901,'7_2',1609,,49694,2,0,49,0,19,,49686,18,,,0,20,,49691,7,,,0,61,,49690,2,,,0,19,,49687,18,,,0,30,,49692,7,,,0,69,,49688,18,,,0,30,,49693,7,,,0
1901,'7_4',1609,,49703,2,0,49,0,19,,49695,18,,,0,20,,49700,7,,,0,61,,49699,2,,,0,19,,49696,18,,,0,30,,49701,7,,,0,69,,49697,18,,,0,30,,49702,7,,,0
1901,'7_5',1609,,52837,2,0,49,0,19,,52829,18,,,0,20,,52834,7,,,0,61,,52833,2,,,0,19,,52830,18,,,0,30,,52835,7,,,0,69,,52831,18,,,0,30,,52836,7,,,0
2900901,'1_3',1745,,51273,5,,,0,100,,51274,5,,,0
2900901,'7_1',1745,,47842,5,,,0,100,,47843,5,,,0
2900901,'7_2',1745,,51275,5,,,0,100,,51276,5,,,0
2900901,'7_4',1745,,51277,5,,,0,100,,51278,5,,,0
2900901,'7_5',1745,,53365,5,,,0,100,,53366,5,,,0
