601,'S2-1_6',802,,24069,24,,,0,51,,24071,24,,,0,96,,24072,24,,,0,92,,24073,24,,,0,88,,24074,24,,,0,88,,24075,24,,,0,88,,24076,24,,,0,49,,24077,24,,,0,90,,24078,24,,,0,89,,24079,24,,,0,100,,24080,24,,,0,92,,24081,24,,,0,93,,24082,24,,,0,85,,24083,24,,,0,49,,24070,24,,,0
601,'S2-5_1',634,,24084,24,,,0,108,,24097,24,,,0,95,,24085,24,,,0,102,,24086,24,,,0,99,,24087,24,,,0,100,,24088,24,,,0,106,,24101,24,,,0,59,,24089,24,,,0,42,,24090,24,,,0,103,,24091,24,,,0,95,,24092,24,,,0,82,,24098,24,,,0,78,,24093,25,,,0,41,,24099,24,,,0,66,,24094,25,,,0,27,,24100,25,,,0,65,,24095,24,,,0,55,,24096,24,,,0
601,'S2-5_2',634,,24102,24,,,0,108,,24115,24,,,0,95,,24103,24,,,0,102,,24104,24,,,0,99,,24105,24,,,0,100,,24106,24,,,0,106,,24119,24,,,0,59,,24107,24,,,0,42,,24108,24,,,0,103,,24109,24,,,0,95,,24110,24,,,0,82,,24116,24,,,0,78,,24111,25,,,0,41,,24117,24,,,0,66,,24112,25,,,0,27,,24118,25,,,0,65,,24113,24,,,0,55,,24114,24,,,0
601,'S2-5_4',634,,24120,24,,,0,108,,24133,24,,,0,95,,24121,24,,,0,102,,24122,24,,,0,99,,24123,24,,,0,100,,24124,24,,,0,106,,24137,24,,,0,59,,24125,24,,,0,42,,24126,24,,,0,103,,24127,24,,,0,95,,24128,24,,,0,82,,24134,24,,,0,78,,24129,25,,,0,41,,24135,24,,,0,66,,24130,25,,,0,27,,24136,25,,,0,65,,24131,24,,,0,55,,24132,24,,,0
601,'S2-5_5',634,,24138,24,,,0,108,,24151,24,,,0,95,,24139,24,,,0,102,,24140,24,,,0,99,,24141,24,,,0,100,,24142,24,,,0,106,,24155,24,,,0,59,,24143,24,,,0,42,,24144,24,,,0,103,,24145,24,,,0,95,,24146,24,,,0,82,,24152,24,,,0,78,,24147,25,,,0,41,,24153,24,,,0,66,,24148,25,,,0,27,,24154,25,,,0,65,,24149,24,,,0,55,,24150,24,,,0
601,'S2-6_3',634,,24156,24,,,0,108,,24170,24,,,0,95,,24157,24,,,0,102,,24158,24,,,0,99,,24159,24,,,0,100,,24160,24,,,0,106,,24161,25,,,0,59,,24162,24,,,0,42,,24163,24,,,0,103,,24164,24,,,0,95,,24165,24,,,0,82,,24171,24,,,0,78,,24166,25,,,0,41,,24172,24,,,0,66,,24167,25,,,0,27,,24173,25,,,0,65,,24168,24,,,0,55,,24169,24,,,0
2900601,'S2-5_1',1753,,28369,6,,,0,95,,28370,6,,,0
2900601,'S2-5_2',1753,,28371,6,,,0,95,,28372,6,,,0
2900601,'S2-5_4',1753,,28373,6,,,0,95,,28374,6,,,0
2900601,'S2-5_5',1753,,28375,6,,,0,95,,28376,6,,,0
2900601,'S2-6_3',1753,,28377,6,,,0,95,,28378,6,,,0
