201,'0_6',717,,63681,21,0,20,0,5,,63705,21,0,62,0,25,,63693,9,0,21,0,70,,63682,21,0,21,0,25,,63694,9,0,62,0,65,,63706,21,0,20,0,25,,63683,21,0,20,0,20,,63695,9,0,21,0,55,,63707,21,0,62,0,31,,63684,21,0,20,0,19,,63696,9,0,21,0,60,,63708,21,0,64,0,25,,63685,21,0,20,0,62,,63697,9,0,62,0,23,,63709,21,0,20,0,25,,63686,21,0,21,0,58,,63698,9,0,62,0,20,,63710,21,0,20,0,25,,63687,21,0,21,0,57,,63699,9,0,62,0,25,,63711,21,0,20,0,65,,63688,21,0,62,0,18,,63700,9,0,21,0,22,,63712,21,0,20,0,62,,63689,21,0,62,0,16,,63701,9,0,21,0,24,,63713,21,0,20,0,65,,63690,21,0,21,0,18,,63702,9,0,62,0,20,,63714,21,0,20,0,65,,63691,21,0,21,0,20,,63703,9,0,20,0,20,,63715,21,0,62,0,60,,63692,21,0,21,0,15,,63704,9,0,62,0,15,,63716,21,0,21,0
201,'1_7',842,,63717,9,0,21,0,165,,63718,9,0,21,0,125,,63719,9,0,21,0,125,,63720,9,0,21,0,150,,63721,9,0,21,0,125,,63722,9,0,21,0,125,,63723,9,0,21,0,165,,63724,9,0,21,0
201,'3_1',717,,63905,21,0,20,0,5,,63929,21,0,62,0,25,,63917,9,0,21,0,70,,63906,21,0,21,0,25,,63918,9,0,62,0,65,,63930,21,0,20,0,25,,63907,21,0,20,0,20,,63919,9,0,21,0,55,,63931,21,0,62,0,31,,63908,21,0,20,0,19,,63920,9,0,21,0,60,,63932,21,0,64,0,25,,63909,21,0,20,0,62,,63921,9,0,62,0,23,,63933,21,0,20,0,25,,63910,21,0,21,0,58,,63922,9,0,62,0,20,,63934,21,0,20,0,25,,63911,21,0,21,0,57,,63923,9,0,62,0,25,,63935,21,0,20,0,65,,63912,21,0,62,0,18,,63924,9,0,21,0,22,,63936,21,0,20,0,62,,63913,21,0,62,0,16,,63925,9,0,21,0,24,,63937,21,0,20,0,65,,63914,21,0,21,0,18,,63926,9,0,62,0,20,,63938,21,0,20,0,65,,63915,21,0,21,0,20,,63927,9,0,20,0,20,,63939,21,0,62,0,60,,63916,21,0,21,0,15,,63928,9,0,62,0,15,,63940,21,0,21,0
201,'3_2',717,,73098,21,0,20,0,5,,73122,21,0,62,0,25,,73110,9,0,21,0,70,,73099,21,0,21,0,25,,73111,9,0,62,0,65,,73123,21,0,20,0,25,,73100,21,0,20,0,20,,73112,9,0,21,0,55,,73124,21,0,62,0,31,,73101,21,0,20,0,19,,73113,9,0,21,0,60,,73125,21,0,64,0,25,,73102,21,0,20,0,62,,73114,9,0,62,0,23,,73126,21,0,20,0,25,,73103,21,0,21,0,58,,73115,9,0,62,0,20,,73127,21,0,20,0,25,,73104,21,0,21,0,57,,73116,9,0,62,0,25,,73128,21,0,20,0,65,,73105,21,0,62,0,18,,73117,9,0,21,0,22,,73129,21,0,20,0,62,,73106,21,0,62,0,16,,73118,9,0,21,0,24,,73130,21,0,20,0,65,,73107,21,0,21,0,18,,73119,9,0,62,0,20,,73131,21,0,20,0,65,,73108,21,0,21,0,20,,73120,9,0,20,0,20,,73132,21,0,62,0,60,,73109,21,0,21,0,15,,73121,9,0,62,0,15,,73133,21,0,21,0
201,'3_3',717,,63941,21,0,20,0,5,,63965,21,0,62,0,25,,63953,9,0,21,0,70,,63942,21,0,21,0,25,,63954,9,0,62,0,65,,63966,21,0,20,0,25,,63943,21,0,20,0,20,,63955,9,0,21,0,55,,63967,21,0,62,0,31,,63944,21,0,20,0,19,,63956,9,0,21,0,60,,63968,21,0,64,0,25,,63945,21,0,20,0,62,,63957,9,0,62,0,23,,63969,21,0,20,0,25,,63946,21,0,21,0,58,,63958,9,0,62,0,20,,63970,21,0,20,0,25,,63947,21,0,21,0,57,,63959,9,0,62,0,25,,63971,21,0,20,0,65,,63948,21,0,62,0,18,,63960,9,0,21,0,22,,63972,21,0,20,0,62,,63949,21,0,62,0,16,,63961,9,0,21,0,24,,63973,21,0,20,0,65,,63950,21,0,21,0,18,,63962,9,0,62,0,20,,63974,21,0,20,0,65,,63951,21,0,21,0,20,,63963,9,0,20,0,20,,63975,21,0,62,0,60,,63952,21,0,21,0,15,,63964,9,0,62,0,15,,63976,21,0,21,0
201,'3_4',717,,63977,21,0,20,0,5,,64001,21,0,62,0,25,,63989,9,0,21,0,70,,63978,21,0,21,0,25,,63990,9,0,62,0,65,,64002,21,0,20,0,25,,63979,21,0,20,0,20,,63991,9,0,21,0,55,,64003,21,0,62,0,31,,63980,21,0,20,0,19,,63992,9,0,21,0,60,,64004,21,0,64,0,25,,63981,21,0,20,0,62,,63993,9,0,62,0,23,,64005,21,0,20,0,25,,63982,21,0,21,0,58,,63994,9,0,62,0,20,,64006,21,0,20,0,25,,63983,21,0,21,0,57,,63995,9,0,62,0,25,,64007,21,0,20,0,65,,63984,21,0,62,0,18,,63996,9,0,21,0,22,,64008,21,0,20,0,62,,63985,21,0,62,0,16,,63997,9,0,21,0,24,,64009,21,0,20,0,65,,63986,21,0,21,0,18,,63998,9,0,62,0,20,,64010,21,0,20,0,65,,63987,21,0,21,0,20,,63999,9,0,20,0,20,,64011,21,0,62,0,60,,63988,21,0,21,0,15,,64000,9,0,62,0,15,,64012,21,0,21,0
201,'3_5',717,,64013,21,0,20,0,5,,64037,21,0,62,0,25,,64025,9,0,21,0,70,,64014,21,0,21,0,25,,64026,9,0,62,0,65,,64038,21,0,20,0,25,,64015,21,0,20,0,20,,64027,9,0,21,0,55,,64039,21,0,62,0,31,,64016,21,0,20,0,19,,64028,9,0,21,0,60,,64040,21,0,64,0,25,,64017,21,0,20,0,62,,64029,9,0,62,0,23,,64041,21,0,20,0,25,,64018,21,0,21,0,58,,64030,9,0,62,0,20,,64042,21,0,20,0,25,,64019,21,0,21,0,57,,64031,9,0,62,0,25,,64043,21,0,20,0,65,,64020,21,0,62,0,18,,64032,9,0,21,0,22,,64044,21,0,20,0,62,,64021,21,0,62,0,16,,64033,9,0,21,0,24,,64045,21,0,20,0,65,,64022,21,0,21,0,18,,64034,9,0,62,0,20,,64046,21,0,20,0,65,,64023,21,0,21,0,20,,64035,9,0,20,0,20,,64047,21,0,62,0,60,,64024,21,0,21,0,15,,64036,9,0,62,0,15,,64048,21,0,21,0
201,'4_7',842,,64049,9,0,21,0,165,,64050,9,0,21,0,125,,64051,9,0,21,0,125,,64052,9,0,21,0,150,,64053,9,0,21,0,125,,64054,9,0,21,0,125,,64055,9,0,21,0,165,,64056,9,0,21,0
1501,'0_6',716,,67220,23,,,0,19,,67221,23,,,0,94,,67222,23,,,0,21,,67223,23,,,0,158,,67224,23,,,0,116,,67225,23,,,0,117,,67226,23,,,0,95,,67227,23,,,0,118,,67228,23,,,0,99,,67219,11,,,0,169,,67229,23,,,0,105,,67230,23,,,0,93,,67231,23,,,0
1501,'3_1',716,,67298,23,,,0,19,,67299,23,,,0,94,,67300,23,,,0,21,,67301,23,,,0,158,,67302,23,,,0,116,,67303,23,,,0,117,,67304,23,,,0,95,,67305,23,,,0,118,,67306,23,,,0,99,,67297,11,,,0,169,,67307,23,,,0,105,,67308,23,,,0,93,,67309,23,,,0
1501,'3_2',716,,73426,23,,,0,19,,73427,23,,,0,94,,73428,23,,,0,21,,73429,23,,,0,158,,73430,23,,,0,116,,73431,23,,,0,117,,73432,23,,,0,95,,73433,23,,,0,118,,73434,23,,,0,99,,73425,11,,,0,169,,73435,23,,,0,105,,73436,23,,,0,93,,73437,23,,,0
1501,'3_3',716,,67311,23,,,0,19,,67312,23,,,0,94,,67313,23,,,0,21,,67314,23,,,0,158,,67315,23,,,0,116,,67316,23,,,0,117,,67317,23,,,0,95,,67318,23,,,0,118,,67319,23,,,0,99,,67310,11,,,0,169,,67320,23,,,0,105,,67321,23,,,0,93,,67322,23,,,0
1501,'3_4',716,,67324,23,,,0,19,,67325,23,,,0,94,,67326,23,,,0,21,,67327,23,,,0,158,,67328,23,,,0,116,,67329,23,,,0,117,,67330,23,,,0,95,,67331,23,,,0,118,,67332,23,,,0,99,,67323,11,,,0,169,,67333,23,,,0,105,,67334,23,,,0,93,,67335,23,,,0
1501,'3_5',716,,67337,23,,,0,19,,67338,23,,,0,94,,67339,23,,,0,21,,67340,23,,,0,158,,67341,23,,,0,116,,67342,23,,,0,117,,67343,23,,,0,95,,67344,23,,,0,118,,67345,23,,,0,99,,67336,11,,,0,169,,67346,23,,,0,105,,67347,23,,,0,93,,67348,23,,,0
1000001,'0_6',540,,69463,9,,,0,79,,69464,9,,,0,82,,69465,9,,,0,43,,69466,15,,,0,15,,69472,9,,,0,55,,69473,9,,,0,14,,69474,15,,,0,15,,69475,9,,,0,15,,69476,9,,,0,55,,69477,15,,,0,15,,69478,9,,,0,15,,69479,9,,,0,15,,69480,15,,,0,56,,69481,9,,,0,16,,69482,9,,,0,16,,69483,15,,,0,55,,69484,9,,,0,16,,69485,15,,,0,16,,69486,9,,,0,16,,69487,9,,,0,56,,69488,15,,,0,15,,69489,9,,,0,15,,69490,9,,,0,15,,69491,15,,,0,55,,69492,9,,,0,15,,69493,9,,,0,15,,69494,15,,,0,16,,69495,9,,,0,55,,69496,15,,,0,16,,69497,9,,,0,16,,69498,9,,,0,16,,69499,15,,,0,56,,69500,9,,,0,16,,69501,9,,,0,16,,69502,15,,,0,16,,69503,9,,,0,56,,69504,9,,,0,16,,69505,15,,,0,16,,69506,9,,,0,56,,69507,15,,,0,16,,69508,9,,,0,16,,69509,9,,,0,16,,69510,15,,,0,56,,69512,9,,,0,16,,69514,9,,,0,15,,69513,15,,,0,15,,69511,9,,,0,56,,69471,15,,,0,20,,69470,9,,,0,20,,69468,9,,,0,61,,69461,9,,,0,18,,69459,9,,,0,20,,69462,9,,,0,60,,69469,9,,,0,20,,69467,9,,,0,21,,69460,9,,,0
1000001,'1_7',808,,69515,9,,,0,40,,69516,9,,,0,80,,69517,9,,,0,80,,69518,9,,,0,40,,69519,9,,,0,80,,69520,9,,,0,80,,69521,9,,,0,40,,69522,9,,,0,80,,69523,9,,,0,80,,69524,9,,,0,40,,69525,9,,,0,80,,69526,9,,,0,80,,69527,9,,,0,40,,69528,9,,,0,80,,69529,9,,,0,80,,69530,9,,,0,40,,69531,9,,,0,80,,69532,9,,,0
1000001,'3_1',543,,69843,9,,,0,57,,69858,9,,,0,15,,69857,9,,,0,15,,69856,9,,,0,14,,69855,9,,,0,15,,69854,9,,,0,54,,69846,9,,,0,15,,69844,15,,,0,14,,69847,15,,,0,15,,69848,15,,,0,55,,69849,15,,,0,15,,69850,15,,,0,16,,69851,15,,,0,14,,69852,15,,,0,54,,69853,15,,,0,15,,69859,9,,,0,15,,69878,15,,,0,16,,69860,9,,,0,56,,69879,15,,,0,15,,69861,9,,,0,16,,69880,15,,,0,56,,69862,9,,,0,16,,69881,15,,,0,16,,69863,9,,,0,16,,69882,15,,,0,56,,69864,9,,,0,15,,69883,15,,,0,16,,69865,9,,,0,15,,69884,15,,,0,56,,69866,9,,,0,15,,69885,15,,,0,16,,69867,9,,,0,15,,69886,15,,,0,56,,69868,9,,,0,16,,69887,15,,,0,16,,69869,9,,,0,15,,69888,15,,,0,54,,69870,9,,,0,14,,69889,15,,,0,14,,69871,9,,,0,14,,69890,15,,,0,54,,69872,9,,,0,15,,69891,15,,,0,14,,69873,15,,,0,14,,69892,15,,,0,55,,69874,15,,,0,15,,69893,15,,,0,15,,69875,15,,,0,15,,69894,15,,,0,55,,69876,15,,,0,15,,69895,15,,,0,14,,69877,15,,,0,14,,69845,15,,,0,58,,69896,15,,,0,19,,69901,9,,,0,20,,69897,15,,,0,61,,69902,9,,,0,19,,69898,9,,,0,19,,69903,9,,,0,60,,69899,9,,,0,20,,69904,9,,,0,21,,69900,9,,,0
1000001,'3_2',543,,73636,9,,,0,57,,73651,9,,,0,15,,73650,9,,,0,15,,73649,9,,,0,14,,73648,9,,,0,15,,73647,9,,,0,54,,73639,9,,,0,15,,73637,15,,,0,14,,73640,15,,,0,15,,73641,15,,,0,55,,73642,15,,,0,15,,73643,15,,,0,16,,73644,15,,,0,14,,73645,15,,,0,54,,73646,15,,,0,15,,73652,9,,,0,15,,73671,15,,,0,16,,73653,9,,,0,56,,73672,15,,,0,15,,73654,9,,,0,16,,73673,15,,,0,56,,73655,9,,,0,16,,73674,15,,,0,16,,73656,9,,,0,16,,73675,15,,,0,56,,73657,9,,,0,15,,73676,15,,,0,16,,73658,9,,,0,15,,73677,15,,,0,56,,73659,9,,,0,15,,73678,15,,,0,16,,73660,9,,,0,15,,73679,15,,,0,56,,73661,9,,,0,16,,73680,15,,,0,16,,73662,9,,,0,15,,73681,15,,,0,54,,73663,9,,,0,14,,73682,15,,,0,14,,73664,9,,,0,14,,73683,15,,,0,54,,73665,9,,,0,15,,73684,15,,,0,14,,73666,15,,,0,14,,73685,15,,,0,55,,73667,15,,,0,15,,73686,15,,,0,15,,73668,15,,,0,15,,73687,15,,,0,55,,73669,15,,,0,15,,73688,15,,,0,14,,73670,15,,,0,14,,73638,15,,,0,58,,73689,15,,,0,19,,73694,9,,,0,20,,73690,15,,,0,61,,73695,9,,,0,19,,73691,9,,,0,19,,73696,9,,,0,60,,73692,9,,,0,20,,73697,9,,,0,21,,73693,9,,,0
1000001,'3_3',543,,69905,9,,,0,57,,69920,9,,,0,15,,69919,9,,,0,15,,69918,9,,,0,14,,69917,9,,,0,15,,69916,9,,,0,54,,69908,9,,,0,15,,69906,15,,,0,14,,69909,15,,,0,15,,69910,15,,,0,55,,69911,15,,,0,15,,69912,15,,,0,16,,69913,15,,,0,14,,69914,15,,,0,54,,69915,15,,,0,15,,69921,9,,,0,15,,69940,15,,,0,16,,69922,9,,,0,56,,69941,15,,,0,15,,69923,9,,,0,16,,69942,15,,,0,56,,69924,9,,,0,16,,69943,15,,,0,16,,69925,9,,,0,16,,69944,15,,,0,56,,69926,9,,,0,15,,69945,15,,,0,16,,69927,9,,,0,15,,69946,15,,,0,56,,69928,9,,,0,15,,69947,15,,,0,16,,69929,9,,,0,15,,69948,15,,,0,56,,69930,9,,,0,16,,69949,15,,,0,16,,69931,9,,,0,15,,69950,15,,,0,54,,69932,9,,,0,14,,69951,15,,,0,14,,69933,9,,,0,14,,69952,15,,,0,54,,69934,9,,,0,15,,69953,15,,,0,14,,69935,15,,,0,14,,69954,15,,,0,55,,69936,15,,,0,15,,69955,15,,,0,15,,69937,15,,,0,15,,69956,15,,,0,55,,69938,15,,,0,15,,69957,15,,,0,14,,69939,15,,,0,14,,69907,15,,,0,58,,69958,15,,,0,19,,69963,9,,,0,20,,69959,15,,,0,61,,69964,9,,,0,19,,69960,9,,,0,19,,69965,9,,,0,60,,69961,9,,,0,20,,69966,9,,,0,21,,69962,9,,,0
1000001,'3_4',543,,69967,9,,,0,57,,69982,9,,,0,15,,69981,9,,,0,15,,69980,9,,,0,14,,69979,9,,,0,15,,69978,9,,,0,54,,69970,9,,,0,15,,69968,15,,,0,14,,69971,15,,,0,15,,69972,15,,,0,55,,69973,15,,,0,15,,69974,15,,,0,16,,69975,15,,,0,14,,69976,15,,,0,54,,69977,15,,,0,15,,69983,9,,,0,15,,70002,15,,,0,16,,69984,9,,,0,56,,70003,15,,,0,15,,69985,9,,,0,16,,70004,15,,,0,56,,69986,9,,,0,16,,70005,15,,,0,16,,69987,9,,,0,16,,70006,15,,,0,56,,69988,9,,,0,15,,70007,15,,,0,16,,69989,9,,,0,15,,70008,15,,,0,56,,69990,9,,,0,15,,70009,15,,,0,16,,69991,9,,,0,15,,70010,15,,,0,56,,69992,9,,,0,16,,70011,15,,,0,16,,69993,9,,,0,15,,70012,15,,,0,54,,69994,9,,,0,14,,70013,15,,,0,14,,69995,9,,,0,14,,70014,15,,,0,54,,69996,9,,,0,15,,70015,15,,,0,14,,69997,15,,,0,14,,70016,15,,,0,55,,69998,15,,,0,15,,70017,15,,,0,15,,69999,15,,,0,15,,70018,15,,,0,55,,70000,15,,,0,15,,70019,15,,,0,14,,70001,15,,,0,14,,69969,15,,,0,58,,70020,15,,,0,19,,70025,9,,,0,20,,70021,15,,,0,61,,70026,9,,,0,19,,70022,9,,,0,19,,70027,9,,,0,60,,70023,9,,,0,20,,70028,9,,,0,21,,70024,9,,,0
1000001,'3_5',543,,70029,9,,,0,57,,70044,9,,,0,15,,70043,9,,,0,15,,70042,9,,,0,14,,70041,9,,,0,15,,70040,9,,,0,54,,70032,9,,,0,15,,70030,15,,,0,14,,70033,15,,,0,15,,70034,15,,,0,55,,70035,15,,,0,15,,70036,15,,,0,16,,70037,15,,,0,14,,70038,15,,,0,54,,70039,15,,,0,15,,70045,9,,,0,15,,70064,15,,,0,16,,70046,9,,,0,56,,70065,15,,,0,15,,70047,9,,,0,16,,70066,15,,,0,56,,70048,9,,,0,16,,70067,15,,,0,16,,70049,9,,,0,16,,70068,15,,,0,56,,70050,9,,,0,15,,70069,15,,,0,16,,70051,9,,,0,15,,70070,15,,,0,56,,70052,9,,,0,15,,70071,15,,,0,16,,70053,9,,,0,15,,70072,15,,,0,56,,70054,9,,,0,16,,70073,15,,,0,16,,70055,9,,,0,15,,70074,15,,,0,54,,70056,9,,,0,14,,70075,15,,,0,14,,70057,9,,,0,14,,70076,15,,,0,54,,70058,9,,,0,15,,70077,15,,,0,14,,70059,15,,,0,14,,70078,15,,,0,55,,70060,15,,,0,15,,70079,15,,,0,15,,70061,15,,,0,15,,70080,15,,,0,55,,70062,15,,,0,15,,70081,15,,,0,14,,70063,15,,,0,14,,70031,15,,,0,58,,70082,15,,,0,19,,70087,9,,,0,20,,70083,15,,,0,61,,70088,9,,,0,19,,70084,9,,,0,19,,70089,9,,,0,60,,70085,9,,,0,20,,70090,9,,,0,21,,70086,9,,,0
1000001,'4_7',808,,70091,9,,,0,40,,70092,9,,,0,80,,70093,9,,,0,80,,70094,9,,,0,40,,70095,9,,,0,80,,70096,9,,,0,80,,70097,9,,,0,40,,70098,9,,,0,80,,70099,9,,,0,80,,70100,9,,,0,40,,70101,9,,,0,80,,70102,9,,,0,80,,70103,9,,,0,40,,70104,9,,,0,80,,70105,9,,,0,80,,70106,9,,,0,40,,70107,9,,,0,80,,70108,9,,,0
4000001,'0_6',657,,72563,18,,,0,60,,72584,16,,,0,20,,72564,18,,,0,20,,72585,16,,,0,60,,72565,18,,,0,20,,72586,16,,,0,20,,72566,18,,,0,61,,72587,16,,,0,20,,72567,18,,,0,21,,72588,16,,,0,61,,72568,18,,,0,21,,72589,16,,,0,61,,72569,18,,,0,21,,72590,16,,,0,22,,72570,18,,,0,60,,72591,16,,,0,21,,72571,18,,,0,21,,72592,16,,,0,61,,72572,18,,,0,18,,72593,16,,,0,18,,72573,18,,,0,58,,72594,16,,,0,18,,72574,18,,,0,19,,72595,16,,,0,20,,72575,18,,,0,60,,72596,16,,,0,20,,72576,18,,,0,20,,72597,16,,,0,60,,72577,18,,,0,19,,72598,16,,,0,20,,72578,18,,,0,60,,72599,16,,,0,20,,72579,18,,,0,20,,72600,16,,,0,61,,72580,18,,,0,20,,72601,16,,,0,20,,72581,18,,,0,60,,72602,16,,,0,20,,72582,16,,,0,20,,72603,18,,,0,60,,72605,16,,,0,20,,72583,18,,,0,70,,72604,16,,,0
4000001,'1_7',914,,72607,18,,,0,110,,72612,16,,,0,110,,72608,18,,,0,110,,72613,16,,,0,110,,72609,18,,,0,150,,72614,16,,,0,110,,72610,18,,,0,110,,72615,16,,,0,110,,72611,18,,,0,110,,72606,16,,,0
4000001,'3_1',657,,72831,18,,,0,60,,72852,16,,,0,20,,72832,18,,,0,20,,72853,16,,,0,60,,72833,18,,,0,20,,72854,16,,,0,20,,72834,18,,,0,61,,72855,16,,,0,20,,72835,18,,,0,21,,72856,16,,,0,61,,72836,18,,,0,21,,72857,16,,,0,61,,72837,18,,,0,21,,72858,16,,,0,22,,72838,18,,,0,60,,72859,16,,,0,21,,72839,18,,,0,21,,72860,16,,,0,61,,72840,18,,,0,18,,72861,16,,,0,18,,72841,18,,,0,58,,72862,16,,,0,18,,72842,18,,,0,19,,72863,16,,,0,20,,72843,18,,,0,60,,72864,16,,,0,20,,72844,18,,,0,20,,72865,16,,,0,60,,72845,18,,,0,19,,72866,16,,,0,20,,72846,18,,,0,60,,72867,16,,,0,20,,72847,18,,,0,20,,72868,16,,,0,61,,72848,18,,,0,20,,72869,16,,,0,20,,72849,18,,,0,60,,72870,16,,,0,20,,72850,16,,,0,20,,72871,18,,,0,60,,72872,16,,,0,20,,72851,18,,,0,70,,72873,16,,,0
4000001,'3_2',657,,73930,18,,,0,60,,73951,16,,,0,20,,73931,18,,,0,20,,73952,16,,,0,60,,73932,18,,,0,20,,73953,16,,,0,20,,73933,18,,,0,61,,73954,16,,,0,20,,73934,18,,,0,21,,73955,16,,,0,61,,73935,18,,,0,21,,73956,16,,,0,61,,73936,18,,,0,21,,73957,16,,,0,22,,73937,18,,,0,60,,73958,16,,,0,21,,73938,18,,,0,21,,73959,16,,,0,61,,73939,18,,,0,18,,73960,16,,,0,18,,73940,18,,,0,58,,73961,16,,,0,18,,73941,18,,,0,19,,73962,16,,,0,20,,73942,18,,,0,60,,73963,16,,,0,20,,73943,18,,,0,20,,73964,16,,,0,60,,73944,18,,,0,19,,73965,16,,,0,20,,73945,18,,,0,60,,73966,16,,,0,20,,73946,18,,,0,20,,73967,16,,,0,61,,73947,18,,,0,20,,73968,16,,,0,20,,73948,18,,,0,60,,73969,16,,,0,20,,73949,16,,,0,20,,73970,18,,,0,60,,73971,16,,,0,20,,73950,18,,,0,70,,73972,16,,,0
4000001,'3_3',657,,72874,18,,,0,60,,72895,16,,,0,20,,72875,18,,,0,20,,72896,16,,,0,60,,72876,18,,,0,20,,72897,16,,,0,20,,72877,18,,,0,61,,72898,16,,,0,20,,72878,18,,,0,21,,72899,16,,,0,61,,72879,18,,,0,21,,72900,16,,,0,61,,72880,18,,,0,21,,72901,16,,,0,22,,72881,18,,,0,60,,72902,16,,,0,21,,72882,18,,,0,21,,72903,16,,,0,61,,72883,18,,,0,18,,72904,16,,,0,18,,72884,18,,,0,58,,72905,16,,,0,18,,72885,18,,,0,19,,72906,16,,,0,20,,72886,18,,,0,60,,72907,16,,,0,20,,72887,18,,,0,20,,72908,16,,,0,60,,72888,18,,,0,19,,72909,16,,,0,20,,72889,18,,,0,60,,72910,16,,,0,20,,72890,18,,,0,20,,72911,16,,,0,61,,72891,18,,,0,20,,72912,16,,,0,20,,72892,18,,,0,60,,72913,16,,,0,20,,72893,16,,,0,20,,72914,18,,,0,60,,72915,16,,,0,20,,72894,18,,,0,70,,72916,16,,,0
4000001,'3_4',657,,72917,18,,,0,60,,72938,16,,,0,20,,72918,18,,,0,20,,72939,16,,,0,60,,72919,18,,,0,20,,72940,16,,,0,20,,72920,18,,,0,61,,72941,16,,,0,20,,72921,18,,,0,21,,72942,16,,,0,61,,72922,18,,,0,21,,72943,16,,,0,61,,72923,18,,,0,21,,72944,16,,,0,22,,72924,18,,,0,60,,72945,16,,,0,21,,72925,18,,,0,21,,72946,16,,,0,61,,72926,18,,,0,18,,72947,16,,,0,18,,72927,18,,,0,58,,72948,16,,,0,18,,72928,18,,,0,19,,72949,16,,,0,20,,72929,18,,,0,60,,72950,16,,,0,20,,72930,18,,,0,20,,72951,16,,,0,60,,72931,18,,,0,19,,72952,16,,,0,20,,72932,18,,,0,60,,72953,16,,,0,20,,72933,18,,,0,20,,72954,16,,,0,61,,72934,18,,,0,20,,72955,16,,,0,20,,72935,18,,,0,60,,72956,16,,,0,20,,72936,16,,,0,20,,72957,18,,,0,60,,72958,16,,,0,20,,72937,18,,,0,70,,72959,16,,,0
4000001,'3_5',657,,72960,18,,,0,60,,72981,16,,,0,20,,72961,18,,,0,20,,72982,16,,,0,60,,72962,18,,,0,20,,72983,16,,,0,20,,72963,18,,,0,61,,72984,16,,,0,20,,72964,18,,,0,21,,72985,16,,,0,61,,72965,18,,,0,21,,72986,16,,,0,61,,72966,18,,,0,21,,72987,16,,,0,22,,72967,18,,,0,60,,72988,16,,,0,21,,72968,18,,,0,21,,72989,16,,,0,61,,72969,18,,,0,18,,72990,16,,,0,18,,72970,18,,,0,58,,72991,16,,,0,18,,72971,18,,,0,19,,72992,16,,,0,20,,72972,18,,,0,60,,72993,16,,,0,20,,72973,18,,,0,20,,72994,16,,,0,60,,72974,18,,,0,19,,72995,16,,,0,20,,72975,18,,,0,60,,72996,16,,,0,20,,72976,18,,,0,20,,72997,16,,,0,61,,72977,18,,,0,20,,72998,16,,,0,20,,72978,18,,,0,60,,72999,16,,,0,20,,72979,16,,,0,20,,73000,18,,,0,60,,73001,16,,,0,20,,72980,18,,,0,70,,73002,16,,,0
4000001,'4_7',914,,73004,18,,,0,110,,73009,16,,,0,110,,73005,18,,,0,110,,73010,16,,,0,110,,73006,18,,,0,150,,73011,16,,,0,110,,73007,18,,,0,110,,73012,16,,,0,110,,73008,18,,,0,110,,73003,16,,,0
