1001,'2_6',823,,32445,21,,,0,108,,32446,24,,,0,101,,32453,22,,,0,102,,32447,24,,,0,100,,32454,22,,,0,85,,32455,22,,,0,119,,32450,21,,,0,83,,32456,22,,,0,135,,32451,18,,,0,158,,32452,18,,,0,102,,32448,24,,,0,107,,32449,24,,,0
1001,'5_1',823,,37721,21,,,0,104,,37723,24,,,0,105,,37726,22,,,0,102,,37724,24,,,0,100,,37727,22,,,0,85,,37728,22,,,0,119,,37722,21,,,0,83,,37732,22,,,0,135,,37729,18,,,0,158,,37730,18,,,0,102,,37731,24,,,0,107,,37725,24,,,0
1001,'5_2',823,,40337,21,,,0,104,,40339,24,,,0,105,,40342,22,,,0,102,,40340,24,,,0,100,,40343,22,,,0,85,,40344,22,,,0,119,,40338,21,,,0,83,,40348,22,,,0,135,,40345,18,,,0,158,,40346,18,,,0,102,,40347,24,,,0,107,,40341,24,,,0
1001,'5_3',823,,40349,21,,,0,104,,40351,24,,,0,105,,40354,22,,,0,102,,40352,24,,,0,100,,40355,22,,,0,85,,40356,22,,,0,119,,40350,21,,,0,83,,40360,22,,,0,135,,40357,18,,,0,158,,40358,18,,,0,102,,40359,24,,,0,107,,40353,24,,,0
1001,'5_4',823,,40361,21,,,0,104,,40363,24,,,0,105,,40366,22,,,0,102,,40364,24,,,0,100,,40367,22,,,0,85,,40368,22,,,0,119,,40362,21,,,0,83,,40372,22,,,0,135,,40369,18,,,0,158,,40370,18,,,0,102,,40371,24,,,0,107,,40365,24,,,0
1001,'5_5',823,,40373,21,,,0,104,,40375,24,,,0,105,,40378,22,,,0,102,,40376,24,,,0,100,,40379,22,,,0,85,,40380,22,,,0,119,,40374,21,,,0,83,,40384,22,,,0,135,,40381,18,,,0,158,,40382,18,,,0,102,,40383,24,,,0,107,,40377,24,,,0
1001,'6_1',823,,40385,21,,,0,104,,40387,24,,,0,105,,40390,22,,,0,102,,40388,24,,,0,100,,40391,22,,,0,85,,40392,22,,,0,119,,40386,21,,,0,83,,40396,22,,,0,135,,40393,18,,,0,158,,40394,18,,,0,102,,40395,24,,,0,107,,40389,24,,,0
1001,'6_2',823,,44708,21,,,0,104,,44710,24,,,0,105,,44713,22,,,0,102,,44711,24,,,0,100,,44714,22,,,0,85,,44715,22,,,0,119,,44709,21,,,0,83,,44719,22,,,0,135,,44716,18,,,0,158,,44717,18,,,0,102,,44718,24,,,0,107,,44712,24,,,0
1001,'6_3',823,,44720,21,,,0,104,,44722,24,,,0,105,,44725,22,,,0,102,,44723,24,,,0,100,,44726,22,,,0,85,,44727,22,,,0,119,,44721,21,,,0,83,,44731,22,,,0,135,,44728,18,,,0,158,,44729,18,,,0,102,,44730,24,,,0,107,,44724,24,,,0
1001,'6_4',823,,44732,21,,,0,104,,44734,24,,,0,105,,44737,22,,,0,102,,44735,24,,,0,100,,44738,22,,,0,85,,44739,22,,,0,119,,44733,21,,,0,83,,44743,22,,,0,135,,44740,18,,,0,158,,44741,18,,,0,102,,44742,24,,,0,107,,44736,24,,,0
