500,'2_6',739,,31549,27,,,0,99,,31538,27,,,0,99,,31539,27,,,0,100,,31540,27,,,0,100,,31541,27,,,0,96,,31542,27,,,0,98,,31543,27,,,0,100,,31544,27,,,0,100,,31545,27,,,0,100,,31546,27,,,0,100,,31547,27,,,0,192,,31548,27,,,0
500,'5_1',705,,37571,13,,,0,102,,37572,13,,,0,36,,37573,27,,,0,104,,37574,27,,,0,100,,37575,27,,,0,105,,37576,27,,,0,100,,37577,27,,,0,84,,37578,27,,,0,94,,37579,27,,,0,100,,37580,27,,,0,102,,37581,27,,,0,107,,37582,27,,,0,102,,37583,27,,,0,99,,37584,27,,,0
500,'5_2',705,,39587,13,,,0,102,,39588,13,,,0,36,,39589,27,,,0,104,,39590,27,,,0,100,,39591,27,,,0,105,,39592,27,,,0,100,,39593,27,,,0,84,,39594,27,,,0,94,,39595,27,,,0,100,,39596,27,,,0,102,,39597,27,,,0,107,,39598,27,,,0,102,,39599,27,,,0,99,,39600,27,,,0
500,'5_3',705,,39601,13,,,0,102,,39602,13,,,0,36,,39603,27,,,0,104,,39604,27,,,0,100,,39605,27,,,0,105,,39606,27,,,0,100,,39607,27,,,0,84,,39608,27,,,0,94,,39609,27,,,0,100,,39610,27,,,0,102,,39611,27,,,0,107,,39612,27,,,0,102,,39613,27,,,0,99,,39614,27,,,0
500,'5_4',705,,39615,13,,,0,102,,39616,13,,,0,36,,39617,27,,,0,104,,39618,27,,,0,100,,39619,27,,,0,105,,39620,27,,,0,100,,39621,27,,,0,84,,39622,27,,,0,94,,39623,27,,,0,100,,39624,27,,,0,102,,39625,27,,,0,107,,39626,27,,,0,102,,39627,27,,,0,99,,39628,27,,,0
500,'5_5',705,,39629,13,,,0,102,,39630,13,,,0,36,,39631,27,,,0,104,,39632,27,,,0,100,,39633,27,,,0,105,,39634,27,,,0,100,,39635,27,,,0,84,,39636,27,,,0,94,,39637,27,,,0,100,,39638,27,,,0,102,,39639,27,,,0,107,,39640,27,,,0,102,,39641,27,,,0,99,,39642,27,,,0
500,'6_1',705,,39643,13,,,0,102,,39644,13,,,0,36,,39645,27,,,0,104,,39646,27,,,0,100,,39647,27,,,0,105,,39648,27,,,0,100,,39649,27,,,0,84,,39650,27,,,0,94,,39651,27,,,0,100,,39652,27,,,0,102,,39653,27,,,0,107,,39654,27,,,0,102,,39655,27,,,0,99,,39656,27,,,0
500,'6_2',705,,44258,13,,,0,102,,44259,13,,,0,36,,44260,27,,,0,104,,44261,27,,,0,100,,44262,27,,,0,105,,44263,27,,,0,100,,44264,27,,,0,84,,44265,27,,,0,94,,44266,27,,,0,100,,44267,27,,,0,102,,44268,27,,,0,107,,44269,27,,,0,102,,44270,27,,,0,99,,44271,27,,,0
500,'6_3',705,,44272,13,,,0,102,,44273,13,,,0,36,,44274,27,,,0,104,,44275,27,,,0,100,,44276,27,,,0,105,,44277,27,,,0,100,,44278,27,,,0,84,,44279,27,,,0,94,,44280,27,,,0,100,,44281,27,,,0,102,,44282,27,,,0,107,,44283,27,,,0,102,,44284,27,,,0,99,,44285,27,,,0
500,'6_4',705,,44286,13,,,0,102,,44287,13,,,0,36,,44288,27,,,0,104,,44289,27,,,0,100,,44290,27,,,0,105,,44291,27,,,0,100,,44292,27,,,0,84,,44293,27,,,0,94,,44294,27,,,0,100,,44295,27,,,0,102,,44296,27,,,0,107,,44297,27,,,0,102,,44298,27,,,0,99,,44299,27,,,0
