1000,'0_6',623,,66740,13,,,0,103,,66741,13,,,0,94,,66742,13,,,0,101,,66750,13,,,0,83,,66753,14,,,0,117,,66743,13,,,0,108,,66754,14,,,0,97,,66744,13,,,0,95,,66755,14,,,0,95,,66751,13,,,0,98,,66745,13,,,0,33,,66746,14,,,0,156,,66748,13,,,0,52,,66752,13,,,0,103,,66749,14,,,0,142,,66747,13,,,0
1000,'1_7',1059,,66756,13,,,0,360,,66757,13,,,0,409,,66758,13,,,0,307,,66759,12,,,0
1000,'2_1',625,,66760,12,,,0,97,,66761,12,,,0,120,,66762,12,0,18 30,0,89,,66763,13,,,0,102,,66768,12,0,18 30,0,97,,66764,13,0,18 30,0,112,,66769,12,0,18 30,0,105,,66770,12,0,18 30,0,102,,66765,13,,,0,93,,66771,12,,,0,115,,66766,13,,,0,146,,66772,12,,,0,120,,66767,13,0,18 30,0
1000,'2_2',625,,66773,12,,,0,97,,66774,12,,,0,120,,66775,12,0,18 30,0,89,,66776,13,,,0,102,,66781,12,0,18 30,0,97,,66777,13,0,18 30,0,112,,66782,12,0,18 30,0,105,,66783,12,0,18 30,0,102,,66778,13,,,0,93,,66784,12,,,0,115,,66779,13,,,0,146,,66785,12,,,0,120,,66780,13,0,18 30,0
1000,'2_3',625,,66786,12,,,0,97,,66787,12,,,0,120,,66788,12,0,18 30,0,89,,66789,13,,,0,102,,66794,12,0,18 30,0,97,,66790,13,0,18 30,0,112,,66795,12,0,18 30,0,105,,66796,12,0,18 30,0,102,,66791,13,,,0,93,,66797,12,,,0,115,,66792,13,,,0,146,,66798,12,,,0,120,,66793,13,0,18 30,0
1000,'2_4',625,,66799,12,,,0,97,,66800,12,,,0,120,,66801,12,0,18 30,0,89,,66802,13,,,0,102,,66807,12,0,18 30,0,97,,66803,13,0,18 30,0,112,,66808,12,0,18 30,0,105,,66809,12,0,18 30,0,102,,66804,13,,,0,93,,66810,12,,,0,115,,66805,13,,,0,146,,66811,12,,,0,120,,66806,13,0,18 30,0
1000,'2_5',625,,66812,12,,,0,97,,66813,12,,,0,120,,66814,12,0,18 30,0,89,,66815,13,,,0,102,,66820,12,0,18 30,0,97,,66816,13,0,18 30,0,112,,66821,12,0,18 30,0,105,,66822,12,0,18 30,0,102,,66817,13,,,0,93,,66823,12,,,0,115,,66818,13,,,0,146,,66824,12,,,0,120,,66819,13,0,18 30,0
1000,'3_1',625,,66825,12,,,0,97,,66826,12,,,0,120,,66827,12,0,18 30,0,89,,66828,13,,,0,102,,66833,12,0,18 30,0,97,,66829,13,0,18 30,0,112,,66834,12,0,18 30,0,105,,66835,12,0,18 30,0,102,,66830,13,,,0,93,,66836,12,,,0,115,,66831,13,,,0,146,,66837,12,,,0,120,,66832,13,0,18 30,0
1000,'3_3',625,,66838,12,,,0,97,,66839,12,,,0,120,,66840,12,0,18 30,0,89,,66841,13,,,0,102,,66846,12,0,18 30,0,97,,66842,13,0,18 30,0,112,,66847,12,0,18 30,0,105,,66848,12,0,18 30,0,102,,66843,13,,,0,93,,66849,12,,,0,115,,66844,13,,,0,146,,66850,12,,,0,120,,66845,13,0,18 30,0
1000,'3_4',625,,66851,12,,,0,97,,66852,12,,,0,120,,66853,12,0,18 30,0,89,,66854,13,,,0,102,,66859,12,0,18 30,0,97,,66855,13,0,18 30,0,112,,66860,12,0,18 30,0,105,,66861,12,0,18 30,0,102,,66856,13,,,0,93,,66862,12,,,0,115,,66857,13,,,0,146,,66863,12,,,0,120,,66858,13,0,18 30,0
1000,'3_5',625,,66864,12,,,0,97,,66865,12,,,0,120,,66866,12,0,18 30,0,89,,66867,13,,,0,102,,66872,12,0,18 30,0,97,,66868,13,0,18 30,0,112,,66873,12,0,18 30,0,105,,66874,12,0,18 30,0,102,,66869,13,,,0,93,,66875,12,,,0,115,,66870,13,,,0,146,,66876,12,,,0,120,,66871,13,0,18 30,0
1000,'4_7',625,,66877,12,,,0,97,,66878,12,,,0,120,,66879,12,0,18 30,0,89,,66880,13,,,0,102,,66885,12,0,18 30,0,97,,66881,13,0,18 30,0,112,,66886,12,0,18 30,0,105,,66887,12,0,18 30,0,102,,66882,13,,,0,93,,66888,12,,,0,115,,66883,13,,,0,146,,66889,12,,,0,120,,66884,13,0,18 30,0
