500,'1_6',713,,16429,5,,,0,99,,16418,5,,,0,99,,16419,5,,,0,100,,16420,5,,,0,100,,16421,5,,,0,97,,16422,5,,,0,98,,16423,5,,,0,100,,16424,5,,,0,99,,16425,5,,,0,100,,16426,5,,,0,100,,16427,5,,,0,154,,16428,5,,,0
500,'5_1',654,,16442,5,,,0,159,,16430,5,,,0,105,,16431,5,,,0,100,,16432,5,,,0,105,,16433,5,,,0,101,,16434,5,,,0,84,,16435,5,,,0,94,,16436,5,,,0,100,,16437,5,,,0,102,,16438,5,,,0,106,,16439,5,,,0,103,,16444,5,,,0,100,,16440,5,,,0
500,'5_2',654,,16457,5,,,0,159,,16445,5,,,0,105,,16446,5,,,0,100,,16447,5,,,0,105,,16448,5,,,0,101,,16449,5,,,0,84,,16450,5,,,0,94,,16451,5,,,0,100,,16452,5,,,0,102,,16453,5,,,0,106,,16454,5,,,0,103,,16459,5,,,0,100,,16455,5,,,0
500,'5_4',654,,16472,5,,,0,159,,16460,5,,,0,105,,16461,5,,,0,100,,16462,5,,,0,105,,16463,5,,,0,101,,16464,5,,,0,84,,16465,5,,,0,94,,16466,5,,,0,100,,16467,5,,,0,102,,16468,5,,,0,106,,16469,5,,,0,103,,16474,5,,,0,100,,16470,5,,,0
500,'5_5',654,,16487,5,,,0,159,,16475,5,,,0,105,,16476,5,,,0,100,,16477,5,,,0,105,,16478,5,,,0,101,,16479,5,,,0,84,,16480,5,,,0,94,,16481,5,,,0,100,,16482,5,,,0,102,,16483,5,,,0,106,,16484,5,,,0,103,,16489,5,,,0,100,,16485,5,,,0
500,'6_3',654,,16502,5,,,0,159,,16490,5,,,0,105,,16491,5,,,0,100,,16492,5,,,0,105,,16493,5,,,0,101,,16494,5,,,0,84,,16495,5,,,0,94,,16496,5,,,0,100,,16497,5,,,0,102,,16498,5,,,0,106,,16499,5,,,0,103,,16504,5,,,0,100,,16500,5,,,0
2900500,'5_1',647,,20949,5,,,0,106,,20950,5,,,0
2900500,'5_2',647,,20951,5,,,0,106,,20952,5,,,0
2900500,'5_4',647,,20953,5,,,0,106,,20954,5,,,0
2900500,'5_5',647,,20955,5,,,0,106,,20956,5,,,0
2900500,'6_3',647,,20957,5,,,0,106,,20958,5,,,0
