400,'2509-HIV-25j05H-d-Dimanche-00',1155,,1511,0,20 35,0,300,,1512,0,20 35,0,300,,1513,0,20 35,0
400,'2509-HIV-25j26H-d-Dimanche-00',1155,,1524,0,20 35,0,300,,1525,0,20 35,0,300,,1526,0,20 35,0
400,'2509-HIV-25k03H-s-Samedi-00',835,,1527,0,36,0,199,,1528,0,36,0,200,,1529,0,36,0,200,,1530,0,36,0,203,,1531,0,36,0,209,,1532,0,36,0
400,'2509-HIV-25l22Vlv-Semaine-00',936,,1556,0,36,0,301,,1573,0,36,0,165,,1565,0,36,0,103,,1566,0,36,0,135,,1574,0,36,0,106,,1568,0,36,0,165,,1570,0,36,0
400,'2509-HIV-26a05H-s-Samedi-00',835,,1579,0,36,0,199,,1580,0,36,0,200,,1581,0,36,0,200,,1582,0,36,0,203,,1583,0,36,0,209,,1584,0,36,0
400,'2509-HIV-26a05H-w-Mercredi-00',936,,1608,0,36,0,300,,1628,0,36,0,165,,1617,0,36,0,105,,1618,0,36,0,135,,1629,0,36,0,85,,1621,0,36,0,187,,1624,0,36,0
400,'2509-HIV-26a05Hlv-L-Ma-J-V-00',936,,1640,0,36,0,300,,1660,0,36,0,165,,1649,0,36,0,105,,1650,0,36,0,135,,1661,0,36,0,85,,1653,0,36,0,187,,1656,0,36,0
400,'2509-HIV-26b23Vlv-Semaine-00',936,,1672,0,36,0,301,,1689,0,36,0,165,,1681,0,36,0,103,,1682,0,36,0,135,,1690,0,36,0,106,,1684,0,36,0,165,,1686,0,36,0
400,'2509-HIV-26c02Vlv-Semaine-00',936,,1700,0,36,0,301,,1717,0,36,0,165,,1709,0,36,0,103,,1710,0,36,0,135,,1718,0,36,0,106,,1712,0,36,0,165,,1714,0,36,0
500,'2509-HIV-25j05H-d-Dimanche-00',1058,,1945,0,6 7,0,200,,1946,0,6 7,0,200,,1947,0,6 7,0,200,,1948,0,6 7,0
500,'2509-HIV-25j26H-d-Dimanche-00',1058,,1949,0,6 7,0,200,,1950,0,6 7,0,200,,1951,0,6 7,0,200,,1952,0,6 7,0
500,'2509-HIV-25k03H-s-Samedi-00',730,,1964,,,0,98,,1953,,,0,100,,1954,,,0,100,,1955,,,0,100,,1956,,,0,96,,1957,,,0,98,,1958,,,0,100,,1959,,,0,100,,1960,,,0,100,,1961,,,0,100,,1962,,,0,193,,1963,,,0
500,'2509-HIV-25l22Vlv-Semaine-00',654,,1965,,,0,102,,1966,,,0,76,,1967,,,0,104,,1968,,,0,100,,1969,,,0,105,,1970,,,0,101,,1971,,,0,84,,1972,,,0,94,,1973,,,0,100,,1974,,,0,102,,1975,,,0,106,,1976,,,0,103,,1977,,,0,99,,1978,,,0
500,'2509-HIV-26a05H-s-Samedi-00',730,,1990,,,0,98,,1979,,,0,100,,1980,,,0,100,,1981,,,0,100,,1982,,,0,96,,1983,,,0,98,,1984,,,0,100,,1985,,,0,100,,1986,,,0,100,,1987,,,0,100,,1988,,,0,193,,1989,,,0
500,'2509-HIV-26a05H-w-Mercredi-00',654,,2002,,,0,61,,2003,,,0,41,,2004,,,0,76,,1991,,,0,104,,1992,,,0,100,,1993,,,0,105,,1994,,,0,101,,1995,,,0,84,,1996,,,0,94,,1997,,,0,100,,1998,,,0,102,,1999,,,0,106,,2000,,,0,103,,2005,,,0,99,,2001,,,0
500,'2509-HIV-26a05Hlv-L-Ma-J-V-00',654,,2017,,,0,61,,2018,,,0,41,,2019,,,0,76,,2006,,,0,104,,2007,,,0,100,,2008,,,0,105,,2009,,,0,101,,2010,,,0,84,,2011,,,0,94,,2012,,,0,100,,2013,,,0,102,,2014,,,0,106,,2015,,,0,103,,2020,,,0,99,,2016,,,0
500,'2509-HIV-26b23Vlv-Semaine-00',654,,2021,,,0,102,,2022,,,0,76,,2023,,,0,104,,2024,,,0,100,,2025,,,0,105,,2026,,,0,101,,2027,,,0,84,,2028,,,0,94,,2029,,,0,100,,2030,,,0,102,,2031,,,0,106,,2032,,,0,103,,2033,,,0,99,,2034,,,0
500,'2509-HIV-26c02Vlv-Semaine-00',654,,2035,,,0,102,,2036,,,0,76,,2037,,,0,104,,2038,,,0,100,,2039,,,0,105,,2040,,,0,101,,2041,,,0,84,,2042,,,0,94,,2043,,,0,100,,2044,,,0,102,,2045,,,0,106,,2046,,,0,103,,2047,,,0,99,,2048,,,0
