300,'S2-0_6',707,,54739,25,,,0,29,,54740,25,,,0,68,,54741,25,,,0,30,,54742,25,,,0,75,,54743,25,,,0,33,,54744,25,,,0,75,,54745,25,,,0,34,,54746,25,,,0,72,,54747,25,,,0,32,,54738,25,,,0,73,,54737,25,,,0,73,,54736,25,,,0,32,,54735,25,,,0,72,,54713,25,,,0,28,,54714,25,,,0,69,,54715,25,,,0,28,,54716,25,,,0,28,,54717,25,,,0,68,,54718,25,,,0,32,,54719,25,,,0,68,,54720,25,,,0,27,,54721,25,,,0,68,,54722,25,,,0,29,,54723,25,,,0,67,,54724,25,,,0,26,,54725,25,,,0,66,,54726,25,,,0,23,,54727,25,,,0,24,,54749,25,,,0,66,,54748,25,,,0,24,,54728,13,,,0,70,,54729,13,,,0,30,,54730,13,,,0,70,,54731,13,,,0,30,,54732,13,,,0,70,,54733,13,,,0,30,,54734,13,,,0
300,'S2-1_7',909,,54772,25,,,0,33,,54773,25,,,0,75,,54774,25,,,0,34,,54775,25,,,0,72,,54766,25,,,0,32,,54771,25,,,0,73,,54770,25,,,0,73,,54769,25,,,0,32,,54768,25,,,0,72,,54750,25,,,0,28,,54751,25,,,0,69,,54752,25,,,0,28,,54753,25,,,0,28,,54754,25,,,0,68,,54755,25,,,0,32,,54756,25,,,0,68,,54757,25,,,0,27,,54758,25,,,0,68,,54759,25,,,0,29,,54760,25,,,0,67,,54761,25,,,0,26,,54762,25,,,0,66,,54763,25,,,0,23,,54764,25,,,0,24,,54767,25,,,0,66,,54765,25,,,0
300,'S2-2_1',707,,54795,25,,,0,29,,54796,25,,,0,68,,54797,25,,,0,30,,54798,25,,,0,75,,54799,25,,,0,33,,54800,25,,,0,75,,54801,25,,,0,34,,54802,25,,,0,72,,54803,25,,,0,32,,54794,25,,,0,73,,54793,25,,,0,73,,54792,25,,,0,32,,54791,25,,,0,72,,54776,25,,,0,28,,54777,25,,,0,69,,54778,25,,,0,28,,54779,25,,,0,28,,54780,25,,,0,68,,54781,25,,,0,32,,54782,25,,,0,68,,54783,25,,,0,27,,54784,25,,,0,68,,54785,25,,,0,29,,54786,25,,,0,67,,54787,25,,,0,26,,54788,25,,,0,66,,54789,25,,,0,23,,54790,25,,,0,24,,54805,25,,,0,66,,54804,25,,,0
300,'S2-2_2',707,,54825,25,,,0,29,,54826,25,,,0,68,,54827,25,,,0,30,,54828,25,,,0,75,,54829,25,,,0,33,,54830,25,,,0,75,,54831,25,,,0,34,,54832,25,,,0,72,,54833,25,,,0,32,,54824,25,,,0,73,,54823,25,,,0,73,,54822,25,,,0,32,,54821,25,,,0,72,,54806,25,,,0,28,,54807,25,,,0,69,,54808,25,,,0,28,,54809,25,,,0,28,,54810,25,,,0,68,,54811,25,,,0,32,,54812,25,,,0,68,,54813,25,,,0,27,,54814,25,,,0,68,,54815,25,,,0,29,,54816,25,,,0,67,,54817,25,,,0,26,,54818,25,,,0,66,,54819,25,,,0,23,,54820,25,,,0,24,,54835,25,,,0,66,,54834,25,,,0
300,'S2-2_3',707,,54855,25,,,0,29,,54856,25,,,0,68,,54857,25,,,0,30,,54858,25,,,0,75,,54859,25,,,0,33,,54860,25,,,0,75,,54861,25,,,0,34,,54862,25,,,0,72,,54863,25,,,0,32,,54854,25,,,0,73,,54853,25,,,0,73,,54852,25,,,0,32,,54851,25,,,0,72,,54836,25,,,0,28,,54837,25,,,0,69,,54838,25,,,0,28,,54839,25,,,0,28,,54840,25,,,0,68,,54841,25,,,0,32,,54842,25,,,0,68,,54843,25,,,0,27,,54844,25,,,0,68,,54845,25,,,0,29,,54846,25,,,0,67,,54847,25,,,0,26,,54848,25,,,0,66,,54849,25,,,0,23,,54850,25,,,0,24,,54865,25,,,0,66,,54864,25,,,0
300,'S2-2_4',707,,54885,25,,,0,29,,54886,25,,,0,68,,54887,25,,,0,30,,54888,25,,,0,75,,54889,25,,,0,33,,54890,25,,,0,75,,54891,25,,,0,34,,54892,25,,,0,72,,54893,25,,,0,32,,54884,25,,,0,73,,54883,25,,,0,73,,54882,25,,,0,32,,54881,25,,,0,72,,54866,25,,,0,28,,54867,25,,,0,69,,54868,25,,,0,28,,54869,25,,,0,28,,54870,25,,,0,68,,54871,25,,,0,32,,54872,25,,,0,68,,54873,25,,,0,27,,54874,25,,,0,68,,54875,25,,,0,29,,54876,25,,,0,67,,54877,25,,,0,26,,54878,25,,,0,66,,54879,25,,,0,23,,54880,25,,,0,24,,54895,25,,,0,66,,54894,25,,,0
300,'S2-2_5',707,,54922,25,,,0,29,,54923,25,,,0,68,,54924,25,,,0,30,,54925,25,,,0,75,,54926,25,,,0,33,,54927,25,,,0,75,,54928,25,,,0,34,,54929,25,,,0,72,,54930,25,,,0,32,,54921,25,,,0,73,,54920,25,,,0,73,,54919,25,,,0,32,,54918,25,,,0,72,,54896,25,,,0,28,,54897,25,,,0,69,,54898,25,,,0,28,,54899,25,,,0,28,,54900,25,,,0,68,,54901,25,,,0,32,,54902,25,,,0,68,,54903,25,,,0,27,,54904,25,,,0,68,,54905,25,,,0,29,,54906,25,,,0,67,,54907,25,,,0,26,,54908,25,,,0,66,,54909,25,,,0,23,,54910,25,,,0,24,,54932,25,,,0,66,,54931,25,,,0,24,,54911,13,,,0,70,,54912,13,,,0,30,,54913,13,,,0,70,,54914,13,,,0,30,,54915,13,,,0,70,,54916,13,,,0,30,,54917,13,,,0
300,'S2-3_1',707,,54952,25,,,0,29,,54953,25,,,0,68,,54954,25,,,0,30,,54955,25,,,0,75,,54956,25,,,0,33,,54957,25,,,0,75,,54958,25,,,0,34,,54959,25,,,0,72,,54960,25,,,0,32,,54951,25,,,0,73,,54950,25,,,0,73,,54949,25,,,0,32,,54948,25,,,0,72,,54933,25,,,0,28,,54934,25,,,0,69,,54935,25,,,0,28,,54936,25,,,0,28,,54937,25,,,0,68,,54938,25,,,0,32,,54939,25,,,0,68,,54940,25,,,0,27,,54941,25,,,0,68,,54942,25,,,0,29,,54943,25,,,0,67,,54944,25,,,0,26,,54945,25,,,0,66,,54946,25,,,0,23,,54947,25,,,0,24,,54962,25,,,0,66,,54961,25,,,0
300,'S2-3_3',707,,54982,25,,,0,29,,54983,25,,,0,68,,54984,25,,,0,30,,54985,25,,,0,75,,54986,25,,,0,33,,54987,25,,,0,75,,54988,25,,,0,34,,54989,25,,,0,72,,54990,25,,,0,32,,54981,25,,,0,73,,54980,25,,,0,73,,54979,25,,,0,32,,54978,25,,,0,72,,54963,25,,,0,28,,54964,25,,,0,69,,54965,25,,,0,28,,54966,25,,,0,28,,54967,25,,,0,68,,54968,25,,,0,32,,54969,25,,,0,68,,54970,25,,,0,27,,54971,25,,,0,68,,54972,25,,,0,29,,54973,25,,,0,67,,54974,25,,,0,26,,54975,25,,,0,66,,54976,25,,,0,23,,54977,25,,,0,24,,54992,25,,,0,66,,54991,25,,,0
300,'S2-3_4',707,,55012,25,,,0,29,,55013,25,,,0,68,,55014,25,,,0,30,,55015,25,,,0,75,,55016,25,,,0,33,,55017,25,,,0,75,,55018,25,,,0,34,,55019,25,,,0,72,,55020,25,,,0,32,,55011,25,,,0,73,,55010,25,,,0,73,,55009,25,,,0,32,,55008,25,,,0,72,,54993,25,,,0,28,,54994,25,,,0,69,,54995,25,,,0,28,,54996,25,,,0,28,,54997,25,,,0,68,,54998,25,,,0,32,,54999,25,,,0,68,,55000,25,,,0,27,,55001,25,,,0,68,,55002,25,,,0,29,,55003,25,,,0,67,,55004,25,,,0,26,,55005,25,,,0,66,,55006,25,,,0,23,,55007,25,,,0,24,,55022,25,,,0,66,,55021,25,,,0
300,'S2-4_7',707,,55042,25,,,0,29,,55043,25,,,0,68,,55044,25,,,0,30,,55045,25,,,0,75,,55046,25,,,0,33,,55047,25,,,0,75,,55048,25,,,0,34,,55049,25,,,0,72,,55050,25,,,0,32,,55041,25,,,0,73,,55040,25,,,0,73,,55039,25,,,0,32,,55038,25,,,0,72,,55023,25,,,0,28,,55024,25,,,0,69,,55025,25,,,0,28,,55026,25,,,0,28,,55027,25,,,0,68,,55028,25,,,0,32,,55029,25,,,0,68,,55030,25,,,0,27,,55031,25,,,0,68,,55032,25,,,0,29,,55033,25,,,0,67,,55034,25,,,0,26,,55035,25,,,0,66,,55036,25,,,0,23,,55037,25,,,0,24,,55052,25,,,0,66,,55051,25,,,0
