1600,'S2-1_6',1315,,10229,6,0,54 55,0,395,,10231,6,,,0
1600,'S2-5_1',1315,,10241,6,0,54 55,0,395,,10243,6,,,0
1600,'S2-5_2',1315,,10253,6,0,54 55,0,395,,10255,6,,,0
1600,'S2-5_4',1315,,10265,6,0,54 55,0,395,,10267,6,,,0
1600,'S2-5_5',1315,,10277,6,0,54 55,0,395,,10279,6,,,0
1600,'S2-6_3',1315,,10289,6,0,54 55,0,395,,10291,6,,,0
1601,'S2-1_6',1230,,10299,20,,,0
1601,'S2-5_1',1230,,10309,20,,,0
1601,'S2-5_2',1230,,10319,20,,,0
1601,'S2-5_4',1230,,10329,20,,,0
1601,'S2-5_5',1230,,10339,20,,,0
1601,'S2-6_3',1230,,10349,20,,,0
2100,'S2-5_1',1650,,10620,1,,,0
2100,'S2-5_2',1650,,10622,1,,,0
2100,'S2-5_4',1650,,10624,1,,,0
2100,'S2-5_5',1650,,10627,1,,,0
2100,'S2-6_3',1650,,10629,1,,,0
2101,'S2-5_1',749,,10631,5,,,0
2101,'S2-5_2',749,,10634,5,,,0
2101,'S2-5_4',749,,10637,5,,,0
2101,'S2-5_5',749,,10640,5,,,0
2101,'S2-6_3',749,,10643,5,,,0
