400,'2_6',741,,31221,42,0,40,0,105,,31222,42,0,40,0,72,,31215,54,0,40,0,27,,31223,42,0,40,0,72,,31224,42,0,40,0,30,,31225,42,0,40,0,71,,31216,54,0,40,0,31,,31226,42,0,40,0,70,,31228,42,0,40,0,29,,31227,42,0,40,0,69,,31217,54,0,40,0,31,,31229,42,0,40,0,70,,31230,42,0,40,0,29,,31231,42,0,40,0,73,,31218,54,0,40,0,33,,31232,42,0,40,0,70,,31233,42,0,40,0,30,,31234,42,0,40,0,73,,31219,54,0,40,0,33,,31235,42,0,40,0,70,,31236,42,0,40,0,71,,31237,42,0,40,0,29,,31220,54,0,40,0,71,,31238,42,0,40,0
400,'3_7',940,,31239,42,0,40,0,100,,31240,42,0,40,0,100,,31241,42,0,40,0,100,,31242,42,0,40,0,100,,31243,42,0,40,0,100,,31244,42,0,40,0,100,,31245,42,0,40,0,100,,31246,42,0,40,0,100,,31247,42,0,40,0,100,,31248,42,0,40,0
400,'4_7',940,,46882,42,0,40,0,100,,46883,42,0,40,0,100,,46884,42,0,40,0,100,,46885,42,0,40,0,100,,46886,42,0,40,0,100,,46887,42,0,40,0,100,,46888,42,0,40,0,100,,46889,42,0,40,0,100,,46890,42,0,40,0,100,,46891,42,0,40,0
400,'5_5',745,,39411,43,0,40,0,56,,39417,46,0,40,0,10,,39391,42,0,40,0,19,,39392,43,0,40,0,10,,39412,42,0,40,0,17,,39393,42,0,40,0,53,,39394,42,0,40,0,37,,39395,42,0,40,0,73,,39396,54,0,40,0,30,,39397,42,0,40,0,71,,39398,42,0,40,0,35,,39399,42,0,40,0,76,,39400,42,0,40,0,23,,39415,42,0,40,0,70,,39413,55,0,40,0,26,,39401,42,0,40,0,69,,39402,42,0,40,0,25,,39405,54,0,40,0,76,,39403,42,0,40,0,31,,39406,54,0,40,0,76,,39404,42,0,40,0,74,,39418,43,0,40,0,31,,39414,55,0,40,0,68,,39407,43,0,40,0,30,,39408,54,0,40,0,28,,39416,45,,,0,66,,39409,42,0,40,0,30,,39410,54,0,40,0
400,'6_1',745,,39439,43,0,40,0,56,,39445,46,0,40,0,10,,39419,42,0,40,0,19,,39420,43,0,40,0,10,,39440,42,0,40,0,17,,39421,42,0,40,0,53,,39422,42,0,40,0,37,,39423,42,0,40,0,73,,39424,54,0,40,0,30,,39425,42,0,40,0,71,,39426,42,0,40,0,35,,39427,42,0,40,0,76,,39428,42,0,40,0,23,,39443,42,0,40,0,70,,39441,55,0,40,0,26,,39429,42,0,40,0,69,,39430,42,0,40,0,25,,39433,54,0,40,0,76,,39431,42,0,40,0,31,,39434,54,0,40,0,76,,39432,42,0,40,0,74,,39446,43,0,40,0,31,,39442,55,0,40,0,68,,39435,43,0,40,0,30,,39436,54,0,40,0,28,,39444,45,,,0,66,,39437,42,0,40,0,30,,39438,54,0,40,0
400,'6_2',745,,44110,43,0,40,0,56,,44116,46,0,40,0,10,,44090,42,0,40,0,19,,44091,43,0,40,0,10,,44111,42,0,40,0,17,,44092,42,0,40,0,53,,44093,42,0,40,0,37,,44094,42,0,40,0,73,,44095,54,0,40,0,30,,44096,42,0,40,0,71,,44097,42,0,40,0,35,,44098,42,0,40,0,76,,44099,42,0,40,0,23,,44114,42,0,40,0,70,,44112,55,0,40,0,26,,44100,42,0,40,0,69,,44101,42,0,40,0,25,,44104,54,0,40,0,76,,44102,42,0,40,0,31,,44105,54,0,40,0,76,,44103,42,0,40,0,74,,44117,43,0,40,0,31,,44113,55,0,40,0,68,,44106,43,0,40,0,30,,44107,54,0,40,0,28,,44115,45,,,0,66,,44108,42,0,40,0,30,,44109,54,0,40,0
400,'6_3',745,,44138,43,0,40,0,56,,44144,46,0,40,0,10,,44118,42,0,40,0,19,,44119,43,0,40,0,10,,44139,42,0,40,0,17,,44120,42,0,40,0,53,,44121,42,0,40,0,37,,44122,42,0,40,0,73,,44123,54,0,40,0,30,,44124,42,0,40,0,71,,44125,42,0,40,0,35,,44126,42,0,40,0,76,,44127,42,0,40,0,23,,44142,42,0,40,0,70,,44140,55,0,40,0,26,,44128,42,0,40,0,69,,44129,42,0,40,0,25,,44132,54,0,40,0,76,,44130,42,0,40,0,31,,44133,54,0,40,0,76,,44131,42,0,40,0,74,,44145,43,0,40,0,31,,44141,55,0,40,0,68,,44134,43,0,40,0,30,,44135,54,0,40,0,28,,44143,45,,,0,66,,44136,42,0,40,0,30,,44137,54,0,40,0
400,'6_4',745,,44166,43,0,40,0,56,,44172,46,0,40,0,10,,44146,42,0,40,0,19,,44147,43,0,40,0,10,,44167,42,0,40,0,17,,44148,42,0,40,0,53,,44149,42,0,40,0,37,,44150,42,0,40,0,73,,44151,54,0,40,0,30,,44152,42,0,40,0,71,,44153,42,0,40,0,35,,44154,42,0,40,0,76,,44155,42,0,40,0,23,,44170,42,0,40,0,70,,44168,55,0,40,0,26,,44156,42,0,40,0,69,,44157,42,0,40,0,25,,44160,54,0,40,0,76,,44158,42,0,40,0,31,,44161,54,0,40,0,76,,44159,42,0,40,0,74,,44173,43,0,40,0,31,,44169,55,0,40,0,68,,44162,43,0,40,0,30,,44163,54,0,40,0,28,,44171,45,,,0,66,,44164,42,0,40,0,30,,44165,54,0,40,0
400,'7_1',750,,46916,43,0,40,0,59,,46920,12,0,23 51,0,6,,46892,42,0,40,0,18,,46893,43,0,40,0,11,,46917,42,0,40,0,14,,46894,42,0,40,0,53,,46895,42,0,40,0,30,,46896,42,0,40,0,80,,46897,54,0,40,0,31,,46898,42,0,40,0,70,,46899,42,0,40,0,35,,46900,42,0,40,0,77,,46901,42,0,40,0,68,,46921,45,,,0,25,,46918,55,0,40,0,24,,46902,42,0,40,0,67,,46903,42,0,40,0,29,,46906,54,0,40,0,75,,46904,42,0,40,0,31,,46907,54,0,40,0,78,,46905,42,0,40,0,83,,46924,46,0,40,0,15,,46908,26,0,40,0,10,,46919,55,0,40,0,8,,46909,42,0,40,0,65,,46925,46,,,0,4,,46910,54,0,40,0,22,,46914,26,0,40,0,62,,46922,45,,,0,29,,46912,42,0,40,0,25,,46913,54,0,40,0
2300,'7_1',1623,,47270,23,,,0,105,,47271,23,,,0,95,,47272,23,,,0
