900501,'5_4',2101,,13111,,,0,40,,13112,,,0,90,,13113,,,0,90,,13114,,,0,90,,13115,,,0,48,,13116,,,0,70,,13117,,,0,30,,13118,,,0
3000001,'1_6',635,,10916,,,0,80,,10917,,,0,44,,10918,,,0,78,,10919,,,0,20,,10920,,,0,59,,10921,,,0,20,,10922,,,0,20,,10923,,,0,60,,10924,,,0,20,,10925,,,0,20,,10926,,,0,60,,10927,,,0,21,,10928,,,0,20,,10929,,,0,59,,10930,,,0,20,,10931,,,0,20,,10932,,,0,60,,10933,,,0,20,,10934,,,0,20,,10935,,,0,60,,10936,,,0,20,,10937,,,0,21,,10938,,,0,60,,10939,,,0,20,,10940,,,0,20,,10941,,,0,60,,10942,,,0,20,,10943,,,0,20,,10944,,,0,60,,10945,,,0,20,,10946,,,0,19,,10947,,,0,60,,10948,,,0,20,,10949,,,0,20,,10950,,,0,71,,10952,,,0,29,,10953,,,0,70,,10951,,,0,29,,10954,,,0
3000001,'3_2',645,,11047,,,0,59,,11006,,,0,20,,11007,,,0,20,,11008,,,0,60,,11009,,,0,20,,11010,,,0,19,,11011,,,0,60,,11012,,,0,20,,11013,,,0,19,,11014,,,0,60,,11015,,,0,20,,11016,,,0,19,,11017,,,0,61,,11018,,,0,20,,11019,,,0,20,,11020,,,0,59,,11021,,,0,20,,11022,,,0,20,,11023,,,0,60,,11024,,,0,20,,11025,,,0,19,,11026,,,0,61,,11027,,,0,20,,11028,,,0,19,,11029,,,0,61,,11030,,,0,20,,11031,,,0,20,,11032,,,0,60,,11033,,,0,20,,11034,,,0,20,,11035,,,0,60,,11036,,,0,20,,11037,,,0,21,,11038,,,0,60,,11039,,,0,19,,11040,,,0,22,,11041,,,0,61,,11042,,,0,21,,11043,,,0,31,,11044,,,0,67,,11045,,,0,30,,11046,,,0
3000001,'3_3',645,,11089,,,0,59,,11048,,,0,20,,11049,,,0,20,,11050,,,0,60,,11051,,,0,20,,11052,,,0,19,,11053,,,0,60,,11054,,,0,20,,11055,,,0,19,,11056,,,0,60,,11057,,,0,20,,11058,,,0,19,,11059,,,0,61,,11060,,,0,20,,11061,,,0,20,,11062,,,0,59,,11063,,,0,20,,11064,,,0,20,,11065,,,0,60,,11066,,,0,20,,11067,,,0,19,,11068,,,0,61,,11069,,,0,20,,11070,,,0,19,,11071,,,0,61,,11072,,,0,20,,11073,,,0,20,,11074,,,0,60,,11075,,,0,20,,11076,,,0,20,,11077,,,0,60,,11078,,,0,20,,11079,,,0,21,,11080,,,0,60,,11081,,,0,19,,11082,,,0,22,,11083,,,0,61,,11084,,,0,21,,11085,,,0,31,,11086,,,0,67,,11087,,,0,30,,11088,,,0
3000001,'3_4',645,,11131,,,0,59,,11090,,,0,20,,11091,,,0,20,,11092,,,0,60,,11093,,,0,20,,11094,,,0,19,,11095,,,0,60,,11096,,,0,20,,11097,,,0,19,,11098,,,0,60,,11099,,,0,20,,11100,,,0,19,,11101,,,0,61,,11102,,,0,20,,11103,,,0,20,,11104,,,0,59,,11105,,,0,20,,11106,,,0,20,,11107,,,0,60,,11108,,,0,20,,11109,,,0,19,,11110,,,0,61,,11111,,,0,20,,11112,,,0,19,,11113,,,0,61,,11114,,,0,20,,11115,,,0,20,,11116,,,0,60,,11117,,,0,20,,11118,,,0,20,,11119,,,0,60,,11120,,,0,20,,11121,,,0,21,,11122,,,0,60,,11123,,,0,19,,11124,,,0,22,,11125,,,0,61,,11126,,,0,21,,11127,,,0,31,,11128,,,0,67,,11129,,,0,30,,11130,,,0
3000001,'3_5',645,,11173,,,0,59,,11132,,,0,20,,11133,,,0,20,,11134,,,0,60,,11135,,,0,20,,11136,,,0,19,,11137,,,0,60,,11138,,,0,20,,11139,,,0,19,,11140,,,0,60,,11141,,,0,20,,11142,,,0,19,,11143,,,0,61,,11144,,,0,20,,11145,,,0,20,,11146,,,0,59,,11147,,,0,20,,11148,,,0,20,,11149,,,0,60,,11150,,,0,20,,11151,,,0,19,,11152,,,0,61,,11153,,,0,20,,11154,,,0,19,,11155,,,0,61,,11156,,,0,20,,11157,,,0,20,,11158,,,0,60,,11159,,,0,20,,11160,,,0,20,,11161,,,0,60,,11162,,,0,20,,11163,,,0,21,,11164,,,0,60,,11165,,,0,19,,11166,,,0,22,,11167,,,0,61,,11168,,,0,21,,11169,,,0,31,,11170,,,0,67,,11171,,,0,30,,11172,,,0
3000001,'4_7',843,,11174,,,0,170,,11182,,,0,130,,11181,,,0,170,,11180,,,0,130,,11177,,,0,170,,11178,,,0,130,,11179,,,0,170,,11176,,,0,130,,11175,,,0
3000001,'5_1',643,,11224,,,0,58,,11183,,,0,19,,11184,,,0,20,,11185,,,0,61,,11186,,,0,21,,11187,,,0,20,,11188,,,0,61,,11189,,,0,20,,11190,,,0,19,,11191,,,0,60,,11192,,,0,20,,11193,,,0,20,,11194,,,0,59,,11195,,,0,19,,11196,,,0,21,,11197,,,0,59,,11198,,,0,22,,11199,,,0,21,,11200,,,0,60,,11201,,,0,19,,11202,,,0,19,,11203,,,0,61,,11204,,,0,20,,11205,,,0,20,,11206,,,0,60,,11207,,,0,22,,11208,,,0,20,,11209,,,0,59,,11210,,,0,11,,11225,0,13 14,0,8,,11211,,,0,11,,11226,0,13 14,0,11,,11212,,,0,10,,11227,0,13 14,0,50,,11213,,,0,11,,11228,0,13 14,0,10,,11214,,,0,10,,11229,0,13 14,0,11,,11215,,,0,8,,11230,0,13 14,0,49,,11216,,,0,10,,11231,0,13 14,0,9,,11217,,,0,11,,11232,0,13 14,0,11,,11218,,,0,60,,11219,,,0,23,,11220,,,0,26,,11221,,,0,69,,11222,,,0,32,,11223,,,0
3000001,'5_2',643,,11274,,,0,58,,11233,,,0,19,,11234,,,0,20,,11235,,,0,61,,11236,,,0,21,,11237,,,0,20,,11238,,,0,61,,11239,,,0,20,,11240,,,0,19,,11241,,,0,60,,11242,,,0,20,,11243,,,0,20,,11244,,,0,59,,11245,,,0,19,,11246,,,0,21,,11247,,,0,59,,11248,,,0,22,,11249,,,0,21,,11250,,,0,60,,11251,,,0,19,,11252,,,0,19,,11253,,,0,61,,11254,,,0,20,,11255,,,0,20,,11256,,,0,60,,11257,,,0,22,,11258,,,0,20,,11259,,,0,59,,11260,,,0,11,,11275,0,13 14,0,8,,11261,,,0,11,,11276,0,13 14,0,11,,11262,,,0,10,,11277,0,13 14,0,50,,11263,,,0,11,,11278,0,13 14,0,10,,11264,,,0,10,,11279,0,13 14,0,11,,11265,,,0,8,,11280,0,13 14,0,49,,11266,,,0,10,,11281,0,13 14,0,9,,11267,,,0,11,,11282,0,13 14,0,11,,11268,,,0,60,,11269,,,0,23,,11270,,,0,26,,11271,,,0,69,,11272,,,0,32,,11273,,,0
3000001,'5_4',643,,13574,,,0,58,,13533,,,0,19,,13534,,,0,20,,13535,,,0,61,,13536,,,0,21,,13537,,,0,20,,13538,,,0,61,,13539,,,0,20,,13540,,,0,19,,13541,,,0,60,,13542,,,0,20,,13543,,,0,20,,13544,,,0,59,,13545,,,0,19,,13546,,,0,21,,13547,,,0,59,,13548,,,0,22,,13549,,,0,21,,13550,,,0,60,,13551,,,0,19,,13552,,,0,19,,13553,,,0,61,,13554,,,0,20,,13555,,,0,20,,13556,,,0,60,,13557,,,0,22,,13558,,,0,20,,13559,,,0,59,,13560,,,0,11,,13575,0,13 14,0,8,,13561,,,0,11,,13576,0,13 14,0,11,,13562,,,0,10,,13577,0,13 14,0,50,,13563,,,0,11,,13578,0,13 14,0,10,,13564,,,0,10,,13579,0,13 14,0,11,,13565,,,0,8,,13580,0,13 14,0,49,,13566,,,0,10,,13581,0,13 14,0,9,,13567,,,0,11,,13582,0,13 14,0,11,,13568,,,0,60,,13569,,,0,23,,13570,,,0,26,,13571,,,0,69,,13572,,,0,32,,13573,,,0
3000001,'5_5',643,,14836,,,0,58,,14795,,,0,19,,14796,,,0,20,,14797,,,0,61,,14798,,,0,21,,14799,,,0,20,,14800,,,0,61,,14801,,,0,20,,14802,,,0,19,,14803,,,0,60,,14804,,,0,20,,14805,,,0,20,,14806,,,0,59,,14807,,,0,19,,14808,,,0,21,,14809,,,0,59,,14810,,,0,22,,14811,,,0,21,,14812,,,0,60,,14813,,,0,19,,14814,,,0,19,,14815,,,0,61,,14816,,,0,20,,14817,,,0,20,,14818,,,0,60,,14819,,,0,22,,14820,,,0,20,,14821,,,0,59,,14822,,,0,11,,14837,0,13 14,0,8,,14823,,,0,11,,14838,0,13 14,0,11,,14824,,,0,10,,14839,0,13 14,0,50,,14825,,,0,11,,14840,0,13 14,0,10,,14826,,,0,10,,14841,0,13 14,0,11,,14827,,,0,8,,14842,0,13 14,0,49,,14828,,,0,10,,14843,0,13 14,0,9,,14829,,,0,11,,14844,0,13 14,0,11,,14830,,,0,60,,14831,,,0,23,,14832,,,0,26,,14833,,,0,69,,14834,,,0,32,,14835,,,0
3000001,'6_3',643,,11324,,,0,58,,11283,,,0,19,,11284,,,0,20,,11285,,,0,61,,11286,,,0,21,,11287,,,0,20,,11288,,,0,61,,11289,,,0,20,,11290,,,0,19,,11291,,,0,60,,11292,,,0,20,,11293,,,0,20,,11294,,,0,59,,11295,,,0,19,,11296,,,0,21,,11297,,,0,59,,11298,,,0,22,,11299,,,0,21,,11300,,,0,60,,11301,,,0,19,,11302,,,0,19,,11303,,,0,61,,11304,,,0,20,,11305,,,0,20,,11306,,,0,60,,11307,,,0,22,,11308,,,0,20,,11309,,,0,59,,11310,,,0,11,,11325,0,13 14,0,8,,11311,,,0,11,,11326,0,13 14,0,11,,11312,,,0,10,,11327,0,13 14,0,50,,11313,,,0,11,,11328,0,13 14,0,10,,11314,,,0,10,,11329,0,13 14,0,11,,11315,,,0,8,,11330,0,13 14,0,49,,11316,,,0,10,,11331,0,13 14,0,9,,11317,,,0,11,,11332,0,13 14,0,11,,11318,,,0,60,,11319,,,0,23,,11320,,,0,26,,11321,,,0,69,,11322,,,0,32,,11323,,,0
