'2401-HIV-24b26H-s-Samedi-00',301,75300,4,'',0,7100,4,'',0,3100,4,'',0,7100,4,'',0,3100,4,'',0,7000,4,'',0,3100,4,'',0,7000,4,'',0,3100,4,'',0,6900,4,'',0,2800,4,'',0,6900,4,'',0,2900,4,'',0,7200,4,'',0,3000,4,'',0,7100,4,'',0,3000,4,'',0,7200,4,'',0,7200,4,'',0,3000,4,'',0,7100,4,'',0,3100,4,'',0,7100,4,'',0,2800,4,'',0,2700,4,'',0,6800,4,'',0,2900,4,'',0,6300,4,'',0
'2401-HIV-24b26H-w-Mercredi-00',301,74900,4,'',0,6100,4,'',0,3400,4,'',0,7300,4,'',0,3000,4,'',0,7100,4,'',0,3300,4,'',0,7200,4,'',0,3300,4,'',0,7400,4,'',0,7100,4,'',0,3100,4,'',0,7300,4,'',0,3200,4,'',0,7100,4,'',0,3100,4,'',0,6700,4,'',0,2800,4,'',0,7000,4,'',0,3000,4,'',0,6900,4,'',0,3100,4,'',0,2300,4,'',0,6300,4,'',0,2100,4,'',0,6900,4,'',0,2900,4,'',0,7000,4,'',0
'2401-HIV-24d22Hlv-L-Ma-J-V-01',301,74900,4,'',0,6100,4,'',0,3400,4,'',0,7300,4,'',0,3000,4,'',0,7100,4,'',0,3300,4,'',0,7200,4,'',0,3300,4,'',0,7400,4,'',0,7100,4,'',0,3100,4,'',0,7300,4,'',0,3200,4,'',0,7100,4,'',0,3100,4,'',0,6700,4,'',0,2800,4,'',0,7000,4,'',0,3000,4,'',0,6900,4,'',0,3100,4,'',0,2300,4,'',0,6300,4,'',0,2100,4,'',0,6900,4,'',0,2900,4,'',0,7000,4,'',0
'2401-HIV-24e12H-d-Dimanche-01',301,91700,4,'',0,3000,4,'',0,7100,4,'',0,3100,4,'',0,7000,4,'',0,3100,4,'',0,6900,4,'',0,2800,4,'',0,6900,4,'',0,2900,4,'',0,7200,4,'',0,3100,4,'',0,7000,4,'',0,3000,4,'',0,7200,4,'',0,3200,4,'',0,7000,4,'',0,3200,4,'',0,7100,4,'',0,3000,4,'',0,7000,4,'',0,2700,4,'',0,6800,4,'',0,2800,4,'',0,6400,4,'',0
'2401-HIV-24g04Hlv-L-Ma-J-V-00',301,74900,4,'',0,6100,4,'',0,3400,4,'',0,7300,4,'',0,3000,4,'',0,7100,4,'',0,3300,4,'',0,7200,4,'',0,3300,4,'',0,7400,4,'',0,7100,4,'',0,3100,4,'',0,7300,4,'',0,3200,4,'',0,7100,4,'',0,3100,4,'',0,6700,4,'',0,2800,4,'',0,7000,4,'',0,3000,4,'',0,6900,4,'',0,3100,4,'',0,2300,4,'',0,6300,4,'',0,2100,4,'',0,6900,4,'',0,2900,4,'',0,7000,4,'',0
'2401-HIV-S24e21-w-Mercredi-00-0010000',11401,131200,,'',0
'2401-HIV-S24e21lv-L-Ma-J-V-00-1101000',11501,173300,,'',0
'2401-HIV-S24e21lv-L-Ma-J-V-00-1101100',11501,163300,,'',0
'2401-HIV-24b26H-s-Samedi-00',900601,82300,4,'',0,11500,4,'',0,11500,4,'',0,16400,4,'',0,12500,4,'',0,16100,4,'',0,13000,4,'',0,12400,4,'',0
'2401-HIV-24b26H-w-Mercredi-00',900601,82300,4,'',0,11500,4,'',0,11500,4,'',0,16400,4,'',0,12500,4,'',0,16100,4,'',0,13000,4,'',0,12400,4,'',0
'2401-HIV-24d22Hlv-L-Ma-J-V-01',900601,82300,4,'',0,11500,4,'',0,11500,4,'',0,16400,4,'',0,12500,4,'',0,16100,4,'',0,13000,4,'',0,12400,4,'',0
'2401-HIV-24g04Hlv-L-Ma-J-V-00',900601,82300,4,'',0,11500,4,'',0,11500,4,'',0,16400,4,'',0,12500,4,'',0,16100,4,'',0,13000,4,'',0,12400,4,'',0
'2401-HIV-S24e21lv-L-Ma-J-V-00-1101100',30002200,84600,,'',0
'2401-HIV-S24e21lv-L-Ma-J-V-00-1101100',30002201,172900,,'',0
