201,'0_6',808,,63693,26,0,21,0,30,,63682,38,0,21,0,175,,63695,26,0,21,0,106,,63696,26,0,21,0,194,,63686,38,0,21,0,102,,63687,38,0,21,0,128,,63700,26,0,21,0,100,,63701,26,0,21,0,90,,63690,38,0,21,0,103,,63691,38,0,21,0,98,,63692,38,0,21,0,68,,63716,38,0,21,0
201,'1_7',902,,63717,26,0,21,0,125,,63718,26,0,21,0,125,,63719,26,0,21,0,165,,63720,26,0,21,0,110,,63721,26,0,21,0,125,,63722,26,0,21,0,165,,63723,26,0,21,0,125,,63724,26,0,21,0
201,'2_1',808,,63737,26,0,21,0,30,,63726,38,0,21,0,175,,63739,26,0,21,0,106,,63740,26,0,21,0,194,,63730,38,0,21,0,102,,63731,38,0,21,0,128,,63744,26,0,21,0,100,,63745,26,0,21,0,90,,63734,38,0,21,0,103,,63735,38,0,21,0,98,,63736,38,0,21,0,68,,63760,38,0,21,0
201,'2_2',808,,63773,26,0,21,0,30,,63762,38,0,21,0,175,,63775,26,0,21,0,106,,63776,26,0,21,0,194,,63766,38,0,21,0,102,,63767,38,0,21,0,128,,63780,26,0,21,0,100,,63781,26,0,21,0,90,,63770,38,0,21,0,103,,63771,38,0,21,0,98,,63772,38,0,21,0,68,,63796,38,0,21,0
201,'2_3',808,,63809,26,0,21,0,30,,63798,38,0,21,0,175,,63811,26,0,21,0,106,,63812,26,0,21,0,194,,63802,38,0,21,0,102,,63803,38,0,21,0,128,,63816,26,0,21,0,100,,63817,26,0,21,0,90,,63806,38,0,21,0,103,,63807,38,0,21,0,98,,63808,38,0,21,0,68,,63832,38,0,21,0
201,'2_4',808,,63845,26,0,21,0,30,,63834,38,0,21,0,175,,63847,26,0,21,0,106,,63848,26,0,21,0,194,,63838,38,0,21,0,102,,63839,38,0,21,0,128,,63852,26,0,21,0,100,,63853,26,0,21,0,90,,63842,38,0,21,0,103,,63843,38,0,21,0,98,,63844,38,0,21,0,68,,63868,38,0,21,0
201,'2_5',808,,63881,26,0,21,0,30,,63870,38,0,21,0,175,,63883,26,0,21,0,106,,63884,26,0,21,0,194,,63874,38,0,21,0,102,,63875,38,0,21,0,128,,63888,26,0,21,0,100,,63889,26,0,21,0,90,,63878,38,0,21,0,103,,63879,38,0,21,0,98,,63880,38,0,21,0,68,,63904,38,0,21,0
201,'3_1',808,,63917,26,0,21,0,30,,63906,38,0,21,0,175,,63919,26,0,21,0,106,,63920,26,0,21,0,194,,63910,38,0,21,0,102,,63911,38,0,21,0,128,,63924,26,0,21,0,100,,63925,26,0,21,0,90,,63914,38,0,21,0,103,,63915,38,0,21,0,98,,63916,38,0,21,0,68,,63940,38,0,21,0
201,'3_3',808,,63953,26,0,21,0,30,,63942,38,0,21,0,175,,63955,26,0,21,0,106,,63956,26,0,21,0,194,,63946,38,0,21,0,102,,63947,38,0,21,0,128,,63960,26,0,21,0,100,,63961,26,0,21,0,90,,63950,38,0,21,0,103,,63951,38,0,21,0,98,,63952,38,0,21,0,68,,63976,38,0,21,0
201,'3_4',808,,63989,26,0,21,0,30,,63978,38,0,21,0,175,,63991,26,0,21,0,106,,63992,26,0,21,0,194,,63982,38,0,21,0,102,,63983,38,0,21,0,128,,63996,26,0,21,0,100,,63997,26,0,21,0,90,,63986,38,0,21,0,103,,63987,38,0,21,0,98,,63988,38,0,21,0,68,,64012,38,0,21,0
201,'3_5',808,,64025,26,0,21,0,30,,64014,38,0,21,0,175,,64027,26,0,21,0,106,,64028,26,0,21,0,194,,64018,38,0,21,0,102,,64019,38,0,21,0,128,,64032,26,0,21,0,100,,64033,26,0,21,0,90,,64022,38,0,21,0,103,,64023,38,0,21,0,98,,64024,38,0,21,0,68,,64048,38,0,21,0
201,'4_7',902,,64049,26,0,21,0,125,,64050,26,0,21,0,125,,64051,26,0,21,0,165,,64052,26,0,21,0,110,,64053,26,0,21,0,125,,64054,26,0,21,0,165,,64055,26,0,21,0,125,,64056,26,0,21,0
