100,'1_3',748,,48093,49,0,61 8,0,56,,48090,49,0,61 8,0,15,,48094,49,0,61 8,0,13,,48081,49,,,0,13,,48100,49,0,61 8,0,69,,48095,49,0,61 8,0,26,,48082,49,0,61 8,0,78,,48096,49,0,61 8,0,38,,48083,49,0,61 8,0,80,,48097,49,0,61 8,0,80,,48084,49,0,61 8,0,18,,48101,49,,,0,19,,48112,26,,,0,3,,48102,49,,,0,72,,48085,49,0,61 8,0,24,,48098,49,0,61 8,0,66,,48086,49,0,61 8,0,35,,48099,49,0,61 8,0,82,,48087,49,0,61 8,0,66,,48103,49,,,0,37,,48092,49,0,61 8,0,20,,48104,49,,,0,55,,48109,26,0,61 8,0,25,,48105,49,,,0,11,,48088,49,0,61 8,0,57,,48106,49,,,0,16,,48089,49,0,61 8,0,13,,48107,49,,,0,23,,48079,49,,,0,72,,48108,49,0,61 8,0,75,,48080,49,,,0
100,'2_6',744,,29921,49,0,61 8,0,109,,29933,49,0,61 8,0,95,,29922,49,0,61 8,0,70,,29934,49,0,61 8,0,30,,29923,49,0,61 8,0,72,,29935,49,0,61 8,0,30,,29924,49,0,61 8,0,69,,29936,49,0,61 8,0,30,,29925,49,0,61 8,0,68,,29937,49,0,61 8,0,31,,29926,49,0,61 8,0,70,,29938,49,0,61 8,0,30,,29927,49,0,61 8,0,70,,29939,49,0,61 8,0,30,,29928,49,0,61 8,0,72,,29940,49,0,61 8,0,32,,29929,49,0,61 8,0,72,,29941,49,0,61 8,0,31,,29930,49,0,61 8,0,68,,29942,49,0,61 8,0,27,,29931,49,0,61 8,0,71,,29943,49,0,61 8,0,28,,29932,49,0,61 8,0
100,'3_7',946,,29944,49,0,61 8,0,104,,29949,49,0,61 8,0,106,,29945,49,0,61 8,0,144,,29950,49,0,61 8,0,50,,29946,49,0,61 8,0,100,,29951,49,0,61 8,0,106,,29947,49,0,61 8,0,145,,29952,49,0,61 8,0,104,,29948,49,0,61 8,0,105,,29953,49,0,61 8,0
100,'4_7',946,,46622,49,0,61 8,0,104,,46627,49,0,61 8,0,106,,46623,49,0,61 8,0,144,,46628,49,0,61 8,0,50,,46624,49,0,61 8,0,100,,46629,49,0,61 8,0,106,,46625,49,0,61 8,0,145,,46630,49,0,61 8,0,104,,46626,49,0,61 8,0,105,,46631,49,0,61 8,0
100,'6_2',744,,43534,49,,,0,56,,43531,49,0,61 8,0,15,,43535,49,0,61 8,0,14,,43522,49,,,0,15,,43541,49,0,61 8,0,70,,43536,49,0,61 8,0,25,,43523,49,0,61 8,0,80,,43537,49,0,61 8,0,40,,43524,49,0,61 8,0,79,,43538,49,0,61 8,0,75,,43525,49,0,61 8,0,20,,43542,49,,,0,25,,43543,49,,,0,70,,43526,49,0,61 8,0,25,,43539,49,0,61 8,0,65,,43527,49,0,61 8,0,32,,43540,49,0,61 8,0,78,,43528,49,0,61 8,0,31,,43544,49,0,61 8,0,72,,43533,49,0,61 8,0,26,,43545,49,,,0,76,,43529,49,,,0,70,,43546,49,,,0,29,,43530,49,,,0,26,,43520,49,,,0,73,,43547,49,0,61 8,0,24,,43521,49,,,0
100,'6_3',744,,43562,49,,,0,56,,43559,49,0,61 8,0,15,,43563,49,0,61 8,0,14,,43550,49,,,0,15,,43569,49,0,61 8,0,70,,43564,49,0,61 8,0,25,,43551,49,0,61 8,0,80,,43565,49,0,61 8,0,40,,43552,49,0,61 8,0,79,,43566,49,0,61 8,0,75,,43553,49,0,61 8,0,20,,43570,49,,,0,25,,43571,49,,,0,70,,43554,49,0,61 8,0,25,,43567,49,0,61 8,0,65,,43555,49,0,61 8,0,32,,43568,49,0,61 8,0,78,,43556,49,0,61 8,0,31,,43572,49,0,61 8,0,72,,43561,49,0,61 8,0,26,,43573,49,,,0,76,,43557,49,,,0,70,,43574,49,,,0,29,,43558,49,,,0,26,,43548,49,,,0,73,,43575,49,0,61 8,0,24,,43549,49,,,0
100,'6_4',744,,43590,49,,,0,56,,43587,49,0,61 8,0,15,,43591,49,0,61 8,0,14,,43578,49,,,0,15,,43597,49,0,61 8,0,70,,43592,49,0,61 8,0,25,,43579,49,0,61 8,0,80,,43593,49,0,61 8,0,40,,43580,49,0,61 8,0,79,,43594,49,0,61 8,0,75,,43581,49,0,61 8,0,20,,43598,49,,,0,25,,43599,49,,,0,70,,43582,49,0,61 8,0,25,,43595,49,0,61 8,0,65,,43583,49,0,61 8,0,32,,43596,49,0,61 8,0,78,,43584,49,0,61 8,0,31,,43600,49,0,61 8,0,72,,43589,49,0,61 8,0,26,,43601,49,,,0,76,,43585,49,,,0,70,,43602,49,,,0,29,,43586,49,,,0,26,,43576,49,,,0,73,,43603,49,0,61 8,0,24,,43577,49,,,0
100,'7_1',748,,46646,49,0,61 8,0,56,,46643,49,0,61 8,0,15,,46647,49,0,61 8,0,13,,46634,49,,,0,13,,46653,49,0,61 8,0,69,,46648,49,0,61 8,0,26,,46635,49,0,61 8,0,78,,46649,49,0,61 8,0,38,,46636,49,0,61 8,0,80,,46650,49,0,61 8,0,80,,46637,49,0,61 8,0,18,,46654,49,,,0,22,,46655,49,,,0,72,,46638,49,0,61 8,0,24,,46651,49,0,61 8,0,66,,46639,49,0,61 8,0,35,,46652,49,0,61 8,0,82,,46640,49,0,61 8,0,66,,46656,49,,,0,37,,46645,49,0,61 8,0,20,,46657,49,,,0,55,,46662,26,0,61 8,0,25,,46658,49,,,0,11,,46641,49,0,61 8,0,52,,46665,33,,,0,5,,46659,49,,,0,16,,46642,49,0,61 8,0,13,,46660,49,,,0,5,,46666,33,,,0,18,,46632,49,,,0,72,,46661,49,0,61 8,0,75,,46633,49,,,0
100,'7_2',748,,48128,49,0,61 8,0,56,,48125,49,0,61 8,0,15,,48129,49,0,61 8,0,13,,48116,49,,,0,13,,48135,49,0,61 8,0,69,,48130,49,0,61 8,0,26,,48117,49,0,61 8,0,78,,48131,49,0,61 8,0,38,,48118,49,0,61 8,0,80,,48132,49,0,61 8,0,80,,48119,49,0,61 8,0,18,,48136,49,,,0,22,,48137,49,,,0,72,,48120,49,0,61 8,0,24,,48133,49,0,61 8,0,66,,48121,49,0,61 8,0,35,,48134,49,0,61 8,0,82,,48122,49,0,61 8,0,66,,48138,49,,,0,37,,48127,49,0,61 8,0,20,,48139,49,,,0,55,,48144,26,0,61 8,0,25,,48140,49,,,0,11,,48123,49,0,61 8,0,52,,48147,33,,,0,5,,48141,49,,,0,16,,48124,49,0,61 8,0,13,,48142,49,,,0,5,,48148,33,,,0,18,,48114,49,,,0,72,,48143,49,0,61 8,0,75,,48115,49,,,0
100,'7_4',748,,48163,49,0,61 8,0,56,,48160,49,0,61 8,0,15,,48164,49,0,61 8,0,13,,48151,49,,,0,13,,48170,49,0,61 8,0,69,,48165,49,0,61 8,0,26,,48152,49,0,61 8,0,78,,48166,49,0,61 8,0,38,,48153,49,0,61 8,0,80,,48167,49,0,61 8,0,80,,48154,49,0,61 8,0,18,,48171,49,,,0,22,,48172,49,,,0,72,,48155,49,0,61 8,0,24,,48168,49,0,61 8,0,66,,48156,49,0,61 8,0,35,,48169,49,0,61 8,0,82,,48157,49,0,61 8,0,66,,48173,49,,,0,37,,48162,49,0,61 8,0,20,,48174,49,,,0,55,,48179,26,0,61 8,0,25,,48175,49,,,0,11,,48158,49,0,61 8,0,52,,48182,33,,,0,5,,48176,49,,,0,16,,48159,49,0,61 8,0,13,,48177,49,,,0,5,,48183,33,,,0,18,,48149,49,,,0,72,,48178,49,0,61 8,0,75,,48150,49,,,0
100,'8_7',946,,51847,49,0,61 8,0,104,,51852,49,0,61 8,0,106,,51848,49,0,61 8,0,144,,51853,49,0,61 8,0,50,,51849,49,0,61 8,0,100,,51854,49,0,61 8,0,106,,51850,49,0,61 8,0,145,,51855,49,0,61 8,0,104,,51851,49,0,61 8,0,105,,51856,49,0,61 8,0
