901,'25j05H-Dimanche',945,,2786,,,0,300,,2788,0,8,0,300,,2789,0,8,0,300,,2787,,,0
901,'25j26H-Dimanche',945,,2790,,,0,300,,2792,0,8,0,300,,2793,0,8,0,300,,2791,,,0
901,'25k03H-Samedi',747,,2794,0,9 10 9,0,99,,2806,0,8,0,368,,2804,0,8,0,319,,2802,0,8,0,82,,2795,0,9 10 9,0,104,,2796,0,9 10 9,0,133,,2797,0,9 10 9,0,90,,2798,0,9 10 9,0
901,'25l22V-Semaine',747,,2807,0,11,0,66,,2808,0,12,0,105,,2809,0,9 10 9,0,288,,2813,0,8,0,327,,2820,0,8,0,91,,2816,0,9 10 9,0,96,,2817,0,9 10 9,0,127,,2818,0,9 10 9,0,95,,2819,0,9 10 9,0
901,'26a05H-Samedi',747,,2821,0,9 10 9,0,99,,2833,0,8,0,368,,2831,0,8,0,319,,2829,0,8,0,82,,2822,0,9 10 9,0,104,,2823,0,9 10 9,0,133,,2824,0,9 10 9,0,90,,2825,0,9 10 9,0
901,'26a05H-Mercredi',750,,2834,0,11,0,66,,2835,0,12,0,102,,2840,0,9 10 9,0,193,,2841,0,9 10 9,0,106,,2836,0,12,0,141,,2842,0,9 10 9,0,152,,2843,0,9 10 9,0,109,,2837,0,12,0,101,,2838,0,12,0,97,,2839,0,12,0,126,,2849,,,0
901,'26a05H-L-Ma-J-V',750,,2850,0,11,0,66,,2851,0,12,0,102,,2856,0,9 10 9,0,193,,2857,0,9 10 9,0,106,,2852,0,12,0,141,,2858,0,9 10 9,0,152,,2859,0,9 10 9,0,109,,2853,0,12,0,101,,2854,0,12,0,97,,2855,0,12,0,126,,2865,,,0
901,'26b23V-Semaine',747,,2866,0,11,0,66,,2867,0,12,0,105,,2868,0,9 10 9,0,288,,2872,0,8,0,327,,2879,0,8,0,91,,2875,0,9 10 9,0,96,,2876,0,9 10 9,0,127,,2877,0,9 10 9,0,95,,2878,0,9 10 9,0
901,'26c02V-Semaine',747,,2880,0,11,0,66,,2881,0,12,0,105,,2882,0,9 10 9,0,288,,2886,0,8,0,327,,2893,0,8,0,91,,2889,0,9 10 9,0,96,,2890,0,9 10 9,0,127,,2891,0,9 10 9,0,95,,2892,0,9 10 9,0
1001,'25j05H-Dimanche',933,,2995,,,0,420,,2996,,,0,500,,2997,,,0
1001,'25j26H-Dimanche',933,,2998,,,0,420,,2999,,,0,500,,3000,,,0
1001,'25k03H-Samedi',754,,3001,,,0,103,,3002,,,0,101,,3009,,,0,142,,3003,,,0,100,,3010,,,0,45,,3011,,,0,164,,3006,0,,0,38,,3012,,,0,187,,3007,,,0,118,,3008,,,0,90,,3004,,,0,107,,3005,,,0
1001,'25l22V-Semaine',754,,3013,,,0,99,,3015,,,0,105,,3018,,,0,142,,3016,,,0,100,,3019,,,0,45,,3020,,,0,164,,3014,,,0,38,,3024,,,0,187,,3021,,,0,118,,3022,,,0,90,,3023,,,0,107,,3017,,,0
1001,'26a05H-Samedi',754,,3025,,,0,103,,3026,,,0,101,,3033,,,0,142,,3027,,,0,100,,3034,,,0,45,,3035,,,0,164,,3030,0,,0,38,,3036,,,0,187,,3031,,,0,118,,3032,,,0,90,,3028,,,0,107,,3029,,,0
1001,'26a05H-Mercredi',757,,3037,,,0,99,,3039,,,0,86,,3040,,,0,79,,3044,,,0,86,,3041,,,0,50,,3045,,,0,83,,3046,,,0,70,,3047,,,0,101,,3038,,,0,38,,3048,,,0,183,,3049,,,0,318,,3043,,,0
1001,'26a05H-L-Ma-J-V',757,,3051,,,0,99,,3053,,,0,86,,3054,,,0,79,,3058,,,0,86,,3055,,,0,50,,3059,,,0,83,,3060,,,0,70,,3061,,,0,101,,3052,,,0,38,,3062,,,0,183,,3063,,,0,318,,3057,,,0
1001,'26b23V-Semaine',754,,3065,,,0,99,,3067,,,0,105,,3070,,,0,142,,3068,,,0,100,,3071,,,0,45,,3072,,,0,164,,3066,,,0,38,,3076,,,0,187,,3073,,,0,118,,3074,,,0,90,,3075,,,0,107,,3069,,,0
1001,'26c02V-Semaine',754,,3077,,,0,99,,3079,,,0,105,,3082,,,0,142,,3080,,,0,100,,3083,,,0,45,,3084,,,0,164,,3078,,,0,38,,3088,,,0,187,,3085,,,0,118,,3086,,,0,90,,3087,,,0,107,,3081,,,0
1101,'25j05H-Dimanche',931,,3121,,,0,920,,3122,,,0
1101,'25j26H-Dimanche',931,,3123,,,0,920,,3124,,,0
1101,'25k03H-Samedi',1618,,3125,,,0,119,,3126,,,0
1101,'25l22V-Semaine',1618,,3127,,,0,119,,3128,,,0
1101,'26a05H-Samedi',1618,,3129,,,0,119,,3130,,,0
1101,'26a05H-Mercredi',1618,,3131,,,0,119,,3132,,,0,94,,3133,,,0
1101,'26a05H-L-Ma-J-V',1618,,3134,,,0,119,,3135,,,0,94,,3136,,,0
1101,'26b23V-Semaine',1618,,3137,,,0,119,,3138,,,0
1101,'26c02V-Semaine',1618,,3139,,,0,119,,3140,,,0
1901,'26a05H-Mercredi0010000',1216,,3602,,,0,34,,3603,0,,0
1901,'26a05H-L-Ma-J-V1101100',1617,,3608,,,0,100,,3609,,,0,99,,3610,,,0
1000001,'25j05H-Dimanche',828,,5286,,,0,80,,5287,,,0,40,,5288,,,0,80,,5289,,,0,80,,5290,,,0,40,,5291,,,0,80,,5292,,,0,80,,5293,,,0,40,,5294,,,0,80,,5295,,,0,80,,5296,,,0,40,,5297,,,0,80,,5298,,,0,80,,5299,,,0,40,,5300,,,0,80,,5301,,,0,80,,5302,,,0,40,,5303,,,0
1000001,'25j26H-Dimanche',828,,5304,,,0,80,,5305,,,0,40,,5306,,,0,80,,5307,,,0,80,,5308,,,0,40,,5309,,,0,80,,5310,,,0,80,,5311,,,0,40,,5312,,,0,80,,5313,,,0,80,,5314,,,0,40,,5315,,,0,80,,5316,,,0,80,,5317,,,0,40,,5318,,,0,80,,5319,,,0,80,,5320,,,0,40,,5321,,,0
1000001,'25k03H-Samedi',557,,5322,,,0,82,,5323,,,0,81,,5324,,,0,30,,5325,,,0,69,,5326,,,0,29,,5327,,,0,55,,5328,,,0,16,,5329,,,0,15,,5330,,,0,16,,5331,,,0,55,,5332,,,0,15,,5333,,,0,16,,5334,,,0,14,,5335,,,0,56,,5336,,,0,15,,5337,,,0,15,,5338,,,0,16,,5339,,,0,54,,5340,,,0,16,,5341,,,0,15,,5342,,,0,14,,5343,,,0,57,,5344,,,0,16,,5345,,,0,9,,5346,,,0,10,,5347,,,0,9,,5348,,,0,50,,5350,,,0,10,,5349,,,0,10,,5351,,,0,11,,5352,,,0,12,,5353,,,0,9,,5354,,,0,49,,5355,,,0,10,,5356,,,0,11,,5357,,,0,10,,5358,,,0,10,,5359,,,0,11,,5360,,,0,51,,5361,,,0,9,,5362,,,0,10,,5363,,,0,10,,5364,,,0,13,,5365,,,0,9,,5366,,,0,49,,5367,,,0,10,,5368,,,0,9,,5370,,,0,9,,5369,,,0,10,,5371,,,0,9,,5372,,,0,50,,5374,,,0,9,,5373,,,0,9,,5375,,,0,9,,5376,,,0,9,,5378,,,0,10,,5377,,,0,10,,5379,,,0,53,,5380,,,0,19,,5381,,,0,17,,5382,,,0,61,,5383,,,0,21,,5384,,,0,16,,5385,,,0,59,,5386,,,0,20,,5387,,,0,20,,5388,,,0,60,,5389,,,0
1000001,'25l22V-Semaine',557,,5390,,,0,61,,5391,,,0,20,,5392,,,0,21,,5393,,,0,60,,5394,,,0,10,,5474,,,0,11,,5475,,,0,10,,5425,,,0,50,,5426,,,0,10,,5427,,,0,10,,5428,,,0,10,,5429,,,0,10,,5430,,,0,10,,5431,,,0,50,,5432,,,0,10,,5433,,,0,10,,5434,,,0,11,,5435,,,0,10,,5436,,,0,12,,5395,,,0,51,,5396,,,0,10,,5397,,,0,10,,5398,,,0,10,,5399,,,0,11,,5437,,,0,10,,5400,,,0,51,,5401,,,0,11,,5402,,,0,11,,5403,,,0,10,,5404,,,0,11,,5438,,,0,10,,5405,,,0,51,,5406,,,0,10,,5407,,,0,10,,5408,,,0,8,,5439,,,0,10,,5440,,,0,10,,5441,,,0,50,,5442,,,0,10,,5443,,,0,10,,5444,,,0,11,,5445,,,0,9,,5446,,,0,11,,5447,,,0,49,,5448,,,0,10,,5449,,,0,10,,5450,,,0,10,,5451,,,0,10,,5409,,,0,9,,5410,,,0,50,,5452,,,0,10,,5411,,,0,10,,5412,,,0,11,,5413,,,0,10,,5453,,,0,11,,5414,,,0,51,,5415,,,0,11,,5416,,,0,10,,5417,,,0,10,,5418,,,0,11,,5454,,,0,50,,5455,,,0,11,,5456,,,0,10,,5457,,,0,9,,5458,,,0,10,,5459,,,0,10,,5460,,,0,50,,5461,,,0,9,,5462,,,0,10,,5463,,,0,10,,5464,,,0,9,,5465,,,0,9,,5466,,,0,9,,5467,,,0,49,,5468,,,0,9,,5469,,,0,10,,5470,,,0,10,,5471,,,0,13,,5473,,,0,59,,5472,,,0,20,,5419,,,0,19,,5420,,,0,59,,5421,,,0,20,,5422,,,0,20,,5423,,,0,60,,5424,,,0
1000001,'26a05H-Samedi',557,,5476,,,0,82,,5477,,,0,81,,5478,,,0,30,,5479,,,0,69,,5480,,,0,29,,5481,,,0,55,,5482,,,0,16,,5483,,,0,15,,5484,,,0,16,,5485,,,0,55,,5486,,,0,15,,5487,,,0,16,,5488,,,0,14,,5489,,,0,56,,5490,,,0,15,,5491,,,0,15,,5492,,,0,16,,5493,,,0,54,,5494,,,0,16,,5495,,,0,15,,5496,,,0,14,,5497,,,0,57,,5498,,,0,16,,5499,,,0,9,,5500,,,0,10,,5501,,,0,9,,5502,,,0,50,,5504,,,0,10,,5503,,,0,10,,5505,,,0,11,,5506,,,0,12,,5507,,,0,9,,5508,,,0,49,,5509,,,0,10,,5510,,,0,11,,5511,,,0,10,,5512,,,0,10,,5513,,,0,11,,5514,,,0,51,,5515,,,0,9,,5516,,,0,10,,5517,,,0,10,,5518,,,0,13,,5519,,,0,9,,5520,,,0,49,,5521,,,0,10,,5522,,,0,9,,5524,,,0,9,,5523,,,0,10,,5525,,,0,9,,5526,,,0,50,,5528,,,0,9,,5527,,,0,9,,5529,,,0,9,,5530,,,0,9,,5532,,,0,10,,5531,,,0,10,,5533,,,0,53,,5534,,,0,19,,5535,,,0,17,,5536,,,0,61,,5537,,,0,21,,5538,,,0,16,,5539,,,0,59,,5540,,,0,20,,5541,,,0,20,,5542,,,0,60,,5543,,,0
1000001,'26a05H-Mercredi',557,,5544,,,0,60,,5545,,,0,20,,5546,,,0,20,,5547,,,0,62,,5548,,,0,10,,5628,,,0,11,,5629,,,0,10,,5579,,,0,50,,5580,,,0,10,,5581,,,0,11,,5582,,,0,10,,5583,,,0,9,,5584,,,0,10,,5585,,,0,50,,5586,,,0,10,,5587,,,0,10,,5588,,,0,10,,5589,,,0,12,,5590,,,0,11,,5549,,,0,51,,5550,,,0,10,,5551,,,0,9,,5552,,,0,11,,5553,,,0,11,,5591,,,0,11,,5554,,,0,51,,5555,,,0,10,,5556,,,0,11,,5557,,,0,10,,5558,,,0,11,,5592,,,0,52,,5559,,,0,11,,5560,,,0,10,,5561,,,0,8,,5562,,,0,9,,5593,,,0,10,,5594,,,0,10,,5595,,,0,50,,5596,,,0,10,,5597,,,0,10,,5598,,,0,10,,5599,,,0,9,,5600,,,0,10,,5601,,,0,51,,5602,,,0,10,,5603,,,0,10,,5604,,,0,10,,5605,,,0,11,,5563,,,0,50,,5564,,,0,9,,5606,,,0,10,,5565,,,0,9,,5566,,,0,11,,5567,,,0,11,,5607,,,0,52,,5568,,,0,12,,5569,,,0,11,,5570,,,0,10,,5571,,,0,9,,5572,,,0,10,,5608,,,0,52,,5609,,,0,11,,5610,,,0,12,,5611,,,0,11,,5612,,,0,8,,5613,,,0,10,,5614,,,0,49,,5615,,,0,8,,5616,,,0,10,,5617,,,0,9,,5618,,,0,8,,5619,,,0,9,,5620,,,0,49,,5621,,,0,8,,5622,,,0,9,,5623,,,0,9,,5624,,,0,10,,5625,,,0,12,,5627,,,0,59,,5626,,,0,20,,5573,,,0,20,,5574,,,0,60,,5575,,,0,20,,5576,,,0,19,,5577,,,0,60,,5578,,,0
1000001,'26a05H-L-Ma-J-V',557,,5630,,,0,60,,5631,,,0,20,,5632,,,0,20,,5633,,,0,62,,5634,,,0,10,,5714,,,0,11,,5715,,,0,10,,5665,,,0,50,,5666,,,0,10,,5667,,,0,11,,5668,,,0,10,,5669,,,0,9,,5670,,,0,10,,5671,,,0,50,,5672,,,0,10,,5673,,,0,10,,5674,,,0,10,,5675,,,0,12,,5676,,,0,11,,5635,,,0,51,,5636,,,0,10,,5637,,,0,9,,5638,,,0,11,,5639,,,0,11,,5677,,,0,11,,5640,,,0,51,,5641,,,0,10,,5642,,,0,11,,5643,,,0,10,,5644,,,0,11,,5678,,,0,52,,5645,,,0,11,,5646,,,0,10,,5647,,,0,8,,5648,,,0,9,,5679,,,0,10,,5680,,,0,10,,5681,,,0,50,,5682,,,0,10,,5683,,,0,10,,5684,,,0,10,,5685,,,0,9,,5686,,,0,10,,5687,,,0,51,,5688,,,0,10,,5689,,,0,10,,5690,,,0,10,,5691,,,0,11,,5649,,,0,50,,5650,,,0,9,,5692,,,0,10,,5651,,,0,9,,5652,,,0,11,,5653,,,0,11,,5693,,,0,52,,5654,,,0,12,,5655,,,0,11,,5656,,,0,10,,5657,,,0,9,,5658,,,0,10,,5694,,,0,52,,5695,,,0,11,,5696,,,0,12,,5697,,,0,11,,5698,,,0,8,,5699,,,0,10,,5700,,,0,49,,5701,,,0,8,,5702,,,0,10,,5703,,,0,9,,5704,,,0,8,,5705,,,0,9,,5706,,,0,49,,5707,,,0,8,,5708,,,0,9,,5709,,,0,9,,5710,,,0,10,,5711,,,0,12,,5713,,,0,59,,5712,,,0,20,,5659,,,0,20,,5660,,,0,60,,5661,,,0,20,,5662,,,0,19,,5663,,,0,60,,5664,,,0
1000001,'26b23V-Semaine',557,,5716,,,0,61,,5717,,,0,20,,5718,,,0,21,,5719,,,0,60,,5720,,,0,10,,5800,,,0,11,,5801,,,0,10,,5751,,,0,50,,5752,,,0,10,,5753,,,0,10,,5754,,,0,10,,5755,,,0,10,,5756,,,0,10,,5757,,,0,50,,5758,,,0,10,,5759,,,0,10,,5760,,,0,11,,5761,,,0,10,,5762,,,0,12,,5721,,,0,51,,5722,,,0,10,,5723,,,0,10,,5724,,,0,10,,5725,,,0,11,,5763,,,0,10,,5726,,,0,51,,5727,,,0,11,,5728,,,0,11,,5729,,,0,10,,5730,,,0,11,,5764,,,0,10,,5731,,,0,51,,5732,,,0,10,,5733,,,0,10,,5734,,,0,8,,5765,,,0,10,,5766,,,0,10,,5767,,,0,50,,5768,,,0,10,,5769,,,0,10,,5770,,,0,11,,5771,,,0,9,,5772,,,0,11,,5773,,,0,49,,5774,,,0,10,,5775,,,0,10,,5776,,,0,10,,5777,,,0,10,,5735,,,0,9,,5736,,,0,50,,5778,,,0,10,,5737,,,0,10,,5738,,,0,11,,5739,,,0,10,,5779,,,0,11,,5740,,,0,51,,5741,,,0,11,,5742,,,0,10,,5743,,,0,10,,5744,,,0,11,,5780,,,0,50,,5781,,,0,11,,5782,,,0,10,,5783,,,0,9,,5784,,,0,10,,5785,,,0,10,,5786,,,0,50,,5787,,,0,9,,5788,,,0,10,,5789,,,0,10,,5790,,,0,9,,5791,,,0,9,,5792,,,0,9,,5793,,,0,49,,5794,,,0,9,,5795,,,0,10,,5796,,,0,10,,5797,,,0,13,,5799,,,0,59,,5798,,,0,20,,5745,,,0,19,,5746,,,0,59,,5747,,,0,20,,5748,,,0,20,,5749,,,0,60,,5750,,,0
1000001,'26c02V-Semaine',557,,5802,,,0,61,,5803,,,0,20,,5804,,,0,21,,5805,,,0,60,,5806,,,0,10,,5886,,,0,11,,5887,,,0,10,,5837,,,0,50,,5838,,,0,10,,5839,,,0,10,,5840,,,0,10,,5841,,,0,10,,5842,,,0,10,,5843,,,0,50,,5844,,,0,10,,5845,,,0,10,,5846,,,0,11,,5847,,,0,10,,5848,,,0,12,,5807,,,0,51,,5808,,,0,10,,5809,,,0,10,,5810,,,0,10,,5811,,,0,11,,5849,,,0,10,,5812,,,0,51,,5813,,,0,11,,5814,,,0,11,,5815,,,0,10,,5816,,,0,11,,5850,,,0,10,,5817,,,0,51,,5818,,,0,10,,5819,,,0,10,,5820,,,0,8,,5851,,,0,10,,5852,,,0,10,,5853,,,0,50,,5854,,,0,10,,5855,,,0,10,,5856,,,0,11,,5857,,,0,9,,5858,,,0,11,,5859,,,0,49,,5860,,,0,10,,5861,,,0,10,,5862,,,0,10,,5863,,,0,10,,5821,,,0,9,,5822,,,0,50,,5864,,,0,10,,5823,,,0,10,,5824,,,0,11,,5825,,,0,10,,5865,,,0,11,,5826,,,0,51,,5827,,,0,11,,5828,,,0,10,,5829,,,0,10,,5830,,,0,11,,5866,,,0,50,,5867,,,0,11,,5868,,,0,10,,5869,,,0,9,,5870,,,0,10,,5871,,,0,10,,5872,,,0,50,,5873,,,0,9,,5874,,,0,10,,5875,,,0,10,,5876,,,0,9,,5877,,,0,9,,5878,,,0,9,,5879,,,0,49,,5880,,,0,9,,5881,,,0,10,,5882,,,0,10,,5883,,,0,13,,5885,,,0,59,,5884,,,0,20,,5831,,,0,19,,5832,,,0,59,,5833,,,0,20,,5834,,,0,20,,5835,,,0,60,,5836,,,0
