100,'2509-HIV-25j05H-d-Dimanche-00',912,,8077,0,46,0,105,,8082,0,46,0,106,,8078,0,46,0,104,,8083,0,46,0,90,,8079,0,46,0,100,,8084,0,46,0,105,,8080,0,46,0,105,,8085,0,46,0,105,,8081,0,46,0,105,,8086,0,46,0
100,'2509-HIV-25j26H-d-Dimanche-00',912,,8091,0,46,0,105,,8096,0,46,0,106,,8092,0,46,0,104,,8097,0,46,0,90,,8093,0,46,0,100,,8098,0,46,0,105,,8094,0,46,0,105,,8099,0,46,0,105,,8095,0,46,0,105,,8100,0,46,0
100,'2509-HIV-25k03H-s-Samedi-00',708,,8105,0,46,0,109,,8117,0,46,0,95,,8106,0,46,0,30,,8118,0,46,0,69,,8107,0,46,0,33,,8119,0,46,0,69,,8108,0,46,0,29,,8120,0,46,0,71,,8109,0,46,0,29,,8121,0,46,0,70,,8110,0,46,0,30,,8122,0,46,0,70,,8111,0,46,0,31,,8123,0,46,0,69,,8112,0,46,0,31,,8124,0,46,0,70,,8113,0,46,0,31,,8125,0,46,0,73,,8114,0,46,0,29,,8126,0,46,0,70,,8115,0,46,0,32,,8127,0,46,0,69,,8116,0,46,0
100,'2509-HIV-25l22Vlv-Semaine-00',706,,8142,,,0,15,,8139,0,46,0,15,,8143,0,46,0,15,,8130,,,0,55,,8149,0,46,0,16,,8140,0,6 7,0,15,,8144,0,46,0,64,,8131,0,46,0,39,,8145,0,46,0,80,,8132,0,46,0,80,,8146,0,46,0,35,,8133,0,46,0,21,,8150,,,0,65,,8151,,,0,30,,8134,0,46,0,65,,8147,0,46,0,24,,8135,0,46,0,72,,8148,0,46,0,38,,8136,0,46,0,70,,8152,0,46,0,31,,8141,0,46,0,64,,8153,,,0,34,,8137,,,0,71,,8154,,,0,30,,8138,,,0,70,,8128,,,0,37,,8155,0,46,0,65,,8129,,,0
100,'2509-HIV-26a05H-s-Samedi-00',708,,8156,0,46,0,109,,8168,0,46,0,95,,8157,0,46,0,30,,8169,0,46,0,69,,8158,0,46,0,33,,8170,0,46,0,69,,8159,0,46,0,29,,8171,0,46,0,71,,8160,0,46,0,29,,8172,0,46,0,70,,8161,0,46,0,30,,8173,0,46,0,70,,8162,0,46,0,31,,8174,0,46,0,69,,8163,0,46,0,31,,8175,0,46,0,70,,8164,0,46,0,31,,8176,0,46,0,73,,8165,0,46,0,29,,8177,0,46,0,70,,8166,0,46,0,32,,8178,0,46,0,69,,8167,0,46,0
100,'2509-HIV-26a05H-w-Mercredi-00',704,,8193,0,46,0,14,,8190,0,46,0,16,,8194,0,46,0,16,,8181,,,0,55,,8200,0,46,0,20,,8191,0,6 7,0,10,,8195,0,46,0,67,,8182,0,46,0,38,,8196,0,46,0,78,,8183,0,46,0,39,,8197,0,46,0,78,,8184,0,46,0,19,,8201,,,0,65,,8202,,,0,31,,8185,0,46,0,65,,8198,0,46,0,25,,8186,0,46,0,75,,8199,0,46,0,40,,8187,0,46,0,64,,8203,,,0,35,,8192,0,46,0,60,,8204,,,0,33,,8205,,,0,9,,8188,0,46,0,58,,8206,,,0,25,,8189,0,46,0,15,,8207,,,0,67,,8179,,,0,35,,8208,0,46,0,75,,8180,,,0
100,'2509-HIV-26a05H-w-Mercredi-00-0010000',1204,,8210,0,6 7,0,5,,8211,0,6 7,0
100,'2509-HIV-26a05Hlv-L-Ma-J-V-00',704,,8227,0,46,0,14,,8224,0,46,0,16,,8228,0,46,0,16,,8215,,,0,55,,8234,0,46,0,20,,8225,0,6 7,0,10,,8229,0,46,0,67,,8216,0,46,0,38,,8230,0,46,0,78,,8217,0,46,0,39,,8231,0,46,0,78,,8218,0,46,0,19,,8235,,,0,65,,8236,,,0,31,,8219,0,46,0,65,,8232,0,46,0,25,,8220,0,46,0,75,,8233,0,46,0,40,,8221,0,46,0,64,,8237,,,0,35,,8226,0,46,0,60,,8238,,,0,33,,8239,,,0,9,,8222,0,46,0,58,,8240,,,0,25,,8223,0,46,0,15,,8241,,,0,67,,8213,,,0,35,,8242,0,46,0,75,,8214,,,0
100,'2509-HIV-26a05Hlv-L-Ma-J-V-00-1101100',1554,,8244,0,6 7,0,151,,8245,0,6 7,0,2,,8246,,,0,93,,8247,,,0
100,'2509-HIV-26b23Vlv-Semaine-00',706,,8262,,,0,15,,8259,0,46,0,15,,8263,0,46,0,15,,8250,,,0,55,,8269,0,46,0,16,,8260,0,6 7,0,15,,8264,0,46,0,64,,8251,0,46,0,39,,8265,0,46,0,80,,8252,0,46,0,80,,8266,0,46,0,35,,8253,0,46,0,21,,8270,,,0,65,,8271,,,0,30,,8254,0,46,0,65,,8267,0,46,0,24,,8255,0,46,0,72,,8268,0,46,0,38,,8256,0,46,0,70,,8272,0,46,0,31,,8261,0,46,0,64,,8273,,,0,34,,8257,,,0,71,,8274,,,0,30,,8258,,,0,70,,8248,,,0,37,,8275,0,46,0,65,,8249,,,0
100,'2509-HIV-26c02Vlv-Semaine-00',706,,8290,,,0,15,,8287,0,46,0,15,,8291,0,46,0,15,,8278,,,0,55,,8297,0,46,0,16,,8288,0,6 7,0,15,,8292,0,46,0,64,,8279,0,46,0,39,,8293,0,46,0,80,,8280,0,46,0,80,,8294,0,46,0,35,,8281,0,46,0,21,,8298,,,0,65,,8299,,,0,30,,8282,0,46,0,65,,8295,0,46,0,24,,8283,0,46,0,72,,8296,0,46,0,38,,8284,0,46,0,70,,8300,0,46,0,31,,8289,0,46,0,64,,8301,,,0,34,,8285,,,0,71,,8302,,,0,30,,8286,,,0,70,,8276,,,0,37,,8303,0,46,0,65,,8277,,,0
