300,'2509-HIV-25j05H-d-Dimanche-00',919,,9141,,,0,100,,9142,,,0,100,,9143,,,0,100,,9144,,,0,100,,9145,,,0,100,,9146,,,0,100,,9147,,,0,100,,9148,,,0,100,,9149,,,0,100,,9150,,,0,100,,9151,,,0
300,'2509-HIV-25j26H-d-Dimanche-00',919,,9152,,,0,100,,9153,,,0,100,,9154,,,0,100,,9155,,,0,100,,9156,,,0,100,,9157,,,0,100,,9158,,,0,100,,9159,,,0,100,,9160,,,0,100,,9161,,,0,100,,9162,,,0
300,'2509-HIV-25k03H-s-Samedi-00',701,,9163,,,0,30,,9165,,,0,69,,9166,,,0,30,,9164,,,0,70,,9168,,,0,29,,9169,,,0,29,,9167,,,0,71,,9170,,,0,30,,9171,,,0,70,,9174,,,0,29,,9173,,,0,69,,9172,,,0,28,,9176,,,0,70,,9175,,,0,30,,9177,,,0,69,,9178,,,0,32,,9179,,,0,72,,9180,,,0,31,,9181,,,0,71,,9182,,,0,72,,9183,,,0,32,,9184,,,0,70,,9185,,,0,31,,9190,,,0,71,,9186,,,0,30,,9187,,,0,65,,9188,,,0,30,,9189,,,0
300,'2509-HIV-25l22Vlv-Semaine-00',706,,9191,,,0,25,,9192,,,0,69,,9193,,,0,23,,9196,,,0,25,,9195,,,0,69,,9194,,,0,32,,9198,,,0,72,,9201,,,0,31,,9203,,,0,72,,9199,,,0,32,,9204,,,0,72,,9197,,,0,73,,9200,,,0,33,,9202,,,0,72,,9205,,,0,32,,9206,,,0,72,,9207,,,0,34,,9209,,,0,69,,9208,,,0,28,,9211,,,0,68,,9213,,,0,27,,9215,,,0,68,,9212,,,0,30,,9218,,,0,72,,9217,,,0,30,,9214,,,0,74,,9216,,,0,30,,9210,,,0
300,'2509-HIV-26a05H-s-Samedi-00',701,,9219,,,0,30,,9221,,,0,69,,9222,,,0,30,,9220,,,0,70,,9224,,,0,29,,9225,,,0,29,,9223,,,0,71,,9226,,,0,30,,9227,,,0,70,,9230,,,0,29,,9229,,,0,69,,9228,,,0,28,,9232,,,0,70,,9231,,,0,30,,9233,,,0,69,,9234,,,0,32,,9235,,,0,72,,9236,,,0,31,,9237,,,0,71,,9238,,,0,72,,9239,,,0,32,,9240,,,0,70,,9241,,,0,31,,9246,,,0,71,,9242,,,0,30,,9243,,,0,65,,9244,,,0,30,,9245,,,0
300,'2509-HIV-26a05H-w-Mercredi-00',659,,9247,,,0,64,,9248,,,0,32,,9249,,,0,64,,9250,,,0,25,,9251,,,0,70,,9252,,,0,32,,9253,,,0,72,,9254,,,0,32,,9255,,,0,72,,9256,,,0,32,,9257,,,0,72,,9258,,,0,32,,9259,,,0,72,,9260,,,0,72,,9261,,,0,32,,9262,,,0,72,,9263,,,0,33,,9264,,,0,70,,9266,,,0,27,,9267,,,0,68,,9268,,,0,29,,9269,,,0,70,,9270,,,0,30,,9274,,,0,71,,9271,,,0,31,,9272,,,0,73,,9273,,,0,30,,9265,,,0
300,'2509-HIV-26a05Hlv-L-Ma-J-V-00',659,,9275,,,0,64,,9276,,,0,32,,9277,,,0,64,,9278,,,0,25,,9279,,,0,70,,9280,,,0,32,,9281,,,0,72,,9282,,,0,32,,9283,,,0,72,,9284,,,0,32,,9285,,,0,72,,9286,,,0,32,,9287,,,0,72,,9288,,,0,72,,9289,,,0,32,,9290,,,0,72,,9291,,,0,33,,9292,,,0,70,,9294,,,0,27,,9295,,,0,68,,9296,,,0,29,,9297,,,0,70,,9298,,,0,30,,9302,,,0,71,,9299,,,0,31,,9300,,,0,73,,9301,,,0,30,,9293,,,0
300,'2509-HIV-26b23Vlv-Semaine-00',706,,9303,,,0,25,,9304,,,0,69,,9305,,,0,23,,9308,,,0,25,,9307,,,0,69,,9306,,,0,32,,9310,,,0,72,,9313,,,0,31,,9315,,,0,72,,9311,,,0,32,,9316,,,0,72,,9309,,,0,73,,9312,,,0,33,,9314,,,0,72,,9317,,,0,32,,9318,,,0,72,,9319,,,0,34,,9321,,,0,69,,9320,,,0,28,,9323,,,0,68,,9325,,,0,27,,9327,,,0,68,,9324,,,0,30,,9330,,,0,72,,9329,,,0,30,,9326,,,0,74,,9328,,,0,30,,9322,,,0
300,'2509-HIV-26c02Vlv-Semaine-00',706,,9331,,,0,25,,9332,,,0,69,,9333,,,0,23,,9336,,,0,25,,9335,,,0,69,,9334,,,0,32,,9338,,,0,72,,9341,,,0,31,,9343,,,0,72,,9339,,,0,32,,9344,,,0,72,,9337,,,0,73,,9340,,,0,33,,9342,,,0,72,,9345,,,0,32,,9346,,,0,72,,9347,,,0,34,,9349,,,0,69,,9348,,,0,28,,9351,,,0,68,,9353,,,0,27,,9355,,,0,68,,9352,,,0,30,,9358,,,0,72,,9357,,,0,30,,9354,,,0,74,,9356,,,0,30,,9350,,,0
900601,'2509-HIV-25k03H-s-Samedi-00',754,,12475,,,0,170,,12476,,,0,130,,12477,,,0,175,,12478,,,0,120,,12479,,,0,175,,12480,,,0,125,,12481,,,0,170,,12482,,,0
900601,'2509-HIV-25l22Vlv-Semaine-00',754,,12483,,,0,170,,12484,,,0,130,,12485,,,0,175,,12486,,,0,120,,12487,,,0,175,,12488,,,0,125,,12489,,,0,170,,12490,,,0
900601,'2509-HIV-26a05H-s-Samedi-00',754,,12491,,,0,170,,12492,,,0,130,,12493,,,0,175,,12494,,,0,120,,12495,,,0,175,,12496,,,0,125,,12497,,,0,170,,12498,,,0
900601,'2509-HIV-26a05H-w-Mercredi-00',754,,12499,,,0,170,,12500,,,0,130,,12501,,,0,175,,12502,,,0,120,,12503,,,0,175,,12504,,,0,125,,12505,,,0,170,,12506,,,0
900601,'2509-HIV-26a05Hlv-L-Ma-J-V-00',754,,12507,,,0,170,,12508,,,0,130,,12509,,,0,175,,12510,,,0,120,,12511,,,0,175,,12512,,,0,125,,12513,,,0,170,,12514,,,0
900601,'2509-HIV-26b23Vlv-Semaine-00',754,,12515,,,0,170,,12516,,,0,130,,12517,,,0,175,,12518,,,0,120,,12519,,,0,175,,12520,,,0,125,,12521,,,0,170,,12522,,,0
900601,'2509-HIV-26c02Vlv-Semaine-00',754,,12523,,,0,170,,12524,,,0,130,,12525,,,0,175,,12526,,,0,120,,12527,,,0,175,,12528,,,0,125,,12529,,,0,170,,12530,,,0
29000300,'2509-HIV-26a05H-w-Mercredi-00',714,,16068,,,0,30,,16069,,,0,69,,16070,,,0
29000300,'2509-HIV-26a05Hlv-L-Ma-J-V-00',714,,16071,,,0,30,,16072,,,0,69,,16073,,,0
