201,'0_6',708,,63705,11,0,62,0,142,,63706,11,0,20,0,100,,63707,11,0,62,0,150,,63708,11,0,64,0,111,,63709,11,0,20,0,103,,63710,11,0,20,0,106,,63711,11,0,20,0,105,,63712,11,0,20,0,101,,63713,11,0,20,0,103,,63714,11,0,20,0,105,,63715,11,0,62,0,93,,63716,11,0,21,0
201,'2_1',708,,63749,11,0,62,0,142,,63750,11,0,20,0,100,,63751,11,0,62,0,150,,63752,11,0,64,0,111,,63753,11,0,20,0,103,,63754,11,0,20,0,106,,63755,11,0,20,0,105,,63756,11,0,20,0,101,,63757,11,0,20,0,103,,63758,11,0,20,0,105,,63759,11,0,62,0,93,,63760,11,0,21,0
201,'2_2',708,,63785,11,0,62,0,142,,63786,11,0,20,0,100,,63787,11,0,62,0,150,,63788,11,0,64,0,111,,63789,11,0,20,0,103,,63790,11,0,20,0,106,,63791,11,0,20,0,105,,63792,11,0,20,0,101,,63793,11,0,20,0,103,,63794,11,0,20,0,105,,63795,11,0,62,0,93,,63796,11,0,21,0
201,'2_3',708,,63821,11,0,62,0,142,,63822,11,0,20,0,100,,63823,11,0,62,0,150,,63824,11,0,64,0,111,,63825,11,0,20,0,103,,63826,11,0,20,0,106,,63827,11,0,20,0,105,,63828,11,0,20,0,101,,63829,11,0,20,0,103,,63830,11,0,20,0,105,,63831,11,0,62,0,93,,63832,11,0,21,0
201,'2_4',708,,63857,11,0,62,0,142,,63858,11,0,20,0,100,,63859,11,0,62,0,150,,63860,11,0,64,0,111,,63861,11,0,20,0,103,,63862,11,0,20,0,106,,63863,11,0,20,0,105,,63864,11,0,20,0,101,,63865,11,0,20,0,103,,63866,11,0,20,0,105,,63867,11,0,62,0,93,,63868,11,0,21,0
201,'2_5',708,,63893,11,0,62,0,142,,63894,11,0,20,0,100,,63895,11,0,62,0,150,,63896,11,0,64,0,111,,63897,11,0,20,0,103,,63898,11,0,20,0,106,,63899,11,0,20,0,105,,63900,11,0,20,0,101,,63901,11,0,20,0,103,,63902,11,0,20,0,105,,63903,11,0,62,0,93,,63904,11,0,21,0
201,'3_1',708,,63929,11,0,62,0,142,,63930,11,0,20,0,100,,63931,11,0,62,0,150,,63932,11,0,64,0,111,,63933,11,0,20,0,103,,63934,11,0,20,0,106,,63935,11,0,20,0,105,,63936,11,0,20,0,101,,63937,11,0,20,0,103,,63938,11,0,20,0,105,,63939,11,0,62,0,93,,63940,11,0,21,0
201,'3_3',708,,63965,11,0,62,0,142,,63966,11,0,20,0,100,,63967,11,0,62,0,150,,63968,11,0,64,0,111,,63969,11,0,20,0,103,,63970,11,0,20,0,106,,63971,11,0,20,0,105,,63972,11,0,20,0,101,,63973,11,0,20,0,103,,63974,11,0,20,0,105,,63975,11,0,62,0,93,,63976,11,0,21,0
201,'3_4',708,,64001,11,0,62,0,142,,64002,11,0,20,0,100,,64003,11,0,62,0,150,,64004,11,0,64,0,111,,64005,11,0,20,0,103,,64006,11,0,20,0,106,,64007,11,0,20,0,105,,64008,11,0,20,0,101,,64009,11,0,20,0,103,,64010,11,0,20,0,105,,64011,11,0,62,0,93,,64012,11,0,21,0
201,'3_5',708,,64037,11,0,62,0,142,,64038,11,0,20,0,100,,64039,11,0,62,0,150,,64040,11,0,64,0,111,,64041,11,0,20,0,103,,64042,11,0,20,0,106,,64043,11,0,20,0,105,,64044,11,0,20,0,101,,64045,11,0,20,0,103,,64046,11,0,20,0,105,,64047,11,0,62,0,93,,64048,11,0,21,0
