900,'25j05H-Dimanche',900,,2664,,,0,300,,2662,,,0,300,,2663,,,0,300,,2665,,,0
900,'25j26H-Dimanche',900,,2668,,,0,300,,2666,,,0,300,,2667,,,0,300,,2669,,,0
900,'25k03H-Samedi',703,,2672,,,0,99,,2673,,,0,118,,2671,0,28,0,126,,2678,0,28,0,70,,2674,,,0,137,,2680,0,28,0,97,,2679,0,28,0,90,,2675,,,0,89,,2670,,,0,98,,2681,,,0,175,,2676,,,0,54,,2677,,,0
900,'25l22V-Semaine',659,,2683,,,0,65,,2684,,,0,79,,2686,,,0,23,,2688,,,0,1,,2687,,,0,86,,2685,,,0,90,,2689,,,0,49,,2693,0,28,0,64,,2690,,,0,129,,2692,0,28,0,105,,2694,0,28,0,90,,2696,,,0,98,,2699,,,0,89,,2697,,,0,173,,2695,,,0,57,,2698,,,0
900,'26a05H-Samedi',703,,2702,,,0,99,,2703,,,0,118,,2701,0,28,0,126,,2708,0,28,0,70,,2704,,,0,137,,2710,0,28,0,97,,2709,0,28,0,90,,2705,,,0,89,,2700,,,0,98,,2711,,,0,175,,2706,,,0,54,,2707,,,0
900,'26a05H-Mercredi',653,,2713,,,0,68,,2714,,,0,81,,2718,,,0,21,,2719,,,0,4,,2720,,,0,84,,2715,,,0,89,,2721,,,0,54,,2722,0,28,0,93,,2723,,,0,105,,2724,,,0,70,,2716,,,0,130,,2727,,,0,84,,2725,,,0,110,,2726,,,0,72,,2717,,,0,130,,2728,,,0,78,,2729,0,28,0
900,'26a05H-L-Ma-J-V',653,,2732,,,0,68,,2733,,,0,81,,2737,,,0,21,,2738,,,0,4,,2739,,,0,84,,2734,,,0,89,,2740,,,0,54,,2741,0,28,0,93,,2742,,,0,105,,2743,,,0,70,,2735,,,0,130,,2746,,,0,84,,2744,,,0,110,,2745,,,0,72,,2736,,,0,130,,2747,,,0,78,,2748,0,28,0
900,'26b23V-Semaine',659,,2751,,,0,65,,2752,,,0,79,,2754,,,0,23,,2756,,,0,1,,2755,,,0,86,,2753,,,0,90,,2757,,,0,49,,2761,0,28,0,64,,2758,,,0,129,,2760,0,28,0,105,,2762,0,28,0,90,,2764,,,0,98,,2767,,,0,89,,2765,,,0,173,,2763,,,0,57,,2766,,,0
900,'26c02V-Semaine',659,,2769,,,0,65,,2770,,,0,79,,2772,,,0,23,,2774,,,0,1,,2773,,,0,86,,2771,,,0,90,,2775,,,0,49,,2779,0,28,0,64,,2776,,,0,129,,2778,0,28,0,105,,2780,0,28,0,90,,2782,,,0,98,,2785,,,0,89,,2783,,,0,173,,2781,,,0,57,,2784,,,0
1600,'25k03H-Samedi',1027,,3345,,,0,293,,3347,,,0,423,,3350,,,0,163,,3346,,,0
1600,'25l22V-Semaine',1027,,3357,,,0,293,,3359,,,0,423,,3362,,,0,163,,3358,,,0
1600,'26a05H-Samedi',1027,,3369,,,0,293,,3371,,,0,423,,3374,,,0,163,,3370,,,0
1600,'26a05H-Mercredi',1027,,3381,,,0,293,,3383,,,0,423,,3386,,,0,163,,3382,,,0
1600,'26a05H-L-Ma-J-V',1027,,3393,,,0,293,,3395,,,0,423,,3398,,,0,163,,3394,,,0
1600,'26b23V-Semaine',1027,,3405,,,0,293,,3407,,,0,423,,3410,,,0,163,,3406,,,0
1600,'26c02V-Semaine',1027,,3417,,,0,293,,3419,,,0,423,,3422,,,0,163,,3418,,,0
