301,'S2-1_6',740,,8456,25,,,0,71,,8453,25,,,0,30,,8454,25,,,0,70,,8455,25,,,0,31,,8457,25,,,0,70,,8458,25,,,0,31,,8459,25,,,0,70,,8460,25,,,0,31,,8464,25,,,0,69,,8463,25,,,0,28,,8461,25,,,0,69,,8462,25,,,0,29,,8466,25,,,0,71,,8467,25,,,0,30,,8465,25,,,0,71,,8468,25,,,0,30,,8471,25,,,0,72,,8469,25,,,0,33,,8470,25,,,0,71,,8473,25,,,0,32,,8472,25,,,0,70,,8474,25,,,0,32,,8475,25,,,0,68,,8476,25,,,0,29,,8477,25,,,0,69,,8478,25,,,0,30,,8479,25,,,0,63,,8480,25,,,0
301,'S2-4_7',934,,8481,25,,,0,100,,8482,25,,,0,100,,8483,25,,,0,100,,8484,25,,,0,100,,8485,25,,,0,100,,8486,25,,,0,100,,8487,25,,,0,100,,8488,25,,,0,100,,8489,25,,,0,100,,8490,25,,,0,100,,8491,25,,,0
301,'S2-5_1',736,,8518,25,,,0,21,,8492,25,,,0,74,,8519,25,,,0,73,,8493,25,,,0,30,,8494,25,,,0,71,,8495,25,,,0,32,,8496,25,,,0,72,,8497,25,,,0,33,,8498,25,,,0,73,,8499,25,,,0,32,,8500,25,,,0,71,,8501,25,,,0,33,,8502,25,,,0,72,,8503,25,,,0,31,,8504,25,,,0,70,,8505,25,,,0,27,,8506,25,,,0,68,,8507,25,,,0,31,,8508,25,,,0,70,,8509,25,,,0,30,,8510,25,,,0,70,,8511,25,,,0,24,,8512,25,,,0,62,,8513,25,,,0,24,,8514,25,,,0,29,,8515,25,,,0,68,,8516,25,,,0,30,,8517,25,,,0
301,'S2-5_2',736,,8546,25,,,0,21,,8520,25,,,0,74,,8547,25,,,0,73,,8521,25,,,0,30,,8522,25,,,0,71,,8523,25,,,0,32,,8524,25,,,0,72,,8525,25,,,0,33,,8526,25,,,0,73,,8527,25,,,0,32,,8528,25,,,0,71,,8529,25,,,0,33,,8530,25,,,0,72,,8531,25,,,0,31,,8532,25,,,0,70,,8533,25,,,0,27,,8534,25,,,0,68,,8535,25,,,0,31,,8536,25,,,0,70,,8537,25,,,0,30,,8538,25,,,0,70,,8539,25,,,0,24,,8540,25,,,0,62,,8541,25,,,0,24,,8542,25,,,0,29,,8543,25,,,0,68,,8544,25,,,0,30,,8545,25,,,0
301,'S2-5_4',736,,8574,25,,,0,21,,8548,25,,,0,74,,8575,25,,,0,73,,8549,25,,,0,30,,8550,25,,,0,71,,8551,25,,,0,32,,8552,25,,,0,72,,8553,25,,,0,33,,8554,25,,,0,73,,8555,25,,,0,32,,8556,25,,,0,71,,8557,25,,,0,33,,8558,25,,,0,72,,8559,25,,,0,31,,8560,25,,,0,70,,8561,25,,,0,27,,8562,25,,,0,68,,8563,25,,,0,31,,8564,25,,,0,70,,8565,25,,,0,30,,8566,25,,,0,70,,8567,25,,,0,24,,8568,25,,,0,62,,8569,25,,,0,24,,8570,25,,,0,29,,8571,25,,,0,68,,8572,25,,,0,30,,8573,25,,,0
301,'S2-5_5',736,,8602,25,,,0,21,,8576,25,,,0,74,,8603,25,,,0,73,,8577,25,,,0,30,,8578,25,,,0,71,,8579,25,,,0,32,,8580,25,,,0,72,,8581,25,,,0,33,,8582,25,,,0,73,,8583,25,,,0,32,,8584,25,,,0,71,,8585,25,,,0,33,,8586,25,,,0,72,,8587,25,,,0,31,,8588,25,,,0,70,,8589,25,,,0,27,,8590,25,,,0,68,,8591,25,,,0,31,,8592,25,,,0,70,,8593,25,,,0,30,,8594,25,,,0,70,,8595,25,,,0,24,,8596,25,,,0,62,,8597,25,,,0,24,,8598,25,,,0,29,,8599,25,,,0,68,,8600,25,,,0,30,,8601,25,,,0
301,'S2-6_3',736,,8630,25,,,0,21,,8604,25,,,0,74,,8631,25,,,0,73,,8605,25,,,0,30,,8606,25,,,0,71,,8607,25,,,0,32,,8608,25,,,0,72,,8609,25,,,0,33,,8610,25,,,0,73,,8611,25,,,0,32,,8612,25,,,0,71,,8613,25,,,0,33,,8614,25,,,0,72,,8615,25,,,0,31,,8616,25,,,0,70,,8617,25,,,0,27,,8618,25,,,0,68,,8619,25,,,0,31,,8620,25,,,0,70,,8621,25,,,0,30,,8622,25,,,0,70,,8623,25,,,0,24,,8624,25,,,0,62,,8625,25,,,0,24,,8626,25,,,0,29,,8627,25,,,0,68,,8628,25,,,0,30,,8629,25,,,0
2900301,'S2-5_1',1727,,13520,11,,,0,28,,13521,11,,,0,73,,13522,11,,,0,21,,13523,11,,,0
2900301,'S2-5_2',1727,,13524,11,,,0,28,,13525,11,,,0,73,,13526,11,,,0,21,,13527,11,,,0
2900301,'S2-5_4',1727,,13528,11,,,0,28,,13529,11,,,0,73,,13530,11,,,0,21,,13531,11,,,0
2900301,'S2-5_5',1727,,13532,11,,,0,28,,13533,11,,,0,73,,13534,11,,,0,21,,13535,11,,,0
2900301,'S2-6_3',1727,,13536,11,,,0,28,,13537,11,,,0,73,,13538,11,,,0,21,,13539,11,,,0
