200,'2_6',813,,30378,41,0,35 37,0,105,,30379,41,0,35 37,0,106,,30380,32,0,35 37,0,106,,30381,41,0,35 37,0,109,,30382,41,0,35 37,0,100,,30383,32,0,35 37,0,102,,30384,41,0,35 37,0,102,,30385,41,0,35 37,0,112,,30386,41,0,35 37,0,102,,30387,41,0,35 37,0,94,,30401,41,0,35 37,0,89,,30388,44,0,35 37,0
200,'5_1',747,,37417,41,0,35 37,0,102,,37410,44,0,35 37,0,156,,37411,41,0,35 37,0,119,,37403,44,0,35 37,0,114,,37404,32,0,35 37,0,86,,37405,41,0,35 37,0,90,,37394,41,0,35 37,0,102,,37395,41,0,35 37,0,122,,37399,41,0,35 37,0,104,,37391,32,0,35 37,0,95,,37384,44,0,35 37,0,116,,37382,41,0,35 37,0
200,'5_2',747,,38673,41,0,35 37,0,102,,38666,44,0,35 37,0,156,,38667,41,0,35 37,0,119,,38659,44,0,35 37,0,114,,38660,32,0,35 37,0,86,,38661,41,0,35 37,0,90,,38650,41,0,35 37,0,102,,38651,41,0,35 37,0,122,,38655,41,0,35 37,0,104,,38647,32,0,35 37,0,95,,38640,44,0,35 37,0,116,,38638,41,0,35 37,0
200,'5_3',747,,38712,41,0,35 37,0,102,,38705,44,0,35 37,0,156,,38706,41,0,35 37,0,119,,38698,44,0,35 37,0,114,,38699,32,0,35 37,0,86,,38700,41,0,35 37,0,90,,38689,41,0,35 37,0,102,,38690,41,0,35 37,0,122,,38694,41,0,35 37,0,104,,38686,32,0,35 37,0,95,,38679,44,0,35 37,0,116,,38677,41,0,35 37,0
200,'5_4',747,,38751,41,0,35 37,0,102,,38744,44,0,35 37,0,156,,38745,41,0,35 37,0,119,,38737,44,0,35 37,0,114,,38738,32,0,35 37,0,86,,38739,41,0,35 37,0,90,,38728,41,0,35 37,0,102,,38729,41,0,35 37,0,122,,38733,41,0,35 37,0,104,,38725,32,0,35 37,0,95,,38718,44,0,35 37,0,116,,38716,41,0,35 37,0
200,'5_5',747,,38790,41,0,35 37,0,102,,38783,44,0,35 37,0,156,,38784,41,0,35 37,0,119,,38776,44,0,35 37,0,114,,38777,32,0,35 37,0,86,,38778,41,0,35 37,0,90,,38767,41,0,35 37,0,102,,38768,41,0,35 37,0,122,,38772,41,0,35 37,0,104,,38764,32,0,35 37,0,95,,38757,44,0,35 37,0,116,,38755,41,0,35 37,0
200,'6_1',747,,38829,41,0,35 37,0,102,,38822,44,0,35 37,0,156,,38823,41,0,35 37,0,119,,38815,44,0,35 37,0,114,,38816,32,0,35 37,0,86,,38817,41,0,35 37,0,90,,38806,41,0,35 37,0,102,,38807,41,0,35 37,0,122,,38811,41,0,35 37,0,104,,38803,32,0,35 37,0,95,,38796,44,0,35 37,0,116,,38794,41,0,35 37,0
200,'6_2',747,,43724,41,0,35 37,0,102,,43717,44,0,35 37,0,156,,43718,41,0,35 37,0,119,,43710,44,0,35 37,0,114,,43711,32,0,35 37,0,86,,43712,41,0,35 37,0,90,,43701,41,0,35 37,0,102,,43702,41,0,35 37,0,122,,43706,41,0,35 37,0,104,,43698,32,0,35 37,0,95,,43691,44,0,35 37,0,116,,43689,41,0,35 37,0
200,'6_3',747,,43763,41,0,35 37,0,102,,43756,44,0,35 37,0,156,,43757,41,0,35 37,0,119,,43749,44,0,35 37,0,114,,43750,32,0,35 37,0,86,,43751,41,0,35 37,0,90,,43740,41,0,35 37,0,102,,43741,41,0,35 37,0,122,,43745,41,0,35 37,0,104,,43737,32,0,35 37,0,95,,43730,44,0,35 37,0,116,,43728,41,0,35 37,0
200,'6_4',747,,43802,41,0,35 37,0,102,,43795,44,0,35 37,0,156,,43796,41,0,35 37,0,119,,43788,44,0,35 37,0,114,,43789,32,0,35 37,0,86,,43790,41,0,35 37,0,90,,43779,41,0,35 37,0,102,,43780,41,0,35 37,0,122,,43784,41,0,35 37,0,104,,43776,32,0,35 37,0,95,,43769,44,0,35 37,0,116,,43767,41,0,35 37,0
