500,'S2-0_6',659,,55872,22,,,0,71,,55873,22,,,0,100,,55874,22,,,0,102,,55875,22,,,0,98,,55876,22,,,0,100,,55877,22,,,0,99,,55878,22,,,0,98,,55879,22,,,0,80,,55880,22,,,0,39,,55881,22,,,0,99,,55882,22,,,0,102,,55883,22,,,0,100,,55884,22,,,0,74,,55885,22,,,0,27,,55886,22,,,0,97,,55887,22,,,0
500,'S2-1_7',1214,,55888,22,,,0,191,,55889,22,,,0,151,,55890,22,,,0,184,,55891,22,,,0,191,,55892,22,,,0
500,'S2-2_1',659,,55893,22,,,0,71,,55894,22,,,0,100,,55895,22,,,0,102,,55896,22,,,0,98,,55897,22,,,0,100,,55898,22,,,0,99,,55899,22,,,0,98,,55900,22,,,0,80,,55901,22,,,0,39,,55902,22,,,0,99,,55903,22,,,0,102,,55904,22,,,0,100,,55905,22,,,0,74,,55906,22,,,0,27,,55907,22,,,0,97,,55908,22,,,0
500,'S2-2_2',659,,55909,22,,,0,71,,55910,22,,,0,100,,55911,22,,,0,102,,55912,22,,,0,98,,55913,22,,,0,100,,55914,22,,,0,99,,55915,22,,,0,98,,55916,22,,,0,80,,55917,22,,,0,39,,55918,22,,,0,99,,55919,22,,,0,102,,55920,22,,,0,100,,55921,22,,,0,74,,55922,22,,,0,27,,55923,22,,,0,97,,55924,22,,,0
500,'S2-2_3',659,,55925,22,,,0,71,,55926,22,,,0,100,,55927,22,,,0,102,,55928,22,,,0,98,,55929,22,,,0,100,,55930,22,,,0,99,,55931,22,,,0,98,,55932,22,,,0,80,,55933,22,,,0,39,,55934,22,,,0,99,,55935,22,,,0,102,,55936,22,,,0,100,,55937,22,,,0,74,,55938,22,,,0,27,,55939,22,,,0,97,,55940,22,,,0
500,'S2-2_4',659,,55941,22,,,0,71,,55942,22,,,0,100,,55943,22,,,0,102,,55944,22,,,0,98,,55945,22,,,0,100,,55946,22,,,0,99,,55947,22,,,0,98,,55948,22,,,0,80,,55949,22,,,0,39,,55950,22,,,0,99,,55951,22,,,0,102,,55952,22,,,0,100,,55953,22,,,0,74,,55954,22,,,0,27,,55955,22,,,0,97,,55956,22,,,0
500,'S2-2_5',659,,55957,22,,,0,71,,55958,22,,,0,100,,55959,22,,,0,102,,55960,22,,,0,98,,55961,22,,,0,100,,55962,22,,,0,99,,55963,22,,,0,98,,55964,22,,,0,80,,55965,22,,,0,39,,55966,22,,,0,99,,55967,22,,,0,102,,55968,22,,,0,100,,55969,22,,,0,74,,55970,22,,,0,27,,55971,22,,,0,97,,55972,22,,,0
500,'S2-3_1',659,,55973,22,,,0,71,,55974,22,,,0,100,,55975,22,,,0,102,,55976,22,,,0,98,,55977,22,,,0,100,,55978,22,,,0,99,,55979,22,,,0,98,,55980,22,,,0,80,,55981,22,,,0,39,,55982,22,,,0,99,,55983,22,,,0,102,,55984,22,,,0,100,,55985,22,,,0,74,,55986,22,,,0,27,,55987,22,,,0,97,,55988,22,,,0
500,'S2-3_3',659,,55989,22,,,0,71,,55990,22,,,0,100,,55991,22,,,0,102,,55992,22,,,0,98,,55993,22,,,0,100,,55994,22,,,0,99,,55995,22,,,0,98,,55996,22,,,0,80,,55997,22,,,0,39,,55998,22,,,0,99,,55999,22,,,0,102,,56000,22,,,0,100,,56001,22,,,0,74,,56002,22,,,0,27,,56003,22,,,0,97,,56004,22,,,0
500,'S2-3_4',659,,56005,22,,,0,71,,56006,22,,,0,100,,56007,22,,,0,102,,56008,22,,,0,98,,56009,22,,,0,100,,56010,22,,,0,99,,56011,22,,,0,98,,56012,22,,,0,80,,56013,22,,,0,39,,56014,22,,,0,99,,56015,22,,,0,102,,56016,22,,,0,100,,56017,22,,,0,74,,56018,22,,,0,27,,56019,22,,,0,97,,56020,22,,,0
500,'S2-4_7',1214,,56021,22,,,0,191,,56022,22,,,0,151,,56023,22,,,0,184,,56024,22,,,0,191,,56025,22,,,0
