900600,'2509-HIV-25k03H-s-Samedi-00',905,,12419,4,,0,130,,12421,4,,0,165,,12422,4,,0,135,,12423,4,,0,120,,12424,4,,0,175,,12425,4,,0,170,,12426,4,,0,129,,12420,4,,0
900600,'2509-HIV-25l22Vlv-Semaine-00',905,,12427,4,,0,130,,12429,4,,0,165,,12430,4,,0,135,,12431,4,,0,120,,12432,4,,0,175,,12433,4,,0,170,,12434,4,,0,129,,12428,4,,0
900600,'2509-HIV-26a05H-s-Samedi-00',905,,12435,4,,0,130,,12437,4,,0,165,,12438,4,,0,135,,12439,4,,0,120,,12440,4,,0,175,,12441,4,,0,170,,12442,4,,0,129,,12436,4,,0
900600,'2509-HIV-26a05H-w-Mercredi-00',905,,12443,4,,0,130,,12445,4,,0,165,,12446,4,,0,135,,12447,4,,0,120,,12448,4,,0,175,,12449,4,,0,170,,12450,4,,0,129,,12444,4,,0
900600,'2509-HIV-26a05Hlv-L-Ma-J-V-00',905,,12451,4,,0,130,,12453,4,,0,165,,12454,4,,0,135,,12455,4,,0,120,,12456,4,,0,175,,12457,4,,0,170,,12458,4,,0,129,,12452,4,,0
900600,'2509-HIV-26b23Vlv-Semaine-00',905,,12459,4,,0,130,,12461,4,,0,165,,12462,4,,0,135,,12463,4,,0,120,,12464,4,,0,175,,12465,4,,0,170,,12466,4,,0,129,,12460,4,,0
900600,'2509-HIV-26c02Vlv-Semaine-00',905,,12467,4,,0,130,,12469,4,,0,165,,12470,4,,0,135,,12471,4,,0,120,,12472,4,,0,175,,12473,4,,0,170,,12474,4,,0,129,,12468,4,,0
900601,'2509-HIV-25k03H-s-Samedi-00',745,,12475,,,0,170,,12476,,,0,130,,12477,,,0,175,,12478,,,0,120,,12479,,,0,175,,12480,,,0,125,,12481,,,0,170,,12482,,,0
900601,'2509-HIV-25l22Vlv-Semaine-00',745,,12483,,,0,170,,12484,,,0,130,,12485,,,0,175,,12486,,,0,120,,12487,,,0,175,,12488,,,0,125,,12489,,,0,170,,12490,,,0
900601,'2509-HIV-26a05H-s-Samedi-00',745,,12491,,,0,170,,12492,,,0,130,,12493,,,0,175,,12494,,,0,120,,12495,,,0,175,,12496,,,0,125,,12497,,,0,170,,12498,,,0
900601,'2509-HIV-26a05H-w-Mercredi-00',745,,12499,,,0,170,,12500,,,0,130,,12501,,,0,175,,12502,,,0,120,,12503,,,0,175,,12504,,,0,125,,12505,,,0,170,,12506,,,0
900601,'2509-HIV-26a05Hlv-L-Ma-J-V-00',745,,12507,,,0,170,,12508,,,0,130,,12509,,,0,175,,12510,,,0,120,,12511,,,0,175,,12512,,,0,125,,12513,,,0,170,,12514,,,0
900601,'2509-HIV-26b23Vlv-Semaine-00',745,,12515,,,0,170,,12516,,,0,130,,12517,,,0,175,,12518,,,0,120,,12519,,,0,175,,12520,,,0,125,,12521,,,0,170,,12522,,,0
900601,'2509-HIV-26c02Vlv-Semaine-00',745,,12523,,,0,170,,12524,,,0,130,,12525,,,0,175,,12526,,,0,120,,12527,,,0,175,,12528,,,0,125,,12529,,,0,170,,12530,,,0
