1500,'1_6',745,,17454,20,,,0,61,,17455,20,,,0,114,,17456,20,,,0,117,,17457,20,,,0,118,,17458,20,,,0,80,,17459,20,,,0,75,,17460,20,,,0,97,,17461,20,,,0,223,,17462,20,,,0,109,,17463,20,,,0,98,,17464,20,,,0,109,,17465,20,,,0
1500,'5_1',745,,17467,20,,,0,61,,17468,20,,,0,114,,17469,20,,,0,117,,17470,20,,,0,118,,17471,20,,,0,80,,17472,20,,,0,75,,17473,20,,,0,97,,17474,20,,,0,223,,17475,20,,,0,109,,17476,20,,,0,98,,17477,20,,,0,109,,17478,20,,,0
1500,'5_2',745,,17480,20,,,0,61,,17481,20,,,0,114,,17482,20,,,0,117,,17483,20,,,0,118,,17484,20,,,0,80,,17485,20,,,0,75,,17486,20,,,0,97,,17487,20,,,0,223,,17488,20,,,0,109,,17489,20,,,0,98,,17490,20,,,0,109,,17491,20,,,0
1500,'5_4',745,,17493,20,,,0,61,,17494,20,,,0,114,,17495,20,,,0,117,,17496,20,,,0,118,,17497,20,,,0,80,,17498,20,,,0,75,,17499,20,,,0,97,,17500,20,,,0,223,,17501,20,,,0,109,,17502,20,,,0,98,,17503,20,,,0,109,,17504,20,,,0
1500,'5_5',745,,17506,20,,,0,61,,17507,20,,,0,114,,17508,20,,,0,117,,17509,20,,,0,118,,17510,20,,,0,80,,17511,20,,,0,75,,17512,20,,,0,97,,17513,20,,,0,223,,17514,20,,,0,109,,17515,20,,,0,98,,17516,20,,,0,109,,17517,20,,,0
1500,'6_3',745,,17519,20,,,0,61,,17520,20,,,0,114,,17521,20,,,0,117,,17522,20,,,0,118,,17523,20,,,0,80,,17524,20,,,0,75,,17525,20,,,0,97,,17526,20,,,0,223,,17527,20,,,0,109,,17528,20,,,0,98,,17529,20,,,0,109,,17530,20,,,0
1501,'1_6',655,,17532,10,,,0,58,,17533,10,,,0,95,,17534,10,,,0,21,,17535,10,,,0,117,,17536,10,,,0,156,,17537,10,,,0,118,,17538,10,,,0,94,,17539,10,,,0,119,,17540,10,,,0,222,,17541,10,,,0,150,,17542,10,,,0,95,,17543,10,,,0
1501,'5_1',655,,17545,10,,,0,58,,17546,10,,,0,95,,17547,10,,,0,21,,17548,10,,,0,117,,17549,10,,,0,156,,17550,10,,,0,118,,17551,10,,,0,94,,17552,10,,,0,119,,17553,10,,,0,222,,17554,10,,,0,150,,17555,10,,,0,95,,17556,10,,,0
1501,'5_2',655,,17558,10,,,0,58,,17559,10,,,0,95,,17560,10,,,0,21,,17561,10,,,0,117,,17562,10,,,0,156,,17563,10,,,0,118,,17564,10,,,0,94,,17565,10,,,0,119,,17566,10,,,0,222,,17567,10,,,0,150,,17568,10,,,0,95,,17569,10,,,0
1501,'5_4',655,,17571,10,,,0,58,,17572,10,,,0,95,,17573,10,,,0,21,,17574,10,,,0,117,,17575,10,,,0,156,,17576,10,,,0,118,,17577,10,,,0,94,,17578,10,,,0,119,,17579,10,,,0,222,,17580,10,,,0,150,,17581,10,,,0,95,,17582,10,,,0
1501,'5_5',655,,17584,10,,,0,58,,17585,10,,,0,95,,17586,10,,,0,21,,17587,10,,,0,117,,17588,10,,,0,156,,17589,10,,,0,118,,17590,10,,,0,94,,17591,10,,,0,119,,17592,10,,,0,222,,17593,10,,,0,150,,17594,10,,,0,95,,17595,10,,,0
1501,'6_3',655,,17597,10,,,0,58,,17598,10,,,0,95,,17599,10,,,0,21,,17600,10,,,0,117,,17601,10,,,0,156,,17602,10,,,0,118,,17603,10,,,0,94,,17604,10,,,0,119,,17605,10,,,0,222,,17606,10,,,0,150,,17607,10,,,0,95,,17608,10,,,0
