400,'S2-0_6',711,,55407,2,0,40,0,94,,55399,2,0,40,0,31,,55388,14,0,40,0,69,,55387,2,0,40,0,30,,55386,2,0,40,0,73,,55389,2,0,40,0,31,,55403,14,0,40,0,71,,55390,2,0,40,0,30,,55391,2,0,40,0,71,,55409,2,0,40,0,29,,55406,14,0,40,0,70,,55392,2,0,40,0,30,,55393,2,0,40,0,68,,55394,2,0,40,0,27,,55396,14,0,40,0,70,,55397,2,0,40,0,34,,55395,2,0,40,0,73,,55408,2,0,40,0,24,,55400,14,0,40,0,23,,55404,2,0,40,0,69,,55405,2,0,40,0,77,,55401,2,0,40,0,31,,55402,14,0,40,0,85,,55398,14,0,40,0
400,'S2-1_7',817,,55410,14,0,40,0,125,,55411,14,0,40,0,165,,55412,14,0,40,0,200,,55413,14,0,40,0,126,,55414,14,0,40,0,125,,55415,14,0,40,0,166,,55416,14,0,40,0,125,,55417,14,0,40,0
400,'S2-2_1',656,,55442,2,,,0,74,,55439,2,0,40,0,75,,55433,2,0,40,0,31,,55420,14,0,40,0,69,,55419,2,0,40,0,29,,55418,2,0,40,0,78,,55421,2,0,40,0,28,,55440,14,0,40,0,70,,55422,2,0,40,0,35,,55423,2,0,40,0,72,,55436,2,0,40,0,23,,55434,14,0,40,0,70,,55424,2,0,40,0,30,,55425,2,0,40,0,66,,55426,2,0,40,0,29,,55428,14,0,40,0,70,,55429,2,0,40,0,34,,55427,2,0,40,0,73,,55438,2,,,0,28,,55435,14,0,40,0,68,,55430,2,0,40,0,26,,55431,14,,,0,71,,55437,2,0,40,0,36,,55441,14,0,40,0,86,,55432,14,0,40,0
400,'S2-2_2',656,,55467,2,,,0,74,,55464,2,0,40,0,75,,55458,2,0,40,0,31,,55445,14,0,40,0,69,,55444,2,0,40,0,29,,55443,2,0,40,0,78,,55446,2,0,40,0,28,,55465,14,0,40,0,70,,55447,2,0,40,0,35,,55448,2,0,40,0,72,,55461,2,0,40,0,23,,55459,14,0,40,0,70,,55449,2,0,40,0,30,,55450,2,0,40,0,66,,55451,2,0,40,0,29,,55453,14,0,40,0,70,,55454,2,0,40,0,34,,55452,2,0,40,0,73,,55463,2,,,0,28,,55460,14,0,40,0,68,,55455,2,0,40,0,26,,55456,14,,,0,71,,55462,2,0,40,0,36,,55466,14,0,40,0,86,,55457,14,0,40,0
400,'S2-2_3',656,,55492,2,,,0,74,,55489,2,0,40,0,75,,55483,2,0,40,0,31,,55470,14,0,40,0,69,,55469,2,0,40,0,29,,55468,2,0,40,0,78,,55471,2,0,40,0,28,,55490,14,0,40,0,70,,55472,2,0,40,0,35,,55473,2,0,40,0,72,,55486,2,0,40,0,23,,55484,14,0,40,0,70,,55474,2,0,40,0,30,,55475,2,0,40,0,66,,55476,2,0,40,0,29,,55478,14,0,40,0,70,,55479,2,0,40,0,34,,55477,2,0,40,0,73,,55488,2,,,0,28,,55485,14,0,40,0,68,,55480,2,0,40,0,26,,55481,14,,,0,71,,55487,2,0,40,0,36,,55491,14,0,40,0,86,,55482,14,0,40,0
400,'S2-2_4',656,,55517,2,,,0,74,,55514,2,0,40,0,75,,55508,2,0,40,0,31,,55495,14,0,40,0,69,,55494,2,0,40,0,29,,55493,2,0,40,0,78,,55496,2,0,40,0,28,,55515,14,0,40,0,70,,55497,2,0,40,0,35,,55498,2,0,40,0,72,,55511,2,0,40,0,23,,55509,14,0,40,0,70,,55499,2,0,40,0,30,,55500,2,0,40,0,66,,55501,2,0,40,0,29,,55503,14,0,40,0,70,,55504,2,0,40,0,34,,55502,2,0,40,0,73,,55513,2,,,0,28,,55510,14,0,40,0,68,,55505,2,0,40,0,26,,55506,14,,,0,71,,55512,2,0,40,0,36,,55516,14,0,40,0,86,,55507,14,0,40,0
400,'S2-2_5',656,,55542,2,,,0,74,,55539,2,0,40,0,75,,55533,2,0,40,0,31,,55520,14,0,40,0,69,,55519,2,0,40,0,29,,55518,2,0,40,0,78,,55521,2,0,40,0,28,,55540,14,0,40,0,70,,55522,2,0,40,0,35,,55523,2,0,40,0,72,,55536,2,0,40,0,23,,55534,14,0,40,0,70,,55524,2,0,40,0,30,,55525,2,0,40,0,66,,55526,2,0,40,0,29,,55528,14,0,40,0,70,,55529,2,0,40,0,34,,55527,2,0,40,0,73,,55538,2,,,0,28,,55535,14,0,40,0,68,,55530,2,0,40,0,26,,55531,14,,,0,71,,55537,2,0,40,0,36,,55541,14,0,40,0,86,,55532,14,0,40,0
400,'S2-3_1',656,,55567,2,,,0,74,,55564,2,0,40,0,75,,55558,2,0,40,0,31,,55545,14,0,40,0,69,,55544,2,0,40,0,29,,55543,2,0,40,0,78,,55546,2,0,40,0,28,,55565,14,0,40,0,70,,55547,2,0,40,0,35,,55548,2,0,40,0,72,,55561,2,0,40,0,23,,55559,14,0,40,0,70,,55549,2,0,40,0,30,,55550,2,0,40,0,66,,55551,2,0,40,0,29,,55553,14,0,40,0,70,,55554,2,0,40,0,34,,55552,2,0,40,0,73,,55563,2,,,0,28,,55560,14,0,40,0,68,,55555,2,0,40,0,26,,55556,14,,,0,71,,55562,2,0,40,0,36,,55566,14,0,40,0,86,,55557,14,0,40,0
400,'S2-3_3',656,,55592,2,,,0,74,,55589,2,0,40,0,75,,55583,2,0,40,0,31,,55570,14,0,40,0,69,,55569,2,0,40,0,29,,55568,2,0,40,0,78,,55571,2,0,40,0,28,,55590,14,0,40,0,70,,55572,2,0,40,0,35,,55573,2,0,40,0,72,,55586,2,0,40,0,23,,55584,14,0,40,0,70,,55574,2,0,40,0,30,,55575,2,0,40,0,66,,55576,2,0,40,0,29,,55578,14,0,40,0,70,,55579,2,0,40,0,34,,55577,2,0,40,0,73,,55588,2,,,0,28,,55585,14,0,40,0,68,,55580,2,0,40,0,26,,55581,14,,,0,71,,55587,2,0,40,0,36,,55591,14,0,40,0,86,,55582,14,0,40,0
400,'S2-3_4',656,,55617,2,,,0,74,,55614,2,0,40,0,75,,55608,2,0,40,0,31,,55595,14,0,40,0,69,,55594,2,0,40,0,29,,55593,2,0,40,0,78,,55596,2,0,40,0,28,,55615,14,0,40,0,70,,55597,2,0,40,0,35,,55598,2,0,40,0,72,,55611,2,0,40,0,23,,55609,14,0,40,0,70,,55599,2,0,40,0,30,,55600,2,0,40,0,66,,55601,2,0,40,0,29,,55603,14,0,40,0,70,,55604,2,0,40,0,34,,55602,2,0,40,0,73,,55613,2,,,0,28,,55610,14,0,40,0,68,,55605,2,0,40,0,26,,55606,14,,,0,71,,55612,2,0,40,0,36,,55616,14,0,40,0,86,,55607,14,0,40,0
400,'S2-4_7',817,,55618,14,0,40,0,125,,55619,14,0,40,0,165,,55620,14,0,40,0,200,,55621,14,0,40,0,126,,55622,14,0,40,0,125,,55623,14,0,40,0,166,,55624,14,0,40,0,125,,55625,14,0,40,0
