100,'2_6',709,,29921,18,0,61 8,0,109,,29933,18,0,61 8,0,95,,29922,18,0,61 8,0,30,,29934,18,0,61 8,0,69,,29923,18,0,61 8,0,33,,29935,18,0,61 8,0,69,,29924,18,0,61 8,0,29,,29936,18,0,61 8,0,71,,29925,18,0,61 8,0,29,,29937,18,0,61 8,0,70,,29926,18,0,61 8,0,30,,29938,18,0,61 8,0,70,,29927,18,0,61 8,0,31,,29939,18,0,61 8,0,69,,29928,18,0,61 8,0,31,,29940,18,0,61 8,0,70,,29929,18,0,61 8,0,31,,29941,18,0,61 8,0,73,,29930,18,0,61 8,0,29,,29942,18,0,61 8,0,70,,29931,18,0,61 8,0,32,,29943,18,0,61 8,0,69,,29932,18,0,61 8,0
100,'3_7',913,,29944,18,0,61 8,0,105,,29949,18,0,61 8,0,106,,29945,18,0,61 8,0,104,,29950,18,0,61 8,0,90,,29946,18,0,61 8,0,100,,29951,18,0,61 8,0,105,,29947,18,0,61 8,0,105,,29952,18,0,61 8,0,105,,29948,18,0,61 8,0,105,,29953,18,0,61 8,0
100,'5_1',707,,37339,18,,,0,15,,37336,18,0,61 8,0,15,,37340,18,0,61 8,0,15,,37327,18,,,0,55,,37346,18,0,61 8,0,16,,37337,18,0,9 10,0,15,,37341,18,0,61 8,0,64,,37328,18,0,61 8,0,39,,37342,18,0,61 8,0,80,,37329,18,0,61 8,0,80,,37343,18,0,61 8,0,35,,37330,18,0,61 8,0,21,,37347,18,,,0,65,,37348,18,,,0,30,,37331,18,0,61 8,0,65,,37344,18,0,61 8,0,24,,37332,18,0,61 8,0,72,,37345,18,0,61 8,0,38,,37333,18,0,61 8,0,70,,37349,18,0,61 8,0,31,,37338,18,0,61 8,0,64,,37350,18,,,0,34,,37334,18,,,0,71,,37351,18,,,0,30,,37335,18,,,0,70,,37325,18,,,0,37,,37352,18,0,61 8,0,65,,37326,18,,,0
100,'5_2',707,,38371,18,,,0,15,,38368,18,0,61 8,0,15,,38372,18,0,61 8,0,15,,38359,18,,,0,55,,38378,18,0,61 8,0,16,,38369,18,0,9 10,0,15,,38373,18,0,61 8,0,64,,38360,18,0,61 8,0,39,,38374,18,0,61 8,0,80,,38361,18,0,61 8,0,80,,38375,18,0,61 8,0,35,,38362,18,0,61 8,0,21,,38379,18,,,0,65,,38380,18,,,0,30,,38363,18,0,61 8,0,65,,38376,18,0,61 8,0,24,,38364,18,0,61 8,0,72,,38377,18,0,61 8,0,38,,38365,18,0,61 8,0,70,,38381,18,0,61 8,0,31,,38370,18,0,61 8,0,64,,38382,18,,,0,34,,38366,18,,,0,71,,38383,18,,,0,30,,38367,18,,,0,70,,38357,18,,,0,37,,38384,18,0,61 8,0,65,,38358,18,,,0
100,'5_3',707,,38399,18,,,0,15,,38396,18,0,61 8,0,15,,38400,18,0,61 8,0,15,,38387,18,,,0,55,,38406,18,0,61 8,0,16,,38397,18,0,9 10,0,15,,38401,18,0,61 8,0,64,,38388,18,0,61 8,0,39,,38402,18,0,61 8,0,80,,38389,18,0,61 8,0,80,,38403,18,0,61 8,0,35,,38390,18,0,61 8,0,21,,38407,18,,,0,65,,38408,18,,,0,30,,38391,18,0,61 8,0,65,,38404,18,0,61 8,0,24,,38392,18,0,61 8,0,72,,38405,18,0,61 8,0,38,,38393,18,0,61 8,0,70,,38409,18,0,61 8,0,31,,38398,18,0,61 8,0,64,,38410,18,,,0,34,,38394,18,,,0,71,,38411,18,,,0,30,,38395,18,,,0,70,,38385,18,,,0,37,,38412,18,0,61 8,0,65,,38386,18,,,0
100,'5_4',707,,38427,18,,,0,15,,38424,18,0,61 8,0,15,,38428,18,0,61 8,0,15,,38415,18,,,0,55,,38434,18,0,61 8,0,16,,38425,18,0,9 10,0,15,,38429,18,0,61 8,0,64,,38416,18,0,61 8,0,39,,38430,18,0,61 8,0,80,,38417,18,0,61 8,0,80,,38431,18,0,61 8,0,35,,38418,18,0,61 8,0,21,,38435,18,,,0,65,,38436,18,,,0,30,,38419,18,0,61 8,0,65,,38432,18,0,61 8,0,24,,38420,18,0,61 8,0,72,,38433,18,0,61 8,0,38,,38421,18,0,61 8,0,70,,38437,18,0,61 8,0,31,,38426,18,0,61 8,0,64,,38438,18,,,0,34,,38422,18,,,0,71,,38439,18,,,0,30,,38423,18,,,0,70,,38413,18,,,0,37,,38440,18,0,61 8,0,65,,38414,18,,,0
100,'5_5',707,,38455,18,,,0,15,,38452,18,0,61 8,0,15,,38456,18,0,61 8,0,15,,38443,18,,,0,55,,38462,18,0,61 8,0,16,,38453,18,0,9 10,0,15,,38457,18,0,61 8,0,64,,38444,18,0,61 8,0,39,,38458,18,0,61 8,0,80,,38445,18,0,61 8,0,80,,38459,18,0,61 8,0,35,,38446,18,0,61 8,0,21,,38463,18,,,0,65,,38464,18,,,0,30,,38447,18,0,61 8,0,65,,38460,18,0,61 8,0,24,,38448,18,0,61 8,0,72,,38461,18,0,61 8,0,38,,38449,18,0,61 8,0,70,,38465,18,0,61 8,0,31,,38454,18,0,61 8,0,64,,38466,18,,,0,34,,38450,18,,,0,71,,38467,18,,,0,30,,38451,18,,,0,70,,38441,18,,,0,37,,38468,18,0,61 8,0,65,,38442,18,,,0
100,'6_1',707,,38483,18,,,0,15,,38480,18,0,61 8,0,15,,38484,18,0,61 8,0,15,,38471,18,,,0,55,,38490,18,0,61 8,0,16,,38481,18,0,9 10,0,15,,38485,18,0,61 8,0,64,,38472,18,0,61 8,0,39,,38486,18,0,61 8,0,80,,38473,18,0,61 8,0,80,,38487,18,0,61 8,0,35,,38474,18,0,61 8,0,21,,38491,18,,,0,65,,38492,18,,,0,30,,38475,18,0,61 8,0,65,,38488,18,0,61 8,0,24,,38476,18,0,61 8,0,72,,38489,18,0,61 8,0,38,,38477,18,0,61 8,0,70,,38493,18,0,61 8,0,31,,38482,18,0,61 8,0,64,,38494,18,,,0,34,,38478,18,,,0,71,,38495,18,,,0,30,,38479,18,,,0,70,,38469,18,,,0,37,,38496,18,0,61 8,0,65,,38470,18,,,0
100,'6_2',707,,43534,18,,,0,15,,43531,18,0,61 8,0,15,,43535,18,0,61 8,0,15,,43522,18,,,0,55,,43541,18,0,61 8,0,16,,43532,18,0,9 10,0,15,,43536,18,0,61 8,0,64,,43523,18,0,61 8,0,39,,43537,18,0,61 8,0,80,,43524,18,0,61 8,0,80,,43538,18,0,61 8,0,35,,43525,18,0,61 8,0,21,,43542,18,,,0,65,,43543,18,,,0,30,,43526,18,0,61 8,0,65,,43539,18,0,61 8,0,24,,43527,18,0,61 8,0,72,,43540,18,0,61 8,0,38,,43528,18,0,61 8,0,70,,43544,18,0,61 8,0,31,,43533,18,0,61 8,0,64,,43545,18,,,0,34,,43529,18,,,0,71,,43546,18,,,0,30,,43530,18,,,0,70,,43520,18,,,0,37,,43547,18,0,61 8,0,65,,43521,18,,,0
100,'6_3',707,,43562,18,,,0,15,,43559,18,0,61 8,0,15,,43563,18,0,61 8,0,15,,43550,18,,,0,55,,43569,18,0,61 8,0,16,,43560,18,0,9 10,0,15,,43564,18,0,61 8,0,64,,43551,18,0,61 8,0,39,,43565,18,0,61 8,0,80,,43552,18,0,61 8,0,80,,43566,18,0,61 8,0,35,,43553,18,0,61 8,0,21,,43570,18,,,0,65,,43571,18,,,0,30,,43554,18,0,61 8,0,65,,43567,18,0,61 8,0,24,,43555,18,0,61 8,0,72,,43568,18,0,61 8,0,38,,43556,18,0,61 8,0,70,,43572,18,0,61 8,0,31,,43561,18,0,61 8,0,64,,43573,18,,,0,34,,43557,18,,,0,71,,43574,18,,,0,30,,43558,18,,,0,70,,43548,18,,,0,37,,43575,18,0,61 8,0,65,,43549,18,,,0
100,'6_4',707,,43590,18,,,0,15,,43587,18,0,61 8,0,15,,43591,18,0,61 8,0,15,,43578,18,,,0,55,,43597,18,0,61 8,0,16,,43588,18,0,9 10,0,15,,43592,18,0,61 8,0,64,,43579,18,0,61 8,0,39,,43593,18,0,61 8,0,80,,43580,18,0,61 8,0,80,,43594,18,0,61 8,0,35,,43581,18,0,61 8,0,21,,43598,18,,,0,65,,43599,18,,,0,30,,43582,18,0,61 8,0,65,,43595,18,0,61 8,0,24,,43583,18,0,61 8,0,72,,43596,18,0,61 8,0,38,,43584,18,0,61 8,0,70,,43600,18,0,61 8,0,31,,43589,18,0,61 8,0,64,,43601,18,,,0,34,,43585,18,,,0,71,,43602,18,,,0,30,,43586,18,,,0,70,,43576,18,,,0,37,,43603,18,0,61 8,0,65,,43577,18,,,0
