1100,'0_6',647,,67029,10,,,0,159,,67030,10,,,0,906,,67031,10,,,0,119,,67032,10,,,0
1100,'2_1',647,,67033,10,,,0,159,,67034,10,,,0,906,,67035,10,,,0,119,,67036,10,,,0
1100,'2_2',647,,67037,10,,,0,159,,67038,10,,,0,906,,67039,10,,,0,119,,67040,10,,,0
1100,'2_3',647,,67041,10,,,0,159,,67042,10,,,0,906,,67043,10,,,0,119,,67044,10,,,0
1100,'2_4',647,,67045,10,,,0,159,,67046,10,,,0,906,,67047,10,,,0,119,,67048,10,,,0
1100,'2_5',647,,67049,10,,,0,159,,67050,10,,,0,906,,67051,10,,,0,119,,67052,10,,,0
1100,'3_1',647,,67053,10,,,0,159,,67054,10,,,0,906,,67055,10,,,0,119,,67056,10,,,0
1100,'3_3',647,,67057,10,,,0,159,,67058,10,,,0,906,,67059,10,,,0,119,,67060,10,,,0
1100,'3_4',647,,67061,10,,,0,159,,67062,10,,,0,906,,67063,10,,,0,119,,67064,10,,,0
1100,'3_5',647,,67065,10,,,0,159,,67066,10,,,0,906,,67067,10,,,0,119,,67068,10,,,0
