501,'2509-HIV-25j05H-d-Dimanche-00',957,,10126,,,0,200,,10127,,,0,200,,10128,,,0,200,,10125,,,0
501,'2509-HIV-25j26H-d-Dimanche-00',957,,10130,,,0,200,,10131,,,0,200,,10132,,,0,200,,10129,,,0
501,'2509-HIV-25k03H-s-Samedi-00',831,,10133,,,0,101,,10134,,,0,101,,10135,,,0,99,,10136,,,0,100,,10137,,,0,94,,10138,,,0,99,,10139,,,0,100,,10140,,,0,100,,10141,,,0,103,,10142,,,0,98,,10143,,,0,187,,10144,,,0
501,'2509-HIV-25l22Vlv-Semaine-00',941,,10145,,,0,105,,10146,,,0,101,,10147,,,0,86,,10148,,,0,94,,10149,,,0,98,,10150,,,0,102,,10151,,,0,102,,10152,,,0,107,,10153,,,0,103,,10154,,,0,166,,10155,,,0
501,'2509-HIV-26a05H-s-Samedi-00',831,,10156,,,0,101,,10157,,,0,101,,10158,,,0,99,,10159,,,0,100,,10160,,,0,94,,10161,,,0,99,,10162,,,0,100,,10163,,,0,100,,10164,,,0,103,,10165,,,0,98,,10166,,,0,187,,10167,,,0
501,'2509-HIV-26a05H-w-Mercredi-00',941,,10168,,,0,105,,10169,,,0,101,,10170,,,0,86,,10171,,,0,94,,10172,,,0,98,,10173,,,0,102,,10174,,,0,102,,10175,,,0,107,,10176,,,0,103,,10177,,,0,166,,10178,,,0
501,'2509-HIV-26a05H-w-Mercredi-00-0010000',1257,,10179,0,20 21,0
501,'2509-HIV-26a05Hlv-L-Ma-J-V-00',941,,10180,,,0,105,,10181,,,0,101,,10182,,,0,86,,10183,,,0,94,,10184,,,0,98,,10185,,,0,102,,10186,,,0,102,,10187,,,0,107,,10188,,,0,103,,10189,,,0,166,,10190,,,0
501,'2509-HIV-26a05Hlv-L-Ma-J-V-00-1101100',1655,,10191,0,20 21,0,150,,10192,0,20 21,0,52,,10193,0,20 21,0
501,'2509-HIV-26b23Vlv-Semaine-00',941,,10194,,,0,105,,10195,,,0,101,,10196,,,0,86,,10197,,,0,94,,10198,,,0,98,,10199,,,0,102,,10200,,,0,102,,10201,,,0,107,,10202,,,0,103,,10203,,,0,166,,10204,,,0
501,'2509-HIV-26c02Vlv-Semaine-00',941,,10205,,,0,105,,10206,,,0,101,,10207,,,0,86,,10208,,,0,94,,10209,,,0,98,,10210,,,0,102,,10211,,,0,102,,10212,,,0,107,,10213,,,0,103,,10214,,,0,166,,10215,,,0
