2500,'0_6',742,,67728,11,,,0,113,,67729,11,,,0,167,,67730,11,,,0,113,,67731,11,,,0,168,,67732,11,,,0,112,,67733,11,,,0,131,,67734,11,,,0,160,,67735,11,,,0,121,,67736,11,,,0,115,,67737,11,,,0
2500,'2_1',742,,67738,11,,,0,113,,67739,11,,,0,167,,67740,11,,,0,113,,67741,11,,,0,168,,67742,11,,,0,112,,67743,11,,,0,131,,67744,11,,,0,160,,67745,11,,,0,121,,67746,11,,,0,115,,67747,11,,,0
2500,'2_2',742,,67748,11,,,0,113,,67749,11,,,0,167,,67750,11,,,0,113,,67751,11,,,0,168,,67752,11,,,0,112,,67753,11,,,0,131,,67754,11,,,0,160,,67755,11,,,0,121,,67756,11,,,0,115,,67757,11,,,0
2500,'2_3',742,,67758,11,,,0,113,,67759,11,,,0,167,,67760,11,,,0,113,,67761,11,,,0,168,,67762,11,,,0,112,,67763,11,,,0,131,,67764,11,,,0,160,,67765,11,,,0,121,,67766,11,,,0,115,,67767,11,,,0
2500,'2_4',742,,67768,11,,,0,113,,67769,11,,,0,167,,67770,11,,,0,113,,67771,11,,,0,168,,67772,11,,,0,112,,67773,11,,,0,131,,67774,11,,,0,160,,67775,11,,,0,121,,67776,11,,,0,115,,67777,11,,,0
2500,'2_5',742,,67778,11,,,0,113,,67779,11,,,0,167,,67780,11,,,0,113,,67781,11,,,0,168,,67782,11,,,0,112,,67783,11,,,0,131,,67784,11,,,0,160,,67785,11,,,0,121,,67786,11,,,0,115,,67787,11,,,0
2500,'3_1',742,,67788,11,,,0,113,,67789,11,,,0,167,,67790,11,,,0,113,,67791,11,,,0,168,,67792,11,,,0,112,,67793,11,,,0,131,,67794,11,,,0,160,,67795,11,,,0,121,,67796,11,,,0,115,,67797,11,,,0
2500,'3_3',742,,67798,11,,,0,113,,67799,11,,,0,167,,67800,11,,,0,113,,67801,11,,,0,168,,67802,11,,,0,112,,67803,11,,,0,131,,67804,11,,,0,160,,67805,11,,,0,121,,67806,11,,,0,115,,67807,11,,,0
2500,'3_4',742,,67808,11,,,0,113,,67809,11,,,0,167,,67810,11,,,0,113,,67811,11,,,0,168,,67812,11,,,0,112,,67813,11,,,0,131,,67814,11,,,0,160,,67815,11,,,0,121,,67816,11,,,0,115,,67817,11,,,0
2500,'3_5',742,,67818,11,,,0,113,,67819,11,,,0,167,,67820,11,,,0,113,,67821,11,,,0,168,,67822,11,,,0,112,,67823,11,,,0,131,,67824,11,,,0,160,,67825,11,,,0,121,,67826,11,,,0,115,,67827,11,,,0
