400,'25j05H-Dimanche',913,,1501,0,36,0,100,,1502,0,36,0,100,,1503,0,36,0,100,,1504,0,36,0,100,,1505,0,36,0,100,,1506,0,36,0,100,,1507,0,36,0,100,,1508,0,36,0,100,,1509,0,36,0,100,,1510,0,36,0
400,'25j26H-Dimanche',913,,1514,0,36,0,100,,1515,0,36,0,100,,1516,0,36,0,100,,1517,0,36,0,100,,1518,0,36,0,100,,1519,0,36,0,100,,1520,0,36,0,100,,1521,0,36,0,100,,1522,0,36,0,100,,1523,0,36,0
400,'25k03H-Samedi',712,,1533,0,36,0,103,,1534,0,36,0,35,,1527,0,36,0,67,,1535,0,36,0,31,,1536,0,36,0,70,,1537,0,36,0,30,,1528,0,36,0,71,,1538,0,36,0,29,,1540,0,36,0,71,,1539,0,36,0,29,,1529,0,36,0,70,,1541,0,36,0,31,,1542,0,36,0,69,,1543,0,36,0,31,,1530,0,36,0,72,,1544,0,36,0,30,,1545,0,36,0,69,,1546,0,36,0,32,,1531,0,36,0,75,,1547,0,36,0,32,,1548,0,36,0,72,,1549,0,36,0,69,,1532,0,36,0,31,,1550,0,36,0
400,'25l22V-Semaine',711,,1571,0,36,0,14,,1577,0,36,0,16,,1551,0,36,0,15,,1552,0,36,0,53,,1572,0,36,0,17,,1553,0,36,0,16,,1554,0,36,0,77,,1555,0,36,0,32,,1556,0,36,0,70,,1557,0,36,0,30,,1558,0,36,0,75,,1559,0,36,0,75,,1560,0,36,0,25,,1575,0,36,0,25,,1573,0,36,0,70,,1561,0,36,0,30,,1562,0,36,0,65,,1565,0,36,0,34,,1563,0,36,0,70,,1566,0,36,0,36,,1564,0,36,0,69,,1578,0,36,0,30,,1574,0,36,0,70,,1567,0,36,0,76,,1568,0,36,0,25,,1576,,,0,30,,1569,0,36,0,70,,1570,0,36,0
400,'26a05H-Samedi',712,,1585,0,36,0,103,,1586,0,36,0,35,,1579,0,36,0,67,,1587,0,36,0,31,,1588,0,36,0,70,,1589,0,36,0,30,,1580,0,36,0,71,,1590,0,36,0,29,,1592,0,36,0,71,,1591,0,36,0,29,,1581,0,36,0,70,,1593,0,36,0,31,,1594,0,36,0,69,,1595,0,36,0,31,,1582,0,36,0,72,,1596,0,36,0,30,,1597,0,36,0,69,,1598,0,36,0,32,,1583,0,36,0,75,,1599,0,36,0,32,,1600,0,36,0,72,,1601,0,36,0,69,,1584,0,36,0,31,,1602,0,36,0
400,'26a05H-Mercredi',712,,1625,0,40,0,15,,1632,0,36,0,15,,1603,0,36,0,15,,1604,0,36,0,55,,1627,0,36,0,15,,1605,0,36,0,14,,1606,0,36,0,70,,1607,0,36,0,40,,1608,0,36,0,71,,1609,0,36,0,30,,1610,0,36,0,75,,1611,0,36,0,75,,1612,0,36,0,25,,1630,,,0,25,,1628,0,36,0,70,,1613,0,36,0,27,,1614,0,36,0,68,,1617,0,36,0,35,,1615,0,36,0,70,,1618,0,36,0,35,,1616,0,36,0,70,,1633,0,36,0,30,,1629,0,36,0,55,,1620,0,36,0,15,,1634,,,0,15,,1621,0,36,0,65,,1622,0,36,0,20,,1631,,,0,75,,1623,0,36,0,26,,1624,0,36,0
400,'26a05H-L-Ma-J-V',712,,1657,0,40,0,15,,1664,0,36,0,15,,1635,0,36,0,15,,1636,0,36,0,55,,1659,0,36,0,15,,1637,0,36,0,14,,1638,0,36,0,70,,1639,0,36,0,40,,1640,0,36,0,71,,1641,0,36,0,30,,1642,0,36,0,75,,1643,0,36,0,75,,1644,0,36,0,25,,1662,,,0,25,,1660,0,36,0,70,,1645,0,36,0,27,,1646,0,36,0,68,,1649,0,36,0,35,,1647,0,36,0,70,,1650,0,36,0,35,,1648,0,36,0,70,,1665,0,36,0,30,,1661,0,36,0,55,,1652,0,36,0,15,,1666,,,0,15,,1653,0,36,0,65,,1654,0,36,0,20,,1663,,,0,75,,1655,0,36,0,26,,1656,0,36,0
400,'26b23V-Semaine',711,,1687,0,36,0,14,,1693,0,36,0,16,,1667,0,36,0,15,,1668,0,36,0,53,,1688,0,36,0,17,,1669,0,36,0,16,,1670,0,36,0,77,,1671,0,36,0,32,,1672,0,36,0,70,,1673,0,36,0,30,,1674,0,36,0,75,,1675,0,36,0,75,,1676,0,36,0,25,,1691,0,36,0,25,,1689,0,36,0,70,,1677,0,36,0,30,,1678,0,36,0,65,,1681,0,36,0,34,,1679,0,36,0,70,,1682,0,36,0,36,,1680,0,36,0,69,,1694,0,36,0,30,,1690,0,36,0,70,,1683,0,36,0,76,,1684,0,36,0,25,,1692,,,0,30,,1685,0,36,0,70,,1686,0,36,0
400,'26c02V-Semaine',711,,1715,0,36,0,14,,1721,0,36,0,16,,1695,0,36,0,15,,1696,0,36,0,53,,1716,0,36,0,17,,1697,0,36,0,16,,1698,0,36,0,77,,1699,0,36,0,32,,1700,0,36,0,70,,1701,0,36,0,30,,1702,0,36,0,75,,1703,0,36,0,75,,1704,0,36,0,25,,1719,0,36,0,25,,1717,0,36,0,70,,1705,0,36,0,30,,1706,0,36,0,65,,1709,0,36,0,34,,1707,0,36,0,70,,1710,0,36,0,36,,1708,0,36,0,69,,1722,0,36,0,30,,1718,0,36,0,70,,1711,0,36,0,76,,1712,0,36,0,25,,1720,,,0,30,,1713,0,36,0,70,,1714,0,36,0
700,'25k03H-Samedi',710,,2385,,,0,110,,2386,,,0,109,,2387,,,0,110,,2388,,,0,110,,2389,,,0,110,,2390,,,0,150,,2391,,,0,110,,2392,,,0,110,,2393,,,0,110,,2383,,,0,111,,2384,,,0
700,'25l22V-Semaine',707,,2394,,,0,110,,2396,,,0,110,,2397,,,0,110,,2398,,,0,110,,2399,,,0,110,,2400,,,0,150,,2401,,,0,110,,2402,,,0,110,,2403,,,0,110,,2404,,,0,110,,2395,,,0
700,'26a05H-Samedi',710,,2407,,,0,110,,2408,,,0,109,,2409,,,0,110,,2410,,,0,110,,2411,,,0,110,,2412,,,0,150,,2413,,,0,110,,2414,,,0,110,,2415,,,0,110,,2405,,,0,111,,2406,,,0
700,'26a05H-Mercredi',707,,2416,,,0,110,,2418,,,0,110,,2419,,,0,110,,2420,,,0,110,,2421,,,0,110,,2422,,,0,150,,2423,,,0,110,,2424,,,0,110,,2425,,,0,110,,2426,,,0,110,,2417,,,0
700,'26a05H-L-Ma-J-V',707,,2427,,,0,110,,2429,,,0,110,,2430,,,0,110,,2431,,,0,110,,2432,,,0,110,,2433,,,0,150,,2434,,,0,110,,2435,,,0,110,,2436,,,0,110,,2437,,,0,110,,2428,,,0
700,'26b23V-Semaine',707,,2438,,,0,110,,2440,,,0,110,,2441,,,0,110,,2442,,,0,110,,2443,,,0,110,,2444,,,0,150,,2445,,,0,110,,2446,,,0,110,,2447,,,0,110,,2448,,,0,110,,2439,,,0
700,'26c02V-Semaine',707,,2449,,,0,110,,2451,,,0,110,,2452,,,0,110,,2453,,,0,110,,2454,,,0,110,,2455,,,0,150,,2456,,,0,110,,2457,,,0,110,,2458,,,0,110,,2459,,,0,110,,2450,,,0
