301,'1_3',747,,48628,35,,,0,61,,48602,35,,,0,34,,48629,35,,,0,73,,48603,35,,,0,30,,48604,35,,,0,71,,48605,35,,,0,33,,48606,35,,,0,72,,48607,35,,,0,33,,48608,35,,,0,74,,48609,35,,,0,31,,48610,35,,,0,71,,48611,35,,,0,73,,48612,35,,,0,32,,48613,35,,,0,71,,48614,35,,,0,31,,48615,35,,,0,67,,48616,35,,,0,28,,48617,35,,,0,71,,48618,35,,,0,30,,48619,35,,,0,70,,48620,35,,,0,30,,48621,35,,,0,23,,48622,35,,,0,62,,48623,35,,,0,22,,48624,35,,,0,69,,48625,35,,,0,28,,48626,35,,,0,70,,48627,35,,,0
301,'2_6',751,,30999,35,,,0,71,,30996,35,,,0,31,,30997,35,,,0,71,,30998,35,,,0,31,,31000,35,,,0,70,,31001,35,,,0,31,,31002,35,,,0,70,,31003,35,,,0,31,,31007,35,,,0,69,,31006,35,,,0,28,,31004,35,,,0,69,,31005,35,,,0,29,,31009,35,,,0,72,,31010,35,,,0,30,,31008,35,,,0,71,,31011,35,,,0,30,,31014,35,,,0,72,,31012,35,,,0,73,,31013,35,,,0,30,,31016,35,,,0,71,,31015,35,,,0,30,,31017,35,,,0,72,,31018,35,,,0,27,,31019,35,,,0,27,,31020,35,,,0,69,,31021,35,,,0,30,,31022,35,,,0,63,,31023,35,,,0
301,'3_7',943,,31024,35,,,0,100,,31025,35,,,0,100,,31026,35,,,0,100,,31027,35,,,0,100,,31028,35,,,0,100,,31029,35,,,0,100,,31030,35,,,0,100,,31031,35,,,0,100,,31032,35,,,0,100,,31033,35,,,0,100,,31034,35,,,0
301,'4_7',943,,46843,35,,,0,100,,46844,35,,,0,100,,46845,35,,,0,100,,46846,35,,,0,100,,46847,35,,,0,100,,46848,35,,,0,100,,46849,35,,,0,100,,46850,35,,,0,100,,46851,35,,,0,100,,46852,35,,,0,100,,46853,35,,,0
301,'6_2',741,,44006,35,,,0,62,,44007,35,,,0,33,,44018,35,,,0,74,,44010,35,,,0,32,,44011,35,,,0,73,,44015,35,,,0,33,,44012,35,,,0,73,,44013,35,,,0,32,,44009,35,,,0,71,,44014,35,,,0,31,,44008,35,,,0,71,,44017,35,,,0,33,,44016,35,,,0,75,,44022,35,,,0,70,,44019,35,,,0,30,,44021,35,,,0,67,,44020,35,,,0,27,,44023,35,,,0,31,,44026,35,,,0,69,,44027,35,,,0,30,,44028,35,,,0,68,,44029,35,,,0,26,,44030,35,,,0,65,,44024,35,,,0,23,,44031,35,,,0,67,,44032,35,,,0,29,,44033,35,,,0,70,,44025,35,,,0
301,'6_3',741,,44034,35,,,0,62,,44035,35,,,0,33,,44046,35,,,0,74,,44038,35,,,0,32,,44039,35,,,0,73,,44043,35,,,0,33,,44040,35,,,0,73,,44041,35,,,0,32,,44037,35,,,0,71,,44042,35,,,0,31,,44036,35,,,0,71,,44045,35,,,0,33,,44044,35,,,0,75,,44050,35,,,0,70,,44047,35,,,0,30,,44049,35,,,0,67,,44048,35,,,0,27,,44051,35,,,0,31,,44054,35,,,0,69,,44055,35,,,0,30,,44056,35,,,0,68,,44057,35,,,0,26,,44058,35,,,0,65,,44052,35,,,0,23,,44059,35,,,0,67,,44060,35,,,0,29,,44061,35,,,0,70,,44053,35,,,0
301,'6_4',741,,44062,35,,,0,62,,44063,35,,,0,33,,44074,35,,,0,74,,44066,35,,,0,32,,44067,35,,,0,73,,44071,35,,,0,33,,44068,35,,,0,73,,44069,35,,,0,32,,44065,35,,,0,71,,44070,35,,,0,31,,44064,35,,,0,71,,44073,35,,,0,33,,44072,35,,,0,75,,44078,35,,,0,70,,44075,35,,,0,30,,44077,35,,,0,67,,44076,35,,,0,27,,44079,35,,,0,31,,44082,35,,,0,69,,44083,35,,,0,30,,44084,35,,,0,68,,44085,35,,,0,26,,44086,35,,,0,65,,44080,35,,,0,23,,44087,35,,,0,67,,44088,35,,,0,29,,44089,35,,,0,70,,44081,35,,,0
301,'7_1',747,,46880,35,,,0,61,,46854,35,,,0,34,,46881,35,,,0,73,,46855,35,,,0,30,,46856,35,,,0,71,,46857,35,,,0,33,,46858,35,,,0,72,,46859,35,,,0,33,,46860,35,,,0,74,,46861,35,,,0,31,,46862,35,,,0,71,,46863,35,,,0,73,,46864,35,,,0,32,,46865,35,,,0,71,,46866,35,,,0,31,,46867,35,,,0,67,,46868,35,,,0,28,,46869,35,,,0,71,,46870,35,,,0,30,,46871,35,,,0,70,,46872,35,,,0,30,,46873,35,,,0,23,,46874,35,,,0,62,,46875,35,,,0,22,,46876,35,,,0,69,,46877,35,,,0,28,,46878,35,,,0,70,,46879,35,,,0
301,'7_2',747,,48656,35,,,0,61,,48630,35,,,0,34,,48657,35,,,0,73,,48631,35,,,0,30,,48632,35,,,0,71,,48633,35,,,0,33,,48634,35,,,0,72,,48635,35,,,0,33,,48636,35,,,0,74,,48637,35,,,0,31,,48638,35,,,0,71,,48639,35,,,0,73,,48640,35,,,0,32,,48641,35,,,0,71,,48642,35,,,0,31,,48643,35,,,0,67,,48644,35,,,0,28,,48645,35,,,0,71,,48646,35,,,0,30,,48647,35,,,0,70,,48648,35,,,0,30,,48649,35,,,0,23,,48650,35,,,0,62,,48651,35,,,0,22,,48652,35,,,0,69,,48653,35,,,0,28,,48654,35,,,0,70,,48655,35,,,0
301,'7_4',747,,48684,35,,,0,61,,48658,35,,,0,34,,48685,35,,,0,73,,48659,35,,,0,30,,48660,35,,,0,71,,48661,35,,,0,33,,48662,35,,,0,72,,48663,35,,,0,33,,48664,35,,,0,74,,48665,35,,,0,31,,48666,35,,,0,71,,48667,35,,,0,73,,48668,35,,,0,32,,48669,35,,,0,71,,48670,35,,,0,31,,48671,35,,,0,67,,48672,35,,,0,28,,48673,35,,,0,71,,48674,35,,,0,30,,48675,35,,,0,70,,48676,35,,,0,30,,48677,35,,,0,23,,48678,35,,,0,62,,48679,35,,,0,22,,48680,35,,,0,69,,48681,35,,,0,28,,48682,35,,,0,70,,48683,35,,,0
301,'8_7',826,,51930,35,,,0,33,,51925,35,,,0,72,,51931,35,,,0,74,,51926,35,,,0,33,,51932,35,,,0,72,,51927,35,,,0,33,,51933,35,,,0,72,,51928,35,,,0,32,,51934,35,,,0,74,,51909,35,,,0,27,,51910,35,,,0,70,,51911,35,,,0,26,,51912,35,,,0,68,,51913,35,,,0,27,,51914,35,,,0,69,,51915,35,,,0,28,,51935,35,,,0,64,,51916,35,,,0,32,,51917,35,,,0,74,,51918,35,,,0,28,,51919,35,,,0,67,,51920,35,,,0,25,,51921,35,,,0,25,,51922,35,,,0,65,,51923,35,,,0,27,,51929,35,,,0,64,,51924,35,,,0
