101,'S2-0_6',743,,53799,48,0,5,0,159,,53800,48,0,5,0,106,,53801,48,0,5,0,99,,53802,48,0,5,0,100,,53803,48,0,5,0,99,,53804,48,0,5,0,100,,53805,48,0,5,0,100,,53806,48,0,5,0,101,,53807,48,0,5,0,104,,53808,48,0,5,0,102,,53809,48,0,5,0,102,,53810,48,0,5,0,87,,53811,48,0,5,0
101,'S2-1_7',1052,,53827,48,0,5,0,250,,53828,48,0,5,0,155,,53829,48,0,5,0,245,,53830,48,0,5,0,210,,53831,48,0,5,0
101,'S2-2_1',743,,53832,54,0,5,0,73,,53833,48,0,5,0,106,,53836,48,0,5,0,111,,53837,48,0,5,0,103,,53838,48,0,5,0,100,,53840,48,0,5,0,100,,53843,48,0,5,0,98,,53846,54,0,5,0,103,,53847,54,0,5,0,102,,53853,48,0,5,0,107,,53850,48,0,5,0,97,,53848,54,0,5,0,91,,53855,54,0,5,0
101,'S2-2_2',743,,53857,54,0,5,0,73,,53858,48,0,5,0,106,,53861,48,0,5,0,111,,53862,48,0,5,0,103,,53863,48,0,5,0,100,,53865,48,0,5,0,100,,53868,48,0,5,0,98,,53871,54,0,5,0,103,,53872,54,0,5,0,102,,53878,48,0,5,0,107,,53875,48,0,5,0,97,,53873,54,0,5,0,91,,53880,54,0,5,0
101,'S2-2_3',743,,53882,54,0,5,0,73,,53883,48,0,5,0,106,,53886,48,0,5,0,111,,53887,48,0,5,0,103,,53888,48,0,5,0,100,,53890,48,0,5,0,100,,53893,48,0,5,0,98,,53896,54,0,5,0,103,,53897,54,0,5,0,102,,53903,48,0,5,0,107,,53900,48,0,5,0,97,,53898,54,0,5,0,91,,53905,54,0,5,0
101,'S2-2_4',743,,53907,54,0,5,0,73,,53908,48,0,5,0,106,,53911,48,0,5,0,111,,53912,48,0,5,0,103,,53913,48,0,5,0,100,,53915,48,0,5,0,100,,53918,48,0,5,0,98,,53921,54,0,5,0,103,,53922,54,0,5,0,102,,53928,48,0,5,0,107,,53925,48,0,5,0,97,,53923,54,0,5,0,91,,53930,54,0,5,0
101,'S2-2_5',743,,53932,54,0,5,0,73,,53933,48,0,5,0,106,,53936,48,0,5,0,111,,53937,48,0,5,0,103,,53938,48,0,5,0,100,,53940,48,0,5,0,100,,53943,48,0,5,0,98,,53946,54,0,5,0,103,,53947,54,0,5,0,102,,53953,48,0,5,0,107,,53950,48,0,5,0,97,,53948,54,0,5,0,91,,53955,54,0,5,0
101,'S2-3_1',743,,53957,54,0,5,0,73,,53958,48,0,5,0,106,,53961,48,0,5,0,111,,53962,48,0,5,0,103,,53963,48,0,5,0,100,,53965,48,0,5,0,100,,53968,48,0,5,0,98,,53971,54,0,5,0,103,,53972,54,0,5,0,102,,53978,48,0,5,0,107,,53975,48,0,5,0,97,,53973,54,0,5,0,91,,53980,54,0,5,0
101,'S2-3_3',743,,53982,54,0,5,0,73,,53983,48,0,5,0,106,,53986,48,0,5,0,111,,53987,48,0,5,0,103,,53988,48,0,5,0,100,,53990,48,0,5,0,100,,53993,48,0,5,0,98,,53996,54,0,5,0,103,,53997,54,0,5,0,102,,54003,48,0,5,0,107,,54000,48,0,5,0,97,,53998,54,0,5,0,91,,54005,54,0,5,0
101,'S2-3_4',743,,54007,54,0,5,0,73,,54008,48,0,5,0,106,,54011,48,0,5,0,111,,54012,48,0,5,0,103,,54013,48,0,5,0,100,,54015,48,0,5,0,100,,54018,48,0,5,0,98,,54021,54,0,5,0,103,,54022,54,0,5,0,102,,54028,48,0,5,0,107,,54025,48,0,5,0,97,,54023,54,0,5,0,91,,54030,54,0,5,0
101,'S2-4_7',1052,,54037,48,0,5,0,250,,54038,48,0,5,0,155,,54039,48,0,5,0,245,,54040,48,0,5,0,210,,54041,48,0,5,0
