1600,'1_6',845,,17610,4,0,25,0,85,,17611,4,0,25,0,76,,17615,4,,,0,116,,17612,4,0,25,0,125,,17617,4,,,0,67,,17618,4,0,54 55,0,99,,17613,4,0,25,0,104,,17619,4,0,25,0,104,,17614,4,0,25,0,88,,17620,4,,,0,136,,17616,4,,,0
1600,'5_1',845,,17622,4,0,25,0,85,,17623,4,0,25,0,76,,17627,4,,,0,116,,17624,4,0,25,0,125,,17629,4,,,0,67,,17630,4,0,54 55,0,99,,17625,4,0,25,0,104,,17631,4,0,25,0,104,,17626,4,0,25,0,88,,17632,4,,,0,136,,17628,4,,,0
1600,'5_2',845,,17634,4,0,25,0,85,,17635,4,0,25,0,76,,17639,4,,,0,116,,17636,4,0,25,0,125,,17641,4,,,0,67,,17642,4,0,54 55,0,99,,17637,4,0,25,0,104,,17643,4,0,25,0,104,,17638,4,0,25,0,88,,17644,4,,,0,136,,17640,4,,,0
1600,'5_4',845,,17646,4,0,25,0,85,,17647,4,0,25,0,76,,17651,4,,,0,116,,17648,4,0,25,0,125,,17653,4,,,0,67,,17654,4,0,54 55,0,99,,17649,4,0,25,0,104,,17655,4,0,25,0,104,,17650,4,0,25,0,88,,17656,4,,,0,136,,17652,4,,,0
1600,'5_5',845,,17658,4,0,25,0,85,,17659,4,0,25,0,76,,17663,4,,,0,116,,17660,4,0,25,0,125,,17665,4,,,0,67,,17666,4,0,54 55,0,99,,17661,4,0,25,0,104,,17667,4,0,25,0,104,,17662,4,0,25,0,88,,17668,4,,,0,136,,17664,4,,,0
1600,'6_3',845,,17670,4,0,25,0,85,,17671,4,0,25,0,76,,17675,4,,,0,116,,17672,4,0,25,0,125,,17677,4,,,0,67,,17678,4,0,54 55,0,99,,17673,4,0,25,0,104,,17679,4,0,25,0,104,,17674,4,0,25,0,88,,17680,4,,,0,136,,17676,4,,,0
1601,'1_6',830,,17681,6,,,0,77,,17682,6,,,0,44,,17683,6,,,0,155,,17685,13,,,0,123,,17688,18,,,0,125,,17686,13,,,0,105,,17689,13,,,0,85,,17684,6,,,0,106,,17690,6,,,0,169,,17687,13,,,0
1601,'5_1',830,,17691,6,,,0,77,,17692,6,,,0,44,,17693,6,,,0,155,,17695,13,,,0,123,,17698,18,,,0,125,,17696,13,,,0,105,,17699,13,,,0,85,,17694,6,,,0,106,,17700,6,,,0,169,,17697,13,,,0
1601,'5_2',830,,17701,6,,,0,77,,17702,6,,,0,44,,17703,6,,,0,155,,17705,13,,,0,123,,17708,18,,,0,125,,17706,13,,,0,105,,17709,13,,,0,85,,17704,6,,,0,106,,17710,6,,,0,169,,17707,13,,,0
1601,'5_4',830,,17711,6,,,0,77,,17712,6,,,0,44,,17713,6,,,0,155,,17715,13,,,0,123,,17718,18,,,0,125,,17716,13,,,0,105,,17719,13,,,0,85,,17714,6,,,0,106,,17720,6,,,0,169,,17717,13,,,0
1601,'5_5',830,,17721,6,,,0,77,,17722,6,,,0,44,,17723,6,,,0,155,,17725,13,,,0,123,,17728,18,,,0,125,,17726,13,,,0,105,,17729,13,,,0,85,,17724,6,,,0,106,,17730,6,,,0,169,,17727,13,,,0
1601,'6_3',830,,17731,6,,,0,77,,17732,6,,,0,44,,17733,6,,,0,155,,17735,13,,,0,123,,17738,18,,,0,125,,17736,13,,,0,105,,17739,13,,,0,85,,17734,6,,,0,106,,17740,6,,,0,169,,17737,13,,,0
2100,'5_1',1648,,18008,4,,,0
2100,'5_2',1648,,18010,4,,,0
2100,'5_4',1648,,18012,4,,,0
2100,'6_3',1648,,18017,4,,,0
2101,'5_1',748,,18020,3,,,0
2101,'5_2',748,,18023,3,,,0
2101,'5_4',748,,18026,3,,,0
2101,'5_5',748,,18029,3,,,0
2101,'6_3',748,,18032,3,,,0
