901,'1_6',745,,17149,11,0,23 24,0,99,,17161,11,0,25,0,367,,17159,11,0,25,0,319,,17157,11,0,25,0,82,,17150,11,0,23 24,0,103,,17151,11,0,23 24,0,135,,17152,11,0,23 24,0,90,,17153,11,0,23 24,0
901,'5_1',746,,17162,11,0,26,0,66,,17163,11,0,27 28 29,0,102,,17168,11,0,23 24,0,192,,17169,11,0,23 24,0,107,,17164,11,0,27 28 29,0,140,,17170,11,0,23 24,0,151,,17171,11,0,23 24,0,110,,17165,11,0,27 28 29,0,100,,17166,11,0,27 28 29,0,99,,17167,11,0,27 28 29,0,127,,17177,11,,,0
901,'5_2',746,,17178,11,0,26,0,66,,17179,11,0,27 28 29,0,102,,17184,11,0,23 24,0,192,,17185,11,0,23 24,0,107,,17180,11,0,27 28 29,0,140,,17186,11,0,23 24,0,151,,17187,11,0,23 24,0,110,,17181,11,0,27 28 29,0,100,,17182,11,0,27 28 29,0,99,,17183,11,0,27 28 29,0,127,,17193,11,,,0
901,'5_4',746,,17194,11,0,26,0,66,,17195,11,0,27 28 29,0,102,,17200,11,0,23 24,0,192,,17201,11,0,23 24,0,107,,17196,11,0,27 28 29,0,140,,17202,11,0,23 24,0,151,,17203,11,0,23 24,0,110,,17197,11,0,27 28 29,0,100,,17198,11,0,27 28 29,0,99,,17199,11,0,27 28 29,0,127,,17209,11,,,0
901,'5_5',746,,17210,11,0,26,0,66,,17211,11,0,27 28 29,0,102,,17216,11,0,23 24,0,192,,17217,11,0,23 24,0,107,,17212,11,0,27 28 29,0,140,,17218,11,0,23 24,0,151,,17219,11,0,23 24,0,110,,17213,11,0,27 28 29,0,100,,17214,11,0,27 28 29,0,99,,17215,11,0,27 28 29,0,127,,17225,11,,,0
901,'6_3',746,,17226,11,0,26,0,66,,17227,11,0,27 28 29,0,102,,17232,11,0,23 24,0,192,,17233,11,0,23 24,0,107,,17228,11,0,27 28 29,0,140,,17234,11,0,23 24,0,151,,17235,11,0,23 24,0,110,,17229,11,0,27 28 29,0,100,,17230,11,0,27 28 29,0,99,,17231,11,0,27 28 29,0,127,,17241,11,,,0
1001,'1_6',751,,17330,6,,,0,103,,17331,6,,,0,101,,17338,4,,,0,102,,17332,6,,,0,100,,17339,4,,,0,85,,17340,4,,,0,163,,17335,6,,,0,38,,17341,4,,,0,187,,17336,6,,,0,118,,17337,6,,,0,91,,17333,6,,,0,107,,17334,6,,,0
1001,'5_1',753,,17342,6,,,0,99,,17344,6,,,0,85,,17345,6,,,0,79,,17349,4,,,0,86,,17346,6,,,0,50,,17350,4,,,0,85,,17351,4,,,0,69,,17352,4,,,0,100,,17343,6,,,0,37,,17353,4,,,0,184,,17354,6,,,0,320,,17348,6,,,0
1001,'5_2',753,,17356,6,,,0,99,,17358,6,,,0,85,,17359,6,,,0,79,,17363,4,,,0,86,,17360,6,,,0,50,,17364,4,,,0,85,,17365,4,,,0,69,,17366,4,,,0,100,,17357,6,,,0,37,,17367,4,,,0,184,,17368,6,,,0,320,,17362,6,,,0
1001,'5_4',753,,17370,6,,,0,99,,17372,6,,,0,85,,17373,6,,,0,79,,17377,4,,,0,86,,17374,6,,,0,50,,17378,4,,,0,85,,17379,4,,,0,69,,17380,4,,,0,100,,17371,6,,,0,37,,17381,4,,,0,184,,17382,6,,,0,320,,17376,6,,,0
1001,'5_5',753,,17384,6,,,0,99,,17386,6,,,0,85,,17387,6,,,0,79,,17391,4,,,0,86,,17388,6,,,0,50,,17392,4,,,0,85,,17393,4,,,0,69,,17394,4,,,0,100,,17385,6,,,0,37,,17395,4,,,0,184,,17396,6,,,0,320,,17390,6,,,0
1001,'6_3',753,,17398,6,,,0,99,,17400,6,,,0,85,,17401,6,,,0,79,,17405,4,,,0,86,,17402,6,,,0,50,,17406,4,,,0,85,,17407,4,,,0,69,,17408,4,,,0,100,,17399,6,,,0,37,,17409,4,,,0,184,,17410,6,,,0,320,,17404,6,,,0
1901,'5_1',1614,,17929,11,,,0,100,,17930,11,,,0,99,,17931,11,,,0
1901,'5_2',1614,,17938,11,,,0,100,,17939,11,,,0,99,,17940,11,,,0
1901,'5_4',1614,,17947,11,,,0,100,,17948,11,,,0,99,,17949,11,,,0
1901,'5_5',1614,,17956,11,,,0,100,,17957,11,,,0,99,,17958,11,,,0
1901,'6_3',1213,,17968,11,,,0,34,,17969,11,,,0
1000001,'1_6',554,,19661,22,,,0,82,,19662,22,,,0,81,,19663,22,,,0,30,,19664,22,,,0,69,,19665,28,,,0,29,,19666,28,,,0,55,,19667,22,,,0,16,,19668,22,,,0,15,,19669,28,,,0,16,,19670,22,,,0,55,,19671,22,,,0,15,,19672,28,,,0,16,,19673,22,,,0,14,,19674,22,,,0,56,,19675,28,,,0,15,,19676,22,,,0,15,,19677,22,,,0,16,,19678,28,,,0,54,,19679,22,,,0,16,,19680,22,,,0,15,,19681,28,,,0,14,,19682,22,,,0,57,,19683,22,,,0,16,,19684,28,,,0,9,,19685,22,,,0,10,,19686,22,,,0,9,,19687,22,,,0,10,,19689,22,,,0,50,,19688,28,,,0,10,,19690,22,,,0,11,,19691,22,,,0,12,,19692,28,,,0,9,,19693,22,,,0,49,,19694,22,,,0,10,,19695,22,,,0,11,,19696,28,,,0,10,,19697,22,,,0,10,,19698,22,,,0,11,,19699,22,,,0,51,,19700,28,,,0,9,,19701,22,,,0,10,,19702,22,,,0,10,,19703,22,,,0,12,,19704,28,,,0,9,,19705,22,,,0,49,,19706,22,,,0,10,,19707,22,,,0,10,,19709,22,,,0,9,,19708,28,,,0,10,,19710,22,,,0,9,,19711,22,,,0,50,,19713,22,,,0,9,,19712,28,,,0,9,,19714,22,,,0,9,,19715,22,,,0,9,,19717,22,,,0,10,,19716,28,,,0,10,,19718,22,,,0,53,,19719,22,,,0,19,,19720,28,,,0,17,,19721,22,,,0,61,,19722,22,,,0,21,,19723,22,,,0,16,,19724,22,,,0,59,,19725,22,,,0,20,,19726,22,,,0,20,,19727,22,,,0,60,,19728,22,,,0
1000001,'4_7',825,,19729,22,,,0,80,,19730,22,,,0,40,,19731,22,,,0,80,,19732,22,,,0,80,,19733,22,,,0,40,,19734,22,,,0,80,,19735,22,,,0,80,,19736,22,,,0,40,,19737,22,,,0,80,,19738,22,,,0,80,,19739,22,,,0,40,,19740,22,,,0,80,,19741,22,,,0,80,,19742,22,,,0,40,,19743,22,,,0,80,,19744,22,,,0,80,,19745,22,,,0,40,,19746,22,,,0
1000001,'5_1',554,,19747,22,,,0,60,,19748,22,,,0,20,,19749,22,,,0,20,,19750,22,,,0,62,,19751,22,,,0,10,,19831,22,,,0,11,,19832,22,,,0,10,,19782,28,,,0,10,,19783,28,,,0,50,,19784,28,,,0,11,,19785,28,,,0,10,,19786,28,,,0,9,,19787,28,,,0,10,,19788,28,,,0,10,,19789,28,,,0,50,,19790,28,,,0,10,,19791,28,,,0,10,,19792,28,,,0,12,,19793,28,,,0,11,,19752,22,,,0,51,,19753,28,,,0,10,,19754,22,,,0,9,,19755,28,,,0,11,,19756,22,,,0,11,,19794,28,,,0,11,,19757,22,,,0,51,,19758,28,,,0,10,,19759,22,,,0,11,,19760,28,,,0,10,,19761,22,,,0,11,,19795,28,,,0,11,,19762,22,,,0,51,,19763,28,,,0,10,,19764,22,,,0,9,,19765,28,,,0,9,,19796,22,,,0,10,,19797,28,,,0,10,,19798,22,,,0,50,,19799,28,,,0,10,,19800,22,,,0,10,,19801,28,,,0,10,,19802,22,,,0,9,,19803,28,,,0,10,,19804,22,,,0,51,,19805,28,,,0,10,,19806,22,,,0,10,,19807,28,,,0,10,,19808,22,,,0,10,,19766,28,,,0,10,,19767,22,,,0,49,,19809,28,,,0,10,,19768,22,,,0,9,,19769,28,,,0,11,,19770,22,,,0,11,,19810,28,,,0,12,,19771,22,,,0,51,,19772,28,,,0,11,,19773,22,,,0,10,,19774,28,,,0,9,,19775,28,,,0,10,,19811,28,,,0,51,,19812,28,,,0,10,,19813,28,,,0,11,,19814,28,,,0,11,,19815,28,,,0,11,,19816,28,,,0,10,,19817,28,,,0,50,,19818,28,,,0,8,,19819,28,,,0,10,,19820,28,,,0,10,,19821,28,,,0,8,,19822,28,,,0,9,,19823,28,,,0,9,,19824,28,,,0,48,,19825,28,,,0,9,,19826,22,,,0,9,,19827,28,,,0,10,,19828,22,,,0,12,,19830,28,,,0,59,,19829,28,,,0,20,,19776,22,,,0,20,,19777,22,,,0,60,,19778,22,,,0,20,,19779,22,,,0,19,,19780,22,,,0,60,,19781,22,,,0
1000001,'5_2',554,,19833,22,,,0,60,,19834,22,,,0,20,,19835,22,,,0,20,,19836,22,,,0,62,,19837,22,,,0,10,,19917,22,,,0,11,,19918,22,,,0,10,,19868,28,,,0,10,,19869,28,,,0,50,,19870,28,,,0,11,,19871,28,,,0,10,,19872,28,,,0,9,,19873,28,,,0,10,,19874,28,,,0,10,,19875,28,,,0,50,,19876,28,,,0,10,,19877,28,,,0,10,,19878,28,,,0,12,,19879,28,,,0,11,,19838,22,,,0,51,,19839,28,,,0,10,,19840,22,,,0,9,,19841,28,,,0,11,,19842,22,,,0,11,,19880,28,,,0,11,,19843,22,,,0,51,,19844,28,,,0,10,,19845,22,,,0,11,,19846,28,,,0,10,,19847,22,,,0,11,,19881,28,,,0,11,,19848,22,,,0,51,,19849,28,,,0,10,,19850,22,,,0,9,,19851,28,,,0,9,,19882,22,,,0,10,,19883,28,,,0,10,,19884,22,,,0,50,,19885,28,,,0,10,,19886,22,,,0,10,,19887,28,,,0,10,,19888,22,,,0,9,,19889,28,,,0,10,,19890,22,,,0,51,,19891,28,,,0,10,,19892,22,,,0,10,,19893,28,,,0,10,,19894,22,,,0,10,,19852,28,,,0,10,,19853,22,,,0,49,,19895,28,,,0,10,,19854,22,,,0,9,,19855,28,,,0,11,,19856,22,,,0,11,,19896,28,,,0,12,,19857,22,,,0,51,,19858,28,,,0,11,,19859,22,,,0,10,,19860,28,,,0,9,,19861,28,,,0,10,,19897,28,,,0,51,,19898,28,,,0,10,,19899,28,,,0,11,,19900,28,,,0,11,,19901,28,,,0,11,,19902,28,,,0,10,,19903,28,,,0,50,,19904,28,,,0,8,,19905,28,,,0,10,,19906,28,,,0,10,,19907,28,,,0,8,,19908,28,,,0,9,,19909,28,,,0,9,,19910,28,,,0,48,,19911,28,,,0,9,,19912,22,,,0,9,,19913,28,,,0,10,,19914,22,,,0,12,,19916,28,,,0,59,,19915,28,,,0,20,,19862,22,,,0,20,,19863,22,,,0,60,,19864,22,,,0,20,,19865,22,,,0,19,,19866,22,,,0,60,,19867,22,,,0
1000001,'5_4',554,,19919,22,,,0,60,,19920,22,,,0,20,,19921,22,,,0,20,,19922,22,,,0,62,,19923,22,,,0,10,,20003,22,,,0,11,,20004,22,,,0,10,,19954,28,,,0,10,,19955,28,,,0,50,,19956,28,,,0,11,,19957,28,,,0,10,,19958,28,,,0,9,,19959,28,,,0,10,,19960,28,,,0,10,,19961,28,,,0,50,,19962,28,,,0,10,,19963,28,,,0,10,,19964,28,,,0,12,,19965,28,,,0,11,,19924,22,,,0,51,,19925,28,,,0,10,,19926,22,,,0,9,,19927,28,,,0,11,,19928,22,,,0,11,,19966,28,,,0,11,,19929,22,,,0,51,,19930,28,,,0,10,,19931,22,,,0,11,,19932,28,,,0,10,,19933,22,,,0,11,,19967,28,,,0,11,,19934,22,,,0,51,,19935,28,,,0,10,,19936,22,,,0,9,,19937,28,,,0,9,,19968,22,,,0,10,,19969,28,,,0,10,,19970,22,,,0,50,,19971,28,,,0,10,,19972,22,,,0,10,,19973,28,,,0,10,,19974,22,,,0,9,,19975,28,,,0,10,,19976,22,,,0,51,,19977,28,,,0,10,,19978,22,,,0,10,,19979,28,,,0,10,,19980,22,,,0,10,,19938,28,,,0,10,,19939,22,,,0,49,,19981,28,,,0,10,,19940,22,,,0,9,,19941,28,,,0,11,,19942,22,,,0,11,,19982,28,,,0,12,,19943,22,,,0,51,,19944,28,,,0,11,,19945,22,,,0,10,,19946,28,,,0,9,,19947,28,,,0,10,,19983,28,,,0,51,,19984,28,,,0,10,,19985,28,,,0,11,,19986,28,,,0,11,,19987,28,,,0,11,,19988,28,,,0,10,,19989,28,,,0,50,,19990,28,,,0,8,,19991,28,,,0,10,,19992,28,,,0,10,,19993,28,,,0,8,,19994,28,,,0,9,,19995,28,,,0,9,,19996,28,,,0,48,,19997,28,,,0,9,,19998,22,,,0,9,,19999,28,,,0,10,,20000,22,,,0,12,,20002,28,,,0,59,,20001,28,,,0,20,,19948,22,,,0,20,,19949,22,,,0,60,,19950,22,,,0,20,,19951,22,,,0,19,,19952,22,,,0,60,,19953,22,,,0
1000001,'5_5',554,,20005,22,,,0,60,,20006,22,,,0,20,,20007,22,,,0,20,,20008,22,,,0,62,,20009,22,,,0,10,,20089,22,,,0,11,,20090,22,,,0,10,,20040,28,,,0,10,,20041,28,,,0,50,,20042,28,,,0,11,,20043,28,,,0,10,,20044,28,,,0,9,,20045,28,,,0,10,,20046,28,,,0,10,,20047,28,,,0,50,,20048,28,,,0,10,,20049,28,,,0,10,,20050,28,,,0,12,,20051,28,,,0,11,,20010,22,,,0,51,,20011,28,,,0,10,,20012,22,,,0,9,,20013,28,,,0,11,,20014,22,,,0,11,,20052,28,,,0,11,,20015,22,,,0,51,,20016,28,,,0,10,,20017,22,,,0,11,,20018,28,,,0,10,,20019,22,,,0,11,,20053,28,,,0,11,,20020,22,,,0,51,,20021,28,,,0,10,,20022,22,,,0,9,,20023,28,,,0,9,,20054,22,,,0,10,,20055,28,,,0,10,,20056,22,,,0,50,,20057,28,,,0,10,,20058,22,,,0,10,,20059,28,,,0,10,,20060,22,,,0,9,,20061,28,,,0,10,,20062,22,,,0,51,,20063,28,,,0,10,,20064,22,,,0,10,,20065,28,,,0,10,,20066,22,,,0,10,,20024,28,,,0,10,,20025,22,,,0,49,,20067,28,,,0,10,,20026,22,,,0,9,,20027,28,,,0,11,,20028,22,,,0,11,,20068,28,,,0,12,,20029,22,,,0,51,,20030,28,,,0,11,,20031,22,,,0,10,,20032,28,,,0,9,,20033,28,,,0,10,,20069,28,,,0,51,,20070,28,,,0,10,,20071,28,,,0,11,,20072,28,,,0,11,,20073,28,,,0,11,,20074,28,,,0,10,,20075,28,,,0,50,,20076,28,,,0,8,,20077,28,,,0,10,,20078,28,,,0,10,,20079,28,,,0,8,,20080,28,,,0,9,,20081,28,,,0,9,,20082,28,,,0,48,,20083,28,,,0,9,,20084,22,,,0,9,,20085,28,,,0,10,,20086,22,,,0,12,,20088,28,,,0,59,,20087,28,,,0,20,,20034,22,,,0,20,,20035,22,,,0,60,,20036,22,,,0,20,,20037,22,,,0,19,,20038,22,,,0,60,,20039,22,,,0
1000001,'6_3',554,,20091,22,,,0,60,,20092,22,,,0,20,,20093,22,,,0,20,,20094,22,,,0,62,,20095,22,,,0,10,,20175,22,,,0,11,,20176,22,,,0,10,,20126,28,,,0,10,,20127,28,,,0,50,,20128,28,,,0,11,,20129,28,,,0,10,,20130,28,,,0,9,,20131,28,,,0,10,,20132,28,,,0,10,,20133,28,,,0,50,,20134,28,,,0,10,,20135,28,,,0,10,,20136,28,,,0,12,,20137,28,,,0,11,,20096,22,,,0,51,,20097,28,,,0,10,,20098,22,,,0,9,,20099,28,,,0,11,,20100,22,,,0,11,,20138,28,,,0,11,,20101,22,,,0,51,,20102,28,,,0,10,,20103,22,,,0,11,,20104,28,,,0,10,,20105,22,,,0,11,,20139,28,,,0,11,,20106,22,,,0,51,,20107,28,,,0,10,,20108,22,,,0,9,,20109,28,,,0,9,,20140,22,,,0,10,,20141,28,,,0,10,,20142,22,,,0,50,,20143,28,,,0,10,,20144,22,,,0,10,,20145,28,,,0,10,,20146,22,,,0,9,,20147,28,,,0,10,,20148,22,,,0,51,,20149,28,,,0,10,,20150,22,,,0,10,,20151,28,,,0,10,,20152,22,,,0,10,,20110,28,,,0,10,,20111,22,,,0,49,,20153,28,,,0,10,,20112,22,,,0,9,,20113,28,,,0,11,,20114,22,,,0,11,,20154,28,,,0,12,,20115,22,,,0,51,,20116,28,,,0,11,,20117,22,,,0,10,,20118,28,,,0,9,,20119,28,,,0,10,,20155,28,,,0,51,,20156,28,,,0,10,,20157,28,,,0,11,,20158,28,,,0,11,,20159,28,,,0,11,,20160,28,,,0,10,,20161,28,,,0,50,,20162,28,,,0,8,,20163,28,,,0,10,,20164,28,,,0,10,,20165,28,,,0,8,,20166,28,,,0,9,,20167,28,,,0,9,,20168,28,,,0,48,,20169,28,,,0,9,,20170,22,,,0,9,,20171,28,,,0,10,,20172,22,,,0,12,,20174,28,,,0,59,,20173,28,,,0,20,,20120,22,,,0,20,,20121,22,,,0,60,,20122,22,,,0,20,,20123,22,,,0,19,,20124,22,,,0,60,,20125,22,,,0
