300,'1_6',701,,15663,18,,,0,30,,15665,18,,,0,69,,15666,18,,,0,30,,15664,18,,,0,70,,15668,18,,,0,29,,15669,18,,,0,29,,15667,18,,,0,71,,15670,18,,,0,30,,15671,18,,,0,70,,15674,18,,,0,29,,15673,18,,,0,69,,15672,18,,,0,28,,15676,18,,,0,70,,15675,18,,,0,30,,15677,18,,,0,69,,15678,18,,,0,32,,15679,18,,,0,72,,15680,18,,,0,31,,15681,18,,,0,71,,15682,18,,,0,72,,15683,18,,,0,32,,15684,18,,,0,70,,15685,18,,,0,31,,15690,18,,,0,71,,15686,18,,,0,30,,15687,18,,,0,65,,15688,18,,,0,30,,15689,18,,,0
300,'4_7',919,,15691,18,,,0,100,,15692,18,,,0,100,,15693,18,,,0,100,,15694,18,,,0,100,,15695,18,,,0,100,,15696,18,,,0,100,,15697,18,,,0,100,,15698,18,,,0,100,,15699,18,,,0,100,,15700,18,,,0,100,,15701,18,,,0
300,'5_1',659,,15702,18,,,0,64,,15703,18,,,0,32,,15704,18,,,0,64,,15705,18,,,0,25,,15706,18,,,0,70,,15707,18,,,0,32,,15708,18,,,0,72,,15709,18,,,0,32,,15710,18,,,0,72,,15711,18,,,0,32,,15712,18,,,0,72,,15713,18,,,0,32,,15714,18,,,0,72,,15715,18,,,0,72,,15716,18,,,0,32,,15717,18,,,0,72,,15718,18,,,0,33,,15719,18,,,0,70,,15721,18,,,0,27,,15722,18,,,0,68,,15723,18,,,0,29,,15724,18,,,0,70,,15725,18,,,0,30,,15729,18,,,0,71,,15726,18,,,0,31,,15727,18,,,0,73,,15728,18,,,0,30,,15720,18,,,0
300,'5_2',659,,15730,18,,,0,64,,15731,18,,,0,32,,15732,18,,,0,64,,15733,18,,,0,25,,15734,18,,,0,70,,15735,18,,,0,32,,15736,18,,,0,72,,15737,18,,,0,32,,15738,18,,,0,72,,15739,18,,,0,32,,15740,18,,,0,72,,15741,18,,,0,32,,15742,18,,,0,72,,15743,18,,,0,72,,15744,18,,,0,32,,15745,18,,,0,72,,15746,18,,,0,33,,15747,18,,,0,70,,15749,18,,,0,27,,15750,18,,,0,68,,15751,18,,,0,29,,15752,18,,,0,70,,15753,18,,,0,30,,15757,18,,,0,71,,15754,18,,,0,31,,15755,18,,,0,73,,15756,18,,,0,30,,15748,18,,,0
300,'5_4',659,,15758,18,,,0,64,,15759,18,,,0,32,,15760,18,,,0,64,,15761,18,,,0,25,,15762,18,,,0,70,,15763,18,,,0,32,,15764,18,,,0,72,,15765,18,,,0,32,,15766,18,,,0,72,,15767,18,,,0,32,,15768,18,,,0,72,,15769,18,,,0,32,,15770,18,,,0,72,,15771,18,,,0,72,,15772,18,,,0,32,,15773,18,,,0,72,,15774,18,,,0,33,,15775,18,,,0,70,,15777,18,,,0,27,,15778,18,,,0,68,,15779,18,,,0,29,,15780,18,,,0,70,,15781,18,,,0,30,,15785,18,,,0,71,,15782,18,,,0,31,,15783,18,,,0,73,,15784,18,,,0,30,,15776,18,,,0
300,'5_5',659,,15786,18,,,0,64,,15787,18,,,0,32,,15788,18,,,0,64,,15789,18,,,0,25,,15790,18,,,0,70,,15791,18,,,0,32,,15792,18,,,0,72,,15793,18,,,0,32,,15794,18,,,0,72,,15795,18,,,0,32,,15796,18,,,0,72,,15797,18,,,0,32,,15798,18,,,0,72,,15799,18,,,0,72,,15800,18,,,0,32,,15801,18,,,0,72,,15802,18,,,0,33,,15803,18,,,0,70,,15805,18,,,0,27,,15806,18,,,0,68,,15807,18,,,0,29,,15808,18,,,0,70,,15809,18,,,0,30,,15813,18,,,0,71,,15810,18,,,0,31,,15811,18,,,0,73,,15812,18,,,0,30,,15804,18,,,0
300,'6_3',659,,15814,18,,,0,64,,15815,18,,,0,32,,15816,18,,,0,64,,15817,18,,,0,25,,15818,18,,,0,70,,15819,18,,,0,32,,15820,18,,,0,72,,15821,18,,,0,32,,15822,18,,,0,72,,15823,18,,,0,32,,15824,18,,,0,72,,15825,18,,,0,32,,15826,18,,,0,72,,15827,18,,,0,72,,15828,18,,,0,32,,15829,18,,,0,72,,15830,18,,,0,33,,15831,18,,,0,70,,15833,18,,,0,27,,15834,18,,,0,68,,15835,18,,,0,29,,15836,18,,,0,70,,15837,18,,,0,30,,15841,18,,,0,71,,15838,18,,,0,31,,15839,18,,,0,73,,15840,18,,,0,30,,15832,18,,,0
900601,'1_6',754,,18905,6,,,0,170,,18906,6,,,0,130,,18907,6,,,0,175,,18908,6,,,0,120,,18909,6,,,0,175,,18910,6,,,0,125,,18911,6,,,0,170,,18912,6,,,0
900601,'5_1',754,,18913,6,,,0,170,,18914,6,,,0,130,,18915,6,,,0,175,,18916,6,,,0,120,,18917,6,,,0,175,,18918,6,,,0,125,,18919,6,,,0,170,,18920,6,,,0
900601,'5_2',754,,18921,6,,,0,170,,18922,6,,,0,130,,18923,6,,,0,175,,18924,6,,,0,120,,18925,6,,,0,175,,18926,6,,,0,125,,18927,6,,,0,170,,18928,6,,,0
900601,'5_4',754,,18929,6,,,0,170,,18930,6,,,0,130,,18931,6,,,0,175,,18932,6,,,0,120,,18933,6,,,0,175,,18934,6,,,0,125,,18935,6,,,0,170,,18936,6,,,0
900601,'5_5',754,,18937,6,,,0,170,,18938,6,,,0,130,,18939,6,,,0,175,,18940,6,,,0,120,,18941,6,,,0,175,,18942,6,,,0,125,,18943,6,,,0,170,,18944,6,,,0
900601,'6_3',754,,18945,6,,,0,170,,18946,6,,,0,130,,18947,6,,,0,175,,18948,6,,,0,120,,18949,6,,,0,175,,18950,6,,,0,125,,18951,6,,,0,170,,18952,6,,,0
2900300,'5_1',714,,20894,10,,,0,30,,20895,10,,,0,69,,20896,10,,,0
2900300,'5_2',714,,20897,10,,,0,30,,20898,10,,,0,69,,20899,10,,,0
2900300,'5_4',714,,20900,10,,,0,30,,20901,10,,,0,69,,20902,10,,,0
2900300,'5_5',714,,20903,10,,,0,30,,20904,10,,,0,69,,20905,10,,,0
2900300,'6_3',714,,20906,10,,,0,30,,20907,10,,,0,69,,20908,10,,,0
