100,'25j05H-Dimanche',925,,1,0,46,0,105,,6,0,46,0,106,,2,0,46,0,104,,7,0,46,0,90,,3,0,46,0,100,,8,0,46,0,105,,4,0,46,0,105,,9,0,46,0,105,,5,0,46,0,105,,10,0,46,0
100,'25j26H-Dimanche',925,,15,0,46,0,105,,20,0,46,0,106,,16,0,46,0,104,,21,0,46,0,90,,17,0,46,0,100,,22,0,46,0,105,,18,0,46,0,105,,23,0,46,0,105,,19,0,46,0,105,,24,0,46,0
100,'26a05H-Samedi',720,,80,0,46,0,110,,92,0,46,0,95,,81,0,46,0,31,,93,0,46,0,70,,82,0,46,0,32,,94,0,46,0,70,,83,0,46,0,29,,95,0,46,0,71,,84,0,46,0,28,,96,0,46,0,70,,85,0,46,0,30,,97,0,46,0,70,,86,0,46,0,31,,98,0,46,0,69,,87,0,46,0,31,,99,0,46,0,71,,88,0,46,0,31,,100,0,46,0,73,,89,0,46,0,68,,101,0,46,0,30,,90,0,46,0,71,,102,0,46,0,29,,91,0,46,0
100,'26a05H-Mercredi',720,,117,0,46,0,14,,114,0,46,0,16,,118,0,46,0,55,,105,,,0,15,,124,0,46,0,20,,115,4,,0,10,,119,0,46,0,67,,106,0,46,0,38,,120,0,46,0,78,,107,0,46,0,80,,121,0,46,0,38,,108,0,46,0,59,,125,,,0,25,,126,,,0,70,,109,0,46,0,25,,122,0,46,0,25,,110,0,46,0,75,,123,0,46,0,80,,111,0,46,0,24,,127,,,0,76,,116,0,46,0,20,,128,,,0,13,,133,0,46,0,62,,129,,,0,10,,112,0,46,0,20,,130,,,0,20,,113,0,46,0,55,,131,,,0,25,,103,,,0,75,,132,0,46,0,35,,104,,,0
100,'26a05H-Mercredi0010000',1220,,134,4,,0,5,,135,4,,0,7,,136,,,0
100,'26a05H-L-Ma-J-V',720,,151,0,46,0,14,,148,0,46,0,16,,152,0,46,0,55,,139,,,0,15,,158,0,46,0,20,,149,4,,0,10,,153,0,46,0,67,,140,0,46,0,38,,154,0,46,0,78,,141,0,46,0,80,,155,0,46,0,38,,142,0,46,0,59,,159,,,0,25,,160,,,0,70,,143,0,46,0,25,,156,0,46,0,25,,144,0,46,0,75,,157,0,46,0,80,,145,0,46,0,24,,161,,,0,76,,150,0,46,0,20,,162,,,0,13,,167,0,46,0,62,,163,,,0,10,,146,0,46,0,20,,164,,,0,20,,147,0,46,0,55,,165,,,0,25,,137,,,0,75,,166,0,46,0,35,,138,,,0
100,'26a05H-L-Ma-J-V1101100',1610,,168,4,,0,116,,169,4,,0,2,,170,,,0,88,,171,,,0
100,'26b23V-Semaine',720,,186,,,0,15,,183,0,46,0,15,,187,0,46,0,55,,174,,,0,15,,193,0,46,0,15,,184,4,,0,15,,188,0,46,0,65,,175,0,46,0,40,,189,0,46,0,80,,176,0,46,0,80,,190,0,46,0,35,,177,0,46,0,60,,194,,,0,25,,195,,,0,70,,178,0,46,0,25,,191,0,46,0,25,,179,0,46,0,72,,192,0,46,0,78,,180,0,46,0,30,,196,0,46,0,71,,185,0,46,0,24,,197,,,0,74,,181,,,0,31,,198,,,0,70,,182,,,0,30,,172,,,0,75,,199,0,46,0,25,,173,,,0
100,'26c02V-Semaine',720,,214,,,0,15,,211,0,46,0,15,,215,0,46,0,55,,202,,,0,15,,221,0,46,0,15,,212,4,,0,15,,216,0,46,0,65,,203,0,46,0,40,,217,0,46,0,80,,204,0,46,0,80,,218,0,46,0,35,,205,0,46,0,60,,222,,,0,25,,223,,,0,70,,206,0,46,0,25,,219,0,46,0,25,,207,0,46,0,72,,220,0,46,0,78,,208,0,46,0,30,,224,0,46,0,71,,213,0,46,0,24,,225,,,0,74,,209,,,0,31,,226,,,0,70,,210,,,0,30,,200,,,0,75,,227,0,46,0,25,,201,,,0
300,'25j05H-Dimanche',941,,1065,,,0,100,,1066,,,0,100,,1067,,,0,100,,1068,,,0,100,,1069,,,0,100,,1070,,,0,100,,1071,,,0,100,,1072,,,0,100,,1073,,,0,100,,1074,,,0,100,,1075,,,0
300,'25j26H-Dimanche',941,,1076,,,0,100,,1077,,,0,100,,1078,,,0,100,,1079,,,0,100,,1080,,,0,100,,1081,,,0,100,,1082,,,0,100,,1083,,,0,100,,1084,,,0,100,,1085,,,0,100,,1086,,,0
300,'26a05H-Samedi',720,,1143,,,0,30,,1145,,,0,70,,1146,,,0,30,,1144,,,0,70,,1148,,,0,30,,1149,,,0,69,,1147,,,0,31,,1150,,,0,70,,1151,,,0,30,,1154,,,0,69,,1153,,,0,29,,1152,,,0,68,,1156,,,0,30,,1155,,,0,70,,1157,,,0,30,,1158,,,0,72,,1159,,,0,32,,1160,,,0,71,,1161,,,0,31,,1162,,,0,72,,1163,,,0,32,,1164,,,0,70,,1165,,,0,31,,1170,,,0,70,,1166,,,0,30,,1167,,,0,64,,1168,,,0,30,,1169,,,0
300,'26a05H-Mercredi',725,,1171,,,0,25,,1172,,,0,70,,1173,,,0,23,,1174,,,0,65,,1175,,,0,30,,1176,,,0,72,,1177,,,0,32,,1178,,,0,71,,1179,,,0,32,,1180,,,0,72,,1181,,,0,32,,1182,,,0,73,,1183,,,0,33,,1184,,,0,72,,1185,,,0,73,,1186,,,0,32,,1187,,,0,74,,1188,,,0,29,,1190,,,0,68,,1191,,,0,28,,1192,,,0,27,,1193,,,0,68,,1194,,,0,30,,1198,,,0,71,,1195,,,0,30,,1196,,,0,73,,1197,,,0,70,,1189,,,0
300,'26a05H-L-Ma-J-V',725,,1199,,,0,25,,1200,,,0,70,,1201,,,0,23,,1202,,,0,65,,1203,,,0,30,,1204,,,0,72,,1205,,,0,32,,1206,,,0,71,,1207,,,0,32,,1208,,,0,72,,1209,,,0,32,,1210,,,0,73,,1211,,,0,33,,1212,,,0,72,,1213,,,0,73,,1214,,,0,32,,1215,,,0,74,,1216,,,0,29,,1218,,,0,68,,1219,,,0,28,,1220,,,0,27,,1221,,,0,68,,1222,,,0,30,,1226,,,0,71,,1223,,,0,30,,1224,,,0,73,,1225,,,0,70,,1217,,,0
300,'26b23V-Semaine',725,,1227,,,0,25,,1228,,,0,70,,1229,,,0,23,,1232,,,0,65,,1231,,,0,30,,1230,,,0,72,,1234,,,0,32,,1237,,,0,71,,1239,,,0,32,,1235,,,0,72,,1240,,,0,32,,1233,,,0,73,,1236,,,0,33,,1238,,,0,72,,1241,,,0,73,,1242,,,0,32,,1243,,,0,74,,1245,,,0,29,,1244,,,0,68,,1247,,,0,28,,1249,,,0,27,,1251,,,0,68,,1248,,,0,30,,1254,,,0,71,,1253,,,0,30,,1250,,,0,73,,1252,,,0,70,,1246,,,0
300,'26c02V-Semaine',725,,1255,,,0,25,,1256,,,0,70,,1257,,,0,23,,1260,,,0,65,,1259,,,0,30,,1258,,,0,72,,1262,,,0,32,,1265,,,0,71,,1267,,,0,32,,1263,,,0,72,,1268,,,0,32,,1261,,,0,73,,1264,,,0,33,,1266,,,0,72,,1269,,,0,73,,1270,,,0,32,,1271,,,0,74,,1273,,,0,29,,1272,,,0,68,,1275,,,0,28,,1277,,,0,27,,1279,,,0,68,,1276,,,0,30,,1282,,,0,71,,1281,,,0,30,,1278,,,0,73,,1280,,,0,70,,1274,,,0
400,'25j05H-Dimanche',920,,1501,0,36,0,100,,1502,0,36,0,100,,1503,0,36,0,100,,1504,0,36,0,100,,1505,0,36,0,100,,1506,0,36,0,100,,1507,0,36,0,100,,1508,0,36,0,100,,1509,0,36,0,100,,1510,0,36,0
400,'25j26H-Dimanche',920,,1514,0,36,0,100,,1515,0,36,0,100,,1516,0,36,0,100,,1517,0,36,0,100,,1518,0,36,0,100,,1519,0,36,0,100,,1520,0,36,0,100,,1521,0,36,0,100,,1522,0,36,0,100,,1523,0,36,0
400,'26a05H-Samedi',720,,1585,0,36,0,104,,1586,0,36,0,34,,1579,0,36,0,67,,1587,0,36,0,32,,1588,0,36,0,70,,1589,0,36,0,30,,1580,0,36,0,71,,1590,0,36,0,29,,1592,0,36,0,71,,1591,0,36,0,29,,1581,0,36,0,70,,1593,0,36,0,31,,1594,0,36,0,69,,1595,0,36,0,32,,1582,0,36,0,72,,1596,0,36,0,69,,1597,0,36,0,30,,1598,0,36,0,72,,1583,0,36,0,35,,1599,0,36,0,71,,1600,0,36,0,32,,1601,0,36,0,69,,1584,0,36,0,31,,1602,0,36,0
400,'26a05H-Mercredi',720,,1625,0,40,0,15,,1632,0,36,0,15,,1603,0,36,0,55,,1604,0,36,0,15,,1627,0,36,0,15,,1605,0,36,0,14,,1606,0,36,0,70,,1607,0,36,0,40,,1608,0,36,0,71,,1609,0,36,0,70,,1610,0,36,0,35,,1611,0,36,0,75,,1612,0,36,0,25,,1630,,,0,65,,1628,0,36,0,30,,1613,0,36,0,27,,1614,0,36,0,68,,1617,0,36,0,75,,1615,0,36,0,30,,1618,0,36,0,75,,1616,0,36,0,30,,1633,0,36,0,65,,1619,0,36,0,5,,1629,0,36,0,15,,1620,0,36,0,15,,1634,,,0,15,,1621,0,36,0,65,,1622,0,36,0,20,,1631,,,0,75,,1623,0,36,0,25,,1624,0,36,0
400,'26a05H-L-Ma-J-V',720,,1657,0,40,0,15,,1664,0,36,0,15,,1635,0,36,0,55,,1636,0,36,0,15,,1659,0,36,0,15,,1637,0,36,0,14,,1638,0,36,0,70,,1639,0,36,0,40,,1640,0,36,0,71,,1641,0,36,0,70,,1642,0,36,0,35,,1643,0,36,0,75,,1644,0,36,0,25,,1662,,,0,65,,1660,0,36,0,30,,1645,0,36,0,27,,1646,0,36,0,68,,1649,0,36,0,75,,1647,0,36,0,30,,1650,0,36,0,75,,1648,0,36,0,30,,1665,0,36,0,65,,1651,0,36,0,5,,1661,0,36,0,15,,1652,0,36,0,15,,1666,,,0,15,,1653,0,36,0,65,,1654,0,36,0,20,,1663,,,0,75,,1655,0,36,0,25,,1656,0,36,0
400,'26b23V-Semaine',719,,1687,0,36,0,14,,1693,0,36,0,17,,1667,0,36,0,55,,1668,0,36,0,13,,1688,0,36,0,17,,1669,0,36,0,15,,1670,0,36,0,77,,1671,0,36,0,73,,1672,0,36,0,30,,1673,0,36,0,70,,1674,0,36,0,35,,1675,0,36,0,75,,1676,0,36,0,25,,1691,0,36,0,65,,1689,0,36,0,30,,1677,0,36,0,70,,1678,0,36,0,25,,1681,0,36,0,75,,1679,0,36,0,30,,1682,0,36,0,75,,1680,0,36,0,30,,1694,0,36,0,70,,1690,0,36,0,30,,1683,0,36,0,75,,1684,0,36,0,25,,1692,,,0,70,,1685,0,36,0,30,,1686,0,36,0
400,'26c02V-Semaine',719,,1715,0,36,0,14,,1721,0,36,0,17,,1695,0,36,0,55,,1696,0,36,0,13,,1716,0,36,0,17,,1697,0,36,0,15,,1698,0,36,0,77,,1699,0,36,0,73,,1700,0,36,0,30,,1701,0,36,0,70,,1702,0,36,0,35,,1703,0,36,0,75,,1704,0,36,0,25,,1719,0,36,0,65,,1717,0,36,0,30,,1705,0,36,0,70,,1706,0,36,0,25,,1709,0,36,0,75,,1707,0,36,0,30,,1710,0,36,0,75,,1708,0,36,0,30,,1722,0,36,0,70,,1718,0,36,0,30,,1711,0,36,0,75,,1712,0,36,0,25,,1720,,,0,70,,1713,0,36,0,30,,1714,0,36,0
500,'25j05H-Dimanche',1121,,1945,4,,0,200,,1946,4,,0,200,,1947,4,,0,200,,1948,4,,0
500,'25j26H-Dimanche',1121,,1949,4,,0,200,,1950,4,,0,200,,1951,4,,0,200,,1952,4,,0
500,'26a05H-Samedi',750,,1990,,,0,100,,1979,,,0,100,,1980,,,0,100,,1981,,,0,99,,1982,,,0,96,,1983,,,0,98,,1984,,,0,100,,1985,,,0,100,,1986,,,0,100,,1987,,,0,100,,1988,,,0,191,,1989,,,0
500,'26a05H-Mercredi',720,,2002,,,0,20,,2003,,,0,80,,2004,,,0,36,,1991,,,0,144,,1992,,,0,100,,1993,,,0,105,,1994,,,0,100,,1995,,,0,44,,1996,,,0,94,,1997,,,0,100,,1998,,,0,103,,1999,,,0,107,,2000,,,0,101,,2005,,,0,98,,2001,,,0
500,'26a05H-L-Ma-J-V',720,,2017,,,0,20,,2018,,,0,80,,2019,,,0,36,,2006,,,0,144,,2007,,,0,100,,2008,,,0,105,,2009,,,0,100,,2010,,,0,44,,2011,,,0,94,,2012,,,0,100,,2013,,,0,103,,2014,,,0,107,,2015,,,0,101,,2020,,,0,98,,2016,,,0
500,'26b23V-Semaine',720,,2021,,,0,100,,2022,,,0,36,,2023,,,0,144,,2024,,,0,100,,2025,,,0,105,,2026,,,0,100,,2027,,,0,44,,2028,,,0,94,,2029,,,0,100,,2030,,,0,103,,2031,,,0,107,,2032,,,0,101,,2033,,,0,98,,2034,,,0
500,'26c02V-Semaine',720,,2035,,,0,100,,2036,,,0,36,,2037,,,0,144,,2038,,,0,100,,2039,,,0,105,,2040,,,0,100,,2041,,,0,44,,2042,,,0,94,,2043,,,0,100,,2044,,,0,103,,2045,,,0,107,,2046,,,0,101,,2047,,,0,98,,2048,,,0
2300,'26a05H-Mercredi0010000',1205,,3701,,,0,3,,3700,,,0
2300,'26a05H-L-Ma-J-V1101100',1601,,3702,,,0,100,,3703,,,0,100,,3704,,,0
2600,'26a05H-Samedi',730,,3934,,,0,85,,3935,,,0,85,,3936,,,0,45,,3937,,,0,84,,3938,,,0,90,,3939,,,0,84,,3940,,,0,42,,3941,,,0,85,,3942,,,0,85,,3943,,,0,43,,3944,,,0,85,,3945,,,0,90,,3946,,,0,86,,3947,,,0,83,,3948,,,0,45,,3949,,,0,83,,3950,,,0
2600,'26a05H-Mercredi',709,,3951,,,0,13,,3961,,,0,84,,3962,,,0,16,,3963,,,0,84,,3964,,,0,29,,3965,,,0,95,,3952,,,0,99,,3953,,,0,98,,3954,,,0,27,,3955,,,0,70,,3969,,,0,95,,3970,,,0,111,,3956,,,0,85,,3957,,,0,25,,3966,,,0,71,,3967,,,0,21,,3958,,,0,68,,3959,,,0,32,,3960,,,0,69,,3971,,,0
2600,'26a05H-L-Ma-J-V',709,,3973,,,0,13,,3983,,,0,84,,3984,,,0,16,,3985,,,0,84,,3986,,,0,29,,3987,,,0,95,,3974,,,0,99,,3975,,,0,98,,3976,,,0,27,,3977,,,0,70,,3991,,,0,95,,3992,,,0,111,,3978,,,0,85,,3979,,,0,25,,3988,,,0,71,,3989,,,0,21,,3980,,,0,68,,3981,,,0,32,,3982,,,0,69,,3993,,,0
2600,'26b23V-Semaine',730,,3996,,,0,85,,3997,,,0,85,,3998,,,0,45,,3999,,,0,84,,4000,,,0,90,,4001,,,0,84,,4002,,,0,42,,4003,,,0,85,,4004,,,0,85,,4005,,,0,43,,4006,,,0,85,,4007,,,0,90,,4008,,,0,86,,4009,,,0,83,,4010,,,0,45,,4011,,,0,83,,4012,,,0
2600,'26c02V-Semaine',730,,4013,,,0,85,,4014,,,0,85,,4015,,,0,45,,4016,,,0,84,,4017,,,0,90,,4018,,,0,84,,4019,,,0,42,,4020,,,0,85,,4021,,,0,85,,4022,,,0,43,,4023,,,0,85,,4024,,,0,90,,4025,,,0,86,,4026,,,0,83,,4027,,,0,45,,4028,,,0,83,,4029,,,0
901500,'26a05H-Samedi',858,,4527,,,0,60,,4528,,,0,20,,4529,,,0,20,,4530,,,0,60,,4531,,,0,20,,4532,,,0,20,,4533,,,0,60,,4534,,,0,20,,4535,,,0,20,,4536,,,0,60,,4537,,,0,20,,4538,,,0,20,,4539,,,0,60,,4540,,,0,20,,4541,,,0,20,,4542,,,0,60,,4543,,,0,20,,4544,,,0,20,,4545,,,0,80,,4546,,,0,20,,4547,,,0,60,,4548,,,0,20,,4549,,,0,20,,4550,,,0,60,,4551,,,0,20,,4552,,,0,20,,4553,,,0,60,,4554,,,0,20,,4555,,,0,20,,4556,,,0,60,,4557,,,0,20,,4558,,,0
901500,'26a05H-Mercredi',858,,4559,,,0,60,,4560,,,0,20,,4561,,,0,20,,4562,,,0,60,,4563,,,0,20,,4564,,,0,20,,4565,,,0,60,,4566,,,0,20,,4567,,,0,20,,4568,,,0,60,,4569,,,0,20,,4570,,,0,20,,4571,,,0,60,,4572,,,0,20,,4573,,,0,20,,4574,,,0,60,,4575,,,0,20,,4576,,,0,20,,4577,,,0,80,,4578,,,0,20,,4579,,,0,60,,4580,,,0,20,,4581,,,0,20,,4582,,,0,60,,4583,,,0,20,,4584,,,0,20,,4585,,,0,60,,4586,,,0,20,,4587,,,0,20,,4588,,,0,60,,4589,,,0,20,,4590,,,0
901500,'26a05H-L-Ma-J-V',858,,4591,,,0,60,,4592,,,0,20,,4593,,,0,20,,4594,,,0,60,,4595,,,0,20,,4596,,,0,20,,4597,,,0,60,,4598,,,0,20,,4599,,,0,20,,4600,,,0,60,,4601,,,0,20,,4602,,,0,20,,4603,,,0,60,,4604,,,0,20,,4605,,,0,20,,4606,,,0,60,,4607,,,0,20,,4608,,,0,20,,4609,,,0,80,,4610,,,0,20,,4611,,,0,60,,4612,,,0,20,,4613,,,0,20,,4614,,,0,60,,4615,,,0,20,,4616,,,0,20,,4617,,,0,60,,4618,,,0,20,,4619,,,0,20,,4620,,,0,60,,4621,,,0,20,,4622,,,0
901500,'26b23V-Semaine',858,,4623,,,0,60,,4624,,,0,20,,4625,,,0,20,,4626,,,0,60,,4627,,,0,20,,4628,,,0,20,,4629,,,0,60,,4630,,,0,20,,4631,,,0,20,,4632,,,0,60,,4633,,,0,20,,4634,,,0,20,,4635,,,0,60,,4636,,,0,20,,4637,,,0,20,,4638,,,0,60,,4639,,,0,20,,4640,,,0,20,,4641,,,0,80,,4642,,,0,20,,4643,,,0,60,,4644,,,0,20,,4645,,,0,20,,4646,,,0,60,,4647,,,0,20,,4648,,,0,20,,4649,,,0,60,,4650,,,0,20,,4651,,,0,20,,4652,,,0,60,,4653,,,0,20,,4654,,,0
901500,'26c02V-Semaine',858,,4655,,,0,60,,4656,,,0,20,,4657,,,0,20,,4658,,,0,60,,4659,,,0,20,,4660,,,0,20,,4661,,,0,60,,4662,,,0,20,,4663,,,0,20,,4664,,,0,60,,4665,,,0,20,,4666,,,0,20,,4667,,,0,60,,4668,,,0,20,,4669,,,0,20,,4670,,,0,60,,4671,,,0,20,,4672,,,0,20,,4673,,,0,80,,4674,,,0,20,,4675,,,0,60,,4676,,,0,20,,4677,,,0,20,,4678,,,0,60,,4679,,,0,20,,4680,,,0,20,,4681,,,0,60,,4682,,,0,20,,4683,,,0,20,,4684,,,0,60,,4685,,,0,20,,4686,,,0
2000000,'25j05H-Dimanche',829,,5888,,,0,80,,5889,,,0,40,,5890,,,0,80,,5891,,,0,80,,5892,,,0,40,,5893,,,0,80,,5894,,,0,80,,5895,,,0,40,,5896,,,0,80,,5897,,,0,80,,5898,,,0,40,,5899,,,0,80,,5900,,,0,80,,5901,,,0,40,,5902,,,0,80,,5903,,,0,80,,5904,,,0,40,,5905,,,0
2000000,'25j26H-Dimanche',829,,5906,,,0,80,,5907,,,0,40,,5908,,,0,80,,5909,,,0,80,,5910,,,0,40,,5911,,,0,80,,5912,,,0,80,,5913,,,0,40,,5914,,,0,80,,5915,,,0,80,,5916,,,0,40,,5917,,,0,80,,5918,,,0,80,,5919,,,0,40,,5920,,,0,80,,5921,,,0,80,,5922,,,0,40,,5923,,,0
2000000,'26a05H-Samedi',652,,6020,,,0,81,,6021,,,0,79,,6022,,,0,30,,6023,,,0,60,,6024,,,0,20,,6025,,,0,19,,6026,,,0,18,,6027,,,0,60,,6028,,,0,20,,6029,,,0,18,,6030,,,0,59,,6031,,,0,19,,6032,,,0,20,,6033,,,0,58,,6034,,,0,19,,6035,,,0,18,,6036,,,0,59,,6037,,,0,19,,6038,,,0,19,,6039,,,0,58,,6040,,,0,19,,6041,,,0,20,,6042,,,0,60,,6043,,,0,19,,6044,,,0,19,,6045,,,0,60,,6046,,,0,20,,6047,,,0,20,,6048,,,0,60,,6049,,,0,19,,6050,,,0,20,,6051,,,0,60,,6052,,,0,20,,6053,,,0,18,,6054,,,0,20,,6055,,,0,64,,6056,,,0,24,,6057,,,0,65,,6058,,,0,24,,6059,,,0,65,,6060,,,0
2000000,'26a05H-Mercredi',655,,6097,,,0,63,,6079,,,0,17,,6107,,,0,15,,6063,,,0,55,,6090,,,0,15,,6072,,,0,15,,6099,,,0,15,,6082,,,0,56,,6110,,,0,16,,6064,,,0,16,,6095,,,0,16,,6073,,,0,56,,6100,,,0,16,,6080,,,0,16,,6108,,,0,16,,6065,,,0,56,,6096,,,0,14,,6074,,,0,16,,6101,,,0,56,,6081,,,0,15,,6111,,,0,15,,6066,,,0,15,,6089,,,0,56,,6075,,,0,15,,6098,,,0,15,,6083,,,0,15,,6109,,,0,55,,6068,,,0,15,,6091,,,0,15,,6078,,,0,15,,6103,,,0,55,,6084,,,0,15,,6112,,,0,15,,6069,,,0,15,,6092,,,0,56,,6077,,,0,15,,6102,,,0,15,,6085,,,0,16,,6061,,,0,56,,6113,,,0,18,,6067,,,0,14,,6094,,,0,16,,6076,,,0,55,,6104,,,0,15,,6087,,,0,13,,6062,,,0,13,,6114,,,0,54,,6070,,,0,14,,6093,,,0,14,,6105,,,0,19,,6086,,,0,62,,6115,,,0,20,,6071,,,0,19,,6106,,,0,60,,6088,,,0
2000000,'26a05H-Mercredi0010000',1228,,6117,4,,0,5,,6116,4,,0
2000000,'26a05H-L-Ma-J-V',655,,6154,,,0,63,,6136,,,0,17,,6164,,,0,15,,6120,,,0,55,,6147,,,0,15,,6129,,,0,15,,6156,,,0,15,,6139,,,0,56,,6167,,,0,16,,6121,,,0,16,,6152,,,0,16,,6130,,,0,56,,6157,,,0,16,,6137,,,0,16,,6165,,,0,16,,6122,,,0,56,,6153,,,0,14,,6131,,,0,16,,6158,,,0,56,,6138,,,0,15,,6168,,,0,15,,6123,,,0,15,,6146,,,0,56,,6132,,,0,15,,6155,,,0,15,,6140,,,0,15,,6166,,,0,55,,6125,,,0,15,,6148,,,0,15,,6135,,,0,15,,6160,,,0,55,,6141,,,0,15,,6169,,,0,15,,6126,,,0,15,,6149,,,0,56,,6134,,,0,15,,6159,,,0,15,,6142,,,0,16,,6118,,,0,56,,6170,,,0,18,,6124,,,0,14,,6151,,,0,16,,6133,,,0,55,,6161,,,0,15,,6144,,,0,13,,6119,,,0,13,,6171,,,0,54,,6127,,,0,14,,6150,,,0,14,,6162,,,0,19,,6143,,,0,62,,6172,,,0,20,,6128,,,0,19,,6163,,,0,60,,6145,,,0
2000000,'26a05H-L-Ma-J-V1101100',1609,,6175,4,,0,110,,6174,4,,0,96,,6173,4,,0
2000000,'26b23V-Semaine',655,,6181,,,0,63,,6178,,,0,17,,6183,,,0,15,,6176,,,0,55,,6180,,,0,15,,6177,,,0,15,,6182,,,0,15,,6179,,,0,55,,6184,,,0,15,,6185,,,0,15,,6186,,,0,15,,6187,,,0,55,,6188,,,0,15,,6189,,,0,15,,6190,,,0,15,,6191,,,0,55,,6192,,,0,15,,6193,,,0,15,,6194,,,0,15,,6195,,,0,55,,6196,,,0,15,,6197,,,0,15,,6198,,,0,15,,6199,,,0,55,,6200,,,0,15,,6201,,,0,15,,6202,,,0,15,,6203,,,0,55,,6204,,,0,15,,6205,,,0,15,,6206,,,0,15,,6207,,,0,55,,6208,,,0,15,,6209,,,0,15,,6210,,,0,15,,6211,,,0,55,,6212,,,0,15,,6213,,,0,15,,6214,,,0,15,,6215,,,0,55,,6216,,,0,15,,6217,,,0,15,,6218,,,0,15,,6219,,,0,55,,6220,,,0,15,,6221,,,0,15,,6222,,,0,15,,6223,,,0,55,,6224,,,0,20,,6227,,,0,20,,6228,,,0,60,,6229,,,0,20,,6230,,,0,20,,6225,,,0,60,,6226,,,0
2000000,'26c02V-Semaine',655,,6236,,,0,63,,6233,,,0,17,,6238,,,0,15,,6231,,,0,55,,6235,,,0,15,,6232,,,0,15,,6237,,,0,15,,6234,,,0,55,,6239,,,0,15,,6240,,,0,15,,6241,,,0,15,,6242,,,0,55,,6243,,,0,15,,6244,,,0,15,,6245,,,0,15,,6246,,,0,55,,6247,,,0,15,,6248,,,0,15,,6249,,,0,15,,6250,,,0,55,,6251,,,0,15,,6252,,,0,15,,6253,,,0,15,,6254,,,0,55,,6255,,,0,15,,6256,,,0,15,,6257,,,0,15,,6258,,,0,55,,6259,,,0,15,,6260,,,0,15,,6261,,,0,15,,6262,,,0,55,,6263,,,0,15,,6264,,,0,15,,6265,,,0,15,,6266,,,0,55,,6267,,,0,15,,6268,,,0,15,,6269,,,0,15,,6270,,,0,55,,6271,,,0,15,,6272,,,0,15,,6273,,,0,15,,6274,,,0,55,,6275,,,0,15,,6276,,,0,15,,6277,,,0,15,,6278,,,0,55,,6279,,,0,20,,6282,,,0,20,,6283,,,0,60,,6284,,,0,20,,6285,,,0,20,,6280,,,0,60,,6281,,,0
3000000,'25j05H-Dimanche',805,,6684,,,0,130,,6685,,,0,170,,6692,,,0,130,,6691,,,0,170,,6690,,,0,130,,6688,,,0,170,,6689,,,0,129,,6687,,,0,170,,6686,,,0
3000000,'25j26H-Dimanche',805,,6699,,,0,130,,6700,,,0,170,,6701,,,0,130,,6702,,,0,170,,6703,,,0,130,,6704,,,0,170,,6705,,,0,129,,6706,,,0,170,,6707,,,0
3000000,'26a05H-Samedi',644,,6789,,,0,81,,6790,,,0,81,,6791,,,0,30,,6792,,,0,20,,6793,,,0,60,,6794,,,0,21,,6795,,,0,20,,6796,,,0,60,,6797,,,0,20,,6798,,,0,20,,6799,,,0,59,,6800,,,0,20,,6801,,,0,20,,6802,,,0,60,,6803,,,0,19,,6804,,,0,20,,6805,,,0,60,,6806,,,0,20,,6807,,,0,20,,6808,,,0,61,,6809,,,0,20,,6810,,,0,20,,6811,,,0,60,,6812,,,0,20,,6813,,,0,20,,6814,,,0,60,,6815,,,0,20,,6816,,,0,20,,6817,,,0,60,,6818,,,0,20,,6819,,,0,20,,6820,,,0,59,,6821,,,0,20,,6822,,,0,19,,6823,,,0,70,,6824,,,0,30,,6825,,,0,70,,6826,,,0,29,,6827,,,0
3000000,'26a05H-Mercredi',640,,6869,,,0,19,,6868,,,0,61,,6828,,,0,20,,6829,,,0,60,,6830,,,0,20,,6831,,,0,20,,6832,,,0,62,,6833,,,0,20,,6834,,,0,20,,6835,,,0,60,,6836,,,0,19,,6837,,,0,21,,6838,,,0,60,,6839,,,0,20,,6840,,,0,19,,6841,,,0,60,,6842,,,0,21,,6843,,,0,21,,6844,,,0,59,,6845,,,0,20,,6846,,,0,19,,6847,,,0,60,,6848,,,0,21,,6849,,,0,20,,6850,,,0,60,,6851,,,0,20,,6852,,,0,19,,6853,,,0,59,,6854,,,0,17,,6855,,,0,19,,6856,,,0,18,,6857,,,0,61,,6858,,,0,21,,6859,,,0,21,,6860,,,0,61,,6861,,,0,21,,6862,,,0,20,,6863,,,0,60,,6864,,,0,29,,6865,,,0,74,,6866,,,0,32,,6867,,,0
3000000,'26a05H-L-Ma-J-V',640,,6915,,,0,19,,6914,,,0,61,,6874,,,0,20,,6875,,,0,60,,6876,,,0,20,,6877,,,0,20,,6878,,,0,62,,6879,,,0,20,,6880,,,0,20,,6881,,,0,60,,6882,,,0,19,,6883,,,0,21,,6884,,,0,60,,6885,,,0,20,,6886,,,0,19,,6887,,,0,60,,6888,,,0,21,,6889,,,0,21,,6890,,,0,59,,6891,,,0,20,,6892,,,0,19,,6893,,,0,60,,6894,,,0,21,,6895,,,0,20,,6896,,,0,60,,6897,,,0,20,,6898,,,0,19,,6899,,,0,59,,6900,,,0,17,,6901,,,0,19,,6902,,,0,18,,6903,,,0,61,,6904,,,0,21,,6905,,,0,21,,6906,,,0,61,,6907,,,0,21,,6908,,,0,20,,6909,,,0,60,,6910,,,0,29,,6911,,,0,74,,6912,,,0,32,,6913,,,0
3000000,'26b23V-Semaine',640,,6961,,,0,60,,6960,,,0,20,,6920,,,0,20,,6921,,,0,60,,6922,,,0,20,,6923,,,0,20,,6924,,,0,61,,6925,,,0,20,,6926,,,0,20,,6927,,,0,61,,6928,,,0,20,,6929,,,0,20,,6930,,,0,60,,6931,,,0,20,,6932,,,0,20,,6933,,,0,60,,6934,,,0,19,,6935,,,0,20,,6936,,,0,60,,6937,,,0,21,,6938,,,0,20,,6939,,,0,60,,6940,,,0,20,,6941,,,0,19,,6942,,,0,60,,6943,,,0,20,,6944,,,0,20,,6945,,,0,60,,6946,,,0,19,,6947,,,0,20,,6948,,,0,61,,6949,,,0,20,,6950,,,0,21,,6951,,,0,60,,6952,,,0,20,,6953,,,0,19,,6954,,,0,59,,6955,,,0,18,,6956,,,0,29,,6957,,,0,73,,6958,,,0,33,,6959,,,0
3000000,'26c02V-Semaine',640,,7003,,,0,60,,7002,,,0,20,,6962,,,0,20,,6963,,,0,60,,6964,,,0,20,,6965,,,0,20,,6966,,,0,61,,6967,,,0,20,,6968,,,0,20,,6969,,,0,61,,6970,,,0,20,,6971,,,0,20,,6972,,,0,60,,6973,,,0,20,,6974,,,0,20,,6975,,,0,60,,6976,,,0,19,,6977,,,0,20,,6978,,,0,60,,6979,,,0,21,,6980,,,0,20,,6981,,,0,60,,6982,,,0,20,,6983,,,0,19,,6984,,,0,60,,6985,,,0,20,,6986,,,0,20,,6987,,,0,60,,6988,,,0,19,,6989,,,0,20,,6990,,,0,61,,6991,,,0,20,,6992,,,0,21,,6993,,,0,60,,6994,,,0,20,,6995,,,0,19,,6996,,,0,59,,6997,,,0,18,,6998,,,0,29,,6999,,,0,73,,7000,,,0,33,,7001,,,0
29000400,'26a05H-Mercredi',1645,,8006,,,0,100,,8007,,,0
29000400,'26a05H-L-Ma-J-V',1645,,8008,,,0,100,,8009,,,0
