1000000,'0_6',716,,68829,28,,,0,84,,68830,28,,,0,47,,68833,28,,,0,85,,68836,28,,,0,87,,68838,28,,,0,32,,68840,28,,,0,88,,68843,28,,,0,87,,68846,28,,,0,84,,68849,28,,,0,30,,68851,28,,,0,87,,68854,28,,,0,88,,68857,28,,,0,89,,68860,28,,,0,32,,68862,28,,,0,90,,68865,28,,,0,87,,68867,28,,,0,29,,68870,28,,,0
1000000,'2_1',659,,68895,28,,,0,55,,68921,28,,,0,15,,68910,28,,,0,15,,68945,28,,,0,15,,68931,28,,,0,56,,68936,28,,,0,15,,68946,28,,,0,14,,68923,28,,,0,70,,68938,28,,,0,31,,68909,28,,,0,71,,68939,28,,,0,32,,68898,28,,,0,73,,68907,28,,,0,30,,68919,28,,,0,73,,68914,28,,,0,30,,68900,28,,,0,70,,68942,28,,,0,32,,68899,28,,,0,71,,68937,28,,,0,28,,68912,28,,,0,68,,68920,28,,,0,28,,68932,28,,,0,55,,68947,28,,,0,14,,68948,28,,,0,14,,68943,28,,,0,14,,68949,28,,,0,56,,68935,28,,,0,16,,68950,28,,,0,15,,68903,28,,,0,15,,68951,28,,,0,54,,68902,28,,,0,15,,68952,28,,,0,13,,68944,28,,,0,83,,68908,28,,,0
1000000,'2_2',659,,68956,28,,,0,55,,68982,28,,,0,15,,68971,28,,,0,15,,69006,28,,,0,15,,68992,28,,,0,56,,68997,28,,,0,15,,69007,28,,,0,14,,68984,28,,,0,70,,68999,28,,,0,31,,68970,28,,,0,71,,69000,28,,,0,32,,68959,28,,,0,73,,68968,28,,,0,30,,68980,28,,,0,73,,68975,28,,,0,30,,68961,28,,,0,70,,69003,28,,,0,32,,68960,28,,,0,71,,68998,28,,,0,28,,68973,28,,,0,68,,68981,28,,,0,28,,68993,28,,,0,55,,69008,28,,,0,14,,69009,28,,,0,14,,69004,28,,,0,14,,69010,28,,,0,56,,68996,28,,,0,16,,69011,28,,,0,15,,68964,28,,,0,15,,69012,28,,,0,54,,68963,28,,,0,15,,69013,28,,,0,13,,69005,28,,,0,83,,68969,28,,,0
1000000,'2_3',659,,69017,28,,,0,55,,69043,28,,,0,15,,69032,28,,,0,15,,69067,28,,,0,15,,69053,28,,,0,56,,69058,28,,,0,15,,69068,28,,,0,14,,69045,28,,,0,70,,69060,28,,,0,31,,69031,28,,,0,71,,69061,28,,,0,32,,69020,28,,,0,73,,69029,28,,,0,30,,69041,28,,,0,73,,69036,28,,,0,30,,69022,28,,,0,70,,69064,28,,,0,32,,69021,28,,,0,71,,69059,28,,,0,28,,69034,28,,,0,68,,69042,28,,,0,28,,69054,28,,,0,55,,69069,28,,,0,14,,69070,28,,,0,14,,69065,28,,,0,14,,69071,28,,,0,56,,69057,28,,,0,16,,69072,28,,,0,15,,69025,28,,,0,15,,69073,28,,,0,54,,69024,28,,,0,15,,69074,28,,,0,13,,69066,28,,,0,83,,69030,28,,,0
1000000,'2_4',659,,69078,28,,,0,55,,69104,28,,,0,15,,69093,28,,,0,15,,69128,28,,,0,15,,69114,28,,,0,56,,69119,28,,,0,15,,69129,28,,,0,14,,69106,28,,,0,70,,69121,28,,,0,31,,69092,28,,,0,71,,69122,28,,,0,32,,69081,28,,,0,73,,69090,28,,,0,30,,69102,28,,,0,73,,69097,28,,,0,30,,69083,28,,,0,70,,69125,28,,,0,32,,69082,28,,,0,71,,69120,28,,,0,28,,69095,28,,,0,68,,69103,28,,,0,28,,69115,28,,,0,55,,69130,28,,,0,14,,69131,28,,,0,14,,69126,28,,,0,14,,69132,28,,,0,56,,69118,28,,,0,16,,69133,28,,,0,15,,69086,28,,,0,15,,69134,28,,,0,54,,69085,28,,,0,15,,69135,28,,,0,13,,69127,28,,,0,83,,69091,28,,,0
1000000,'2_5',659,,69139,28,,,0,55,,69165,28,,,0,15,,69154,28,,,0,15,,69189,28,,,0,15,,69175,28,,,0,56,,69180,28,,,0,15,,69190,28,,,0,14,,69167,28,,,0,70,,69182,28,,,0,31,,69153,28,,,0,71,,69183,28,,,0,32,,69142,28,,,0,73,,69151,28,,,0,30,,69163,28,,,0,73,,69158,28,,,0,30,,69144,28,,,0,70,,69186,28,,,0,32,,69143,28,,,0,71,,69181,28,,,0,28,,69156,28,,,0,68,,69164,28,,,0,28,,69176,28,,,0,55,,69191,28,,,0,14,,69192,28,,,0,14,,69187,28,,,0,14,,69193,28,,,0,56,,69179,28,,,0,16,,69194,28,,,0,15,,69147,28,,,0,15,,69195,28,,,0,54,,69146,28,,,0,15,,69196,28,,,0,13,,69188,28,,,0,83,,69152,28,,,0
1000000,'3_1',659,,69200,28,,,0,55,,69226,28,,,0,15,,69215,28,,,0,15,,69250,28,,,0,15,,69236,28,,,0,56,,69241,28,,,0,15,,69251,28,,,0,14,,69228,28,,,0,70,,69243,28,,,0,31,,69214,28,,,0,71,,69244,28,,,0,32,,69203,28,,,0,73,,69212,28,,,0,30,,69224,28,,,0,73,,69219,28,,,0,30,,69205,28,,,0,70,,69247,28,,,0,32,,69204,28,,,0,71,,69242,28,,,0,28,,69217,28,,,0,68,,69225,28,,,0,28,,69237,28,,,0,55,,69252,28,,,0,14,,69253,28,,,0,14,,69248,28,,,0,14,,69254,28,,,0,56,,69240,28,,,0,16,,69255,28,,,0,15,,69208,28,,,0,15,,69256,28,,,0,54,,69207,28,,,0,15,,69257,28,,,0,13,,69249,28,,,0,83,,69213,28,,,0
1000000,'3_3',659,,69261,28,,,0,55,,69287,28,,,0,15,,69276,28,,,0,15,,69311,28,,,0,15,,69297,28,,,0,56,,69302,28,,,0,15,,69312,28,,,0,14,,69289,28,,,0,70,,69304,28,,,0,31,,69275,28,,,0,71,,69305,28,,,0,32,,69264,28,,,0,73,,69273,28,,,0,30,,69285,28,,,0,73,,69280,28,,,0,30,,69266,28,,,0,70,,69308,28,,,0,32,,69265,28,,,0,71,,69303,28,,,0,28,,69278,28,,,0,68,,69286,28,,,0,28,,69298,28,,,0,55,,69313,28,,,0,14,,69314,28,,,0,14,,69309,28,,,0,14,,69315,28,,,0,56,,69301,28,,,0,16,,69316,28,,,0,15,,69269,28,,,0,15,,69317,28,,,0,54,,69268,28,,,0,15,,69318,28,,,0,13,,69310,28,,,0,83,,69274,28,,,0
1000000,'3_4',659,,69322,28,,,0,55,,69348,28,,,0,15,,69337,28,,,0,15,,69372,28,,,0,15,,69358,28,,,0,56,,69363,28,,,0,15,,69373,28,,,0,14,,69350,28,,,0,70,,69365,28,,,0,31,,69336,28,,,0,71,,69366,28,,,0,32,,69325,28,,,0,73,,69334,28,,,0,30,,69346,28,,,0,73,,69341,28,,,0,30,,69327,28,,,0,70,,69369,28,,,0,32,,69326,28,,,0,71,,69364,28,,,0,28,,69339,28,,,0,68,,69347,28,,,0,28,,69359,28,,,0,55,,69374,28,,,0,14,,69375,28,,,0,14,,69370,28,,,0,14,,69376,28,,,0,56,,69362,28,,,0,16,,69377,28,,,0,15,,69330,28,,,0,15,,69378,28,,,0,54,,69329,28,,,0,15,,69379,28,,,0,13,,69371,28,,,0,83,,69335,28,,,0
1000000,'3_5',659,,69383,28,,,0,55,,69409,28,,,0,15,,69398,28,,,0,15,,69433,28,,,0,15,,69419,28,,,0,56,,69424,28,,,0,15,,69434,28,,,0,14,,69411,28,,,0,70,,69426,28,,,0,31,,69397,28,,,0,71,,69427,28,,,0,32,,69386,28,,,0,73,,69395,28,,,0,30,,69407,28,,,0,73,,69402,28,,,0,30,,69388,28,,,0,70,,69430,28,,,0,32,,69387,28,,,0,71,,69425,28,,,0,28,,69400,28,,,0,68,,69408,28,,,0,28,,69420,28,,,0,55,,69435,28,,,0,14,,69436,28,,,0,14,,69431,28,,,0,14,,69437,28,,,0,56,,69423,28,,,0,16,,69438,28,,,0,15,,69391,28,,,0,15,,69439,28,,,0,54,,69390,28,,,0,15,,69440,28,,,0,13,,69432,28,,,0,83,,69396,28,,,0
