400,'5_5',756,,39417,41,0,40,0,1097,,39416,40,,,0
400,'6_1',756,,39445,41,0,40,0,1097,,39444,40,,,0
400,'6_2',756,,44116,41,0,40,0,1097,,44115,40,,,0
400,'6_3',756,,44144,41,0,40,0,1097,,44143,40,,,0
400,'6_4',756,,44172,41,0,40,0,1097,,44171,40,,,0
400,'7_1',802,,46920,7,0,23 51,0,452,,46921,40,,,0,450,,46924,41,0,40,0,100,,46925,41,,,0,49,,46922,40,,,0
401,'5_5',700,,39546,20,0,41,0,542,,39551,17,0,41,0,369,,39552,17,0,41,0,94,,39549,17,,,0
401,'6_1',700,,39574,20,0,41,0,542,,39579,17,0,41,0,369,,39580,17,0,41,0,94,,39577,17,,,0
401,'6_2',700,,44189,20,0,41,0,542,,44194,17,0,41,0,369,,44195,17,0,41,0,94,,44192,17,,,0
401,'6_3',700,,44217,20,0,41,0,542,,44222,17,0,41,0,369,,44223,17,0,41,0,94,,44220,17,,,0
401,'6_4',700,,44245,20,0,41,0,542,,44250,17,0,41,0,369,,44251,17,0,41,0,94,,44248,17,,,0
401,'7_1',657,,46967,10,0,52,0,584,,46958,17,0,41,0,375,,46959,17,0,41,0,101,,46960,17,,,0
