1001,'2_6',829,,32445,26,,,0,108,,32446,29,,,0,103,,32453,27,,,0,102,,32447,29,,,0,99,,32454,27,,,0,86,,32455,27,,,0,118,,32450,26,,,0,82,,32456,27,,,0,175,,32451,23,,,0,118,,32452,23,,,0,102,,32448,29,,,0,107,,32449,29,,,0
1001,'5_1',829,,37721,26,,,0,104,,37723,29,,,0,107,,37726,27,,,0,102,,37724,29,,,0,99,,37727,27,,,0,86,,37728,27,,,0,118,,37722,26,,,0,82,,37732,27,,,0,175,,37729,23,,,0,118,,37730,23,,,0,102,,37731,29,,,0,107,,37725,29,,,0
1001,'5_2',829,,40337,26,,,0,104,,40339,29,,,0,107,,40342,27,,,0,102,,40340,29,,,0,99,,40343,27,,,0,86,,40344,27,,,0,118,,40338,26,,,0,82,,40348,27,,,0,175,,40345,23,,,0,118,,40346,23,,,0,102,,40347,29,,,0,107,,40341,29,,,0
1001,'5_3',829,,40349,26,,,0,104,,40351,29,,,0,107,,40354,27,,,0,102,,40352,29,,,0,99,,40355,27,,,0,86,,40356,27,,,0,118,,40350,26,,,0,82,,40360,27,,,0,175,,40357,23,,,0,118,,40358,23,,,0,102,,40359,29,,,0,107,,40353,29,,,0
1001,'5_4',829,,40361,26,,,0,104,,40363,29,,,0,107,,40366,27,,,0,102,,40364,29,,,0,99,,40367,27,,,0,86,,40368,27,,,0,118,,40362,26,,,0,82,,40372,27,,,0,175,,40369,23,,,0,118,,40370,23,,,0,102,,40371,29,,,0,107,,40365,29,,,0
1001,'5_5',829,,40373,26,,,0,104,,40375,29,,,0,107,,40378,27,,,0,102,,40376,29,,,0,99,,40379,27,,,0,86,,40380,27,,,0,118,,40374,26,,,0,82,,40384,27,,,0,175,,40381,23,,,0,118,,40382,23,,,0,102,,40383,29,,,0,107,,40377,29,,,0
1001,'6_1',829,,40385,26,,,0,104,,40387,29,,,0,107,,40390,27,,,0,102,,40388,29,,,0,99,,40391,27,,,0,86,,40392,27,,,0,118,,40386,26,,,0,82,,40396,27,,,0,175,,40393,23,,,0,118,,40394,23,,,0,102,,40395,29,,,0,107,,40389,29,,,0
1001,'6_2',829,,44708,26,,,0,104,,44710,29,,,0,107,,44713,27,,,0,102,,44711,29,,,0,99,,44714,27,,,0,86,,44715,27,,,0,118,,44709,26,,,0,82,,44719,27,,,0,175,,44716,23,,,0,118,,44717,23,,,0,102,,44718,29,,,0,107,,44712,29,,,0
1001,'6_3',829,,44720,26,,,0,104,,44722,29,,,0,107,,44725,27,,,0,102,,44723,29,,,0,99,,44726,27,,,0,86,,44727,27,,,0,118,,44721,26,,,0,82,,44731,27,,,0,175,,44728,23,,,0,118,,44729,23,,,0,102,,44730,29,,,0,107,,44724,29,,,0
1001,'6_4',829,,44732,26,,,0,104,,44734,29,,,0,107,,44737,27,,,0,102,,44735,29,,,0,99,,44738,27,,,0,86,,44739,27,,,0,118,,44733,26,,,0,82,,44743,27,,,0,175,,44740,23,,,0,118,,44741,23,,,0,102,,44742,29,,,0,107,,44736,29,,,0
