301,'1_3',725,,48628,15,,,0,21,,48602,15,,,0,74,,48629,15,,,0,33,,48603,15,,,0,70,,48604,15,,,0,31,,48605,15,,,0,72,,48606,15,,,0,32,,48607,15,,,0,73,,48608,15,,,0,73,,48609,15,,,0,32,,48610,15,,,0,71,,48611,15,,,0,33,,48612,15,,,0,72,,48613,15,,,0,31,,48614,15,,,0,70,,48615,15,,,0,27,,48616,15,,,0,67,,48617,15,,,0,31,,48618,15,,,0,70,,48619,15,,,0,30,,48620,15,,,0,70,,48621,15,,,0,25,,48622,15,,,0,24,,48623,15,,,0,64,,48624,15,,,0,29,,48625,15,,,0,68,,48626,15,,,0,30,,48627,15,,,0
301,'2_6',731,,30999,15,,,0,71,,30996,15,,,0,30,,30997,15,,,0,70,,30998,15,,,0,31,,31000,15,,,0,70,,31001,15,,,0,31,,31002,15,,,0,70,,31003,15,,,0,31,,31007,15,,,0,69,,31006,15,,,0,29,,31004,15,,,0,69,,31005,15,,,0,29,,31009,15,,,0,70,,31010,15,,,0,30,,31008,15,,,0,71,,31011,15,,,0,30,,31014,15,,,0,72,,31012,15,,,0,33,,31013,15,,,0,71,,31016,15,,,0,32,,31015,15,,,0,70,,31017,15,,,0,32,,31018,15,,,0,68,,31019,15,,,0,29,,31020,15,,,0,69,,31021,15,,,0,30,,31022,15,,,0,63,,31023,15,,,0
301,'3_7',925,,31024,15,,,0,100,,31025,15,,,0,100,,31026,15,,,0,100,,31027,15,,,0,100,,31028,15,,,0,100,,31029,15,,,0,100,,31030,15,,,0,100,,31031,15,,,0,100,,31032,15,,,0,100,,31033,15,,,0,100,,31034,15,,,0
301,'4_7',925,,46843,15,,,0,100,,46844,15,,,0,100,,46845,15,,,0,100,,46846,15,,,0,100,,46847,15,,,0,100,,46848,15,,,0,100,,46849,15,,,0,100,,46850,15,,,0,100,,46851,15,,,0,100,,46852,15,,,0,100,,46853,15,,,0
301,'6_1',721,,39279,15,,,0,22,,39280,15,,,0,73,,39291,15,,,0,32,,39283,15,,,0,72,,39284,15,,,0,33,,39288,15,,,0,73,,39285,15,,,0,33,,39286,15,,,0,72,,39282,15,,,0,71,,39287,15,,,0,32,,39281,15,,,0,71,,39290,15,,,0,33,,39289,15,,,0,73,,39295,15,,,0,30,,39292,15,,,0,70,,39294,15,,,0,27,,39293,15,,,0,67,,39296,15,,,0,31,,39299,15,,,0,70,,39300,15,,,0,30,,39301,15,,,0,69,,39302,15,,,0,26,,39303,15,,,0,25,,39297,15,,,0,64,,39304,15,,,0,29,,39305,15,,,0,69,,39306,15,,,0,30,,39298,15,,,0
301,'6_2',721,,44006,15,,,0,22,,44007,15,,,0,73,,44018,15,,,0,32,,44010,15,,,0,72,,44011,15,,,0,33,,44015,15,,,0,73,,44012,15,,,0,33,,44013,15,,,0,72,,44009,15,,,0,71,,44014,15,,,0,32,,44008,15,,,0,71,,44017,15,,,0,33,,44016,15,,,0,73,,44022,15,,,0,30,,44019,15,,,0,70,,44021,15,,,0,27,,44020,15,,,0,67,,44023,15,,,0,31,,44026,15,,,0,70,,44027,15,,,0,30,,44028,15,,,0,69,,44029,15,,,0,26,,44030,15,,,0,25,,44024,15,,,0,64,,44031,15,,,0,29,,44032,15,,,0,69,,44033,15,,,0,30,,44025,15,,,0
301,'6_3',721,,44034,15,,,0,22,,44035,15,,,0,73,,44046,15,,,0,32,,44038,15,,,0,72,,44039,15,,,0,33,,44043,15,,,0,73,,44040,15,,,0,33,,44041,15,,,0,72,,44037,15,,,0,71,,44042,15,,,0,32,,44036,15,,,0,71,,44045,15,,,0,33,,44044,15,,,0,73,,44050,15,,,0,30,,44047,15,,,0,70,,44049,15,,,0,27,,44048,15,,,0,67,,44051,15,,,0,31,,44054,15,,,0,70,,44055,15,,,0,30,,44056,15,,,0,69,,44057,15,,,0,26,,44058,15,,,0,25,,44052,15,,,0,64,,44059,15,,,0,29,,44060,15,,,0,69,,44061,15,,,0,30,,44053,15,,,0
301,'6_4',721,,44062,15,,,0,22,,44063,15,,,0,73,,44074,15,,,0,32,,44066,15,,,0,72,,44067,15,,,0,33,,44071,15,,,0,73,,44068,15,,,0,33,,44069,15,,,0,72,,44065,15,,,0,71,,44070,15,,,0,32,,44064,15,,,0,71,,44073,15,,,0,33,,44072,15,,,0,73,,44078,15,,,0,30,,44075,15,,,0,70,,44077,15,,,0,27,,44076,15,,,0,67,,44079,15,,,0,31,,44082,15,,,0,70,,44083,15,,,0,30,,44084,15,,,0,69,,44085,15,,,0,26,,44086,15,,,0,25,,44080,15,,,0,64,,44087,15,,,0,29,,44088,15,,,0,69,,44089,15,,,0,30,,44081,15,,,0
301,'7_1',725,,46880,15,,,0,21,,46854,15,,,0,74,,46881,15,,,0,33,,46855,15,,,0,70,,46856,15,,,0,31,,46857,15,,,0,72,,46858,15,,,0,32,,46859,15,,,0,73,,46860,15,,,0,73,,46861,15,,,0,32,,46862,15,,,0,71,,46863,15,,,0,33,,46864,15,,,0,72,,46865,15,,,0,31,,46866,15,,,0,70,,46867,15,,,0,27,,46868,15,,,0,67,,46869,15,,,0,31,,46870,15,,,0,70,,46871,15,,,0,30,,46872,15,,,0,70,,46873,15,,,0,25,,46874,15,,,0,24,,46875,15,,,0,64,,46876,15,,,0,29,,46877,15,,,0,68,,46878,15,,,0,30,,46879,15,,,0
301,'7_2',725,,48656,15,,,0,21,,48630,15,,,0,74,,48657,15,,,0,33,,48631,15,,,0,70,,48632,15,,,0,31,,48633,15,,,0,72,,48634,15,,,0,32,,48635,15,,,0,73,,48636,15,,,0,73,,48637,15,,,0,32,,48638,15,,,0,71,,48639,15,,,0,33,,48640,15,,,0,72,,48641,15,,,0,31,,48642,15,,,0,70,,48643,15,,,0,27,,48644,15,,,0,67,,48645,15,,,0,31,,48646,15,,,0,70,,48647,15,,,0,30,,48648,15,,,0,70,,48649,15,,,0,25,,48650,15,,,0,24,,48651,15,,,0,64,,48652,15,,,0,29,,48653,15,,,0,68,,48654,15,,,0,30,,48655,15,,,0
301,'7_4',725,,48684,15,,,0,21,,48658,15,,,0,74,,48685,15,,,0,33,,48659,15,,,0,70,,48660,15,,,0,31,,48661,15,,,0,72,,48662,15,,,0,32,,48663,15,,,0,73,,48664,15,,,0,73,,48665,15,,,0,32,,48666,15,,,0,71,,48667,15,,,0,33,,48668,15,,,0,72,,48669,15,,,0,31,,48670,15,,,0,70,,48671,15,,,0,27,,48672,15,,,0,67,,48673,15,,,0,31,,48674,15,,,0,70,,48675,15,,,0,30,,48676,15,,,0,70,,48677,15,,,0,25,,48678,15,,,0,24,,48679,15,,,0,64,,48680,15,,,0,29,,48681,15,,,0,68,,48682,15,,,0,30,,48683,15,,,0
