600,'25j05H-Dimanche',1036,,2140,0,22 23,0,295,,2141,0,22 23,0,215,,2142,0,22 23,0,255,,2143,0,22 23,0
600,'25j26H-Dimanche',1036,,2144,0,22 23,0,295,,2145,0,22 23,0,215,,2146,0,22 23,0,255,,2147,0,22 23,0
600,'25k03H-Samedi',741,,2148,0,22 23,0,93,,2150,0,22 23,0,90,,2151,0,22 23,0,86,,2152,0,22 23,0,90,,2153,0,22 23,0,51,,2154,0,22 23,0,89,,2155,0,22 23,0,90,,2156,0,22 23,0,87,,2157,0,22 23,0,98,,2158,0,22 23,0,89,,2159,0,22 23,0,50,,2160,0,22 23,0,90,,2161,0,22 23,0,96,,2162,0,22 23,0,83,,2149,0,22 23,0
600,'25l22V-Semaine',658,,2163,0,22 23,0,63,,2176,0,22 23,0,79,,2164,0,22 23,0,51,,2165,0,22 23,0,94,,2166,0,22 23,0,92,,2167,0,22 23,0,86,,2177,0,22 23,0,94,,2168,0,22 23,0,106,,2169,0,22 23,0,91,,2170,0,22 23,0,96,,2171,0,22 23,0,92,,2172,0,22 23,0,45,,2178,0,22 23,0,94,,2173,0,22 23,0,99,,2174,0,22 23,0,83,,2175,0,22 23,0
600,'26a05H-Samedi',741,,2179,0,22 23,0,93,,2181,0,22 23,0,90,,2182,0,22 23,0,86,,2183,0,22 23,0,90,,2184,0,22 23,0,51,,2185,0,22 23,0,89,,2186,0,22 23,0,90,,2187,0,22 23,0,87,,2188,0,22 23,0,98,,2189,0,22 23,0,89,,2190,0,22 23,0,50,,2191,0,22 23,0,90,,2192,0,22 23,0,96,,2193,0,22 23,0,83,,2180,0,22 23,0
600,'26a05H-Mercredi',652,,2194,,,0,58,,2208,0,22 23,0,93,,2195,,,0,108,,2196,0,22 23,0,102,,2197,0,22 23,0,91,,2198,0,22 23,0,111,,2199,0,22 23,0,106,,2200,0,22 23,0,95,,2209,0,22 23,0,93,,2201,0,22 23,0,94,,2202,0,22 23,0,39,,2203,0,22 23,0,85,,2204,0,22 23,0,77,,2205,0,22 23,0,32,,2206,0,22 23,0,84,,2207,0,22 23,0
600,'26a05H-L-Ma-J-V',652,,2210,,,0,58,,2224,0,22 23,0,93,,2211,,,0,108,,2212,0,22 23,0,102,,2213,0,22 23,0,91,,2214,0,22 23,0,111,,2215,0,22 23,0,106,,2216,0,22 23,0,95,,2225,0,22 23,0,93,,2217,0,22 23,0,94,,2218,0,22 23,0,39,,2219,0,22 23,0,85,,2220,0,22 23,0,77,,2221,0,22 23,0,32,,2222,0,22 23,0,84,,2223,0,22 23,0
600,'26b23V-Semaine',658,,2226,0,22 23,0,63,,2239,0,22 23,0,79,,2227,0,22 23,0,51,,2228,0,22 23,0,94,,2229,0,22 23,0,92,,2230,0,22 23,0,86,,2240,0,22 23,0,94,,2231,0,22 23,0,106,,2232,0,22 23,0,91,,2233,0,22 23,0,96,,2234,0,22 23,0,92,,2235,0,22 23,0,45,,2241,0,22 23,0,94,,2236,0,22 23,0,99,,2237,0,22 23,0,83,,2238,0,22 23,0
600,'26c02V-Semaine',658,,2242,0,22 23,0,63,,2255,0,22 23,0,79,,2243,0,22 23,0,51,,2244,0,22 23,0,94,,2245,0,22 23,0,92,,2246,0,22 23,0,86,,2256,0,22 23,0,94,,2247,0,22 23,0,106,,2248,0,22 23,0,91,,2249,0,22 23,0,96,,2250,0,22 23,0,92,,2251,0,22 23,0,45,,2257,0,22 23,0,94,,2252,0,22 23,0,99,,2253,0,22 23,0,83,,2254,0,22 23,0
29000600,'26a05H-Mercredi',703,,8035,,,0,115,,8036,,,0
29000600,'26a05H-L-Ma-J-V',703,,8037,,,0,115,,8038,,,0
