200,'2_6',815,,30378,43,4,,0,105,,30379,43,4,,0,106,,30380,34,4,,0,106,,30381,43,4,,0,109,,30382,43,4,,0,100,,30383,34,4,,0,102,,30384,43,4,,0,102,,30385,43,4,,0,112,,30386,43,4,,0,102,,30387,43,4,,0,94,,30401,43,4,,0,89,,30388,46,4,,0
200,'5_1',749,,37417,43,4,,0,102,,37410,46,4,,0,156,,37411,43,4,,0,119,,37403,46,4,,0,114,,37404,34,4,,0,86,,37405,43,4,,0,90,,37394,43,4,,0,102,,37395,43,4,,0,122,,37399,43,4,,0,104,,37391,34,4,,0,95,,37384,46,4,,0,115,,37382,43,4,,0
200,'5_2',749,,38673,43,4,,0,102,,38666,46,4,,0,156,,38667,43,4,,0,119,,38659,46,4,,0,114,,38660,34,4,,0,86,,38661,43,4,,0,90,,38650,43,4,,0,102,,38651,43,4,,0,122,,38655,43,4,,0,104,,38647,34,4,,0,95,,38640,46,4,,0,115,,38638,43,4,,0
200,'5_3',749,,38712,43,4,,0,102,,38705,46,4,,0,156,,38706,43,4,,0,119,,38698,46,4,,0,114,,38699,34,4,,0,86,,38700,43,4,,0,90,,38689,43,4,,0,102,,38690,43,4,,0,122,,38694,43,4,,0,104,,38686,34,4,,0,95,,38679,46,4,,0,115,,38677,43,4,,0
200,'5_4',749,,38751,43,4,,0,102,,38744,46,4,,0,156,,38745,43,4,,0,119,,38737,46,4,,0,114,,38738,34,4,,0,86,,38739,43,4,,0,90,,38728,43,4,,0,102,,38729,43,4,,0,122,,38733,43,4,,0,104,,38725,34,4,,0,95,,38718,46,4,,0,115,,38716,43,4,,0
200,'5_5',749,,38790,43,4,,0,102,,38783,46,4,,0,156,,38784,43,4,,0,119,,38776,46,4,,0,114,,38777,34,4,,0,86,,38778,43,4,,0,90,,38767,43,4,,0,102,,38768,43,4,,0,122,,38772,43,4,,0,104,,38764,34,4,,0,95,,38757,46,4,,0,115,,38755,43,4,,0
200,'6_1',749,,38829,43,4,,0,102,,38822,46,4,,0,156,,38823,43,4,,0,119,,38815,46,4,,0,114,,38816,34,4,,0,86,,38817,43,4,,0,90,,38806,43,4,,0,102,,38807,43,4,,0,122,,38811,43,4,,0,104,,38803,34,4,,0,95,,38796,46,4,,0,115,,38794,43,4,,0
200,'6_2',749,,43724,43,4,,0,102,,43717,46,4,,0,156,,43718,43,4,,0,119,,43710,46,4,,0,114,,43711,34,4,,0,86,,43712,43,4,,0,90,,43701,43,4,,0,102,,43702,43,4,,0,122,,43706,43,4,,0,104,,43698,34,4,,0,95,,43691,46,4,,0,115,,43689,43,4,,0
200,'6_3',749,,43763,43,4,,0,102,,43756,46,4,,0,156,,43757,43,4,,0,119,,43749,46,4,,0,114,,43750,34,4,,0,86,,43751,43,4,,0,90,,43740,43,4,,0,102,,43741,43,4,,0,122,,43745,43,4,,0,104,,43737,34,4,,0,95,,43730,46,4,,0,115,,43728,43,4,,0
200,'6_4',749,,43802,43,4,,0,102,,43795,46,4,,0,156,,43796,43,4,,0,119,,43788,46,4,,0,114,,43789,34,4,,0,86,,43790,43,4,,0,90,,43779,43,4,,0,102,,43780,43,4,,0,122,,43784,43,4,,0,104,,43776,34,4,,0,95,,43769,46,4,,0,115,,43767,43,4,,0
