600,'0_6',656,,65671,7,,,0,100,,65672,7,,,0,79,,65673,7,,,0,108,,65674,7,,,0,85,,65675,7,,,0,100,,65676,7,,,0,85,,65677,7,,,0,89,,65685,7,,,0,42,,65678,7,,,0,176,,65679,7,,,0,92,,65680,7,,,0,91,,65681,7,,,0,50,,65682,7,,,0,90,,65683,7,,,0,92,,65684,7,,,0
600,'2_1',656,,65695,7,,,0,100,,65696,7,,,0,79,,65697,7,,,0,108,,65698,7,,,0,85,,65699,7,,,0,100,,65700,7,,,0,85,,65701,7,,,0,89,,65709,7,,,0,42,,65702,7,,,0,176,,65703,7,,,0,92,,65704,7,,,0,91,,65705,7,,,0,50,,65706,7,,,0,90,,65707,7,,,0,92,,65708,7,,,0
600,'2_2',656,,65711,7,,,0,100,,65712,7,,,0,79,,65713,7,,,0,108,,65714,7,,,0,85,,65715,7,,,0,100,,65716,7,,,0,85,,65717,7,,,0,89,,65725,7,,,0,42,,65718,7,,,0,176,,65719,7,,,0,92,,65720,7,,,0,91,,65721,7,,,0,50,,65722,7,,,0,90,,65723,7,,,0,92,,65724,7,,,0
600,'2_3',656,,65727,7,,,0,100,,65728,7,,,0,79,,65729,7,,,0,108,,65730,7,,,0,85,,65731,7,,,0,100,,65732,7,,,0,85,,65733,7,,,0,89,,65741,7,,,0,42,,65734,7,,,0,176,,65735,7,,,0,92,,65736,7,,,0,91,,65737,7,,,0,50,,65738,7,,,0,90,,65739,7,,,0,92,,65740,7,,,0
600,'2_4',656,,65743,7,,,0,100,,65744,7,,,0,79,,65745,7,,,0,108,,65746,7,,,0,85,,65747,7,,,0,100,,65748,7,,,0,85,,65749,7,,,0,89,,65757,7,,,0,42,,65750,7,,,0,176,,65751,7,,,0,92,,65752,7,,,0,91,,65753,7,,,0,50,,65754,7,,,0,90,,65755,7,,,0,92,,65756,7,,,0
600,'2_5',656,,65759,7,,,0,100,,65760,7,,,0,79,,65761,7,,,0,108,,65762,7,,,0,85,,65763,7,,,0,100,,65764,7,,,0,85,,65765,7,,,0,89,,65773,7,,,0,42,,65766,7,,,0,176,,65767,7,,,0,92,,65768,7,,,0,91,,65769,7,,,0,50,,65770,7,,,0,90,,65771,7,,,0,92,,65772,7,,,0
600,'3_1',656,,65775,7,,,0,100,,65776,7,,,0,79,,65777,7,,,0,108,,65778,7,,,0,85,,65779,7,,,0,100,,65780,7,,,0,85,,65781,7,,,0,89,,65789,7,,,0,42,,65782,7,,,0,176,,65783,7,,,0,92,,65784,7,,,0,91,,65785,7,,,0,50,,65786,7,,,0,90,,65787,7,,,0,92,,65788,7,,,0
600,'3_3',656,,65791,7,,,0,100,,65792,7,,,0,79,,65793,7,,,0,108,,65794,7,,,0,85,,65795,7,,,0,100,,65796,7,,,0,85,,65797,7,,,0,89,,65805,7,,,0,42,,65798,7,,,0,176,,65799,7,,,0,92,,65800,7,,,0,91,,65801,7,,,0,50,,65802,7,,,0,90,,65803,7,,,0,92,,65804,7,,,0
600,'3_4',656,,65807,7,,,0,100,,65808,7,,,0,79,,65809,7,,,0,108,,65810,7,,,0,85,,65811,7,,,0,100,,65812,7,,,0,85,,65813,7,,,0,89,,65821,7,,,0,42,,65814,7,,,0,176,,65815,7,,,0,92,,65816,7,,,0,91,,65817,7,,,0,50,,65818,7,,,0,90,,65819,7,,,0,92,,65820,7,,,0
600,'3_5',656,,65823,7,,,0,100,,65824,7,,,0,79,,65825,7,,,0,108,,65826,7,,,0,85,,65827,7,,,0,100,,65828,7,,,0,85,,65829,7,,,0,89,,65837,7,,,0,42,,65830,7,,,0,176,,65831,7,,,0,92,,65832,7,,,0,91,,65833,7,,,0,50,,65834,7,,,0,90,,65835,7,,,0,92,,65836,7,,,0
