900300,'S2-5_1',713,,25975,1,,,0,20,,25976,1,,,0,25,,25977,1,,,0,70,,25978,1,,,0,30,,25979,1,,,0,70,,25980,1,,,0,30,,25981,1,,,0,70,,25982,1,,,0,30,,25983,1,,,0,70,,25984,1,,,0,30,,25985,1,,,0,70,,25986,1,,,0,30,,25987,1,,,0,70,,25988,1,,,0,30,,25989,1,,,0,70,,25990,1,,,0,30,,25991,1,,,0,70,,25992,1,,,0,30,,25993,1,,,0,70,,25994,1,,,0,30,,25995,1,,,0,70,,25996,1,,,0,30,,25997,1,,,0,70,,25998,1,,,0,20,,25999,1,,,0,60,,26000,1,0,14,0
900300,'S2-5_2',713,,26001,1,,,0,20,,26002,1,,,0,25,,26003,1,,,0,70,,26004,1,,,0,30,,26005,1,,,0,70,,26006,1,,,0,30,,26007,1,,,0,70,,26008,1,,,0,30,,26009,1,,,0,70,,26010,1,,,0,30,,26011,1,,,0,70,,26012,1,,,0,30,,26013,1,,,0,70,,26014,1,,,0,30,,26015,1,,,0,70,,26016,1,,,0,30,,26017,1,,,0,70,,26018,1,,,0,30,,26019,1,,,0,70,,26020,1,,,0,30,,26021,1,,,0,70,,26022,1,,,0,30,,26023,1,,,0,70,,26024,1,,,0,20,,26025,1,,,0,60,,26026,1,0,14,0
900300,'S2-5_4',713,,26027,1,,,0,20,,26028,1,,,0,25,,26029,1,,,0,70,,26030,1,,,0,30,,26031,1,,,0,70,,26032,1,,,0,30,,26033,1,,,0,70,,26034,1,,,0,30,,26035,1,,,0,70,,26036,1,,,0,30,,26037,1,,,0,70,,26038,1,,,0,30,,26039,1,,,0,70,,26040,1,,,0,30,,26041,1,,,0,70,,26042,1,,,0,30,,26043,1,,,0,70,,26044,1,,,0,30,,26045,1,,,0,70,,26046,1,,,0,30,,26047,1,,,0,70,,26048,1,,,0,30,,26049,1,,,0,70,,26050,1,,,0,20,,26051,1,,,0,60,,26052,1,0,14,0
900300,'S2-5_5',713,,26053,1,,,0,20,,26054,1,,,0,25,,26055,1,,,0,70,,26056,1,,,0,30,,26057,1,,,0,70,,26058,1,,,0,30,,26059,1,,,0,70,,26060,1,,,0,30,,26061,1,,,0,70,,26062,1,,,0,30,,26063,1,,,0,70,,26064,1,,,0,30,,26065,1,,,0,70,,26066,1,,,0,30,,26067,1,,,0,70,,26068,1,,,0,30,,26069,1,,,0,70,,26070,1,,,0,30,,26071,1,,,0,70,,26072,1,,,0,30,,26073,1,,,0,70,,26074,1,,,0,30,,26075,1,,,0,70,,26076,1,,,0,20,,26077,1,,,0,60,,26078,1,0,14,0
900300,'S2-6_3',713,,26079,1,,,0,20,,26080,1,,,0,25,,26081,1,,,0,70,,26082,1,,,0,30,,26083,1,,,0,70,,26084,1,,,0,30,,26085,1,,,0,70,,26086,1,,,0,30,,26087,1,,,0,70,,26088,1,,,0,30,,26089,1,,,0,70,,26090,1,,,0,30,,26091,1,,,0,70,,26092,1,,,0,30,,26093,1,,,0,70,,26094,1,,,0,30,,26095,1,,,0,70,,26096,1,,,0,30,,26097,1,,,0,70,,26098,1,,,0,30,,26099,1,,,0,70,,26100,1,,,0,30,,26101,1,,,0,70,,26102,1,,,0,20,,26103,1,,,0,60,,26104,1,0,14,0
900301,'S2-5_1',733,,26105,2,4,,0,20,,26106,2,4,,0,65,,26107,2,4,,0,30,,26108,2,4,,0,70,,26109,2,4,,0,30,,26110,2,4,,0,70,,26111,2,4,,0,30,,26112,2,4,,0,70,,26113,2,4,,0,30,,26114,2,4,,0,70,,26115,2,4,,0,30,,26116,2,4,,0,70,,26117,2,4,,0,30,,26118,2,4,,0,70,,26119,2,4,,0,30,,26120,2,4,,0,70,,26121,2,4,,0,30,,26122,2,4,,0,70,,26123,2,4,,0,30,,26124,2,4,,0,70,,26125,2,4,,0,30,,26126,2,4,,0,70,,26127,2,4,,0,30,,26128,2,4,,0,60,,26129,2,4,,0
900301,'S2-5_2',733,,26130,2,4,,0,20,,26131,2,4,,0,65,,26132,2,4,,0,30,,26133,2,4,,0,70,,26134,2,4,,0,30,,26135,2,4,,0,70,,26136,2,4,,0,30,,26137,2,4,,0,70,,26138,2,4,,0,30,,26139,2,4,,0,70,,26140,2,4,,0,30,,26141,2,4,,0,70,,26142,2,4,,0,30,,26143,2,4,,0,70,,26144,2,4,,0,30,,26145,2,4,,0,70,,26146,2,4,,0,30,,26147,2,4,,0,70,,26148,2,4,,0,30,,26149,2,4,,0,70,,26150,2,4,,0,30,,26151,2,4,,0,70,,26152,2,4,,0,30,,26153,2,4,,0,60,,26154,2,4,,0
900301,'S2-5_4',733,,26155,2,4,,0,20,,26156,2,4,,0,65,,26157,2,4,,0,30,,26158,2,4,,0,70,,26159,2,4,,0,30,,26160,2,4,,0,70,,26161,2,4,,0,30,,26162,2,4,,0,70,,26163,2,4,,0,30,,26164,2,4,,0,70,,26165,2,4,,0,30,,26166,2,4,,0,70,,26167,2,4,,0,30,,26168,2,4,,0,70,,26169,2,4,,0,30,,26170,2,4,,0,70,,26171,2,4,,0,30,,26172,2,4,,0,70,,26173,2,4,,0,30,,26174,2,4,,0,70,,26175,2,4,,0,30,,26176,2,4,,0,70,,26177,2,4,,0,30,,26178,2,4,,0,60,,26179,2,4,,0
900301,'S2-5_5',733,,26180,2,4,,0,20,,26181,2,4,,0,65,,26182,2,4,,0,30,,26183,2,4,,0,70,,26184,2,4,,0,30,,26185,2,4,,0,70,,26186,2,4,,0,30,,26187,2,4,,0,70,,26188,2,4,,0,30,,26189,2,4,,0,70,,26190,2,4,,0,30,,26191,2,4,,0,70,,26192,2,4,,0,30,,26193,2,4,,0,70,,26194,2,4,,0,30,,26195,2,4,,0,70,,26196,2,4,,0,30,,26197,2,4,,0,70,,26198,2,4,,0,30,,26199,2,4,,0,70,,26200,2,4,,0,30,,26201,2,4,,0,70,,26202,2,4,,0,30,,26203,2,4,,0,60,,26204,2,4,,0
900301,'S2-6_3',733,,26205,2,4,,0,20,,26206,2,4,,0,65,,26207,2,4,,0,30,,26208,2,4,,0,70,,26209,2,4,,0,30,,26210,2,4,,0,70,,26211,2,4,,0,30,,26212,2,4,,0,70,,26213,2,4,,0,30,,26214,2,4,,0,70,,26215,2,4,,0,30,,26216,2,4,,0,70,,26217,2,4,,0,30,,26218,2,4,,0,70,,26219,2,4,,0,30,,26220,2,4,,0,70,,26221,2,4,,0,30,,26222,2,4,,0,70,,26223,2,4,,0,30,,26224,2,4,,0,70,,26225,2,4,,0,30,,26226,2,4,,0,70,,26227,2,4,,0,30,,26228,2,4,,0,60,,26229,2,4,,0
