1000,'2509-HIV-25j05H-d-Dimanche-00',824,,2894,,,0,422,,2895,,,0,497,,2896,,,0
1000,'2509-HIV-25j26H-d-Dimanche-00',824,,2897,,,0,422,,2898,,,0,497,,2899,,,0
1000,'2509-HIV-25k03H-s-Samedi-00',909,,2907,0,26 32,0,144,,2908,0,26 32,0,101,,2909,0,26 32,0,101,,2910,0,26 32,0,101,,2911,0,26 32,0,92,,2905,,,0,155,,2906,,,0,337,,2912,0,26 32,0
1000,'2509-HIV-25l22Vlv-Semaine-00',911,,2925,0,26 32,0,148,,2918,0,26 32,0,95,,2919,0,26 32,0,101,,2920,0,26 32,0,101,,2921,0,26 32,0,92,,2923,,,0,155,,2924,,,0,337,,2922,0,26 32,0
1000,'2509-HIV-26a05H-s-Samedi-00',909,,2933,0,26 32,0,144,,2934,0,26 32,0,101,,2935,0,26 32,0,101,,2936,0,26 32,0,101,,2937,0,26 32,0,92,,2931,,,0,155,,2932,,,0,337,,2938,0,26 32,0
1000,'2509-HIV-26a05H-w-Mercredi-00',911,,2953,0,26 32,0,146,,2944,0,26 32,0,87,,2945,0,26 32,0,77,,2946,0,26 32,0,80,,2947,0,26 32,0,99,,2948,0,26 32,0,39,,2950,,,0,70,,2951,,,0,96,,2952,,,0,335,,2949,0,26 32,0
1000,'2509-HIV-26a05Hlv-L-Ma-J-V-00',911,,2968,0,26 32,0,146,,2959,0,26 32,0,87,,2960,0,26 32,0,77,,2961,0,26 32,0,80,,2962,0,26 32,0,99,,2963,0,26 32,0,39,,2965,,,0,70,,2966,,,0,96,,2967,,,0,335,,2964,0,26 32,0
1000,'2509-HIV-26b23Vlv-Semaine-00',911,,2981,0,26 32,0,148,,2974,0,26 32,0,95,,2975,0,26 32,0,101,,2976,0,26 32,0,101,,2977,0,26 32,0,92,,2979,,,0,155,,2980,,,0,337,,2978,0,26 32,0
1000,'2509-HIV-26c02Vlv-Semaine-00',911,,2994,0,26 32,0,148,,2987,0,26 32,0,95,,2988,0,26 32,0,101,,2989,0,26 32,0,101,,2990,0,26 32,0,92,,2992,,,0,155,,2993,,,0,337,,2991,0,26 32,0
1100,'2509-HIV-25j05H-d-Dimanche-00',829,,3089,,,0,918,,3090,,,0
1100,'2509-HIV-25j26H-d-Dimanche-00',829,,3091,,,0,918,,3092,,,0
1100,'2509-HIV-25k03H-s-Samedi-00',657,,3093,,,0,160,,3094,,,0,905,,3095,,,0,119,,3096,,,0
1100,'2509-HIV-25l22Vlv-Semaine-00',657,,3097,,,0,160,,3098,,,0,905,,3099,,,0,119,,3100,,,0
1100,'2509-HIV-26a05H-s-Samedi-00',657,,3101,,,0,160,,3102,,,0,905,,3103,,,0,119,,3104,,,0
1100,'2509-HIV-26a05H-w-Mercredi-00',657,,3105,,,0,160,,3106,,,0,905,,3107,,,0,119,,3108,,,0
1100,'2509-HIV-26a05Hlv-L-Ma-J-V-00',657,,3109,,,0,160,,3110,,,0,905,,3111,,,0,119,,3112,,,0
1100,'2509-HIV-26b23Vlv-Semaine-00',657,,3113,,,0,160,,3114,,,0,905,,3115,,,0,119,,3116,,,0
1100,'2509-HIV-26c02Vlv-Semaine-00',657,,3117,,,0,160,,3118,,,0,905,,3119,,,0,119,,3120,,,0
