501,'0_6',752,,65511,36,,,0,100,,65512,36,,,0,98,,65513,36,,,0,102,,65514,36,,,0,99,,65515,36,,,0,98,,65516,36,,,0,80,,65517,36,,,0,78,,65518,36,,,0,98,,65519,36,,,0,102,,65520,36,,,0,100,,65521,36,,,0,34,,65522,36,,,0,68,,65523,36,,,0,98,,65524,36,,,0,95,,65525,36,,,0
501,'1_7',1136,,65526,36,,,0,191,,65527,36,,,0,191,,65528,36,,,0,184,,65529,36,,,0,151,,65530,36,,,0
501,'2_1',752,,65531,36,,,0,100,,65532,36,,,0,98,,65533,36,,,0,102,,65534,36,,,0,99,,65535,36,,,0,98,,65536,36,,,0,80,,65537,36,,,0,78,,65538,36,,,0,98,,65539,36,,,0,102,,65540,36,,,0,100,,65541,36,,,0,34,,65542,36,,,0,68,,65543,36,,,0,98,,65544,36,,,0,95,,65545,36,,,0
501,'2_2',752,,65546,36,,,0,100,,65547,36,,,0,98,,65548,36,,,0,102,,65549,36,,,0,99,,65550,36,,,0,98,,65551,36,,,0,80,,65552,36,,,0,78,,65553,36,,,0,98,,65554,36,,,0,102,,65555,36,,,0,100,,65556,36,,,0,34,,65557,36,,,0,68,,65558,36,,,0,98,,65559,36,,,0,95,,65560,36,,,0
501,'2_3',752,,65561,36,,,0,100,,65562,36,,,0,98,,65563,36,,,0,102,,65564,36,,,0,99,,65565,36,,,0,98,,65566,36,,,0,80,,65567,36,,,0,78,,65568,36,,,0,98,,65569,36,,,0,102,,65570,36,,,0,100,,65571,36,,,0,34,,65572,36,,,0,68,,65573,36,,,0,98,,65574,36,,,0,95,,65575,36,,,0
501,'2_4',752,,65576,36,,,0,100,,65577,36,,,0,98,,65578,36,,,0,102,,65579,36,,,0,99,,65580,36,,,0,98,,65581,36,,,0,80,,65582,36,,,0,78,,65583,36,,,0,98,,65584,36,,,0,102,,65585,36,,,0,100,,65586,36,,,0,34,,65587,36,,,0,68,,65588,36,,,0,98,,65589,36,,,0,95,,65590,36,,,0
501,'2_5',752,,65591,36,,,0,100,,65592,36,,,0,98,,65593,36,,,0,102,,65594,36,,,0,99,,65595,36,,,0,98,,65596,36,,,0,80,,65597,36,,,0,78,,65598,36,,,0,98,,65599,36,,,0,102,,65600,36,,,0,100,,65601,36,,,0,34,,65602,36,,,0,68,,65603,36,,,0,98,,65604,36,,,0,95,,65605,36,,,0
501,'3_1',752,,65606,36,,,0,100,,65607,36,,,0,98,,65608,36,,,0,102,,65609,36,,,0,99,,65610,36,,,0,98,,65611,36,,,0,80,,65612,36,,,0,78,,65613,36,,,0,98,,65614,36,,,0,102,,65615,36,,,0,100,,65616,36,,,0,34,,65617,36,,,0,68,,65618,36,,,0,98,,65619,36,,,0,95,,65620,36,,,0
501,'3_3',752,,65621,36,,,0,100,,65622,36,,,0,98,,65623,36,,,0,102,,65624,36,,,0,99,,65625,36,,,0,98,,65626,36,,,0,80,,65627,36,,,0,78,,65628,36,,,0,98,,65629,36,,,0,102,,65630,36,,,0,100,,65631,36,,,0,34,,65632,36,,,0,68,,65633,36,,,0,98,,65634,36,,,0,95,,65635,36,,,0
501,'3_4',752,,65636,36,,,0,100,,65637,36,,,0,98,,65638,36,,,0,102,,65639,36,,,0,99,,65640,36,,,0,98,,65641,36,,,0,80,,65642,36,,,0,78,,65643,36,,,0,98,,65644,36,,,0,102,,65645,36,,,0,100,,65646,36,,,0,34,,65647,36,,,0,68,,65648,36,,,0,98,,65649,36,,,0,95,,65650,36,,,0
501,'3_5',752,,65651,36,,,0,100,,65652,36,,,0,98,,65653,36,,,0,102,,65654,36,,,0,99,,65655,36,,,0,98,,65656,36,,,0,80,,65657,36,,,0,78,,65658,36,,,0,98,,65659,36,,,0,102,,65660,36,,,0,100,,65661,36,,,0,34,,65662,36,,,0,68,,65663,36,,,0,98,,65664,36,,,0,95,,65665,36,,,0
501,'4_7',1136,,65666,36,,,0,191,,65667,36,,,0,191,,65668,36,,,0,184,,65669,36,,,0,151,,65670,36,,,0
