2500,'2_6',750,,33275,16,,,0,153,,33276,16,,,0,127,,33277,16,,,0,114,,33278,16,,,0,168,,33279,16,,,0,113,,33280,16,,,0,131,,33281,16,,,0,159,,33282,16,,,0,121,,33283,16,,,0,114,,33284,16,,,0
2500,'5_1',748,,37790,16,,,0,72,,37800,16,,,0,81,,37791,16,,,0,129,,37792,16,,,0,114,,37793,16,,,0,168,,37794,16,,,0,113,,37795,16,,,0,131,,37796,16,,,0,159,,37797,16,,,0,121,,37798,16,,,0,114,,37799,16,,,0
2500,'5_2',748,,40685,16,,,0,72,,40695,16,,,0,81,,40686,16,,,0,129,,40687,16,,,0,114,,40688,16,,,0,168,,40689,16,,,0,113,,40690,16,,,0,131,,40691,16,,,0,159,,40692,16,,,0,121,,40693,16,,,0,114,,40694,16,,,0
2500,'5_3',748,,40696,16,,,0,72,,40706,16,,,0,81,,40697,16,,,0,129,,40698,16,,,0,114,,40699,16,,,0,168,,40700,16,,,0,113,,40701,16,,,0,131,,40702,16,,,0,159,,40703,16,,,0,121,,40704,16,,,0,114,,40705,16,,,0
2500,'5_4',748,,40707,16,,,0,72,,40717,16,,,0,81,,40708,16,,,0,129,,40709,16,,,0,114,,40710,16,,,0,168,,40711,16,,,0,113,,40712,16,,,0,131,,40713,16,,,0,159,,40714,16,,,0,121,,40715,16,,,0,114,,40716,16,,,0
2500,'5_5',748,,40718,16,,,0,72,,40728,16,,,0,81,,40719,16,,,0,129,,40720,16,,,0,114,,40721,16,,,0,168,,40722,16,,,0,113,,40723,16,,,0,131,,40724,16,,,0,159,,40725,16,,,0,121,,40726,16,,,0,114,,40727,16,,,0
2500,'6_1',748,,40729,16,,,0,72,,40739,16,,,0,81,,40730,16,,,0,129,,40731,16,,,0,114,,40732,16,,,0,168,,40733,16,,,0,113,,40734,16,,,0,131,,40735,16,,,0,159,,40736,16,,,0,121,,40737,16,,,0,114,,40738,16,,,0
2500,'6_2',748,,44921,16,,,0,72,,44931,16,,,0,81,,44922,16,,,0,129,,44923,16,,,0,114,,44924,16,,,0,168,,44925,16,,,0,113,,44926,16,,,0,131,,44927,16,,,0,159,,44928,16,,,0,121,,44929,16,,,0,114,,44930,16,,,0
2500,'6_3',748,,44932,16,,,0,72,,44942,16,,,0,81,,44933,16,,,0,129,,44934,16,,,0,114,,44935,16,,,0,168,,44936,16,,,0,113,,44937,16,,,0,131,,44938,16,,,0,159,,44939,16,,,0,121,,44940,16,,,0,114,,44941,16,,,0
2500,'6_4',748,,44943,16,,,0,72,,44953,16,,,0,81,,44944,16,,,0,129,,44945,16,,,0,114,,44946,16,,,0,168,,44947,16,,,0,113,,44948,16,,,0,131,,44949,16,,,0,159,,44950,16,,,0,121,,44951,16,,,0,114,,44952,16,,,0
