201,'2509-HIV-25j05H-d-Dimanche-00',843,,8833,0,14 15 16,0,165,,8834,0,14 15 16,0,125,,8835,0,14 15 16,0,125,,8836,0,14 15 16,0,150,,8837,0,14 15 16,0,125,,8838,0,14 15 16,0,125,,8839,0,14 15 16,0,165,,8840,0,14 15 16,0
201,'2509-HIV-25j26H-d-Dimanche-00',843,,8853,0,14 15 16,0,165,,8854,0,14 15 16,0,125,,8855,0,14 15 16,0,125,,8856,0,14 15 16,0,150,,8857,0,14 15 16,0,125,,8858,0,14 15 16,0,125,,8859,0,14 15 16,0,165,,8860,0,14 15 16,0
201,'2509-HIV-25k03H-s-Samedi-00',718,,8873,0,14 15,0,5,,8897,0,17 18 19,0,25,,8885,0,14 15 16,0,70,,8874,0,14 15 16,0,25,,8886,0,17 18 19,0,65,,8898,0,14 15,0,25,,8875,0,14 15,0,20,,8887,0,14 15 16,0,55,,8899,0,17 18 19,0,31,,8876,0,14 15,0,19,,8888,0,14 15 16,0,60,,8900,0,47 18 19,0,25,,8877,0,14 15,0,60,,8889,0,17 18 19,0,20,,8901,0,14 15 16,0,30,,8878,0,14 15 16,0,58,,8890,0,17 18 19,0,20,,8902,0,14 15,0,25,,8879,0,14 15 16,0,57,,8891,0,17 18 19,0,25,,8903,0,14 15,0,65,,8880,0,17 18 19,0,18,,8892,0,14 15 16,0,22,,8904,0,14 15,0,62,,8881,0,17 18 19,0,16,,8893,0,14 15 16,0,24,,8905,0,14 15,0,65,,8882,0,14 15 16,0,18,,8894,0,17 18 19,0,20,,8906,0,14 15,0,65,,8883,0,14 15 16,0,20,,8895,0,14 15,0,20,,8907,0,17 18 19,0,60,,8884,0,14 15 16,0,15,,8896,0,17 18 19,0,15,,8908,0,14 15 16,0
201,'2509-HIV-25l22Vlv-Semaine-00',718,,8946,0,14 15,0,30,,8944,0,14 15 16,0,58,,8943,0,17 18 19,0,12,,8941,0,14 15 16,0,15,,8940,0,14 15,0,20,,8945,0,17 18 19,0,67,,8942,0,14 15 16,0,28,,8939,0,14 15,0,81,,8934,0,14 15 16,0,26,,8935,0,17 18 19,0,83,,8932,0,14 15 16,0,75,,8931,0,17 18 19,0,40,,8933,0,14 15,0,75,,8929,0,14 15 16,0,20,,8927,0,17 18 19,0,65,,8926,0,14 15 16,0,30,,8924,0,14 15,0,65,,8930,0,14 15 16,0,25,,8925,0,17 18 19,0,75,,8920,0,14 15 16,0,25,,8919,0,14 15 16,0,75,,8921,0,14 15 16,0,15,,8913,0,17 18 19,0,12,,8915,0,14 15 16,0,13,,8912,0,17 18 19,0,55,,8916,0,14 15 16,0,15,,8918,0,17 18 19,0,15,,8917,0,14 15 16,0,15,,8914,0,17 18 19,0,60,,8910,0,14 15 16,0,25,,8911,0,17 18 19,0,20,,8909,0,14 15 16,0
201,'2509-HIV-26a05H-s-Samedi-00',718,,8948,0,14 15,0,5,,8972,0,17 18 19,0,25,,8960,0,14 15 16,0,70,,8949,0,14 15 16,0,25,,8961,0,17 18 19,0,65,,8973,0,14 15,0,25,,8950,0,14 15,0,20,,8962,0,14 15 16,0,55,,8974,0,17 18 19,0,31,,8951,0,14 15,0,19,,8963,0,14 15 16,0,60,,8975,0,47 18 19,0,25,,8952,0,14 15,0,60,,8964,0,17 18 19,0,20,,8976,0,14 15 16,0,30,,8953,0,14 15 16,0,58,,8965,0,17 18 19,0,20,,8977,0,14 15,0,25,,8954,0,14 15 16,0,57,,8966,0,17 18 19,0,25,,8978,0,14 15,0,65,,8955,0,17 18 19,0,18,,8967,0,14 15 16,0,22,,8979,0,14 15,0,62,,8956,0,17 18 19,0,16,,8968,0,14 15 16,0,24,,8980,0,14 15,0,65,,8957,0,14 15 16,0,18,,8969,0,17 18 19,0,20,,8981,0,14 15,0,65,,8958,0,14 15 16,0,20,,8970,0,14 15,0,20,,8982,0,17 18 19,0,60,,8959,0,14 15 16,0,15,,8971,0,17 18 19,0,15,,8983,0,14 15 16,0
201,'2509-HIV-26a05H-w-Mercredi-00',718,,8984,0,14 15,0,29,,9022,0,14 15 16,0,58,,9006,0,17 18 19,0,12,,8987,0,14 15 16,0,15,,8985,0,14 15,0,20,,9007,0,17 18 19,0,67,,8988,0,14 15 16,0,28,,8998,0,14 15,0,81,,8992,0,14 15 16,0,26,,8999,0,17 18 19,0,83,,8993,0,14 15 16,0,75,,9000,0,17 18 19,0,40,,8989,0,14 15,0,75,,9008,0,14 15 16,0,20,,9021,0,17 18 19,0,65,,9001,0,14 15 16,0,30,,8986,0,14 15,0,65,,9009,0,14 15 16,0,25,,8990,0,17 18 19,0,75,,9002,0,14 15 16,0,39,,9016,0,17 18 19,0,60,,9010,0,14 15 16,0,15,,9003,0,17 18 19,0,12,,9011,0,14 15 16,0,13,,8991,0,17 18 19,0,55,,9012,0,14 15 16,0,16,,9014,0,17 18 19,0,15,,9013,0,14 15 16,0,16,,9004,0,17 18 19,0,60,,8995,0,14 15 16,0,25,,9005,0,17 18 19,0,20,,8996,0,14 15 16,0
201,'2509-HIV-26a05Hlv-L-Ma-J-V-00',718,,9024,0,14 15,0,29,,9062,0,14 15 16,0,58,,9046,0,17 18 19,0,12,,9027,0,14 15 16,0,15,,9025,0,14 15,0,20,,9047,0,17 18 19,0,67,,9028,0,14 15 16,0,28,,9038,0,14 15,0,81,,9032,0,14 15 16,0,26,,9039,0,17 18 19,0,83,,9033,0,14 15 16,0,75,,9040,0,17 18 19,0,40,,9029,0,14 15,0,75,,9048,0,14 15 16,0,20,,9061,0,17 18 19,0,65,,9041,0,14 15 16,0,30,,9026,0,14 15,0,65,,9049,0,14 15 16,0,25,,9030,0,17 18 19,0,75,,9042,0,14 15 16,0,39,,9056,0,17 18 19,0,60,,9050,0,14 15 16,0,15,,9043,0,17 18 19,0,12,,9051,0,14 15 16,0,13,,9031,0,17 18 19,0,55,,9052,0,14 15 16,0,16,,9054,0,17 18 19,0,15,,9053,0,14 15 16,0,16,,9044,0,17 18 19,0,60,,9035,0,14 15 16,0,25,,9045,0,17 18 19,0,20,,9036,0,14 15 16,0
201,'2509-HIV-26b23Vlv-Semaine-00',718,,9100,0,14 15,0,30,,9098,0,14 15 16,0,58,,9097,0,17 18 19,0,12,,9095,0,14 15 16,0,15,,9094,0,14 15,0,20,,9099,0,17 18 19,0,67,,9096,0,14 15 16,0,28,,9093,0,14 15,0,81,,9088,0,14 15 16,0,26,,9089,0,17 18 19,0,83,,9086,0,14 15 16,0,75,,9085,0,17 18 19,0,40,,9087,0,14 15,0,75,,9083,0,14 15 16,0,20,,9081,0,17 18 19,0,65,,9080,0,14 15 16,0,30,,9078,0,14 15,0,65,,9084,0,14 15 16,0,25,,9079,0,17 18 19,0,75,,9074,0,14 15 16,0,25,,9073,0,14 15 16,0,75,,9075,0,14 15 16,0,15,,9067,0,17 18 19,0,12,,9069,0,14 15 16,0,13,,9066,0,17 18 19,0,55,,9070,0,14 15 16,0,15,,9072,0,17 18 19,0,15,,9071,0,14 15 16,0,15,,9068,0,17 18 19,0,60,,9064,0,14 15 16,0,25,,9065,0,17 18 19,0,20,,9063,0,14 15 16,0
201,'2509-HIV-26c02Vlv-Semaine-00',718,,9139,0,14 15,0,30,,9137,0,14 15 16,0,58,,9136,0,17 18 19,0,12,,9134,0,14 15 16,0,15,,9133,0,14 15,0,20,,9138,0,17 18 19,0,67,,9135,0,14 15 16,0,28,,9132,0,14 15,0,81,,9127,0,14 15 16,0,26,,9128,0,17 18 19,0,83,,9125,0,14 15 16,0,75,,9124,0,17 18 19,0,40,,9126,0,14 15,0,75,,9122,0,14 15 16,0,20,,9120,0,17 18 19,0,65,,9119,0,14 15 16,0,30,,9117,0,14 15,0,65,,9123,0,14 15 16,0,25,,9118,0,17 18 19,0,75,,9113,0,14 15 16,0,25,,9112,0,14 15 16,0,75,,9114,0,14 15 16,0,15,,9106,0,17 18 19,0,12,,9108,0,14 15 16,0,13,,9105,0,17 18 19,0,55,,9109,0,14 15 16,0,15,,9111,0,17 18 19,0,15,,9110,0,14 15 16,0,15,,9107,0,17 18 19,0,60,,9103,0,14 15 16,0,25,,9104,0,17 18 19,0,20,,9102,0,14 15 16,0
1501,'2509-HIV-25j05H-d-Dimanche-00',828,,11316,,,0,276,,11317,,,0,300,,11318,,,0,328,,11319,,,0
1501,'2509-HIV-25j26H-d-Dimanche-00',828,,11320,,,0,276,,11321,,,0,300,,11322,,,0,328,,11323,,,0
1501,'2509-HIV-25k03H-s-Samedi-00',717,,11325,,,0,19,,11326,,,0,94,,11327,,,0,21,,11328,,,0,158,,11329,,,0,116,,11330,,,0,117,,11331,,,0,95,,11332,,,0,118,,11333,,,0,99,,11324,,,0,169,,11334,,,0,105,,11335,,,0,93,,11336,,,0
1501,'2509-HIV-25l22Vlv-Semaine-00',717,,11338,,,0,19,,11339,,,0,94,,11340,,,0,21,,11341,,,0,158,,11342,,,0,116,,11343,,,0,117,,11344,,,0,95,,11345,,,0,118,,11346,,,0,99,,11337,,,0,169,,11347,,,0,105,,11348,,,0,93,,11349,,,0
1501,'2509-HIV-26a05H-s-Samedi-00',717,,11351,,,0,19,,11352,,,0,94,,11353,,,0,21,,11354,,,0,158,,11355,,,0,116,,11356,,,0,117,,11357,,,0,95,,11358,,,0,118,,11359,,,0,99,,11350,,,0,169,,11360,,,0,105,,11361,,,0,93,,11362,,,0
1501,'2509-HIV-26a05H-w-Mercredi-00',717,,11364,,,0,19,,11365,,,0,94,,11366,,,0,21,,11367,,,0,158,,11368,,,0,116,,11369,,,0,117,,11370,,,0,95,,11371,,,0,118,,11372,,,0,99,,11363,,,0,169,,11373,,,0,105,,11374,,,0,93,,11375,,,0
1501,'2509-HIV-26a05Hlv-L-Ma-J-V-00',717,,11377,,,0,19,,11378,,,0,94,,11379,,,0,21,,11380,,,0,158,,11381,,,0,116,,11382,,,0,117,,11383,,,0,95,,11384,,,0,118,,11385,,,0,99,,11376,,,0,169,,11386,,,0,105,,11387,,,0,93,,11388,,,0
1501,'2509-HIV-26b23Vlv-Semaine-00',717,,11390,,,0,19,,11391,,,0,94,,11392,,,0,21,,11393,,,0,158,,11394,,,0,116,,11395,,,0,117,,11396,,,0,95,,11397,,,0,118,,11398,,,0,99,,11389,,,0,169,,11399,,,0,105,,11400,,,0,93,,11401,,,0
1501,'2509-HIV-26c02Vlv-Semaine-00',717,,11403,,,0,19,,11404,,,0,94,,11405,,,0,21,,11406,,,0,158,,11407,,,0,116,,11408,,,0,117,,11409,,,0,95,,11410,,,0,118,,11411,,,0,99,,11402,,,0,169,,11412,,,0,105,,11413,,,0,93,,11414,,,0
2001,'2509-HIV-25j05H-d-Dimanche-00',908,,11700,,,0,903,,11701,,,0
2001,'2509-HIV-25j26H-d-Dimanche-00',908,,11702,,,0,903,,11703,,,0
2001,'2509-HIV-26a05H-w-Mercredi-00',721,,11704,,,0,120,,11705,,,0,79,,11706,,,0,895,,11707,,,0
2001,'2509-HIV-26a05H-w-Mercredi-00-0010000',1406,,11708,,,0
2001,'2509-HIV-26a05Hlv-L-Ma-J-V-00',721,,11709,,,0,120,,11710,,,0,79,,11711,,,0,895,,11712,,,0
2301,'2509-HIV-26a05H-w-Mercredi-00',718,,11783,,,0,25,,11782,,,0,1,,11781,,,0
2301,'2509-HIV-26a05Hlv-L-Ma-J-V-00',718,,11786,,,0,25,,11785,,,0,1,,11784,,,0
900501,'2509-HIV-26a05Hlv-L-Ma-J-V-00-0001000',2108,,12403,,,0,40,,12404,,,0,90,,12405,,,0,90,,12406,,,0,90,,12407,,,0,88,,12408,,,0,30,,12409,,,0,70,,12410,,,0
900501,'2509-HIV-26b23Vlv-Semaine-00-0001000',2108,,12411,,,0,40,,12412,,,0,90,,12413,,,0,90,,12414,,,0,90,,12415,,,0,88,,12416,,,0,30,,12417,,,0,70,,12418,,,0
1000001,'2509-HIV-25j05H-d-Dimanche-00',809,,13362,,,0,40,,13363,,,0,80,,13364,,,0,80,,13365,,,0,40,,13366,,,0,80,,13367,,,0,80,,13368,,,0,40,,13369,,,0,80,,13370,,,0,80,,13371,,,0,40,,13372,,,0,80,,13373,,,0,80,,13374,,,0,40,,13375,,,0,80,,13376,,,0,80,,13377,,,0,40,,13378,,,0,80,,13379,,,0
1000001,'2509-HIV-25j26H-d-Dimanche-00',809,,13380,,,0,40,,13381,,,0,80,,13382,,,0,80,,13383,,,0,40,,13384,,,0,80,,13385,,,0,80,,13386,,,0,40,,13387,,,0,80,,13388,,,0,80,,13389,,,0,40,,13390,,,0,80,,13391,,,0,80,,13392,,,0,40,,13393,,,0,80,,13394,,,0,80,,13395,,,0,40,,13396,,,0,80,,13397,,,0
1000001,'2509-HIV-25k03H-s-Samedi-00',541,,13398,,,0,81,,13399,,,0,80,,13400,,,0,29,,13401,,,0,69,,13402,,,0,29,,13403,,,0,15,,13404,,,0,15,,13405,,,0,54,,13406,,,0,15,,13407,,,0,15,,13408,,,0,15,,13409,,,0,56,,13410,,,0,15,,13411,,,0,16,,13412,,,0,55,,13413,,,0,15,,13414,,,0,16,,13415,,,0,15,,13416,,,0,56,,13417,,,0,16,,13418,,,0,14,,13419,,,0,16,,13420,,,0,56,,13421,,,0,9,,13422,,,0,9,,13423,,,0,8,,13424,,,0,10,,13426,,,0,10,,13425,,,0,50,,13427,,,0,11,,13428,,,0,12,,13429,,,0,10,,13430,,,0,9,,13431,,,0,10,,13432,,,0,51,,13433,,,0,10,,13434,,,0,10,,13435,,,0,11,,13436,,,0,11,,13437,,,0,9,,13438,,,0,50,,13439,,,0,10,,13440,,,0,12,,13441,,,0,9,,13442,,,0,9,,13443,,,0,9,,13444,,,0,50,,13446,,,0,9,,13445,,,0,10,,13447,,,0,10,,13448,,,0,10,,13450,,,0,10,,13449,,,0,49,,13451,,,0,9,,13452,,,0,10,,13454,,,0,10,,13453,,,0,10,,13455,,,0,13,,13456,,,0,59,,13457,,,0,17,,13458,,,0,21,,13459,,,0,61,,13460,,,0,17,,13461,,,0,20,,13462,,,0,60,,13463,,,0,20,,13464,,,0,21,,13465,,,0
1000001,'2509-HIV-25l22Vlv-Semaine-00',541,,13466,,,0,60,,13467,,,0,20,,13468,,,0,20,,13469,,,0,60,,13470,,,0,10,,13550,,,0,10,,13551,,,0,10,,13501,,,0,10,,13502,,,0,10,,13503,,,0,50,,13504,,,0,10,,13505,,,0,10,,13506,,,0,10,,13507,,,0,10,,13508,,,0,9,,13509,,,0,50,,13510,,,0,10,,13511,,,0,10,,13512,,,0,11,,13471,,,0,11,,13472,,,0,10,,13473,,,0,50,,13474,,,0,10,,13475,,,0,11,,13513,,,0,11,,13476,,,0,11,,13477,,,0,11,,13478,,,0,51,,13479,,,0,10,,13480,,,0,11,,13514,,,0,11,,13481,,,0,11,,13482,,,0,50,,13483,,,0,10,,13484,,,0,9,,13515,,,0,10,,13516,,,0,9,,13517,,,0,10,,13518,,,0,10,,13519,,,0,50,,13520,,,0,10,,13521,,,0,9,,13522,,,0,10,,13523,,,0,9,,13524,,,0,10,,13525,,,0,50,,13526,,,0,10,,13527,,,0,10,,13485,,,0,10,,13486,,,0,10,,13528,,,0,10,,13487,,,0,50,,13488,,,0,11,,13489,,,0,10,,13529,,,0,11,,13490,,,0,11,,13491,,,0,51,,13492,,,0,10,,13493,,,0,10,,13494,,,0,10,,13530,,,0,10,,13531,,,0,10,,13532,,,0,50,,13533,,,0,10,,13534,,,0,10,,13535,,,0,11,,13536,,,0,10,,13537,,,0,10,,13538,,,0,50,,13539,,,0,10,,13540,,,0,10,,13541,,,0,9,,13542,,,0,9,,13543,,,0,9,,13544,,,0,9,,13545,,,0,50,,13546,,,0,10,,13547,,,0,13,,13549,,,0,19,,13548,,,0,60,,13495,,,0,20,,13496,,,0,20,,13497,,,0,60,,13498,,,0,20,,13499,,,0,21,,13500,,,0
1000001,'2509-HIV-26a05H-s-Samedi-00',541,,13552,,,0,81,,13553,,,0,80,,13554,,,0,29,,13555,,,0,69,,13556,,,0,29,,13557,,,0,15,,13558,,,0,15,,13559,,,0,54,,13560,,,0,15,,13561,,,0,15,,13562,,,0,15,,13563,,,0,56,,13564,,,0,15,,13565,,,0,16,,13566,,,0,55,,13567,,,0,15,,13568,,,0,16,,13569,,,0,15,,13570,,,0,56,,13571,,,0,16,,13572,,,0,14,,13573,,,0,16,,13574,,,0,56,,13575,,,0,9,,13576,,,0,9,,13577,,,0,8,,13578,,,0,10,,13580,,,0,10,,13579,,,0,50,,13581,,,0,11,,13582,,,0,12,,13583,,,0,10,,13584,,,0,9,,13585,,,0,10,,13586,,,0,51,,13587,,,0,10,,13588,,,0,10,,13589,,,0,11,,13590,,,0,11,,13591,,,0,9,,13592,,,0,50,,13593,,,0,10,,13594,,,0,12,,13595,,,0,9,,13596,,,0,9,,13597,,,0,9,,13598,,,0,50,,13600,,,0,9,,13599,,,0,10,,13601,,,0,10,,13602,,,0,10,,13604,,,0,10,,13603,,,0,49,,13605,,,0,9,,13606,,,0,10,,13608,,,0,10,,13607,,,0,10,,13609,,,0,13,,13610,,,0,59,,13611,,,0,17,,13612,,,0,21,,13613,,,0,61,,13614,,,0,17,,13615,,,0,20,,13616,,,0,60,,13617,,,0,20,,13618,,,0,21,,13619,,,0
1000001,'2509-HIV-26a05H-w-Mercredi-00',541,,13620,,,0,60,,13621,,,0,20,,13622,,,0,20,,13623,,,0,60,,13624,,,0,10,,13704,,,0,9,,13705,,,0,9,,13655,,,0,10,,13656,,,0,10,,13657,,,0,52,,13658,,,0,10,,13659,,,0,9,,13660,,,0,9,,13661,,,0,10,,13662,,,0,10,,13663,,,0,10,,13664,,,0,50,,13665,,,0,11,,13666,,,0,11,,13625,,,0,11,,13626,,,0,10,,13627,,,0,50,,13628,,,0,11,,13629,,,0,11,,13667,,,0,11,,13630,,,0,11,,13631,,,0,10,,13632,,,0,51,,13633,,,0,10,,13634,,,0,11,,13668,,,0,10,,13635,,,0,11,,13636,,,0,10,,13637,,,0,49,,13638,,,0,9,,13669,,,0,11,,13670,,,0,10,,13671,,,0,10,,13672,,,0,10,,13673,,,0,50,,13674,,,0,10,,13675,,,0,9,,13676,,,0,10,,13677,,,0,10,,13678,,,0,10,,13679,,,0,50,,13680,,,0,10,,13681,,,0,10,,13639,,,0,10,,13640,,,0,9,,13682,,,0,10,,13641,,,0,49,,13642,,,0,11,,13643,,,0,11,,13683,,,0,11,,13644,,,0,11,,13645,,,0,51,,13646,,,0,10,,13647,,,0,9,,13648,,,0,10,,13684,,,0,10,,13685,,,0,10,,13686,,,0,10,,13687,,,0,51,,13688,,,0,11,,13689,,,0,10,,13690,,,0,10,,13691,,,0,10,,13692,,,0,50,,13693,,,0,10,,13694,,,0,9,,13695,,,0,9,,13696,,,0,10,,13697,,,0,9,,13698,,,0,9,,13699,,,0,50,,13700,,,0,10,,13701,,,0,13,,13703,,,0,19,,13702,,,0,60,,13649,,,0,21,,13650,,,0,20,,13651,,,0,60,,13652,,,0,20,,13653,,,0,20,,13654,,,0
1000001,'2509-HIV-26a05Hlv-L-Ma-J-V-00',541,,13706,,,0,60,,13707,,,0,20,,13708,,,0,20,,13709,,,0,60,,13710,,,0,10,,13790,,,0,9,,13791,,,0,9,,13741,,,0,10,,13742,,,0,10,,13743,,,0,52,,13744,,,0,10,,13745,,,0,9,,13746,,,0,9,,13747,,,0,10,,13748,,,0,10,,13749,,,0,10,,13750,,,0,50,,13751,,,0,11,,13752,,,0,11,,13711,,,0,11,,13712,,,0,10,,13713,,,0,50,,13714,,,0,11,,13715,,,0,11,,13753,,,0,11,,13716,,,0,11,,13717,,,0,10,,13718,,,0,51,,13719,,,0,10,,13720,,,0,11,,13754,,,0,10,,13721,,,0,11,,13722,,,0,10,,13723,,,0,49,,13724,,,0,9,,13755,,,0,11,,13756,,,0,10,,13757,,,0,10,,13758,,,0,10,,13759,,,0,50,,13760,,,0,10,,13761,,,0,9,,13762,,,0,10,,13763,,,0,10,,13764,,,0,10,,13765,,,0,50,,13766,,,0,10,,13767,,,0,10,,13725,,,0,10,,13726,,,0,9,,13768,,,0,10,,13727,,,0,49,,13728,,,0,11,,13729,,,0,11,,13769,,,0,11,,13730,,,0,11,,13731,,,0,51,,13732,,,0,10,,13733,,,0,9,,13734,,,0,10,,13770,,,0,10,,13771,,,0,10,,13772,,,0,10,,13773,,,0,51,,13774,,,0,11,,13775,,,0,10,,13776,,,0,10,,13777,,,0,10,,13778,,,0,50,,13779,,,0,10,,13780,,,0,9,,13781,,,0,9,,13782,,,0,10,,13783,,,0,9,,13784,,,0,9,,13785,,,0,50,,13786,,,0,10,,13787,,,0,13,,13789,,,0,19,,13788,,,0,60,,13735,,,0,21,,13736,,,0,20,,13737,,,0,60,,13738,,,0,20,,13739,,,0,20,,13740,,,0
1000001,'2509-HIV-26b23Vlv-Semaine-00',541,,13792,,,0,60,,13793,,,0,20,,13794,,,0,20,,13795,,,0,60,,13796,,,0,10,,13876,,,0,10,,13877,,,0,10,,13827,,,0,10,,13828,,,0,10,,13829,,,0,50,,13830,,,0,10,,13831,,,0,10,,13832,,,0,10,,13833,,,0,10,,13834,,,0,9,,13835,,,0,50,,13836,,,0,10,,13837,,,0,10,,13838,,,0,11,,13797,,,0,11,,13798,,,0,10,,13799,,,0,50,,13800,,,0,10,,13801,,,0,11,,13839,,,0,11,,13802,,,0,11,,13803,,,0,11,,13804,,,0,51,,13805,,,0,10,,13806,,,0,11,,13840,,,0,11,,13807,,,0,11,,13808,,,0,50,,13809,,,0,10,,13810,,,0,9,,13841,,,0,10,,13842,,,0,9,,13843,,,0,10,,13844,,,0,10,,13845,,,0,50,,13846,,,0,10,,13847,,,0,9,,13848,,,0,10,,13849,,,0,9,,13850,,,0,10,,13851,,,0,50,,13852,,,0,10,,13853,,,0,10,,13811,,,0,10,,13812,,,0,10,,13854,,,0,10,,13813,,,0,50,,13814,,,0,11,,13815,,,0,10,,13855,,,0,11,,13816,,,0,11,,13817,,,0,51,,13818,,,0,10,,13819,,,0,10,,13820,,,0,10,,13856,,,0,10,,13857,,,0,10,,13858,,,0,50,,13859,,,0,10,,13860,,,0,10,,13861,,,0,11,,13862,,,0,10,,13863,,,0,10,,13864,,,0,50,,13865,,,0,10,,13866,,,0,10,,13867,,,0,9,,13868,,,0,9,,13869,,,0,9,,13870,,,0,9,,13871,,,0,50,,13872,,,0,10,,13873,,,0,13,,13875,,,0,19,,13874,,,0,60,,13821,,,0,20,,13822,,,0,20,,13823,,,0,60,,13824,,,0,20,,13825,,,0,21,,13826,,,0
1000001,'2509-HIV-26c02Vlv-Semaine-00',541,,13878,,,0,60,,13879,,,0,20,,13880,,,0,20,,13881,,,0,60,,13882,,,0,10,,13962,,,0,10,,13963,,,0,10,,13913,,,0,10,,13914,,,0,10,,13915,,,0,50,,13916,,,0,10,,13917,,,0,10,,13918,,,0,10,,13919,,,0,10,,13920,,,0,9,,13921,,,0,50,,13922,,,0,10,,13923,,,0,10,,13924,,,0,11,,13883,,,0,11,,13884,,,0,10,,13885,,,0,50,,13886,,,0,10,,13887,,,0,11,,13925,,,0,11,,13888,,,0,11,,13889,,,0,11,,13890,,,0,51,,13891,,,0,10,,13892,,,0,11,,13926,,,0,11,,13893,,,0,11,,13894,,,0,50,,13895,,,0,10,,13896,,,0,9,,13927,,,0,10,,13928,,,0,9,,13929,,,0,10,,13930,,,0,10,,13931,,,0,50,,13932,,,0,10,,13933,,,0,9,,13934,,,0,10,,13935,,,0,9,,13936,,,0,10,,13937,,,0,50,,13938,,,0,10,,13939,,,0,10,,13897,,,0,10,,13898,,,0,10,,13940,,,0,10,,13899,,,0,50,,13900,,,0,11,,13901,,,0,10,,13941,,,0,11,,13902,,,0,11,,13903,,,0,51,,13904,,,0,10,,13905,,,0,10,,13906,,,0,10,,13942,,,0,10,,13943,,,0,10,,13944,,,0,50,,13945,,,0,10,,13946,,,0,10,,13947,,,0,11,,13948,,,0,10,,13949,,,0,10,,13950,,,0,50,,13951,,,0,10,,13952,,,0,10,,13953,,,0,9,,13954,,,0,9,,13955,,,0,9,,13956,,,0,9,,13957,,,0,50,,13958,,,0,10,,13959,,,0,13,,13961,,,0,19,,13960,,,0,60,,13907,,,0,20,,13908,,,0,20,,13909,,,0,60,,13910,,,0,20,,13911,,,0,21,,13912,,,0
4000001,'2509-HIV-25j05H-d-Dimanche-00',914,,15740,,,0,110,,15745,,,0,110,,15741,,,0,110,,15746,,,0,110,,15742,,,0,150,,15747,,,0,110,,15743,,,0,110,,15748,,,0,110,,15744,,,0,110,,15739,,,0
4000001,'2509-HIV-25j26H-d-Dimanche-00',914,,15750,,,0,110,,15755,,,0,110,,15751,,,0,110,,15756,,,0,110,,15752,,,0,150,,15757,,,0,110,,15753,,,0,110,,15758,,,0,110,,15754,,,0,110,,15749,,,0
4000001,'2509-HIV-25k03H-s-Samedi-00',658,,15759,,,0,60,,15780,,,0,20,,15760,,,0,20,,15781,,,0,60,,15761,,,0,20,,15782,,,0,20,,15762,,,0,61,,15783,,,0,20,,15763,,,0,61,,15784,,,0,21,,15764,,,0,21,,15785,,,0,61,,15765,,,0,21,,15786,,,0,22,,15766,,,0,60,,15787,,,0,21,,15767,,,0,21,,15788,,,0,61,,15768,,,0,18,,15789,,,0,18,,15769,,,0,58,,15790,,,0,18,,15770,,,0,19,,15791,,,0,60,,15771,,,0,20,,15792,,,0,20,,15772,,,0,60,,15793,,,0,20,,15773,,,0,19,,15794,,,0,20,,15774,,,0,60,,15795,,,0,20,,15775,,,0,20,,15796,,,0,61,,15776,,,0,20,,15797,,,0,60,,15777,,,0,20,,15798,,,0,20,,15778,,,0,60,,15799,,,0,20,,15801,,,0,20,,15779,,,0,70,,15800,,,0
4000001,'2509-HIV-25l22Vlv-Semaine-00',658,,15802,,,0,60,,15823,,,0,20,,15803,,,0,20,,15824,,,0,60,,15804,,,0,20,,15825,,,0,20,,15805,,,0,61,,15826,,,0,20,,15806,,,0,61,,15827,,,0,21,,15807,,,0,21,,15828,,,0,61,,15808,,,0,21,,15829,,,0,22,,15809,,,0,60,,15830,,,0,21,,15810,,,0,21,,15831,,,0,61,,15811,,,0,18,,15832,,,0,18,,15812,,,0,58,,15833,,,0,18,,15813,,,0,19,,15834,,,0,60,,15814,,,0,20,,15835,,,0,20,,15815,,,0,60,,15836,,,0,20,,15816,,,0,19,,15837,,,0,20,,15817,,,0,60,,15838,,,0,20,,15818,,,0,20,,15839,,,0,61,,15819,,,0,20,,15840,,,0,60,,15820,,,0,20,,15841,,,0,20,,15821,,,0,60,,15842,,,0,20,,15843,,,0,20,,15822,,,0,70,,15844,,,0
4000001,'2509-HIV-26a05H-s-Samedi-00',658,,15845,,,0,60,,15866,,,0,20,,15846,,,0,20,,15867,,,0,60,,15847,,,0,20,,15868,,,0,20,,15848,,,0,61,,15869,,,0,20,,15849,,,0,61,,15870,,,0,21,,15850,,,0,21,,15871,,,0,61,,15851,,,0,21,,15872,,,0,22,,15852,,,0,60,,15873,,,0,21,,15853,,,0,21,,15874,,,0,61,,15854,,,0,18,,15875,,,0,18,,15855,,,0,58,,15876,,,0,18,,15856,,,0,19,,15877,,,0,60,,15857,,,0,20,,15878,,,0,20,,15858,,,0,60,,15879,,,0,20,,15859,,,0,19,,15880,,,0,20,,15860,,,0,60,,15881,,,0,20,,15861,,,0,20,,15882,,,0,61,,15862,,,0,20,,15883,,,0,60,,15863,,,0,20,,15884,,,0,20,,15864,,,0,60,,15885,,,0,20,,15887,,,0,20,,15865,,,0,70,,15886,,,0
4000001,'2509-HIV-26a05H-w-Mercredi-00',659,,15888,,,0,60,,15906,,,0,19,,15889,,,0,20,,15930,,,0,60,,15890,,,0,20,,15907,,,0,21,,15891,,,0,60,,15908,,,0,20,,15892,,,0,20,,15909,,,0,60,,15929,,,0,20,,15910,,,0,20,,15893,,,0,60,,15911,,,0,20,,15894,,,0,20,,15912,,,0,59,,15895,,,0,21,,15913,,,0,20,,15896,,,0,60,,15914,,,0,19,,15897,,,0,20,,15915,,,0,60,,15928,,,0,21,,15916,,,0,19,,15898,,,0,60,,15917,,,0,20,,15899,,,0,20,,15918,,,0,60,,15927,,,0,20,,15919,,,0,20,,15900,,,0,62,,15920,,,0,18,,15901,,,0,20,,15921,,,0,60,,15902,,,0,20,,15922,,,0,21,,15903,,,0,60,,15923,,,0,20,,15904,,,0,20,,15924,,,0,60,,15925,,,0,20,,15905,,,0,70,,15926,,,0
4000001,'2509-HIV-26a05Hlv-L-Ma-J-V-00',659,,15931,,,0,60,,15949,,,0,19,,15932,,,0,20,,15973,,,0,60,,15933,,,0,20,,15950,,,0,21,,15934,,,0,60,,15951,,,0,20,,15935,,,0,20,,15952,,,0,60,,15972,,,0,20,,15953,,,0,20,,15936,,,0,60,,15954,,,0,20,,15937,,,0,20,,15955,,,0,59,,15938,,,0,21,,15956,,,0,20,,15939,,,0,60,,15957,,,0,19,,15940,,,0,20,,15958,,,0,60,,15971,,,0,21,,15959,,,0,19,,15941,,,0,60,,15960,,,0,20,,15942,,,0,20,,15961,,,0,60,,15970,,,0,20,,15962,,,0,20,,15943,,,0,62,,15963,,,0,18,,15944,,,0,20,,15964,,,0,60,,15945,,,0,20,,15965,,,0,21,,15946,,,0,60,,15966,,,0,20,,15947,,,0,20,,15967,,,0,60,,15968,,,0,20,,15948,,,0,70,,15969,,,0
4000001,'2509-HIV-26b23Vlv-Semaine-00',658,,15974,,,0,60,,15995,,,0,20,,15975,,,0,20,,15996,,,0,60,,15976,,,0,20,,15997,,,0,20,,15977,,,0,61,,15998,,,0,20,,15978,,,0,61,,15999,,,0,21,,15979,,,0,21,,16000,,,0,61,,15980,,,0,21,,16001,,,0,22,,15981,,,0,60,,16002,,,0,21,,15982,,,0,21,,16003,,,0,61,,15983,,,0,18,,16004,,,0,18,,15984,,,0,58,,16005,,,0,18,,15985,,,0,19,,16006,,,0,60,,15986,,,0,20,,16007,,,0,20,,15987,,,0,60,,16008,,,0,20,,15988,,,0,19,,16009,,,0,20,,15989,,,0,60,,16010,,,0,20,,15990,,,0,20,,16011,,,0,61,,15991,,,0,20,,16012,,,0,60,,15992,,,0,20,,16013,,,0,20,,15993,,,0,60,,16014,,,0,20,,16015,,,0,20,,15994,,,0,70,,16016,,,0
4000001,'2509-HIV-26c02Vlv-Semaine-00',658,,16017,,,0,60,,16038,,,0,20,,16018,,,0,20,,16039,,,0,60,,16019,,,0,20,,16040,,,0,20,,16020,,,0,61,,16041,,,0,20,,16021,,,0,61,,16042,,,0,21,,16022,,,0,21,,16043,,,0,61,,16023,,,0,21,,16044,,,0,22,,16024,,,0,60,,16045,,,0,21,,16025,,,0,21,,16046,,,0,61,,16026,,,0,18,,16047,,,0,18,,16027,,,0,58,,16048,,,0,18,,16028,,,0,19,,16049,,,0,60,,16029,,,0,20,,16050,,,0,20,,16030,,,0,60,,16051,,,0,20,,16031,,,0,19,,16052,,,0,20,,16032,,,0,60,,16053,,,0,20,,16033,,,0,20,,16054,,,0,61,,16034,,,0,20,,16055,,,0,60,,16035,,,0,20,,16056,,,0,20,,16036,,,0,60,,16057,,,0,20,,16058,,,0,20,,16037,,,0,70,,16059,,,0
