1001,'S2-0_6',718,,57271,13,0,61 65,0,102,,57281,16,,,0,112,,57272,16,0,61 65,0,110,,57282,19,,,0,183,,57283,19,,,0,87,,57278,19,0,61 65,0,92,,57273,16,0,61 65,0,101,,57284,19,,,0,106,,57274,16,0,61 65,0,95,,57275,16,0,61 65,0,108,,57285,16,,,0,96,,57279,19,0,61 65,0,111,,57280,19,0,61 65,0,85,,57276,16,0,61 65,0,100,,57277,16,0,61 65,0
1001,'S2-1_7',945,,57286,16,,,0,360,,57287,16,,,0,410,,57288,16,,,0,310,,57289,16,0,61 65,0
1001,'S2-2_1',816,,57290,16,,,0,113,,57291,19,0,61 65,0,92,,57297,14,,,0,118,,57292,19,0,61 65,0,96,,57298,14,0,61 65,0,99,,57295,17,,,0,105,,57299,16,0,61 65,0,95,,57296,17,,,0,124,,57300,16,0,61 65,0,161,,57301,16,,,0,98,,57293,19,0,61 65,0,99,,57294,19,0,61 65,0
1001,'S2-2_2',816,,57302,16,,,0,113,,57303,19,0,61 65,0,92,,57309,14,,,0,118,,57304,19,0,61 65,0,96,,57310,14,0,61 65,0,99,,57307,17,,,0,105,,57311,16,0,61 65,0,95,,57308,17,,,0,124,,57312,16,0,61 65,0,161,,57313,16,,,0,98,,57305,19,0,61 65,0,99,,57306,19,0,61 65,0
1001,'S2-2_3',816,,57314,16,,,0,113,,57315,19,0,61 65,0,92,,57321,14,,,0,118,,57316,19,0,61 65,0,96,,57322,14,0,61 65,0,99,,57319,17,,,0,105,,57323,16,0,61 65,0,95,,57320,17,,,0,124,,57324,16,0,61 65,0,161,,57325,16,,,0,98,,57317,19,0,61 65,0,99,,57318,19,0,61 65,0
1001,'S2-2_4',816,,57326,16,,,0,113,,57327,19,0,61 65,0,92,,57333,14,,,0,118,,57328,19,0,61 65,0,96,,57334,14,0,61 65,0,99,,57331,17,,,0,105,,57335,16,0,61 65,0,95,,57332,17,,,0,124,,57336,16,0,61 65,0,161,,57337,16,,,0,98,,57329,19,0,61 65,0,99,,57330,19,0,61 65,0
1001,'S2-2_5',816,,57338,16,,,0,113,,57339,19,0,61 65,0,92,,57345,14,,,0,118,,57340,19,0,61 65,0,96,,57346,14,0,61 65,0,99,,57343,17,,,0,105,,57347,16,0,61 65,0,95,,57344,17,,,0,124,,57348,16,0,61 65,0,161,,57349,16,,,0,98,,57341,19,0,61 65,0,99,,57342,19,0,61 65,0
1001,'S2-3_1',816,,57350,16,,,0,113,,57351,19,0,61 65,0,92,,57357,14,,,0,118,,57352,19,0,61 65,0,96,,57358,14,0,61 65,0,99,,57355,17,,,0,105,,57359,16,0,61 65,0,95,,57356,17,,,0,124,,57360,16,0,61 65,0,161,,57361,16,,,0,98,,57353,19,0,61 65,0,99,,57354,19,0,61 65,0
1001,'S2-3_3',816,,57362,16,,,0,113,,57363,19,0,61 65,0,92,,57369,14,,,0,118,,57364,19,0,61 65,0,96,,57370,14,0,61 65,0,99,,57367,17,,,0,105,,57371,16,0,61 65,0,95,,57368,17,,,0,124,,57372,16,0,61 65,0,161,,57373,16,,,0,98,,57365,19,0,61 65,0,99,,57366,19,0,61 65,0
1001,'S2-3_4',816,,57374,16,,,0,113,,57375,19,0,61 65,0,92,,57381,14,,,0,118,,57376,19,0,61 65,0,96,,57382,14,0,61 65,0,99,,57379,17,,,0,105,,57383,16,0,61 65,0,95,,57380,17,,,0,124,,57384,16,0,61 65,0,161,,57385,16,,,0,98,,57377,19,0,61 65,0,99,,57378,19,0,61 65,0
1001,'S2-4_7',816,,57386,16,,,0,113,,57387,19,0,61 65,0,92,,57393,14,,,0,118,,57388,19,0,61 65,0,96,,57394,14,0,61 65,0,99,,57391,17,,,0,105,,57395,16,0,61 65,0,95,,57392,17,,,0,124,,57396,16,0,61 65,0,161,,57397,16,,,0,98,,57389,19,0,61 65,0,99,,57390,19,0,61 65,0
