100,'25j05H-Dimanche',913,,1,0,46,0,105,,6,0,46,0,106,,2,0,46,0,104,,7,0,46,0,90,,3,0,46,0,100,,8,0,46,0,105,,4,0,46,0,105,,9,0,46,0,105,,5,0,46,0,105,,10,0,46,0
100,'25j26H-Dimanche',913,,15,0,46,0,105,,20,0,46,0,106,,16,0,46,0,104,,21,0,46,0,90,,17,0,46,0,100,,22,0,46,0,105,,18,0,46,0,105,,23,0,46,0,105,,19,0,46,0,105,,24,0,46,0
100,'25k03H-Samedi',709,,29,0,46,0,109,,41,0,46,0,95,,30,0,46,0,30,,42,0,46,0,69,,31,0,46,0,33,,43,0,46,0,69,,32,0,46,0,29,,44,0,46,0,71,,33,0,46,0,29,,45,0,46,0,70,,34,0,46,0,30,,46,0,46,0,70,,35,0,46,0,31,,47,0,46,0,69,,36,0,46,0,31,,48,0,46,0,70,,37,0,46,0,31,,49,0,46,0,73,,38,0,46,0,29,,50,0,46,0,70,,39,0,46,0,32,,51,0,46,0,69,,40,0,46,0
100,'25l22V-Semaine',707,,66,,,0,15,,63,0,46,0,15,,67,0,46,0,15,,54,,,0,55,,73,0,46,0,16,,64,0,6 7,0,15,,68,0,46,0,64,,55,0,46,0,39,,69,0,46,0,80,,56,0,46,0,80,,70,0,46,0,35,,57,0,46,0,21,,74,,,0,65,,75,,,0,30,,58,0,46,0,65,,71,0,46,0,24,,59,0,46,0,72,,72,0,46,0,38,,60,0,46,0,70,,76,0,46,0,31,,65,0,46,0,64,,77,,,0,34,,61,,,0,71,,78,,,0,30,,62,,,0,70,,52,,,0,37,,79,0,46,0,65,,53,,,0
100,'26a05H-Samedi',709,,80,0,46,0,109,,92,0,46,0,95,,81,0,46,0,30,,93,0,46,0,69,,82,0,46,0,33,,94,0,46,0,69,,83,0,46,0,29,,95,0,46,0,71,,84,0,46,0,29,,96,0,46,0,70,,85,0,46,0,30,,97,0,46,0,70,,86,0,46,0,31,,98,0,46,0,69,,87,0,46,0,31,,99,0,46,0,70,,88,0,46,0,31,,100,0,46,0,73,,89,0,46,0,29,,101,0,46,0,70,,90,0,46,0,32,,102,0,46,0,69,,91,0,46,0
100,'26a05H-Mercredi',705,,117,0,46,0,14,,114,0,46,0,16,,118,0,46,0,16,,105,,,0,55,,124,0,46,0,20,,115,0,6 7,0,10,,119,0,46,0,67,,106,0,46,0,38,,120,0,46,0,78,,107,0,46,0,39,,121,0,46,0,78,,108,0,46,0,19,,125,,,0,65,,126,,,0,31,,109,0,46,0,65,,122,0,46,0,25,,110,0,46,0,75,,123,0,46,0,40,,111,0,46,0,64,,127,,,0,35,,116,0,46,0,60,,128,,,0,33,,129,,,0,9,,112,0,46,0,59,,130,,,0,24,,113,0,46,0,15,,131,,,0,67,,103,,,0,35,,132,0,46,0,75,,104,,,0
100,'26a05H-Mercredi0010000',1205,,134,0,6 7,0,5,,135,0,6 7,0
100,'26a05H-L-Ma-J-V',705,,151,0,46,0,14,,148,0,46,0,16,,152,0,46,0,16,,139,,,0,55,,158,0,46,0,20,,149,0,6 7,0,10,,153,0,46,0,67,,140,0,46,0,38,,154,0,46,0,78,,141,0,46,0,39,,155,0,46,0,78,,142,0,46,0,19,,159,,,0,65,,160,,,0,31,,143,0,46,0,65,,156,0,46,0,25,,144,0,46,0,75,,157,0,46,0,40,,145,0,46,0,64,,161,,,0,35,,150,0,46,0,60,,162,,,0,33,,163,,,0,9,,146,0,46,0,59,,164,,,0,24,,147,0,46,0,15,,165,,,0,67,,137,,,0,35,,166,0,46,0,75,,138,,,0
100,'26a05H-L-Ma-J-V1101100',1555,,168,0,6 7,0,152,,169,0,6 7,0,2,,170,,,0,92,,171,,,0
100,'26b23V-Semaine',707,,186,,,0,15,,183,0,46,0,15,,187,0,46,0,15,,174,,,0,55,,193,0,46,0,16,,184,0,6 7,0,15,,188,0,46,0,64,,175,0,46,0,39,,189,0,46,0,80,,176,0,46,0,80,,190,0,46,0,35,,177,0,46,0,21,,194,,,0,65,,195,,,0,30,,178,0,46,0,65,,191,0,46,0,24,,179,0,46,0,72,,192,0,46,0,38,,180,0,46,0,70,,196,0,46,0,31,,185,0,46,0,64,,197,,,0,34,,181,,,0,71,,198,,,0,30,,182,,,0,70,,172,,,0,37,,199,0,46,0,65,,173,,,0
100,'26c02V-Semaine',707,,214,,,0,15,,211,0,46,0,15,,215,0,46,0,15,,202,,,0,55,,221,0,46,0,16,,212,0,6 7,0,15,,216,0,46,0,64,,203,0,46,0,39,,217,0,46,0,80,,204,0,46,0,80,,218,0,46,0,35,,205,0,46,0,21,,222,,,0,65,,223,,,0,30,,206,0,46,0,65,,219,0,46,0,24,,207,0,46,0,72,,220,0,46,0,38,,208,0,46,0,70,,224,0,46,0,31,,213,0,46,0,64,,225,,,0,34,,209,,,0,71,,226,,,0,30,,210,,,0,70,,200,,,0,37,,227,0,46,0,65,,201,,,0
2201,'26a05H-Mercredi0010000',1205,,3692,,,0
2201,'26a05H-L-Ma-J-V1101100',1605,,3697,,,0,100,,3698,,,0,100,,3699,,,0
