700,'2_6',720,,31887,11,,,0,110,,31888,11,,,0,110,,31889,11,,,0,110,,31890,11,,,0,150,,31891,11,,,0,110,,31892,11,,,0,110,,31893,11,,,0,110,,31894,11,,,0,110,,31895,11,,,0,110,,31885,11,,,0,150,,31886,11,,,0
700,'5_1',720,,37629,11,,,0,110,,37631,11,,,0,110,,37632,11,,,0,110,,37633,11,,,0,150,,37634,11,,,0,110,,37635,11,,,0,110,,37636,11,,,0,110,,37637,11,,,0,110,,37638,11,,,0,110,,37639,11,,,0,150,,37630,11,,,0
700,'5_2',720,,39877,11,,,0,110,,39879,11,,,0,110,,39880,11,,,0,110,,39881,11,,,0,150,,39882,11,,,0,110,,39883,11,,,0,110,,39884,11,,,0,110,,39885,11,,,0,110,,39886,11,,,0,110,,39887,11,,,0,150,,39878,11,,,0
700,'5_3',720,,39888,11,,,0,110,,39890,11,,,0,110,,39891,11,,,0,110,,39892,11,,,0,150,,39893,11,,,0,110,,39894,11,,,0,110,,39895,11,,,0,110,,39896,11,,,0,110,,39897,11,,,0,110,,39898,11,,,0,150,,39889,11,,,0
700,'5_4',720,,39899,11,,,0,110,,39901,11,,,0,110,,39902,11,,,0,110,,39903,11,,,0,150,,39904,11,,,0,110,,39905,11,,,0,110,,39906,11,,,0,110,,39907,11,,,0,110,,39908,11,,,0,110,,39909,11,,,0,150,,39900,11,,,0
700,'5_5',720,,39910,11,,,0,110,,39912,11,,,0,110,,39913,11,,,0,110,,39914,11,,,0,150,,39915,11,,,0,110,,39916,11,,,0,110,,39917,11,,,0,110,,39918,11,,,0,110,,39919,11,,,0,110,,39920,11,,,0,150,,39911,11,,,0
700,'6_1',720,,39921,11,,,0,110,,39923,11,,,0,110,,39924,11,,,0,110,,39925,11,,,0,150,,39926,11,,,0,110,,39927,11,,,0,110,,39928,11,,,0,110,,39929,11,,,0,110,,39930,11,,,0,110,,39931,11,,,0,150,,39922,11,,,0
700,'6_2',720,,44432,11,,,0,110,,44434,11,,,0,110,,44435,11,,,0,110,,44436,11,,,0,150,,44437,11,,,0,110,,44438,11,,,0,110,,44439,11,,,0,110,,44440,11,,,0,110,,44441,11,,,0,110,,44442,11,,,0,150,,44433,11,,,0
700,'6_3',720,,44443,11,,,0,110,,44445,11,,,0,110,,44446,11,,,0,110,,44447,11,,,0,150,,44448,11,,,0,110,,44449,11,,,0,110,,44450,11,,,0,110,,44451,11,,,0,110,,44452,11,,,0,110,,44453,11,,,0,150,,44444,11,,,0
700,'6_4',720,,44454,11,,,0,110,,44456,11,,,0,110,,44457,11,,,0,110,,44458,11,,,0,150,,44459,11,,,0,110,,44460,11,,,0,110,,44461,11,,,0,110,,44462,11,,,0,110,,44463,11,,,0,110,,44464,11,,,0,150,,44455,11,,,0
