300,'S2-0_6',703,,54739,19,,,0,29,,54740,19,,,0,68,,54741,19,,,0,30,,54742,19,,,0,75,,54743,19,,,0,32,,54744,19,,,0,75,,54745,19,,,0,34,,54746,19,,,0,72,,54747,19,,,0,33,,54738,19,,,0,73,,54737,19,,,0,33,,54736,19,,,0,72,,54735,19,,,0,71,,54713,19,,,0,28,,54714,19,,,0,29,,54715,19,,,0,68,,54716,19,,,0,28,,54717,19,,,0,68,,54718,19,,,0,32,,54719,19,,,0,68,,54720,19,,,0,27,,54721,19,,,0,68,,54722,19,,,0,29,,54723,19,,,0,67,,54724,19,,,0,26,,54725,19,,,0,66,,54726,19,,,0,24,,54727,19,,,0,24,,54749,19,,,0,66,,54748,19,,,0,24,,54728,7,,,0,70,,54729,7,,,0,30,,54730,7,,,0,70,,54731,7,,,0,30,,54732,7,,,0,70,,54733,7,,,0,30,,54734,7,,,0
300,'S2-1_7',905,,54772,19,,,0,32,,54773,19,,,0,75,,54774,19,,,0,34,,54775,19,,,0,72,,54766,19,,,0,33,,54771,19,,,0,73,,54770,19,,,0,33,,54769,19,,,0,72,,54768,19,,,0,71,,54750,19,,,0,28,,54751,19,,,0,29,,54752,19,,,0,68,,54753,19,,,0,28,,54754,19,,,0,68,,54755,19,,,0,32,,54756,19,,,0,68,,54757,19,,,0,27,,54758,19,,,0,68,,54759,19,,,0,29,,54760,19,,,0,67,,54761,19,,,0,26,,54762,19,,,0,66,,54763,19,,,0,24,,54764,19,,,0,24,,54767,19,,,0,66,,54765,19,,,0
300,'S2-2_1',703,,54795,19,,,0,29,,54796,19,,,0,68,,54797,19,,,0,30,,54798,19,,,0,75,,54799,19,,,0,32,,54800,19,,,0,75,,54801,19,,,0,34,,54802,19,,,0,72,,54803,19,,,0,33,,54794,19,,,0,73,,54793,19,,,0,33,,54792,19,,,0,72,,54791,19,,,0,71,,54776,19,,,0,28,,54777,19,,,0,29,,54778,19,,,0,68,,54779,19,,,0,28,,54780,19,,,0,68,,54781,19,,,0,32,,54782,19,,,0,68,,54783,19,,,0,27,,54784,19,,,0,68,,54785,19,,,0,29,,54786,19,,,0,67,,54787,19,,,0,26,,54788,19,,,0,66,,54789,19,,,0,24,,54790,19,,,0,24,,54805,19,,,0,66,,54804,19,,,0
300,'S2-2_2',703,,54825,19,,,0,29,,54826,19,,,0,68,,54827,19,,,0,30,,54828,19,,,0,75,,54829,19,,,0,32,,54830,19,,,0,75,,54831,19,,,0,34,,54832,19,,,0,72,,54833,19,,,0,33,,54824,19,,,0,73,,54823,19,,,0,33,,54822,19,,,0,72,,54821,19,,,0,71,,54806,19,,,0,28,,54807,19,,,0,29,,54808,19,,,0,68,,54809,19,,,0,28,,54810,19,,,0,68,,54811,19,,,0,32,,54812,19,,,0,68,,54813,19,,,0,27,,54814,19,,,0,68,,54815,19,,,0,29,,54816,19,,,0,67,,54817,19,,,0,26,,54818,19,,,0,66,,54819,19,,,0,24,,54820,19,,,0,24,,54835,19,,,0,66,,54834,19,,,0
300,'S2-2_3',703,,54855,19,,,0,29,,54856,19,,,0,68,,54857,19,,,0,30,,54858,19,,,0,75,,54859,19,,,0,32,,54860,19,,,0,75,,54861,19,,,0,34,,54862,19,,,0,72,,54863,19,,,0,33,,54854,19,,,0,73,,54853,19,,,0,33,,54852,19,,,0,72,,54851,19,,,0,71,,54836,19,,,0,28,,54837,19,,,0,29,,54838,19,,,0,68,,54839,19,,,0,28,,54840,19,,,0,68,,54841,19,,,0,32,,54842,19,,,0,68,,54843,19,,,0,27,,54844,19,,,0,68,,54845,19,,,0,29,,54846,19,,,0,67,,54847,19,,,0,26,,54848,19,,,0,66,,54849,19,,,0,24,,54850,19,,,0,24,,54865,19,,,0,66,,54864,19,,,0
300,'S2-2_4',703,,54885,19,,,0,29,,54886,19,,,0,68,,54887,19,,,0,30,,54888,19,,,0,75,,54889,19,,,0,32,,54890,19,,,0,75,,54891,19,,,0,34,,54892,19,,,0,72,,54893,19,,,0,33,,54884,19,,,0,73,,54883,19,,,0,33,,54882,19,,,0,72,,54881,19,,,0,71,,54866,19,,,0,28,,54867,19,,,0,29,,54868,19,,,0,68,,54869,19,,,0,28,,54870,19,,,0,68,,54871,19,,,0,32,,54872,19,,,0,68,,54873,19,,,0,27,,54874,19,,,0,68,,54875,19,,,0,29,,54876,19,,,0,67,,54877,19,,,0,26,,54878,19,,,0,66,,54879,19,,,0,24,,54880,19,,,0,24,,54895,19,,,0,66,,54894,19,,,0
300,'S2-2_5',703,,54922,19,,,0,29,,54923,19,,,0,68,,54924,19,,,0,30,,54925,19,,,0,75,,54926,19,,,0,32,,54927,19,,,0,75,,54928,19,,,0,34,,54929,19,,,0,72,,54930,19,,,0,33,,54921,19,,,0,73,,54920,19,,,0,33,,54919,19,,,0,72,,54918,19,,,0,71,,54896,19,,,0,28,,54897,19,,,0,29,,54898,19,,,0,68,,54899,19,,,0,28,,54900,19,,,0,68,,54901,19,,,0,32,,54902,19,,,0,68,,54903,19,,,0,27,,54904,19,,,0,68,,54905,19,,,0,29,,54906,19,,,0,67,,54907,19,,,0,26,,54908,19,,,0,66,,54909,19,,,0,24,,54910,19,,,0,24,,54932,19,,,0,66,,54931,19,,,0,24,,54911,7,,,0,70,,54912,7,,,0,30,,54913,7,,,0,70,,54914,7,,,0,30,,54915,7,,,0,70,,54916,7,,,0,30,,54917,7,,,0
300,'S2-3_1',703,,54952,19,,,0,29,,54953,19,,,0,68,,54954,19,,,0,30,,54955,19,,,0,75,,54956,19,,,0,32,,54957,19,,,0,75,,54958,19,,,0,34,,54959,19,,,0,72,,54960,19,,,0,33,,54951,19,,,0,73,,54950,19,,,0,33,,54949,19,,,0,72,,54948,19,,,0,71,,54933,19,,,0,28,,54934,19,,,0,29,,54935,19,,,0,68,,54936,19,,,0,28,,54937,19,,,0,68,,54938,19,,,0,32,,54939,19,,,0,68,,54940,19,,,0,27,,54941,19,,,0,68,,54942,19,,,0,29,,54943,19,,,0,67,,54944,19,,,0,26,,54945,19,,,0,66,,54946,19,,,0,24,,54947,19,,,0,24,,54962,19,,,0,66,,54961,19,,,0
300,'S2-3_3',703,,54982,19,,,0,29,,54983,19,,,0,68,,54984,19,,,0,30,,54985,19,,,0,75,,54986,19,,,0,32,,54987,19,,,0,75,,54988,19,,,0,34,,54989,19,,,0,72,,54990,19,,,0,33,,54981,19,,,0,73,,54980,19,,,0,33,,54979,19,,,0,72,,54978,19,,,0,71,,54963,19,,,0,28,,54964,19,,,0,29,,54965,19,,,0,68,,54966,19,,,0,28,,54967,19,,,0,68,,54968,19,,,0,32,,54969,19,,,0,68,,54970,19,,,0,27,,54971,19,,,0,68,,54972,19,,,0,29,,54973,19,,,0,67,,54974,19,,,0,26,,54975,19,,,0,66,,54976,19,,,0,24,,54977,19,,,0,24,,54992,19,,,0,66,,54991,19,,,0
300,'S2-3_4',703,,55012,19,,,0,29,,55013,19,,,0,68,,55014,19,,,0,30,,55015,19,,,0,75,,55016,19,,,0,32,,55017,19,,,0,75,,55018,19,,,0,34,,55019,19,,,0,72,,55020,19,,,0,33,,55011,19,,,0,73,,55010,19,,,0,33,,55009,19,,,0,72,,55008,19,,,0,71,,54993,19,,,0,28,,54994,19,,,0,29,,54995,19,,,0,68,,54996,19,,,0,28,,54997,19,,,0,68,,54998,19,,,0,32,,54999,19,,,0,68,,55000,19,,,0,27,,55001,19,,,0,68,,55002,19,,,0,29,,55003,19,,,0,67,,55004,19,,,0,26,,55005,19,,,0,66,,55006,19,,,0,24,,55007,19,,,0,24,,55022,19,,,0,66,,55021,19,,,0
300,'S2-4_7',703,,55042,19,,,0,29,,55043,19,,,0,68,,55044,19,,,0,30,,55045,19,,,0,75,,55046,19,,,0,32,,55047,19,,,0,75,,55048,19,,,0,34,,55049,19,,,0,72,,55050,19,,,0,33,,55041,19,,,0,73,,55040,19,,,0,33,,55039,19,,,0,72,,55038,19,,,0,71,,55023,19,,,0,28,,55024,19,,,0,29,,55025,19,,,0,68,,55026,19,,,0,28,,55027,19,,,0,68,,55028,19,,,0,32,,55029,19,,,0,68,,55030,19,,,0,27,,55031,19,,,0,68,,55032,19,,,0,29,,55033,19,,,0,67,,55034,19,,,0,26,,55035,19,,,0,66,,55036,19,,,0,24,,55037,19,,,0,24,,55052,19,,,0,66,,55051,19,,,0
