900601,'0_6',808,,68348,20,,,0,130,,68349,20,,,0,170,,68350,20,,,0,135,,68351,20,,,0,160,,68352,20,,,0,135,,68353,20,,,0,165,,68354,20,,,0,130,,68355,20,,,0
900601,'2_1',808,,68356,20,,,0,130,,68357,20,,,0,170,,68358,20,,,0,135,,68359,20,,,0,160,,68360,20,,,0,135,,68361,20,,,0,165,,68362,20,,,0,130,,68363,20,,,0
900601,'2_2',808,,68364,20,,,0,130,,68365,20,,,0,170,,68366,20,,,0,135,,68367,20,,,0,160,,68368,20,,,0,135,,68369,20,,,0,165,,68370,20,,,0,130,,68371,20,,,0
900601,'2_3',808,,68372,20,,,0,130,,68373,20,,,0,170,,68374,20,,,0,135,,68375,20,,,0,160,,68376,20,,,0,135,,68377,20,,,0,165,,68378,20,,,0,130,,68379,20,,,0
900601,'2_4',808,,68380,20,,,0,130,,68381,20,,,0,170,,68382,20,,,0,135,,68383,20,,,0,160,,68384,20,,,0,135,,68385,20,,,0,165,,68386,20,,,0,130,,68387,20,,,0
900601,'2_5',808,,68388,20,,,0,130,,68389,20,,,0,170,,68390,20,,,0,135,,68391,20,,,0,160,,68392,20,,,0,135,,68393,20,,,0,165,,68394,20,,,0,130,,68395,20,,,0
900601,'3_1',808,,68396,20,,,0,130,,68397,20,,,0,170,,68398,20,,,0,135,,68399,20,,,0,160,,68400,20,,,0,135,,68401,20,,,0,165,,68402,20,,,0,130,,68403,20,,,0
900601,'3_3',808,,68404,20,,,0,130,,68405,20,,,0,170,,68406,20,,,0,135,,68407,20,,,0,160,,68408,20,,,0,135,,68409,20,,,0,165,,68410,20,,,0,130,,68411,20,,,0
900601,'3_4',808,,68412,20,,,0,130,,68413,20,,,0,170,,68414,20,,,0,135,,68415,20,,,0,160,,68416,20,,,0,135,,68417,20,,,0,165,,68418,20,,,0,130,,68419,20,,,0
900601,'3_5',808,,68420,20,,,0,130,,68421,20,,,0,170,,68422,20,,,0,135,,68423,20,,,0,160,,68424,20,,,0,135,,68425,20,,,0,165,,68426,20,,,0,130,,68427,20,,,0
