100,1510247076,1,0,0
100,1496504063,2,0,0
100,1504612640,3,0,0
100,1505749937,4,0,0
100,869817813,5,0,0
100,866824451,6,0,0
100,305077839,7,0,0
100,875240519,8,0,0
100,862860297,9,0,0
100,879984914,10,0,0
100,878022025,11,0,0
100,866824453,12,0,0
100,866629742,13,0,0
100,876280042,14,0,0
100,869817968,15,0,0
100,869712972,16,0,0
100,879872415,17,0,0
100,880545487,18,0,0
100,869817782,19,0,0
100,1504407977,20,0,0
100,1511252343,21,0,0
100,1497008215,22,0,0
100,1495971916,23,0,0
100,1504883672,24,0,0
100,1508091087,25,0,0
100,1499785598,26,0,0
100,1495977620,27,0,0
100,1495473064,28,0,0
100,1514679641,29,0,0
100,1513525915,30,0,0
100,1496291681,31,0,0
100,1496005893,32,0,0
100,1510066903,33,0,0
100,1495961252,34,0,0
100,1511125460,35,0,0
100,1496389486,36,0,0
100,1500160698,37,0,0
100,1505207591,38,0,0
100,1511316792,39,0,0
100,1505241722,40,0,0
100,1504524661,41,0,0
100,1505443873,42,0,0
100,1512272026,43,0,0
100,1508485531,44,0,0
100,1495562623,45,0,0
100,1505198384,46,0,0
100,1497135129,47,0,0
100,1504337886,48,0,0
100,1497481647,49,0,0
100,1505212334,50,0,0
100,158243730,51,0,0
100,165141850,52,0,0
100,164084719,53,0,0
100,159152526,54,0,0
100,162234794,55,0,0
100,156379235,56,0,0
100,154108361,57,0,0
100,150004147,58,0,0
100,150007805,59,0,0
100,158243606,60,0,0
100,1227161252,61,0,0
100,1219604816,62,0,0
100,1225147244,63,0,0
100,1210870287,64,0,0
100,1220100971,65,0,0
100,1226150094,66,1,1
101,1226150095,1,0,0
101,1220100972,2,0,0
101,1210870288,3,0,0
101,1225147244,4,0,0
101,1219604817,5,0,0
101,1227161253,6,0,0
101,158243607,7,0,0
101,150007806,8,0,0
101,150004148,9,0,0
101,154108362,10,0,0
101,156379236,11,0,0
101,162234795,12,0,0
101,159152527,13,0,0
101,165141851,14,0,0
101,164084719,15,0,0
101,158243731,16,0,0
101,1505212335,17,0,0
101,1497481648,18,0,0
101,1504337887,19,0,0
101,1497135130,20,0,0
101,1505198385,21,0,0
101,1495562624,22,0,0
101,1508485532,23,0,0
101,1512272027,24,0,0
101,1505443874,25,0,0
101,1504524662,26,0,0
101,1505241723,27,0,0
101,1511316793,28,0,0
101,1505207592,29,0,0
101,1500160699,30,0,0
101,1496389487,31,0,0
101,1501012827,32,0,0
101,1496424951,33,0,0
101,1494619356,34,0,0
101,1495977652,35,0,0
101,1514679642,36,0,0
101,1495473065,37,0,0
101,1495977621,38,0,0
101,1499785599,39,0,0
101,1508091088,40,0,0
101,1504883673,41,0,0
101,1495971917,42,0,0
101,1497008216,43,0,0
101,1511252344,44,0,0
101,1504407978,45,0,0
101,869817783,46,0,0
101,880545488,47,0,0
101,879872416,48,0,0
101,869712971,49,0,0
101,869817969,50,0,0
101,876280043,51,0,0
101,866629743,52,0,0
101,866824454,53,0,0
101,878022026,54,0,0
101,879984915,55,0,0
101,862860298,56,0,0
101,875240520,57,0,0
101,305077840,58,1,1
101,869817814,59,0,0
101,1505749936,60,0,0
101,1504612639,61,0,0
101,1496504062,62,0,0
101,1510247078,63,1,1
200,1164928173,1,0,0
200,1165112003,2,0,0
200,2109321145,3,0,0
200,2097251078,4,0,0
200,2105723037,5,0,0
200,2097304181,6,0,0
200,1645192713,7,0,0
200,1636639999,8,0,0
200,1857001400,9,0,0
200,1843780148,10,0,0
200,1849726506,11,0,0
200,1840377154,12,0,0
200,724497771,13,0,0
200,745832653,14,0,0
200,738954745,15,0,0
200,723246859,16,0,0
200,733519484,17,0,0
200,727369363,18,0,0
200,727366077,19,0,0
200,724591701,20,0,0
200,722656216,21,0,0
200,739454496,22,0,0
200,724589965,23,0,0
200,722821570,24,0,0
200,733405404,25,0,0
200,724411963,26,0,0
200,739515876,27,0,0
200,725605649,28,0,0
200,736184399,29,0,0
200,1508086840,30,0,0
200,1512093094,31,0,0
200,1513525914,32,0,0
200,1496291681,33,0,0
200,1496005892,34,0,0
200,1508696982,35,0,0
200,1505330537,36,0,0
200,1509827211,37,0,0
200,1503479992,38,0,0
200,1496168921,39,0,0
200,1495556144,40,0,0
200,1496387657,41,0,0
200,1513638413,42,0,0
200,1494625059,43,0,0
200,1505212303,44,0,0
200,1511779254,45,0,0
200,1129263801,46,0,0
200,1129264173,47,0,0
200,1130075349,48,0,0
200,1130184656,49,0,0
200,1138381180,50,0,0
200,1138266790,51,0,0
200,1138504033,52,0,0
200,1127924260,53,0,0
200,1120959211,54,0,0
200,1120720633,55,1,1
200,237023568,56,0,0
200,235637527,57,0,0
200,237040587,58,0,0
200,251000352,59,0,0
200,250995671,60,0,0
200,245960031,61,0,0
200,248738158,62,0,0
200,238915591,63,0,0
200,665640260,64,0,0
200,241537416,65,0,0
200,236226061,66,1,1
201,1120720634,1,0,0
201,1120959210,2,0,0
201,1127924259,3,0,0
201,1138504033,4,0,0
201,1138266789,5,0,0
201,1138381179,6,0,0
201,1130184655,7,0,0
201,1130075349,8,0,0
201,1129264172,9,0,0
201,1129263800,10,0,0
201,1511779255,11,0,0
201,236226062,12,0,0
201,241537415,13,0,0
201,250492571,14,0,0
201,238915590,15,0,0
201,248738157,16,0,0
201,245960030,17,0,0
201,250995670,18,0,0
201,251000351,19,0,0
201,237040586,20,0,0
201,237023568,21,0,0
201,235637527,22,0,0
201,1505212304,23,0,0
201,1494625060,24,0,0
201,1513638414,25,0,0
201,1496387658,26,0,0
201,1495556145,27,0,0
201,1496168922,28,0,0
201,1503479993,29,0,0
201,1509827212,30,0,0
201,1505330538,31,0,0
201,1508696983,32,0,0
201,1496424951,33,0,0
201,1508293301,34,0,0
201,1495977651,35,0,0
201,1494621339,36,0,0
201,736184400,37,0,0
201,725605650,38,0,0
201,739515877,39,0,0
201,724411964,40,0,0
201,733405405,41,0,0
201,722821571,42,0,0
201,724589966,43,0,0
201,739454497,44,0,0
201,722656217,45,0,0
201,724591702,46,0,0
201,727366078,47,0,0
201,727369364,48,0,0
201,733519485,49,0,0
201,723246860,50,0,0
201,738954746,51,0,0
201,745832654,52,0,0
201,724497772,53,1,1
201,1840377155,54,0,0
201,1849726507,55,0,0
201,1843780149,56,0,0
201,1857001401,57,0,0
201,1636639998,58,0,0
201,1645192713,59,0,0
201,2097304182,60,0,0
201,2105723038,61,0,0
201,2097251079,62,0,0
201,2109321146,63,0,0
201,1165112002,64,0,0
201,1164928172,65,1,1
300,1193435587,1,0,0
300,1193555681,2,0,0
300,1184739467,3,0,0
300,1193558068,4,0,0
300,1189790204,5,0,0
300,1190878893,6,0,0
300,1189237505,7,0,0
300,1179194931,8,0,0
300,1193533702,9,0,0
300,1195208322,10,0,0
300,1185256485,11,0,0
300,1185545436,12,0,0
300,1185540102,13,0,0
300,1191531505,14,0,0
300,1184328035,15,0,0
300,1185548753,16,0,0
300,1190976481,17,0,0
300,1193357498,18,0,0
300,1185440036,19,0,0
300,1193563152,20,0,0
300,1189361877,21,0,0
300,1178636993,22,0,0
300,1178155253,23,0,0
300,1184738599,24,0,0
300,1184738258,25,0,0
300,1184738289,26,0,0
300,1496168890,27,0,0
300,1505212830,28,0,0
300,1496301477,29,0,0
300,1504273592,30,0,0
300,1511252436,31,0,0
300,1495473064,32,0,0
300,1514679641,33,0,0
300,1496291681,34,0,0
300,1496005893,35,0,0
300,1499670309,36,1,1
301,1499670310,1,0,0
301,1496424951,2,0,0
301,1494619356,3,0,0
301,1495977652,4,0,0
301,1514679642,5,0,0
301,1495473065,6,0,0
301,1511310779,7,0,0
301,1504273593,8,0,0
301,1495989959,9,0,0
301,1505212831,10,0,0
301,1496168891,11,0,0
301,1184738288,12,0,0
301,1184738257,13,0,0
301,1184738598,14,0,0
301,1178155252,15,0,0
301,1178636992,16,0,0
301,1189361876,17,0,0
301,1193563151,18,0,0
301,1185440035,19,0,0
301,1193357497,20,0,0
301,1190976480,21,0,0
301,1185548752,22,0,0
301,1184328034,23,0,0
301,1191531504,24,0,0
301,1185540101,25,0,0
301,1185545435,26,0,0
301,1185256484,27,0,0
301,1195208321,28,0,0
301,1193533701,29,0,0
301,1179194930,30,0,0
301,1189237504,31,0,0
301,1190878892,32,0,0
301,1189790203,33,0,0
301,1193558067,34,0,0
301,1184739466,35,0,0
301,1193555680,36,0,0
301,1193435586,37,1,1
400,1135519815,1,0,0
400,1134422415,2,0,0
400,1131515266,3,0,0
400,1138537789,4,0,0
400,1130258278,5,0,0
400,1130072836,6,0,0
400,1139319950,7,0,0
400,1122271035,8,0,0
400,1140991563,9,0,0
400,2040848952,10,0,0
400,2048664734,11,0,0
400,2042273433,12,0,0
400,2038078761,13,0,0
400,2043612695,14,0,0
400,2044542447,15,0,0
400,2040531605,16,0,0
400,2052792257,17,0,0
400,2052656604,18,0,0
400,2043612571,19,0,0
400,1507981936,20,0,0
400,1510754483,21,0,0
400,1496288085,22,0,0
400,1496392834,23,0,0
400,1504289309,24,0,0
400,1507976480,25,0,0
400,1507983393,26,0,0
400,1513525915,27,0,0
400,1496291681,28,0,0
400,1496005893,29,0,0
400,1510066903,30,0,0
400,1495961252,31,0,0
400,1511125460,32,0,0
400,1510230862,33,0,0
400,1499670309,34,0,0
400,1511252157,35,0,0
400,1504276413,36,0,0
400,1507978092,37,0,0
400,1497311922,38,0,0
400,1504905155,39,0,0
400,1499163862,40,0,0
400,1498750198,41,0,0
400,1499167148,42,0,0
400,1510249462,43,0,0
400,1496181817,44,0,0
400,1500588932,45,0,0
400,1505228702,46,0,0
400,1499164110,47,0,0
400,1507982897,48,0,0
400,1499789566,49,0,0
400,1045611352,50,0,0
400,1049323757,51,0,0
400,1965872268,52,0,0
400,1046551675,53,0,0
400,1046551676,54,0,0
400,1053435194,55,0,0
400,1045612313,56,0,0
400,1035780446,57,0,0
400,1036386341,58,0,0
400,1047476312,59,0,0
400,1037626651,60,0,0
400,1037726688,61,0,0
400,1565742022,62,0,0
400,1549955923,63,0,0
400,1557841052,64,0,0
400,1566158104,65,0,0
400,1567970767,66,0,0
400,1566157174,67,0,0
400,1561965323,68,0,0
400,1566153516,69,0,0
400,1560114281,70,0,0
400,1566153764,71,1,1
401,1566153763,1,0,0
401,1560114282,2,0,0
401,1566153516,3,0,0
401,1561965322,4,0,0
401,1566157174,5,0,0
401,1556917032,6,0,0
401,1566155065,7,0,0
401,1566158103,8,0,0
401,1557841051,9,0,0
401,1549955922,10,0,0
401,1565742021,11,0,0
401,1037726689,12,0,0
401,1037626652,13,0,0
401,1047476313,14,0,0
401,1036386342,15,0,0
401,1035780447,16,0,0
401,1045612314,17,0,0
401,1053435195,18,0,0
401,1965872268,19,0,0
401,1046551675,20,0,0
401,1046551676,21,0,0
401,1049323758,22,0,0
401,1045611353,23,0,0
401,1499789567,24,0,0
401,1505228703,25,0,0
401,1499164110,26,0,0
401,1507982897,27,0,0
401,1496181818,28,0,0
401,1510249463,29,0,0
401,1499167149,30,0,0
401,1498750199,31,0,0
401,1499163863,32,0,0
401,1504905156,33,0,0
401,1497311923,34,0,0
401,1507978093,35,0,0
401,1504276414,36,0,0
401,1511252158,37,0,0
401,1499670310,38,0,0
401,1510230863,39,0,0
401,1496389487,40,0,0
401,1501012827,41,0,0
401,1496424951,42,0,0
401,1494619356,43,0,0
401,1495977652,44,0,0
401,1507983394,45,0,0
401,1507976481,46,0,0
401,1504289310,47,0,0
401,1496392835,48,0,0
401,1496288086,49,0,0
401,1510754484,50,0,0
401,1507981937,51,0,0
401,2043612570,52,0,0
401,2052656603,53,0,0
401,2052792258,54,0,0
401,2040531604,55,0,0
401,2044542446,56,0,0
401,2043612694,57,0,0
401,2042273433,58,0,0
401,2048664733,59,0,0
401,2038078760,60,0,0
401,2040848951,61,0,0
401,1140991564,62,0,0
401,1122271036,63,0,0
401,1139319951,64,0,0
401,1130072837,65,0,0
401,1130258279,66,0,0
401,1138537790,67,0,0
401,1131515267,68,0,0
401,1134422416,69,0,0
401,1135519816,70,1,1
500,1265713521,1,0,0
500,1278160269,2,0,0
500,1269624107,3,0,0
500,1271816212,4,0,0
500,1282573646,5,0,0
500,1265725425,6,0,0
500,1281055886,7,0,0
500,1265713986,8,0,0
500,1265725115,9,0,0
500,1358472783,10,0,0
500,1358901203,11,0,0
500,1350348489,12,0,0
500,1355713690,13,0,0
500,1368127578,14,0,0
500,2040848952,15,0,0
500,2038078758,16,0,0
500,2048664734,17,0,0
500,2042273433,18,0,0
500,2052615684,19,0,0
500,2054206075,20,0,0
500,2048237151,21,0,0
500,2040424934,22,0,0
500,2040843496,23,0,0
500,1495172333,24,0,0
500,1513864713,25,0,0
500,1497312945,26,0,0
500,1505322167,27,0,0
500,1505748634,28,0,0
500,1499673254,29,0,0
500,1496387750,30,0,0
500,1499908513,31,0,0
500,1504408349,32,0,0
500,1508128473,33,0,0
500,1500917160,34,0,0
500,1513525915,35,0,0
500,1496291681,36,0,0
500,1496005893,37,0,0
500,1510066903,38,0,0
500,1495961252,39,0,0
500,1511125460,40,0,0
500,1510230862,41,0,0
500,1499670309,42,1,1
501,1499670310,1,0,0
501,1510230863,2,0,0
501,1496389487,3,0,0
501,1501012827,4,0,0
501,1496424951,5,0,0
501,1508293301,6,0,0
501,1495977651,7,0,0
501,1513523249,8,0,0
501,1500917161,9,0,0
501,1508128474,10,0,0
501,1495052581,11,0,0
501,1504408350,12,0,0
501,1499908514,13,0,0
501,1496387751,14,0,0
501,1499673255,15,0,0
501,1505748635,16,0,0
501,1505322168,17,0,0
501,1497312946,18,0,0
501,1513864714,19,0,0
501,1495172334,20,0,0
501,2040843495,21,0,0
501,2040424933,22,0,0
501,2048237150,23,0,0
501,2054206076,24,0,0
501,2052615683,25,0,0
501,2042273432,26,0,0
501,2048664733,27,0,0
501,2038078760,28,0,0
501,2040848951,29,0,0
501,1368127577,30,0,0
501,1355713689,31,0,0
501,1350348488,32,0,0
501,1358901202,33,0,0
501,1358472782,34,0,0
501,1265725114,35,0,0
501,1265713985,36,0,0
501,1281055885,37,0,0
501,1265725424,38,0,0
501,1282573645,39,0,0
501,1271816211,40,0,0
501,1269624106,41,0,0
501,1278160268,42,0,0
501,1265713521,43,1,1
600,1779372290,1,0,0
600,1795179717,2,0,0
600,1779860850,3,0,0
600,1796118428,4,0,0
600,2080691312,5,0,0
600,2076869012,6,0,0
600,2076990935,7,0,0
600,2068560640,8,0,0
600,2077288256,9,0,0
600,1494248657,10,0,0
600,1500015773,11,0,0
600,1512093561,12,0,0
600,1499237363,13,0,0
600,1496337065,14,0,0
600,1505631516,15,0,0
600,1494248661,16,0,0
600,1510249431,17,0,0
600,1504629193,18,0,0
600,1510738549,19,0,0
600,1511313134,20,0,0
600,1507971706,21,0,0
600,1497020150,22,0,0
600,1497020212,23,0,0
600,1508394608,24,0,0
600,1496231728,25,0,0
600,1510066903,26,0,0
600,1495961252,27,0,0
600,1511125460,28,0,0
600,1510230862,29,0,0
600,1499670309,30,0,0
600,1495466369,31,1,1
601,1495466368,1,0,0
601,1499670310,2,0,0
601,1510230863,3,0,0
601,1496389487,4,0,0
601,1501012827,5,0,0
601,1496231728,6,0,0
601,1508394609,7,0,0
601,1497020213,8,0,0
601,1497020151,9,0,0
601,1507971707,10,0,0
601,1511313135,11,0,0
601,1510738550,12,0,0
601,1504629198,13,0,0
601,1510249432,14,0,0
601,1494248662,15,0,0
601,1496337065,16,0,0
601,1505631516,17,0,0
601,1499237364,18,0,0
601,1512093562,19,0,0
601,1500015773,20,0,0
601,1494248657,21,0,0
601,2077288257,22,0,0
601,2076990936,23,0,0
601,2076869013,24,0,0
601,2080691313,25,0,0
601,1796118429,26,0,0
601,1779860851,27,0,0
601,1795179718,28,0,0
601,1779372291,29,1,1
700,1497124620,1,0,0
700,1505445268,2,0,0
700,1496890353,3,0,0
700,1496288085,4,0,0
700,1496392834,5,0,0
700,1495473064,6,0,0
700,1514679641,7,0,0
700,1513525914,8,0,0
700,1496291681,9,0,0
700,1496005892,10,0,0
700,1496515563,11,0,0
700,1508400498,12,0,0
700,1502859930,13,0,0
700,1496216351,14,0,0
700,1505204057,15,0,0
700,1502543978,16,0,0
700,1495550380,17,0,0
700,1496172796,18,0,0
700,1504392756,19,0,0
700,1500273135,20,0,0
700,1499058431,21,0,0
700,1495054626,22,0,0
700,1505214721,23,0,0
700,1507103768,24,0,0
700,1505631609,25,0,0
700,1495044675,26,0,0
700,1508516626,27,1,1
701,1507981941,1,0,0
701,1495044676,2,0,0
701,1505631610,3,0,0
701,1507103769,4,0,0
701,1505214722,5,0,0
701,1495054627,6,0,0
701,1500273136,7,0,0
701,1504392757,8,0,0
701,1496172797,9,0,0
701,1495550379,10,0,0
701,1502543979,11,0,0
701,1505204058,12,0,0
701,1496216352,13,0,0
701,1505330538,14,0,0
701,1507982185,15,0,0
701,1508400499,16,0,0
701,1496515564,17,0,0
701,1494619356,18,0,0
701,1495977652,19,0,0
701,1514679642,20,0,0
701,1495473065,21,0,0
701,1496392835,22,0,0
701,1496890354,23,0,0
701,1505445269,24,0,0
701,1497124621,25,1,1
800,879071004,1,0,0
800,876298425,2,0,0
800,877150057,3,0,0
800,875244611,4,0,0
800,875240519,5,0,0
800,862860297,6,0,0
800,869824044,7,0,0
800,869817937,8,0,0
800,872486262,9,0,0
800,878022025,10,0,0
800,866824453,11,0,0
800,879058697,12,0,0
800,861512758,13,0,0
800,1505212924,14,0,0
800,1505749751,15,0,0
800,1505212833,16,0,0
800,1505212830,17,0,0
800,1496301477,18,0,0
800,1511252436,19,0,0
800,1495473064,20,0,0
800,1514679641,21,0,0
800,1513525914,22,0,0
800,1496291681,23,0,0
800,1496005892,24,1,1
801,1496424951,1,0,0
801,1496291682,2,0,0
801,1514679642,3,0,0
801,1495473065,4,0,0
801,1511310779,5,0,0
801,1496288427,6,0,0
801,1505212834,7,0,0
801,1505749750,8,0,0
801,1505212923,9,0,0
801,861512759,10,0,0
801,879058696,11,0,0
801,866824452,12,0,0
801,878022026,13,0,0
801,871860311,14,0,0
801,869817938,15,0,0
801,869824045,16,0,0
801,862860298,17,0,0
801,875240520,18,0,0
801,875244612,19,0,0
801,869221901,20,0,0
801,876298426,21,0,0
801,879070972,22,1,1
900,1499267219,1,0,0
900,1493492477,2,0,0
900,652210254,3,0,0
900,648506932,4,0,0
900,636622834,5,0,0
900,636298915,6,0,0
900,524185908,7,0,0
900,526159461,8,0,0
900,1134811983,9,0,0
900,1136715414,10,0,0
900,211235204,11,0,0
900,209050015,12,0,0
900,210376908,13,0,0
900,895372118,14,0,0
900,900454847,15,0,0
900,894696659,16,0,0
900,894690800,17,0,0
900,899811535,18,0,0
900,910811668,19,0,0
900,2036169393,20,0,0
900,1504284135,21,0,0
900,1508393926,22,0,0
900,1508101565,23,0,0
900,1505625130,24,0,0
900,1500597178,25,0,0
900,1501009106,26,0,0
900,1495562499,27,0,0
900,1510249431,28,0,0
900,1504629193,29,0,0
900,1510738549,30,0,0
900,1511313134,31,0,0
900,1507971706,32,0,0
900,1497020150,33,0,0
900,1497020212,34,0,0
900,1508394608,35,0,0
900,1500174369,36,1,1
901,1500174369,1,0,0
901,1508394609,2,0,0
901,1497020213,3,0,0
901,1497020151,4,0,0
901,1507971707,5,0,0
901,1511313135,6,0,0
901,1510738550,7,0,0
901,1504629198,8,0,0
901,1510249432,9,0,0
901,1495562500,10,0,0
901,1501009107,11,0,0
901,1500597179,12,0,0
901,1505625131,13,0,0
901,1508101566,14,0,0
901,1508393927,15,0,0
901,1504284134,16,0,0
901,2036169392,17,0,0
901,910811667,18,0,0
901,899811534,19,0,0
901,894690799,20,0,0
901,894696658,21,0,0
901,900454846,22,0,0
901,895372118,23,0,0
901,210376907,24,0,0
901,209050014,25,0,0
901,211235205,26,0,0
901,1136715413,27,0,0
901,1134811983,28,0,0
901,526159462,29,0,0
901,524185908,30,0,0
901,636298916,31,0,0
901,636622835,32,0,0
901,648506933,33,0,0
901,652210255,34,0,0
901,1493492476,35,0,0
901,1499267219,36,1,1
1000,2131510599,1,0,0
1000,2124033678,2,0,0
1000,2129775994,3,0,0
1000,2130690618,4,0,0
1000,2130912609,5,0,0
1000,2125652746,6,0,0
1000,2127815337,7,0,0
1000,2139506026,8,0,0
1000,2129763873,9,0,0
1000,2131389079,10,0,0
1000,2141389431,11,0,0
1000,2124650020,12,0,0
1000,2127502640,13,0,0
1000,2130584908,14,0,0
1000,2130698988,15,0,0
1000,2139508971,16,0,0
1000,2136830168,17,0,0
1000,2128842615,18,0,0
1000,2124231024,19,0,0
1000,1644916464,20,0,0
1000,1637893910,21,0,0
1000,1654693864,22,0,0
1000,1641230068,23,0,0
1000,1638957179,24,0,0
1000,1654460589,25,0,0
1000,1652193588,26,0,0
1000,725101076,27,0,0
1000,721165223,28,0,0
1000,721226758,29,0,0
1000,909351319,30,0,0
1000,909258567,31,0,0
1000,909468623,32,0,0
1000,1504284135,33,0,0
1000,1508393926,34,0,0
1000,1508101565,35,0,0
1000,1505625130,36,0,0
1000,1500597178,37,0,0
1000,1501009106,38,0,0
1000,1495562499,39,0,0
1000,1510249431,40,0,0
1000,1504629195,41,0,0
1000,1496424951,42,0,0
1000,1499670309,43,1,1
1001,1499670310,1,0,0
1001,1496424951,2,0,0
1001,1504629196,3,0,0
1001,1510249432,4,0,0
1001,1495562500,5,0,0
1001,1501009107,6,0,0
1001,1500597179,7,0,0
1001,1505625131,8,0,0
1001,1508101566,9,0,0
1001,1508393927,10,0,0
1001,1504284134,11,0,0
1001,909468624,12,0,0
1001,909258568,13,0,0
1001,909351320,14,0,0
1001,721226757,15,0,0
1001,721165222,16,0,0
1001,725101076,17,0,0
1001,1652193587,18,0,0
1001,1654460588,19,0,0
1001,1638957178,20,0,0
1001,1641230067,21,0,0
1001,1654693863,22,0,0
1001,52835677,23,0,0
1001,1644916463,24,0,0
1001,2124231023,25,0,0
1001,2128842614,26,0,0
1001,2136830167,27,0,0
1001,2139508970,28,0,0
1001,2130698987,29,0,0
1001,2130584907,30,0,0
1001,2127502639,31,0,0
1001,2124650019,32,0,0
1001,2141389430,33,0,0
1001,2131389078,34,0,0
1001,2129763872,35,0,0
1001,2139506025,36,0,0
1001,2127815336,37,0,0
1001,2125652745,38,0,0
1001,2130912608,39,0,0
1001,2130690617,40,0,0
1001,2129775993,41,0,0
1001,2124033677,42,0,0
1001,2131510598,43,1,1
1100,1637893910,1,0,0
1100,1654693864,2,0,0
1100,1641230068,3,0,0
1100,1637954174,4,0,0
1100,1644003607,5,0,0
1100,1640815908,6,0,0
1100,1654903825,7,0,0
1100,1643993780,8,0,0
1100,1652914929,9,0,0
1100,1643994183,10,0,0
1100,1640806112,11,0,0
1100,1654587069,12,0,0
1100,725101076,13,0,0
1100,721165223,14,0,0
1100,721226758,15,0,0
1100,909351319,16,0,0
1100,909258567,17,0,0
1100,909468623,18,0,0
1100,1504284135,19,0,0
1100,1508393926,20,0,0
1100,1508101565,21,0,0
1100,1496424951,22,0,0
1100,1499670309,23,1,1
1101,1499670310,1,0,0
1101,1496424951,2,0,0
1101,1508101566,3,0,0
1101,1508393927,4,0,0
1101,1504284134,5,0,0
1101,909468624,6,0,0
1101,909258568,7,0,0
1101,909351320,8,0,0
1101,721226757,9,0,0
1101,721165222,10,0,0
1101,725101076,11,0,0
1101,1654587068,12,0,0
1101,1640806112,13,0,0
1101,1643994182,14,0,0
1101,1652914928,15,0,0
1101,1643993779,16,0,0
1101,1654903824,17,0,0
1101,1640815907,18,0,0
1101,1644003606,19,0,0
1101,1637954173,20,0,0
1101,1641230067,21,0,0
1101,1654693863,22,0,0
1101,1637893910,23,1,1
1500,1513525914,1,0,0
1500,1496291681,2,0,0
1500,1496005892,3,0,0
1500,1508696982,4,0,0
1500,1505330537,5,0,0
1500,1500257697,6,0,0
1500,1504273034,7,0,0
1500,1502113481,8,0,0
1500,1505803721,9,0,0
1500,1495053107,10,0,0
1500,1495972846,11,0,0
1500,1499789783,12,0,0
1500,1781034090,13,0,0
1500,1784710907,14,0,0
1500,1782383520,15,0,0
1500,1782460400,16,0,0
1500,1798458229,17,0,0
1500,1783430483,18,0,0
1500,1793684663,19,0,0
1500,1780912074,20,0,0
1500,1790802376,21,0,0
1500,1781034091,22,0,0
1500,1782271579,23,0,0
1500,1794693434,24,0,0
1500,1782681400,25,0,0
1500,1794685035,26,1,1
1501,1794685034,1,0,0
1501,1782681399,2,0,0
1501,1794693435,3,0,0
1501,1782271580,4,0,0
1501,1782383520,5,0,0
1501,1782460400,6,0,0
1501,1798458229,7,0,0
1501,1783430483,8,0,0
1501,1793684663,9,0,0
1501,1780912074,10,0,0
1501,1790802376,11,0,0
1501,1781034090,12,0,0
1501,1784710908,13,0,0
1501,1781034091,14,0,0
1501,1495547124,15,0,0
1501,1495972847,16,0,0
1501,1495053108,17,0,0
1501,1505803722,18,0,0
1501,1502113513,19,0,0
1501,1504273035,20,0,0
1501,1500257698,21,0,0
1501,1505330538,22,0,0
1501,1508696983,23,0,0
1501,1496424951,24,0,0
1501,1508293301,25,0,0
1501,1495977651,26,1,1
1600,909468624,1,0,0
1600,909258568,2,0,0
1600,909351320,3,0,0
1600,897358442,4,0,0
1600,900230964,5,0,0
1600,900230965,6,0,0
1600,897358443,7,0,0
1600,897343966,8,0,0
1600,891687427,9,0,0
1600,907085871,10,0,0
1600,891687426,11,0,0
1600,897343965,12,0,0
1600,898065274,13,0,0
1600,905538537,14,0,0
1600,891926003,15,0,0
1600,909471786,16,0,0
1600,895212282,17,0,0
1600,895372118,18,0,0
1600,900454847,19,0,0
1600,894696659,20,0,0
1600,894690800,21,0,0
1600,899811535,22,0,0
1600,910811668,23,0,0
1600,2036169393,24,0,0
1600,1504284135,25,1,1
1601,1504284134,1,0,0
1601,2036169392,2,0,0
1601,910811667,3,0,0
1601,899811534,4,0,0
1601,894690799,5,0,0
1601,894696658,6,0,0
1601,900454846,7,0,0
1601,895372118,8,0,0
1601,895212281,9,0,0
1601,909471785,10,0,0
1601,891926002,11,0,0
1601,898065273,12,0,0
1601,897343966,13,0,0
1601,891687427,14,0,0
1601,907085871,15,0,0
1601,891687426,16,0,0
1601,897343965,17,0,0
1601,897358442,18,0,0
1601,900230964,19,0,0
1601,900230965,20,0,0
1601,897358443,21,0,0
1601,909351319,22,0,0
1601,909258567,23,0,0
1601,909468623,24,1,1
1700,1394377339,1,0,0
1700,2138729268,2,0,0
1700,870594403,3,0,0
1700,524185908,4,0,0
1700,526159461,5,1,1
1701,526159462,1,0,0
1701,524185908,2,0,0
1701,870594403,3,0,0
1701,2138729269,4,0,0
1701,1395719794,5,0,0
1701,1394377339,6,1,1
1800,1793282856,1,0,0
1800,1779860851,2,0,0
1800,1795179718,3,0,0
1800,1779372291,4,0,0
1800,1508900577,5,1,1
1801,1508900577,1,0,0
1801,1506124898,2,0,0
1801,1779372290,3,0,0
1801,1795179717,4,0,0
1801,1779860850,5,0,0
1801,1793282856,6,1,1
1900,934919935,1,0,0
1900,937658165,2,0,0
1900,935710280,3,0,0
1900,935902790,4,0,0
1900,906580912,5,0,0
1900,905538537,6,0,0
1900,891926003,7,0,0
1900,909471786,8,0,0
1900,895212282,9,0,0
1900,895372118,10,0,0
1900,900454847,11,0,0
1900,894696659,12,0,0
1900,897047637,13,0,0
1900,1504284135,14,0,0
1900,1508393926,15,0,0
1900,1508101565,16,0,0
1900,1500597178,17,0,0
1900,1501009106,18,0,0
1900,1495562499,19,0,0
1900,1510249431,20,0,0
1900,1504629193,21,0,0
1900,1510738549,22,0,0
1900,1511313134,23,0,0
1900,1507971706,24,0,0
1900,1497020150,25,0,0
1900,1497020212,26,0,0
1900,1508394608,27,0,0
1900,1500174369,28,1,1
1900,909055580,29,1,1
1901,1500174369,1,0,0
1901,1508394609,2,0,0
1901,1497020213,3,0,0
1901,1497020151,4,0,0
1901,1507971707,5,0,0
1901,1511313135,6,0,0
1901,1510738550,7,0,0
1901,1504629198,8,0,0
1901,1510249432,9,0,0
1901,1495562500,10,0,0
1901,1501009107,11,0,0
1901,1500597179,12,0,0
1901,1508101566,13,0,0
1901,1508393927,14,0,0
1901,1504284134,15,0,0
1901,897047636,16,0,0
1901,2036169392,17,0,0
1901,910811667,18,0,0
1901,899811534,19,0,0
1901,894690799,20,0,0
1901,894696658,21,0,0
1901,909055580,22,0,0
1901,900454846,23,0,0
1901,895372118,24,0,0
1901,895212281,25,0,0
1901,909471785,26,0,0
1901,891926002,27,0,0
1901,905538536,28,0,0
1901,906580911,29,0,0
1901,937658165,30,0,0
1901,935710280,31,0,0
1901,935902790,32,0,0
1901,934919935,33,1,1
2000,1500174369,1,0,0
2000,1508696982,2,0,0
2000,1505330537,3,0,0
2000,1500257697,4,0,0
2000,1504273034,5,0,0
2000,1502113481,6,0,0
2000,1505803721,7,0,0
2000,1495053107,8,0,0
2000,1495972846,9,0,0
2000,1499789783,10,0,0
2000,1784710907,11,0,0
2000,304420266,12,0,0
2000,1931878106,13,0,0
2000,1940689610,14,0,0
2000,1937832958,15,0,0
2000,1937419201,16,0,0
2000,1842232611,17,0,0
2000,1841316840,18,0,0
2000,1844991828,19,0,0
2000,1844165399,20,1,1
2001,1844165398,1,0,0
2001,1844991828,2,0,0
2001,1841316839,3,0,0
2001,1842232610,4,0,0
2001,1937419202,5,0,0
2001,1937832959,6,0,0
2001,1940689609,7,0,0
2001,1931878107,8,0,0
2001,304420267,9,0,0
2001,1784710908,10,0,0
2001,1495547124,11,0,0
2001,1495972847,12,0,0
2001,1495053108,13,0,0
2001,1505803722,14,0,0
2001,1502113513,15,0,0
2001,1504273035,16,0,0
2001,1500257698,17,0,0
2001,1505330538,18,0,0
2001,1508696983,19,0,0
2001,1500174369,20,1,1
2100,907085871,1,0,0
2100,891687426,2,0,0
2100,897343965,3,0,0
2100,897358442,4,0,0
2100,900230964,5,0,0
2100,900230965,6,0,0
2100,897358443,7,0,0
2100,1496424951,8,0,0
2100,1499670309,9,0,0
2100,1500174369,10,1,1
2101,1499670310,1,0,0
2101,1496424951,2,0,0
2101,1500174369,3,0,0
2101,897358442,4,0,0
2101,900230964,5,0,0
2101,900230965,6,0,0
2101,897358443,7,0,0
2101,897343966,8,0,0
2101,891687427,9,0,0
2101,907085871,10,1,1
2200,378221248,1,0,0
2200,384320777,2,0,0
2200,378209343,3,0,0
2200,879984914,4,0,0
2200,878022025,5,0,0
2200,866824453,6,0,0
2200,879058697,7,0,0
2200,869712972,8,0,0
2200,1505212924,9,0,0
2200,1505749751,10,0,0
2200,1505212833,11,0,0
2200,1505212830,12,0,0
2200,1496301477,13,0,0
2200,1511252436,14,0,0
2200,1495473064,15,0,0
2200,1514679641,16,0,0
2200,1500174369,17,1,1
2200,1508205787,18,0,0
2200,1495472599,19,0,0
2200,1504883673,20,1,1
2201,1500174369,1,0,0
2201,1496424951,2,0,0
2201,1496291682,3,0,0
2201,1514679642,4,0,0
2201,1495473065,5,0,0
2201,1511310779,6,0,0
2201,1496288427,7,0,0
2201,1504883672,8,0,0
2201,1495472600,9,0,0
2201,1508205788,10,0,0
2201,1505212834,11,0,0
2201,1505749750,12,0,0
2201,1505212923,13,0,0
2201,869712971,14,0,0
2201,879058696,15,0,0
2201,866824452,16,0,0
2201,878022026,17,0,0
2201,879984915,18,0,0
2201,378209344,19,0,0
2201,384320776,20,0,0
2201,378221248,21,1,1
2300,1496005893,1,0,0
2300,1504287790,2,0,0
2300,1499165257,3,0,0
2300,1495466368,4,0,0
2300,1504276413,5,0,0
2300,1507978092,6,0,0
2300,1497311922,7,0,0
2300,1504905155,8,0,0
2300,1499163862,9,0,0
2300,1498750198,10,0,0
2300,1499167148,11,0,0
2300,1510249462,12,0,0
2300,1496181817,13,0,0
2300,1500588932,14,0,0
2300,1505228702,15,0,0
2300,1499789566,16,0,0
2300,1045611352,17,0,0
2300,1049323757,18,0,0
2300,1053435194,19,0,0
2300,1045612313,20,0,0
2300,1035780446,21,0,0
2300,1036386341,22,0,0
2300,1047476312,23,0,0
2300,1037626651,24,0,0
2300,1037726688,25,0,0
2300,1565742022,26,0,0
2300,1549955923,27,0,0
2300,1557841052,28,0,0
2300,1566158104,29,0,0
2300,1567970767,30,0,0
2300,1566157174,31,0,0
2300,1561965323,32,0,0
2300,1566153516,33,0,0
2300,1560114281,34,0,0
2300,1566153764,35,1,1
2301,1566153763,1,0,0
2301,1560114282,2,0,0
2301,1566153516,3,0,0
2301,1561965322,4,0,0
2301,1556917032,5,0,0
2301,1566155065,6,0,0
2301,1566158103,7,0,0
2301,1557841051,8,0,0
2301,1549955922,9,0,0
2301,1565742021,10,0,0
2301,1037726689,11,0,0
2301,1037626652,12,0,0
2301,1047476313,13,0,0
2301,1036386342,14,0,0
2301,1035780447,15,0,0
2301,1045612314,16,0,0
2301,1053435195,17,0,0
2301,1049323758,18,0,0
2301,1045611353,19,0,0
2301,1499789567,20,0,0
2301,1505228703,21,0,0
2301,1496181818,22,0,0
2301,1510249463,23,0,0
2301,1499167149,24,0,0
2301,1498750199,25,0,0
2301,1499163863,26,0,0
2301,1504905156,27,0,0
2301,1497311923,28,0,0
2301,1507978093,29,0,0
2301,1504276414,30,0,0
2301,1495466369,31,0,0
2301,1499165258,32,0,0
2301,1508696983,33,0,0
2301,1496424951,34,0,0
2301,1500174369,35,1,1
2400,1505212834,1,0,0
2400,1505749750,2,0,0
2400,1505212923,3,0,0
2400,1494470741,4,0,0
2400,1495473095,5,0,0
2400,1508205787,6,0,0
2400,1510864347,7,0,0
2400,1504288813,8,0,0
2400,1510409484,9,0,0
2400,1505322384,10,0,0
2400,1495472599,11,0,0
2400,1505330847,12,0,0
2400,1499785599,13,0,0
2400,1496172796,14,0,0
2400,1504392756,15,0,0
2400,1500273135,16,0,0
2400,1499058431,17,0,0
2400,1495054626,18,0,0
2400,1505214721,19,0,0
2400,1507103768,20,0,0
2400,1505631609,21,0,0
2400,1495044675,22,0,0
2400,1508516626,23,1,1
2401,1508516626,1,0,0
2401,1505691099,2,0,0
2401,1495971762,3,0,0
2401,1513755904,4,0,0
2401,1504282645,5,0,0
2401,1503479992,6,0,0
2401,1496168921,7,0,0
2401,1495556144,8,0,0
2401,1504282644,9,0,0
2401,1513755903,10,0,0
2401,1495971761,11,0,0
2401,1505691098,12,0,0
2401,1507981941,13,0,0
2401,1495044676,14,0,0
2401,1505631610,15,0,0
2401,1507103769,16,0,0
2401,1505214722,17,0,0
2401,1495054627,18,0,0
2401,1500273136,19,0,0
2401,1504392757,20,0,0
2401,1496172797,21,0,0
2401,1499785598,22,0,0
2401,1505330848,23,0,0
2401,1495472600,24,0,0
2401,1505322385,25,0,0
2401,1510409485,26,0,0
2401,1504288814,27,0,0
2401,1510864348,28,0,0
2401,1508205788,29,0,0
2401,1495473096,30,0,0
2401,1494470742,31,0,0
2401,1505212924,32,0,0
2401,1505749751,33,0,0
2401,1505212833,34,1,1
2500,1496231728,1,0,0
2500,1510066903,2,0,0
2500,1495961252,3,0,0
2500,1511125460,4,0,0
2500,1510230862,5,0,0
2500,1499670309,6,0,0
2500,1511252157,7,0,0
2500,1495166133,8,0,0
2500,1496893887,9,0,0
2500,1494621091,10,0,0
2500,1497016988,11,0,0
2500,1497313255,12,0,0
2500,1494442407,13,0,0
2500,1505446229,14,0,0
2500,1495039126,15,0,0
2500,1508103208,16,0,0
2500,1502854474,17,0,0
2500,1510065756,18,0,0
2500,1508399537,19,0,0
2500,1496394725,20,0,0
2500,1495461563,21,1,1
2501,1495461563,1,0,0
2501,1496394726,2,0,0
2501,1508399538,3,0,0
2501,1510065757,4,0,0
2501,1502854475,5,0,0
2501,1508103209,6,0,0
2501,1495039127,7,0,0
2501,1505446230,8,0,0
2501,1499789783,9,0,0
2501,1494442408,10,0,0
2501,1497313256,11,0,0
2501,1497016989,12,0,0
2501,1494621092,13,0,0
2501,1496893888,14,0,0
2501,1495166134,15,0,0
2501,1511252158,16,0,0
2501,1499670310,17,0,0
2501,1510230863,18,0,0
2501,1496389487,19,0,0
2501,1501012827,20,0,0
2501,1496231728,21,1,1
2600,1504629193,1,0,0
2600,1510738549,2,0,0
2600,1511313134,3,0,0
2600,1507971706,4,0,0
2600,1497020150,5,0,0
2600,1497020212,6,0,0
2600,1508394608,7,0,0
2600,1495052053,8,0,0
2600,1495052115,9,0,0
2600,1495052146,10,0,0
2600,1496301012,11,0,0
2600,1508086840,12,0,0
2600,1512093094,13,0,0
2600,1513525915,14,0,0
2600,1496291681,15,0,0
2600,1496005893,16,0,0
2600,1510066903,17,0,0
2600,1495961252,18,0,0
2600,1511125460,19,0,0
2600,1510230862,20,0,0
2600,1499670309,21,0,0
2600,1511252157,22,0,0
2600,1509944236,23,0,0
2600,1507297766,24,0,0
2600,1496172300,25,1,1
2601,1496172300,1,0,0
2601,1507297767,2,0,0
2601,1509944237,3,0,0
2601,1511252158,4,0,0
2601,1499670310,5,0,0
2601,1510230863,6,0,0
2601,1496389487,7,0,0
2601,1501012827,8,0,0
2601,1496424951,9,0,0
2601,1508293301,10,0,0
2601,1495977651,11,0,0
2601,1513523249,12,0,0
2601,1512093095,13,0,0
2601,1496301013,14,0,0
2601,1495052147,15,0,0
2601,1495052116,16,0,0
2601,1495052054,17,0,0
2601,1508394609,18,0,0
2601,1497020213,19,0,0
2601,1497020151,20,0,0
2601,1507971707,21,0,0
2601,1511313135,22,0,0
2601,1510738550,23,0,0
2601,1504629195,24,1,1
900300,1507982184,1,0,0
900300,1496216475,2,0,0
900300,1495971762,3,0,0
900300,1502543978,4,1,1
900301,1502543978,1,0,0
900301,1507982184,2,1,1
900500,1495977651,1,0,0
900500,1513525914,2,0,0
900500,1496291681,3,0,0
900500,1496005892,4,0,0
900500,1508696982,5,0,0
900500,1505330537,6,0,0
900500,1500257697,7,0,0
900500,1503028322,8,0,0
900500,1494622176,9,0,0
900500,1513755903,10,0,0
900500,1495971761,11,0,0
900500,1505691098,12,0,0
900500,1507981941,13,0,0
900500,1495044676,14,0,0
900500,1505212303,15,0,0
900500,1505631609,16,0,0
900500,1495044675,17,0,0
900500,1508516626,18,0,0
900500,1496216476,19,1,1
900501,1496216476,1,0,0
900501,1496504094,2,0,0
900501,1502113513,3,0,0
900501,1504273035,4,0,0
900501,1500257698,5,0,0
900501,1505330538,6,0,0
900501,1508696983,7,0,0
900501,1496424951,8,0,0
900501,1508293301,9,0,0
900501,1495977651,10,1,1
900600,1193435587,1,0,0
900600,1193555681,2,0,0
900600,1179703827,3,0,0
900600,1194755660,4,0,0
900600,1184504859,5,0,0
900600,1193470989,6,0,0
900600,1181968718,7,0,0
900600,1193978552,8,0,0
900600,1184319539,9,0,0
900600,1193533702,10,0,0
900600,1179701469,11,0,0
900600,1181551363,12,0,0
900600,1184517228,13,0,0
900600,1185256484,14,0,0
900600,1172616359,15,0,0
900600,1193858888,16,0,0
900600,1185321554,17,0,0
900600,1193662972,18,0,0
900600,1195284210,19,0,0
900600,1185540102,20,0,0
900600,1193734117,21,0,0
900600,1184633819,22,0,0
900600,1185662120,23,0,0
900600,1188938076,24,0,0
900600,1193357497,25,0,0
900600,1190976481,26,0,0
900600,1184740986,27,0,0
900600,1185168972,28,0,0
900600,1184650094,29,0,0
900600,1176308149,30,1,1
900601,1176308149,1,0,0
900601,1185168972,2,0,0
900601,1184650094,3,0,0
900601,1184740985,4,0,0
900601,1190976480,5,0,0
900601,1193357498,6,0,0
900601,1188938075,7,0,0
900601,1185662119,8,0,0
900601,1185540099,9,0,0
900601,1193734117,10,0,0
900601,1184633819,11,0,0
900601,1195284209,12,0,0
900601,1193662971,13,0,0
900601,1185321553,14,0,0
900601,1193858887,15,0,0
900601,1172616358,16,0,0
900601,1185256485,17,0,0
900601,1184517227,18,0,0
900601,1181551364,19,0,0
900601,1179701470,20,0,0
900601,1193533701,21,0,0
900601,1184319538,22,0,0
900601,1193978551,23,0,0
900601,1181968717,24,0,0
900601,1193470988,25,0,0
900601,1184504858,26,0,0
900601,1194755628,27,0,0
900601,1179703826,28,0,0
900601,1193555680,29,0,0
900601,1193435586,30,1,1
901500,1509289826,1,0,0
901500,1496231728,2,0,0
901500,1508400498,3,0,0
901500,1507982185,4,0,0
901500,1502543978,5,0,0
901500,1495550380,6,0,0
901500,1508295160,7,0,0
901500,1514679641,8,0,0
901500,1513525915,9,0,0
901500,1496291681,10,0,0
901500,1496005893,11,0,0
901500,1510066903,12,0,0
901500,1495961252,13,0,0
901500,1496396585,14,0,0
1000000,1504284134,1,0,0
1000000,1504284132,2,0,0
1000000,1508393926,3,0,0
1000000,1508101565,4,0,0
1000000,1505625130,5,0,0
1000000,1500597178,6,0,0
1000000,1501009106,7,0,0
1000000,1495562499,8,0,0
1000000,1510249431,9,0,0
1000000,1504629195,10,0,0
1000000,1499908513,11,0,0
1000000,1504408349,12,0,0
1000000,1508128473,13,0,0
1000000,1500917160,14,0,0
1000000,1513525914,15,0,0
1000000,1496291681,16,0,0
1000000,1496005892,17,0,0
1000000,1508696982,18,0,0
1000000,1505330537,19,0,0
1000000,1500257697,20,0,0
1000000,1503028322,21,0,0
1000000,1494622176,22,0,0
1000000,1513755903,23,0,0
1000000,1495971761,24,0,0
1000000,1505691098,25,0,0
1000000,1508516624,26,0,0
1000000,1496395221,27,0,0
1000000,1503025997,28,0,0
1000000,1510051992,29,0,0
1000000,1498749609,30,0,0
1000000,1511781114,31,0,0
1000000,1511779252,32,1,1
1000001,1511779253,1,0,0
1000001,1511781115,2,0,0
1000001,1498749610,3,0,0
1000001,1510051993,4,0,0
1000001,1503025998,5,0,0
1000001,1496395222,6,0,0
1000001,1508516627,7,0,0
1000001,1505691099,8,0,0
1000001,1495971762,9,0,0
1000001,1513755904,10,0,0
1000001,1494622177,11,0,0
1000001,1503028323,12,0,0
1000001,1500257698,13,0,0
1000001,1505330538,14,0,0
1000001,1508696983,15,0,0
1000001,1496424951,16,0,0
1000001,1508293301,17,0,0
1000001,1495977651,18,0,0
1000001,1513523249,19,0,0
1000001,1500917161,20,0,0
1000001,1508128474,21,0,0
1000001,1495052581,22,0,0
1000001,1504408350,23,0,0
1000001,1499908514,24,0,0
1000001,1504629196,25,0,0
1000001,1510249432,26,0,0
1000001,1495562500,27,0,0
1000001,1501009107,28,0,0
1000001,1500597179,29,0,0
1000001,1505625131,30,0,0
1000001,1508101566,31,0,0
1000001,1508393927,32,0,0
1000001,1504284133,33,1,1
2000000,1510247077,1,0,0
2000000,1505212830,2,0,0
2000000,1508205787,3,0,0
2000000,1510864347,4,0,0
2000000,1504288813,5,0,0
2000000,1510409484,6,0,0
2000000,1505322384,7,0,0
2000000,1495472599,8,0,0
2000000,1505330847,9,0,0
2000000,1495977620,10,0,0
2000000,1495473064,11,0,0
2000000,1514679641,12,0,0
2000000,1513525915,13,0,0
2000000,1496291681,14,0,0
2000000,1496005893,15,0,0
2000000,1510066903,16,0,0
2000000,1495961252,17,0,0
2000000,1511125460,18,0,0
2000000,1510230862,19,0,0
2000000,1499670309,20,0,0
2000000,1494143600,21,0,0
2000000,1509820829,22,0,0
2000000,1497826739,23,0,0
2000000,1499670712,24,0,0
2000000,1509939493,25,0,0
2000000,1496514261,26,1,1
2000001,1496514261,1,0,0
2000001,1509939494,2,0,0
2000001,1499670713,3,0,0
2000001,1497826740,4,0,0
2000001,1509820830,5,0,0
2000001,1494143599,6,0,0
2000001,1499670310,7,0,0
2000001,1510230863,8,0,0
2000001,1496389487,9,0,0
2000001,1501012827,10,0,0
2000001,1496424951,11,0,0
2000001,1494619356,12,0,0
2000001,1495977652,13,0,0
2000001,1514679642,14,0,0
2000001,1495473065,15,0,0
2000001,1495977621,16,0,0
2000001,1505330848,17,0,0
2000001,1495472600,18,0,0
2000001,1505322385,19,0,0
2000001,1510409485,20,0,0
2000001,1504288814,21,0,0
2000001,1510864348,22,0,0
2000001,1508205788,23,0,0
2000001,1495989959,24,0,0
2000001,1505212831,25,0,0
2000001,1510247075,26,1,1
2900200,1164928173,1,0,0
2900200,1165112003,2,0,0
2900200,2109321145,3,0,0
2900200,2097251078,4,0,0
2900200,2105723037,5,0,0
2900200,2097304181,6,0,0
2900200,1645192713,7,0,0
2900200,1636639999,8,0,0
2900200,1500174369,9,1,1
2900201,1500174369,1,0,0
2900201,1636639998,2,0,0
2900201,1645192713,3,0,0
2900201,2097304182,4,0,0
2900201,2105723038,5,0,0
2900201,2097251079,6,0,0
2900201,2109321146,7,0,0
2900201,1165112002,8,0,0
2900201,1164928172,9,1,1
2900300,1193533702,1,0,0
2900300,1195208322,2,0,0
2900300,1185256485,3,0,0
2900300,1185545436,4,0,0
2900300,1185540102,5,0,0
2900300,1191531505,6,0,0
2900300,1184328035,7,0,0
2900300,1185548753,8,0,0
2900300,1190976481,9,0,0
2900300,1193357498,10,0,0
2900300,1185440036,11,0,0
2900300,1193563152,12,0,0
2900300,1189361877,13,0,0
2900300,1178636993,14,0,0
2900300,1496231728,15,1,1
2900301,1496424951,1,0,0
2900301,1178636992,2,0,0
2900301,1189361876,3,0,0
2900301,1193563151,4,0,0
2900301,1185440035,5,0,0
2900301,1193357497,6,0,0
2900301,1190976480,7,0,0
2900301,1185548752,8,0,0
2900301,1184328034,9,0,0
2900301,1191531504,10,0,0
2900301,1185540101,11,0,0
2900301,1185545435,12,0,0
2900301,1185256484,13,0,0
2900301,1195208321,14,0,0
2900301,1193533701,15,1,1
2900400,1496005893,1,0,0
2900400,1045611352,2,0,0
2900400,1049323757,3,0,0
2900400,1053435194,4,0,0
2900400,1045612313,5,0,0
2900400,1035780446,6,0,0
2900400,1036386341,7,0,0
2900400,1566155065,8,0,0
2900400,1567970767,9,0,0
2900400,1566157174,10,0,0
2900400,1561965323,11,0,0
2900400,1566153516,12,0,0
2900400,1560114281,13,0,0
2900400,1566153764,14,1,1
2900401,1566153763,1,0,0
2900401,1560114282,2,0,0
2900401,1566153516,3,0,0
2900401,1561965322,4,0,0
2900401,1556917032,5,0,0
2900401,1036386342,6,0,0
2900401,1035780447,7,0,0
2900401,1045612314,8,0,0
2900401,1053435195,9,0,0
2900401,1049323758,10,0,0
2900401,1045611353,11,0,0
2900401,1496231728,12,1,1
2900500,1265713521,1,0,0
2900500,1278160269,2,0,0
2900500,1269624107,3,0,0
2900500,1271816212,4,0,0
2900500,1282573646,5,0,0
2900500,1265725425,6,0,0
2900500,1281055886,7,0,0
2900500,1265713986,8,0,0
2900500,1265725115,9,0,0
2900500,1358472783,10,0,0
2900500,1358901203,11,0,0
2900500,1350348489,12,0,0
2900500,1355713690,13,0,0
2900500,1368127578,14,0,0
2900500,1496231728,15,0,0
2900500,1499670309,16,1,1
2900501,1499670310,1,0,0
2900501,1496424951,2,0,0
2900501,1368127577,3,0,0
2900501,1355713689,4,0,0
2900501,1350348488,5,0,0
2900501,1358901202,6,0,0
2900501,1358472782,7,0,0
2900501,1265725114,8,0,0
2900501,1265713985,9,0,0
2900501,1281055885,10,0,0
2900501,1265725424,11,0,0
2900501,1282573645,12,0,0
2900501,1271816211,13,0,0
2900501,1269624106,14,0,0
2900501,1278160268,15,0,0
2900501,1265713521,16,1,1
2900600,1779372290,1,0,0
2900600,1795179717,2,0,0
2900600,1779860850,3,0,0
2900600,1796118428,4,0,0
2900600,2080691312,5,0,0
2900600,2076869012,6,0,0
2900600,2076990935,7,0,0
2900600,2068560640,8,0,0
2900600,2077288256,9,0,0
2900600,1500174369,10,0,0
2900600,1496231728,11,1,1
2900601,1496231728,1,0,0
2900601,1500174369,2,0,0
2900601,2077288257,3,0,0
2900601,2076990936,4,0,0
2900601,2076869013,5,0,0
2900601,2080691313,6,0,0
2900601,1796118429,7,0,0
2900601,1779860851,8,0,0
2900601,1795179718,9,0,0
2900601,1779372291,10,1,1
2900900,211235204,1,0,0
2900900,209050015,2,0,0
2900900,210376908,3,0,0
2900900,895372118,4,0,0
2900900,900454847,5,0,0
2900900,894696659,6,0,0
2900900,894690800,7,0,0
2900900,1500174369,8,0,0
2900900,1496231728,9,1,1
2900901,1496231728,1,0,0
2900901,1500174369,2,0,0
2900901,894690799,3,0,0
2900901,894696658,4,0,0
2900901,900454846,5,0,0
2900901,895372118,6,0,0
2900901,210376907,7,0,0
2900901,209050014,8,0,0
2900901,211235205,9,1,1
2901200,1135519815,1,0,0
2901200,1134422415,2,0,0
2901200,1131515266,3,0,0
2901200,1138537789,4,0,0
2901200,1130258278,5,0,0
2901200,1130072836,6,0,0
2901200,1139319950,7,0,0
2901200,1122271035,8,0,0
2901200,1140991563,9,0,0
2901200,2040848952,10,0,0
2901200,2038078761,11,0,0
2901200,2038876143,12,0,0
2901200,2044196084,13,0,0
2901200,2052792260,14,0,0
2901200,1496231728,15,1,1
2901201,1496231728,1,0,0
2901201,2052792259,2,0,0
2901201,2044196083,3,0,0
2901201,2038876142,4,0,0
2901201,2038078760,5,0,0
2901201,2040848951,6,0,0
2901201,1140991564,7,0,0
2901201,1122271036,8,0,0
2901201,1139319951,9,0,0
2901201,1130072837,10,0,0
2901201,1130258279,11,0,0
2901201,1138537790,12,0,0
2901201,1131515267,13,0,0
2901201,1134422416,14,0,0
2901201,1135519816,15,1,1
3000000,1510748903,1,0,0
3000000,1497018786,2,0,0
3000000,1508397150,3,0,0
3000000,1513642567,4,0,0
3000000,1498154936,5,0,0
3000000,1504283018,6,0,0
3000000,1504282024,7,0,0
3000000,1500917160,8,0,0
3000000,1513525915,9,0,0
3000000,1496291681,10,0,0
3000000,1496005893,11,0,0
3000000,1510066903,12,0,0
3000000,1495961252,13,0,0
3000000,1511125460,14,0,0
3000000,1510230862,15,0,0
3000000,1499670309,16,0,0
3000000,1511252157,17,0,0
3000000,1509944236,18,0,0
3000000,1507297766,19,0,0
3000000,1495038227,20,0,0
3000000,1494746021,21,0,0
3000000,1506726994,22,0,0
3000000,1496504093,23,0,0
3000000,1496216475,24,0,0
3000000,1505691099,25,0,0
3000000,1495971762,26,0,0
3000000,1513755904,27,0,0
3000000,1511780925,28,0,0
3000000,865681071,29,0,0
3000000,1499058432,30,1,1
3000001,1499058432,1,0,0
3000001,1511780924,2,0,0
3000001,1513755903,3,0,0
3000001,1495971761,4,0,0
3000001,1505691098,5,0,0
3000001,1496216476,6,0,0
3000001,1496504094,7,0,0
3000001,1506726995,8,0,0
3000001,1494746022,9,0,0
3000001,1495038228,10,0,0
3000001,1507297767,11,0,0
3000001,1509944237,12,0,0
3000001,1511252158,13,0,0
3000001,1499670310,14,0,0
3000001,1510230863,15,0,0
3000001,1496389487,16,0,0
3000001,1501012827,17,0,0
3000001,1496424951,18,0,0
3000001,1508293301,19,0,0
3000001,1495977651,20,0,0
3000001,1513523249,21,0,0
3000001,1500917161,22,0,0
3000001,1504282027,23,0,0
3000001,1504283019,24,0,0
3000001,1498154937,25,0,0
3000001,1513642568,26,0,0
3000001,1508397151,27,0,0
3000001,1497018787,28,0,0
3000001,1510748904,29,1,1
4000000,1495052147,1,0,0
4000000,1495052116,2,0,0
4000000,1495052054,3,0,0
4000000,1496424951,4,0,0
4000000,1504287790,5,0,0
4000000,1509946592,6,0,0
4000000,1494623416,7,0,0
4000000,1504273034,8,0,0
4000000,1502113481,9,0,0
4000000,1505803721,10,0,0
4000000,1495053107,11,0,0
4000000,1495972846,12,0,0
4000000,1494442407,13,0,0
4000000,1499789783,14,0,0
4000000,1495547124,15,0,0
4000000,1507999700,16,0,0
4000000,1496393827,17,0,0
4000000,1508102591,18,0,0
4000000,1512096443,19,1,1
4000000,1508102589,20,0,0
4000000,1505809674,21,0,0
4000000,1495556765,22,0,0
4000000,1495044273,23,1,1
4000001,1495044272,1,0,0
4000001,1495556764,2,0,0
4000001,1505809673,3,0,0
4000001,1508102588,4,0,0
4000001,1512096442,5,0,0
4000001,1508102590,6,0,0
4000001,1496393826,7,0,0
4000001,1507999699,8,0,0
4000001,1495547123,9,0,0
4000001,1494442408,10,0,0
4000001,1499789783,11,0,0
4000001,1495972847,12,0,0
4000001,1495053108,13,0,0
4000001,1505803722,14,0,0
4000001,1502113513,15,0,0
4000001,1504273035,16,0,0
4000001,1494623417,17,0,0
4000001,1509946593,18,0,0
4000001,1511313662,19,0,0
4000001,1508696983,20,0,0
4000001,1496424951,21,0,0
4000001,1496301013,22,0,0
4000001,1495052147,23,1,1
