300,'0_6',701,,64083,17,,,0,29,,64084,17,,,0,28,,64085,17,,,0,70,,64086,17,,,0,75,,64087,17,,,0,32,,64088,17,,,0,75,,64089,17,,,0,34,,64090,17,,,0,72,,64091,17,,,0,33,,64082,17,,,0,73,,64081,17,,,0,33,,64080,17,,,0,72,,64079,17,,,0,31,,64057,17,,,0,68,,64058,17,,,0,29,,64059,17,,,0,68,,64060,17,,,0,28,,64061,17,,,0,68,,64062,17,,,0,32,,64063,17,,,0,68,,64064,17,,,0,27,,64065,17,,,0,68,,64066,17,,,0,29,,64067,17,,,0,67,,64068,17,,,0,26,,64069,17,,,0,66,,64070,17,,,0,24,,64071,17,,,0,24,,64093,17,,,0,66,,64092,17,,,0,24,,64072,5,,,0,70,,64073,5,,,0,30,,64074,5,,,0,70,,64075,5,,,0,30,,64076,5,,,0,70,,64077,5,,,0,30,,64078,5,,,0
300,'1_7',903,,64116,17,,,0,32,,64117,17,,,0,75,,64118,17,,,0,34,,64119,17,,,0,72,,64110,17,,,0,33,,64115,17,,,0,73,,64114,17,,,0,33,,64113,17,,,0,72,,64112,17,,,0,31,,64094,17,,,0,68,,64095,17,,,0,29,,64096,17,,,0,68,,64097,17,,,0,28,,64098,17,,,0,68,,64099,17,,,0,32,,64100,17,,,0,68,,64101,17,,,0,27,,64102,17,,,0,68,,64103,17,,,0,29,,64104,17,,,0,67,,64105,17,,,0,26,,64106,17,,,0,66,,64107,17,,,0,24,,64108,17,,,0,24,,64111,17,,,0,66,,64109,17,,,0
300,'2_1',701,,64139,17,,,0,29,,64140,17,,,0,28,,64141,17,,,0,70,,64142,17,,,0,75,,64143,17,,,0,32,,64144,17,,,0,75,,64145,17,,,0,34,,64146,17,,,0,72,,64147,17,,,0,33,,64138,17,,,0,73,,64137,17,,,0,33,,64136,17,,,0,72,,64135,17,,,0,31,,64120,17,,,0,68,,64121,17,,,0,29,,64122,17,,,0,68,,64123,17,,,0,28,,64124,17,,,0,68,,64125,17,,,0,32,,64126,17,,,0,68,,64127,17,,,0,27,,64128,17,,,0,68,,64129,17,,,0,29,,64130,17,,,0,67,,64131,17,,,0,26,,64132,17,,,0,66,,64133,17,,,0,24,,64134,17,,,0,24,,64149,17,,,0,66,,64148,17,,,0
300,'2_2',701,,64169,17,,,0,29,,64170,17,,,0,28,,64171,17,,,0,70,,64172,17,,,0,75,,64173,17,,,0,32,,64174,17,,,0,75,,64175,17,,,0,34,,64176,17,,,0,72,,64177,17,,,0,33,,64168,17,,,0,73,,64167,17,,,0,33,,64166,17,,,0,72,,64165,17,,,0,31,,64150,17,,,0,68,,64151,17,,,0,29,,64152,17,,,0,68,,64153,17,,,0,28,,64154,17,,,0,68,,64155,17,,,0,32,,64156,17,,,0,68,,64157,17,,,0,27,,64158,17,,,0,68,,64159,17,,,0,29,,64160,17,,,0,67,,64161,17,,,0,26,,64162,17,,,0,66,,64163,17,,,0,24,,64164,17,,,0,24,,64179,17,,,0,66,,64178,17,,,0
300,'2_3',701,,64199,17,,,0,29,,64200,17,,,0,28,,64201,17,,,0,70,,64202,17,,,0,75,,64203,17,,,0,32,,64204,17,,,0,75,,64205,17,,,0,34,,64206,17,,,0,72,,64207,17,,,0,33,,64198,17,,,0,73,,64197,17,,,0,33,,64196,17,,,0,72,,64195,17,,,0,31,,64180,17,,,0,68,,64181,17,,,0,29,,64182,17,,,0,68,,64183,17,,,0,28,,64184,17,,,0,68,,64185,17,,,0,32,,64186,17,,,0,68,,64187,17,,,0,27,,64188,17,,,0,68,,64189,17,,,0,29,,64190,17,,,0,67,,64191,17,,,0,26,,64192,17,,,0,66,,64193,17,,,0,24,,64194,17,,,0,24,,64209,17,,,0,66,,64208,17,,,0
300,'2_4',701,,64229,17,,,0,29,,64230,17,,,0,28,,64231,17,,,0,70,,64232,17,,,0,75,,64233,17,,,0,32,,64234,17,,,0,75,,64235,17,,,0,34,,64236,17,,,0,72,,64237,17,,,0,33,,64228,17,,,0,73,,64227,17,,,0,33,,64226,17,,,0,72,,64225,17,,,0,31,,64210,17,,,0,68,,64211,17,,,0,29,,64212,17,,,0,68,,64213,17,,,0,28,,64214,17,,,0,68,,64215,17,,,0,32,,64216,17,,,0,68,,64217,17,,,0,27,,64218,17,,,0,68,,64219,17,,,0,29,,64220,17,,,0,67,,64221,17,,,0,26,,64222,17,,,0,66,,64223,17,,,0,24,,64224,17,,,0,24,,64239,17,,,0,66,,64238,17,,,0
300,'2_5',701,,64266,17,,,0,29,,64267,17,,,0,28,,64268,17,,,0,70,,64269,17,,,0,75,,64270,17,,,0,32,,64271,17,,,0,75,,64272,17,,,0,34,,64273,17,,,0,72,,64274,17,,,0,33,,64265,17,,,0,73,,64264,17,,,0,33,,64263,17,,,0,72,,64262,17,,,0,31,,64240,17,,,0,68,,64241,17,,,0,29,,64242,17,,,0,68,,64243,17,,,0,28,,64244,17,,,0,68,,64245,17,,,0,32,,64246,17,,,0,68,,64247,17,,,0,27,,64248,17,,,0,68,,64249,17,,,0,29,,64250,17,,,0,67,,64251,17,,,0,26,,64252,17,,,0,66,,64253,17,,,0,24,,64254,17,,,0,24,,64276,17,,,0,66,,64275,17,,,0,24,,64255,5,,,0,70,,64256,5,,,0,30,,64257,5,,,0,70,,64258,5,,,0,30,,64259,5,,,0,70,,64260,5,,,0,30,,64261,5,,,0
300,'3_1',701,,64296,17,,,0,29,,64297,17,,,0,28,,64298,17,,,0,70,,64299,17,,,0,75,,64300,17,,,0,32,,64301,17,,,0,75,,64302,17,,,0,34,,64303,17,,,0,72,,64304,17,,,0,33,,64295,17,,,0,73,,64294,17,,,0,33,,64293,17,,,0,72,,64292,17,,,0,31,,64277,17,,,0,68,,64278,17,,,0,29,,64279,17,,,0,68,,64280,17,,,0,28,,64281,17,,,0,68,,64282,17,,,0,32,,64283,17,,,0,68,,64284,17,,,0,27,,64285,17,,,0,68,,64286,17,,,0,29,,64287,17,,,0,67,,64288,17,,,0,26,,64289,17,,,0,66,,64290,17,,,0,24,,64291,17,,,0,24,,64306,17,,,0,66,,64305,17,,,0
300,'3_3',701,,64326,17,,,0,29,,64327,17,,,0,28,,64328,17,,,0,70,,64329,17,,,0,75,,64330,17,,,0,32,,64331,17,,,0,75,,64332,17,,,0,34,,64333,17,,,0,72,,64334,17,,,0,33,,64325,17,,,0,73,,64324,17,,,0,33,,64323,17,,,0,72,,64322,17,,,0,31,,64307,17,,,0,68,,64308,17,,,0,29,,64309,17,,,0,68,,64310,17,,,0,28,,64311,17,,,0,68,,64312,17,,,0,32,,64313,17,,,0,68,,64314,17,,,0,27,,64315,17,,,0,68,,64316,17,,,0,29,,64317,17,,,0,67,,64318,17,,,0,26,,64319,17,,,0,66,,64320,17,,,0,24,,64321,17,,,0,24,,64336,17,,,0,66,,64335,17,,,0
300,'3_4',701,,64356,17,,,0,29,,64357,17,,,0,28,,64358,17,,,0,70,,64359,17,,,0,75,,64360,17,,,0,32,,64361,17,,,0,75,,64362,17,,,0,34,,64363,17,,,0,72,,64364,17,,,0,33,,64355,17,,,0,73,,64354,17,,,0,33,,64353,17,,,0,72,,64352,17,,,0,31,,64337,17,,,0,68,,64338,17,,,0,29,,64339,17,,,0,68,,64340,17,,,0,28,,64341,17,,,0,68,,64342,17,,,0,32,,64343,17,,,0,68,,64344,17,,,0,27,,64345,17,,,0,68,,64346,17,,,0,29,,64347,17,,,0,67,,64348,17,,,0,26,,64349,17,,,0,66,,64350,17,,,0,24,,64351,17,,,0,24,,64366,17,,,0,66,,64365,17,,,0
300,'3_5',701,,64393,17,,,0,29,,64394,17,,,0,28,,64395,17,,,0,70,,64396,17,,,0,75,,64397,17,,,0,32,,64398,17,,,0,75,,64399,17,,,0,34,,64400,17,,,0,72,,64401,17,,,0,33,,64392,17,,,0,73,,64391,17,,,0,33,,64390,17,,,0,72,,64389,17,,,0,31,,64367,17,,,0,68,,64368,17,,,0,29,,64369,17,,,0,68,,64370,17,,,0,28,,64371,17,,,0,68,,64372,17,,,0,32,,64373,17,,,0,68,,64374,17,,,0,27,,64375,17,,,0,68,,64376,17,,,0,29,,64377,17,,,0,67,,64378,17,,,0,26,,64379,17,,,0,66,,64380,17,,,0,24,,64381,17,,,0,24,,64403,17,,,0,66,,64402,17,,,0,24,,64382,5,,,0,70,,64383,5,,,0,30,,64384,5,,,0,70,,64385,5,,,0,30,,64386,5,,,0,70,,64387,5,,,0,30,,64388,5,,,0
300,'4_7',701,,64423,17,,,0,29,,64424,17,,,0,28,,64425,17,,,0,70,,64426,17,,,0,75,,64427,17,,,0,32,,64428,17,,,0,75,,64429,17,,,0,34,,64430,17,,,0,72,,64431,17,,,0,33,,64422,17,,,0,73,,64421,17,,,0,33,,64420,17,,,0,72,,64419,17,,,0,31,,64404,17,,,0,68,,64405,17,,,0,29,,64406,17,,,0,68,,64407,17,,,0,28,,64408,17,,,0,68,,64409,17,,,0,32,,64410,17,,,0,68,,64411,17,,,0,27,,64412,17,,,0,68,,64413,17,,,0,29,,64414,17,,,0,67,,64415,17,,,0,26,,64416,17,,,0,66,,64417,17,,,0,24,,64418,17,,,0,24,,64433,17,,,0,66,,64432,17,,,0
2200,'0_6',1005,,67568,5,,,0,120,,67569,5,,,0,131,,67570,5,,,0,256,,67571,5,,,0,143,,67572,5,,,0,168,,67573,5,,,0,125,,67574,5,,,0
2200,'1_7',1336,,67575,5,,,0,120,,67576,5,,,0,160,,67577,5,,,0,120,,67578,5,,,0,120,,67579,5,,,0
2200,'2_1',1005,,67580,5,,,0,120,,67581,5,,,0,131,,67582,5,,,0,256,,67583,5,,,0,143,,67584,5,,,0,168,,67585,5,,,0,125,,67586,5,,,0
2200,'2_2',1005,,67587,5,,,0,120,,67588,5,,,0,131,,67589,5,,,0,256,,67590,5,,,0,143,,67591,5,,,0,168,,67592,5,,,0,125,,67593,5,,,0
2200,'2_3',1005,,67594,5,,,0,120,,67595,5,,,0,131,,67596,5,,,0,256,,67597,5,,,0,143,,67598,5,,,0,168,,67599,5,,,0,125,,67600,5,,,0
2200,'2_4',1005,,67601,5,,,0,120,,67602,5,,,0,131,,67603,5,,,0,256,,67604,5,,,0,143,,67605,5,,,0,168,,67606,5,,,0,125,,67607,5,,,0
2200,'2_5',1005,,67608,5,,,0,120,,67609,5,,,0,131,,67610,5,,,0,256,,67611,5,,,0,143,,67612,5,,,0,168,,67613,5,,,0,125,,67614,5,,,0
2200,'3_1',1005,,67615,5,,,0,120,,67616,5,,,0,131,,67617,5,,,0,256,,67618,5,,,0,143,,67619,5,,,0,168,,67620,5,,,0,125,,67621,5,,,0
2200,'3_3',1005,,67622,5,,,0,120,,67623,5,,,0,131,,67624,5,,,0,256,,67625,5,,,0,143,,67626,5,,,0,168,,67627,5,,,0,125,,67628,5,,,0
2200,'3_4',1005,,67629,5,,,0,120,,67630,5,,,0,131,,67631,5,,,0,256,,67632,5,,,0,143,,67633,5,,,0,168,,67634,5,,,0,125,,67635,5,,,0
2200,'3_5',1005,,67636,5,,,0,120,,67637,5,,,0,131,,67638,5,,,0,256,,67639,5,,,0,143,,67640,5,,,0,168,,67641,5,,,0,125,,67642,5,,,0
2200,'4_7',1336,,67643,5,,,0,120,,67644,5,,,0,160,,67645,5,,,0,120,,67646,5,,,0,120,,67647,5,,,0
900600,'0_6',857,,68268,26,,,0,170,,68270,26,,,0,125,,68271,26,,,0,175,,68272,26,,,0,120,,68273,26,,,0,175,,68274,26,,,0,130,,68275,26,,,0,169,,68269,26,,,0
900600,'2_1',857,,68276,26,,,0,170,,68278,26,,,0,125,,68279,26,,,0,175,,68280,26,,,0,120,,68281,26,,,0,175,,68282,26,,,0,130,,68283,26,,,0,169,,68277,26,,,0
900600,'2_2',857,,68284,26,,,0,170,,68286,26,,,0,125,,68287,26,,,0,175,,68288,26,,,0,120,,68289,26,,,0,175,,68290,26,,,0,130,,68291,26,,,0,169,,68285,26,,,0
900600,'2_3',857,,68292,26,,,0,170,,68294,26,,,0,125,,68295,26,,,0,175,,68296,26,,,0,120,,68297,26,,,0,175,,68298,26,,,0,130,,68299,26,,,0,169,,68293,26,,,0
900600,'2_4',857,,68300,26,,,0,170,,68302,26,,,0,125,,68303,26,,,0,175,,68304,26,,,0,120,,68305,26,,,0,175,,68306,26,,,0,130,,68307,26,,,0,169,,68301,26,,,0
900600,'2_5',857,,68308,26,,,0,170,,68310,26,,,0,125,,68311,26,,,0,175,,68312,26,,,0,120,,68313,26,,,0,175,,68314,26,,,0,130,,68315,26,,,0,169,,68309,26,,,0
900600,'3_1',857,,68316,26,,,0,170,,68318,26,,,0,125,,68319,26,,,0,175,,68320,26,,,0,120,,68321,26,,,0,175,,68322,26,,,0,130,,68323,26,,,0,169,,68317,26,,,0
900600,'3_3',857,,68324,26,,,0,170,,68326,26,,,0,125,,68327,26,,,0,175,,68328,26,,,0,120,,68329,26,,,0,175,,68330,26,,,0,130,,68331,26,,,0,169,,68325,26,,,0
900600,'3_4',857,,68332,26,,,0,170,,68334,26,,,0,125,,68335,26,,,0,175,,68336,26,,,0,120,,68337,26,,,0,175,,68338,26,,,0,130,,68339,26,,,0,169,,68333,26,,,0
900600,'3_5',857,,68340,26,,,0,170,,68342,26,,,0,125,,68343,26,,,0,175,,68344,26,,,0,120,,68345,26,,,0,175,,68346,26,,,0,130,,68347,26,,,0,169,,68341,26,,,0
