200,'1_3',656,,48283,5,0,35 37,0,52,,48289,5,0,9 10,0,102,,48317,5,0,38,0,15,,48321,5,0,9 10,0,86,,48294,5,0,35 37,0,90,,48297,5,0,34,0,109,,48298,5,0,34,0,121,,48306,5,0,35 37,0,89,,48286,5,0,35 37,0,100,,48307,5,0,35 37,0,30,,48296,5,0,34,0,92,,48308,5,0,35 37,0,58,,48314,5,0,34,0,53,,48319,5,0,38,0,66,,48291,5,0,38,0,36,,48292,5,0,38,0,73,,48320,5,0,38,0,76,,48288,5,0,35 37,0
200,'2_6',722,,30378,5,0,35 37,0,104,,30379,5,0,35 37,0,80,,30369,5,0,34,0,131,,30381,5,0,35 37,0,110,,30382,5,0,35 37,0,160,,30395,5,0,38,0,39,,30384,5,0,35 37,0,103,,30385,5,0,35 37,0,151,,30386,5,0,35 37,0,100,,30387,5,0,35 37,0,56,,30401,5,0,35 37,0,158,,30389,5,0,34,0
200,'3_7',919,,30402,5,0,38,0,125,,30403,5,0,38,0,165,,30404,5,0,38,0,110,,30405,5,0,38,0,125,,30406,5,0,38,0,165,,30407,5,0,38,0,125,,30408,5,0,38,0,125,,30409,5,0,38,0
200,'4_7',919,,46710,5,0,38,0,125,,46711,5,0,38,0,165,,46712,5,0,38,0,110,,46713,5,0,38,0,125,,46714,5,0,38,0,165,,46715,5,0,38,0,125,,46716,5,0,38,0,125,,46717,5,0,38,0
200,'6_2',659,,43724,5,0,35 37,0,52,,43723,5,0,9 10,0,100,,43721,5,0,38,0,15,,43722,5,0,9 10,0,84,,43718,5,0,35 37,0,92,,43716,5,0,34,0,108,,43708,5,0,34,0,123,,43712,5,0,35 37,0,88,,43701,5,0,35 37,0,100,,43702,5,0,35 37,0,30,,43704,5,0,34,0,92,,43706,5,0,35 37,0,58,,43697,5,0,34,0,54,,43699,5,0,38,0,65,,43694,5,0,38,0,36,,43692,5,0,38,0,72,,43695,5,0,38,0,76,,43689,5,0,35 37,0
200,'6_3',659,,43763,5,0,35 37,0,52,,43762,5,0,9 10,0,100,,43760,5,0,38,0,15,,43761,5,0,9 10,0,84,,43757,5,0,35 37,0,92,,43755,5,0,34,0,108,,43747,5,0,34,0,123,,43751,5,0,35 37,0,88,,43740,5,0,35 37,0,100,,43741,5,0,35 37,0,30,,43743,5,0,34,0,92,,43745,5,0,35 37,0,58,,43736,5,0,34,0,54,,43738,5,0,38,0,65,,43733,5,0,38,0,36,,43731,5,0,38,0,72,,43734,5,0,38,0,76,,43728,5,0,35 37,0
200,'6_4',659,,43802,5,0,35 37,0,52,,43801,5,0,9 10,0,100,,43799,5,0,38,0,15,,43800,5,0,9 10,0,84,,43796,5,0,35 37,0,92,,43794,5,0,34,0,108,,43786,5,0,34,0,123,,43790,5,0,35 37,0,88,,43779,5,0,35 37,0,100,,43780,5,0,35 37,0,30,,43782,5,0,34,0,92,,43784,5,0,35 37,0,58,,43775,5,0,34,0,54,,43777,5,0,38,0,65,,43772,5,0,38,0,36,,43770,5,0,38,0,72,,43773,5,0,38,0,76,,43767,5,0,35 37,0
200,'7_1',656,,46718,5,0,35 37,0,52,,46724,5,0,9 10,0,102,,46752,5,0,38,0,15,,46756,5,0,9 10,0,86,,46729,5,0,35 37,0,90,,46732,5,0,34,0,109,,46733,5,0,34,0,121,,46741,5,0,35 37,0,89,,46721,5,0,35 37,0,100,,46742,5,0,35 37,0,30,,46731,5,0,34,0,92,,46743,5,0,35 37,0,58,,46749,5,0,34,0,53,,46754,5,0,38,0,66,,46726,5,0,38,0,36,,46727,5,0,38,0,73,,46755,5,0,38,0,76,,46723,5,0,35 37,0
200,'7_2',656,,48322,5,0,35 37,0,52,,48328,5,0,9 10,0,102,,48356,5,0,38,0,15,,48360,5,0,9 10,0,86,,48333,5,0,35 37,0,90,,48336,5,0,34,0,109,,48337,5,0,34,0,121,,48345,5,0,35 37,0,89,,48325,5,0,35 37,0,100,,48346,5,0,35 37,0,30,,48335,5,0,34,0,92,,48347,5,0,35 37,0,58,,48353,5,0,34,0,53,,48358,5,0,38,0,66,,48330,5,0,38,0,36,,48331,5,0,38,0,73,,48359,5,0,38,0,76,,48327,5,0,35 37,0
200,'7_4',656,,48361,5,0,35 37,0,52,,48367,5,0,9 10,0,102,,48395,5,0,38,0,15,,48399,5,0,9 10,0,86,,48372,5,0,35 37,0,90,,48375,5,0,34,0,109,,48376,5,0,34,0,121,,48384,5,0,35 37,0,89,,48364,5,0,35 37,0,100,,48385,5,0,35 37,0,30,,48374,5,0,34,0,92,,48386,5,0,35 37,0,58,,48392,5,0,34,0,53,,48397,5,0,38,0,66,,48369,5,0,38,0,36,,48370,5,0,38,0,73,,48398,5,0,38,0,76,,48366,5,0,35 37,0
200,'8_7',919,,51867,5,0,38,0,125,,51868,5,0,38,0,165,,51869,5,0,38,0,110,,51870,5,0,38,0,125,,51871,5,0,38,0,165,,51872,5,0,38,0,125,,51873,5,0,38,0,125,,51874,5,0,38,0
