1001,'1_6',906,,17331,12,,,0,101,,17338,10,,,0,102,,17332,12,,,0,100,,17339,10,,,0,45,,17340,10,,,0,164,,17335,12,,,0,38,,17341,10,,,0,395,,17333,12,,,0,107,,17334,12,,,0
1001,'5_1',906,,17344,12,,,0,46,,17345,12,,,0,79,,17349,10,,,0,86,,17346,12,,,0,90,,17350,10,,,0,42,,17351,10,,,0,71,,17352,10,,,0,139,,17353,10,,,0,500,,17348,12,,,0
1001,'5_2',906,,17358,12,,,0,46,,17359,12,,,0,79,,17363,10,,,0,86,,17360,12,,,0,90,,17364,10,,,0,42,,17365,10,,,0,71,,17366,10,,,0,139,,17367,10,,,0,500,,17362,12,,,0
1001,'5_4',906,,17372,12,,,0,46,,17373,12,,,0,79,,17377,10,,,0,86,,17374,12,,,0,90,,17378,10,,,0,42,,17379,10,,,0,71,,17380,10,,,0,139,,17381,10,,,0,500,,17376,12,,,0
1001,'5_5',906,,17386,12,,,0,46,,17387,12,,,0,79,,17391,10,,,0,86,,17388,12,,,0,90,,17392,10,,,0,42,,17393,10,,,0,71,,17394,10,,,0,139,,17395,10,,,0,500,,17390,12,,,0
1001,'6_3',906,,17400,12,,,0,46,,17401,12,,,0,79,,17405,10,,,0,86,,17402,12,,,0,90,,17406,10,,,0,42,,17407,10,,,0,71,,17408,10,,,0,139,,17409,10,,,0,500,,17404,12,,,0
1101,'1_6',1626,,17436,6,,,0,119,,17437,6,,,0
1101,'5_1',1626,,17438,6,,,0,119,,17439,6,,,0,94,,17440,6,,,0
1101,'5_2',1626,,17441,6,,,0,119,,17442,6,,,0,94,,17443,6,,,0
1101,'5_4',1626,,17444,6,,,0,119,,17445,6,,,0,94,,17446,6,,,0
1101,'5_5',1626,,17447,6,,,0,119,,17448,6,,,0,94,,17449,6,,,0
1101,'6_3',1626,,17450,6,,,0,119,,17451,6,,,0,94,,17452,6,,,0
1600,'1_6',839,,17610,1,0,25,0,85,,17611,1,0,25,0,76,,17615,1,,,0,116,,17612,1,0,25,0,125,,17617,1,,,0,66,,17618,1,0,54 55,0,100,,17613,1,0,25,0,104,,17619,1,0,25,0,104,,17614,1,0,25,0,87,,17620,1,,,0,137,,17616,1,,,0
1600,'5_1',839,,17622,1,0,25,0,85,,17623,1,0,25,0,76,,17627,1,,,0,116,,17624,1,0,25,0,125,,17629,1,,,0,66,,17630,1,0,54 55,0,100,,17625,1,0,25,0,104,,17631,1,0,25,0,104,,17626,1,0,25,0,87,,17632,1,,,0,137,,17628,1,,,0
1600,'5_2',839,,17634,1,0,25,0,85,,17635,1,0,25,0,76,,17639,1,,,0,116,,17636,1,0,25,0,125,,17641,1,,,0,66,,17642,1,0,54 55,0,100,,17637,1,0,25,0,104,,17643,1,0,25,0,104,,17638,1,0,25,0,87,,17644,1,,,0,137,,17640,1,,,0
1600,'5_4',839,,17646,1,0,25,0,85,,17647,1,0,25,0,76,,17651,1,,,0,116,,17648,1,0,25,0,125,,17653,1,,,0,66,,17654,1,0,54 55,0,100,,17649,1,0,25,0,104,,17655,1,0,25,0,104,,17650,1,0,25,0,87,,17656,1,,,0,137,,17652,1,,,0
1600,'5_5',839,,17658,1,0,25,0,85,,17659,1,0,25,0,76,,17663,1,,,0,116,,17660,1,0,25,0,125,,17665,1,,,0,66,,17666,1,0,54 55,0,100,,17661,1,0,25,0,104,,17667,1,0,25,0,104,,17662,1,0,25,0,87,,17668,1,,,0,137,,17664,1,,,0
1600,'6_3',839,,17670,1,0,25,0,85,,17671,1,0,25,0,76,,17675,1,,,0,116,,17672,1,0,25,0,125,,17677,1,,,0,66,,17678,1,0,54 55,0,100,,17673,1,0,25,0,104,,17679,1,0,25,0,104,,17674,1,0,25,0,87,,17680,1,,,0,137,,17676,1,,,0
