600,'5_1',738,,16600,31,4,,0,112,,16601,31,4,,0
600,'5_2',738,,16616,31,4,,0,112,,16617,31,4,,0
600,'5_4',738,,16632,31,4,,0,112,,16633,31,4,,0
600,'5_5',738,,16648,31,4,,0,112,,16649,31,4,,0
600,'6_3',738,,16664,31,4,,0,112,,16665,31,4,,0
2301,'5_1',713,,18116,21,,,0,23,,18115,21,,,0,1,,18114,31,,,0
2301,'5_2',713,,18119,21,,,0,23,,18118,21,,,0,1,,18117,31,,,0
2301,'5_4',713,,18122,21,,,0,23,,18121,21,,,0,1,,18120,31,,,0
2301,'5_5',713,,18125,21,,,0,23,,18124,21,,,0,1,,18123,31,,,0
2301,'6_3',713,,18128,21,,,0,23,,18127,21,,,0,1,,18126,31,,,0
