2000,'25j05H-Dimanche',951,,3613,,,0,904,,3614,,,0
2000,'25j26H-Dimanche',951,,3615,,,0,904,,3616,,,0
2000,'26a05H-Mercredi',1713,,3617,,,0,106,,3618,,,0,90,,3619,,,0
2000,'26a05H-Mercredi0010000',1312,,3620,,,0
2000,'26a05H-L-Ma-J-V',1713,,3621,,,0,106,,3622,,,0,90,,3623,,,0
2001,'25j05H-Dimanche',833,,3624,,,0,900,,3625,,,0
2001,'25j26H-Dimanche',833,,3626,,,0,900,,3627,,,0
2001,'26a05H-Mercredi',638,,3628,,,0,166,,3629,,,0,39,,3630,,,0,890,,3631,,,0
2001,'26a05H-Mercredi0010000',1328,,3632,,,0
2001,'26a05H-L-Ma-J-V',638,,3633,,,0,166,,3634,,,0,39,,3635,,,0,890,,3636,,,0
