901,'25j05H-Dimanche',948,,2786,,,0,299,,2788,0,8,0,301,,2789,0,8,0,299,,2787,,,0
901,'25j26H-Dimanche',948,,2790,,,0,299,,2792,0,8,0,301,,2793,0,8,0,299,,2791,,,0
901,'25k03H-Samedi',749,,2794,0,9 10 9,0,99,,2806,0,8,0,90,,2799,0,9 10 9,0,165,,2800,0,9 10 9,0,113,,2804,0,8,0,40,,2801,0,9 10 9,0,147,,2803,0,8,0,50,,2805,0,8,0,82,,2802,0,8,0,82,,2795,0,9 10 9,0,105,,2796,0,9 10 9,0,132,,2797,0,9 10 9,0,90,,2798,0,9 10 9,0
901,'25l22V-Semaine',749,,2807,0,11,0,66,,2808,0,12,0,105,,2809,0,9 10 9,0,25,,2810,0,9 10 9,0,168,,2811,0,9 10 9,0,95,,2813,0,8,0,50,,2812,0,9 10 9,0,146,,2814,0,8,0,51,,2815,0,8,0,80,,2820,0,8,0,91,,2816,0,9 10 9,0,97,,2817,0,9 10 9,0,126,,2818,0,9 10 9,0,95,,2819,0,9 10 9,0
901,'26a05H-Samedi',749,,2821,0,9 10 9,0,99,,2833,0,8,0,90,,2826,0,9 10 9,0,165,,2827,0,9 10 9,0,113,,2831,0,8,0,40,,2828,0,9 10 9,0,147,,2830,0,8,0,50,,2832,0,8,0,82,,2829,0,8,0,82,,2822,0,9 10 9,0,105,,2823,0,9 10 9,0,132,,2824,0,9 10 9,0,90,,2825,0,9 10 9,0
901,'26a05H-Mercredi',752,,2834,0,11,0,66,,2835,0,12,0,103,,2840,0,9 10 9,0,95,,2844,0,9 10 9,0,98,,2841,0,9 10 9,0,106,,2836,0,12,0,181,,2842,0,9 10 9,0,112,,2843,0,9 10 9,0,109,,2837,0,12,0,102,,2838,0,12,0,95,,2839,0,12,0,126,,2849,,,0
901,'26a05H-L-Ma-J-V',752,,2850,0,11,0,66,,2851,0,12,0,103,,2856,0,9 10 9,0,95,,2860,0,9 10 9,0,98,,2857,0,9 10 9,0,106,,2852,0,12,0,181,,2858,0,9 10 9,0,112,,2859,0,9 10 9,0,109,,2853,0,12,0,102,,2854,0,12,0,95,,2855,0,12,0,126,,2865,,,0
901,'26b23V-Semaine',749,,2866,0,11,0,66,,2867,0,12,0,105,,2868,0,9 10 9,0,25,,2869,0,9 10 9,0,168,,2870,0,9 10 9,0,95,,2872,0,8,0,50,,2871,0,9 10 9,0,146,,2873,0,8,0,51,,2874,0,8,0,80,,2879,0,8,0,91,,2875,0,9 10 9,0,97,,2876,0,9 10 9,0,126,,2877,0,9 10 9,0,95,,2878,0,9 10 9,0
901,'26c02V-Semaine',749,,2880,0,11,0,66,,2881,0,12,0,105,,2882,0,9 10 9,0,25,,2883,0,9 10 9,0,168,,2884,0,9 10 9,0,95,,2886,0,8,0,50,,2885,0,9 10 9,0,146,,2887,0,8,0,51,,2888,0,8,0,80,,2893,0,8,0,91,,2889,0,9 10 9,0,97,,2890,0,9 10 9,0,126,,2891,0,9 10 9,0,95,,2892,0,9 10 9,0
1001,'25j05H-Dimanche',935,,2995,,,0,420,,2996,,,0,500,,2997,,,0
1001,'25j26H-Dimanche',935,,2998,,,0,420,,2999,,,0,500,,3000,,,0
1001,'25k03H-Samedi',756,,3001,,,0,103,,3002,,,0,141,,3009,,,0,102,,3003,,,0,100,,3010,,,0,45,,3011,,,0,164,,3006,,,0,38,,3012,,,0,187,,3007,,,0,118,,3008,,,0,90,,3004,,,0,107,,3005,,,0
1001,'25l22V-Semaine',756,,3013,,,0,99,,3015,,,0,145,,3018,,,0,102,,3016,,,0,100,,3019,,,0,45,,3020,,,0,164,,3014,,,0,38,,3024,,,0,187,,3021,,,0,118,,3022,,,0,90,,3023,,,0,107,,3017,,,0
1001,'26a05H-Samedi',756,,3025,,,0,103,,3026,,,0,141,,3033,,,0,102,,3027,,,0,100,,3034,,,0,45,,3035,,,0,164,,3030,,,0,38,,3036,,,0,187,,3031,,,0,118,,3032,,,0,90,,3028,,,0,107,,3029,,,0
1001,'26a05H-Mercredi',759,,3037,,,0,100,,3039,,,0,86,,3040,,,0,79,,3044,,,0,86,,3041,,,0,90,,3045,,,0,42,,3046,,,0,71,,3047,,,0,101,,3038,,,0,38,,3048,,,0,184,,3049,,,0,316,,3043,,,0
1001,'26a05H-L-Ma-J-V',759,,3051,,,0,100,,3053,,,0,86,,3054,,,0,79,,3058,,,0,86,,3055,,,0,90,,3059,,,0,42,,3060,,,0,71,,3061,,,0,101,,3052,,,0,38,,3062,,,0,184,,3063,,,0,316,,3057,,,0
1001,'26b23V-Semaine',756,,3065,,,0,99,,3067,,,0,145,,3070,,,0,102,,3068,,,0,100,,3071,,,0,45,,3072,,,0,164,,3066,,,0,38,,3076,,,0,187,,3073,,,0,118,,3074,,,0,90,,3075,,,0,107,,3069,,,0
1001,'26c02V-Semaine',756,,3077,,,0,99,,3079,,,0,145,,3082,,,0,102,,3080,,,0,100,,3083,,,0,45,,3084,,,0,164,,3078,,,0,38,,3088,,,0,187,,3085,,,0,118,,3086,,,0,90,,3087,,,0,107,,3081,,,0
1101,'25j05H-Dimanche',932,,3121,,,0,920,,3122,,,0
1101,'25j26H-Dimanche',932,,3123,,,0,920,,3124,,,0
1101,'25k03H-Samedi',1619,,3125,,,0,119,,3126,,,0
1101,'25l22V-Semaine',1619,,3127,,,0,119,,3128,,,0
1101,'26a05H-Samedi',1619,,3129,,,0,119,,3130,,,0
1101,'26a05H-Mercredi',1619,,3131,,,0,119,,3132,,,0,94,,3133,,,0
1101,'26a05H-L-Ma-J-V',1619,,3134,,,0,119,,3135,,,0,94,,3136,,,0
1101,'26b23V-Semaine',1619,,3137,,,0,119,,3138,,,0
1101,'26c02V-Semaine',1619,,3139,,,0,119,,3140,,,0
1601,'25k03H-Samedi',1042,,3427,,,0,109,,3430,,,0,179,,3428,,,0,105,,3431,,,0,320,,3429,,,0
1601,'25l22V-Semaine',1042,,3437,,,0,109,,3440,,,0,179,,3438,,,0,105,,3441,,,0,320,,3439,,,0
1601,'26a05H-Samedi',1042,,3447,,,0,109,,3450,,,0,179,,3448,,,0,105,,3451,,,0,320,,3449,,,0
1601,'26a05H-Mercredi',1042,,3457,,,0,109,,3460,,,0,179,,3458,,,0,105,,3461,,,0,320,,3459,,,0
1601,'26a05H-L-Ma-J-V',1042,,3467,,,0,109,,3470,,,0,179,,3468,,,0,105,,3471,,,0,320,,3469,,,0
1601,'26b23V-Semaine',1042,,3477,,,0,109,,3480,,,0,179,,3478,,,0,105,,3481,,,0,320,,3479,,,0
1601,'26c02V-Semaine',1042,,3487,,,0,109,,3490,,,0,179,,3488,,,0,105,,3491,,,0,320,,3489,,,0
1901,'26a05H-Mercredi0010000',1218,,3602,,,0,34,,3603,,,0
1901,'26a05H-L-Ma-J-V1101100',1619,,3608,,,0,100,,3609,,,0,99,,3610,,,0
1000000,'25j05H-Dimanche',800,,4687,0,29 30 31,0,40,,4688,0,29 30 31,0,80,,4689,0,29 30 31,0,80,,4690,0,29 30 31,0,40,,4691,0,29 30 31,0,80,,4692,0,29 30 31,0,80,,4693,0,29 30 31,0,40,,4694,0,29 30 31,0,80,,4695,0,29 30 31,0,80,,4696,0,29 30 31,0,40,,4697,0,29 30 31,0,80,,4698,0,29 30 31,0,80,,4699,0,29 30 31,0,40,,4700,0,29 30 31,0,80,,4701,0,29 30 31,0,80,,4702,0,29 30 31,0,40,,4703,0,29 30 31,0,80,,4704,0,29 30 31,0
1000000,'25j26H-Dimanche',800,,4705,0,29 30 31,0,40,,4706,0,29 30 31,0,80,,4707,0,29 30 31,0,80,,4708,0,29 30 31,0,40,,4709,0,29 30 31,0,80,,4710,0,29 30 31,0,80,,4711,0,29 30 31,0,40,,4712,0,29 30 31,0,80,,4713,0,29 30 31,0,80,,4714,0,29 30 31,0,40,,4715,0,29 30 31,0,80,,4716,0,29 30 31,0,80,,4717,0,29 30 31,0,40,,4718,0,29 30 31,0,80,,4719,0,29 30 31,0,80,,4720,0,29 30 31,0,40,,4721,0,29 30 31,0,80,,4722,0,29 30 31,0
1000000,'25k03H-Samedi',530,,4723,0,29 30 31,0,79,,4724,0,29 30 31,0,41,,4725,,,0,80,,4726,,,0,29,,4727,0,29 30 31,0,55,,4728,,,0,16,,4729,0,29 30 31,0,15,,4730,0,29 30 31,0,13,,4731,,,0,55,,4732,0,29 30 31,0,15,,4790,0,29 30 31,0,15,,4733,,,0,16,,4734,0,29 30 31,0,56,,4735,0,29 30 31,0,14,,4736,,,0,16,,4737,0,29 30 31,0,55,,4738,0,29 30 31,0,16,,4739,,,0,15,,4740,0,29 30 31,0,15,,4741,0,29 30 31,0,56,,4742,,,0,14,,4743,0,29 30 31,0,16,,4744,0,29 30 31,0,15,,4745,,,0,54,,4746,0,29 30 31,0,9,,4747,0,29 30 31,0,11,,4748,,,0,12,,4749,0,29 30 31,0,10,,4750,0,29 30 31,0,9,,4751,0,29 30 31,0,49,,4752,,,0,10,,4753,0,29 30 31,0,11,,4754,0,29 30 31,0,10,,4755,0,29 30 31,0,10,,4756,,,0,12,,4757,0,29 30 31,0,49,,4758,0,29 30 31,0,9,,4759,0,29 30 31,0,10,,4760,,,0,11,,4761,0,29 30 31,0,10,,4762,0,29 30 31,0,10,,4763,0,29 30 31,0,51,,4764,,,0,11,,4765,0,29 30 31,0,9,,4766,0,29 30 31,0,10,,4767,0,29 30 31,0,11,,4768,,,0,13,,4769,0,29 30 31,0,49,,4770,0,29 30 31,0,9,,4771,0,29 30 31,0,10,,4772,,,0,9,,4773,0,29 30 31,0,9,,4774,0,29 30 31,0,10,,4775,0,29 30 31,0,49,,4777,0,29 30 31,0,10,,4776,,,0,9,,4778,0,29 30 31,0,9,,4779,0,29 30 31,0,9,,4781,0,29 30 31,0,10,,4780,0,29 30 31,0,51,,4782,0,29 30 31,0,21,,4783,0,29 30 31,0,18,,4784,0,29 30 31,0,60,,4785,0,29 30 31,0,20,,4786,0,29 30 31,0,20,,4787,0,29 30 31,0,60,,4788,0,29 30 31,0,20,,4789,0,29 30 31,0
1000000,'25l22V-Semaine',535,,4791,0,29 30 31,0,20,,4792,0,29 30 31,0,59,,4872,0,29 30 31,0,20,,4873,,,0,13,,4875,,,0,11,,4871,,,0,50,,4825,,,0,9,,4826,,,0,9,,4827,,,0,9,,4828,,,0,10,,4829,,,0,10,,4830,,,0,50,,4831,,,0,10,,4832,,,0,9,,4874,,,0,9,,4793,0,29 30 31,0,9,,4794,,,0,10,,4795,0,29 30 31,0,49,,4796,,,0,10,,4797,0,29 30 31,0,9,,4833,,,0,11,,4798,0,29 30 31,0,11,,4799,,,0,11,,4800,0,29 30 31,0,51,,4801,,,0,11,,4802,0,29 30 31,0,10,,4803,,,0,11,,4805,0,29 30 31,0,10,,4804,,,0,11,,4835,0,29 30 31,0,50,,4834,,,0,11,,4836,0,29 30 31,0,10,,4837,,,0,11,,4838,0,29 30 31,0,11,,4839,,,0,50,,4840,0,29 30 31,0,11,,4841,,,0,12,,4842,0,29 30 31,0,10,,4843,,,0,9,,4844,0,29 30 31,0,10,,4845,,,0,51,,4846,0,29 30 31,0,9,,4847,,,0,9,,4806,0,29 30 31,0,11,,4807,,,0,10,,4848,0,29 30 31,0,10,,4808,,,0,50,,4809,0,29 30 31,0,10,,4810,,,0,10,,4849,0,29 30 31,0,10,,4811,,,0,10,,4812,0,29 30 31,0,11,,4813,,,0,50,,4814,0,29 30 31,0,11,,4850,,,0,10,,4851,,,0,10,,4852,,,0,10,,4853,,,0,10,,4854,,,0,49,,4855,,,0,10,,4856,,,0,10,,4857,,,0,10,,4858,,,0,11,,4859,,,0,10,,4860,,,0,50,,4861,,,0,10,,4862,,,0,10,,4863,,,0,11,,4864,,,0,9,,4865,,,0,10,,4866,0,29 30 31,0,51,,4867,,,0,9,,4870,0,29 30 31,0,9,,4815,0,29 30 31,0,9,,4868,,,0,9,,4816,0,29 30 31,0,9,,4869,,,0,9,,4817,0,29 30 31,0,60,,4818,0,29 30 31,0,21,,4819,0,29 30 31,0,18,,4820,0,29 30 31,0,60,,4821,0,29 30 31,0,21,,4822,0,29 30 31,0,61,,4823,0,29 30 31,0,21,,4824,0,29 30 31,0
1000000,'26a05H-Samedi',530,,4876,0,29 30 31,0,79,,4877,0,29 30 31,0,41,,4878,,,0,80,,4879,,,0,29,,4880,0,29 30 31,0,55,,4881,,,0,16,,4882,0,29 30 31,0,15,,4883,0,29 30 31,0,13,,4884,,,0,55,,4885,0,29 30 31,0,15,,4943,0,29 30 31,0,15,,4886,,,0,16,,4887,0,29 30 31,0,56,,4888,0,29 30 31,0,14,,4889,,,0,16,,4890,0,29 30 31,0,55,,4891,0,29 30 31,0,16,,4892,,,0,15,,4893,0,29 30 31,0,15,,4894,0,29 30 31,0,56,,4895,,,0,14,,4896,0,29 30 31,0,16,,4897,0,29 30 31,0,15,,4898,,,0,54,,4899,0,29 30 31,0,9,,4900,0,29 30 31,0,11,,4901,,,0,12,,4902,0,29 30 31,0,10,,4903,0,29 30 31,0,9,,4904,0,29 30 31,0,49,,4905,,,0,10,,4906,0,29 30 31,0,11,,4907,0,29 30 31,0,10,,4908,0,29 30 31,0,10,,4909,,,0,12,,4910,0,29 30 31,0,49,,4911,0,29 30 31,0,9,,4912,0,29 30 31,0,10,,4913,,,0,11,,4914,0,29 30 31,0,10,,4915,0,29 30 31,0,10,,4916,0,29 30 31,0,51,,4917,,,0,11,,4918,0,29 30 31,0,9,,4919,0,29 30 31,0,10,,4920,0,29 30 31,0,11,,4921,,,0,13,,4922,0,29 30 31,0,49,,4923,0,29 30 31,0,9,,4924,0,29 30 31,0,10,,4925,,,0,9,,4926,0,29 30 31,0,9,,4927,0,29 30 31,0,10,,4928,0,29 30 31,0,49,,4930,0,29 30 31,0,10,,4929,,,0,9,,4931,0,29 30 31,0,9,,4932,0,29 30 31,0,9,,4934,0,29 30 31,0,10,,4933,0,29 30 31,0,51,,4935,0,29 30 31,0,21,,4936,0,29 30 31,0,18,,4937,0,29 30 31,0,60,,4938,0,29 30 31,0,20,,4939,0,29 30 31,0,20,,4940,0,29 30 31,0,60,,4941,0,29 30 31,0,20,,4942,0,29 30 31,0
1000000,'26a05H-Mercredi',533,,4944,0,29 30 31,0,20,,4945,0,29 30 31,0,59,,5026,0,29 30 31,0,18,,5027,,,0,14,,5029,,,0,10,,5025,,,0,48,,4978,,,0,8,,4979,,,0,11,,4980,,,0,11,,4981,,,0,10,,4982,,,0,11,,4983,,,0,50,,4984,,,0,10,,4985,,,0,9,,5028,,,0,9,,4946,0,29 30 31,0,9,,4947,,,0,10,,4948,0,29 30 31,0,50,,4949,,,0,11,,4950,0,29 30 31,0,9,,4986,,,0,11,,4951,0,29 30 31,0,11,,4952,,,0,10,,4953,0,29 30 31,0,51,,4954,,,0,11,,4955,0,29 30 31,0,10,,4956,,,0,11,,4958,0,29 30 31,0,10,,4957,,,0,11,,4988,0,29 30 31,0,51,,4987,,,0,11,,4989,0,29 30 31,0,11,,4990,,,0,10,,4991,0,29 30 31,0,10,,4992,,,0,10,,4993,0,29 30 31,0,52,,4994,,,0,11,,4995,0,29 30 31,0,10,,4996,,,0,10,,4997,0,29 30 31,0,10,,4998,,,0,49,,4999,0,29 30 31,0,10,,5000,,,0,10,,4959,0,29 30 31,0,11,,4960,,,0,9,,5001,0,29 30 31,0,10,,4961,,,0,49,,4962,0,29 30 31,0,11,,4963,,,0,10,,5002,0,29 30 31,0,11,,4964,,,0,9,,4965,0,29 30 31,0,10,,4966,,,0,50,,4967,0,29 30 31,0,11,,5003,,,0,11,,5004,,,0,9,,5005,,,0,10,,5006,,,0,9,,5007,,,0,51,,5008,,,0,10,,5009,,,0,11,,5010,,,0,9,,5011,,,0,9,,5012,,,0,9,,5013,,,0,50,,5014,,,0,10,,5015,,,0,10,,5016,,,0,10,,5017,,,0,10,,5018,,,0,10,,5019,0,29 30 31,0,51,,5020,,,0,9,,5024,0,29 30 31,0,10,,4968,0,29 30 31,0,11,,5021,,,0,10,,4969,0,29 30 31,0,10,,5022,,,0,49,,4970,0,29 30 31,0,19,,4971,0,29 30 31,0,19,,4972,0,29 30 31,0,19,,4973,0,29 30 31,0,61,,4974,0,29 30 31,0,21,,4975,0,29 30 31,0,61,,4976,0,29 30 31,0,21,,4977,0,29 30 31,0
1000000,'26a05H-L-Ma-J-V',533,,5030,0,29 30 31,0,20,,5031,0,29 30 31,0,59,,5112,0,29 30 31,0,18,,5113,,,0,14,,5115,,,0,10,,5111,,,0,48,,5064,,,0,8,,5065,,,0,11,,5066,,,0,11,,5067,,,0,10,,5068,,,0,11,,5069,,,0,50,,5070,,,0,10,,5071,,,0,9,,5114,,,0,9,,5032,0,29 30 31,0,9,,5033,,,0,10,,5034,0,29 30 31,0,50,,5035,,,0,11,,5036,0,29 30 31,0,9,,5072,,,0,11,,5037,0,29 30 31,0,11,,5038,,,0,10,,5039,0,29 30 31,0,51,,5040,,,0,11,,5041,0,29 30 31,0,10,,5042,,,0,11,,5044,0,29 30 31,0,10,,5043,,,0,11,,5074,0,29 30 31,0,51,,5073,,,0,11,,5075,0,29 30 31,0,11,,5076,,,0,10,,5077,0,29 30 31,0,10,,5078,,,0,10,,5079,0,29 30 31,0,52,,5080,,,0,11,,5081,0,29 30 31,0,10,,5082,,,0,10,,5083,0,29 30 31,0,10,,5084,,,0,49,,5085,0,29 30 31,0,10,,5086,,,0,10,,5045,0,29 30 31,0,11,,5046,,,0,9,,5087,0,29 30 31,0,10,,5047,,,0,49,,5048,0,29 30 31,0,11,,5049,,,0,10,,5088,0,29 30 31,0,11,,5050,,,0,9,,5051,0,29 30 31,0,10,,5052,,,0,50,,5053,0,29 30 31,0,11,,5089,,,0,11,,5090,,,0,9,,5091,,,0,10,,5092,,,0,9,,5093,,,0,51,,5094,,,0,10,,5095,,,0,11,,5096,,,0,9,,5097,,,0,9,,5098,,,0,9,,5099,,,0,50,,5100,,,0,10,,5101,,,0,10,,5102,,,0,10,,5103,,,0,10,,5104,,,0,10,,5105,0,29 30 31,0,51,,5106,,,0,9,,5110,0,29 30 31,0,10,,5054,0,29 30 31,0,11,,5107,,,0,10,,5055,0,29 30 31,0,10,,5108,,,0,49,,5056,0,29 30 31,0,19,,5057,0,29 30 31,0,19,,5058,0,29 30 31,0,19,,5059,0,29 30 31,0,61,,5060,0,29 30 31,0,21,,5061,0,29 30 31,0,61,,5062,0,29 30 31,0,21,,5063,0,29 30 31,0
1000000,'26b23V-Semaine',535,,5116,0,29 30 31,0,20,,5117,0,29 30 31,0,59,,5197,0,29 30 31,0,20,,5198,,,0,13,,5200,,,0,11,,5196,,,0,50,,5150,,,0,9,,5151,,,0,9,,5152,,,0,9,,5153,,,0,10,,5154,,,0,10,,5155,,,0,50,,5156,,,0,10,,5157,,,0,9,,5199,,,0,9,,5118,0,29 30 31,0,9,,5119,,,0,10,,5120,0,29 30 31,0,49,,5121,,,0,10,,5122,0,29 30 31,0,9,,5158,,,0,11,,5123,0,29 30 31,0,11,,5124,,,0,11,,5125,0,29 30 31,0,51,,5126,,,0,11,,5127,0,29 30 31,0,10,,5128,,,0,11,,5130,0,29 30 31,0,10,,5129,,,0,11,,5160,0,29 30 31,0,50,,5159,,,0,11,,5161,0,29 30 31,0,10,,5162,,,0,11,,5163,0,29 30 31,0,11,,5164,,,0,50,,5165,0,29 30 31,0,11,,5166,,,0,12,,5167,0,29 30 31,0,10,,5168,,,0,9,,5169,0,29 30 31,0,10,,5170,,,0,51,,5171,0,29 30 31,0,9,,5172,,,0,9,,5131,0,29 30 31,0,11,,5132,,,0,10,,5173,0,29 30 31,0,10,,5133,,,0,50,,5134,0,29 30 31,0,10,,5135,,,0,10,,5174,0,29 30 31,0,10,,5136,,,0,10,,5137,0,29 30 31,0,11,,5138,,,0,50,,5139,0,29 30 31,0,11,,5175,,,0,10,,5176,,,0,10,,5177,,,0,10,,5178,,,0,10,,5179,,,0,49,,5180,,,0,10,,5181,,,0,10,,5182,,,0,10,,5183,,,0,11,,5184,,,0,10,,5185,,,0,50,,5186,,,0,10,,5187,,,0,10,,5188,,,0,11,,5189,,,0,9,,5190,,,0,10,,5191,0,29 30 31,0,51,,5192,,,0,9,,5195,0,29 30 31,0,9,,5140,0,29 30 31,0,9,,5193,,,0,9,,5141,0,29 30 31,0,9,,5194,,,0,9,,5142,0,29 30 31,0,60,,5143,0,29 30 31,0,21,,5144,0,29 30 31,0,18,,5145,0,29 30 31,0,60,,5146,0,29 30 31,0,21,,5147,0,29 30 31,0,61,,5148,0,29 30 31,0,21,,5149,0,29 30 31,0
1000000,'26c02V-Semaine',535,,5201,0,29 30 31,0,20,,5202,0,29 30 31,0,59,,5282,0,29 30 31,0,20,,5283,,,0,13,,5285,,,0,11,,5281,,,0,50,,5235,,,0,9,,5236,,,0,9,,5237,,,0,9,,5238,,,0,10,,5239,,,0,10,,5240,,,0,50,,5241,,,0,10,,5242,,,0,9,,5284,,,0,9,,5203,0,29 30 31,0,9,,5204,,,0,10,,5205,0,29 30 31,0,49,,5206,,,0,10,,5207,0,29 30 31,0,9,,5243,,,0,11,,5208,0,29 30 31,0,11,,5209,,,0,11,,5210,0,29 30 31,0,51,,5211,,,0,11,,5212,0,29 30 31,0,10,,5213,,,0,11,,5215,0,29 30 31,0,10,,5214,,,0,11,,5245,0,29 30 31,0,50,,5244,,,0,11,,5246,0,29 30 31,0,10,,5247,,,0,11,,5248,0,29 30 31,0,11,,5249,,,0,50,,5250,0,29 30 31,0,11,,5251,,,0,12,,5252,0,29 30 31,0,10,,5253,,,0,9,,5254,0,29 30 31,0,10,,5255,,,0,51,,5256,0,29 30 31,0,9,,5257,,,0,9,,5216,0,29 30 31,0,11,,5217,,,0,10,,5258,0,29 30 31,0,10,,5218,,,0,50,,5219,0,29 30 31,0,10,,5220,,,0,10,,5259,0,29 30 31,0,10,,5221,,,0,10,,5222,0,29 30 31,0,11,,5223,,,0,50,,5224,0,29 30 31,0,11,,5260,,,0,10,,5261,,,0,10,,5262,,,0,10,,5263,,,0,10,,5264,,,0,49,,5265,,,0,10,,5266,,,0,10,,5267,,,0,10,,5268,,,0,11,,5269,,,0,10,,5270,,,0,50,,5271,,,0,10,,5272,,,0,10,,5273,,,0,11,,5274,,,0,9,,5275,,,0,10,,5276,0,29 30 31,0,51,,5277,,,0,9,,5280,0,29 30 31,0,9,,5225,0,29 30 31,0,9,,5278,,,0,9,,5226,0,29 30 31,0,9,,5279,,,0,9,,5227,0,29 30 31,0,60,,5228,0,29 30 31,0,21,,5229,0,29 30 31,0,18,,5230,0,29 30 31,0,60,,5231,0,29 30 31,0,21,,5232,0,29 30 31,0,61,,5233,0,29 30 31,0,21,,5234,0,29 30 31,0
