501,'S2-0_6',732,,56026,19,,,0,99,,56027,19,,,0,98,,56028,19,,,0,101,,56029,19,,,0,99,,56030,19,,,0,99,,56031,19,,,0,80,,56032,19,,,0,38,,56033,19,,,0,97,,56034,19,,,0,102,,56035,19,,,0,100,,56036,19,,,0,72,,56037,19,,,0,29,,56038,19,,,0,99,,56039,19,,,0,98,,56040,19,,,0
501,'S2-1_7',1119,,56041,19,,,0,191,,56042,19,,,0,191,,56043,19,,,0,144,,56044,19,,,0,191,,56045,19,,,0
501,'S2-2_1',732,,56046,19,,,0,99,,56047,19,,,0,98,,56048,19,,,0,101,,56049,19,,,0,99,,56050,19,,,0,99,,56051,19,,,0,80,,56052,19,,,0,38,,56053,19,,,0,97,,56054,19,,,0,102,,56055,19,,,0,100,,56056,19,,,0,72,,56057,19,,,0,29,,56058,19,,,0,99,,56059,19,,,0,98,,56060,19,,,0
501,'S2-2_2',732,,56061,19,,,0,99,,56062,19,,,0,98,,56063,19,,,0,101,,56064,19,,,0,99,,56065,19,,,0,99,,56066,19,,,0,80,,56067,19,,,0,38,,56068,19,,,0,97,,56069,19,,,0,102,,56070,19,,,0,100,,56071,19,,,0,72,,56072,19,,,0,29,,56073,19,,,0,99,,56074,19,,,0,98,,56075,19,,,0
501,'S2-2_3',732,,56076,19,,,0,99,,56077,19,,,0,98,,56078,19,,,0,101,,56079,19,,,0,99,,56080,19,,,0,99,,56081,19,,,0,80,,56082,19,,,0,38,,56083,19,,,0,97,,56084,19,,,0,102,,56085,19,,,0,100,,56086,19,,,0,72,,56087,19,,,0,29,,56088,19,,,0,99,,56089,19,,,0,98,,56090,19,,,0
501,'S2-2_4',732,,56091,19,,,0,99,,56092,19,,,0,98,,56093,19,,,0,101,,56094,19,,,0,99,,56095,19,,,0,99,,56096,19,,,0,80,,56097,19,,,0,38,,56098,19,,,0,97,,56099,19,,,0,102,,56100,19,,,0,100,,56101,19,,,0,72,,56102,19,,,0,29,,56103,19,,,0,99,,56104,19,,,0,98,,56105,19,,,0
501,'S2-2_5',732,,56106,19,,,0,99,,56107,19,,,0,98,,56108,19,,,0,101,,56109,19,,,0,99,,56110,19,,,0,99,,56111,19,,,0,80,,56112,19,,,0,38,,56113,19,,,0,97,,56114,19,,,0,102,,56115,19,,,0,100,,56116,19,,,0,72,,56117,19,,,0,29,,56118,19,,,0,99,,56119,19,,,0,98,,56120,19,,,0
501,'S2-3_1',732,,56121,19,,,0,99,,56122,19,,,0,98,,56123,19,,,0,101,,56124,19,,,0,99,,56125,19,,,0,99,,56126,19,,,0,80,,56127,19,,,0,38,,56128,19,,,0,97,,56129,19,,,0,102,,56130,19,,,0,100,,56131,19,,,0,72,,56132,19,,,0,29,,56133,19,,,0,99,,56134,19,,,0,98,,56135,19,,,0
501,'S2-3_3',732,,56136,19,,,0,99,,56137,19,,,0,98,,56138,19,,,0,101,,56139,19,,,0,99,,56140,19,,,0,99,,56141,19,,,0,80,,56142,19,,,0,38,,56143,19,,,0,97,,56144,19,,,0,102,,56145,19,,,0,100,,56146,19,,,0,72,,56147,19,,,0,29,,56148,19,,,0,99,,56149,19,,,0,98,,56150,19,,,0
501,'S2-3_4',732,,56151,19,,,0,99,,56152,19,,,0,98,,56153,19,,,0,101,,56154,19,,,0,99,,56155,19,,,0,99,,56156,19,,,0,80,,56157,19,,,0,38,,56158,19,,,0,97,,56159,19,,,0,102,,56160,19,,,0,100,,56161,19,,,0,72,,56162,19,,,0,29,,56163,19,,,0,99,,56164,19,,,0,98,,56165,19,,,0
501,'S2-4_7',1119,,56166,19,,,0,191,,56167,19,,,0,191,,56168,19,,,0,144,,56169,19,,,0,191,,56170,19,,,0
