100,'0_4',805,,15,4,,0,45,,3,4,,0,404,,23,4,,0,65,,24,4,,0,400,,26,4,,0,36,,10,4,,0,69,,27,4,,0,29,,11,4,,0,66,,1,4,,0,97,,2,4,,0
100,'0_5',805,,43,4,,0,45,,31,4,,0,404,,51,4,,0,65,,52,4,,0,400,,54,4,,0,36,,38,4,,0,69,,55,4,,0,29,,39,4,,0,66,,29,4,,0,97,,30,4,,0
100,'3_1',805,,104,4,,0,45,,92,4,,0,404,,112,4,,0,65,,113,4,,0,400,,115,4,,0,36,,99,4,,0,69,,116,4,,0,29,,100,4,,0,66,,90,4,,0,97,,91,4,,0
100,'3_2',805,,132,4,,0,45,,120,4,,0,404,,140,4,,0,65,,141,4,,0,400,,143,4,,0,36,,127,4,,0,69,,144,4,,0,29,,128,4,,0,66,,118,4,,0,97,,119,4,,0
100,'3_3',805,,160,4,,0,45,,148,4,,0,404,,168,4,,0,65,,169,4,,0,400,,171,4,,0,36,,155,4,,0,69,,172,4,,0,29,,156,4,,0,66,,146,4,,0,97,,147,4,,0
100,'3_4',805,,188,4,,0,45,,176,4,,0,404,,196,4,,0,65,,197,4,,0,400,,199,4,,0,36,,183,4,,0,69,,200,4,,0,29,,184,4,,0,66,,174,4,,0,97,,175,4,,0
100,'3_5',805,,216,4,,0,45,,204,4,,0,404,,224,4,,0,65,,225,4,,0,400,,227,4,,0,36,,211,4,,0,69,,228,4,,0,29,,212,4,,0,66,,202,4,,0,97,,203,4,,0
100,'5_1',855,,242,4,,0,400,,262,4,,0,62,,263,4,,0,307,,264,4,,0,98,,265,4,,0,81,,266,4,,0,22,,273,4,,0,3,,267,4,,0,29,,268,4,,0,45,,274,4,,0,17,,240,4,,0,107,,241,4,,0
100,'5_2',855,,277,4,,0,400,,297,4,,0,62,,298,4,,0,307,,299,4,,0,98,,300,4,,0,81,,301,4,,0,22,,308,4,,0,3,,302,4,,0,29,,303,4,,0,45,,309,4,,0,17,,275,4,,0,107,,276,4,,0
100,'6_3',855,,312,4,,0,400,,332,4,,0,59,,343,4,,0,3,,333,4,,0,307,,334,4,,0,98,,335,4,,0,81,,336,4,,0,25,,337,4,,0,29,,338,4,,0,62,,310,4,,0,107,,311,4,,0
