200,'0_6',651,,63315,9,0,34,0,108,,63316,9,0,34,0,85,,63339,9,0,38,0,167,,63318,9,0,34,0,111,,63319,9,0,34,0,104,,63320,7,0,34,0,98,,63321,9,0,34,0,102,,63322,9,0,34,0,105,,63323,9,0,34,0,103,,63324,9,0,34,0,101,,63325,9,0,34,0,113,,63336,9,0,35 37,0
200,'2_1',651,,63358,9,0,34,0,108,,63359,9,0,34,0,85,,63382,9,0,38,0,167,,63361,9,0,34,0,111,,63362,9,0,34,0,104,,63363,7,0,34,0,98,,63364,9,0,34,0,102,,63365,9,0,34,0,105,,63366,9,0,34,0,103,,63367,9,0,34,0,101,,63368,9,0,34,0,113,,63379,9,0,35 37,0
200,'2_2',651,,63393,9,0,34,0,108,,63394,9,0,34,0,85,,63417,9,0,38,0,167,,63396,9,0,34,0,111,,63397,9,0,34,0,104,,63398,7,0,34,0,98,,63399,9,0,34,0,102,,63400,9,0,34,0,105,,63401,9,0,34,0,103,,63402,9,0,34,0,101,,63403,9,0,34,0,113,,63414,9,0,35 37,0
200,'2_3',651,,63428,9,0,34,0,108,,63429,9,0,34,0,85,,63452,9,0,38,0,167,,63431,9,0,34,0,111,,63432,9,0,34,0,104,,63433,7,0,34,0,98,,63434,9,0,34,0,102,,63435,9,0,34,0,105,,63436,9,0,34,0,103,,63437,9,0,34,0,101,,63438,9,0,34,0,113,,63449,9,0,35 37,0
200,'2_4',651,,63463,9,0,34,0,108,,63464,9,0,34,0,85,,63487,9,0,38,0,167,,63466,9,0,34,0,111,,63467,9,0,34,0,104,,63468,7,0,34,0,98,,63469,9,0,34,0,102,,63470,9,0,34,0,105,,63471,9,0,34,0,103,,63472,9,0,34,0,101,,63473,9,0,34,0,113,,63484,9,0,35 37,0
200,'2_5',651,,63498,9,0,34,0,108,,63499,9,0,34,0,85,,63522,9,0,38,0,167,,63501,9,0,34,0,111,,63502,9,0,34,0,104,,63503,7,0,34,0,98,,63504,9,0,34,0,102,,63505,9,0,34,0,105,,63506,9,0,34,0,103,,63507,9,0,34,0,101,,63508,9,0,34,0,113,,63519,9,0,35 37,0
200,'3_1',651,,63533,9,0,34,0,108,,63534,9,0,34,0,85,,63557,9,0,38,0,167,,63536,9,0,34,0,111,,63537,9,0,34,0,104,,63538,7,0,34,0,98,,63539,9,0,34,0,102,,63540,9,0,34,0,105,,63541,9,0,34,0,103,,63542,9,0,34,0,101,,63543,9,0,34,0,113,,63554,9,0,35 37,0
200,'3_3',651,,63568,9,0,34,0,108,,63569,9,0,34,0,85,,63592,9,0,38,0,167,,63571,9,0,34,0,111,,63572,9,0,34,0,104,,63573,7,0,34,0,98,,63574,9,0,34,0,102,,63575,9,0,34,0,105,,63576,9,0,34,0,103,,63577,9,0,34,0,101,,63578,9,0,34,0,113,,63589,9,0,35 37,0
200,'3_4',651,,63603,9,0,34,0,108,,63604,9,0,34,0,85,,63627,9,0,38,0,167,,63606,9,0,34,0,111,,63607,9,0,34,0,104,,63608,7,0,34,0,98,,63609,9,0,34,0,102,,63610,9,0,34,0,105,,63611,9,0,34,0,103,,63612,9,0,34,0,101,,63613,9,0,34,0,113,,63624,9,0,35 37,0
200,'3_5',651,,63638,9,0,34,0,108,,63639,9,0,34,0,85,,63662,9,0,38,0,167,,63641,9,0,34,0,111,,63642,9,0,34,0,104,,63643,7,0,34,0,98,,63644,9,0,34,0,102,,63645,9,0,34,0,105,,63646,9,0,34,0,103,,63647,9,0,34,0,101,,63648,9,0,34,0,113,,63659,9,0,35 37,0
