201,'2_6',707,,30614,12,0,20,0,5,,30638,12,0,62,0,94,,30615,12,0,21,0,48,,30639,12,0,20,0,65,,30616,12,0,20,0,35,,30640,12,0,62,0,71,,30617,12,0,20,0,79,,30641,12,0,64,0,26,,30618,12,0,20,0,80,,30642,12,0,21,0,30,,30619,12,0,21,0,78,,30643,12,0,20,0,25,,30620,12,0,21,0,81,,30644,12,0,20,0,25,,30621,12,0,62,0,80,,30645,12,0,20,0,22,,30622,12,0,62,0,79,,30646,12,0,20,0,24,,30623,12,0,21,0,79,,30647,12,0,20,0,24,,30624,12,0,21,0,81,,30648,12,0,62,0,21,,30625,12,0,21,0,72,,30649,12,0,21,0
201,'5_1',707,,37457,12,0,20,0,30,,37455,12,0,21,0,69,,37452,12,0,21,0,33,,37456,12,0,62,0,67,,37453,12,0,21,0,28,,37450,12,0,20,0,81,,37445,12,0,21,0,26,,37446,12,0,62,0,84,,37443,12,0,21,0,75,,37442,12,0,62,0,40,,37444,12,0,20,0,75,,37440,12,0,21,0,20,,37438,12,0,62,0,24,,37437,12,0,21,0,70,,37435,12,0,20,0,25,,37441,12,0,21,0,65,,37436,12,0,62,0,35,,37431,12,0,21,0,64,,37430,12,0,21,0,102,,37426,12,0,21,0,13,,37423,12,0,62,0,85,,37428,12,0,21,0,15,,37425,12,0,62,0,86,,37422,12,0,62,0,22,,37420,12,0,21,0
201,'5_2',707,,38869,12,0,20,0,30,,38867,12,0,21,0,69,,38864,12,0,21,0,33,,38868,12,0,62,0,67,,38865,12,0,21,0,28,,38862,12,0,20,0,81,,38857,12,0,21,0,26,,38858,12,0,62,0,84,,38855,12,0,21,0,75,,38854,12,0,62,0,40,,38856,12,0,20,0,75,,38852,12,0,21,0,20,,38850,12,0,62,0,24,,38849,12,0,21,0,70,,38847,12,0,20,0,25,,38853,12,0,21,0,65,,38848,12,0,62,0,35,,38843,12,0,21,0,64,,38842,12,0,21,0,102,,38838,12,0,21,0,13,,38835,12,0,62,0,85,,38840,12,0,21,0,15,,38837,12,0,62,0,86,,38834,12,0,62,0,22,,38832,12,0,21,0
201,'5_3',707,,38908,12,0,20,0,30,,38906,12,0,21,0,69,,38903,12,0,21,0,33,,38907,12,0,62,0,67,,38904,12,0,21,0,28,,38901,12,0,20,0,81,,38896,12,0,21,0,26,,38897,12,0,62,0,84,,38894,12,0,21,0,75,,38893,12,0,62,0,40,,38895,12,0,20,0,75,,38891,12,0,21,0,20,,38889,12,0,62,0,24,,38888,12,0,21,0,70,,38886,12,0,20,0,25,,38892,12,0,21,0,65,,38887,12,0,62,0,35,,38882,12,0,21,0,64,,38881,12,0,21,0,102,,38877,12,0,21,0,13,,38874,12,0,62,0,85,,38879,12,0,21,0,15,,38876,12,0,62,0,86,,38873,12,0,62,0,22,,38871,12,0,21,0
201,'5_4',707,,38947,12,0,20,0,30,,38945,12,0,21,0,69,,38942,12,0,21,0,33,,38946,12,0,62,0,67,,38943,12,0,21,0,28,,38940,12,0,20,0,81,,38935,12,0,21,0,26,,38936,12,0,62,0,84,,38933,12,0,21,0,75,,38932,12,0,62,0,40,,38934,12,0,20,0,75,,38930,12,0,21,0,20,,38928,12,0,62,0,24,,38927,12,0,21,0,70,,38925,12,0,20,0,25,,38931,12,0,21,0,65,,38926,12,0,62,0,35,,38921,12,0,21,0,64,,38920,12,0,21,0,102,,38916,12,0,21,0,13,,38913,12,0,62,0,85,,38918,12,0,21,0,15,,38915,12,0,62,0,86,,38912,12,0,62,0,22,,38910,12,0,21,0
201,'5_5',707,,38986,12,0,20,0,30,,38984,12,0,21,0,69,,38981,12,0,21,0,33,,38985,12,0,62,0,67,,38982,12,0,21,0,28,,38979,12,0,20,0,81,,38974,12,0,21,0,26,,38975,12,0,62,0,84,,38972,12,0,21,0,75,,38971,12,0,62,0,40,,38973,12,0,20,0,75,,38969,12,0,21,0,20,,38967,12,0,62,0,24,,38966,12,0,21,0,70,,38964,12,0,20,0,25,,38970,12,0,21,0,65,,38965,12,0,62,0,35,,38960,12,0,21,0,64,,38959,12,0,21,0,102,,38955,12,0,21,0,13,,38952,12,0,62,0,85,,38957,12,0,21,0,15,,38954,12,0,62,0,86,,38951,12,0,62,0,22,,38949,12,0,21,0
201,'6_1',707,,39025,12,0,20,0,30,,39023,12,0,21,0,69,,39020,12,0,21,0,33,,39024,12,0,62,0,67,,39021,12,0,21,0,28,,39018,12,0,20,0,81,,39013,12,0,21,0,26,,39014,12,0,62,0,84,,39011,12,0,21,0,75,,39010,12,0,62,0,40,,39012,12,0,20,0,75,,39008,12,0,21,0,20,,39006,12,0,62,0,24,,39005,12,0,21,0,70,,39003,12,0,20,0,25,,39009,12,0,21,0,65,,39004,12,0,62,0,35,,38999,12,0,21,0,64,,38998,12,0,21,0,102,,38994,12,0,21,0,13,,38991,12,0,62,0,85,,38996,12,0,21,0,15,,38993,12,0,62,0,86,,38990,12,0,62,0,22,,38988,12,0,21,0
201,'6_2',707,,43842,12,0,20,0,30,,43840,12,0,21,0,69,,43837,12,0,21,0,33,,43841,12,0,62,0,67,,43838,12,0,21,0,28,,43835,12,0,20,0,81,,43830,12,0,21,0,26,,43831,12,0,62,0,84,,43828,12,0,21,0,75,,43827,12,0,62,0,40,,43829,12,0,20,0,75,,43825,12,0,21,0,20,,43823,12,0,62,0,24,,43822,12,0,21,0,70,,43820,12,0,20,0,25,,43826,12,0,21,0,65,,43821,12,0,62,0,35,,43816,12,0,21,0,64,,43815,12,0,21,0,102,,43811,12,0,21,0,13,,43808,12,0,62,0,85,,43813,12,0,21,0,15,,43810,12,0,62,0,86,,43807,12,0,62,0,22,,43805,12,0,21,0
201,'6_3',707,,43881,12,0,20,0,30,,43879,12,0,21,0,69,,43876,12,0,21,0,33,,43880,12,0,62,0,67,,43877,12,0,21,0,28,,43874,12,0,20,0,81,,43869,12,0,21,0,26,,43870,12,0,62,0,84,,43867,12,0,21,0,75,,43866,12,0,62,0,40,,43868,12,0,20,0,75,,43864,12,0,21,0,20,,43862,12,0,62,0,24,,43861,12,0,21,0,70,,43859,12,0,20,0,25,,43865,12,0,21,0,65,,43860,12,0,62,0,35,,43855,12,0,21,0,64,,43854,12,0,21,0,102,,43850,12,0,21,0,13,,43847,12,0,62,0,85,,43852,12,0,21,0,15,,43849,12,0,62,0,86,,43846,12,0,62,0,22,,43844,12,0,21,0
201,'6_4',707,,43920,12,0,20,0,30,,43918,12,0,21,0,69,,43915,12,0,21,0,33,,43919,12,0,62,0,67,,43916,12,0,21,0,28,,43913,12,0,20,0,81,,43908,12,0,21,0,26,,43909,12,0,62,0,84,,43906,12,0,21,0,75,,43905,12,0,62,0,40,,43907,12,0,20,0,75,,43903,12,0,21,0,20,,43901,12,0,62,0,24,,43900,12,0,21,0,70,,43898,12,0,20,0,25,,43904,12,0,21,0,65,,43899,12,0,62,0,35,,43894,12,0,21,0,64,,43893,12,0,21,0,102,,43889,12,0,21,0,13,,43886,12,0,62,0,85,,43891,12,0,21,0,15,,43888,12,0,62,0,86,,43885,12,0,62,0,22,,43883,12,0,21,0
