'2509-HIV-25i01H-s-Samedi-00',1500,73300,,'',0,2100,,'',0,15400,,'',0,11700,,'',0,11800,,'',0,8000,,'',0,3500,,'',0,9700,,'',0,15900,0,'Pollestres Europe',0,10200,,'',0,10800,,'',0,9800,,'',0,11300,,'',0
'2509-HIV-25j05H-d-Dimanche-00',1500,84700,,'',0,27600,,'',0,30000,,'',0,32700,,'',0
'2509-HIV-25j20Vlv-Semaine-00',1500,73300,,'',0,2100,,'',0,15400,,'',0,11700,,'',0,11800,,'',0,8000,,'',0,3500,,'',0,9700,,'',0,15900,0,'Pollestres Europe',0,10200,,'',0,10800,,'',0,9800,,'',0,11300,,'',0
'2509-HIV-25j26H-d-Dimanche-00',1500,84700,,'',0,27600,,'',0,30000,,'',0,32700,,'',0
'2509-HIV-25j27Vlv-Semaine-00',1500,73300,,'',0,2100,,'',0,15400,,'',0,11700,,'',0,11800,,'',0,8000,,'',0,3500,,'',0,9700,,'',0,15900,0,'Pollestres Europe',0,10200,,'',0,10800,,'',0,9800,,'',0,11300,,'',0
'2509-HIV-25k03H-s-Samedi-00',1500,73300,,'',0,2100,,'',0,15400,,'',0,11700,,'',0,11800,,'',0,8000,,'',0,3500,,'',0,9700,,'',0,15900,0,'Pollestres Europe',0,10200,,'',0,10800,,'',0,9800,,'',0,11300,,'',0
'2509-HIV-25k03H-w-Mercredi-00',1500,73300,,'',0,2100,,'',0,15400,,'',0,11700,,'',0,11800,,'',0,8000,,'',0,3500,,'',0,9700,,'',0,15900,0,'Pollestres Europe',0,10200,,'',0,10800,,'',0,9800,,'',0,11300,,'',0
'2509-HIV-25k03Hlv-L-Ma-J-V-00',1500,73300,,'',0,2100,,'',0,15400,,'',0,11700,,'',0,11800,,'',0,8000,,'',0,3500,,'',0,9700,,'',0,15900,0,'Pollestres Europe',0,10200,,'',0,10800,,'',0,9800,,'',0,11300,,'',0
'2509-HIV-25l18Hlv-L-Ma-J-V-00',1500,73300,,'',0,2100,,'',0,15400,,'',0,11700,,'',0,11800,,'',0,8000,,'',0,3500,,'',0,9700,,'',0,15900,0,'Pollestres Europe',0,10200,,'',0,10800,,'',0,9800,,'',0,11300,,'',0
'2509-HIV-25l22Vlv-Semaine-00',1500,73300,,'',0,2100,,'',0,15400,,'',0,11700,,'',0,11800,,'',0,8000,,'',0,3500,,'',0,9700,,'',0,15900,0,'Pollestres Europe',0,10200,,'',0,10800,,'',0,9800,,'',0,11300,,'',0
'2509-HIV-25j05H-d-Dimanche-00',2000,92400,,'',0,90300,,'',0
'2509-HIV-25j26H-d-Dimanche-00',2000,92400,,'',0,90300,,'',0
'2509-HIV-25k03H-w-Mercredi-00',2000,164500,,'',0,10500,,'',0,9200,,'',0
'2509-HIV-25k03H-w-Mercredi-00-0010000',2000,124500,,'',0
'2509-HIV-25k03Hlv-L-Ma-J-V-00',2000,164500,,'',0,10500,,'',0,9200,,'',0
'2509-HIV-25l18Hlv-L-Ma-J-V-00',2000,164500,,'',0,10500,,'',0,9200,,'',0
'2509-HIV-25i01H-s-Samedi-00',4000000,64200,0,'Baillat',0,5800,0,'Tourné',0,2300,0,'Baillat',0,2000,0,'Tourné',0,6000,0,'Baillat',0,2100,0,'Tourné',0,2100,0,'Baillat',0,6000,0,'Tourné',0,2000,0,'Baillat',0,2200,0,'Tourné',0,5900,0,'Baillat',0,2100,0,'Tourné',0,2200,0,'Baillat',0,6100,0,'Tourné',0,2100,0,'Baillat',0,2100,0,'Tourné',0,6200,0,'Baillat',0,2000,0,'Tourné',0,2000,0,'Tourné',0,6100,0,'Baillat',0,2100,0,'Tourné',0,1800,0,'Baillat',0,5900,0,'Tourné',0,1800,0,'Baillat',0,1800,0,'Tourné',0,5900,0,'Baillat',0,2000,0,'Tourné',0,2000,0,'Baillat',0,6000,0,'Tourné',0,2100,0,'Baillat',0,2100,0,'Tourné',0,6100,0,'Baillat',0,2000,0,'Tourné',0,2000,0,'Baillat',0,5800,0,'Tourné',0,2000,0,'Baillat',0,1800,0,'Tourné',0,5800,0,'Baillat',0,2000,0,'Tourné',0,1900,0,'Baillat',0,6000,0,'Tourné',0,1900,0,'Baillat',0
'2509-HIV-25j05H-d-Dimanche-00',4000000,83100,0,'Baillat',0,11000,0,'Tourné',0,11000,0,'Baillat',0,15000,0,'Tourné',0,11000,0,'Baillat',0,11000,0,'Tourné',0,11000,0,'Baillat',0,11000,0,'Tourné',0,11000,0,'Baillat',0,15000,0,'Tourné',0
'2509-HIV-25j20Vlv-Semaine-00',4000000,64200,0,'Baillat',0,5800,0,'Tourné',0,2300,0,'Baillat',0,2000,0,'Tourné',0,6000,0,'Baillat',0,2100,0,'Tourné',0,2100,0,'Baillat',0,6000,0,'Tourné',0,2000,0,'Baillat',0,2200,0,'Tourné',0,5900,0,'Baillat',0,2100,0,'Tourné',0,2200,0,'Baillat',0,6100,0,'Tourné',0,2100,0,'Baillat',0,2100,0,'Tourné',0,6200,0,'Baillat',0,2000,0,'Tourné',0,2000,0,'Tourné',0,6100,0,'Baillat',0,2100,0,'Tourné',0,1800,0,'Baillat',0,5900,0,'Tourné',0,1800,0,'Baillat',0,1800,0,'Tourné',0,5900,0,'Baillat',0,2000,0,'Tourné',0,2000,0,'Baillat',0,6000,0,'Tourné',0,2100,0,'Baillat',0,2100,0,'Tourné',0,6100,0,'Baillat',0,2000,0,'Tourné',0,2000,0,'Baillat',0,5800,0,'Tourné',0,2000,0,'Baillat',0,1800,0,'Tourné',0,5800,0,'Baillat',0,2000,0,'Tourné',0,1900,0,'Baillat',0,6000,0,'Tourné',0,1900,0,'Baillat',0
'2509-HIV-25j26H-d-Dimanche-00',4000000,83100,0,'Baillat',0,11000,0,'Tourné',0,11000,0,'Baillat',0,15000,0,'Tourné',0,11000,0,'Baillat',0,11000,0,'Tourné',0,11000,0,'Baillat',0,11000,0,'Tourné',0,11000,0,'Baillat',0,15000,0,'Tourné',0
'2509-HIV-25j27Vlv-Semaine-00',4000000,64200,0,'Baillat',0,5800,0,'Tourné',0,2300,0,'Baillat',0,2000,0,'Tourné',0,6000,0,'Baillat',0,2100,0,'Tourné',0,2100,0,'Baillat',0,6000,0,'Tourné',0,2000,0,'Baillat',0,2200,0,'Tourné',0,5900,0,'Baillat',0,2100,0,'Tourné',0,2200,0,'Baillat',0,6100,0,'Tourné',0,2100,0,'Baillat',0,2100,0,'Tourné',0,6200,0,'Baillat',0,2000,0,'Tourné',0,2000,0,'Tourné',0,6100,0,'Baillat',0,2100,0,'Tourné',0,1800,0,'Baillat',0,5900,0,'Tourné',0,1800,0,'Baillat',0,1800,0,'Tourné',0,5900,0,'Baillat',0,2000,0,'Tourné',0,2000,0,'Baillat',0,6000,0,'Tourné',0,2100,0,'Baillat',0,2100,0,'Tourné',0,6100,0,'Baillat',0,2000,0,'Tourné',0,2000,0,'Baillat',0,5800,0,'Tourné',0,2000,0,'Baillat',0,1800,0,'Tourné',0,5800,0,'Baillat',0,2000,0,'Tourné',0,1900,0,'Baillat',0,6000,0,'Tourné',0,1900,0,'Baillat',0
'2509-HIV-25k03H-s-Samedi-00',4000000,64200,0,'Baillat',0,5800,0,'Tourné',0,2300,0,'Baillat',0,2000,0,'Tourné',0,6000,0,'Baillat',0,2100,0,'Tourné',0,2100,0,'Baillat',0,6000,0,'Tourné',0,2000,0,'Baillat',0,2200,0,'Tourné',0,5900,0,'Baillat',0,2100,0,'Tourné',0,2200,0,'Baillat',0,6100,0,'Tourné',0,2100,0,'Baillat',0,2100,0,'Tourné',0,6200,0,'Baillat',0,2000,0,'Tourné',0,2000,0,'Tourné',0,6100,0,'Baillat',0,2100,0,'Tourné',0,1800,0,'Baillat',0,5900,0,'Tourné',0,1800,0,'Baillat',0,1800,0,'Tourné',0,5900,0,'Baillat',0,2000,0,'Tourné',0,2000,0,'Baillat',0,6000,0,'Tourné',0,2100,0,'Baillat',0,2100,0,'Tourné',0,6100,0,'Baillat',0,2000,0,'Tourné',0,2000,0,'Baillat',0,5800,0,'Tourné',0,2000,0,'Baillat',0,1800,0,'Tourné',0,5800,0,'Baillat',0,2000,0,'Tourné',0,1900,0,'Baillat',0,6000,0,'Tourné',0,1900,0,'Baillat',0
'2509-HIV-25k03H-w-Mercredi-00',4000000,64200,0,'Tourné',0,5800,0,'Baillat',0,2900,0,'Tourné',0,2700,0,'Baillat',0,5500,0,'Tourné',0,1900,0,'Baillat',0,2200,0,'Tourné',0,6100,0,'Baillat',0,1600,0,'Tourné',0,2000,0,'Baillat',0,5900,0,'Tourné',0,1900,0,'Baillat',0,2000,0,'Tourné',0,6100,0,'Baillat',0,2000,0,'Tourné',0,1900,0,'Baillat',0,6500,0,'Tourné',0,1800,0,'Baillat',0,1800,0,'Tourné',0,5800,0,'Baillat',0,1900,0,'Tourné',0,2400,0,'Baillat',0,6100,0,'Tourné',0,1900,0,'Baillat',0,1900,0,'Tourné',0,6200,0,'Baillat',0,2100,0,'Tourné',0,1800,0,'Baillat',0,6200,0,'Tourné',0,2200,0,'Baillat',0,2200,0,'Tourné',0,7000,0,'Baillat',0,1900,0,'Tourné',0,5800,0,'Baillat',0,1600,0,'Tourné',0,1700,0,'Baillat',0,1500,0,'Tourné',0,5500,0,'Baillat',0,1900,0,'Tourné',0,1900,0,'Baillat',0,6000,0,'Tourné',0,1900,0,'Baillat',0
'2509-HIV-25k03Hlv-L-Ma-J-V-00',4000000,64200,0,'Tourné',0,5800,0,'Baillat',0,2900,0,'Tourné',0,2700,0,'Baillat',0,5500,0,'Tourné',0,1900,0,'Baillat',0,2200,0,'Tourné',0,6100,0,'Baillat',0,1600,0,'Tourné',0,2000,0,'Baillat',0,5900,0,'Tourné',0,1900,0,'Baillat',0,2000,0,'Tourné',0,6100,0,'Baillat',0,2000,0,'Tourné',0,1900,0,'Baillat',0,6500,0,'Tourné',0,1800,0,'Baillat',0,1800,0,'Tourné',0,5800,0,'Baillat',0,1900,0,'Tourné',0,2400,0,'Baillat',0,6100,0,'Tourné',0,1900,0,'Baillat',0,1900,0,'Tourné',0,6200,0,'Baillat',0,2100,0,'Tourné',0,1800,0,'Baillat',0,6200,0,'Tourné',0,2200,0,'Baillat',0,2200,0,'Tourné',0,7000,0,'Baillat',0,1900,0,'Tourné',0,5800,0,'Baillat',0,1600,0,'Tourné',0,1700,0,'Baillat',0,1500,0,'Tourné',0,5500,0,'Baillat',0,1900,0,'Tourné',0,1900,0,'Baillat',0,6000,0,'Tourné',0,1900,0,'Baillat',0
'2509-HIV-25l18Hlv-L-Ma-J-V-00',4000000,64200,0,'Tourné',0,5800,0,'Baillat',0,2900,0,'Tourné',0,2700,0,'Baillat',0,5500,0,'Tourné',0,1900,0,'Baillat',0,2200,0,'Tourné',0,6100,0,'Baillat',0,1600,0,'Tourné',0,2000,0,'Baillat',0,5900,0,'Tourné',0,1900,0,'Baillat',0,2000,0,'Tourné',0,6100,0,'Baillat',0,2000,0,'Tourné',0,1900,0,'Baillat',0,6500,0,'Tourné',0,1800,0,'Baillat',0,1800,0,'Tourné',0,5800,0,'Baillat',0,1900,0,'Tourné',0,2400,0,'Baillat',0,6100,0,'Tourné',0,1900,0,'Baillat',0,1900,0,'Tourné',0,6200,0,'Baillat',0,2100,0,'Tourné',0,1800,0,'Baillat',0,6200,0,'Tourné',0,2200,0,'Baillat',0,2200,0,'Tourné',0,7000,0,'Baillat',0,1900,0,'Tourné',0,5800,0,'Baillat',0,1600,0,'Tourné',0,1700,0,'Baillat',0,1500,0,'Tourné',0,5500,0,'Baillat',0,1900,0,'Tourné',0,1900,0,'Baillat',0,6000,0,'Tourné',0,1900,0,'Baillat',0
'2509-HIV-25l22Vlv-Semaine-00',4000000,64200,0,'Baillat',0,5800,0,'Tourné',0,2300,0,'Baillat',0,2000,0,'Tourné',0,6000,0,'Baillat',0,2100,0,'Tourné',0,2100,0,'Baillat',0,6000,0,'Tourné',0,2000,0,'Baillat',0,2200,0,'Tourné',0,5900,0,'Baillat',0,2100,0,'Tourné',0,2200,0,'Baillat',0,6100,0,'Tourné',0,2100,0,'Baillat',0,2100,0,'Tourné',0,6200,0,'Baillat',0,2000,0,'Tourné',0,2000,0,'Tourné',0,6100,0,'Baillat',0,2100,0,'Tourné',0,1800,0,'Baillat',0,5900,0,'Tourné',0,1800,0,'Baillat',0,1800,0,'Tourné',0,5900,0,'Baillat',0,2000,0,'Tourné',0,2000,0,'Baillat',0,6000,0,'Tourné',0,2100,0,'Baillat',0,2100,0,'Tourné',0,6100,0,'Baillat',0,2000,0,'Tourné',0,2000,0,'Baillat',0,5800,0,'Tourné',0,2000,0,'Baillat',0,1800,0,'Tourné',0,5800,0,'Baillat',0,2000,0,'Tourné',0,1900,0,'Baillat',0,6000,0,'Tourné',0,1900,0,'Baillat',0
