200,'0_6',709,,63315,22,0,34,0,30,,63326,19,0,35 37,0,20,,63338,10,0,38,0,59,,63316,22,0,34,0,25,,63327,19,0,35 37,0,60,,63339,22,0,38,0,21,,63317,19,0,34,0,25,,63328,10,0,35 37,0,60,,63340,10,0,38,0,19,,63318,22,0,34,0,25,,63329,19,0,35 37,0,63,,63341,10,0,38,0,23,,63319,22,0,34,0,64,,63330,19,0,35 37,0,21,,63342,10,0,38,0,20,,63320,20,0,34,0,59,,63331,10,0,35 37,0,20,,63343,19,0,38,0,20,,63321,22,0,34,0,60,,63332,19,0,35 37,0,21,,63344,10,0,38,0,21,,63322,22,0,34,0,61,,63333,19,0,35 37,0,21,,63345,10,0,38,0,23,,63323,22,0,34,0,67,,63334,19,0,35 37,0,18,,63346,10,0,38,0,18,,63324,22,0,34,0,64,,63335,19,0,35 37,0,18,,63347,10,0,38,0,18,,63325,22,0,34,0,60,,63349,19,0,35 37,0,26,,63348,10,0,38,0,67,,63336,22,0,35 37,0,23,,63337,19,0,34,0
200,'1_7',935,,63350,19,0,38,0,165,,63351,19,0,38,0,125,,63352,19,0,38,0,110,,63353,19,0,38,0,165,,63354,19,0,38,0,125,,63355,19,0,38,0,125,,63356,19,0,38,0,165,,63357,19,0,38,0
200,'2_5',709,,63498,22,0,34,0,30,,63509,19,0,35 37,0,20,,63521,10,0,38,0,59,,63499,22,0,34,0,25,,63510,19,0,35 37,0,60,,63522,22,0,38,0,21,,63500,19,0,34,0,25,,63511,10,0,35 37,0,60,,63523,10,0,38,0,19,,63501,22,0,34,0,25,,63512,19,0,35 37,0,63,,63524,10,0,38,0,23,,63502,22,0,34,0,64,,63513,19,0,35 37,0,21,,63525,10,0,38,0,20,,63503,20,0,34,0,59,,63514,10,0,35 37,0,20,,63526,19,0,38,0,20,,63504,22,0,34,0,60,,63515,19,0,35 37,0,21,,63527,10,0,38,0,21,,63505,22,0,34,0,61,,63516,19,0,35 37,0,21,,63528,10,0,38,0,23,,63506,22,0,34,0,67,,63517,19,0,35 37,0,18,,63529,10,0,38,0,18,,63507,22,0,34,0,64,,63518,19,0,35 37,0,18,,63530,10,0,38,0,18,,63508,22,0,34,0,60,,63532,19,0,35 37,0,26,,63531,10,0,38,0,67,,63519,22,0,35 37,0,23,,63520,19,0,34,0
200,'3_1',709,,63533,22,0,34,0,30,,63544,19,0,35 37,0,20,,63556,10,0,38,0,59,,63534,22,0,34,0,25,,63545,19,0,35 37,0,60,,63557,22,0,38,0,21,,63535,19,0,34,0,25,,63546,10,0,35 37,0,60,,63558,10,0,38,0,19,,63536,22,0,34,0,25,,63547,19,0,35 37,0,63,,63559,10,0,38,0,23,,63537,22,0,34,0,64,,63548,19,0,35 37,0,21,,63560,10,0,38,0,20,,63538,20,0,34,0,59,,63549,10,0,35 37,0,20,,63561,19,0,38,0,20,,63539,22,0,34,0,60,,63550,19,0,35 37,0,21,,63562,10,0,38,0,21,,63540,22,0,34,0,61,,63551,19,0,35 37,0,21,,63563,10,0,38,0,23,,63541,22,0,34,0,67,,63552,19,0,35 37,0,18,,63564,10,0,38,0,18,,63542,22,0,34,0,64,,63553,19,0,35 37,0,18,,63565,10,0,38,0,18,,63543,22,0,34,0,60,,63567,19,0,35 37,0,26,,63566,10,0,38,0,67,,63554,22,0,35 37,0,23,,63555,19,0,34,0
200,'3_3',709,,63568,22,0,34,0,30,,63579,19,0,35 37,0,20,,63591,10,0,38,0,59,,63569,22,0,34,0,25,,63580,19,0,35 37,0,60,,63592,22,0,38,0,21,,63570,19,0,34,0,25,,63581,10,0,35 37,0,60,,63593,10,0,38,0,19,,63571,22,0,34,0,25,,63582,19,0,35 37,0,63,,63594,10,0,38,0,23,,63572,22,0,34,0,64,,63583,19,0,35 37,0,21,,63595,10,0,38,0,20,,63573,20,0,34,0,59,,63584,10,0,35 37,0,20,,63596,19,0,38,0,20,,63574,22,0,34,0,60,,63585,19,0,35 37,0,21,,63597,10,0,38,0,21,,63575,22,0,34,0,61,,63586,19,0,35 37,0,21,,63598,10,0,38,0,23,,63576,22,0,34,0,67,,63587,19,0,35 37,0,18,,63599,10,0,38,0,18,,63577,22,0,34,0,64,,63588,19,0,35 37,0,18,,63600,10,0,38,0,18,,63578,22,0,34,0,60,,63602,19,0,35 37,0,26,,63601,10,0,38,0,67,,63589,22,0,35 37,0,23,,63590,19,0,34,0
200,'3_4',709,,63603,22,0,34,0,30,,63614,19,0,35 37,0,20,,63626,10,0,38,0,59,,63604,22,0,34,0,25,,63615,19,0,35 37,0,60,,63627,22,0,38,0,21,,63605,19,0,34,0,25,,63616,10,0,35 37,0,60,,63628,10,0,38,0,19,,63606,22,0,34,0,25,,63617,19,0,35 37,0,63,,63629,10,0,38,0,23,,63607,22,0,34,0,64,,63618,19,0,35 37,0,21,,63630,10,0,38,0,20,,63608,20,0,34,0,59,,63619,10,0,35 37,0,20,,63631,19,0,38,0,20,,63609,22,0,34,0,60,,63620,19,0,35 37,0,21,,63632,10,0,38,0,21,,63610,22,0,34,0,61,,63621,19,0,35 37,0,21,,63633,10,0,38,0,23,,63611,22,0,34,0,67,,63622,19,0,35 37,0,18,,63634,10,0,38,0,18,,63612,22,0,34,0,64,,63623,19,0,35 37,0,18,,63635,10,0,38,0,18,,63613,22,0,34,0,60,,63637,19,0,35 37,0,26,,63636,10,0,38,0,67,,63624,22,0,35 37,0,23,,63625,19,0,34,0
200,'3_5',709,,63638,22,0,34,0,30,,63649,19,0,35 37,0,20,,63661,10,0,38,0,59,,63639,22,0,34,0,25,,63650,19,0,35 37,0,60,,63662,22,0,38,0,21,,63640,19,0,34,0,25,,63651,10,0,35 37,0,60,,63663,10,0,38,0,19,,63641,22,0,34,0,25,,63652,19,0,35 37,0,63,,63664,10,0,38,0,23,,63642,22,0,34,0,64,,63653,19,0,35 37,0,21,,63665,10,0,38,0,20,,63643,20,0,34,0,59,,63654,10,0,35 37,0,20,,63666,19,0,38,0,20,,63644,22,0,34,0,60,,63655,19,0,35 37,0,21,,63667,10,0,38,0,21,,63645,22,0,34,0,61,,63656,19,0,35 37,0,21,,63668,10,0,38,0,23,,63646,22,0,34,0,67,,63657,19,0,35 37,0,18,,63669,10,0,38,0,18,,63647,22,0,34,0,64,,63658,19,0,35 37,0,18,,63670,10,0,38,0,18,,63648,22,0,34,0,60,,63672,19,0,35 37,0,26,,63671,10,0,38,0,67,,63659,22,0,35 37,0,23,,63660,19,0,34,0
200,'4_7',935,,63673,19,0,38,0,165,,63674,19,0,38,0,125,,63675,19,0,38,0,110,,63676,19,0,38,0,165,,63677,19,0,38,0,125,,63678,19,0,38,0,125,,63679,19,0,38,0,165,,63680,19,0,38,0
2600,'0_6',725,,67928,13,,,0,85,,67929,13,,,0,45,,67930,13,,,0,85,,67931,13,,,0,84,,67932,13,,,0,90,,67933,13,,,0,44,,67934,13,,,0,82,,67935,13,,,0,84,,67936,13,,,0,85,,67937,13,,,0,43,,67938,13,,,0,86,,67939,13,,,0,90,,67940,13,,,0,86,,67941,13,,,0,43,,67942,13,,,0,85,,67943,13,,,0,83,,67944,13,,,0
2600,'2_5',725,,68013,13,,,0,85,,68014,13,,,0,45,,68015,13,,,0,85,,68016,13,,,0,84,,68017,13,,,0,90,,68018,13,,,0,44,,68019,13,,,0,82,,68020,13,,,0,84,,68021,13,,,0,85,,68022,13,,,0,43,,68023,13,,,0,86,,68024,13,,,0,90,,68025,13,,,0,86,,68026,13,,,0,43,,68027,13,,,0,85,,68028,13,,,0,83,,68029,13,,,0
2600,'3_1',725,,68030,13,,,0,85,,68031,13,,,0,45,,68032,13,,,0,85,,68033,13,,,0,84,,68034,13,,,0,90,,68035,13,,,0,44,,68036,13,,,0,82,,68037,13,,,0,84,,68038,13,,,0,85,,68039,13,,,0,43,,68040,13,,,0,86,,68041,13,,,0,90,,68042,13,,,0,86,,68043,13,,,0,43,,68044,13,,,0,85,,68045,13,,,0,83,,68046,13,,,0
2600,'3_3',725,,68047,13,,,0,85,,68048,13,,,0,45,,68049,13,,,0,85,,68050,13,,,0,84,,68051,13,,,0,90,,68052,13,,,0,44,,68053,13,,,0,82,,68054,13,,,0,84,,68055,13,,,0,85,,68056,13,,,0,43,,68057,13,,,0,86,,68058,13,,,0,90,,68059,13,,,0,86,,68060,13,,,0,43,,68061,13,,,0,85,,68062,13,,,0,83,,68063,13,,,0
2600,'3_4',725,,68064,13,,,0,85,,68065,13,,,0,45,,68066,13,,,0,85,,68067,13,,,0,84,,68068,13,,,0,90,,68069,13,,,0,44,,68070,13,,,0,82,,68071,13,,,0,84,,68072,13,,,0,85,,68073,13,,,0,43,,68074,13,,,0,86,,68075,13,,,0,90,,68076,13,,,0,86,,68077,13,,,0,43,,68078,13,,,0,85,,68079,13,,,0,83,,68080,13,,,0
2600,'3_5',725,,68081,13,,,0,85,,68082,13,,,0,45,,68083,13,,,0,85,,68084,13,,,0,84,,68085,13,,,0,90,,68086,13,,,0,44,,68087,13,,,0,82,,68088,13,,,0,84,,68089,13,,,0,85,,68090,13,,,0,43,,68091,13,,,0,86,,68092,13,,,0,90,,68093,13,,,0,86,,68094,13,,,0,43,,68095,13,,,0,85,,68096,13,,,0,83,,68097,13,,,0
