1000,'2_6',708,,32362,35,,,0,97,,32363,35,,,0,132,,32369,41,4,,0,67,,32364,35,,,0,118,,32370,41,4,,0,101,,32371,41,4,,0,100,,32372,41,4,,0,102,,32373,41,4,,0,92,,32367,41,,,0,116,,32368,41,,,0,69,,32365,35,,,0,144,,32366,35,,,0,159,,32374,41,4,,0
1000,'5_5',940,,40323,41,4,,0,64,,40313,35,,,0,124,,40316,41,4,,0,95,,40317,41,4,,0,100,,40318,41,4,,0,102,,40319,41,4,,0,92,,40321,41,,,0,116,,40322,41,,,0,69,,40314,35,,,0,144,,40315,35,,,0,159,,40320,41,4,,0
1000,'6_1',940,,40336,41,4,,0,64,,40326,35,,,0,124,,40329,41,4,,0,95,,40330,41,4,,0,100,,40331,41,4,,0,102,,40332,41,4,,0,92,,40334,41,,,0,116,,40335,41,,,0,69,,40327,35,,,0,144,,40328,35,,,0,159,,40333,41,4,,0
1000,'6_2',940,,44681,41,4,,0,64,,44671,35,,,0,124,,44674,41,4,,0,95,,44675,41,4,,0,100,,44676,41,4,,0,102,,44677,41,4,,0,92,,44679,41,,,0,116,,44680,41,,,0,69,,44672,35,,,0,144,,44673,35,,,0,159,,44678,41,4,,0
1000,'6_3',940,,44694,41,4,,0,64,,44684,35,,,0,124,,44687,41,4,,0,95,,44688,41,4,,0,100,,44689,41,4,,0,102,,44690,41,4,,0,92,,44692,41,,,0,116,,44693,41,,,0,69,,44685,35,,,0,144,,44686,35,,,0,159,,44691,41,4,,0
1000,'6_4',940,,44707,41,4,,0,64,,44697,35,,,0,124,,44700,41,4,,0,95,,44701,41,4,,0,100,,44702,41,4,,0,102,,44703,41,4,,0,92,,44705,41,,,0,116,,44706,41,,,0,69,,44698,35,,,0,144,,44699,35,,,0,159,,44704,41,4,,0
1000,'7_1',940,,47127,41,4,,0,65,,47115,35,,,0,122,,47118,41,4,,0,86,,47119,41,4,,0,35,,47120,41,4,,0,82,,47121,41,4,,0,100,,47122,41,4,,0,80,,47124,41,,,0,30,,47125,41,,,0,96,,47126,41,,,0,64,,47116,35,,,0,144,,47117,35,,,0,162,,47123,41,4,,0
2601,'2_6',743,,33615,24,4,,0,86,,33618,24,4,,0,85,,33619,24,4,,0,87,,33620,24,4,,0,50,,33621,24,4,,0,84,,33622,24,4,,0,83,,33623,24,4,,0,85,,33624,24,4,,0,42,,33625,24,4,,0,85,,33626,24,4,,0,86,,33627,24,4,,0,91,,33628,24,4,,0,46,,33629,24,4,,0,81,,33630,24,4,,0,86,,33631,24,4,,0,82,,33617,24,4,,0,41,,33616,24,4,,0
2601,'5_5',743,,40936,24,4,,0,86,,40937,24,4,,0,85,,40938,24,4,,0,87,,40939,24,4,,0,50,,40940,24,4,,0,84,,40941,24,4,,0,83,,40942,24,4,,0,85,,40943,24,4,,0,42,,40944,24,4,,0,85,,40945,24,4,,0,86,,40946,24,4,,0,91,,40947,24,4,,0,46,,40948,24,4,,0,81,,40949,24,4,,0,86,,40950,24,4,,0,82,,40951,24,4,,0,41,,40952,24,4,,0
2601,'6_1',743,,40953,24,4,,0,86,,40954,24,4,,0,85,,40955,24,4,,0,87,,40956,24,4,,0,50,,40957,24,4,,0,84,,40958,24,4,,0,83,,40959,24,4,,0,85,,40960,24,4,,0,42,,40961,24,4,,0,85,,40962,24,4,,0,86,,40963,24,4,,0,91,,40964,24,4,,0,46,,40965,24,4,,0,81,,40966,24,4,,0,86,,40967,24,4,,0,82,,40968,24,4,,0,41,,40969,24,4,,0
2601,'6_2',743,,45041,24,4,,0,86,,45042,24,4,,0,85,,45043,24,4,,0,87,,45044,24,4,,0,50,,45045,24,4,,0,84,,45046,24,4,,0,83,,45047,24,4,,0,85,,45048,24,4,,0,42,,45049,24,4,,0,85,,45050,24,4,,0,86,,45051,24,4,,0,91,,45052,24,4,,0,46,,45053,24,4,,0,81,,45054,24,4,,0,86,,45055,24,4,,0,82,,45056,24,4,,0,41,,45057,24,4,,0
2601,'6_3',743,,45058,24,4,,0,86,,45059,24,4,,0,85,,45060,24,4,,0,87,,45061,24,4,,0,50,,45062,24,4,,0,84,,45063,24,4,,0,83,,45064,24,4,,0,85,,45065,24,4,,0,42,,45066,24,4,,0,85,,45067,24,4,,0,86,,45068,24,4,,0,91,,45069,24,4,,0,46,,45070,24,4,,0,81,,45071,24,4,,0,86,,45072,24,4,,0,82,,45073,24,4,,0,41,,45074,24,4,,0
2601,'6_4',743,,45075,24,4,,0,86,,45076,24,4,,0,85,,45077,24,4,,0,87,,45078,24,4,,0,50,,45079,24,4,,0,84,,45080,24,4,,0,83,,45081,24,4,,0,85,,45082,24,4,,0,42,,45083,24,4,,0,85,,45084,24,4,,0,86,,45085,24,4,,0,91,,45086,24,4,,0,46,,45087,24,4,,0,81,,45088,24,4,,0,86,,45089,24,4,,0,82,,45090,24,4,,0,41,,45091,24,4,,0
2601,'7_1',740,,47343,11,4,,0,2,,47356,11,4,,0,1,,47341,11,4,,0,2,,47334,24,4,,0,72,,47344,24,4,,0,24,,47346,24,4,,0,9,,47342,12,4,,0,55,,47345,24,4,,0,39,,47335,24,4,,0,100,,47336,24,4,,0,100,,47353,24,4,,0,100,,47337,24,4,,0,67,,47354,24,4,,0,22,,47355,24,4,,0,5,,47357,11,4,,0,87,,47338,24,4,,0,95,,47339,24,4,,0,114,,47348,24,4,,0,89,,47349,24,4,,0,27,,47350,24,4,,0,89,,47351,24,4,,0,62,,47352,24,4,,0,52,,47347,24,4,,0
1000000,'2_6',536,,34621,10,0,31 33,0,80,,34622,10,0,31 33,0,41,,34623,10,,,0,81,,34624,10,,,0,70,,34625,10,0,31 33,0,15,,34626,10,,,0,16,,34627,10,0,31 33,0,15,,34628,10,0,31 33,0,53,,34629,10,,,0,15,,34630,10,0,31 33,0,16,,34688,10,0,31 33,0,16,,34631,10,,,0,56,,34632,10,0,31 33,0,16,,34633,10,0,31 33,0,14,,34634,10,,,0,16,,34635,10,0,31 33,0,55,,34636,10,0,31 33,0,16,,34637,10,,,0,15,,34638,10,0,31 33,0,15,,34639,10,0,31 33,0,56,,34640,10,,,0,14,,34641,10,0,31 33,0,15,,34642,10,0,31 33,0,15,,34643,10,,,0,54,,34644,10,0,31 33,0,10,,34645,10,0,31 33,0,11,,34646,10,,,0,12,,34647,10,0,31 33,0,10,,34648,10,0,31 33,0,49,,34649,10,0,31 33,0,9,,34650,10,,,0,10,,34651,10,0,31 33,0,11,,34652,10,0,31 33,0,10,,34653,10,0,31 33,0,10,,34654,10,,,0,52,,34655,10,0,31 33,0,9,,34656,10,0,31 33,0,9,,34657,10,0,31 33,0,10,,34658,10,,,0,11,,34659,10,0,31 33,0,10,,34660,10,0,31 33,0,50,,34661,10,0,31 33,0,11,,34662,10,,,0,11,,34663,10,0,31 33,0,9,,34664,10,0,31 33,0,11,,34665,10,0,31 33,0,11,,34666,10,,,0,53,,34667,10,0,31 33,0,9,,34668,10,0,31 33,0,9,,34669,10,0,31 33,0,10,,34670,10,,,0,8,,34671,10,0,31 33,0,9,,34672,10,0,31 33,0,50,,34673,10,0,31 33,0,8,,34675,10,0,31 33,0,10,,34674,10,,,0,9,,34676,10,0,31 33,0,9,,34677,10,0,31 33,0,9,,34679,10,0,31 33,0,50,,34678,10,0,31 33,0,11,,34680,10,0,31 33,0,21,,34681,10,0,31 33,0,17,,34682,10,0,31 33,0,60,,34683,10,0,31 33,0,20,,34684,10,0,31 33,0,20,,34685,10,0,31 33,0,59,,34686,10,0,31 33,0,19,,34687,10,0,31 33,0
1000000,'3_7',808,,34689,10,0,31 33,0,40,,34690,10,0,31 33,0,80,,34691,10,0,31 33,0,80,,34692,10,0,31 33,0,40,,34693,10,0,31 33,0,80,,34694,10,0,31 33,0,80,,34695,10,0,31 33,0,40,,34696,10,0,31 33,0,80,,34697,10,0,31 33,0,80,,34698,10,0,31 33,0,40,,34699,10,0,31 33,0,80,,34700,10,0,31 33,0,80,,34701,10,0,31 33,0,40,,34702,10,0,31 33,0,80,,34703,10,0,31 33,0,80,,34704,10,0,31 33,0,40,,34705,10,0,31 33,0,80,,34706,10,0,31 33,0
1000000,'4_7',808,,47457,10,0,31 33,0,40,,47458,10,0,31 33,0,80,,47459,10,0,31 33,0,80,,47460,10,0,31 33,0,40,,47461,10,0,31 33,0,80,,47462,10,0,31 33,0,80,,47463,10,0,31 33,0,40,,47464,10,0,31 33,0,80,,47465,10,0,31 33,0,80,,47466,10,0,31 33,0,40,,47467,10,0,31 33,0,80,,47468,10,0,31 33,0,80,,47469,10,0,31 33,0,40,,47470,10,0,31 33,0,80,,47471,10,0,31 33,0,80,,47472,10,0,31 33,0,40,,47473,10,0,31 33,0,80,,47474,10,0,31 33,0
1000000,'5_5',541,,41465,10,0,31 33,0,60,,41466,10,0,31 33,0,20,,41546,10,0,31 33,0,20,,41547,10,,,0,13,,41549,10,,,0,51,,41545,10,,,0,10,,41499,10,,,0,9,,41500,10,,,0,10,,41501,10,,,0,9,,41502,10,,,0,10,,41503,10,,,0,51,,41504,10,,,0,10,,41505,10,,,0,10,,41506,10,,,0,9,,41548,10,,,0,9,,41467,10,0,31 33,0,9,,41468,10,,,0,50,,41469,10,0,31 33,0,9,,41470,10,,,0,10,,41471,10,0,31 33,0,10,,41507,10,,,0,12,,41472,10,0,31 33,0,11,,41473,10,,,0,51,,41474,10,0,31 33,0,11,,41475,10,,,0,11,,41476,10,0,31 33,0,10,,41477,10,,,0,11,,41479,10,0,31 33,0,10,,41478,10,,,0,51,,41509,10,0,31 33,0,10,,41508,10,,,0,11,,41510,10,0,31 33,0,10,,41511,10,,,0,11,,41512,10,0,31 33,0,51,,41513,10,,,0,10,,41514,10,0,31 33,0,11,,41515,10,,,0,11,,41516,10,0,31 33,0,10,,41517,10,,,0,9,,41518,10,0,31 33,0,50,,41519,10,,,0,11,,41520,10,0,31 33,0,10,,41521,10,,,0,9,,41480,10,0,31 33,0,11,,41481,10,,,0,10,,41522,10,0,31 33,0,50,,41482,10,,,0,10,,41483,10,0,31 33,0,10,,41484,10,,,0,10,,41523,10,0,31 33,0,10,,41485,10,,,0,10,,41486,10,0,31 33,0,51,,41487,10,,,0,10,,41488,10,0,31 33,0,11,,41524,10,,,0,10,,41525,10,,,0,10,,41526,10,,,0,10,,41527,10,,,0,50,,41528,10,,,0,9,,41529,10,,,0,10,,41530,10,,,0,10,,41531,10,,,0,11,,41532,10,,,0,11,,41533,10,,,0,50,,41534,10,,,0,10,,41535,10,,,0,10,,41536,10,,,0,10,,41537,10,,,0,10,,41538,10,,,0,9,,41539,10,,,0,50,,41540,10,0,31 33,0,10,,41541,10,,,0,9,,41544,10,0,31 33,0,9,,41489,10,0,31 33,0,9,,41542,10,,,0,9,,41490,10,0,31 33,0,49,,41543,10,,,0,9,,41491,10,0,31 33,0,20,,41492,10,0,31 33,0,20,,41493,10,0,31 33,0,58,,41494,10,0,31 33,0,20,,41495,10,0,31 33,0,21,,41496,10,0,31 33,0,60,,41497,10,0,31 33,0,20,,41498,10,0,31 33,0
1000000,'6_1',541,,41550,10,0,31 33,0,60,,41551,10,0,31 33,0,20,,41631,10,0,31 33,0,20,,41632,10,,,0,13,,41634,10,,,0,51,,41630,10,,,0,10,,41584,10,,,0,9,,41585,10,,,0,10,,41586,10,,,0,9,,41587,10,,,0,10,,41588,10,,,0,51,,41589,10,,,0,10,,41590,10,,,0,10,,41591,10,,,0,9,,41633,10,,,0,9,,41552,10,0,31 33,0,9,,41553,10,,,0,50,,41554,10,0,31 33,0,9,,41555,10,,,0,10,,41556,10,0,31 33,0,10,,41592,10,,,0,12,,41557,10,0,31 33,0,11,,41558,10,,,0,51,,41559,10,0,31 33,0,11,,41560,10,,,0,11,,41561,10,0,31 33,0,10,,41562,10,,,0,11,,41564,10,0,31 33,0,10,,41563,10,,,0,51,,41594,10,0,31 33,0,10,,41593,10,,,0,11,,41595,10,0,31 33,0,10,,41596,10,,,0,11,,41597,10,0,31 33,0,51,,41598,10,,,0,10,,41599,10,0,31 33,0,11,,41600,10,,,0,11,,41601,10,0,31 33,0,10,,41602,10,,,0,9,,41603,10,0,31 33,0,50,,41604,10,,,0,11,,41605,10,0,31 33,0,10,,41606,10,,,0,9,,41565,10,0,31 33,0,11,,41566,10,,,0,10,,41607,10,0,31 33,0,50,,41567,10,,,0,10,,41568,10,0,31 33,0,10,,41569,10,,,0,10,,41608,10,0,31 33,0,10,,41570,10,,,0,10,,41571,10,0,31 33,0,51,,41572,10,,,0,10,,41573,10,0,31 33,0,11,,41609,10,,,0,10,,41610,10,,,0,10,,41611,10,,,0,10,,41612,10,,,0,50,,41613,10,,,0,9,,41614,10,,,0,10,,41615,10,,,0,10,,41616,10,,,0,11,,41617,10,,,0,11,,41618,10,,,0,50,,41619,10,,,0,10,,41620,10,,,0,10,,41621,10,,,0,10,,41622,10,,,0,10,,41623,10,,,0,9,,41624,10,,,0,50,,41625,10,0,31 33,0,10,,41626,10,,,0,9,,41629,10,0,31 33,0,9,,41574,10,0,31 33,0,9,,41627,10,,,0,9,,41575,10,0,31 33,0,49,,41628,10,,,0,9,,41576,10,0,31 33,0,20,,41577,10,0,31 33,0,20,,41578,10,0,31 33,0,58,,41579,10,0,31 33,0,20,,41580,10,0,31 33,0,21,,41581,10,0,31 33,0,60,,41582,10,0,31 33,0,20,,41583,10,0,31 33,0
1000000,'6_2',541,,45236,10,0,31 33,0,60,,45237,10,0,31 33,0,20,,45317,10,0,31 33,0,20,,45318,10,,,0,13,,45320,10,,,0,51,,45316,10,,,0,10,,45270,10,,,0,9,,45271,10,,,0,10,,45272,10,,,0,9,,45273,10,,,0,10,,45274,10,,,0,51,,45275,10,,,0,10,,45276,10,,,0,10,,45277,10,,,0,9,,45319,10,,,0,9,,45238,10,0,31 33,0,9,,45239,10,,,0,50,,45240,10,0,31 33,0,9,,45241,10,,,0,10,,45242,10,0,31 33,0,10,,45278,10,,,0,12,,45243,10,0,31 33,0,11,,45244,10,,,0,51,,45245,10,0,31 33,0,11,,45246,10,,,0,11,,45247,10,0,31 33,0,10,,45248,10,,,0,11,,45250,10,0,31 33,0,10,,45249,10,,,0,51,,45280,10,0,31 33,0,10,,45279,10,,,0,11,,45281,10,0,31 33,0,10,,45282,10,,,0,11,,45283,10,0,31 33,0,51,,45284,10,,,0,10,,45285,10,0,31 33,0,11,,45286,10,,,0,11,,45287,10,0,31 33,0,10,,45288,10,,,0,9,,45289,10,0,31 33,0,50,,45290,10,,,0,11,,45291,10,0,31 33,0,10,,45292,10,,,0,9,,45251,10,0,31 33,0,11,,45252,10,,,0,10,,45293,10,0,31 33,0,50,,45253,10,,,0,10,,45254,10,0,31 33,0,10,,45255,10,,,0,10,,45294,10,0,31 33,0,10,,45256,10,,,0,10,,45257,10,0,31 33,0,51,,45258,10,,,0,10,,45259,10,0,31 33,0,11,,45295,10,,,0,10,,45296,10,,,0,10,,45297,10,,,0,10,,45298,10,,,0,50,,45299,10,,,0,9,,45300,10,,,0,10,,45301,10,,,0,10,,45302,10,,,0,11,,45303,10,,,0,11,,45304,10,,,0,50,,45305,10,,,0,10,,45306,10,,,0,10,,45307,10,,,0,10,,45308,10,,,0,10,,45309,10,,,0,9,,45310,10,,,0,50,,45311,10,0,31 33,0,10,,45312,10,,,0,9,,45315,10,0,31 33,0,9,,45260,10,0,31 33,0,9,,45313,10,,,0,9,,45261,10,0,31 33,0,49,,45314,10,,,0,9,,45262,10,0,31 33,0,20,,45263,10,0,31 33,0,20,,45264,10,0,31 33,0,58,,45265,10,0,31 33,0,20,,45266,10,0,31 33,0,21,,45267,10,0,31 33,0,60,,45268,10,0,31 33,0,20,,45269,10,0,31 33,0
1000000,'6_3',541,,45321,10,0,31 33,0,60,,45322,10,0,31 33,0,20,,45402,10,0,31 33,0,20,,45403,10,,,0,13,,45405,10,,,0,51,,45401,10,,,0,10,,45355,10,,,0,9,,45356,10,,,0,10,,45357,10,,,0,9,,45358,10,,,0,10,,45359,10,,,0,51,,45360,10,,,0,10,,45361,10,,,0,10,,45362,10,,,0,9,,45404,10,,,0,9,,45323,10,0,31 33,0,9,,45324,10,,,0,50,,45325,10,0,31 33,0,9,,45326,10,,,0,10,,45327,10,0,31 33,0,10,,45363,10,,,0,12,,45328,10,0,31 33,0,11,,45329,10,,,0,51,,45330,10,0,31 33,0,11,,45331,10,,,0,11,,45332,10,0,31 33,0,10,,45333,10,,,0,11,,45335,10,0,31 33,0,10,,45334,10,,,0,51,,45365,10,0,31 33,0,10,,45364,10,,,0,11,,45366,10,0,31 33,0,10,,45367,10,,,0,11,,45368,10,0,31 33,0,51,,45369,10,,,0,10,,45370,10,0,31 33,0,11,,45371,10,,,0,11,,45372,10,0,31 33,0,10,,45373,10,,,0,9,,45374,10,0,31 33,0,50,,45375,10,,,0,11,,45376,10,0,31 33,0,10,,45377,10,,,0,9,,45336,10,0,31 33,0,11,,45337,10,,,0,10,,45378,10,0,31 33,0,50,,45338,10,,,0,10,,45339,10,0,31 33,0,10,,45340,10,,,0,10,,45379,10,0,31 33,0,10,,45341,10,,,0,10,,45342,10,0,31 33,0,51,,45343,10,,,0,10,,45344,10,0,31 33,0,11,,45380,10,,,0,10,,45381,10,,,0,10,,45382,10,,,0,10,,45383,10,,,0,50,,45384,10,,,0,9,,45385,10,,,0,10,,45386,10,,,0,10,,45387,10,,,0,11,,45388,10,,,0,11,,45389,10,,,0,50,,45390,10,,,0,10,,45391,10,,,0,10,,45392,10,,,0,10,,45393,10,,,0,10,,45394,10,,,0,9,,45395,10,,,0,50,,45396,10,0,31 33,0,10,,45397,10,,,0,9,,45400,10,0,31 33,0,9,,45345,10,0,31 33,0,9,,45398,10,,,0,9,,45346,10,0,31 33,0,49,,45399,10,,,0,9,,45347,10,0,31 33,0,20,,45348,10,0,31 33,0,20,,45349,10,0,31 33,0,58,,45350,10,0,31 33,0,20,,45351,10,0,31 33,0,21,,45352,10,0,31 33,0,60,,45353,10,0,31 33,0,20,,45354,10,0,31 33,0
1000000,'6_4',541,,45406,10,0,31 33,0,60,,45407,10,0,31 33,0,20,,45487,10,0,31 33,0,20,,45488,10,,,0,13,,45490,10,,,0,51,,45486,10,,,0,10,,45440,10,,,0,9,,45441,10,,,0,10,,45442,10,,,0,9,,45443,10,,,0,10,,45444,10,,,0,51,,45445,10,,,0,10,,45446,10,,,0,10,,45447,10,,,0,9,,45489,10,,,0,9,,45408,10,0,31 33,0,9,,45409,10,,,0,50,,45410,10,0,31 33,0,9,,45411,10,,,0,10,,45412,10,0,31 33,0,10,,45448,10,,,0,12,,45413,10,0,31 33,0,11,,45414,10,,,0,51,,45415,10,0,31 33,0,11,,45416,10,,,0,11,,45417,10,0,31 33,0,10,,45418,10,,,0,11,,45420,10,0,31 33,0,10,,45419,10,,,0,51,,45450,10,0,31 33,0,10,,45449,10,,,0,11,,45451,10,0,31 33,0,10,,45452,10,,,0,11,,45453,10,0,31 33,0,51,,45454,10,,,0,10,,45455,10,0,31 33,0,11,,45456,10,,,0,11,,45457,10,0,31 33,0,10,,45458,10,,,0,9,,45459,10,0,31 33,0,50,,45460,10,,,0,11,,45461,10,0,31 33,0,10,,45462,10,,,0,9,,45421,10,0,31 33,0,11,,45422,10,,,0,10,,45463,10,0,31 33,0,50,,45423,10,,,0,10,,45424,10,0,31 33,0,10,,45425,10,,,0,10,,45464,10,0,31 33,0,10,,45426,10,,,0,10,,45427,10,0,31 33,0,51,,45428,10,,,0,10,,45429,10,0,31 33,0,11,,45465,10,,,0,10,,45466,10,,,0,10,,45467,10,,,0,10,,45468,10,,,0,50,,45469,10,,,0,9,,45470,10,,,0,10,,45471,10,,,0,10,,45472,10,,,0,11,,45473,10,,,0,11,,45474,10,,,0,50,,45475,10,,,0,10,,45476,10,,,0,10,,45477,10,,,0,10,,45478,10,,,0,10,,45479,10,,,0,9,,45480,10,,,0,50,,45481,10,0,31 33,0,10,,45482,10,,,0,9,,45485,10,0,31 33,0,9,,45430,10,0,31 33,0,9,,45483,10,,,0,9,,45431,10,0,31 33,0,49,,45484,10,,,0,9,,45432,10,0,31 33,0,20,,45433,10,0,31 33,0,20,,45434,10,0,31 33,0,58,,45435,10,0,31 33,0,20,,45436,10,0,31 33,0,21,,45437,10,0,31 33,0,60,,45438,10,0,31 33,0,20,,45439,10,0,31 33,0
1000000,'7_1',539,,47475,10,0,31 33,0,20,,47476,10,0,31 33,0,60,,47557,10,0,31 33,0,19,,47558,10,,,0,14,,47560,10,,,0,50,,47556,10,,,0,9,,47509,10,,,0,8,,47510,10,,,0,12,,47511,10,,,0,11,,47512,10,,,0,10,,47513,10,,,0,51,,47514,10,,,0,10,,47515,10,,,0,10,,47516,10,,,0,8,,47559,10,,,0,9,,47477,10,0,31 33,0,9,,47478,10,,,0,10,,47479,10,0,31 33,0,50,,47480,10,,,0,11,,47481,10,0,31 33,0,10,,47517,10,,,0,11,,47482,10,0,31 33,0,11,,47483,10,,,0,51,,47484,10,0,31 33,0,11,,47485,10,,,0,11,,47486,10,0,31 33,0,10,,47487,10,,,0,11,,47489,10,0,31 33,0,10,,47488,10,,,0,51,,47519,10,0,31 33,0,12,,47518,10,,,0,11,,47520,10,0,31 33,0,11,,47521,10,,,0,10,,47522,10,0,31 33,0,50,,47523,10,,,0,10,,47524,10,0,31 33,0,11,,47525,10,,,0,11,,47526,10,0,31 33,0,10,,47527,10,,,0,10,,47528,10,0,31 33,0,50,,47529,10,,,0,9,,47530,10,0,31 33,0,10,,47531,10,,,0,10,,47490,10,0,31 33,0,11,,47491,10,,,0,9,,47532,10,0,31 33,0,50,,47492,10,,,0,9,,47493,10,0,31 33,0,11,,47494,10,,,0,10,,47533,10,0,31 33,0,11,,47495,10,,,0,10,,47496,10,0,31 33,0,50,,47497,10,,,0,10,,47498,10,0,31 33,0,11,,47534,10,,,0,11,,47535,10,,,0,10,,47536,10,,,0,10,,47537,10,,,0,49,,47538,10,,,0,11,,47539,10,,,0,10,,47540,10,,,0,11,,47541,10,,,0,9,,47542,10,,,0,9,,47543,10,,,0,50,,47544,10,,,0,10,,47545,10,,,0,9,,47546,10,,,0,10,,47547,10,,,0,9,,47548,10,,,0,10,,47549,10,,,0,50,,47550,10,0,31 33,0,10,,47551,10,,,0,8,,47555,10,0,31 33,0,10,,47499,10,0,31 33,0,11,,47552,10,,,0,10,,47500,10,0,31 33,0,50,,47553,10,,,0,9,,47501,10,0,31 33,0,19,,47502,10,0,31 33,0,19,,47503,10,0,31 33,0,58,,47504,10,0,31 33,0,21,,47505,10,0,31 33,0,21,,47506,10,0,31 33,0,60,,47507,10,0,31 33,0,20,,47508,10,0,31 33,0
