900,'2509-HIV-25j05H-d-Dimanche-00',844,,10740,,,0,900,,10741,,,0
900,'2509-HIV-25j26H-d-Dimanche-00',844,,10744,,,0,900,,10745,,,0
900,'2509-HIV-25k03H-s-Samedi-00',647,,10748,,,0,98,,10749,,,0,158,,10747,0,28,0,156,,10750,,,0,176,,10756,0,28,0,188,,10751,,,0,323,,10752,,,0,94,,10753,,,0
900,'2509-HIV-25l22Vlv-Semaine-00',643,,10759,,,0,65,,10760,,,0,38,,10762,,,0,62,,10764,,,0,48,,10761,,,0,91,,10765,,,0,112,,10766,,,0,168,,10768,0,28,0,196,,10772,,,0,321,,10771,,,0,97,,10774,,,0
900,'2509-HIV-26a05H-s-Samedi-00',647,,10778,,,0,98,,10779,,,0,158,,10777,0,28,0,156,,10780,,,0,176,,10786,0,28,0,188,,10781,,,0,323,,10782,,,0,94,,10783,,,0
900,'2509-HIV-26a05H-w-Mercredi-00',637,,10789,,,0,68,,10790,,,0,41,,10794,,,0,65,,10796,,,0,44,,10791,,,0,89,,10797,,,0,94,,10798,0,28,0,93,,10799,,,0,105,,10800,,,0,70,,10792,,,0,130,,10803,,,0,84,,10801,,,0,110,,10802,,,0,72,,10793,,,0,130,,10804,,,0,78,,10805,0,28,0
900,'2509-HIV-26a05Hlv-L-Ma-J-V-00',637,,10808,,,0,68,,10809,,,0,41,,10813,,,0,65,,10815,,,0,44,,10810,,,0,89,,10816,,,0,94,,10817,0,28,0,93,,10818,,,0,105,,10819,,,0,70,,10811,,,0,130,,10822,,,0,84,,10820,,,0,110,,10821,,,0,72,,10812,,,0,130,,10823,,,0,78,,10824,0,28,0
900,'2509-HIV-26b23Vlv-Semaine-00',643,,10827,,,0,65,,10828,,,0,38,,10830,,,0,62,,10832,,,0,48,,10829,,,0,91,,10833,,,0,112,,10834,,,0,168,,10836,0,28,0,196,,10840,,,0,321,,10839,,,0,97,,10842,,,0
900,'2509-HIV-26c02Vlv-Semaine-00',643,,10845,,,0,65,,10846,,,0,38,,10848,,,0,62,,10850,,,0,48,,10847,,,0,91,,10851,,,0,112,,10852,,,0,168,,10854,0,28,0,196,,10858,,,0,321,,10857,,,0,97,,10860,,,0
29000900,'2509-HIV-26a05H-w-Mercredi-00',653,,16119,,,0,100,,16120,,,0
29000900,'2509-HIV-26a05Hlv-L-Ma-J-V-00',653,,16121,,,0,100,,16122,,,0
