1501,'0_6',650,,67220,4,,,0,58,,67221,4,,,0,95,,67222,4,,,0,21,,67223,4,,,0,117,,67224,4,,,0,116,,67225,4,,,0,158,,67226,4,,,0,94,,67227,4,,,0,118,,67228,4,,,0,222,,67229,4,,,0,110,,67230,4,,,0,95,,67231,4,,,0
1501,'2_1',650,,67233,4,,,0,58,,67234,4,,,0,95,,67235,4,,,0,21,,67236,4,,,0,117,,67237,4,,,0,116,,67238,4,,,0,158,,67239,4,,,0,94,,67240,4,,,0,118,,67241,4,,,0,222,,67242,4,,,0,110,,67243,4,,,0,95,,67244,4,,,0
1501,'2_2',650,,67246,4,,,0,58,,67247,4,,,0,95,,67248,4,,,0,21,,67249,4,,,0,117,,67250,4,,,0,116,,67251,4,,,0,158,,67252,4,,,0,94,,67253,4,,,0,118,,67254,4,,,0,222,,67255,4,,,0,110,,67256,4,,,0,95,,67257,4,,,0
1501,'2_3',650,,67259,4,,,0,58,,67260,4,,,0,95,,67261,4,,,0,21,,67262,4,,,0,117,,67263,4,,,0,116,,67264,4,,,0,158,,67265,4,,,0,94,,67266,4,,,0,118,,67267,4,,,0,222,,67268,4,,,0,110,,67269,4,,,0,95,,67270,4,,,0
1501,'2_4',650,,67272,4,,,0,58,,67273,4,,,0,95,,67274,4,,,0,21,,67275,4,,,0,117,,67276,4,,,0,116,,67277,4,,,0,158,,67278,4,,,0,94,,67279,4,,,0,118,,67280,4,,,0,222,,67281,4,,,0,110,,67282,4,,,0,95,,67283,4,,,0
1501,'2_5',650,,67285,4,,,0,58,,67286,4,,,0,95,,67287,4,,,0,21,,67288,4,,,0,117,,67289,4,,,0,116,,67290,4,,,0,158,,67291,4,,,0,94,,67292,4,,,0,118,,67293,4,,,0,222,,67294,4,,,0,110,,67295,4,,,0,95,,67296,4,,,0
1501,'3_1',650,,67298,4,,,0,58,,67299,4,,,0,95,,67300,4,,,0,21,,67301,4,,,0,117,,67302,4,,,0,116,,67303,4,,,0,158,,67304,4,,,0,94,,67305,4,,,0,118,,67306,4,,,0,222,,67307,4,,,0,110,,67308,4,,,0,95,,67309,4,,,0
1501,'3_3',650,,67311,4,,,0,58,,67312,4,,,0,95,,67313,4,,,0,21,,67314,4,,,0,117,,67315,4,,,0,116,,67316,4,,,0,158,,67317,4,,,0,94,,67318,4,,,0,118,,67319,4,,,0,222,,67320,4,,,0,110,,67321,4,,,0,95,,67322,4,,,0
1501,'3_4',650,,67324,4,,,0,58,,67325,4,,,0,95,,67326,4,,,0,21,,67327,4,,,0,117,,67328,4,,,0,116,,67329,4,,,0,158,,67330,4,,,0,94,,67331,4,,,0,118,,67332,4,,,0,222,,67333,4,,,0,110,,67334,4,,,0,95,,67335,4,,,0
1501,'3_5',650,,67337,4,,,0,58,,67338,4,,,0,95,,67339,4,,,0,21,,67340,4,,,0,117,,67341,4,,,0,116,,67342,4,,,0,158,,67343,4,,,0,94,,67344,4,,,0,118,,67345,4,,,0,222,,67346,4,,,0,110,,67347,4,,,0,95,,67348,4,,,0
