300,'2_6',657,,30806,14,,,0,69,,30808,14,,,0,29,,30809,14,,,0,70,,30807,14,,,0,30,,30811,14,,,0,69,,30812,14,,,0,28,,30810,14,,,0,71,,30813,14,,,0,30,,30814,14,,,0,70,,30817,14,,,0,30,,30816,14,,,0,69,,30815,14,,,0,29,,30819,14,,,0,70,,30818,14,,,0,29,,30820,14,,,0,69,,30821,14,,,0,32,,30822,14,,,0,72,,30823,14,,,0,31,,30824,14,,,0,71,,30825,14,,,0,32,,30826,14,,,0,72,,30827,14,,,0,30,,30828,14,,,0,71,,30833,14,,,0,71,,30829,14,,,0,30,,30830,14,,,0,26,,30831,14,,,0,70,,30832,14,,,0
300,'3_7',914,,30834,14,,,0,100,,30835,14,,,0,100,,30836,14,,,0,100,,30837,14,,,0,100,,30838,14,,,0,100,,30839,14,,,0,100,,30840,14,,,0,100,,30841,14,,,0,100,,30842,14,,,0,100,,30843,14,,,0,100,,30844,14,,,0
300,'5_1',702,,37459,14,,,0,24,,37460,14,,,0,29,,37461,14,,,0,63,,37464,14,,,0,25,,37463,14,,,0,69,,37462,14,,,0,31,,37466,14,,,0,72,,37469,14,,,0,31,,37471,14,,,0,72,,37467,14,,,0,33,,37472,14,,,0,72,,37465,14,,,0,34,,37468,14,,,0,72,,37470,14,,,0,72,,37473,14,,,0,32,,37474,14,,,0,72,,37475,14,,,0,34,,37477,14,,,0,69,,37476,14,,,0,28,,37479,14,,,0,68,,37481,14,,,0,27,,37483,14,,,0,28,,37480,14,,,0,70,,37486,14,,,0,72,,37485,14,,,0,30,,37482,14,,,0,75,,37484,14,,,0,30,,37478,14,,,0
300,'5_2',702,,39027,14,,,0,24,,39028,14,,,0,29,,39029,14,,,0,63,,39032,14,,,0,25,,39031,14,,,0,69,,39030,14,,,0,31,,39034,14,,,0,72,,39037,14,,,0,31,,39039,14,,,0,72,,39035,14,,,0,33,,39040,14,,,0,72,,39033,14,,,0,34,,39036,14,,,0,72,,39038,14,,,0,72,,39041,14,,,0,32,,39042,14,,,0,72,,39043,14,,,0,34,,39045,14,,,0,69,,39044,14,,,0,28,,39047,14,,,0,68,,39049,14,,,0,27,,39051,14,,,0,28,,39048,14,,,0,70,,39054,14,,,0,72,,39053,14,,,0,30,,39050,14,,,0,75,,39052,14,,,0,30,,39046,14,,,0
300,'5_3',702,,39055,14,,,0,24,,39056,14,,,0,29,,39057,14,,,0,63,,39060,14,,,0,25,,39059,14,,,0,69,,39058,14,,,0,31,,39062,14,,,0,72,,39065,14,,,0,31,,39067,14,,,0,72,,39063,14,,,0,33,,39068,14,,,0,72,,39061,14,,,0,34,,39064,14,,,0,72,,39066,14,,,0,72,,39069,14,,,0,32,,39070,14,,,0,72,,39071,14,,,0,34,,39073,14,,,0,69,,39072,14,,,0,28,,39075,14,,,0,68,,39077,14,,,0,27,,39079,14,,,0,28,,39076,14,,,0,70,,39082,14,,,0,72,,39081,14,,,0,30,,39078,14,,,0,75,,39080,14,,,0,30,,39074,14,,,0
300,'5_4',702,,39083,14,,,0,24,,39084,14,,,0,29,,39085,14,,,0,63,,39088,14,,,0,25,,39087,14,,,0,69,,39086,14,,,0,31,,39090,14,,,0,72,,39093,14,,,0,31,,39095,14,,,0,72,,39091,14,,,0,33,,39096,14,,,0,72,,39089,14,,,0,34,,39092,14,,,0,72,,39094,14,,,0,72,,39097,14,,,0,32,,39098,14,,,0,72,,39099,14,,,0,34,,39101,14,,,0,69,,39100,14,,,0,28,,39103,14,,,0,68,,39105,14,,,0,27,,39107,14,,,0,28,,39104,14,,,0,70,,39110,14,,,0,72,,39109,14,,,0,30,,39106,14,,,0,75,,39108,14,,,0,30,,39102,14,,,0
300,'5_5',702,,39111,14,,,0,24,,39112,14,,,0,29,,39113,14,,,0,63,,39116,14,,,0,25,,39115,14,,,0,69,,39114,14,,,0,31,,39118,14,,,0,72,,39121,14,,,0,31,,39123,14,,,0,72,,39119,14,,,0,33,,39124,14,,,0,72,,39117,14,,,0,34,,39120,14,,,0,72,,39122,14,,,0,72,,39125,14,,,0,32,,39126,14,,,0,72,,39127,14,,,0,34,,39129,14,,,0,69,,39128,14,,,0,28,,39131,14,,,0,68,,39133,14,,,0,27,,39135,14,,,0,28,,39132,14,,,0,70,,39138,14,,,0,72,,39137,14,,,0,30,,39134,14,,,0,75,,39136,14,,,0,30,,39130,14,,,0
300,'6_1',702,,39139,14,,,0,24,,39140,14,,,0,29,,39141,14,,,0,63,,39144,14,,,0,25,,39143,14,,,0,69,,39142,14,,,0,31,,39146,14,,,0,72,,39149,14,,,0,31,,39151,14,,,0,72,,39147,14,,,0,33,,39152,14,,,0,72,,39145,14,,,0,34,,39148,14,,,0,72,,39150,14,,,0,72,,39153,14,,,0,32,,39154,14,,,0,72,,39155,14,,,0,34,,39157,14,,,0,69,,39156,14,,,0,28,,39159,14,,,0,68,,39161,14,,,0,27,,39163,14,,,0,28,,39160,14,,,0,70,,39166,14,,,0,72,,39165,14,,,0,30,,39162,14,,,0,75,,39164,14,,,0,30,,39158,14,,,0
300,'6_2',702,,43922,14,,,0,24,,43923,14,,,0,29,,43924,14,,,0,63,,43927,14,,,0,25,,43926,14,,,0,69,,43925,14,,,0,31,,43929,14,,,0,72,,43932,14,,,0,31,,43934,14,,,0,72,,43930,14,,,0,33,,43935,14,,,0,72,,43928,14,,,0,34,,43931,14,,,0,72,,43933,14,,,0,72,,43936,14,,,0,32,,43937,14,,,0,72,,43938,14,,,0,34,,43940,14,,,0,69,,43939,14,,,0,28,,43942,14,,,0,68,,43944,14,,,0,27,,43946,14,,,0,28,,43943,14,,,0,70,,43949,14,,,0,72,,43948,14,,,0,30,,43945,14,,,0,75,,43947,14,,,0,30,,43941,14,,,0
300,'6_3',702,,43950,14,,,0,24,,43951,14,,,0,29,,43952,14,,,0,63,,43955,14,,,0,25,,43954,14,,,0,69,,43953,14,,,0,31,,43957,14,,,0,72,,43960,14,,,0,31,,43962,14,,,0,72,,43958,14,,,0,33,,43963,14,,,0,72,,43956,14,,,0,34,,43959,14,,,0,72,,43961,14,,,0,72,,43964,14,,,0,32,,43965,14,,,0,72,,43966,14,,,0,34,,43968,14,,,0,69,,43967,14,,,0,28,,43970,14,,,0,68,,43972,14,,,0,27,,43974,14,,,0,28,,43971,14,,,0,70,,43977,14,,,0,72,,43976,14,,,0,30,,43973,14,,,0,75,,43975,14,,,0,30,,43969,14,,,0
300,'6_4',702,,43978,14,,,0,24,,43979,14,,,0,29,,43980,14,,,0,63,,43983,14,,,0,25,,43982,14,,,0,69,,43981,14,,,0,31,,43985,14,,,0,72,,43988,14,,,0,31,,43990,14,,,0,72,,43986,14,,,0,33,,43991,14,,,0,72,,43984,14,,,0,34,,43987,14,,,0,72,,43989,14,,,0,72,,43992,14,,,0,32,,43993,14,,,0,72,,43994,14,,,0,34,,43996,14,,,0,69,,43995,14,,,0,28,,43998,14,,,0,68,,44000,14,,,0,27,,44002,14,,,0,28,,43999,14,,,0,70,,44005,14,,,0,72,,44004,14,,,0,30,,44001,14,,,0,75,,44003,14,,,0,30,,43997,14,,,0
