900300,'S2-5_1',715,,11197,2,,,0,20,,11198,2,,,0,65,,11199,2,,,0,30,,11200,2,,,0,70,,11201,2,,,0,30,,11202,2,,,0,70,,11203,2,,,0,30,,11204,2,,,0,70,,11205,2,,,0,30,,11206,2,,,0,70,,11207,2,,,0,30,,11208,2,,,0,70,,11209,2,,,0,30,,11210,2,,,0,70,,11211,2,,,0,30,,11212,2,,,0,70,,11213,2,,,0,30,,11214,2,,,0,70,,11215,2,,,0,30,,11216,2,,,0,70,,11217,2,,,0,30,,11218,2,,,0,70,,11219,2,,,0,30,,11220,2,,,0,20,,11221,2,,,0,60,,11222,2,0,14,0
900300,'S2-5_2',715,,11223,2,,,0,20,,11224,2,,,0,65,,11225,2,,,0,30,,11226,2,,,0,70,,11227,2,,,0,30,,11228,2,,,0,70,,11229,2,,,0,30,,11230,2,,,0,70,,11231,2,,,0,30,,11232,2,,,0,70,,11233,2,,,0,30,,11234,2,,,0,70,,11235,2,,,0,30,,11236,2,,,0,70,,11237,2,,,0,30,,11238,2,,,0,70,,11239,2,,,0,30,,11240,2,,,0,70,,11241,2,,,0,30,,11242,2,,,0,70,,11243,2,,,0,30,,11244,2,,,0,70,,11245,2,,,0,30,,11246,2,,,0,20,,11247,2,,,0,60,,11248,2,0,14,0
900300,'S2-5_4',715,,11249,2,,,0,20,,11250,2,,,0,65,,11251,2,,,0,30,,11252,2,,,0,70,,11253,2,,,0,30,,11254,2,,,0,70,,11255,2,,,0,30,,11256,2,,,0,70,,11257,2,,,0,30,,11258,2,,,0,70,,11259,2,,,0,30,,11260,2,,,0,70,,11261,2,,,0,30,,11262,2,,,0,70,,11263,2,,,0,30,,11264,2,,,0,70,,11265,2,,,0,30,,11266,2,,,0,70,,11267,2,,,0,30,,11268,2,,,0,70,,11269,2,,,0,30,,11270,2,,,0,70,,11271,2,,,0,30,,11272,2,,,0,20,,11273,2,,,0,60,,11274,2,0,14,0
900300,'S2-5_5',715,,11275,2,,,0,20,,11276,2,,,0,65,,11277,2,,,0,30,,11278,2,,,0,70,,11279,2,,,0,30,,11280,2,,,0,70,,11281,2,,,0,30,,11282,2,,,0,70,,11283,2,,,0,30,,11284,2,,,0,70,,11285,2,,,0,30,,11286,2,,,0,70,,11287,2,,,0,30,,11288,2,,,0,70,,11289,2,,,0,30,,11290,2,,,0,70,,11291,2,,,0,30,,11292,2,,,0,70,,11293,2,,,0,30,,11294,2,,,0,70,,11295,2,,,0,30,,11296,2,,,0,70,,11297,2,,,0,30,,11298,2,,,0,20,,11299,2,,,0,60,,11300,2,0,14,0
900300,'S2-6_3',715,,11301,2,,,0,20,,11302,2,,,0,65,,11303,2,,,0,30,,11304,2,,,0,70,,11305,2,,,0,30,,11306,2,,,0,70,,11307,2,,,0,30,,11308,2,,,0,70,,11309,2,,,0,30,,11310,2,,,0,70,,11311,2,,,0,30,,11312,2,,,0,70,,11313,2,,,0,30,,11314,2,,,0,70,,11315,2,,,0,30,,11316,2,,,0,70,,11317,2,,,0,30,,11318,2,,,0,70,,11319,2,,,0,30,,11320,2,,,0,70,,11321,2,,,0,30,,11322,2,,,0,70,,11323,2,,,0,30,,11324,2,,,0,20,,11325,2,,,0,60,,11326,2,0,14,0
3000000,'S2-1_6',657,,13647,24,,,0,83,,13648,24,,,0,82,,13649,24,,,0,30,,13650,24,,,0,60,,13651,24,,,0,20,,13652,24,,,0,21,,13653,24,,,0,60,,13654,24,,,0,20,,13655,24,,,0,20,,13656,24,,,0,61,,13657,24,,,0,19,,13658,24,,,0,20,,13659,24,,,0,61,,13660,24,,,0,19,,13661,24,,,0,19,,13662,24,,,0,59,,13663,24,,,0,20,,13664,24,,,0,21,,13665,24,,,0,59,,13666,24,,,0,21,,13667,24,,,0,20,,13668,24,,,0,61,,13669,24,,,0,20,,13670,24,,,0,20,,13671,24,,,0,60,,13672,24,,,0,20,,13673,24,,,0,21,,13674,24,,,0,60,,13675,24,,,0,20,,13676,24,,,0,20,,13677,24,,,0,60,,13678,24,,,0,19,,13679,24,,,0,18,,13680,24,,,0,59,,13681,24,,,0,30,,13682,24,,,0,70,,13683,24,,,0,29,,13684,24,,,0,69,,13685,24,,,0
3000000,'S2-4_7',819,,13687,24,,,0,130,,13688,24,,,0,170,,13695,24,,,0,130,,13694,24,,,0,170,,13693,24,,,0,130,,13691,24,,,0,100,,13701,9,0,14,0,70,,13692,24,,,0,30,,13686,9,0,14,0,70,,13696,9,0,14,0,29,,13690,24,,,0,71,,13697,9,0,14,0,30,,13698,9,0,14,0,69,,13689,24,,,0,31,,13700,9,0,14,0,70,,13699,9,0,14,0
3000000,'S2-5_1',654,,13743,24,,,0,60,,13742,24,,,0,22,,13747,9,0,14,0,4,,13702,24,,,0,9,,13744,9,0,14,0,51,,13703,24,,,0,7,,13745,9,0,14,0,10,,13704,24,,,0,8,,13746,9,0,14,0,13,,13705,24,,,0,20,,13706,24,,,0,62,,13707,24,,,0,19,,13708,24,,,0,20,,13709,24,,,0,61,,13710,24,,,0,17,,13711,24,,,0,22,,13712,24,,,0,60,,13713,24,,,0,19,,13714,24,,,0,62,,13715,24,,,0,21,,13716,24,,,0,19,,13717,24,,,0,60,,13718,24,,,0,19,,13719,24,,,0,21,,13720,24,,,0,19,,13721,24,,,0,59,,13722,24,,,0,21,,13723,24,,,0,20,,13724,24,,,0,62,,13725,24,,,0,19,,13726,24,,,0,19,,13727,24,,,0,61,,13728,24,,,0,16,,13729,24,,,0,20,,13730,24,,,0,65,,13731,24,,,0,19,,13732,24,,,0,19,,13733,24,,,0,58,,13734,24,,,0,19,,13735,24,,,0,19,,13736,24,,,0,60,,13737,24,,,0,19,,13738,24,,,0,70,,13739,24,,,0,32,,13740,24,,,0,72,,13741,24,,,0
3000000,'S2-5_2',654,,13789,24,,,0,60,,13788,24,,,0,22,,13793,9,0,14,0,4,,13748,24,,,0,9,,13790,9,0,14,0,51,,13749,24,,,0,7,,13791,9,0,14,0,10,,13750,24,,,0,8,,13792,9,0,14,0,13,,13751,24,,,0,20,,13752,24,,,0,62,,13753,24,,,0,19,,13754,24,,,0,20,,13755,24,,,0,61,,13756,24,,,0,17,,13757,24,,,0,22,,13758,24,,,0,60,,13759,24,,,0,19,,13760,24,,,0,62,,13761,24,,,0,21,,13762,24,,,0,19,,13763,24,,,0,60,,13764,24,,,0,19,,13765,24,,,0,21,,13766,24,,,0,19,,13767,24,,,0,59,,13768,24,,,0,21,,13769,24,,,0,20,,13770,24,,,0,62,,13771,24,,,0,19,,13772,24,,,0,19,,13773,24,,,0,61,,13774,24,,,0,16,,13775,24,,,0,20,,13776,24,,,0,65,,13777,24,,,0,19,,13778,24,,,0,19,,13779,24,,,0,58,,13780,24,,,0,19,,13781,24,,,0,19,,13782,24,,,0,60,,13783,24,,,0,19,,13784,24,,,0,70,,13785,24,,,0,32,,13786,24,,,0,72,,13787,24,,,0
3000000,'S2-5_4',654,,13835,24,,,0,60,,13834,24,,,0,22,,13839,9,0,14,0,4,,13794,24,,,0,9,,13836,9,0,14,0,51,,13795,24,,,0,7,,13837,9,0,14,0,10,,13796,24,,,0,8,,13838,9,0,14,0,13,,13797,24,,,0,20,,13798,24,,,0,62,,13799,24,,,0,19,,13800,24,,,0,20,,13801,24,,,0,61,,13802,24,,,0,17,,13803,24,,,0,22,,13804,24,,,0,60,,13805,24,,,0,19,,13806,24,,,0,62,,13807,24,,,0,21,,13808,24,,,0,19,,13809,24,,,0,60,,13810,24,,,0,19,,13811,24,,,0,21,,13812,24,,,0,19,,13813,24,,,0,59,,13814,24,,,0,21,,13815,24,,,0,20,,13816,24,,,0,62,,13817,24,,,0,19,,13818,24,,,0,19,,13819,24,,,0,61,,13820,24,,,0,16,,13821,24,,,0,20,,13822,24,,,0,65,,13823,24,,,0,19,,13824,24,,,0,19,,13825,24,,,0,58,,13826,24,,,0,19,,13827,24,,,0,19,,13828,24,,,0,60,,13829,24,,,0,19,,13830,24,,,0,70,,13831,24,,,0,32,,13832,24,,,0,72,,13833,24,,,0
3000000,'S2-5_5',654,,13881,24,,,0,60,,13880,24,,,0,22,,13885,9,0,14,0,4,,13840,24,,,0,9,,13882,9,0,14,0,51,,13841,24,,,0,7,,13883,9,0,14,0,10,,13842,24,,,0,8,,13884,9,0,14,0,13,,13843,24,,,0,20,,13844,24,,,0,62,,13845,24,,,0,19,,13846,24,,,0,20,,13847,24,,,0,61,,13848,24,,,0,17,,13849,24,,,0,22,,13850,24,,,0,60,,13851,24,,,0,19,,13852,24,,,0,62,,13853,24,,,0,21,,13854,24,,,0,19,,13855,24,,,0,60,,13856,24,,,0,19,,13857,24,,,0,21,,13858,24,,,0,19,,13859,24,,,0,59,,13860,24,,,0,21,,13861,24,,,0,20,,13862,24,,,0,62,,13863,24,,,0,19,,13864,24,,,0,19,,13865,24,,,0,61,,13866,24,,,0,16,,13867,24,,,0,20,,13868,24,,,0,65,,13869,24,,,0,19,,13870,24,,,0,19,,13871,24,,,0,58,,13872,24,,,0,19,,13873,24,,,0,19,,13874,24,,,0,60,,13875,24,,,0,19,,13876,24,,,0,70,,13877,24,,,0,32,,13878,24,,,0,72,,13879,24,,,0
3000000,'S2-6_3',654,,13927,24,,,0,60,,13926,24,,,0,22,,13931,9,0,14,0,4,,13886,24,,,0,9,,13928,9,0,14,0,51,,13887,24,,,0,7,,13929,9,0,14,0,10,,13888,24,,,0,8,,13930,9,0,14,0,13,,13889,24,,,0,20,,13890,24,,,0,62,,13891,24,,,0,19,,13892,24,,,0,20,,13893,24,,,0,61,,13894,24,,,0,17,,13895,24,,,0,22,,13896,24,,,0,60,,13897,24,,,0,19,,13898,24,,,0,62,,13899,24,,,0,21,,13900,24,,,0,19,,13901,24,,,0,60,,13902,24,,,0,19,,13903,24,,,0,21,,13904,24,,,0,19,,13905,24,,,0,59,,13906,24,,,0,21,,13907,24,,,0,20,,13908,24,,,0,62,,13909,24,,,0,19,,13910,24,,,0,19,,13911,24,,,0,61,,13912,24,,,0,16,,13913,24,,,0,20,,13914,24,,,0,65,,13915,24,,,0,19,,13916,24,,,0,19,,13917,24,,,0,58,,13918,24,,,0,19,,13919,24,,,0,19,,13920,24,,,0,60,,13921,24,,,0,19,,13922,24,,,0,70,,13923,24,,,0,32,,13924,24,,,0,72,,13925,24,,,0
