1001,'2_6',843,,32445,35,,,0,108,,32446,38,,,0,103,,32453,36,,,0,102,,32447,38,,,0,99,,32454,36,,,0,86,,32455,36,,,0,118,,32450,35,,,0,82,,32456,36,,,0,175,,32451,32,,,0,117,,32452,32,,,0,102,,32448,38,,,0,107,,32449,38,,,0
1001,'5_1',843,,37721,35,,,0,104,,37723,38,,,0,107,,37726,36,,,0,102,,37724,38,,,0,99,,37727,36,,,0,86,,37728,36,,,0,118,,37722,35,,,0,82,,37732,36,,,0,175,,37729,32,,,0,117,,37730,32,,,0,102,,37731,38,,,0,107,,37725,38,,,0
1001,'5_2',843,,40337,35,,,0,104,,40339,38,,,0,107,,40342,36,,,0,102,,40340,38,,,0,99,,40343,36,,,0,86,,40344,36,,,0,118,,40338,35,,,0,82,,40348,36,,,0,175,,40345,32,,,0,117,,40346,32,,,0,102,,40347,38,,,0,107,,40341,38,,,0
1001,'5_3',843,,40349,35,,,0,104,,40351,38,,,0,107,,40354,36,,,0,102,,40352,38,,,0,99,,40355,36,,,0,86,,40356,36,,,0,118,,40350,35,,,0,82,,40360,36,,,0,175,,40357,32,,,0,117,,40358,32,,,0,102,,40359,38,,,0,107,,40353,38,,,0
1001,'5_4',843,,40361,35,,,0,104,,40363,38,,,0,107,,40366,36,,,0,102,,40364,38,,,0,99,,40367,36,,,0,86,,40368,36,,,0,118,,40362,35,,,0,82,,40372,36,,,0,175,,40369,32,,,0,117,,40370,32,,,0,102,,40371,38,,,0,107,,40365,38,,,0
1001,'5_5',843,,40373,35,,,0,104,,40375,38,,,0,107,,40378,36,,,0,102,,40376,38,,,0,99,,40379,36,,,0,86,,40380,36,,,0,118,,40374,35,,,0,82,,40384,36,,,0,175,,40381,32,,,0,117,,40382,32,,,0,102,,40383,38,,,0,107,,40377,38,,,0
1001,'6_1',843,,40385,35,,,0,104,,40387,38,,,0,107,,40390,36,,,0,102,,40388,38,,,0,99,,40391,36,,,0,86,,40392,36,,,0,118,,40386,35,,,0,82,,40396,36,,,0,175,,40393,32,,,0,117,,40394,32,,,0,102,,40395,38,,,0,107,,40389,38,,,0
1001,'6_2',843,,44708,35,,,0,104,,44710,38,,,0,107,,44713,36,,,0,102,,44711,38,,,0,99,,44714,36,,,0,86,,44715,36,,,0,118,,44709,35,,,0,82,,44719,36,,,0,175,,44716,32,,,0,117,,44717,32,,,0,102,,44718,38,,,0,107,,44712,38,,,0
1001,'6_3',843,,44720,35,,,0,104,,44722,38,,,0,107,,44725,36,,,0,102,,44723,38,,,0,99,,44726,36,,,0,86,,44727,36,,,0,118,,44721,35,,,0,82,,44731,36,,,0,175,,44728,32,,,0,117,,44729,32,,,0,102,,44730,38,,,0,107,,44724,38,,,0
1001,'6_4',843,,44732,35,,,0,104,,44734,38,,,0,107,,44737,36,,,0,102,,44735,38,,,0,99,,44738,36,,,0,86,,44739,36,,,0,118,,44733,35,,,0,82,,44743,36,,,0,175,,44740,32,,,0,117,,44741,32,,,0,102,,44742,38,,,0,107,,44736,38,,,0
