4000001,'1_3',639,,51718,5,,,0,18,,51736,3,,,0,56,,51719,5,,,0,18,,51760,3,,,0,23,,51720,5,,,0,60,,51737,3,,,0,20,,51721,5,,,0,20,,51738,3,,,0,61,,51722,5,,,0,20,,51739,3,,,0,19,,51759,5,,,0,60,,51740,3,,,0,20,,51723,5,,,0,20,,51741,3,,,0,61,,51724,5,,,0,19,,51742,3,,,0,18,,51725,5,,,0,62,,51743,3,,,0,20,,51726,5,,,0,21,,51744,3,,,0,59,,51727,5,,,0,19,,51745,3,,,0,20,,51758,5,,,0,61,,51746,3,,,0,19,,51728,5,,,0,19,,51747,3,,,0,60,,51729,5,,,0,20,,51748,3,,,0,18,,51757,5,,,0,60,,51749,3,,,0,17,,51730,5,,,0,20,,51750,3,,,0,59,,51731,5,,,0,23,,51751,3,,,0,21,,51732,5,,,0,62,,51752,3,,,0,23,,51733,5,,,0,21,,51753,3,,,0,62,,51734,5,,,0,20,,51754,3,,,0,21,,51755,3,,,0,60,,51735,5,,,0,31,,51756,3,,,0
4000001,'2_6',640,,37262,5,,,0,19,,37283,3,,,0,60,,37263,5,,,0,20,,37284,3,,,0,18,,37264,5,,,0,60,,37285,3,,,0,20,,37265,5,,,0,21,,37286,3,,,0,60,,37266,5,,,0,20,,37287,3,,,0,21,,37267,5,,,0,60,,37288,3,,,0,21,,37268,5,,,0,61,,37289,3,,,0,22,,37269,5,,,0,20,,37290,3,,,0,63,,37270,5,,,0,21,,37291,3,,,0,21,,37271,5,,,0,58,,37292,3,,,0,18,,37272,5,,,0,17,,37293,3,,,0,18,,37273,5,,,0,58,,37294,3,,,0,20,,37274,5,,,0,20,,37295,3,,,0,60,,37275,5,,,0,20,,37296,3,,,0,19,,37276,5,,,0,59,,37297,3,,,0,20,,37277,5,,,0,20,,37298,3,,,0,60,,37278,5,,,0,20,,37299,3,,,0,21,,37279,5,,,0,62,,37300,3,,,0,20,,37280,5,,,0,20,,37301,3,,,0,61,,37281,3,,,0,21,,37302,5,,,0,61,,37304,3,,,0,20,,37282,5,,,0,30,,37303,3,,,0
4000001,'3_7',856,,37306,5,,,0,150,,37311,3,,,0,110,,37307,5,,,0,110,,37312,3,,,0,110,,37308,5,,,0,110,,37313,3,,,0,110,,37309,5,,,0,150,,37314,3,,,0,110,,37310,5,,,0,110,,37305,3,,,0
4000001,'4_7',856,,48027,5,,,0,150,,48032,3,,,0,110,,48028,5,,,0,110,,48033,3,,,0,110,,48029,5,,,0,110,,48034,3,,,0,110,,48030,5,,,0,150,,48035,3,,,0,110,,48031,5,,,0,110,,48026,3,,,0
4000001,'6_2',640,,46493,5,,,0,19,,46514,3,,,0,60,,46494,5,,,0,20,,46515,3,,,0,18,,46495,5,,,0,60,,46516,3,,,0,20,,46496,5,,,0,21,,46517,3,,,0,60,,46497,5,,,0,20,,46518,3,,,0,21,,46498,5,,,0,60,,46519,3,,,0,21,,46499,5,,,0,61,,46520,3,,,0,22,,46500,5,,,0,20,,46521,3,,,0,63,,46501,5,,,0,21,,46522,3,,,0,21,,46502,5,,,0,58,,46523,3,,,0,18,,46503,5,,,0,17,,46524,3,,,0,18,,46504,5,,,0,58,,46525,3,,,0,20,,46505,5,,,0,20,,46526,3,,,0,60,,46506,5,,,0,20,,46527,3,,,0,19,,46507,5,,,0,59,,46528,3,,,0,20,,46508,5,,,0,20,,46529,3,,,0,60,,46509,5,,,0,20,,46530,3,,,0,21,,46510,5,,,0,62,,46531,3,,,0,20,,46511,5,,,0,20,,46532,3,,,0,61,,46512,3,,,0,21,,46533,5,,,0,61,,46534,3,,,0,20,,46513,5,,,0,30,,46535,3,,,0
4000001,'6_3',640,,46536,5,,,0,19,,46557,3,,,0,60,,46537,5,,,0,20,,46558,3,,,0,18,,46538,5,,,0,60,,46559,3,,,0,20,,46539,5,,,0,21,,46560,3,,,0,60,,46540,5,,,0,20,,46561,3,,,0,21,,46541,5,,,0,60,,46562,3,,,0,21,,46542,5,,,0,61,,46563,3,,,0,22,,46543,5,,,0,20,,46564,3,,,0,63,,46544,5,,,0,21,,46565,3,,,0,21,,46545,5,,,0,58,,46566,3,,,0,18,,46546,5,,,0,17,,46567,3,,,0,18,,46547,5,,,0,58,,46568,3,,,0,20,,46548,5,,,0,20,,46569,3,,,0,60,,46549,5,,,0,20,,46570,3,,,0,19,,46550,5,,,0,59,,46571,3,,,0,20,,46551,5,,,0,20,,46572,3,,,0,60,,46552,5,,,0,20,,46573,3,,,0,21,,46553,5,,,0,62,,46574,3,,,0,20,,46554,5,,,0,20,,46575,3,,,0,61,,46555,3,,,0,21,,46576,5,,,0,61,,46577,3,,,0,20,,46556,5,,,0,30,,46578,3,,,0
4000001,'6_4',640,,46579,5,,,0,19,,46600,3,,,0,60,,46580,5,,,0,20,,46601,3,,,0,18,,46581,5,,,0,60,,46602,3,,,0,20,,46582,5,,,0,21,,46603,3,,,0,60,,46583,5,,,0,20,,46604,3,,,0,21,,46584,5,,,0,60,,46605,3,,,0,21,,46585,5,,,0,61,,46606,3,,,0,22,,46586,5,,,0,20,,46607,3,,,0,63,,46587,5,,,0,21,,46608,3,,,0,21,,46588,5,,,0,58,,46609,3,,,0,18,,46589,5,,,0,17,,46610,3,,,0,18,,46590,5,,,0,58,,46611,3,,,0,20,,46591,5,,,0,20,,46612,3,,,0,60,,46592,5,,,0,20,,46613,3,,,0,19,,46593,5,,,0,59,,46614,3,,,0,20,,46594,5,,,0,20,,46615,3,,,0,60,,46595,5,,,0,20,,46616,3,,,0,21,,46596,5,,,0,62,,46617,3,,,0,20,,46597,5,,,0,20,,46618,3,,,0,61,,46598,3,,,0,21,,46619,5,,,0,61,,46620,3,,,0,20,,46599,5,,,0,30,,46621,3,,,0
4000001,'7_1',639,,48036,5,,,0,18,,48054,3,,,0,56,,48037,5,,,0,18,,48078,3,,,0,23,,48038,5,,,0,60,,48055,3,,,0,20,,48039,5,,,0,20,,48056,3,,,0,61,,48040,5,,,0,20,,48057,3,,,0,19,,48077,5,,,0,60,,48058,3,,,0,20,,48041,5,,,0,20,,48059,3,,,0,61,,48042,5,,,0,19,,48060,3,,,0,18,,48043,5,,,0,62,,48061,3,,,0,20,,48044,5,,,0,21,,48062,3,,,0,59,,48045,5,,,0,19,,48063,3,,,0,20,,48076,5,,,0,61,,48064,3,,,0,19,,48046,5,,,0,19,,48065,3,,,0,60,,48047,5,,,0,20,,48066,3,,,0,18,,48075,5,,,0,60,,48067,3,,,0,17,,48048,5,,,0,20,,48068,3,,,0,59,,48049,5,,,0,23,,48069,3,,,0,21,,48050,5,,,0,62,,48070,3,,,0,23,,48051,5,,,0,21,,48071,3,,,0,62,,48052,5,,,0,20,,48072,3,,,0,21,,48073,3,,,0,60,,48053,5,,,0,31,,48074,3,,,0
4000001,'7_2',639,,51761,5,,,0,18,,51779,3,,,0,56,,51762,5,,,0,18,,51803,3,,,0,23,,51763,5,,,0,60,,51780,3,,,0,20,,51764,5,,,0,20,,51781,3,,,0,61,,51765,5,,,0,20,,51782,3,,,0,19,,51802,5,,,0,60,,51783,3,,,0,20,,51766,5,,,0,20,,51784,3,,,0,61,,51767,5,,,0,19,,51785,3,,,0,18,,51768,5,,,0,62,,51786,3,,,0,20,,51769,5,,,0,21,,51787,3,,,0,59,,51770,5,,,0,19,,51788,3,,,0,20,,51801,5,,,0,61,,51789,3,,,0,19,,51771,5,,,0,19,,51790,3,,,0,60,,51772,5,,,0,20,,51791,3,,,0,18,,51800,5,,,0,60,,51792,3,,,0,17,,51773,5,,,0,20,,51793,3,,,0,59,,51774,5,,,0,23,,51794,3,,,0,21,,51775,5,,,0,62,,51795,3,,,0,23,,51776,5,,,0,21,,51796,3,,,0,62,,51777,5,,,0,20,,51797,3,,,0,21,,51798,3,,,0,60,,51778,5,,,0,31,,51799,3,,,0
4000001,'7_4',639,,51804,5,,,0,18,,51822,3,,,0,56,,51805,5,,,0,18,,51846,3,,,0,23,,51806,5,,,0,60,,51823,3,,,0,20,,51807,5,,,0,20,,51824,3,,,0,61,,51808,5,,,0,20,,51825,3,,,0,19,,51845,5,,,0,60,,51826,3,,,0,20,,51809,5,,,0,20,,51827,3,,,0,61,,51810,5,,,0,19,,51828,3,,,0,18,,51811,5,,,0,62,,51829,3,,,0,20,,51812,5,,,0,21,,51830,3,,,0,59,,51813,5,,,0,19,,51831,3,,,0,20,,51844,5,,,0,61,,51832,3,,,0,19,,51814,5,,,0,19,,51833,3,,,0,60,,51815,5,,,0,20,,51834,3,,,0,18,,51843,5,,,0,60,,51835,3,,,0,17,,51816,5,,,0,20,,51836,3,,,0,59,,51817,5,,,0,23,,51837,3,,,0,21,,51818,5,,,0,62,,51838,3,,,0,23,,51819,5,,,0,21,,51839,3,,,0,62,,51820,5,,,0,20,,51840,3,,,0,21,,51841,3,,,0,60,,51821,5,,,0,31,,51842,3,,,0
4000001,'8_7',856,,52065,5,,,0,150,,52070,3,,,0,110,,52066,5,,,0,110,,52071,3,,,0,110,,52067,5,,,0,110,,52072,3,,,0,110,,52068,5,,,0,150,,52073,3,,,0,110,,52069,5,,,0,110,,52064,3,,,0
