501,'2509-HIV-25j05H-d-Dimanche-00',944,,10126,,,0,200,,10127,,,0,200,,10128,,,0,200,,10125,,,0
501,'2509-HIV-25j26H-d-Dimanche-00',944,,10130,,,0,200,,10131,,,0,200,,10132,,,0,200,,10129,,,0
501,'2509-HIV-25k03H-s-Samedi-00',816,,10133,,,0,100,,10134,,,0,100,,10135,,,0,101,,10136,,,0,100,,10137,,,0,94,,10138,,,0,99,,10139,,,0,100,,10140,,,0,100,,10141,,,0,100,,10142,,,0,100,,10143,,,0,149,,10144,,,0
501,'2509-HIV-25l22Vlv-Semaine-00',924,,10145,,,0,104,,10146,,,0,100,,10147,,,0,86,,10148,,,0,95,,10149,,,0,98,,10150,,,0,102,,10151,,,0,101,,10152,,,0,106,,10153,,,0,104,,10154,,,0,129,,10155,,,0
501,'2509-HIV-26a05H-s-Samedi-00',816,,10156,,,0,100,,10157,,,0,100,,10158,,,0,101,,10159,,,0,100,,10160,,,0,94,,10161,,,0,99,,10162,,,0,100,,10163,,,0,100,,10164,,,0,100,,10165,,,0,100,,10166,,,0,149,,10167,,,0
501,'2509-HIV-26a05H-w-Mercredi-00',924,,10168,,,0,104,,10169,,,0,100,,10170,,,0,86,,10171,,,0,95,,10172,,,0,98,,10173,,,0,102,,10174,,,0,101,,10175,,,0,106,,10176,,,0,104,,10177,,,0,129,,10178,,,0
501,'2509-HIV-26a05H-w-Mercredi-00-0010000',1239,,10179,0,20 21,0
501,'2509-HIV-26a05Hlv-L-Ma-J-V-00',924,,10180,,,0,104,,10181,,,0,100,,10182,,,0,86,,10183,,,0,95,,10184,,,0,98,,10185,,,0,102,,10186,,,0,101,,10187,,,0,106,,10188,,,0,104,,10189,,,0,129,,10190,,,0
501,'2509-HIV-26a05Hlv-L-Ma-J-V-00-1101100',1635,,10191,0,20 21,0,110,,10192,0,20 21,0,94,,10193,0,20 21,0
501,'2509-HIV-26b23Vlv-Semaine-00',924,,10194,,,0,104,,10195,,,0,100,,10196,,,0,86,,10197,,,0,95,,10198,,,0,98,,10199,,,0,102,,10200,,,0,101,,10201,,,0,106,,10202,,,0,104,,10203,,,0,129,,10204,,,0
501,'2509-HIV-26c02Vlv-Semaine-00',924,,10205,,,0,104,,10206,,,0,100,,10207,,,0,86,,10208,,,0,95,,10209,,,0,98,,10210,,,0,102,,10211,,,0,101,,10212,,,0,106,,10213,,,0,104,,10214,,,0,129,,10215,,,0
2601,'2509-HIV-25k03H-s-Samedi-00',729,,12106,,,0,85,,12109,,,0,45,,12110,,,0,86,,12111,,,0,90,,12112,,,0,84,,12113,,,0,83,,12114,,,0,45,,12115,,,0,82,,12116,,,0,85,,12117,,,0,86,,12118,,,0,50,,12119,,,0,86,,12120,,,0,81,,12121,,,0,86,,12122,,,0,43,,12108,,,0,83,,12107,,,0
2601,'2509-HIV-25l22Vlv-Semaine-00',729,,12123,,,0,85,,12124,,,0,45,,12125,,,0,86,,12126,,,0,90,,12127,,,0,84,,12128,,,0,83,,12129,,,0,45,,12130,,,0,82,,12131,,,0,85,,12132,,,0,86,,12133,,,0,50,,12134,,,0,86,,12135,,,0,81,,12136,,,0,86,,12137,,,0,43,,12138,,,0,83,,12139,,,0
2601,'2509-HIV-26a05H-s-Samedi-00',729,,12140,,,0,85,,12143,,,0,45,,12144,,,0,86,,12145,,,0,90,,12146,,,0,84,,12147,,,0,83,,12148,,,0,45,,12149,,,0,82,,12150,,,0,85,,12151,,,0,86,,12152,,,0,50,,12153,,,0,86,,12154,,,0,81,,12155,,,0,86,,12156,,,0,43,,12142,,,0,83,,12141,,,0
2601,'2509-HIV-26a05H-w-Mercredi-00',726,,12157,,,0,33,,12166,,,0,65,,12168,,,0,25,,12167,,,0,79,,12158,,,0,99,,12159,,,0,100,,12175,,,0,100,,12160,,,0,27,,12176,,,0,62,,12177,,,0,92,,12161,,,0,94,,12162,,,0,114,,12170,,,0,87,,12171,,,0,28,,12172,,,0,90,,12173,,,0,24,,12174,,,0,94,,12169,,,0
2601,'2509-HIV-26a05Hlv-L-Ma-J-V-00',726,,12178,,,0,33,,12187,,,0,65,,12189,,,0,25,,12188,,,0,79,,12179,,,0,99,,12180,,,0,100,,12196,,,0,100,,12181,,,0,27,,12197,,,0,62,,12198,,,0,92,,12182,,,0,94,,12183,,,0,114,,12191,,,0,87,,12192,,,0,28,,12193,,,0,90,,12194,,,0,24,,12195,,,0,94,,12190,,,0
2601,'2509-HIV-26b23Vlv-Semaine-00',729,,12200,,,0,85,,12201,,,0,45,,12202,,,0,86,,12203,,,0,90,,12204,,,0,84,,12205,,,0,83,,12206,,,0,45,,12207,,,0,82,,12208,,,0,85,,12209,,,0,86,,12210,,,0,50,,12211,,,0,86,,12212,,,0,81,,12213,,,0,86,,12214,,,0,43,,12215,,,0,83,,12216,,,0
2601,'2509-HIV-26c02Vlv-Semaine-00',729,,12217,,,0,85,,12218,,,0,45,,12219,,,0,86,,12220,,,0,90,,12221,,,0,84,,12222,,,0,83,,12223,,,0,45,,12224,,,0,82,,12225,,,0,85,,12226,,,0,86,,12227,,,0,50,,12228,,,0,86,,12229,,,0,81,,12230,,,0,86,,12231,,,0,43,,12232,,,0,83,,12233,,,0
1000001,'2509-HIV-25j05H-d-Dimanche-00',815,,13362,,,0,40,,13363,,,0,80,,13364,,,0,80,,13365,,,0,40,,13366,,,0,80,,13367,,,0,80,,13368,,,0,40,,13369,,,0,80,,13370,,,0,80,,13371,,,0,40,,13372,,,0,80,,13373,,,0,80,,13374,,,0,40,,13375,,,0,80,,13376,,,0,80,,13377,,,0,40,,13378,,,0,80,,13379,,,0
1000001,'2509-HIV-25j26H-d-Dimanche-00',815,,13380,,,0,40,,13381,,,0,80,,13382,,,0,80,,13383,,,0,40,,13384,,,0,80,,13385,,,0,80,,13386,,,0,40,,13387,,,0,80,,13388,,,0,80,,13389,,,0,40,,13390,,,0,80,,13391,,,0,80,,13392,,,0,40,,13393,,,0,80,,13394,,,0,80,,13395,,,0,40,,13396,,,0,80,,13397,,,0
1000001,'2509-HIV-25k03H-s-Samedi-00',546,,13398,,,0,81,,13399,,,0,80,,13400,,,0,30,,13401,,,0,69,,13402,,,0,29,,13403,,,0,15,,13404,,,0,55,,13405,,,0,14,,13406,,,0,15,,13407,,,0,15,,13408,,,0,55,,13409,,,0,16,,13410,,,0,16,,13411,,,0,16,,13412,,,0,55,,13413,,,0,15,,13414,,,0,16,,13415,,,0,15,,13416,,,0,56,,13417,,,0,15,,13418,,,0,14,,13419,,,0,16,,13420,,,0,56,,13421,,,0,9,,13422,,,0,9,,13423,,,0,8,,13424,,,0,10,,13426,,,0,10,,13425,,,0,51,,13427,,,0,11,,13428,,,0,12,,13429,,,0,10,,13430,,,0,9,,13431,,,0,10,,13432,,,0,51,,13433,,,0,10,,13434,,,0,10,,13435,,,0,11,,13436,,,0,11,,13437,,,0,49,,13438,,,0,10,,13439,,,0,10,,13440,,,0,12,,13441,,,0,9,,13442,,,0,9,,13443,,,0,49,,13444,,,0,10,,13446,,,0,9,,13445,,,0,10,,13447,,,0,10,,13448,,,0,10,,13450,,,0,10,,13449,,,0,49,,13451,,,0,9,,13452,,,0,9,,13454,,,0,10,,13453,,,0,10,,13455,,,0,13,,13456,,,0,59,,13457,,,0,17,,13458,,,0,21,,13459,,,0,61,,13460,,,0,17,,13461,,,0,19,,13462,,,0,60,,13463,,,0,20,,13464,,,0,20,,13465,,,0
1000001,'2509-HIV-25l22Vlv-Semaine-00',546,,13466,,,0,60,,13467,,,0,20,,13468,,,0,20,,13469,,,0,60,,13470,,,0,10,,13550,,,0,11,,13551,,,0,10,,13501,,,0,10,,13502,,,0,10,,13503,,,0,50,,13504,,,0,10,,13505,,,0,10,,13506,,,0,10,,13507,,,0,10,,13508,,,0,9,,13509,,,0,50,,13510,,,0,10,,13511,,,0,10,,13512,,,0,11,,13471,,,0,11,,13472,,,0,10,,13473,,,0,50,,13474,,,0,10,,13475,,,0,11,,13513,,,0,12,,13476,,,0,11,,13477,,,0,51,,13478,,,0,11,,13479,,,0,10,,13480,,,0,11,,13514,,,0,11,,13481,,,0,11,,13482,,,0,50,,13483,,,0,10,,13484,,,0,8,,13515,,,0,10,,13516,,,0,9,,13517,,,0,10,,13518,,,0,50,,13519,,,0,10,,13520,,,0,10,,13521,,,0,9,,13522,,,0,10,,13523,,,0,9,,13524,,,0,50,,13525,,,0,11,,13526,,,0,10,,13527,,,0,10,,13485,,,0,10,,13486,,,0,10,,13528,,,0,50,,13487,,,0,10,,13488,,,0,11,,13489,,,0,10,,13529,,,0,11,,13490,,,0,11,,13491,,,0,51,,13492,,,0,10,,13493,,,0,10,,13494,,,0,10,,13530,,,0,10,,13531,,,0,10,,13532,,,0,50,,13533,,,0,10,,13534,,,0,10,,13535,,,0,11,,13536,,,0,10,,13537,,,0,10,,13538,,,0,50,,13539,,,0,10,,13540,,,0,9,,13541,,,0,9,,13542,,,0,9,,13543,,,0,9,,13544,,,0,49,,13545,,,0,10,,13546,,,0,10,,13547,,,0,13,,13549,,,0,19,,13548,,,0,60,,13495,,,0,20,,13496,,,0,19,,13497,,,0,60,,13498,,,0,20,,13499,,,0,20,,13500,,,0
1000001,'2509-HIV-26a05H-s-Samedi-00',546,,13552,,,0,81,,13553,,,0,80,,13554,,,0,30,,13555,,,0,69,,13556,,,0,29,,13557,,,0,15,,13558,,,0,55,,13559,,,0,14,,13560,,,0,15,,13561,,,0,15,,13562,,,0,55,,13563,,,0,16,,13564,,,0,16,,13565,,,0,16,,13566,,,0,55,,13567,,,0,15,,13568,,,0,16,,13569,,,0,15,,13570,,,0,56,,13571,,,0,15,,13572,,,0,14,,13573,,,0,16,,13574,,,0,56,,13575,,,0,9,,13576,,,0,9,,13577,,,0,8,,13578,,,0,10,,13580,,,0,10,,13579,,,0,51,,13581,,,0,11,,13582,,,0,12,,13583,,,0,10,,13584,,,0,9,,13585,,,0,10,,13586,,,0,51,,13587,,,0,10,,13588,,,0,10,,13589,,,0,11,,13590,,,0,11,,13591,,,0,49,,13592,,,0,10,,13593,,,0,10,,13594,,,0,12,,13595,,,0,9,,13596,,,0,9,,13597,,,0,49,,13598,,,0,10,,13600,,,0,9,,13599,,,0,10,,13601,,,0,10,,13602,,,0,10,,13604,,,0,10,,13603,,,0,49,,13605,,,0,9,,13606,,,0,9,,13608,,,0,10,,13607,,,0,10,,13609,,,0,13,,13610,,,0,59,,13611,,,0,17,,13612,,,0,21,,13613,,,0,61,,13614,,,0,17,,13615,,,0,19,,13616,,,0,60,,13617,,,0,20,,13618,,,0,20,,13619,,,0
1000001,'2509-HIV-26a05H-w-Mercredi-00',546,,13620,,,0,60,,13621,,,0,20,,13622,,,0,20,,13623,,,0,60,,13624,,,0,10,,13704,,,0,9,,13705,,,0,10,,13655,,,0,10,,13656,,,0,10,,13657,,,0,51,,13658,,,0,10,,13659,,,0,9,,13660,,,0,10,,13661,,,0,10,,13662,,,0,10,,13663,,,0,50,,13664,,,0,10,,13665,,,0,11,,13666,,,0,11,,13625,,,0,11,,13626,,,0,10,,13627,,,0,50,,13628,,,0,11,,13629,,,0,11,,13667,,,0,11,,13630,,,0,11,,13631,,,0,50,,13632,,,0,11,,13633,,,0,10,,13634,,,0,11,,13668,,,0,10,,13635,,,0,11,,13636,,,0,50,,13637,,,0,9,,13638,,,0,10,,13669,,,0,10,,13670,,,0,10,,13671,,,0,10,,13672,,,0,50,,13673,,,0,10,,13674,,,0,10,,13675,,,0,9,,13676,,,0,10,,13677,,,0,10,,13678,,,0,50,,13679,,,0,10,,13680,,,0,10,,13681,,,0,10,,13639,,,0,10,,13640,,,0,9,,13682,,,0,50,,13641,,,0,10,,13642,,,0,11,,13643,,,0,11,,13683,,,0,11,,13644,,,0,11,,13645,,,0,51,,13646,,,0,10,,13647,,,0,9,,13648,,,0,10,,13684,,,0,10,,13685,,,0,10,,13686,,,0,51,,13687,,,0,11,,13688,,,0,11,,13689,,,0,10,,13690,,,0,10,,13691,,,0,10,,13692,,,0,50,,13693,,,0,10,,13694,,,0,8,,13695,,,0,9,,13696,,,0,9,,13697,,,0,9,,13698,,,0,49,,13699,,,0,9,,13700,,,0,10,,13701,,,0,13,,13703,,,0,19,,13702,,,0,60,,13649,,,0,20,,13650,,,0,20,,13651,,,0,60,,13652,,,0,20,,13653,,,0,20,,13654,,,0
1000001,'2509-HIV-26a05Hlv-L-Ma-J-V-00',546,,13706,,,0,60,,13707,,,0,20,,13708,,,0,20,,13709,,,0,60,,13710,,,0,10,,13790,,,0,9,,13791,,,0,10,,13741,,,0,10,,13742,,,0,10,,13743,,,0,51,,13744,,,0,10,,13745,,,0,9,,13746,,,0,10,,13747,,,0,10,,13748,,,0,10,,13749,,,0,50,,13750,,,0,10,,13751,,,0,11,,13752,,,0,11,,13711,,,0,11,,13712,,,0,10,,13713,,,0,50,,13714,,,0,11,,13715,,,0,11,,13753,,,0,11,,13716,,,0,11,,13717,,,0,50,,13718,,,0,11,,13719,,,0,10,,13720,,,0,11,,13754,,,0,10,,13721,,,0,11,,13722,,,0,50,,13723,,,0,9,,13724,,,0,10,,13755,,,0,10,,13756,,,0,10,,13757,,,0,10,,13758,,,0,50,,13759,,,0,10,,13760,,,0,10,,13761,,,0,9,,13762,,,0,10,,13763,,,0,10,,13764,,,0,50,,13765,,,0,10,,13766,,,0,10,,13767,,,0,10,,13725,,,0,10,,13726,,,0,9,,13768,,,0,50,,13727,,,0,10,,13728,,,0,11,,13729,,,0,11,,13769,,,0,11,,13730,,,0,11,,13731,,,0,51,,13732,,,0,10,,13733,,,0,9,,13734,,,0,10,,13770,,,0,10,,13771,,,0,10,,13772,,,0,51,,13773,,,0,11,,13774,,,0,11,,13775,,,0,10,,13776,,,0,10,,13777,,,0,10,,13778,,,0,50,,13779,,,0,10,,13780,,,0,8,,13781,,,0,9,,13782,,,0,9,,13783,,,0,9,,13784,,,0,49,,13785,,,0,9,,13786,,,0,10,,13787,,,0,13,,13789,,,0,19,,13788,,,0,60,,13735,,,0,20,,13736,,,0,20,,13737,,,0,60,,13738,,,0,20,,13739,,,0,20,,13740,,,0
1000001,'2509-HIV-26b23Vlv-Semaine-00',546,,13792,,,0,60,,13793,,,0,20,,13794,,,0,20,,13795,,,0,60,,13796,,,0,10,,13876,,,0,11,,13877,,,0,10,,13827,,,0,10,,13828,,,0,10,,13829,,,0,50,,13830,,,0,10,,13831,,,0,10,,13832,,,0,10,,13833,,,0,10,,13834,,,0,9,,13835,,,0,50,,13836,,,0,10,,13837,,,0,10,,13838,,,0,11,,13797,,,0,11,,13798,,,0,10,,13799,,,0,50,,13800,,,0,10,,13801,,,0,11,,13839,,,0,12,,13802,,,0,11,,13803,,,0,51,,13804,,,0,11,,13805,,,0,10,,13806,,,0,11,,13840,,,0,11,,13807,,,0,11,,13808,,,0,50,,13809,,,0,10,,13810,,,0,8,,13841,,,0,10,,13842,,,0,9,,13843,,,0,10,,13844,,,0,50,,13845,,,0,10,,13846,,,0,10,,13847,,,0,9,,13848,,,0,10,,13849,,,0,9,,13850,,,0,50,,13851,,,0,11,,13852,,,0,10,,13853,,,0,10,,13811,,,0,10,,13812,,,0,10,,13854,,,0,50,,13813,,,0,10,,13814,,,0,11,,13815,,,0,10,,13855,,,0,11,,13816,,,0,11,,13817,,,0,51,,13818,,,0,10,,13819,,,0,10,,13820,,,0,10,,13856,,,0,10,,13857,,,0,10,,13858,,,0,50,,13859,,,0,10,,13860,,,0,10,,13861,,,0,11,,13862,,,0,10,,13863,,,0,10,,13864,,,0,50,,13865,,,0,10,,13866,,,0,9,,13867,,,0,9,,13868,,,0,9,,13869,,,0,9,,13870,,,0,49,,13871,,,0,10,,13872,,,0,10,,13873,,,0,13,,13875,,,0,19,,13874,,,0,60,,13821,,,0,20,,13822,,,0,19,,13823,,,0,60,,13824,,,0,20,,13825,,,0,20,,13826,,,0
1000001,'2509-HIV-26c02Vlv-Semaine-00',546,,13878,,,0,60,,13879,,,0,20,,13880,,,0,20,,13881,,,0,60,,13882,,,0,10,,13962,,,0,11,,13963,,,0,10,,13913,,,0,10,,13914,,,0,10,,13915,,,0,50,,13916,,,0,10,,13917,,,0,10,,13918,,,0,10,,13919,,,0,10,,13920,,,0,9,,13921,,,0,50,,13922,,,0,10,,13923,,,0,10,,13924,,,0,11,,13883,,,0,11,,13884,,,0,10,,13885,,,0,50,,13886,,,0,10,,13887,,,0,11,,13925,,,0,12,,13888,,,0,11,,13889,,,0,51,,13890,,,0,11,,13891,,,0,10,,13892,,,0,11,,13926,,,0,11,,13893,,,0,11,,13894,,,0,50,,13895,,,0,10,,13896,,,0,8,,13927,,,0,10,,13928,,,0,9,,13929,,,0,10,,13930,,,0,50,,13931,,,0,10,,13932,,,0,10,,13933,,,0,9,,13934,,,0,10,,13935,,,0,9,,13936,,,0,50,,13937,,,0,11,,13938,,,0,10,,13939,,,0,10,,13897,,,0,10,,13898,,,0,10,,13940,,,0,50,,13899,,,0,10,,13900,,,0,11,,13901,,,0,10,,13941,,,0,11,,13902,,,0,11,,13903,,,0,51,,13904,,,0,10,,13905,,,0,10,,13906,,,0,10,,13942,,,0,10,,13943,,,0,10,,13944,,,0,50,,13945,,,0,10,,13946,,,0,10,,13947,,,0,11,,13948,,,0,10,,13949,,,0,10,,13950,,,0,50,,13951,,,0,10,,13952,,,0,9,,13953,,,0,9,,13954,,,0,9,,13955,,,0,9,,13956,,,0,49,,13957,,,0,10,,13958,,,0,10,,13959,,,0,13,,13961,,,0,19,,13960,,,0,60,,13907,,,0,20,,13908,,,0,19,,13909,,,0,60,,13910,,,0,20,,13911,,,0,20,,13912,,,0
3000001,'2509-HIV-25j05H-d-Dimanche-00',900,,15080,,,0,130,,15088,,,0,170,,15087,,,0,130,,15086,,,0,170,,15083,,,0,130,,15084,,,0,170,,15085,,,0,130,,15082,,,0,170,,15081,,,0
3000001,'2509-HIV-25j26H-d-Dimanche-00',900,,15089,,,0,130,,15091,,,0,170,,15092,,,0,130,,15093,,,0,170,,15094,,,0,130,,15095,,,0,170,,15096,,,0,130,,15097,,,0,170,,15090,,,0
3000001,'2509-HIV-25k03H-s-Samedi-00',653,,15098,,,0,82,,15099,,,0,84,,15100,,,0,38,,15101,,,0,61,,15102,,,0,19,,15103,,,0,21,,15104,,,0,60,,15105,,,0,21,,15106,,,0,20,,15107,,,0,60,,15108,,,0,19,,15109,,,0,21,,15110,,,0,60,,15111,,,0,19,,15112,,,0,19,,15113,,,0,60,,15114,,,0,20,,15115,,,0,20,,15116,,,0,62,,15117,,,0,20,,15118,,,0,20,,15119,,,0,61,,15120,,,0,20,,15121,,,0,60,,15122,,,0,20,,15123,,,0,20,,15124,,,0,61,,15125,,,0,20,,15126,,,0,20,,15127,,,0,59,,15128,,,0,19,,15129,,,0,19,,15130,,,0,20,,15131,,,0,58,,15132,,,0,31,,15134,,,0,67,,15135,,,0,30,,15133,,,0,68,,15136,,,0
3000001,'2509-HIV-25l22Vlv-Semaine-00',703,,15178,,,0,21,,15137,,,0,20,,15138,,,0,60,,15139,,,0,20,,15140,,,0,20,,15141,,,0,60,,15142,,,0,20,,15143,,,0,20,,15144,,,0,60,,15145,,,0,20,,15146,,,0,21,,15147,,,0,60,,15148,,,0,19,,15149,,,0,20,,15150,,,0,60,,15151,,,0,19,,15152,,,0,19,,15153,,,0,60,,15154,,,0,20,,15155,,,0,20,,15156,,,0,60,,15157,,,0,22,,15158,,,0,20,,15159,,,0,59,,15160,,,0,21,,15161,,,0,20,,15162,,,0,60,,15163,,,0,20,,15164,,,0,20,,15165,,,0,61,,15166,,,0,20,,15167,,,0,20,,15168,,,0,60,,15169,,,0,19,,15170,,,0,19,,15171,,,0,61,,15172,,,0,20,,15173,,,0,21,,15174,,,0,69,,15175,,,0,27,,15176,,,0,69,,15177,,,0
3000001,'2509-HIV-26a05H-s-Samedi-00',653,,15179,,,0,82,,15180,,,0,84,,15181,,,0,38,,15182,,,0,61,,15183,,,0,19,,15184,,,0,21,,15185,,,0,60,,15186,,,0,21,,15187,,,0,20,,15188,,,0,60,,15189,,,0,19,,15190,,,0,21,,15191,,,0,60,,15192,,,0,19,,15193,,,0,19,,15194,,,0,60,,15195,,,0,20,,15196,,,0,20,,15197,,,0,62,,15198,,,0,20,,15199,,,0,20,,15200,,,0,61,,15201,,,0,20,,15202,,,0,60,,15203,,,0,20,,15204,,,0,20,,15205,,,0,61,,15206,,,0,20,,15207,,,0,20,,15208,,,0,59,,15209,,,0,19,,15210,,,0,19,,15211,,,0,20,,15212,,,0,58,,15213,,,0,31,,15215,,,0,67,,15216,,,0,30,,15214,,,0,68,,15217,,,0
3000001,'2509-HIV-26a05H-w-Mercredi-00',701,,15259,,,0,22,,15218,,,0,20,,15219,,,0,60,,15220,,,0,20,,15221,,,0,21,,15222,,,0,60,,15223,,,0,20,,15224,,,0,20,,15225,,,0,60,,15226,,,0,20,,15227,,,0,20,,15228,,,0,60,,15229,,,0,19,,15230,,,0,19,,15231,,,0,61,,15232,,,0,21,,15233,,,0,20,,15234,,,0,60,,15235,,,0,19,,15236,,,0,20,,15237,,,0,60,,15238,,,0,20,,15239,,,0,20,,15240,,,0,61,,15241,,,0,21,,15242,,,0,22,,15243,,,0,60,,15244,,,0,20,,15245,,,0,19,,15246,,,0,64,,15247,,,0,23,,15248,,,0,18,,15249,,,0,59,,15250,,,0,15,,15251,,,0,18,,15252,,,0,61,,15253,,,0,19,,15254,,,0,22,,15255,,,0,66,,15256,,,0,28,,15257,,,0,71,,15258,,,0
3000001,'2509-HIV-26a05Hlv-L-Ma-J-V-00',701,,15309,,,0,22,,15268,,,0,20,,15269,,,0,60,,15270,,,0,20,,15271,,,0,21,,15272,,,0,60,,15273,,,0,20,,15274,,,0,20,,15275,,,0,60,,15276,,,0,20,,15277,,,0,20,,15278,,,0,60,,15279,,,0,19,,15280,,,0,19,,15281,,,0,61,,15282,,,0,21,,15283,,,0,20,,15284,,,0,60,,15285,,,0,19,,15286,,,0,20,,15287,,,0,60,,15288,,,0,20,,15289,,,0,20,,15290,,,0,61,,15291,,,0,21,,15292,,,0,22,,15293,,,0,60,,15294,,,0,20,,15295,,,0,19,,15296,,,0,64,,15297,,,0,23,,15298,,,0,18,,15299,,,0,59,,15300,,,0,15,,15301,,,0,18,,15302,,,0,61,,15303,,,0,19,,15304,,,0,22,,15305,,,0,66,,15306,,,0,28,,15307,,,0,71,,15308,,,0
3000001,'2509-HIV-26b23Vlv-Semaine-00',703,,15359,,,0,21,,15318,,,0,20,,15319,,,0,60,,15320,,,0,20,,15321,,,0,20,,15322,,,0,60,,15323,,,0,20,,15324,,,0,20,,15325,,,0,60,,15326,,,0,20,,15327,,,0,21,,15328,,,0,60,,15329,,,0,19,,15330,,,0,20,,15331,,,0,60,,15332,,,0,19,,15333,,,0,19,,15334,,,0,60,,15335,,,0,20,,15336,,,0,20,,15337,,,0,60,,15338,,,0,22,,15339,,,0,20,,15340,,,0,59,,15341,,,0,21,,15342,,,0,20,,15343,,,0,60,,15344,,,0,20,,15345,,,0,20,,15346,,,0,61,,15347,,,0,20,,15348,,,0,20,,15349,,,0,60,,15350,,,0,19,,15351,,,0,19,,15352,,,0,61,,15353,,,0,20,,15354,,,0,21,,15355,,,0,69,,15356,,,0,27,,15357,,,0,69,,15358,,,0
3000001,'2509-HIV-26c02Vlv-Semaine-00',703,,15401,,,0,21,,15360,,,0,20,,15361,,,0,60,,15362,,,0,20,,15363,,,0,20,,15364,,,0,60,,15365,,,0,20,,15366,,,0,20,,15367,,,0,60,,15368,,,0,20,,15369,,,0,21,,15370,,,0,60,,15371,,,0,19,,15372,,,0,20,,15373,,,0,60,,15374,,,0,19,,15375,,,0,19,,15376,,,0,60,,15377,,,0,20,,15378,,,0,20,,15379,,,0,60,,15380,,,0,22,,15381,,,0,20,,15382,,,0,59,,15383,,,0,21,,15384,,,0,20,,15385,,,0,60,,15386,,,0,20,,15387,,,0,20,,15388,,,0,61,,15389,,,0,20,,15390,,,0,20,,15391,,,0,60,,15392,,,0,19,,15393,,,0,19,,15394,,,0,61,,15395,,,0,20,,15396,,,0,21,,15397,,,0,69,,15398,,,0,27,,15399,,,0,69,,15400,,,0
