401,'S2-1_6',751,,8835,55,,,0,189,,8836,55,,,0,202,,8837,55,,,0,201,,8838,55,,,0,199,,8839,55,,,0,206,,8840,55,,,0,272,,8841,55,,,0
401,'S2-5_1',855,,8894,57,,,0,295,,8896,55,,,0,160,,8895,57,,,0,100,,8897,55,,,0,140,,8898,55,,,0,274,,8893,58,,,0,185,,8899,55,,,0
401,'S2-5_2',855,,8926,57,,,0,295,,8928,55,,,0,160,,8927,57,,,0,100,,8929,55,,,0,140,,8930,55,,,0,274,,8925,58,,,0,185,,8931,55,,,0
401,'S2-5_4',855,,8958,57,,,0,295,,8960,55,,,0,160,,8959,57,,,0,100,,8961,55,,,0,140,,8962,55,,,0,274,,8957,58,,,0,185,,8963,55,,,0
401,'S2-5_5',855,,8990,57,,,0,295,,8992,55,,,0,160,,8991,57,,,0,100,,8993,55,,,0,140,,8994,55,,,0,274,,8989,58,,,0,185,,8995,55,,,0
401,'S2-6_3',855,,9022,57,,,0,295,,9024,55,,,0,160,,9023,57,,,0,100,,9025,55,,,0,140,,9026,55,,,0,274,,9021,58,,,0,185,,9027,55,,,0
2901201,'S2-5_1',1704,,13632,9,,,0,105,,13633,9,,,0,100,,13631,9,,,0
2901201,'S2-5_2',1704,,13635,9,,,0,105,,13636,9,,,0,100,,13634,9,,,0
2901201,'S2-5_4',1704,,13638,9,,,0,105,,13639,9,,,0,100,,13637,9,,,0
2901201,'S2-5_5',1704,,13641,9,,,0,105,,13642,9,,,0,100,,13640,9,,,0
2901201,'S2-6_3',1309,,13644,9,,,0,395,,13645,9,,,0,105,,13646,9,,,0,100,,13643,9,,,0
