'2507-ETE-25h31E-d-Dimanche-00',100,92900,0,'Soler',0,10500,0,'Soler',0,10600,0,'Soler',0,10400,0,'Soler',0,9000,0,'Soler',0,10000,0,'Soler',0,10500,0,'Soler',0,10500,0,'Soler',0,10500,0,'Soler',0,10500,0,'Soler',0
'2509-HIV-25i01H-d-Dimanche-00',100,92900,0,'Soler',0,10500,0,'Soler',0,10600,0,'Soler',0,10400,0,'Soler',0,9000,0,'Soler',0,10000,0,'Soler',0,10500,0,'Soler',0,10500,0,'Soler',0,10500,0,'Soler',0,10500,0,'Soler',0
'2509-HIV-25i01H-s-Samedi-00',100,72500,0,'Soler',0,11000,0,'Soler',0,9500,0,'Soler',0,7100,0,'Soler',0,3000,0,'Soler',0,7200,0,'Soler',0,3000,0,'Soler',0,6900,0,'Soler',0,3100,0,'Soler',0,6800,0,'Soler',0,3000,0,'Soler',0,7000,0,'Soler',0,3000,0,'Soler',0,7100,0,'Soler',0,2900,0,'Soler',0,7100,0,'Soler',0,3100,0,'Soler',0,7100,0,'Soler',0,3300,0,'Soler',0,6800,0,'Soler',0,2900,0,'Soler',0,7100,0,'Soler',0,2900,0,'Soler',0
'2509-HIV-25i01H-w-Mercredi-00',100,72500,0,'Soler',0,1500,0,'Soler',0,1500,0,'Soler',0,5400,,'',0,1600,0,'Soler',0,3000,0,'Soler',0,6700,0,'Soler',0,7800,0,'Soler',0,3800,0,'Soler',0,8000,0,'Soler',0,3800,0,'Soler',0,5900,,'',0,2400,,'',0,7100,0,'Soler',0,2500,0,'Soler',0,6500,0,'Soler',0,3500,0,'Soler',0,8000,0,'Soler',0,2500,,'',0,7600,0,'Soler',0,2000,,'',0,1400,0,'Soler',0,6300,,'',0,1000,0,'Soler',0,1900,,'',0,5900,0,'Soler',0,1400,,'',0,2500,,'',0,7400,0,'Soler',0,3500,,'',0
'2509-HIV-25i01H-w-Mercredi-00-0010000',100,123600,,'',0
'2509-HIV-25i01Hlv-L-Ma-J-V-00',100,72500,0,'Soler',0,1500,0,'Soler',0,1500,0,'Soler',0,5400,,'',0,1600,0,'Soler',0,3000,0,'Soler',0,6700,0,'Soler',0,7800,0,'Soler',0,3800,0,'Soler',0,8000,0,'Soler',0,3800,0,'Soler',0,5900,,'',0,2400,,'',0,7100,0,'Soler',0,2500,0,'Soler',0,6500,0,'Soler',0,3500,0,'Soler',0,8000,0,'Soler',0,2500,,'',0,7600,0,'Soler',0,2000,,'',0,1400,0,'Soler',0,6300,,'',0,1000,0,'Soler',0,1900,,'',0,5900,0,'Soler',0,1400,,'',0,2500,,'',0,7400,0,'Soler',0,3500,,'',0
'2509-HIV-25i01Hlv-L-Ma-J-V-00-1101100',100,173600,,'',0,8500,,'',0
'2509-HIV-25i11Hlv-L-Ma-J-V-00',100,72500,0,'Soler',0,1500,0,'Soler',0,1500,0,'Soler',0,5400,,'',0,1600,0,'Soler',0,3000,0,'Soler',0,6700,0,'Soler',0,7800,0,'Soler',0,3800,0,'Soler',0,8000,0,'Soler',0,3800,0,'Soler',0,5900,,'',0,2400,,'',0,7100,0,'Soler',0,2500,0,'Soler',0,6500,0,'Soler',0,3500,0,'Soler',0,8000,0,'Soler',0,2500,,'',0,7600,0,'Soler',0,2000,,'',0,1400,0,'Soler',0,6300,,'',0,1000,0,'Soler',0,1900,,'',0,5900,0,'Soler',0,1400,,'',0,2500,,'',0,7400,0,'Soler',0,3500,,'',0
'2509-HIV-25i11Hlv-L-Ma-J-V-00-1101100',100,173600,,'',0,8500,,'',0
'2509-HIV-25i14H-d-Dimanche-00',100,92900,0,'Soler',0,10500,0,'Soler',0,10600,0,'Soler',0,10400,0,'Soler',0,9000,0,'Soler',0,10000,0,'Soler',0,10500,0,'Soler',0,10500,0,'Soler',0,10500,0,'Soler',0,10500,0,'Soler',0
'2509-HIV-25j05H-d-Dimanche-00',100,92900,0,'Soler',0,10500,0,'Soler',0,10600,0,'Soler',0,10400,0,'Soler',0,9000,0,'Soler',0,10000,0,'Soler',0,10500,0,'Soler',0,10500,0,'Soler',0,10500,0,'Soler',0,10500,0,'Soler',0
'2509-HIV-25j20Vlv-Semaine-00',100,72500,,'',0,1500,0,'Soler',0,1500,0,'Soler',0,5500,,'',0,1500,0,'Soler',0,3000,0,'Soler',0,6500,0,'Soler',0,8000,0,'Soler',0,4000,0,'Soler',0,8000,0,'Soler',0,3500,0,'Soler',0,6000,,'',0,2500,,'',0,7000,0,'Soler',0,2500,0,'Soler',0,6500,0,'Soler',0,3200,0,'Soler',0,7800,0,'Soler',0,3000,0,'Soler',0,7100,0,'Soler',0,2500,,'',0,7400,,'',0,3100,,'',0,7000,,'',0,2900,,'',0,7400,0,'Soler',0,2500,,'',0
'2509-HIV-25j26H-d-Dimanche-00',100,92900,0,'Soler',0,10500,0,'Soler',0,10600,0,'Soler',0,10400,0,'Soler',0,9000,0,'Soler',0,10000,0,'Soler',0,10500,0,'Soler',0,10500,0,'Soler',0,10500,0,'Soler',0,10500,0,'Soler',0
'2509-HIV-25j27Vlv-Semaine-00',100,72500,,'',0,1500,0,'Soler',0,1500,0,'Soler',0,5500,,'',0,1500,0,'Soler',0,3000,0,'Soler',0,6500,0,'Soler',0,8000,0,'Soler',0,4000,0,'Soler',0,8000,0,'Soler',0,3500,0,'Soler',0,6000,,'',0,2500,,'',0,7000,0,'Soler',0,2500,0,'Soler',0,6500,0,'Soler',0,3200,0,'Soler',0,7800,0,'Soler',0,3000,0,'Soler',0,7100,0,'Soler',0,2500,,'',0,7400,,'',0,3100,,'',0,7000,,'',0,2900,,'',0,7400,0,'Soler',0,2500,,'',0
