400,'2_6',746,,31221,46,0,40,0,104,,31222,46,0,40,0,72,,31215,58,0,40,0,27,,31223,46,0,40,0,72,,31224,46,0,40,0,30,,31225,46,0,40,0,71,,31216,58,0,40,0,31,,31226,46,0,40,0,70,,31228,46,0,40,0,29,,31227,46,0,40,0,69,,31217,58,0,40,0,31,,31229,46,0,40,0,70,,31230,46,0,40,0,29,,31231,46,0,40,0,73,,31218,58,0,40,0,33,,31232,46,0,40,0,70,,31233,46,0,40,0,31,,31234,46,0,40,0,73,,31219,58,0,40,0,72,,31235,46,0,40,0,30,,31236,46,0,40,0,71,,31237,46,0,40,0,29,,31220,58,0,40,0,71,,31238,46,0,40,0
400,'3_7',944,,31239,46,0,40,0,100,,31240,46,0,40,0,100,,31241,46,0,40,0,100,,31242,46,0,40,0,100,,31243,46,0,40,0,100,,31244,46,0,40,0,100,,31245,46,0,40,0,100,,31246,46,0,40,0,100,,31247,46,0,40,0,100,,31248,46,0,40,0
400,'5_1',750,,37535,47,0,40,0,55,,37541,50,0,40,0,10,,37515,46,0,40,0,19,,37516,47,0,40,0,10,,37536,46,0,40,0,57,,37517,46,0,40,0,13,,37518,46,0,40,0,37,,37519,46,0,40,0,73,,37520,58,0,40,0,30,,37521,46,0,40,0,71,,37522,46,0,40,0,75,,37523,46,0,40,0,36,,37524,46,0,40,0,23,,37539,46,0,40,0,70,,37537,59,0,40,0,26,,37525,46,0,40,0,69,,37526,46,0,40,0,25,,37529,58,0,40,0,76,,37527,46,0,40,0,31,,37530,58,0,40,0,76,,37528,46,0,40,0,75,,37542,47,0,40,0,31,,37538,59,0,40,0,67,,37531,47,0,40,0,30,,37532,58,0,40,0,68,,37540,49,,,0,26,,37533,46,0,40,0,30,,37534,58,0,40,0
400,'5_2',750,,39327,47,0,40,0,55,,39333,50,0,40,0,10,,39307,46,0,40,0,19,,39308,47,0,40,0,10,,39328,46,0,40,0,57,,39309,46,0,40,0,13,,39310,46,0,40,0,37,,39311,46,0,40,0,73,,39312,58,0,40,0,30,,39313,46,0,40,0,71,,39314,46,0,40,0,75,,39315,46,0,40,0,36,,39316,46,0,40,0,23,,39331,46,0,40,0,70,,39329,59,0,40,0,26,,39317,46,0,40,0,69,,39318,46,0,40,0,25,,39321,58,0,40,0,76,,39319,46,0,40,0,31,,39322,58,0,40,0,76,,39320,46,0,40,0,75,,39334,47,0,40,0,31,,39330,59,0,40,0,67,,39323,47,0,40,0,30,,39324,58,0,40,0,68,,39332,49,,,0,26,,39325,46,0,40,0,30,,39326,58,0,40,0
400,'5_3',750,,39355,47,0,40,0,55,,39361,50,0,40,0,10,,39335,46,0,40,0,19,,39336,47,0,40,0,10,,39356,46,0,40,0,57,,39337,46,0,40,0,13,,39338,46,0,40,0,37,,39339,46,0,40,0,73,,39340,58,0,40,0,30,,39341,46,0,40,0,71,,39342,46,0,40,0,75,,39343,46,0,40,0,36,,39344,46,0,40,0,23,,39359,46,0,40,0,70,,39357,59,0,40,0,26,,39345,46,0,40,0,69,,39346,46,0,40,0,25,,39349,58,0,40,0,76,,39347,46,0,40,0,31,,39350,58,0,40,0,76,,39348,46,0,40,0,75,,39362,47,0,40,0,31,,39358,59,0,40,0,67,,39351,47,0,40,0,30,,39352,58,0,40,0,68,,39360,49,,,0,26,,39353,46,0,40,0,30,,39354,58,0,40,0
400,'5_4',750,,39383,47,0,40,0,55,,39389,50,0,40,0,10,,39363,46,0,40,0,19,,39364,47,0,40,0,10,,39384,46,0,40,0,57,,39365,46,0,40,0,13,,39366,46,0,40,0,37,,39367,46,0,40,0,73,,39368,58,0,40,0,30,,39369,46,0,40,0,71,,39370,46,0,40,0,75,,39371,46,0,40,0,36,,39372,46,0,40,0,23,,39387,46,0,40,0,70,,39385,59,0,40,0,26,,39373,46,0,40,0,69,,39374,46,0,40,0,25,,39377,58,0,40,0,76,,39375,46,0,40,0,31,,39378,58,0,40,0,76,,39376,46,0,40,0,75,,39390,47,0,40,0,31,,39386,59,0,40,0,67,,39379,47,0,40,0,30,,39380,58,0,40,0,68,,39388,49,,,0,26,,39381,46,0,40,0,30,,39382,58,0,40,0
400,'5_5',750,,39411,47,0,40,0,55,,39417,50,0,40,0,10,,39391,46,0,40,0,19,,39392,47,0,40,0,10,,39412,46,0,40,0,57,,39393,46,0,40,0,13,,39394,46,0,40,0,37,,39395,46,0,40,0,73,,39396,58,0,40,0,30,,39397,46,0,40,0,71,,39398,46,0,40,0,75,,39399,46,0,40,0,36,,39400,46,0,40,0,23,,39415,46,0,40,0,70,,39413,59,0,40,0,26,,39401,46,0,40,0,69,,39402,46,0,40,0,25,,39405,58,0,40,0,76,,39403,46,0,40,0,31,,39406,58,0,40,0,76,,39404,46,0,40,0,75,,39418,47,0,40,0,31,,39414,59,0,40,0,67,,39407,47,0,40,0,30,,39408,58,0,40,0,68,,39416,49,,,0,26,,39409,46,0,40,0,30,,39410,58,0,40,0
400,'6_1',750,,39439,47,0,40,0,55,,39445,50,0,40,0,10,,39419,46,0,40,0,19,,39420,47,0,40,0,10,,39440,46,0,40,0,57,,39421,46,0,40,0,13,,39422,46,0,40,0,37,,39423,46,0,40,0,73,,39424,58,0,40,0,30,,39425,46,0,40,0,71,,39426,46,0,40,0,75,,39427,46,0,40,0,36,,39428,46,0,40,0,23,,39443,46,0,40,0,70,,39441,59,0,40,0,26,,39429,46,0,40,0,69,,39430,46,0,40,0,25,,39433,58,0,40,0,76,,39431,46,0,40,0,31,,39434,58,0,40,0,76,,39432,46,0,40,0,75,,39446,47,0,40,0,31,,39442,59,0,40,0,67,,39435,47,0,40,0,30,,39436,58,0,40,0,68,,39444,49,,,0,26,,39437,46,0,40,0,30,,39438,58,0,40,0
400,'6_2',750,,44110,47,0,40,0,55,,44116,50,0,40,0,10,,44090,46,0,40,0,19,,44091,47,0,40,0,10,,44111,46,0,40,0,57,,44092,46,0,40,0,13,,44093,46,0,40,0,37,,44094,46,0,40,0,73,,44095,58,0,40,0,30,,44096,46,0,40,0,71,,44097,46,0,40,0,75,,44098,46,0,40,0,36,,44099,46,0,40,0,23,,44114,46,0,40,0,70,,44112,59,0,40,0,26,,44100,46,0,40,0,69,,44101,46,0,40,0,25,,44104,58,0,40,0,76,,44102,46,0,40,0,31,,44105,58,0,40,0,76,,44103,46,0,40,0,75,,44117,47,0,40,0,31,,44113,59,0,40,0,67,,44106,47,0,40,0,30,,44107,58,0,40,0,68,,44115,49,,,0,26,,44108,46,0,40,0,30,,44109,58,0,40,0
400,'6_3',750,,44138,47,0,40,0,55,,44144,50,0,40,0,10,,44118,46,0,40,0,19,,44119,47,0,40,0,10,,44139,46,0,40,0,57,,44120,46,0,40,0,13,,44121,46,0,40,0,37,,44122,46,0,40,0,73,,44123,58,0,40,0,30,,44124,46,0,40,0,71,,44125,46,0,40,0,75,,44126,46,0,40,0,36,,44127,46,0,40,0,23,,44142,46,0,40,0,70,,44140,59,0,40,0,26,,44128,46,0,40,0,69,,44129,46,0,40,0,25,,44132,58,0,40,0,76,,44130,46,0,40,0,31,,44133,58,0,40,0,76,,44131,46,0,40,0,75,,44145,47,0,40,0,31,,44141,59,0,40,0,67,,44134,47,0,40,0,30,,44135,58,0,40,0,68,,44143,49,,,0,26,,44136,46,0,40,0,30,,44137,58,0,40,0
400,'6_4',750,,44166,47,0,40,0,55,,44172,50,0,40,0,10,,44146,46,0,40,0,19,,44147,47,0,40,0,10,,44167,46,0,40,0,57,,44148,46,0,40,0,13,,44149,46,0,40,0,37,,44150,46,0,40,0,73,,44151,58,0,40,0,30,,44152,46,0,40,0,71,,44153,46,0,40,0,75,,44154,46,0,40,0,36,,44155,46,0,40,0,23,,44170,46,0,40,0,70,,44168,59,0,40,0,26,,44156,46,0,40,0,69,,44157,46,0,40,0,25,,44160,58,0,40,0,76,,44158,46,0,40,0,31,,44161,58,0,40,0,76,,44159,46,0,40,0,75,,44173,47,0,40,0,31,,44169,59,0,40,0,67,,44162,47,0,40,0,30,,44163,58,0,40,0,68,,44171,49,,,0,26,,44164,46,0,40,0,30,,44165,58,0,40,0
