100,'2_6',736,,29921,41,0,61 8,0,109,,29933,41,0,61 8,0,95,,29922,41,0,61 8,0,70,,29934,41,0,61 8,0,30,,29923,41,0,61 8,0,72,,29935,41,0,61 8,0,30,,29924,41,0,61 8,0,69,,29936,41,0,61 8,0,30,,29925,41,0,61 8,0,68,,29937,41,0,61 8,0,31,,29926,41,0,61 8,0,70,,29938,41,0,61 8,0,30,,29927,41,0,61 8,0,71,,29939,41,0,61 8,0,29,,29928,41,0,61 8,0,72,,29940,41,0,61 8,0,31,,29929,41,0,61 8,0,72,,29941,41,0,61 8,0,32,,29930,41,0,61 8,0,68,,29942,41,0,61 8,0,28,,29931,41,0,61 8,0,71,,29943,41,0,61 8,0,28,,29932,41,0,61 8,0
100,'3_7',938,,29944,41,0,61 8,0,104,,29949,41,0,61 8,0,106,,29945,41,0,61 8,0,104,,29950,41,0,61 8,0,90,,29946,41,0,61 8,0,100,,29951,41,0,61 8,0,106,,29947,41,0,61 8,0,105,,29952,41,0,61 8,0,104,,29948,41,0,61 8,0,145,,29953,41,0,61 8,0
100,'5_1',735,,37339,41,,,0,15,,37336,41,0,61 8,0,55,,37340,41,0,61 8,0,15,,37327,41,,,0,15,,37346,41,0,61 8,0,70,,37341,41,0,61 8,0,25,,37328,41,0,61 8,0,80,,37342,41,0,61 8,0,40,,37329,41,0,61 8,0,80,,37343,41,0,61 8,0,75,,37330,41,0,61 8,0,20,,37347,41,,,0,25,,37348,41,,,0,70,,37331,41,0,61 8,0,25,,37344,41,0,61 8,0,65,,37332,41,0,61 8,0,32,,37345,41,0,61 8,0,78,,37333,41,0,61 8,0,31,,37349,41,0,61 8,0,71,,37338,41,0,61 8,0,26,,37350,41,,,0,76,,37334,41,,,0,30,,37351,41,,,0,69,,37335,41,,,0,26,,37325,41,,,0,73,,37352,41,0,61 8,0,25,,37326,41,,,0
100,'5_2',735,,38371,41,,,0,15,,38368,41,0,61 8,0,55,,38372,41,0,61 8,0,15,,38359,41,,,0,15,,38378,41,0,61 8,0,70,,38373,41,0,61 8,0,25,,38360,41,0,61 8,0,80,,38374,41,0,61 8,0,40,,38361,41,0,61 8,0,80,,38375,41,0,61 8,0,75,,38362,41,0,61 8,0,20,,38379,41,,,0,25,,38380,41,,,0,70,,38363,41,0,61 8,0,25,,38376,41,0,61 8,0,65,,38364,41,0,61 8,0,32,,38377,41,0,61 8,0,78,,38365,41,0,61 8,0,31,,38381,41,0,61 8,0,71,,38370,41,0,61 8,0,26,,38382,41,,,0,76,,38366,41,,,0,30,,38383,41,,,0,69,,38367,41,,,0,26,,38357,41,,,0,73,,38384,41,0,61 8,0,25,,38358,41,,,0
100,'5_3',735,,38399,41,,,0,15,,38396,41,0,61 8,0,55,,38400,41,0,61 8,0,15,,38387,41,,,0,15,,38406,41,0,61 8,0,70,,38401,41,0,61 8,0,25,,38388,41,0,61 8,0,80,,38402,41,0,61 8,0,40,,38389,41,0,61 8,0,80,,38403,41,0,61 8,0,75,,38390,41,0,61 8,0,20,,38407,41,,,0,25,,38408,41,,,0,70,,38391,41,0,61 8,0,25,,38404,41,0,61 8,0,65,,38392,41,0,61 8,0,32,,38405,41,0,61 8,0,78,,38393,41,0,61 8,0,31,,38409,41,0,61 8,0,71,,38398,41,0,61 8,0,26,,38410,41,,,0,76,,38394,41,,,0,30,,38411,41,,,0,69,,38395,41,,,0,26,,38385,41,,,0,73,,38412,41,0,61 8,0,25,,38386,41,,,0
100,'5_4',735,,38427,41,,,0,15,,38424,41,0,61 8,0,55,,38428,41,0,61 8,0,15,,38415,41,,,0,15,,38434,41,0,61 8,0,70,,38429,41,0,61 8,0,25,,38416,41,0,61 8,0,80,,38430,41,0,61 8,0,40,,38417,41,0,61 8,0,80,,38431,41,0,61 8,0,75,,38418,41,0,61 8,0,20,,38435,41,,,0,25,,38436,41,,,0,70,,38419,41,0,61 8,0,25,,38432,41,0,61 8,0,65,,38420,41,0,61 8,0,32,,38433,41,0,61 8,0,78,,38421,41,0,61 8,0,31,,38437,41,0,61 8,0,71,,38426,41,0,61 8,0,26,,38438,41,,,0,76,,38422,41,,,0,30,,38439,41,,,0,69,,38423,41,,,0,26,,38413,41,,,0,73,,38440,41,0,61 8,0,25,,38414,41,,,0
100,'5_5',735,,38455,41,,,0,15,,38452,41,0,61 8,0,55,,38456,41,0,61 8,0,15,,38443,41,,,0,15,,38462,41,0,61 8,0,70,,38457,41,0,61 8,0,25,,38444,41,0,61 8,0,80,,38458,41,0,61 8,0,40,,38445,41,0,61 8,0,80,,38459,41,0,61 8,0,75,,38446,41,0,61 8,0,20,,38463,41,,,0,25,,38464,41,,,0,70,,38447,41,0,61 8,0,25,,38460,41,0,61 8,0,65,,38448,41,0,61 8,0,32,,38461,41,0,61 8,0,78,,38449,41,0,61 8,0,31,,38465,41,0,61 8,0,71,,38454,41,0,61 8,0,26,,38466,41,,,0,76,,38450,41,,,0,30,,38467,41,,,0,69,,38451,41,,,0,26,,38441,41,,,0,73,,38468,41,0,61 8,0,25,,38442,41,,,0
100,'6_1',735,,38483,41,,,0,15,,38480,41,0,61 8,0,55,,38484,41,0,61 8,0,15,,38471,41,,,0,15,,38490,41,0,61 8,0,70,,38485,41,0,61 8,0,25,,38472,41,0,61 8,0,80,,38486,41,0,61 8,0,40,,38473,41,0,61 8,0,80,,38487,41,0,61 8,0,75,,38474,41,0,61 8,0,20,,38491,41,,,0,25,,38492,41,,,0,70,,38475,41,0,61 8,0,25,,38488,41,0,61 8,0,65,,38476,41,0,61 8,0,32,,38489,41,0,61 8,0,78,,38477,41,0,61 8,0,31,,38493,41,0,61 8,0,71,,38482,41,0,61 8,0,26,,38494,41,,,0,76,,38478,41,,,0,30,,38495,41,,,0,69,,38479,41,,,0,26,,38469,41,,,0,73,,38496,41,0,61 8,0,25,,38470,41,,,0
100,'6_2',735,,43534,41,,,0,15,,43531,41,0,61 8,0,55,,43535,41,0,61 8,0,15,,43522,41,,,0,15,,43541,41,0,61 8,0,70,,43536,41,0,61 8,0,25,,43523,41,0,61 8,0,80,,43537,41,0,61 8,0,40,,43524,41,0,61 8,0,80,,43538,41,0,61 8,0,75,,43525,41,0,61 8,0,20,,43542,41,,,0,25,,43543,41,,,0,70,,43526,41,0,61 8,0,25,,43539,41,0,61 8,0,65,,43527,41,0,61 8,0,32,,43540,41,0,61 8,0,78,,43528,41,0,61 8,0,31,,43544,41,0,61 8,0,71,,43533,41,0,61 8,0,26,,43545,41,,,0,76,,43529,41,,,0,30,,43546,41,,,0,69,,43530,41,,,0,26,,43520,41,,,0,73,,43547,41,0,61 8,0,25,,43521,41,,,0
100,'6_3',735,,43562,41,,,0,15,,43559,41,0,61 8,0,55,,43563,41,0,61 8,0,15,,43550,41,,,0,15,,43569,41,0,61 8,0,70,,43564,41,0,61 8,0,25,,43551,41,0,61 8,0,80,,43565,41,0,61 8,0,40,,43552,41,0,61 8,0,80,,43566,41,0,61 8,0,75,,43553,41,0,61 8,0,20,,43570,41,,,0,25,,43571,41,,,0,70,,43554,41,0,61 8,0,25,,43567,41,0,61 8,0,65,,43555,41,0,61 8,0,32,,43568,41,0,61 8,0,78,,43556,41,0,61 8,0,31,,43572,41,0,61 8,0,71,,43561,41,0,61 8,0,26,,43573,41,,,0,76,,43557,41,,,0,30,,43574,41,,,0,69,,43558,41,,,0,26,,43548,41,,,0,73,,43575,41,0,61 8,0,25,,43549,41,,,0
100,'6_4',735,,43590,41,,,0,15,,43587,41,0,61 8,0,55,,43591,41,0,61 8,0,15,,43578,41,,,0,15,,43597,41,0,61 8,0,70,,43592,41,0,61 8,0,25,,43579,41,0,61 8,0,80,,43593,41,0,61 8,0,40,,43580,41,0,61 8,0,80,,43594,41,0,61 8,0,75,,43581,41,0,61 8,0,20,,43598,41,,,0,25,,43599,41,,,0,70,,43582,41,0,61 8,0,25,,43595,41,0,61 8,0,65,,43583,41,0,61 8,0,32,,43596,41,0,61 8,0,78,,43584,41,0,61 8,0,31,,43600,41,0,61 8,0,71,,43589,41,0,61 8,0,26,,43601,41,,,0,76,,43585,41,,,0,30,,43602,41,,,0,69,,43586,41,,,0,26,,43576,41,,,0,73,,43603,41,0,61 8,0,25,,43577,41,,,0
