2501,'2_6',700,,33350,6,,,0,111,,33351,6,,,0,124,,33352,6,,,0,112,,33353,6,,,0,153,,33354,6,,,0,128,,33355,6,,,0,128,,33356,6,,,0,159,,33357,6,,,0,120,,33358,6,,,0,121,,33359,6,,,0
2501,'5_1',654,,37801,6,,,0,68,,37811,6,,,0,87,,37802,6,,,0,37,,37812,6,,,0,89,,37803,6,,,0,112,,37804,6,,,0,153,,37805,6,,,0,128,,37806,6,,,0,128,,37807,6,,,0,159,,37808,6,,,0,120,,37809,6,,,0,121,,37810,6,,,0
2501,'5_2',654,,40740,6,,,0,68,,40750,6,,,0,87,,40741,6,,,0,37,,40751,6,,,0,89,,40742,6,,,0,112,,40743,6,,,0,153,,40744,6,,,0,128,,40745,6,,,0,128,,40746,6,,,0,159,,40747,6,,,0,120,,40748,6,,,0,121,,40749,6,,,0
2501,'5_3',654,,40752,6,,,0,68,,40762,6,,,0,87,,40753,6,,,0,37,,40763,6,,,0,89,,40754,6,,,0,112,,40755,6,,,0,153,,40756,6,,,0,128,,40757,6,,,0,128,,40758,6,,,0,159,,40759,6,,,0,120,,40760,6,,,0,121,,40761,6,,,0
2501,'5_4',654,,40764,6,,,0,68,,40774,6,,,0,87,,40765,6,,,0,37,,40775,6,,,0,89,,40766,6,,,0,112,,40767,6,,,0,153,,40768,6,,,0,128,,40769,6,,,0,128,,40770,6,,,0,159,,40771,6,,,0,120,,40772,6,,,0,121,,40773,6,,,0
2501,'5_5',654,,40776,6,,,0,68,,40786,6,,,0,87,,40777,6,,,0,37,,40787,6,,,0,89,,40778,6,,,0,112,,40779,6,,,0,153,,40780,6,,,0,128,,40781,6,,,0,128,,40782,6,,,0,159,,40783,6,,,0,120,,40784,6,,,0,121,,40785,6,,,0
2501,'6_1',654,,40788,6,,,0,68,,40798,6,,,0,87,,40789,6,,,0,37,,40799,6,,,0,89,,40790,6,,,0,112,,40791,6,,,0,153,,40792,6,,,0,128,,40793,6,,,0,128,,40794,6,,,0,159,,40795,6,,,0,120,,40796,6,,,0,121,,40797,6,,,0
2501,'6_2',654,,44954,6,,,0,68,,44964,6,,,0,87,,44955,6,,,0,37,,44965,6,,,0,89,,44956,6,,,0,112,,44957,6,,,0,153,,44958,6,,,0,128,,44959,6,,,0,128,,44960,6,,,0,159,,44961,6,,,0,120,,44962,6,,,0,121,,44963,6,,,0
2501,'6_3',654,,44966,6,,,0,68,,44976,6,,,0,87,,44967,6,,,0,37,,44977,6,,,0,89,,44968,6,,,0,112,,44969,6,,,0,153,,44970,6,,,0,128,,44971,6,,,0,128,,44972,6,,,0,159,,44973,6,,,0,120,,44974,6,,,0,121,,44975,6,,,0
2501,'6_4',654,,44978,6,,,0,68,,44988,6,,,0,87,,44979,6,,,0,37,,44989,6,,,0,89,,44980,6,,,0,112,,44981,6,,,0,153,,44982,6,,,0,128,,44983,6,,,0,128,,44984,6,,,0,159,,44985,6,,,0,120,,44986,6,,,0,121,,44987,6,,,0
