'2509-HIV-25j05H-d-Dimanche-00',100,92800,0,'Soler',0,10500,0,'Soler',0,10600,0,'Soler',0,10400,0,'Soler',0,9000,0,'Soler',0,10000,0,'Soler',0,10500,0,'Soler',0,10500,0,'Soler',0,10500,0,'Soler',0,10500,0,'Soler',0
'2509-HIV-25j26H-d-Dimanche-00',100,92800,0,'Soler',0,10500,0,'Soler',0,10600,0,'Soler',0,10400,0,'Soler',0,9000,0,'Soler',0,10000,0,'Soler',0,10500,0,'Soler',0,10500,0,'Soler',0,10500,0,'Soler',0,10500,0,'Soler',0
'2509-HIV-25k03H-s-Samedi-00',100,72400,0,'Soler',0,11000,0,'Soler',0,9500,0,'Soler',0,7100,0,'Soler',0,3000,0,'Soler',0,7200,0,'Soler',0,3000,0,'Soler',0,6900,0,'Soler',0,3100,0,'Soler',0,6800,0,'Soler',0,3000,0,'Soler',0,7000,0,'Soler',0,3000,0,'Soler',0,7100,0,'Soler',0,2900,0,'Soler',0,7100,0,'Soler',0,3100,0,'Soler',0,7100,0,'Soler',0,3300,0,'Soler',0,6800,0,'Soler',0,3000,0,'Soler',0,7100,0,'Soler',0,2900,0,'Soler',0
'2509-HIV-25l22Vlv-Semaine-00',100,72400,,'',0,1500,0,'Soler',0,1500,0,'Soler',0,5600,,'',0,1500,0,'Soler',0,3000,0,'Soler',0,6500,0,'Soler',0,8000,0,'Soler',0,4000,0,'Soler',0,8000,0,'Soler',0,3500,0,'Soler',0,6000,,'',0,2500,,'',0,7000,0,'Soler',0,2500,0,'Soler',0,6500,0,'Soler',0,3200,0,'Soler',0,7800,0,'Soler',0,3000,0,'Soler',0,7100,0,'Soler',0,2400,,'',0,7500,,'',0,3100,,'',0,6900,,'',0,3000,,'',0,7400,0,'Soler',0,2500,,'',0
'2509-HIV-26a05H-s-Samedi-00',100,72400,0,'Soler',0,11000,0,'Soler',0,9500,0,'Soler',0,7100,0,'Soler',0,3000,0,'Soler',0,7200,0,'Soler',0,3000,0,'Soler',0,6900,0,'Soler',0,3100,0,'Soler',0,6800,0,'Soler',0,3000,0,'Soler',0,7000,0,'Soler',0,3000,0,'Soler',0,7100,0,'Soler',0,2900,0,'Soler',0,7100,0,'Soler',0,3100,0,'Soler',0,7100,0,'Soler',0,3300,0,'Soler',0,6800,0,'Soler',0,3000,0,'Soler',0,7100,0,'Soler',0,2900,0,'Soler',0
'2509-HIV-26a05H-w-Mercredi-00',100,72500,0,'Soler',0,1400,0,'Soler',0,1600,0,'Soler',0,5400,,'',0,1600,0,'Soler',0,2900,0,'Soler',0,6700,0,'Soler',0,3800,0,'Soler',0,7800,0,'Soler',0,8000,0,'Soler',0,3900,0,'Soler',0,5900,,'',0,2300,,'',0,7100,0,'Soler',0,2500,0,'Soler',0,2500,0,'Soler',0,7500,0,'Soler',0,8100,0,'Soler',0,2400,,'',0,7700,0,'Soler',0,2000,,'',0,1300,0,'Soler',0,6300,,'',0,1000,0,'Soler',0,1900,,'',0,5900,0,'Soler',0,1500,,'',0,2400,,'',0,7400,0,'Soler',0,3500,,'',0
'2509-HIV-26a05H-w-Mercredi-00-0010000',100,123500,,'',0
'2509-HIV-26a05Hlv-L-Ma-J-V-00',100,72500,0,'Soler',0,1400,0,'Soler',0,1600,0,'Soler',0,5400,,'',0,1600,0,'Soler',0,2900,0,'Soler',0,6700,0,'Soler',0,3800,0,'Soler',0,7800,0,'Soler',0,8000,0,'Soler',0,3900,0,'Soler',0,5900,,'',0,2300,,'',0,7100,0,'Soler',0,2500,0,'Soler',0,2500,0,'Soler',0,7500,0,'Soler',0,8100,0,'Soler',0,2400,,'',0,7700,0,'Soler',0,2000,,'',0,1300,0,'Soler',0,6300,,'',0,1000,0,'Soler',0,1900,,'',0,5900,0,'Soler',0,1500,,'',0,2400,,'',0,7400,0,'Soler',0,3500,,'',0
'2509-HIV-26a05Hlv-L-Ma-J-V-00-1101100',100,173500,,'',0,8600,,'',0
'2509-HIV-26b23Vlv-Semaine-00',100,72400,,'',0,1500,0,'Soler',0,1500,0,'Soler',0,5600,,'',0,1500,0,'Soler',0,3000,0,'Soler',0,6500,0,'Soler',0,8000,0,'Soler',0,4000,0,'Soler',0,8000,0,'Soler',0,3500,0,'Soler',0,6000,,'',0,2500,,'',0,7000,0,'Soler',0,2500,0,'Soler',0,6500,0,'Soler',0,3200,0,'Soler',0,7800,0,'Soler',0,3000,0,'Soler',0,7100,0,'Soler',0,2400,,'',0,7500,,'',0,3100,,'',0,6900,,'',0,3000,,'',0,7400,0,'Soler',0,2500,,'',0
'2509-HIV-26c02Vlv-Semaine-00',100,72400,,'',0,1500,0,'Soler',0,1500,0,'Soler',0,5600,,'',0,1500,0,'Soler',0,3000,0,'Soler',0,6500,0,'Soler',0,8000,0,'Soler',0,4000,0,'Soler',0,8000,0,'Soler',0,3500,0,'Soler',0,6000,,'',0,2500,,'',0,7000,0,'Soler',0,2500,0,'Soler',0,6500,0,'Soler',0,3200,0,'Soler',0,7800,0,'Soler',0,3000,0,'Soler',0,7100,0,'Soler',0,2400,,'',0,7500,,'',0,3100,,'',0,6900,,'',0,3000,,'',0,7400,0,'Soler',0,2500,,'',0
