400,'2509-HIV-25l22Vlv-Semaine-00',756,,9653,0,36,0,1097,,9652,,,0
400,'2509-HIV-26a05H-w-Mercredi-00',802,,9708,0,36,0,451,,9706,,,0,450,,9709,0,36,0,100,,9710,,,0,50,,9707,,,0
400,'2509-HIV-26a05Hlv-L-Ma-J-V-00',802,,9740,0,36,0,451,,9738,,,0,450,,9741,0,36,0,100,,9742,,,0,50,,9739,,,0
400,'2509-HIV-26b23Vlv-Semaine-00',756,,9769,0,36,0,1097,,9768,,,0
400,'2509-HIV-26c02Vlv-Semaine-00',756,,9797,0,36,0,1097,,9796,,,0
401,'2509-HIV-25l22Vlv-Semaine-00',700,,9866,0,20 35,0,542,,9871,0,20 35,0,369,,9872,0,20 35,0,94,,9869,,,0
401,'2509-HIV-26a05H-w-Mercredi-00',657,,9920,0,20 35,0,584,,9925,0,20 35,0,375,,9926,0,20 35,0,101,,9927,,,0
401,'2509-HIV-26a05Hlv-L-Ma-J-V-00',657,,9951,0,20 35,0,584,,9956,0,20 35,0,375,,9957,0,20 35,0,101,,9958,,,0
401,'2509-HIV-26b23Vlv-Semaine-00',700,,9980,0,20 35,0,542,,9985,0,20 35,0,369,,9986,0,20 35,0,94,,9983,,,0
401,'2509-HIV-26c02Vlv-Semaine-00',700,,10008,0,20 35,0,542,,10013,0,20 35,0,369,,10014,0,20 35,0,94,,10011,,,0
