901,'1_6',756,,17149,17,0,23 24,0,99,,17161,17,0,25,0,90,,17154,2,0,23 24,0,165,,17155,2,0,23 24,0,113,,17159,17,0,25,0,79,,17156,2,0,23 24,0,107,,17158,2,0,25,0,50,,17160,2,0,25,0,84,,17157,17,0,25,0,82,,17150,17,0,23 24,0,104,,17151,17,0,23 24,0,172,,17152,17,0,23 24,0,50,,17153,17,0,23 24,0
901,'5_1',800,,17162,17,0,26,0,26,,17163,17,0,27 28 29,0,103,,17168,17,0,23 24,0,95,,17172,2,0,23 24,0,98,,17169,17,0,23 24,0,106,,17164,17,0,27 28 29,0,181,,17170,17,0,23 24,0,112,,17171,17,0,23 24,0,109,,17165,17,0,27 28 29,0,102,,17166,17,0,27 28 29,0,95,,17167,17,0,27 28 29,0,125,,17177,17,,,0
901,'5_2',800,,17178,17,0,26,0,26,,17179,17,0,27 28 29,0,103,,17184,17,0,23 24,0,95,,17188,2,0,23 24,0,98,,17185,17,0,23 24,0,106,,17180,17,0,27 28 29,0,181,,17186,17,0,23 24,0,112,,17187,17,0,23 24,0,109,,17181,17,0,27 28 29,0,102,,17182,17,0,27 28 29,0,95,,17183,17,0,27 28 29,0,125,,17193,17,,,0
901,'5_4',800,,17194,17,0,26,0,26,,17195,17,0,27 28 29,0,103,,17200,17,0,23 24,0,95,,17204,2,0,23 24,0,98,,17201,17,0,23 24,0,106,,17196,17,0,27 28 29,0,181,,17202,17,0,23 24,0,112,,17203,17,0,23 24,0,109,,17197,17,0,27 28 29,0,102,,17198,17,0,27 28 29,0,95,,17199,17,0,27 28 29,0,125,,17209,17,,,0
901,'5_5',800,,17210,17,0,26,0,26,,17211,17,0,27 28 29,0,103,,17216,17,0,23 24,0,95,,17220,2,0,23 24,0,98,,17217,17,0,23 24,0,106,,17212,17,0,27 28 29,0,181,,17218,17,0,23 24,0,112,,17219,17,0,23 24,0,109,,17213,17,0,27 28 29,0,102,,17214,17,0,27 28 29,0,95,,17215,17,0,27 28 29,0,125,,17225,17,,,0
901,'6_3',800,,17226,17,0,26,0,26,,17227,17,0,27 28 29,0,103,,17232,17,0,23 24,0,95,,17236,2,0,23 24,0,98,,17233,17,0,23 24,0,106,,17228,17,0,27 28 29,0,181,,17234,17,0,23 24,0,112,,17235,17,0,23 24,0,109,,17229,17,0,27 28 29,0,102,,17230,17,0,27 28 29,0,95,,17231,17,0,27 28 29,0,125,,17241,17,,,0
1601,'1_6',1050,,17685,2,,,0,109,,17688,2,,,0,179,,17686,2,,,0,105,,17689,2,,,0,360,,17687,2,,,0
1601,'5_1',1050,,17695,2,,,0,109,,17698,2,,,0,179,,17696,2,,,0,105,,17699,2,,,0,360,,17697,2,,,0
1601,'5_2',1050,,17705,2,,,0,109,,17708,2,,,0,179,,17706,2,,,0,105,,17709,2,,,0,360,,17707,2,,,0
1601,'5_4',1050,,17715,2,,,0,109,,17718,2,,,0,179,,17716,2,,,0,105,,17719,2,,,0,360,,17717,2,,,0
1601,'5_5',1050,,17725,2,,,0,109,,17728,2,,,0,179,,17726,2,,,0,105,,17729,2,,,0,360,,17727,2,,,0
1601,'6_3',1050,,17735,2,,,0,109,,17738,2,,,0,179,,17736,2,,,0,105,,17739,2,,,0,360,,17737,2,,,0
1901,'5_1',1640,,17934,2,,,0,110,,17935,2,,,0,100,,17936,2,,,0
1901,'5_2',1640,,17943,2,,,0,110,,17944,2,,,0,100,,17945,2,,,0
1901,'5_4',1640,,17952,2,,,0,110,,17953,2,,,0,100,,17954,2,,,0
1901,'5_5',1640,,17961,2,,,0,110,,17962,2,,,0,100,,17963,2,,,0
1901,'6_3',1302,,17969,17,,,0,338,,17965,2,,,0,110,,17966,2,,,0,100,,17967,2,,,0
