100,'S2-0_6',654,,53556,5,0,61 8,0,202,,53557,5,0,61 8,0,99,,53558,5,0,61 8,0,102,,53559,5,0,61 8,0,100,,53560,5,0,61 8,0,100,,53561,5,0,61 8,0,99,,53562,5,0,61 8,0,100,,53563,5,0,61 8,0,101,,53564,5,0,61 8,0,144,,53565,5,0,61 8,0,99,,53566,5,0,61 8,0,101,,53567,5,0,61 8,0
100,'S2-1_7',1007,,53584,5,0,61 8,0,210,,53585,5,0,61 8,0,190,,53586,5,0,61 8,0,209,,53587,5,0,61 8,0,212,,53588,5,0,61 8,0
100,'S2-2_1',724,,53590,5,,,0,98,,53593,5,0,61 8,0,98,,53594,5,0,61 8,0,105,,53598,5,0,61 8,0,103,,53597,5,0,61 8,0,103,,53599,5,0,61 8,0,100,,53602,5,0,61 8,0,99,,53603,5,0,61 8,0,99,,53607,5,0,61 8,0,105,,53605,5,0,61 8,0,101,,53606,5,0,61 8,0,101,,53612,5,0,61 8,0
100,'S2-2_2',724,,53615,5,,,0,98,,53618,5,0,61 8,0,98,,53619,5,0,61 8,0,105,,53623,5,0,61 8,0,103,,53622,5,0,61 8,0,103,,53624,5,0,61 8,0,100,,53627,5,0,61 8,0,99,,53628,5,0,61 8,0,99,,53632,5,0,61 8,0,105,,53630,5,0,61 8,0,101,,53631,5,0,61 8,0,101,,53637,5,0,61 8,0
100,'S2-2_3',724,,53640,5,,,0,98,,53643,5,0,61 8,0,98,,53644,5,0,61 8,0,105,,53648,5,0,61 8,0,103,,53647,5,0,61 8,0,103,,53649,5,0,61 8,0,100,,53652,5,0,61 8,0,99,,53653,5,0,61 8,0,99,,53657,5,0,61 8,0,105,,53655,5,0,61 8,0,101,,53656,5,0,61 8,0,101,,53662,5,0,61 8,0
100,'S2-2_4',724,,53665,5,,,0,98,,53668,5,0,61 8,0,98,,53669,5,0,61 8,0,105,,53673,5,0,61 8,0,103,,53672,5,0,61 8,0,103,,53674,5,0,61 8,0,100,,53677,5,0,61 8,0,99,,53678,5,0,61 8,0,99,,53682,5,0,61 8,0,105,,53680,5,0,61 8,0,101,,53681,5,0,61 8,0,101,,53687,5,0,61 8,0
100,'S2-2_5',724,,53690,5,,,0,98,,53693,5,0,61 8,0,98,,53694,5,0,61 8,0,105,,53698,5,0,61 8,0,103,,53697,5,0,61 8,0,103,,53699,5,0,61 8,0,100,,53702,5,0,61 8,0,99,,53703,5,0,61 8,0,99,,53707,5,0,61 8,0,105,,53705,5,0,61 8,0,101,,53706,5,0,61 8,0,101,,53712,5,0,61 8,0
100,'S2-3_1',724,,53715,5,,,0,98,,53718,5,0,61 8,0,98,,53719,5,0,61 8,0,105,,53723,5,0,61 8,0,103,,53722,5,0,61 8,0,103,,53724,5,0,61 8,0,100,,53727,5,0,61 8,0,99,,53728,5,0,61 8,0,99,,53732,5,0,61 8,0,105,,53730,5,0,61 8,0,101,,53731,5,0,61 8,0,101,,53737,5,0,61 8,0
100,'S2-3_3',724,,53740,5,,,0,98,,53743,5,0,61 8,0,98,,53744,5,0,61 8,0,105,,53748,5,0,61 8,0,103,,53747,5,0,61 8,0,103,,53749,5,0,61 8,0,100,,53752,5,0,61 8,0,99,,53753,5,0,61 8,0,99,,53757,5,0,61 8,0,105,,53755,5,0,61 8,0,101,,53756,5,0,61 8,0,101,,53762,5,0,61 8,0
100,'S2-3_4',724,,53765,5,,,0,98,,53768,5,0,61 8,0,98,,53769,5,0,61 8,0,105,,53773,5,0,61 8,0,103,,53772,5,0,61 8,0,103,,53774,5,0,61 8,0,100,,53777,5,0,61 8,0,99,,53778,5,0,61 8,0,99,,53782,5,0,61 8,0,105,,53780,5,0,61 8,0,101,,53781,5,0,61 8,0,101,,53787,5,0,61 8,0
100,'S2-4_7',1007,,53794,5,0,61 8,0,210,,53795,5,0,61 8,0,190,,53796,5,0,61 8,0,209,,53797,5,0,61 8,0,212,,53798,5,0,61 8,0
800,'S2-2_1',700,,56700,10,,,0,33,,56701,10,,,0,67,,56702,10,,,0,31,,56703,10,,,0,80,,56704,10,,,0,110,,56705,10,,,0,117,,56706,10,,,0,111,,56707,10,,,0,110,,56708,10,,,0,152,,56710,10,,,0,110,,56709,10,,,0
800,'S2-2_2',700,,56711,10,,,0,33,,56712,10,,,0,67,,56713,10,,,0,31,,56714,10,,,0,80,,56715,10,,,0,110,,56716,10,,,0,117,,56717,10,,,0,111,,56718,10,,,0,110,,56719,10,,,0,152,,56721,10,,,0,110,,56720,10,,,0
800,'S2-2_3',700,,56722,10,,,0,33,,56723,10,,,0,67,,56724,10,,,0,31,,56725,10,,,0,80,,56726,10,,,0,110,,56727,10,,,0,117,,56728,10,,,0,111,,56729,10,,,0,110,,56730,10,,,0,152,,56732,10,,,0,110,,56731,10,,,0
800,'S2-2_4',700,,56733,10,,,0,33,,56734,10,,,0,67,,56735,10,,,0,31,,56736,10,,,0,80,,56737,10,,,0,110,,56738,10,,,0,117,,56739,10,,,0,111,,56740,10,,,0,110,,56741,10,,,0,152,,56743,10,,,0,110,,56742,10,,,0
800,'S2-2_5',700,,56744,10,,,0,33,,56745,10,,,0,67,,56746,10,,,0,31,,56747,10,,,0,80,,56748,10,,,0,110,,56749,10,,,0,117,,56750,10,,,0,111,,56751,10,,,0,110,,56752,10,,,0,152,,56754,10,,,0,110,,56753,10,,,0
800,'S2-3_1',700,,56755,10,,,0,33,,56756,10,,,0,67,,56757,10,,,0,31,,56758,10,,,0,80,,56759,10,,,0,110,,56760,10,,,0,117,,56761,10,,,0,111,,56762,10,,,0,110,,56763,10,,,0,152,,56765,10,,,0,110,,56764,10,,,0
800,'S2-3_3',700,,56766,10,,,0,33,,56767,10,,,0,67,,56768,10,,,0,31,,56769,10,,,0,80,,56770,10,,,0,110,,56771,10,,,0,117,,56772,10,,,0,111,,56773,10,,,0,110,,56774,10,,,0,152,,56776,10,,,0,110,,56775,10,,,0
800,'S2-3_4',700,,56777,10,,,0,33,,56778,10,,,0,67,,56779,10,,,0,31,,56780,10,,,0,80,,56781,10,,,0,110,,56782,10,,,0,117,,56783,10,,,0,111,,56784,10,,,0,110,,56785,10,,,0,152,,56787,10,,,0,110,,56786,10,,,0
2200,'S2-0_6',1022,,57883,12,,,0,120,,57884,12,,,0,171,,57885,12,,,0,216,,57886,12,,,0,183,,57887,12,,,0,127,,57888,12,,,0,165,,57889,12,,,0
2200,'S2-1_7',1352,,57890,12,,,0,160,,57891,12,,,0,120,,57892,12,,,0,120,,57893,12,,,0,159,,57894,12,,,0
2200,'S2-2_1',1022,,57895,12,,,0,120,,57896,12,,,0,171,,57897,12,,,0,216,,57898,12,,,0,183,,57899,12,,,0,127,,57900,12,,,0,165,,57901,12,,,0
2200,'S2-2_2',1022,,57902,12,,,0,120,,57903,12,,,0,171,,57904,12,,,0,216,,57905,12,,,0,183,,57906,12,,,0,127,,57907,12,,,0,165,,57908,12,,,0
2200,'S2-2_3',1022,,57909,12,,,0,120,,57910,12,,,0,171,,57911,12,,,0,216,,57912,12,,,0,183,,57913,12,,,0,127,,57914,12,,,0,165,,57915,12,,,0
2200,'S2-2_4',1022,,57916,12,,,0,120,,57917,12,,,0,171,,57918,12,,,0,216,,57919,12,,,0,183,,57920,12,,,0,127,,57921,12,,,0,165,,57922,12,,,0
2200,'S2-2_5',1022,,57923,12,,,0,120,,57924,12,,,0,171,,57925,12,,,0,216,,57926,12,,,0,183,,57927,12,,,0,127,,57928,12,,,0,165,,57929,12,,,0
2200,'S2-3_1',1022,,57930,12,,,0,120,,57931,12,,,0,171,,57932,12,,,0,216,,57933,12,,,0,183,,57934,12,,,0,127,,57935,12,,,0,165,,57936,12,,,0
2200,'S2-3_3',1022,,57937,12,,,0,120,,57938,12,,,0,171,,57939,12,,,0,216,,57940,12,,,0,183,,57941,12,,,0,127,,57942,12,,,0,165,,57943,12,,,0
2200,'S2-3_4',1022,,57944,12,,,0,120,,57945,12,,,0,171,,57946,12,,,0,216,,57947,12,,,0,183,,57948,12,,,0,127,,57949,12,,,0,165,,57950,12,,,0
2200,'S2-4_7',1352,,57951,12,,,0,160,,57952,12,,,0,120,,57953,12,,,0,120,,57954,12,,,0,159,,57955,12,,,0
