201,'2_6',654,,30614,4,0,20,0,99,,30615,4,0,21,0,153,,30616,4,0,20,0,105,,30617,4,0,20,0,106,,30618,4,0,20,0,111,,30619,4,0,21,0,102,,30620,4,0,21,0,106,,30621,4,0,62,0,102,,30622,4,0,62,0,103,,30623,4,0,21,0,103,,30624,4,0,21,0,104,,30625,4,0,21,0
201,'5_1',654,,37457,4,0,20,0,99,,37452,4,0,21,0,100,,37453,4,0,21,0,148,,37445,4,0,21,0,111,,37443,4,0,21,0,116,,37444,4,0,20,0,94,,37438,4,0,62,0,94,,37435,4,0,20,0,90,,37436,4,0,62,0,99,,37430,4,0,21,0,115,,37423,4,0,62,0,100,,37425,4,0,62,0,110,,37420,4,0,21,0
201,'5_2',654,,38869,4,0,20,0,99,,38864,4,0,21,0,100,,38865,4,0,21,0,148,,38857,4,0,21,0,111,,38855,4,0,21,0,116,,38856,4,0,20,0,94,,38850,4,0,62,0,94,,38847,4,0,20,0,90,,38848,4,0,62,0,99,,38842,4,0,21,0,115,,38835,4,0,62,0,100,,38837,4,0,62,0,110,,38832,4,0,21,0
201,'5_3',654,,38908,4,0,20,0,99,,38903,4,0,21,0,100,,38904,4,0,21,0,148,,38896,4,0,21,0,111,,38894,4,0,21,0,116,,38895,4,0,20,0,94,,38889,4,0,62,0,94,,38886,4,0,20,0,90,,38887,4,0,62,0,99,,38881,4,0,21,0,115,,38874,4,0,62,0,100,,38876,4,0,62,0,110,,38871,4,0,21,0
201,'5_4',654,,38947,4,0,20,0,99,,38942,4,0,21,0,100,,38943,4,0,21,0,148,,38935,4,0,21,0,111,,38933,4,0,21,0,116,,38934,4,0,20,0,94,,38928,4,0,62,0,94,,38925,4,0,20,0,90,,38926,4,0,62,0,99,,38920,4,0,21,0,115,,38913,4,0,62,0,100,,38915,4,0,62,0,110,,38910,4,0,21,0
201,'5_5',654,,38986,4,0,20,0,99,,38981,4,0,21,0,100,,38982,4,0,21,0,148,,38974,4,0,21,0,111,,38972,4,0,21,0,116,,38973,4,0,20,0,94,,38967,4,0,62,0,94,,38964,4,0,20,0,90,,38965,4,0,62,0,99,,38959,4,0,21,0,115,,38952,4,0,62,0,100,,38954,4,0,62,0,110,,38949,4,0,21,0
201,'6_1',654,,39025,4,0,20,0,99,,39020,4,0,21,0,100,,39021,4,0,21,0,148,,39013,4,0,21,0,111,,39011,4,0,21,0,116,,39012,4,0,20,0,94,,39006,4,0,62,0,94,,39003,4,0,20,0,90,,39004,4,0,62,0,99,,38998,4,0,21,0,115,,38991,4,0,62,0,100,,38993,4,0,62,0,110,,38988,4,0,21,0
201,'6_2',654,,43842,4,0,20,0,99,,43837,4,0,21,0,100,,43838,4,0,21,0,148,,43830,4,0,21,0,111,,43828,4,0,21,0,116,,43829,4,0,20,0,94,,43823,4,0,62,0,94,,43820,4,0,20,0,90,,43821,4,0,62,0,99,,43815,4,0,21,0,115,,43808,4,0,62,0,100,,43810,4,0,62,0,110,,43805,4,0,21,0
201,'6_3',654,,43881,4,0,20,0,99,,43876,4,0,21,0,100,,43877,4,0,21,0,148,,43869,4,0,21,0,111,,43867,4,0,21,0,116,,43868,4,0,20,0,94,,43862,4,0,62,0,94,,43859,4,0,20,0,90,,43860,4,0,62,0,99,,43854,4,0,21,0,115,,43847,4,0,62,0,100,,43849,4,0,62,0,110,,43844,4,0,21,0
201,'6_4',654,,43920,4,0,20,0,99,,43915,4,0,21,0,100,,43916,4,0,21,0,148,,43908,4,0,21,0,111,,43906,4,0,21,0,116,,43907,4,0,20,0,94,,43901,4,0,62,0,94,,43898,4,0,20,0,90,,43899,4,0,62,0,99,,43893,4,0,21,0,115,,43886,4,0,62,0,100,,43888,4,0,62,0,110,,43883,4,0,21,0
