801,'5_1',843,,16978,12,,,0,108,,16979,12,,,0,150,,16980,12,,,0,119,,16972,12,,,0,111,,16981,12,,,0,112,,16982,12,,,0,112,,16983,12,,,0,75,,16973,12,,,0,75,,16974,12,,,0,30,,16975,12,,,0,75,,16976,12,,,0,35,,16977,12,,,0,71,,16984,12,,,0,34,,16985,12,,,0
801,'5_2',843,,16992,12,,,0,108,,16993,12,,,0,150,,16994,12,,,0,119,,16986,12,,,0,111,,16995,12,,,0,112,,16996,12,,,0,112,,16997,12,,,0,75,,16987,12,,,0,75,,16988,12,,,0,30,,16989,12,,,0,75,,16990,12,,,0,35,,16991,12,,,0,71,,16998,12,,,0,34,,16999,12,,,0
801,'5_4',843,,17006,12,,,0,108,,17007,12,,,0,150,,17008,12,,,0,119,,17000,12,,,0,111,,17009,12,,,0,112,,17010,12,,,0,112,,17011,12,,,0,75,,17001,12,,,0,75,,17002,12,,,0,30,,17003,12,,,0,75,,17004,12,,,0,35,,17005,12,,,0,71,,17012,12,,,0,34,,17013,12,,,0
801,'5_5',843,,17020,12,,,0,108,,17021,12,,,0,150,,17022,12,,,0,119,,17014,12,,,0,111,,17023,12,,,0,112,,17024,12,,,0,112,,17025,12,,,0,75,,17015,12,,,0,75,,17016,12,,,0,30,,17017,12,,,0,75,,17018,12,,,0,35,,17019,12,,,0,71,,17026,12,,,0,34,,17027,12,,,0
801,'6_3',843,,17034,12,,,0,108,,17035,12,,,0,150,,17036,12,,,0,119,,17028,12,,,0,111,,17037,12,,,0,112,,17038,12,,,0,112,,17039,12,,,0,75,,17029,12,,,0,75,,17030,12,,,0,30,,17031,12,,,0,75,,17032,12,,,0,35,,17033,12,,,0,71,,17040,12,,,0,34,,17041,12,,,0
2201,'5_1',1300,,18067,13,,,0,324,,18071,9,,,0,22,,18068,13,,,0,78,,18072,9,,,0,80,,18069,13,,,0,20,,18073,9,,,0,81,,18070,13,,,0
2201,'5_2',1300,,18074,13,,,0,324,,18078,9,,,0,22,,18075,13,,,0,78,,18079,9,,,0,80,,18076,13,,,0,20,,18080,9,,,0,81,,18077,13,,,0
2201,'5_4',1300,,18081,13,,,0,324,,18085,9,,,0,22,,18082,13,,,0,78,,18086,9,,,0,80,,18083,13,,,0,20,,18087,9,,,0,81,,18084,13,,,0
2201,'5_5',1300,,18088,13,,,0,324,,18092,9,,,0,22,,18089,13,,,0,78,,18093,9,,,0,80,,18090,13,,,0,20,,18094,9,,,0,81,,18091,13,,,0
2201,'6_3',1225,,18099,9,,,0,75,,18095,13,,,0,346,,18096,13,,,0,158,,18097,13,,,0,101,,18098,13,,,0
