2401,'0_1',739,,33192,18,0,18 19,0,895,,33193,16,,,0,104,,33194,16,,,0,94,,33195,16,,,0
2401,'0_2',739,,33196,18,0,18 19,0,895,,33197,16,,,0,104,,33198,16,,,0,94,,33199,16,,,0
2401,'0_4',739,,33200,18,0,18 19,0,895,,33201,16,,,0,104,,33202,16,,,0,94,,33203,16,,,0
2401,'0_5',739,,33204,18,0,18 19,0,895,,33205,16,,,0,104,,33206,16,,,0,94,,33207,16,,,0
2401,'1_3',739,,33208,18,0,18 19,0,517,,33209,16,,,0
2000001,'0_1',654,,35682,20,,,0,68,,35659,20,,,0,14,,35640,14,,,0,3,,35638,10,0,18 19,0,1,,35642,20,,,0,16,,35667,20,,,0,56,,35650,20,,,0,14,,35685,20,,,0,14,,35632,20,,,0,14,,35660,20,,,0,54,,35644,20,,,0,16,,35668,20,,,0,16,,35652,20,,,0,17,,35676,20,,,0,57,,35633,20,,,0,15,,35666,20,,,0,15,,35643,20,,,0,56,,35669,20,,,0,17,,35651,20,,,0,16,,35678,20,,,0,15,,35634,20,,,0,56,,35664,20,,,0,15,,35649,20,,,0,16,,35670,20,,,0,15,,35658,20,,,0,54,,35677,20,,,0,13,,35636,20,,,0,15,,35661,20,,,0,17,,35645,20,,,0,55,,35672,20,,,0,15,,35653,20,,,0,15,,35681,20,,,0,15,,35637,20,,,0,56,,35662,20,,,0,16,,35646,20,,,0,15,,35671,20,,,0,16,,35654,20,,,0,54,,35680,20,,,0,16,,35635,20,,,0,16,,35663,20,,,0,17,,35647,20,,,0,56,,35673,20,,,0,17,,35655,20,,,0,17,,35631,20,,,0,56,,35679,20,,,0,17,,35686,20,,,0,10,,35665,20,,,0,12,,35648,20,,,0,14,,35674,20,,,0,54,,35656,20,,,0,11,,35630,20,,,0,13,,35683,20,,,0,14,,35639,20,,,0,62,,35675,20,,,0,20,,35657,20,,,0,19,,35684,20,,,0,59,,35641,20,,,0
2000001,'0_2',654,,35739,20,,,0,68,,35716,20,,,0,14,,35697,14,,,0,3,,35695,10,0,18 19,0,1,,35699,20,,,0,16,,35724,20,,,0,56,,35707,20,,,0,14,,35742,20,,,0,14,,35689,20,,,0,14,,35717,20,,,0,54,,35701,20,,,0,16,,35725,20,,,0,16,,35709,20,,,0,17,,35733,20,,,0,57,,35690,20,,,0,15,,35723,20,,,0,15,,35700,20,,,0,56,,35726,20,,,0,17,,35708,20,,,0,16,,35735,20,,,0,15,,35691,20,,,0,56,,35721,20,,,0,15,,35706,20,,,0,16,,35727,20,,,0,15,,35715,20,,,0,54,,35734,20,,,0,13,,35693,20,,,0,15,,35718,20,,,0,17,,35702,20,,,0,55,,35729,20,,,0,15,,35710,20,,,0,15,,35738,20,,,0,15,,35694,20,,,0,56,,35719,20,,,0,16,,35703,20,,,0,15,,35728,20,,,0,16,,35711,20,,,0,54,,35737,20,,,0,16,,35692,20,,,0,16,,35720,20,,,0,17,,35704,20,,,0,56,,35730,20,,,0,17,,35712,20,,,0,17,,35688,20,,,0,56,,35736,20,,,0,17,,35743,20,,,0,10,,35722,20,,,0,12,,35705,20,,,0,14,,35731,20,,,0,54,,35713,20,,,0,11,,35687,20,,,0,13,,35740,20,,,0,14,,35696,20,,,0,62,,35732,20,,,0,20,,35714,20,,,0,19,,35741,20,,,0,59,,35698,20,,,0
2000001,'0_4',654,,35796,20,,,0,68,,35773,20,,,0,14,,35754,14,,,0,3,,35752,10,0,18 19,0,1,,35756,20,,,0,16,,35781,20,,,0,56,,35764,20,,,0,14,,35799,20,,,0,14,,35746,20,,,0,14,,35774,20,,,0,54,,35758,20,,,0,16,,35782,20,,,0,16,,35766,20,,,0,17,,35790,20,,,0,57,,35747,20,,,0,15,,35780,20,,,0,15,,35757,20,,,0,56,,35783,20,,,0,17,,35765,20,,,0,16,,35792,20,,,0,15,,35748,20,,,0,56,,35778,20,,,0,15,,35763,20,,,0,16,,35784,20,,,0,15,,35772,20,,,0,54,,35791,20,,,0,13,,35750,20,,,0,15,,35775,20,,,0,17,,35759,20,,,0,55,,35786,20,,,0,15,,35767,20,,,0,15,,35795,20,,,0,15,,35751,20,,,0,56,,35776,20,,,0,16,,35760,20,,,0,15,,35785,20,,,0,16,,35768,20,,,0,54,,35794,20,,,0,16,,35749,20,,,0,16,,35777,20,,,0,17,,35761,20,,,0,56,,35787,20,,,0,17,,35769,20,,,0,17,,35745,20,,,0,56,,35793,20,,,0,17,,35800,20,,,0,10,,35779,20,,,0,12,,35762,20,,,0,14,,35788,20,,,0,54,,35770,20,,,0,11,,35744,20,,,0,13,,35797,20,,,0,14,,35753,20,,,0,62,,35789,20,,,0,20,,35771,20,,,0,19,,35798,20,,,0,59,,35755,20,,,0
2000001,'0_5',654,,35853,20,,,0,68,,35830,20,,,0,14,,35811,14,,,0,3,,35809,10,0,18 19,0,1,,35813,20,,,0,16,,35838,20,,,0,56,,35821,20,,,0,14,,35856,20,,,0,14,,35803,20,,,0,14,,35831,20,,,0,54,,35815,20,,,0,16,,35839,20,,,0,16,,35823,20,,,0,17,,35847,20,,,0,57,,35804,20,,,0,15,,35837,20,,,0,15,,35814,20,,,0,56,,35840,20,,,0,17,,35822,20,,,0,16,,35849,20,,,0,15,,35805,20,,,0,56,,35835,20,,,0,15,,35820,20,,,0,16,,35841,20,,,0,15,,35829,20,,,0,54,,35848,20,,,0,13,,35807,20,,,0,15,,35832,20,,,0,17,,35816,20,,,0,55,,35843,20,,,0,15,,35824,20,,,0,15,,35852,20,,,0,15,,35808,20,,,0,56,,35833,20,,,0,16,,35817,20,,,0,15,,35842,20,,,0,16,,35825,20,,,0,54,,35851,20,,,0,16,,35806,20,,,0,16,,35834,20,,,0,17,,35818,20,,,0,56,,35844,20,,,0,17,,35826,20,,,0,17,,35802,20,,,0,56,,35850,20,,,0,17,,35857,20,,,0,10,,35836,20,,,0,12,,35819,20,,,0,14,,35845,20,,,0,54,,35827,20,,,0,11,,35801,20,,,0,13,,35854,20,,,0,14,,35810,20,,,0,62,,35846,20,,,0,20,,35828,20,,,0,19,,35855,20,,,0,59,,35812,20,,,0
2000001,'1_3',654,,35910,20,,,0,68,,35887,20,,,0,14,,35868,14,,,0,3,,35866,10,0,18 19,0,1,,35870,20,,,0,16,,35895,20,,,0,56,,35878,20,,,0,14,,35913,20,,,0,14,,35860,20,,,0,14,,35888,20,,,0,54,,35872,20,,,0,16,,35896,20,,,0,16,,35880,20,,,0,17,,35904,20,,,0,57,,35861,20,,,0,15,,35894,20,,,0,15,,35871,20,,,0,56,,35897,20,,,0,17,,35879,20,,,0,16,,35906,20,,,0,15,,35862,20,,,0,56,,35892,20,,,0,15,,35877,20,,,0,16,,35898,20,,,0,15,,35886,20,,,0,54,,35905,20,,,0,13,,35864,20,,,0,15,,35889,20,,,0,17,,35873,20,,,0,55,,35900,20,,,0,15,,35881,20,,,0,15,,35909,20,,,0,15,,35865,20,,,0,56,,35890,20,,,0,16,,35874,20,,,0,15,,35899,20,,,0,16,,35882,20,,,0,54,,35908,20,,,0,16,,35863,20,,,0,16,,35891,20,,,0,17,,35875,20,,,0,56,,35901,20,,,0,17,,35883,20,,,0,17,,35859,20,,,0,56,,35907,20,,,0,17,,35914,20,,,0,10,,35893,20,,,0,12,,35876,20,,,0,14,,35902,20,,,0,54,,35884,20,,,0,11,,35858,20,,,0,13,,35911,20,,,0,14,,35867,20,,,0,62,,35903,20,,,0,20,,35885,20,,,0,19,,35912,20,,,0,59,,35869,20,,,0
2000001,'2_6',657,,35915,20,,,0,81,,35916,20,,,0,80,,35917,20,,,0,32,,35955,20,,,0,61,,35919,20,,,0,20,,35918,20,,,0,21,,35920,20,,,0,60,,35921,20,,,0,19,,35923,20,,,0,18,,35922,20,,,0,60,,35928,20,,,0,19,,35926,20,,,0,18,,35930,20,,,0,59,,35924,20,,,0,19,,35929,20,,,0,20,,35925,20,,,0,56,,35927,20,,,0,18,,35936,20,,,0,18,,35933,20,,,0,20,,35934,20,,,0,61,,35935,20,,,0,18,,35932,20,,,0,17,,35931,20,,,0,59,,35937,20,,,0,23,,35938,20,,,0,20,,35940,20,,,0,59,,35939,20,,,0,19,,35941,20,,,0,20,,35942,20,,,0,61,,35943,20,,,0,20,,35945,20,,,0,19,,35944,20,,,0,58,,35946,20,,,0,19,,35947,20,,,0,19,,35948,20,,,0,59,,35949,20,,,0,17,,35950,20,,,0,18,,35951,20,,,0,62,,35952,20,,,0,24,,35953,20,,,0,22,,35954,20,,,0
2000001,'3_7',830,,35973,20,,,0,80,,35956,20,,,0,40,,35957,20,,,0,80,,35958,20,,,0,80,,35959,20,,,0,40,,35960,20,,,0,80,,35961,20,,,0,79,,35962,20,,,0,40,,35964,20,,,0,80,,35963,20,,,0,80,,35965,20,,,0,40,,35966,20,,,0,80,,35967,20,,,0,80,,35968,20,,,0,40,,35970,20,,,0,80,,35969,20,,,0,80,,35971,20,,,0,40,,35972,20,,,0
2000001,'4_7',830,,35991,20,,,0,80,,35974,20,,,0,40,,35975,20,,,0,80,,35976,20,,,0,80,,35977,20,,,0,40,,35978,20,,,0,80,,35979,20,,,0,79,,35980,20,,,0,40,,35982,20,,,0,80,,35981,20,,,0,80,,35983,20,,,0,40,,35984,20,,,0,80,,35985,20,,,0,80,,35986,20,,,0,40,,35988,20,,,0,80,,35987,20,,,0,80,,35989,20,,,0,40,,35990,20,,,0
