200,'2509-HIV-25j05H-d-Dimanche-00',855,,460,0,14 15,0,172,,461,0,14 15,0,125,,462,0,14 15,0,683,,463,0,14 15,0
200,'2509-HIV-25j26H-d-Dimanche-00',855,,480,0,14 15,0,172,,481,0,14 15,0,125,,482,0,14 15,0,683,,483,0,14 15,0
200,'2509-HIV-25k03H-s-Samedi-00',640,,492,0,5,0,108,,493,0,5,0,85,,516,0,13,0,167,,495,0,5,0,111,,496,0,5,0,105,,497,0,5,0,98,,498,0,5,0,102,,499,0,5,0,105,,500,0,5,0,103,,501,0,5,0,101,,502,0,5,0,113,,513,0,37 38 18 39,0
200,'2509-HIV-25l22Vlv-Semaine-00',650,,565,0,13,0,59,,564,0,13,0,34,,556,0,37 38 18 39,0,80,,554,0,6 7,0,98,,553,0,6 7,0,98,,549,0,37 38 18 39,0,182,,548,0,5,0,138,,544,0,5,0,166,,546,0,13,0,148,,535,0,5,0,78,,530,0,37 38 18 39,0,28,,532,0,5,0,77,,527,0,13,0,66,,529,0,5,0
200,'2509-HIV-26a05H-s-Samedi-00',640,,566,0,5,0,108,,567,0,5,0,85,,590,0,13,0,167,,569,0,5,0,111,,570,0,5,0,105,,571,0,5,0,98,,572,0,5,0,102,,573,0,5,0,105,,574,0,5,0,103,,575,0,5,0,101,,576,0,5,0,113,,587,0,37 38 18 39,0
200,'2509-HIV-26a05H-w-Mercredi-00',647,,633,0,13,0,61,,634,0,13,0,33,,608,0,37 38 18 39,0,82,,602,0,6 7,0,96,,622,0,6 7,0,99,,603,0,37 38 18 39,0,182,,613,0,5,0,139,,617,0,5,0,165,,631,0,13,0,147,,619,0,5,0,78,,627,0,37 38 18 39,0,30,,620,0,5,0,77,,611,0,13,0,66,,621,0,5,0
200,'2509-HIV-26a05Hlv-L-Ma-J-V-00',647,,672,0,13,0,61,,673,0,13,0,33,,647,0,37 38 18 39,0,82,,641,0,6 7,0,96,,661,0,6 7,0,99,,642,0,37 38 18 39,0,182,,652,0,5,0,139,,656,0,5,0,165,,670,0,13,0,147,,658,0,5,0,78,,666,0,37 38 18 39,0,30,,659,0,5,0,77,,650,0,13,0,66,,660,0,5,0
200,'2509-HIV-26b23Vlv-Semaine-00',650,,717,0,13,0,59,,716,0,13,0,34,,708,0,37 38 18 39,0,80,,706,0,6 7,0,98,,705,0,6 7,0,98,,701,0,37 38 18 39,0,182,,700,0,5,0,138,,696,0,5,0,166,,698,0,13,0,148,,687,0,5,0,78,,682,0,37 38 18 39,0,28,,684,0,5,0,77,,679,0,13,0,66,,681,0,5,0
200,'2509-HIV-26c02Vlv-Semaine-00',650,,756,0,13,0,59,,755,0,13,0,34,,747,0,37 38 18 39,0,80,,745,0,6 7,0,98,,744,0,6 7,0,98,,740,0,37 38 18 39,0,182,,739,0,5,0,138,,735,0,5,0,166,,737,0,13,0,148,,726,0,5,0,78,,721,0,37 38 18 39,0,28,,723,0,5,0,77,,718,0,13,0,66,,720,0,5,0
29000200,'2509-HIV-26a05H-w-Mercredi-00',659,,7984,,,0,99,,7985,,,0
29000200,'2509-HIV-26a05Hlv-L-Ma-J-V-00',659,,7986,,,0,99,,7987,,,0
