200,'0_6',708,,63315,21,0,34,0,30,,63326,18,0,35 37,0,20,,63338,9,0,38,0,59,,63316,21,0,34,0,25,,63327,18,0,35 37,0,60,,63339,21,0,38,0,21,,63317,18,0,34,0,25,,63328,9,0,35 37,0,60,,63340,9,0,38,0,19,,63318,21,0,34,0,25,,63329,18,0,35 37,0,63,,63341,9,0,38,0,23,,63319,21,0,34,0,64,,63330,18,0,35 37,0,21,,63342,9,0,38,0,20,,63320,19,0,34,0,59,,63331,9,0,35 37,0,20,,63343,18,0,38,0,20,,63321,21,0,34,0,60,,63332,18,0,35 37,0,21,,63344,9,0,38,0,21,,63322,21,0,34,0,61,,63333,18,0,35 37,0,21,,63345,9,0,38,0,23,,63323,21,0,34,0,67,,63334,18,0,35 37,0,18,,63346,9,0,38,0,18,,63324,21,0,34,0,64,,63335,18,0,35 37,0,18,,63347,9,0,38,0,18,,63325,21,0,34,0,60,,63349,18,0,35 37,0,26,,63348,9,0,38,0,67,,63336,21,0,35 37,0,23,,63337,18,0,34,0
200,'1_7',934,,63350,18,0,38,0,125,,63351,18,0,38,0,165,,63352,18,0,38,0,110,,63353,18,0,38,0,125,,63354,18,0,38,0,165,,63355,18,0,38,0,125,,63356,18,0,38,0,165,,63357,18,0,38,0
200,'3_1',708,,63533,21,0,34,0,30,,63544,18,0,35 37,0,20,,63556,9,0,38,0,59,,63534,21,0,34,0,25,,63545,18,0,35 37,0,60,,63557,21,0,38,0,21,,63535,18,0,34,0,25,,63546,9,0,35 37,0,60,,63558,9,0,38,0,19,,63536,21,0,34,0,25,,63547,18,0,35 37,0,63,,63559,9,0,38,0,23,,63537,21,0,34,0,64,,63548,18,0,35 37,0,21,,63560,9,0,38,0,20,,63538,19,0,34,0,59,,63549,9,0,35 37,0,20,,63561,18,0,38,0,20,,63539,21,0,34,0,60,,63550,18,0,35 37,0,21,,63562,9,0,38,0,21,,63540,21,0,34,0,61,,63551,18,0,35 37,0,21,,63563,9,0,38,0,23,,63541,21,0,34,0,67,,63552,18,0,35 37,0,18,,63564,9,0,38,0,18,,63542,21,0,34,0,64,,63553,18,0,35 37,0,18,,63565,9,0,38,0,18,,63543,21,0,34,0,60,,63567,18,0,35 37,0,26,,63566,9,0,38,0,67,,63554,21,0,35 37,0,23,,63555,18,0,34,0
200,'3_2',708,,73063,21,0,34,0,30,,73074,18,0,35 37,0,20,,73086,9,0,38,0,59,,73064,21,0,34,0,25,,73075,18,0,35 37,0,60,,73087,21,0,38,0,21,,73065,18,0,34,0,25,,73076,9,0,35 37,0,60,,73088,9,0,38,0,19,,73066,21,0,34,0,25,,73077,18,0,35 37,0,63,,73089,9,0,38,0,23,,73067,21,0,34,0,64,,73078,18,0,35 37,0,21,,73090,9,0,38,0,20,,73068,19,0,34,0,59,,73079,9,0,35 37,0,20,,73091,18,0,38,0,20,,73069,21,0,34,0,60,,73080,18,0,35 37,0,21,,73092,9,0,38,0,21,,73070,21,0,34,0,61,,73081,18,0,35 37,0,21,,73093,9,0,38,0,23,,73071,21,0,34,0,67,,73082,18,0,35 37,0,18,,73094,9,0,38,0,18,,73072,21,0,34,0,64,,73083,18,0,35 37,0,18,,73095,9,0,38,0,18,,73073,21,0,34,0,60,,73097,18,0,35 37,0,26,,73096,9,0,38,0,67,,73084,21,0,35 37,0,23,,73085,18,0,34,0
200,'3_3',708,,63568,21,0,34,0,30,,63579,18,0,35 37,0,20,,63591,9,0,38,0,59,,63569,21,0,34,0,25,,63580,18,0,35 37,0,60,,63592,21,0,38,0,21,,63570,18,0,34,0,25,,63581,9,0,35 37,0,60,,63593,9,0,38,0,19,,63571,21,0,34,0,25,,63582,18,0,35 37,0,63,,63594,9,0,38,0,23,,63572,21,0,34,0,64,,63583,18,0,35 37,0,21,,63595,9,0,38,0,20,,63573,19,0,34,0,59,,63584,9,0,35 37,0,20,,63596,18,0,38,0,20,,63574,21,0,34,0,60,,63585,18,0,35 37,0,21,,63597,9,0,38,0,21,,63575,21,0,34,0,61,,63586,18,0,35 37,0,21,,63598,9,0,38,0,23,,63576,21,0,34,0,67,,63587,18,0,35 37,0,18,,63599,9,0,38,0,18,,63577,21,0,34,0,64,,63588,18,0,35 37,0,18,,63600,9,0,38,0,18,,63578,21,0,34,0,60,,63602,18,0,35 37,0,26,,63601,9,0,38,0,67,,63589,21,0,35 37,0,23,,63590,18,0,34,0
200,'3_4',708,,63603,21,0,34,0,30,,63614,18,0,35 37,0,20,,63626,9,0,38,0,59,,63604,21,0,34,0,25,,63615,18,0,35 37,0,60,,63627,21,0,38,0,21,,63605,18,0,34,0,25,,63616,9,0,35 37,0,60,,63628,9,0,38,0,19,,63606,21,0,34,0,25,,63617,18,0,35 37,0,63,,63629,9,0,38,0,23,,63607,21,0,34,0,64,,63618,18,0,35 37,0,21,,63630,9,0,38,0,20,,63608,19,0,34,0,59,,63619,9,0,35 37,0,20,,63631,18,0,38,0,20,,63609,21,0,34,0,60,,63620,18,0,35 37,0,21,,63632,9,0,38,0,21,,63610,21,0,34,0,61,,63621,18,0,35 37,0,21,,63633,9,0,38,0,23,,63611,21,0,34,0,67,,63622,18,0,35 37,0,18,,63634,9,0,38,0,18,,63612,21,0,34,0,64,,63623,18,0,35 37,0,18,,63635,9,0,38,0,18,,63613,21,0,34,0,60,,63637,18,0,35 37,0,26,,63636,9,0,38,0,67,,63624,21,0,35 37,0,23,,63625,18,0,34,0
200,'3_5',708,,63638,21,0,34,0,30,,63649,18,0,35 37,0,20,,63661,9,0,38,0,59,,63639,21,0,34,0,25,,63650,18,0,35 37,0,60,,63662,21,0,38,0,21,,63640,18,0,34,0,25,,63651,9,0,35 37,0,60,,63663,9,0,38,0,19,,63641,21,0,34,0,25,,63652,18,0,35 37,0,63,,63664,9,0,38,0,23,,63642,21,0,34,0,64,,63653,18,0,35 37,0,21,,63665,9,0,38,0,20,,63643,19,0,34,0,59,,63654,9,0,35 37,0,20,,63666,18,0,38,0,20,,63644,21,0,34,0,60,,63655,18,0,35 37,0,21,,63667,9,0,38,0,21,,63645,21,0,34,0,61,,63656,18,0,35 37,0,21,,63668,9,0,38,0,23,,63646,21,0,34,0,67,,63657,18,0,35 37,0,18,,63669,9,0,38,0,18,,63647,21,0,34,0,64,,63658,18,0,35 37,0,18,,63670,9,0,38,0,18,,63648,21,0,34,0,60,,63672,18,0,35 37,0,26,,63671,9,0,38,0,67,,63659,21,0,35 37,0,23,,63660,18,0,34,0
2600,'0_6',724,,67928,12,,,0,85,,67929,12,,,0,44,,67930,12,,,0,85,,67931,12,,,0,84,,67932,12,,,0,90,,67933,12,,,0,44,,67934,12,,,0,82,,67935,12,,,0,84,,67936,12,,,0,85,,67937,12,,,0,43,,67938,12,,,0,86,,67939,12,,,0,90,,67940,12,,,0,87,,67941,12,,,0,43,,67942,12,,,0,85,,67943,12,,,0,83,,67944,12,,,0
2600,'3_1',724,,68030,12,,,0,85,,68031,12,,,0,44,,68032,12,,,0,85,,68033,12,,,0,84,,68034,12,,,0,90,,68035,12,,,0,44,,68036,12,,,0,82,,68037,12,,,0,84,,68038,12,,,0,85,,68039,12,,,0,43,,68040,12,,,0,86,,68041,12,,,0,90,,68042,12,,,0,87,,68043,12,,,0,43,,68044,12,,,0,85,,68045,12,,,0,83,,68046,12,,,0
2600,'3_2',724,,73493,12,,,0,85,,73494,12,,,0,44,,73495,12,,,0,85,,73496,12,,,0,84,,73497,12,,,0,90,,73498,12,,,0,44,,73499,12,,,0,82,,73500,12,,,0,84,,73501,12,,,0,85,,73502,12,,,0,43,,73503,12,,,0,86,,73504,12,,,0,90,,73505,12,,,0,87,,73506,12,,,0,43,,73507,12,,,0,85,,73508,12,,,0,83,,73509,12,,,0
2600,'3_3',724,,68047,12,,,0,85,,68048,12,,,0,44,,68049,12,,,0,85,,68050,12,,,0,84,,68051,12,,,0,90,,68052,12,,,0,44,,68053,12,,,0,82,,68054,12,,,0,84,,68055,12,,,0,85,,68056,12,,,0,43,,68057,12,,,0,86,,68058,12,,,0,90,,68059,12,,,0,87,,68060,12,,,0,43,,68061,12,,,0,85,,68062,12,,,0,83,,68063,12,,,0
2600,'3_4',724,,68064,12,,,0,85,,68065,12,,,0,44,,68066,12,,,0,85,,68067,12,,,0,84,,68068,12,,,0,90,,68069,12,,,0,44,,68070,12,,,0,82,,68071,12,,,0,84,,68072,12,,,0,85,,68073,12,,,0,43,,68074,12,,,0,86,,68075,12,,,0,90,,68076,12,,,0,87,,68077,12,,,0,43,,68078,12,,,0,85,,68079,12,,,0,83,,68080,12,,,0
2600,'3_5',724,,68081,12,,,0,85,,68082,12,,,0,44,,68083,12,,,0,85,,68084,12,,,0,84,,68085,12,,,0,90,,68086,12,,,0,44,,68087,12,,,0,82,,68088,12,,,0,84,,68089,12,,,0,85,,68090,12,,,0,43,,68091,12,,,0,86,,68092,12,,,0,90,,68093,12,,,0,87,,68094,12,,,0,43,,68095,12,,,0,85,,68096,12,,,0,83,,68097,12,,,0
