801,'2_1',840,,66360,9,,,0,108,,66361,9,,,0,110,,66362,9,,,0,159,,66354,9,,,0,111,,66363,9,,,0,112,,66364,9,,,0,112,,66365,9,,,0,75,,66355,9,,,0,75,,66356,9,,,0,30,,66357,9,,,0,75,,66358,9,,,0,35,,66359,9,,,0,71,,66366,9,,,0,34,,66367,9,,,0
801,'2_2',840,,66374,9,,,0,108,,66375,9,,,0,110,,66376,9,,,0,159,,66368,9,,,0,111,,66377,9,,,0,112,,66378,9,,,0,112,,66379,9,,,0,75,,66369,9,,,0,75,,66370,9,,,0,30,,66371,9,,,0,75,,66372,9,,,0,35,,66373,9,,,0,71,,66380,9,,,0,34,,66381,9,,,0
801,'2_3',840,,66388,9,,,0,108,,66389,9,,,0,110,,66390,9,,,0,159,,66382,9,,,0,111,,66391,9,,,0,112,,66392,9,,,0,112,,66393,9,,,0,75,,66383,9,,,0,75,,66384,9,,,0,30,,66385,9,,,0,75,,66386,9,,,0,35,,66387,9,,,0,71,,66394,9,,,0,34,,66395,9,,,0
801,'2_4',840,,66402,9,,,0,108,,66403,9,,,0,110,,66404,9,,,0,159,,66396,9,,,0,111,,66405,9,,,0,112,,66406,9,,,0,112,,66407,9,,,0,75,,66397,9,,,0,75,,66398,9,,,0,30,,66399,9,,,0,75,,66400,9,,,0,35,,66401,9,,,0,71,,66408,9,,,0,34,,66409,9,,,0
801,'2_5',840,,66416,9,,,0,108,,66417,9,,,0,110,,66418,9,,,0,159,,66410,9,,,0,111,,66419,9,,,0,112,,66420,9,,,0,112,,66421,9,,,0,75,,66411,9,,,0,75,,66412,9,,,0,30,,66413,9,,,0,75,,66414,9,,,0,35,,66415,9,,,0,71,,66422,9,,,0,34,,66423,9,,,0
801,'3_1',840,,66430,9,,,0,108,,66431,9,,,0,110,,66432,9,,,0,159,,66424,9,,,0,111,,66433,9,,,0,112,,66434,9,,,0,112,,66435,9,,,0,75,,66425,9,,,0,75,,66426,9,,,0,30,,66427,9,,,0,75,,66428,9,,,0,35,,66429,9,,,0,71,,66436,9,,,0,34,,66437,9,,,0
801,'3_3',840,,66444,9,,,0,108,,66445,9,,,0,110,,66446,9,,,0,159,,66438,9,,,0,111,,66447,9,,,0,112,,66448,9,,,0,112,,66449,9,,,0,75,,66439,9,,,0,75,,66440,9,,,0,30,,66441,9,,,0,75,,66442,9,,,0,35,,66443,9,,,0,71,,66450,9,,,0,34,,66451,9,,,0
801,'3_4',840,,66458,9,,,0,108,,66459,9,,,0,110,,66460,9,,,0,159,,66452,9,,,0,111,,66461,9,,,0,112,,66462,9,,,0,112,,66463,9,,,0,75,,66453,9,,,0,75,,66454,9,,,0,30,,66455,9,,,0,75,,66456,9,,,0,35,,66457,9,,,0,71,,66464,9,,,0,34,,66465,9,,,0
801,'3_5',840,,66472,9,,,0,108,,66473,9,,,0,110,,66474,9,,,0,159,,66466,9,,,0,111,,66475,9,,,0,112,,66476,9,,,0,112,,66477,9,,,0,75,,66467,9,,,0,75,,66468,9,,,0,30,,66469,9,,,0,75,,66470,9,,,0,35,,66471,9,,,0,71,,66478,9,,,0,34,,66479,9,,,0
2201,'0_6',923,,67648,3,,,0,122,,67649,3,,,0,172,,67650,3,,,0,213,,67651,3,,,0,177,,67652,3,,,0,138,,67653,3,,,0,160,,67654,3,,,0
2201,'1_7',1246,,67655,3,,,0,159,,67656,3,,,0,120,,67657,3,,,0,120,,67658,3,,,0,160,,67659,3,,,0
2201,'2_1',923,,67660,3,,,0,122,,67661,3,,,0,172,,67662,3,,,0,213,,67663,3,,,0,177,,67664,3,,,0,138,,67665,3,,,0,160,,67666,3,,,0
2201,'2_2',923,,67667,3,,,0,122,,67668,3,,,0,172,,67669,3,,,0,213,,67670,3,,,0,177,,67671,3,,,0,138,,67672,3,,,0,160,,67673,3,,,0
2201,'2_3',923,,67674,3,,,0,122,,67675,3,,,0,172,,67676,3,,,0,213,,67677,3,,,0,177,,67678,3,,,0,138,,67679,3,,,0,160,,67680,3,,,0
2201,'2_4',923,,67681,3,,,0,122,,67682,3,,,0,172,,67683,3,,,0,213,,67684,3,,,0,177,,67685,3,,,0,138,,67686,3,,,0,160,,67687,3,,,0
2201,'2_5',923,,67688,3,,,0,122,,67689,3,,,0,172,,67690,3,,,0,213,,67691,3,,,0,177,,67692,3,,,0,138,,67693,3,,,0,160,,67694,3,,,0
2201,'3_1',923,,67695,3,,,0,122,,67696,3,,,0,172,,67697,3,,,0,213,,67698,3,,,0,177,,67699,3,,,0,138,,67700,3,,,0,160,,67701,3,,,0
2201,'3_3',923,,67702,3,,,0,122,,67703,3,,,0,172,,67704,3,,,0,213,,67705,3,,,0,177,,67706,3,,,0,138,,67707,3,,,0,160,,67708,3,,,0
2201,'3_4',923,,67709,3,,,0,122,,67710,3,,,0,172,,67711,3,,,0,213,,67712,3,,,0,177,,67713,3,,,0,138,,67714,3,,,0,160,,67715,3,,,0
2201,'3_5',923,,67716,3,,,0,122,,67717,3,,,0,172,,67718,3,,,0,213,,67719,3,,,0,177,,67720,3,,,0,138,,67721,3,,,0,160,,67722,3,,,0
2201,'4_7',1246,,67723,3,,,0,159,,67724,3,,,0,120,,67725,3,,,0,120,,67726,3,,,0,160,,67727,3,,,0
