900,'1_6',655,,17044,8,,,0,99,,17045,8,,,0,159,,17043,8,0,50,0,126,,17050,2,0,50,0,69,,17046,8,,,0,136,,17052,9,0,50,0,98,,17051,2,0,50,0,90,,17047,8,,,0,90,,17042,2,,,0,98,,17053,2,,,0,135,,17048,9,,,0,94,,17049,8,,,0
900,'5_1',645,,17055,5,,,0,68,,17056,5,,,0,41,,17060,11,,,0,61,,17061,2,,,0,4,,17062,12,,,0,84,,17057,5,,,0,49,,17063,12,,,0,94,,17064,8,0,50,0,93,,17065,8,,,0,105,,17066,8,,,0,70,,17058,5,,,0,130,,17069,13,,,0,84,,17067,8,,,0,110,,17068,8,,,0,72,,17059,5,,,0,130,,17070,13,,,0,78,,17071,5,0,50,0
900,'5_2',645,,17074,5,,,0,68,,17075,5,,,0,41,,17079,11,,,0,61,,17080,2,,,0,4,,17081,12,,,0,84,,17076,5,,,0,49,,17082,12,,,0,94,,17083,8,0,50,0,93,,17084,8,,,0,105,,17085,8,,,0,70,,17077,5,,,0,130,,17088,13,,,0,84,,17086,8,,,0,110,,17087,8,,,0,72,,17078,5,,,0,130,,17089,13,,,0,78,,17090,5,0,50,0
900,'5_4',645,,17093,5,,,0,68,,17094,5,,,0,41,,17098,11,,,0,61,,17099,2,,,0,4,,17100,12,,,0,84,,17095,5,,,0,49,,17101,12,,,0,94,,17102,8,0,50,0,93,,17103,8,,,0,105,,17104,8,,,0,70,,17096,5,,,0,130,,17107,13,,,0,84,,17105,8,,,0,110,,17106,8,,,0,72,,17097,5,,,0,130,,17108,13,,,0,78,,17109,5,0,50,0
900,'5_5',645,,17112,5,,,0,68,,17113,5,,,0,41,,17117,11,,,0,61,,17118,2,,,0,4,,17119,12,,,0,84,,17114,5,,,0,49,,17120,12,,,0,94,,17121,8,0,50,0,93,,17122,8,,,0,105,,17123,8,,,0,70,,17115,5,,,0,130,,17126,13,,,0,84,,17124,8,,,0,110,,17125,8,,,0,72,,17116,5,,,0,130,,17127,13,,,0,78,,17128,5,0,50,0
900,'6_3',645,,17131,5,,,0,68,,17132,5,,,0,41,,17136,11,,,0,61,,17137,2,,,0,4,,17138,12,,,0,84,,17133,5,,,0,49,,17139,12,,,0,94,,17140,8,0,50,0,93,,17141,8,,,0,105,,17142,8,,,0,70,,17134,5,,,0,130,,17145,13,,,0,84,,17143,8,,,0,110,,17144,8,,,0,72,,17135,5,,,0,130,,17146,13,,,0,78,,17147,5,0,50,0
1600,'1_6',1019,,17615,12,,,0,293,,17617,17,,,0,423,,17620,19,,,0,123,,17616,12,,,0
1600,'5_1',1019,,17627,12,,,0,293,,17629,17,,,0,423,,17632,19,,,0,123,,17628,12,,,0
1600,'5_2',1019,,17639,12,,,0,293,,17641,17,,,0,423,,17644,19,,,0,123,,17640,12,,,0
1600,'5_4',1019,,17651,12,,,0,293,,17653,17,,,0,423,,17656,19,,,0,123,,17652,12,,,0
1600,'5_5',1019,,17663,12,,,0,293,,17665,17,,,0,423,,17668,19,,,0,123,,17664,12,,,0
1600,'6_3',1019,,17675,12,,,0,293,,17677,17,,,0,423,,17680,19,,,0,123,,17676,12,,,0
1900,'5_1',703,,17889,11,,,0,16,,17890,11,,,0,84,,17895,11,,,0,7,,17888,7,0,23 53,0,14,,17894,11,,,0,934,,17891,11,,,0
1900,'5_2',703,,17897,11,,,0,16,,17898,11,,,0,84,,17903,11,,,0,7,,17896,7,0,23 53,0,14,,17902,11,,,0,934,,17899,11,,,0
1900,'5_4',703,,17905,11,,,0,16,,17906,11,,,0,84,,17911,11,,,0,7,,17904,7,0,23 53,0,14,,17910,11,,,0,934,,17907,11,,,0
1900,'5_5',703,,17913,11,,,0,16,,17914,11,,,0,84,,17919,11,,,0,7,,17912,7,0,23 53,0,14,,17918,11,,,0,934,,17915,11,,,0
1900,'6_3',703,,17921,11,,,0,16,,17922,11,,,0,84,,17928,11,,,0,7,,17920,7,0,23 53,0,14,,17927,11,,,0,582,,17926,11,,,0,352,,17923,11,,,0
2900900,'5_1',701,,20990,5,,,0,100,,20991,5,,,0
2900900,'5_2',701,,20992,5,,,0,100,,20993,5,,,0
2900900,'5_4',701,,20994,5,,,0,100,,20995,5,,,0
2900900,'5_5',701,,20996,5,,,0,100,,20997,5,,,0
2900900,'6_3',701,,20998,5,,,0,100,,20999,5,,,0
