1000,'2509-HIV-25j05H-d-Dimanche-00',835,,10970,,,0,422,,10971,,,0,497,,10972,,,0
1000,'2509-HIV-25j26H-d-Dimanche-00',835,,10973,,,0,422,,10974,,,0,497,,10975,,,0
1000,'2509-HIV-25k03H-s-Samedi-00',919,,10983,0,26 32,0,184,,10984,0,26 32,0,101,,10985,0,26 32,0,101,,10986,0,26 32,0,101,,10987,0,26 32,0,52,,10981,,,0,155,,10982,,,0,337,,10988,0,26 32,0
1000,'2509-HIV-25l22Vlv-Semaine-00',921,,11001,0,26 32,0,188,,10994,0,26 32,0,95,,10995,0,26 32,0,101,,10996,0,26 32,0,101,,10997,0,26 32,0,52,,10999,,,0,155,,11000,,,0,337,,10998,0,26 32,0
1000,'2509-HIV-26a05H-s-Samedi-00',919,,11009,0,26 32,0,184,,11010,0,26 32,0,101,,11011,0,26 32,0,101,,11012,0,26 32,0,101,,11013,0,26 32,0,52,,11007,,,0,155,,11008,,,0,337,,11014,0,26 32,0
1000,'2509-HIV-26a05H-w-Mercredi-00',922,,11029,0,26 32,0,186,,11020,0,26 32,0,47,,11021,0,26 32,0,77,,11022,0,26 32,0,80,,11023,0,26 32,0,99,,11024,0,26 32,0,39,,11026,,,0,70,,11027,,,0,96,,11028,,,0,335,,11025,0,26 32,0
1000,'2509-HIV-26a05Hlv-L-Ma-J-V-00',922,,11044,0,26 32,0,186,,11035,0,26 32,0,47,,11036,0,26 32,0,77,,11037,0,26 32,0,80,,11038,0,26 32,0,99,,11039,0,26 32,0,39,,11041,,,0,70,,11042,,,0,96,,11043,,,0,335,,11040,0,26 32,0
1000,'2509-HIV-26b23Vlv-Semaine-00',921,,11057,0,26 32,0,188,,11050,0,26 32,0,95,,11051,0,26 32,0,101,,11052,0,26 32,0,101,,11053,0,26 32,0,52,,11055,,,0,155,,11056,,,0,337,,11054,0,26 32,0
1000,'2509-HIV-26c02Vlv-Semaine-00',921,,11070,0,26 32,0,188,,11063,0,26 32,0,95,,11064,0,26 32,0,101,,11065,0,26 32,0,101,,11066,0,26 32,0,52,,11068,,,0,155,,11069,,,0,337,,11067,0,26 32,0
1100,'2509-HIV-25j05H-d-Dimanche-00',840,,11165,,,0,918,,11166,,,0
1100,'2509-HIV-25j26H-d-Dimanche-00',840,,11167,,,0,918,,11168,,,0
1100,'2509-HIV-25k03H-s-Samedi-00',828,,11170,,,0,905,,11171,,,0,119,,11172,,,0
1100,'2509-HIV-25l22Vlv-Semaine-00',828,,11174,,,0,905,,11175,,,0,119,,11176,,,0
1100,'2509-HIV-26a05H-s-Samedi-00',828,,11178,,,0,905,,11179,,,0,119,,11180,,,0
1100,'2509-HIV-26a05H-w-Mercredi-00',828,,11182,,,0,905,,11183,,,0,119,,11184,,,0
1100,'2509-HIV-26a05Hlv-L-Ma-J-V-00',828,,11186,,,0,905,,11187,,,0,119,,11188,,,0
1100,'2509-HIV-26b23Vlv-Semaine-00',828,,11190,,,0,905,,11191,,,0,119,,11192,,,0
1100,'2509-HIV-26c02Vlv-Semaine-00',828,,11194,,,0,905,,11195,,,0,119,,11196,,,0
1601,'2509-HIV-25k03H-s-Samedi-00',837,,11499,,,0,77,,11500,,,0,44,,11501,,,0,155,,11503,,,0,124,,11506,,,0,164,,11504,,,0,105,,11507,,,0,45,,11502,,,0,106,,11508,,,0,169,,11505,,,0
1601,'2509-HIV-25l22Vlv-Semaine-00',837,,11509,,,0,77,,11510,,,0,44,,11511,,,0,155,,11513,,,0,124,,11516,,,0,164,,11514,,,0,105,,11517,,,0,45,,11512,,,0,106,,11518,,,0,169,,11515,,,0
1601,'2509-HIV-26a05H-s-Samedi-00',837,,11519,,,0,77,,11520,,,0,44,,11521,,,0,155,,11523,,,0,124,,11526,,,0,164,,11524,,,0,105,,11527,,,0,45,,11522,,,0,106,,11528,,,0,169,,11525,,,0
1601,'2509-HIV-26a05H-w-Mercredi-00',837,,11529,,,0,77,,11530,,,0,44,,11531,,,0,155,,11533,,,0,124,,11536,,,0,164,,11534,,,0,105,,11537,,,0,45,,11532,,,0,106,,11538,,,0,169,,11535,,,0
1601,'2509-HIV-26a05Hlv-L-Ma-J-V-00',837,,11539,,,0,77,,11540,,,0,44,,11541,,,0,155,,11543,,,0,124,,11546,,,0,164,,11544,,,0,105,,11547,,,0,45,,11542,,,0,106,,11548,,,0,169,,11545,,,0
1601,'2509-HIV-26b23Vlv-Semaine-00',837,,11549,,,0,77,,11550,,,0,44,,11551,,,0,155,,11553,,,0,124,,11556,,,0,164,,11554,,,0,105,,11557,,,0,45,,11552,,,0,106,,11558,,,0,169,,11555,,,0
1601,'2509-HIV-26c02Vlv-Semaine-00',837,,11559,,,0,77,,11560,,,0,44,,11561,,,0,155,,11563,,,0,124,,11566,,,0,164,,11564,,,0,105,,11567,,,0,45,,11562,,,0,106,,11568,,,0,169,,11565,,,0
