'2509-HIV-25i01H-s-Samedi-00',100,74500,0,'Soler',0,10900,0,'Soler',0,9500,0,'Soler',0,7000,0,'Soler',0,3000,0,'Soler',0,7200,0,'Soler',0,3000,0,'Soler',0,6900,0,'Soler',0,3000,0,'Soler',0,6800,0,'Soler',0,3100,0,'Soler',0,7000,0,'Soler',0,3000,0,'Soler',0,7000,0,'Soler',0,3000,0,'Soler',0,7200,0,'Soler',0,3200,0,'Soler',0,7200,0,'Soler',0,3100,0,'Soler',0,6800,0,'Soler',0,2700,0,'Soler',0,7100,0,'Soler',0,2800,0,'Soler',0
'2509-HIV-25j05H-d-Dimanche-00',100,94600,0,'Soler',0,10400,0,'Soler',0,10600,0,'Soler',0,14400,0,'Soler',0,5000,0,'Soler',0,10000,0,'Soler',0,10600,0,'Soler',0,14500,0,'Soler',0,10400,0,'Soler',0,10500,0,'Soler',0
'2509-HIV-25j20Vlv-Semaine-00',100,74500,,'',0,5600,0,'Soler',0,1500,0,'Soler',0,1400,,'',0,1500,0,'Soler',0,7000,0,'Soler',0,2500,0,'Soler',0,8000,0,'Soler',0,8000,0,'Soler',0,3900,0,'Soler',0,7500,0,'Soler',0,2000,,'',0,2500,,'',0,7000,0,'Soler',0,2500,0,'Soler',0,6500,0,'Soler',0,3200,0,'Soler',0,7800,0,'Soler',0,7100,0,'Soler',0,3200,0,'Soler',0,2600,,'',0,7600,,'',0,7000,,'',0,2900,,'',0,2600,,'',0,7300,0,'Soler',0,2400,,'',0
'2509-HIV-25j26H-d-Dimanche-00',100,94600,0,'Soler',0,10400,0,'Soler',0,10600,0,'Soler',0,14400,0,'Soler',0,5000,0,'Soler',0,10000,0,'Soler',0,10600,0,'Soler',0,14500,0,'Soler',0,10400,0,'Soler',0,10500,0,'Soler',0
'2509-HIV-25j27Vlv-Semaine-00',100,74500,,'',0,5600,0,'Soler',0,1500,0,'Soler',0,1400,,'',0,1500,0,'Soler',0,7000,0,'Soler',0,2500,0,'Soler',0,8000,0,'Soler',0,8000,0,'Soler',0,3900,0,'Soler',0,7500,0,'Soler',0,2000,,'',0,2500,,'',0,7000,0,'Soler',0,2500,0,'Soler',0,6500,0,'Soler',0,3200,0,'Soler',0,7800,0,'Soler',0,7100,0,'Soler',0,3200,0,'Soler',0,2600,,'',0,7600,,'',0,7000,,'',0,2900,,'',0,2600,,'',0,7300,0,'Soler',0,2400,,'',0
'2509-HIV-25k03H-s-Samedi-00',100,74500,0,'Soler',0,10900,0,'Soler',0,9500,0,'Soler',0,7000,0,'Soler',0,3000,0,'Soler',0,7200,0,'Soler',0,3000,0,'Soler',0,6900,0,'Soler',0,3000,0,'Soler',0,6800,0,'Soler',0,3100,0,'Soler',0,7000,0,'Soler',0,3000,0,'Soler',0,7000,0,'Soler',0,3000,0,'Soler',0,7200,0,'Soler',0,3200,0,'Soler',0,7200,0,'Soler',0,3100,0,'Soler',0,6800,0,'Soler',0,2700,0,'Soler',0,7100,0,'Soler',0,2800,0,'Soler',0
'2509-HIV-25k03H-w-Mercredi-00',100,74900,0,'Soler',0,5600,0,'Soler',0,1500,0,'Soler',0,1300,,'',0,1300,0,'Soler',0,6900,0,'Soler',0,2600,0,'Soler',0,7800,0,'Soler',0,3800,0,'Soler',0,8000,0,'Soler',0,8000,0,'Soler',0,1700,,'',0,2200,,'',0,7200,0,'Soler',0,2400,0,'Soler',0,6600,0,'Soler',0,3500,0,'Soler',0,8300,0,'Soler',0,6600,,'',0,3700,0,'Soler',0,2000,,'',0,5500,0,'Soler',0,2500,,'',0,1100,0,'Soler',0,5700,,'',0,1600,0,'Soler',0,1300,,'',0,2200,,'',0,7200,0,'Soler',0,7500,,'',0
'2509-HIV-25k03H-w-Mercredi-00-0010000',100,125300,,'',0
'2509-HIV-25k03Hlv-L-Ma-J-V-00',100,74900,0,'Soler',0,5600,0,'Soler',0,1500,0,'Soler',0,1300,,'',0,1300,0,'Soler',0,6900,0,'Soler',0,2600,0,'Soler',0,7800,0,'Soler',0,3800,0,'Soler',0,8000,0,'Soler',0,8000,0,'Soler',0,1700,,'',0,2200,,'',0,7200,0,'Soler',0,2400,0,'Soler',0,6600,0,'Soler',0,3500,0,'Soler',0,8300,0,'Soler',0,6600,,'',0,3700,0,'Soler',0,2000,,'',0,5500,0,'Soler',0,2500,,'',0,1100,0,'Soler',0,5700,,'',0,1600,0,'Soler',0,1300,,'',0,2200,,'',0,7200,0,'Soler',0,7500,,'',0
'2509-HIV-25k03Hlv-L-Ma-J-V-00-1101100',100,180200,,'',0,3900,,'',0
'2509-HIV-25l18Hlv-L-Ma-J-V-00',100,74900,0,'Soler',0,5600,0,'Soler',0,1500,0,'Soler',0,1300,,'',0,1300,0,'Soler',0,6900,0,'Soler',0,2600,0,'Soler',0,7800,0,'Soler',0,3800,0,'Soler',0,8000,0,'Soler',0,8000,0,'Soler',0,1700,,'',0,2200,,'',0,7200,0,'Soler',0,2400,0,'Soler',0,6600,0,'Soler',0,3500,0,'Soler',0,8300,0,'Soler',0,6600,,'',0,3700,0,'Soler',0,2000,,'',0,5500,0,'Soler',0,2500,,'',0,1100,0,'Soler',0,5700,,'',0,1600,0,'Soler',0,1300,,'',0,2200,,'',0,7200,0,'Soler',0,7500,,'',0
'2509-HIV-25l18Hlv-L-Ma-J-V-00-1101100',100,180200,,'',0,3900,,'',0
'2509-HIV-25l22Vlv-Semaine-00',100,74500,,'',0,5600,0,'Soler',0,1500,0,'Soler',0,1400,,'',0,1500,0,'Soler',0,7000,0,'Soler',0,2500,0,'Soler',0,8000,0,'Soler',0,8000,0,'Soler',0,3900,0,'Soler',0,7500,0,'Soler',0,2000,,'',0,2500,,'',0,7000,0,'Soler',0,2500,0,'Soler',0,6500,0,'Soler',0,3200,0,'Soler',0,7800,0,'Soler',0,7100,0,'Soler',0,3200,0,'Soler',0,2600,,'',0,7600,,'',0,7000,,'',0,2900,,'',0,2600,,'',0,7300,0,'Soler',0,2400,,'',0
