301,'2_6',732,,30999,16,,,0,71,,30996,16,,,0,30,,30997,16,,,0,70,,30998,16,,,0,31,,31000,16,,,0,70,,31001,16,,,0,31,,31002,16,,,0,69,,31003,16,,,0,31,,31007,16,,,0,70,,31006,16,,,0,29,,31004,16,,,0,69,,31005,16,,,0,29,,31009,16,,,0,69,,31010,16,,,0,30,,31008,16,,,0,71,,31011,16,,,0,30,,31014,16,,,0,72,,31012,16,,,0,33,,31013,16,,,0,71,,31016,16,,,0,32,,31015,16,,,0,70,,31017,16,,,0,32,,31018,16,,,0,69,,31019,16,,,0,29,,31020,16,,,0,69,,31021,16,,,0,30,,31022,16,,,0,63,,31023,16,,,0
301,'3_7',926,,31024,16,,,0,100,,31025,16,,,0,100,,31026,16,,,0,100,,31027,16,,,0,100,,31028,16,,,0,100,,31029,16,,,0,100,,31030,16,,,0,100,,31031,16,,,0,100,,31032,16,,,0,100,,31033,16,,,0,100,,31034,16,,,0
301,'4_7',926,,46843,16,,,0,100,,46844,16,,,0,100,,46845,16,,,0,100,,46846,16,,,0,100,,46847,16,,,0,100,,46848,16,,,0,100,,46849,16,,,0,100,,46850,16,,,0,100,,46851,16,,,0,100,,46852,16,,,0,100,,46853,16,,,0
301,'5_5',722,,39251,16,,,0,22,,39252,16,,,0,73,,39263,16,,,0,32,,39255,16,,,0,72,,39256,16,,,0,33,,39260,16,,,0,73,,39257,16,,,0,32,,39258,16,,,0,72,,39254,16,,,0,72,,39259,16,,,0,32,,39253,16,,,0,71,,39262,16,,,0,33,,39261,16,,,0,72,,39267,16,,,0,30,,39264,16,,,0,70,,39266,16,,,0,27,,39265,16,,,0,67,,39268,16,,,0,31,,39271,16,,,0,70,,39272,16,,,0,30,,39273,16,,,0,69,,39274,16,,,0,26,,39275,16,,,0,25,,39269,16,,,0,65,,39276,16,,,0,29,,39277,16,,,0,69,,39278,16,,,0,30,,39270,16,,,0
301,'6_1',722,,39279,16,,,0,22,,39280,16,,,0,73,,39291,16,,,0,32,,39283,16,,,0,72,,39284,16,,,0,33,,39288,16,,,0,73,,39285,16,,,0,32,,39286,16,,,0,72,,39282,16,,,0,72,,39287,16,,,0,32,,39281,16,,,0,71,,39290,16,,,0,33,,39289,16,,,0,72,,39295,16,,,0,30,,39292,16,,,0,70,,39294,16,,,0,27,,39293,16,,,0,67,,39296,16,,,0,31,,39299,16,,,0,70,,39300,16,,,0,30,,39301,16,,,0,69,,39302,16,,,0,26,,39303,16,,,0,25,,39297,16,,,0,65,,39304,16,,,0,29,,39305,16,,,0,69,,39306,16,,,0,30,,39298,16,,,0
301,'6_2',722,,44006,16,,,0,22,,44007,16,,,0,73,,44018,16,,,0,32,,44010,16,,,0,72,,44011,16,,,0,33,,44015,16,,,0,73,,44012,16,,,0,32,,44013,16,,,0,72,,44009,16,,,0,72,,44014,16,,,0,32,,44008,16,,,0,71,,44017,16,,,0,33,,44016,16,,,0,72,,44022,16,,,0,30,,44019,16,,,0,70,,44021,16,,,0,27,,44020,16,,,0,67,,44023,16,,,0,31,,44026,16,,,0,70,,44027,16,,,0,30,,44028,16,,,0,69,,44029,16,,,0,26,,44030,16,,,0,25,,44024,16,,,0,65,,44031,16,,,0,29,,44032,16,,,0,69,,44033,16,,,0,30,,44025,16,,,0
301,'6_3',722,,44034,16,,,0,22,,44035,16,,,0,73,,44046,16,,,0,32,,44038,16,,,0,72,,44039,16,,,0,33,,44043,16,,,0,73,,44040,16,,,0,32,,44041,16,,,0,72,,44037,16,,,0,72,,44042,16,,,0,32,,44036,16,,,0,71,,44045,16,,,0,33,,44044,16,,,0,72,,44050,16,,,0,30,,44047,16,,,0,70,,44049,16,,,0,27,,44048,16,,,0,67,,44051,16,,,0,31,,44054,16,,,0,70,,44055,16,,,0,30,,44056,16,,,0,69,,44057,16,,,0,26,,44058,16,,,0,25,,44052,16,,,0,65,,44059,16,,,0,29,,44060,16,,,0,69,,44061,16,,,0,30,,44053,16,,,0
301,'6_4',722,,44062,16,,,0,22,,44063,16,,,0,73,,44074,16,,,0,32,,44066,16,,,0,72,,44067,16,,,0,33,,44071,16,,,0,73,,44068,16,,,0,32,,44069,16,,,0,72,,44065,16,,,0,72,,44070,16,,,0,32,,44064,16,,,0,71,,44073,16,,,0,33,,44072,16,,,0,72,,44078,16,,,0,30,,44075,16,,,0,70,,44077,16,,,0,27,,44076,16,,,0,67,,44079,16,,,0,31,,44082,16,,,0,70,,44083,16,,,0,30,,44084,16,,,0,69,,44085,16,,,0,26,,44086,16,,,0,25,,44080,16,,,0,65,,44087,16,,,0,29,,44088,16,,,0,69,,44089,16,,,0,30,,44081,16,,,0
301,'7_1',725,,46880,16,,,0,22,,46854,16,,,0,74,,46881,16,,,0,33,,46855,16,,,0,70,,46856,16,,,0,31,,46857,16,,,0,72,,46858,16,,,0,32,,46859,16,,,0,73,,46860,16,,,0,73,,46861,16,,,0,32,,46862,16,,,0,71,,46863,16,,,0,33,,46864,16,,,0,72,,46865,16,,,0,30,,46866,16,,,0,70,,46867,16,,,0,27,,46868,16,,,0,67,,46869,16,,,0,31,,46870,16,,,0,70,,46871,16,,,0,30,,46872,16,,,0,70,,46873,16,,,0,26,,46874,16,,,0,24,,46875,16,,,0,64,,46876,16,,,0,29,,46877,16,,,0,68,,46878,16,,,0,30,,46879,16,,,0
2900301,'7_1',1715,,47824,2,,,0,28,,47825,2,,,0,73,,47826,2,,,0,23,,47827,2,,,0
