1900,'0_1',636,,32934,3,,,0,16,,32935,3,,,0,84,,32940,3,,,0,21,,32939,3,,,0,974,,32936,3,,,0,110,,32938,3,0,25,0
1900,'0_2',636,,32942,3,,,0,16,,32943,3,,,0,84,,32948,3,,,0,21,,32947,3,,,0,974,,32944,3,,,0,110,,32946,3,0,25,0
1900,'0_4',636,,32950,3,,,0,16,,32951,3,,,0,84,,32956,3,,,0,21,,32955,3,,,0,974,,32952,3,,,0,110,,32954,3,0,25,0
1900,'0_5',636,,32958,3,,,0,16,,32959,3,,,0,84,,32964,3,,,0,21,,32963,3,,,0,974,,32960,3,,,0,110,,32962,3,0,25,0
1900,'1_3',636,,32966,3,,,0,16,,32967,3,,,0,84,,32973,3,,,0,21,,32972,3,,,0,582,,32971,3,,,0,392,,32968,3,,,0,110,,32970,3,0,25,0
1901,'0_1',1649,,32974,26,,,0,60,,32979,15,,,0,40,,32975,26,,,0,70,,32980,15,,,0,29,,32976,26,,,0,70,,32981,15,,,0
1901,'0_2',1649,,32983,26,,,0,60,,32988,15,,,0,40,,32984,26,,,0,70,,32989,15,,,0,29,,32985,26,,,0,70,,32990,15,,,0
1901,'0_4',1649,,32992,26,,,0,60,,32997,15,,,0,40,,32993,26,,,0,70,,32998,15,,,0,29,,32994,26,,,0,70,,32999,15,,,0
1901,'0_5',1649,,33001,26,,,0,60,,33006,15,,,0,40,,33002,26,,,0,70,,33007,15,,,0,29,,33003,26,,,0,70,,33008,15,,,0
1901,'1_3',1248,,33013,26,,,0,83,,33014,30,,,0,378,,33010,15,,,0,110,,33011,15,,,0,99,,33012,15,,,0
