400,'S2-2_1',732,,55442,34,,,0,73,,55439,34,0,40,0,510,,55434,46,0,40,0,337,,55438,34,,,0,68,,55435,46,0,40,0,27,,55430,34,0,40,0
400,'S2-2_2',732,,55467,34,,,0,73,,55464,34,0,40,0,510,,55459,46,0,40,0,337,,55463,34,,,0,68,,55460,46,0,40,0,27,,55455,34,0,40,0
400,'S2-2_3',732,,55492,34,,,0,73,,55489,34,0,40,0,510,,55484,46,0,40,0,337,,55488,34,,,0,68,,55485,46,0,40,0,27,,55480,34,0,40,0
400,'S2-2_4',732,,55517,34,,,0,73,,55514,34,0,40,0,510,,55509,46,0,40,0,337,,55513,34,,,0,68,,55510,46,0,40,0,27,,55505,34,0,40,0
400,'S2-2_5',732,,55542,34,,,0,73,,55539,34,0,40,0,510,,55534,46,0,40,0,337,,55538,34,,,0,68,,55535,46,0,40,0,27,,55530,34,0,40,0
400,'S2-3_1',732,,55567,34,,,0,73,,55564,34,0,40,0,510,,55559,46,0,40,0,337,,55563,34,,,0,68,,55560,46,0,40,0,27,,55555,34,0,40,0
400,'S2-3_3',732,,55592,34,,,0,73,,55589,34,0,40,0,510,,55584,46,0,40,0,337,,55588,34,,,0,68,,55585,46,0,40,0,27,,55580,34,0,40,0
400,'S2-3_4',732,,55617,34,,,0,73,,55614,34,0,40,0,510,,55609,46,0,40,0,337,,55613,34,,,0,68,,55610,46,0,40,0,27,,55605,34,0,40,0
401,'S2-2_1',700,,55667,25,,,0,15,,55668,19,0,41,0,39,,55679,19,0,41,0,472,,55674,19,0,41,0,416,,55669,19,,,0,69,,55670,22,0,41,0,103,,55671,19,0,41,0
401,'S2-2_2',700,,55693,25,,,0,15,,55694,19,0,41,0,39,,55705,19,0,41,0,472,,55700,19,0,41,0,416,,55695,19,,,0,69,,55696,22,0,41,0,103,,55697,19,0,41,0
401,'S2-2_3',700,,55719,25,,,0,15,,55720,19,0,41,0,39,,55731,19,0,41,0,472,,55726,19,0,41,0,416,,55721,19,,,0,69,,55722,22,0,41,0,103,,55723,19,0,41,0
401,'S2-2_4',700,,55745,25,,,0,15,,55746,19,0,41,0,39,,55757,19,0,41,0,472,,55752,19,0,41,0,416,,55747,19,,,0,69,,55748,22,0,41,0,103,,55749,19,0,41,0
401,'S2-2_5',700,,55771,25,,,0,15,,55772,19,0,41,0,39,,55783,19,0,41,0,472,,55778,19,0,41,0,416,,55773,19,,,0,69,,55774,22,0,41,0,103,,55775,19,0,41,0
401,'S2-3_1',700,,55797,25,,,0,15,,55798,19,0,41,0,39,,55809,19,0,41,0,472,,55804,19,0,41,0,416,,55799,19,,,0,69,,55800,22,0,41,0,103,,55801,19,0,41,0
401,'S2-3_3',700,,55823,25,,,0,15,,55824,19,0,41,0,39,,55835,19,0,41,0,472,,55830,19,0,41,0,416,,55825,19,,,0,69,,55826,22,0,41,0,103,,55827,19,0,41,0
401,'S2-3_4',700,,55849,25,,,0,15,,55850,19,0,41,0,39,,55861,19,0,41,0,472,,55856,19,0,41,0,416,,55851,19,,,0,69,,55852,22,0,41,0,103,,55853,19,0,41,0
