3000000,'1_3',628,,51336,4,,,0,19,,51335,4,,,0,59,,51295,4,,,0,21,,51296,4,,,0,21,,51297,4,,,0,59,,51298,4,,,0,20,,51299,4,,,0,22,,51300,4,,,0,60,,51301,4,,,0,20,,51302,4,,,0,21,,51303,4,,,0,58,,51304,4,,,0,21,,51305,4,,,0,20,,51306,4,,,0,59,,51307,4,,,0,20,,51308,4,,,0,21,,51309,4,,,0,60,,51310,4,,,0,22,,51311,4,,,0,19,,51312,4,,,0,60,,51313,4,,,0,18,,51314,4,,,0,20,,51315,4,,,0,61,,51316,4,,,0,20,,51317,4,,,0,20,,51318,4,,,0,60,,51319,4,,,0,19,,51320,4,,,0,19,,51321,4,,,0,57,,51322,4,,,0,19,,51323,4,,,0,18,,51324,4,,,0,60,,51325,4,,,0,20,,51326,4,,,0,23,,51327,4,,,0,61,,51328,4,,,0,21,,51329,4,,,0,21,,51330,4,,,0,60,,51331,4,,,0,30,,51332,4,,,0,73,,51333,4,,,0,34,,51334,4,,,0
3000000,'2_6',633,,36384,4,,,0,81,,36385,4,,,0,41,,36386,4,,,0,69,,36387,4,,,0,20,,36388,4,,,0,60,,36389,4,,,0,20,,36390,4,,,0,20,,36391,4,,,0,60,,36392,4,,,0,20,,36393,4,,,0,20,,36394,4,,,0,60,,36395,4,,,0,20,,36396,4,,,0,20,,36397,4,,,0,60,,36398,4,,,0,19,,36399,4,,,0,20,,36400,4,,,0,60,,36401,4,,,0,20,,36402,4,,,0,20,,36403,4,,,0,61,,36404,4,,,0,20,,36405,4,,,0,20,,36406,4,,,0,60,,36407,4,,,0,20,,36408,4,,,0,20,,36409,4,,,0,60,,36410,4,,,0,20,,36411,4,,,0,20,,36412,4,,,0,60,,36413,4,,,0,20,,36414,4,,,0,20,,36415,4,,,0,60,,36416,4,,,0,20,,36417,4,,,0,19,,36418,4,,,0,70,,36419,4,,,0,30,,36420,4,,,0,70,,36421,4,,,0,30,,36422,4,,,0
3000000,'3_7',753,,36423,4,,,0,170,,36424,4,,,0,130,,36425,4,,,0,170,,36426,4,,,0,130,,36427,4,,,0,170,,36428,4,,,0,130,,36429,4,,,0,169,,36430,4,,,0,130,,36431,4,,,0
3000000,'4_7',753,,47850,4,,,0,170,,47851,4,,,0,130,,47858,4,,,0,170,,47857,4,,,0,130,,47856,4,,,0,170,,47854,4,,,0,130,,47855,4,,,0,169,,47853,4,,,0,130,,47852,4,,,0
3000000,'6_2',629,,46147,4,,,0,20,,46146,4,,,0,60,,46106,4,,,0,20,,46107,4,,,0,20,,46108,4,,,0,60,,46109,4,,,0,19,,46110,4,,,0,21,,46111,4,,,0,60,,46112,4,,,0,19,,46113,4,,,0,21,,46114,4,,,0,60,,46115,4,,,0,20,,46116,4,,,0,21,,46117,4,,,0,60,,46118,4,,,0,20,,46119,4,,,0,20,,46120,4,,,0,59,,46121,4,,,0,20,,46122,4,,,0,20,,46123,4,,,0,61,,46124,4,,,0,20,,46125,4,,,0,20,,46126,4,,,0,60,,46127,4,,,0,19,,46128,4,,,0,20,,46129,4,,,0,60,,46130,4,,,0,20,,46131,4,,,0,20,,46132,4,,,0,59,,46133,4,,,0,20,,46134,4,,,0,21,,46135,4,,,0,60,,46136,4,,,0,21,,46137,4,,,0,20,,46138,4,,,0,61,,46139,4,,,0,19,,46140,4,,,0,19,,46141,4,,,0,58,,46142,4,,,0,29,,46143,4,,,0,73,,46144,4,,,0,34,,46145,4,,,0
3000000,'6_3',629,,46189,4,,,0,20,,46188,4,,,0,60,,46148,4,,,0,20,,46149,4,,,0,20,,46150,4,,,0,60,,46151,4,,,0,19,,46152,4,,,0,21,,46153,4,,,0,60,,46154,4,,,0,19,,46155,4,,,0,21,,46156,4,,,0,60,,46157,4,,,0,20,,46158,4,,,0,21,,46159,4,,,0,60,,46160,4,,,0,20,,46161,4,,,0,20,,46162,4,,,0,59,,46163,4,,,0,20,,46164,4,,,0,20,,46165,4,,,0,61,,46166,4,,,0,20,,46167,4,,,0,20,,46168,4,,,0,60,,46169,4,,,0,19,,46170,4,,,0,20,,46171,4,,,0,60,,46172,4,,,0,20,,46173,4,,,0,20,,46174,4,,,0,59,,46175,4,,,0,20,,46176,4,,,0,21,,46177,4,,,0,60,,46178,4,,,0,21,,46179,4,,,0,20,,46180,4,,,0,61,,46181,4,,,0,19,,46182,4,,,0,19,,46183,4,,,0,58,,46184,4,,,0,29,,46185,4,,,0,73,,46186,4,,,0,34,,46187,4,,,0
3000000,'6_4',629,,46231,4,,,0,20,,46230,4,,,0,60,,46190,4,,,0,20,,46191,4,,,0,20,,46192,4,,,0,60,,46193,4,,,0,19,,46194,4,,,0,21,,46195,4,,,0,60,,46196,4,,,0,19,,46197,4,,,0,21,,46198,4,,,0,60,,46199,4,,,0,20,,46200,4,,,0,21,,46201,4,,,0,60,,46202,4,,,0,20,,46203,4,,,0,20,,46204,4,,,0,59,,46205,4,,,0,20,,46206,4,,,0,20,,46207,4,,,0,61,,46208,4,,,0,20,,46209,4,,,0,20,,46210,4,,,0,60,,46211,4,,,0,19,,46212,4,,,0,20,,46213,4,,,0,60,,46214,4,,,0,20,,46215,4,,,0,20,,46216,4,,,0,59,,46217,4,,,0,20,,46218,4,,,0,21,,46219,4,,,0,60,,46220,4,,,0,21,,46221,4,,,0,20,,46222,4,,,0,61,,46223,4,,,0,19,,46224,4,,,0,19,,46225,4,,,0,58,,46226,4,,,0,29,,46227,4,,,0,73,,46228,4,,,0,34,,46229,4,,,0
3000000,'7_1',628,,47906,4,,,0,19,,47905,4,,,0,59,,47865,4,,,0,21,,47866,4,,,0,21,,47867,4,,,0,59,,47868,4,,,0,20,,47869,4,,,0,22,,47870,4,,,0,60,,47871,4,,,0,20,,47872,4,,,0,21,,47873,4,,,0,58,,47874,4,,,0,21,,47875,4,,,0,20,,47876,4,,,0,59,,47877,4,,,0,20,,47878,4,,,0,21,,47879,4,,,0,60,,47880,4,,,0,22,,47881,4,,,0,19,,47882,4,,,0,60,,47883,4,,,0,18,,47884,4,,,0,20,,47885,4,,,0,61,,47886,4,,,0,20,,47887,4,,,0,20,,47888,4,,,0,60,,47889,4,,,0,19,,47890,4,,,0,19,,47891,4,,,0,57,,47892,4,,,0,19,,47893,4,,,0,18,,47894,4,,,0,60,,47895,4,,,0,20,,47896,4,,,0,23,,47897,4,,,0,61,,47898,4,,,0,21,,47899,4,,,0,21,,47900,4,,,0,60,,47901,4,,,0,30,,47902,4,,,0,73,,47903,4,,,0,34,,47904,4,,,0
3000000,'7_2',628,,51382,4,,,0,19,,51381,4,,,0,59,,51341,4,,,0,21,,51342,4,,,0,21,,51343,4,,,0,59,,51344,4,,,0,20,,51345,4,,,0,22,,51346,4,,,0,60,,51347,4,,,0,20,,51348,4,,,0,21,,51349,4,,,0,58,,51350,4,,,0,21,,51351,4,,,0,20,,51352,4,,,0,59,,51353,4,,,0,20,,51354,4,,,0,21,,51355,4,,,0,60,,51356,4,,,0,22,,51357,4,,,0,19,,51358,4,,,0,60,,51359,4,,,0,18,,51360,4,,,0,20,,51361,4,,,0,61,,51362,4,,,0,20,,51363,4,,,0,20,,51364,4,,,0,60,,51365,4,,,0,19,,51366,4,,,0,19,,51367,4,,,0,57,,51368,4,,,0,19,,51369,4,,,0,18,,51370,4,,,0,60,,51371,4,,,0,20,,51372,4,,,0,23,,51373,4,,,0,61,,51374,4,,,0,21,,51375,4,,,0,21,,51376,4,,,0,60,,51377,4,,,0,30,,51378,4,,,0,73,,51379,4,,,0,34,,51380,4,,,0
3000000,'7_4',628,,51428,4,,,0,19,,51427,4,,,0,59,,51387,4,,,0,21,,51388,4,,,0,21,,51389,4,,,0,59,,51390,4,,,0,20,,51391,4,,,0,22,,51392,4,,,0,60,,51393,4,,,0,20,,51394,4,,,0,21,,51395,4,,,0,58,,51396,4,,,0,21,,51397,4,,,0,20,,51398,4,,,0,59,,51399,4,,,0,20,,51400,4,,,0,21,,51401,4,,,0,60,,51402,4,,,0,22,,51403,4,,,0,19,,51404,4,,,0,60,,51405,4,,,0,18,,51406,4,,,0,20,,51407,4,,,0,61,,51408,4,,,0,20,,51409,4,,,0,20,,51410,4,,,0,60,,51411,4,,,0,19,,51412,4,,,0,19,,51413,4,,,0,57,,51414,4,,,0,19,,51415,4,,,0,18,,51416,4,,,0,60,,51417,4,,,0,20,,51418,4,,,0,23,,51419,4,,,0,61,,51420,4,,,0,21,,51421,4,,,0,21,,51422,4,,,0,60,,51423,4,,,0,30,,51424,4,,,0,73,,51425,4,,,0,34,,51426,4,,,0
3000000,'8_7',753,,52029,4,,,0,170,,52030,4,,,0,130,,52037,4,,,0,170,,52036,4,,,0,130,,52035,4,,,0,170,,52033,4,,,0,130,,52034,4,,,0,169,,52032,4,,,0,130,,52031,4,,,0
