100,'2509-HIV-25j05H-d-Dimanche-00',931,,8077,0,46,0,105,,8082,0,46,0,106,,8078,0,46,0,104,,8083,0,46,0,90,,8079,0,46,0,100,,8084,0,46,0,105,,8080,0,46,0,105,,8085,0,46,0,105,,8081,0,46,0,105,,8086,0,46,0
100,'2509-HIV-25j26H-d-Dimanche-00',931,,8091,0,46,0,105,,8096,0,46,0,106,,8092,0,46,0,104,,8097,0,46,0,90,,8093,0,46,0,100,,8098,0,46,0,105,,8094,0,46,0,105,,8099,0,46,0,105,,8095,0,46,0,105,,8100,0,46,0
100,'2509-HIV-25k03H-s-Samedi-00',727,,8105,0,46,0,110,,8117,0,46,0,95,,8106,0,46,0,71,,8118,0,46,0,30,,8107,0,46,0,72,,8119,0,46,0,30,,8108,0,46,0,69,,8120,0,46,0,31,,8109,0,46,0,68,,8121,0,46,0,30,,8110,0,46,0,70,,8122,0,46,0,30,,8111,0,46,0,71,,8123,0,46,0,29,,8112,0,46,0,71,,8124,0,46,0,31,,8113,0,46,0,71,,8125,0,46,0,33,,8114,0,46,0,68,,8126,0,46,0,29,,8115,0,46,0,71,,8127,0,46,0,29,,8116,0,46,0
100,'2509-HIV-25l22Vlv-Semaine-00',727,,8142,,,0,15,,8139,0,46,0,15,,8143,0,46,0,56,,8130,,,0,15,,8149,0,46,0,30,,8144,0,46,0,65,,8131,0,46,0,80,,8145,0,46,0,40,,8132,0,46,0,80,,8146,0,46,0,35,,8133,0,46,0,60,,8150,,,0,25,,8151,,,0,70,,8134,0,46,0,25,,8147,0,46,0,65,,8135,0,46,0,32,,8148,0,46,0,78,,8136,0,46,0,31,,8152,0,46,0,71,,8141,0,46,0,25,,8153,,,0,75,,8137,,,0,31,,8154,,,0,69,,8138,,,0,28,,8128,,,0,74,,8155,0,46,0,25,,8129,,,0
100,'2509-HIV-26a05H-s-Samedi-00',727,,8156,0,46,0,110,,8168,0,46,0,95,,8157,0,46,0,71,,8169,0,46,0,30,,8158,0,46,0,72,,8170,0,46,0,30,,8159,0,46,0,69,,8171,0,46,0,31,,8160,0,46,0,68,,8172,0,46,0,30,,8161,0,46,0,70,,8173,0,46,0,30,,8162,0,46,0,71,,8174,0,46,0,29,,8163,0,46,0,71,,8175,0,46,0,31,,8164,0,46,0,71,,8176,0,46,0,33,,8165,0,46,0,68,,8177,0,46,0,29,,8166,0,46,0,71,,8178,0,46,0,29,,8167,0,46,0
100,'2509-HIV-26a05H-w-Mercredi-00',729,,8193,0,46,0,15,,8190,0,46,0,15,,8194,0,46,0,53,,8181,,,0,16,,8200,0,46,0,29,,8195,0,46,0,67,,8182,0,46,0,78,,8196,0,46,0,38,,8183,0,46,0,80,,8197,0,46,0,80,,8184,0,46,0,18,,8201,,,0,23,,8202,,,0,71,,8185,0,46,0,25,,8198,0,46,0,65,,8186,0,46,0,35,,8199,0,46,0,81,,8187,0,46,0,26,,8203,,,0,77,,8192,0,46,0,20,,8204,,,0,15,,8209,0,46,0,64,,8205,,,0,11,,8188,0,46,0,17,,8206,,,0,57,,8189,0,46,0,13,,8207,,,0,24,,8179,,,0,74,,8208,0,46,0,35,,8180,,,0
100,'2509-HIV-26a05H-w-Mercredi-00-0010000',1238,,8212,,,0
100,'2509-HIV-26a05Hlv-L-Ma-J-V-00',729,,8227,0,46,0,15,,8224,0,46,0,15,,8228,0,46,0,53,,8215,,,0,16,,8234,0,46,0,29,,8229,0,46,0,67,,8216,0,46,0,78,,8230,0,46,0,38,,8217,0,46,0,80,,8231,0,46,0,80,,8218,0,46,0,18,,8235,,,0,23,,8236,,,0,71,,8219,0,46,0,25,,8232,0,46,0,65,,8220,0,46,0,35,,8233,0,46,0,81,,8221,0,46,0,26,,8237,,,0,77,,8226,0,46,0,20,,8238,,,0,15,,8243,0,46,0,64,,8239,,,0,11,,8222,0,46,0,17,,8240,,,0,57,,8223,0,46,0,13,,8241,,,0,24,,8213,,,0,74,,8242,0,46,0,35,,8214,,,0
100,'2509-HIV-26a05Hlv-L-Ma-J-V-00-1101100',1743,,8246,,,0,81,,8247,,,0
100,'2509-HIV-26b23Vlv-Semaine-00',727,,8262,,,0,15,,8259,0,46,0,15,,8263,0,46,0,56,,8250,,,0,15,,8269,0,46,0,30,,8264,0,46,0,65,,8251,0,46,0,80,,8265,0,46,0,40,,8252,0,46,0,80,,8266,0,46,0,35,,8253,0,46,0,60,,8270,,,0,25,,8271,,,0,70,,8254,0,46,0,25,,8267,0,46,0,65,,8255,0,46,0,32,,8268,0,46,0,78,,8256,0,46,0,31,,8272,0,46,0,71,,8261,0,46,0,25,,8273,,,0,75,,8257,,,0,31,,8274,,,0,69,,8258,,,0,28,,8248,,,0,74,,8275,0,46,0,25,,8249,,,0
100,'2509-HIV-26c02Vlv-Semaine-00',727,,8290,,,0,15,,8287,0,46,0,15,,8291,0,46,0,56,,8278,,,0,15,,8297,0,46,0,30,,8292,0,46,0,65,,8279,0,46,0,80,,8293,0,46,0,40,,8280,0,46,0,80,,8294,0,46,0,35,,8281,0,46,0,60,,8298,,,0,25,,8299,,,0,70,,8282,0,46,0,25,,8295,0,46,0,65,,8283,0,46,0,32,,8296,0,46,0,78,,8284,0,46,0,31,,8300,0,46,0,71,,8289,0,46,0,25,,8301,,,0,75,,8285,,,0,31,,8302,,,0,69,,8286,,,0,28,,8276,,,0,74,,8303,0,46,0,25,,8277,,,0
