1500,'25j05H-Dimanche',857,,3141,0,48,0,276,,3142,0,48,0,300,,3143,0,48,0,368,,3144,0,48,0
1500,'25j26H-Dimanche',857,,3145,0,48,0,276,,3146,0,48,0,300,,3147,0,48,0,368,,3148,0,48,0
1500,'26a05H-Samedi',743,,3176,0,48,0,61,,3177,0,48,0,114,,3178,0,48,0,117,,3179,0,48,0,118,,3180,0,48,0,80,,3181,0,48,0,75,,3182,0,48,0,97,,3183,0,48,0,222,,3184,0,48,0,109,,3185,0,48,0,98,,3186,0,48,0,110,,3187,0,48,0
1500,'26a05H-Mercredi',743,,3189,0,48,0,61,,3190,0,48,0,114,,3191,0,48,0,117,,3192,0,48,0,118,,3193,0,48,0,80,,3194,0,48,0,75,,3195,0,48,0,97,,3196,0,48,0,222,,3197,0,48,0,109,,3198,0,48,0,98,,3199,0,48,0,110,,3200,0,48,0
1500,'26a05H-L-Ma-J-V',743,,3202,0,48,0,61,,3203,0,48,0,114,,3204,0,48,0,117,,3205,0,48,0,118,,3206,0,48,0,80,,3207,0,48,0,75,,3208,0,48,0,97,,3209,0,48,0,222,,3210,0,48,0,109,,3211,0,48,0,98,,3212,0,48,0,110,,3213,0,48,0
1500,'26b23V-Semaine',743,,3215,0,48,0,61,,3216,0,48,0,114,,3217,0,48,0,117,,3218,0,48,0,118,,3219,0,48,0,80,,3220,0,48,0,75,,3221,0,48,0,97,,3222,0,48,0,222,,3223,0,48,0,109,,3224,0,48,0,98,,3225,0,48,0,110,,3226,0,48,0
1500,'26c02V-Semaine',743,,3228,0,48,0,61,,3229,0,48,0,114,,3230,0,48,0,117,,3231,0,48,0,118,,3232,0,48,0,80,,3233,0,48,0,75,,3234,0,48,0,97,,3235,0,48,0,222,,3236,0,48,0,109,,3237,0,48,0,98,,3238,0,48,0,110,,3239,0,48,0
1501,'25j05H-Dimanche',806,,3240,,,0,235,,3241,,,0,300,,3242,,,0,364,,3243,,,0
1501,'25j26H-Dimanche',806,,3244,,,0,235,,3245,,,0,300,,3246,,,0,364,,3247,,,0
1501,'26a05H-Samedi',653,,3275,,,0,58,,3276,,,0,95,,3277,,,0,21,,3278,,,0,117,,3279,,,0,156,,3280,,,0,118,,3281,,,0,94,,3282,,,0,118,,3283,,,0,222,,3284,,,0,150,,3285,,,0,55,,3286,,,0
1501,'26a05H-Mercredi',653,,3288,,,0,58,,3289,,,0,95,,3290,,,0,21,,3291,,,0,117,,3292,,,0,156,,3293,,,0,118,,3294,,,0,94,,3295,,,0,118,,3296,,,0,222,,3297,,,0,150,,3298,,,0,55,,3299,,,0
1501,'26a05H-L-Ma-J-V',653,,3301,,,0,58,,3302,,,0,95,,3303,,,0,21,,3304,,,0,117,,3305,,,0,156,,3306,,,0,118,,3307,,,0,94,,3308,,,0,118,,3309,,,0,222,,3310,,,0,150,,3311,,,0,55,,3312,,,0
1501,'26b23V-Semaine',653,,3314,,,0,58,,3315,,,0,95,,3316,,,0,21,,3317,,,0,117,,3318,,,0,156,,3319,,,0,118,,3320,,,0,94,,3321,,,0,118,,3322,,,0,222,,3323,,,0,150,,3324,,,0,55,,3325,,,0
1501,'26c02V-Semaine',653,,3327,,,0,58,,3328,,,0,95,,3329,,,0,21,,3330,,,0,117,,3331,,,0,156,,3332,,,0,118,,3333,,,0,94,,3334,,,0,118,,3335,,,0,222,,3336,,,0,150,,3337,,,0,55,,3338,,,0
