201,'1_6',800,,15447,43,0,22,0,119,,15436,31,0,22,0,126,,15449,43,0,22,0,110,,15450,43,4,,0,85,,15439,31,0,22,0,107,,15440,31,0,22,0,105,,15441,31,0,22,0,90,,15430,43,0,22,0,102,,15431,43,0,22,0,165,,15444,31,0,22,0,123,,15457,43,0,22,0,72,,15446,31,0,22,0
201,'5_1',755,,15480,43,0,22,0,88,,15489,31,0,22,0,88,,15490,43,0,22,0,202,,15482,43,0,22,0,118,,15483,43,0,22,0,60,,15502,22,0,22,0,116,,15504,43,0,22,0,186,,15473,43,0,22,0,87,,15500,22,0,22,0,31,,15499,43,0,22,0,75,,15486,31,0,22,0,25,,15474,43,0,22,0,28,,15497,31,0,22,0,68,,15487,43,0,22,0,80,,15488,43,0,22,0
201,'5_2',755,,15519,43,0,22,0,88,,15528,31,0,22,0,88,,15529,43,0,22,0,202,,15521,43,0,22,0,118,,15522,43,0,22,0,60,,15541,22,0,22,0,116,,15543,43,0,22,0,186,,15512,43,0,22,0,87,,15539,22,0,22,0,31,,15538,43,0,22,0,75,,15525,31,0,22,0,25,,15513,43,0,22,0,28,,15536,31,0,22,0,68,,15526,43,0,22,0,80,,15527,43,0,22,0
201,'5_4',755,,15558,43,0,22,0,88,,15567,31,0,22,0,88,,15568,43,0,22,0,202,,15560,43,0,22,0,118,,15561,43,0,22,0,60,,15580,22,0,22,0,116,,15582,43,0,22,0,186,,15551,43,0,22,0,87,,15578,22,0,22,0,31,,15577,43,0,22,0,75,,15564,31,0,22,0,25,,15552,43,0,22,0,28,,15575,31,0,22,0,68,,15565,43,0,22,0,80,,15566,43,0,22,0
201,'5_5',755,,15597,43,0,22,0,88,,15606,31,0,22,0,88,,15607,43,0,22,0,202,,15599,43,0,22,0,118,,15600,43,0,22,0,60,,15619,22,0,22,0,116,,15621,43,0,22,0,186,,15590,43,0,22,0,87,,15617,22,0,22,0,31,,15616,43,0,22,0,75,,15603,31,0,22,0,25,,15591,43,0,22,0,28,,15614,31,0,22,0,68,,15604,43,0,22,0,80,,15605,43,0,22,0
201,'6_3',755,,15636,43,0,22,0,88,,15645,31,0,22,0,88,,15646,43,0,22,0,202,,15638,43,0,22,0,118,,15639,43,0,22,0,60,,15658,22,0,22,0,116,,15661,43,0,22,0,186,,15629,43,0,22,0,87,,15656,22,0,22,0,31,,15655,43,0,22,0,75,,15642,31,0,22,0,25,,15630,43,0,22,0,28,,15653,31,0,22,0,68,,15643,43,0,22,0,80,,15644,43,0,22,0
2900201,'5_1',1805,,20884,7,,,0,98,,20885,7,,,0
2900201,'5_2',1805,,20886,7,,,0,98,,20887,7,,,0
2900201,'5_4',1805,,20888,7,,,0,98,,20889,7,,,0
2900201,'5_5',1805,,20890,7,,,0,98,,20891,7,,,0
2900201,'6_3',1805,,20892,7,,,0,98,,20893,7,,,0
