601,'0_6',617,,65847,14,,,0,103,,65848,14,,,0,35,,65849,14,,,0,99,,65850,14,,,0,91,,65851,14,,,0,101,,65852,14,,,0,84,,65853,14,,,0,98,,65854,14,,,0,78,,65862,14,,,0,95,,65863,14,0,69,0,43,,65855,14,,,0,87,,65856,14,,,0,94,,65857,14,,,0,91,,65858,14,,,0,91,,65859,14,,,0,50,,65860,14,,,0,86,,65861,14,,,0
601,'1_7',822,,65864,14,0,69,0,105,,65865,14,0,69,0,115,,65866,14,0,69,0,158,,65867,14,0,69,0,157,,65868,14,0,69,0,162,,65869,14,0,69,0,111,,65870,14,0,69,0,106,,65871,14,0,69,0,108,,65872,14,0,69,0
601,'2_1',617,,65873,14,,,0,103,,65874,14,,,0,35,,65875,14,,,0,99,,65876,14,,,0,91,,65877,14,,,0,101,,65878,14,,,0,84,,65879,14,,,0,98,,65880,14,,,0,78,,65888,14,,,0,95,,65889,14,0,69,0,43,,65881,14,,,0,87,,65882,14,,,0,94,,65883,14,,,0,91,,65884,14,,,0,91,,65885,14,,,0,50,,65886,14,,,0,86,,65887,14,,,0
601,'2_2',617,,65890,14,,,0,103,,65891,14,,,0,35,,65892,14,,,0,99,,65893,14,,,0,91,,65894,14,,,0,101,,65895,14,,,0,84,,65896,14,,,0,98,,65897,14,,,0,78,,65905,14,,,0,95,,65906,14,0,69,0,43,,65898,14,,,0,87,,65899,14,,,0,94,,65900,14,,,0,91,,65901,14,,,0,91,,65902,14,,,0,50,,65903,14,,,0,86,,65904,14,,,0
601,'2_3',617,,65907,14,,,0,103,,65908,14,,,0,35,,65909,14,,,0,99,,65910,14,,,0,91,,65911,14,,,0,101,,65912,14,,,0,84,,65913,14,,,0,98,,65914,14,,,0,78,,65922,14,,,0,95,,65923,14,0,69,0,43,,65915,14,,,0,87,,65916,14,,,0,94,,65917,14,,,0,91,,65918,14,,,0,91,,65919,14,,,0,50,,65920,14,,,0,86,,65921,14,,,0
601,'2_4',617,,65924,14,,,0,103,,65925,14,,,0,35,,65926,14,,,0,99,,65927,14,,,0,91,,65928,14,,,0,101,,65929,14,,,0,84,,65930,14,,,0,98,,65931,14,,,0,78,,65939,14,,,0,95,,65940,14,0,69,0,43,,65932,14,,,0,87,,65933,14,,,0,94,,65934,14,,,0,91,,65935,14,,,0,91,,65936,14,,,0,50,,65937,14,,,0,86,,65938,14,,,0
601,'2_5',617,,65941,14,,,0,103,,65942,14,,,0,35,,65943,14,,,0,99,,65944,14,,,0,91,,65945,14,,,0,101,,65946,14,,,0,84,,65947,14,,,0,98,,65948,14,,,0,78,,65956,14,,,0,95,,65957,14,0,69,0,43,,65949,14,,,0,87,,65950,14,,,0,94,,65951,14,,,0,91,,65952,14,,,0,91,,65953,14,,,0,50,,65954,14,,,0,86,,65955,14,,,0
601,'3_1',617,,65958,14,,,0,103,,65959,14,,,0,35,,65960,14,,,0,99,,65961,14,,,0,91,,65962,14,,,0,101,,65963,14,,,0,84,,65964,14,,,0,98,,65965,14,,,0,78,,65973,14,,,0,95,,65974,14,0,69,0,43,,65966,14,,,0,87,,65967,14,,,0,94,,65968,14,,,0,91,,65969,14,,,0,91,,65970,14,,,0,50,,65971,14,,,0,86,,65972,14,,,0
601,'3_3',617,,65975,14,,,0,103,,65976,14,,,0,35,,65977,14,,,0,99,,65978,14,,,0,91,,65979,14,,,0,101,,65980,14,,,0,84,,65981,14,,,0,98,,65982,14,,,0,78,,65990,14,,,0,95,,65991,14,0,69,0,43,,65983,14,,,0,87,,65984,14,,,0,94,,65985,14,,,0,91,,65986,14,,,0,91,,65987,14,,,0,50,,65988,14,,,0,86,,65989,14,,,0
601,'3_4',617,,65992,14,,,0,103,,65993,14,,,0,35,,65994,14,,,0,99,,65995,14,,,0,91,,65996,14,,,0,101,,65997,14,,,0,84,,65998,14,,,0,98,,65999,14,,,0,78,,66007,14,,,0,95,,66008,14,0,69,0,43,,66000,14,,,0,87,,66001,14,,,0,94,,66002,14,,,0,91,,66003,14,,,0,91,,66004,14,,,0,50,,66005,14,,,0,86,,66006,14,,,0
601,'3_5',617,,66009,14,,,0,103,,66010,14,,,0,35,,66011,14,,,0,99,,66012,14,,,0,91,,66013,14,,,0,101,,66014,14,,,0,84,,66015,14,,,0,98,,66016,14,,,0,78,,66024,14,,,0,95,,66025,14,0,69,0,43,,66017,14,,,0,87,,66018,14,,,0,94,,66019,14,,,0,91,,66020,14,,,0,91,,66021,14,,,0,50,,66022,14,,,0,86,,66023,14,,,0
601,'4_7',822,,66026,14,0,69,0,105,,66027,14,0,69,0,115,,66028,14,0,69,0,158,,66029,14,0,69,0,157,,66030,14,0,69,0,162,,66031,14,0,69,0,111,,66032,14,0,69,0,106,,66033,14,0,69,0,108,,66034,14,0,69,0
