401,'0_6',728,,65084,41,,,0,125,,65083,41,0,41,0,70,,65081,41,,,0,23,,65070,41,0,41,0,72,,65082,41,0,41,0,31,,65071,41,0,41,0,75,,65077,41,,,0,26,,65072,41,0,41,0,73,,65073,41,0,41,0,32,,65089,41,0,41,0,72,,65091,41,,,0,32,,65078,41,0,41,0,69,,65069,41,0,41,0,28,,65074,41,0,41,0,68,,65079,41,,,0,27,,65075,41,0,41,0,70,,65092,41,0,41,0,31,,65088,41,0,41,0,66,,65085,41,,,0,25,,65086,41,0,41,0,66,,65090,41,,,0,35,,65087,41,0,41,0,75,,65076,41,0,41,0,34,,65080,41,,,0
401,'1_7',1002,,65093,41,,,0,125,,65094,41,,,0,125,,65095,41,,,0,201,,65096,41,,,0,165,,65097,41,,,0,125,,65098,41,,,0,165,,65099,41,,,0
401,'2_1',728,,65110,49,,,0,16,,65111,43,0,41,0,79,,65122,43,0,41,0,35,,65101,44,0,41,0,65,,65123,41,,,0,26,,65102,41,0,41,0,69,,65124,41,0,41,0,31,,65103,41,0,41,0,75,,65118,41,,,0,30,,65104,41,0,41,0,70,,65105,41,0,41,0,32,,65117,43,0,41,0,76,,65115,44,,,0,70,,65119,41,0,41,0,26,,65100,41,0,41,0,28,,65106,41,0,41,0,68,,65120,41,,,0,25,,65107,41,0,41,0,72,,65108,41,,,0,25,,65116,44,0,41,0,68,,65112,43,,,0,29,,65113,46,0,41,0,78,,65125,44,,,0,23,,65114,43,0,41,0,70,,65109,41,0,41,0,37,,65121,41,,,0
401,'2_2',728,,65136,49,,,0,16,,65137,43,0,41,0,79,,65148,43,0,41,0,35,,65127,44,0,41,0,65,,65149,41,,,0,26,,65128,41,0,41,0,69,,65150,41,0,41,0,31,,65129,41,0,41,0,75,,65144,41,,,0,30,,65130,41,0,41,0,70,,65131,41,0,41,0,32,,65143,43,0,41,0,76,,65141,44,,,0,70,,65145,41,0,41,0,26,,65126,41,0,41,0,28,,65132,41,0,41,0,68,,65146,41,,,0,25,,65133,41,0,41,0,72,,65134,41,,,0,25,,65142,44,0,41,0,68,,65138,43,,,0,29,,65139,46,0,41,0,78,,65151,44,,,0,23,,65140,43,0,41,0,70,,65135,41,0,41,0,37,,65147,41,,,0
401,'2_3',728,,65162,49,,,0,16,,65163,43,0,41,0,79,,65174,43,0,41,0,35,,65153,44,0,41,0,65,,65175,41,,,0,26,,65154,41,0,41,0,69,,65176,41,0,41,0,31,,65155,41,0,41,0,75,,65170,41,,,0,30,,65156,41,0,41,0,70,,65157,41,0,41,0,32,,65169,43,0,41,0,76,,65167,44,,,0,70,,65171,41,0,41,0,26,,65152,41,0,41,0,28,,65158,41,0,41,0,68,,65172,41,,,0,25,,65159,41,0,41,0,72,,65160,41,,,0,25,,65168,44,0,41,0,68,,65164,43,,,0,29,,65165,46,0,41,0,78,,65177,44,,,0,23,,65166,43,0,41,0,70,,65161,41,0,41,0,37,,65173,41,,,0
401,'2_4',728,,65188,49,,,0,16,,65189,43,0,41,0,79,,65200,43,0,41,0,35,,65179,44,0,41,0,65,,65201,41,,,0,26,,65180,41,0,41,0,69,,65202,41,0,41,0,31,,65181,41,0,41,0,75,,65196,41,,,0,30,,65182,41,0,41,0,70,,65183,41,0,41,0,32,,65195,43,0,41,0,76,,65193,44,,,0,70,,65197,41,0,41,0,26,,65178,41,0,41,0,28,,65184,41,0,41,0,68,,65198,41,,,0,25,,65185,41,0,41,0,72,,65186,41,,,0,25,,65194,44,0,41,0,68,,65190,43,,,0,29,,65191,46,0,41,0,78,,65203,44,,,0,23,,65192,43,0,41,0,70,,65187,41,0,41,0,37,,65199,41,,,0
401,'2_5',728,,65214,49,,,0,16,,65215,43,0,41,0,79,,65226,43,0,41,0,35,,65205,44,0,41,0,65,,65227,41,,,0,26,,65206,41,0,41,0,69,,65228,41,0,41,0,31,,65207,41,0,41,0,75,,65222,41,,,0,30,,65208,41,0,41,0,70,,65209,41,0,41,0,32,,65221,43,0,41,0,76,,65219,44,,,0,70,,65223,41,0,41,0,26,,65204,41,0,41,0,28,,65210,41,0,41,0,68,,65224,41,,,0,25,,65211,41,0,41,0,72,,65212,41,,,0,25,,65220,44,0,41,0,68,,65216,43,,,0,29,,65217,46,0,41,0,78,,65229,44,,,0,23,,65218,43,0,41,0,70,,65213,41,0,41,0,37,,65225,41,,,0
401,'3_1',728,,65240,49,,,0,16,,65241,43,0,41,0,79,,65252,43,0,41,0,35,,65231,44,0,41,0,65,,65253,41,,,0,26,,65232,41,0,41,0,69,,65254,41,0,41,0,31,,65233,41,0,41,0,75,,65248,41,,,0,30,,65234,41,0,41,0,70,,65235,41,0,41,0,32,,65247,43,0,41,0,76,,65245,44,,,0,70,,65249,41,0,41,0,26,,65230,41,0,41,0,28,,65236,41,0,41,0,68,,65250,41,,,0,25,,65237,41,0,41,0,72,,65238,41,,,0,25,,65246,44,0,41,0,68,,65242,43,,,0,29,,65243,46,0,41,0,78,,65255,44,,,0,23,,65244,43,0,41,0,70,,65239,41,0,41,0,37,,65251,41,,,0
401,'3_3',728,,65266,49,,,0,16,,65267,43,0,41,0,79,,65278,43,0,41,0,35,,65257,44,0,41,0,65,,65279,41,,,0,26,,65258,41,0,41,0,69,,65280,41,0,41,0,31,,65259,41,0,41,0,75,,65274,41,,,0,30,,65260,41,0,41,0,70,,65261,41,0,41,0,32,,65273,43,0,41,0,76,,65271,44,,,0,70,,65275,41,0,41,0,26,,65256,41,0,41,0,28,,65262,41,0,41,0,68,,65276,41,,,0,25,,65263,41,0,41,0,72,,65264,41,,,0,25,,65272,44,0,41,0,68,,65268,43,,,0,29,,65269,46,0,41,0,78,,65281,44,,,0,23,,65270,43,0,41,0,70,,65265,41,0,41,0,37,,65277,41,,,0
401,'3_4',728,,65292,49,,,0,16,,65293,43,0,41,0,79,,65304,43,0,41,0,35,,65283,44,0,41,0,65,,65305,41,,,0,26,,65284,41,0,41,0,69,,65306,41,0,41,0,31,,65285,41,0,41,0,75,,65300,41,,,0,30,,65286,41,0,41,0,70,,65287,41,0,41,0,32,,65299,43,0,41,0,76,,65297,44,,,0,70,,65301,41,0,41,0,26,,65282,41,0,41,0,28,,65288,41,0,41,0,68,,65302,41,,,0,25,,65289,41,0,41,0,72,,65290,41,,,0,25,,65298,44,0,41,0,68,,65294,43,,,0,29,,65295,46,0,41,0,78,,65307,44,,,0,23,,65296,43,0,41,0,70,,65291,41,0,41,0,37,,65303,41,,,0
401,'3_5',728,,65318,49,,,0,16,,65319,43,0,41,0,79,,65330,43,0,41,0,35,,65309,44,0,41,0,65,,65331,41,,,0,26,,65310,41,0,41,0,69,,65332,41,0,41,0,31,,65311,41,0,41,0,75,,65326,41,,,0,30,,65312,41,0,41,0,70,,65313,41,0,41,0,32,,65325,43,0,41,0,76,,65323,44,,,0,70,,65327,41,0,41,0,26,,65308,41,0,41,0,28,,65314,41,0,41,0,68,,65328,41,,,0,25,,65315,41,0,41,0,72,,65316,41,,,0,25,,65324,44,0,41,0,68,,65320,43,,,0,29,,65321,46,0,41,0,78,,65333,44,,,0,23,,65322,43,0,41,0,70,,65317,41,0,41,0,37,,65329,41,,,0
401,'4_7',1002,,65334,41,,,0,125,,65335,41,,,0,125,,65336,41,,,0,201,,65337,41,,,0,165,,65338,41,,,0,125,,65339,41,,,0,165,,65340,41,,,0
901001,'3_4',2033,,68464,2,,,0,20,,68465,2,,,0,60,,68466,2,,,0,10,,68467,2,,,0,10,,68468,2,,,0,10,,68469,2,,,0,10,,68470,2,,,0,50,,68471,2,,,0,10,,68472,2,,,0,10,,68473,2,,,0,10,,68474,2,,,0,10,,68475,2,,,0,10,,68476,2,,,0,50,,68477,2,,,0,10,,68478,2,,,0,10,,68479,2,,,0,10,,68480,2,,,0
901001,'3_5',2033,,68481,2,,,0,20,,68482,2,,,0,60,,68483,2,,,0,10,,68484,2,,,0,10,,68485,2,,,0,10,,68486,2,,,0,10,,68487,2,,,0,50,,68488,2,,,0,10,,68489,2,,,0,10,,68490,2,,,0,10,,68491,2,,,0,10,,68492,2,,,0,10,,68493,2,,,0,50,,68494,2,,,0,10,,68495,2,,,0,10,,68496,2,,,0,10,,68497,2,,,0
