1000000,'0_6',716,,68829,27,,,0,43,,68830,27,,,0,87,,68833,27,,,0,85,,68836,27,,,0,87,,68838,27,,,0,32,,68840,27,,,0,88,,68843,27,,,0,87,,68846,27,,,0,84,,68849,27,,,0,30,,68851,27,,,0,87,,68854,27,,,0,88,,68857,27,,,0,89,,68860,27,,,0,32,,68862,27,,,0,90,,68865,27,,,0,87,,68867,27,,,0,29,,68870,27,,,0
1000000,'2_1',659,,68895,27,,,0,55,,68921,27,,,0,14,,68910,27,,,0,15,,68945,27,,,0,15,,68931,27,,,0,56,,68936,27,,,0,15,,68946,27,,,0,14,,68923,27,,,0,70,,68938,27,,,0,31,,68909,27,,,0,71,,68939,27,,,0,32,,68898,27,,,0,73,,68907,27,,,0,31,,68919,27,,,0,72,,68914,27,,,0,30,,68900,27,,,0,70,,68942,27,,,0,32,,68899,27,,,0,71,,68937,27,,,0,28,,68912,27,,,0,68,,68920,27,,,0,28,,68932,27,,,0,55,,68947,27,,,0,14,,68948,27,,,0,14,,68943,27,,,0,14,,68949,27,,,0,56,,68935,27,,,0,16,,68950,27,,,0,15,,68903,27,,,0,15,,68951,27,,,0,54,,68902,27,,,0,15,,68952,27,,,0,13,,68944,27,,,0,83,,68908,27,,,0
1000000,'2_2',659,,68956,27,,,0,55,,68982,27,,,0,14,,68971,27,,,0,15,,69006,27,,,0,15,,68992,27,,,0,56,,68997,27,,,0,15,,69007,27,,,0,14,,68984,27,,,0,70,,68999,27,,,0,31,,68970,27,,,0,71,,69000,27,,,0,32,,68959,27,,,0,73,,68968,27,,,0,31,,68980,27,,,0,72,,68975,27,,,0,30,,68961,27,,,0,70,,69003,27,,,0,32,,68960,27,,,0,71,,68998,27,,,0,28,,68973,27,,,0,68,,68981,27,,,0,28,,68993,27,,,0,55,,69008,27,,,0,14,,69009,27,,,0,14,,69004,27,,,0,14,,69010,27,,,0,56,,68996,27,,,0,16,,69011,27,,,0,15,,68964,27,,,0,15,,69012,27,,,0,54,,68963,27,,,0,15,,69013,27,,,0,13,,69005,27,,,0,83,,68969,27,,,0
1000000,'2_3',659,,69017,27,,,0,55,,69043,27,,,0,14,,69032,27,,,0,15,,69067,27,,,0,15,,69053,27,,,0,56,,69058,27,,,0,15,,69068,27,,,0,14,,69045,27,,,0,70,,69060,27,,,0,31,,69031,27,,,0,71,,69061,27,,,0,32,,69020,27,,,0,73,,69029,27,,,0,31,,69041,27,,,0,72,,69036,27,,,0,30,,69022,27,,,0,70,,69064,27,,,0,32,,69021,27,,,0,71,,69059,27,,,0,28,,69034,27,,,0,68,,69042,27,,,0,28,,69054,27,,,0,55,,69069,27,,,0,14,,69070,27,,,0,14,,69065,27,,,0,14,,69071,27,,,0,56,,69057,27,,,0,16,,69072,27,,,0,15,,69025,27,,,0,15,,69073,27,,,0,54,,69024,27,,,0,15,,69074,27,,,0,13,,69066,27,,,0,83,,69030,27,,,0
1000000,'2_4',659,,69078,27,,,0,55,,69104,27,,,0,14,,69093,27,,,0,15,,69128,27,,,0,15,,69114,27,,,0,56,,69119,27,,,0,15,,69129,27,,,0,14,,69106,27,,,0,70,,69121,27,,,0,31,,69092,27,,,0,71,,69122,27,,,0,32,,69081,27,,,0,73,,69090,27,,,0,31,,69102,27,,,0,72,,69097,27,,,0,30,,69083,27,,,0,70,,69125,27,,,0,32,,69082,27,,,0,71,,69120,27,,,0,28,,69095,27,,,0,68,,69103,27,,,0,28,,69115,27,,,0,55,,69130,27,,,0,14,,69131,27,,,0,14,,69126,27,,,0,14,,69132,27,,,0,56,,69118,27,,,0,16,,69133,27,,,0,15,,69086,27,,,0,15,,69134,27,,,0,54,,69085,27,,,0,15,,69135,27,,,0,13,,69127,27,,,0,83,,69091,27,,,0
1000000,'2_5',659,,69139,27,,,0,55,,69165,27,,,0,14,,69154,27,,,0,15,,69189,27,,,0,15,,69175,27,,,0,56,,69180,27,,,0,15,,69190,27,,,0,14,,69167,27,,,0,70,,69182,27,,,0,31,,69153,27,,,0,71,,69183,27,,,0,32,,69142,27,,,0,73,,69151,27,,,0,31,,69163,27,,,0,72,,69158,27,,,0,30,,69144,27,,,0,70,,69186,27,,,0,32,,69143,27,,,0,71,,69181,27,,,0,28,,69156,27,,,0,68,,69164,27,,,0,28,,69176,27,,,0,55,,69191,27,,,0,14,,69192,27,,,0,14,,69187,27,,,0,14,,69193,27,,,0,56,,69179,27,,,0,16,,69194,27,,,0,15,,69147,27,,,0,15,,69195,27,,,0,54,,69146,27,,,0,15,,69196,27,,,0,13,,69188,27,,,0,83,,69152,27,,,0
1000000,'3_1',659,,69200,27,,,0,55,,69226,27,,,0,14,,69215,27,,,0,15,,69250,27,,,0,15,,69236,27,,,0,56,,69241,27,,,0,15,,69251,27,,,0,14,,69228,27,,,0,70,,69243,27,,,0,31,,69214,27,,,0,71,,69244,27,,,0,32,,69203,27,,,0,73,,69212,27,,,0,31,,69224,27,,,0,72,,69219,27,,,0,30,,69205,27,,,0,70,,69247,27,,,0,32,,69204,27,,,0,71,,69242,27,,,0,28,,69217,27,,,0,68,,69225,27,,,0,28,,69237,27,,,0,55,,69252,27,,,0,14,,69253,27,,,0,14,,69248,27,,,0,14,,69254,27,,,0,56,,69240,27,,,0,16,,69255,27,,,0,15,,69208,27,,,0,15,,69256,27,,,0,54,,69207,27,,,0,15,,69257,27,,,0,13,,69249,27,,,0,83,,69213,27,,,0
1000000,'3_3',659,,69261,27,,,0,55,,69287,27,,,0,14,,69276,27,,,0,15,,69311,27,,,0,15,,69297,27,,,0,56,,69302,27,,,0,15,,69312,27,,,0,14,,69289,27,,,0,70,,69304,27,,,0,31,,69275,27,,,0,71,,69305,27,,,0,32,,69264,27,,,0,73,,69273,27,,,0,31,,69285,27,,,0,72,,69280,27,,,0,30,,69266,27,,,0,70,,69308,27,,,0,32,,69265,27,,,0,71,,69303,27,,,0,28,,69278,27,,,0,68,,69286,27,,,0,28,,69298,27,,,0,55,,69313,27,,,0,14,,69314,27,,,0,14,,69309,27,,,0,14,,69315,27,,,0,56,,69301,27,,,0,16,,69316,27,,,0,15,,69269,27,,,0,15,,69317,27,,,0,54,,69268,27,,,0,15,,69318,27,,,0,13,,69310,27,,,0,83,,69274,27,,,0
1000000,'3_4',659,,69322,27,,,0,55,,69348,27,,,0,14,,69337,27,,,0,15,,69372,27,,,0,15,,69358,27,,,0,56,,69363,27,,,0,15,,69373,27,,,0,14,,69350,27,,,0,70,,69365,27,,,0,31,,69336,27,,,0,71,,69366,27,,,0,32,,69325,27,,,0,73,,69334,27,,,0,31,,69346,27,,,0,72,,69341,27,,,0,30,,69327,27,,,0,70,,69369,27,,,0,32,,69326,27,,,0,71,,69364,27,,,0,28,,69339,27,,,0,68,,69347,27,,,0,28,,69359,27,,,0,55,,69374,27,,,0,14,,69375,27,,,0,14,,69370,27,,,0,14,,69376,27,,,0,56,,69362,27,,,0,16,,69377,27,,,0,15,,69330,27,,,0,15,,69378,27,,,0,54,,69329,27,,,0,15,,69379,27,,,0,13,,69371,27,,,0,83,,69335,27,,,0
1000000,'3_5',659,,69383,27,,,0,55,,69409,27,,,0,14,,69398,27,,,0,15,,69433,27,,,0,15,,69419,27,,,0,56,,69424,27,,,0,15,,69434,27,,,0,14,,69411,27,,,0,70,,69426,27,,,0,31,,69397,27,,,0,71,,69427,27,,,0,32,,69386,27,,,0,73,,69395,27,,,0,31,,69407,27,,,0,72,,69402,27,,,0,30,,69388,27,,,0,70,,69430,27,,,0,32,,69387,27,,,0,71,,69425,27,,,0,28,,69400,27,,,0,68,,69408,27,,,0,28,,69420,27,,,0,55,,69435,27,,,0,14,,69436,27,,,0,14,,69431,27,,,0,14,,69437,27,,,0,56,,69423,27,,,0,16,,69438,27,,,0,15,,69391,27,,,0,15,,69439,27,,,0,54,,69390,27,,,0,15,,69440,27,,,0,13,,69432,27,,,0,83,,69396,27,,,0
