1000,'1_3',648,,49316,23,,,0,100,,49317,23,,,0,111,,49330,23,0,18 30,0,77,,49318,23,,,0,109,,49321,23,0,18 30,0,87,,49322,23,0,18 30,0,77,,49323,23,0,18 30,0,40,,49324,23,0,18 30,0,99,,49325,23,0,18 30,0,79,,49327,23,,,0,30,,49328,23,,,0,96,,49329,23,,,0,75,,49319,23,,,0,188,,49320,23,,,0,112,,49326,23,0,18 30,0
1000,'2_6',642,,32362,23,,,0,95,,32363,23,,,0,120,,32369,23,0,18 30,0,77,,32364,23,,,0,107,,32370,23,0,18 30,0,101,,32371,23,0,18 30,0,101,,32372,23,0,18 30,0,101,,32373,23,0,18 30,0,92,,32367,23,,,0,115,,32368,23,,,0,80,,32365,23,,,0,186,,32366,23,,,0,111,,32374,23,0,18 30,0
1000,'7_1',648,,47113,23,,,0,100,,47114,23,,,0,111,,47127,23,0,18 30,0,77,,47115,23,,,0,109,,47118,23,0,18 30,0,87,,47119,23,0,18 30,0,77,,47120,23,0,18 30,0,40,,47121,23,0,18 30,0,99,,47122,23,0,18 30,0,79,,47124,23,,,0,30,,47125,23,,,0,96,,47126,23,,,0,75,,47116,23,,,0,188,,47117,23,,,0,112,,47123,23,0,18 30,0
1000,'7_2',648,,49331,23,,,0,100,,49332,23,,,0,111,,49345,23,0,18 30,0,77,,49333,23,,,0,109,,49336,23,0,18 30,0,87,,49337,23,0,18 30,0,77,,49338,23,0,18 30,0,40,,49339,23,0,18 30,0,99,,49340,23,0,18 30,0,79,,49342,23,,,0,30,,49343,23,,,0,96,,49344,23,,,0,75,,49334,23,,,0,188,,49335,23,,,0,112,,49341,23,0,18 30,0
1000,'7_4',648,,49346,23,,,0,100,,49347,23,,,0,111,,49360,23,0,18 30,0,77,,49348,23,,,0,109,,49351,23,0,18 30,0,87,,49352,23,0,18 30,0,77,,49353,23,0,18 30,0,40,,49354,23,0,18 30,0,99,,49355,23,0,18 30,0,79,,49357,23,,,0,30,,49358,23,,,0,96,,49359,23,,,0,75,,49349,23,,,0,188,,49350,23,,,0,112,,49356,23,0,18 30,0
1000,'7_5',648,,52707,23,,,0,100,,52708,23,,,0,111,,52721,23,0,18 30,0,77,,52709,23,,,0,109,,52712,23,0,18 30,0,87,,52713,23,0,18 30,0,77,,52714,23,0,18 30,0,40,,52715,23,0,18 30,0,99,,52716,23,0,18 30,0,79,,52718,23,,,0,30,,52719,23,,,0,96,,52720,23,,,0,75,,52710,23,,,0,188,,52711,23,,,0,112,,52717,23,0,18 30,0
1100,'1_3',641,,49403,3,,,0,159,,49404,3,,,0,906,,49405,3,,,0,119,,49406,3,,,0
1100,'2_6',641,,32477,3,,,0,159,,32478,3,,,0,906,,32479,3,,,0,119,,32480,3,,,0
1100,'7_1',641,,47142,3,,,0,159,,47143,3,,,0,906,,47144,3,,,0,119,,47145,3,,,0
1100,'7_2',641,,49407,3,,,0,159,,49408,3,,,0,906,,49409,3,,,0,119,,49410,3,,,0
1100,'7_4',641,,49411,3,,,0,159,,49412,3,,,0,906,,49413,3,,,0,119,,49414,3,,,0
1100,'7_5',641,,52736,3,,,0,159,,52737,3,,,0,906,,52738,3,,,0,119,,52739,3,,,0
