400,'2_6',725,,31221,21,0,40,0,104,,31222,21,0,40,0,74,,31215,33,0,40,0,27,,31223,21,0,40,0,72,,31224,21,0,40,0,30,,31225,21,0,40,0,70,,31216,33,0,40,0,31,,31226,21,0,40,0,69,,31228,21,0,40,0,31,,31227,21,0,40,0,69,,31217,33,0,40,0,30,,31229,21,0,40,0,71,,31230,21,0,40,0,29,,31231,21,0,40,0,72,,31218,33,0,40,0,32,,31232,21,0,40,0,69,,31233,21,0,40,0,30,,31234,21,0,40,0,72,,31219,33,0,40,0,35,,31235,21,0,40,0,71,,31236,21,0,40,0,32,,31237,21,0,40,0,69,,31220,33,0,40,0,31,,31238,21,0,40,0
400,'3_7',924,,31239,21,0,40,0,100,,31240,21,0,40,0,100,,31241,21,0,40,0,100,,31242,21,0,40,0,100,,31243,21,0,40,0,100,,31244,21,0,40,0,100,,31245,21,0,40,0,100,,31246,21,0,40,0,100,,31247,21,0,40,0,100,,31248,21,0,40,0
400,'4_7',924,,46882,21,0,40,0,100,,46883,21,0,40,0,100,,46884,21,0,40,0,100,,46885,21,0,40,0,100,,46886,21,0,40,0,100,,46887,21,0,40,0,100,,46888,21,0,40,0,100,,46889,21,0,40,0,100,,46890,21,0,40,0,100,,46891,21,0,40,0
400,'5_5',724,,39411,21,0,40,0,14,,39417,21,0,40,0,17,,39391,21,0,40,0,55,,39392,21,0,40,0,13,,39412,21,0,40,0,17,,39393,21,0,40,0,15,,39394,21,0,40,0,77,,39395,21,0,40,0,73,,39396,33,0,40,0,30,,39397,21,0,40,0,70,,39398,21,0,40,0,35,,39399,21,0,40,0,75,,39400,21,0,40,0,25,,39415,21,0,40,0,65,,39413,33,0,40,0,30,,39401,21,0,40,0,70,,39402,21,0,40,0,25,,39405,33,0,40,0,75,,39403,21,0,40,0,30,,39406,33,0,40,0,75,,39404,21,0,40,0,30,,39418,21,0,40,0,70,,39414,33,0,40,0,30,,39407,21,0,40,0,75,,39408,33,0,40,0,25,,39416,21,,,0,70,,39409,21,0,40,0,30,,39410,33,0,40,0
400,'6_1',724,,39439,21,0,40,0,14,,39445,21,0,40,0,17,,39419,21,0,40,0,55,,39420,21,0,40,0,13,,39440,21,0,40,0,17,,39421,21,0,40,0,15,,39422,21,0,40,0,77,,39423,21,0,40,0,73,,39424,33,0,40,0,30,,39425,21,0,40,0,70,,39426,21,0,40,0,35,,39427,21,0,40,0,75,,39428,21,0,40,0,25,,39443,21,0,40,0,65,,39441,33,0,40,0,30,,39429,21,0,40,0,70,,39430,21,0,40,0,25,,39433,33,0,40,0,75,,39431,21,0,40,0,30,,39434,33,0,40,0,75,,39432,21,0,40,0,30,,39446,21,0,40,0,70,,39442,33,0,40,0,30,,39435,21,0,40,0,75,,39436,33,0,40,0,25,,39444,21,,,0,70,,39437,21,0,40,0,30,,39438,33,0,40,0
400,'6_2',724,,44110,21,0,40,0,14,,44116,21,0,40,0,17,,44090,21,0,40,0,55,,44091,21,0,40,0,13,,44111,21,0,40,0,17,,44092,21,0,40,0,15,,44093,21,0,40,0,77,,44094,21,0,40,0,73,,44095,33,0,40,0,30,,44096,21,0,40,0,70,,44097,21,0,40,0,35,,44098,21,0,40,0,75,,44099,21,0,40,0,25,,44114,21,0,40,0,65,,44112,33,0,40,0,30,,44100,21,0,40,0,70,,44101,21,0,40,0,25,,44104,33,0,40,0,75,,44102,21,0,40,0,30,,44105,33,0,40,0,75,,44103,21,0,40,0,30,,44117,21,0,40,0,70,,44113,33,0,40,0,30,,44106,21,0,40,0,75,,44107,33,0,40,0,25,,44115,21,,,0,70,,44108,21,0,40,0,30,,44109,33,0,40,0
400,'6_3',724,,44138,21,0,40,0,14,,44144,21,0,40,0,17,,44118,21,0,40,0,55,,44119,21,0,40,0,13,,44139,21,0,40,0,17,,44120,21,0,40,0,15,,44121,21,0,40,0,77,,44122,21,0,40,0,73,,44123,33,0,40,0,30,,44124,21,0,40,0,70,,44125,21,0,40,0,35,,44126,21,0,40,0,75,,44127,21,0,40,0,25,,44142,21,0,40,0,65,,44140,33,0,40,0,30,,44128,21,0,40,0,70,,44129,21,0,40,0,25,,44132,33,0,40,0,75,,44130,21,0,40,0,30,,44133,33,0,40,0,75,,44131,21,0,40,0,30,,44145,21,0,40,0,70,,44141,33,0,40,0,30,,44134,21,0,40,0,75,,44135,33,0,40,0,25,,44143,21,,,0,70,,44136,21,0,40,0,30,,44137,33,0,40,0
400,'6_4',724,,44166,21,0,40,0,14,,44172,21,0,40,0,17,,44146,21,0,40,0,55,,44147,21,0,40,0,13,,44167,21,0,40,0,17,,44148,21,0,40,0,15,,44149,21,0,40,0,77,,44150,21,0,40,0,73,,44151,33,0,40,0,30,,44152,21,0,40,0,70,,44153,21,0,40,0,35,,44154,21,0,40,0,75,,44155,21,0,40,0,25,,44170,21,0,40,0,65,,44168,33,0,40,0,30,,44156,21,0,40,0,70,,44157,21,0,40,0,25,,44160,33,0,40,0,75,,44158,21,0,40,0,30,,44161,33,0,40,0,75,,44159,21,0,40,0,30,,44173,21,0,40,0,70,,44169,33,0,40,0,30,,44162,21,0,40,0,75,,44163,33,0,40,0,25,,44171,21,,,0,70,,44164,21,0,40,0,30,,44165,33,0,40,0
400,'7_1',725,,46915,21,0,43,0,15,,46923,21,0,40,0,15,,46892,21,0,40,0,54,,46893,21,0,40,0,16,,46917,21,0,40,0,15,,46894,21,0,40,0,14,,46895,21,0,40,0,70,,46896,21,0,40,0,80,,46897,33,0,40,0,31,,46898,21,0,40,0,70,,46899,21,0,40,0,35,,46900,21,0,40,0,75,,46901,21,0,40,0,24,,46921,21,,,0,66,,46918,33,0,40,0,30,,46902,21,0,40,0,67,,46903,21,0,40,0,28,,46906,33,0,40,0,75,,46904,21,0,40,0,30,,46907,33,0,40,0,75,,46905,21,0,40,0,30,,46924,21,0,40,0,65,,46908,5,0,40,0,5,,46919,33,0,40,0,15,,46909,21,0,40,0,15,,46925,21,,,0,15,,46910,33,0,40,0,65,,46914,5,0,40,0,20,,46922,21,,,0,74,,46912,21,0,40,0,25,,46913,33,0,40,0
500,'2_6',755,,31549,41,,,0,100,,31538,41,,,0,100,,31539,41,,,0,100,,31540,41,,,0,99,,31541,41,,,0,96,,31542,41,,,0,98,,31543,41,,,0,100,,31544,41,,,0,100,,31545,41,,,0,100,,31546,41,,,0,100,,31547,41,,,0,191,,31548,41,,,0
500,'5_5',725,,39629,27,,,0,100,,39630,27,,,0,76,,39631,41,,,0,104,,39632,41,,,0,100,,39633,41,,,0,105,,39634,41,,,0,100,,39635,41,,,0,44,,39636,41,,,0,94,,39637,41,,,0,100,,39638,41,,,0,103,,39639,41,,,0,107,,39640,41,,,0,100,,39641,41,,,0,98,,39642,41,,,0
500,'6_1',725,,39643,27,,,0,100,,39644,27,,,0,76,,39645,41,,,0,104,,39646,41,,,0,100,,39647,41,,,0,105,,39648,41,,,0,100,,39649,41,,,0,44,,39650,41,,,0,94,,39651,41,,,0,100,,39652,41,,,0,103,,39653,41,,,0,107,,39654,41,,,0,100,,39655,41,,,0,98,,39656,41,,,0
500,'6_2',725,,44258,27,,,0,100,,44259,27,,,0,76,,44260,41,,,0,104,,44261,41,,,0,100,,44262,41,,,0,105,,44263,41,,,0,100,,44264,41,,,0,44,,44265,41,,,0,94,,44266,41,,,0,100,,44267,41,,,0,103,,44268,41,,,0,107,,44269,41,,,0,100,,44270,41,,,0,98,,44271,41,,,0
500,'6_3',725,,44272,27,,,0,100,,44273,27,,,0,76,,44274,41,,,0,104,,44275,41,,,0,100,,44276,41,,,0,105,,44277,41,,,0,100,,44278,41,,,0,44,,44279,41,,,0,94,,44280,41,,,0,100,,44281,41,,,0,103,,44282,41,,,0,107,,44283,41,,,0,100,,44284,41,,,0,98,,44285,41,,,0
500,'6_4',725,,44286,27,,,0,100,,44287,27,,,0,76,,44288,41,,,0,104,,44289,41,,,0,100,,44290,41,,,0,105,,44291,41,,,0,100,,44292,41,,,0,44,,44293,41,,,0,94,,44294,41,,,0,100,,44295,41,,,0,103,,44296,41,,,0,107,,44297,41,,,0,100,,44298,41,,,0,98,,44299,41,,,0
500,'7_1',725,,46979,27,,,0,20,,46980,41,,,0,80,,46981,27,,,0,76,,46968,41,,,0,104,,46969,41,,,0,100,,46970,41,,,0,105,,46971,41,,,0,100,,46972,41,,,0,44,,46973,41,,,0,94,,46974,41,,,0,100,,46975,41,,,0,103,,46976,41,,,0,107,,46977,41,,,0,100,,46982,41,,,0,98,,46978,41,,,0
600,'2_6',813,,31710,29,0,11 12,0,94,,31712,29,0,11 12,0,93,,31713,29,0,11 12,0,48,,31714,29,0,11 12,0,89,,31715,29,0,11 12,0,88,,31716,29,0,11 12,0,88,,31717,29,0,11 12,0,90,,31718,29,0,11 12,0,48,,31719,29,0,11 12,0,99,,31720,29,0,11 12,0,91,,31721,29,0,11 12,0,92,,31722,29,0,11 12,0,90,,31723,29,0,11 12,0,91,,31724,29,0,11 12,0,40,,31711,29,0,11 12,0
600,'5_5',728,,39760,29,0,11 12,0,24,,39773,29,0,11 12,0,81,,39761,29,0,11 12,0,92,,39762,29,0,11 12,0,98,,39763,29,0,11 12,0,92,,39764,29,0,11 12,0,44,,39774,29,0,11 12,0,92,,39765,29,0,11 12,0,104,,39766,29,0,11 12,0,93,,39767,29,0,11 12,0,97,,39768,29,0,11 12,0,94,,39769,29,0,11 12,0,87,,39775,29,0,11 12,0,94,,39770,29,0,11 12,0,94,,39771,29,0,11 12,0,40,,39772,29,0,11 12,0
600,'6_1',728,,39776,29,0,11 12,0,24,,39789,29,0,11 12,0,81,,39777,29,0,11 12,0,92,,39778,29,0,11 12,0,98,,39779,29,0,11 12,0,92,,39780,29,0,11 12,0,44,,39790,29,0,11 12,0,92,,39781,29,0,11 12,0,104,,39782,29,0,11 12,0,93,,39783,29,0,11 12,0,97,,39784,29,0,11 12,0,94,,39785,29,0,11 12,0,87,,39791,29,0,11 12,0,94,,39786,29,0,11 12,0,94,,39787,29,0,11 12,0,40,,39788,29,0,11 12,0
600,'6_2',728,,44333,29,0,11 12,0,24,,44346,29,0,11 12,0,81,,44334,29,0,11 12,0,92,,44335,29,0,11 12,0,98,,44336,29,0,11 12,0,92,,44337,29,0,11 12,0,44,,44347,29,0,11 12,0,92,,44338,29,0,11 12,0,104,,44339,29,0,11 12,0,93,,44340,29,0,11 12,0,97,,44341,29,0,11 12,0,94,,44342,29,0,11 12,0,87,,44348,29,0,11 12,0,94,,44343,29,0,11 12,0,94,,44344,29,0,11 12,0,40,,44345,29,0,11 12,0
600,'6_3',728,,44349,29,0,11 12,0,24,,44362,29,0,11 12,0,81,,44350,29,0,11 12,0,92,,44351,29,0,11 12,0,98,,44352,29,0,11 12,0,92,,44353,29,0,11 12,0,44,,44363,29,0,11 12,0,92,,44354,29,0,11 12,0,104,,44355,29,0,11 12,0,93,,44356,29,0,11 12,0,97,,44357,29,0,11 12,0,94,,44358,29,0,11 12,0,87,,44364,29,0,11 12,0,94,,44359,29,0,11 12,0,94,,44360,29,0,11 12,0,40,,44361,29,0,11 12,0
600,'6_4',728,,44365,29,0,11 12,0,24,,44378,29,0,11 12,0,81,,44366,29,0,11 12,0,92,,44367,29,0,11 12,0,98,,44368,29,0,11 12,0,92,,44369,29,0,11 12,0,44,,44379,29,0,11 12,0,92,,44370,29,0,11 12,0,104,,44371,29,0,11 12,0,93,,44372,29,0,11 12,0,97,,44373,29,0,11 12,0,94,,44374,29,0,11 12,0,87,,44380,29,0,11 12,0,94,,44375,29,0,11 12,0,94,,44376,29,0,11 12,0,40,,44377,29,0,11 12,0
600,'7_1',728,,46997,29,,,0,24,,47011,29,0,11 12,0,93,,46998,29,,,0,106,,46999,29,0,11 12,0,100,,47000,29,0,11 12,0,89,,47001,29,0,11 12,0,110,,47002,29,0,11 12,0,150,,47003,29,0,11 12,0,56,,47012,29,0,11 12,0,91,,47004,29,0,11 12,0,101,,47005,29,0,11 12,0,89,,47006,29,0,11 12,0,79,,47007,29,0,11 12,0,27,,47008,29,0,11 12,0,68,,47009,29,0,11 12,0,39,,47010,29,0,11 12,0
2500,'2_6',735,,33275,5,,,0,112,,33276,5,,,0,167,,33277,5,,,0,113,,33278,5,,,0,128,,33279,5,,,0,152,,33280,5,,,0,132,,33281,5,,,0,120,,33282,5,,,0,161,,33283,5,,,0,115,,33284,5,,,0
2500,'5_5',733,,40718,5,,,0,72,,40728,5,,,0,40,,40719,5,,,0,169,,40720,5,,,0,113,,40721,5,,,0,128,,40722,5,,,0,152,,40723,5,,,0,132,,40724,5,,,0,120,,40725,5,,,0,161,,40726,5,,,0,115,,40727,5,,,0
2500,'6_1',733,,40729,5,,,0,72,,40739,5,,,0,40,,40730,5,,,0,169,,40731,5,,,0,113,,40732,5,,,0,128,,40733,5,,,0,152,,40734,5,,,0,132,,40735,5,,,0,120,,40736,5,,,0,161,,40737,5,,,0,115,,40738,5,,,0
2500,'6_2',733,,44921,5,,,0,72,,44931,5,,,0,40,,44922,5,,,0,169,,44923,5,,,0,113,,44924,5,,,0,128,,44925,5,,,0,152,,44926,5,,,0,132,,44927,5,,,0,120,,44928,5,,,0,161,,44929,5,,,0,115,,44930,5,,,0
2500,'6_3',733,,44932,5,,,0,72,,44942,5,,,0,40,,44933,5,,,0,169,,44934,5,,,0,113,,44935,5,,,0,128,,44936,5,,,0,152,,44937,5,,,0,132,,44938,5,,,0,120,,44939,5,,,0,161,,44940,5,,,0,115,,44941,5,,,0
2500,'6_4',733,,44943,5,,,0,72,,44953,5,,,0,40,,44944,5,,,0,169,,44945,5,,,0,113,,44946,5,,,0,128,,44947,5,,,0,152,,44948,5,,,0,132,,44949,5,,,0,120,,44950,5,,,0,161,,44951,5,,,0,115,,44952,5,,,0
2500,'7_1',734,,47284,5,,,0,72,,47285,5,,,0,40,,47286,5,,,0,112,,47287,5,,,0,152,,47288,5,,,0,131,,47289,5,,,0,116,,47290,5,,,0,156,,47291,5,,,0,44,,47292,5,,,0,85,,47293,5,,,0,109,,47294,5,,,0,85,,47295,5,,,0,112,,47296,5,,,0
2600,'2_6',735,,33480,20,,,0,85,,33481,20,,,0,85,,33482,20,,,0,45,,33483,20,,,0,84,,33484,20,,,0,90,,33485,20,,,0,84,,33486,20,,,0,42,,33487,20,,,0,85,,33488,20,,,0,85,,33489,20,,,0,83,,33490,20,,,0,45,,33491,20,,,0,90,,33492,20,,,0,86,,33493,20,,,0,83,,33494,20,,,0,45,,33495,20,,,0,82,,33496,20,,,0
2600,'5_5',735,,40851,20,,,0,85,,40852,20,,,0,85,,40853,20,,,0,45,,40854,20,,,0,84,,40855,20,,,0,90,,40856,20,,,0,84,,40857,20,,,0,42,,40858,20,,,0,85,,40859,20,,,0,85,,40860,20,,,0,83,,40861,20,,,0,45,,40862,20,,,0,90,,40863,20,,,0,86,,40864,20,,,0,83,,40865,20,,,0,45,,40866,20,,,0,82,,40867,20,,,0
2600,'6_1',735,,40868,20,,,0,85,,40869,20,,,0,85,,40870,20,,,0,45,,40871,20,,,0,84,,40872,20,,,0,90,,40873,20,,,0,84,,40874,20,,,0,42,,40875,20,,,0,85,,40876,20,,,0,85,,40877,20,,,0,83,,40878,20,,,0,45,,40879,20,,,0,90,,40880,20,,,0,86,,40881,20,,,0,83,,40882,20,,,0,45,,40883,20,,,0,82,,40884,20,,,0
2600,'6_2',735,,44990,20,,,0,85,,44991,20,,,0,85,,44992,20,,,0,45,,44993,20,,,0,84,,44994,20,,,0,90,,44995,20,,,0,84,,44996,20,,,0,42,,44997,20,,,0,85,,44998,20,,,0,85,,44999,20,,,0,83,,45000,20,,,0,45,,45001,20,,,0,90,,45002,20,,,0,86,,45003,20,,,0,83,,45004,20,,,0,45,,45005,20,,,0,82,,45006,20,,,0
2600,'6_3',735,,45007,20,,,0,85,,45008,20,,,0,85,,45009,20,,,0,45,,45010,20,,,0,84,,45011,20,,,0,90,,45012,20,,,0,84,,45013,20,,,0,42,,45014,20,,,0,85,,45015,20,,,0,85,,45016,20,,,0,83,,45017,20,,,0,45,,45018,20,,,0,90,,45019,20,,,0,86,,45020,20,,,0,83,,45021,20,,,0,45,,45022,20,,,0,82,,45023,20,,,0
2600,'6_4',735,,45024,20,,,0,85,,45025,20,,,0,85,,45026,20,,,0,45,,45027,20,,,0,84,,45028,20,,,0,90,,45029,20,,,0,84,,45030,20,,,0,42,,45031,20,,,0,85,,45032,20,,,0,85,,45033,20,,,0,83,,45034,20,,,0,45,,45035,20,,,0,90,,45036,20,,,0,86,,45037,20,,,0,83,,45038,20,,,0,45,,45039,20,,,0,82,,45040,20,,,0
2600,'7_1',714,,47310,20,,,0,13,,47321,20,,,0,83,,47322,20,,,0,17,,47323,20,,,0,84,,47324,20,,,0,29,,47325,20,,,0,95,,47311,20,,,0,99,,47312,20,,,0,97,,47313,20,,,0,28,,47314,20,,,0,70,,47329,20,,,0,95,,47330,20,,,0,111,,47315,20,,,0,85,,47316,20,,,0,25,,47326,20,,,0,71,,47327,20,,,0,21,,47317,20,,,0,68,,47318,20,,,0,32,,47319,20,,,0,68,,47332,20,,,0
2000000,'2_6',656,,35553,19,,,0,82,,35554,19,,,0,79,,35555,19,,,0,30,,35556,19,,,0,60,,35557,19,,,0,20,,35558,19,,,0,19,,35559,19,,,0,58,,35560,19,,,0,20,,35561,19,,,0,20,,35562,19,,,0,58,,35563,19,,,0,19,,35564,19,,,0,19,,35565,19,,,0,60,,35566,19,,,0,18,,35567,19,,,0,19,,35568,19,,,0,18,,35569,19,,,0,59,,35570,19,,,0,19,,35571,19,,,0,19,,35572,19,,,0,58,,35573,19,,,0,19,,35574,19,,,0,20,,35575,19,,,0,60,,35576,19,,,0,19,,35577,19,,,0,19,,35578,19,,,0,60,,35579,19,,,0,20,,35580,19,,,0,20,,35581,19,,,0,60,,35582,19,,,0,19,,35583,19,,,0,20,,35584,19,,,0,60,,35585,19,,,0,20,,35586,19,,,0,18,,35587,19,,,0,60,,35588,19,,,0,24,,35589,19,,,0,24,,35590,19,,,0,64,,35591,19,,,0,24,,35592,19,,,0,65,,35593,19,,,0
2000000,'3_7',833,,35594,19,,,0,80,,35595,19,,,0,40,,35596,19,,,0,80,,35597,19,,,0,80,,35598,19,,,0,40,,35599,19,,,0,80,,35600,19,,,0,80,,35601,19,,,0,40,,35602,19,,,0,80,,35603,19,,,0,80,,35604,19,,,0,40,,35605,19,,,0,80,,35606,19,,,0,80,,35607,19,,,0,40,,35608,19,,,0,80,,35609,19,,,0,80,,35610,19,,,0,40,,35611,19,,,0
2000000,'4_7',833,,47665,19,,,0,80,,47666,19,,,0,40,,47667,19,,,0,80,,47668,19,,,0,80,,47669,19,,,0,40,,47670,19,,,0,80,,47671,19,,,0,80,,47672,19,,,0,40,,47673,19,,,0,80,,47674,19,,,0,80,,47675,19,,,0,40,,47676,19,,,0,80,,47677,19,,,0,80,,47678,19,,,0,40,,47679,19,,,0,80,,47680,19,,,0,80,,47681,19,,,0,40,,47682,19,,,0
2000000,'5_5',659,,42235,19,,,0,64,,42232,19,,,0,17,,42237,19,,,0,15,,42230,19,,,0,55,,42234,19,,,0,15,,42231,19,,,0,15,,42236,19,,,0,15,,42233,19,,,0,55,,42238,19,,,0,15,,42239,19,,,0,15,,42240,19,,,0,15,,42241,19,,,0,55,,42242,19,,,0,15,,42243,19,,,0,15,,42244,19,,,0,15,,42245,19,,,0,55,,42246,19,,,0,15,,42247,19,,,0,15,,42248,19,,,0,15,,42249,19,,,0,55,,42250,19,,,0,15,,42251,19,,,0,15,,42252,19,,,0,15,,42253,19,,,0,55,,42254,19,,,0,15,,42255,19,,,0,15,,42256,19,,,0,15,,42257,19,,,0,55,,42258,19,,,0,15,,42259,19,,,0,15,,42260,19,,,0,15,,42261,19,,,0,55,,42262,19,,,0,15,,42263,19,,,0,15,,42264,19,,,0,15,,42265,19,,,0,55,,42266,19,,,0,15,,42267,19,,,0,15,,42268,19,,,0,15,,42269,19,,,0,55,,42270,19,,,0,15,,42271,19,,,0,15,,42272,19,,,0,15,,42273,19,,,0,55,,42274,19,,,0,15,,42275,19,,,0,15,,42276,19,,,0,15,,42277,19,,,0,55,,42278,19,,,0,20,,42281,19,,,0,20,,42282,19,,,0,60,,42283,19,,,0,19,,42284,19,,,0,20,,42279,19,,,0,60,,42280,19,,,0
2000000,'6_1',659,,42290,19,,,0,64,,42287,19,,,0,17,,42292,19,,,0,15,,42285,19,,,0,55,,42289,19,,,0,15,,42286,19,,,0,15,,42291,19,,,0,15,,42288,19,,,0,55,,42293,19,,,0,15,,42294,19,,,0,15,,42295,19,,,0,15,,42296,19,,,0,55,,42297,19,,,0,15,,42298,19,,,0,15,,42299,19,,,0,15,,42300,19,,,0,55,,42301,19,,,0,15,,42302,19,,,0,15,,42303,19,,,0,15,,42304,19,,,0,55,,42305,19,,,0,15,,42306,19,,,0,15,,42307,19,,,0,15,,42308,19,,,0,55,,42309,19,,,0,15,,42310,19,,,0,15,,42311,19,,,0,15,,42312,19,,,0,55,,42313,19,,,0,15,,42314,19,,,0,15,,42315,19,,,0,15,,42316,19,,,0,55,,42317,19,,,0,15,,42318,19,,,0,15,,42319,19,,,0,15,,42320,19,,,0,55,,42321,19,,,0,15,,42322,19,,,0,15,,42323,19,,,0,15,,42324,19,,,0,55,,42325,19,,,0,15,,42326,19,,,0,15,,42327,19,,,0,15,,42328,19,,,0,55,,42329,19,,,0,15,,42330,19,,,0,15,,42331,19,,,0,15,,42332,19,,,0,55,,42333,19,,,0,20,,42336,19,,,0,20,,42337,19,,,0,60,,42338,19,,,0,19,,42339,19,,,0,20,,42334,19,,,0,60,,42335,19,,,0
2000000,'6_2',659,,45754,19,,,0,64,,45751,19,,,0,17,,45756,19,,,0,15,,45749,19,,,0,55,,45753,19,,,0,15,,45750,19,,,0,15,,45755,19,,,0,15,,45752,19,,,0,55,,45757,19,,,0,15,,45758,19,,,0,15,,45759,19,,,0,15,,45760,19,,,0,55,,45761,19,,,0,15,,45762,19,,,0,15,,45763,19,,,0,15,,45764,19,,,0,55,,45765,19,,,0,15,,45766,19,,,0,15,,45767,19,,,0,15,,45768,19,,,0,55,,45769,19,,,0,15,,45770,19,,,0,15,,45771,19,,,0,15,,45772,19,,,0,55,,45773,19,,,0,15,,45774,19,,,0,15,,45775,19,,,0,15,,45776,19,,,0,55,,45777,19,,,0,15,,45778,19,,,0,15,,45779,19,,,0,15,,45780,19,,,0,55,,45781,19,,,0,15,,45782,19,,,0,15,,45783,19,,,0,15,,45784,19,,,0,55,,45785,19,,,0,15,,45786,19,,,0,15,,45787,19,,,0,15,,45788,19,,,0,55,,45789,19,,,0,15,,45790,19,,,0,15,,45791,19,,,0,15,,45792,19,,,0,55,,45793,19,,,0,15,,45794,19,,,0,15,,45795,19,,,0,15,,45796,19,,,0,55,,45797,19,,,0,20,,45800,19,,,0,20,,45801,19,,,0,60,,45802,19,,,0,19,,45803,19,,,0,20,,45798,19,,,0,60,,45799,19,,,0
2000000,'6_3',659,,45809,19,,,0,64,,45806,19,,,0,17,,45811,19,,,0,15,,45804,19,,,0,55,,45808,19,,,0,15,,45805,19,,,0,15,,45810,19,,,0,15,,45807,19,,,0,55,,45812,19,,,0,15,,45813,19,,,0,15,,45814,19,,,0,15,,45815,19,,,0,55,,45816,19,,,0,15,,45817,19,,,0,15,,45818,19,,,0,15,,45819,19,,,0,55,,45820,19,,,0,15,,45821,19,,,0,15,,45822,19,,,0,15,,45823,19,,,0,55,,45824,19,,,0,15,,45825,19,,,0,15,,45826,19,,,0,15,,45827,19,,,0,55,,45828,19,,,0,15,,45829,19,,,0,15,,45830,19,,,0,15,,45831,19,,,0,55,,45832,19,,,0,15,,45833,19,,,0,15,,45834,19,,,0,15,,45835,19,,,0,55,,45836,19,,,0,15,,45837,19,,,0,15,,45838,19,,,0,15,,45839,19,,,0,55,,45840,19,,,0,15,,45841,19,,,0,15,,45842,19,,,0,15,,45843,19,,,0,55,,45844,19,,,0,15,,45845,19,,,0,15,,45846,19,,,0,15,,45847,19,,,0,55,,45848,19,,,0,15,,45849,19,,,0,15,,45850,19,,,0,15,,45851,19,,,0,55,,45852,19,,,0,20,,45855,19,,,0,20,,45856,19,,,0,60,,45857,19,,,0,19,,45858,19,,,0,20,,45853,19,,,0,60,,45854,19,,,0
2000000,'6_4',659,,45864,19,,,0,64,,45861,19,,,0,17,,45866,19,,,0,15,,45859,19,,,0,55,,45863,19,,,0,15,,45860,19,,,0,15,,45865,19,,,0,15,,45862,19,,,0,55,,45867,19,,,0,15,,45868,19,,,0,15,,45869,19,,,0,15,,45870,19,,,0,55,,45871,19,,,0,15,,45872,19,,,0,15,,45873,19,,,0,15,,45874,19,,,0,55,,45875,19,,,0,15,,45876,19,,,0,15,,45877,19,,,0,15,,45878,19,,,0,55,,45879,19,,,0,15,,45880,19,,,0,15,,45881,19,,,0,15,,45882,19,,,0,55,,45883,19,,,0,15,,45884,19,,,0,15,,45885,19,,,0,15,,45886,19,,,0,55,,45887,19,,,0,15,,45888,19,,,0,15,,45889,19,,,0,15,,45890,19,,,0,55,,45891,19,,,0,15,,45892,19,,,0,15,,45893,19,,,0,15,,45894,19,,,0,55,,45895,19,,,0,15,,45896,19,,,0,15,,45897,19,,,0,15,,45898,19,,,0,55,,45899,19,,,0,15,,45900,19,,,0,15,,45901,19,,,0,15,,45902,19,,,0,55,,45903,19,,,0,15,,45904,19,,,0,15,,45905,19,,,0,15,,45906,19,,,0,55,,45907,19,,,0,20,,45910,19,,,0,20,,45911,19,,,0,60,,45912,19,,,0,19,,45913,19,,,0,20,,45908,19,,,0,60,,45909,19,,,0
2000000,'7_1',659,,47722,19,,,0,65,,47704,19,,,0,17,,47732,19,,,0,15,,47688,19,,,0,54,,47715,19,,,0,15,,47697,19,,,0,15,,47724,19,,,0,15,,47707,19,,,0,56,,47735,19,,,0,16,,47689,19,,,0,16,,47720,19,,,0,16,,47698,19,,,0,56,,47725,19,,,0,16,,47705,19,,,0,16,,47733,19,,,0,56,,47690,19,,,0,16,,47721,19,,,0,15,,47699,19,,,0,16,,47726,19,,,0,56,,47706,19,,,0,15,,47736,19,,,0,14,,47691,19,,,0,15,,47714,19,,,0,56,,47700,19,,,0,15,,47723,19,,,0,15,,47708,19,,,0,15,,47734,19,,,0,55,,47693,19,,,0,15,,47716,19,,,0,15,,47703,19,,,0,15,,47728,19,,,0,55,,47709,19,,,0,15,,47737,19,,,0,15,,47694,19,,,0,15,,47717,19,,,0,56,,47702,19,,,0,15,,47727,19,,,0,15,,47710,19,,,0,16,,47686,19,,,0,56,,47738,19,,,0,18,,47692,19,,,0,14,,47719,19,,,0,16,,47701,19,,,0,55,,47729,19,,,0,15,,47712,19,,,0,13,,47687,19,,,0,13,,47739,19,,,0,54,,47695,19,,,0,14,,47718,19,,,0,13,,47730,19,,,0,19,,47711,19,,,0,61,,47740,19,,,0,20,,47696,19,,,0,19,,47731,19,,,0,60,,47713,19,,,0
3000000,'2_6',648,,36384,15,,,0,82,,36385,15,,,0,81,,36386,15,,,0,30,,36387,15,,,0,60,,36388,15,,,0,20,,36389,15,,,0,21,,36390,15,,,0,60,,36391,15,,,0,20,,36392,15,,,0,20,,36393,15,,,0,60,,36394,15,,,0,19,,36395,15,,,0,20,,36396,15,,,0,60,,36397,15,,,0,20,,36398,15,,,0,19,,36399,15,,,0,60,,36400,15,,,0,20,,36401,15,,,0,20,,36402,15,,,0,60,,36403,15,,,0,21,,36404,15,,,0,20,,36405,15,,,0,60,,36406,15,,,0,20,,36407,15,,,0,20,,36408,15,,,0,60,,36409,15,,,0,20,,36410,15,,,0,20,,36411,15,,,0,60,,36412,15,,,0,20,,36413,15,,,0,20,,36414,15,,,0,60,,36415,15,,,0,19,,36416,15,,,0,20,,36417,15,,,0,19,,36418,15,,,0,70,,36419,15,,,0,30,,36420,15,,,0,69,,36421,15,,,0,29,,36422,15,,,0
3000000,'3_7',809,,36423,15,,,0,130,,36424,15,,,0,170,,36425,15,,,0,130,,36426,15,,,0,170,,36427,15,,,0,130,,36428,15,,,0,170,,36429,15,,,0,129,,36430,15,,,0,170,,36431,15,,,0
3000000,'4_7',809,,47850,15,,,0,130,,47851,15,,,0,170,,47858,15,,,0,130,,47857,15,,,0,170,,47856,15,,,0,130,,47854,15,,,0,170,,47855,15,,,0,129,,47853,15,,,0,170,,47852,15,,,0
3000000,'5_5',644,,42827,15,,,0,60,,42826,15,,,0,21,,42786,15,,,0,20,,42787,15,,,0,60,,42788,15,,,0,20,,42789,15,,,0,20,,42790,15,,,0,61,,42791,15,,,0,20,,42792,15,,,0,20,,42793,15,,,0,61,,42794,15,,,0,20,,42795,15,,,0,20,,42796,15,,,0,60,,42797,15,,,0,20,,42798,15,,,0,20,,42799,15,,,0,60,,42800,15,,,0,19,,42801,15,,,0,20,,42802,15,,,0,60,,42803,15,,,0,21,,42804,15,,,0,20,,42805,15,,,0,60,,42806,15,,,0,20,,42807,15,,,0,19,,42808,15,,,0,60,,42809,15,,,0,20,,42810,15,,,0,20,,42811,15,,,0,60,,42812,15,,,0,19,,42813,15,,,0,20,,42814,15,,,0,61,,42815,15,,,0,20,,42816,15,,,0,21,,42817,15,,,0,60,,42818,15,,,0,20,,42819,15,,,0,19,,42820,15,,,0,59,,42821,15,,,0,18,,42822,15,,,0,29,,42823,15,,,0,72,,42824,15,,,0,33,,42825,15,,,0
3000000,'6_1',644,,42869,15,,,0,60,,42868,15,,,0,21,,42828,15,,,0,20,,42829,15,,,0,60,,42830,15,,,0,20,,42831,15,,,0,20,,42832,15,,,0,61,,42833,15,,,0,20,,42834,15,,,0,20,,42835,15,,,0,61,,42836,15,,,0,20,,42837,15,,,0,20,,42838,15,,,0,60,,42839,15,,,0,20,,42840,15,,,0,20,,42841,15,,,0,60,,42842,15,,,0,19,,42843,15,,,0,20,,42844,15,,,0,60,,42845,15,,,0,21,,42846,15,,,0,20,,42847,15,,,0,60,,42848,15,,,0,20,,42849,15,,,0,19,,42850,15,,,0,60,,42851,15,,,0,20,,42852,15,,,0,20,,42853,15,,,0,60,,42854,15,,,0,19,,42855,15,,,0,20,,42856,15,,,0,61,,42857,15,,,0,20,,42858,15,,,0,21,,42859,15,,,0,60,,42860,15,,,0,20,,42861,15,,,0,19,,42862,15,,,0,59,,42863,15,,,0,18,,42864,15,,,0,29,,42865,15,,,0,72,,42866,15,,,0,33,,42867,15,,,0
3000000,'6_2',644,,46147,15,,,0,60,,46146,15,,,0,21,,46106,15,,,0,20,,46107,15,,,0,60,,46108,15,,,0,20,,46109,15,,,0,20,,46110,15,,,0,61,,46111,15,,,0,20,,46112,15,,,0,20,,46113,15,,,0,61,,46114,15,,,0,20,,46115,15,,,0,20,,46116,15,,,0,60,,46117,15,,,0,20,,46118,15,,,0,20,,46119,15,,,0,60,,46120,15,,,0,19,,46121,15,,,0,20,,46122,15,,,0,60,,46123,15,,,0,21,,46124,15,,,0,20,,46125,15,,,0,60,,46126,15,,,0,20,,46127,15,,,0,19,,46128,15,,,0,60,,46129,15,,,0,20,,46130,15,,,0,20,,46131,15,,,0,60,,46132,15,,,0,19,,46133,15,,,0,20,,46134,15,,,0,61,,46135,15,,,0,20,,46136,15,,,0,21,,46137,15,,,0,60,,46138,15,,,0,20,,46139,15,,,0,19,,46140,15,,,0,59,,46141,15,,,0,18,,46142,15,,,0,29,,46143,15,,,0,72,,46144,15,,,0,33,,46145,15,,,0
3000000,'6_3',644,,46189,15,,,0,60,,46188,15,,,0,21,,46148,15,,,0,20,,46149,15,,,0,60,,46150,15,,,0,20,,46151,15,,,0,20,,46152,15,,,0,61,,46153,15,,,0,20,,46154,15,,,0,20,,46155,15,,,0,61,,46156,15,,,0,20,,46157,15,,,0,20,,46158,15,,,0,60,,46159,15,,,0,20,,46160,15,,,0,20,,46161,15,,,0,60,,46162,15,,,0,19,,46163,15,,,0,20,,46164,15,,,0,60,,46165,15,,,0,21,,46166,15,,,0,20,,46167,15,,,0,60,,46168,15,,,0,20,,46169,15,,,0,19,,46170,15,,,0,60,,46171,15,,,0,20,,46172,15,,,0,20,,46173,15,,,0,60,,46174,15,,,0,19,,46175,15,,,0,20,,46176,15,,,0,61,,46177,15,,,0,20,,46178,15,,,0,21,,46179,15,,,0,60,,46180,15,,,0,20,,46181,15,,,0,19,,46182,15,,,0,59,,46183,15,,,0,18,,46184,15,,,0,29,,46185,15,,,0,72,,46186,15,,,0,33,,46187,15,,,0
3000000,'6_4',644,,46231,15,,,0,60,,46230,15,,,0,21,,46190,15,,,0,20,,46191,15,,,0,60,,46192,15,,,0,20,,46193,15,,,0,20,,46194,15,,,0,61,,46195,15,,,0,20,,46196,15,,,0,20,,46197,15,,,0,61,,46198,15,,,0,20,,46199,15,,,0,20,,46200,15,,,0,60,,46201,15,,,0,20,,46202,15,,,0,20,,46203,15,,,0,60,,46204,15,,,0,19,,46205,15,,,0,20,,46206,15,,,0,60,,46207,15,,,0,21,,46208,15,,,0,20,,46209,15,,,0,60,,46210,15,,,0,20,,46211,15,,,0,19,,46212,15,,,0,60,,46213,15,,,0,20,,46214,15,,,0,20,,46215,15,,,0,60,,46216,15,,,0,19,,46217,15,,,0,20,,46218,15,,,0,61,,46219,15,,,0,20,,46220,15,,,0,21,,46221,15,,,0,60,,46222,15,,,0,20,,46223,15,,,0,19,,46224,15,,,0,59,,46225,15,,,0,18,,46226,15,,,0,29,,46227,15,,,0,72,,46228,15,,,0,33,,46229,15,,,0
3000000,'7_1',644,,47906,15,,,0,59,,47905,15,,,0,23,,47865,15,,,0,20,,47866,15,,,0,60,,47867,15,,,0,19,,47868,15,,,0,20,,47869,15,,,0,62,,47870,15,,,0,20,,47871,15,,,0,20,,47872,15,,,0,60,,47873,15,,,0,19,,47874,15,,,0,21,,47875,15,,,0,60,,47876,15,,,0,20,,47877,15,,,0,20,,47878,15,,,0,60,,47879,15,,,0,21,,47880,15,,,0,20,,47881,15,,,0,59,,47882,15,,,0,20,,47883,15,,,0,19,,47884,15,,,0,60,,47885,15,,,0,21,,47886,15,,,0,20,,47887,15,,,0,60,,47888,15,,,0,20,,47889,15,,,0,19,,47890,15,,,0,59,,47891,15,,,0,17,,47892,15,,,0,19,,47893,15,,,0,18,,47894,15,,,0,61,,47895,15,,,0,21,,47896,15,,,0,61,,47897,15,,,0,21,,47898,15,,,0,21,,47899,15,,,0,60,,47900,15,,,0,20,,47901,15,,,0,28,,47902,15,,,0,73,,47903,15,,,0,32,,47904,15,,,0
