501,'25j05H-Dimanche',948,,2050,,,0,200,,2051,,,0,200,,2052,,,0,200,,2049,,,0
501,'25j26H-Dimanche',948,,2054,,,0,200,,2055,,,0,200,,2056,,,0,200,,2053,,,0
501,'26a05H-Samedi',820,,2080,,,0,101,,2081,,,0,100,,2082,,,0,100,,2083,,,0,100,,2084,,,0,94,,2085,,,0,99,,2086,,,0,100,,2087,,,0,100,,2088,,,0,101,,2089,,,0,99,,2090,,,0,189,,2091,,,0
501,'26a05H-Mercredi',928,,2092,,,0,105,,2093,,,0,101,,2094,,,0,86,,2095,,,0,94,,2096,,,0,98,,2097,,,0,102,,2098,,,0,101,,2099,,,0,107,,2100,,,0,104,,2101,,,0,127,,2102,,,0
501,'26a05H-Mercredi0010000',1244,,2103,0,20 21,0
501,'26a05H-L-Ma-J-V',928,,2104,,,0,105,,2105,,,0,101,,2106,,,0,86,,2107,,,0,94,,2108,,,0,98,,2109,,,0,102,,2110,,,0,101,,2111,,,0,107,,2112,,,0,104,,2113,,,0,127,,2114,,,0
501,'26a05H-L-Ma-J-V1101100',1641,,2115,0,20 21,0,110,,2116,0,20 21,0,93,,2117,0,20 21,0
501,'26b23V-Semaine',928,,2118,,,0,105,,2119,,,0,101,,2120,,,0,86,,2121,,,0,94,,2122,,,0,98,,2123,,,0,102,,2124,,,0,101,,2125,,,0,107,,2126,,,0,104,,2127,,,0,127,,2128,,,0
501,'26c02V-Semaine',928,,2129,,,0,105,,2130,,,0,101,,2131,,,0,86,,2132,,,0,94,,2133,,,0,98,,2134,,,0,102,,2135,,,0,101,,2136,,,0,107,,2137,,,0,104,,2138,,,0,127,,2139,,,0
1000001,'25j05H-Dimanche',820,,5286,,,0,80,,5287,,,0,40,,5288,,,0,80,,5289,,,0,80,,5290,,,0,40,,5291,,,0,80,,5292,,,0,80,,5293,,,0,40,,5294,,,0,80,,5295,,,0,80,,5296,,,0,40,,5297,,,0,80,,5298,,,0,80,,5299,,,0,40,,5300,,,0,80,,5301,,,0,80,,5302,,,0,40,,5303,,,0
1000001,'25j26H-Dimanche',820,,5304,,,0,80,,5305,,,0,40,,5306,,,0,80,,5307,,,0,80,,5308,,,0,40,,5309,,,0,80,,5310,,,0,80,,5311,,,0,40,,5312,,,0,80,,5313,,,0,80,,5314,,,0,40,,5315,,,0,80,,5316,,,0,80,,5317,,,0,40,,5318,,,0,80,,5319,,,0,80,,5320,,,0,40,,5321,,,0
1000001,'26a05H-Samedi',550,,5476,,,0,81,,5477,,,0,81,,5478,,,0,30,,5479,,,0,69,,5480,,,0,29,,5481,,,0,15,,5482,,,0,55,,5483,,,0,15,,5484,,,0,15,,5485,,,0,15,,5486,,,0,55,,5487,,,0,16,,5488,,,0,15,,5489,,,0,16,,5490,,,0,55,,5491,,,0,15,,5492,,,0,16,,5493,,,0,15,,5494,,,0,56,,5495,,,0,15,,5496,,,0,14,,5497,,,0,16,,5498,,,0,56,,5499,,,0,9,,5500,,,0,10,,5501,,,0,8,,5502,,,0,10,,5504,,,0,50,,5503,,,0,10,,5505,,,0,11,,5506,,,0,12,,5507,,,0,10,,5508,,,0,9,,5509,,,0,50,,5510,,,0,11,,5511,,,0,10,,5512,,,0,10,,5513,,,0,11,,5514,,,0,11,,5515,,,0,49,,5516,,,0,10,,5517,,,0,10,,5518,,,0,12,,5519,,,0,9,,5520,,,0,9,,5521,,,0,50,,5522,,,0,10,,5524,,,0,9,,5523,,,0,10,,5525,,,0,9,,5526,,,0,10,,5528,,,0,50,,5527,,,0,9,,5529,,,0,9,,5530,,,0,9,,5532,,,0,10,,5531,,,0,10,,5533,,,0,53,,5534,,,0,19,,5535,,,0,17,,5536,,,0,61,,5537,,,0,21,,5538,,,0,17,,5539,,,0,19,,5540,,,0,60,,5541,,,0,20,,5542,,,0,20,,5543,,,0
1000001,'26a05H-Mercredi',550,,5544,,,0,60,,5545,,,0,20,,5546,,,0,20,,5547,,,0,61,,5548,,,0,10,,5628,,,0,10,,5629,,,0,10,,5579,,,0,10,,5580,,,0,50,,5581,,,0,11,,5582,,,0,10,,5583,,,0,9,,5584,,,0,10,,5585,,,0,10,,5586,,,0,50,,5587,,,0,10,,5588,,,0,10,,5589,,,0,11,,5590,,,0,11,,5549,,,0,11,,5550,,,0,50,,5551,,,0,10,,5552,,,0,11,,5553,,,0,11,,5591,,,0,11,,5554,,,0,11,,5555,,,0,50,,5556,,,0,11,,5557,,,0,10,,5558,,,0,11,,5592,,,0,11,,5559,,,0,51,,5560,,,0,10,,5561,,,0,9,,5562,,,0,9,,5593,,,0,10,,5594,,,0,10,,5595,,,0,50,,5596,,,0,10,,5597,,,0,10,,5598,,,0,10,,5599,,,0,9,,5600,,,0,10,,5601,,,0,51,,5602,,,0,10,,5603,,,0,10,,5604,,,0,10,,5605,,,0,10,,5563,,,0,10,,5564,,,0,9,,5606,,,0,50,,5565,,,0,9,,5566,,,0,11,,5567,,,0,11,,5607,,,0,12,,5568,,,0,51,,5569,,,0,11,,5570,,,0,10,,5571,,,0,9,,5572,,,0,10,,5608,,,0,10,,5609,,,0,50,,5610,,,0,11,,5611,,,0,11,,5612,,,0,11,,5613,,,0,10,,5614,,,0,10,,5615,,,0,49,,5616,,,0,10,,5617,,,0,10,,5618,,,0,8,,5619,,,0,9,,5620,,,0,9,,5621,,,0,8,,5622,,,0,49,,5623,,,0,9,,5624,,,0,10,,5625,,,0,13,,5627,,,0,19,,5626,,,0,60,,5573,,,0,20,,5574,,,0,20,,5575,,,0,60,,5576,,,0,19,,5577,,,0,20,,5578,,,0
1000001,'26a05H-L-Ma-J-V',550,,5630,,,0,60,,5631,,,0,20,,5632,,,0,20,,5633,,,0,61,,5634,,,0,10,,5714,,,0,10,,5715,,,0,10,,5665,,,0,10,,5666,,,0,50,,5667,,,0,11,,5668,,,0,10,,5669,,,0,9,,5670,,,0,10,,5671,,,0,10,,5672,,,0,50,,5673,,,0,10,,5674,,,0,10,,5675,,,0,11,,5676,,,0,11,,5635,,,0,11,,5636,,,0,50,,5637,,,0,10,,5638,,,0,11,,5639,,,0,11,,5677,,,0,11,,5640,,,0,11,,5641,,,0,50,,5642,,,0,11,,5643,,,0,10,,5644,,,0,11,,5678,,,0,11,,5645,,,0,51,,5646,,,0,10,,5647,,,0,9,,5648,,,0,9,,5679,,,0,10,,5680,,,0,10,,5681,,,0,50,,5682,,,0,10,,5683,,,0,10,,5684,,,0,10,,5685,,,0,9,,5686,,,0,10,,5687,,,0,51,,5688,,,0,10,,5689,,,0,10,,5690,,,0,10,,5691,,,0,10,,5649,,,0,10,,5650,,,0,9,,5692,,,0,50,,5651,,,0,9,,5652,,,0,11,,5653,,,0,11,,5693,,,0,12,,5654,,,0,51,,5655,,,0,11,,5656,,,0,10,,5657,,,0,9,,5658,,,0,10,,5694,,,0,10,,5695,,,0,50,,5696,,,0,11,,5697,,,0,11,,5698,,,0,11,,5699,,,0,10,,5700,,,0,10,,5701,,,0,49,,5702,,,0,10,,5703,,,0,10,,5704,,,0,8,,5705,,,0,9,,5706,,,0,9,,5707,,,0,8,,5708,,,0,49,,5709,,,0,9,,5710,,,0,10,,5711,,,0,13,,5713,,,0,19,,5712,,,0,60,,5659,,,0,20,,5660,,,0,20,,5661,,,0,60,,5662,,,0,19,,5663,,,0,20,,5664,,,0
1000001,'26b23V-Semaine',550,,5716,,,0,60,,5717,,,0,20,,5718,,,0,21,,5719,,,0,60,,5720,,,0,10,,5800,,,0,11,,5801,,,0,10,,5751,,,0,10,,5752,,,0,50,,5753,,,0,10,,5754,,,0,10,,5755,,,0,10,,5756,,,0,10,,5757,,,0,10,,5758,,,0,49,,5759,,,0,10,,5760,,,0,11,,5761,,,0,10,,5762,,,0,11,,5721,,,0,11,,5722,,,0,50,,5723,,,0,10,,5724,,,0,10,,5725,,,0,11,,5763,,,0,11,,5726,,,0,11,,5727,,,0,51,,5728,,,0,11,,5729,,,0,10,,5730,,,0,11,,5764,,,0,11,,5731,,,0,51,,5732,,,0,10,,5733,,,0,10,,5734,,,0,8,,5765,,,0,10,,5766,,,0,9,,5767,,,0,10,,5768,,,0,50,,5769,,,0,10,,5770,,,0,11,,5771,,,0,9,,5772,,,0,10,,5773,,,0,9,,5774,,,0,50,,5775,,,0,10,,5776,,,0,10,,5777,,,0,10,,5735,,,0,10,,5736,,,0,10,,5778,,,0,50,,5737,,,0,10,,5738,,,0,11,,5739,,,0,10,,5779,,,0,11,,5740,,,0,51,,5741,,,0,11,,5742,,,0,10,,5743,,,0,10,,5744,,,0,10,,5780,,,0,10,,5781,,,0,51,,5782,,,0,10,,5783,,,0,10,,5784,,,0,10,,5785,,,0,10,,5786,,,0,10,,5787,,,0,50,,5788,,,0,10,,5789,,,0,10,,5790,,,0,9,,5791,,,0,9,,5792,,,0,9,,5793,,,0,9,,5794,,,0,49,,5795,,,0,10,,5796,,,0,10,,5797,,,0,13,,5799,,,0,59,,5798,,,0,20,,5745,,,0,20,,5746,,,0,19,,5747,,,0,60,,5748,,,0,20,,5749,,,0,20,,5750,,,0
1000001,'26c02V-Semaine',550,,5802,,,0,60,,5803,,,0,20,,5804,,,0,21,,5805,,,0,60,,5806,,,0,10,,5886,,,0,11,,5887,,,0,10,,5837,,,0,10,,5838,,,0,50,,5839,,,0,10,,5840,,,0,10,,5841,,,0,10,,5842,,,0,10,,5843,,,0,10,,5844,,,0,49,,5845,,,0,10,,5846,,,0,11,,5847,,,0,10,,5848,,,0,11,,5807,,,0,11,,5808,,,0,50,,5809,,,0,10,,5810,,,0,10,,5811,,,0,11,,5849,,,0,11,,5812,,,0,11,,5813,,,0,51,,5814,,,0,11,,5815,,,0,10,,5816,,,0,11,,5850,,,0,11,,5817,,,0,51,,5818,,,0,10,,5819,,,0,10,,5820,,,0,8,,5851,,,0,10,,5852,,,0,9,,5853,,,0,10,,5854,,,0,50,,5855,,,0,10,,5856,,,0,11,,5857,,,0,9,,5858,,,0,10,,5859,,,0,9,,5860,,,0,50,,5861,,,0,10,,5862,,,0,10,,5863,,,0,10,,5821,,,0,10,,5822,,,0,10,,5864,,,0,50,,5823,,,0,10,,5824,,,0,11,,5825,,,0,10,,5865,,,0,11,,5826,,,0,51,,5827,,,0,11,,5828,,,0,10,,5829,,,0,10,,5830,,,0,10,,5866,,,0,10,,5867,,,0,51,,5868,,,0,10,,5869,,,0,10,,5870,,,0,10,,5871,,,0,10,,5872,,,0,10,,5873,,,0,50,,5874,,,0,10,,5875,,,0,10,,5876,,,0,9,,5877,,,0,9,,5878,,,0,9,,5879,,,0,9,,5880,,,0,49,,5881,,,0,10,,5882,,,0,10,,5883,,,0,13,,5885,,,0,59,,5884,,,0,20,,5831,,,0,20,,5832,,,0,19,,5833,,,0,60,,5834,,,0,20,,5835,,,0,20,,5836,,,0
