401,'0_6',706,,65084,22,,,0,124,,65083,22,0,41,0,70,,65081,22,,,0,23,,65070,22,0,41,0,32,,65082,22,0,41,0,70,,65071,22,0,41,0,75,,65077,22,,,0,27,,65072,22,0,41,0,73,,65073,22,0,41,0,32,,65089,22,0,41,0,71,,65091,22,,,0,32,,65078,22,0,41,0,69,,65069,22,0,41,0,28,,65074,22,0,41,0,68,,65079,22,,,0,27,,65075,22,0,41,0,29,,65092,22,0,41,0,71,,65088,22,0,41,0,26,,65085,22,,,0,65,,65086,22,0,41,0,26,,65090,22,,,0,76,,65087,22,0,41,0,36,,65076,22,0,41,0,76,,65080,22,,,0
401,'1_7',941,,65093,22,,,0,165,,65094,22,,,0,125,,65095,22,,,0,201,,65096,22,,,0,125,,65097,22,,,0,165,,65098,22,,,0,125,,65099,22,,,0
401,'2_1',706,,65110,30,,,0,16,,65111,24,0,41,0,79,,65122,24,0,41,0,34,,65101,25,0,41,0,65,,65123,22,,,0,26,,65102,22,0,41,0,29,,65124,22,0,41,0,70,,65103,22,0,41,0,75,,65118,22,,,0,31,,65104,22,0,41,0,70,,65105,22,0,41,0,32,,65117,24,0,41,0,75,,65115,25,,,0,30,,65119,22,0,41,0,66,,65100,22,0,41,0,28,,65106,22,0,41,0,68,,65120,22,,,0,25,,65107,22,0,41,0,31,,65108,22,,,0,65,,65116,25,0,41,0,28,,65112,24,,,0,69,,65113,27,0,41,0,37,,65125,25,,,0,65,,65114,24,0,41,0,31,,65109,22,0,41,0,79,,65121,22,,,0
401,'2_2',706,,65136,30,,,0,16,,65137,24,0,41,0,79,,65148,24,0,41,0,34,,65127,25,0,41,0,65,,65149,22,,,0,26,,65128,22,0,41,0,29,,65150,22,0,41,0,70,,65129,22,0,41,0,75,,65144,22,,,0,31,,65130,22,0,41,0,70,,65131,22,0,41,0,32,,65143,24,0,41,0,75,,65141,25,,,0,30,,65145,22,0,41,0,66,,65126,22,0,41,0,28,,65132,22,0,41,0,68,,65146,22,,,0,25,,65133,22,0,41,0,31,,65134,22,,,0,65,,65142,25,0,41,0,28,,65138,24,,,0,69,,65139,27,0,41,0,37,,65151,25,,,0,65,,65140,24,0,41,0,31,,65135,22,0,41,0,79,,65147,22,,,0
401,'2_3',706,,65162,30,,,0,16,,65163,24,0,41,0,79,,65174,24,0,41,0,34,,65153,25,0,41,0,65,,65175,22,,,0,26,,65154,22,0,41,0,29,,65176,22,0,41,0,70,,65155,22,0,41,0,75,,65170,22,,,0,31,,65156,22,0,41,0,70,,65157,22,0,41,0,32,,65169,24,0,41,0,75,,65167,25,,,0,30,,65171,22,0,41,0,66,,65152,22,0,41,0,28,,65158,22,0,41,0,68,,65172,22,,,0,25,,65159,22,0,41,0,31,,65160,22,,,0,65,,65168,25,0,41,0,28,,65164,24,,,0,69,,65165,27,0,41,0,37,,65177,25,,,0,65,,65166,24,0,41,0,31,,65161,22,0,41,0,79,,65173,22,,,0
401,'2_4',706,,65188,30,,,0,16,,65189,24,0,41,0,79,,65200,24,0,41,0,34,,65179,25,0,41,0,65,,65201,22,,,0,26,,65180,22,0,41,0,29,,65202,22,0,41,0,70,,65181,22,0,41,0,75,,65196,22,,,0,31,,65182,22,0,41,0,70,,65183,22,0,41,0,32,,65195,24,0,41,0,75,,65193,25,,,0,30,,65197,22,0,41,0,66,,65178,22,0,41,0,28,,65184,22,0,41,0,68,,65198,22,,,0,25,,65185,22,0,41,0,31,,65186,22,,,0,65,,65194,25,0,41,0,28,,65190,24,,,0,69,,65191,27,0,41,0,37,,65203,25,,,0,65,,65192,24,0,41,0,31,,65187,22,0,41,0,79,,65199,22,,,0
401,'2_5',706,,65214,30,,,0,16,,65215,24,0,41,0,79,,65226,24,0,41,0,34,,65205,25,0,41,0,65,,65227,22,,,0,26,,65206,22,0,41,0,29,,65228,22,0,41,0,70,,65207,22,0,41,0,75,,65222,22,,,0,31,,65208,22,0,41,0,70,,65209,22,0,41,0,32,,65221,24,0,41,0,75,,65219,25,,,0,30,,65223,22,0,41,0,66,,65204,22,0,41,0,28,,65210,22,0,41,0,68,,65224,22,,,0,25,,65211,22,0,41,0,31,,65212,22,,,0,65,,65220,25,0,41,0,28,,65216,24,,,0,69,,65217,27,0,41,0,37,,65229,25,,,0,65,,65218,24,0,41,0,31,,65213,22,0,41,0,79,,65225,22,,,0
401,'3_1',706,,65240,30,,,0,16,,65241,24,0,41,0,79,,65252,24,0,41,0,34,,65231,25,0,41,0,65,,65253,22,,,0,26,,65232,22,0,41,0,29,,65254,22,0,41,0,70,,65233,22,0,41,0,75,,65248,22,,,0,31,,65234,22,0,41,0,70,,65235,22,0,41,0,32,,65247,24,0,41,0,75,,65245,25,,,0,30,,65249,22,0,41,0,66,,65230,22,0,41,0,28,,65236,22,0,41,0,68,,65250,22,,,0,25,,65237,22,0,41,0,31,,65238,22,,,0,65,,65246,25,0,41,0,28,,65242,24,,,0,69,,65243,27,0,41,0,37,,65255,25,,,0,65,,65244,24,0,41,0,31,,65239,22,0,41,0,79,,65251,22,,,0
401,'3_3',706,,65266,30,,,0,16,,65267,24,0,41,0,79,,65278,24,0,41,0,34,,65257,25,0,41,0,65,,65279,22,,,0,26,,65258,22,0,41,0,29,,65280,22,0,41,0,70,,65259,22,0,41,0,75,,65274,22,,,0,31,,65260,22,0,41,0,70,,65261,22,0,41,0,32,,65273,24,0,41,0,75,,65271,25,,,0,30,,65275,22,0,41,0,66,,65256,22,0,41,0,28,,65262,22,0,41,0,68,,65276,22,,,0,25,,65263,22,0,41,0,31,,65264,22,,,0,65,,65272,25,0,41,0,28,,65268,24,,,0,69,,65269,27,0,41,0,37,,65281,25,,,0,65,,65270,24,0,41,0,31,,65265,22,0,41,0,79,,65277,22,,,0
401,'3_4',706,,65292,30,,,0,16,,65293,24,0,41,0,79,,65304,24,0,41,0,34,,65283,25,0,41,0,65,,65305,22,,,0,26,,65284,22,0,41,0,29,,65306,22,0,41,0,70,,65285,22,0,41,0,75,,65300,22,,,0,31,,65286,22,0,41,0,70,,65287,22,0,41,0,32,,65299,24,0,41,0,75,,65297,25,,,0,30,,65301,22,0,41,0,66,,65282,22,0,41,0,28,,65288,22,0,41,0,68,,65302,22,,,0,25,,65289,22,0,41,0,31,,65290,22,,,0,65,,65298,25,0,41,0,28,,65294,24,,,0,69,,65295,27,0,41,0,37,,65307,25,,,0,65,,65296,24,0,41,0,31,,65291,22,0,41,0,79,,65303,22,,,0
401,'3_5',706,,65318,30,,,0,16,,65319,24,0,41,0,79,,65330,24,0,41,0,34,,65309,25,0,41,0,65,,65331,22,,,0,26,,65310,22,0,41,0,29,,65332,22,0,41,0,70,,65311,22,0,41,0,75,,65326,22,,,0,31,,65312,22,0,41,0,70,,65313,22,0,41,0,32,,65325,24,0,41,0,75,,65323,25,,,0,30,,65327,22,0,41,0,66,,65308,22,0,41,0,28,,65314,22,0,41,0,68,,65328,22,,,0,25,,65315,22,0,41,0,31,,65316,22,,,0,65,,65324,25,0,41,0,28,,65320,24,,,0,69,,65321,27,0,41,0,37,,65333,25,,,0,65,,65322,24,0,41,0,31,,65317,22,0,41,0,79,,65329,22,,,0
401,'4_7',941,,65334,22,,,0,165,,65335,22,,,0,125,,65336,22,,,0,201,,65337,22,,,0,125,,65338,22,,,0,165,,65339,22,,,0,125,,65340,22,,,0
