501,'S2-0_6',755,,56026,39,,,0,101,,56027,39,,,0,98,,56028,39,,,0,102,,56029,39,,,0,99,,56030,39,,,0,98,,56031,39,,,0,80,,56032,39,,,0,78,,56033,39,,,0,98,,56034,39,,,0,102,,56035,39,,,0,100,,56036,39,,,0,34,,56037,39,,,0,68,,56038,39,,,0,98,,56039,39,,,0,95,,56040,39,,,0
501,'S2-1_7',1139,,56041,39,,,0,191,,56042,39,,,0,191,,56043,39,,,0,184,,56044,39,,,0,151,,56045,39,,,0
501,'S2-2_1',755,,56046,39,,,0,101,,56047,39,,,0,98,,56048,39,,,0,102,,56049,39,,,0,99,,56050,39,,,0,98,,56051,39,,,0,80,,56052,39,,,0,78,,56053,39,,,0,98,,56054,39,,,0,102,,56055,39,,,0,100,,56056,39,,,0,34,,56057,39,,,0,68,,56058,39,,,0,98,,56059,39,,,0,95,,56060,39,,,0
501,'S2-2_2',755,,56061,39,,,0,101,,56062,39,,,0,98,,56063,39,,,0,102,,56064,39,,,0,99,,56065,39,,,0,98,,56066,39,,,0,80,,56067,39,,,0,78,,56068,39,,,0,98,,56069,39,,,0,102,,56070,39,,,0,100,,56071,39,,,0,34,,56072,39,,,0,68,,56073,39,,,0,98,,56074,39,,,0,95,,56075,39,,,0
501,'S2-2_3',755,,56076,39,,,0,101,,56077,39,,,0,98,,56078,39,,,0,102,,56079,39,,,0,99,,56080,39,,,0,98,,56081,39,,,0,80,,56082,39,,,0,78,,56083,39,,,0,98,,56084,39,,,0,102,,56085,39,,,0,100,,56086,39,,,0,34,,56087,39,,,0,68,,56088,39,,,0,98,,56089,39,,,0,95,,56090,39,,,0
501,'S2-2_4',755,,56091,39,,,0,101,,56092,39,,,0,98,,56093,39,,,0,102,,56094,39,,,0,99,,56095,39,,,0,98,,56096,39,,,0,80,,56097,39,,,0,78,,56098,39,,,0,98,,56099,39,,,0,102,,56100,39,,,0,100,,56101,39,,,0,34,,56102,39,,,0,68,,56103,39,,,0,98,,56104,39,,,0,95,,56105,39,,,0
501,'S2-2_5',755,,56106,39,,,0,101,,56107,39,,,0,98,,56108,39,,,0,102,,56109,39,,,0,99,,56110,39,,,0,98,,56111,39,,,0,80,,56112,39,,,0,78,,56113,39,,,0,98,,56114,39,,,0,102,,56115,39,,,0,100,,56116,39,,,0,34,,56117,39,,,0,68,,56118,39,,,0,98,,56119,39,,,0,95,,56120,39,,,0
501,'S2-3_1',755,,56121,39,,,0,101,,56122,39,,,0,98,,56123,39,,,0,102,,56124,39,,,0,99,,56125,39,,,0,98,,56126,39,,,0,80,,56127,39,,,0,78,,56128,39,,,0,98,,56129,39,,,0,102,,56130,39,,,0,100,,56131,39,,,0,34,,56132,39,,,0,68,,56133,39,,,0,98,,56134,39,,,0,95,,56135,39,,,0
501,'S2-3_3',755,,56136,39,,,0,101,,56137,39,,,0,98,,56138,39,,,0,102,,56139,39,,,0,99,,56140,39,,,0,98,,56141,39,,,0,80,,56142,39,,,0,78,,56143,39,,,0,98,,56144,39,,,0,102,,56145,39,,,0,100,,56146,39,,,0,34,,56147,39,,,0,68,,56148,39,,,0,98,,56149,39,,,0,95,,56150,39,,,0
501,'S2-3_4',755,,56151,39,,,0,101,,56152,39,,,0,98,,56153,39,,,0,102,,56154,39,,,0,99,,56155,39,,,0,98,,56156,39,,,0,80,,56157,39,,,0,78,,56158,39,,,0,98,,56159,39,,,0,102,,56160,39,,,0,100,,56161,39,,,0,34,,56162,39,,,0,68,,56163,39,,,0,98,,56164,39,,,0,95,,56165,39,,,0
501,'S2-4_7',1139,,56166,39,,,0,191,,56167,39,,,0,191,,56168,39,,,0,184,,56169,39,,,0,151,,56170,39,,,0
