101,'25j05H-Dimanche',944,,228,0,41 42,0,105,,233,0,43,0,105,,229,0,41 42,0,105,,234,0,43,0,145,,230,0,41 42,0,50,,235,0,43,0,100,,231,0,41 42,0,105,,236,0,43,0,145,,232,0,41 42,0,105,,237,0,43,0
101,'25j26H-Dimanche',944,,242,0,41 42,0,105,,247,0,43,0,105,,243,0,41 42,0,105,,248,0,43,0,145,,244,0,41 42,0,50,,249,0,43,0,100,,245,0,41 42,0,105,,250,0,43,0,145,,246,0,41 42,0,105,,251,0,43,0
101,'26a05H-Samedi',738,,307,0,43,0,118,,308,0,43,0,146,,309,0,43,0,30,,320,0,41 42,0,69,,310,0,43,0,31,,321,0,41 42,0,69,,311,0,43,0,29,,322,0,41 42,0,70,,312,0,43,0,29,,323,0,41 42,0,71,,313,0,43,0,29,,324,0,41 42,0,71,,314,0,43,0,30,,325,0,41 42,0,71,,315,0,43,0,32,,326,0,41 42,0,72,,316,0,43,0,31,,327,0,41 42,0,71,,317,0,43,0,29,,328,0,41 42,0,73,,318,0,43,0,23,,329,0,41 42,0,25,,319,0,43,0
101,'26a05H-Mercredi',746,,330,0,41 42,0,9,,359,0,43,0,59,,331,0,41 42,0,14,,358,0,43,0,15,,332,0,41 42,0,57,,361,0,43,0,37,,336,0,41 42,0,82,,346,0,43,0,35,,337,0,41 42,0,81,,349,0,43,0,73,,338,0,41 42,0,29,,350,0,43,0,20,,339,0,41 42,0,75,,351,0,43,0,79,,333,0,41 42,0,28,,347,0,43,0,69,,340,0,41 42,0,25,,352,0,43,0,75,,341,0,41 42,0,22,,353,0,43,0,25,,342,0,41 42,0,57,,357,0,43,0,21,,343,0,41 42,0,21,,348,0,43,0,54,,344,0,41 42,0,26,,354,0,43,0,12,,334,0,41 42,0,56,,355,0,43,0,28,,335,0,41 42,0,75,,356,0,43,0
101,'26a05H-L-Ma-J-V',746,,363,0,41 42,0,9,,392,0,43,0,59,,364,0,41 42,0,14,,391,0,43,0,15,,365,0,41 42,0,57,,394,0,43,0,37,,369,0,41 42,0,82,,379,0,43,0,35,,370,0,41 42,0,81,,382,0,43,0,73,,371,0,41 42,0,29,,383,0,43,0,20,,372,0,41 42,0,75,,384,0,43,0,79,,366,0,41 42,0,28,,380,0,43,0,69,,373,0,41 42,0,25,,385,0,43,0,75,,374,0,41 42,0,22,,386,0,43,0,25,,375,0,41 42,0,57,,390,0,43,0,21,,376,0,41 42,0,21,,381,0,43,0,54,,377,0,41 42,0,26,,387,0,43,0,12,,367,0,41 42,0,56,,388,0,43,0,28,,368,0,41 42,0,75,,389,0,43,0
101,'26b23V-Semaine',741,,396,0,41 42,0,16,,422,0,43,0,57,,397,0,41 42,0,15,,421,0,43,0,15,,398,0,41 42,0,15,,423,0,43,0,80,,402,0,41 42,0,80,,412,0,43,0,36,,403,0,41 42,0,80,,414,0,43,0,78,,404,0,41 42,0,25,,415,0,43,0,20,,405,0,41 42,0,75,,416,0,43,0,76,,399,0,41 42,0,30,,413,0,43,0,70,,406,0,41 42,0,25,,417,0,43,0,71,,407,0,41 42,0,26,,418,0,43,0,70,,408,0,41 42,0,31,,409,0,43,0,74,,410,0,41 42,0,34,,400,0,41 42,0,69,,419,0,43,0,26,,401,0,41 42,0,70,,420,0,43,0
101,'26c02V-Semaine',741,,424,0,41 42,0,16,,450,0,43,0,57,,425,0,41 42,0,15,,449,0,43,0,15,,426,0,41 42,0,15,,451,0,43,0,80,,430,0,41 42,0,80,,440,0,43,0,36,,431,0,41 42,0,80,,442,0,43,0,78,,432,0,41 42,0,25,,443,0,43,0,20,,433,0,41 42,0,75,,444,0,43,0,76,,427,0,41 42,0,30,,441,0,43,0,70,,434,0,41 42,0,25,,445,0,43,0,71,,435,0,41 42,0,26,,446,0,43,0,70,,436,0,41 42,0,31,,437,0,43,0,74,,438,0,41 42,0,34,,428,0,41 42,0,69,,447,0,43,0,26,,429,0,41 42,0,70,,448,0,43,0
2201,'25j05H-Dimanche',923,,3680,,,0,320,,3681,,,0,279,,3682,,,0,320,,3683,,,0
2201,'25j26H-Dimanche',923,,3684,,,0,320,,3685,,,0,279,,3686,,,0,320,,3687,,,0
2201,'26a05H-Mercredi',1258,,3688,,,0,386,,3689,,,0,158,,3690,,,0,101,,3691,,,0
2201,'26a05H-Mercredi0010000',1223,,3692,,,0
2201,'26a05H-L-Ma-J-V',1258,,3693,,,0,386,,3694,,,0,158,,3695,,,0,101,,3696,,,0
2201,'26a05H-L-Ma-J-V1101100',1622,,3697,,,0,100,,3698,,,0,100,,3699,,,0
