300,'2_6',653,,30806,11,,,0,69,,30808,11,,,0,29,,30809,11,,,0,69,,30807,11,,,0,30,,30811,11,,,0,69,,30812,11,,,0,28,,30810,11,,,0,71,,30813,11,,,0,30,,30814,11,,,0,70,,30817,11,,,0,30,,30816,11,,,0,70,,30815,11,,,0,29,,30819,11,,,0,69,,30818,11,,,0,29,,30820,11,,,0,69,,30821,11,,,0,32,,30822,11,,,0,72,,30823,11,,,0,31,,30824,11,,,0,70,,30825,11,,,0,32,,30826,11,,,0,72,,30827,11,,,0,30,,30828,11,,,0,71,,30833,11,,,0,31,,30829,11,,,0,70,,30830,11,,,0,27,,30831,11,,,0,71,,30832,11,,,0
300,'3_7',908,,30834,11,,,0,100,,30835,11,,,0,100,,30836,11,,,0,100,,30837,11,,,0,100,,30838,11,,,0,100,,30839,11,,,0,100,,30840,11,,,0,100,,30841,11,,,0,100,,30842,11,,,0,100,,30843,11,,,0,100,,30844,11,,,0
300,'4_7',908,,46804,11,,,0,100,,46805,11,,,0,100,,46806,11,,,0,100,,46807,11,,,0,100,,46808,11,,,0,100,,46809,11,,,0,100,,46810,11,,,0,100,,46811,11,,,0,100,,46812,11,,,0,100,,46813,11,,,0,100,,46814,11,,,0
300,'5_5',658,,39111,11,,,0,64,,39112,11,,,0,29,,39113,11,,,0,62,,39116,11,,,0,25,,39115,11,,,0,69,,39114,11,,,0,31,,39118,11,,,0,72,,39121,11,,,0,31,,39123,11,,,0,72,,39119,11,,,0,33,,39124,11,,,0,73,,39117,11,,,0,34,,39120,11,,,0,71,,39122,11,,,0,32,,39125,11,,,0,72,,39126,11,,,0,72,,39127,11,,,0,34,,39129,11,,,0,68,,39128,11,,,0,28,,39131,11,,,0,28,,39133,11,,,0,67,,39135,11,,,0,28,,39132,11,,,0,70,,39138,11,,,0,32,,39137,11,,,0,70,,39134,11,,,0,77,,39136,11,,,0,30,,39130,11,,,0
300,'6_1',658,,39139,11,,,0,64,,39140,11,,,0,29,,39141,11,,,0,62,,39144,11,,,0,25,,39143,11,,,0,69,,39142,11,,,0,31,,39146,11,,,0,72,,39149,11,,,0,31,,39151,11,,,0,72,,39147,11,,,0,33,,39152,11,,,0,73,,39145,11,,,0,34,,39148,11,,,0,71,,39150,11,,,0,32,,39153,11,,,0,72,,39154,11,,,0,72,,39155,11,,,0,34,,39157,11,,,0,68,,39156,11,,,0,28,,39159,11,,,0,28,,39161,11,,,0,67,,39163,11,,,0,28,,39160,11,,,0,70,,39166,11,,,0,32,,39165,11,,,0,70,,39162,11,,,0,77,,39164,11,,,0,30,,39158,11,,,0
300,'6_2',658,,43922,11,,,0,64,,43923,11,,,0,29,,43924,11,,,0,62,,43927,11,,,0,25,,43926,11,,,0,69,,43925,11,,,0,31,,43929,11,,,0,72,,43932,11,,,0,31,,43934,11,,,0,72,,43930,11,,,0,33,,43935,11,,,0,73,,43928,11,,,0,34,,43931,11,,,0,71,,43933,11,,,0,32,,43936,11,,,0,72,,43937,11,,,0,72,,43938,11,,,0,34,,43940,11,,,0,68,,43939,11,,,0,28,,43942,11,,,0,28,,43944,11,,,0,67,,43946,11,,,0,28,,43943,11,,,0,70,,43949,11,,,0,32,,43948,11,,,0,70,,43945,11,,,0,77,,43947,11,,,0,30,,43941,11,,,0
300,'6_3',658,,43950,11,,,0,64,,43951,11,,,0,29,,43952,11,,,0,62,,43955,11,,,0,25,,43954,11,,,0,69,,43953,11,,,0,31,,43957,11,,,0,72,,43960,11,,,0,31,,43962,11,,,0,72,,43958,11,,,0,33,,43963,11,,,0,73,,43956,11,,,0,34,,43959,11,,,0,71,,43961,11,,,0,32,,43964,11,,,0,72,,43965,11,,,0,72,,43966,11,,,0,34,,43968,11,,,0,68,,43967,11,,,0,28,,43970,11,,,0,28,,43972,11,,,0,67,,43974,11,,,0,28,,43971,11,,,0,70,,43977,11,,,0,32,,43976,11,,,0,70,,43973,11,,,0,77,,43975,11,,,0,30,,43969,11,,,0
300,'6_4',658,,43978,11,,,0,64,,43979,11,,,0,29,,43980,11,,,0,62,,43983,11,,,0,25,,43982,11,,,0,69,,43981,11,,,0,31,,43985,11,,,0,72,,43988,11,,,0,31,,43990,11,,,0,72,,43986,11,,,0,33,,43991,11,,,0,73,,43984,11,,,0,34,,43987,11,,,0,71,,43989,11,,,0,32,,43992,11,,,0,72,,43993,11,,,0,72,,43994,11,,,0,34,,43996,11,,,0,68,,43995,11,,,0,28,,43998,11,,,0,28,,44000,11,,,0,67,,44002,11,,,0,28,,43999,11,,,0,70,,44005,11,,,0,32,,44004,11,,,0,70,,44001,11,,,0,77,,44003,11,,,0,30,,43997,11,,,0
300,'7_1',649,,46815,11,,,0,64,,46816,11,,,0,31,,46817,11,,,0,65,,46818,11,,,0,25,,46819,11,,,0,70,,46820,11,,,0,32,,46821,11,,,0,72,,46822,11,,,0,32,,46823,11,,,0,72,,46824,11,,,0,32,,46825,11,,,0,72,,46826,11,,,0,32,,46827,11,,,0,72,,46828,11,,,0,32,,46829,11,,,0,72,,46830,11,,,0,32,,46831,11,,,0,72,,46832,11,,,0,31,,46834,11,,,0,67,,46835,11,,,0,28,,46836,11,,,0,69,,46837,11,,,0,30,,46838,11,,,0,71,,46842,11,,,0,31,,46839,11,,,0,71,,46840,11,,,0,33,,46841,11,,,0,70,,46833,11,,,0
900601,'2_6',804,,33991,17,,,0,130,,33992,17,,,0,170,,33993,17,,,0,135,,33994,17,,,0,120,,33995,17,,,0,175,,33996,17,,,0,125,,33997,17,,,0,170,,33998,17,,,0
900601,'5_5',804,,41034,17,,,0,130,,41035,17,,,0,170,,41036,17,,,0,135,,41037,17,,,0,120,,41038,17,,,0,175,,41039,17,,,0,125,,41040,17,,,0,170,,41041,17,,,0
900601,'6_1',804,,41042,17,,,0,130,,41043,17,,,0,170,,41044,17,,,0,135,,41045,17,,,0,120,,41046,17,,,0,175,,41047,17,,,0,125,,41048,17,,,0,170,,41049,17,,,0
900601,'6_2',804,,45116,17,,,0,130,,45117,17,,,0,170,,45118,17,,,0,135,,45119,17,,,0,120,,45120,17,,,0,175,,45121,17,,,0,125,,45122,17,,,0,170,,45123,17,,,0
900601,'6_3',804,,45124,17,,,0,130,,45125,17,,,0,170,,45126,17,,,0,135,,45127,17,,,0,120,,45128,17,,,0,175,,45129,17,,,0,125,,45130,17,,,0,170,,45131,17,,,0
900601,'6_4',804,,45132,17,,,0,130,,45133,17,,,0,170,,45134,17,,,0,135,,45135,17,,,0,120,,45136,17,,,0,175,,45137,17,,,0,125,,45138,17,,,0,170,,45139,17,,,0
900601,'7_1',804,,47417,17,,,0,130,,47418,17,,,0,170,,47419,17,,,0,135,,47420,17,,,0,120,,47421,17,,,0,175,,47422,17,,,0,125,,47423,17,,,0,170,,47424,17,,,0
2900300,'7_1',704,,47821,3,,,0,29,,47822,3,,,0,70,,47823,3,,,0
