900601,'2_6',750,,33991,4,,,0,170,,33992,4,,,0,130,,33993,4,,,0,175,,33994,4,,,0,120,,33995,4,,,0,175,,33996,4,,,0,125,,33997,4,,,0,170,,33998,4,,,0
900601,'5_1',750,,37855,4,,,0,170,,37856,4,,,0,130,,37857,4,,,0,175,,37858,4,,,0,120,,37859,4,,,0,175,,37860,4,,,0,125,,37861,4,,,0,170,,37862,4,,,0
900601,'5_2',750,,41010,4,,,0,170,,41011,4,,,0,130,,41012,4,,,0,175,,41013,4,,,0,120,,41014,4,,,0,175,,41015,4,,,0,125,,41016,4,,,0,170,,41017,4,,,0
900601,'5_3',750,,41018,4,,,0,170,,41019,4,,,0,130,,41020,4,,,0,175,,41021,4,,,0,120,,41022,4,,,0,175,,41023,4,,,0,125,,41024,4,,,0,170,,41025,4,,,0
900601,'5_4',750,,41026,4,,,0,170,,41027,4,,,0,130,,41028,4,,,0,175,,41029,4,,,0,120,,41030,4,,,0,175,,41031,4,,,0,125,,41032,4,,,0,170,,41033,4,,,0
900601,'5_5',750,,41034,4,,,0,170,,41035,4,,,0,130,,41036,4,,,0,175,,41037,4,,,0,120,,41038,4,,,0,175,,41039,4,,,0,125,,41040,4,,,0,170,,41041,4,,,0
900601,'6_1',750,,41042,4,,,0,170,,41043,4,,,0,130,,41044,4,,,0,175,,41045,4,,,0,120,,41046,4,,,0,175,,41047,4,,,0,125,,41048,4,,,0,170,,41049,4,,,0
900601,'6_2',750,,45116,4,,,0,170,,45117,4,,,0,130,,45118,4,,,0,175,,45119,4,,,0,120,,45120,4,,,0,175,,45121,4,,,0,125,,45122,4,,,0,170,,45123,4,,,0
900601,'6_3',750,,45124,4,,,0,170,,45125,4,,,0,130,,45126,4,,,0,175,,45127,4,,,0,120,,45128,4,,,0,175,,45129,4,,,0,125,,45130,4,,,0,170,,45131,4,,,0
900601,'6_4',750,,45132,4,,,0,170,,45133,4,,,0,130,,45134,4,,,0,175,,45135,4,,,0,120,,45136,4,,,0,175,,45137,4,,,0,125,,45138,4,,,0,170,,45139,4,,,0
