101,'2_6',729,,30129,35,0,5,0,117,,30130,35,0,5,0,106,,30131,35,0,5,0,70,,30142,35,0,6,0,29,,30132,35,0,5,0,71,,30143,35,0,6,0,30,,30133,35,0,5,0,70,,30144,35,0,6,0,30,,30134,35,0,5,0,68,,30145,35,0,6,0,31,,30135,35,0,5,0,69,,30146,35,0,6,0,30,,30136,35,0,5,0,70,,30147,35,0,6,0,31,,30137,35,0,5,0,72,,30148,35,0,6,0,31,,30138,35,0,5,0,70,,30149,35,0,6,0,33,,30139,35,0,5,0,69,,30150,35,0,6,0,74,,30140,35,0,5,0,25,,30151,35,0,6,0,25,,30141,35,0,5,0
101,'3_7',936,,30152,35,0,6,0,105,,30157,35,0,5,0,105,,30153,35,0,6,0,105,,30158,35,0,5,0,105,,30154,35,0,6,0,90,,30159,35,0,5,0,100,,30155,35,0,6,0,105,,30160,35,0,5,0,105,,30156,35,0,6,0,145,,30161,35,0,5,0
101,'5_1',731,,37353,41,0,6,0,16,,37379,35,0,5,0,56,,37354,41,0,6,0,15,,37378,35,0,5,0,15,,37355,41,0,6,0,15,,37380,41,0,5,0,56,,37368,35,4,,0,24,,37359,35,0,6,0,80,,37369,41,0,5,0,36,,37360,35,0,6,0,80,,37371,35,0,5,0,78,,37361,35,0,6,0,26,,37372,35,0,5,0,20,,37362,35,0,6,0,75,,37373,35,0,5,0,36,,37356,41,0,6,0,69,,37370,41,0,5,0,30,,37363,35,0,6,0,65,,37374,35,0,5,0,31,,37364,35,0,6,0,66,,37375,35,0,5,0,30,,37365,35,0,6,0,71,,37366,35,0,5,0,34,,37367,35,0,6,0,74,,37357,41,0,6,0,71,,37376,41,0,5,0,26,,37358,41,0,6,0,30,,37377,41,0,5,0
101,'5_2',731,,38497,41,0,6,0,16,,38523,35,0,5,0,56,,38498,41,0,6,0,15,,38522,35,0,5,0,15,,38499,41,0,6,0,15,,38524,41,0,5,0,56,,38512,35,4,,0,24,,38503,35,0,6,0,80,,38513,41,0,5,0,36,,38504,35,0,6,0,80,,38515,35,0,5,0,78,,38505,35,0,6,0,26,,38516,35,0,5,0,20,,38506,35,0,6,0,75,,38517,35,0,5,0,36,,38500,41,0,6,0,69,,38514,41,0,5,0,30,,38507,35,0,6,0,65,,38518,35,0,5,0,31,,38508,35,0,6,0,66,,38519,35,0,5,0,30,,38509,35,0,6,0,71,,38510,35,0,5,0,34,,38511,35,0,6,0,74,,38501,41,0,6,0,71,,38520,41,0,5,0,26,,38502,41,0,6,0,30,,38521,41,0,5,0
101,'5_3',731,,38525,41,0,6,0,16,,38551,35,0,5,0,56,,38526,41,0,6,0,15,,38550,35,0,5,0,15,,38527,41,0,6,0,15,,38552,41,0,5,0,56,,38540,35,4,,0,24,,38531,35,0,6,0,80,,38541,41,0,5,0,36,,38532,35,0,6,0,80,,38543,35,0,5,0,78,,38533,35,0,6,0,26,,38544,35,0,5,0,20,,38534,35,0,6,0,75,,38545,35,0,5,0,36,,38528,41,0,6,0,69,,38542,41,0,5,0,30,,38535,35,0,6,0,65,,38546,35,0,5,0,31,,38536,35,0,6,0,66,,38547,35,0,5,0,30,,38537,35,0,6,0,71,,38538,35,0,5,0,34,,38539,35,0,6,0,74,,38529,41,0,6,0,71,,38548,41,0,5,0,26,,38530,41,0,6,0,30,,38549,41,0,5,0
101,'5_4',731,,38553,41,0,6,0,16,,38579,35,0,5,0,56,,38554,41,0,6,0,15,,38578,35,0,5,0,15,,38555,41,0,6,0,15,,38580,41,0,5,0,56,,38568,35,4,,0,24,,38559,35,0,6,0,80,,38569,41,0,5,0,36,,38560,35,0,6,0,80,,38571,35,0,5,0,78,,38561,35,0,6,0,26,,38572,35,0,5,0,20,,38562,35,0,6,0,75,,38573,35,0,5,0,36,,38556,41,0,6,0,69,,38570,41,0,5,0,30,,38563,35,0,6,0,65,,38574,35,0,5,0,31,,38564,35,0,6,0,66,,38575,35,0,5,0,30,,38565,35,0,6,0,71,,38566,35,0,5,0,34,,38567,35,0,6,0,74,,38557,41,0,6,0,71,,38576,41,0,5,0,26,,38558,41,0,6,0,30,,38577,41,0,5,0
101,'5_5',731,,38581,41,0,6,0,16,,38607,35,0,5,0,56,,38582,41,0,6,0,15,,38606,35,0,5,0,15,,38583,41,0,6,0,15,,38608,41,0,5,0,56,,38596,35,4,,0,24,,38587,35,0,6,0,80,,38597,41,0,5,0,36,,38588,35,0,6,0,80,,38599,35,0,5,0,78,,38589,35,0,6,0,26,,38600,35,0,5,0,20,,38590,35,0,6,0,75,,38601,35,0,5,0,36,,38584,41,0,6,0,69,,38598,41,0,5,0,30,,38591,35,0,6,0,65,,38602,35,0,5,0,31,,38592,35,0,6,0,66,,38603,35,0,5,0,30,,38593,35,0,6,0,71,,38594,35,0,5,0,34,,38595,35,0,6,0,74,,38585,41,0,6,0,71,,38604,41,0,5,0,26,,38586,41,0,6,0,30,,38605,41,0,5,0
101,'6_1',731,,38609,41,0,6,0,16,,38635,35,0,5,0,56,,38610,41,0,6,0,15,,38634,35,0,5,0,15,,38611,41,0,6,0,15,,38636,41,0,5,0,56,,38624,35,4,,0,24,,38615,35,0,6,0,80,,38625,41,0,5,0,36,,38616,35,0,6,0,80,,38627,35,0,5,0,78,,38617,35,0,6,0,26,,38628,35,0,5,0,20,,38618,35,0,6,0,75,,38629,35,0,5,0,36,,38612,41,0,6,0,69,,38626,41,0,5,0,30,,38619,35,0,6,0,65,,38630,35,0,5,0,31,,38620,35,0,6,0,66,,38631,35,0,5,0,30,,38621,35,0,6,0,71,,38622,35,0,5,0,34,,38623,35,0,6,0,74,,38613,41,0,6,0,71,,38632,41,0,5,0,26,,38614,41,0,6,0,30,,38633,41,0,5,0
101,'6_2',731,,43604,41,0,6,0,16,,43630,35,0,5,0,56,,43605,41,0,6,0,15,,43629,35,0,5,0,15,,43606,41,0,6,0,15,,43631,41,0,5,0,56,,43619,35,4,,0,24,,43610,35,0,6,0,80,,43620,41,0,5,0,36,,43611,35,0,6,0,80,,43622,35,0,5,0,78,,43612,35,0,6,0,26,,43623,35,0,5,0,20,,43613,35,0,6,0,75,,43624,35,0,5,0,36,,43607,41,0,6,0,69,,43621,41,0,5,0,30,,43614,35,0,6,0,65,,43625,35,0,5,0,31,,43615,35,0,6,0,66,,43626,35,0,5,0,30,,43616,35,0,6,0,71,,43617,35,0,5,0,34,,43618,35,0,6,0,74,,43608,41,0,6,0,71,,43627,41,0,5,0,26,,43609,41,0,6,0,30,,43628,41,0,5,0
101,'6_3',731,,43632,41,0,6,0,16,,43658,35,0,5,0,56,,43633,41,0,6,0,15,,43657,35,0,5,0,15,,43634,41,0,6,0,15,,43659,41,0,5,0,56,,43647,35,4,,0,24,,43638,35,0,6,0,80,,43648,41,0,5,0,36,,43639,35,0,6,0,80,,43650,35,0,5,0,78,,43640,35,0,6,0,26,,43651,35,0,5,0,20,,43641,35,0,6,0,75,,43652,35,0,5,0,36,,43635,41,0,6,0,69,,43649,41,0,5,0,30,,43642,35,0,6,0,65,,43653,35,0,5,0,31,,43643,35,0,6,0,66,,43654,35,0,5,0,30,,43644,35,0,6,0,71,,43645,35,0,5,0,34,,43646,35,0,6,0,74,,43636,41,0,6,0,71,,43655,41,0,5,0,26,,43637,41,0,6,0,30,,43656,41,0,5,0
101,'6_4',731,,43660,41,0,6,0,16,,43686,35,0,5,0,56,,43661,41,0,6,0,15,,43685,35,0,5,0,15,,43662,41,0,6,0,15,,43687,41,0,5,0,56,,43675,35,4,,0,24,,43666,35,0,6,0,80,,43676,41,0,5,0,36,,43667,35,0,6,0,80,,43678,35,0,5,0,78,,43668,35,0,6,0,26,,43679,35,0,5,0,20,,43669,35,0,6,0,75,,43680,35,0,5,0,36,,43663,41,0,6,0,69,,43677,41,0,5,0,30,,43670,35,0,6,0,65,,43681,35,0,5,0,31,,43671,35,0,6,0,66,,43682,35,0,5,0,30,,43672,35,0,6,0,71,,43673,35,0,5,0,34,,43674,35,0,6,0,74,,43664,41,0,6,0,71,,43683,41,0,5,0,26,,43665,41,0,6,0,30,,43684,41,0,5,0
