1100,'0_6',642,,67029,4,,,0,159,,67030,4,,,0,906,,67031,4,,,0,119,,67032,4,,,0
1100,'2_1',642,,67033,4,,,0,159,,67034,4,,,0,906,,67035,4,,,0,119,,67036,4,,,0
1100,'2_2',642,,67037,4,,,0,159,,67038,4,,,0,906,,67039,4,,,0,119,,67040,4,,,0
1100,'2_3',642,,67041,4,,,0,159,,67042,4,,,0,906,,67043,4,,,0,119,,67044,4,,,0
1100,'2_4',642,,67045,4,,,0,159,,67046,4,,,0,906,,67047,4,,,0,119,,67048,4,,,0
1100,'2_5',642,,67049,4,,,0,159,,67050,4,,,0,906,,67051,4,,,0,119,,67052,4,,,0
1100,'3_1',642,,67053,4,,,0,159,,67054,4,,,0,906,,67055,4,,,0,119,,67056,4,,,0
1100,'3_3',642,,67057,4,,,0,159,,67058,4,,,0,906,,67059,4,,,0,119,,67060,4,,,0
1100,'3_4',642,,67061,4,,,0,159,,67062,4,,,0,906,,67063,4,,,0,119,,67064,4,,,0
1100,'3_5',642,,67065,4,,,0,159,,67066,4,,,0,906,,67067,4,,,0,119,,67068,4,,,0
