401,'25j05H-Dimanche',1101,,1733,,,0,201,,1734,,,0,199,,1735,,,0,200,,1736,,,0
401,'25j26H-Dimanche',1101,,1747,,,0,201,,1748,,,0,199,,1749,,,0,200,,1750,,,0
401,'25k03H-Samedi',751,,1751,,,0,189,,1752,,,0,202,,1753,,,0,201,,1754,,,0,199,,1755,,,0,206,,1756,,,0,272,,1757,,,0
401,'25l22V-Semaine',850,,1797,,,0,297,,1799,,,0,159,,1798,,,0,100,,1800,,,0,140,,1801,,,0,96,,1787,,,0,165,,1793,,,0,198,,1802,,,0
401,'26a05H-Samedi',751,,1803,,,0,189,,1804,,,0,202,,1805,,,0,201,,1806,,,0,199,,1807,,,0,206,,1808,,,0,272,,1809,,,0
401,'26a05H-Mercredi',855,,1852,,,0,295,,1854,,,0,160,,1853,,,0,100,,1855,,,0,140,,1856,,,0,274,,1851,,,0,185,,1857,,,0
401,'26a05H-L-Ma-J-V',855,,1883,,,0,295,,1885,,,0,160,,1884,,,0,100,,1886,,,0,140,,1887,,,0,274,,1882,,,0,185,,1888,,,0
401,'26b23V-Semaine',850,,1911,,,0,297,,1913,,,0,159,,1912,,,0,100,,1914,,,0,140,,1915,,,0,96,,1901,,,0,165,,1907,,,0,198,,1916,,,0
401,'26c02V-Semaine',850,,1939,,,0,297,,1941,,,0,159,,1940,,,0,100,,1942,,,0,140,,1943,,,0,96,,1929,,,0,165,,1935,,,0,198,,1944,,,0
29001201,'25l22V-Semaine',1658,,8062,,,0,144,,8063,,,0,100,,8061,,,0
29001201,'26a05H-Mercredi',1704,,8065,,,0,105,,8066,,,0,100,,8064,,,0
29001201,'26a05H-Mercredi0010000',1309,,8067,,,0
29001201,'26a05H-L-Ma-J-V',1704,,8069,,,0,105,,8070,,,0,100,,8068,,,0
29001201,'26b23V-Semaine',1658,,8072,,,0,144,,8073,,,0,100,,8071,,,0
29001201,'26c02V-Semaine',1658,,8075,,,0,144,,8076,,,0,100,,8074,,,0
