2601,'2_6',715,,33615,2,,,0,85,,33618,2,,,0,45,,33619,2,,,0,85,,33620,2,,,0,90,,33621,2,,,0,84,,33622,2,,,0,44,,33623,2,,,0,85,,33624,2,,,0,82,,33625,2,,,0,42,,33626,2,,,0,86,,33627,2,,,0,90,,33628,2,,,0,85,,33629,2,,,0,40,,33630,2,,,0,87,,33631,2,,,0,84,,33617,2,,,0,85,,33616,2,,,0
2601,'5_1',715,,37830,2,,,0,85,,37831,2,,,0,45,,37832,2,,,0,85,,37833,2,,,0,90,,37834,2,,,0,84,,37835,2,,,0,44,,37836,2,,,0,85,,37837,2,,,0,82,,37838,2,,,0,42,,37839,2,,,0,86,,37840,2,,,0,90,,37841,2,,,0,85,,37842,2,,,0,40,,37843,2,,,0,87,,37844,2,,,0,84,,37845,2,,,0,85,,37846,2,,,0
2601,'5_2',715,,40885,2,,,0,85,,40886,2,,,0,45,,40887,2,,,0,85,,40888,2,,,0,90,,40889,2,,,0,84,,40890,2,,,0,44,,40891,2,,,0,85,,40892,2,,,0,82,,40893,2,,,0,42,,40894,2,,,0,86,,40895,2,,,0,90,,40896,2,,,0,85,,40897,2,,,0,40,,40898,2,,,0,87,,40899,2,,,0,84,,40900,2,,,0,85,,40901,2,,,0
2601,'5_3',715,,40902,2,,,0,85,,40903,2,,,0,45,,40904,2,,,0,85,,40905,2,,,0,90,,40906,2,,,0,84,,40907,2,,,0,44,,40908,2,,,0,85,,40909,2,,,0,82,,40910,2,,,0,42,,40911,2,,,0,86,,40912,2,,,0,90,,40913,2,,,0,85,,40914,2,,,0,40,,40915,2,,,0,87,,40916,2,,,0,84,,40917,2,,,0,85,,40918,2,,,0
2601,'5_4',715,,40919,2,,,0,85,,40920,2,,,0,45,,40921,2,,,0,85,,40922,2,,,0,90,,40923,2,,,0,84,,40924,2,,,0,44,,40925,2,,,0,85,,40926,2,,,0,82,,40927,2,,,0,42,,40928,2,,,0,86,,40929,2,,,0,90,,40930,2,,,0,85,,40931,2,,,0,40,,40932,2,,,0,87,,40933,2,,,0,84,,40934,2,,,0,85,,40935,2,,,0
2601,'5_5',715,,40936,2,,,0,85,,40937,2,,,0,45,,40938,2,,,0,85,,40939,2,,,0,90,,40940,2,,,0,84,,40941,2,,,0,44,,40942,2,,,0,85,,40943,2,,,0,82,,40944,2,,,0,42,,40945,2,,,0,86,,40946,2,,,0,90,,40947,2,,,0,85,,40948,2,,,0,40,,40949,2,,,0,87,,40950,2,,,0,84,,40951,2,,,0,85,,40952,2,,,0
2601,'6_1',715,,40953,2,,,0,85,,40954,2,,,0,45,,40955,2,,,0,85,,40956,2,,,0,90,,40957,2,,,0,84,,40958,2,,,0,44,,40959,2,,,0,85,,40960,2,,,0,82,,40961,2,,,0,42,,40962,2,,,0,86,,40963,2,,,0,90,,40964,2,,,0,85,,40965,2,,,0,40,,40966,2,,,0,87,,40967,2,,,0,84,,40968,2,,,0,85,,40969,2,,,0
2601,'6_2',715,,45041,2,,,0,85,,45042,2,,,0,45,,45043,2,,,0,85,,45044,2,,,0,90,,45045,2,,,0,84,,45046,2,,,0,44,,45047,2,,,0,85,,45048,2,,,0,82,,45049,2,,,0,42,,45050,2,,,0,86,,45051,2,,,0,90,,45052,2,,,0,85,,45053,2,,,0,40,,45054,2,,,0,87,,45055,2,,,0,84,,45056,2,,,0,85,,45057,2,,,0
2601,'6_3',715,,45058,2,,,0,85,,45059,2,,,0,45,,45060,2,,,0,85,,45061,2,,,0,90,,45062,2,,,0,84,,45063,2,,,0,44,,45064,2,,,0,85,,45065,2,,,0,82,,45066,2,,,0,42,,45067,2,,,0,86,,45068,2,,,0,90,,45069,2,,,0,85,,45070,2,,,0,40,,45071,2,,,0,87,,45072,2,,,0,84,,45073,2,,,0,85,,45074,2,,,0
2601,'6_4',715,,45075,2,,,0,85,,45076,2,,,0,45,,45077,2,,,0,85,,45078,2,,,0,90,,45079,2,,,0,84,,45080,2,,,0,44,,45081,2,,,0,85,,45082,2,,,0,82,,45083,2,,,0,42,,45084,2,,,0,86,,45085,2,,,0,90,,45086,2,,,0,85,,45087,2,,,0,40,,45088,2,,,0,87,,45089,2,,,0,84,,45090,2,,,0,85,,45091,2,,,0
3000001,'2_6',639,,36698,11,,,0,80,,36699,11,,,0,84,,36700,11,,,0,38,,36701,11,,,0,60,,36702,11,,,0,20,,36703,11,,,0,20,,36704,11,,,0,60,,36705,11,,,0,20,,36706,11,,,0,20,,36707,11,,,0,60,,36708,11,,,0,19,,36709,11,,,0,21,,36710,11,,,0,61,,36711,11,,,0,19,,36712,11,,,0,19,,36713,11,,,0,60,,36714,11,,,0,20,,36715,11,,,0,20,,36716,11,,,0,60,,36717,11,,,0,20,,36718,11,,,0,20,,36719,11,,,0,61,,36720,11,,,0,20,,36721,11,,,0,20,,36722,11,,,0,60,,36723,11,,,0,20,,36724,11,,,0,21,,36725,11,,,0,60,,36726,11,,,0,20,,36727,11,,,0,20,,36728,11,,,0,59,,36729,11,,,0,20,,36730,11,,,0,20,,36731,11,,,0,18,,36732,11,,,0,71,,36734,11,,,0,29,,36735,11,,,0,70,,36733,11,,,0,29,,36736,11,,,0
3000001,'3_7',845,,36737,11,,,0,170,,36739,11,,,0,130,,36740,11,,,0,170,,36741,11,,,0,130,,36742,11,,,0,170,,36743,11,,,0,130,,36744,11,,,0,170,,36745,11,,,0,130,,36738,11,,,0
3000001,'5_1',649,,38268,11,,,0,59,,38227,11,,,0,20,,38228,11,,,0,20,,38229,11,,,0,60,,38230,11,,,0,20,,38231,11,,,0,19,,38232,11,,,0,61,,38233,11,,,0,20,,38234,11,,,0,19,,38235,11,,,0,60,,38236,11,,,0,20,,38237,11,,,0,19,,38238,11,,,0,60,,38239,11,,,0,20,,38240,11,,,0,20,,38241,11,,,0,60,,38242,11,,,0,19,,38243,11,,,0,20,,38244,11,,,0,60,,38245,11,,,0,20,,38246,11,,,0,19,,38247,11,,,0,61,,38248,11,,,0,20,,38249,11,,,0,19,,38250,11,,,0,61,,38251,11,,,0,20,,38252,11,,,0,20,,38253,11,,,0,60,,38254,11,,,0,20,,38255,11,,,0,21,,38256,11,,,0,60,,38257,11,,,0,20,,38258,11,,,0,21,,38259,11,,,0,60,,38260,11,,,0,19,,38261,11,,,0,21,,38262,11,,,0,60,,38263,11,,,0,21,,38264,11,,,0,31,,38265,11,,,0,67,,38266,11,,,0,30,,38267,11,,,0
3000001,'5_2',649,,42911,11,,,0,59,,42870,11,,,0,20,,42871,11,,,0,20,,42872,11,,,0,60,,42873,11,,,0,20,,42874,11,,,0,19,,42875,11,,,0,61,,42876,11,,,0,20,,42877,11,,,0,19,,42878,11,,,0,60,,42879,11,,,0,20,,42880,11,,,0,19,,42881,11,,,0,60,,42882,11,,,0,20,,42883,11,,,0,20,,42884,11,,,0,60,,42885,11,,,0,19,,42886,11,,,0,20,,42887,11,,,0,60,,42888,11,,,0,20,,42889,11,,,0,19,,42890,11,,,0,61,,42891,11,,,0,20,,42892,11,,,0,19,,42893,11,,,0,61,,42894,11,,,0,20,,42895,11,,,0,20,,42896,11,,,0,60,,42897,11,,,0,20,,42898,11,,,0,21,,42899,11,,,0,60,,42900,11,,,0,20,,42901,11,,,0,21,,42902,11,,,0,60,,42903,11,,,0,19,,42904,11,,,0,21,,42905,11,,,0,60,,42906,11,,,0,21,,42907,11,,,0,31,,42908,11,,,0,67,,42909,11,,,0,30,,42910,11,,,0
3000001,'5_3',649,,42953,11,,,0,59,,42912,11,,,0,20,,42913,11,,,0,20,,42914,11,,,0,60,,42915,11,,,0,20,,42916,11,,,0,19,,42917,11,,,0,61,,42918,11,,,0,20,,42919,11,,,0,19,,42920,11,,,0,60,,42921,11,,,0,20,,42922,11,,,0,19,,42923,11,,,0,60,,42924,11,,,0,20,,42925,11,,,0,20,,42926,11,,,0,60,,42927,11,,,0,19,,42928,11,,,0,20,,42929,11,,,0,60,,42930,11,,,0,20,,42931,11,,,0,19,,42932,11,,,0,61,,42933,11,,,0,20,,42934,11,,,0,19,,42935,11,,,0,61,,42936,11,,,0,20,,42937,11,,,0,20,,42938,11,,,0,60,,42939,11,,,0,20,,42940,11,,,0,21,,42941,11,,,0,60,,42942,11,,,0,20,,42943,11,,,0,21,,42944,11,,,0,60,,42945,11,,,0,19,,42946,11,,,0,21,,42947,11,,,0,60,,42948,11,,,0,21,,42949,11,,,0,31,,42950,11,,,0,67,,42951,11,,,0,30,,42952,11,,,0
3000001,'5_4',649,,42995,11,,,0,59,,42954,11,,,0,20,,42955,11,,,0,20,,42956,11,,,0,60,,42957,11,,,0,20,,42958,11,,,0,19,,42959,11,,,0,61,,42960,11,,,0,20,,42961,11,,,0,19,,42962,11,,,0,60,,42963,11,,,0,20,,42964,11,,,0,19,,42965,11,,,0,60,,42966,11,,,0,20,,42967,11,,,0,20,,42968,11,,,0,60,,42969,11,,,0,19,,42970,11,,,0,20,,42971,11,,,0,60,,42972,11,,,0,20,,42973,11,,,0,19,,42974,11,,,0,61,,42975,11,,,0,20,,42976,11,,,0,19,,42977,11,,,0,61,,42978,11,,,0,20,,42979,11,,,0,20,,42980,11,,,0,60,,42981,11,,,0,20,,42982,11,,,0,21,,42983,11,,,0,60,,42984,11,,,0,20,,42985,11,,,0,21,,42986,11,,,0,60,,42987,11,,,0,19,,42988,11,,,0,21,,42989,11,,,0,60,,42990,11,,,0,21,,42991,11,,,0,31,,42992,11,,,0,67,,42993,11,,,0,30,,42994,11,,,0
3000001,'5_5',649,,43037,11,,,0,59,,42996,11,,,0,20,,42997,11,,,0,20,,42998,11,,,0,60,,42999,11,,,0,20,,43000,11,,,0,19,,43001,11,,,0,61,,43002,11,,,0,20,,43003,11,,,0,19,,43004,11,,,0,60,,43005,11,,,0,20,,43006,11,,,0,19,,43007,11,,,0,60,,43008,11,,,0,20,,43009,11,,,0,20,,43010,11,,,0,60,,43011,11,,,0,19,,43012,11,,,0,20,,43013,11,,,0,60,,43014,11,,,0,20,,43015,11,,,0,19,,43016,11,,,0,61,,43017,11,,,0,20,,43018,11,,,0,19,,43019,11,,,0,61,,43020,11,,,0,20,,43021,11,,,0,20,,43022,11,,,0,60,,43023,11,,,0,20,,43024,11,,,0,21,,43025,11,,,0,60,,43026,11,,,0,20,,43027,11,,,0,21,,43028,11,,,0,60,,43029,11,,,0,19,,43030,11,,,0,21,,43031,11,,,0,60,,43032,11,,,0,21,,43033,11,,,0,31,,43034,11,,,0,67,,43035,11,,,0,30,,43036,11,,,0
3000001,'6_1',649,,43079,11,,,0,59,,43038,11,,,0,20,,43039,11,,,0,20,,43040,11,,,0,60,,43041,11,,,0,20,,43042,11,,,0,19,,43043,11,,,0,61,,43044,11,,,0,20,,43045,11,,,0,19,,43046,11,,,0,60,,43047,11,,,0,20,,43048,11,,,0,19,,43049,11,,,0,60,,43050,11,,,0,20,,43051,11,,,0,20,,43052,11,,,0,60,,43053,11,,,0,19,,43054,11,,,0,20,,43055,11,,,0,60,,43056,11,,,0,20,,43057,11,,,0,19,,43058,11,,,0,61,,43059,11,,,0,20,,43060,11,,,0,19,,43061,11,,,0,61,,43062,11,,,0,20,,43063,11,,,0,20,,43064,11,,,0,60,,43065,11,,,0,20,,43066,11,,,0,21,,43067,11,,,0,60,,43068,11,,,0,20,,43069,11,,,0,21,,43070,11,,,0,60,,43071,11,,,0,19,,43072,11,,,0,21,,43073,11,,,0,60,,43074,11,,,0,21,,43075,11,,,0,31,,43076,11,,,0,67,,43077,11,,,0,30,,43078,11,,,0
3000001,'6_2',649,,46273,11,,,0,59,,46232,11,,,0,20,,46233,11,,,0,20,,46234,11,,,0,60,,46235,11,,,0,20,,46236,11,,,0,19,,46237,11,,,0,61,,46238,11,,,0,20,,46239,11,,,0,19,,46240,11,,,0,60,,46241,11,,,0,20,,46242,11,,,0,19,,46243,11,,,0,60,,46244,11,,,0,20,,46245,11,,,0,20,,46246,11,,,0,60,,46247,11,,,0,19,,46248,11,,,0,20,,46249,11,,,0,60,,46250,11,,,0,20,,46251,11,,,0,19,,46252,11,,,0,61,,46253,11,,,0,20,,46254,11,,,0,19,,46255,11,,,0,61,,46256,11,,,0,20,,46257,11,,,0,20,,46258,11,,,0,60,,46259,11,,,0,20,,46260,11,,,0,21,,46261,11,,,0,60,,46262,11,,,0,20,,46263,11,,,0,21,,46264,11,,,0,60,,46265,11,,,0,19,,46266,11,,,0,21,,46267,11,,,0,60,,46268,11,,,0,21,,46269,11,,,0,31,,46270,11,,,0,67,,46271,11,,,0,30,,46272,11,,,0
3000001,'6_3',649,,46315,11,,,0,59,,46274,11,,,0,20,,46275,11,,,0,20,,46276,11,,,0,60,,46277,11,,,0,20,,46278,11,,,0,19,,46279,11,,,0,61,,46280,11,,,0,20,,46281,11,,,0,19,,46282,11,,,0,60,,46283,11,,,0,20,,46284,11,,,0,19,,46285,11,,,0,60,,46286,11,,,0,20,,46287,11,,,0,20,,46288,11,,,0,60,,46289,11,,,0,19,,46290,11,,,0,20,,46291,11,,,0,60,,46292,11,,,0,20,,46293,11,,,0,19,,46294,11,,,0,61,,46295,11,,,0,20,,46296,11,,,0,19,,46297,11,,,0,61,,46298,11,,,0,20,,46299,11,,,0,20,,46300,11,,,0,60,,46301,11,,,0,20,,46302,11,,,0,21,,46303,11,,,0,60,,46304,11,,,0,20,,46305,11,,,0,21,,46306,11,,,0,60,,46307,11,,,0,19,,46308,11,,,0,21,,46309,11,,,0,60,,46310,11,,,0,21,,46311,11,,,0,31,,46312,11,,,0,67,,46313,11,,,0,30,,46314,11,,,0
3000001,'6_4',649,,46357,11,,,0,59,,46316,11,,,0,20,,46317,11,,,0,20,,46318,11,,,0,60,,46319,11,,,0,20,,46320,11,,,0,19,,46321,11,,,0,61,,46322,11,,,0,20,,46323,11,,,0,19,,46324,11,,,0,60,,46325,11,,,0,20,,46326,11,,,0,19,,46327,11,,,0,60,,46328,11,,,0,20,,46329,11,,,0,20,,46330,11,,,0,60,,46331,11,,,0,19,,46332,11,,,0,20,,46333,11,,,0,60,,46334,11,,,0,20,,46335,11,,,0,19,,46336,11,,,0,61,,46337,11,,,0,20,,46338,11,,,0,19,,46339,11,,,0,61,,46340,11,,,0,20,,46341,11,,,0,20,,46342,11,,,0,60,,46343,11,,,0,20,,46344,11,,,0,21,,46345,11,,,0,60,,46346,11,,,0,20,,46347,11,,,0,21,,46348,11,,,0,60,,46349,11,,,0,19,,46350,11,,,0,21,,46351,11,,,0,60,,46352,11,,,0,21,,46353,11,,,0,31,,46354,11,,,0,67,,46355,11,,,0,30,,46356,11,,,0
