601,'S2-1_6',801,,24069,23,,,0,51,,24071,23,,,0,96,,24072,23,,,0,92,,24073,23,,,0,88,,24074,23,,,0,88,,24075,23,,,0,88,,24076,23,,,0,49,,24077,23,,,0,90,,24078,23,,,0,89,,24079,23,,,0,100,,24080,23,,,0,92,,24081,23,,,0,93,,24082,23,,,0,85,,24083,23,,,0,49,,24070,23,,,0
601,'S2-5_1',633,,24084,23,,,0,108,,24097,23,,,0,95,,24085,23,,,0,102,,24086,23,,,0,99,,24087,23,,,0,100,,24088,23,,,0,106,,24101,23,,,0,59,,24089,23,,,0,42,,24090,23,,,0,103,,24091,23,,,0,95,,24092,23,,,0,82,,24098,23,,,0,78,,24093,24,,,0,41,,24099,23,,,0,66,,24094,24,,,0,27,,24100,24,,,0,65,,24095,23,,,0,55,,24096,23,,,0
601,'S2-5_2',633,,24102,23,,,0,108,,24115,23,,,0,95,,24103,23,,,0,102,,24104,23,,,0,99,,24105,23,,,0,100,,24106,23,,,0,106,,24119,23,,,0,59,,24107,23,,,0,42,,24108,23,,,0,103,,24109,23,,,0,95,,24110,23,,,0,82,,24116,23,,,0,78,,24111,24,,,0,41,,24117,23,,,0,66,,24112,24,,,0,27,,24118,24,,,0,65,,24113,23,,,0,55,,24114,23,,,0
601,'S2-5_4',633,,24120,23,,,0,108,,24133,23,,,0,95,,24121,23,,,0,102,,24122,23,,,0,99,,24123,23,,,0,100,,24124,23,,,0,106,,24137,23,,,0,59,,24125,23,,,0,42,,24126,23,,,0,103,,24127,23,,,0,95,,24128,23,,,0,82,,24134,23,,,0,78,,24129,24,,,0,41,,24135,23,,,0,66,,24130,24,,,0,27,,24136,24,,,0,65,,24131,23,,,0,55,,24132,23,,,0
601,'S2-5_5',633,,24138,23,,,0,108,,24151,23,,,0,95,,24139,23,,,0,102,,24140,23,,,0,99,,24141,23,,,0,100,,24142,23,,,0,106,,24155,23,,,0,59,,24143,23,,,0,42,,24144,23,,,0,103,,24145,23,,,0,95,,24146,23,,,0,82,,24152,23,,,0,78,,24147,24,,,0,41,,24153,23,,,0,66,,24148,24,,,0,27,,24154,24,,,0,65,,24149,23,,,0,55,,24150,23,,,0
601,'S2-6_3',633,,24156,23,,,0,108,,24170,23,,,0,95,,24157,23,,,0,102,,24158,23,,,0,99,,24159,23,,,0,100,,24160,23,,,0,106,,24161,24,,,0,59,,24162,23,,,0,42,,24163,23,,,0,103,,24164,23,,,0,95,,24165,23,,,0,82,,24171,23,,,0,78,,24166,24,,,0,41,,24172,23,,,0,66,,24167,24,,,0,27,,24173,24,,,0,65,,24168,23,,,0,55,,24169,23,,,0
2900601,'S2-5_1',1752,,28369,5,,,0,95,,28370,5,,,0
2900601,'S2-5_2',1752,,28371,5,,,0,95,,28372,5,,,0
2900601,'S2-5_4',1752,,28373,5,,,0,95,,28374,5,,,0
2900601,'S2-5_5',1752,,28375,5,,,0,95,,28376,5,,,0
2900601,'S2-6_3',1752,,28377,5,,,0,95,,28378,5,,,0
