'2507-ETE-25h31E-d-Dimanche-00',100,91100,0,'Soler',0,10500,0,'Soler',0,10600,0,'Soler',0,10400,0,'Soler',0,9000,0,'Soler',0,10000,0,'Soler',0,10500,0,'Soler',0,10500,0,'Soler',0,10500,0,'Soler',0,10500,0,'Soler',0
'2509-HIV-25i01H-d-Dimanche-00',100,91100,0,'Soler',0,10500,0,'Soler',0,10600,0,'Soler',0,10400,0,'Soler',0,9000,0,'Soler',0,10000,0,'Soler',0,10500,0,'Soler',0,10500,0,'Soler',0,10500,0,'Soler',0,10500,0,'Soler',0
'2509-HIV-25i01H-s-Samedi-00',100,70700,0,'Soler',0,10800,0,'Soler',0,9500,0,'Soler',0,3000,0,'Soler',0,6900,0,'Soler',0,3300,0,'Soler',0,6900,0,'Soler',0,2900,0,'Soler',0,7100,0,'Soler',0,3000,0,'Soler',0,7000,0,'Soler',0,3000,0,'Soler',0,6900,0,'Soler',0,3100,0,'Soler',0,6900,0,'Soler',0,3100,0,'Soler',0,7000,0,'Soler',0,3100,0,'Soler',0,7300,0,'Soler',0,2900,0,'Soler',0,7000,0,'Soler',0,3200,0,'Soler',0,6900,0,'Soler',0
'2509-HIV-25i01H-w-Mercredi-00',100,70200,0,'Soler',0,1400,0,'Soler',0,1600,0,'Soler',0,1600,,'',0,5500,0,'Soler',0,2000,0,'Catalogne (Brasserie)',0,1000,0,'Soler',0,6700,0,'Soler',0,3800,0,'Soler',0,7800,0,'Soler',0,3900,0,'Soler',0,7800,0,'Soler',0,1900,,'',0,6500,,'',0,3200,0,'Soler',0,6500,0,'Soler',0,2400,0,'Soler',0,7500,0,'Soler',0,4000,0,'Soler',0,6400,,'',0,3500,0,'Soler',0,6000,,'',0,3300,,'',0,900,0,'Soler',0,5800,,'',0,2500,0,'Soler',0,1500,,'',0,6700,,'',0,3600,0,'Soler',0,7500,,'',0
'2509-HIV-25i01Hlv-L-Ma-J-V-00',100,70200,0,'Soler',0,1400,0,'Soler',0,1600,0,'Soler',0,1600,,'',0,5500,0,'Soler',0,2000,0,'Catalogne (Brasserie)',0,1000,0,'Soler',0,6700,0,'Soler',0,3800,0,'Soler',0,7800,0,'Soler',0,3900,0,'Soler',0,7800,0,'Soler',0,1900,,'',0,6500,,'',0,3200,0,'Soler',0,6500,0,'Soler',0,2400,0,'Soler',0,7500,0,'Soler',0,4000,0,'Soler',0,6400,,'',0,3500,0,'Soler',0,6000,,'',0,3300,,'',0,900,0,'Soler',0,5800,,'',0,2500,0,'Soler',0,1500,,'',0,6700,,'',0,3600,0,'Soler',0,7500,,'',0
'2509-HIV-25i11Hlv-L-Ma-J-V-00',100,70200,0,'Soler',0,1400,0,'Soler',0,1600,0,'Soler',0,1600,,'',0,5500,0,'Soler',0,2000,0,'Catalogne (Brasserie)',0,1000,0,'Soler',0,6700,0,'Soler',0,3800,0,'Soler',0,7800,0,'Soler',0,3900,0,'Soler',0,7800,0,'Soler',0,1900,,'',0,6500,,'',0,3200,0,'Soler',0,6500,0,'Soler',0,2400,0,'Soler',0,7500,0,'Soler',0,4000,0,'Soler',0,6400,,'',0,3500,0,'Soler',0,6000,,'',0,3300,,'',0,900,0,'Soler',0,5800,,'',0,2500,0,'Soler',0,1500,,'',0,6700,,'',0,3600,0,'Soler',0,7500,,'',0
'2509-HIV-25i14H-d-Dimanche-00',100,91100,0,'Soler',0,10500,0,'Soler',0,10600,0,'Soler',0,10400,0,'Soler',0,9000,0,'Soler',0,10000,0,'Soler',0,10500,0,'Soler',0,10500,0,'Soler',0,10500,0,'Soler',0,10500,0,'Soler',0
'2509-HIV-25j05H-d-Dimanche-00',100,91100,0,'Soler',0,10500,0,'Soler',0,10600,0,'Soler',0,10400,0,'Soler',0,9000,0,'Soler',0,10000,0,'Soler',0,10500,0,'Soler',0,10500,0,'Soler',0,10500,0,'Soler',0,10500,0,'Soler',0
'2509-HIV-25j20Vlv-Semaine-00',100,70500,,'',0,1500,0,'Soler',0,1500,0,'Soler',0,1500,,'',0,5500,0,'Soler',0,1600,0,'Catalogne (Brasserie)',0,1500,0,'Soler',0,2300,0,'Soler',0,7900,0,'Soler',0,8100,0,'Soler',0,4000,0,'Soler',0,7500,0,'Soler',0,2100,,'',0,6500,,'',0,3000,0,'Soler',0,6500,0,'Soler',0,2400,0,'Soler',0,7100,0,'Soler',0,3800,0,'Soler',0,7000,0,'Soler',0,3100,0,'Soler',0,6400,,'',0,3400,,'',0,7200,,'',0,3000,,'',0,7000,,'',0,3700,0,'Soler',0,6500,,'',0
'2509-HIV-25j26H-d-Dimanche-00',100,91100,0,'Soler',0,10500,0,'Soler',0,10600,0,'Soler',0,10400,0,'Soler',0,9000,0,'Soler',0,10000,0,'Soler',0,10500,0,'Soler',0,10500,0,'Soler',0,10500,0,'Soler',0,10500,0,'Soler',0
'2509-HIV-25j27Vlv-Semaine-00',100,70500,,'',0,1500,0,'Soler',0,1500,0,'Soler',0,1500,,'',0,5500,0,'Soler',0,1600,0,'Catalogne (Brasserie)',0,1500,0,'Soler',0,2300,0,'Soler',0,7900,0,'Soler',0,8100,0,'Soler',0,4000,0,'Soler',0,7500,0,'Soler',0,2100,,'',0,6500,,'',0,3000,0,'Soler',0,6500,0,'Soler',0,2400,0,'Soler',0,7100,0,'Soler',0,3800,0,'Soler',0,7000,0,'Soler',0,3100,0,'Soler',0,6400,,'',0,3400,,'',0,7200,,'',0,3000,,'',0,7000,,'',0,3700,0,'Soler',0,6500,,'',0
