401,'2509-HIV-25j05H-d-Dimanche-00',947,,1723,4,,0,100,,1724,4,,0,5,,1733,,,0,95,,1725,4,,0,101,,1726,4,,0,5,,1734,,,0,95,,1727,4,,0,99,,1728,4,,0,5,,1735,,,0,95,,1729,4,,0,100,,1730,4,,0,5,,1736,,,0,95,,1731,4,,0,100,,1732,4,,0
401,'2509-HIV-25j26H-d-Dimanche-00',947,,1737,4,,0,100,,1738,4,,0,5,,1747,,,0,95,,1739,4,,0,101,,1740,4,,0,5,,1748,,,0,95,,1741,4,,0,99,,1742,4,,0,5,,1749,,,0,95,,1743,4,,0,100,,1744,4,,0,5,,1750,,,0,95,,1745,4,,0,100,,1746,4,,0
401,'2509-HIV-25k03H-s-Samedi-00',743,,1751,,,0,113,,1758,4,,0,76,,1752,,,0,25,,1759,4,,0,72,,1760,4,,0,29,,1761,4,,0,76,,1753,,,0,24,,1762,4,,0,73,,1763,4,,0,69,,1764,4,,0,35,,1754,,,0,24,,1765,4,,0,69,,1766,4,,0,72,,1767,4,,0,34,,1755,,,0,25,,1768,4,,0,74,,1769,4,,0,73,,1770,4,,0,34,,1756,,,0,69,,1771,4,,0,31,,1772,4,,0,71,,1773,4,,0,28,,1774,4,,0,73,,1757,,,0
401,'2509-HIV-25l22Vlv-Semaine-00',745,,1790,4,,0,10,,1776,4,,0,55,,1791,4,,0,16,,1777,4,,0,16,,1797,,,0,17,,1778,4,,0,55,,1779,4,,0,40,,1780,4,,0,71,,1781,4,,0,77,,1782,4,,0,37,,1799,,,0,66,,1783,4,,0,29,,1784,4,,0,24,,1798,,,0,67,,1795,4,,0,33,,1800,,,0,66,,1775,4,,0,81,,1785,4,,0,33,,1801,,,0,62,,1786,4,,0,34,,1787,,,0,22,,1796,4,,0,70,,1792,4,,0,33,,1793,,,0,72,,1788,4,,0,24,,1794,4,,0,70,,1789,4,,0,32,,1802,,,0
401,'2509-HIV-26a05H-s-Samedi-00',743,,1803,,,0,113,,1810,4,,0,76,,1804,,,0,25,,1811,4,,0,72,,1812,4,,0,29,,1813,4,,0,76,,1805,,,0,24,,1814,4,,0,73,,1815,4,,0,69,,1816,4,,0,35,,1806,,,0,24,,1817,4,,0,69,,1818,4,,0,72,,1819,4,,0,34,,1807,,,0,25,,1820,4,,0,74,,1821,4,,0,73,,1822,4,,0,34,,1808,,,0,69,,1823,4,,0,31,,1824,4,,0,71,,1825,4,,0,28,,1826,4,,0,73,,1809,,,0
401,'2509-HIV-26a05H-w-Mercredi-00',746,,1844,4,,0,10,,1828,4,,0,54,,1845,4,,0,15,,1829,4,,0,20,,1852,,,0,59,,1830,4,,0,11,,1831,4,,0,35,,1832,4,,0,75,,1833,4,,0,75,,1834,4,,0,40,,1854,,,0,65,,1835,4,,0,31,,1836,4,,0,64,,1853,,,0,25,,1849,4,,0,75,,1855,,,0,28,,1827,4,,0,77,,1837,4,,0,35,,1856,,,0,62,,1838,4,,0,29,,1839,4,,0,16,,1840,4,,0,56,,1850,4,,0,24,,1846,4,,0,15,,1841,4,,0,15,,1847,4,,0,57,,1851,,,0,22,,1842,4,,0,19,,1848,4,,0,75,,1843,4,,0,29,,1857,,,0
401,'2509-HIV-26a05Hlv-L-Ma-J-V-00',746,,1875,4,,0,10,,1859,4,,0,54,,1876,4,,0,15,,1860,4,,0,20,,1883,,,0,59,,1861,4,,0,11,,1862,4,,0,35,,1863,4,,0,75,,1864,4,,0,75,,1865,4,,0,40,,1885,,,0,65,,1866,4,,0,31,,1867,4,,0,64,,1884,,,0,25,,1880,4,,0,75,,1886,,,0,28,,1858,4,,0,77,,1868,4,,0,35,,1887,,,0,62,,1869,4,,0,29,,1870,4,,0,16,,1871,4,,0,56,,1881,4,,0,24,,1877,4,,0,15,,1872,4,,0,15,,1878,4,,0,57,,1882,,,0,22,,1873,4,,0,19,,1879,4,,0,75,,1874,4,,0,29,,1888,,,0
401,'2509-HIV-26b23Vlv-Semaine-00',745,,1904,4,,0,10,,1890,4,,0,55,,1905,4,,0,16,,1891,4,,0,16,,1911,,,0,17,,1892,4,,0,55,,1893,4,,0,40,,1894,4,,0,71,,1895,4,,0,77,,1896,4,,0,37,,1913,,,0,66,,1897,4,,0,29,,1898,4,,0,24,,1912,,,0,67,,1909,4,,0,33,,1914,,,0,66,,1889,4,,0,81,,1899,4,,0,33,,1915,,,0,62,,1900,4,,0,34,,1901,,,0,22,,1910,4,,0,70,,1906,4,,0,33,,1907,,,0,72,,1902,4,,0,24,,1908,4,,0,70,,1903,4,,0,32,,1916,,,0
401,'2509-HIV-26c02Vlv-Semaine-00',745,,1932,4,,0,10,,1918,4,,0,55,,1933,4,,0,16,,1919,4,,0,16,,1939,,,0,17,,1920,4,,0,55,,1921,4,,0,40,,1922,4,,0,71,,1923,4,,0,77,,1924,4,,0,37,,1941,,,0,66,,1925,4,,0,29,,1926,4,,0,24,,1940,,,0,67,,1937,4,,0,33,,1942,,,0,66,,1917,4,,0,81,,1927,4,,0,33,,1943,,,0,62,,1928,4,,0,34,,1929,,,0,22,,1938,4,,0,70,,1934,4,,0,33,,1935,,,0,72,,1930,4,,0,24,,1936,4,,0,70,,1931,4,,0,32,,1944,,,0
501,'2509-HIV-25j05H-d-Dimanche-00',1000,,2050,,,0,200,,2051,,,0,200,,2052,,,0,200,,2049,,,0
501,'2509-HIV-25j26H-d-Dimanche-00',1000,,2054,,,0,200,,2055,,,0,200,,2056,,,0,200,,2053,,,0
501,'2509-HIV-25k03H-s-Samedi-00',834,,2057,,,0,101,,2058,,,0,101,,2059,,,0,100,,2060,,,0,100,,2061,,,0,93,,2062,,,0,100,,2063,,,0,100,,2064,,,0,100,,2065,,,0,103,,2066,,,0,98,,2067,,,0,186,,2068,,,0
501,'2509-HIV-25l22Vlv-Semaine-00',945,,2069,,,0,105,,2070,,,0,101,,2071,,,0,85,,2072,,,0,94,,2073,,,0,98,,2074,,,0,103,,2075,,,0,103,,2076,,,0,107,,2077,,,0,101,,2078,,,0,166,,2079,,,0
501,'2509-HIV-26a05H-s-Samedi-00',834,,2080,,,0,101,,2081,,,0,101,,2082,,,0,100,,2083,,,0,100,,2084,,,0,93,,2085,,,0,100,,2086,,,0,100,,2087,,,0,100,,2088,,,0,103,,2089,,,0,98,,2090,,,0,186,,2091,,,0
501,'2509-HIV-26a05H-w-Mercredi-00',945,,2092,,,0,105,,2093,,,0,101,,2094,,,0,85,,2095,,,0,94,,2096,,,0,98,,2097,,,0,103,,2098,,,0,103,,2099,,,0,107,,2100,,,0,101,,2101,,,0,166,,2102,,,0
501,'2509-HIV-26a05H-w-Mercredi-00-0010000',1300,,2103,0,20 21,0
501,'2509-HIV-26a05Hlv-L-Ma-J-V-00',945,,2104,,,0,105,,2105,,,0,101,,2106,,,0,85,,2107,,,0,94,,2108,,,0,98,,2109,,,0,103,,2110,,,0,103,,2111,,,0,107,,2112,,,0,101,,2113,,,0,166,,2114,,,0
501,'2509-HIV-26a05Hlv-L-Ma-J-V-00-1101100',1700,,2115,0,20 21,0,109,,2116,0,20 21,0,91,,2117,0,20 21,0
501,'2509-HIV-26b23Vlv-Semaine-00',945,,2118,,,0,105,,2119,,,0,101,,2120,,,0,85,,2121,,,0,94,,2122,,,0,98,,2123,,,0,103,,2124,,,0,103,,2125,,,0,107,,2126,,,0,101,,2127,,,0,166,,2128,,,0
501,'2509-HIV-26c02Vlv-Semaine-00',945,,2129,,,0,105,,2130,,,0,101,,2131,,,0,85,,2132,,,0,94,,2133,,,0,98,,2134,,,0,103,,2135,,,0,103,,2136,,,0,107,,2137,,,0,101,,2138,,,0,166,,2139,,,0
29001201,'2509-HIV-25l22Vlv-Semaine-00',1649,,8062,,,0,104,,8063,,,0,100,,8061,,,0
29001201,'2509-HIV-26a05H-w-Mercredi-00',1654,,8065,,,0,105,,8066,,,0,100,,8064,,,0
29001201,'2509-HIV-26a05H-w-Mercredi-00-0010000',1259,,8067,,,0
29001201,'2509-HIV-26a05Hlv-L-Ma-J-V-00',1654,,8069,,,0,105,,8070,,,0,100,,8068,,,0
29001201,'2509-HIV-26b23Vlv-Semaine-00',1649,,8072,,,0,104,,8073,,,0,100,,8071,,,0
29001201,'2509-HIV-26c02Vlv-Semaine-00',1649,,8075,,,0,104,,8076,,,0,100,,8074,,,0
