101,'2509-HIV-25j05H-d-Dimanche-00',928,,8304,0,41 42,0,105,,8309,0,43,0,105,,8305,0,41 42,0,105,,8310,0,43,0,105,,8306,0,41 42,0,90,,8311,0,43,0,100,,8307,0,41 42,0,105,,8312,0,43,0,105,,8308,0,41 42,0,105,,8313,0,43,0
101,'2509-HIV-25j26H-d-Dimanche-00',928,,8318,0,41 42,0,105,,8323,0,43,0,105,,8319,0,41 42,0,105,,8324,0,43,0,105,,8320,0,41 42,0,90,,8325,0,43,0,100,,8321,0,41 42,0,105,,8326,0,43,0,105,,8322,0,41 42,0,105,,8327,0,43,0
101,'2509-HIV-25k03H-s-Samedi-00',723,,8332,0,43,0,115,,8333,0,43,0,105,,8334,0,43,0,70,,8345,0,41 42,0,30,,8335,0,43,0,71,,8346,0,41 42,0,30,,8336,0,43,0,70,,8347,0,41 42,0,29,,8337,0,43,0,69,,8348,0,41 42,0,31,,8338,0,43,0,70,,8349,0,41 42,0,30,,8339,0,43,0,70,,8350,0,41 42,0,30,,8340,0,43,0,72,,8351,0,41 42,0,31,,8341,0,43,0,69,,8352,0,41 42,0,33,,8342,0,43,0,70,,8353,0,41 42,0,34,,8343,0,43,0,65,,8354,0,41 42,0,26,,8344,0,43,0
101,'2509-HIV-25l22Vlv-Semaine-00',723,,8355,0,41 42,0,15,,8381,0,43,0,15,,8356,0,41 42,0,55,,8380,0,43,0,15,,8357,0,41 42,0,15,,8382,0,43,0,16,,8370,0,44,0,64,,8361,0,41 42,0,40,,8371,0,43,0,75,,8362,0,41 42,0,80,,8373,0,43,0,39,,8363,0,41 42,0,66,,8374,0,43,0,20,,8364,0,41 42,0,75,,8375,0,43,0,36,,8358,0,41 42,0,69,,8372,0,43,0,30,,8365,0,41 42,0,65,,8376,0,43,0,30,,8366,0,41 42,0,66,,8377,0,43,0,30,,8367,0,41 42,0,70,,8368,0,43,0,35,,8369,0,41 42,0,75,,8359,0,41 42,0,31,,8378,0,43,0,68,,8360,0,41 42,0,30,,8379,0,43,0
101,'2509-HIV-26a05H-s-Samedi-00',723,,8383,0,43,0,115,,8384,0,43,0,105,,8385,0,43,0,70,,8396,0,41 42,0,30,,8386,0,43,0,71,,8397,0,41 42,0,30,,8387,0,43,0,70,,8398,0,41 42,0,29,,8388,0,43,0,69,,8399,0,41 42,0,31,,8389,0,43,0,70,,8400,0,41 42,0,30,,8390,0,43,0,70,,8401,0,41 42,0,30,,8391,0,43,0,72,,8402,0,41 42,0,31,,8392,0,43,0,69,,8403,0,41 42,0,33,,8393,0,43,0,70,,8404,0,41 42,0,34,,8394,0,43,0,65,,8405,0,41 42,0,26,,8395,0,43,0
101,'2509-HIV-26a05H-w-Mercredi-00',723,,8406,0,41 42,0,7,,8438,0,45,0,3,,8436,0,45,0,20,,8407,0,41 42,0,55,,8434,0,43,0,15,,8408,0,41 42,0,17,,8437,0,43,0,13,,8421,0,45,0,65,,8412,0,41 42,0,40,,8422,0,43,0,75,,8413,0,41 42,0,80,,8425,0,43,0,35,,8414,0,41 42,0,70,,8426,0,43,0,20,,8415,0,41 42,0,75,,8427,0,43,0,38,,8409,0,41 42,0,67,,8423,0,43,0,30,,8416,0,41 42,0,65,,8428,0,43,0,35,,8417,0,41 42,0,61,,8429,0,43,0,25,,8418,0,41 42,0,15,,8433,0,43,0,60,,8419,0,41 42,0,21,,8424,0,43,0,14,,8420,0,41 42,0,70,,8430,0,43,0,14,,8410,0,41 42,0,17,,8431,0,43,0,68,,8411,0,41 42,0,35,,8432,0,43,0
101,'2509-HIV-26a05Hlv-L-Ma-J-V-00',723,,8439,0,41 42,0,7,,8471,0,45,0,3,,8469,0,45,0,20,,8440,0,41 42,0,55,,8467,0,43,0,15,,8441,0,41 42,0,17,,8470,0,43,0,13,,8454,0,45,0,65,,8445,0,41 42,0,40,,8455,0,43,0,75,,8446,0,41 42,0,80,,8458,0,43,0,35,,8447,0,41 42,0,70,,8459,0,43,0,20,,8448,0,41 42,0,75,,8460,0,43,0,38,,8442,0,41 42,0,67,,8456,0,43,0,30,,8449,0,41 42,0,65,,8461,0,43,0,35,,8450,0,41 42,0,61,,8462,0,43,0,25,,8451,0,41 42,0,15,,8466,0,43,0,60,,8452,0,41 42,0,21,,8457,0,43,0,14,,8453,0,41 42,0,70,,8463,0,43,0,14,,8443,0,41 42,0,17,,8464,0,43,0,68,,8444,0,41 42,0,35,,8465,0,43,0
101,'2509-HIV-26b23Vlv-Semaine-00',723,,8472,0,41 42,0,15,,8498,0,43,0,15,,8473,0,41 42,0,55,,8497,0,43,0,15,,8474,0,41 42,0,15,,8499,0,43,0,16,,8487,0,44,0,64,,8478,0,41 42,0,40,,8488,0,43,0,75,,8479,0,41 42,0,80,,8490,0,43,0,39,,8480,0,41 42,0,66,,8491,0,43,0,20,,8481,0,41 42,0,75,,8492,0,43,0,36,,8475,0,41 42,0,69,,8489,0,43,0,30,,8482,0,41 42,0,65,,8493,0,43,0,30,,8483,0,41 42,0,66,,8494,0,43,0,30,,8484,0,41 42,0,70,,8485,0,43,0,35,,8486,0,41 42,0,75,,8476,0,41 42,0,31,,8495,0,43,0,68,,8477,0,41 42,0,30,,8496,0,43,0
101,'2509-HIV-26c02Vlv-Semaine-00',723,,8500,0,41 42,0,15,,8526,0,43,0,15,,8501,0,41 42,0,55,,8525,0,43,0,15,,8502,0,41 42,0,15,,8527,0,43,0,16,,8515,0,44,0,64,,8506,0,41 42,0,40,,8516,0,43,0,75,,8507,0,41 42,0,80,,8518,0,43,0,39,,8508,0,41 42,0,66,,8519,0,43,0,20,,8509,0,41 42,0,75,,8520,0,43,0,36,,8503,0,41 42,0,69,,8517,0,43,0,30,,8510,0,41 42,0,65,,8521,0,43,0,30,,8511,0,41 42,0,66,,8522,0,43,0,30,,8512,0,41 42,0,70,,8513,0,43,0,35,,8514,0,41 42,0,75,,8504,0,41 42,0,31,,8523,0,43,0,68,,8505,0,41 42,0,30,,8524,0,43,0
301,'2509-HIV-25j05H-d-Dimanche-00',909,,9359,,,0,100,,9360,,,0,100,,9361,,,0,100,,9362,,,0,100,,9363,,,0,100,,9364,,,0,100,,9365,,,0,100,,9366,,,0,100,,9367,,,0,100,,9368,,,0,100,,9369,,,0
301,'2509-HIV-25j26H-d-Dimanche-00',909,,9370,,,0,100,,9371,,,0,100,,9372,,,0,100,,9373,,,0,100,,9374,,,0,100,,9375,,,0,100,,9376,,,0,100,,9377,,,0,100,,9378,,,0,100,,9379,,,0,100,,9380,,,0
301,'2509-HIV-25k03H-s-Samedi-00',718,,9384,,,0,30,,9381,,,0,70,,9382,,,0,30,,9383,,,0,70,,9385,,,0,30,,9386,,,0,70,,9387,,,0,29,,9388,,,0,71,,9392,,,0,30,,9391,,,0,69,,9389,,,0,29,,9390,,,0,69,,9394,,,0,29,,9395,,,0,70,,9393,,,0,31,,9396,,,0,70,,9399,,,0,32,,9397,,,0,73,,9398,,,0,31,,9401,,,0,71,,9400,,,0,31,,9402,,,0,72,,9403,,,0,29,,9404,,,0,70,,9405,,,0,29,,9406,,,0,70,,9407,,,0,24,,9408,,,0
301,'2509-HIV-25l22Vlv-Semaine-00',708,,9409,,,0,21,,9410,,,0,73,,9421,,,0,32,,9413,,,0,72,,9414,,,0,32,,9418,,,0,72,,9415,,,0,32,,9416,,,0,72,,9412,,,0,32,,9417,,,0,72,,9411,,,0,31,,9420,,,0,73,,9419,,,0,32,,9425,,,0,70,,9422,,,0,30,,9424,,,0,67,,9423,,,0,27,,9426,,,0,71,,9429,,,0,30,,9430,,,0,69,,9431,,,0,30,,9432,,,0,66,,9433,,,0,25,,9427,,,0,65,,9434,,,0,30,,9435,,,0,69,,9436,,,0,30,,9428,,,0
301,'2509-HIV-26a05H-s-Samedi-00',718,,9440,,,0,30,,9437,,,0,70,,9438,,,0,30,,9439,,,0,70,,9441,,,0,30,,9442,,,0,70,,9443,,,0,29,,9444,,,0,71,,9448,,,0,30,,9447,,,0,69,,9445,,,0,29,,9446,,,0,69,,9450,,,0,29,,9451,,,0,70,,9449,,,0,31,,9452,,,0,70,,9455,,,0,32,,9453,,,0,73,,9454,,,0,31,,9457,,,0,71,,9456,,,0,31,,9458,,,0,72,,9459,,,0,29,,9460,,,0,70,,9461,,,0,29,,9462,,,0,70,,9463,,,0,24,,9464,,,0
301,'2509-HIV-26a05H-w-Mercredi-00',707,,9491,,,0,22,,9465,,,0,73,,9492,,,0,32,,9466,,,0,72,,9467,,,0,32,,9468,,,0,72,,9469,,,0,32,,9470,,,0,72,,9471,,,0,32,,9472,,,0,72,,9473,,,0,31,,9474,,,0,73,,9475,,,0,32,,9476,,,0,70,,9477,,,0,30,,9478,,,0,67,,9479,,,0,27,,9480,,,0,71,,9481,,,0,30,,9482,,,0,69,,9483,,,0,30,,9484,,,0,66,,9485,,,0,25,,9486,,,0,65,,9487,,,0,30,,9488,,,0,68,,9489,,,0,30,,9490,,,0
301,'2509-HIV-26a05Hlv-L-Ma-J-V-00',707,,9519,,,0,22,,9493,,,0,73,,9520,,,0,32,,9494,,,0,72,,9495,,,0,32,,9496,,,0,72,,9497,,,0,32,,9498,,,0,72,,9499,,,0,32,,9500,,,0,72,,9501,,,0,31,,9502,,,0,73,,9503,,,0,32,,9504,,,0,70,,9505,,,0,30,,9506,,,0,67,,9507,,,0,27,,9508,,,0,71,,9509,,,0,30,,9510,,,0,69,,9511,,,0,30,,9512,,,0,66,,9513,,,0,25,,9514,,,0,65,,9515,,,0,30,,9516,,,0,68,,9517,,,0,30,,9518,,,0
301,'2509-HIV-26b23Vlv-Semaine-00',708,,9521,,,0,21,,9522,,,0,73,,9533,,,0,32,,9525,,,0,72,,9526,,,0,32,,9530,,,0,72,,9527,,,0,32,,9528,,,0,72,,9524,,,0,32,,9529,,,0,72,,9523,,,0,31,,9532,,,0,73,,9531,,,0,32,,9537,,,0,70,,9534,,,0,30,,9536,,,0,67,,9535,,,0,27,,9538,,,0,71,,9541,,,0,30,,9542,,,0,69,,9543,,,0,30,,9544,,,0,66,,9545,,,0,25,,9539,,,0,65,,9546,,,0,30,,9547,,,0,69,,9548,,,0,30,,9540,,,0
301,'2509-HIV-26c02Vlv-Semaine-00',708,,9549,,,0,21,,9550,,,0,73,,9561,,,0,32,,9553,,,0,72,,9554,,,0,32,,9558,,,0,72,,9555,,,0,32,,9556,,,0,72,,9552,,,0,32,,9557,,,0,72,,9551,,,0,31,,9560,,,0,73,,9559,,,0,32,,9565,,,0,70,,9562,,,0,30,,9564,,,0,67,,9563,,,0,27,,9566,,,0,71,,9569,,,0,30,,9570,,,0,69,,9571,,,0,30,,9572,,,0,66,,9573,,,0,25,,9567,,,0,65,,9574,,,0,30,,9575,,,0,69,,9576,,,0,30,,9568,,,0
401,'2509-HIV-25j05H-d-Dimanche-00',933,,9799,0,20 35,0,100,,9800,0,20 35,0,100,,9801,0,20 35,0,100,,9802,0,20 35,0,100,,9803,0,20 35,0,100,,9804,0,20 35,0,100,,9805,0,20 35,0,100,,9806,0,20 35,0,100,,9807,0,20 35,0,100,,9808,0,20 35,0
401,'2509-HIV-25j26H-d-Dimanche-00',933,,9813,0,20 35,0,100,,9814,0,20 35,0,100,,9815,0,20 35,0,100,,9816,0,20 35,0,100,,9817,0,20 35,0,100,,9818,0,20 35,0,100,,9819,0,20 35,0,100,,9820,0,20 35,0,100,,9821,0,20 35,0,100,,9822,0,20 35,0
401,'2509-HIV-25k03H-s-Samedi-00',723,,9827,,,0,117,,9834,0,20 35,0,73,,9828,,,0,28,,9835,0,20 35,0,72,,9836,0,20 35,0,29,,9837,0,20 35,0,72,,9829,,,0,28,,9838,0,20 35,0,73,,9839,0,20 35,0,29,,9840,0,20 35,0,70,,9830,,,0,29,,9841,0,20 35,0,70,,9842,0,20 35,0,31,,9843,0,20 35,0,71,,9831,,,0,28,,9844,0,20 35,0,73,,9845,0,20 35,0,33,,9846,0,20 35,0,71,,9832,,,0,32,,9847,0,20 35,0,71,,9848,0,20 35,0,31,,9849,0,20 35,0,69,,9850,0,20 35,0,30,,9833,,,0
401,'2509-HIV-25l22Vlv-Semaine-00',728,,9866,0,20 35,0,10,,9852,0,20 35,0,15,,9867,0,20 35,0,55,,9853,0,20 35,0,15,,9873,,,0,20,,9854,0,20 35,0,15,,9855,0,20 35,0,80,,9856,0,20 35,0,71,,9857,0,20 35,0,37,,9858,0,20 35,0,73,,9875,,,0,30,,9859,0,20 35,0,69,,9860,0,20 35,0,20,,9874,,,0,70,,9871,0,20 35,0,30,,9876,,,0,71,,9851,0,20 35,0,40,,9861,0,20 35,0,70,,9877,,,0,25,,9862,0,20 35,0,70,,9863,,,0,25,,9872,0,20 35,0,70,,9868,0,20 35,0,30,,9869,,,0,75,,9864,0,20 35,0,24,,9870,0,20 35,0,70,,9865,0,20 35,0,30,,9878,,,0
401,'2509-HIV-26a05H-s-Samedi-00',723,,9879,,,0,117,,9886,0,20 35,0,73,,9880,,,0,28,,9887,0,20 35,0,72,,9888,0,20 35,0,29,,9889,0,20 35,0,72,,9881,,,0,28,,9890,0,20 35,0,73,,9891,0,20 35,0,29,,9892,0,20 35,0,70,,9882,,,0,29,,9893,0,20 35,0,70,,9894,0,20 35,0,31,,9895,0,20 35,0,71,,9883,,,0,28,,9896,0,20 35,0,73,,9897,0,20 35,0,33,,9898,0,20 35,0,71,,9884,,,0,32,,9899,0,20 35,0,71,,9900,0,20 35,0,31,,9901,0,20 35,0,69,,9902,0,20 35,0,30,,9885,,,0
401,'2509-HIV-26a05H-w-Mercredi-00',728,,9920,0,20 35,0,10,,9904,0,20 35,0,15,,9921,0,20 35,0,55,,9905,0,20 35,0,15,,9928,,,0,24,,9906,0,20 35,0,11,,9907,0,20 35,0,75,,9908,0,20 35,0,75,,9909,0,20 35,0,35,,9910,0,20 35,0,75,,9930,,,0,30,,9911,0,20 35,0,70,,9912,0,20 35,0,20,,9929,,,0,70,,9925,0,20 35,0,30,,9931,,,0,73,,9903,0,20 35,0,37,,9913,0,20 35,0,70,,9932,,,0,27,,9914,0,20 35,0,69,,9915,0,20 35,0,15,,9916,0,20 35,0,16,,9926,0,20 35,0,64,,9922,0,20 35,0,15,,9917,0,20 35,0,15,,9923,0,20 35,0,12,,9927,,,0,68,,9918,0,20 35,0,19,,9924,0,20 35,0,75,,9919,0,20 35,0,25,,9933,,,0
401,'2509-HIV-26a05Hlv-L-Ma-J-V-00',728,,9951,0,20 35,0,10,,9935,0,20 35,0,15,,9952,0,20 35,0,55,,9936,0,20 35,0,15,,9959,,,0,24,,9937,0,20 35,0,11,,9938,0,20 35,0,75,,9939,0,20 35,0,75,,9940,0,20 35,0,35,,9941,0,20 35,0,75,,9961,,,0,30,,9942,0,20 35,0,70,,9943,0,20 35,0,20,,9960,,,0,70,,9956,0,20 35,0,30,,9962,,,0,73,,9934,0,20 35,0,37,,9944,0,20 35,0,70,,9963,,,0,27,,9945,0,20 35,0,69,,9946,0,20 35,0,15,,9947,0,20 35,0,16,,9957,0,20 35,0,64,,9953,0,20 35,0,15,,9948,0,20 35,0,15,,9954,0,20 35,0,12,,9958,,,0,68,,9949,0,20 35,0,19,,9955,0,20 35,0,75,,9950,0,20 35,0,25,,9964,,,0
401,'2509-HIV-26b23Vlv-Semaine-00',728,,9980,0,20 35,0,10,,9966,0,20 35,0,15,,9981,0,20 35,0,55,,9967,0,20 35,0,15,,9987,,,0,20,,9968,0,20 35,0,15,,9969,0,20 35,0,80,,9970,0,20 35,0,71,,9971,0,20 35,0,37,,9972,0,20 35,0,73,,9989,,,0,30,,9973,0,20 35,0,69,,9974,0,20 35,0,20,,9988,,,0,70,,9985,0,20 35,0,30,,9990,,,0,71,,9965,0,20 35,0,40,,9975,0,20 35,0,70,,9991,,,0,25,,9976,0,20 35,0,70,,9977,,,0,25,,9986,0,20 35,0,70,,9982,0,20 35,0,30,,9983,,,0,75,,9978,0,20 35,0,24,,9984,0,20 35,0,70,,9979,0,20 35,0,30,,9992,,,0
401,'2509-HIV-26c02Vlv-Semaine-00',728,,10008,0,20 35,0,10,,9994,0,20 35,0,15,,10009,0,20 35,0,55,,9995,0,20 35,0,15,,10015,,,0,20,,9996,0,20 35,0,15,,9997,0,20 35,0,80,,9998,0,20 35,0,71,,9999,0,20 35,0,37,,10000,0,20 35,0,73,,10017,,,0,30,,10001,0,20 35,0,69,,10002,0,20 35,0,20,,10016,,,0,70,,10013,0,20 35,0,30,,10018,,,0,71,,9993,0,20 35,0,40,,10003,0,20 35,0,70,,10019,,,0,25,,10004,0,20 35,0,70,,10005,,,0,25,,10014,0,20 35,0,70,,10010,0,20 35,0,30,,10011,,,0,75,,10006,0,20 35,0,24,,10012,0,20 35,0,70,,10007,0,20 35,0,30,,10020,,,0
701,'2509-HIV-25k03H-s-Samedi-00',723,,10538,,,0,110,,10539,,,0,110,,10540,,,0,110,,10541,,,0,150,,10542,,,0,110,,10543,,,0,110,,10544,,,0,110,,10545,,,0,110,,10546,,,0,110,,10536,,,0,150,,10537,,,0
701,'2509-HIV-25l22Vlv-Semaine-00',725,,10547,,,0,109,,10548,,,0,110,,10549,,,0,110,,10550,,,0,150,,10551,,,0,110,,10552,,,0,110,,10553,,,0,110,,10554,,,0,110,,10555,,,0,110,,10556,,,0,150,,10557,,,0
701,'2509-HIV-26a05H-s-Samedi-00',723,,10560,,,0,110,,10561,,,0,110,,10562,,,0,110,,10563,,,0,150,,10564,,,0,110,,10565,,,0,110,,10566,,,0,110,,10567,,,0,110,,10568,,,0,110,,10558,,,0,150,,10559,,,0
701,'2509-HIV-26a05H-w-Mercredi-00',725,,10569,,,0,109,,10570,,,0,110,,10571,,,0,110,,10572,,,0,150,,10573,,,0,110,,10574,,,0,110,,10575,,,0,110,,10576,,,0,110,,10577,,,0,110,,10578,,,0,150,,10579,,,0
701,'2509-HIV-26a05Hlv-L-Ma-J-V-00',725,,10580,,,0,109,,10581,,,0,110,,10582,,,0,110,,10583,,,0,150,,10584,,,0,110,,10585,,,0,110,,10586,,,0,110,,10587,,,0,110,,10588,,,0,110,,10589,,,0,150,,10590,,,0
701,'2509-HIV-26b23Vlv-Semaine-00',725,,10591,,,0,109,,10592,,,0,110,,10593,,,0,110,,10594,,,0,150,,10595,,,0,110,,10596,,,0,110,,10597,,,0,110,,10598,,,0,110,,10599,,,0,110,,10600,,,0,150,,10601,,,0
701,'2509-HIV-26c02Vlv-Semaine-00',725,,10602,,,0,109,,10603,,,0,110,,10604,,,0,110,,10605,,,0,150,,10606,,,0,110,,10607,,,0,110,,10608,,,0,110,,10609,,,0,110,,10610,,,0,110,,10611,,,0,150,,10612,,,0
2000001,'2509-HIV-25j05H-d-Dimanche-00',822,,14379,,,0,80,,14362,,,0,40,,14363,,,0,80,,14364,,,0,80,,14365,,,0,40,,14366,,,0,80,,14367,,,0,80,,14368,,,0,40,,14370,,,0,80,,14369,,,0,80,,14371,,,0,40,,14372,,,0,80,,14373,,,0,80,,14374,,,0,40,,14376,,,0,80,,14375,,,0,80,,14377,,,0,40,,14378,,,0
2000001,'2509-HIV-25j26H-d-Dimanche-00',822,,14397,,,0,80,,14380,,,0,40,,14381,,,0,80,,14382,,,0,80,,14383,,,0,40,,14384,,,0,80,,14385,,,0,80,,14386,,,0,40,,14388,,,0,80,,14387,,,0,80,,14389,,,0,40,,14390,,,0,80,,14391,,,0,80,,14392,,,0,40,,14394,,,0,80,,14393,,,0,80,,14395,,,0,40,,14396,,,0
2000001,'2509-HIV-25k03H-s-Samedi-00',650,,14398,,,0,81,,14399,,,0,79,,14400,,,0,31,,14438,,,0,61,,14402,,,0,20,,14401,,,0,20,,14403,,,0,60,,14404,,,0,19,,14406,,,0,19,,14405,,,0,60,,14411,,,0,20,,14409,,,0,17,,14413,,,0,19,,14407,,,0,59,,14412,,,0,20,,14408,,,0,17,,14410,,,0,58,,14419,,,0,18,,14416,,,0,20,,14417,,,0,61,,14418,,,0,18,,14415,,,0,17,,14414,,,0,59,,14420,,,0,21,,14421,,,0,20,,14423,,,0,59,,14422,,,0,20,,14424,,,0,20,,14425,,,0,61,,14426,,,0,20,,14428,,,0,19,,14427,,,0,59,,14429,,,0,19,,14430,,,0,18,,14431,,,0,19,,14432,,,0,57,,14433,,,0,18,,14434,,,0,23,,14435,,,0,64,,14436,,,0,23,,14437,,,0
2000001,'2509-HIV-25l22Vlv-Semaine-00',647,,14445,,,0,65,,14442,,,0,18,,14440,,,0,15,,14444,,,0,55,,14441,,,0,15,,14446,,,0,15,,14439,,,0,14,,14443,,,0,15,,14448,,,0,56,,14487,,,0,15,,14486,,,0,15,,14485,,,0,55,,14484,,,0,15,,14482,,,0,15,,14483,,,0,16,,14481,,,0,55,,14480,,,0,15,,14478,,,0,14,,14479,,,0,15,,14477,,,0,55,,14476,,,0,15,,14475,,,0,14,,14474,,,0,15,,14469,,,0,14,,14470,,,0,55,,14471,,,0,15,,14467,,,0,16,,14472,,,0,15,,14473,,,0,57,,14468,,,0,14,,14460,,,0,14,,14463,,,0,15,,14466,,,0,55,,14462,,,0,16,,14464,,,0,15,,14465,,,0,55,,14461,,,0,16,,14458,,,0,15,,14459,,,0,15,,14457,,,0,56,,14454,,,0,15,,14455,,,0,14,,14456,,,0,15,,14453,,,0,55,,14451,,,0,14,,14452,,,0,14,,14449,,,0,14,,14450,,,0,16,,14447,,,0,54,,14493,,,0,26,,14488,,,0,19,,14489,,,0,60,,14492,,,0,19,,14491,,,0,18,,14490,,,0
2000001,'2509-HIV-26a05H-s-Samedi-00',650,,14494,,,0,81,,14495,,,0,79,,14496,,,0,31,,14534,,,0,61,,14498,,,0,20,,14497,,,0,20,,14499,,,0,60,,14500,,,0,19,,14502,,,0,19,,14501,,,0,60,,14507,,,0,20,,14505,,,0,17,,14509,,,0,19,,14503,,,0,59,,14508,,,0,20,,14504,,,0,17,,14506,,,0,58,,14515,,,0,18,,14512,,,0,20,,14513,,,0,61,,14514,,,0,18,,14511,,,0,17,,14510,,,0,59,,14516,,,0,21,,14517,,,0,20,,14519,,,0,59,,14518,,,0,20,,14520,,,0,20,,14521,,,0,61,,14522,,,0,20,,14524,,,0,19,,14523,,,0,59,,14525,,,0,19,,14526,,,0,18,,14527,,,0,19,,14528,,,0,57,,14529,,,0,18,,14530,,,0,23,,14531,,,0,64,,14532,,,0,23,,14533,,,0
2000001,'2509-HIV-26a05H-w-Mercredi-00',647,,14587,,,0,65,,14564,,,0,14,,14545,,,0,2,,14543,0,26 27,0,1,,14547,,,0,16,,14572,,,0,56,,14555,,,0,14,,14590,,,0,15,,14537,,,0,14,,14565,,,0,15,,14549,,,0,56,,14573,,,0,15,,14557,,,0,16,,14581,,,0,57,,14538,,,0,16,,14571,,,0,15,,14548,,,0,16,,14574,,,0,56,,14556,,,0,16,,14583,,,0,15,,14539,,,0,16,,14569,,,0,56,,14554,,,0,17,,14575,,,0,15,,14563,,,0,14,,14582,,,0,53,,14541,,,0,15,,14566,,,0,17,,14550,,,0,15,,14577,,,0,55,,14558,,,0,15,,14586,,,0,15,,14542,,,0,15,,14567,,,0,56,,14551,,,0,15,,14576,,,0,16,,14559,,,0,14,,14585,,,0,55,,14540,,,0,16,,14568,,,0,17,,14552,,,0,15,,14578,,,0,57,,14560,,,0,18,,14536,,,0,16,,14584,,,0,57,,14591,,,0,12,,14570,,,0,12,,14553,,,0,14,,14579,,,0,14,,14561,,,0,51,,14535,,,0,13,,14588,,,0,14,,14544,,,0,63,,14580,,,0,20,,14562,,,0,20,,14589,,,0,60,,14546,,,0
2000001,'2509-HIV-26a05Hlv-L-Ma-J-V-00',647,,14644,,,0,65,,14621,,,0,14,,14602,,,0,2,,14600,0,26 27,0,1,,14604,,,0,16,,14629,,,0,56,,14612,,,0,14,,14647,,,0,15,,14594,,,0,14,,14622,,,0,15,,14606,,,0,56,,14630,,,0,15,,14614,,,0,16,,14638,,,0,57,,14595,,,0,16,,14628,,,0,15,,14605,,,0,16,,14631,,,0,56,,14613,,,0,16,,14640,,,0,15,,14596,,,0,16,,14626,,,0,56,,14611,,,0,17,,14632,,,0,15,,14620,,,0,14,,14639,,,0,53,,14598,,,0,15,,14623,,,0,17,,14607,,,0,15,,14634,,,0,55,,14615,,,0,15,,14643,,,0,15,,14599,,,0,15,,14624,,,0,56,,14608,,,0,15,,14633,,,0,16,,14616,,,0,14,,14642,,,0,55,,14597,,,0,16,,14625,,,0,17,,14609,,,0,15,,14635,,,0,57,,14617,,,0,18,,14593,,,0,16,,14641,,,0,57,,14648,,,0,12,,14627,,,0,12,,14610,,,0,14,,14636,,,0,14,,14618,,,0,51,,14592,,,0,13,,14645,,,0,14,,14601,,,0,63,,14637,,,0,20,,14619,,,0,20,,14646,,,0,60,,14603,,,0
2000001,'2509-HIV-26b23Vlv-Semaine-00',647,,14655,,,0,65,,14652,,,0,18,,14650,,,0,15,,14654,,,0,55,,14651,,,0,15,,14656,,,0,15,,14649,,,0,14,,14653,,,0,15,,14658,,,0,56,,14697,,,0,15,,14696,,,0,15,,14695,,,0,55,,14694,,,0,15,,14692,,,0,15,,14693,,,0,16,,14691,,,0,55,,14690,,,0,15,,14688,,,0,14,,14689,,,0,15,,14687,,,0,55,,14686,,,0,15,,14685,,,0,14,,14684,,,0,15,,14679,,,0,14,,14680,,,0,55,,14681,,,0,15,,14677,,,0,16,,14682,,,0,15,,14683,,,0,57,,14678,,,0,14,,14670,,,0,14,,14673,,,0,15,,14676,,,0,55,,14672,,,0,16,,14674,,,0,15,,14675,,,0,55,,14671,,,0,16,,14668,,,0,15,,14669,,,0,15,,14667,,,0,56,,14664,,,0,15,,14665,,,0,14,,14666,,,0,15,,14663,,,0,55,,14661,,,0,14,,14662,,,0,14,,14659,,,0,14,,14660,,,0,16,,14657,,,0,54,,14703,,,0,26,,14698,,,0,19,,14699,,,0,60,,14702,,,0,19,,14701,,,0,18,,14700,,,0
2000001,'2509-HIV-26c02Vlv-Semaine-00',647,,14710,,,0,65,,14707,,,0,18,,14705,,,0,15,,14709,,,0,55,,14706,,,0,15,,14711,,,0,15,,14704,,,0,14,,14708,,,0,15,,14713,,,0,56,,14752,,,0,15,,14751,,,0,15,,14750,,,0,55,,14749,,,0,15,,14747,,,0,15,,14748,,,0,16,,14746,,,0,55,,14745,,,0,15,,14743,,,0,14,,14744,,,0,15,,14742,,,0,55,,14741,,,0,15,,14740,,,0,14,,14739,,,0,15,,14734,,,0,14,,14735,,,0,55,,14736,,,0,15,,14732,,,0,16,,14737,,,0,15,,14738,,,0,57,,14733,,,0,14,,14725,,,0,14,,14728,,,0,15,,14731,,,0,55,,14727,,,0,16,,14729,,,0,15,,14730,,,0,55,,14726,,,0,16,,14723,,,0,15,,14724,,,0,15,,14722,,,0,56,,14719,,,0,15,,14720,,,0,14,,14721,,,0,15,,14718,,,0,55,,14716,,,0,14,,14717,,,0,14,,14714,,,0,14,,14715,,,0,16,,14712,,,0,54,,14758,,,0,26,,14753,,,0,19,,14754,,,0,60,,14757,,,0,19,,14756,,,0,18,,14755,,,0
