2601,'2509-HIV-25k03H-s-Samedi-00',715,,12106,,,0,85,,12109,,,0,45,,12110,,,0,85,,12111,,,0,90,,12112,,,0,84,,12113,,,0,44,,12114,,,0,85,,12115,,,0,82,,12116,,,0,42,,12117,,,0,86,,12118,,,0,90,,12119,,,0,85,,12120,,,0,40,,12121,,,0,87,,12122,,,0,84,,12108,,,0,85,,12107,,,0
2601,'2509-HIV-25l22Vlv-Semaine-00',715,,12123,,,0,85,,12124,,,0,45,,12125,,,0,85,,12126,,,0,90,,12127,,,0,84,,12128,,,0,44,,12129,,,0,85,,12130,,,0,82,,12131,,,0,42,,12132,,,0,86,,12133,,,0,90,,12134,,,0,85,,12135,,,0,40,,12136,,,0,87,,12137,,,0,84,,12138,,,0,85,,12139,,,0
2601,'2509-HIV-26a05H-s-Samedi-00',715,,12140,,,0,85,,12143,,,0,45,,12144,,,0,85,,12145,,,0,90,,12146,,,0,84,,12147,,,0,44,,12148,,,0,85,,12149,,,0,82,,12150,,,0,42,,12151,,,0,86,,12152,,,0,90,,12153,,,0,85,,12154,,,0,40,,12155,,,0,87,,12156,,,0,84,,12142,,,0,85,,12141,,,0
2601,'2509-HIV-26a05H-w-Mercredi-00',709,,12157,,,0,33,,12166,,,0,66,,12168,,,0,24,,12167,,,0,79,,12158,,,0,99,,12159,,,0,100,,12175,,,0,98,,12160,,,0,29,,12176,,,0,22,,12177,,,0,91,,12161,,,0,94,,12162,,,0,113,,12170,,,0,85,,12171,,,0,66,,12172,,,0,94,,12173,,,0,26,,12174,,,0,96,,12169,,,0
2601,'2509-HIV-26a05Hlv-L-Ma-J-V-00',709,,12178,,,0,33,,12187,,,0,66,,12189,,,0,24,,12188,,,0,79,,12179,,,0,99,,12180,,,0,100,,12196,,,0,98,,12181,,,0,29,,12197,,,0,22,,12198,,,0,91,,12182,,,0,94,,12183,,,0,113,,12191,,,0,85,,12192,,,0,66,,12193,,,0,94,,12194,,,0,26,,12195,,,0,96,,12190,,,0
2601,'2509-HIV-26b23Vlv-Semaine-00',715,,12200,,,0,85,,12201,,,0,45,,12202,,,0,85,,12203,,,0,90,,12204,,,0,84,,12205,,,0,44,,12206,,,0,85,,12207,,,0,82,,12208,,,0,42,,12209,,,0,86,,12210,,,0,90,,12211,,,0,85,,12212,,,0,40,,12213,,,0,87,,12214,,,0,84,,12215,,,0,85,,12216,,,0
2601,'2509-HIV-26c02Vlv-Semaine-00',715,,12217,,,0,85,,12218,,,0,45,,12219,,,0,85,,12220,,,0,90,,12221,,,0,84,,12222,,,0,44,,12223,,,0,85,,12224,,,0,82,,12225,,,0,42,,12226,,,0,86,,12227,,,0,90,,12228,,,0,85,,12229,,,0,40,,12230,,,0,87,,12231,,,0,84,,12232,,,0,85,,12233,,,0
3000001,'2509-HIV-25j05H-d-Dimanche-00',846,,15080,,,0,170,,15088,,,0,130,,15087,,,0,170,,15086,,,0,130,,15083,,,0,170,,15084,,,0,130,,15085,,,0,170,,15082,,,0,130,,15081,,,0
3000001,'2509-HIV-25j26H-d-Dimanche-00',846,,15089,,,0,170,,15091,,,0,130,,15092,,,0,170,,15093,,,0,130,,15094,,,0,170,,15095,,,0,130,,15096,,,0,170,,15097,,,0,130,,15090,,,0
3000001,'2509-HIV-25k03H-s-Samedi-00',639,,15098,,,0,80,,15099,,,0,84,,15100,,,0,38,,15101,,,0,60,,15102,,,0,20,,15103,,,0,20,,15104,,,0,60,,15105,,,0,20,,15106,,,0,20,,15107,,,0,60,,15108,,,0,19,,15109,,,0,21,,15110,,,0,61,,15111,,,0,19,,15112,,,0,19,,15113,,,0,60,,15114,,,0,20,,15115,,,0,20,,15116,,,0,60,,15117,,,0,20,,15118,,,0,20,,15119,,,0,61,,15120,,,0,20,,15121,,,0,20,,15122,,,0,60,,15123,,,0,20,,15124,,,0,21,,15125,,,0,60,,15126,,,0,20,,15127,,,0,20,,15128,,,0,59,,15129,,,0,20,,15130,,,0,20,,15131,,,0,18,,15132,,,0,71,,15134,,,0,29,,15135,,,0,70,,15133,,,0,29,,15136,,,0
3000001,'2509-HIV-25l22Vlv-Semaine-00',649,,15178,,,0,59,,15137,,,0,20,,15138,,,0,20,,15139,,,0,60,,15140,,,0,20,,15141,,,0,19,,15142,,,0,61,,15143,,,0,20,,15144,,,0,19,,15145,,,0,60,,15146,,,0,20,,15147,,,0,19,,15148,,,0,60,,15149,,,0,20,,15150,,,0,20,,15151,,,0,60,,15152,,,0,19,,15153,,,0,20,,15154,,,0,60,,15155,,,0,20,,15156,,,0,19,,15157,,,0,61,,15158,,,0,20,,15159,,,0,19,,15160,,,0,61,,15161,,,0,20,,15162,,,0,20,,15163,,,0,60,,15164,,,0,20,,15165,,,0,21,,15166,,,0,60,,15167,,,0,20,,15168,,,0,21,,15169,,,0,60,,15170,,,0,19,,15171,,,0,21,,15172,,,0,60,,15173,,,0,21,,15174,,,0,31,,15175,,,0,67,,15176,,,0,30,,15177,,,0
3000001,'2509-HIV-26a05H-s-Samedi-00',639,,15179,,,0,80,,15180,,,0,84,,15181,,,0,38,,15182,,,0,60,,15183,,,0,20,,15184,,,0,20,,15185,,,0,60,,15186,,,0,20,,15187,,,0,20,,15188,,,0,60,,15189,,,0,19,,15190,,,0,21,,15191,,,0,61,,15192,,,0,19,,15193,,,0,19,,15194,,,0,60,,15195,,,0,20,,15196,,,0,20,,15197,,,0,60,,15198,,,0,20,,15199,,,0,20,,15200,,,0,61,,15201,,,0,20,,15202,,,0,20,,15203,,,0,60,,15204,,,0,20,,15205,,,0,21,,15206,,,0,60,,15207,,,0,20,,15208,,,0,20,,15209,,,0,59,,15210,,,0,20,,15211,,,0,20,,15212,,,0,18,,15213,,,0,71,,15215,,,0,29,,15216,,,0,70,,15214,,,0,29,,15217,,,0
3000001,'2509-HIV-26a05H-w-Mercredi-00',647,,15259,,,0,58,,15218,,,0,20,,15219,,,0,20,,15220,,,0,61,,15221,,,0,21,,15222,,,0,20,,15223,,,0,60,,15224,,,0,20,,15225,,,0,20,,15226,,,0,60,,15227,,,0,20,,15228,,,0,20,,15229,,,0,59,,15230,,,0,19,,15231,,,0,21,,15232,,,0,59,,15233,,,0,22,,15234,,,0,20,,15235,,,0,59,,15236,,,0,19,,15237,,,0,20,,15238,,,0,61,,15239,,,0,20,,15240,,,0,20,,15241,,,0,61,,15242,,,0,22,,15243,,,0,20,,15244,,,0,59,,15245,,,0,11,,15260,0,22 23,0,8,,15246,,,0,11,,15261,0,22 23,0,11,,15247,,,0,10,,15262,0,22 23,0,50,,15248,,,0,11,,15263,0,22 23,0,10,,15249,,,0,10,,15264,0,22 23,0,11,,15250,,,0,8,,15265,0,22 23,0,49,,15251,,,0,10,,15266,0,22 23,0,8,,15252,,,0,11,,15267,0,22 23,0,11,,15253,,,0,60,,15254,,,0,22,,15255,,,0,26,,15256,,,0,69,,15257,,,0,32,,15258,,,0
3000001,'2509-HIV-26a05Hlv-L-Ma-J-V-00',647,,15309,,,0,58,,15268,,,0,20,,15269,,,0,20,,15270,,,0,61,,15271,,,0,21,,15272,,,0,20,,15273,,,0,60,,15274,,,0,20,,15275,,,0,20,,15276,,,0,60,,15277,,,0,20,,15278,,,0,20,,15279,,,0,59,,15280,,,0,19,,15281,,,0,21,,15282,,,0,59,,15283,,,0,22,,15284,,,0,20,,15285,,,0,59,,15286,,,0,19,,15287,,,0,20,,15288,,,0,61,,15289,,,0,20,,15290,,,0,20,,15291,,,0,61,,15292,,,0,22,,15293,,,0,20,,15294,,,0,59,,15295,,,0,11,,15310,0,22 23,0,8,,15296,,,0,11,,15311,0,22 23,0,11,,15297,,,0,10,,15312,0,22 23,0,50,,15298,,,0,11,,15313,0,22 23,0,10,,15299,,,0,10,,15314,0,22 23,0,11,,15300,,,0,8,,15315,0,22 23,0,49,,15301,,,0,10,,15316,0,22 23,0,8,,15302,,,0,11,,15317,0,22 23,0,11,,15303,,,0,60,,15304,,,0,22,,15305,,,0,26,,15306,,,0,69,,15307,,,0,32,,15308,,,0
3000001,'2509-HIV-26b23Vlv-Semaine-00',649,,15359,,,0,59,,15318,,,0,20,,15319,,,0,20,,15320,,,0,60,,15321,,,0,20,,15322,,,0,19,,15323,,,0,61,,15324,,,0,20,,15325,,,0,19,,15326,,,0,60,,15327,,,0,20,,15328,,,0,19,,15329,,,0,60,,15330,,,0,20,,15331,,,0,20,,15332,,,0,60,,15333,,,0,19,,15334,,,0,20,,15335,,,0,60,,15336,,,0,20,,15337,,,0,19,,15338,,,0,61,,15339,,,0,20,,15340,,,0,19,,15341,,,0,61,,15342,,,0,20,,15343,,,0,20,,15344,,,0,60,,15345,,,0,20,,15346,,,0,21,,15347,,,0,60,,15348,,,0,20,,15349,,,0,21,,15350,,,0,60,,15351,,,0,19,,15352,,,0,21,,15353,,,0,60,,15354,,,0,21,,15355,,,0,31,,15356,,,0,67,,15357,,,0,30,,15358,,,0
3000001,'2509-HIV-26c02Vlv-Semaine-00',649,,15401,,,0,59,,15360,,,0,20,,15361,,,0,20,,15362,,,0,60,,15363,,,0,20,,15364,,,0,19,,15365,,,0,61,,15366,,,0,20,,15367,,,0,19,,15368,,,0,60,,15369,,,0,20,,15370,,,0,19,,15371,,,0,60,,15372,,,0,20,,15373,,,0,20,,15374,,,0,60,,15375,,,0,19,,15376,,,0,20,,15377,,,0,60,,15378,,,0,20,,15379,,,0,19,,15380,,,0,61,,15381,,,0,20,,15382,,,0,19,,15383,,,0,61,,15384,,,0,20,,15385,,,0,20,,15386,,,0,60,,15387,,,0,20,,15388,,,0,21,,15389,,,0,60,,15390,,,0,20,,15391,,,0,21,,15392,,,0,60,,15393,,,0,19,,15394,,,0,21,,15395,,,0,60,,15396,,,0,21,,15397,,,0,31,,15398,,,0,67,,15399,,,0,30,,15400,,,0
