201,'2_6',657,,30614,6,0,20,0,99,,30615,6,0,21,0,153,,30616,6,0,20,0,105,,30617,6,0,20,0,106,,30618,6,0,20,0,110,,30619,6,0,21,0,103,,30620,6,0,21,0,106,,30621,6,0,62,0,102,,30622,6,0,62,0,103,,30623,6,0,21,0,103,,30624,6,0,21,0,103,,30625,6,0,21,0
201,'5_1',657,,37457,6,0,20,0,99,,37452,6,0,21,0,100,,37453,6,0,21,0,148,,37445,6,0,21,0,111,,37443,6,0,21,0,115,,37444,6,0,20,0,95,,37438,6,0,62,0,94,,37435,6,0,20,0,90,,37436,6,0,62,0,99,,37430,6,0,21,0,115,,37423,6,0,62,0,100,,37425,6,0,62,0,109,,37420,6,0,21,0
201,'5_2',657,,38869,6,0,20,0,99,,38864,6,0,21,0,100,,38865,6,0,21,0,148,,38857,6,0,21,0,111,,38855,6,0,21,0,115,,38856,6,0,20,0,95,,38850,6,0,62,0,94,,38847,6,0,20,0,90,,38848,6,0,62,0,99,,38842,6,0,21,0,115,,38835,6,0,62,0,100,,38837,6,0,62,0,109,,38832,6,0,21,0
201,'5_3',657,,38908,6,0,20,0,99,,38903,6,0,21,0,100,,38904,6,0,21,0,148,,38896,6,0,21,0,111,,38894,6,0,21,0,115,,38895,6,0,20,0,95,,38889,6,0,62,0,94,,38886,6,0,20,0,90,,38887,6,0,62,0,99,,38881,6,0,21,0,115,,38874,6,0,62,0,100,,38876,6,0,62,0,109,,38871,6,0,21,0
201,'5_4',657,,38947,6,0,20,0,99,,38942,6,0,21,0,100,,38943,6,0,21,0,148,,38935,6,0,21,0,111,,38933,6,0,21,0,115,,38934,6,0,20,0,95,,38928,6,0,62,0,94,,38925,6,0,20,0,90,,38926,6,0,62,0,99,,38920,6,0,21,0,115,,38913,6,0,62,0,100,,38915,6,0,62,0,109,,38910,6,0,21,0
201,'5_5',657,,38986,6,0,20,0,99,,38981,6,0,21,0,100,,38982,6,0,21,0,148,,38974,6,0,21,0,111,,38972,6,0,21,0,115,,38973,6,0,20,0,95,,38967,6,0,62,0,94,,38964,6,0,20,0,90,,38965,6,0,62,0,99,,38959,6,0,21,0,115,,38952,6,0,62,0,100,,38954,6,0,62,0,109,,38949,6,0,21,0
201,'6_1',657,,39025,6,0,20,0,99,,39020,6,0,21,0,100,,39021,6,0,21,0,148,,39013,6,0,21,0,111,,39011,6,0,21,0,115,,39012,6,0,20,0,95,,39006,6,0,62,0,94,,39003,6,0,20,0,90,,39004,6,0,62,0,99,,38998,6,0,21,0,115,,38991,6,0,62,0,100,,38993,6,0,62,0,109,,38988,6,0,21,0
201,'6_2',657,,43842,6,0,20,0,99,,43837,6,0,21,0,100,,43838,6,0,21,0,148,,43830,6,0,21,0,111,,43828,6,0,21,0,115,,43829,6,0,20,0,95,,43823,6,0,62,0,94,,43820,6,0,20,0,90,,43821,6,0,62,0,99,,43815,6,0,21,0,115,,43808,6,0,62,0,100,,43810,6,0,62,0,109,,43805,6,0,21,0
201,'6_3',657,,43881,6,0,20,0,99,,43876,6,0,21,0,100,,43877,6,0,21,0,148,,43869,6,0,21,0,111,,43867,6,0,21,0,115,,43868,6,0,20,0,95,,43862,6,0,62,0,94,,43859,6,0,20,0,90,,43860,6,0,62,0,99,,43854,6,0,21,0,115,,43847,6,0,62,0,100,,43849,6,0,62,0,109,,43844,6,0,21,0
201,'6_4',657,,43920,6,0,20,0,99,,43915,6,0,21,0,100,,43916,6,0,21,0,148,,43908,6,0,21,0,111,,43906,6,0,21,0,115,,43907,6,0,20,0,95,,43901,6,0,62,0,94,,43898,6,0,20,0,90,,43899,6,0,62,0,99,,43893,6,0,21,0,115,,43886,6,0,62,0,100,,43888,6,0,62,0,109,,43883,6,0,21,0
