2200,'2509-HIV-26a05H-w-Mercredi-00',747,,11748,0,44,0
2200,'2509-HIV-26a05Hlv-L-Ma-J-V-00',747,,11753,0,44,0
2400,'2509-HIV-26a05H-w-Mercredi-00',736,,11787,,,0
2400,'2509-HIV-26a05H-w-Mercredi-00-0010000',1226,,11788,,,0
2400,'2509-HIV-26a05Hlv-L-Ma-J-V-00',736,,11789,,,0
2400,'2509-HIV-26a05Hlv-L-Ma-J-V-00-1101100',1604,,11790,,,0,103,,11791,,,0,95,,11792,,,0
2000000,'2509-HIV-25j05H-d-Dimanche-00',818,,13964,,,0,40,,13965,,,0,80,,13966,,,0,80,,13967,,,0,40,,13968,,,0,80,,13969,,,0,80,,13970,,,0,40,,13971,,,0,80,,13972,,,0,80,,13973,,,0,40,,13974,,,0,80,,13975,,,0,80,,13976,,,0,40,,13977,,,0,80,,13978,,,0,80,,13979,,,0,40,,13980,,,0,80,,13981,,,0
2000000,'2509-HIV-25j26H-d-Dimanche-00',818,,13982,,,0,40,,13983,,,0,80,,13984,,,0,80,,13985,,,0,40,,13986,,,0,80,,13987,,,0,80,,13988,,,0,40,,13989,,,0,80,,13990,,,0,80,,13991,,,0,40,,13992,,,0,80,,13993,,,0,80,,13994,,,0,40,,13995,,,0,80,,13996,,,0,80,,13997,,,0,40,,13998,,,0,80,,13999,,,0
2000000,'2509-HIV-25k03H-s-Samedi-00',643,,14000,,,0,81,,14001,,,0,79,,14002,,,0,29,,14003,,,0,20,,14004,,,0,60,,14005,,,0,18,,14006,,,0,18,,14007,,,0,59,,14008,,,0,20,,14009,,,0,19,,14010,,,0,59,,14011,,,0,19,,14012,,,0,20,,14013,,,0,58,,14014,,,0,19,,14015,,,0,18,,14016,,,0,19,,14017,,,0,59,,14018,,,0,19,,14019,,,0,18,,14020,,,0,59,,14021,,,0,20,,14022,,,0,20,,14023,,,0,59,,14024,,,0,19,,14025,,,0,20,,14026,,,0,60,,14027,,,0,20,,14028,,,0,20,,14029,,,0,59,,14030,,,0,20,,14031,,,0,20,,14032,,,0,60,,14033,,,0,18,,14034,,,0,20,,14035,,,0,64,,14036,,,0,25,,14037,,,0,65,,14038,,,0,25,,14039,,,0,25,,14040,,,0
2000000,'2509-HIV-25l22Vlv-Semaine-00',646,,14046,,,0,63,,14043,,,0,17,,14048,,,0,15,,14041,,,0,15,,14045,,,0,54,,14042,,,0,15,,14047,,,0,15,,14044,,,0,15,,14049,,,0,55,,14050,,,0,14,,14051,,,0,15,,14052,,,0,15,,14053,,,0,54,,14054,,,0,15,,14055,,,0,15,,14056,,,0,16,,14057,,,0,55,,14058,,,0,15,,14059,,,0,15,,14060,,,0,15,,14061,,,0,55,,14062,,,0,15,,14063,,,0,15,,14064,,,0,15,,14065,,,0,55,,14066,,,0,15,,14067,,,0,15,,14068,,,0,15,,14069,,,0,55,,14070,,,0,15,,14071,,,0,15,,14072,,,0,15,,14073,,,0,55,,14074,,,0,15,,14075,,,0,15,,14076,,,0,15,,14077,,,0,55,,14078,,,0,15,,14079,,,0,15,,14080,,,0,15,,14081,,,0,55,,14082,,,0,15,,14083,,,0,15,,14084,,,0,15,,14085,,,0,55,,14086,,,0,15,,14087,,,0,15,,14088,,,0,15,,14089,,,0,60,,14092,,,0,21,,14093,,,0,20,,14094,,,0,60,,14095,,,0,21,,14090,,,0,20,,14091,,,0
2000000,'2509-HIV-26a05H-s-Samedi-00',643,,14096,,,0,81,,14097,,,0,79,,14098,,,0,29,,14099,,,0,20,,14100,,,0,60,,14101,,,0,18,,14102,,,0,18,,14103,,,0,59,,14104,,,0,20,,14105,,,0,19,,14106,,,0,59,,14107,,,0,19,,14108,,,0,20,,14109,,,0,58,,14110,,,0,19,,14111,,,0,18,,14112,,,0,19,,14113,,,0,59,,14114,,,0,19,,14115,,,0,18,,14116,,,0,59,,14117,,,0,20,,14118,,,0,20,,14119,,,0,59,,14120,,,0,19,,14121,,,0,20,,14122,,,0,60,,14123,,,0,20,,14124,,,0,20,,14125,,,0,59,,14126,,,0,20,,14127,,,0,20,,14128,,,0,60,,14129,,,0,18,,14130,,,0,20,,14131,,,0,64,,14132,,,0,25,,14133,,,0,65,,14134,,,0,25,,14135,,,0,25,,14136,,,0
2000000,'2509-HIV-26a05H-w-Mercredi-00',646,,14173,,,0,62,,14155,,,0,16,,14183,,,0,14,,14139,,,0,15,,14166,,,0,55,,14148,,,0,15,,14175,,,0,15,,14158,,,0,16,,14186,,,0,57,,14140,,,0,16,,14171,,,0,15,,14149,,,0,16,,14176,,,0,55,,14156,,,0,16,,14184,,,0,16,,14141,,,0,56,,14172,,,0,15,,14150,,,0,16,,14177,,,0,17,,14157,,,0,54,,14187,,,0,14,,14142,,,0,17,,14165,,,0,16,,14151,,,0,55,,14174,,,0,15,,14159,,,0,15,,14185,,,0,15,,14144,,,0,55,,14167,,,0,15,,14154,,,0,15,,14179,,,0,15,,14160,,,0,54,,14188,,,0,15,,14145,,,0,15,,14168,,,0,16,,14153,,,0,55,,14178,,,0,14,,14161,,,0,16,,14137,,,0,14,,14189,,,0,58,,14143,,,0,14,,14170,,,0,16,,14152,,,0,15,,14180,,,0,56,,14163,,,0,14,,14138,,,0,14,,14190,,,0,15,,14146,,,0,55,,14169,,,0,14,,14181,,,0,19,,14162,,,0,62,,14191,,,0,20,,14147,,,0,19,,14182,,,0,61,,14164,,,0
2000000,'2509-HIV-26a05H-w-Mercredi-00-0010000',1215,,14193,0,6 7,0,5,,14192,0,6 7,0
2000000,'2509-HIV-26a05Hlv-L-Ma-J-V-00',646,,14230,,,0,62,,14212,,,0,16,,14240,,,0,14,,14196,,,0,15,,14223,,,0,55,,14205,,,0,15,,14232,,,0,15,,14215,,,0,16,,14243,,,0,57,,14197,,,0,16,,14228,,,0,15,,14206,,,0,16,,14233,,,0,55,,14213,,,0,16,,14241,,,0,16,,14198,,,0,56,,14229,,,0,15,,14207,,,0,16,,14234,,,0,17,,14214,,,0,54,,14244,,,0,14,,14199,,,0,17,,14222,,,0,16,,14208,,,0,55,,14231,,,0,15,,14216,,,0,15,,14242,,,0,15,,14201,,,0,55,,14224,,,0,15,,14211,,,0,15,,14236,,,0,15,,14217,,,0,54,,14245,,,0,15,,14202,,,0,15,,14225,,,0,16,,14210,,,0,55,,14235,,,0,14,,14218,,,0,16,,14194,,,0,14,,14246,,,0,58,,14200,,,0,14,,14227,,,0,16,,14209,,,0,15,,14237,,,0,56,,14220,,,0,14,,14195,,,0,14,,14247,,,0,15,,14203,,,0,55,,14226,,,0,14,,14238,,,0,19,,14219,,,0,62,,14248,,,0,20,,14204,,,0,19,,14239,,,0,61,,14221,,,0
2000000,'2509-HIV-26a05Hlv-L-Ma-J-V-00-1101100',1557,,14251,0,6 7,0,147,,14250,0,6 7,0,98,,14249,0,6 7,0
2000000,'2509-HIV-26b23Vlv-Semaine-00',646,,14257,,,0,63,,14254,,,0,17,,14259,,,0,15,,14252,,,0,15,,14256,,,0,54,,14253,,,0,15,,14258,,,0,15,,14255,,,0,15,,14260,,,0,55,,14261,,,0,14,,14262,,,0,15,,14263,,,0,15,,14264,,,0,54,,14265,,,0,15,,14266,,,0,15,,14267,,,0,16,,14268,,,0,55,,14269,,,0,15,,14270,,,0,15,,14271,,,0,15,,14272,,,0,55,,14273,,,0,15,,14274,,,0,15,,14275,,,0,15,,14276,,,0,55,,14277,,,0,15,,14278,,,0,15,,14279,,,0,15,,14280,,,0,55,,14281,,,0,15,,14282,,,0,15,,14283,,,0,15,,14284,,,0,55,,14285,,,0,15,,14286,,,0,15,,14287,,,0,15,,14288,,,0,55,,14289,,,0,15,,14290,,,0,15,,14291,,,0,15,,14292,,,0,55,,14293,,,0,15,,14294,,,0,15,,14295,,,0,15,,14296,,,0,55,,14297,,,0,15,,14298,,,0,15,,14299,,,0,15,,14300,,,0,60,,14303,,,0,21,,14304,,,0,20,,14305,,,0,60,,14306,,,0,21,,14301,,,0,20,,14302,,,0
2000000,'2509-HIV-26c02Vlv-Semaine-00',646,,14312,,,0,63,,14309,,,0,17,,14314,,,0,15,,14307,,,0,15,,14311,,,0,54,,14308,,,0,15,,14313,,,0,15,,14310,,,0,15,,14315,,,0,55,,14316,,,0,14,,14317,,,0,15,,14318,,,0,15,,14319,,,0,54,,14320,,,0,15,,14321,,,0,15,,14322,,,0,16,,14323,,,0,55,,14324,,,0,15,,14325,,,0,15,,14326,,,0,15,,14327,,,0,55,,14328,,,0,15,,14329,,,0,15,,14330,,,0,15,,14331,,,0,55,,14332,,,0,15,,14333,,,0,15,,14334,,,0,15,,14335,,,0,55,,14336,,,0,15,,14337,,,0,15,,14338,,,0,15,,14339,,,0,55,,14340,,,0,15,,14341,,,0,15,,14342,,,0,15,,14343,,,0,55,,14344,,,0,15,,14345,,,0,15,,14346,,,0,15,,14347,,,0,55,,14348,,,0,15,,14349,,,0,15,,14350,,,0,15,,14351,,,0,55,,14352,,,0,15,,14353,,,0,15,,14354,,,0,15,,14355,,,0,60,,14358,,,0,21,,14359,,,0,20,,14360,,,0,60,,14361,,,0,21,,14356,,,0,20,,14357,,,0
