201,'2_6',656,,30638,2,0,62,0,181,,30639,2,0,20,0,100,,30640,2,0,62,0,110,,30641,2,0,64,0,106,,30642,2,0,21,0,149,,30643,2,0,20,0,105,,30644,2,0,20,0,105,,30645,2,0,20,0,101,,30646,2,0,20,0,103,,30647,2,0,20,0,105,,30648,2,0,62,0,94,,30649,2,0,21,0
201,'5_1',651,,37458,2,0,62,0,70,,37455,2,0,21,0,101,,37456,2,0,62,0,95,,37450,2,0,20,0,107,,37446,2,0,62,0,119,,37442,2,0,62,0,116,,37440,2,0,21,0,83,,37437,2,0,21,0,95,,37441,2,0,21,0,100,,37431,2,0,21,0,166,,37426,2,0,21,0,98,,37428,2,0,21,0,101,,37422,2,0,62,0
201,'5_2',651,,38870,2,0,62,0,70,,38867,2,0,21,0,101,,38868,2,0,62,0,95,,38862,2,0,20,0,107,,38858,2,0,62,0,119,,38854,2,0,62,0,116,,38852,2,0,21,0,83,,38849,2,0,21,0,95,,38853,2,0,21,0,100,,38843,2,0,21,0,166,,38838,2,0,21,0,98,,38840,2,0,21,0,101,,38834,2,0,62,0
201,'5_3',651,,38909,2,0,62,0,70,,38906,2,0,21,0,101,,38907,2,0,62,0,95,,38901,2,0,20,0,107,,38897,2,0,62,0,119,,38893,2,0,62,0,116,,38891,2,0,21,0,83,,38888,2,0,21,0,95,,38892,2,0,21,0,100,,38882,2,0,21,0,166,,38877,2,0,21,0,98,,38879,2,0,21,0,101,,38873,2,0,62,0
201,'5_4',651,,38948,2,0,62,0,70,,38945,2,0,21,0,101,,38946,2,0,62,0,95,,38940,2,0,20,0,107,,38936,2,0,62,0,119,,38932,2,0,62,0,116,,38930,2,0,21,0,83,,38927,2,0,21,0,95,,38931,2,0,21,0,100,,38921,2,0,21,0,166,,38916,2,0,21,0,98,,38918,2,0,21,0,101,,38912,2,0,62,0
201,'5_5',651,,38987,2,0,62,0,70,,38984,2,0,21,0,101,,38985,2,0,62,0,95,,38979,2,0,20,0,107,,38975,2,0,62,0,119,,38971,2,0,62,0,116,,38969,2,0,21,0,83,,38966,2,0,21,0,95,,38970,2,0,21,0,100,,38960,2,0,21,0,166,,38955,2,0,21,0,98,,38957,2,0,21,0,101,,38951,2,0,62,0
201,'6_1',651,,39026,2,0,62,0,70,,39023,2,0,21,0,101,,39024,2,0,62,0,95,,39018,2,0,20,0,107,,39014,2,0,62,0,119,,39010,2,0,62,0,116,,39008,2,0,21,0,83,,39005,2,0,21,0,95,,39009,2,0,21,0,100,,38999,2,0,21,0,166,,38994,2,0,21,0,98,,38996,2,0,21,0,101,,38990,2,0,62,0
201,'6_2',651,,43843,2,0,62,0,70,,43840,2,0,21,0,101,,43841,2,0,62,0,95,,43835,2,0,20,0,107,,43831,2,0,62,0,119,,43827,2,0,62,0,116,,43825,2,0,21,0,83,,43822,2,0,21,0,95,,43826,2,0,21,0,100,,43816,2,0,21,0,166,,43811,2,0,21,0,98,,43813,2,0,21,0,101,,43807,2,0,62,0
201,'6_3',651,,43882,2,0,62,0,70,,43879,2,0,21,0,101,,43880,2,0,62,0,95,,43874,2,0,20,0,107,,43870,2,0,62,0,119,,43866,2,0,62,0,116,,43864,2,0,21,0,83,,43861,2,0,21,0,95,,43865,2,0,21,0,100,,43855,2,0,21,0,166,,43850,2,0,21,0,98,,43852,2,0,21,0,101,,43846,2,0,62,0
201,'6_4',651,,43921,2,0,62,0,70,,43918,2,0,21,0,101,,43919,2,0,62,0,95,,43913,2,0,20,0,107,,43909,2,0,62,0,119,,43905,2,0,62,0,116,,43903,2,0,21,0,83,,43900,2,0,21,0,95,,43904,2,0,21,0,100,,43894,2,0,21,0,166,,43889,2,0,21,0,98,,43891,2,0,21,0,101,,43885,2,0,62,0
