400,'2_6',833,,31215,10,0,40,0,198,,31216,10,0,40,0,200,,31217,10,0,40,0,201,,31218,10,0,40,0,202,,31219,10,0,40,0,209,,31220,10,0,40,0
400,'5_1',933,,37520,10,0,40,0,301,,37537,10,0,40,0,125,,37529,10,0,40,0,143,,37530,10,0,40,0,135,,37538,10,0,40,0,106,,37532,10,0,40,0,165,,37534,10,0,40,0
400,'5_2',933,,39312,10,0,40,0,301,,39329,10,0,40,0,125,,39321,10,0,40,0,143,,39322,10,0,40,0,135,,39330,10,0,40,0,106,,39324,10,0,40,0,165,,39326,10,0,40,0
400,'5_3',933,,39340,10,0,40,0,301,,39357,10,0,40,0,125,,39349,10,0,40,0,143,,39350,10,0,40,0,135,,39358,10,0,40,0,106,,39352,10,0,40,0,165,,39354,10,0,40,0
400,'5_4',933,,39368,10,0,40,0,301,,39385,10,0,40,0,125,,39377,10,0,40,0,143,,39378,10,0,40,0,135,,39386,10,0,40,0,106,,39380,10,0,40,0,165,,39382,10,0,40,0
400,'5_5',933,,39396,10,0,40,0,301,,39413,10,0,40,0,125,,39405,10,0,40,0,143,,39406,10,0,40,0,135,,39414,10,0,40,0,106,,39408,10,0,40,0,165,,39410,10,0,40,0
400,'6_1',933,,39424,10,0,40,0,301,,39441,10,0,40,0,125,,39433,10,0,40,0,143,,39434,10,0,40,0,135,,39442,10,0,40,0,106,,39436,10,0,40,0,165,,39438,10,0,40,0
400,'6_2',933,,44095,10,0,40,0,301,,44112,10,0,40,0,125,,44104,10,0,40,0,143,,44105,10,0,40,0,135,,44113,10,0,40,0,106,,44107,10,0,40,0,165,,44109,10,0,40,0
400,'6_3',933,,44123,10,0,40,0,301,,44140,10,0,40,0,125,,44132,10,0,40,0,143,,44133,10,0,40,0,135,,44141,10,0,40,0,106,,44135,10,0,40,0,165,,44137,10,0,40,0
400,'6_4',933,,44151,10,0,40,0,301,,44168,10,0,40,0,125,,44160,10,0,40,0,143,,44161,10,0,40,0,135,,44169,10,0,40,0,106,,44163,10,0,40,0,165,,44165,10,0,40,0
500,'2_6',728,,31549,15,,,0,98,,31538,15,,,0,99,,31539,15,,,0,100,,31540,15,,,0,100,,31541,15,,,0,96,,31542,15,,,0,98,,31543,15,,,0,101,,31544,15,,,0,99,,31545,15,,,0,100,,31546,15,,,0,100,,31547,15,,,0,193,,31548,15,,,0
500,'5_1',650,,37571,1,,,0,102,,37572,1,,,0,76,,37573,15,,,0,105,,37574,15,,,0,99,,37575,15,,,0,105,,37576,15,,,0,101,,37577,15,,,0,84,,37578,15,,,0,94,,37579,15,,,0,100,,37580,15,,,0,102,,37581,15,,,0,106,,37582,15,,,0,103,,37583,15,,,0,100,,37584,15,,,0
500,'5_2',650,,39587,1,,,0,102,,39588,1,,,0,76,,39589,15,,,0,105,,39590,15,,,0,99,,39591,15,,,0,105,,39592,15,,,0,101,,39593,15,,,0,84,,39594,15,,,0,94,,39595,15,,,0,100,,39596,15,,,0,102,,39597,15,,,0,106,,39598,15,,,0,103,,39599,15,,,0,100,,39600,15,,,0
500,'5_3',650,,39601,1,,,0,102,,39602,1,,,0,76,,39603,15,,,0,105,,39604,15,,,0,99,,39605,15,,,0,105,,39606,15,,,0,101,,39607,15,,,0,84,,39608,15,,,0,94,,39609,15,,,0,100,,39610,15,,,0,102,,39611,15,,,0,106,,39612,15,,,0,103,,39613,15,,,0,100,,39614,15,,,0
500,'5_4',650,,39615,1,,,0,102,,39616,1,,,0,76,,39617,15,,,0,105,,39618,15,,,0,99,,39619,15,,,0,105,,39620,15,,,0,101,,39621,15,,,0,84,,39622,15,,,0,94,,39623,15,,,0,100,,39624,15,,,0,102,,39625,15,,,0,106,,39626,15,,,0,103,,39627,15,,,0,100,,39628,15,,,0
500,'5_5',650,,39629,1,,,0,102,,39630,1,,,0,76,,39631,15,,,0,105,,39632,15,,,0,99,,39633,15,,,0,105,,39634,15,,,0,101,,39635,15,,,0,84,,39636,15,,,0,94,,39637,15,,,0,100,,39638,15,,,0,102,,39639,15,,,0,106,,39640,15,,,0,103,,39641,15,,,0,100,,39642,15,,,0
500,'6_1',650,,39643,1,,,0,102,,39644,1,,,0,76,,39645,15,,,0,105,,39646,15,,,0,99,,39647,15,,,0,105,,39648,15,,,0,101,,39649,15,,,0,84,,39650,15,,,0,94,,39651,15,,,0,100,,39652,15,,,0,102,,39653,15,,,0,106,,39654,15,,,0,103,,39655,15,,,0,100,,39656,15,,,0
500,'6_2',650,,44258,1,,,0,102,,44259,1,,,0,76,,44260,15,,,0,105,,44261,15,,,0,99,,44262,15,,,0,105,,44263,15,,,0,101,,44264,15,,,0,84,,44265,15,,,0,94,,44266,15,,,0,100,,44267,15,,,0,102,,44268,15,,,0,106,,44269,15,,,0,103,,44270,15,,,0,100,,44271,15,,,0
500,'6_3',650,,44272,1,,,0,102,,44273,1,,,0,76,,44274,15,,,0,105,,44275,15,,,0,99,,44276,15,,,0,105,,44277,15,,,0,101,,44278,15,,,0,84,,44279,15,,,0,94,,44280,15,,,0,100,,44281,15,,,0,102,,44282,15,,,0,106,,44283,15,,,0,103,,44284,15,,,0,100,,44285,15,,,0
500,'6_4',650,,44286,1,,,0,102,,44287,1,,,0,76,,44288,15,,,0,105,,44289,15,,,0,99,,44290,15,,,0,105,,44291,15,,,0,101,,44292,15,,,0,84,,44293,15,,,0,94,,44294,15,,,0,100,,44295,15,,,0,102,,44296,15,,,0,106,,44297,15,,,0,103,,44298,15,,,0,100,,44299,15,,,0
2901200,'5_1',656,,38181,10,,,0,144,,38180,10,,,0
2901200,'5_2',656,,42636,10,,,0,144,,42635,10,,,0
2901200,'5_3',656,,42638,10,,,0,144,,42637,10,,,0
2901200,'5_4',656,,42640,10,,,0,144,,42639,10,,,0
2901200,'5_5',656,,42642,10,,,0,144,,42641,10,,,0
2901200,'6_1',656,,42644,10,,,0,144,,42643,10,,,0
2901200,'6_2',656,,46092,10,,,0,144,,46091,10,,,0
2901200,'6_3',656,,46094,10,,,0,144,,46093,10,,,0
2901200,'6_4',656,,46096,10,,,0,144,,46095,10,,,0
