1100,'2_6',644,,32477,6,,,0,159,,32478,6,,,0,906,,32479,6,,,0,119,,32480,6,,,0
1100,'5_1',644,,37733,6,,,0,159,,37734,6,,,0,906,,37735,6,,,0,119,,37736,6,,,0
1100,'5_2',644,,40397,6,,,0,159,,40398,6,,,0,906,,40399,6,,,0,119,,40400,6,,,0
1100,'5_3',644,,40401,6,,,0,159,,40402,6,,,0,906,,40403,6,,,0,119,,40404,6,,,0
1100,'5_4',644,,40405,6,,,0,159,,40406,6,,,0,906,,40407,6,,,0,119,,40408,6,,,0
1100,'5_5',644,,40409,6,,,0,159,,40410,6,,,0,906,,40411,6,,,0,119,,40412,6,,,0
1100,'6_1',644,,40413,6,,,0,159,,40414,6,,,0,906,,40415,6,,,0,119,,40416,6,,,0
1100,'6_2',644,,44744,6,,,0,159,,44745,6,,,0,906,,44746,6,,,0,119,,44747,6,,,0
1100,'6_3',644,,44748,6,,,0,159,,44749,6,,,0,906,,44750,6,,,0,119,,44751,6,,,0
1100,'6_4',644,,44752,6,,,0,159,,44753,6,,,0,906,,44754,6,,,0,119,,44755,6,,,0
