4000001,'S2-0_6',659,,62393,2,,,0,80,,62394,2,,,0,78,,62395,2,,,0,41,,62396,2,,,0,80,,62397,2,,,0,81,,62398,2,,,0,82,,62399,2,,,0,42,,62400,2,,,0,84,,62401,2,,,0,79,,62402,2,,,0,35,,62403,2,,,0,76,,62404,2,,,0,40,,62405,2,,,0,80,,62406,2,,,0,78,,62407,2,,,0,40,,62408,2,,,0,80,,62409,2,,,0,83,,62410,2,,,0,40,,62411,2,,,0,61,,62391,2,,,0,82,,62414,2,,,0,50,,62413,2,,,0
4000001,'S2-1_7',1006,,62421,2,,,0,220,,62422,2,,,0,220,,62423,2,,,0,260,,62424,2,,,0,220,,62415,2,,,0
4000001,'S2-2_1',659,,62446,2,,,0,80,,62447,2,,,0,78,,62448,2,,,0,41,,62449,2,,,0,80,,62450,2,,,0,81,,62451,2,,,0,82,,62452,2,,,0,42,,62453,2,,,0,84,,62454,2,,,0,79,,62455,2,,,0,35,,62456,2,,,0,76,,62457,2,,,0,40,,62458,2,,,0,80,,62459,2,,,0,78,,62460,2,,,0,40,,62461,2,,,0,80,,62462,2,,,0,83,,62463,2,,,0,40,,62464,2,,,0,61,,62444,2,,,0,82,,62466,2,,,0,50,,62467,2,,,0
4000001,'S2-2_2',659,,62489,2,,,0,80,,62490,2,,,0,78,,62491,2,,,0,41,,62492,2,,,0,80,,62493,2,,,0,81,,62494,2,,,0,82,,62495,2,,,0,42,,62496,2,,,0,84,,62497,2,,,0,79,,62498,2,,,0,35,,62499,2,,,0,76,,62500,2,,,0,40,,62501,2,,,0,80,,62502,2,,,0,78,,62503,2,,,0,40,,62504,2,,,0,80,,62505,2,,,0,83,,62506,2,,,0,40,,62507,2,,,0,61,,62487,2,,,0,82,,62509,2,,,0,50,,62510,2,,,0
4000001,'S2-2_3',659,,62532,2,,,0,80,,62533,2,,,0,78,,62534,2,,,0,41,,62535,2,,,0,80,,62536,2,,,0,81,,62537,2,,,0,82,,62538,2,,,0,42,,62539,2,,,0,84,,62540,2,,,0,79,,62541,2,,,0,35,,62542,2,,,0,76,,62543,2,,,0,40,,62544,2,,,0,80,,62545,2,,,0,78,,62546,2,,,0,40,,62547,2,,,0,80,,62548,2,,,0,83,,62549,2,,,0,40,,62550,2,,,0,61,,62530,2,,,0,82,,62552,2,,,0,50,,62553,2,,,0
4000001,'S2-2_4',659,,62575,2,,,0,80,,62576,2,,,0,78,,62577,2,,,0,41,,62578,2,,,0,80,,62579,2,,,0,81,,62580,2,,,0,82,,62581,2,,,0,42,,62582,2,,,0,84,,62583,2,,,0,79,,62584,2,,,0,35,,62585,2,,,0,76,,62586,2,,,0,40,,62587,2,,,0,80,,62588,2,,,0,78,,62589,2,,,0,40,,62590,2,,,0,80,,62591,2,,,0,83,,62592,2,,,0,40,,62593,2,,,0,61,,62573,2,,,0,82,,62595,2,,,0,50,,62596,2,,,0
4000001,'S2-2_5',659,,62618,2,,,0,80,,62619,2,,,0,78,,62620,2,,,0,41,,62621,2,,,0,80,,62622,2,,,0,81,,62623,2,,,0,82,,62624,2,,,0,42,,62625,2,,,0,84,,62626,2,,,0,79,,62627,2,,,0,35,,62628,2,,,0,76,,62629,2,,,0,40,,62630,2,,,0,80,,62631,2,,,0,78,,62632,2,,,0,40,,62633,2,,,0,80,,62634,2,,,0,83,,62635,2,,,0,40,,62636,2,,,0,61,,62616,2,,,0,82,,62638,2,,,0,50,,62639,2,,,0
4000001,'S2-3_1',659,,62661,2,,,0,80,,62662,2,,,0,78,,62663,2,,,0,41,,62664,2,,,0,80,,62665,2,,,0,81,,62666,2,,,0,82,,62667,2,,,0,42,,62668,2,,,0,84,,62669,2,,,0,79,,62670,2,,,0,35,,62671,2,,,0,76,,62672,2,,,0,40,,62673,2,,,0,80,,62674,2,,,0,78,,62675,2,,,0,40,,62676,2,,,0,80,,62677,2,,,0,83,,62678,2,,,0,40,,62679,2,,,0,61,,62659,2,,,0,82,,62681,2,,,0,50,,62682,2,,,0
4000001,'S2-3_3',659,,62704,2,,,0,80,,62705,2,,,0,78,,62706,2,,,0,41,,62707,2,,,0,80,,62708,2,,,0,81,,62709,2,,,0,82,,62710,2,,,0,42,,62711,2,,,0,84,,62712,2,,,0,79,,62713,2,,,0,35,,62714,2,,,0,76,,62715,2,,,0,40,,62716,2,,,0,80,,62717,2,,,0,78,,62718,2,,,0,40,,62719,2,,,0,80,,62720,2,,,0,83,,62721,2,,,0,40,,62722,2,,,0,61,,62702,2,,,0,82,,62724,2,,,0,50,,62725,2,,,0
4000001,'S2-3_4',659,,62747,2,,,0,80,,62748,2,,,0,78,,62749,2,,,0,41,,62750,2,,,0,80,,62751,2,,,0,81,,62752,2,,,0,82,,62753,2,,,0,42,,62754,2,,,0,84,,62755,2,,,0,79,,62756,2,,,0,35,,62757,2,,,0,76,,62758,2,,,0,40,,62759,2,,,0,80,,62760,2,,,0,78,,62761,2,,,0,40,,62762,2,,,0,80,,62763,2,,,0,83,,62764,2,,,0,40,,62765,2,,,0,61,,62745,2,,,0,82,,62767,2,,,0,50,,62768,2,,,0
4000001,'S2-4_7',1006,,62775,2,,,0,220,,62776,2,,,0,220,,62777,2,,,0,260,,62778,2,,,0,220,,62769,2,,,0
