2401,'5_1',1620,,18148,4,,,0,104,,18149,4,,,0,94,,18150,4,,,0
2401,'5_2',1620,,18152,4,,,0,104,,18153,4,,,0,94,,18154,4,,,0
2401,'5_4',1620,,18156,4,,,0,104,,18157,4,,,0,94,,18158,4,,,0
2401,'5_5',1620,,18160,4,,,0,104,,18161,4,,,0,94,,18162,4,,,0
2401,'6_3',1242,,18164,4,,,0
1000001,'1_6',535,,19661,4,,,0,81,,19662,4,,,0,39,,19663,4,,,0,69,,19664,4,,,0,29,,19665,10,,,0,68,,19666,10,,,0,15,,19667,4,,,0,15,,19668,4,,,0,55,,19669,10,,,0,15,,19670,4,,,0,15,,19671,4,,,0,14,,19672,10,,,0,56,,19673,4,,,0,15,,19674,4,,,0,16,,19675,10,,,0,15,,19676,4,,,0,55,,19677,4,,,0,16,,19678,10,,,0,15,,19679,4,,,0,16,,19680,4,,,0,56,,19681,10,,,0,15,,19682,4,,,0,16,,19683,4,,,0,15,,19684,10,,,0,49,,19685,4,,,0,9,,19686,4,,,0,8,,19687,4,,,0,10,,19689,4,,,0,10,,19688,10,,,0,10,,19690,4,,,0,51,,19691,4,,,0,12,,19692,10,,,0,10,,19693,4,,,0,9,,19694,4,,,0,10,,19695,4,,,0,11,,19696,10,,,0,50,,19697,4,,,0,10,,19698,4,,,0,11,,19699,4,,,0,11,,19700,10,,,0,9,,19701,4,,,0,10,,19702,4,,,0,50,,19703,4,,,0,12,,19704,10,,,0,9,,19705,4,,,0,9,,19706,4,,,0,9,,19707,4,,,0,9,,19709,4,,,0,49,,19708,10,,,0,10,,19710,4,,,0,10,,19711,4,,,0,10,,19713,4,,,0,10,,19712,10,,,0,9,,19714,4,,,0,49,,19715,4,,,0,10,,19717,4,,,0,12,,19716,10,,,0,10,,19718,4,,,0,13,,19719,4,,,0,59,,19720,10,,,0,17,,19721,4,,,0,21,,19722,4,,,0,61,,19723,4,,,0,17,,19724,4,,,0,21,,19725,4,,,0,60,,19726,4,,,0,20,,19727,4,,,0,21,,19728,4,,,0
1000001,'4_7',803,,19729,4,,,0,40,,19730,4,,,0,80,,19731,4,,,0,80,,19732,4,,,0,40,,19733,4,,,0,80,,19734,4,,,0,80,,19735,4,,,0,40,,19736,4,,,0,80,,19737,4,,,0,80,,19738,4,,,0,40,,19739,4,,,0,80,,19740,4,,,0,80,,19741,4,,,0,40,,19742,4,,,0,80,,19743,4,,,0,80,,19744,4,,,0,40,,19745,4,,,0,80,,19746,4,,,0
1000001,'5_1',534,,19747,4,,,0,20,,19748,4,,,0,59,,19749,4,,,0,20,,19750,4,,,0,20,,19751,4,,,0,49,,19831,4,,,0,9,,19832,4,,,0,9,,19782,10,,,0,9,,19783,10,,,0,9,,19784,10,,,0,11,,19785,10,,,0,10,,19786,10,,,0,50,,19787,10,,,0,10,,19788,10,,,0,11,,19789,10,,,0,10,,19790,10,,,0,10,,19791,10,,,0,51,,19792,10,,,0,11,,19793,10,,,0,11,,19752,4,,,0,11,,19753,10,,,0,10,,19754,4,,,0,10,,19755,10,,,0,51,,19756,4,,,0,11,,19794,10,,,0,11,,19757,4,,,0,10,,19758,10,,,0,10,,19759,4,,,0,11,,19760,10,,,0,50,,19761,4,,,0,11,,19795,10,,,0,11,,19762,4,,,0,11,,19763,10,,,0,9,,19764,4,,,0,8,,19765,10,,,0,49,,19796,4,,,0,11,,19797,10,,,0,11,,19798,4,,,0,11,,19799,10,,,0,10,,19800,4,,,0,50,,19801,10,,,0,10,,19802,4,,,0,8,,19803,10,,,0,10,,19804,4,,,0,10,,19805,10,,,0,10,,19806,4,,,0,10,,19807,10,,,0,50,,19808,4,,,0,10,,19766,10,,,0,10,,19767,4,,,0,9,,19809,10,,,0,10,,19768,4,,,0,9,,19769,10,,,0,51,,19770,4,,,0,11,,19810,10,,,0,11,,19771,4,,,0,11,,19772,10,,,0,10,,19773,4,,,0,50,,19774,10,,,0,8,,19775,10,,,0,10,,19811,10,,,0,10,,19812,10,,,0,9,,19813,10,,,0,10,,19814,10,,,0,9,,19815,10,,,0,48,,19816,10,,,0,10,,19817,10,,,0,12,,19818,10,,,0,11,,19819,10,,,0,12,,19820,10,,,0,10,,19821,10,,,0,50,,19822,10,,,0,10,,19823,10,,,0,11,,19824,10,,,0,10,,19825,10,,,0,10,,19826,4,,,0,50,,19827,10,,,0,10,,19828,4,,,0,13,,19830,10,,,0,19,,19829,10,,,0,60,,19776,4,,,0,21,,19777,4,,,0,20,,19778,4,,,0,61,,19779,4,,,0,20,,19780,4,,,0,20,,19781,4,,,0
1000001,'5_2',534,,19833,4,,,0,20,,19834,4,,,0,59,,19835,4,,,0,20,,19836,4,,,0,20,,19837,4,,,0,49,,19917,4,,,0,9,,19918,4,,,0,9,,19868,10,,,0,9,,19869,10,,,0,9,,19870,10,,,0,11,,19871,10,,,0,10,,19872,10,,,0,50,,19873,10,,,0,10,,19874,10,,,0,11,,19875,10,,,0,10,,19876,10,,,0,10,,19877,10,,,0,51,,19878,10,,,0,11,,19879,10,,,0,11,,19838,4,,,0,11,,19839,10,,,0,10,,19840,4,,,0,10,,19841,10,,,0,51,,19842,4,,,0,11,,19880,10,,,0,11,,19843,4,,,0,10,,19844,10,,,0,10,,19845,4,,,0,11,,19846,10,,,0,50,,19847,4,,,0,11,,19881,10,,,0,11,,19848,4,,,0,11,,19849,10,,,0,9,,19850,4,,,0,8,,19851,10,,,0,49,,19882,4,,,0,11,,19883,10,,,0,11,,19884,4,,,0,11,,19885,10,,,0,10,,19886,4,,,0,50,,19887,10,,,0,10,,19888,4,,,0,8,,19889,10,,,0,10,,19890,4,,,0,10,,19891,10,,,0,10,,19892,4,,,0,10,,19893,10,,,0,50,,19894,4,,,0,10,,19852,10,,,0,10,,19853,4,,,0,9,,19895,10,,,0,10,,19854,4,,,0,9,,19855,10,,,0,51,,19856,4,,,0,11,,19896,10,,,0,11,,19857,4,,,0,11,,19858,10,,,0,10,,19859,4,,,0,50,,19860,10,,,0,8,,19861,10,,,0,10,,19897,10,,,0,10,,19898,10,,,0,9,,19899,10,,,0,10,,19900,10,,,0,9,,19901,10,,,0,48,,19902,10,,,0,10,,19903,10,,,0,12,,19904,10,,,0,11,,19905,10,,,0,12,,19906,10,,,0,10,,19907,10,,,0,50,,19908,10,,,0,10,,19909,10,,,0,11,,19910,10,,,0,10,,19911,10,,,0,10,,19912,4,,,0,50,,19913,10,,,0,10,,19914,4,,,0,13,,19916,10,,,0,19,,19915,10,,,0,60,,19862,4,,,0,21,,19863,4,,,0,20,,19864,4,,,0,61,,19865,4,,,0,20,,19866,4,,,0,20,,19867,4,,,0
1000001,'5_4',534,,19919,4,,,0,20,,19920,4,,,0,59,,19921,4,,,0,20,,19922,4,,,0,20,,19923,4,,,0,49,,20003,4,,,0,9,,20004,4,,,0,9,,19954,10,,,0,9,,19955,10,,,0,9,,19956,10,,,0,11,,19957,10,,,0,10,,19958,10,,,0,50,,19959,10,,,0,10,,19960,10,,,0,11,,19961,10,,,0,10,,19962,10,,,0,10,,19963,10,,,0,51,,19964,10,,,0,11,,19965,10,,,0,11,,19924,4,,,0,11,,19925,10,,,0,10,,19926,4,,,0,10,,19927,10,,,0,51,,19928,4,,,0,11,,19966,10,,,0,11,,19929,4,,,0,10,,19930,10,,,0,10,,19931,4,,,0,11,,19932,10,,,0,50,,19933,4,,,0,11,,19967,10,,,0,11,,19934,4,,,0,11,,19935,10,,,0,9,,19936,4,,,0,8,,19937,10,,,0,49,,19968,4,,,0,11,,19969,10,,,0,11,,19970,4,,,0,11,,19971,10,,,0,10,,19972,4,,,0,50,,19973,10,,,0,10,,19974,4,,,0,8,,19975,10,,,0,10,,19976,4,,,0,10,,19977,10,,,0,10,,19978,4,,,0,10,,19979,10,,,0,50,,19980,4,,,0,10,,19938,10,,,0,10,,19939,4,,,0,9,,19981,10,,,0,10,,19940,4,,,0,9,,19941,10,,,0,51,,19942,4,,,0,11,,19982,10,,,0,11,,19943,4,,,0,11,,19944,10,,,0,10,,19945,4,,,0,50,,19946,10,,,0,8,,19947,10,,,0,10,,19983,10,,,0,10,,19984,10,,,0,9,,19985,10,,,0,10,,19986,10,,,0,9,,19987,10,,,0,48,,19988,10,,,0,10,,19989,10,,,0,12,,19990,10,,,0,11,,19991,10,,,0,12,,19992,10,,,0,10,,19993,10,,,0,50,,19994,10,,,0,10,,19995,10,,,0,11,,19996,10,,,0,10,,19997,10,,,0,10,,19998,4,,,0,50,,19999,10,,,0,10,,20000,4,,,0,13,,20002,10,,,0,19,,20001,10,,,0,60,,19948,4,,,0,21,,19949,4,,,0,20,,19950,4,,,0,61,,19951,4,,,0,20,,19952,4,,,0,20,,19953,4,,,0
1000001,'5_5',534,,20005,4,,,0,20,,20006,4,,,0,59,,20007,4,,,0,20,,20008,4,,,0,20,,20009,4,,,0,49,,20089,4,,,0,9,,20090,4,,,0,9,,20040,10,,,0,9,,20041,10,,,0,9,,20042,10,,,0,11,,20043,10,,,0,10,,20044,10,,,0,50,,20045,10,,,0,10,,20046,10,,,0,11,,20047,10,,,0,10,,20048,10,,,0,10,,20049,10,,,0,51,,20050,10,,,0,11,,20051,10,,,0,11,,20010,4,,,0,11,,20011,10,,,0,10,,20012,4,,,0,10,,20013,10,,,0,51,,20014,4,,,0,11,,20052,10,,,0,11,,20015,4,,,0,10,,20016,10,,,0,10,,20017,4,,,0,11,,20018,10,,,0,50,,20019,4,,,0,11,,20053,10,,,0,11,,20020,4,,,0,11,,20021,10,,,0,9,,20022,4,,,0,8,,20023,10,,,0,49,,20054,4,,,0,11,,20055,10,,,0,11,,20056,4,,,0,11,,20057,10,,,0,10,,20058,4,,,0,50,,20059,10,,,0,10,,20060,4,,,0,8,,20061,10,,,0,10,,20062,4,,,0,10,,20063,10,,,0,10,,20064,4,,,0,10,,20065,10,,,0,50,,20066,4,,,0,10,,20024,10,,,0,10,,20025,4,,,0,9,,20067,10,,,0,10,,20026,4,,,0,9,,20027,10,,,0,51,,20028,4,,,0,11,,20068,10,,,0,11,,20029,4,,,0,11,,20030,10,,,0,10,,20031,4,,,0,50,,20032,10,,,0,8,,20033,10,,,0,10,,20069,10,,,0,10,,20070,10,,,0,9,,20071,10,,,0,10,,20072,10,,,0,9,,20073,10,,,0,48,,20074,10,,,0,10,,20075,10,,,0,12,,20076,10,,,0,11,,20077,10,,,0,12,,20078,10,,,0,10,,20079,10,,,0,50,,20080,10,,,0,10,,20081,10,,,0,11,,20082,10,,,0,10,,20083,10,,,0,10,,20084,4,,,0,50,,20085,10,,,0,10,,20086,4,,,0,13,,20088,10,,,0,19,,20087,10,,,0,60,,20034,4,,,0,21,,20035,4,,,0,20,,20036,4,,,0,61,,20037,4,,,0,20,,20038,4,,,0,20,,20039,4,,,0
1000001,'6_3',534,,20091,4,,,0,20,,20092,4,,,0,59,,20093,4,,,0,20,,20094,4,,,0,20,,20095,4,,,0,49,,20175,4,,,0,9,,20176,4,,,0,9,,20126,10,,,0,9,,20127,10,,,0,9,,20128,10,,,0,11,,20129,10,,,0,10,,20130,10,,,0,50,,20131,10,,,0,10,,20132,10,,,0,11,,20133,10,,,0,10,,20134,10,,,0,10,,20135,10,,,0,51,,20136,10,,,0,11,,20137,10,,,0,11,,20096,4,,,0,11,,20097,10,,,0,10,,20098,4,,,0,10,,20099,10,,,0,51,,20100,4,,,0,11,,20138,10,,,0,11,,20101,4,,,0,10,,20102,10,,,0,10,,20103,4,,,0,11,,20104,10,,,0,50,,20105,4,,,0,11,,20139,10,,,0,11,,20106,4,,,0,11,,20107,10,,,0,9,,20108,4,,,0,8,,20109,10,,,0,49,,20140,4,,,0,11,,20141,10,,,0,11,,20142,4,,,0,11,,20143,10,,,0,10,,20144,4,,,0,50,,20145,10,,,0,10,,20146,4,,,0,8,,20147,10,,,0,10,,20148,4,,,0,10,,20149,10,,,0,10,,20150,4,,,0,10,,20151,10,,,0,50,,20152,4,,,0,10,,20110,10,,,0,10,,20111,4,,,0,9,,20153,10,,,0,10,,20112,4,,,0,9,,20113,10,,,0,51,,20114,4,,,0,11,,20154,10,,,0,11,,20115,4,,,0,11,,20116,10,,,0,10,,20117,4,,,0,50,,20118,10,,,0,8,,20119,10,,,0,10,,20155,10,,,0,10,,20156,10,,,0,9,,20157,10,,,0,10,,20158,10,,,0,9,,20159,10,,,0,48,,20160,10,,,0,10,,20161,10,,,0,12,,20162,10,,,0,11,,20163,10,,,0,12,,20164,10,,,0,10,,20165,10,,,0,50,,20166,10,,,0,10,,20167,10,,,0,11,,20168,10,,,0,10,,20169,10,,,0,10,,20170,4,,,0,50,,20171,10,,,0,10,,20172,4,,,0,13,,20174,10,,,0,19,,20173,10,,,0,60,,20120,4,,,0,21,,20121,4,,,0,20,,20122,4,,,0,61,,20123,4,,,0,20,,20124,4,,,0,20,,20125,4,,,0
3000000,'1_6',700,,21036,27,,,0,44,,21037,27,,,0,82,,21038,27,,,0,30,,21039,27,,,0,60,,21040,27,,,0,20,,21041,27,,,0,21,,21042,27,,,0,60,,21043,27,,,0,20,,21044,27,,,0,20,,21045,27,,,0,61,,21046,27,,,0,19,,21047,27,,,0,20,,21048,27,,,0,61,,21049,27,,,0,19,,21050,27,,,0,19,,21051,27,,,0,59,,21052,27,,,0,20,,21053,27,,,0,21,,21054,27,,,0,59,,21055,27,,,0,21,,21056,27,,,0,20,,21057,27,,,0,61,,21058,27,,,0,20,,21059,27,,,0,20,,21060,27,,,0,60,,21061,27,,,0,20,,21062,27,,,0,21,,21063,27,,,0,60,,21064,27,,,0,20,,21065,27,,,0,20,,21066,27,,,0,60,,21067,27,,,0,19,,21068,27,,,0,18,,21069,27,,,0,59,,21070,27,,,0,30,,21071,27,,,0,69,,21072,27,,,0,29,,21073,27,,,0,69,,21074,27,,,0
3000000,'4_7',822,,21076,27,,,0,130,,21077,27,,,0,170,,21084,27,,,0,130,,21083,27,,,0,170,,21082,27,,,0,130,,21080,27,,,0,170,,21081,27,,,0,129,,21079,27,,,0,170,,21078,27,,,0
3000000,'5_1',658,,21132,27,,,0,60,,21131,27,,,0,26,,21091,27,,,0,60,,21092,27,,,0,17,,21093,27,,,0,21,,21094,27,,,0,60,,21095,27,,,0,22,,21096,27,,,0,19,,21097,27,,,0,60,,21098,27,,,0,21,,21099,27,,,0,17,,21100,27,,,0,62,,21101,27,,,0,20,,21102,27,,,0,19,,21103,27,,,0,62,,21104,27,,,0,21,,21105,27,,,0,19,,21106,27,,,0,60,,21107,27,,,0,19,,21108,27,,,0,21,,21109,27,,,0,59,,21110,27,,,0,19,,21111,27,,,0,21,,21112,27,,,0,60,,21113,27,,,0,22,,21114,27,,,0,19,,21115,27,,,0,59,,21116,27,,,0,22,,21117,27,,,0,16,,21118,27,,,0,60,,21119,27,,,0,26,,21120,27,,,0,18,,21121,27,,,0,59,,21122,27,,,0,18,,21123,27,,,0,18,,21124,27,,,0,19,,21125,27,,,0,60,,21126,27,,,0,19,,21127,27,,,0,69,,21128,27,,,0,32,,21129,27,,,0,72,,21130,27,,,0
3000000,'5_2',658,,21178,27,,,0,60,,21177,27,,,0,26,,21137,27,,,0,60,,21138,27,,,0,17,,21139,27,,,0,21,,21140,27,,,0,60,,21141,27,,,0,22,,21142,27,,,0,19,,21143,27,,,0,60,,21144,27,,,0,21,,21145,27,,,0,17,,21146,27,,,0,62,,21147,27,,,0,20,,21148,27,,,0,19,,21149,27,,,0,62,,21150,27,,,0,21,,21151,27,,,0,19,,21152,27,,,0,60,,21153,27,,,0,19,,21154,27,,,0,21,,21155,27,,,0,59,,21156,27,,,0,19,,21157,27,,,0,21,,21158,27,,,0,60,,21159,27,,,0,22,,21160,27,,,0,19,,21161,27,,,0,59,,21162,27,,,0,22,,21163,27,,,0,16,,21164,27,,,0,60,,21165,27,,,0,26,,21166,27,,,0,18,,21167,27,,,0,59,,21168,27,,,0,18,,21169,27,,,0,18,,21170,27,,,0,19,,21171,27,,,0,60,,21172,27,,,0,19,,21173,27,,,0,69,,21174,27,,,0,32,,21175,27,,,0,72,,21176,27,,,0
3000000,'5_4',658,,21224,27,,,0,60,,21223,27,,,0,26,,21183,27,,,0,60,,21184,27,,,0,17,,21185,27,,,0,21,,21186,27,,,0,60,,21187,27,,,0,22,,21188,27,,,0,19,,21189,27,,,0,60,,21190,27,,,0,21,,21191,27,,,0,17,,21192,27,,,0,62,,21193,27,,,0,20,,21194,27,,,0,19,,21195,27,,,0,62,,21196,27,,,0,21,,21197,27,,,0,19,,21198,27,,,0,60,,21199,27,,,0,19,,21200,27,,,0,21,,21201,27,,,0,59,,21202,27,,,0,19,,21203,27,,,0,21,,21204,27,,,0,60,,21205,27,,,0,22,,21206,27,,,0,19,,21207,27,,,0,59,,21208,27,,,0,22,,21209,27,,,0,16,,21210,27,,,0,60,,21211,27,,,0,26,,21212,27,,,0,18,,21213,27,,,0,59,,21214,27,,,0,18,,21215,27,,,0,18,,21216,27,,,0,19,,21217,27,,,0,60,,21218,27,,,0,19,,21219,27,,,0,69,,21220,27,,,0,32,,21221,27,,,0,72,,21222,27,,,0
3000000,'5_5',658,,21270,27,,,0,60,,21269,27,,,0,26,,21229,27,,,0,60,,21230,27,,,0,17,,21231,27,,,0,21,,21232,27,,,0,60,,21233,27,,,0,22,,21234,27,,,0,19,,21235,27,,,0,60,,21236,27,,,0,21,,21237,27,,,0,17,,21238,27,,,0,62,,21239,27,,,0,20,,21240,27,,,0,19,,21241,27,,,0,62,,21242,27,,,0,21,,21243,27,,,0,19,,21244,27,,,0,60,,21245,27,,,0,19,,21246,27,,,0,21,,21247,27,,,0,59,,21248,27,,,0,19,,21249,27,,,0,21,,21250,27,,,0,60,,21251,27,,,0,22,,21252,27,,,0,19,,21253,27,,,0,59,,21254,27,,,0,22,,21255,27,,,0,16,,21256,27,,,0,60,,21257,27,,,0,26,,21258,27,,,0,18,,21259,27,,,0,59,,21260,27,,,0,18,,21261,27,,,0,18,,21262,27,,,0,19,,21263,27,,,0,60,,21264,27,,,0,19,,21265,27,,,0,69,,21266,27,,,0,32,,21267,27,,,0,72,,21268,27,,,0
3000000,'6_3',658,,21316,27,,,0,60,,21315,27,,,0,26,,21275,27,,,0,60,,21276,27,,,0,17,,21277,27,,,0,21,,21278,27,,,0,60,,21279,27,,,0,22,,21280,27,,,0,19,,21281,27,,,0,60,,21282,27,,,0,21,,21283,27,,,0,17,,21284,27,,,0,62,,21285,27,,,0,20,,21286,27,,,0,19,,21287,27,,,0,62,,21288,27,,,0,21,,21289,27,,,0,19,,21290,27,,,0,60,,21291,27,,,0,19,,21292,27,,,0,21,,21293,27,,,0,59,,21294,27,,,0,19,,21295,27,,,0,21,,21296,27,,,0,60,,21297,27,,,0,22,,21298,27,,,0,19,,21299,27,,,0,59,,21300,27,,,0,22,,21301,27,,,0,16,,21302,27,,,0,60,,21303,27,,,0,26,,21304,27,,,0,18,,21305,27,,,0,59,,21306,27,,,0,18,,21307,27,,,0,18,,21308,27,,,0,19,,21309,27,,,0,60,,21310,27,,,0,19,,21311,27,,,0,69,,21312,27,,,0,32,,21313,27,,,0,72,,21314,27,,,0
