1600,'2_6',807,,32714,6,0,25,0,43,,32715,8,0,25,0,85,,32716,8,0,25,0,76,,32720,8,,,0,116,,32717,8,0,25,0,177,,32722,13,,,0,114,,32718,8,0,25,0,104,,32724,8,0,25,0,104,,32719,8,0,25,0,101,,32725,15,,,0,123,,32721,8,,,0
1600,'5_1',807,,37765,6,0,25,0,43,,37766,8,0,25,0,85,,37767,8,0,25,0,76,,37771,8,,,0,116,,37768,8,0,25,0,177,,37773,13,,,0,114,,37769,8,0,25,0,104,,37775,8,0,25,0,104,,37770,8,0,25,0,101,,37776,15,,,0,123,,37772,8,,,0
1600,'5_2',807,,40557,6,0,25,0,43,,40558,8,0,25,0,85,,40559,8,0,25,0,76,,40563,8,,,0,116,,40560,8,0,25,0,177,,40565,13,,,0,114,,40561,8,0,25,0,104,,40567,8,0,25,0,104,,40562,8,0,25,0,101,,40568,15,,,0,123,,40564,8,,,0
1600,'5_3',807,,40569,6,0,25,0,43,,40570,8,0,25,0,85,,40571,8,0,25,0,76,,40575,8,,,0,116,,40572,8,0,25,0,177,,40577,13,,,0,114,,40573,8,0,25,0,104,,40579,8,0,25,0,104,,40574,8,0,25,0,101,,40580,15,,,0,123,,40576,8,,,0
1600,'5_4',807,,40581,6,0,25,0,43,,40582,8,0,25,0,85,,40583,8,0,25,0,76,,40587,8,,,0,116,,40584,8,0,25,0,177,,40589,13,,,0,114,,40585,8,0,25,0,104,,40591,8,0,25,0,104,,40586,8,0,25,0,101,,40592,15,,,0,123,,40588,8,,,0
1600,'5_5',807,,40593,6,0,25,0,43,,40594,8,0,25,0,85,,40595,8,0,25,0,76,,40599,8,,,0,116,,40596,8,0,25,0,177,,40601,13,,,0,114,,40597,8,0,25,0,104,,40603,8,0,25,0,104,,40598,8,0,25,0,101,,40604,15,,,0,123,,40600,8,,,0
1600,'6_1',807,,40605,6,0,25,0,43,,40606,8,0,25,0,85,,40607,8,0,25,0,76,,40611,8,,,0,116,,40608,8,0,25,0,177,,40613,13,,,0,114,,40609,8,0,25,0,104,,40615,8,0,25,0,104,,40610,8,0,25,0,101,,40616,15,,,0,123,,40612,8,,,0
1600,'6_2',807,,44840,6,0,25,0,43,,44841,8,0,25,0,85,,44842,8,0,25,0,76,,44846,8,,,0,116,,44843,8,0,25,0,177,,44848,13,,,0,114,,44844,8,0,25,0,104,,44850,8,0,25,0,104,,44845,8,0,25,0,101,,44851,15,,,0,123,,44847,8,,,0
1600,'6_3',807,,44852,6,0,25,0,43,,44853,8,0,25,0,85,,44854,8,0,25,0,76,,44858,8,,,0,116,,44855,8,0,25,0,177,,44860,13,,,0,114,,44856,8,0,25,0,104,,44862,8,0,25,0,104,,44857,8,0,25,0,101,,44863,15,,,0,123,,44859,8,,,0
1600,'6_4',807,,44864,6,0,25,0,43,,44865,8,0,25,0,85,,44866,8,0,25,0,76,,44870,8,,,0,116,,44867,8,0,25,0,177,,44872,13,,,0,114,,44868,8,0,25,0,104,,44874,8,0,25,0,104,,44869,8,0,25,0,101,,44875,15,,,0,123,,44871,8,,,0
