201,'25j05H-Dimanche',841,,757,0,14 15 16,0,165,,758,0,14 15 16,0,125,,759,0,14 15 16,0,125,,760,0,14 15 16,0,150,,761,0,14 15 16,0,125,,762,0,14 15 16,0,125,,763,0,14 15 16,0,165,,764,0,14 15 16,0
201,'25j26H-Dimanche',841,,777,0,14 15 16,0,165,,778,0,14 15 16,0,125,,779,0,14 15 16,0,125,,780,0,14 15 16,0,150,,781,0,14 15 16,0,125,,782,0,14 15 16,0,125,,783,0,14 15 16,0,165,,784,0,14 15 16,0
201,'26a05H-Samedi',716,,872,0,14 15,0,5,,896,0,17 18 19,0,25,,884,0,14 15 16,0,69,,873,0,14 15 16,0,25,,885,0,17 18 19,0,66,,897,0,14 15,0,25,,874,0,14 15,0,20,,886,0,14 15 16,0,55,,898,0,17 18 19,0,31,,875,0,14 15,0,19,,887,0,14 15 16,0,60,,899,0,47 18 19,0,25,,876,0,14 15,0,60,,888,0,17 18 19,0,20,,900,0,14 15 16,0,30,,877,0,14 15 16,0,58,,889,0,17 18 19,0,20,,901,0,14 15,0,25,,878,0,14 15 16,0,57,,890,0,17 18 19,0,25,,902,0,14 15,0,65,,879,0,17 18 19,0,18,,891,0,14 15 16,0,22,,903,0,14 15,0,62,,880,0,17 18 19,0,16,,892,0,14 15 16,0,24,,904,0,14 15,0,64,,881,0,14 15 16,0,18,,893,0,17 18 19,0,20,,905,0,14 15,0,65,,882,0,14 15 16,0,21,,894,0,14 15,0,20,,906,0,17 18 19,0,60,,883,0,14 15 16,0,15,,895,0,17 18 19,0,15,,907,0,14 15 16,0
201,'26a05H-Mercredi',715,,908,0,14 15,0,29,,946,0,14 15 16,0,57,,930,0,17 18 19,0,13,,911,0,14 15 16,0,15,,909,0,14 15,0,20,,931,0,17 18 19,0,67,,912,0,14 15 16,0,28,,922,0,14 15,0,81,,916,0,14 15 16,0,26,,923,0,17 18 19,0,83,,917,0,14 15 16,0,74,,924,0,17 18 19,0,41,,913,0,14 15,0,75,,932,0,14 15 16,0,20,,945,0,17 18 19,0,65,,925,0,14 15 16,0,30,,910,0,14 15,0,65,,933,0,14 15 16,0,25,,914,0,17 18 19,0,74,,926,0,14 15 16,0,39,,940,0,17 18 19,0,59,,934,0,14 15 16,0,15,,927,0,17 18 19,0,13,,935,0,14 15 16,0,13,,915,0,17 18 19,0,15,,936,0,14 15 16,0,56,,938,0,17 18 19,0,16,,937,0,14 15 16,0,16,,928,0,17 18 19,0,60,,919,0,14 15 16,0,25,,929,0,17 18 19,0,21,,920,0,14 15 16,0
201,'26a05H-L-Ma-J-V',715,,948,0,14 15,0,29,,986,0,14 15 16,0,57,,970,0,17 18 19,0,13,,951,0,14 15 16,0,15,,949,0,14 15,0,20,,971,0,17 18 19,0,67,,952,0,14 15 16,0,28,,962,0,14 15,0,81,,956,0,14 15 16,0,26,,963,0,17 18 19,0,83,,957,0,14 15 16,0,74,,964,0,17 18 19,0,41,,953,0,14 15,0,75,,972,0,14 15 16,0,20,,985,0,17 18 19,0,65,,965,0,14 15 16,0,30,,950,0,14 15,0,65,,973,0,14 15 16,0,25,,954,0,17 18 19,0,74,,966,0,14 15 16,0,39,,980,0,17 18 19,0,59,,974,0,14 15 16,0,15,,967,0,17 18 19,0,13,,975,0,14 15 16,0,13,,955,0,17 18 19,0,15,,976,0,14 15 16,0,56,,978,0,17 18 19,0,16,,977,0,14 15 16,0,16,,968,0,17 18 19,0,60,,959,0,14 15 16,0,25,,969,0,17 18 19,0,21,,960,0,14 15 16,0
201,'26b23V-Semaine',716,,1024,0,14 15,0,30,,1022,0,14 15 16,0,58,,1021,0,17 18 19,0,11,,1019,0,14 15 16,0,15,,1018,0,14 15,0,20,,1023,0,17 18 19,0,68,,1020,0,14 15 16,0,28,,1017,0,14 15,0,81,,1012,0,14 15 16,0,26,,1013,0,17 18 19,0,83,,1010,0,14 15 16,0,75,,1009,0,17 18 19,0,40,,1011,0,14 15,0,75,,1007,0,14 15 16,0,20,,1005,0,17 18 19,0,65,,1004,0,14 15 16,0,30,,1002,0,14 15,0,65,,1008,0,14 15 16,0,25,,1003,0,17 18 19,0,75,,998,0,14 15 16,0,25,,997,0,14 15 16,0,74,,999,0,14 15 16,0,15,,991,0,17 18 19,0,12,,993,0,14 15 16,0,13,,990,0,17 18 19,0,55,,994,0,14 15 16,0,15,,996,0,17 18 19,0,16,,995,0,14 15 16,0,15,,992,0,17 18 19,0,60,,988,0,14 15 16,0,25,,989,0,17 18 19,0,20,,987,0,14 15 16,0
201,'26c02V-Semaine',716,,1063,0,14 15,0,30,,1061,0,14 15 16,0,58,,1060,0,17 18 19,0,11,,1058,0,14 15 16,0,15,,1057,0,14 15,0,20,,1062,0,17 18 19,0,68,,1059,0,14 15 16,0,28,,1056,0,14 15,0,81,,1051,0,14 15 16,0,26,,1052,0,17 18 19,0,83,,1049,0,14 15 16,0,75,,1048,0,17 18 19,0,40,,1050,0,14 15,0,75,,1046,0,14 15 16,0,20,,1044,0,17 18 19,0,65,,1043,0,14 15 16,0,30,,1041,0,14 15,0,65,,1047,0,14 15 16,0,25,,1042,0,17 18 19,0,75,,1037,0,14 15 16,0,25,,1036,0,14 15 16,0,74,,1038,0,14 15 16,0,15,,1030,0,17 18 19,0,12,,1032,0,14 15 16,0,13,,1029,0,17 18 19,0,55,,1033,0,14 15 16,0,15,,1035,0,17 18 19,0,16,,1034,0,14 15 16,0,15,,1031,0,17 18 19,0,60,,1027,0,14 15 16,0,25,,1028,0,17 18 19,0,20,,1026,0,14 15 16,0
701,'26a05H-Samedi',716,,2484,,,0,110,,2485,,,0,111,,2486,,,0,110,,2487,,,0,110,,2488,,,0,150,,2489,,,0,109,,2490,,,0,111,,2491,,,0,110,,2492,,,0,110,,2482,,,0,110,,2483,,,0
701,'26a05H-Mercredi',716,,2493,,,0,110,,2494,,,0,110,,2495,,,0,110,,2496,,,0,111,,2497,,,0,150,,2498,,,0,109,,2499,,,0,110,,2500,,,0,110,,2501,,,0,110,,2502,,,0,111,,2503,,,0
701,'26a05H-L-Ma-J-V',716,,2504,,,0,110,,2505,,,0,110,,2506,,,0,110,,2507,,,0,111,,2508,,,0,150,,2509,,,0,109,,2510,,,0,110,,2511,,,0,110,,2512,,,0,110,,2513,,,0,111,,2514,,,0
701,'26b23V-Semaine',716,,2515,,,0,110,,2516,,,0,110,,2517,,,0,110,,2518,,,0,111,,2519,,,0,150,,2520,,,0,109,,2521,,,0,110,,2522,,,0,110,,2523,,,0,110,,2524,,,0,111,,2525,,,0
701,'26c02V-Semaine',716,,2526,,,0,110,,2527,,,0,110,,2528,,,0,110,,2529,,,0,111,,2530,,,0,150,,2531,,,0,109,,2532,,,0,110,,2533,,,0,110,,2534,,,0,110,,2535,,,0,111,,2536,,,0
1501,'25j05H-Dimanche',826,,3240,,,0,276,,3241,,,0,300,,3242,,,0,328,,3243,,,0
1501,'25j26H-Dimanche',826,,3244,,,0,276,,3245,,,0,300,,3246,,,0,328,,3247,,,0
1501,'26a05H-Samedi',714,,3275,,,0,19,,3276,,,0,94,,3277,,,0,21,,3278,,,0,158,,3279,,,0,116,,3280,,,0,117,,3281,,,0,95,,3282,,,0,118,,3283,,,0,99,,3274,,,0,167,,3284,,,0,107,,3285,,,0,93,,3286,,,0
1501,'26a05H-Mercredi',714,,3288,,,0,19,,3289,,,0,94,,3290,,,0,21,,3291,,,0,158,,3292,,,0,116,,3293,,,0,117,,3294,,,0,95,,3295,,,0,118,,3296,,,0,99,,3287,,,0,167,,3297,,,0,107,,3298,,,0,93,,3299,,,0
1501,'26a05H-L-Ma-J-V',714,,3301,,,0,19,,3302,,,0,94,,3303,,,0,21,,3304,,,0,158,,3305,,,0,116,,3306,,,0,117,,3307,,,0,95,,3308,,,0,118,,3309,,,0,99,,3300,,,0,167,,3310,,,0,107,,3311,,,0,93,,3312,,,0
1501,'26b23V-Semaine',714,,3314,,,0,19,,3315,,,0,94,,3316,,,0,21,,3317,,,0,158,,3318,,,0,116,,3319,,,0,117,,3320,,,0,95,,3321,,,0,118,,3322,,,0,99,,3313,,,0,167,,3323,,,0,107,,3324,,,0,93,,3325,,,0
1501,'26c02V-Semaine',714,,3327,,,0,19,,3328,,,0,94,,3329,,,0,21,,3330,,,0,158,,3331,,,0,116,,3332,,,0,117,,3333,,,0,95,,3334,,,0,118,,3335,,,0,99,,3326,,,0,167,,3336,,,0,107,,3337,,,0,93,,3338,,,0
2001,'25j05H-Dimanche',907,,3624,,,0,903,,3625,,,0
2001,'25j26H-Dimanche',907,,3626,,,0,903,,3627,,,0
2001,'26a05H-Mercredi',718,,3628,,,0,121,,3629,,,0,79,,3630,,,0,894,,3631,,,0
2001,'26a05H-Mercredi0010000',1404,,3632,,,0
2001,'26a05H-L-Ma-J-V',718,,3633,,,0,121,,3634,,,0,79,,3635,,,0,894,,3636,,,0
900501,'26a05H-L-Ma-J-V0001000',2106,,4327,,,0,40,,4328,,,0,90,,4329,,,0,90,,4330,,,0,90,,4331,,,0,88,,4332,,,0,30,,4333,,,0,70,,4334,,,0
900501,'26b23V-Semaine0001000',2106,,4335,,,0,40,,4336,,,0,90,,4337,,,0,90,,4338,,,0,90,,4339,,,0,88,,4340,,,0,30,,4341,,,0,70,,4342,,,0
1000001,'25j05H-Dimanche',807,,5286,,,0,40,,5287,,,0,80,,5288,,,0,80,,5289,,,0,40,,5290,,,0,80,,5291,,,0,80,,5292,,,0,40,,5293,,,0,80,,5294,,,0,80,,5295,,,0,40,,5296,,,0,80,,5297,,,0,80,,5298,,,0,40,,5299,,,0,80,,5300,,,0,80,,5301,,,0,40,,5302,,,0,80,,5303,,,0
1000001,'25j26H-Dimanche',807,,5304,,,0,40,,5305,,,0,80,,5306,,,0,80,,5307,,,0,40,,5308,,,0,80,,5309,,,0,80,,5310,,,0,40,,5311,,,0,80,,5312,,,0,80,,5313,,,0,40,,5314,,,0,80,,5315,,,0,80,,5316,,,0,40,,5317,,,0,80,,5318,,,0,80,,5319,,,0,40,,5320,,,0,80,,5321,,,0
1000001,'26a05H-Samedi',539,,5476,,,0,81,,5477,,,0,80,,5478,,,0,29,,5479,,,0,29,,5480,,,0,68,,5481,,,0,15,,5482,,,0,15,,5483,,,0,55,,5484,,,0,15,,5485,,,0,15,,5486,,,0,15,,5487,,,0,56,,5488,,,0,15,,5489,,,0,16,,5490,,,0,15,,5491,,,0,55,,5492,,,0,16,,5493,,,0,15,,5494,,,0,56,,5495,,,0,16,,5496,,,0,14,,5497,,,0,16,,5498,,,0,56,,5499,,,0,9,,5500,,,0,9,,5501,,,0,8,,5502,,,0,10,,5504,,,0,10,,5503,,,0,10,,5505,,,0,51,,5506,,,0,12,,5507,,,0,10,,5508,,,0,9,,5509,,,0,10,,5510,,,0,51,,5511,,,0,10,,5512,,,0,10,,5513,,,0,11,,5514,,,0,11,,5515,,,0,9,,5516,,,0,50,,5517,,,0,10,,5518,,,0,12,,5519,,,0,9,,5520,,,0,9,,5521,,,0,9,,5522,,,0,49,,5524,,,0,9,,5523,,,0,10,,5525,,,0,10,,5526,,,0,10,,5528,,,0,10,,5527,,,0,9,,5529,,,0,49,,5530,,,0,10,,5532,,,0,11,,5531,,,0,10,,5533,,,0,13,,5534,,,0,59,,5535,,,0,17,,5536,,,0,21,,5537,,,0,61,,5538,,,0,17,,5539,,,0,20,,5540,,,0,60,,5541,,,0,20,,5542,,,0,21,,5543,,,0
1000001,'26a05H-Mercredi',538,,5544,,,0,20,,5545,,,0,60,,5546,,,0,20,,5547,,,0,20,,5548,,,0,50,,5628,,,0,9,,5629,,,0,9,,5579,,,0,10,,5580,,,0,10,,5581,,,0,12,,5582,,,0,50,,5583,,,0,9,,5584,,,0,9,,5585,,,0,10,,5586,,,0,10,,5587,,,0,10,,5588,,,0,51,,5589,,,0,11,,5590,,,0,11,,5549,,,0,11,,5550,,,0,10,,5551,,,0,50,,5552,,,0,11,,5553,,,0,11,,5591,,,0,11,,5554,,,0,10,,5555,,,0,10,,5556,,,0,51,,5557,,,0,10,,5558,,,0,11,,5592,,,0,11,,5559,,,0,11,,5560,,,0,9,,5561,,,0,49,,5562,,,0,9,,5593,,,0,11,,5594,,,0,10,,5595,,,0,11,,5596,,,0,10,,5597,,,0,50,,5598,,,0,10,,5599,,,0,8,,5600,,,0,10,,5601,,,0,10,,5602,,,0,10,,5603,,,0,50,,5604,,,0,10,,5605,,,0,10,,5563,,,0,10,,5564,,,0,9,,5606,,,0,10,,5565,,,0,49,,5566,,,0,11,,5567,,,0,11,,5607,,,0,11,,5568,,,0,11,,5569,,,0,11,,5570,,,0,50,,5571,,,0,9,,5572,,,0,10,,5608,,,0,10,,5609,,,0,9,,5610,,,0,10,,5611,,,0,51,,5612,,,0,11,,5613,,,0,10,,5614,,,0,11,,5615,,,0,10,,5616,,,0,10,,5617,,,0,50,,5618,,,0,9,,5619,,,0,9,,5620,,,0,10,,5621,,,0,9,,5622,,,0,10,,5623,,,0,50,,5624,,,0,10,,5625,,,0,13,,5627,,,0,19,,5626,,,0,60,,5573,,,0,21,,5574,,,0,20,,5575,,,0,60,,5576,,,0,20,,5577,,,0,20,,5578,,,0
1000001,'26a05H-L-Ma-J-V',538,,5630,,,0,20,,5631,,,0,60,,5632,,,0,20,,5633,,,0,20,,5634,,,0,50,,5714,,,0,9,,5715,,,0,9,,5665,,,0,10,,5666,,,0,10,,5667,,,0,12,,5668,,,0,50,,5669,,,0,9,,5670,,,0,9,,5671,,,0,10,,5672,,,0,10,,5673,,,0,10,,5674,,,0,51,,5675,,,0,11,,5676,,,0,11,,5635,,,0,11,,5636,,,0,10,,5637,,,0,50,,5638,,,0,11,,5639,,,0,11,,5677,,,0,11,,5640,,,0,10,,5641,,,0,10,,5642,,,0,51,,5643,,,0,10,,5644,,,0,11,,5678,,,0,11,,5645,,,0,11,,5646,,,0,9,,5647,,,0,49,,5648,,,0,9,,5679,,,0,11,,5680,,,0,10,,5681,,,0,11,,5682,,,0,10,,5683,,,0,50,,5684,,,0,10,,5685,,,0,8,,5686,,,0,10,,5687,,,0,10,,5688,,,0,10,,5689,,,0,50,,5690,,,0,10,,5691,,,0,10,,5649,,,0,10,,5650,,,0,9,,5692,,,0,10,,5651,,,0,49,,5652,,,0,11,,5653,,,0,11,,5693,,,0,11,,5654,,,0,11,,5655,,,0,11,,5656,,,0,50,,5657,,,0,9,,5658,,,0,10,,5694,,,0,10,,5695,,,0,9,,5696,,,0,10,,5697,,,0,51,,5698,,,0,11,,5699,,,0,10,,5700,,,0,11,,5701,,,0,10,,5702,,,0,10,,5703,,,0,50,,5704,,,0,9,,5705,,,0,9,,5706,,,0,10,,5707,,,0,9,,5708,,,0,10,,5709,,,0,50,,5710,,,0,10,,5711,,,0,13,,5713,,,0,19,,5712,,,0,60,,5659,,,0,21,,5660,,,0,20,,5661,,,0,60,,5662,,,0,20,,5663,,,0,20,,5664,,,0
1000001,'26b23V-Semaine',539,,5716,,,0,20,,5717,,,0,60,,5718,,,0,20,,5719,,,0,20,,5720,,,0,50,,5800,,,0,10,,5801,,,0,10,,5751,,,0,10,,5752,,,0,10,,5753,,,0,10,,5754,,,0,49,,5755,,,0,10,,5756,,,0,10,,5757,,,0,10,,5758,,,0,9,,5759,,,0,11,,5760,,,0,50,,5761,,,0,10,,5762,,,0,11,,5721,,,0,11,,5722,,,0,10,,5723,,,0,50,,5724,,,0,10,,5725,,,0,11,,5763,,,0,11,,5726,,,0,11,,5727,,,0,11,,5728,,,0,51,,5729,,,0,10,,5730,,,0,11,,5764,,,0,11,,5731,,,0,11,,5732,,,0,10,,5733,,,0,50,,5734,,,0,9,,5765,,,0,10,,5766,,,0,9,,5767,,,0,10,,5768,,,0,10,,5769,,,0,50,,5770,,,0,10,,5771,,,0,9,,5772,,,0,10,,5773,,,0,9,,5774,,,0,10,,5775,,,0,50,,5776,,,0,10,,5777,,,0,10,,5735,,,0,10,,5736,,,0,10,,5778,,,0,10,,5737,,,0,50,,5738,,,0,11,,5739,,,0,10,,5779,,,0,11,,5740,,,0,11,,5741,,,0,11,,5742,,,0,50,,5743,,,0,10,,5744,,,0,10,,5780,,,0,10,,5781,,,0,10,,5782,,,0,9,,5783,,,0,50,,5784,,,0,10,,5785,,,0,11,,5786,,,0,10,,5787,,,0,10,,5788,,,0,10,,5789,,,0,50,,5790,,,0,10,,5791,,,0,10,,5792,,,0,9,,5793,,,0,9,,5794,,,0,9,,5795,,,0,50,,5796,,,0,10,,5797,,,0,13,,5799,,,0,19,,5798,,,0,60,,5745,,,0,20,,5746,,,0,20,,5747,,,0,60,,5748,,,0,20,,5749,,,0,21,,5750,,,0
1000001,'26c02V-Semaine',539,,5802,,,0,20,,5803,,,0,60,,5804,,,0,20,,5805,,,0,20,,5806,,,0,50,,5886,,,0,10,,5887,,,0,10,,5837,,,0,10,,5838,,,0,10,,5839,,,0,10,,5840,,,0,49,,5841,,,0,10,,5842,,,0,10,,5843,,,0,10,,5844,,,0,9,,5845,,,0,11,,5846,,,0,50,,5847,,,0,10,,5848,,,0,11,,5807,,,0,11,,5808,,,0,10,,5809,,,0,50,,5810,,,0,10,,5811,,,0,11,,5849,,,0,11,,5812,,,0,11,,5813,,,0,11,,5814,,,0,51,,5815,,,0,10,,5816,,,0,11,,5850,,,0,11,,5817,,,0,11,,5818,,,0,10,,5819,,,0,50,,5820,,,0,9,,5851,,,0,10,,5852,,,0,9,,5853,,,0,10,,5854,,,0,10,,5855,,,0,50,,5856,,,0,10,,5857,,,0,9,,5858,,,0,10,,5859,,,0,9,,5860,,,0,10,,5861,,,0,50,,5862,,,0,10,,5863,,,0,10,,5821,,,0,10,,5822,,,0,10,,5864,,,0,10,,5823,,,0,50,,5824,,,0,11,,5825,,,0,10,,5865,,,0,11,,5826,,,0,11,,5827,,,0,11,,5828,,,0,50,,5829,,,0,10,,5830,,,0,10,,5866,,,0,10,,5867,,,0,10,,5868,,,0,9,,5869,,,0,50,,5870,,,0,10,,5871,,,0,11,,5872,,,0,10,,5873,,,0,10,,5874,,,0,10,,5875,,,0,50,,5876,,,0,10,,5877,,,0,10,,5878,,,0,9,,5879,,,0,9,,5880,,,0,9,,5881,,,0,50,,5882,,,0,10,,5883,,,0,13,,5885,,,0,19,,5884,,,0,60,,5831,,,0,20,,5832,,,0,20,,5833,,,0,60,,5834,,,0,20,,5835,,,0,21,,5836,,,0
