201,'1_3',710,,48400,18,0,20,0,28,,48439,18,0,21,0,17,,48422,6,0,62,0,53,,48403,18,0,21,0,15,,48401,6,0,20,0,20,,48423,18,0,62,0,68,,48404,18,0,21,0,28,,48414,18,0,20,0,81,,48408,18,0,21,0,26,,48415,18,0,62,0,83,,48409,18,0,21,0,75,,48416,18,0,62,0,41,,48405,18,0,20,0,75,,48424,18,0,21,0,20,,48438,18,0,62,0,65,,48417,18,0,21,0,30,,48402,18,0,20,0,65,,48425,18,0,21,0,25,,48406,18,0,62,0,34,,48418,18,0,21,0,77,,48432,18,0,62,0,19,,48426,6,0,21,0,55,,48419,6,0,62,0,13,,48427,18,0,21,0,13,,48407,18,0,62,0,15,,48428,6,0,21,0,56,,48430,6,0,62,0,16,,48429,6,0,21,0,18,,48420,18,0,62,0,60,,48411,18,0,21,0,25,,48421,18,0,62,0,21,,48412,18,0,21,0
201,'2_6',713,,30614,18,0,20,0,5,,30638,18,0,62,0,25,,30626,6,0,21,0,69,,30615,18,0,21,0,24,,30627,6,0,62,0,65,,30639,18,0,20,0,25,,30616,18,0,20,0,20,,30628,6,0,21,0,55,,30640,18,0,62,0,31,,30617,18,0,20,0,19,,30629,6,0,21,0,60,,30641,18,0,64,0,26,,30618,18,0,20,0,20,,30630,6,0,62,0,60,,30642,18,0,21,0,30,,30619,18,0,21,0,58,,30631,6,0,62,0,20,,30643,18,0,20,0,25,,30620,18,0,21,0,56,,30632,6,0,62,0,25,,30644,18,0,20,0,25,,30621,18,0,62,0,58,,30633,6,0,21,0,22,,30645,18,0,20,0,22,,30622,18,0,62,0,55,,30634,6,0,21,0,24,,30646,18,0,20,0,64,,30623,18,0,21,0,19,,30635,6,0,62,0,20,,30647,18,0,20,0,64,,30624,18,0,21,0,21,,30636,6,0,20,0,20,,30648,18,0,62,0,60,,30625,18,0,21,0,15,,30637,6,0,62,0,17,,30649,18,0,21,0
201,'3_7',838,,30650,6,0,21,0,165,,30651,6,0,21,0,125,,30652,6,0,21,0,125,,30653,6,0,21,0,150,,30654,6,0,21,0,125,,30655,6,0,21,0,125,,30656,6,0,21,0,165,,30657,6,0,21,0
201,'4_7',838,,46757,6,0,21,0,165,,46758,6,0,21,0,125,,46759,6,0,21,0,125,,46760,6,0,21,0,150,,46761,6,0,21,0,125,,46762,6,0,21,0,125,,46763,6,0,21,0,165,,46764,6,0,21,0
201,'6_1',713,,39025,18,0,20,0,30,,39023,18,0,21,0,58,,39022,6,0,62,0,11,,39020,18,0,21,0,14,,39019,6,0,20,0,20,,39024,18,0,62,0,67,,39021,18,0,21,0,28,,39018,18,0,20,0,81,,39013,18,0,21,0,26,,39014,18,0,62,0,84,,39011,18,0,21,0,75,,39010,18,0,62,0,40,,39012,18,0,20,0,75,,39008,18,0,21,0,20,,39006,18,0,62,0,64,,39005,18,0,21,0,30,,39003,18,0,20,0,65,,39009,18,0,21,0,25,,39004,18,0,62,0,75,,38999,18,0,21,0,24,,38998,18,0,21,0,34,,39000,6,0,21,0,56,,38992,6,0,62,0,12,,38994,18,0,21,0,13,,38991,18,0,62,0,14,,38995,6,0,21,0,55,,38997,6,0,62,0,16,,38996,18,0,21,0,15,,38993,18,0,62,0,60,,38989,6,0,21,0,25,,38990,18,0,62,0,22,,38988,18,0,21,0
201,'6_2',713,,43842,18,0,20,0,30,,43840,18,0,21,0,58,,43839,6,0,62,0,11,,43837,18,0,21,0,14,,43836,6,0,20,0,20,,43841,18,0,62,0,67,,43838,18,0,21,0,28,,43835,18,0,20,0,81,,43830,18,0,21,0,26,,43831,18,0,62,0,84,,43828,18,0,21,0,75,,43827,18,0,62,0,40,,43829,18,0,20,0,75,,43825,18,0,21,0,20,,43823,18,0,62,0,64,,43822,18,0,21,0,30,,43820,18,0,20,0,65,,43826,18,0,21,0,25,,43821,18,0,62,0,75,,43816,18,0,21,0,24,,43815,18,0,21,0,34,,43817,6,0,21,0,56,,43809,6,0,62,0,12,,43811,18,0,21,0,13,,43808,18,0,62,0,14,,43812,6,0,21,0,55,,43814,6,0,62,0,16,,43813,18,0,21,0,15,,43810,18,0,62,0,60,,43806,6,0,21,0,25,,43807,18,0,62,0,22,,43805,18,0,21,0
201,'6_3',713,,43881,18,0,20,0,30,,43879,18,0,21,0,58,,43878,6,0,62,0,11,,43876,18,0,21,0,14,,43875,6,0,20,0,20,,43880,18,0,62,0,67,,43877,18,0,21,0,28,,43874,18,0,20,0,81,,43869,18,0,21,0,26,,43870,18,0,62,0,84,,43867,18,0,21,0,75,,43866,18,0,62,0,40,,43868,18,0,20,0,75,,43864,18,0,21,0,20,,43862,18,0,62,0,64,,43861,18,0,21,0,30,,43859,18,0,20,0,65,,43865,18,0,21,0,25,,43860,18,0,62,0,75,,43855,18,0,21,0,24,,43854,18,0,21,0,34,,43856,6,0,21,0,56,,43848,6,0,62,0,12,,43850,18,0,21,0,13,,43847,18,0,62,0,14,,43851,6,0,21,0,55,,43853,6,0,62,0,16,,43852,18,0,21,0,15,,43849,18,0,62,0,60,,43845,6,0,21,0,25,,43846,18,0,62,0,22,,43844,18,0,21,0
201,'6_4',713,,43920,18,0,20,0,30,,43918,18,0,21,0,58,,43917,6,0,62,0,11,,43915,18,0,21,0,14,,43914,6,0,20,0,20,,43919,18,0,62,0,67,,43916,18,0,21,0,28,,43913,18,0,20,0,81,,43908,18,0,21,0,26,,43909,18,0,62,0,84,,43906,18,0,21,0,75,,43905,18,0,62,0,40,,43907,18,0,20,0,75,,43903,18,0,21,0,20,,43901,18,0,62,0,64,,43900,18,0,21,0,30,,43898,18,0,20,0,65,,43904,18,0,21,0,25,,43899,18,0,62,0,75,,43894,18,0,21,0,24,,43893,18,0,21,0,34,,43895,6,0,21,0,56,,43887,6,0,62,0,12,,43889,18,0,21,0,13,,43886,18,0,62,0,14,,43890,6,0,21,0,55,,43892,6,0,62,0,16,,43891,18,0,21,0,15,,43888,18,0,62,0,60,,43884,6,0,21,0,25,,43885,18,0,62,0,22,,43883,18,0,21,0
201,'7_1',710,,46765,18,0,20,0,28,,46803,18,0,21,0,17,,46787,6,0,62,0,53,,46768,18,0,21,0,15,,46766,6,0,20,0,20,,46788,18,0,62,0,68,,46769,18,0,21,0,28,,46779,18,0,20,0,81,,46773,18,0,21,0,26,,46780,18,0,62,0,83,,46774,18,0,21,0,75,,46781,18,0,62,0,41,,46770,18,0,20,0,75,,46789,18,0,21,0,20,,46802,18,0,62,0,65,,46782,18,0,21,0,30,,46767,18,0,20,0,65,,46790,18,0,21,0,25,,46771,18,0,62,0,34,,46783,18,0,21,0,77,,46797,18,0,62,0,19,,46791,6,0,21,0,55,,46784,6,0,62,0,13,,46792,18,0,21,0,13,,46772,18,0,62,0,15,,46793,6,0,21,0,56,,46795,6,0,62,0,16,,46794,6,0,21,0,18,,46785,18,0,62,0,60,,46776,18,0,21,0,25,,46786,18,0,62,0,21,,46777,18,0,21,0
201,'7_2',710,,48440,18,0,20,0,28,,48478,18,0,21,0,17,,48462,6,0,62,0,53,,48443,18,0,21,0,15,,48441,6,0,20,0,20,,48463,18,0,62,0,68,,48444,18,0,21,0,28,,48454,18,0,20,0,81,,48448,18,0,21,0,26,,48455,18,0,62,0,83,,48449,18,0,21,0,75,,48456,18,0,62,0,41,,48445,18,0,20,0,75,,48464,18,0,21,0,20,,48477,18,0,62,0,65,,48457,18,0,21,0,30,,48442,18,0,20,0,65,,48465,18,0,21,0,25,,48446,18,0,62,0,34,,48458,18,0,21,0,77,,48472,18,0,62,0,19,,48466,6,0,21,0,55,,48459,6,0,62,0,13,,48467,18,0,21,0,13,,48447,18,0,62,0,15,,48468,6,0,21,0,56,,48470,6,0,62,0,16,,48469,6,0,21,0,18,,48460,18,0,62,0,60,,48451,18,0,21,0,25,,48461,18,0,62,0,21,,48452,18,0,21,0
201,'7_4',710,,48479,18,0,20,0,28,,48517,18,0,21,0,17,,48501,6,0,62,0,53,,48482,18,0,21,0,15,,48480,6,0,20,0,20,,48502,18,0,62,0,68,,48483,18,0,21,0,28,,48493,18,0,20,0,81,,48487,18,0,21,0,26,,48494,18,0,62,0,83,,48488,18,0,21,0,75,,48495,18,0,62,0,41,,48484,18,0,20,0,75,,48503,18,0,21,0,20,,48516,18,0,62,0,65,,48496,18,0,21,0,30,,48481,18,0,20,0,65,,48504,18,0,21,0,25,,48485,18,0,62,0,34,,48497,18,0,21,0,77,,48511,18,0,62,0,19,,48505,6,0,21,0,55,,48498,6,0,62,0,13,,48506,18,0,21,0,13,,48486,18,0,62,0,15,,48507,6,0,21,0,56,,48509,6,0,62,0,16,,48508,6,0,21,0,18,,48499,18,0,62,0,60,,48490,18,0,21,0,25,,48500,18,0,62,0,21,,48491,18,0,21,0
