900,'0_1',635,,32088,1,,,0,68,,32089,1,,,0,41,,32093,7,,,0,65,,32095,8,,,0,44,,32090,1,,,0,89,,32096,8,,,0,94,,32097,4,0,50,0,93,,32098,4,,,0,105,,32099,4,,,0,70,,32091,1,,,0,130,,32102,9,,,0,84,,32100,4,,,0,110,,32101,4,,,0,72,,32092,1,,,0,130,,32103,9,,,0,78,,32104,1,0,50,0
900,'0_2',635,,32107,1,,,0,68,,32108,1,,,0,41,,32112,7,,,0,65,,32114,8,,,0,44,,32109,1,,,0,89,,32115,8,,,0,94,,32116,4,0,50,0,93,,32117,4,,,0,105,,32118,4,,,0,70,,32110,1,,,0,130,,32121,9,,,0,84,,32119,4,,,0,110,,32120,4,,,0,72,,32111,1,,,0,130,,32122,9,,,0,78,,32123,1,0,50,0
900,'0_4',635,,32126,1,,,0,68,,32127,1,,,0,41,,32131,7,,,0,65,,32133,8,,,0,44,,32128,1,,,0,89,,32134,8,,,0,94,,32135,4,0,50,0,93,,32136,4,,,0,105,,32137,4,,,0,70,,32129,1,,,0,130,,32140,9,,,0,84,,32138,4,,,0,110,,32139,4,,,0,72,,32130,1,,,0,130,,32141,9,,,0,78,,32142,1,0,50,0
900,'0_5',635,,32145,1,,,0,68,,32146,1,,,0,41,,32150,7,,,0,65,,32152,8,,,0,44,,32147,1,,,0,89,,32153,8,,,0,94,,32154,4,0,50,0,93,,32155,4,,,0,105,,32156,4,,,0,70,,32148,1,,,0,130,,32159,9,,,0,84,,32157,4,,,0,110,,32158,4,,,0,72,,32149,1,,,0,130,,32160,9,,,0,78,,32161,1,0,50,0
900,'1_3',635,,32164,1,,,0,68,,32165,1,,,0,41,,32169,7,,,0,65,,32171,8,,,0,44,,32166,1,,,0,89,,32172,8,,,0,94,,32173,4,0,50,0,93,,32174,4,,,0,105,,32175,4,,,0,70,,32167,1,,,0,130,,32178,9,,,0,84,,32176,4,,,0,110,,32177,4,,,0,72,,32168,1,,,0,130,,32179,9,,,0,78,,32180,1,0,50,0
900,'2_6',645,,32184,4,,,0,98,,32185,4,,,0,158,,32183,4,0,50,0,156,,32186,4,,,0,176,,32192,5,0,50,0,188,,32187,4,,,0,323,,32188,5,,,0,94,,32189,4,,,0
2900900,'0_1',651,,36108,1,,,0,100,,36109,1,,,0
2900900,'0_2',651,,36110,1,,,0,100,,36111,1,,,0
2900900,'0_4',651,,36112,1,,,0,100,,36113,1,,,0
2900900,'0_5',651,,36114,1,,,0,100,,36115,1,,,0
2900900,'1_3',651,,36116,1,,,0,100,,36117,1,,,0
