400,'0_5',916,,31153,2,0,40,0,301,,31174,2,0,40,0,125,,31162,2,0,40,0,105,,31163,2,0,40,0,175,,31175,2,0,40,0,85,,31166,2,0,40,0,148,,31169,2,0,40,0
400,'2_6',819,,31215,2,0,40,0,196,,31216,2,0,40,0,202,,31217,2,0,40,0,201,,31218,2,0,40,0,202,,31219,2,0,40,0,209,,31220,2,0,40,0
400,'5_1',919,,37520,2,0,40,0,301,,37537,2,0,40,0,125,,37529,2,0,40,0,103,,37530,2,0,40,0,175,,37538,2,0,40,0,106,,37532,2,0,40,0,125,,37534,2,0,40,0
400,'5_2',919,,39312,2,0,40,0,301,,39329,2,0,40,0,125,,39321,2,0,40,0,103,,39322,2,0,40,0,175,,39330,2,0,40,0,106,,39324,2,0,40,0,125,,39326,2,0,40,0
400,'5_3',919,,39340,2,0,40,0,301,,39357,2,0,40,0,125,,39349,2,0,40,0,103,,39350,2,0,40,0,175,,39358,2,0,40,0,106,,39352,2,0,40,0,125,,39354,2,0,40,0
400,'5_4',919,,39368,2,0,40,0,301,,39385,2,0,40,0,125,,39377,2,0,40,0,103,,39378,2,0,40,0,175,,39386,2,0,40,0,106,,39380,2,0,40,0,125,,39382,2,0,40,0
400,'5_5',919,,39396,2,0,40,0,301,,39413,2,0,40,0,125,,39405,2,0,40,0,103,,39406,2,0,40,0,175,,39414,2,0,40,0,106,,39408,2,0,40,0,125,,39410,2,0,40,0
400,'6_1',919,,39424,2,0,40,0,301,,39441,2,0,40,0,125,,39433,2,0,40,0,103,,39434,2,0,40,0,175,,39442,2,0,40,0,106,,39436,2,0,40,0,125,,39438,2,0,40,0
2901200,'0_5',634,,36135,2,,,0,104,,36134,2,,,0
2901200,'5_1',641,,38181,2,,,0,104,,38180,2,,,0
2901200,'5_2',641,,42636,2,,,0,104,,42635,2,,,0
2901200,'5_3',641,,42638,2,,,0,104,,42637,2,,,0
2901200,'5_4',641,,42640,2,,,0,104,,42639,2,,,0
2901200,'5_5',641,,42642,2,,,0,104,,42641,2,,,0
2901200,'6_1',641,,42644,2,,,0,104,,42643,2,,,0
