400,'0_5',711,,31171,10,0,43,0,15,,31179,10,0,40,0,15,,31148,10,0,40,0,15,,31149,10,0,40,0,55,,31173,10,0,40,0,15,,31150,10,0,40,0,14,,31151,10,0,40,0,70,,31152,10,0,40,0,40,,31153,22,0,40,0,71,,31154,10,0,40,0,30,,31155,10,0,40,0,75,,31156,10,0,40,0,75,,31157,10,0,40,0,25,,31177,10,,,0,25,,31174,22,0,40,0,70,,31158,10,0,40,0,27,,31159,10,0,40,0,68,,31162,22,0,40,0,35,,31160,10,0,40,0,70,,31163,22,0,40,0,35,,31161,10,0,40,0,70,,31180,10,0,40,0,30,,31175,22,0,40,0,55,,31165,10,0,40,0,15,,31181,10,,,0,15,,31166,22,0,40,0,65,,31167,10,0,40,0,20,,31178,10,,,0,75,,31168,10,0,40,0,26,,31169,22,0,40,0
400,'2_6',711,,31221,10,0,40,0,103,,31222,10,0,40,0,35,,31215,22,0,40,0,67,,31223,10,0,40,0,31,,31224,10,0,40,0,70,,31225,10,0,40,0,30,,31216,22,0,40,0,71,,31226,10,0,40,0,29,,31228,10,0,40,0,71,,31227,10,0,40,0,29,,31217,22,0,40,0,70,,31229,10,0,40,0,31,,31230,10,0,40,0,69,,31231,10,0,40,0,31,,31218,22,0,40,0,72,,31232,10,0,40,0,30,,31233,10,0,40,0,69,,31234,10,0,40,0,32,,31219,22,0,40,0,75,,31235,10,0,40,0,32,,31236,10,0,40,0,72,,31237,10,0,40,0,29,,31220,22,0,40,0,71,,31238,10,0,40,0
400,'3_7',912,,31239,10,0,40,0,100,,31240,10,0,40,0,100,,31241,10,0,40,0,100,,31242,10,0,40,0,100,,31243,10,0,40,0,100,,31244,10,0,40,0,100,,31245,10,0,40,0,100,,31246,10,0,40,0,100,,31247,10,0,40,0,100,,31248,10,0,40,0
400,'5_1',710,,37535,10,0,40,0,14,,37541,10,0,40,0,16,,37515,10,0,40,0,15,,37516,10,0,40,0,53,,37536,10,0,40,0,17,,37517,10,0,40,0,16,,37518,10,0,40,0,77,,37519,10,0,40,0,32,,37520,22,0,40,0,70,,37521,10,0,40,0,30,,37522,10,0,40,0,75,,37523,10,0,40,0,75,,37524,10,0,40,0,25,,37539,10,0,40,0,25,,37537,22,0,40,0,70,,37525,10,0,40,0,30,,37526,10,0,40,0,65,,37529,22,0,40,0,34,,37527,10,0,40,0,70,,37530,22,0,40,0,36,,37528,10,0,40,0,69,,37542,10,0,40,0,30,,37538,22,0,40,0,70,,37531,10,0,40,0,76,,37532,22,0,40,0,25,,37540,10,,,0,30,,37533,10,0,40,0,70,,37534,22,0,40,0
400,'5_2',710,,39327,10,0,40,0,14,,39333,10,0,40,0,16,,39307,10,0,40,0,15,,39308,10,0,40,0,53,,39328,10,0,40,0,17,,39309,10,0,40,0,16,,39310,10,0,40,0,77,,39311,10,0,40,0,32,,39312,22,0,40,0,70,,39313,10,0,40,0,30,,39314,10,0,40,0,75,,39315,10,0,40,0,75,,39316,10,0,40,0,25,,39331,10,0,40,0,25,,39329,22,0,40,0,70,,39317,10,0,40,0,30,,39318,10,0,40,0,65,,39321,22,0,40,0,34,,39319,10,0,40,0,70,,39322,22,0,40,0,36,,39320,10,0,40,0,69,,39334,10,0,40,0,30,,39330,22,0,40,0,70,,39323,10,0,40,0,76,,39324,22,0,40,0,25,,39332,10,,,0,30,,39325,10,0,40,0,70,,39326,22,0,40,0
400,'5_3',710,,39355,10,0,40,0,14,,39361,10,0,40,0,16,,39335,10,0,40,0,15,,39336,10,0,40,0,53,,39356,10,0,40,0,17,,39337,10,0,40,0,16,,39338,10,0,40,0,77,,39339,10,0,40,0,32,,39340,22,0,40,0,70,,39341,10,0,40,0,30,,39342,10,0,40,0,75,,39343,10,0,40,0,75,,39344,10,0,40,0,25,,39359,10,0,40,0,25,,39357,22,0,40,0,70,,39345,10,0,40,0,30,,39346,10,0,40,0,65,,39349,22,0,40,0,34,,39347,10,0,40,0,70,,39350,22,0,40,0,36,,39348,10,0,40,0,69,,39362,10,0,40,0,30,,39358,22,0,40,0,70,,39351,10,0,40,0,76,,39352,22,0,40,0,25,,39360,10,,,0,30,,39353,10,0,40,0,70,,39354,22,0,40,0
400,'5_4',710,,39383,10,0,40,0,14,,39389,10,0,40,0,16,,39363,10,0,40,0,15,,39364,10,0,40,0,53,,39384,10,0,40,0,17,,39365,10,0,40,0,16,,39366,10,0,40,0,77,,39367,10,0,40,0,32,,39368,22,0,40,0,70,,39369,10,0,40,0,30,,39370,10,0,40,0,75,,39371,10,0,40,0,75,,39372,10,0,40,0,25,,39387,10,0,40,0,25,,39385,22,0,40,0,70,,39373,10,0,40,0,30,,39374,10,0,40,0,65,,39377,22,0,40,0,34,,39375,10,0,40,0,70,,39378,22,0,40,0,36,,39376,10,0,40,0,69,,39390,10,0,40,0,30,,39386,22,0,40,0,70,,39379,10,0,40,0,76,,39380,22,0,40,0,25,,39388,10,,,0,30,,39381,10,0,40,0,70,,39382,22,0,40,0
400,'5_5',710,,39411,10,0,40,0,14,,39417,10,0,40,0,16,,39391,10,0,40,0,15,,39392,10,0,40,0,53,,39412,10,0,40,0,17,,39393,10,0,40,0,16,,39394,10,0,40,0,77,,39395,10,0,40,0,32,,39396,22,0,40,0,70,,39397,10,0,40,0,30,,39398,10,0,40,0,75,,39399,10,0,40,0,75,,39400,10,0,40,0,25,,39415,10,0,40,0,25,,39413,22,0,40,0,70,,39401,10,0,40,0,30,,39402,10,0,40,0,65,,39405,22,0,40,0,34,,39403,10,0,40,0,70,,39406,22,0,40,0,36,,39404,10,0,40,0,69,,39418,10,0,40,0,30,,39414,22,0,40,0,70,,39407,10,0,40,0,76,,39408,22,0,40,0,25,,39416,10,,,0,30,,39409,10,0,40,0,70,,39410,22,0,40,0
400,'6_1',710,,39439,10,0,40,0,14,,39445,10,0,40,0,16,,39419,10,0,40,0,15,,39420,10,0,40,0,53,,39440,10,0,40,0,17,,39421,10,0,40,0,16,,39422,10,0,40,0,77,,39423,10,0,40,0,32,,39424,22,0,40,0,70,,39425,10,0,40,0,30,,39426,10,0,40,0,75,,39427,10,0,40,0,75,,39428,10,0,40,0,25,,39443,10,0,40,0,25,,39441,22,0,40,0,70,,39429,10,0,40,0,30,,39430,10,0,40,0,65,,39433,22,0,40,0,34,,39431,10,0,40,0,70,,39434,22,0,40,0,36,,39432,10,0,40,0,69,,39446,10,0,40,0,30,,39442,22,0,40,0,70,,39435,10,0,40,0,76,,39436,22,0,40,0,25,,39444,10,,,0,30,,39437,10,0,40,0,70,,39438,22,0,40,0
700,'0_5',706,,31863,4,,,0,110,,31865,4,,,0,110,,31866,4,,,0,110,,31867,4,,,0,110,,31868,4,,,0,110,,31869,4,,,0,150,,31870,4,,,0,110,,31871,4,,,0,110,,31872,4,,,0,110,,31873,4,,,0,110,,31864,4,,,0
700,'2_6',709,,31887,4,,,0,110,,31888,4,,,0,109,,31889,4,,,0,110,,31890,4,,,0,110,,31891,4,,,0,110,,31892,4,,,0,150,,31893,4,,,0,110,,31894,4,,,0,110,,31895,4,,,0,110,,31885,4,,,0,111,,31886,4,,,0
700,'5_1',706,,37629,4,,,0,110,,37631,4,,,0,110,,37632,4,,,0,110,,37633,4,,,0,110,,37634,4,,,0,110,,37635,4,,,0,150,,37636,4,,,0,110,,37637,4,,,0,110,,37638,4,,,0,110,,37639,4,,,0,110,,37630,4,,,0
700,'5_2',706,,39877,4,,,0,110,,39879,4,,,0,110,,39880,4,,,0,110,,39881,4,,,0,110,,39882,4,,,0,110,,39883,4,,,0,150,,39884,4,,,0,110,,39885,4,,,0,110,,39886,4,,,0,110,,39887,4,,,0,110,,39878,4,,,0
700,'5_3',706,,39888,4,,,0,110,,39890,4,,,0,110,,39891,4,,,0,110,,39892,4,,,0,110,,39893,4,,,0,110,,39894,4,,,0,150,,39895,4,,,0,110,,39896,4,,,0,110,,39897,4,,,0,110,,39898,4,,,0,110,,39889,4,,,0
700,'5_4',706,,39899,4,,,0,110,,39901,4,,,0,110,,39902,4,,,0,110,,39903,4,,,0,110,,39904,4,,,0,110,,39905,4,,,0,150,,39906,4,,,0,110,,39907,4,,,0,110,,39908,4,,,0,110,,39909,4,,,0,110,,39900,4,,,0
700,'5_5',706,,39910,4,,,0,110,,39912,4,,,0,110,,39913,4,,,0,110,,39914,4,,,0,110,,39915,4,,,0,110,,39916,4,,,0,150,,39917,4,,,0,110,,39918,4,,,0,110,,39919,4,,,0,110,,39920,4,,,0,110,,39911,4,,,0
700,'6_1',706,,39921,4,,,0,110,,39923,4,,,0,110,,39924,4,,,0,110,,39925,4,,,0,110,,39926,4,,,0,110,,39927,4,,,0,150,,39928,4,,,0,110,,39929,4,,,0,110,,39930,4,,,0,110,,39931,4,,,0,110,,39922,4,,,0
