200,'2509-HIV-25j05H-d-Dimanche-00',1002,,464,0,5,0,251,,465,0,5,0,274,,466,0,5,0,290,,467,0,5,0
200,'2509-HIV-25j26H-d-Dimanche-00',1002,,484,0,5,0,251,,485,0,5,0,274,,486,0,5,0,290,,487,0,5,0
200,'2509-HIV-25k03H-s-Samedi-00',732,,492,0,5,0,112,,493,0,5,0,106,,494,0,5,0,105,,495,0,5,0,150,,496,0,5,0,104,,497,0,5,0,100,,498,0,5,0,103,,499,0,5,0,105,,500,0,5,0,105,,501,0,5,0,99,,502,0,5,0,132,,514,0,5,0
200,'2509-HIV-25l22Vlv-Semaine-00',823,,559,0,5,0,115,,558,0,5,0,107,,555,0,5,0,108,,547,0,5,0,101,,548,0,5,0,85,,542,0,5,0,96,,544,0,5,0,99,,543,0,5,0,111,,536,0,5,0,106,,535,0,5,0,104,,532,0,5,0,98,,529,0,5,0
200,'2509-HIV-26a05H-s-Samedi-00',732,,566,0,5,0,112,,567,0,5,0,106,,568,0,5,0,105,,569,0,5,0,150,,570,0,5,0,104,,571,0,5,0,100,,572,0,5,0,103,,573,0,5,0,105,,574,0,5,0,105,,575,0,5,0,99,,576,0,5,0,132,,588,0,5,0
200,'2509-HIV-26a05H-w-Mercredi-00',828,,628,0,5,0,111,,629,0,5,0,106,,615,0,5,0,109,,616,0,5,0,100,,613,0,5,0,87,,618,0,5,0,95,,617,0,5,0,100,,614,0,5,0,112,,632,0,5,0,107,,619,0,5,0,101,,620,0,5,0,98,,621,0,5,0
200,'2509-HIV-26a05Hlv-L-Ma-J-V-00',828,,667,0,5,0,111,,668,0,5,0,106,,654,0,5,0,109,,655,0,5,0,100,,652,0,5,0,87,,657,0,5,0,95,,656,0,5,0,100,,653,0,5,0,112,,671,0,5,0,107,,658,0,5,0,101,,659,0,5,0,98,,660,0,5,0
200,'2509-HIV-26b23Vlv-Semaine-00',823,,711,0,5,0,115,,710,0,5,0,107,,707,0,5,0,108,,699,0,5,0,101,,700,0,5,0,85,,694,0,5,0,96,,696,0,5,0,99,,695,0,5,0,111,,688,0,5,0,106,,687,0,5,0,104,,684,0,5,0,98,,681,0,5,0
200,'2509-HIV-26c02Vlv-Semaine-00',823,,750,0,5,0,115,,749,0,5,0,107,,746,0,5,0,108,,738,0,5,0,101,,739,0,5,0,85,,733,0,5,0,96,,735,0,5,0,99,,734,0,5,0,111,,727,0,5,0,106,,726,0,5,0,104,,723,0,5,0,98,,720,0,5,0
201,'2509-HIV-25j05H-d-Dimanche-00',949,,773,0,13,0,291,,774,0,13,0,274,,775,0,13,0,290,,776,0,13,0
201,'2509-HIV-25j26H-d-Dimanche-00',949,,793,0,13,0,291,,794,0,13,0,274,,795,0,13,0,290,,796,0,13,0
201,'2509-HIV-25k03H-s-Samedi-00',704,,797,0,14 15,0,99,,798,0,14 15 16,0,113,,799,0,14 15,0,105,,800,0,14 15,0,106,,801,0,14 15,0,110,,802,0,14 15 16,0,103,,803,0,14 15 16,0,106,,804,0,17 18 19,0,102,,805,0,17 18 19,0,103,,806,0,14 15 16,0,103,,807,0,14 15 16,0,102,,808,0,14 15 16,0
201,'2509-HIV-25l22Vlv-Semaine-00',704,,870,0,14 15,0,99,,865,0,14 15 16,0,100,,866,0,14 15 16,0,108,,858,0,14 15 16,0,111,,856,0,14 15 16,0,115,,857,0,14 15,0,95,,851,0,17 18 19,0,94,,848,0,14 15,0,90,,849,0,17 18 19,0,99,,843,0,14 15 16,0,115,,836,0,17 18 19,0,100,,838,0,17 18 19,0,108,,833,0,14 15 16,0
201,'2509-HIV-26a05H-s-Samedi-00',704,,872,0,14 15,0,99,,873,0,14 15 16,0,113,,874,0,14 15,0,105,,875,0,14 15,0,106,,876,0,14 15,0,110,,877,0,14 15 16,0,103,,878,0,14 15 16,0,106,,879,0,17 18 19,0,102,,880,0,17 18 19,0,103,,881,0,14 15 16,0,103,,882,0,14 15 16,0,102,,883,0,14 15 16,0
201,'2509-HIV-26a05H-w-Mercredi-00',700,,908,0,14 15,0,55,,911,0,14 15 16,0,146,,912,0,14 15 16,0,109,,916,0,14 15 16,0,109,,917,0,14 15 16,0,116,,913,0,14 15,0,94,,945,0,17 18 19,0,95,,910,0,14 15,0,90,,914,0,17 18 19,0,109,,940,0,17 18 19,0,100,,915,0,17 18 19,0,127,,919,0,14 15 16,0,87,,920,0,14 15 16,0
201,'2509-HIV-26a05Hlv-L-Ma-J-V-00',700,,948,0,14 15,0,55,,951,0,14 15 16,0,146,,952,0,14 15 16,0,109,,956,0,14 15 16,0,109,,957,0,14 15 16,0,116,,953,0,14 15,0,94,,985,0,17 18 19,0,95,,950,0,14 15,0,90,,954,0,17 18 19,0,109,,980,0,17 18 19,0,100,,955,0,17 18 19,0,127,,959,0,14 15 16,0,87,,960,0,14 15 16,0
201,'2509-HIV-26b23Vlv-Semaine-00',704,,1024,0,14 15,0,99,,1019,0,14 15 16,0,100,,1020,0,14 15 16,0,108,,1012,0,14 15 16,0,111,,1010,0,14 15 16,0,115,,1011,0,14 15,0,95,,1005,0,17 18 19,0,94,,1002,0,14 15,0,90,,1003,0,17 18 19,0,99,,997,0,14 15 16,0,115,,990,0,17 18 19,0,100,,992,0,17 18 19,0,108,,987,0,14 15 16,0
201,'2509-HIV-26c02Vlv-Semaine-00',704,,1063,0,14 15,0,99,,1058,0,14 15 16,0,100,,1059,0,14 15 16,0,108,,1051,0,14 15 16,0,111,,1049,0,14 15 16,0,115,,1050,0,14 15,0,95,,1044,0,17 18 19,0,94,,1041,0,14 15,0,90,,1042,0,17 18 19,0,99,,1036,0,14 15 16,0,115,,1029,0,17 18 19,0,100,,1031,0,17 18 19,0,108,,1026,0,14 15 16,0
