500,'2509-HIV-25j05H-d-Dimanche-00',1041,,10021,0,6 7,0,200,,10022,0,6 7,0,200,,10023,0,6 7,0,200,,10024,0,6 7,0
500,'2509-HIV-25j26H-d-Dimanche-00',1041,,10025,0,6 7,0,200,,10026,0,6 7,0,200,,10027,0,6 7,0,200,,10028,0,6 7,0
500,'2509-HIV-25k03H-s-Samedi-00',712,,10040,,,0,98,,10029,,,0,99,,10030,,,0,101,,10031,,,0,100,,10032,,,0,96,,10033,,,0,98,,10034,,,0,100,,10035,,,0,99,,10036,,,0,101,,10037,,,0,100,,10038,,,0,153,,10039,,,0
500,'2509-HIV-25l22Vlv-Semaine-00',812,,10043,,,0,105,,10044,,,0,100,,10045,,,0,105,,10046,,,0,101,,10047,,,0,84,,10048,,,0,94,,10049,,,0,100,,10050,,,0,101,,10051,,,0,106,,10052,,,0,104,,10053,,,0,100,,10054,,,0
500,'2509-HIV-26a05H-s-Samedi-00',712,,10066,,,0,98,,10055,,,0,99,,10056,,,0,101,,10057,,,0,100,,10058,,,0,96,,10059,,,0,98,,10060,,,0,100,,10061,,,0,99,,10062,,,0,101,,10063,,,0,100,,10064,,,0,153,,10065,,,0
500,'2509-HIV-26a05H-w-Mercredi-00',652,,10079,,,0,160,,10067,,,0,105,,10068,,,0,100,,10069,,,0,105,,10070,,,0,101,,10071,,,0,84,,10072,,,0,94,,10073,,,0,100,,10074,,,0,101,,10075,,,0,106,,10076,,,0,104,,10081,,,0,100,,10077,,,0
500,'2509-HIV-26a05Hlv-L-Ma-J-V-00',652,,10094,,,0,160,,10082,,,0,105,,10083,,,0,100,,10084,,,0,105,,10085,,,0,101,,10086,,,0,84,,10087,,,0,94,,10088,,,0,100,,10089,,,0,101,,10090,,,0,106,,10091,,,0,104,,10096,,,0,100,,10092,,,0
500,'2509-HIV-26b23Vlv-Semaine-00',812,,10099,,,0,105,,10100,,,0,100,,10101,,,0,105,,10102,,,0,101,,10103,,,0,84,,10104,,,0,94,,10105,,,0,100,,10106,,,0,101,,10107,,,0,106,,10108,,,0,104,,10109,,,0,100,,10110,,,0
500,'2509-HIV-26c02Vlv-Semaine-00',812,,10113,,,0,105,,10114,,,0,100,,10115,,,0,105,,10116,,,0,101,,10117,,,0,84,,10118,,,0,94,,10119,,,0,100,,10120,,,0,101,,10121,,,0,106,,10122,,,0,104,,10123,,,0,100,,10124,,,0
29000500,'2509-HIV-25l22Vlv-Semaine-00',652,,16090,,,0,107,,16091,,,0
29000500,'2509-HIV-26a05H-w-Mercredi-00',645,,16092,,,0,107,,16093,,,0
29000500,'2509-HIV-26a05Hlv-L-Ma-J-V-00',645,,16094,,,0,107,,16095,,,0
29000500,'2509-HIV-26b23Vlv-Semaine-00',652,,16096,,,0,107,,16097,,,0
29000500,'2509-HIV-26c02Vlv-Semaine-00',652,,16098,,,0,107,,16099,,,0
