1001,'S2-0_6',724,,57271,17,0,61 65,0,102,,57281,20,,,0,112,,57272,20,0,61 65,0,110,,57282,23,,,0,183,,57283,23,,,0,87,,57278,23,0,61 65,0,92,,57273,20,0,61 65,0,101,,57284,23,,,0,106,,57274,20,0,61 65,0,95,,57275,20,0,61 65,0,108,,57285,20,,,0,96,,57279,23,0,61 65,0,111,,57280,23,0,61 65,0,85,,57276,20,0,61 65,0,100,,57277,20,0,61 65,0
1001,'S2-1_7',951,,57286,20,,,0,360,,57287,20,,,0,410,,57288,20,,,0,310,,57289,20,0,61 65,0
1001,'S2-2_1',822,,57290,20,,,0,113,,57291,23,0,61 65,0,92,,57297,18,,,0,118,,57292,23,0,61 65,0,96,,57298,18,0,61 65,0,99,,57295,21,,,0,105,,57299,20,0,61 65,0,95,,57296,21,,,0,164,,57300,20,0,61 65,0,121,,57301,20,,,0,98,,57293,23,0,61 65,0,99,,57294,23,0,61 65,0
1001,'S2-2_2',822,,57302,20,,,0,113,,57303,23,0,61 65,0,92,,57309,18,,,0,118,,57304,23,0,61 65,0,96,,57310,18,0,61 65,0,99,,57307,21,,,0,105,,57311,20,0,61 65,0,95,,57308,21,,,0,164,,57312,20,0,61 65,0,121,,57313,20,,,0,98,,57305,23,0,61 65,0,99,,57306,23,0,61 65,0
1001,'S2-2_3',822,,57314,20,,,0,113,,57315,23,0,61 65,0,92,,57321,18,,,0,118,,57316,23,0,61 65,0,96,,57322,18,0,61 65,0,99,,57319,21,,,0,105,,57323,20,0,61 65,0,95,,57320,21,,,0,164,,57324,20,0,61 65,0,121,,57325,20,,,0,98,,57317,23,0,61 65,0,99,,57318,23,0,61 65,0
1001,'S2-2_4',822,,57326,20,,,0,113,,57327,23,0,61 65,0,92,,57333,18,,,0,118,,57328,23,0,61 65,0,96,,57334,18,0,61 65,0,99,,57331,21,,,0,105,,57335,20,0,61 65,0,95,,57332,21,,,0,164,,57336,20,0,61 65,0,121,,57337,20,,,0,98,,57329,23,0,61 65,0,99,,57330,23,0,61 65,0
1001,'S2-2_5',822,,57338,20,,,0,113,,57339,23,0,61 65,0,92,,57345,18,,,0,118,,57340,23,0,61 65,0,96,,57346,18,0,61 65,0,99,,57343,21,,,0,105,,57347,20,0,61 65,0,95,,57344,21,,,0,164,,57348,20,0,61 65,0,121,,57349,20,,,0,98,,57341,23,0,61 65,0,99,,57342,23,0,61 65,0
1001,'S2-3_1',822,,57350,20,,,0,113,,57351,23,0,61 65,0,92,,57357,18,,,0,118,,57352,23,0,61 65,0,96,,57358,18,0,61 65,0,99,,57355,21,,,0,105,,57359,20,0,61 65,0,95,,57356,21,,,0,164,,57360,20,0,61 65,0,121,,57361,20,,,0,98,,57353,23,0,61 65,0,99,,57354,23,0,61 65,0
1001,'S2-3_3',822,,57362,20,,,0,113,,57363,23,0,61 65,0,92,,57369,18,,,0,118,,57364,23,0,61 65,0,96,,57370,18,0,61 65,0,99,,57367,21,,,0,105,,57371,20,0,61 65,0,95,,57368,21,,,0,164,,57372,20,0,61 65,0,121,,57373,20,,,0,98,,57365,23,0,61 65,0,99,,57366,23,0,61 65,0
1001,'S2-3_4',822,,57374,20,,,0,113,,57375,23,0,61 65,0,92,,57381,18,,,0,118,,57376,23,0,61 65,0,96,,57382,18,0,61 65,0,99,,57379,21,,,0,105,,57383,20,0,61 65,0,95,,57380,21,,,0,164,,57384,20,0,61 65,0,121,,57385,20,,,0,98,,57377,23,0,61 65,0,99,,57378,23,0,61 65,0
1001,'S2-4_7',822,,57386,20,,,0,113,,57387,23,0,61 65,0,92,,57393,18,,,0,118,,57388,23,0,61 65,0,96,,57394,18,0,61 65,0,99,,57391,21,,,0,105,,57395,20,0,61 65,0,95,,57392,21,,,0,164,,57396,20,0,61 65,0,121,,57397,20,,,0,98,,57389,23,0,61 65,0,99,,57390,23,0,61 65,0
