401,'S2-1_6',758,,23613,60,,,0,190,,23614,60,,,0,202,,23615,60,,,0,200,,23616,60,,,0,200,,23617,60,,,0,206,,23618,60,,,0,271,,23619,60,,,0
401,'S2-5_1',902,,23672,62,,,0,255,,23674,60,,,0,160,,23673,62,,,0,100,,23675,60,,,0,140,,23676,60,,,0,275,,23671,63,,,0,183,,23677,60,,,0
401,'S2-5_2',902,,23704,62,,,0,255,,23706,60,,,0,160,,23705,62,,,0,100,,23707,60,,,0,140,,23708,60,,,0,275,,23703,63,,,0,183,,23709,60,,,0
401,'S2-5_4',902,,23736,62,,,0,255,,23738,60,,,0,160,,23737,62,,,0,100,,23739,60,,,0,140,,23740,60,,,0,275,,23735,63,,,0,183,,23741,60,,,0
401,'S2-5_5',902,,23768,62,,,0,255,,23770,60,,,0,160,,23769,62,,,0,100,,23771,60,,,0,140,,23772,60,,,0,275,,23767,63,,,0,183,,23773,60,,,0
401,'S2-6_3',902,,23800,62,,,0,255,,23802,60,,,0,160,,23801,62,,,0,100,,23803,60,,,0,140,,23804,60,,,0,275,,23799,63,,,0,183,,23805,60,,,0
2901201,'S2-5_1',1712,,28410,14,,,0,105,,28411,14,,,0,99,,28409,14,,,0
2901201,'S2-5_2',1712,,28413,14,,,0,105,,28414,14,,,0,99,,28412,14,,,0
2901201,'S2-5_4',1712,,28416,14,,,0,105,,28417,14,,,0,99,,28415,14,,,0
2901201,'S2-5_5',1712,,28419,14,,,0,105,,28420,14,,,0,99,,28418,14,,,0
2901201,'S2-6_3',1316,,28422,14,,,0,396,,28423,14,,,0,105,,28424,14,,,0,99,,28421,14,,,0
