2201,'S2-5_1',1615,,25460,3,,,0,100,,25461,3,,,0,100,,25462,3,,,0
2201,'S2-5_2',1615,,25467,3,,,0,100,,25468,3,,,0,100,,25469,3,,,0
2201,'S2-5_4',1615,,25474,3,,,0,100,,25475,3,,,0,100,,25476,3,,,0
2201,'S2-5_5',1615,,25481,3,,,0,100,,25482,3,,,0,100,,25483,3,,,0
2201,'S2-6_3',1215,,25488,3,,,0
2401,'S2-5_1',743,,25536,21,4,,0,895,,25537,19,,,0,104,,25538,19,,,0,94,,25539,19,,,0
2401,'S2-5_2',743,,25540,21,4,,0,895,,25541,19,,,0,104,,25542,19,,,0,94,,25543,19,,,0
2401,'S2-5_4',743,,25544,21,4,,0,895,,25545,19,,,0,104,,25546,19,,,0,94,,25547,19,,,0
2401,'S2-5_5',743,,25548,21,4,,0,895,,25549,19,,,0,104,,25550,19,,,0,94,,25551,19,,,0
2401,'S2-6_3',743,,25552,21,4,,0,557,,25553,19,,,0
2000001,'S2-1_6',700,,27919,23,,,0,41,,27920,23,,,0,80,,27921,23,,,0,32,,27959,23,,,0,61,,27923,23,,,0,20,,27922,23,,,0,21,,27924,23,,,0,60,,27925,23,,,0,19,,27927,23,,,0,18,,27926,23,,,0,60,,27932,23,,,0,19,,27930,23,,,0,18,,27934,23,,,0,59,,27928,23,,,0,19,,27933,23,,,0,20,,27929,23,,,0,57,,27931,23,,,0,18,,27940,23,,,0,18,,27937,23,,,0,60,,27938,23,,,0,21,,27939,23,,,0,18,,27936,23,,,0,17,,27935,23,,,0,59,,27941,23,,,0,22,,27942,23,,,0,20,,27944,23,,,0,59,,27943,23,,,0,20,,27945,23,,,0,20,,27946,23,,,0,61,,27947,23,,,0,20,,27949,23,,,0,19,,27948,23,,,0,58,,27950,23,,,0,19,,27951,23,,,0,19,,27952,23,,,0,58,,27953,23,,,0,17,,27954,23,,,0,18,,27955,23,,,0,62,,27956,23,,,0,24,,27957,23,,,0,22,,27958,23,,,0
2000001,'S2-2_7',833,,29706,23,,,0,80,,29689,23,,,0,40,,29690,23,,,0,80,,29691,23,,,0,80,,29692,23,,,0,40,,29693,23,,,0,80,,29694,23,,,0,79,,29695,23,,,0,40,,29697,23,,,0,80,,29696,23,,,0,80,,29698,23,,,0,40,,29699,23,,,0,80,,29700,23,,,0,80,,29701,23,,,0,40,,29703,23,,,0,80,,29702,23,,,0,80,,29704,23,,,0,40,,29705,23,,,0
2000001,'S2-4_7',833,,27977,23,,,0,80,,27960,23,,,0,40,,27961,23,,,0,80,,27962,23,,,0,80,,27963,23,,,0,40,,27964,23,,,0,80,,27965,23,,,0,79,,27966,23,,,0,40,,27968,23,,,0,80,,27967,23,,,0,80,,27969,23,,,0,40,,27970,23,,,0,80,,27971,23,,,0,80,,27972,23,,,0,40,,27974,23,,,0,80,,27973,23,,,0,80,,27975,23,,,0,40,,27976,23,,,0
2000001,'S2-5_1',657,,28030,23,,,0,69,,28007,23,,,0,14,,27988,17,,,0,3,,27986,13,4,,0,1,,27990,23,,,0,56,,28015,23,,,0,16,,27998,23,,,0,14,,28033,23,,,0,14,,27980,23,,,0,14,,28008,23,,,0,54,,27992,23,,,0,16,,28016,23,,,0,16,,28000,23,,,0,57,,28024,23,,,0,17,,27981,23,,,0,15,,28014,23,,,0,15,,27991,23,,,0,56,,28017,23,,,0,17,,27999,23,,,0,16,,28026,23,,,0,15,,27982,23,,,0,56,,28012,23,,,0,15,,27997,23,,,0,16,,28018,23,,,0,15,,28006,23,,,0,54,,28025,23,,,0,13,,27984,23,,,0,15,,28009,23,,,0,17,,27993,23,,,0,55,,28020,23,,,0,15,,28001,23,,,0,15,,28029,23,,,0,15,,27985,23,,,0,56,,28010,23,,,0,16,,27994,23,,,0,15,,28019,23,,,0,16,,28002,23,,,0,54,,28028,23,,,0,16,,27983,23,,,0,17,,28011,23,,,0,57,,27995,23,,,0,16,,28021,23,,,0,17,,28003,23,,,0,17,,27979,23,,,0,56,,28027,23,,,0,16,,28034,23,,,0,10,,28013,23,,,0,12,,27996,23,,,0,13,,28022,23,,,0,54,,28004,23,,,0,11,,27978,23,,,0,13,,28031,23,,,0,14,,27987,23,,,0,62,,28023,23,,,0,20,,28005,23,,,0,19,,28032,23,,,0,59,,27989,23,,,0
2000001,'S2-5_2',657,,28087,23,,,0,69,,28064,23,,,0,14,,28045,17,,,0,3,,28043,13,4,,0,1,,28047,23,,,0,56,,28072,23,,,0,16,,28055,23,,,0,14,,28090,23,,,0,14,,28037,23,,,0,14,,28065,23,,,0,54,,28049,23,,,0,16,,28073,23,,,0,16,,28057,23,,,0,57,,28081,23,,,0,17,,28038,23,,,0,15,,28071,23,,,0,15,,28048,23,,,0,56,,28074,23,,,0,17,,28056,23,,,0,16,,28083,23,,,0,15,,28039,23,,,0,56,,28069,23,,,0,15,,28054,23,,,0,16,,28075,23,,,0,15,,28063,23,,,0,54,,28082,23,,,0,13,,28041,23,,,0,15,,28066,23,,,0,17,,28050,23,,,0,55,,28077,23,,,0,15,,28058,23,,,0,15,,28086,23,,,0,15,,28042,23,,,0,56,,28067,23,,,0,16,,28051,23,,,0,15,,28076,23,,,0,16,,28059,23,,,0,54,,28085,23,,,0,16,,28040,23,,,0,17,,28068,23,,,0,57,,28052,23,,,0,16,,28078,23,,,0,17,,28060,23,,,0,17,,28036,23,,,0,56,,28084,23,,,0,16,,28091,23,,,0,10,,28070,23,,,0,12,,28053,23,,,0,13,,28079,23,,,0,54,,28061,23,,,0,11,,28035,23,,,0,13,,28088,23,,,0,14,,28044,23,,,0,62,,28080,23,,,0,20,,28062,23,,,0,19,,28089,23,,,0,59,,28046,23,,,0
2000001,'S2-5_4',657,,28144,23,,,0,69,,28121,23,,,0,14,,28102,17,,,0,3,,28100,13,4,,0,1,,28104,23,,,0,56,,28129,23,,,0,16,,28112,23,,,0,14,,28147,23,,,0,14,,28094,23,,,0,14,,28122,23,,,0,54,,28106,23,,,0,16,,28130,23,,,0,16,,28114,23,,,0,57,,28138,23,,,0,17,,28095,23,,,0,15,,28128,23,,,0,15,,28105,23,,,0,56,,28131,23,,,0,17,,28113,23,,,0,16,,28140,23,,,0,15,,28096,23,,,0,56,,28126,23,,,0,15,,28111,23,,,0,16,,28132,23,,,0,15,,28120,23,,,0,54,,28139,23,,,0,13,,28098,23,,,0,15,,28123,23,,,0,17,,28107,23,,,0,55,,28134,23,,,0,15,,28115,23,,,0,15,,28143,23,,,0,15,,28099,23,,,0,56,,28124,23,,,0,16,,28108,23,,,0,15,,28133,23,,,0,16,,28116,23,,,0,54,,28142,23,,,0,16,,28097,23,,,0,17,,28125,23,,,0,57,,28109,23,,,0,16,,28135,23,,,0,17,,28117,23,,,0,17,,28093,23,,,0,56,,28141,23,,,0,16,,28148,23,,,0,10,,28127,23,,,0,12,,28110,23,,,0,13,,28136,23,,,0,54,,28118,23,,,0,11,,28092,23,,,0,13,,28145,23,,,0,14,,28101,23,,,0,62,,28137,23,,,0,20,,28119,23,,,0,19,,28146,23,,,0,59,,28103,23,,,0
2000001,'S2-5_5',657,,28201,23,,,0,69,,28178,23,,,0,14,,28159,17,,,0,3,,28157,13,4,,0,1,,28161,23,,,0,56,,28186,23,,,0,16,,28169,23,,,0,14,,28204,23,,,0,14,,28151,23,,,0,14,,28179,23,,,0,54,,28163,23,,,0,16,,28187,23,,,0,16,,28171,23,,,0,57,,28195,23,,,0,17,,28152,23,,,0,15,,28185,23,,,0,15,,28162,23,,,0,56,,28188,23,,,0,17,,28170,23,,,0,16,,28197,23,,,0,15,,28153,23,,,0,56,,28183,23,,,0,15,,28168,23,,,0,16,,28189,23,,,0,15,,28177,23,,,0,54,,28196,23,,,0,13,,28155,23,,,0,15,,28180,23,,,0,17,,28164,23,,,0,55,,28191,23,,,0,15,,28172,23,,,0,15,,28200,23,,,0,15,,28156,23,,,0,56,,28181,23,,,0,16,,28165,23,,,0,15,,28190,23,,,0,16,,28173,23,,,0,54,,28199,23,,,0,16,,28154,23,,,0,17,,28182,23,,,0,57,,28166,23,,,0,16,,28192,23,,,0,17,,28174,23,,,0,17,,28150,23,,,0,56,,28198,23,,,0,16,,28205,23,,,0,10,,28184,23,,,0,12,,28167,23,,,0,13,,28193,23,,,0,54,,28175,23,,,0,11,,28149,23,,,0,13,,28202,23,,,0,14,,28158,23,,,0,62,,28194,23,,,0,20,,28176,23,,,0,19,,28203,23,,,0,59,,28160,23,,,0
2000001,'S2-6_3',657,,28258,23,,,0,69,,28235,23,,,0,14,,28216,17,,,0,3,,28214,13,4,,0,1,,28218,23,,,0,56,,28243,23,,,0,16,,28226,23,,,0,14,,28261,23,,,0,14,,28208,23,,,0,14,,28236,23,,,0,54,,28220,23,,,0,16,,28244,23,,,0,16,,28228,23,,,0,57,,28252,23,,,0,17,,28209,23,,,0,15,,28242,23,,,0,15,,28219,23,,,0,56,,28245,23,,,0,17,,28227,23,,,0,16,,28254,23,,,0,15,,28210,23,,,0,56,,28240,23,,,0,15,,28225,23,,,0,16,,28246,23,,,0,15,,28234,23,,,0,54,,28253,23,,,0,13,,28212,23,,,0,15,,28237,23,,,0,17,,28221,23,,,0,55,,28248,23,,,0,15,,28229,23,,,0,15,,28257,23,,,0,15,,28213,23,,,0,56,,28238,23,,,0,16,,28222,23,,,0,15,,28247,23,,,0,16,,28230,23,,,0,54,,28256,23,,,0,16,,28211,23,,,0,17,,28239,23,,,0,57,,28223,23,,,0,16,,28249,23,,,0,17,,28231,23,,,0,17,,28207,23,,,0,56,,28255,23,,,0,16,,28262,23,,,0,10,,28241,23,,,0,12,,28224,23,,,0,13,,28250,23,,,0,54,,28232,23,,,0,11,,28206,23,,,0,13,,28259,23,,,0,14,,28215,23,,,0,62,,28251,23,,,0,20,,28233,23,,,0,19,,28260,23,,,0,59,,28217,23,,,0
