3000000,'1_6',701,,10420,,,0,44,,10421,,,0,82,,10422,,,0,29,,10423,,,0,60,,10424,,,0,20,,10425,,,0,21,,10426,,,0,60,,10427,,,0,20,,10428,,,0,20,,10429,,,0,61,,10430,,,0,19,,10431,,,0,20,,10432,,,0,62,,10433,,,0,19,,10434,,,0,19,,10435,,,0,59,,10436,,,0,20,,10437,,,0,21,,10438,,,0,59,,10439,,,0,21,,10440,,,0,20,,10441,,,0,61,,10442,,,0,20,,10443,,,0,20,,10444,,,0,60,,10445,,,0,20,,10446,,,0,21,,10447,,,0,60,,10448,,,0,20,,10449,,,0,20,,10450,,,0,60,,10451,,,0,19,,10452,,,0,18,,10453,,,0,59,,10454,,,0,30,,10455,,,0,69,,10456,,,0,29,,10457,,,0,69,,10458,,,0
3000000,'3_2',657,,10551,,,0,60,,10550,,,0,23,,10510,,,0,61,,10511,,,0,20,,10512,,,0,20,,10513,,,0,59,,10514,,,0,21,,10515,,,0,20,,10516,,,0,60,,10517,,,0,21,,10518,,,0,20,,10519,,,0,60,,10520,,,0,21,,10521,,,0,20,,10522,,,0,60,,10523,,,0,21,,10524,,,0,19,,10525,,,0,59,,10526,,,0,20,,10527,,,0,22,,10528,,,0,60,,10529,,,0,19,,10530,,,0,20,,10531,,,0,60,,10532,,,0,20,,10533,,,0,20,,10534,,,0,60,,10535,,,0,20,,10536,,,0,20,,10537,,,0,60,,10538,,,0,21,,10539,,,0,20,,10540,,,0,61,,10541,,,0,20,,10542,,,0,20,,10543,,,0,57,,10544,,,0,19,,10545,,,0,18,,10546,,,0,68,,10547,,,0,32,,10548,,,0,73,,10549,,,0
3000000,'3_3',657,,10593,,,0,60,,10592,,,0,23,,10552,,,0,61,,10553,,,0,20,,10554,,,0,20,,10555,,,0,59,,10556,,,0,21,,10557,,,0,20,,10558,,,0,60,,10559,,,0,21,,10560,,,0,20,,10561,,,0,60,,10562,,,0,21,,10563,,,0,20,,10564,,,0,60,,10565,,,0,21,,10566,,,0,19,,10567,,,0,59,,10568,,,0,20,,10569,,,0,22,,10570,,,0,60,,10571,,,0,19,,10572,,,0,20,,10573,,,0,60,,10574,,,0,20,,10575,,,0,20,,10576,,,0,60,,10577,,,0,20,,10578,,,0,20,,10579,,,0,60,,10580,,,0,21,,10581,,,0,20,,10582,,,0,61,,10583,,,0,20,,10584,,,0,20,,10585,,,0,57,,10586,,,0,19,,10587,,,0,18,,10588,,,0,68,,10589,,,0,32,,10590,,,0,73,,10591,,,0
3000000,'3_4',657,,10635,,,0,60,,10634,,,0,23,,10594,,,0,61,,10595,,,0,20,,10596,,,0,20,,10597,,,0,59,,10598,,,0,21,,10599,,,0,20,,10600,,,0,60,,10601,,,0,21,,10602,,,0,20,,10603,,,0,60,,10604,,,0,21,,10605,,,0,20,,10606,,,0,60,,10607,,,0,21,,10608,,,0,19,,10609,,,0,59,,10610,,,0,20,,10611,,,0,22,,10612,,,0,60,,10613,,,0,19,,10614,,,0,20,,10615,,,0,60,,10616,,,0,20,,10617,,,0,20,,10618,,,0,60,,10619,,,0,20,,10620,,,0,20,,10621,,,0,60,,10622,,,0,21,,10623,,,0,20,,10624,,,0,61,,10625,,,0,20,,10626,,,0,20,,10627,,,0,57,,10628,,,0,19,,10629,,,0,18,,10630,,,0,68,,10631,,,0,32,,10632,,,0,73,,10633,,,0
3000000,'3_5',657,,10677,,,0,60,,10676,,,0,23,,10636,,,0,61,,10637,,,0,20,,10638,,,0,20,,10639,,,0,59,,10640,,,0,21,,10641,,,0,20,,10642,,,0,60,,10643,,,0,21,,10644,,,0,20,,10645,,,0,60,,10646,,,0,21,,10647,,,0,20,,10648,,,0,60,,10649,,,0,21,,10650,,,0,19,,10651,,,0,59,,10652,,,0,20,,10653,,,0,22,,10654,,,0,60,,10655,,,0,19,,10656,,,0,20,,10657,,,0,60,,10658,,,0,20,,10659,,,0,20,,10660,,,0,60,,10661,,,0,20,,10662,,,0,20,,10663,,,0,60,,10664,,,0,21,,10665,,,0,20,,10666,,,0,61,,10667,,,0,20,,10668,,,0,20,,10669,,,0,57,,10670,,,0,19,,10671,,,0,18,,10672,,,0,68,,10673,,,0,32,,10674,,,0,73,,10675,,,0
3000000,'4_7',823,,10679,,,0,130,,10680,,,0,170,,10687,,,0,130,,10686,,,0,170,,10685,,,0,130,,10683,,,0,170,,10684,,,0,129,,10682,,,0,170,,10681,,,0
3000000,'5_1',658,,10735,,,0,60,,10734,,,0,27,,10694,,,0,60,,10695,,,0,17,,10696,,,0,21,,10697,,,0,59,,10698,,,0,23,,10699,,,0,19,,10700,,,0,60,,10701,,,0,21,,10702,,,0,17,,10703,,,0,61,,10704,,,0,20,,10705,,,0,20,,10706,,,0,62,,10707,,,0,21,,10708,,,0,19,,10709,,,0,60,,10710,,,0,19,,10711,,,0,21,,10712,,,0,59,,10713,,,0,19,,10714,,,0,21,,10715,,,0,60,,10716,,,0,22,,10717,,,0,19,,10718,,,0,59,,10719,,,0,22,,10720,,,0,16,,10721,,,0,60,,10722,,,0,26,,10723,,,0,18,,10724,,,0,59,,10725,,,0,18,,10726,,,0,17,,10727,,,0,19,,10728,,,0,60,,10729,,,0,19,,10730,,,0,69,,10731,,,0,32,,10732,,,0,72,,10733,,,0
3000000,'5_2',658,,10781,,,0,60,,10780,,,0,27,,10740,,,0,60,,10741,,,0,17,,10742,,,0,21,,10743,,,0,59,,10744,,,0,23,,10745,,,0,19,,10746,,,0,60,,10747,,,0,21,,10748,,,0,17,,10749,,,0,61,,10750,,,0,20,,10751,,,0,20,,10752,,,0,62,,10753,,,0,21,,10754,,,0,19,,10755,,,0,60,,10756,,,0,19,,10757,,,0,21,,10758,,,0,59,,10759,,,0,19,,10760,,,0,21,,10761,,,0,60,,10762,,,0,22,,10763,,,0,19,,10764,,,0,59,,10765,,,0,22,,10766,,,0,16,,10767,,,0,60,,10768,,,0,26,,10769,,,0,18,,10770,,,0,59,,10771,,,0,18,,10772,,,0,17,,10773,,,0,19,,10774,,,0,60,,10775,,,0,19,,10776,,,0,69,,10777,,,0,32,,10778,,,0,72,,10779,,,0
3000000,'5_4',658,,13528,,,0,60,,13527,,,0,27,,13487,,,0,60,,13488,,,0,17,,13489,,,0,21,,13490,,,0,59,,13491,,,0,23,,13492,,,0,19,,13493,,,0,60,,13494,,,0,21,,13495,,,0,17,,13496,,,0,61,,13497,,,0,20,,13498,,,0,20,,13499,,,0,62,,13500,,,0,21,,13501,,,0,19,,13502,,,0,60,,13503,,,0,19,,13504,,,0,21,,13505,,,0,59,,13506,,,0,19,,13507,,,0,21,,13508,,,0,60,,13509,,,0,22,,13510,,,0,19,,13511,,,0,59,,13512,,,0,22,,13513,,,0,16,,13514,,,0,60,,13515,,,0,26,,13516,,,0,18,,13517,,,0,59,,13518,,,0,18,,13519,,,0,17,,13520,,,0,19,,13521,,,0,60,,13522,,,0,19,,13523,,,0,69,,13524,,,0,32,,13525,,,0,72,,13526,,,0
3000000,'5_5',658,,14790,,,0,60,,14789,,,0,27,,14749,,,0,60,,14750,,,0,17,,14751,,,0,21,,14752,,,0,59,,14753,,,0,23,,14754,,,0,19,,14755,,,0,60,,14756,,,0,21,,14757,,,0,17,,14758,,,0,61,,14759,,,0,20,,14760,,,0,20,,14761,,,0,62,,14762,,,0,21,,14763,,,0,19,,14764,,,0,60,,14765,,,0,19,,14766,,,0,21,,14767,,,0,59,,14768,,,0,19,,14769,,,0,21,,14770,,,0,60,,14771,,,0,22,,14772,,,0,19,,14773,,,0,59,,14774,,,0,22,,14775,,,0,16,,14776,,,0,60,,14777,,,0,26,,14778,,,0,18,,14779,,,0,59,,14780,,,0,18,,14781,,,0,17,,14782,,,0,19,,14783,,,0,60,,14784,,,0,19,,14785,,,0,69,,14786,,,0,32,,14787,,,0,72,,14788,,,0
3000000,'6_3',658,,10827,,,0,60,,10826,,,0,27,,10786,,,0,60,,10787,,,0,17,,10788,,,0,21,,10789,,,0,59,,10790,,,0,23,,10791,,,0,19,,10792,,,0,60,,10793,,,0,21,,10794,,,0,17,,10795,,,0,61,,10796,,,0,20,,10797,,,0,20,,10798,,,0,62,,10799,,,0,21,,10800,,,0,19,,10801,,,0,60,,10802,,,0,19,,10803,,,0,21,,10804,,,0,59,,10805,,,0,19,,10806,,,0,21,,10807,,,0,60,,10808,,,0,22,,10809,,,0,19,,10810,,,0,59,,10811,,,0,22,,10812,,,0,16,,10813,,,0,60,,10814,,,0,26,,10815,,,0,18,,10816,,,0,59,,10817,,,0,18,,10818,,,0,17,,10819,,,0,19,,10820,,,0,60,,10821,,,0,19,,10822,,,0,69,,10823,,,0,32,,10824,,,0,72,,10825,,,0
