901,'25j05H-Dimanche',943,,2786,,,0,300,,2788,0,8,0,300,,2789,0,8,0,300,,2787,,,0
901,'25j26H-Dimanche',943,,2790,,,0,300,,2792,0,8,0,300,,2793,0,8,0,300,,2791,,,0
901,'26a05H-Samedi',746,,2821,0,9 10 9,0,99,,2833,0,8,0,367,,2831,0,8,0,319,,2829,0,8,0,82,,2822,0,9 10 9,0,103,,2823,0,9 10 9,0,135,,2824,0,9 10 9,0,90,,2825,0,9 10 9,0
901,'26a05H-Mercredi',747,,2834,0,11,0,66,,2835,0,12,0,102,,2840,0,9 10 9,0,193,,2841,0,9 10 9,0,106,,2836,0,12,0,141,,2842,0,9 10 9,0,151,,2843,0,9 10 9,0,110,,2837,0,12,0,100,,2838,0,12,0,98,,2839,0,12,0,127,,2849,,,0
901,'26a05H-L-Ma-J-V',747,,2850,0,11,0,66,,2851,0,12,0,102,,2856,0,9 10 9,0,193,,2857,0,9 10 9,0,106,,2852,0,12,0,141,,2858,0,9 10 9,0,151,,2859,0,9 10 9,0,110,,2853,0,12,0,100,,2854,0,12,0,98,,2855,0,12,0,127,,2865,,,0
901,'26b23V-Semaine',746,,2866,0,11,0,66,,2867,0,12,0,104,,2868,0,9 10 9,0,288,,2872,0,8,0,327,,2879,0,8,0,91,,2875,0,9 10 9,0,95,,2876,0,9 10 9,0,129,,2877,0,9 10 9,0,95,,2878,0,9 10 9,0
901,'26c02V-Semaine',746,,2880,0,11,0,66,,2881,0,12,0,104,,2882,0,9 10 9,0,288,,2886,0,8,0,327,,2893,0,8,0,91,,2889,0,9 10 9,0,95,,2890,0,9 10 9,0,129,,2891,0,9 10 9,0,95,,2892,0,9 10 9,0
1001,'25j05H-Dimanche',932,,2995,,,0,420,,2996,,,0,500,,2997,,,0
1001,'25j26H-Dimanche',932,,2998,,,0,420,,2999,,,0,500,,3000,,,0
1001,'26a05H-Samedi',752,,3025,,,0,103,,3026,,,0,101,,3033,,,0,102,,3027,,,0,100,,3034,,,0,85,,3035,,,0,163,,3030,,,0,38,,3036,,,0,187,,3031,,,0,118,,3032,,,0,91,,3028,,,0,107,,3029,,,0
1001,'26a05H-Mercredi',754,,3037,,,0,99,,3039,,,0,86,,3040,,,0,79,,3044,,,0,86,,3041,,,0,50,,3045,,,0,84,,3046,,,0,69,,3047,,,0,101,,3038,,,0,37,,3048,,,0,184,,3049,,,0,319,,3043,,,0
1001,'26a05H-L-Ma-J-V',754,,3051,,,0,99,,3053,,,0,86,,3054,,,0,79,,3058,,,0,86,,3055,,,0,50,,3059,,,0,84,,3060,,,0,69,,3061,,,0,101,,3052,,,0,37,,3062,,,0,184,,3063,,,0,319,,3057,,,0
1001,'26b23V-Semaine',752,,3065,,,0,99,,3067,,,0,105,,3070,,,0,102,,3068,,,0,100,,3071,,,0,85,,3072,,,0,163,,3066,,,0,38,,3076,,,0,187,,3073,,,0,118,,3074,,,0,91,,3075,,,0,107,,3069,,,0
1001,'26c02V-Semaine',752,,3077,,,0,99,,3079,,,0,105,,3082,,,0,102,,3080,,,0,100,,3083,,,0,85,,3084,,,0,163,,3078,,,0,38,,3088,,,0,187,,3085,,,0,118,,3086,,,0,91,,3087,,,0,107,,3081,,,0
1901,'26a05H-Mercredi0010000',1214,,3602,,,0,34,,3603,,,0
1901,'26a05H-L-Ma-J-V1101100',1615,,3608,,,0,100,,3609,,,0,99,,3610,,,0
1000001,'25j05H-Dimanche',826,,5286,,,0,80,,5287,,,0,40,,5288,,,0,80,,5289,,,0,80,,5290,,,0,40,,5291,,,0,80,,5292,,,0,80,,5293,,,0,40,,5294,,,0,80,,5295,,,0,80,,5296,,,0,40,,5297,,,0,80,,5298,,,0,80,,5299,,,0,40,,5300,,,0,80,,5301,,,0,80,,5302,,,0,40,,5303,,,0
1000001,'25j26H-Dimanche',826,,5304,,,0,80,,5305,,,0,40,,5306,,,0,80,,5307,,,0,80,,5308,,,0,40,,5309,,,0,80,,5310,,,0,80,,5311,,,0,40,,5312,,,0,80,,5313,,,0,80,,5314,,,0,40,,5315,,,0,80,,5316,,,0,80,,5317,,,0,40,,5318,,,0,80,,5319,,,0,80,,5320,,,0,40,,5321,,,0
1000001,'26a05H-Samedi',555,,5476,,,0,82,,5477,,,0,81,,5478,,,0,30,,5479,,,0,69,,5480,,,0,29,,5481,,,0,55,,5482,,,0,16,,5483,,,0,15,,5484,,,0,16,,5485,,,0,55,,5486,,,0,15,,5487,,,0,16,,5488,,,0,14,,5489,,,0,56,,5490,,,0,15,,5491,,,0,15,,5492,,,0,16,,5493,,,0,54,,5494,,,0,16,,5495,,,0,15,,5496,,,0,14,,5497,,,0,57,,5498,,,0,16,,5499,,,0,9,,5500,,,0,10,,5501,,,0,9,,5502,,,0,50,,5504,,,0,10,,5503,,,0,10,,5505,,,0,11,,5506,,,0,12,,5507,,,0,9,,5508,,,0,49,,5509,,,0,10,,5510,,,0,11,,5511,,,0,10,,5512,,,0,10,,5513,,,0,11,,5514,,,0,51,,5515,,,0,9,,5516,,,0,10,,5517,,,0,10,,5518,,,0,12,,5519,,,0,9,,5520,,,0,49,,5521,,,0,10,,5522,,,0,10,,5524,,,0,9,,5523,,,0,10,,5525,,,0,9,,5526,,,0,50,,5528,,,0,9,,5527,,,0,9,,5529,,,0,9,,5530,,,0,9,,5532,,,0,10,,5531,,,0,10,,5533,,,0,53,,5534,,,0,19,,5535,,,0,17,,5536,,,0,61,,5537,,,0,21,,5538,,,0,16,,5539,,,0,59,,5540,,,0,20,,5541,,,0,20,,5542,,,0,60,,5543,,,0
1000001,'26a05H-Mercredi',555,,5544,,,0,60,,5545,,,0,20,,5546,,,0,20,,5547,,,0,62,,5548,,,0,10,,5628,,,0,11,,5629,,,0,10,,5579,,,0,10,,5580,,,0,50,,5581,,,0,11,,5582,,,0,10,,5583,,,0,9,,5584,,,0,10,,5585,,,0,10,,5586,,,0,50,,5587,,,0,10,,5588,,,0,10,,5589,,,0,12,,5590,,,0,11,,5549,,,0,51,,5550,,,0,10,,5551,,,0,9,,5552,,,0,11,,5553,,,0,11,,5591,,,0,11,,5554,,,0,51,,5555,,,0,10,,5556,,,0,11,,5557,,,0,10,,5558,,,0,11,,5592,,,0,11,,5559,,,0,51,,5560,,,0,10,,5561,,,0,9,,5562,,,0,9,,5593,,,0,10,,5594,,,0,10,,5595,,,0,50,,5596,,,0,10,,5597,,,0,10,,5598,,,0,10,,5599,,,0,9,,5600,,,0,10,,5601,,,0,51,,5602,,,0,10,,5603,,,0,10,,5604,,,0,10,,5605,,,0,10,,5563,,,0,10,,5564,,,0,49,,5606,,,0,10,,5565,,,0,9,,5566,,,0,11,,5567,,,0,11,,5607,,,0,12,,5568,,,0,52,,5569,,,0,11,,5570,,,0,10,,5571,,,0,9,,5572,,,0,10,,5608,,,0,51,,5609,,,0,11,,5610,,,0,11,,5611,,,0,11,,5612,,,0,10,,5613,,,0,10,,5614,,,0,49,,5615,,,0,8,,5616,,,0,10,,5617,,,0,10,,5618,,,0,8,,5619,,,0,9,,5620,,,0,9,,5621,,,0,48,,5622,,,0,9,,5623,,,0,9,,5624,,,0,10,,5625,,,0,12,,5627,,,0,59,,5626,,,0,20,,5573,,,0,20,,5574,,,0,60,,5575,,,0,20,,5576,,,0,19,,5577,,,0,60,,5578,,,0
1000001,'26a05H-L-Ma-J-V',555,,5630,,,0,60,,5631,,,0,20,,5632,,,0,20,,5633,,,0,62,,5634,,,0,10,,5714,,,0,11,,5715,,,0,10,,5665,,,0,10,,5666,,,0,50,,5667,,,0,11,,5668,,,0,10,,5669,,,0,9,,5670,,,0,10,,5671,,,0,10,,5672,,,0,50,,5673,,,0,10,,5674,,,0,10,,5675,,,0,12,,5676,,,0,11,,5635,,,0,51,,5636,,,0,10,,5637,,,0,9,,5638,,,0,11,,5639,,,0,11,,5677,,,0,11,,5640,,,0,51,,5641,,,0,10,,5642,,,0,11,,5643,,,0,10,,5644,,,0,11,,5678,,,0,11,,5645,,,0,51,,5646,,,0,10,,5647,,,0,9,,5648,,,0,9,,5679,,,0,10,,5680,,,0,10,,5681,,,0,50,,5682,,,0,10,,5683,,,0,10,,5684,,,0,10,,5685,,,0,9,,5686,,,0,10,,5687,,,0,51,,5688,,,0,10,,5689,,,0,10,,5690,,,0,10,,5691,,,0,10,,5649,,,0,10,,5650,,,0,49,,5692,,,0,10,,5651,,,0,9,,5652,,,0,11,,5653,,,0,11,,5693,,,0,12,,5654,,,0,52,,5655,,,0,11,,5656,,,0,10,,5657,,,0,9,,5658,,,0,10,,5694,,,0,51,,5695,,,0,11,,5696,,,0,11,,5697,,,0,11,,5698,,,0,10,,5699,,,0,10,,5700,,,0,49,,5701,,,0,8,,5702,,,0,10,,5703,,,0,10,,5704,,,0,8,,5705,,,0,9,,5706,,,0,9,,5707,,,0,48,,5708,,,0,9,,5709,,,0,9,,5710,,,0,10,,5711,,,0,12,,5713,,,0,59,,5712,,,0,20,,5659,,,0,20,,5660,,,0,60,,5661,,,0,20,,5662,,,0,19,,5663,,,0,60,,5664,,,0
1000001,'26b23V-Semaine',555,,5716,,,0,61,,5717,,,0,20,,5718,,,0,21,,5719,,,0,60,,5720,,,0,10,,5800,,,0,11,,5801,,,0,10,,5751,,,0,10,,5752,,,0,50,,5753,,,0,10,,5754,,,0,10,,5755,,,0,10,,5756,,,0,10,,5757,,,0,10,,5758,,,0,50,,5759,,,0,10,,5760,,,0,11,,5761,,,0,10,,5762,,,0,12,,5721,,,0,51,,5722,,,0,10,,5723,,,0,10,,5724,,,0,10,,5725,,,0,11,,5763,,,0,10,,5726,,,0,51,,5727,,,0,11,,5728,,,0,11,,5729,,,0,10,,5730,,,0,11,,5764,,,0,10,,5731,,,0,51,,5732,,,0,10,,5733,,,0,10,,5734,,,0,8,,5765,,,0,10,,5766,,,0,10,,5767,,,0,50,,5768,,,0,10,,5769,,,0,10,,5770,,,0,11,,5771,,,0,9,,5772,,,0,11,,5773,,,0,49,,5774,,,0,10,,5775,,,0,10,,5776,,,0,10,,5777,,,0,10,,5735,,,0,9,,5736,,,0,50,,5778,,,0,10,,5737,,,0,10,,5738,,,0,11,,5739,,,0,10,,5779,,,0,11,,5740,,,0,51,,5741,,,0,11,,5742,,,0,10,,5743,,,0,10,,5744,,,0,10,,5780,,,0,10,,5781,,,0,51,,5782,,,0,10,,5783,,,0,10,,5784,,,0,10,,5785,,,0,10,,5786,,,0,50,,5787,,,0,9,,5788,,,0,10,,5789,,,0,10,,5790,,,0,9,,5791,,,0,9,,5792,,,0,9,,5793,,,0,49,,5794,,,0,9,,5795,,,0,10,,5796,,,0,10,,5797,,,0,13,,5799,,,0,59,,5798,,,0,20,,5745,,,0,19,,5746,,,0,59,,5747,,,0,20,,5748,,,0,20,,5749,,,0,60,,5750,,,0
1000001,'26c02V-Semaine',555,,5802,,,0,61,,5803,,,0,20,,5804,,,0,21,,5805,,,0,60,,5806,,,0,10,,5886,,,0,11,,5887,,,0,10,,5837,,,0,10,,5838,,,0,50,,5839,,,0,10,,5840,,,0,10,,5841,,,0,10,,5842,,,0,10,,5843,,,0,10,,5844,,,0,50,,5845,,,0,10,,5846,,,0,11,,5847,,,0,10,,5848,,,0,12,,5807,,,0,51,,5808,,,0,10,,5809,,,0,10,,5810,,,0,10,,5811,,,0,11,,5849,,,0,10,,5812,,,0,51,,5813,,,0,11,,5814,,,0,11,,5815,,,0,10,,5816,,,0,11,,5850,,,0,10,,5817,,,0,51,,5818,,,0,10,,5819,,,0,10,,5820,,,0,8,,5851,,,0,10,,5852,,,0,10,,5853,,,0,50,,5854,,,0,10,,5855,,,0,10,,5856,,,0,11,,5857,,,0,9,,5858,,,0,11,,5859,,,0,49,,5860,,,0,10,,5861,,,0,10,,5862,,,0,10,,5863,,,0,10,,5821,,,0,9,,5822,,,0,50,,5864,,,0,10,,5823,,,0,10,,5824,,,0,11,,5825,,,0,10,,5865,,,0,11,,5826,,,0,51,,5827,,,0,11,,5828,,,0,10,,5829,,,0,10,,5830,,,0,10,,5866,,,0,10,,5867,,,0,51,,5868,,,0,10,,5869,,,0,10,,5870,,,0,10,,5871,,,0,10,,5872,,,0,50,,5873,,,0,9,,5874,,,0,10,,5875,,,0,10,,5876,,,0,9,,5877,,,0,9,,5878,,,0,9,,5879,,,0,49,,5880,,,0,9,,5881,,,0,10,,5882,,,0,10,,5883,,,0,13,,5885,,,0,59,,5884,,,0,20,,5831,,,0,19,,5832,,,0,59,,5833,,,0,20,,5834,,,0,20,,5835,,,0,60,,5836,,,0
