200,'2509-HIV-25j05H-d-Dimanche-00',847,,8536,0,14 15,0,172,,8537,0,14 15,0,125,,8538,0,14 15,0,683,,8539,0,14 15,0
200,'2509-HIV-25j26H-d-Dimanche-00',847,,8556,0,14 15,0,172,,8557,0,14 15,0,125,,8558,0,14 15,0,683,,8559,0,14 15,0
200,'2509-HIV-25k03H-s-Samedi-00',632,,8568,0,5,0,108,,8569,0,5,0,85,,8592,0,13,0,127,,8571,0,5,0,151,,8572,0,5,0,203,,8574,0,5,0,102,,8575,0,5,0,105,,8576,0,5,0,103,,8577,0,5,0,101,,8578,0,5,0,113,,8589,0,37 38 18 39,0
200,'2509-HIV-25l22Vlv-Semaine-00',642,,8641,0,13,0,59,,8640,0,13,0,34,,8632,0,37 38 18 39,0,80,,8630,0,6 7,0,98,,8629,0,6 7,0,98,,8625,0,37 38 18 39,0,142,,8624,0,5,0,178,,8620,0,5,0,126,,8622,0,13,0,188,,8611,0,5,0,78,,8606,0,37 38 18 39,0,28,,8608,0,5,0,77,,8603,0,13,0,26,,8605,0,5,0
200,'2509-HIV-26a05H-s-Samedi-00',632,,8642,0,5,0,108,,8643,0,5,0,85,,8666,0,13,0,127,,8645,0,5,0,151,,8646,0,5,0,203,,8648,0,5,0,102,,8649,0,5,0,105,,8650,0,5,0,103,,8651,0,5,0,101,,8652,0,5,0,113,,8663,0,37 38 18 39,0
200,'2509-HIV-26a05H-w-Mercredi-00',639,,8709,0,13,0,61,,8710,0,13,0,33,,8684,0,37 38 18 39,0,82,,8678,0,6 7,0,96,,8698,0,6 7,0,99,,8679,0,37 38 18 39,0,142,,8689,0,5,0,179,,8693,0,5,0,125,,8707,0,13,0,187,,8695,0,5,0,78,,8703,0,37 38 18 39,0,30,,8696,0,5,0,77,,8687,0,13,0,26,,8697,0,5,0
200,'2509-HIV-26a05Hlv-L-Ma-J-V-00',639,,8748,0,13,0,61,,8749,0,13,0,33,,8723,0,37 38 18 39,0,82,,8717,0,6 7,0,96,,8737,0,6 7,0,99,,8718,0,37 38 18 39,0,142,,8728,0,5,0,179,,8732,0,5,0,125,,8746,0,13,0,187,,8734,0,5,0,78,,8742,0,37 38 18 39,0,30,,8735,0,5,0,77,,8726,0,13,0,26,,8736,0,5,0
200,'2509-HIV-26b23Vlv-Semaine-00',642,,8793,0,13,0,59,,8792,0,13,0,34,,8784,0,37 38 18 39,0,80,,8782,0,6 7,0,98,,8781,0,6 7,0,98,,8777,0,37 38 18 39,0,142,,8776,0,5,0,178,,8772,0,5,0,126,,8774,0,13,0,188,,8763,0,5,0,78,,8758,0,37 38 18 39,0,28,,8760,0,5,0,77,,8755,0,13,0,26,,8757,0,5,0
200,'2509-HIV-26c02Vlv-Semaine-00',642,,8832,0,13,0,59,,8831,0,13,0,34,,8823,0,37 38 18 39,0,80,,8821,0,6 7,0,98,,8820,0,6 7,0,98,,8816,0,37 38 18 39,0,142,,8815,0,5,0,178,,8811,0,5,0,126,,8813,0,13,0,188,,8802,0,5,0,78,,8797,0,37 38 18 39,0,28,,8799,0,5,0,77,,8794,0,13,0,26,,8796,0,5,0
29000200,'2509-HIV-26a05H-w-Mercredi-00',651,,16060,,,0,99,,16061,,,0
29000200,'2509-HIV-26a05Hlv-L-Ma-J-V-00',651,,16062,,,0,99,,16063,,,0
