100,'2_6',740,,29921,46,0,61 8,0,109,,29933,46,0,61 8,0,95,,29922,46,0,61 8,0,70,,29934,46,0,61 8,0,30,,29923,46,0,61 8,0,72,,29935,46,0,61 8,0,30,,29924,46,0,61 8,0,69,,29936,46,0,61 8,0,30,,29925,46,0,61 8,0,68,,29937,46,0,61 8,0,31,,29926,46,0,61 8,0,70,,29938,46,0,61 8,0,30,,29927,46,0,61 8,0,71,,29939,46,0,61 8,0,29,,29928,46,0,61 8,0,72,,29940,46,0,61 8,0,32,,29929,46,0,61 8,0,72,,29941,46,0,61 8,0,31,,29930,46,0,61 8,0,68,,29942,46,0,61 8,0,28,,29931,46,0,61 8,0,71,,29943,46,0,61 8,0,28,,29932,46,0,61 8,0
100,'3_7',942,,29944,46,0,61 8,0,104,,29949,46,0,61 8,0,106,,29945,46,0,61 8,0,104,,29950,46,0,61 8,0,90,,29946,46,0,61 8,0,100,,29951,46,0,61 8,0,106,,29947,46,0,61 8,0,105,,29952,46,0,61 8,0,144,,29948,46,0,61 8,0,105,,29953,46,0,61 8,0
100,'5_1',740,,37339,46,,,0,16,,37336,46,0,61 8,0,55,,37340,46,0,61 8,0,14,,37327,46,,,0,15,,37346,46,0,61 8,0,70,,37341,46,0,61 8,0,25,,37328,46,0,61 8,0,80,,37342,46,0,61 8,0,40,,37329,46,0,61 8,0,79,,37343,46,0,61 8,0,75,,37330,46,0,61 8,0,20,,37347,46,,,0,25,,37348,46,,,0,70,,37331,46,0,61 8,0,25,,37344,46,0,61 8,0,65,,37332,46,0,61 8,0,32,,37345,46,0,61 8,0,78,,37333,46,0,61 8,0,31,,37349,46,0,61 8,0,72,,37338,46,0,61 8,0,26,,37350,46,,,0,76,,37334,46,,,0,30,,37351,46,,,0,69,,37335,46,,,0,26,,37325,46,,,0,73,,37352,46,0,61 8,0,24,,37326,46,,,0
100,'5_2',740,,38371,46,,,0,16,,38368,46,0,61 8,0,55,,38372,46,0,61 8,0,14,,38359,46,,,0,15,,38378,46,0,61 8,0,70,,38373,46,0,61 8,0,25,,38360,46,0,61 8,0,80,,38374,46,0,61 8,0,40,,38361,46,0,61 8,0,79,,38375,46,0,61 8,0,75,,38362,46,0,61 8,0,20,,38379,46,,,0,25,,38380,46,,,0,70,,38363,46,0,61 8,0,25,,38376,46,0,61 8,0,65,,38364,46,0,61 8,0,32,,38377,46,0,61 8,0,78,,38365,46,0,61 8,0,31,,38381,46,0,61 8,0,72,,38370,46,0,61 8,0,26,,38382,46,,,0,76,,38366,46,,,0,30,,38383,46,,,0,69,,38367,46,,,0,26,,38357,46,,,0,73,,38384,46,0,61 8,0,24,,38358,46,,,0
100,'5_3',740,,38399,46,,,0,16,,38396,46,0,61 8,0,55,,38400,46,0,61 8,0,14,,38387,46,,,0,15,,38406,46,0,61 8,0,70,,38401,46,0,61 8,0,25,,38388,46,0,61 8,0,80,,38402,46,0,61 8,0,40,,38389,46,0,61 8,0,79,,38403,46,0,61 8,0,75,,38390,46,0,61 8,0,20,,38407,46,,,0,25,,38408,46,,,0,70,,38391,46,0,61 8,0,25,,38404,46,0,61 8,0,65,,38392,46,0,61 8,0,32,,38405,46,0,61 8,0,78,,38393,46,0,61 8,0,31,,38409,46,0,61 8,0,72,,38398,46,0,61 8,0,26,,38410,46,,,0,76,,38394,46,,,0,30,,38411,46,,,0,69,,38395,46,,,0,26,,38385,46,,,0,73,,38412,46,0,61 8,0,24,,38386,46,,,0
100,'5_4',740,,38427,46,,,0,16,,38424,46,0,61 8,0,55,,38428,46,0,61 8,0,14,,38415,46,,,0,15,,38434,46,0,61 8,0,70,,38429,46,0,61 8,0,25,,38416,46,0,61 8,0,80,,38430,46,0,61 8,0,40,,38417,46,0,61 8,0,79,,38431,46,0,61 8,0,75,,38418,46,0,61 8,0,20,,38435,46,,,0,25,,38436,46,,,0,70,,38419,46,0,61 8,0,25,,38432,46,0,61 8,0,65,,38420,46,0,61 8,0,32,,38433,46,0,61 8,0,78,,38421,46,0,61 8,0,31,,38437,46,0,61 8,0,72,,38426,46,0,61 8,0,26,,38438,46,,,0,76,,38422,46,,,0,30,,38439,46,,,0,69,,38423,46,,,0,26,,38413,46,,,0,73,,38440,46,0,61 8,0,24,,38414,46,,,0
100,'5_5',740,,38455,46,,,0,16,,38452,46,0,61 8,0,55,,38456,46,0,61 8,0,14,,38443,46,,,0,15,,38462,46,0,61 8,0,70,,38457,46,0,61 8,0,25,,38444,46,0,61 8,0,80,,38458,46,0,61 8,0,40,,38445,46,0,61 8,0,79,,38459,46,0,61 8,0,75,,38446,46,0,61 8,0,20,,38463,46,,,0,25,,38464,46,,,0,70,,38447,46,0,61 8,0,25,,38460,46,0,61 8,0,65,,38448,46,0,61 8,0,32,,38461,46,0,61 8,0,78,,38449,46,0,61 8,0,31,,38465,46,0,61 8,0,72,,38454,46,0,61 8,0,26,,38466,46,,,0,76,,38450,46,,,0,30,,38467,46,,,0,69,,38451,46,,,0,26,,38441,46,,,0,73,,38468,46,0,61 8,0,24,,38442,46,,,0
100,'6_1',740,,38483,46,,,0,16,,38480,46,0,61 8,0,55,,38484,46,0,61 8,0,14,,38471,46,,,0,15,,38490,46,0,61 8,0,70,,38485,46,0,61 8,0,25,,38472,46,0,61 8,0,80,,38486,46,0,61 8,0,40,,38473,46,0,61 8,0,79,,38487,46,0,61 8,0,75,,38474,46,0,61 8,0,20,,38491,46,,,0,25,,38492,46,,,0,70,,38475,46,0,61 8,0,25,,38488,46,0,61 8,0,65,,38476,46,0,61 8,0,32,,38489,46,0,61 8,0,78,,38477,46,0,61 8,0,31,,38493,46,0,61 8,0,72,,38482,46,0,61 8,0,26,,38494,46,,,0,76,,38478,46,,,0,30,,38495,46,,,0,69,,38479,46,,,0,26,,38469,46,,,0,73,,38496,46,0,61 8,0,24,,38470,46,,,0
100,'6_2',740,,43534,46,,,0,16,,43531,46,0,61 8,0,55,,43535,46,0,61 8,0,14,,43522,46,,,0,15,,43541,46,0,61 8,0,70,,43536,46,0,61 8,0,25,,43523,46,0,61 8,0,80,,43537,46,0,61 8,0,40,,43524,46,0,61 8,0,79,,43538,46,0,61 8,0,75,,43525,46,0,61 8,0,20,,43542,46,,,0,25,,43543,46,,,0,70,,43526,46,0,61 8,0,25,,43539,46,0,61 8,0,65,,43527,46,0,61 8,0,32,,43540,46,0,61 8,0,78,,43528,46,0,61 8,0,31,,43544,46,0,61 8,0,72,,43533,46,0,61 8,0,26,,43545,46,,,0,76,,43529,46,,,0,30,,43546,46,,,0,69,,43530,46,,,0,26,,43520,46,,,0,73,,43547,46,0,61 8,0,24,,43521,46,,,0
100,'6_3',740,,43562,46,,,0,16,,43559,46,0,61 8,0,55,,43563,46,0,61 8,0,14,,43550,46,,,0,15,,43569,46,0,61 8,0,70,,43564,46,0,61 8,0,25,,43551,46,0,61 8,0,80,,43565,46,0,61 8,0,40,,43552,46,0,61 8,0,79,,43566,46,0,61 8,0,75,,43553,46,0,61 8,0,20,,43570,46,,,0,25,,43571,46,,,0,70,,43554,46,0,61 8,0,25,,43567,46,0,61 8,0,65,,43555,46,0,61 8,0,32,,43568,46,0,61 8,0,78,,43556,46,0,61 8,0,31,,43572,46,0,61 8,0,72,,43561,46,0,61 8,0,26,,43573,46,,,0,76,,43557,46,,,0,30,,43574,46,,,0,69,,43558,46,,,0,26,,43548,46,,,0,73,,43575,46,0,61 8,0,24,,43549,46,,,0
100,'6_4',740,,43590,46,,,0,16,,43587,46,0,61 8,0,55,,43591,46,0,61 8,0,14,,43578,46,,,0,15,,43597,46,0,61 8,0,70,,43592,46,0,61 8,0,25,,43579,46,0,61 8,0,80,,43593,46,0,61 8,0,40,,43580,46,0,61 8,0,79,,43594,46,0,61 8,0,75,,43581,46,0,61 8,0,20,,43598,46,,,0,25,,43599,46,,,0,70,,43582,46,0,61 8,0,25,,43595,46,0,61 8,0,65,,43583,46,0,61 8,0,32,,43596,46,0,61 8,0,78,,43584,46,0,61 8,0,31,,43600,46,0,61 8,0,72,,43589,46,0,61 8,0,26,,43601,46,,,0,76,,43585,46,,,0,30,,43602,46,,,0,69,,43586,46,,,0,26,,43576,46,,,0,73,,43603,46,0,61 8,0,24,,43577,46,,,0
