501,'S2-1_6',839,,9116,31,,,0,101,,9117,31,,,0,101,,9118,31,,,0,100,,9119,31,,,0,99,,9120,31,,,0,94,,9121,31,,,0,99,,9122,31,,,0,101,,9123,31,,,0,99,,9124,31,,,0,104,,9125,31,,,0,98,,9126,31,,,0,186,,9127,31,,,0
501,'S2-5_1',949,,9128,31,,,0,105,,9129,31,,,0,101,,9130,31,,,0,85,,9131,31,,,0,94,,9132,31,,,0,98,,9133,31,,,0,103,,9134,31,,,0,103,,9135,31,,,0,107,,9136,31,,,0,101,,9140,31,,,0,166,,9141,31,,,0
501,'S2-5_2',949,,9142,31,,,0,105,,9143,31,,,0,101,,9144,31,,,0,85,,9145,31,,,0,94,,9146,31,,,0,98,,9147,31,,,0,103,,9148,31,,,0,103,,9149,31,,,0,107,,9150,31,,,0,101,,9154,31,,,0,166,,9155,31,,,0
501,'S2-5_4',949,,9156,31,,,0,105,,9157,31,,,0,101,,9158,31,,,0,85,,9159,31,,,0,94,,9160,31,,,0,98,,9161,31,,,0,103,,9162,31,,,0,103,,9163,31,,,0,107,,9164,31,,,0,101,,9168,31,,,0,166,,9169,31,,,0
501,'S2-5_5',949,,9170,31,,,0,105,,9171,31,,,0,101,,9172,31,,,0,85,,9173,31,,,0,94,,9174,31,,,0,98,,9175,31,,,0,103,,9176,31,,,0,103,,9177,31,,,0,107,,9178,31,,,0,101,,9182,31,,,0,166,,9183,31,,,0
501,'S2-6_3',949,,9184,31,,,0,105,,9185,31,,,0,101,,9186,31,,,0,85,,9187,31,,,0,94,,9188,31,,,0,98,,9189,31,,,0,103,,9190,31,,,0,103,,9191,31,,,0,107,,9192,31,,,0,101,,9194,31,,,0,166,,9195,31,,,0
2900501,'S2-5_1',1747,,13570,4,,,0,110,,13571,4,,,0
2900501,'S2-5_2',1747,,13572,4,,,0,110,,13573,4,,,0
2900501,'S2-5_4',1747,,13574,4,,,0,110,,13575,4,,,0
2900501,'S2-5_5',1747,,13576,4,,,0,110,,13577,4,,,0
2900501,'S2-6_3',1252,,13578,4,,,0,495,,13579,4,,,0,110,,13580,4,,,0
