401,'2_6',700,,31419,16,,,0,116,,31426,16,0,41,0,34,,31420,16,,,0,69,,31427,16,0,41,0,32,,31428,16,0,41,0,67,,31429,16,0,41,0,32,,31421,16,,,0,69,,31430,16,0,41,0,31,,31431,16,0,41,0,71,,31432,16,0,41,0,30,,31422,16,,,0,69,,31433,16,0,41,0,29,,31434,16,0,41,0,71,,31435,16,0,41,0,31,,31423,16,,,0,68,,31436,16,0,41,0,32,,31437,16,0,41,0,73,,31438,16,0,41,0,31,,31424,16,,,0,71,,31439,16,0,41,0,33,,31440,16,0,41,0,72,,31441,16,0,41,0,71,,31442,16,0,41,0,30,,31425,16,,,0
401,'3_7',914,,31443,16,0,41,0,100,,31444,16,0,41,0,100,,31445,16,0,41,0,100,,31446,16,0,41,0,100,,31447,16,0,41,0,100,,31448,16,0,41,0,100,,31449,16,0,41,0,100,,31450,16,0,41,0,100,,31451,16,0,41,0,100,,31452,16,0,41,0
401,'4_7',914,,46926,16,0,41,0,100,,46927,16,0,41,0,100,,46928,16,0,41,0,100,,46929,16,0,41,0,100,,46930,16,0,41,0,100,,46931,16,0,41,0,100,,46932,16,0,41,0,100,,46933,16,0,41,0,100,,46934,16,0,41,0,100,,46935,16,0,41,0
401,'5_5',703,,39546,22,0,41,0,12,,39532,16,0,41,0,12,,39547,16,0,41,0,18,,39533,16,0,41,0,12,,39553,16,,,0,62,,39534,16,0,41,0,16,,39535,16,0,41,0,81,,39536,16,0,41,0,31,,39537,16,0,41,0,75,,39538,16,0,41,0,33,,39555,16,,,0,71,,39539,16,0,41,0,28,,39540,16,0,41,0,57,,39554,16,,,0,34,,39551,19,0,41,0,70,,39556,16,,,0,30,,39531,16,0,41,0,80,,39541,16,0,41,0,30,,39557,16,,,0,65,,39542,16,0,41,0,29,,39543,16,,,0,65,,39552,19,0,41,0,26,,39548,16,0,41,0,69,,39549,19,,,0,40,,39544,16,0,41,0,63,,39550,16,0,41,0,34,,39545,16,0,41,0,71,,39558,16,,,0
401,'6_1',703,,39574,22,0,41,0,12,,39560,16,0,41,0,12,,39575,16,0,41,0,18,,39561,16,0,41,0,12,,39581,16,,,0,62,,39562,16,0,41,0,16,,39563,16,0,41,0,81,,39564,16,0,41,0,31,,39565,16,0,41,0,75,,39566,16,0,41,0,33,,39583,16,,,0,71,,39567,16,0,41,0,28,,39568,16,0,41,0,57,,39582,16,,,0,34,,39579,19,0,41,0,70,,39584,16,,,0,30,,39559,16,0,41,0,80,,39569,16,0,41,0,30,,39585,16,,,0,65,,39570,16,0,41,0,29,,39571,16,,,0,65,,39580,19,0,41,0,26,,39576,16,0,41,0,69,,39577,19,,,0,40,,39572,16,0,41,0,63,,39578,16,0,41,0,34,,39573,16,0,41,0,71,,39586,16,,,0
401,'6_2',703,,44189,22,0,41,0,12,,44175,16,0,41,0,12,,44190,16,0,41,0,18,,44176,16,0,41,0,12,,44196,16,,,0,62,,44177,16,0,41,0,16,,44178,16,0,41,0,81,,44179,16,0,41,0,31,,44180,16,0,41,0,75,,44181,16,0,41,0,33,,44198,16,,,0,71,,44182,16,0,41,0,28,,44183,16,0,41,0,57,,44197,16,,,0,34,,44194,19,0,41,0,70,,44199,16,,,0,30,,44174,16,0,41,0,80,,44184,16,0,41,0,30,,44200,16,,,0,65,,44185,16,0,41,0,29,,44186,16,,,0,65,,44195,19,0,41,0,26,,44191,16,0,41,0,69,,44192,19,,,0,40,,44187,16,0,41,0,63,,44193,16,0,41,0,34,,44188,16,0,41,0,71,,44201,16,,,0
401,'6_3',703,,44217,22,0,41,0,12,,44203,16,0,41,0,12,,44218,16,0,41,0,18,,44204,16,0,41,0,12,,44224,16,,,0,62,,44205,16,0,41,0,16,,44206,16,0,41,0,81,,44207,16,0,41,0,31,,44208,16,0,41,0,75,,44209,16,0,41,0,33,,44226,16,,,0,71,,44210,16,0,41,0,28,,44211,16,0,41,0,57,,44225,16,,,0,34,,44222,19,0,41,0,70,,44227,16,,,0,30,,44202,16,0,41,0,80,,44212,16,0,41,0,30,,44228,16,,,0,65,,44213,16,0,41,0,29,,44214,16,,,0,65,,44223,19,0,41,0,26,,44219,16,0,41,0,69,,44220,19,,,0,40,,44215,16,0,41,0,63,,44221,16,0,41,0,34,,44216,16,0,41,0,71,,44229,16,,,0
401,'6_4',703,,44245,22,0,41,0,12,,44231,16,0,41,0,12,,44246,16,0,41,0,18,,44232,16,0,41,0,12,,44252,16,,,0,62,,44233,16,0,41,0,16,,44234,16,0,41,0,81,,44235,16,0,41,0,31,,44236,16,0,41,0,75,,44237,16,0,41,0,33,,44254,16,,,0,71,,44238,16,0,41,0,28,,44239,16,0,41,0,57,,44253,16,,,0,34,,44250,19,0,41,0,70,,44255,16,,,0,30,,44230,16,0,41,0,80,,44240,16,0,41,0,30,,44256,16,,,0,65,,44241,16,0,41,0,29,,44242,16,,,0,65,,44251,19,0,41,0,26,,44247,16,0,41,0,69,,44248,19,,,0,40,,44243,16,0,41,0,63,,44249,16,0,41,0,34,,44244,16,0,41,0,71,,44257,16,,,0
401,'7_1',701,,46967,12,0,52,0,13,,46937,16,0,41,0,8,,46954,16,0,41,0,22,,46938,16,0,41,0,12,,46961,16,,,0,66,,46939,16,0,41,0,11,,46940,16,0,41,0,77,,46941,16,0,41,0,35,,46942,16,0,41,0,75,,46943,16,0,41,0,35,,46963,16,,,0,71,,46944,16,0,41,0,28,,46945,16,0,41,0,57,,46962,16,,,0,33,,46958,19,0,41,0,71,,46964,16,,,0,34,,46936,19,0,41,0,77,,46946,16,0,41,0,30,,46965,16,,,0,66,,46947,16,0,41,0,28,,46948,16,0,41,0,55,,46949,16,0,41,0,14,,46959,19,0,41,0,14,,46955,16,0,41,0,23,,46950,16,0,41,0,48,,46956,16,0,41,0,16,,46960,19,,,0,33,,46951,16,0,41,0,55,,46957,16,0,41,0,45,,46952,16,0,41,0,65,,46966,16,,,0
2301,'7_1',701,,47275,9,,,0,22,,47274,9,,,0,1,,47273,19,,,0
2900401,'7_1',703,,47830,11,,,0,125,,47831,11,,,0
