2600,'2509-HIV-25k03H-s-Samedi-00',740,,11976,,,0,86,,11977,,,0,84,,11978,,,0,45,,11979,,,0,84,,11980,,,0,90,,11981,,,0,84,,11982,,,0,42,,11983,,,0,85,,11984,,,0,85,,11985,,,0,83,,11986,,,0,45,,11987,,,0,91,,11988,,,0,86,,11989,,,0,83,,11990,,,0,44,,11991,,,0,82,,11992,,,0
2600,'2509-HIV-25l22Vlv-Semaine-00',740,,11993,,,0,86,,11994,,,0,84,,11995,,,0,45,,11996,,,0,84,,11997,,,0,90,,11998,,,0,84,,11999,,,0,42,,12000,,,0,85,,12001,,,0,85,,12002,,,0,83,,12003,,,0,45,,12004,,,0,91,,12005,,,0,86,,12006,,,0,83,,12007,,,0,44,,12008,,,0,82,,12009,,,0
2600,'2509-HIV-26a05H-s-Samedi-00',740,,12010,,,0,86,,12011,,,0,84,,12012,,,0,45,,12013,,,0,84,,12014,,,0,90,,12015,,,0,84,,12016,,,0,42,,12017,,,0,85,,12018,,,0,85,,12019,,,0,83,,12020,,,0,45,,12021,,,0,91,,12022,,,0,86,,12023,,,0,83,,12024,,,0,44,,12025,,,0,82,,12026,,,0
2600,'2509-HIV-26a05H-w-Mercredi-00',720,,12027,,,0,17,,12037,,,0,79,,12038,,,0,18,,12039,,,0,83,,12040,,,0,29,,12041,,,0,95,,12028,,,0,99,,12029,,,0,97,,12030,,,0,67,,12031,,,0,30,,12045,,,0,95,,12046,,,0,112,,12032,,,0,86,,12033,,,0,26,,12042,,,0,73,,12043,,,0,20,,12034,,,0,67,,12035,,,0,29,,12036,,,0,68,,12047,,,0
2600,'2509-HIV-26a05Hlv-L-Ma-J-V-00',720,,12049,,,0,17,,12059,,,0,79,,12060,,,0,18,,12061,,,0,83,,12062,,,0,29,,12063,,,0,95,,12050,,,0,99,,12051,,,0,97,,12052,,,0,67,,12053,,,0,30,,12067,,,0,95,,12068,,,0,112,,12054,,,0,86,,12055,,,0,26,,12064,,,0,73,,12065,,,0,20,,12056,,,0,67,,12057,,,0,29,,12058,,,0,68,,12069,,,0
2600,'2509-HIV-26b23Vlv-Semaine-00',740,,12072,,,0,86,,12073,,,0,84,,12074,,,0,45,,12075,,,0,84,,12076,,,0,90,,12077,,,0,84,,12078,,,0,42,,12079,,,0,85,,12080,,,0,85,,12081,,,0,83,,12082,,,0,45,,12083,,,0,91,,12084,,,0,86,,12085,,,0,83,,12086,,,0,44,,12087,,,0,82,,12088,,,0
2600,'2509-HIV-26c02Vlv-Semaine-00',740,,12089,,,0,86,,12090,,,0,84,,12091,,,0,45,,12092,,,0,84,,12093,,,0,90,,12094,,,0,84,,12095,,,0,42,,12096,,,0,85,,12097,,,0,85,,12098,,,0,83,,12099,,,0,45,,12100,,,0,91,,12101,,,0,86,,12102,,,0,83,,12103,,,0,44,,12104,,,0,82,,12105,,,0
3000000,'2509-HIV-25j05H-d-Dimanche-00',814,,14760,,,0,130,,14761,,,0,170,,14768,,,0,130,,14767,,,0,170,,14766,,,0,130,,14764,,,0,100,,14774,0,49,0,70,,14765,,,0,30,,14759,0,49,0,70,,14769,0,49,0,29,,14763,,,0,71,,14770,0,49,0,30,,14771,0,49,0,69,,14762,,,0,31,,14773,0,49,0,70,,14772,0,49,0
3000000,'2509-HIV-25j26H-d-Dimanche-00',814,,14775,,,0,130,,14776,,,0,170,,14777,,,0,130,,14778,,,0,170,,14779,,,0,130,,14780,,,0,170,,14781,,,0,129,,14782,,,0,170,,14783,,,0
3000000,'2509-HIV-25k03H-s-Samedi-00',652,,14784,,,0,82,,14785,,,0,82,,14786,,,0,30,,14787,,,0,60,,14788,,,0,20,,14789,,,0,21,,14790,,,0,60,,14791,,,0,20,,14792,,,0,20,,14793,,,0,61,,14794,,,0,19,,14795,,,0,20,,14796,,,0,60,,14797,,,0,19,,14798,,,0,19,,14799,,,0,60,,14800,,,0,20,,14801,,,0,21,,14802,,,0,59,,14803,,,0,21,,14804,,,0,20,,14805,,,0,61,,14806,,,0,20,,14807,,,0,20,,14808,,,0,60,,14809,,,0,20,,14810,,,0,20,,14811,,,0,60,,14812,,,0,20,,14813,,,0,20,,14814,,,0,60,,14815,,,0,19,,14816,,,0,19,,14817,,,0,59,,14818,,,0,30,,14819,,,0,70,,14820,,,0,29,,14821,,,0,69,,14822,,,0
3000000,'2509-HIV-25l22Vlv-Semaine-00',648,,14864,,,0,60,,14863,,,0,21,,14823,,,0,21,,14824,,,0,60,,14825,,,0,20,,14826,,,0,20,,14827,,,0,61,,14828,,,0,20,,14829,,,0,20,,14830,,,0,61,,14831,,,0,20,,14832,,,0,20,,14833,,,0,61,,14834,,,0,20,,14835,,,0,20,,14836,,,0,59,,14837,,,0,19,,14838,,,0,20,,14839,,,0,60,,14840,,,0,22,,14841,,,0,20,,14842,,,0,59,,14843,,,0,20,,14844,,,0,20,,14845,,,0,60,,14846,,,0,20,,14847,,,0,20,,14848,,,0,60,,14849,,,0,19,,14850,,,0,20,,14851,,,0,61,,14852,,,0,20,,14853,,,0,21,,14854,,,0,60,,14855,,,0,20,,14856,,,0,18,,14857,,,0,59,,14858,,,0,18,,14859,,,0,29,,14860,,,0,72,,14861,,,0,73,,14862,,,0
3000000,'2509-HIV-26a05H-s-Samedi-00',652,,14865,,,0,82,,14866,,,0,82,,14867,,,0,30,,14868,,,0,60,,14869,,,0,20,,14870,,,0,21,,14871,,,0,60,,14872,,,0,20,,14873,,,0,20,,14874,,,0,61,,14875,,,0,19,,14876,,,0,20,,14877,,,0,60,,14878,,,0,19,,14879,,,0,19,,14880,,,0,60,,14881,,,0,20,,14882,,,0,21,,14883,,,0,59,,14884,,,0,21,,14885,,,0,20,,14886,,,0,61,,14887,,,0,20,,14888,,,0,20,,14889,,,0,60,,14890,,,0,20,,14891,,,0,20,,14892,,,0,60,,14893,,,0,20,,14894,,,0,20,,14895,,,0,60,,14896,,,0,19,,14897,,,0,19,,14898,,,0,59,,14899,,,0,30,,14900,,,0,70,,14901,,,0,29,,14902,,,0,69,,14903,,,0
3000000,'2509-HIV-26a05H-w-Mercredi-00',649,,14945,,,0,59,,14944,,,0,21,,14949,0,49,0,4,,14904,,,0,9,,14946,0,49,0,12,,14905,,,0,47,,14947,0,49,0,10,,14906,,,0,8,,14948,0,49,0,12,,14907,,,0,20,,14908,,,0,62,,14909,,,0,20,,14910,,,0,20,,14911,,,0,61,,14912,,,0,17,,14913,,,0,21,,14914,,,0,60,,14915,,,0,20,,14916,,,0,21,,14917,,,0,61,,14918,,,0,19,,14919,,,0,21,,14920,,,0,59,,14921,,,0,20,,14922,,,0,19,,14923,,,0,60,,14924,,,0,21,,14925,,,0,20,,14926,,,0,61,,14927,,,0,19,,14928,,,0,19,,14929,,,0,61,,14930,,,0,16,,14931,,,0,20,,14932,,,0,61,,14933,,,0,20,,14934,,,0,20,,14935,,,0,59,,14936,,,0,20,,14937,,,0,20,,14938,,,0,60,,14939,,,0,19,,14940,,,0,29,,14941,,,0,73,,14942,,,0,72,,14943,,,0
3000000,'2509-HIV-26a05Hlv-L-Ma-J-V-00',649,,14991,,,0,59,,14990,,,0,21,,14995,0,49,0,4,,14950,,,0,9,,14992,0,49,0,12,,14951,,,0,47,,14993,0,49,0,10,,14952,,,0,8,,14994,0,49,0,12,,14953,,,0,20,,14954,,,0,62,,14955,,,0,20,,14956,,,0,20,,14957,,,0,61,,14958,,,0,17,,14959,,,0,21,,14960,,,0,60,,14961,,,0,20,,14962,,,0,21,,14963,,,0,61,,14964,,,0,19,,14965,,,0,21,,14966,,,0,59,,14967,,,0,20,,14968,,,0,19,,14969,,,0,60,,14970,,,0,21,,14971,,,0,20,,14972,,,0,61,,14973,,,0,19,,14974,,,0,19,,14975,,,0,61,,14976,,,0,16,,14977,,,0,20,,14978,,,0,61,,14979,,,0,20,,14980,,,0,20,,14981,,,0,59,,14982,,,0,20,,14983,,,0,20,,14984,,,0,60,,14985,,,0,19,,14986,,,0,29,,14987,,,0,73,,14988,,,0,72,,14989,,,0
3000000,'2509-HIV-26b23Vlv-Semaine-00',648,,15037,,,0,60,,15036,,,0,21,,14996,,,0,21,,14997,,,0,60,,14998,,,0,20,,14999,,,0,20,,15000,,,0,61,,15001,,,0,20,,15002,,,0,20,,15003,,,0,61,,15004,,,0,20,,15005,,,0,20,,15006,,,0,61,,15007,,,0,20,,15008,,,0,20,,15009,,,0,59,,15010,,,0,19,,15011,,,0,20,,15012,,,0,60,,15013,,,0,22,,15014,,,0,20,,15015,,,0,59,,15016,,,0,20,,15017,,,0,20,,15018,,,0,60,,15019,,,0,20,,15020,,,0,20,,15021,,,0,60,,15022,,,0,19,,15023,,,0,20,,15024,,,0,61,,15025,,,0,20,,15026,,,0,21,,15027,,,0,60,,15028,,,0,20,,15029,,,0,18,,15030,,,0,59,,15031,,,0,18,,15032,,,0,29,,15033,,,0,72,,15034,,,0,73,,15035,,,0
3000000,'2509-HIV-26c02Vlv-Semaine-00',648,,15079,,,0,60,,15078,,,0,21,,15038,,,0,21,,15039,,,0,60,,15040,,,0,20,,15041,,,0,20,,15042,,,0,61,,15043,,,0,20,,15044,,,0,20,,15045,,,0,61,,15046,,,0,20,,15047,,,0,20,,15048,,,0,61,,15049,,,0,20,,15050,,,0,20,,15051,,,0,59,,15052,,,0,19,,15053,,,0,20,,15054,,,0,60,,15055,,,0,22,,15056,,,0,20,,15057,,,0,59,,15058,,,0,20,,15059,,,0,20,,15060,,,0,60,,15061,,,0,20,,15062,,,0,20,,15063,,,0,60,,15064,,,0,19,,15065,,,0,20,,15066,,,0,61,,15067,,,0,20,,15068,,,0,21,,15069,,,0,60,,15070,,,0,20,,15071,,,0,18,,15072,,,0,59,,15073,,,0,18,,15074,,,0,29,,15075,,,0,72,,15076,,,0,73,,15077,,,0
