600,'S2-1_6',802,,23974,23,0,11 12,0,54,,23976,23,0,11 12,0,93,,23977,23,0,11 12,0,87,,23978,23,0,11 12,0,90,,23979,23,0,11 12,0,88,,23980,23,0,11 12,0,88,,23981,23,0,11 12,0,50,,23982,23,0,11 12,0,87,,23983,23,0,11 12,0,99,,23984,23,0,11 12,0,90,,23985,23,0,11 12,0,91,,23986,23,0,11 12,0,90,,23987,23,0,11 12,0,94,,23988,23,0,11 12,0,41,,23975,23,0,11 12,0
600,'S2-5_1',714,,23989,23,,,0,20,,24003,23,0,11 12,0,93,,23990,23,,,0,111,,23991,23,0,11 12,0,100,,23992,23,0,11 12,0,91,,23993,23,0,11 12,0,110,,23994,23,0,11 12,0,107,,23995,23,0,11 12,0,97,,24004,23,0,11 12,0,92,,23996,23,0,11 12,0,96,,23997,23,0,11 12,0,83,,23998,23,0,11 12,0,42,,23999,23,0,11 12,0,73,,24000,23,0,11 12,0,71,,24001,23,0,11 12,0,40,,24002,23,0,11 12,0
600,'S2-5_2',714,,24005,23,,,0,20,,24019,23,0,11 12,0,93,,24006,23,,,0,111,,24007,23,0,11 12,0,100,,24008,23,0,11 12,0,91,,24009,23,0,11 12,0,110,,24010,23,0,11 12,0,107,,24011,23,0,11 12,0,97,,24020,23,0,11 12,0,92,,24012,23,0,11 12,0,96,,24013,23,0,11 12,0,83,,24014,23,0,11 12,0,42,,24015,23,0,11 12,0,73,,24016,23,0,11 12,0,71,,24017,23,0,11 12,0,40,,24018,23,0,11 12,0
600,'S2-5_4',714,,24021,23,,,0,20,,24035,23,0,11 12,0,93,,24022,23,,,0,111,,24023,23,0,11 12,0,100,,24024,23,0,11 12,0,91,,24025,23,0,11 12,0,110,,24026,23,0,11 12,0,107,,24027,23,0,11 12,0,97,,24036,23,0,11 12,0,92,,24028,23,0,11 12,0,96,,24029,23,0,11 12,0,83,,24030,23,0,11 12,0,42,,24031,23,0,11 12,0,73,,24032,23,0,11 12,0,71,,24033,23,0,11 12,0,40,,24034,23,0,11 12,0
600,'S2-5_5',714,,24037,23,,,0,20,,24051,23,0,11 12,0,93,,24038,23,,,0,111,,24039,23,0,11 12,0,100,,24040,23,0,11 12,0,91,,24041,23,0,11 12,0,110,,24042,23,0,11 12,0,107,,24043,23,0,11 12,0,97,,24052,23,0,11 12,0,92,,24044,23,0,11 12,0,96,,24045,23,0,11 12,0,83,,24046,23,0,11 12,0,42,,24047,23,0,11 12,0,73,,24048,23,0,11 12,0,71,,24049,23,0,11 12,0,40,,24050,23,0,11 12,0
600,'S2-6_3',714,,24053,23,,,0,20,,24067,23,0,11 12,0,93,,24054,23,,,0,111,,24055,23,0,11 12,0,100,,24056,23,0,11 12,0,91,,24057,23,0,11 12,0,110,,24058,23,0,11 12,0,107,,24059,23,0,11 12,0,97,,24068,23,0,11 12,0,92,,24060,23,0,11 12,0,96,,24061,23,0,11 12,0,83,,24062,23,0,11 12,0,42,,24063,23,0,11 12,0,73,,24064,23,0,11 12,0,71,,24065,23,0,11 12,0,40,,24066,23,0,11 12,0
900,'S2-1_6',718,,24433,27,,,0,100,,24434,27,,,0,315,,24435,27,,,0,324,,24436,27,,,0,90,,24431,21,,,0,98,,24442,21,,,0,174,,24437,28,,,0,92,,24438,27,,,0
900,'S2-5_1',711,,24444,24,,,0,28,,24445,24,,,0,81,,24449,30,,,0,21,,24450,21,,,0,4,,24451,31,,,0,84,,24446,24,,,0,90,,24452,31,,,0,189,,24454,27,,,0,102,,24455,27,,,0,31,,24447,24,,,0,172,,24458,32,,,0,45,,24456,27,,,0,151,,24457,27,,,0,30,,24448,24,,,0,166,,24459,32,,,0
900,'S2-5_2',711,,24463,24,,,0,28,,24464,24,,,0,81,,24468,30,,,0,21,,24469,21,,,0,4,,24470,31,,,0,84,,24465,24,,,0,90,,24471,31,,,0,189,,24473,27,,,0,102,,24474,27,,,0,31,,24466,24,,,0,172,,24477,32,,,0,45,,24475,27,,,0,151,,24476,27,,,0,30,,24467,24,,,0,166,,24478,32,,,0
900,'S2-5_4',711,,24482,24,,,0,28,,24483,24,,,0,81,,24487,30,,,0,21,,24488,21,,,0,4,,24489,31,,,0,84,,24484,24,,,0,90,,24490,31,,,0,189,,24492,27,,,0,102,,24493,27,,,0,31,,24485,24,,,0,172,,24496,32,,,0,45,,24494,27,,,0,151,,24495,27,,,0,30,,24486,24,,,0,166,,24497,32,,,0
900,'S2-5_5',711,,24501,24,,,0,28,,24502,24,,,0,81,,24506,30,,,0,21,,24507,21,,,0,4,,24508,31,,,0,84,,24503,24,,,0,90,,24509,31,,,0,189,,24511,27,,,0,102,,24512,27,,,0,31,,24504,24,,,0,172,,24515,32,,,0,45,,24513,27,,,0,151,,24514,27,,,0,30,,24505,24,,,0,166,,24516,32,,,0
900,'S2-6_3',711,,24520,24,,,0,28,,24521,24,,,0,81,,24525,30,,,0,21,,24526,21,,,0,4,,24527,31,,,0,84,,24522,24,,,0,90,,24528,31,,,0,189,,24530,27,,,0,102,,24531,27,,,0,31,,24523,24,,,0,172,,24534,32,,,0,45,,24532,27,,,0,151,,24533,27,,,0,30,,24524,24,,,0,166,,24535,32,,,0
1900,'S2-5_1',740,,25279,26,,,0,105,,25283,26,,,0,973,,25280,26,,,0
1900,'S2-5_2',740,,25287,26,,,0,105,,25291,26,,,0,973,,25288,26,,,0
1900,'S2-5_4',740,,25295,26,,,0,105,,25299,26,,,0,973,,25296,26,,,0
1900,'S2-5_5',740,,25303,26,,,0,105,,25307,26,,,0,973,,25304,26,,,0
1900,'S2-6_3',740,,25311,26,,,0,105,,25316,26,,,0,583,,25315,26,,,0,390,,25312,26,,,0
2600,'S2-1_6',716,,25704,6,,,0,85,,25705,6,,,0,44,,25706,6,,,0,85,,25707,6,,,0,84,,25708,6,,,0,90,,25709,6,,,0,44,,25710,6,,,0,82,,25711,6,,,0,84,,25712,6,,,0,45,,25713,6,,,0,83,,25714,6,,,0,86,,25715,6,,,0,90,,25716,6,,,0,87,,25717,6,,,0,43,,25718,6,,,0,85,,25719,6,,,0,84,,25720,6,,,0
2600,'S2-5_1',654,,25721,6,,,0,51,,25732,6,,,0,45,,25733,6,,,0,56,,25734,6,,,0,44,,25735,6,,,0,69,,25736,6,,,0,96,,25722,6,,,0,99,,25723,6,,,0,93,,25739,6,0,47,0,3,,25744,6,0,47,0,2,,25724,6,,,0,27,,25725,6,,,0,69,,25740,6,,,0,95,,25741,6,,,0,111,,25726,6,,,0,26,,25731,6,0,48,0,19,,25727,6,,,0,65,,25737,6,,,0,31,,25738,6,,,0,60,,25728,6,,,0,10,,25742,6,0,48,0,19,,25729,6,,,0,74,,25730,6,,,0,30,,25743,6,,,0
2600,'S2-5_2',654,,25745,6,,,0,51,,25756,6,,,0,45,,25757,6,,,0,56,,25758,6,,,0,44,,25759,6,,,0,69,,25760,6,,,0,96,,25746,6,,,0,99,,25747,6,,,0,93,,25763,6,0,47,0,3,,25768,6,0,47,0,2,,25748,6,,,0,27,,25749,6,,,0,69,,25764,6,,,0,95,,25765,6,,,0,111,,25750,6,,,0,26,,25755,6,0,48,0,19,,25751,6,,,0,65,,25761,6,,,0,31,,25762,6,,,0,60,,25752,6,,,0,10,,25766,6,0,48,0,19,,25753,6,,,0,74,,25754,6,,,0,30,,25767,6,,,0
2600,'S2-5_4',654,,25769,6,,,0,51,,25780,6,,,0,45,,25781,6,,,0,56,,25782,6,,,0,44,,25783,6,,,0,69,,25784,6,,,0,96,,25770,6,,,0,99,,25771,6,,,0,93,,25787,6,0,47,0,3,,25792,6,0,47,0,2,,25772,6,,,0,27,,25773,6,,,0,69,,25788,6,,,0,95,,25789,6,,,0,111,,25774,6,,,0,26,,25779,6,0,48,0,19,,25775,6,,,0,65,,25785,6,,,0,31,,25786,6,,,0,60,,25776,6,,,0,10,,25790,6,0,48,0,19,,25777,6,,,0,74,,25778,6,,,0,30,,25791,6,,,0
2600,'S2-5_5',654,,25793,6,,,0,51,,25804,6,,,0,45,,25805,6,,,0,56,,25806,6,,,0,44,,25807,6,,,0,69,,25808,6,,,0,96,,25794,6,,,0,99,,25795,6,,,0,93,,25811,6,0,47,0,3,,25816,6,0,47,0,2,,25796,6,,,0,27,,25797,6,,,0,69,,25812,6,,,0,95,,25813,6,,,0,111,,25798,6,,,0,26,,25803,6,0,48,0,19,,25799,6,,,0,65,,25809,6,,,0,31,,25810,6,,,0,60,,25800,6,,,0,10,,25814,6,0,48,0,19,,25801,6,,,0,74,,25802,6,,,0,30,,25815,6,,,0
2600,'S2-6_3',654,,25817,6,,,0,51,,25828,6,,,0,45,,25829,6,,,0,56,,25830,6,,,0,44,,25831,6,,,0,69,,25832,6,,,0,96,,25818,6,,,0,99,,25819,6,,,0,93,,25835,6,0,47,0,3,,25839,6,0,47,0,2,,25820,6,,,0,27,,25821,6,,,0,69,,25836,6,,,0,95,,25837,6,,,0,111,,25822,6,,,0,45,,25823,6,,,0,65,,25833,6,,,0,31,,25834,6,,,0,60,,25824,6,,,0,29,,25825,6,,,0,74,,25826,6,,,0,30,,25838,6,,,0
