1,100,'0_5',29851,29852,29853,29854,29855,29856,29857,29858,29859,29860,29861,29862,29863,29864,29865,29866,29867,29868,29869,29870,29871,29872,29873,29874,29875,29876,29877,29878,29879,29880,29881,29882,29883,29884,29885
1,100,'2_6',29921,29922,29923,29924,29925,29926,29927,29928,29929,29930,29931,29932,29933,29934,29935,29936,29937,29938,29939,29940,29941,29942,29943
1,100,'3_7',29944,29945,29946,29947,29948,29949,29950,29951,29952,29953
1,100,'5_1',37325,37326,37327,37328,37329,37330,37331,37332,37333,37334,37335,37336,37337,37338,37339,37340,37341,37342,37343,37344,37345,37346,37347,37348,37349,37350,37351,37352
1,100,'5_2',38357,38358,38359,38360,38361,38362,38363,38364,38365,38366,38367,38368,38369,38370,38371,38372,38373,38374,38375,38376,38377,38378,38379,38380,38381,38382,38383,38384
1,100,'5_3',38385,38386,38387,38388,38389,38390,38391,38392,38393,38394,38395,38396,38397,38398,38399,38400,38401,38402,38403,38404,38405,38406,38407,38408,38409,38410,38411,38412
1,100,'5_4',38413,38414,38415,38416,38417,38418,38419,38420,38421,38422,38423,38424,38425,38426,38427,38428,38429,38430,38431,38432,38433,38434,38435,38436,38437,38438,38439,38440
1,100,'5_5',38441,38442,38443,38444,38445,38446,38447,38448,38449,38450,38451,38452,38453,38454,38455,38456,38457,38458,38459,38460,38461,38462,38463,38464,38465,38466,38467,38468
1,100,'6_1',38469,38470,38471,38472,38473,38474,38475,38476,38477,38478,38479,38480,38481,38482,38483,38484,38485,38486,38487,38488,38489,38490,38491,38492,38493,38494,38495,38496
1,101,'0_5',30063,30064,30065,30066,30067,30068,30069,30070,30071,30072,30073,30074,30075,30076,30077,30078,30079,30080,30081,30082,30083,30084,30085,30086,30087,30088,30089,30090,30091,30092,30093,30094,30095
1,101,'2_6',30129,30130,30131,30132,30133,30134,30135,30136,30137,30138,30139,30140,30141,30142,30143,30144,30145,30146,30147,30148,30149,30150,30151
1,101,'3_7',30152,30153,30154,30155,30156,30157,30158,30159,30160,30161
1,101,'5_1',37353,37354,37355,37356,37357,37358,37359,37360,37361,37362,37363,37364,37365,37366,37367,37368,37369,37370,37371,37372,37373,37374,37375,37376,37377,37378,37379,37380
1,101,'5_2',38497,38498,38499,38500,38501,38502,38503,38504,38505,38506,38507,38508,38509,38510,38511,38512,38513,38514,38515,38516,38517,38518,38519,38520,38521,38522,38523,38524
1,101,'5_3',38525,38526,38527,38528,38529,38530,38531,38532,38533,38534,38535,38536,38537,38538,38539,38540,38541,38542,38543,38544,38545,38546,38547,38548,38549,38550,38551,38552
1,101,'5_4',38553,38554,38555,38556,38557,38558,38559,38560,38561,38562,38563,38564,38565,38566,38567,38568,38569,38570,38571,38572,38573,38574,38575,38576,38577,38578,38579,38580
1,101,'5_5',38581,38582,38583,38584,38585,38586,38587,38588,38589,38590,38591,38592,38593,38594,38595,38596,38597,38598,38599,38600,38601,38602,38603,38604,38605,38606,38607,38608
1,101,'6_1',38609,38610,38611,38612,38613,38614,38615,38616,38617,38618,38619,38620,38621,38622,38623,38624,38625,38626,38627,38628,38629,38630,38631,38632,38633,38634,38635,38636
2,200,'0_5',30289,30290,30291,30292,30293,30294,30295,30296,30297,30298,30299,30300,30301,30302,30303,30304,30305,30306,30307,30308,30309,30310,30311,30312,30313,30314,30315,30316,30317,30318,30319,30320,30321,30322,30323,30324,30325,30326,30327
2,200,'2_6',30367,30368,30369,30370,30371,30372,30373,30374,30375,30376,30377,30378,30379,30380,30381,30382,30383,30384,30385,30386,30387,30388,30389,30390,30391,30392,30393,30394,30395,30396,30397,30398,30399,30400,30401
2,200,'3_7',30402,30403,30404,30405,30406,30407,30408,30409
2,200,'5_1',37381,37382,37383,37384,37385,37386,37387,37388,37389,37390,37391,37392,37393,37394,37395,37396,37397,37398,37399,37400,37401,37402,37403,37404,37405,37406,37407,37408,37409,37410,37411,37412,37413,37414,37415,37416,37417,37418,37419
2,200,'5_2',38637,38638,38639,38640,38641,38642,38643,38644,38645,38646,38647,38648,38649,38650,38651,38652,38653,38654,38655,38656,38657,38658,38659,38660,38661,38662,38663,38664,38665,38666,38667,38668,38669,38670,38671,38672,38673,38674,38675
2,200,'5_3',38676,38677,38678,38679,38680,38681,38682,38683,38684,38685,38686,38687,38688,38689,38690,38691,38692,38693,38694,38695,38696,38697,38698,38699,38700,38701,38702,38703,38704,38705,38706,38707,38708,38709,38710,38711,38712,38713,38714
2,200,'5_4',38715,38716,38717,38718,38719,38720,38721,38722,38723,38724,38725,38726,38727,38728,38729,38730,38731,38732,38733,38734,38735,38736,38737,38738,38739,38740,38741,38742,38743,38744,38745,38746,38747,38748,38749,38750,38751,38752,38753
2,200,'5_5',38754,38755,38756,38757,38758,38759,38760,38761,38762,38763,38764,38765,38766,38767,38768,38769,38770,38771,38772,38773,38774,38775,38776,38777,38778,38779,38780,38781,38782,38783,38784,38785,38786,38787,38788,38789,38790,38791,38792
2,200,'6_1',38793,38794,38795,38796,38797,38798,38799,38800,38801,38802,38803,38804,38805,38806,38807,38808,38809,38810,38811,38812,38813,38814,38815,38816,38817,38818,38819,38820,38821,38822,38823,38824,38825,38826,38827,38828,38829,38830,38831
2,201,'0_5',30535,30536,30537,30538,30539,30540,30541,30542,30543,30544,30545,30546,30547,30548,30549,30550,30551,30552,30553,30554,30555,30556,30557,30558,30559,30560,30561,30562,30563,30564,30565,30566,30567,30568,30569,30570,30571,30572,30573
2,201,'2_6',30614,30615,30616,30617,30618,30619,30620,30621,30622,30623,30624,30625,30626,30627,30628,30629,30630,30631,30632,30633,30634,30635,30636,30637,30638,30639,30640,30641,30642,30643,30644,30645,30646,30647,30648,30649
2,201,'3_7',30650,30651,30652,30653,30654,30655,30656,30657
2,201,'5_1',37420,37421,37422,37423,37424,37425,37426,37427,37428,37429,37430,37431,37432,37433,37434,37435,37436,37437,37438,37439,37440,37441,37442,37443,37444,37445,37446,37447,37448,37449,37450,37451,37452,37453,37454,37455,37456,37457,37458
2,201,'5_2',38832,38833,38834,38835,38836,38837,38838,38839,38840,38841,38842,38843,38844,38845,38846,38847,38848,38849,38850,38851,38852,38853,38854,38855,38856,38857,38858,38859,38860,38861,38862,38863,38864,38865,38866,38867,38868,38869,38870
2,201,'5_3',38871,38872,38873,38874,38875,38876,38877,38878,38879,38880,38881,38882,38883,38884,38885,38886,38887,38888,38889,38890,38891,38892,38893,38894,38895,38896,38897,38898,38899,38900,38901,38902,38903,38904,38905,38906,38907,38908,38909
2,201,'5_4',38910,38911,38912,38913,38914,38915,38916,38917,38918,38919,38920,38921,38922,38923,38924,38925,38926,38927,38928,38929,38930,38931,38932,38933,38934,38935,38936,38937,38938,38939,38940,38941,38942,38943,38944,38945,38946,38947,38948
2,201,'5_5',38949,38950,38951,38952,38953,38954,38955,38956,38957,38958,38959,38960,38961,38962,38963,38964,38965,38966,38967,38968,38969,38970,38971,38972,38973,38974,38975,38976,38977,38978,38979,38980,38981,38982,38983,38984,38985,38986,38987
2,201,'6_1',38988,38989,38990,38991,38992,38993,38994,38995,38996,38997,38998,38999,39000,39001,39002,39003,39004,39005,39006,39007,39008,39009,39010,39011,39012,39013,39014,39015,39016,39017,39018,39019,39020,39021,39022,39023,39024,39025,39026
3,300,'0_5',30750,30751,30752,30753,30754,30755,30756,30757,30758,30759,30760,30761,30762,30763,30764,30765,30766,30767,30768,30769,30770,30771,30772,30773,30774,30775,30776,30777
3,300,'2_6',30806,30807,30808,30809,30810,30811,30812,30813,30814,30815,30816,30817,30818,30819,30820,30821,30822,30823,30824,30825,30826,30827,30828,30829,30830,30831,30832,30833
3,300,'3_7',30834,30835,30836,30837,30838,30839,30840,30841,30842,30843,30844
3,300,'5_1',37459,37460,37461,37462,37463,37464,37465,37466,37467,37468,37469,37470,37471,37472,37473,37474,37475,37476,37477,37478,37479,37480,37481,37482,37483,37484,37485,37486
3,300,'5_2',39027,39028,39029,39030,39031,39032,39033,39034,39035,39036,39037,39038,39039,39040,39041,39042,39043,39044,39045,39046,39047,39048,39049,39050,39051,39052,39053,39054
3,300,'5_3',39055,39056,39057,39058,39059,39060,39061,39062,39063,39064,39065,39066,39067,39068,39069,39070,39071,39072,39073,39074,39075,39076,39077,39078,39079,39080,39081,39082
3,300,'5_4',39083,39084,39085,39086,39087,39088,39089,39090,39091,39092,39093,39094,39095,39096,39097,39098,39099,39100,39101,39102,39103,39104,39105,39106,39107,39108,39109,39110
3,300,'5_5',39111,39112,39113,39114,39115,39116,39117,39118,39119,39120,39121,39122,39123,39124,39125,39126,39127,39128,39129,39130,39131,39132,39133,39134,39135,39136,39137,39138
3,300,'6_1',39139,39140,39141,39142,39143,39144,39145,39146,39147,39148,39149,39150,39151,39152,39153,39154,39155,39156,39157,39158,39159,39160,39161,39162,39163,39164,39165,39166
3,301,'0_5',30940,30941,30942,30943,30944,30945,30946,30947,30948,30949,30950,30951,30952,30953,30954,30955,30956,30957,30958,30959,30960,30961,30962,30963,30964,30965,30966,30967
3,301,'2_6',30996,30997,30998,30999,31000,31001,31002,31003,31004,31005,31006,31007,31008,31009,31010,31011,31012,31013,31014,31015,31016,31017,31018,31019,31020,31021,31022,31023
3,301,'3_7',31024,31025,31026,31027,31028,31029,31030,31031,31032,31033,31034
3,301,'5_1',37487,37488,37489,37490,37491,37492,37493,37494,37495,37496,37497,37498,37499,37500,37501,37502,37503,37504,37505,37506,37507,37508,37509,37510,37511,37512,37513,37514
3,301,'5_2',39167,39168,39169,39170,39171,39172,39173,39174,39175,39176,39177,39178,39179,39180,39181,39182,39183,39184,39185,39186,39187,39188,39189,39190,39191,39192,39193,39194
3,301,'5_3',39195,39196,39197,39198,39199,39200,39201,39202,39203,39204,39205,39206,39207,39208,39209,39210,39211,39212,39213,39214,39215,39216,39217,39218,39219,39220,39221,39222
3,301,'5_4',39223,39224,39225,39226,39227,39228,39229,39230,39231,39232,39233,39234,39235,39236,39237,39238,39239,39240,39241,39242,39243,39244,39245,39246,39247,39248,39249,39250
3,301,'5_5',39251,39252,39253,39254,39255,39256,39257,39258,39259,39260,39261,39262,39263,39264,39265,39266,39267,39268,39269,39270,39271,39272,39273,39274,39275,39276,39277,39278
3,301,'6_1',39279,39280,39281,39282,39283,39284,39285,39286,39287,39288,39289,39290,39291,39292,39293,39294,39295,39296,39297,39298,39299,39300,39301,39302,39303,39304,39305,39306
4,400,'0_5',31148,31149,31150,31151,31152,31153,31154,31155,31156,31157,31158,31159,31160,31161,31162,31163,31164,31165,31166,31167,31168,31169,31170,31171,31172,31173,31174,31175,31176,31177,31178,31179,31180,31181
4,400,'2_6',31215,31216,31217,31218,31219,31220,31221,31222,31223,31224,31225,31226,31227,31228,31229,31230,31231,31232,31233,31234,31235,31236,31237,31238
4,400,'3_7',31239,31240,31241,31242,31243,31244,31245,31246,31247,31248
4,400,'5_1',37515,37516,37517,37518,37519,37520,37521,37522,37523,37524,37525,37526,37527,37528,37529,37530,37531,37532,37533,37534,37535,37536,37537,37538,37539,37540,37541,37542
4,400,'5_2',39307,39308,39309,39310,39311,39312,39313,39314,39315,39316,39317,39318,39319,39320,39321,39322,39323,39324,39325,39326,39327,39328,39329,39330,39331,39332,39333,39334
4,400,'5_3',39335,39336,39337,39338,39339,39340,39341,39342,39343,39344,39345,39346,39347,39348,39349,39350,39351,39352,39353,39354,39355,39356,39357,39358,39359,39360,39361,39362
4,400,'5_4',39363,39364,39365,39366,39367,39368,39369,39370,39371,39372,39373,39374,39375,39376,39377,39378,39379,39380,39381,39382,39383,39384,39385,39386,39387,39388,39389,39390
4,400,'5_5',39391,39392,39393,39394,39395,39396,39397,39398,39399,39400,39401,39402,39403,39404,39405,39406,39407,39408,39409,39410,39411,39412,39413,39414,39415,39416,39417,39418
4,400,'6_1',39419,39420,39421,39422,39423,39424,39425,39426,39427,39428,39429,39430,39431,39432,39433,39434,39435,39436,39437,39438,39439,39440,39441,39442,39443,39444,39445,39446
4,401,'0_5',31355,31356,31357,31358,31359,31360,31361,31362,31363,31364,31365,31366,31367,31368,31369,31370,31371,31372,31373,31374,31375,31376,31377,31378,31379,31380,31381,31382,31383,31384,31385,31386
4,401,'2_6',31419,31420,31421,31422,31423,31424,31425,31426,31427,31428,31429,31430,31431,31432,31433,31434,31435,31436,31437,31438,31439,31440,31441,31442
4,401,'3_7',31443,31444,31445,31446,31447,31448,31449,31450,31451,31452
4,401,'5_1',37543,37544,37545,37546,37547,37548,37549,37550,37551,37552,37553,37554,37555,37556,37557,37558,37559,37560,37561,37562,37563,37564,37565,37566,37567,37568,37569,37570
4,401,'5_2',39447,39448,39449,39450,39451,39452,39453,39454,39455,39456,39457,39458,39459,39460,39461,39462,39463,39464,39465,39466,39467,39468,39469,39470,39471,39472,39473,39474
4,401,'5_3',39475,39476,39477,39478,39479,39480,39481,39482,39483,39484,39485,39486,39487,39488,39489,39490,39491,39492,39493,39494,39495,39496,39497,39498,39499,39500,39501,39502
4,401,'5_4',39503,39504,39505,39506,39507,39508,39509,39510,39511,39512,39513,39514,39515,39516,39517,39518,39519,39520,39521,39522,39523,39524,39525,39526,39527,39528,39529,39530
4,401,'5_5',39531,39532,39533,39534,39535,39536,39537,39538,39539,39540,39541,39542,39543,39544,39545,39546,39547,39548,39549,39550,39551,39552,39553,39554,39555,39556,39557,39558
4,401,'6_1',39559,39560,39561,39562,39563,39564,39565,39566,39567,39568,39569,39570,39571,39572,39573,39574,39575,39576,39577,39578,39579,39580,39581,39582,39583,39584,39585,39586
5,500,'0_5',31508,31509,31510,31511,31512,31513,31514,31515,31516,31517,31518,31519,31520,31521,31522
5,500,'2_6',31538,31539,31540,31541,31542,31543,31544,31545,31546,31547,31548,31549
5,500,'5_1',37571,37572,37573,37574,37575,37576,37577,37578,37579,37580,37581,37582,37583,37584
5,500,'5_2',39587,39588,39589,39590,39591,39592,39593,39594,39595,39596,39597,39598,39599,39600
5,500,'5_3',39601,39602,39603,39604,39605,39606,39607,39608,39609,39610,39611,39612,39613,39614
5,500,'5_4',39615,39616,39617,39618,39619,39620,39621,39622,39623,39624,39625,39626,39627,39628
5,500,'5_5',39629,39630,39631,39632,39633,39634,39635,39636,39637,39638,39639,39640,39641,39642
5,500,'6_1',39643,39644,39645,39646,39647,39648,39649,39650,39651,39652,39653,39654,39655,39656
5,501,'0_5',31592,31593,31594,31595,31596,31597,31598,31599,31600,31601,31602,31603,31604,31605
5,501,'2_6',31618,31619,31620,31621,31622,31623,31624,31625,31626,31627,31628,31629
5,501,'5_1',37585,37586,37587,37588,37589,37590,37591,37592,37593,37594,37595
5,501,'5_2',39657,39658,39659,39660,39661,39662,39663,39664,39665,39666,39667
5,501,'5_3',39668,39669,39670,39671,39672,39673,39674,39675,39676,39677,39678
5,501,'5_4',39679,39680,39681,39682,39683,39684,39685,39686,39687,39688,39689
5,501,'5_5',39690,39691,39692,39693,39694,39695,39696,39697,39698,39699,39700
5,501,'6_1',39701,39702,39703,39704,39705,39706,39707,39708,39709,39710,39711
6,600,'0_5',31678,31679,31680,31681,31682,31683,31684,31685,31686,31687,31688,31689,31690,31691,31692,31693
6,600,'2_6',31710,31711,31712,31713,31714,31715,31716,31717,31718,31719,31720,31721,31722,31723,31724
6,600,'5_1',37596,37597,37598,37599,37600,37601,37602,37603,37604,37605,37606,37607,37608,37609,37610,37611
6,600,'5_2',39712,39713,39714,39715,39716,39717,39718,39719,39720,39721,39722,39723,39724,39725,39726,39727
6,600,'5_3',39728,39729,39730,39731,39732,39733,39734,39735,39736,39737,39738,39739,39740,39741,39742,39743
6,600,'5_4',39744,39745,39746,39747,39748,39749,39750,39751,39752,39753,39754,39755,39756,39757,39758,39759
6,600,'5_5',39760,39761,39762,39763,39764,39765,39766,39767,39768,39769,39770,39771,39772,39773,39774,39775
6,600,'6_1',39776,39777,39778,39779,39780,39781,39782,39783,39784,39785,39786,39787,39788,39789,39790,39791
6,601,'0_5',31779,31780,31781,31782,31783,31784,31785,31786,31787,31788,31789,31790,31791,31792,31793,31794,31795,31796
6,601,'2_6',31815,31816,31817,31818,31819,31820,31821,31822,31823,31824,31825,31826,31827,31828,31829
6,601,'5_1',37612,37613,37614,37615,37616,37617,37618,37619,37620,37621,37622,37623,37624,37625,37626,37627,37628
6,601,'5_2',39792,39793,39794,39795,39796,39797,39798,39799,39800,39801,39802,39803,39804,39805,39806,39807,39808
6,601,'5_3',39809,39810,39811,39812,39813,39814,39815,39816,39817,39818,39819,39820,39821,39822,39823,39824,39825
6,601,'5_4',39826,39827,39828,39829,39830,39831,39832,39833,39834,39835,39836,39837,39838,39839,39840,39841,39842
6,601,'5_5',39843,39844,39845,39846,39847,39848,39849,39850,39851,39852,39853,39854,39855,39856,39857,39858,39859
6,601,'6_1',39860,39861,39862,39863,39864,39865,39866,39867,39868,39869,39870,39871,39872,39873,39874,39875,39876
7,700,'0_5',31863,31864,31865,31866,31867,31868,31869,31870,31871,31872,31873
7,700,'2_6',31885,31886,31887,31888,31889,31890,31891,31892,31893,31894,31895
7,700,'5_1',37629,37630,37631,37632,37633,37634,37635,37636,37637,37638,37639
7,700,'5_2',39877,39878,39879,39880,39881,39882,39883,39884,39885,39886,39887
7,700,'5_3',39888,39889,39890,39891,39892,39893,39894,39895,39896,39897,39898
7,700,'5_4',39899,39900,39901,39902,39903,39904,39905,39906,39907,39908,39909
7,700,'5_5',39910,39911,39912,39913,39914,39915,39916,39917,39918,39919,39920
7,700,'6_1',39921,39922,39923,39924,39925,39926,39927,39928,39929,39930,39931
7,701,'0_5',31929,31930,31931,31932,31933,31934,31935,31936,31937,31938,31939
7,701,'2_6',31951,31952,31953,31954,31955,31956,31957,31958,31959,31960,31961
7,701,'5_1',37640,37641,37642,37643,37644,37645,37646,37647,37648,37649,37650
7,701,'5_2',39932,39933,39934,39935,39936,39937,39938,39939,39940,39941,39942
7,701,'5_3',39943,39944,39945,39946,39947,39948,39949,39950,39951,39952,39953
7,701,'5_4',39954,39955,39956,39957,39958,39959,39960,39961,39962,39963,39964
7,701,'5_5',39965,39966,39967,39968,39969,39970,39971,39972,39973,39974,39975
7,701,'6_1',39976,39977,39978,39979,39980,39981,39982,39983,39984,39985,39986
8,800,'0_5',31995,31996,31997,31998,31999,32000,32001,32002,32003,32004,32005
8,800,'5_1',37651,37652,37653,37654,37655,37656,37657,37658,37659,37660,37661
8,800,'5_2',39987,39988,39989,39990,39991,39992,39993,39994,39995,39996,39997
8,800,'5_3',39998,39999,40000,40001,40002,40003,40004,40005,40006,40007,40008
8,800,'5_4',40009,40010,40011,40012,40013,40014,40015,40016,40017,40018,40019
8,800,'5_5',40020,40021,40022,40023,40024,40025,40026,40027,40028,40029,40030
8,800,'6_1',40031,40032,40033,40034,40035,40036,40037,40038,40039,40040,40041
8,801,'0_5',32059,32060,32061,32062,32063,32064,32065,32066,32067,32068,32069,32070,32071,32072
8,801,'5_1',37662,37663,37664,37665,37666,37667,37668,37669,37670,37671,37672,37673,37674,37675
8,801,'5_2',40042,40043,40044,40045,40046,40047,40048,40049,40050,40051,40052,40053,40054,40055
8,801,'5_3',40056,40057,40058,40059,40060,40061,40062,40063,40064,40065,40066,40067,40068,40069
8,801,'5_4',40070,40071,40072,40073,40074,40075,40076,40077,40078,40079,40080,40081,40082,40083
8,801,'5_5',40084,40085,40086,40087,40088,40089,40090,40091,40092,40093,40094,40095,40096,40097
8,801,'6_1',40098,40099,40100,40101,40102,40103,40104,40105,40106,40107,40108,40109,40110,40111
9,900,'0_5',32144,32145,32146,32147,32148,32149,32150,32151,32152,32153,32154,32155,32156,32157,32158,32159,32160,32161,32162
9,900,'2_6',32182,32183,32184,32185,32186,32187,32188,32189,32190,32191,32192,32193
9,900,'5_1',37676,37677,37678,37679,37680,37681,37682,37683,37684,37685,37686,37687,37688,37689,37690,37691,37692,37693
9,900,'5_2',40112,40113,40114,40115,40116,40117,40118,40119,40120,40121,40122,40123,40124,40125,40126,40127,40128,40129
9,900,'5_3',40130,40131,40132,40133,40134,40135,40136,40137,40138,40139,40140,40141,40142,40143,40144,40145,40146,40147
9,900,'5_4',40148,40149,40150,40151,40152,40153,40154,40155,40156,40157,40158,40159,40160,40161,40162,40163,40164,40165
9,900,'5_5',40166,40167,40168,40169,40170,40171,40172,40173,40174,40175,40176,40177,40178,40179,40180,40181,40182,40183
9,900,'6_1',40184,40185,40186,40187,40188,40189,40190,40191,40192,40193,40194,40195,40196,40197,40198,40199,40200,40201
9,901,'0_5',32242,32243,32244,32245,32246,32247,32248,32249,32250,32251,32252,32253,32254,32255,32256,32257
9,901,'2_6',32274,32275,32276,32277,32278,32279,32280,32281,32282,32283,32284,32285,32286
9,901,'5_1',37694,37695,37696,37697,37698,37699,37700,37701,37702,37703,37704,37705,37706,37707
9,901,'5_2',40202,40203,40204,40205,40206,40207,40208,40209,40210,40211,40212,40213,40214,40215
9,901,'5_3',40216,40217,40218,40219,40220,40221,40222,40223,40224,40225,40226,40227,40228,40229
9,901,'5_4',40230,40231,40232,40233,40234,40235,40236,40237,40238,40239,40240,40241,40242,40243
9,901,'5_5',40244,40245,40246,40247,40248,40249,40250,40251,40252,40253,40254,40255,40256,40257
9,901,'6_1',40258,40259,40260,40261,40262,40263,40264,40265,40266,40267,40268,40269,40270,40271
10,1000,'0_5',32332,32333,32334,32335,32336,32337,32338,32339,32340,32341,32342,32343,32344,32345,32346
10,1000,'2_6',32362,32363,32364,32365,32366,32367,32368,32369,32370,32371,32372,32373,32374
10,1000,'5_1',37708,37709,37710,37711,37712,37713,37714,37715,37716,37717,37718,37719,37720
10,1000,'5_2',40272,40273,40274,40275,40276,40277,40278,40279,40280,40281,40282,40283,40284
10,1000,'5_3',40285,40286,40287,40288,40289,40290,40291,40292,40293,40294,40295,40296,40297
10,1000,'5_4',40298,40299,40300,40301,40302,40303,40304,40305,40306,40307,40308,40309,40310
10,1000,'5_5',40311,40312,40313,40314,40315,40316,40317,40318,40319,40320,40321,40322,40323
10,1000,'6_1',40324,40325,40326,40327,40328,40329,40330,40331,40332,40333,40334,40335,40336
10,1001,'0_5',32417,32418,32419,32420,32421,32422,32423,32424,32425,32426,32427,32428,32429,32430
10,1001,'2_6',32445,32446,32447,32448,32449,32450,32451,32452,32453,32454,32455,32456
10,1001,'5_1',37721,37722,37723,37724,37725,37726,37727,37728,37729,37730,37731,37732
10,1001,'5_2',40337,40338,40339,40340,40341,40342,40343,40344,40345,40346,40347,40348
10,1001,'5_3',40349,40350,40351,40352,40353,40354,40355,40356,40357,40358,40359,40360
10,1001,'5_4',40361,40362,40363,40364,40365,40366,40367,40368,40369,40370,40371,40372
10,1001,'5_5',40373,40374,40375,40376,40377,40378,40379,40380,40381,40382,40383,40384
10,1001,'6_1',40385,40386,40387,40388,40389,40390,40391,40392,40393,40394,40395,40396
11,1100,'0_5',32469,32470,32471,32472
11,1100,'2_6',32477,32478,32479,32480
11,1100,'5_1',37733,37734,37735,37736
11,1100,'5_2',40397,40398,40399,40400
11,1100,'5_3',40401,40402,40403,40404
11,1100,'5_4',40405,40406,40407,40408
11,1100,'5_5',40409,40410,40411,40412
11,1100,'6_1',40413,40414,40415,40416
11,1101,'0_5',32490,32491,32492
11,1101,'2_6',32496,32497
11,1101,'5_1',37737,37738
11,1101,'5_2',40417,40418
11,1101,'5_3',40419,40420
11,1101,'5_4',40421,40422
11,1101,'5_5',40423,40424
11,1101,'6_1',40425,40426
15,1500,'0_5',32537,32538,32539,32540,32541,32542,32543,32544,32545,32546,32547,32548,32549
15,1500,'2_6',32563,32564,32565,32566,32567,32568,32569,32570,32571,32572,32573,32574,32575
15,1500,'5_1',37739,37740,37741,37742,37743,37744,37745,37746,37747,37748,37749,37750,37751
15,1500,'5_2',40427,40428,40429,40430,40431,40432,40433,40434,40435,40436,40437,40438,40439
15,1500,'5_3',40440,40441,40442,40443,40444,40445,40446,40447,40448,40449,40450,40451,40452
15,1500,'5_4',40453,40454,40455,40456,40457,40458,40459,40460,40461,40462,40463,40464,40465
15,1500,'5_5',40466,40467,40468,40469,40470,40471,40472,40473,40474,40475,40476,40477,40478
15,1500,'6_1',40479,40480,40481,40482,40483,40484,40485,40486,40487,40488,40489,40490,40491
15,1501,'0_5',32615,32616,32617,32618,32619,32620,32621,32622,32623,32624,32625,32626,32627
15,1501,'2_6',32641,32642,32643,32644,32645,32646,32647,32648,32649,32650,32651,32652,32653
15,1501,'5_1',37752,37753,37754,37755,37756,37757,37758,37759,37760,37761,37762,37763,37764
15,1501,'5_2',40492,40493,40494,40495,40496,40497,40498,40499,40500,40501,40502,40503,40504
15,1501,'5_3',40505,40506,40507,40508,40509,40510,40511,40512,40513,40514,40515,40516,40517
15,1501,'5_4',40518,40519,40520,40521,40522,40523,40524,40525,40526,40527,40528,40529,40530
15,1501,'5_5',40531,40532,40533,40534,40535,40536,40537,40538,40539,40540,40541,40542,40543
15,1501,'6_1',40544,40545,40546,40547,40548,40549,40550,40551,40552,40553,40554,40555,40556
16,1600,'0_5',32690,32691,32692,32693,32694,32695,32696,32697,32698,32699,32700,32701
16,1600,'2_6',32714,32715,32716,32717,32718,32719,32720,32721,32722,32723,32724,32725
16,1600,'5_1',37765,37766,37767,37768,37769,37770,37771,37772,37773,37774,37775,37776
16,1600,'5_2',40557,40558,40559,40560,40561,40562,40563,40564,40565,40566,40567,40568
16,1600,'5_3',40569,40570,40571,40572,40573,40574,40575,40576,40577,40578,40579,40580
16,1600,'5_4',40581,40582,40583,40584,40585,40586,40587,40588,40589,40590,40591,40592
16,1600,'5_5',40593,40594,40595,40596,40597,40598,40599,40600,40601,40602,40603,40604
16,1600,'6_1',40605,40606,40607,40608,40609,40610,40611,40612,40613,40614,40615,40616
16,1601,'0_5',32756,32757,32758,32759,32760,32761,32762,32763,32764,32765
16,1601,'2_6',32776,32777,32778,32779,32780,32781,32782,32783,32784,32785
16,1601,'5_1',37777,37778,37779,37780,37781,37782,37783,37784,37785,37786
16,1601,'5_2',40617,40618,40619,40620,40621,40622,40623,40624,40625,40626
16,1601,'5_3',40627,40628,40629,40630,40631,40632,40633,40634,40635,40636
16,1601,'5_4',40637,40638,40639,40640,40641,40642,40643,40644,40645,40646
16,1601,'5_5',40647,40648,40649,40650,40651,40652,40653,40654,40655,40656
16,1601,'6_1',40657,40658,40659,40660,40661,40662,40663,40664,40665,40666
17,1700,'0_5',32801,32802,32803,32804,32805
17,1701,'0_5',32830,32831,32832,32833,32834,32835
18,1800,'0_5',32872,32873,32874,32875,32876,32877,32878,32879,32880,32881
18,1801,'0_5',32917,32918,32919,32920,32921,32922,32923,32924,32925
19,1900,'0_5',32957,32958,32959,32960,32961,32962,32963,32964
19,1901,'0_5',33001,33002,33003,33004,33005,33006,33007,33008,33009
20,2000,'0_5',33025,33026,33027
20,2001,'0_5',33044,33045,33046,33047
21,2100,'0_5',33059,33060,33061
21,2100,'5_1',37787
21,2100,'5_2',40667
21,2100,'5_3',40668
21,2100,'5_4',40669
21,2100,'5_5',40670,40671
21,2100,'6_1',40672,40673
21,2101,'0_5',33073,33074,33075
21,2101,'5_1',37788,37789
21,2101,'5_2',40674,40675
21,2101,'5_3',40676,40677
21,2101,'5_4',40678,40679
21,2101,'5_5',40680,40681
21,2101,'6_1',40682,40683,40684
22,2200,'0_5',33100,33101,33102,33103,33104,33105,33106
22,2201,'0_5',33133,33134,33135,33136,33137,33138,33139
23,2300,'0_5',33154,33155,33156
23,2301,'0_5',33168,33169,33170
24,2400,'0_5',33186,33187,33188,33189
24,2401,'0_5',33204,33205,33206,33207
25,2500,'0_5',33249,33250,33251,33252,33253,33254,33255,33256,33257,33258,33259,33260,33261
25,2500,'2_6',33275,33276,33277,33278,33279,33280,33281,33282,33283,33284
25,2500,'5_1',37790,37791,37792,37793,37794,37795,37796,37797,37798,37799,37800
25,2500,'5_2',40685,40686,40687,40688,40689,40690,40691,40692,40693,40694,40695
25,2500,'5_3',40696,40697,40698,40699,40700,40701,40702,40703,40704,40705,40706
25,2500,'5_4',40707,40708,40709,40710,40711,40712,40713,40714,40715,40716,40717
25,2500,'5_5',40718,40719,40720,40721,40722,40723,40724,40725,40726,40727,40728
25,2500,'6_1',40729,40730,40731,40732,40733,40734,40735,40736,40737,40738,40739
25,2501,'0_5',33324,33325,33326,33327,33328,33329,33330,33331,33332,33333,33334,33335,33336
25,2501,'2_6',33350,33351,33352,33353,33354,33355,33356,33357,33358,33359
25,2501,'5_1',37801,37802,37803,37804,37805,37806,37807,37808,37809,37810,37811,37812
25,2501,'5_2',40740,40741,40742,40743,40744,40745,40746,40747,40748,40749,40750,40751
25,2501,'5_3',40752,40753,40754,40755,40756,40757,40758,40759,40760,40761,40762,40763
25,2501,'5_4',40764,40765,40766,40767,40768,40769,40770,40771,40772,40773,40774,40775
25,2501,'5_5',40776,40777,40778,40779,40780,40781,40782,40783,40784,40785,40786,40787
25,2501,'6_1',40788,40789,40790,40791,40792,40793,40794,40795,40796,40797,40798,40799
26,2600,'0_5',33433,33434,33435,33436,33437,33438,33439,33440,33441,33442,33443,33444,33445,33446,33447,33448,33449,33450,33451,33452,33453,33454,33455,33456
26,2600,'2_6',33480,33481,33482,33483,33484,33485,33486,33487,33488,33489,33490,33491,33492,33493,33494,33495,33496
26,2600,'5_1',37813,37814,37815,37816,37817,37818,37819,37820,37821,37822,37823,37824,37825,37826,37827,37828,37829
26,2600,'5_2',40800,40801,40802,40803,40804,40805,40806,40807,40808,40809,40810,40811,40812,40813,40814,40815,40816
26,2600,'5_3',40817,40818,40819,40820,40821,40822,40823,40824,40825,40826,40827,40828,40829,40830,40831,40832,40833
26,2600,'5_4',40834,40835,40836,40837,40838,40839,40840,40841,40842,40843,40844,40845,40846,40847,40848,40849,40850
26,2600,'5_5',40851,40852,40853,40854,40855,40856,40857,40858,40859,40860,40861,40862,40863,40864,40865,40866,40867
26,2600,'6_1',40868,40869,40870,40871,40872,40873,40874,40875,40876,40877,40878,40879,40880,40881,40882,40883,40884
26,2601,'0_5',33569,33570,33571,33572,33573,33574,33575,33576,33577,33578,33579,33580,33581,33582,33583,33584,33585,33586,33587,33588,33589,33590,33591,33592
26,2601,'2_6',33615,33616,33617,33618,33619,33620,33621,33622,33623,33624,33625,33626,33627,33628,33629,33630,33631
26,2601,'5_1',37830,37831,37832,37833,37834,37835,37836,37837,37838,37839,37840,37841,37842,37843,37844,37845,37846
26,2601,'5_2',40885,40886,40887,40888,40889,40890,40891,40892,40893,40894,40895,40896,40897,40898,40899,40900,40901
26,2601,'5_3',40902,40903,40904,40905,40906,40907,40908,40909,40910,40911,40912,40913,40914,40915,40916,40917,40918
26,2601,'5_4',40919,40920,40921,40922,40923,40924,40925,40926,40927,40928,40929,40930,40931,40932,40933,40934,40935
26,2601,'5_5',40936,40937,40938,40939,40940,40941,40942,40943,40944,40945,40946,40947,40948,40949,40950,40951,40952
26,2601,'6_1',40953,40954,40955,40956,40957,40958,40959,40960,40961,40962,40963,40964,40965,40966,40967,40968,40969
9003,900300,'0_5',33710,33711,33712,33713,33714,33715,33716,33717,33718,33719,33720,33721,33722,33723,33724,33725,33726,33727,33728,33729,33730,33731,33732,33733,33734,33735
9003,900301,'0_5',33837,33838,33839,33840,33841,33842,33843,33844,33845,33846,33847,33848,33849,33850,33851,33852,33853,33854,33855,33856,33857,33858,33859,33860,33861
9006,900600,'0_5',33927,33928,33929,33930,33931,33932,33933,33934
9006,900600,'2_6',33943,33944,33945,33946,33947,33948,33949,33950
9006,900600,'5_1',37847,37848,37849,37850,37851,37852,37853,37854
9006,900600,'5_2',40970,40971,40972,40973,40974,40975,40976,40977
9006,900600,'5_3',40978,40979,40980,40981,40982,40983,40984,40985
9006,900600,'5_4',40986,40987,40988,40989,40990,40991,40992,40993
9006,900600,'5_5',40994,40995,40996,40997,40998,40999,41000,41001
9006,900600,'6_1',41002,41003,41004,41005,41006,41007,41008,41009
9006,900601,'0_5',33975,33976,33977,33978,33979,33980,33981,33982
9006,900601,'2_6',33991,33992,33993,33994,33995,33996,33997,33998
9006,900601,'5_1',37855,37856,37857,37858,37859,37860,37861,37862
9006,900601,'5_2',41010,41011,41012,41013,41014,41015,41016,41017
9006,900601,'5_3',41018,41019,41020,41021,41022,41023,41024,41025
9006,900601,'5_4',41026,41027,41028,41029,41030,41031,41032,41033
9006,900601,'5_5',41034,41035,41036,41037,41038,41039,41040,41041
9006,900601,'6_1',41042,41043,41044,41045,41046,41047,41048,41049
9015,901500,'0_5',34095,34096,34097,34098,34099,34100,34101,34102,34103,34104,34105,34106,34107,34108,34109,34110,34111,34112,34113,34114,34115,34116,34117,34118,34119,34120,34121,34122,34123,34124,34125,34126
9015,901500,'2_6',34159,34160,34161,34162,34163,34164,34165,34166,34167,34168,34169,34170,34171,34172,34173,34174,34175,34176,34177,34178,34179,34180,34181,34182,34183,34184,34185,34186,34187,34188,34189,34190
9015,901500,'5_1',37863,37864,37865,37866,37867,37868,37869,37870,37871,37872,37873,37874,37875,37876,37877,37878,37879,37880,37881,37882,37883,37884,37885,37886,37887,37888,37889,37890,37891,37892,37893,37894
9015,901500,'5_2',41050,41051,41052,41053,41054,41055,41056,41057,41058,41059,41060,41061,41062,41063,41064,41065,41066,41067,41068,41069,41070,41071,41072,41073,41074,41075,41076,41077,41078,41079,41080,41081
9015,901500,'5_3',41082,41083,41084,41085,41086,41087,41088,41089,41090,41091,41092,41093,41094,41095,41096,41097,41098,41099,41100,41101,41102,41103,41104,41105,41106,41107,41108,41109,41110,41111,41112,41113
9015,901500,'5_4',41114,41115,41116,41117,41118,41119,41120,41121,41122,41123,41124,41125,41126,41127,41128,41129,41130,41131,41132,41133,41134,41135,41136,41137,41138,41139,41140,41141,41142,41143,41144,41145
9015,901500,'5_5',41146,41147,41148,41149,41150,41151,41152,41153,41154,41155,41156,41157,41158,41159,41160,41161,41162,41163,41164,41165,41166,41167,41168,41169,41170,41171,41172,41173,41174,41175,41176,41177
9015,901500,'6_1',41178,41179,41180,41181,41182,41183,41184,41185,41186,41187,41188,41189,41190,41191,41192,41193,41194,41195,41196,41197,41198,41199,41200,41201,41202,41203,41204,41205,41206,41207,41208,41209
10000,1000000,'0_5',34449,34450,34451,34452,34453,34454,34455,34456,34457,34458,34459,34460,34461,34462,34463,34464,34465,34466,34467,34468,34469,34470,34471,34472,34473,34474,34475,34476,34477,34478,34479,34480,34481,34482,34483,34484,34485,34486,34487,34488,34489,34490,34491,34492,34493,34494,34495,34496,34497,34498,34499,34500,34501,34502,34503,34504,34505,34506,34507,34508,34509,34510,34511,34512,34513,34514,34515,34516,34517,34518,34519,34520,34521,34522,34523,34524,34525,34526,34527,34528,34529,34530,34531,34532,34533,34534
10000,1000000,'2_6',34621,34622,34623,34624,34625,34626,34627,34628,34629,34630,34631,34632,34633,34634,34635,34636,34637,34638,34639,34640,34641,34642,34643,34644,34645,34646,34647,34648,34649,34650,34651,34652,34653,34654,34655,34656,34657,34658,34659,34660,34661,34662,34663,34664,34665,34666,34667,34668,34669,34670,34671,34672,34673,34674,34675,34676,34677,34678,34679,34680,34681,34682,34683,34684,34685,34686,34687,34688
10000,1000000,'3_7',34689,34690,34691,34692,34693,34694,34695,34696,34697,34698,34699,34700,34701,34702,34703,34704,34705,34706
10000,1000000,'5_1',37895,37896,37897,37898,37899,37900,37901,37902,37903,37904,37905,37906,37907,37908,37909,37910,37911,37912,37913,37914,37915,37916,37917,37918,37919,37920,37921,37922,37923,37924,37925,37926,37927,37928,37929,37930,37931,37932,37933,37934,37935,37936,37937,37938,37939,37940,37941,37942,37943,37944,37945,37946,37947,37948,37949,37950,37951,37952,37953,37954,37955,37956,37957,37958,37959,37960,37961,37962,37963,37964,37965,37966,37967,37968,37969,37970,37971,37972,37973,37974,37975,37976,37977,37978,37979
10000,1000000,'5_2',41210,41211,41212,41213,41214,41215,41216,41217,41218,41219,41220,41221,41222,41223,41224,41225,41226,41227,41228,41229,41230,41231,41232,41233,41234,41235,41236,41237,41238,41239,41240,41241,41242,41243,41244,41245,41246,41247,41248,41249,41250,41251,41252,41253,41254,41255,41256,41257,41258,41259,41260,41261,41262,41263,41264,41265,41266,41267,41268,41269,41270,41271,41272,41273,41274,41275,41276,41277,41278,41279,41280,41281,41282,41283,41284,41285,41286,41287,41288,41289,41290,41291,41292,41293,41294
10000,1000000,'5_3',41295,41296,41297,41298,41299,41300,41301,41302,41303,41304,41305,41306,41307,41308,41309,41310,41311,41312,41313,41314,41315,41316,41317,41318,41319,41320,41321,41322,41323,41324,41325,41326,41327,41328,41329,41330,41331,41332,41333,41334,41335,41336,41337,41338,41339,41340,41341,41342,41343,41344,41345,41346,41347,41348,41349,41350,41351,41352,41353,41354,41355,41356,41357,41358,41359,41360,41361,41362,41363,41364,41365,41366,41367,41368,41369,41370,41371,41372,41373,41374,41375,41376,41377,41378,41379
10000,1000000,'5_4',41380,41381,41382,41383,41384,41385,41386,41387,41388,41389,41390,41391,41392,41393,41394,41395,41396,41397,41398,41399,41400,41401,41402,41403,41404,41405,41406,41407,41408,41409,41410,41411,41412,41413,41414,41415,41416,41417,41418,41419,41420,41421,41422,41423,41424,41425,41426,41427,41428,41429,41430,41431,41432,41433,41434,41435,41436,41437,41438,41439,41440,41441,41442,41443,41444,41445,41446,41447,41448,41449,41450,41451,41452,41453,41454,41455,41456,41457,41458,41459,41460,41461,41462,41463,41464
10000,1000000,'5_5',41465,41466,41467,41468,41469,41470,41471,41472,41473,41474,41475,41476,41477,41478,41479,41480,41481,41482,41483,41484,41485,41486,41487,41488,41489,41490,41491,41492,41493,41494,41495,41496,41497,41498,41499,41500,41501,41502,41503,41504,41505,41506,41507,41508,41509,41510,41511,41512,41513,41514,41515,41516,41517,41518,41519,41520,41521,41522,41523,41524,41525,41526,41527,41528,41529,41530,41531,41532,41533,41534,41535,41536,41537,41538,41539,41540,41541,41542,41543,41544,41545,41546,41547,41548,41549
10000,1000000,'6_1',41550,41551,41552,41553,41554,41555,41556,41557,41558,41559,41560,41561,41562,41563,41564,41565,41566,41567,41568,41569,41570,41571,41572,41573,41574,41575,41576,41577,41578,41579,41580,41581,41582,41583,41584,41585,41586,41587,41588,41589,41590,41591,41592,41593,41594,41595,41596,41597,41598,41599,41600,41601,41602,41603,41604,41605,41606,41607,41608,41609,41610,41611,41612,41613,41614,41615,41616,41617,41618,41619,41620,41621,41622,41623,41624,41625,41626,41627,41628,41629,41630,41631,41632,41633,41634
10000,1000001,'0_5',34983,34984,34985,34986,34987,34988,34989,34990,34991,34992,34993,34994,34995,34996,34997,34998,34999,35000,35001,35002,35003,35004,35005,35006,35007,35008,35009,35010,35011,35012,35013,35014,35015,35016,35017,35018,35019,35020,35021,35022,35023,35024,35025,35026,35027,35028,35029,35030,35031,35032,35033,35034,35035,35036,35037,35038,35039,35040,35041,35042,35043,35044,35045,35046,35047,35048,35049,35050,35051,35052,35053,35054,35055,35056,35057,35058,35059,35060,35061,35062,35063,35064,35065,35066,35067,35068
10000,1000001,'2_6',35155,35156,35157,35158,35159,35160,35161,35162,35163,35164,35165,35166,35167,35168,35169,35170,35171,35172,35173,35174,35175,35176,35177,35178,35179,35180,35181,35182,35183,35184,35185,35186,35187,35188,35189,35190,35191,35192,35193,35194,35195,35196,35197,35198,35199,35200,35201,35202,35203,35204,35205,35206,35207,35208,35209,35210,35211,35212,35213,35214,35215,35216,35217,35218,35219,35220,35221,35222
10000,1000001,'3_7',35223,35224,35225,35226,35227,35228,35229,35230,35231,35232,35233,35234,35235,35236,35237,35238,35239,35240
10000,1000001,'5_1',37980,37981,37982,37983,37984,37985,37986,37987,37988,37989,37990,37991,37992,37993,37994,37995,37996,37997,37998,37999,38000,38001,38002,38003,38004,38005,38006,38007,38008,38009,38010,38011,38012,38013,38014,38015,38016,38017,38018,38019,38020,38021,38022,38023,38024,38025,38026,38027,38028,38029,38030,38031,38032,38033,38034,38035,38036,38037,38038,38039,38040,38041,38042,38043,38044,38045,38046,38047,38048,38049,38050,38051,38052,38053,38054,38055,38056,38057,38058,38059,38060,38061,38062,38063,38064,38065
10000,1000001,'5_2',41635,41636,41637,41638,41639,41640,41641,41642,41643,41644,41645,41646,41647,41648,41649,41650,41651,41652,41653,41654,41655,41656,41657,41658,41659,41660,41661,41662,41663,41664,41665,41666,41667,41668,41669,41670,41671,41672,41673,41674,41675,41676,41677,41678,41679,41680,41681,41682,41683,41684,41685,41686,41687,41688,41689,41690,41691,41692,41693,41694,41695,41696,41697,41698,41699,41700,41701,41702,41703,41704,41705,41706,41707,41708,41709,41710,41711,41712,41713,41714,41715,41716,41717,41718,41719,41720
10000,1000001,'5_3',41721,41722,41723,41724,41725,41726,41727,41728,41729,41730,41731,41732,41733,41734,41735,41736,41737,41738,41739,41740,41741,41742,41743,41744,41745,41746,41747,41748,41749,41750,41751,41752,41753,41754,41755,41756,41757,41758,41759,41760,41761,41762,41763,41764,41765,41766,41767,41768,41769,41770,41771,41772,41773,41774,41775,41776,41777,41778,41779,41780,41781,41782,41783,41784,41785,41786,41787,41788,41789,41790,41791,41792,41793,41794,41795,41796,41797,41798,41799,41800,41801,41802,41803,41804,41805,41806
10000,1000001,'5_4',41807,41808,41809,41810,41811,41812,41813,41814,41815,41816,41817,41818,41819,41820,41821,41822,41823,41824,41825,41826,41827,41828,41829,41830,41831,41832,41833,41834,41835,41836,41837,41838,41839,41840,41841,41842,41843,41844,41845,41846,41847,41848,41849,41850,41851,41852,41853,41854,41855,41856,41857,41858,41859,41860,41861,41862,41863,41864,41865,41866,41867,41868,41869,41870,41871,41872,41873,41874,41875,41876,41877,41878,41879,41880,41881,41882,41883,41884,41885,41886,41887,41888,41889,41890,41891,41892
10000,1000001,'5_5',41893,41894,41895,41896,41897,41898,41899,41900,41901,41902,41903,41904,41905,41906,41907,41908,41909,41910,41911,41912,41913,41914,41915,41916,41917,41918,41919,41920,41921,41922,41923,41924,41925,41926,41927,41928,41929,41930,41931,41932,41933,41934,41935,41936,41937,41938,41939,41940,41941,41942,41943,41944,41945,41946,41947,41948,41949,41950,41951,41952,41953,41954,41955,41956,41957,41958,41959,41960,41961,41962,41963,41964,41965,41966,41967,41968,41969,41970,41971,41972,41973,41974,41975,41976,41977,41978
10000,1000001,'6_1',41979,41980,41981,41982,41983,41984,41985,41986,41987,41988,41989,41990,41991,41992,41993,41994,41995,41996,41997,41998,41999,42000,42001,42002,42003,42004,42005,42006,42007,42008,42009,42010,42011,42012,42013,42014,42015,42016,42017,42018,42019,42020,42021,42022,42023,42024,42025,42026,42027,42028,42029,42030,42031,42032,42033,42034,42035,42036,42037,42038,42039,42040,42041,42042,42043,42044,42045,42046,42047,42048,42049,42050,42051,42052,42053,42054,42055,42056,42057,42058,42059,42060,42061,42062,42063,42064
20000,2000000,'0_5',35436,35437,35438,35439,35440,35441,35442,35443,35444,35445,35446,35447,35448,35449,35450,35451,35452,35453,35454,35455,35456,35457,35458,35459,35460,35461,35462,35463,35464,35465,35466,35467,35468,35469,35470,35471,35472,35473,35474,35475,35476,35477,35478,35479,35480,35481,35482,35483,35484,35485,35486,35487,35488,35489,35490,35491,35492,35493,35494
20000,2000000,'2_6',35553,35554,35555,35556,35557,35558,35559,35560,35561,35562,35563,35564,35565,35566,35567,35568,35569,35570,35571,35572,35573,35574,35575,35576,35577,35578,35579,35580,35581,35582,35583,35584,35585,35586,35587,35588,35589,35590,35591,35592,35593
20000,2000000,'3_7',35594,35595,35596,35597,35598,35599,35600,35601,35602,35603,35604,35605,35606,35607,35608,35609,35610,35611
20000,2000000,'5_1',38066,38067,38068,38069,38070,38071,38072,38073,38074,38075,38076,38077,38078,38079,38080,38081,38082,38083,38084,38085,38086,38087,38088,38089,38090,38091,38092,38093,38094,38095,38096,38097,38098,38099,38100,38101,38102,38103,38104,38105,38106,38107,38108,38109,38110,38111,38112,38113,38114,38115,38116,38117,38118,38119,38120
20000,2000000,'5_2',42065,42066,42067,42068,42069,42070,42071,42072,42073,42074,42075,42076,42077,42078,42079,42080,42081,42082,42083,42084,42085,42086,42087,42088,42089,42090,42091,42092,42093,42094,42095,42096,42097,42098,42099,42100,42101,42102,42103,42104,42105,42106,42107,42108,42109,42110,42111,42112,42113,42114,42115,42116,42117,42118,42119
20000,2000000,'5_3',42120,42121,42122,42123,42124,42125,42126,42127,42128,42129,42130,42131,42132,42133,42134,42135,42136,42137,42138,42139,42140,42141,42142,42143,42144,42145,42146,42147,42148,42149,42150,42151,42152,42153,42154,42155,42156,42157,42158,42159,42160,42161,42162,42163,42164,42165,42166,42167,42168,42169,42170,42171,42172,42173,42174
20000,2000000,'5_4',42175,42176,42177,42178,42179,42180,42181,42182,42183,42184,42185,42186,42187,42188,42189,42190,42191,42192,42193,42194,42195,42196,42197,42198,42199,42200,42201,42202,42203,42204,42205,42206,42207,42208,42209,42210,42211,42212,42213,42214,42215,42216,42217,42218,42219,42220,42221,42222,42223,42224,42225,42226,42227,42228,42229
20000,2000000,'5_5',42230,42231,42232,42233,42234,42235,42236,42237,42238,42239,42240,42241,42242,42243,42244,42245,42246,42247,42248,42249,42250,42251,42252,42253,42254,42255,42256,42257,42258,42259,42260,42261,42262,42263,42264,42265,42266,42267,42268,42269,42270,42271,42272,42273,42274,42275,42276,42277,42278,42279,42280,42281,42282,42283,42284
20000,2000000,'6_1',42285,42286,42287,42288,42289,42290,42291,42292,42293,42294,42295,42296,42297,42298,42299,42300,42301,42302,42303,42304,42305,42306,42307,42308,42309,42310,42311,42312,42313,42314,42315,42316,42317,42318,42319,42320,42321,42322,42323,42324,42325,42326,42327,42328,42329,42330,42331,42332,42333,42334,42335,42336,42337,42338,42339
20000,2000001,'0_5',35801,35802,35803,35804,35805,35806,35807,35808,35809,35810,35811,35812,35813,35814,35815,35816,35817,35818,35819,35820,35821,35822,35823,35824,35825,35826,35827,35828,35829,35830,35831,35832,35833,35834,35835,35836,35837,35838,35839,35840,35841,35842,35843,35844,35845,35846,35847,35848,35849,35850,35851,35852,35853,35854,35855,35856,35857
20000,2000001,'2_6',35915,35916,35917,35918,35919,35920,35921,35922,35923,35924,35925,35926,35927,35928,35929,35930,35931,35932,35933,35934,35935,35936,35937,35938,35939,35940,35941,35942,35943,35944,35945,35946,35947,35948,35949,35950,35951,35952,35953,35954,35955
20000,2000001,'3_7',35956,35957,35958,35959,35960,35961,35962,35963,35964,35965,35966,35967,35968,35969,35970,35971,35972,35973
20000,2000001,'5_1',38121,38122,38123,38124,38125,38126,38127,38128,38129,38130,38131,38132,38133,38134,38135,38136,38137,38138,38139,38140,38141,38142,38143,38144,38145,38146,38147,38148,38149,38150,38151,38152,38153,38154,38155,38156,38157,38158,38159,38160,38161,38162,38163,38164,38165,38166,38167,38168,38169,38170,38171,38172,38173,38174,38175
20000,2000001,'5_2',42340,42341,42342,42343,42344,42345,42346,42347,42348,42349,42350,42351,42352,42353,42354,42355,42356,42357,42358,42359,42360,42361,42362,42363,42364,42365,42366,42367,42368,42369,42370,42371,42372,42373,42374,42375,42376,42377,42378,42379,42380,42381,42382,42383,42384,42385,42386,42387,42388,42389,42390,42391,42392,42393,42394
20000,2000001,'5_3',42395,42396,42397,42398,42399,42400,42401,42402,42403,42404,42405,42406,42407,42408,42409,42410,42411,42412,42413,42414,42415,42416,42417,42418,42419,42420,42421,42422,42423,42424,42425,42426,42427,42428,42429,42430,42431,42432,42433,42434,42435,42436,42437,42438,42439,42440,42441,42442,42443,42444,42445,42446,42447,42448,42449
20000,2000001,'5_4',42450,42451,42452,42453,42454,42455,42456,42457,42458,42459,42460,42461,42462,42463,42464,42465,42466,42467,42468,42469,42470,42471,42472,42473,42474,42475,42476,42477,42478,42479,42480,42481,42482,42483,42484,42485,42486,42487,42488,42489,42490,42491,42492,42493,42494,42495,42496,42497,42498,42499,42500,42501,42502,42503,42504
20000,2000001,'5_5',42505,42506,42507,42508,42509,42510,42511,42512,42513,42514,42515,42516,42517,42518,42519,42520,42521,42522,42523,42524,42525,42526,42527,42528,42529,42530,42531,42532,42533,42534,42535,42536,42537,42538,42539,42540,42541,42542,42543,42544,42545,42546,42547,42548,42549,42550,42551,42552,42553,42554,42555,42556,42557,42558,42559
20000,2000001,'6_1',42560,42561,42562,42563,42564,42565,42566,42567,42568,42569,42570,42571,42572,42573,42574,42575,42576,42577,42578,42579,42580,42581,42582,42583,42584,42585,42586,42587,42588,42589,42590,42591,42592,42593,42594,42595,42596,42597,42598,42599,42600,42601,42602,42603,42604,42605,42606,42607,42608,42609,42610,42611,42612,42613,42614
29002,2900200,'0_5',35998,35999
29002,2900201,'0_5',36008,36009
29003,2900300,'0_5',36021,36022,36023
29003,2900301,'0_5',36039,36040,36041,36042
29004,2900400,'0_5',36053,36054
29004,2900401,'0_5',36063,36064
29005,2900500,'0_5',36073,36074
29005,2900500,'5_1',38176,38177
29005,2900500,'5_2',42615,42616
29005,2900500,'5_3',42617,42618
29005,2900500,'5_4',42619,42620
29005,2900500,'5_5',42621,42622
29005,2900500,'6_1',42623,42624
29005,2900501,'0_5',36083,36084
29005,2900501,'5_1',38178,38179
29005,2900501,'5_2',42625,42626
29005,2900501,'5_3',42627,42628
29005,2900501,'5_4',42629,42630
29005,2900501,'5_5',42631,42632
29005,2900501,'6_1',42633,42634
29006,2900600,'0_5',36094,36095
29006,2900601,'0_5',36104,36105
29009,2900900,'0_5',36114,36115
29009,2900901,'0_5',36124,36125
29012,2901200,'0_5',36134,36135
29012,2901200,'5_1',38180,38181
29012,2901200,'5_2',42635,42636
29012,2901200,'5_3',42637,42638
29012,2901200,'5_4',42639,42640
29012,2901200,'5_5',42641,42642
29012,2901200,'6_1',42643,42644
29012,2901201,'0_5',36147,36148,36149
29012,2901201,'5_1',38182,38183,38184
29012,2901201,'5_2',42645,42646,42647
29012,2901201,'5_3',42648,42649,42650
29012,2901201,'5_4',42651,42652,42653
29012,2901201,'5_5',42654,42655,42656
29012,2901201,'6_1',42657,42658,42659
30000,3000000,'0_5',36292,36293,36294,36295,36296,36297,36298,36299,36300,36301,36302,36303,36304,36305,36306,36307,36308,36309,36310,36311,36312,36313,36314,36315,36316,36317,36318,36319,36320,36321,36322,36323,36324,36325,36326,36327,36328,36329,36330,36331,36332,36333,36334,36335,36336,36337
30000,3000000,'2_6',36384,36385,36386,36387,36388,36389,36390,36391,36392,36393,36394,36395,36396,36397,36398,36399,36400,36401,36402,36403,36404,36405,36406,36407,36408,36409,36410,36411,36412,36413,36414,36415,36416,36417,36418,36419,36420,36421,36422
30000,3000000,'3_7',36423,36424,36425,36426,36427,36428,36429,36430,36431
30000,3000000,'5_1',38185,38186,38187,38188,38189,38190,38191,38192,38193,38194,38195,38196,38197,38198,38199,38200,38201,38202,38203,38204,38205,38206,38207,38208,38209,38210,38211,38212,38213,38214,38215,38216,38217,38218,38219,38220,38221,38222,38223,38224,38225,38226
30000,3000000,'5_2',42660,42661,42662,42663,42664,42665,42666,42667,42668,42669,42670,42671,42672,42673,42674,42675,42676,42677,42678,42679,42680,42681,42682,42683,42684,42685,42686,42687,42688,42689,42690,42691,42692,42693,42694,42695,42696,42697,42698,42699,42700,42701
30000,3000000,'5_3',42702,42703,42704,42705,42706,42707,42708,42709,42710,42711,42712,42713,42714,42715,42716,42717,42718,42719,42720,42721,42722,42723,42724,42725,42726,42727,42728,42729,42730,42731,42732,42733,42734,42735,42736,42737,42738,42739,42740,42741,42742,42743
30000,3000000,'5_4',42744,42745,42746,42747,42748,42749,42750,42751,42752,42753,42754,42755,42756,42757,42758,42759,42760,42761,42762,42763,42764,42765,42766,42767,42768,42769,42770,42771,42772,42773,42774,42775,42776,42777,42778,42779,42780,42781,42782,42783,42784,42785
30000,3000000,'5_5',42786,42787,42788,42789,42790,42791,42792,42793,42794,42795,42796,42797,42798,42799,42800,42801,42802,42803,42804,42805,42806,42807,42808,42809,42810,42811,42812,42813,42814,42815,42816,42817,42818,42819,42820,42821,42822,42823,42824,42825,42826,42827
30000,3000000,'6_1',42828,42829,42830,42831,42832,42833,42834,42835,42836,42837,42838,42839,42840,42841,42842,42843,42844,42845,42846,42847,42848,42849,42850,42851,42852,42853,42854,42855,42856,42857,42858,42859,42860,42861,42862,42863,42864,42865,42866,42867,42868,42869
30000,3000001,'0_5',36598,36599,36600,36601,36602,36603,36604,36605,36606,36607,36608,36609,36610,36611,36612,36613,36614,36615,36616,36617,36618,36619,36620,36621,36622,36623,36624,36625,36626,36627,36628,36629,36630,36631,36632,36633,36634,36635,36636,36637,36638,36639,36640,36641,36642,36643,36644,36645,36646,36647
30000,3000001,'2_6',36698,36699,36700,36701,36702,36703,36704,36705,36706,36707,36708,36709,36710,36711,36712,36713,36714,36715,36716,36717,36718,36719,36720,36721,36722,36723,36724,36725,36726,36727,36728,36729,36730,36731,36732,36733,36734,36735,36736
30000,3000001,'3_7',36737,36738,36739,36740,36741,36742,36743,36744,36745
30000,3000001,'5_1',38227,38228,38229,38230,38231,38232,38233,38234,38235,38236,38237,38238,38239,38240,38241,38242,38243,38244,38245,38246,38247,38248,38249,38250,38251,38252,38253,38254,38255,38256,38257,38258,38259,38260,38261,38262,38263,38264,38265,38266,38267,38268
30000,3000001,'5_2',42870,42871,42872,42873,42874,42875,42876,42877,42878,42879,42880,42881,42882,42883,42884,42885,42886,42887,42888,42889,42890,42891,42892,42893,42894,42895,42896,42897,42898,42899,42900,42901,42902,42903,42904,42905,42906,42907,42908,42909,42910,42911
30000,3000001,'5_3',42912,42913,42914,42915,42916,42917,42918,42919,42920,42921,42922,42923,42924,42925,42926,42927,42928,42929,42930,42931,42932,42933,42934,42935,42936,42937,42938,42939,42940,42941,42942,42943,42944,42945,42946,42947,42948,42949,42950,42951,42952,42953
30000,3000001,'5_4',42954,42955,42956,42957,42958,42959,42960,42961,42962,42963,42964,42965,42966,42967,42968,42969,42970,42971,42972,42973,42974,42975,42976,42977,42978,42979,42980,42981,42982,42983,42984,42985,42986,42987,42988,42989,42990,42991,42992,42993,42994,42995
30000,3000001,'5_5',42996,42997,42998,42999,43000,43001,43002,43003,43004,43005,43006,43007,43008,43009,43010,43011,43012,43013,43014,43015,43016,43017,43018,43019,43020,43021,43022,43023,43024,43025,43026,43027,43028,43029,43030,43031,43032,43033,43034,43035,43036,43037
30000,3000001,'6_1',43038,43039,43040,43041,43042,43043,43044,43045,43046,43047,43048,43049,43050,43051,43052,43053,43054,43055,43056,43057,43058,43059,43060,43061,43062,43063,43064,43065,43066,43067,43068,43069,43070,43071,43072,43073,43074,43075,43076,43077,43078,43079
40000,4000000,'0_5',36890,36891,36892,36893,36894,36895,36896,36897,36898,36899,36900,36901,36902,36903,36904,36905,36906,36907,36908,36909,36910,36911,36912,36913,36914,36915,36916,36917,36918,36919,36920,36921,36922,36923,36924,36925,36926,36927,36928,36929,36930,36931,36932,36933,36934
40000,4000000,'2_6',36980,36981,36982,36983,36984,36985,36986,36987,36988,36989,36990,36991,36992,36993,36994,36995,36996,36997,36998,36999,37000,37001,37002,37003,37004,37005,37006,37007,37008,37009,37010,37011,37012,37013,37014,37015,37016,37017,37018,37019,37020,37021,37022,37023,37024
40000,4000000,'3_7',37025,37026,37027,37028,37029,37030,37031,37032,37033,37034,37035
40000,4000000,'5_1',38269,38270,38271,38272,38273,38274,38275,38276,38277,38278,38279,38280,38281,38282,38283,38284,38285,38286,38287,38288,38289,38290,38291,38292,38293,38294,38295,38296,38297,38298,38299,38300,38301,38302,38303,38304,38305,38306,38307,38308,38309,38310,38311,38312,38313
40000,4000000,'5_2',43080,43081,43082,43083,43084,43085,43086,43087,43088,43089,43090,43091,43092,43093,43094,43095,43096,43097,43098,43099,43100,43101,43102,43103,43104,43105,43106,43107,43108,43109,43110,43111,43112,43113,43114,43115,43116,43117,43118,43119,43120,43121,43122,43123,43124
40000,4000000,'5_3',43125,43126,43127,43128,43129,43130,43131,43132,43133,43134,43135,43136,43137,43138,43139,43140,43141,43142,43143,43144,43145,43146,43147,43148,43149,43150,43151,43152,43153,43154,43155,43156,43157,43158,43159,43160,43161,43162,43163,43164,43165,43166,43167,43168,43169
40000,4000000,'5_4',43170,43171,43172,43173,43174,43175,43176,43177,43178,43179,43180,43181,43182,43183,43184,43185,43186,43187,43188,43189,43190,43191,43192,43193,43194,43195,43196,43197,43198,43199,43200,43201,43202,43203,43204,43205,43206,43207,43208,43209,43210,43211,43212,43213,43214
40000,4000000,'5_5',43215,43216,43217,43218,43219,43220,43221,43222,43223,43224,43225,43226,43227,43228,43229,43230,43231,43232,43233,43234,43235,43236,43237,43238,43239,43240,43241,43242,43243,43244,43245,43246,43247,43248,43249,43250,43251,43252,43253,43254,43255,43256,43257,43258,43259
40000,4000000,'6_1',43260,43261,43262,43263,43264,43265,43266,43267,43268,43269,43270,43271,43272,43273,43274,43275,43276,43277,43278,43279,43280,43281,43282,43283,43284,43285,43286,43287,43288,43289,43290,43291,43292,43293,43294,43295,43296,43297,43298,43299,43300,43301,43302,43303,43304
40000,4000001,'0_5',37176,37177,37178,37179,37180,37181,37182,37183,37184,37185,37186,37187,37188,37189,37190,37191,37192,37193,37194,37195,37196,37197,37198,37199,37200,37201,37202,37203,37204,37205,37206,37207,37208,37209,37210,37211,37212,37213,37214,37215,37216,37217,37218
40000,4000001,'2_6',37262,37263,37264,37265,37266,37267,37268,37269,37270,37271,37272,37273,37274,37275,37276,37277,37278,37279,37280,37281,37282,37283,37284,37285,37286,37287,37288,37289,37290,37291,37292,37293,37294,37295,37296,37297,37298,37299,37300,37301,37302,37303,37304
40000,4000001,'3_7',37305,37306,37307,37308,37309,37310,37311,37312,37313,37314
40000,4000001,'5_1',38314,38315,38316,38317,38318,38319,38320,38321,38322,38323,38324,38325,38326,38327,38328,38329,38330,38331,38332,38333,38334,38335,38336,38337,38338,38339,38340,38341,38342,38343,38344,38345,38346,38347,38348,38349,38350,38351,38352,38353,38354,38355,38356
40000,4000001,'5_2',43305,43306,43307,43308,43309,43310,43311,43312,43313,43314,43315,43316,43317,43318,43319,43320,43321,43322,43323,43324,43325,43326,43327,43328,43329,43330,43331,43332,43333,43334,43335,43336,43337,43338,43339,43340,43341,43342,43343,43344,43345,43346,43347
40000,4000001,'5_3',43348,43349,43350,43351,43352,43353,43354,43355,43356,43357,43358,43359,43360,43361,43362,43363,43364,43365,43366,43367,43368,43369,43370,43371,43372,43373,43374,43375,43376,43377,43378,43379,43380,43381,43382,43383,43384,43385,43386,43387,43388,43389,43390
40000,4000001,'5_4',43391,43392,43393,43394,43395,43396,43397,43398,43399,43400,43401,43402,43403,43404,43405,43406,43407,43408,43409,43410,43411,43412,43413,43414,43415,43416,43417,43418,43419,43420,43421,43422,43423,43424,43425,43426,43427,43428,43429,43430,43431,43432,43433
40000,4000001,'5_5',43434,43435,43436,43437,43438,43439,43440,43441,43442,43443,43444,43445,43446,43447,43448,43449,43450,43451,43452,43453,43454,43455,43456,43457,43458,43459,43460,43461,43462,43463,43464,43465,43466,43467,43468,43469,43470,43471,43472,43473,43474,43475,43476
40000,4000001,'6_1',43477,43478,43479,43480,43481,43482,43483,43484,43485,43486,43487,43488,43489,43490,43491,43492,43493,43494,43495,43496,43497,43498,43499,43500,43501,43502,43503,43504,43505,43506,43507,43508,43509,43510,43511,43512,43513,43514,43515,43516,43517,43518,43519
