501,'0_6',739,,65511,25,,,0,99,,65512,25,,,0,98,,65513,25,,,0,102,,65514,25,,,0,99,,65515,25,,,0,98,,65516,25,,,0,80,,65517,25,,,0,38,,65518,25,,,0,97,,65519,25,,,0,102,,65520,25,,,0,101,,65521,25,,,0,74,,65522,25,,,0,28,,65523,25,,,0,98,,65524,25,,,0,97,,65525,25,,,0
501,'1_7',1125,,65526,25,,,0,191,,65527,25,,,0,191,,65528,25,,,0,144,,65529,25,,,0,191,,65530,25,,,0
501,'2_1',739,,65531,25,,,0,99,,65532,25,,,0,98,,65533,25,,,0,102,,65534,25,,,0,99,,65535,25,,,0,98,,65536,25,,,0,80,,65537,25,,,0,38,,65538,25,,,0,97,,65539,25,,,0,102,,65540,25,,,0,101,,65541,25,,,0,74,,65542,25,,,0,28,,65543,25,,,0,98,,65544,25,,,0,97,,65545,25,,,0
501,'2_2',739,,65546,25,,,0,99,,65547,25,,,0,98,,65548,25,,,0,102,,65549,25,,,0,99,,65550,25,,,0,98,,65551,25,,,0,80,,65552,25,,,0,38,,65553,25,,,0,97,,65554,25,,,0,102,,65555,25,,,0,101,,65556,25,,,0,74,,65557,25,,,0,28,,65558,25,,,0,98,,65559,25,,,0,97,,65560,25,,,0
501,'2_3',739,,65561,25,,,0,99,,65562,25,,,0,98,,65563,25,,,0,102,,65564,25,,,0,99,,65565,25,,,0,98,,65566,25,,,0,80,,65567,25,,,0,38,,65568,25,,,0,97,,65569,25,,,0,102,,65570,25,,,0,101,,65571,25,,,0,74,,65572,25,,,0,28,,65573,25,,,0,98,,65574,25,,,0,97,,65575,25,,,0
501,'2_4',739,,65576,25,,,0,99,,65577,25,,,0,98,,65578,25,,,0,102,,65579,25,,,0,99,,65580,25,,,0,98,,65581,25,,,0,80,,65582,25,,,0,38,,65583,25,,,0,97,,65584,25,,,0,102,,65585,25,,,0,101,,65586,25,,,0,74,,65587,25,,,0,28,,65588,25,,,0,98,,65589,25,,,0,97,,65590,25,,,0
501,'2_5',739,,65591,25,,,0,99,,65592,25,,,0,98,,65593,25,,,0,102,,65594,25,,,0,99,,65595,25,,,0,98,,65596,25,,,0,80,,65597,25,,,0,38,,65598,25,,,0,97,,65599,25,,,0,102,,65600,25,,,0,101,,65601,25,,,0,74,,65602,25,,,0,28,,65603,25,,,0,98,,65604,25,,,0,97,,65605,25,,,0
501,'3_1',739,,65606,25,,,0,99,,65607,25,,,0,98,,65608,25,,,0,102,,65609,25,,,0,99,,65610,25,,,0,98,,65611,25,,,0,80,,65612,25,,,0,38,,65613,25,,,0,97,,65614,25,,,0,102,,65615,25,,,0,101,,65616,25,,,0,74,,65617,25,,,0,28,,65618,25,,,0,98,,65619,25,,,0,97,,65620,25,,,0
501,'3_3',739,,65621,25,,,0,99,,65622,25,,,0,98,,65623,25,,,0,102,,65624,25,,,0,99,,65625,25,,,0,98,,65626,25,,,0,80,,65627,25,,,0,38,,65628,25,,,0,97,,65629,25,,,0,102,,65630,25,,,0,101,,65631,25,,,0,74,,65632,25,,,0,28,,65633,25,,,0,98,,65634,25,,,0,97,,65635,25,,,0
501,'3_4',739,,65636,25,,,0,99,,65637,25,,,0,98,,65638,25,,,0,102,,65639,25,,,0,99,,65640,25,,,0,98,,65641,25,,,0,80,,65642,25,,,0,38,,65643,25,,,0,97,,65644,25,,,0,102,,65645,25,,,0,101,,65646,25,,,0,74,,65647,25,,,0,28,,65648,25,,,0,98,,65649,25,,,0,97,,65650,25,,,0
501,'3_5',739,,65651,25,,,0,99,,65652,25,,,0,98,,65653,25,,,0,102,,65654,25,,,0,99,,65655,25,,,0,98,,65656,25,,,0,80,,65657,25,,,0,38,,65658,25,,,0,97,,65659,25,,,0,102,,65660,25,,,0,101,,65661,25,,,0,74,,65662,25,,,0,28,,65663,25,,,0,98,,65664,25,,,0,97,,65665,25,,,0
501,'4_7',1125,,65666,25,,,0,191,,65667,25,,,0,191,,65668,25,,,0,144,,65669,25,,,0,191,,65670,25,,,0
