400,'S2-0_6',726,,55407,14,0,40,0,95,,55399,14,0,40,0,30,,55388,26,0,40,0,70,,55387,14,0,40,0,30,,55386,14,0,40,0,72,,55389,14,0,40,0,31,,55403,26,0,40,0,71,,55390,14,0,40,0,30,,55391,14,0,40,0,71,,55409,14,0,40,0,29,,55406,26,0,40,0,70,,55392,14,0,40,0,30,,55393,14,0,40,0,68,,55394,14,0,40,0,28,,55396,26,0,40,0,71,,55397,14,0,40,0,34,,55395,14,0,40,0,73,,55408,14,0,40,0,25,,55400,26,0,40,0,63,,55404,14,0,40,0,29,,55405,14,0,40,0,76,,55401,14,0,40,0,30,,55402,26,0,40,0,85,,55398,26,0,40,0
400,'S2-1_7',832,,55410,26,0,40,0,125,,55411,26,0,40,0,165,,55412,26,0,40,0,200,,55413,26,0,40,0,126,,55414,26,0,40,0,165,,55415,26,0,40,0,126,,55416,26,0,40,0,165,,55417,26,0,40,0
400,'S2-2_1',711,,55442,14,,,0,35,,55439,14,0,40,0,75,,55433,14,0,40,0,30,,55420,26,0,40,0,70,,55419,14,0,40,0,29,,55418,14,0,40,0,77,,55421,14,0,40,0,28,,55440,26,0,40,0,70,,55422,14,0,40,0,75,,55423,14,0,40,0,32,,55436,14,0,40,0,23,,55434,26,0,40,0,70,,55424,14,0,40,0,30,,55425,14,0,40,0,66,,55426,14,0,40,0,30,,55428,26,0,40,0,71,,55429,14,0,40,0,34,,55427,14,0,40,0,73,,55438,14,,,0,29,,55435,26,0,40,0,68,,55430,14,0,40,0,25,,55431,26,,,0,71,,55437,14,0,40,0,35,,55441,26,0,40,0,86,,55432,26,0,40,0
400,'S2-2_2',711,,55467,14,,,0,35,,55464,14,0,40,0,75,,55458,14,0,40,0,30,,55445,26,0,40,0,70,,55444,14,0,40,0,29,,55443,14,0,40,0,77,,55446,14,0,40,0,28,,55465,26,0,40,0,70,,55447,14,0,40,0,75,,55448,14,0,40,0,32,,55461,14,0,40,0,23,,55459,26,0,40,0,70,,55449,14,0,40,0,30,,55450,14,0,40,0,66,,55451,14,0,40,0,30,,55453,26,0,40,0,71,,55454,14,0,40,0,34,,55452,14,0,40,0,73,,55463,14,,,0,29,,55460,26,0,40,0,68,,55455,14,0,40,0,25,,55456,26,,,0,71,,55462,14,0,40,0,35,,55466,26,0,40,0,86,,55457,26,0,40,0
400,'S2-2_3',711,,55492,14,,,0,35,,55489,14,0,40,0,75,,55483,14,0,40,0,30,,55470,26,0,40,0,70,,55469,14,0,40,0,29,,55468,14,0,40,0,77,,55471,14,0,40,0,28,,55490,26,0,40,0,70,,55472,14,0,40,0,75,,55473,14,0,40,0,32,,55486,14,0,40,0,23,,55484,26,0,40,0,70,,55474,14,0,40,0,30,,55475,14,0,40,0,66,,55476,14,0,40,0,30,,55478,26,0,40,0,71,,55479,14,0,40,0,34,,55477,14,0,40,0,73,,55488,14,,,0,29,,55485,26,0,40,0,68,,55480,14,0,40,0,25,,55481,26,,,0,71,,55487,14,0,40,0,35,,55491,26,0,40,0,86,,55482,26,0,40,0
400,'S2-2_4',711,,55517,14,,,0,35,,55514,14,0,40,0,75,,55508,14,0,40,0,30,,55495,26,0,40,0,70,,55494,14,0,40,0,29,,55493,14,0,40,0,77,,55496,14,0,40,0,28,,55515,26,0,40,0,70,,55497,14,0,40,0,75,,55498,14,0,40,0,32,,55511,14,0,40,0,23,,55509,26,0,40,0,70,,55499,14,0,40,0,30,,55500,14,0,40,0,66,,55501,14,0,40,0,30,,55503,26,0,40,0,71,,55504,14,0,40,0,34,,55502,14,0,40,0,73,,55513,14,,,0,29,,55510,26,0,40,0,68,,55505,14,0,40,0,25,,55506,26,,,0,71,,55512,14,0,40,0,35,,55516,26,0,40,0,86,,55507,26,0,40,0
400,'S2-2_5',711,,55542,14,,,0,35,,55539,14,0,40,0,75,,55533,14,0,40,0,30,,55520,26,0,40,0,70,,55519,14,0,40,0,29,,55518,14,0,40,0,77,,55521,14,0,40,0,28,,55540,26,0,40,0,70,,55522,14,0,40,0,75,,55523,14,0,40,0,32,,55536,14,0,40,0,23,,55534,26,0,40,0,70,,55524,14,0,40,0,30,,55525,14,0,40,0,66,,55526,14,0,40,0,30,,55528,26,0,40,0,71,,55529,14,0,40,0,34,,55527,14,0,40,0,73,,55538,14,,,0,29,,55535,26,0,40,0,68,,55530,14,0,40,0,25,,55531,26,,,0,71,,55537,14,0,40,0,35,,55541,26,0,40,0,86,,55532,26,0,40,0
400,'S2-3_1',711,,55567,14,,,0,35,,55564,14,0,40,0,75,,55558,14,0,40,0,30,,55545,26,0,40,0,70,,55544,14,0,40,0,29,,55543,14,0,40,0,77,,55546,14,0,40,0,28,,55565,26,0,40,0,70,,55547,14,0,40,0,75,,55548,14,0,40,0,32,,55561,14,0,40,0,23,,55559,26,0,40,0,70,,55549,14,0,40,0,30,,55550,14,0,40,0,66,,55551,14,0,40,0,30,,55553,26,0,40,0,71,,55554,14,0,40,0,34,,55552,14,0,40,0,73,,55563,14,,,0,29,,55560,26,0,40,0,68,,55555,14,0,40,0,25,,55556,26,,,0,71,,55562,14,0,40,0,35,,55566,26,0,40,0,86,,55557,26,0,40,0
400,'S2-3_3',711,,55592,14,,,0,35,,55589,14,0,40,0,75,,55583,14,0,40,0,30,,55570,26,0,40,0,70,,55569,14,0,40,0,29,,55568,14,0,40,0,77,,55571,14,0,40,0,28,,55590,26,0,40,0,70,,55572,14,0,40,0,75,,55573,14,0,40,0,32,,55586,14,0,40,0,23,,55584,26,0,40,0,70,,55574,14,0,40,0,30,,55575,14,0,40,0,66,,55576,14,0,40,0,30,,55578,26,0,40,0,71,,55579,14,0,40,0,34,,55577,14,0,40,0,73,,55588,14,,,0,29,,55585,26,0,40,0,68,,55580,14,0,40,0,25,,55581,26,,,0,71,,55587,14,0,40,0,35,,55591,26,0,40,0,86,,55582,26,0,40,0
400,'S2-3_4',711,,55617,14,,,0,35,,55614,14,0,40,0,75,,55608,14,0,40,0,30,,55595,26,0,40,0,70,,55594,14,0,40,0,29,,55593,14,0,40,0,77,,55596,14,0,40,0,28,,55615,26,0,40,0,70,,55597,14,0,40,0,75,,55598,14,0,40,0,32,,55611,14,0,40,0,23,,55609,26,0,40,0,70,,55599,14,0,40,0,30,,55600,14,0,40,0,66,,55601,14,0,40,0,30,,55603,26,0,40,0,71,,55604,14,0,40,0,34,,55602,14,0,40,0,73,,55613,14,,,0,29,,55610,26,0,40,0,68,,55605,14,0,40,0,25,,55606,26,,,0,71,,55612,14,0,40,0,35,,55616,26,0,40,0,86,,55607,26,0,40,0
400,'S2-4_7',832,,55618,26,0,40,0,125,,55619,26,0,40,0,165,,55620,26,0,40,0,200,,55621,26,0,40,0,126,,55622,26,0,40,0,165,,55623,26,0,40,0,126,,55624,26,0,40,0,165,,55625,26,0,40,0
901000,'S2-3_4',2028,,58659,3,4,,0,20,,58660,3,4,,0,60,,58661,3,4,,0,10,,58662,3,4,,0,10,,58663,3,4,,0,10,,58664,3,4,,0,10,,58665,3,4,,0,10,,58666,3,4,,0,50,,58667,3,4,,0,10,,58668,3,4,,0,10,,58669,3,4,,0,10,,58670,3,4,,0,10,,58671,3,4,,0,10,,58672,3,4,,0,50,,58673,3,4,,0,10,,58674,3,4,,0,10,,58675,3,4,,0,10,,58676,3,4,,0
