800,'S2-5_1',704,,24306,15,,,0,33,,24307,15,,,0,67,,24308,15,,,0,31,,24309,15,,,0,80,,24310,15,,,0,110,,24311,15,,,0,117,,24312,15,,,0,111,,24313,15,,,0,150,,24314,15,,,0,112,,24316,15,,,0,110,,24315,15,,,0
800,'S2-5_2',704,,24317,15,,,0,33,,24318,15,,,0,67,,24319,15,,,0,31,,24320,15,,,0,80,,24321,15,,,0,110,,24322,15,,,0,117,,24323,15,,,0,111,,24324,15,,,0,150,,24325,15,,,0,112,,24327,15,,,0,110,,24326,15,,,0
800,'S2-5_4',704,,24328,15,,,0,33,,24329,15,,,0,67,,24330,15,,,0,31,,24331,15,,,0,80,,24332,15,,,0,110,,24333,15,,,0,117,,24334,15,,,0,111,,24335,15,,,0,150,,24336,15,,,0,112,,24338,15,,,0,110,,24337,15,,,0
800,'S2-5_5',704,,24339,15,,,0,33,,24340,15,,,0,67,,24341,15,,,0,31,,24342,15,,,0,80,,24343,15,,,0,110,,24344,15,,,0,117,,24345,15,,,0,111,,24346,15,,,0,150,,24347,15,,,0,112,,24349,15,,,0,110,,24348,15,,,0
800,'S2-6_3',704,,24350,15,,,0,33,,24351,15,,,0,67,,24352,15,,,0,31,,24353,15,,,0,80,,24354,15,,,0,110,,24355,15,,,0,117,,24356,15,,,0,111,,24357,15,,,0,150,,24358,15,,,0,112,,24360,15,,,0,110,,24359,15,,,0
2200,'S2-5_1',709,,25423,10,0,11 15 16,0,20,,25429,10,0,17,0,102,,25424,10,0,11 15 16,0,513,,25426,10,0,42,0,305,,25427,10,0,42,0,63,,25425,10,0,11 15 16,0,37,,25428,10,0,42,0
2200,'S2-5_2',709,,25430,10,0,11 15 16,0,20,,25436,10,0,17,0,102,,25431,10,0,11 15 16,0,513,,25433,10,0,42,0,305,,25434,10,0,42,0,63,,25432,10,0,11 15 16,0,37,,25435,10,0,42,0
2200,'S2-5_4',709,,25437,10,0,11 15 16,0,20,,25443,10,0,17,0,102,,25438,10,0,11 15 16,0,513,,25440,10,0,42,0,305,,25441,10,0,42,0,63,,25439,10,0,11 15 16,0,37,,25442,10,0,42,0
2200,'S2-5_5',709,,25444,10,0,11 15 16,0,20,,25450,10,0,17,0,102,,25445,10,0,11 15 16,0,513,,25447,10,0,42,0,305,,25448,10,0,42,0,63,,25446,10,0,11 15 16,0,37,,25449,10,0,42,0
2200,'S2-6_3',709,,25451,10,0,11 15 16,0,20,,25455,10,0,17,0,102,,25452,10,0,11 15 16,0,513,,25454,10,0,42,0,368,,25453,10,0,11 15 16,0
2401,'S2-5_1',1641,,25537,23,,,0,104,,25538,23,,,0,94,,25539,23,,,0
2401,'S2-5_2',1641,,25541,23,,,0,104,,25542,23,,,0,94,,25543,23,,,0
2401,'S2-5_4',1641,,25545,23,,,0,104,,25546,23,,,0,94,,25547,23,,,0
2401,'S2-5_5',1641,,25549,23,,,0,104,,25550,23,,,0,94,,25551,23,,,0
2401,'S2-6_3',1303,,25553,23,,,0
