701,'0_6',701,,66147,1,,,0,110,,66148,1,,,0,109,,66149,1,,,0,110,,66150,1,,,0,112,,66151,1,,,0,109,,66152,1,,,0,149,,66153,1,,,0,111,,66154,1,,,0,110,,66155,1,,,0,110,,66145,1,,,0,111,,66146,1,,,0
701,'2_1',658,,66156,1,,,0,153,,66157,1,,,0,109,,66158,1,,,0,110,,66159,1,,,0,111,,66160,1,,,0,110,,66161,1,,,0,108,,66162,1,,,0,148,,66163,1,,,0,110,,66164,1,,,0,110,,66165,1,,,0,114,,66166,1,,,0
701,'2_2',658,,66167,1,,,0,153,,66168,1,,,0,109,,66169,1,,,0,110,,66170,1,,,0,111,,66171,1,,,0,110,,66172,1,,,0,108,,66173,1,,,0,148,,66174,1,,,0,110,,66175,1,,,0,110,,66176,1,,,0,114,,66177,1,,,0
701,'2_3',658,,66178,1,,,0,153,,66179,1,,,0,109,,66180,1,,,0,110,,66181,1,,,0,111,,66182,1,,,0,110,,66183,1,,,0,108,,66184,1,,,0,148,,66185,1,,,0,110,,66186,1,,,0,110,,66187,1,,,0,114,,66188,1,,,0
701,'2_4',658,,66189,1,,,0,153,,66190,1,,,0,109,,66191,1,,,0,110,,66192,1,,,0,111,,66193,1,,,0,110,,66194,1,,,0,108,,66195,1,,,0,148,,66196,1,,,0,110,,66197,1,,,0,110,,66198,1,,,0,114,,66199,1,,,0
701,'2_5',658,,66200,1,,,0,153,,66201,1,,,0,109,,66202,1,,,0,110,,66203,1,,,0,111,,66204,1,,,0,110,,66205,1,,,0,108,,66206,1,,,0,148,,66207,1,,,0,110,,66208,1,,,0,110,,66209,1,,,0,114,,66210,1,,,0
701,'3_1',658,,66211,1,,,0,153,,66212,1,,,0,109,,66213,1,,,0,110,,66214,1,,,0,111,,66215,1,,,0,110,,66216,1,,,0,108,,66217,1,,,0,148,,66218,1,,,0,110,,66219,1,,,0,110,,66220,1,,,0,114,,66221,1,,,0
701,'3_3',658,,66222,1,,,0,153,,66223,1,,,0,109,,66224,1,,,0,110,,66225,1,,,0,111,,66226,1,,,0,110,,66227,1,,,0,108,,66228,1,,,0,148,,66229,1,,,0,110,,66230,1,,,0,110,,66231,1,,,0,114,,66232,1,,,0
701,'3_4',658,,66233,1,,,0,153,,66234,1,,,0,109,,66235,1,,,0,110,,66236,1,,,0,111,,66237,1,,,0,110,,66238,1,,,0,108,,66239,1,,,0,148,,66240,1,,,0,110,,66241,1,,,0,110,,66242,1,,,0,114,,66243,1,,,0
701,'3_5',658,,66244,1,,,0,153,,66245,1,,,0,109,,66246,1,,,0,110,,66247,1,,,0,111,,66248,1,,,0,110,,66249,1,,,0,108,,66250,1,,,0,148,,66251,1,,,0,110,,66252,1,,,0,110,,66253,1,,,0,114,,66254,1,,,0
