400,'25j05H-Dimanche',924,,1501,0,36,0,100,,1502,0,36,0,100,,1503,0,36,0,100,,1504,0,36,0,100,,1505,0,36,0,100,,1506,0,36,0,100,,1507,0,36,0,100,,1508,0,36,0,100,,1509,0,36,0,100,,1510,0,36,0
400,'25j26H-Dimanche',924,,1514,0,36,0,100,,1515,0,36,0,100,,1516,0,36,0,100,,1517,0,36,0,100,,1518,0,36,0,100,,1519,0,36,0,100,,1520,0,36,0,100,,1521,0,36,0,100,,1522,0,36,0,100,,1523,0,36,0
400,'26a05H-Samedi',725,,1585,0,36,0,104,,1586,0,36,0,74,,1579,0,36,0,27,,1587,0,36,0,72,,1588,0,36,0,30,,1589,0,36,0,71,,1580,0,36,0,31,,1590,0,36,0,69,,1592,0,36,0,30,,1591,0,36,0,69,,1581,0,36,0,31,,1593,0,36,0,70,,1594,0,36,0,29,,1595,0,36,0,73,,1582,0,36,0,32,,1596,0,36,0,69,,1597,0,36,0,30,,1598,0,36,0,72,,1583,0,36,0,35,,1599,0,36,0,71,,1600,0,36,0,31,,1601,0,36,0,69,,1584,0,36,0,31,,1602,0,36,0
400,'26a05H-Mercredi',725,,1625,0,40,0,15,,1632,0,36,0,15,,1603,0,36,0,54,,1604,0,36,0,16,,1627,0,36,0,16,,1605,0,36,0,14,,1606,0,36,0,70,,1607,0,36,0,80,,1608,0,36,0,31,,1609,0,36,0,70,,1610,0,36,0,35,,1611,0,36,0,75,,1612,0,36,0,23,,1630,,,0,66,,1628,0,36,0,30,,1613,0,36,0,67,,1614,0,36,0,28,,1617,0,36,0,75,,1615,0,36,0,30,,1618,0,36,0,75,,1616,0,36,0,30,,1633,0,36,0,65,,1619,0,36,0,5,,1629,0,36,0,15,,1620,0,36,0,15,,1634,,,0,15,,1621,0,36,0,65,,1622,0,36,0,20,,1631,,,0,74,,1623,0,36,0,25,,1624,0,36,0
400,'26a05H-L-Ma-J-V',725,,1657,0,40,0,15,,1664,0,36,0,15,,1635,0,36,0,54,,1636,0,36,0,16,,1659,0,36,0,16,,1637,0,36,0,14,,1638,0,36,0,70,,1639,0,36,0,80,,1640,0,36,0,31,,1641,0,36,0,70,,1642,0,36,0,35,,1643,0,36,0,75,,1644,0,36,0,23,,1662,,,0,66,,1660,0,36,0,30,,1645,0,36,0,67,,1646,0,36,0,28,,1649,0,36,0,75,,1647,0,36,0,30,,1650,0,36,0,75,,1648,0,36,0,30,,1665,0,36,0,65,,1651,0,36,0,5,,1661,0,36,0,15,,1652,0,36,0,15,,1666,,,0,15,,1653,0,36,0,65,,1654,0,36,0,20,,1663,,,0,74,,1655,0,36,0,25,,1656,0,36,0
400,'26b23V-Semaine',724,,1687,0,36,0,14,,1693,0,36,0,17,,1667,0,36,0,55,,1668,0,36,0,13,,1688,0,36,0,17,,1669,0,36,0,15,,1670,0,36,0,77,,1671,0,36,0,73,,1672,0,36,0,30,,1673,0,36,0,71,,1674,0,36,0,35,,1675,0,36,0,74,,1676,0,36,0,25,,1691,0,36,0,65,,1689,0,36,0,31,,1677,0,36,0,69,,1678,0,36,0,25,,1681,0,36,0,76,,1679,0,36,0,30,,1682,0,36,0,75,,1680,0,36,0,30,,1694,0,36,0,70,,1690,0,36,0,30,,1683,0,36,0,75,,1684,0,36,0,24,,1692,,,0,70,,1685,0,36,0,30,,1686,0,36,0
400,'26c02V-Semaine',724,,1715,0,36,0,14,,1721,0,36,0,17,,1695,0,36,0,55,,1696,0,36,0,13,,1716,0,36,0,17,,1697,0,36,0,15,,1698,0,36,0,77,,1699,0,36,0,73,,1700,0,36,0,30,,1701,0,36,0,71,,1702,0,36,0,35,,1703,0,36,0,74,,1704,0,36,0,25,,1719,0,36,0,65,,1717,0,36,0,31,,1705,0,36,0,69,,1706,0,36,0,25,,1709,0,36,0,76,,1707,0,36,0,30,,1710,0,36,0,75,,1708,0,36,0,30,,1722,0,36,0,70,,1718,0,36,0,30,,1711,0,36,0,75,,1712,0,36,0,24,,1720,,,0,70,,1713,0,36,0,30,,1714,0,36,0
500,'26a05H-Samedi',755,,1990,,,0,100,,1979,,,0,100,,1980,,,0,100,,1981,,,0,100,,1982,,,0,95,,1983,,,0,99,,1984,,,0,100,,1985,,,0,100,,1986,,,0,100,,1987,,,0,100,,1988,,,0,190,,1989,,,0
500,'26a05H-Mercredi',725,,2002,,,0,20,,2003,,,0,80,,2004,,,0,77,,1991,,,0,104,,1992,,,0,100,,1993,,,0,105,,1994,,,0,99,,1995,,,0,44,,1996,,,0,94,,1997,,,0,100,,1998,,,0,103,,1999,,,0,107,,2000,,,0,100,,2005,,,0,98,,2001,,,0
500,'26a05H-L-Ma-J-V',725,,2017,,,0,20,,2018,,,0,80,,2019,,,0,77,,2006,,,0,104,,2007,,,0,100,,2008,,,0,105,,2009,,,0,99,,2010,,,0,44,,2011,,,0,94,,2012,,,0,100,,2013,,,0,103,,2014,,,0,107,,2015,,,0,100,,2020,,,0,98,,2016,,,0
500,'26b23V-Semaine',725,,2021,,,0,100,,2022,,,0,77,,2023,,,0,104,,2024,,,0,100,,2025,,,0,105,,2026,,,0,99,,2027,,,0,44,,2028,,,0,94,,2029,,,0,100,,2030,,,0,103,,2031,,,0,107,,2032,,,0,100,,2033,,,0,98,,2034,,,0
500,'26c02V-Semaine',725,,2035,,,0,100,,2036,,,0,77,,2037,,,0,104,,2038,,,0,100,,2039,,,0,105,,2040,,,0,99,,2041,,,0,44,,2042,,,0,94,,2043,,,0,100,,2044,,,0,103,,2045,,,0,107,,2046,,,0,100,,2047,,,0,98,,2048,,,0
600,'25j05H-Dimanche',1105,,2140,0,22 23,0,295,,2141,0,22 23,0,215,,2142,0,22 23,0,215,,2143,0,22 23,0
600,'25j26H-Dimanche',1105,,2144,0,22 23,0,295,,2145,0,22 23,0,215,,2146,0,22 23,0,215,,2147,0,22 23,0
600,'26a05H-Samedi',813,,2179,0,22 23,0,94,,2181,0,22 23,0,93,,2182,0,22 23,0,48,,2183,0,22 23,0,90,,2184,0,22 23,0,87,,2185,0,22 23,0,88,,2186,0,22 23,0,90,,2187,0,22 23,0,49,,2188,0,22 23,0,99,,2189,0,22 23,0,91,,2190,0,22 23,0,92,,2191,0,22 23,0,90,,2192,0,22 23,0,90,,2193,0,22 23,0,40,,2180,0,22 23,0
600,'26a05H-Mercredi',728,,2194,,,0,24,,2208,0,22 23,0,93,,2195,,,0,106,,2196,0,22 23,0,100,,2197,0,22 23,0,89,,2198,0,22 23,0,110,,2199,0,22 23,0,151,,2200,0,22 23,0,56,,2209,0,22 23,0,90,,2201,0,22 23,0,102,,2202,0,22 23,0,89,,2203,0,22 23,0,78,,2204,0,22 23,0,27,,2205,0,22 23,0,68,,2206,0,22 23,0,39,,2207,0,22 23,0
600,'26a05H-L-Ma-J-V',728,,2210,,,0,24,,2224,0,22 23,0,93,,2211,,,0,106,,2212,0,22 23,0,100,,2213,0,22 23,0,89,,2214,0,22 23,0,110,,2215,0,22 23,0,151,,2216,0,22 23,0,56,,2225,0,22 23,0,90,,2217,0,22 23,0,102,,2218,0,22 23,0,89,,2219,0,22 23,0,78,,2220,0,22 23,0,27,,2221,0,22 23,0,68,,2222,0,22 23,0,39,,2223,0,22 23,0
600,'26b23V-Semaine',728,,2226,0,22 23,0,24,,2239,0,22 23,0,81,,2227,0,22 23,0,92,,2228,0,22 23,0,98,,2229,0,22 23,0,93,,2230,0,22 23,0,84,,2240,0,22 23,0,51,,2231,0,22 23,0,105,,2232,0,22 23,0,93,,2233,0,22 23,0,97,,2234,0,22 23,0,94,,2235,0,22 23,0,87,,2241,0,22 23,0,94,,2236,0,22 23,0,93,,2237,0,22 23,0,40,,2238,0,22 23,0
600,'26c02V-Semaine',728,,2242,0,22 23,0,24,,2255,0,22 23,0,81,,2243,0,22 23,0,92,,2244,0,22 23,0,98,,2245,0,22 23,0,93,,2246,0,22 23,0,84,,2256,0,22 23,0,51,,2247,0,22 23,0,105,,2248,0,22 23,0,93,,2249,0,22 23,0,97,,2250,0,22 23,0,94,,2251,0,22 23,0,87,,2257,0,22 23,0,94,,2252,0,22 23,0,93,,2253,0,22 23,0,40,,2254,0,22 23,0
2500,'25j05H-Dimanche',907,,3723,,,0,200,,3724,,,0,335,,3725,,,0,300,,3726,,,0
2500,'25j26H-Dimanche',907,,3727,,,0,200,,3728,,,0,335,,3729,,,0,300,,3730,,,0
2500,'26a05H-Samedi',735,,3752,,,0,112,,3753,,,0,167,,3754,,,0,113,,3755,,,0,128,,3756,,,0,152,,3757,,,0,132,,3758,,,0,120,,3759,,,0,161,,3760,,,0,115,,3761,,,0
2500,'26a05H-Mercredi',734,,3762,,,0,72,,3763,,,0,41,,3764,,,0,112,,3765,,,0,152,,3766,,,0,130,,3767,,,0,116,,3768,,,0,156,,3769,,,0,44,,3770,,,0,85,,3771,,,0,109,,3772,,,0,85,,3773,,,0,112,,3774,,,0
2500,'26a05H-L-Ma-J-V',734,,3775,,,0,72,,3776,,,0,41,,3777,,,0,112,,3778,,,0,152,,3779,,,0,130,,3780,,,0,116,,3781,,,0,156,,3782,,,0,44,,3783,,,0,85,,3784,,,0,109,,3785,,,0,85,,3786,,,0,112,,3787,,,0
2500,'26b23V-Semaine',733,,3788,,,0,72,,3798,,,0,40,,3789,,,0,169,,3790,,,0,113,,3791,,,0,128,,3792,,,0,152,,3793,,,0,132,,3794,,,0,120,,3795,,,0,161,,3796,,,0,115,,3797,,,0
2500,'26c02V-Semaine',733,,3799,,,0,72,,3809,,,0,40,,3800,,,0,169,,3801,,,0,113,,3802,,,0,128,,3803,,,0,152,,3804,,,0,132,,3805,,,0,120,,3806,,,0,161,,3807,,,0,115,,3808,,,0
2600,'26a05H-Samedi',735,,3934,,,0,85,,3935,,,0,85,,3936,,,0,45,,3937,,,0,84,,3938,,,0,90,,3939,,,0,84,,3940,,,0,42,,3941,,,0,85,,3942,,,0,85,,3943,,,0,83,,3944,,,0,45,,3945,,,0,90,,3946,,,0,86,,3947,,,0,83,,3948,,,0,45,,3949,,,0,82,,3950,,,0
2600,'26a05H-Mercredi',714,,3951,,,0,13,,3961,,,0,83,,3962,,,0,18,,3963,,,0,84,,3964,,,0,29,,3965,,,0,95,,3952,,,0,99,,3953,,,0,96,,3954,,,0,28,,3955,,,0,70,,3969,,,0,95,,3970,,,0,111,,3956,,,0,85,,3957,,,0,25,,3966,,,0,71,,3967,,,0,21,,3958,,,0,68,,3959,,,0,32,,3960,,,0,68,,3971,,,0
2600,'26a05H-L-Ma-J-V',714,,3973,,,0,13,,3983,,,0,83,,3984,,,0,18,,3985,,,0,84,,3986,,,0,29,,3987,,,0,95,,3974,,,0,99,,3975,,,0,96,,3976,,,0,28,,3977,,,0,70,,3991,,,0,95,,3992,,,0,111,,3978,,,0,85,,3979,,,0,25,,3988,,,0,71,,3989,,,0,21,,3980,,,0,68,,3981,,,0,32,,3982,,,0,68,,3993,,,0
2600,'26b23V-Semaine',735,,3996,,,0,85,,3997,,,0,85,,3998,,,0,45,,3999,,,0,84,,4000,,,0,90,,4001,,,0,84,,4002,,,0,42,,4003,,,0,85,,4004,,,0,85,,4005,,,0,83,,4006,,,0,45,,4007,,,0,90,,4008,,,0,86,,4009,,,0,83,,4010,,,0,45,,4011,,,0,82,,4012,,,0
2600,'26c02V-Semaine',735,,4013,,,0,85,,4014,,,0,85,,4015,,,0,45,,4016,,,0,84,,4017,,,0,90,,4018,,,0,84,,4019,,,0,42,,4020,,,0,85,,4021,,,0,85,,4022,,,0,83,,4023,,,0,45,,4024,,,0,90,,4025,,,0,86,,4026,,,0,83,,4027,,,0,45,,4028,,,0,82,,4029,,,0
2000000,'25j05H-Dimanche',833,,5888,,,0,80,,5889,,,0,40,,5890,,,0,80,,5891,,,0,80,,5892,,,0,40,,5893,,,0,80,,5894,,,0,80,,5895,,,0,40,,5896,,,0,80,,5897,,,0,80,,5898,,,0,40,,5899,,,0,80,,5900,,,0,80,,5901,,,0,40,,5902,,,0,80,,5903,,,0,80,,5904,,,0,40,,5905,,,0
2000000,'25j26H-Dimanche',833,,5906,,,0,80,,5907,,,0,40,,5908,,,0,80,,5909,,,0,80,,5910,,,0,40,,5911,,,0,80,,5912,,,0,80,,5913,,,0,40,,5914,,,0,80,,5915,,,0,80,,5916,,,0,40,,5917,,,0,80,,5918,,,0,80,,5919,,,0,40,,5920,,,0,80,,5921,,,0,80,,5922,,,0,40,,5923,,,0
2000000,'26a05H-Samedi',656,,6020,,,0,82,,6021,,,0,79,,6022,,,0,30,,6023,,,0,60,,6024,,,0,20,,6025,,,0,19,,6026,,,0,58,,6027,,,0,20,,6028,,,0,20,,6029,,,0,59,,6030,,,0,19,,6031,,,0,19,,6032,,,0,60,,6033,,,0,17,,6034,,,0,19,,6035,,,0,18,,6036,,,0,59,,6037,,,0,20,,6038,,,0,19,,6039,,,0,57,,6040,,,0,19,,6041,,,0,21,,6042,,,0,60,,6043,,,0,19,,6044,,,0,19,,6045,,,0,60,,6046,,,0,20,,6047,,,0,20,,6048,,,0,60,,6049,,,0,19,,6050,,,0,20,,6051,,,0,60,,6052,,,0,20,,6053,,,0,17,,6054,,,0,60,,6055,,,0,24,,6056,,,0,24,,6057,,,0,64,,6058,,,0,24,,6059,,,0,65,,6060,,,0
2000000,'26a05H-Mercredi',659,,6097,,,0,65,,6079,,,0,17,,6107,,,0,15,,6063,,,0,54,,6090,,,0,15,,6072,,,0,15,,6099,,,0,15,,6082,,,0,56,,6110,,,0,17,,6064,,,0,16,,6095,,,0,15,,6073,,,0,56,,6100,,,0,16,,6080,,,0,16,,6108,,,0,56,,6065,,,0,16,,6096,,,0,15,,6074,,,0,16,,6101,,,0,57,,6081,,,0,15,,6111,,,0,13,,6066,,,0,15,,6089,,,0,56,,6075,,,0,15,,6098,,,0,15,,6083,,,0,16,,6109,,,0,55,,6068,,,0,15,,6091,,,0,15,,6078,,,0,15,,6103,,,0,55,,6084,,,0,14,,6112,,,0,15,,6069,,,0,15,,6092,,,0,57,,6077,,,0,15,,6102,,,0,15,,6085,,,0,16,,6061,,,0,56,,6113,,,0,18,,6067,,,0,14,,6094,,,0,15,,6076,,,0,55,,6104,,,0,15,,6087,,,0,13,,6062,,,0,13,,6114,,,0,54,,6070,,,0,14,,6093,,,0,13,,6105,,,0,19,,6086,,,0,61,,6115,,,0,20,,6071,,,0,19,,6106,,,0,60,,6088,,,0
2000000,'26a05H-L-Ma-J-V',659,,6154,,,0,65,,6136,,,0,17,,6164,,,0,15,,6120,,,0,54,,6147,,,0,15,,6129,,,0,15,,6156,,,0,15,,6139,,,0,56,,6167,,,0,17,,6121,,,0,16,,6152,,,0,15,,6130,,,0,56,,6157,,,0,16,,6137,,,0,16,,6165,,,0,56,,6122,,,0,16,,6153,,,0,15,,6131,,,0,16,,6158,,,0,57,,6138,,,0,15,,6168,,,0,13,,6123,,,0,15,,6146,,,0,56,,6132,,,0,15,,6155,,,0,15,,6140,,,0,16,,6166,,,0,55,,6125,,,0,15,,6148,,,0,15,,6135,,,0,15,,6160,,,0,55,,6141,,,0,14,,6169,,,0,15,,6126,,,0,15,,6149,,,0,57,,6134,,,0,15,,6159,,,0,15,,6142,,,0,16,,6118,,,0,56,,6170,,,0,18,,6124,,,0,14,,6151,,,0,15,,6133,,,0,55,,6161,,,0,15,,6144,,,0,13,,6119,,,0,13,,6171,,,0,54,,6127,,,0,14,,6150,,,0,13,,6162,,,0,19,,6143,,,0,61,,6172,,,0,20,,6128,,,0,19,,6163,,,0,60,,6145,,,0
2000000,'26b23V-Semaine',659,,6181,,,0,64,,6178,,,0,17,,6183,,,0,15,,6176,,,0,55,,6180,,,0,15,,6177,,,0,15,,6182,,,0,15,,6179,,,0,55,,6184,,,0,15,,6185,,,0,15,,6186,,,0,15,,6187,,,0,55,,6188,,,0,15,,6189,,,0,15,,6190,,,0,15,,6191,,,0,56,,6192,,,0,15,,6193,,,0,15,,6194,,,0,15,,6195,,,0,54,,6196,,,0,15,,6197,,,0,15,,6198,,,0,15,,6199,,,0,55,,6200,,,0,15,,6201,,,0,16,,6202,,,0,15,,6203,,,0,54,,6204,,,0,15,,6205,,,0,15,,6206,,,0,16,,6207,,,0,55,,6208,,,0,15,,6209,,,0,15,,6210,,,0,15,,6211,,,0,55,,6212,,,0,15,,6213,,,0,15,,6214,,,0,15,,6215,,,0,55,,6216,,,0,15,,6217,,,0,15,,6218,,,0,15,,6219,,,0,55,,6220,,,0,15,,6221,,,0,14,,6222,,,0,15,,6223,,,0,55,,6224,,,0,20,,6227,,,0,20,,6228,,,0,60,,6229,,,0,19,,6230,,,0,20,,6225,,,0,60,,6226,,,0
2000000,'26c02V-Semaine',659,,6236,,,0,64,,6233,,,0,17,,6238,,,0,15,,6231,,,0,55,,6235,,,0,15,,6232,,,0,15,,6237,,,0,15,,6234,,,0,55,,6239,,,0,15,,6240,,,0,15,,6241,,,0,15,,6242,,,0,55,,6243,,,0,15,,6244,,,0,15,,6245,,,0,15,,6246,,,0,56,,6247,,,0,15,,6248,,,0,15,,6249,,,0,15,,6250,,,0,54,,6251,,,0,15,,6252,,,0,15,,6253,,,0,15,,6254,,,0,55,,6255,,,0,15,,6256,,,0,16,,6257,,,0,15,,6258,,,0,54,,6259,,,0,15,,6260,,,0,15,,6261,,,0,16,,6262,,,0,55,,6263,,,0,15,,6264,,,0,15,,6265,,,0,15,,6266,,,0,55,,6267,,,0,15,,6268,,,0,15,,6269,,,0,15,,6270,,,0,55,,6271,,,0,15,,6272,,,0,15,,6273,,,0,15,,6274,,,0,55,,6275,,,0,15,,6276,,,0,14,,6277,,,0,15,,6278,,,0,55,,6279,,,0,20,,6282,,,0,20,,6283,,,0,60,,6284,,,0,19,,6285,,,0,20,,6280,,,0,60,,6281,,,0
3000000,'25j05H-Dimanche',809,,6684,,,0,130,,6685,,,0,170,,6692,,,0,130,,6691,,,0,170,,6690,,,0,130,,6688,,,0,170,,6689,,,0,129,,6687,,,0,170,,6686,,,0
3000000,'25j26H-Dimanche',809,,6699,,,0,130,,6700,,,0,170,,6701,,,0,130,,6702,,,0,170,,6703,,,0,130,,6704,,,0,170,,6705,,,0,129,,6706,,,0,170,,6707,,,0
3000000,'26a05H-Samedi',648,,6789,,,0,82,,6790,,,0,81,,6791,,,0,30,,6792,,,0,60,,6793,,,0,20,,6794,,,0,21,,6795,,,0,60,,6796,,,0,20,,6797,,,0,20,,6798,,,0,61,,6799,,,0,19,,6800,,,0,20,,6801,,,0,60,,6802,,,0,19,,6803,,,0,19,,6804,,,0,60,,6805,,,0,20,,6806,,,0,21,,6807,,,0,59,,6808,,,0,21,,6809,,,0,20,,6810,,,0,61,,6811,,,0,20,,6812,,,0,20,,6813,,,0,60,,6814,,,0,20,,6815,,,0,20,,6816,,,0,60,,6817,,,0,20,,6818,,,0,20,,6819,,,0,60,,6820,,,0,19,,6821,,,0,19,,6822,,,0,19,,6823,,,0,70,,6824,,,0,30,,6825,,,0,69,,6826,,,0,29,,6827,,,0
3000000,'26a05H-Mercredi',644,,6869,,,0,59,,6868,,,0,23,,6828,,,0,20,,6829,,,0,60,,6830,,,0,19,,6831,,,0,20,,6832,,,0,62,,6833,,,0,21,,6834,,,0,19,,6835,,,0,60,,6836,,,0,19,,6837,,,0,21,,6838,,,0,60,,6839,,,0,20,,6840,,,0,20,,6841,,,0,61,,6842,,,0,20,,6843,,,0,20,,6844,,,0,59,,6845,,,0,20,,6846,,,0,19,,6847,,,0,61,,6848,,,0,21,,6849,,,0,20,,6850,,,0,60,,6851,,,0,19,,6852,,,0,19,,6853,,,0,60,,6854,,,0,17,,6855,,,0,19,,6856,,,0,58,,6857,,,0,21,,6858,,,0,21,,6859,,,0,60,,6860,,,0,21,,6861,,,0,21,,6862,,,0,60,,6863,,,0,20,,6864,,,0,28,,6865,,,0,73,,6866,,,0,32,,6867,,,0
3000000,'26a05H-L-Ma-J-V',644,,6915,,,0,59,,6914,,,0,23,,6874,,,0,20,,6875,,,0,60,,6876,,,0,19,,6877,,,0,20,,6878,,,0,62,,6879,,,0,21,,6880,,,0,19,,6881,,,0,60,,6882,,,0,19,,6883,,,0,21,,6884,,,0,60,,6885,,,0,20,,6886,,,0,20,,6887,,,0,61,,6888,,,0,20,,6889,,,0,20,,6890,,,0,59,,6891,,,0,20,,6892,,,0,19,,6893,,,0,61,,6894,,,0,21,,6895,,,0,20,,6896,,,0,60,,6897,,,0,19,,6898,,,0,19,,6899,,,0,60,,6900,,,0,17,,6901,,,0,19,,6902,,,0,58,,6903,,,0,21,,6904,,,0,21,,6905,,,0,60,,6906,,,0,21,,6907,,,0,21,,6908,,,0,60,,6909,,,0,20,,6910,,,0,28,,6911,,,0,73,,6912,,,0,32,,6913,,,0
3000000,'26b23V-Semaine',644,,6961,,,0,60,,6960,,,0,21,,6920,,,0,20,,6921,,,0,60,,6922,,,0,20,,6923,,,0,20,,6924,,,0,61,,6925,,,0,20,,6926,,,0,20,,6927,,,0,61,,6928,,,0,20,,6929,,,0,20,,6930,,,0,61,,6931,,,0,20,,6932,,,0,20,,6933,,,0,59,,6934,,,0,19,,6935,,,0,20,,6936,,,0,60,,6937,,,0,22,,6938,,,0,20,,6939,,,0,59,,6940,,,0,20,,6941,,,0,20,,6942,,,0,60,,6943,,,0,20,,6944,,,0,20,,6945,,,0,60,,6946,,,0,19,,6947,,,0,20,,6948,,,0,61,,6949,,,0,20,,6950,,,0,21,,6951,,,0,60,,6952,,,0,20,,6953,,,0,18,,6954,,,0,59,,6955,,,0,18,,6956,,,0,29,,6957,,,0,72,,6958,,,0,33,,6959,,,0
3000000,'26c02V-Semaine',644,,7003,,,0,60,,7002,,,0,21,,6962,,,0,20,,6963,,,0,60,,6964,,,0,20,,6965,,,0,20,,6966,,,0,61,,6967,,,0,20,,6968,,,0,20,,6969,,,0,61,,6970,,,0,20,,6971,,,0,20,,6972,,,0,61,,6973,,,0,20,,6974,,,0,20,,6975,,,0,59,,6976,,,0,19,,6977,,,0,20,,6978,,,0,60,,6979,,,0,22,,6980,,,0,20,,6981,,,0,59,,6982,,,0,20,,6983,,,0,20,,6984,,,0,60,,6985,,,0,20,,6986,,,0,20,,6987,,,0,60,,6988,,,0,19,,6989,,,0,20,,6990,,,0,61,,6991,,,0,20,,6992,,,0,21,,6993,,,0,60,,6994,,,0,20,,6995,,,0,18,,6996,,,0,59,,6997,,,0,18,,6998,,,0,29,,6999,,,0,72,,7000,,,0,33,,7001,,,0
