201,'2_6',810,,30626,28,0,21,0,30,,30615,40,0,21,0,175,,30628,28,0,21,0,106,,30629,28,0,21,0,124,,30642,40,0,21,0,70,,30619,40,0,21,0,102,,30620,40,0,21,0,128,,30633,28,0,21,0,100,,30634,28,0,21,0,90,,30623,40,0,21,0,103,,30624,40,0,21,0,98,,30625,40,0,21,0,68,,30649,40,0,21,0
201,'3_7',903,,30650,28,0,21,0,125,,30651,28,0,21,0,125,,30652,28,0,21,0,165,,30653,28,0,21,0,110,,30654,28,0,21,0,125,,30655,28,0,21,0,165,,30656,28,0,21,0,125,,30657,28,0,21,0
201,'5_1',757,,37448,19,0,21,0,53,,37455,40,0,21,0,30,,37452,40,0,21,0,103,,37453,40,0,21,0,109,,37445,40,0,21,0,149,,37443,40,0,21,0,54,,37447,19,0,21,0,95,,37440,40,0,21,0,86,,37437,40,0,21,0,96,,37441,40,0,21,0,100,,37431,40,0,21,0,25,,37430,40,0,21,0,76,,37432,28,0,21,0,67,,37426,40,0,21,0,27,,37427,28,0,21,0,30,,37428,40,0,21,0,74,,37421,28,0,21,0,83,,37420,40,0,21,0
201,'5_2',757,,38860,19,0,21,0,53,,38867,40,0,21,0,30,,38864,40,0,21,0,103,,38865,40,0,21,0,109,,38857,40,0,21,0,149,,38855,40,0,21,0,54,,38859,19,0,21,0,95,,38852,40,0,21,0,86,,38849,40,0,21,0,96,,38853,40,0,21,0,100,,38843,40,0,21,0,25,,38842,40,0,21,0,76,,38844,28,0,21,0,67,,38838,40,0,21,0,27,,38839,28,0,21,0,30,,38840,40,0,21,0,74,,38833,28,0,21,0,83,,38832,40,0,21,0
201,'5_3',757,,38899,19,0,21,0,53,,38906,40,0,21,0,30,,38903,40,0,21,0,103,,38904,40,0,21,0,109,,38896,40,0,21,0,149,,38894,40,0,21,0,54,,38898,19,0,21,0,95,,38891,40,0,21,0,86,,38888,40,0,21,0,96,,38892,40,0,21,0,100,,38882,40,0,21,0,25,,38881,40,0,21,0,76,,38883,28,0,21,0,67,,38877,40,0,21,0,27,,38878,28,0,21,0,30,,38879,40,0,21,0,74,,38872,28,0,21,0,83,,38871,40,0,21,0
201,'5_4',757,,38938,19,0,21,0,53,,38945,40,0,21,0,30,,38942,40,0,21,0,103,,38943,40,0,21,0,109,,38935,40,0,21,0,149,,38933,40,0,21,0,54,,38937,19,0,21,0,95,,38930,40,0,21,0,86,,38927,40,0,21,0,96,,38931,40,0,21,0,100,,38921,40,0,21,0,25,,38920,40,0,21,0,76,,38922,28,0,21,0,67,,38916,40,0,21,0,27,,38917,28,0,21,0,30,,38918,40,0,21,0,74,,38911,28,0,21,0,83,,38910,40,0,21,0
201,'5_5',757,,38977,19,0,21,0,53,,38984,40,0,21,0,30,,38981,40,0,21,0,103,,38982,40,0,21,0,109,,38974,40,0,21,0,149,,38972,40,0,21,0,54,,38976,19,0,21,0,95,,38969,40,0,21,0,86,,38966,40,0,21,0,96,,38970,40,0,21,0,100,,38960,40,0,21,0,25,,38959,40,0,21,0,76,,38961,28,0,21,0,67,,38955,40,0,21,0,27,,38956,28,0,21,0,30,,38957,40,0,21,0,74,,38950,28,0,21,0,83,,38949,40,0,21,0
201,'6_1',757,,39016,19,0,21,0,53,,39023,40,0,21,0,30,,39020,40,0,21,0,103,,39021,40,0,21,0,109,,39013,40,0,21,0,149,,39011,40,0,21,0,54,,39015,19,0,21,0,95,,39008,40,0,21,0,86,,39005,40,0,21,0,96,,39009,40,0,21,0,100,,38999,40,0,21,0,25,,38998,40,0,21,0,76,,39000,28,0,21,0,67,,38994,40,0,21,0,27,,38995,28,0,21,0,30,,38996,40,0,21,0,74,,38989,28,0,21,0,83,,38988,40,0,21,0
201,'6_2',757,,43833,19,0,21,0,53,,43840,40,0,21,0,30,,43837,40,0,21,0,103,,43838,40,0,21,0,109,,43830,40,0,21,0,149,,43828,40,0,21,0,54,,43832,19,0,21,0,95,,43825,40,0,21,0,86,,43822,40,0,21,0,96,,43826,40,0,21,0,100,,43816,40,0,21,0,25,,43815,40,0,21,0,76,,43817,28,0,21,0,67,,43811,40,0,21,0,27,,43812,28,0,21,0,30,,43813,40,0,21,0,74,,43806,28,0,21,0,83,,43805,40,0,21,0
201,'6_3',757,,43872,19,0,21,0,53,,43879,40,0,21,0,30,,43876,40,0,21,0,103,,43877,40,0,21,0,109,,43869,40,0,21,0,149,,43867,40,0,21,0,54,,43871,19,0,21,0,95,,43864,40,0,21,0,86,,43861,40,0,21,0,96,,43865,40,0,21,0,100,,43855,40,0,21,0,25,,43854,40,0,21,0,76,,43856,28,0,21,0,67,,43850,40,0,21,0,27,,43851,28,0,21,0,30,,43852,40,0,21,0,74,,43845,28,0,21,0,83,,43844,40,0,21,0
201,'6_4',757,,43911,19,0,21,0,53,,43918,40,0,21,0,30,,43915,40,0,21,0,103,,43916,40,0,21,0,109,,43908,40,0,21,0,149,,43906,40,0,21,0,54,,43910,19,0,21,0,95,,43903,40,0,21,0,86,,43900,40,0,21,0,96,,43904,40,0,21,0,100,,43894,40,0,21,0,25,,43893,40,0,21,0,76,,43895,28,0,21,0,67,,43889,40,0,21,0,27,,43890,28,0,21,0,30,,43891,40,0,21,0,74,,43884,28,0,21,0,83,,43883,40,0,21,0
