3000001,'1_6',703,,10916,4,,0,42,,10917,4,,0,85,,10918,4,,0,77,,10919,4,,0,22,,10920,4,,0,20,,10921,4,,0,61,,10922,4,,0,20,,10923,4,,0,20,,10924,4,,0,61,,10925,4,,0,20,,10926,4,,0,19,,10927,4,,0,61,,10928,4,,0,20,,10929,4,,0,19,,10930,4,,0,59,,10931,4,,0,20,,10932,4,,0,20,,10933,4,,0,60,,10934,4,,0,21,,10935,4,,0,20,,10936,4,,0,60,,10937,4,,0,21,,10938,4,,0,20,,10939,4,,0,60,,10940,4,,0,20,,10941,4,,0,21,,10942,4,,0,61,,10943,4,,0,20,,10944,4,,0,20,,10945,4,,0,59,,10946,4,,0,19,,10947,4,,0,19,,10948,4,,0,60,,10949,4,,0,18,,10950,4,,0,30,,10952,4,,0,67,,10953,4,,0,30,,10951,4,,0,68,,10954,4,,0
3000001,'3_2',713,,11047,4,,0,21,,11006,4,,0,20,,11007,4,,0,60,,11008,4,,0,21,,11009,4,,0,20,,11010,4,,0,59,,11011,4,,0,21,,11012,4,,0,21,,11013,4,,0,60,,11014,4,,0,20,,11015,4,,0,20,,11016,4,,0,61,,11017,4,,0,19,,11018,4,,0,20,,11019,4,,0,60,,11020,4,,0,19,,11021,4,,0,19,,11022,4,,0,60,,11023,4,,0,19,,11024,4,,0,21,,11025,4,,0,60,,11026,4,,0,21,,11027,4,,0,20,,11028,4,,0,59,,11029,4,,0,21,,11030,4,,0,20,,11031,4,,0,60,,11032,4,,0,21,,11033,4,,0,20,,11034,4,,0,61,,11035,4,,0,20,,11036,4,,0,20,,11037,4,,0,60,,11038,4,,0,19,,11039,4,,0,19,,11040,4,,0,61,,11041,4,,0,20,,11042,4,,0,20,,11043,4,,0,69,,11044,4,,0,27,,11045,4,,0,69,,11046,4,,0
3000001,'3_3',713,,11089,4,,0,21,,11048,4,,0,20,,11049,4,,0,60,,11050,4,,0,21,,11051,4,,0,20,,11052,4,,0,59,,11053,4,,0,21,,11054,4,,0,21,,11055,4,,0,60,,11056,4,,0,20,,11057,4,,0,20,,11058,4,,0,61,,11059,4,,0,19,,11060,4,,0,20,,11061,4,,0,60,,11062,4,,0,19,,11063,4,,0,19,,11064,4,,0,60,,11065,4,,0,19,,11066,4,,0,21,,11067,4,,0,60,,11068,4,,0,21,,11069,4,,0,20,,11070,4,,0,59,,11071,4,,0,21,,11072,4,,0,20,,11073,4,,0,60,,11074,4,,0,21,,11075,4,,0,20,,11076,4,,0,61,,11077,4,,0,20,,11078,4,,0,20,,11079,4,,0,60,,11080,4,,0,19,,11081,4,,0,19,,11082,4,,0,61,,11083,4,,0,20,,11084,4,,0,20,,11085,4,,0,69,,11086,4,,0,27,,11087,4,,0,69,,11088,4,,0
3000001,'3_4',713,,11131,4,,0,21,,11090,4,,0,20,,11091,4,,0,60,,11092,4,,0,21,,11093,4,,0,20,,11094,4,,0,59,,11095,4,,0,21,,11096,4,,0,21,,11097,4,,0,60,,11098,4,,0,20,,11099,4,,0,20,,11100,4,,0,61,,11101,4,,0,19,,11102,4,,0,20,,11103,4,,0,60,,11104,4,,0,19,,11105,4,,0,19,,11106,4,,0,60,,11107,4,,0,19,,11108,4,,0,21,,11109,4,,0,60,,11110,4,,0,21,,11111,4,,0,20,,11112,4,,0,59,,11113,4,,0,21,,11114,4,,0,20,,11115,4,,0,60,,11116,4,,0,21,,11117,4,,0,20,,11118,4,,0,61,,11119,4,,0,20,,11120,4,,0,20,,11121,4,,0,60,,11122,4,,0,19,,11123,4,,0,19,,11124,4,,0,61,,11125,4,,0,20,,11126,4,,0,20,,11127,4,,0,69,,11128,4,,0,27,,11129,4,,0,69,,11130,4,,0
3000001,'3_5',713,,11173,4,,0,21,,11132,4,,0,20,,11133,4,,0,60,,11134,4,,0,21,,11135,4,,0,20,,11136,4,,0,59,,11137,4,,0,21,,11138,4,,0,21,,11139,4,,0,60,,11140,4,,0,20,,11141,4,,0,20,,11142,4,,0,61,,11143,4,,0,19,,11144,4,,0,20,,11145,4,,0,60,,11146,4,,0,19,,11147,4,,0,19,,11148,4,,0,60,,11149,4,,0,19,,11150,4,,0,21,,11151,4,,0,60,,11152,4,,0,21,,11153,4,,0,20,,11154,4,,0,59,,11155,4,,0,21,,11156,4,,0,20,,11157,4,,0,60,,11158,4,,0,21,,11159,4,,0,20,,11160,4,,0,61,,11161,4,,0,20,,11162,4,,0,20,,11163,4,,0,60,,11164,4,,0,19,,11165,4,,0,19,,11166,4,,0,61,,11167,4,,0,20,,11168,4,,0,20,,11169,4,,0,69,,11170,4,,0,27,,11171,4,,0,69,,11172,4,,0
3000001,'4_7',911,,11174,4,,0,130,,11182,4,,0,170,,11181,4,,0,130,,11180,4,,0,170,,11177,4,,0,130,,11178,4,,0,170,,11179,4,,0,130,,11176,4,,0,170,,11175,4,,0
3000001,'5_1',711,,11224,4,,0,23,,11183,4,,0,20,,11184,4,,0,60,,11185,4,,0,20,,11186,4,,0,22,,11187,4,,0,60,,11188,4,,0,20,,11189,4,,0,20,,11190,4,,0,60,,11191,4,,0,20,,11192,4,,0,21,,11193,4,,0,60,,11194,4,,0,19,,11195,4,,0,19,,11196,4,,0,62,,11197,4,,0,21,,11198,4,,0,19,,11199,4,,0,59,,11200,4,,0,20,,11201,4,,0,20,,11202,4,,0,60,,11203,4,,0,21,,11204,4,,0,20,,11205,4,,0,60,,11206,4,,0,21,,11207,4,,0,62,,11208,4,,0,21,,11209,4,,0,20,,11210,4,,0,60,,11211,4,,0,24,,11212,4,,0,23,,11213,4,,0,57,,11214,4,,0,19,,11215,4,,0,15,,11216,4,,0,17,,11217,4,,0,60,,11218,4,,0,19,,11219,4,,0,22,,11220,4,,0,65,,11221,4,,0,28,,11222,4,,0,71,,11223,4,,0
3000001,'5_2',711,,11274,4,,0,23,,11233,4,,0,20,,11234,4,,0,60,,11235,4,,0,20,,11236,4,,0,22,,11237,4,,0,60,,11238,4,,0,20,,11239,4,,0,20,,11240,4,,0,60,,11241,4,,0,20,,11242,4,,0,21,,11243,4,,0,60,,11244,4,,0,19,,11245,4,,0,19,,11246,4,,0,62,,11247,4,,0,21,,11248,4,,0,19,,11249,4,,0,59,,11250,4,,0,20,,11251,4,,0,20,,11252,4,,0,60,,11253,4,,0,21,,11254,4,,0,20,,11255,4,,0,60,,11256,4,,0,21,,11257,4,,0,62,,11258,4,,0,21,,11259,4,,0,20,,11260,4,,0,60,,11261,4,,0,24,,11262,4,,0,23,,11263,4,,0,57,,11264,4,,0,19,,11265,4,,0,15,,11266,4,,0,17,,11267,4,,0,60,,11268,4,,0,19,,11269,4,,0,22,,11270,4,,0,65,,11271,4,,0,28,,11272,4,,0,71,,11273,4,,0
3000001,'5_4',711,,13574,4,,0,23,,13533,4,,0,20,,13534,4,,0,60,,13535,4,,0,20,,13536,4,,0,22,,13537,4,,0,60,,13538,4,,0,20,,13539,4,,0,20,,13540,4,,0,60,,13541,4,,0,20,,13542,4,,0,21,,13543,4,,0,60,,13544,4,,0,19,,13545,4,,0,19,,13546,4,,0,62,,13547,4,,0,21,,13548,4,,0,19,,13549,4,,0,59,,13550,4,,0,20,,13551,4,,0,20,,13552,4,,0,60,,13553,4,,0,21,,13554,4,,0,20,,13555,4,,0,60,,13556,4,,0,21,,13557,4,,0,62,,13558,4,,0,21,,13559,4,,0,20,,13560,4,,0,60,,13561,4,,0,24,,13562,4,,0,23,,13563,4,,0,57,,13564,4,,0,19,,13565,4,,0,15,,13566,4,,0,17,,13567,4,,0,60,,13568,4,,0,19,,13569,4,,0,22,,13570,4,,0,65,,13571,4,,0,28,,13572,4,,0,71,,13573,4,,0
3000001,'5_5',711,,14836,4,,0,23,,14795,4,,0,20,,14796,4,,0,60,,14797,4,,0,20,,14798,4,,0,22,,14799,4,,0,60,,14800,4,,0,20,,14801,4,,0,20,,14802,4,,0,60,,14803,4,,0,20,,14804,4,,0,21,,14805,4,,0,60,,14806,4,,0,19,,14807,4,,0,19,,14808,4,,0,62,,14809,4,,0,21,,14810,4,,0,19,,14811,4,,0,59,,14812,4,,0,20,,14813,4,,0,20,,14814,4,,0,60,,14815,4,,0,21,,14816,4,,0,20,,14817,4,,0,60,,14818,4,,0,21,,14819,4,,0,62,,14820,4,,0,21,,14821,4,,0,20,,14822,4,,0,60,,14823,4,,0,24,,14824,4,,0,23,,14825,4,,0,57,,14826,4,,0,19,,14827,4,,0,15,,14828,4,,0,17,,14829,4,,0,60,,14830,4,,0,19,,14831,4,,0,22,,14832,4,,0,65,,14833,4,,0,28,,14834,4,,0,71,,14835,4,,0
3000001,'6_3',711,,11324,4,,0,23,,11283,4,,0,20,,11284,4,,0,60,,11285,4,,0,20,,11286,4,,0,22,,11287,4,,0,60,,11288,4,,0,20,,11289,4,,0,20,,11290,4,,0,60,,11291,4,,0,20,,11292,4,,0,21,,11293,4,,0,60,,11294,4,,0,19,,11295,4,,0,19,,11296,4,,0,62,,11297,4,,0,21,,11298,4,,0,19,,11299,4,,0,59,,11300,4,,0,20,,11301,4,,0,20,,11302,4,,0,60,,11303,4,,0,21,,11304,4,,0,20,,11305,4,,0,60,,11306,4,,0,21,,11307,4,,0,62,,11308,4,,0,21,,11309,4,,0,20,,11310,4,,0,60,,11311,4,,0,24,,11312,4,,0,23,,11313,4,,0,57,,11314,4,,0,19,,11315,4,,0,15,,11316,4,,0,17,,11317,4,,0,60,,11318,4,,0,19,,11319,4,,0,22,,11320,4,,0,65,,11321,4,,0,28,,11322,4,,0,71,,11323,4,,0
