400,'S2-1_6',733,,8638,33,0,40,0,105,,8639,33,0,40,0,73,,8632,45,0,40,0,27,,8640,33,0,40,0,72,,8641,33,0,40,0,30,,8642,33,0,40,0,71,,8633,45,0,40,0,31,,8643,33,0,40,0,69,,8645,33,0,40,0,30,,8644,33,0,40,0,69,,8634,45,0,40,0,31,,8646,33,0,40,0,70,,8647,33,0,40,0,29,,8648,33,0,40,0,73,,8635,45,0,40,0,32,,8649,33,0,40,0,70,,8650,33,0,40,0,30,,8651,33,0,40,0,73,,8636,45,0,40,0,33,,8652,33,0,40,0,70,,8653,33,0,40,0,31,,8654,33,0,40,0,69,,8637,45,0,40,0,31,,8655,33,0,40,0
400,'S2-4_7',932,,8656,33,0,40,0,100,,8657,33,0,40,0,100,,8658,33,0,40,0,100,,8659,33,0,40,0,100,,8660,33,0,40,0,100,,8661,33,0,40,0,100,,8662,33,0,40,0,100,,8663,33,0,40,0,100,,8664,33,0,40,0,100,,8665,33,0,40,0
400,'S2-5_1',736,,8689,33,0,43,0,0,,8690,33,0,40,0,16,,8697,33,0,40,0,55,,8666,33,0,40,0,13,,8667,33,0,40,0,16,,8691,33,0,40,0,14,,8668,33,0,40,0,53,,8669,33,0,40,0,30,,8670,33,0,40,0,80,,8671,45,0,40,0,31,,8672,33,0,40,0,70,,8673,33,0,40,0,35,,8674,33,0,40,0,77,,8675,33,0,40,0,22,,8695,33,,,0,65,,8692,45,0,40,0,31,,8676,33,0,40,0,67,,8677,33,0,40,0,28,,8680,45,0,40,0,75,,8678,33,0,40,0,31,,8681,45,0,40,0,77,,8679,33,0,40,0,31,,8698,33,0,40,0,66,,8682,17,0,40,0,4,,8693,45,0,40,0,14,,8683,33,0,40,0,16,,8699,33,,,0,54,,8684,45,0,40,0,23,,8688,17,0,40,0,18,,8696,33,,,0,74,,8686,33,0,40,0,25,,8687,45,0,40,0
400,'S2-5_2',736,,8723,33,0,43,0,0,,8724,33,0,40,0,16,,8731,33,0,40,0,55,,8700,33,0,40,0,13,,8701,33,0,40,0,16,,8725,33,0,40,0,14,,8702,33,0,40,0,53,,8703,33,0,40,0,30,,8704,33,0,40,0,80,,8705,45,0,40,0,31,,8706,33,0,40,0,70,,8707,33,0,40,0,35,,8708,33,0,40,0,77,,8709,33,0,40,0,22,,8729,33,,,0,65,,8726,45,0,40,0,31,,8710,33,0,40,0,67,,8711,33,0,40,0,28,,8714,45,0,40,0,75,,8712,33,0,40,0,31,,8715,45,0,40,0,77,,8713,33,0,40,0,31,,8732,33,0,40,0,66,,8716,17,0,40,0,4,,8727,45,0,40,0,14,,8717,33,0,40,0,16,,8733,33,,,0,54,,8718,45,0,40,0,23,,8722,17,0,40,0,18,,8730,33,,,0,74,,8720,33,0,40,0,25,,8721,45,0,40,0
400,'S2-5_4',736,,8757,33,0,43,0,0,,8758,33,0,40,0,16,,8765,33,0,40,0,55,,8734,33,0,40,0,13,,8735,33,0,40,0,16,,8759,33,0,40,0,14,,8736,33,0,40,0,53,,8737,33,0,40,0,30,,8738,33,0,40,0,80,,8739,45,0,40,0,31,,8740,33,0,40,0,70,,8741,33,0,40,0,35,,8742,33,0,40,0,77,,8743,33,0,40,0,22,,8763,33,,,0,65,,8760,45,0,40,0,31,,8744,33,0,40,0,67,,8745,33,0,40,0,28,,8748,45,0,40,0,75,,8746,33,0,40,0,31,,8749,45,0,40,0,77,,8747,33,0,40,0,31,,8766,33,0,40,0,66,,8750,17,0,40,0,4,,8761,45,0,40,0,14,,8751,33,0,40,0,16,,8767,33,,,0,54,,8752,45,0,40,0,23,,8756,17,0,40,0,18,,8764,33,,,0,74,,8754,33,0,40,0,25,,8755,45,0,40,0
400,'S2-5_5',736,,8791,33,0,43,0,0,,8792,33,0,40,0,16,,8799,33,0,40,0,55,,8768,33,0,40,0,13,,8769,33,0,40,0,16,,8793,33,0,40,0,14,,8770,33,0,40,0,53,,8771,33,0,40,0,30,,8772,33,0,40,0,80,,8773,45,0,40,0,31,,8774,33,0,40,0,70,,8775,33,0,40,0,35,,8776,33,0,40,0,77,,8777,33,0,40,0,22,,8797,33,,,0,65,,8794,45,0,40,0,31,,8778,33,0,40,0,67,,8779,33,0,40,0,28,,8782,45,0,40,0,75,,8780,33,0,40,0,31,,8783,45,0,40,0,77,,8781,33,0,40,0,31,,8800,33,0,40,0,66,,8784,17,0,40,0,4,,8795,45,0,40,0,14,,8785,33,0,40,0,16,,8801,33,,,0,54,,8786,45,0,40,0,23,,8790,17,0,40,0,18,,8798,33,,,0,74,,8788,33,0,40,0,25,,8789,45,0,40,0
400,'S2-6_3',736,,8824,33,0,43,0,0,,8825,33,0,40,0,16,,8832,33,0,40,0,55,,8802,33,0,40,0,13,,8803,33,0,40,0,16,,8826,33,0,40,0,14,,8804,33,0,40,0,53,,8805,33,0,40,0,30,,8806,33,0,40,0,80,,8807,45,0,40,0,31,,8808,33,0,40,0,70,,8809,33,0,40,0,35,,8810,33,0,40,0,77,,8811,33,0,40,0,22,,8830,33,,,0,65,,8827,45,0,40,0,31,,8812,33,0,40,0,67,,8813,33,0,40,0,28,,8816,45,0,40,0,75,,8814,33,0,40,0,31,,8817,45,0,40,0,77,,8815,33,0,40,0,31,,8833,33,0,40,0,66,,8818,17,0,40,0,4,,8828,45,0,40,0,14,,8819,33,0,40,0,16,,8834,33,,,0,54,,8820,45,0,40,0,23,,8821,33,0,40,0,18,,8831,33,,,0,74,,8822,33,0,40,0,25,,8823,45,0,40,0
2300,'S2-5_1',1614,,10711,14,,,0,104,,10712,14,,,0,97,,10713,14,,,0
2300,'S2-5_2',1614,,10714,14,,,0,104,,10715,14,,,0,97,,10716,14,,,0
2300,'S2-5_4',1614,,10717,14,,,0,104,,10718,14,,,0,97,,10719,14,,,0
2300,'S2-5_5',1614,,10720,14,,,0,104,,10721,14,,,0,97,,10722,14,,,0
2300,'S2-6_3',1220,,10724,14,,,0,3,,10723,14,,,0
