3000000,'1_3',629,,51336,5,,,0,19,,51335,5,,,0,59,,51295,5,,,0,21,,51296,5,,,0,21,,51297,5,,,0,59,,51298,5,,,0,20,,51299,5,,,0,22,,51300,5,,,0,60,,51301,5,,,0,20,,51302,5,,,0,21,,51303,5,,,0,58,,51304,5,,,0,21,,51305,5,,,0,20,,51306,5,,,0,59,,51307,5,,,0,20,,51308,5,,,0,21,,51309,5,,,0,60,,51310,5,,,0,22,,51311,5,,,0,19,,51312,5,,,0,60,,51313,5,,,0,18,,51314,5,,,0,20,,51315,5,,,0,61,,51316,5,,,0,20,,51317,5,,,0,20,,51318,5,,,0,60,,51319,5,,,0,19,,51320,5,,,0,19,,51321,5,,,0,57,,51322,5,,,0,19,,51323,5,,,0,18,,51324,5,,,0,60,,51325,5,,,0,20,,51326,5,,,0,23,,51327,5,,,0,61,,51328,5,,,0,21,,51329,5,,,0,21,,51330,5,,,0,60,,51331,5,,,0,30,,51332,5,,,0,73,,51333,5,,,0,34,,51334,5,,,0
3000000,'2_6',634,,36384,5,,,0,81,,36385,5,,,0,41,,36386,5,,,0,69,,36387,5,,,0,20,,36388,5,,,0,60,,36389,5,,,0,20,,36390,5,,,0,20,,36391,5,,,0,60,,36392,5,,,0,20,,36393,5,,,0,20,,36394,5,,,0,60,,36395,5,,,0,20,,36396,5,,,0,20,,36397,5,,,0,60,,36398,5,,,0,19,,36399,5,,,0,20,,36400,5,,,0,60,,36401,5,,,0,20,,36402,5,,,0,20,,36403,5,,,0,61,,36404,5,,,0,20,,36405,5,,,0,20,,36406,5,,,0,60,,36407,5,,,0,20,,36408,5,,,0,20,,36409,5,,,0,60,,36410,5,,,0,20,,36411,5,,,0,20,,36412,5,,,0,60,,36413,5,,,0,20,,36414,5,,,0,20,,36415,5,,,0,60,,36416,5,,,0,20,,36417,5,,,0,19,,36418,5,,,0,70,,36419,5,,,0,30,,36420,5,,,0,70,,36421,5,,,0,30,,36422,5,,,0
3000000,'3_7',754,,36423,5,,,0,170,,36424,5,,,0,130,,36425,5,,,0,170,,36426,5,,,0,130,,36427,5,,,0,170,,36428,5,,,0,130,,36429,5,,,0,169,,36430,5,,,0,130,,36431,5,,,0
3000000,'4_7',754,,47850,5,,,0,170,,47851,5,,,0,130,,47858,5,,,0,170,,47857,5,,,0,130,,47856,5,,,0,170,,47854,5,,,0,130,,47855,5,,,0,169,,47853,5,,,0,130,,47852,5,,,0
3000000,'6_1',630,,42869,5,,,0,20,,42868,5,,,0,60,,42828,5,,,0,20,,42829,5,,,0,20,,42830,5,,,0,60,,42831,5,,,0,19,,42832,5,,,0,21,,42833,5,,,0,60,,42834,5,,,0,19,,42835,5,,,0,21,,42836,5,,,0,60,,42837,5,,,0,20,,42838,5,,,0,21,,42839,5,,,0,60,,42840,5,,,0,20,,42841,5,,,0,20,,42842,5,,,0,59,,42843,5,,,0,20,,42844,5,,,0,20,,42845,5,,,0,61,,42846,5,,,0,20,,42847,5,,,0,20,,42848,5,,,0,60,,42849,5,,,0,19,,42850,5,,,0,20,,42851,5,,,0,60,,42852,5,,,0,20,,42853,5,,,0,20,,42854,5,,,0,59,,42855,5,,,0,20,,42856,5,,,0,21,,42857,5,,,0,60,,42858,5,,,0,21,,42859,5,,,0,20,,42860,5,,,0,61,,42861,5,,,0,19,,42862,5,,,0,19,,42863,5,,,0,58,,42864,5,,,0,29,,42865,5,,,0,73,,42866,5,,,0,34,,42867,5,,,0
3000000,'6_2',630,,46147,5,,,0,20,,46146,5,,,0,60,,46106,5,,,0,20,,46107,5,,,0,20,,46108,5,,,0,60,,46109,5,,,0,19,,46110,5,,,0,21,,46111,5,,,0,60,,46112,5,,,0,19,,46113,5,,,0,21,,46114,5,,,0,60,,46115,5,,,0,20,,46116,5,,,0,21,,46117,5,,,0,60,,46118,5,,,0,20,,46119,5,,,0,20,,46120,5,,,0,59,,46121,5,,,0,20,,46122,5,,,0,20,,46123,5,,,0,61,,46124,5,,,0,20,,46125,5,,,0,20,,46126,5,,,0,60,,46127,5,,,0,19,,46128,5,,,0,20,,46129,5,,,0,60,,46130,5,,,0,20,,46131,5,,,0,20,,46132,5,,,0,59,,46133,5,,,0,20,,46134,5,,,0,21,,46135,5,,,0,60,,46136,5,,,0,21,,46137,5,,,0,20,,46138,5,,,0,61,,46139,5,,,0,19,,46140,5,,,0,19,,46141,5,,,0,58,,46142,5,,,0,29,,46143,5,,,0,73,,46144,5,,,0,34,,46145,5,,,0
3000000,'6_3',630,,46189,5,,,0,20,,46188,5,,,0,60,,46148,5,,,0,20,,46149,5,,,0,20,,46150,5,,,0,60,,46151,5,,,0,19,,46152,5,,,0,21,,46153,5,,,0,60,,46154,5,,,0,19,,46155,5,,,0,21,,46156,5,,,0,60,,46157,5,,,0,20,,46158,5,,,0,21,,46159,5,,,0,60,,46160,5,,,0,20,,46161,5,,,0,20,,46162,5,,,0,59,,46163,5,,,0,20,,46164,5,,,0,20,,46165,5,,,0,61,,46166,5,,,0,20,,46167,5,,,0,20,,46168,5,,,0,60,,46169,5,,,0,19,,46170,5,,,0,20,,46171,5,,,0,60,,46172,5,,,0,20,,46173,5,,,0,20,,46174,5,,,0,59,,46175,5,,,0,20,,46176,5,,,0,21,,46177,5,,,0,60,,46178,5,,,0,21,,46179,5,,,0,20,,46180,5,,,0,61,,46181,5,,,0,19,,46182,5,,,0,19,,46183,5,,,0,58,,46184,5,,,0,29,,46185,5,,,0,73,,46186,5,,,0,34,,46187,5,,,0
3000000,'6_4',630,,46231,5,,,0,20,,46230,5,,,0,60,,46190,5,,,0,20,,46191,5,,,0,20,,46192,5,,,0,60,,46193,5,,,0,19,,46194,5,,,0,21,,46195,5,,,0,60,,46196,5,,,0,19,,46197,5,,,0,21,,46198,5,,,0,60,,46199,5,,,0,20,,46200,5,,,0,21,,46201,5,,,0,60,,46202,5,,,0,20,,46203,5,,,0,20,,46204,5,,,0,59,,46205,5,,,0,20,,46206,5,,,0,20,,46207,5,,,0,61,,46208,5,,,0,20,,46209,5,,,0,20,,46210,5,,,0,60,,46211,5,,,0,19,,46212,5,,,0,20,,46213,5,,,0,60,,46214,5,,,0,20,,46215,5,,,0,20,,46216,5,,,0,59,,46217,5,,,0,20,,46218,5,,,0,21,,46219,5,,,0,60,,46220,5,,,0,21,,46221,5,,,0,20,,46222,5,,,0,61,,46223,5,,,0,19,,46224,5,,,0,19,,46225,5,,,0,58,,46226,5,,,0,29,,46227,5,,,0,73,,46228,5,,,0,34,,46229,5,,,0
3000000,'7_1',629,,47906,5,,,0,19,,47905,5,,,0,59,,47865,5,,,0,21,,47866,5,,,0,21,,47867,5,,,0,59,,47868,5,,,0,20,,47869,5,,,0,22,,47870,5,,,0,60,,47871,5,,,0,20,,47872,5,,,0,21,,47873,5,,,0,58,,47874,5,,,0,21,,47875,5,,,0,20,,47876,5,,,0,59,,47877,5,,,0,20,,47878,5,,,0,21,,47879,5,,,0,60,,47880,5,,,0,22,,47881,5,,,0,19,,47882,5,,,0,60,,47883,5,,,0,18,,47884,5,,,0,20,,47885,5,,,0,61,,47886,5,,,0,20,,47887,5,,,0,20,,47888,5,,,0,60,,47889,5,,,0,19,,47890,5,,,0,19,,47891,5,,,0,57,,47892,5,,,0,19,,47893,5,,,0,18,,47894,5,,,0,60,,47895,5,,,0,20,,47896,5,,,0,23,,47897,5,,,0,61,,47898,5,,,0,21,,47899,5,,,0,21,,47900,5,,,0,60,,47901,5,,,0,30,,47902,5,,,0,73,,47903,5,,,0,34,,47904,5,,,0
3000000,'7_2',629,,51382,5,,,0,19,,51381,5,,,0,59,,51341,5,,,0,21,,51342,5,,,0,21,,51343,5,,,0,59,,51344,5,,,0,20,,51345,5,,,0,22,,51346,5,,,0,60,,51347,5,,,0,20,,51348,5,,,0,21,,51349,5,,,0,58,,51350,5,,,0,21,,51351,5,,,0,20,,51352,5,,,0,59,,51353,5,,,0,20,,51354,5,,,0,21,,51355,5,,,0,60,,51356,5,,,0,22,,51357,5,,,0,19,,51358,5,,,0,60,,51359,5,,,0,18,,51360,5,,,0,20,,51361,5,,,0,61,,51362,5,,,0,20,,51363,5,,,0,20,,51364,5,,,0,60,,51365,5,,,0,19,,51366,5,,,0,19,,51367,5,,,0,57,,51368,5,,,0,19,,51369,5,,,0,18,,51370,5,,,0,60,,51371,5,,,0,20,,51372,5,,,0,23,,51373,5,,,0,61,,51374,5,,,0,21,,51375,5,,,0,21,,51376,5,,,0,60,,51377,5,,,0,30,,51378,5,,,0,73,,51379,5,,,0,34,,51380,5,,,0
3000000,'7_4',629,,51428,5,,,0,19,,51427,5,,,0,59,,51387,5,,,0,21,,51388,5,,,0,21,,51389,5,,,0,59,,51390,5,,,0,20,,51391,5,,,0,22,,51392,5,,,0,60,,51393,5,,,0,20,,51394,5,,,0,21,,51395,5,,,0,58,,51396,5,,,0,21,,51397,5,,,0,20,,51398,5,,,0,59,,51399,5,,,0,20,,51400,5,,,0,21,,51401,5,,,0,60,,51402,5,,,0,22,,51403,5,,,0,19,,51404,5,,,0,60,,51405,5,,,0,18,,51406,5,,,0,20,,51407,5,,,0,61,,51408,5,,,0,20,,51409,5,,,0,20,,51410,5,,,0,60,,51411,5,,,0,19,,51412,5,,,0,19,,51413,5,,,0,57,,51414,5,,,0,19,,51415,5,,,0,18,,51416,5,,,0,60,,51417,5,,,0,20,,51418,5,,,0,23,,51419,5,,,0,61,,51420,5,,,0,21,,51421,5,,,0,21,,51422,5,,,0,60,,51423,5,,,0,30,,51424,5,,,0,73,,51425,5,,,0,34,,51426,5,,,0
