501,'25j05H-Dimanche',1012,,2050,,,0,200,,2051,,,0,200,,2052,,,0,200,,2049,,,0
501,'25j26H-Dimanche',1012,,2054,,,0,200,,2055,,,0,200,,2056,,,0,200,,2053,,,0
501,'26a05H-Samedi',849,,2080,,,0,101,,2081,,,0,101,,2082,,,0,100,,2083,,,0,99,,2084,,,0,94,,2085,,,0,99,,2086,,,0,101,,2087,,,0,99,,2088,,,0,104,,2089,,,0,98,,2090,,,0,185,,2091,,,0
501,'26a05H-Mercredi',958,,2092,,,0,146,,2093,,,0,101,,2094,,,0,45,,2095,,,0,94,,2096,,,0,98,,2097,,,0,103,,2098,,,0,103,,2099,,,0,107,,2100,,,0,101,,2101,,,0,164,,2102,,,0
501,'26a05H-L-Ma-J-V',958,,2104,,,0,146,,2105,,,0,101,,2106,,,0,45,,2107,,,0,94,,2108,,,0,98,,2109,,,0,103,,2110,,,0,103,,2111,,,0,107,,2112,,,0,101,,2113,,,0,164,,2114,,,0
501,'26b23V-Semaine',958,,2118,,,0,146,,2119,,,0,101,,2120,,,0,45,,2121,,,0,94,,2122,,,0,98,,2123,,,0,103,,2124,,,0,103,,2125,,,0,107,,2126,,,0,101,,2127,,,0,164,,2128,,,0
501,'26c02V-Semaine',958,,2129,,,0,146,,2130,,,0,101,,2131,,,0,45,,2132,,,0,94,,2133,,,0,98,,2134,,,0,103,,2135,,,0,103,,2136,,,0,107,,2137,,,0,101,,2138,,,0,164,,2139,,,0
29000501,'26a05H-Mercredi',1757,,8026,,,0,150,,8027,,,0
29000501,'26a05H-Mercredi0010000',1302,,8028,,,0
29000501,'26a05H-L-Ma-J-V',1757,,8029,,,0,150,,8030,,,0
29000501,'26b23V-Semaine',1750,,8031,,,0,151,,8032,,,0
29000501,'26c02V-Semaine',1750,,8033,,,0,151,,8034,,,0
