101,'S2-0_6',704,,53799,14,0,5,0,112,,53800,14,0,5,0,107,,53801,14,0,5,0,30,,53812,14,0,6,0,69,,53802,14,0,5,0,31,,53813,14,0,6,0,70,,53803,14,0,5,0,30,,53814,14,0,6,0,70,,53804,14,0,5,0,29,,53815,14,0,6,0,71,,53805,14,0,5,0,29,,53816,14,0,6,0,69,,53806,14,0,5,0,30,,53817,14,0,6,0,70,,53807,14,0,5,0,32,,53818,14,0,6,0,71,,53808,14,0,5,0,29,,53819,14,0,6,0,73,,53809,14,0,5,0,30,,53820,14,0,6,0,77,,53810,14,0,5,0,25,,53821,14,0,6,0,67,,53811,14,0,5,0
101,'S2-1_7',910,,53822,14,0,6,0,105,,53827,14,0,5,0,105,,53823,14,0,6,0,105,,53828,14,0,5,0,105,,53824,14,0,6,0,90,,53829,14,0,5,0,100,,53825,14,0,6,0,105,,53830,14,0,5,0,105,,53826,14,0,6,0,105,,53831,14,0,5,0
101,'S2-2_1',704,,53832,20,0,5,0,29,,53833,14,0,5,0,74,,53834,20,0,6,0,31,,53836,14,0,5,0,75,,53835,20,0,6,0,35,,53837,14,0,5,0,71,,53841,14,0,6,0,32,,53838,14,0,5,0,72,,53839,14,0,6,0,30,,53840,14,0,5,0,70,,53842,14,0,6,0,30,,53843,14,0,5,0,70,,53844,14,0,6,0,28,,53846,20,0,5,0,70,,53845,14,0,6,0,31,,53847,20,0,5,0,70,,53849,14,0,6,0,31,,53853,14,0,5,0,72,,53852,14,0,6,0,32,,53850,14,0,5,0,70,,53851,14,0,6,0,31,,53848,20,0,5,0,66,,53854,14,0,6,0,30,,53855,20,0,5,0,66,,53856,14,0,6,0
101,'S2-2_2',704,,53857,20,0,5,0,29,,53858,14,0,5,0,74,,53859,20,0,6,0,31,,53861,14,0,5,0,75,,53860,20,0,6,0,35,,53862,14,0,5,0,71,,53866,14,0,6,0,32,,53863,14,0,5,0,72,,53864,14,0,6,0,30,,53865,14,0,5,0,70,,53867,14,0,6,0,30,,53868,14,0,5,0,70,,53869,14,0,6,0,28,,53871,20,0,5,0,70,,53870,14,0,6,0,31,,53872,20,0,5,0,70,,53874,14,0,6,0,31,,53878,14,0,5,0,72,,53877,14,0,6,0,32,,53875,14,0,5,0,70,,53876,14,0,6,0,31,,53873,20,0,5,0,66,,53879,14,0,6,0,30,,53880,20,0,5,0,66,,53881,14,0,6,0
101,'S2-2_3',704,,53882,20,0,5,0,29,,53883,14,0,5,0,74,,53884,20,0,6,0,31,,53886,14,0,5,0,75,,53885,20,0,6,0,35,,53887,14,0,5,0,71,,53891,14,0,6,0,32,,53888,14,0,5,0,72,,53889,14,0,6,0,30,,53890,14,0,5,0,70,,53892,14,0,6,0,30,,53893,14,0,5,0,70,,53894,14,0,6,0,28,,53896,20,0,5,0,70,,53895,14,0,6,0,31,,53897,20,0,5,0,70,,53899,14,0,6,0,31,,53903,14,0,5,0,72,,53902,14,0,6,0,32,,53900,14,0,5,0,70,,53901,14,0,6,0,31,,53898,20,0,5,0,66,,53904,14,0,6,0,30,,53905,20,0,5,0,66,,53906,14,0,6,0
101,'S2-2_4',704,,53907,20,0,5,0,29,,53908,14,0,5,0,74,,53909,20,0,6,0,31,,53911,14,0,5,0,75,,53910,20,0,6,0,35,,53912,14,0,5,0,71,,53916,14,0,6,0,32,,53913,14,0,5,0,72,,53914,14,0,6,0,30,,53915,14,0,5,0,70,,53917,14,0,6,0,30,,53918,14,0,5,0,70,,53919,14,0,6,0,28,,53921,20,0,5,0,70,,53920,14,0,6,0,31,,53922,20,0,5,0,70,,53924,14,0,6,0,31,,53928,14,0,5,0,72,,53927,14,0,6,0,32,,53925,14,0,5,0,70,,53926,14,0,6,0,31,,53923,20,0,5,0,66,,53929,14,0,6,0,30,,53930,20,0,5,0,66,,53931,14,0,6,0
101,'S2-2_5',704,,53932,20,0,5,0,29,,53933,14,0,5,0,74,,53934,20,0,6,0,31,,53936,14,0,5,0,75,,53935,20,0,6,0,35,,53937,14,0,5,0,71,,53941,14,0,6,0,32,,53938,14,0,5,0,72,,53939,14,0,6,0,30,,53940,14,0,5,0,70,,53942,14,0,6,0,30,,53943,14,0,5,0,70,,53944,14,0,6,0,28,,53946,20,0,5,0,70,,53945,14,0,6,0,31,,53947,20,0,5,0,70,,53949,14,0,6,0,31,,53953,14,0,5,0,72,,53952,14,0,6,0,32,,53950,14,0,5,0,70,,53951,14,0,6,0,31,,53948,20,0,5,0,66,,53954,14,0,6,0,30,,53955,20,0,5,0,66,,53956,14,0,6,0
101,'S2-3_1',704,,53957,20,0,5,0,29,,53958,14,0,5,0,74,,53959,20,0,6,0,31,,53961,14,0,5,0,75,,53960,20,0,6,0,35,,53962,14,0,5,0,71,,53966,14,0,6,0,32,,53963,14,0,5,0,72,,53964,14,0,6,0,30,,53965,14,0,5,0,70,,53967,14,0,6,0,30,,53968,14,0,5,0,70,,53969,14,0,6,0,28,,53971,20,0,5,0,70,,53970,14,0,6,0,31,,53972,20,0,5,0,70,,53974,14,0,6,0,31,,53978,14,0,5,0,72,,53977,14,0,6,0,32,,53975,14,0,5,0,70,,53976,14,0,6,0,31,,53973,20,0,5,0,66,,53979,14,0,6,0,30,,53980,20,0,5,0,66,,53981,14,0,6,0
101,'S2-3_3',704,,53982,20,0,5,0,29,,53983,14,0,5,0,74,,53984,20,0,6,0,31,,53986,14,0,5,0,75,,53985,20,0,6,0,35,,53987,14,0,5,0,71,,53991,14,0,6,0,32,,53988,14,0,5,0,72,,53989,14,0,6,0,30,,53990,14,0,5,0,70,,53992,14,0,6,0,30,,53993,14,0,5,0,70,,53994,14,0,6,0,28,,53996,20,0,5,0,70,,53995,14,0,6,0,31,,53997,20,0,5,0,70,,53999,14,0,6,0,31,,54003,14,0,5,0,72,,54002,14,0,6,0,32,,54000,14,0,5,0,70,,54001,14,0,6,0,31,,53998,20,0,5,0,66,,54004,14,0,6,0,30,,54005,20,0,5,0,66,,54006,14,0,6,0
101,'S2-3_4',704,,54007,20,0,5,0,29,,54008,14,0,5,0,74,,54009,20,0,6,0,31,,54011,14,0,5,0,75,,54010,20,0,6,0,35,,54012,14,0,5,0,71,,54016,14,0,6,0,32,,54013,14,0,5,0,72,,54014,14,0,6,0,30,,54015,14,0,5,0,70,,54017,14,0,6,0,30,,54018,14,0,5,0,70,,54019,14,0,6,0,28,,54021,20,0,5,0,70,,54020,14,0,6,0,31,,54022,20,0,5,0,70,,54024,14,0,6,0,31,,54028,14,0,5,0,72,,54027,14,0,6,0,32,,54025,14,0,5,0,70,,54026,14,0,6,0,31,,54023,20,0,5,0,66,,54029,14,0,6,0,30,,54030,20,0,5,0,66,,54031,14,0,6,0
101,'S2-4_7',910,,54032,14,0,6,0,105,,54037,14,0,5,0,105,,54033,14,0,6,0,105,,54038,14,0,5,0,105,,54034,14,0,6,0,90,,54039,14,0,5,0,100,,54035,14,0,6,0,105,,54040,14,0,5,0,105,,54036,14,0,6,0,105,,54041,14,0,5,0
