1000,'S2-0_6',553,,57134,2,,,0,103,,57135,2,,,0,94,,57136,2,,,0,100,,57144,2,,,0,83,,57147,3,,,0,117,,57137,2,,,0,108,,57148,3,,,0,97,,57138,2,,,0,95,,57149,3,,,0,96,,57145,2,,,0,98,,57139,2,,,0,73,,57140,3,,,0,116,,57142,2,,,0,92,,57146,2,,,0,103,,57143,3,,,0,102,,57141,2,,,0
1000,'S2-1_7',1043,,57150,3,,,0,360,,57151,3,,,0,410,,57152,3,,,0,307,,57153,2,,,0
1000,'S2-2_1',610,,57154,2,,,0,97,,57155,2,,,0,120,,57156,2,0,18 30,0,88,,57157,3,,,0,102,,57162,2,0,18 30,0,97,,57158,3,0,18 30,0,112,,57163,2,0,18 30,0,105,,57164,2,0,18 30,0,103,,57159,3,,,0,93,,57165,2,,,0,115,,57160,3,,,0,106,,57166,2,,,0,160,,57161,3,0,18 30,0
1000,'S2-2_2',610,,57167,2,,,0,97,,57168,2,,,0,120,,57169,2,0,18 30,0,88,,57170,3,,,0,102,,57175,2,0,18 30,0,97,,57171,3,0,18 30,0,112,,57176,2,0,18 30,0,105,,57177,2,0,18 30,0,103,,57172,3,,,0,93,,57178,2,,,0,115,,57173,3,,,0,106,,57179,2,,,0,160,,57174,3,0,18 30,0
1000,'S2-2_3',610,,57180,2,,,0,97,,57181,2,,,0,120,,57182,2,0,18 30,0,88,,57183,3,,,0,102,,57188,2,0,18 30,0,97,,57184,3,0,18 30,0,112,,57189,2,0,18 30,0,105,,57190,2,0,18 30,0,103,,57185,3,,,0,93,,57191,2,,,0,115,,57186,3,,,0,106,,57192,2,,,0,160,,57187,3,0,18 30,0
1000,'S2-2_4',610,,57193,2,,,0,97,,57194,2,,,0,120,,57195,2,0,18 30,0,88,,57196,3,,,0,102,,57201,2,0,18 30,0,97,,57197,3,0,18 30,0,112,,57202,2,0,18 30,0,105,,57203,2,0,18 30,0,103,,57198,3,,,0,93,,57204,2,,,0,115,,57199,3,,,0,106,,57205,2,,,0,160,,57200,3,0,18 30,0
1000,'S2-2_5',610,,57206,2,,,0,97,,57207,2,,,0,120,,57208,2,0,18 30,0,88,,57209,3,,,0,102,,57214,2,0,18 30,0,97,,57210,3,0,18 30,0,112,,57215,2,0,18 30,0,105,,57216,2,0,18 30,0,103,,57211,3,,,0,93,,57217,2,,,0,115,,57212,3,,,0,106,,57218,2,,,0,160,,57213,3,0,18 30,0
1000,'S2-3_1',610,,57219,2,,,0,97,,57220,2,,,0,120,,57221,2,0,18 30,0,88,,57222,3,,,0,102,,57227,2,0,18 30,0,97,,57223,3,0,18 30,0,112,,57228,2,0,18 30,0,105,,57229,2,0,18 30,0,103,,57224,3,,,0,93,,57230,2,,,0,115,,57225,3,,,0,106,,57231,2,,,0,160,,57226,3,0,18 30,0
1000,'S2-3_3',610,,57232,2,,,0,97,,57233,2,,,0,120,,57234,2,0,18 30,0,88,,57235,3,,,0,102,,57240,2,0,18 30,0,97,,57236,3,0,18 30,0,112,,57241,2,0,18 30,0,105,,57242,2,0,18 30,0,103,,57237,3,,,0,93,,57243,2,,,0,115,,57238,3,,,0,106,,57244,2,,,0,160,,57239,3,0,18 30,0
1000,'S2-3_4',610,,57245,2,,,0,97,,57246,2,,,0,120,,57247,2,0,18 30,0,88,,57248,3,,,0,102,,57253,2,0,18 30,0,97,,57249,3,0,18 30,0,112,,57254,2,0,18 30,0,105,,57255,2,0,18 30,0,103,,57250,3,,,0,93,,57256,2,,,0,115,,57251,3,,,0,106,,57257,2,,,0,160,,57252,3,0,18 30,0
1000,'S2-4_7',610,,57258,2,,,0,97,,57259,2,,,0,120,,57260,2,0,18 30,0,88,,57261,3,,,0,102,,57266,2,0,18 30,0,97,,57262,3,0,18 30,0,112,,57267,2,0,18 30,0,105,,57268,2,0,18 30,0,103,,57263,3,,,0,93,,57269,2,,,0,115,,57264,3,,,0,106,,57270,2,,,0,160,,57265,3,0,18 30,0
2901000,'S2-0_6',750,,60992,2,,,0,100,,60994,2,,,0,200,,60993,2,,,0,175,,60999,2,,,0,30,,60996,2,,,0,95,,60995,2,,,0,96,,60997,2,,,0,98,,60998,2,,,0,157,,61001,2,,,0,99,,61000,2,,,0
2901000,'S2-2_1',831,,61002,2,,,0,298,,61003,2,,,0,208,,61004,2,,,0,94,,61005,2,,,0,192,,61006,2,,,0,199,,61007,2,,,0,183,,61008,2,,,0
2901000,'S2-2_2',831,,61009,2,,,0,298,,61010,2,,,0,208,,61011,2,,,0,94,,61012,2,,,0,192,,61013,2,,,0,199,,61014,2,,,0,183,,61015,2,,,0
2901000,'S2-2_3',831,,61016,2,,,0,298,,61017,2,,,0,208,,61018,2,,,0,94,,61019,2,,,0,192,,61020,2,,,0,199,,61021,2,,,0,183,,61022,2,,,0
2901000,'S2-2_4',831,,61023,2,,,0,298,,61024,2,,,0,208,,61025,2,,,0,94,,61026,2,,,0,192,,61027,2,,,0,199,,61028,2,,,0,183,,61029,2,,,0
2901000,'S2-2_5',831,,61030,2,,,0,298,,61031,2,,,0,208,,61032,2,,,0,94,,61033,2,,,0,192,,61034,2,,,0,199,,61035,2,,,0,183,,61036,2,,,0
2901000,'S2-3_1',831,,61037,2,,,0,298,,61038,2,,,0,208,,61039,2,,,0,94,,61040,2,,,0,192,,61041,2,,,0,199,,61042,2,,,0,183,,61043,2,,,0
2901000,'S2-3_3',831,,61044,2,,,0,298,,61045,2,,,0,208,,61046,2,,,0,94,,61047,2,,,0,192,,61048,2,,,0,199,,61049,2,,,0,183,,61050,2,,,0
2901000,'S2-3_4',831,,61051,2,,,0,298,,61052,2,,,0,208,,61053,2,,,0,94,,61054,2,,,0,192,,61055,2,,,0,199,,61056,2,,,0,183,,61057,2,,,0
2901000,'S2-4_7',831,,61058,2,,,0,298,,61059,2,,,0,208,,61060,2,,,0,94,,61061,2,,,0,192,,61062,2,,,0,199,,61063,2,,,0,183,,61064,2,,,0
