500,'1_6',713,,16429,4,,,0,98,,16418,4,,,0,99,,16419,4,,,0,101,,16420,4,,,0,100,,16421,4,,,0,96,,16422,4,,,0,98,,16423,4,,,0,100,,16424,4,,,0,99,,16425,4,,,0,101,,16426,4,,,0,100,,16427,4,,,0,153,,16428,4,,,0
500,'5_1',653,,16442,4,,,0,160,,16430,4,,,0,105,,16431,4,,,0,100,,16432,4,,,0,105,,16433,4,,,0,101,,16434,4,,,0,84,,16435,4,,,0,94,,16436,4,,,0,100,,16437,4,,,0,101,,16438,4,,,0,106,,16439,4,,,0,104,,16444,4,,,0,100,,16440,4,,,0
500,'5_2',653,,16457,4,,,0,160,,16445,4,,,0,105,,16446,4,,,0,100,,16447,4,,,0,105,,16448,4,,,0,101,,16449,4,,,0,84,,16450,4,,,0,94,,16451,4,,,0,100,,16452,4,,,0,101,,16453,4,,,0,106,,16454,4,,,0,104,,16459,4,,,0,100,,16455,4,,,0
500,'5_4',653,,16472,4,,,0,160,,16460,4,,,0,105,,16461,4,,,0,100,,16462,4,,,0,105,,16463,4,,,0,101,,16464,4,,,0,84,,16465,4,,,0,94,,16466,4,,,0,100,,16467,4,,,0,101,,16468,4,,,0,106,,16469,4,,,0,104,,16474,4,,,0,100,,16470,4,,,0
500,'5_5',653,,16487,4,,,0,160,,16475,4,,,0,105,,16476,4,,,0,100,,16477,4,,,0,105,,16478,4,,,0,101,,16479,4,,,0,84,,16480,4,,,0,94,,16481,4,,,0,100,,16482,4,,,0,101,,16483,4,,,0,106,,16484,4,,,0,104,,16489,4,,,0,100,,16485,4,,,0
500,'6_3',653,,16502,4,,,0,160,,16490,4,,,0,105,,16491,4,,,0,100,,16492,4,,,0,105,,16493,4,,,0,101,,16494,4,,,0,84,,16495,4,,,0,94,,16496,4,,,0,100,,16497,4,,,0,101,,16498,4,,,0,106,,16499,4,,,0,104,,16504,4,,,0,100,,16500,4,,,0
2900500,'5_1',646,,20949,4,,,0,107,,20950,4,,,0
2900500,'5_2',646,,20951,4,,,0,107,,20952,4,,,0
2900500,'5_4',646,,20953,4,,,0,107,,20954,4,,,0
2900500,'5_5',646,,20955,4,,,0,107,,20956,4,,,0
2900500,'6_3',646,,20957,4,,,0,107,,20958,4,,,0
