401,'2509-HIV-25j05H-d-Dimanche-00',1050,,9809,,,0,201,,9810,,,0,199,,9811,,,0,200,,9812,,,0
401,'2509-HIV-25j26H-d-Dimanche-00',1050,,9823,,,0,201,,9824,,,0,199,,9825,,,0,200,,9826,,,0
401,'2509-HIV-25k03H-s-Samedi-00',742,,9827,,,0,189,,9828,,,0,202,,9829,,,0,201,,9830,,,0,199,,9831,,,0,206,,9832,,,0,272,,9833,,,0
401,'2509-HIV-25l22Vlv-Semaine-00',841,,9873,,,0,297,,9875,,,0,119,,9874,,,0,100,,9876,,,0,180,,9877,,,0,96,,9863,,,0,125,,9869,,,0,198,,9878,,,0
401,'2509-HIV-26a05H-s-Samedi-00',742,,9879,,,0,189,,9880,,,0,202,,9881,,,0,201,,9882,,,0,199,,9883,,,0,206,,9884,,,0,272,,9885,,,0
401,'2509-HIV-26a05H-w-Mercredi-00',843,,9928,,,0,295,,9930,,,0,120,,9929,,,0,100,,9931,,,0,180,,9932,,,0,274,,9927,,,0,145,,9933,,,0
401,'2509-HIV-26a05Hlv-L-Ma-J-V-00',843,,9959,,,0,295,,9961,,,0,120,,9960,,,0,100,,9962,,,0,180,,9963,,,0,274,,9958,,,0,145,,9964,,,0
401,'2509-HIV-26b23Vlv-Semaine-00',841,,9987,,,0,297,,9989,,,0,119,,9988,,,0,100,,9990,,,0,180,,9991,,,0,96,,9977,,,0,125,,9983,,,0,198,,9992,,,0
401,'2509-HIV-26c02Vlv-Semaine-00',841,,10015,,,0,297,,10017,,,0,119,,10016,,,0,100,,10018,,,0,180,,10019,,,0,96,,10005,,,0,125,,10011,,,0,198,,10020,,,0
501,'2509-HIV-25j05H-d-Dimanche-00',959,,10126,,,0,200,,10127,,,0,200,,10128,,,0,200,,10125,,,0
501,'2509-HIV-25j26H-d-Dimanche-00',959,,10130,,,0,200,,10131,,,0,200,,10132,,,0,200,,10129,,,0
501,'2509-HIV-25k03H-s-Samedi-00',833,,10133,,,0,101,,10134,,,0,101,,10135,,,0,100,,10136,,,0,99,,10137,,,0,94,,10138,,,0,99,,10139,,,0,100,,10140,,,0,100,,10141,,,0,104,,10142,,,0,98,,10143,,,0,186,,10144,,,0
501,'2509-HIV-25l22Vlv-Semaine-00',944,,10145,,,0,105,,10146,,,0,101,,10147,,,0,85,,10148,,,0,94,,10149,,,0,98,,10150,,,0,102,,10151,,,0,103,,10152,,,0,107,,10153,,,0,102,,10154,,,0,166,,10155,,,0
501,'2509-HIV-26a05H-s-Samedi-00',833,,10156,,,0,101,,10157,,,0,101,,10158,,,0,100,,10159,,,0,99,,10160,,,0,94,,10161,,,0,99,,10162,,,0,100,,10163,,,0,100,,10164,,,0,104,,10165,,,0,98,,10166,,,0,186,,10167,,,0
501,'2509-HIV-26a05H-w-Mercredi-00',944,,10168,,,0,105,,10169,,,0,101,,10170,,,0,85,,10171,,,0,94,,10172,,,0,98,,10173,,,0,102,,10174,,,0,103,,10175,,,0,107,,10176,,,0,102,,10177,,,0,166,,10178,,,0
501,'2509-HIV-26a05H-w-Mercredi-00-0010000',1259,,10179,0,20 21,0
501,'2509-HIV-26a05Hlv-L-Ma-J-V-00',944,,10180,,,0,105,,10181,,,0,101,,10182,,,0,85,,10183,,,0,94,,10184,,,0,98,,10185,,,0,102,,10186,,,0,103,,10187,,,0,107,,10188,,,0,102,,10189,,,0,166,,10190,,,0
501,'2509-HIV-26a05Hlv-L-Ma-J-V-00-1101100',1658,,10191,0,20 21,0,150,,10192,0,20 21,0,51,,10193,0,20 21,0
501,'2509-HIV-26b23Vlv-Semaine-00',944,,10194,,,0,105,,10195,,,0,101,,10196,,,0,85,,10197,,,0,94,,10198,,,0,98,,10199,,,0,102,,10200,,,0,103,,10201,,,0,107,,10202,,,0,102,,10203,,,0,166,,10204,,,0
501,'2509-HIV-26c02Vlv-Semaine-00',944,,10205,,,0,105,,10206,,,0,101,,10207,,,0,85,,10208,,,0,94,,10209,,,0,98,,10210,,,0,102,,10211,,,0,103,,10212,,,0,107,,10213,,,0,102,,10214,,,0,166,,10215,,,0
