301,'25j05H-Dimanche',900,,1283,,,0,100,,1284,,,0,100,,1285,,,0,100,,1286,,,0,100,,1287,,,0,100,,1288,,,0,100,,1289,,,0,100,,1290,,,0,100,,1291,,,0,100,,1292,,,0,100,,1293,,,0
301,'25j26H-Dimanche',900,,1294,,,0,100,,1295,,,0,100,,1296,,,0,100,,1297,,,0,100,,1298,,,0,100,,1299,,,0,100,,1300,,,0,100,,1301,,,0,100,,1302,,,0,100,,1303,,,0,100,,1304,,,0
301,'25k03H-Samedi',708,,1308,,,0,30,,1305,,,0,70,,1306,,,0,30,,1307,,,0,69,,1309,,,0,30,,1310,,,0,70,,1311,,,0,29,,1312,,,0,71,,1316,,,0,30,,1315,,,0,70,,1313,,,0,29,,1314,,,0,69,,1318,,,0,29,,1319,,,0,69,,1317,,,0,31,,1320,,,0,70,,1323,,,0,32,,1321,,,0,72,,1322,,,0,31,,1325,,,0,71,,1324,,,0,32,,1326,,,0,72,,1327,,,0,30,,1328,,,0,71,,1329,,,0,29,,1330,,,0,70,,1331,,,0,24,,1332,,,0
301,'25l22V-Semaine',658,,1333,,,0,61,,1334,,,0,33,,1345,,,0,72,,1337,,,0,31,,1338,,,0,72,,1342,,,0,32,,1339,,,0,72,,1340,,,0,72,,1336,,,0,32,,1341,,,0,73,,1335,,,0,31,,1344,,,0,73,,1343,,,0,32,,1349,,,0,69,,1346,,,0,30,,1348,,,0,67,,1347,,,0,27,,1350,,,0,70,,1353,,,0,30,,1354,,,0,69,,1355,,,0,30,,1356,,,0,67,,1357,,,0,26,,1351,,,0,26,,1358,,,0,70,,1359,,,0,29,,1360,,,0,70,,1352,,,0
301,'26a05H-Samedi',708,,1364,,,0,30,,1361,,,0,70,,1362,,,0,30,,1363,,,0,69,,1365,,,0,30,,1366,,,0,70,,1367,,,0,29,,1368,,,0,71,,1372,,,0,30,,1371,,,0,70,,1369,,,0,29,,1370,,,0,69,,1374,,,0,29,,1375,,,0,69,,1373,,,0,31,,1376,,,0,70,,1379,,,0,32,,1377,,,0,72,,1378,,,0,31,,1381,,,0,71,,1380,,,0,32,,1382,,,0,72,,1383,,,0,30,,1384,,,0,71,,1385,,,0,29,,1386,,,0,70,,1387,,,0,24,,1388,,,0
301,'26a05H-Mercredi',657,,1415,,,0,60,,1389,,,0,33,,1416,,,0,72,,1390,,,0,32,,1391,,,0,72,,1392,,,0,32,,1393,,,0,72,,1394,,,0,72,,1395,,,0,32,,1396,,,0,72,,1397,,,0,32,,1398,,,0,72,,1399,,,0,32,,1400,,,0,71,,1401,,,0,30,,1402,,,0,67,,1403,,,0,26,,1404,,,0,71,,1405,,,0,29,,1406,,,0,67,,1407,,,0,31,,1408,,,0,67,,1409,,,0,27,,1410,,,0,26,,1411,,,0,70,,1412,,,0,30,,1413,,,0,70,,1414,,,0
301,'26a05H-L-Ma-J-V',657,,1443,,,0,60,,1417,,,0,33,,1444,,,0,72,,1418,,,0,32,,1419,,,0,72,,1420,,,0,32,,1421,,,0,72,,1422,,,0,72,,1423,,,0,32,,1424,,,0,72,,1425,,,0,32,,1426,,,0,72,,1427,,,0,32,,1428,,,0,71,,1429,,,0,30,,1430,,,0,67,,1431,,,0,26,,1432,,,0,71,,1433,,,0,29,,1434,,,0,67,,1435,,,0,31,,1436,,,0,67,,1437,,,0,27,,1438,,,0,26,,1439,,,0,70,,1440,,,0,30,,1441,,,0,70,,1442,,,0
301,'26b23V-Semaine',658,,1445,,,0,61,,1446,,,0,33,,1457,,,0,72,,1449,,,0,31,,1450,,,0,72,,1454,,,0,32,,1451,,,0,72,,1452,,,0,72,,1448,,,0,32,,1453,,,0,73,,1447,,,0,31,,1456,,,0,73,,1455,,,0,32,,1461,,,0,69,,1458,,,0,30,,1460,,,0,67,,1459,,,0,27,,1462,,,0,70,,1465,,,0,30,,1466,,,0,69,,1467,,,0,30,,1468,,,0,67,,1469,,,0,26,,1463,,,0,26,,1470,,,0,70,,1471,,,0,29,,1472,,,0,70,,1464,,,0
301,'26c02V-Semaine',658,,1473,,,0,61,,1474,,,0,33,,1485,,,0,72,,1477,,,0,31,,1478,,,0,72,,1482,,,0,32,,1479,,,0,72,,1480,,,0,72,,1476,,,0,32,,1481,,,0,73,,1475,,,0,31,,1484,,,0,73,,1483,,,0,32,,1489,,,0,69,,1486,,,0,30,,1488,,,0,67,,1487,,,0,27,,1490,,,0,70,,1493,,,0,30,,1494,,,0,69,,1495,,,0,30,,1496,,,0,67,,1497,,,0,26,,1491,,,0,26,,1498,,,0,70,,1499,,,0,29,,1500,,,0,70,,1492,,,0
401,'25j05H-Dimanche',923,,1723,0,20 35,0,100,,1724,0,20 35,0,100,,1725,0,20 35,0,100,,1726,0,20 35,0,100,,1727,0,20 35,0,100,,1728,0,20 35,0,100,,1729,0,20 35,0,100,,1730,0,20 35,0,100,,1731,0,20 35,0,100,,1732,0,20 35,0
401,'25j26H-Dimanche',923,,1737,0,20 35,0,100,,1738,0,20 35,0,100,,1739,0,20 35,0,100,,1740,0,20 35,0,100,,1741,0,20 35,0,100,,1742,0,20 35,0,100,,1743,0,20 35,0,100,,1744,0,20 35,0,100,,1745,0,20 35,0,100,,1746,0,20 35,0
401,'25k03H-Samedi',713,,1751,,,0,116,,1758,0,20 35,0,73,,1752,,,0,28,,1759,0,20 35,0,72,,1760,0,20 35,0,28,,1761,0,20 35,0,72,,1753,,,0,28,,1762,0,20 35,0,73,,1763,0,20 35,0,30,,1764,0,20 35,0,70,,1754,,,0,29,,1765,0,20 35,0,69,,1766,0,20 35,0,31,,1767,0,20 35,0,71,,1755,,,0,28,,1768,0,20 35,0,73,,1769,0,20 35,0,33,,1770,0,20 35,0,71,,1756,,,0,32,,1771,0,20 35,0,72,,1772,0,20 35,0,31,,1773,0,20 35,0,70,,1774,0,20 35,0,30,,1757,,,0
401,'25l22V-Semaine',718,,1790,0,20 35,0,10,,1776,0,20 35,0,15,,1791,0,20 35,0,15,,1777,0,20 35,0,55,,1797,,,0,19,,1778,0,20 35,0,15,,1779,0,20 35,0,80,,1780,0,20 35,0,31,,1781,0,20 35,0,76,,1782,0,20 35,0,73,,1799,,,0,30,,1783,0,20 35,0,70,,1784,0,20 35,0,20,,1798,,,0,30,,1795,0,20 35,0,70,,1800,,,0,30,,1775,0,20 35,0,80,,1785,0,20 35,0,70,,1801,,,0,25,,1786,0,20 35,0,70,,1787,,,0,25,,1796,0,20 35,0,30,,1792,0,20 35,0,70,,1793,,,0,75,,1788,0,20 35,0,25,,1794,0,20 35,0,30,,1789,0,20 35,0,71,,1802,,,0
401,'26a05H-Samedi',713,,1803,,,0,116,,1810,0,20 35,0,73,,1804,,,0,28,,1811,0,20 35,0,72,,1812,0,20 35,0,28,,1813,0,20 35,0,72,,1805,,,0,28,,1814,0,20 35,0,73,,1815,0,20 35,0,30,,1816,0,20 35,0,70,,1806,,,0,29,,1817,0,20 35,0,69,,1818,0,20 35,0,31,,1819,0,20 35,0,71,,1807,,,0,28,,1820,0,20 35,0,73,,1821,0,20 35,0,33,,1822,0,20 35,0,71,,1808,,,0,32,,1823,0,20 35,0,72,,1824,0,20 35,0,31,,1825,0,20 35,0,70,,1826,0,20 35,0,30,,1809,,,0
401,'26a05H-Mercredi',717,,1844,0,20 35,0,10,,1828,0,20 35,0,15,,1845,0,20 35,0,15,,1829,0,20 35,0,55,,1852,,,0,23,,1830,0,20 35,0,11,,1831,0,20 35,0,75,,1832,0,20 35,0,35,,1833,0,20 35,0,75,,1834,0,20 35,0,75,,1854,,,0,31,,1835,0,20 35,0,69,,1836,0,20 35,0,20,,1853,,,0,30,,1849,0,20 35,0,70,,1855,,,0,74,,1827,0,20 35,0,37,,1837,0,20 35,0,70,,1856,,,0,26,,1838,0,20 35,0,69,,1839,0,20 35,0,15,,1840,0,20 35,0,16,,1850,0,20 35,0,19,,1846,0,20 35,0,57,,1841,0,20 35,0,16,,1847,0,20 35,0,12,,1851,,,0,70,,1842,0,20 35,0,20,,1848,0,20 35,0,76,,1843,0,20 35,0,25,,1857,,,0
401,'26a05H-L-Ma-J-V',717,,1875,0,20 35,0,10,,1859,0,20 35,0,15,,1876,0,20 35,0,15,,1860,0,20 35,0,55,,1883,,,0,23,,1861,0,20 35,0,11,,1862,0,20 35,0,75,,1863,0,20 35,0,35,,1864,0,20 35,0,75,,1865,0,20 35,0,75,,1885,,,0,31,,1866,0,20 35,0,69,,1867,0,20 35,0,20,,1884,,,0,30,,1880,0,20 35,0,70,,1886,,,0,74,,1858,0,20 35,0,37,,1868,0,20 35,0,70,,1887,,,0,26,,1869,0,20 35,0,69,,1870,0,20 35,0,15,,1871,0,20 35,0,16,,1881,0,20 35,0,19,,1877,0,20 35,0,57,,1872,0,20 35,0,16,,1878,0,20 35,0,12,,1882,,,0,70,,1873,0,20 35,0,20,,1879,0,20 35,0,76,,1874,0,20 35,0,25,,1888,,,0
401,'26b23V-Semaine',718,,1904,0,20 35,0,10,,1890,0,20 35,0,15,,1905,0,20 35,0,15,,1891,0,20 35,0,55,,1911,,,0,19,,1892,0,20 35,0,15,,1893,0,20 35,0,80,,1894,0,20 35,0,31,,1895,0,20 35,0,76,,1896,0,20 35,0,73,,1913,,,0,30,,1897,0,20 35,0,70,,1898,0,20 35,0,20,,1912,,,0,30,,1909,0,20 35,0,70,,1914,,,0,30,,1889,0,20 35,0,80,,1899,0,20 35,0,70,,1915,,,0,25,,1900,0,20 35,0,70,,1901,,,0,25,,1910,0,20 35,0,30,,1906,0,20 35,0,70,,1907,,,0,75,,1902,0,20 35,0,25,,1908,0,20 35,0,30,,1903,0,20 35,0,71,,1916,,,0
401,'26c02V-Semaine',718,,1932,0,20 35,0,10,,1918,0,20 35,0,15,,1933,0,20 35,0,15,,1919,0,20 35,0,55,,1939,,,0,19,,1920,0,20 35,0,15,,1921,0,20 35,0,80,,1922,0,20 35,0,31,,1923,0,20 35,0,76,,1924,0,20 35,0,73,,1941,,,0,30,,1925,0,20 35,0,70,,1926,0,20 35,0,20,,1940,,,0,30,,1937,0,20 35,0,70,,1942,,,0,30,,1917,0,20 35,0,80,,1927,0,20 35,0,70,,1943,,,0,25,,1928,0,20 35,0,70,,1929,,,0,25,,1938,0,20 35,0,30,,1934,0,20 35,0,70,,1935,,,0,75,,1930,0,20 35,0,25,,1936,0,20 35,0,30,,1931,0,20 35,0,71,,1944,,,0
501,'25k03H-Samedi',805,,2057,,,0,99,,2058,,,0,100,,2059,,,0,100,,2060,,,0,100,,2061,,,0,55,,2062,,,0,98,,2063,,,0,100,,2064,,,0,100,,2065,,,0,100,,2066,,,0,100,,2067,,,0,192,,2068,,,0
501,'25l22V-Semaine',911,,2069,,,0,104,,2070,,,0,100,,2071,,,0,86,,2072,,,0,55,,2073,,,0,99,,2074,,,0,102,,2075,,,0,100,,2076,,,0,143,,2077,,,0,107,,2078,,,0,131,,2079,,,0
501,'26a05H-Samedi',805,,2080,,,0,99,,2081,,,0,100,,2082,,,0,100,,2083,,,0,100,,2084,,,0,55,,2085,,,0,98,,2086,,,0,100,,2087,,,0,100,,2088,,,0,100,,2089,,,0,100,,2090,,,0,192,,2091,,,0
501,'26a05H-Mercredi',911,,2092,,,0,104,,2093,,,0,100,,2094,,,0,86,,2095,,,0,55,,2096,,,0,99,,2097,,,0,102,,2098,,,0,100,,2099,,,0,143,,2100,,,0,107,,2101,,,0,131,,2102,,,0
501,'26a05H-Mercredi0010000',1226,,2103,0,20 21,0
501,'26a05H-L-Ma-J-V',911,,2104,,,0,104,,2105,,,0,100,,2106,,,0,86,,2107,,,0,55,,2108,,,0,99,,2109,,,0,102,,2110,,,0,100,,2111,,,0,143,,2112,,,0,107,,2113,,,0,131,,2114,,,0
501,'26a05H-L-Ma-J-V1101100',1622,,2115,0,20 21,0,108,,2116,0,20 21,0,97,,2117,0,20 21,0
501,'26b23V-Semaine',911,,2118,,,0,104,,2119,,,0,100,,2120,,,0,86,,2121,,,0,55,,2122,,,0,99,,2123,,,0,102,,2124,,,0,100,,2125,,,0,143,,2126,,,0,107,,2127,,,0,131,,2128,,,0
501,'26c02V-Semaine',911,,2129,,,0,104,,2130,,,0,100,,2131,,,0,86,,2132,,,0,55,,2133,,,0,99,,2134,,,0,102,,2135,,,0,100,,2136,,,0,143,,2137,,,0,107,,2138,,,0,131,,2139,,,0
601,'25j05H-Dimanche',947,,2258,,,0,295,,2259,,,0,210,,2260,,,0,255,,2261,,,0
601,'25j26H-Dimanche',947,,2262,,,0,295,,2263,,,0,210,,2264,,,0,255,,2265,,,0
601,'25k03H-Samedi',731,,2266,,,0,90,,2268,,,0,94,,2269,,,0,94,,2270,,,0,48,,2271,,,0,89,,2272,,,0,89,,2273,,,0,89,,2274,,,0,87,,2275,,,0,89,,2276,,,0,100,,2277,,,0,51,,2278,,,0,95,,2279,,,0,87,,2280,,,0,91,,2267,,,0
601,'25l22V-Semaine',602,,2281,,,0,108,,2295,,,0,92,,2282,,,0,52,,2283,,,0,92,,2284,,,0,86,,2285,,,0,92,,2296,,,0,84,,2286,,,0,21,,2287,,,0,95,,2288,,,0,83,,2289,,,0,103,,2290,,,0,45,,2291,,,0,94,,2292,,,0,90,,2297,,,0,90,,2293,,,0,95,,2294,,,0
601,'26a05H-Samedi',731,,2298,,,0,90,,2300,,,0,94,,2301,,,0,94,,2302,,,0,48,,2303,,,0,89,,2304,,,0,89,,2305,,,0,89,,2306,,,0,87,,2307,,,0,89,,2308,,,0,100,,2309,,,0,51,,2310,,,0,95,,2311,,,0,87,,2312,,,0,91,,2299,,,0
601,'26a05H-Mercredi',602,,2313,,,0,103,,2326,,,0,98,,2314,,,0,102,,2315,,,0,98,,2316,,,0,100,,2317,,,0,125,,2318,,,0,81,,2319,,,0,103,,2320,,,0,94,,2321,,,0,39,,2327,,,0,78,,2322,,,0,35,,2328,,,0,69,,2323,,,0,73,,2329,,,0,28,,2324,,,0,96,,2325,,,0
601,'26a05H-Mercredi0010000',1202,,2330,,,0
601,'26a05H-L-Ma-J-V',602,,2331,,,0,103,,2344,,,0,98,,2332,,,0,102,,2333,,,0,98,,2334,,,0,100,,2335,,,0,125,,2336,,,0,81,,2337,,,0,103,,2338,,,0,94,,2339,,,0,39,,2345,,,0,78,,2340,,,0,35,,2346,,,0,69,,2341,,,0,73,,2347,,,0,28,,2342,,,0,96,,2343,,,0
601,'26a05H-L-Ma-J-V1101100',1202,,2348,,,0
601,'26b23V-Semaine',602,,2349,,,0,108,,2363,,,0,92,,2350,,,0,52,,2351,,,0,92,,2352,,,0,86,,2353,,,0,92,,2364,,,0,84,,2354,,,0,21,,2355,,,0,95,,2356,,,0,83,,2357,,,0,103,,2358,,,0,45,,2359,,,0,94,,2360,,,0,90,,2365,,,0,90,,2361,,,0,95,,2362,,,0
601,'26c02V-Semaine',602,,2366,,,0,108,,2380,,,0,92,,2367,,,0,52,,2368,,,0,92,,2369,,,0,86,,2370,,,0,92,,2381,,,0,84,,2371,,,0,21,,2372,,,0,95,,2373,,,0,83,,2374,,,0,103,,2375,,,0,45,,2376,,,0,94,,2377,,,0,90,,2382,,,0,90,,2378,,,0,95,,2379,,,0
1001,'25j05H-Dimanche',917,,2995,,,0,420,,2996,,,0,500,,2997,,,0
1001,'25j26H-Dimanche',917,,2998,,,0,420,,2999,,,0,500,,3000,,,0
1001,'25k03H-Samedi',735,,3001,,,0,103,,3002,,,0,202,,3003,,,0,308,,3006,0,,0,265,,3007,,,0,117,,3008,,,0,92,,3004,,,0,108,,3005,,,0
1001,'25l22V-Semaine',735,,3013,,,0,99,,3015,,,0,206,,3016,,,0,308,,3014,,,0,265,,3021,,,0,117,,3022,,,0,92,,3023,,,0,108,,3017,,,0
1001,'26a05H-Samedi',735,,3025,,,0,103,,3026,,,0,202,,3027,,,0,308,,3030,0,,0,265,,3031,,,0,117,,3032,,,0,92,,3028,,,0,108,,3029,,,0
1001,'26a05H-Mercredi',735,,3037,,,0,99,,3039,,,0,85,,3040,,,0,125,,3041,,,0,304,,3038,,,0,261,,3049,,,0,121,,3050,,,0,92,,3042,,,0,108,,3043,,,0
1001,'26a05H-L-Ma-J-V',735,,3051,,,0,99,,3053,,,0,85,,3054,,,0,125,,3055,,,0,304,,3052,,,0,261,,3063,,,0,121,,3064,,,0,92,,3056,,,0,108,,3057,,,0
1001,'26b23V-Semaine',735,,3065,,,0,99,,3067,,,0,206,,3068,,,0,308,,3066,,,0,265,,3073,,,0,117,,3074,,,0,92,,3075,,,0,108,,3069,,,0
1001,'26c02V-Semaine',735,,3077,,,0,99,,3079,,,0,206,,3080,,,0,308,,3078,,,0,265,,3085,,,0,117,,3086,,,0,92,,3087,,,0,108,,3081,,,0
1101,'25j05H-Dimanche',917,,3121,,,0,920,,3122,,,0
1101,'25j26H-Dimanche',917,,3123,,,0,920,,3124,,,0
1101,'25k03H-Samedi',1602,,3125,,,0,114,,3126,,,0
1101,'25l22V-Semaine',1602,,3127,,,0,114,,3128,,,0
1101,'26a05H-Samedi',1602,,3129,,,0,114,,3130,,,0
1101,'26a05H-Mercredi',1602,,3131,,,0,114,,3132,,,0,99,,3133,,,0
1101,'26a05H-L-Ma-J-V',1602,,3134,,,0,114,,3135,,,0,99,,3136,,,0
1101,'26b23V-Semaine',1602,,3137,,,0,114,,3138,,,0
1101,'26c02V-Semaine',1602,,3139,,,0,114,,3140,,,0
2101,'25l22V-Semaine',730,,3650,,,0,117,,3651,,,0
2101,'26a05H-Mercredi',730,,3652,,,0,117,,3653,,,0
2101,'26a05H-L-Ma-J-V',730,,3654,,,0,117,,3655,,,0
2101,'26b23V-Semaine',730,,3656,,,0,117,,3657,,,0
2101,'26c02V-Semaine',730,,3658,,,0,117,,3659,,,0
2501,'25j05H-Dimanche',853,,3810,,,0,200,,3811,,,0,372,,3812,,,0,303,,3813,,,0
2501,'25j26H-Dimanche',853,,3814,,,0,200,,3815,,,0,372,,3816,,,0,303,,3817,,,0
2501,'25k03H-Samedi',716,,3818,,,0,112,,3819,,,0,126,,3820,,,0,152,,3821,,,0,113,,3822,,,0,128,,3823,,,0,168,,3824,,,0,121,,3825,,,0,121,,3826,,,0,157,,3827,,,0
2501,'25l22V-Semaine',710,,3828,,,0,28,,3838,,,0,88,,3829,,,0,77,,3839,,,0,51,,3830,,,0,152,,3831,,,0,113,,3832,,,0,128,,3833,,,0,168,,3834,,,0,121,,3835,,,0,121,,3836,,,0,157,,3837,,,0
2501,'26a05H-Samedi',716,,3840,,,0,112,,3841,,,0,126,,3842,,,0,152,,3843,,,0,113,,3844,,,0,128,,3845,,,0,168,,3846,,,0,121,,3847,,,0,121,,3848,,,0,157,,3849,,,0
2501,'26a05H-Mercredi',713,,3850,,,0,30,,3851,,,0,85,,3852,,,0,77,,3853,,,0,36,,3854,,,0,112,,3855,,,0,166,,3856,,,0,120,,3857,,,0,117,,3858,,,0,157,,3859,,,0,103,,3860,,,0,96,,3861,,,0,118,,3862,,,0
2501,'26a05H-L-Ma-J-V',713,,3863,,,0,30,,3864,,,0,85,,3865,,,0,77,,3866,,,0,36,,3867,,,0,112,,3868,,,0,166,,3869,,,0,120,,3870,,,0,117,,3871,,,0,157,,3872,,,0,103,,3873,,,0,96,,3874,,,0,118,,3875,,,0
2501,'26b23V-Semaine',710,,3876,,,0,28,,3886,,,0,88,,3877,,,0,77,,3887,,,0,51,,3878,,,0,152,,3879,,,0,113,,3880,,,0,128,,3881,,,0,168,,3882,,,0,121,,3883,,,0,121,,3884,,,0,157,,3885,,,0
2501,'26c02V-Semaine',710,,3888,,,0,28,,3898,,,0,88,,3889,,,0,77,,3899,,,0,51,,3890,,,0,152,,3891,,,0,113,,3892,,,0,128,,3893,,,0,168,,3894,,,0,121,,3895,,,0,121,,3896,,,0,157,,3897,,,0
2601,'25k03H-Samedi',719,,4030,,,0,85,,4033,,,0,45,,4034,,,0,85,,4035,,,0,90,,4036,,,0,84,,4037,,,0,44,,4038,,,0,85,,4039,,,0,82,,4040,,,0,83,,4041,,,0,46,,4042,,,0,90,,4043,,,0,85,,4044,,,0,81,,4045,,,0,47,,4046,,,0,84,,4032,,,0,83,,4031,,,0
2601,'25l22V-Semaine',719,,4047,,,0,85,,4048,,,0,45,,4049,,,0,85,,4050,,,0,90,,4051,,,0,84,,4052,,,0,44,,4053,,,0,85,,4054,,,0,82,,4055,,,0,83,,4056,,,0,46,,4057,,,0,90,,4058,,,0,85,,4059,,,0,81,,4060,,,0,47,,4061,,,0,84,,4062,,,0,83,,4063,,,0
2601,'26a05H-Samedi',719,,4064,,,0,85,,4067,,,0,45,,4068,,,0,85,,4069,,,0,90,,4070,,,0,84,,4071,,,0,44,,4072,,,0,85,,4073,,,0,82,,4074,,,0,83,,4075,,,0,46,,4076,,,0,90,,4077,,,0,85,,4078,,,0,81,,4079,,,0,47,,4080,,,0,84,,4066,,,0,83,,4065,,,0
2601,'26a05H-Mercredi',714,,4081,,,0,33,,4090,,,0,65,,4092,,,0,24,,4091,,,0,79,,4082,,,0,99,,4083,,,0,100,,4099,,,0,100,,4084,,,0,28,,4100,,,0,61,,4101,,,0,53,,4085,,,0,94,,4086,,,0,153,,4094,,,0,45,,4095,,,0,67,,4096,,,0,93,,4097,,,0,25,,4098,,,0,95,,4093,,,0
2601,'26a05H-L-Ma-J-V',714,,4102,,,0,33,,4111,,,0,65,,4113,,,0,24,,4112,,,0,79,,4103,,,0,99,,4104,,,0,100,,4120,,,0,100,,4105,,,0,28,,4121,,,0,61,,4122,,,0,53,,4106,,,0,94,,4107,,,0,153,,4115,,,0,45,,4116,,,0,67,,4117,,,0,93,,4118,,,0,25,,4119,,,0,95,,4114,,,0
2601,'26b23V-Semaine',719,,4124,,,0,85,,4125,,,0,45,,4126,,,0,85,,4127,,,0,90,,4128,,,0,84,,4129,,,0,44,,4130,,,0,85,,4131,,,0,82,,4132,,,0,83,,4133,,,0,46,,4134,,,0,90,,4135,,,0,85,,4136,,,0,81,,4137,,,0,47,,4138,,,0,84,,4139,,,0,83,,4140,,,0
2601,'26c02V-Semaine',719,,4141,,,0,85,,4142,,,0,45,,4143,,,0,85,,4144,,,0,90,,4145,,,0,84,,4146,,,0,44,,4147,,,0,85,,4148,,,0,82,,4149,,,0,83,,4150,,,0,46,,4151,,,0,90,,4152,,,0,85,,4153,,,0,81,,4154,,,0,47,,4155,,,0,84,,4156,,,0,83,,4157,,,0
901301,'25l22V-Semaine0101000',1013,,4459,0,,0
901301,'26a05H-L-Ma-J-V0101000',1013,,4460,0,,0
901301,'26b23V-Semaine0101000',1013,,4461,0,,0
901301,'26c02V-Semaine0101000',1013,,4462,0,,0
2000001,'25j05H-Dimanche',812,,6303,,,0,40,,6286,,,0,80,,6287,,,0,80,,6288,,,0,40,,6289,,,0,80,,6290,,,0,80,,6291,,,0,40,,6292,,,0,80,,6294,,,0,80,,6293,,,0,40,,6295,,,0,80,,6296,,,0,80,,6297,,,0,40,,6298,,,0,80,,6300,,,0,80,,6299,,,0,40,,6301,,,0,80,,6302,,,0
2000001,'25j26H-Dimanche',812,,6321,,,0,40,,6304,,,0,80,,6305,,,0,80,,6306,,,0,40,,6307,,,0,80,,6308,,,0,80,,6309,,,0,40,,6310,,,0,80,,6312,,,0,80,,6311,,,0,40,,6313,,,0,80,,6314,,,0,80,,6315,,,0,40,,6316,,,0,80,,6318,,,0,80,,6317,,,0,40,,6319,,,0,80,,6320,,,0
2000001,'25k03H-Samedi',642,,6322,,,0,79,,6323,,,0,79,,6324,,,0,30,,6362,,,0,21,,6326,,,0,60,,6325,,,0,20,,6327,,,0,20,,6328,,,0,59,,6330,,,0,18,,6329,,,0,20,,6335,,,0,60,,6333,,,0,17,,6337,,,0,19,,6331,,,0,59,,6336,,,0,21,,6332,,,0,17,,6334,,,0,18,,6343,,,0,58,,6340,,,0,20,,6341,,,0,20,,6342,,,0,58,,6339,,,0,17,,6338,,,0,19,,6344,,,0,61,,6345,,,0,20,,6347,,,0,19,,6346,,,0,60,,6348,,,0,20,,6349,,,0,21,,6350,,,0,60,,6352,,,0,19,,6351,,,0,19,,6353,,,0,59,,6354,,,0,19,,6355,,,0,19,,6356,,,0,57,,6357,,,0,19,,6358,,,0,24,,6359,,,0,64,,6360,,,0,23,,6361,,,0
2000001,'25l22V-Semaine',639,,6369,,,0,64,,6366,,,0,17,,6364,,,0,15,,6368,,,0,15,,6365,,,0,55,,6370,,,0,15,,6363,,,0,13,,6367,,,0,15,,6372,,,0,56,,6411,,,0,15,,6410,,,0,15,,6409,,,0,15,,6408,,,0,55,,6406,,,0,15,,6407,,,0,15,,6405,,,0,15,,6404,,,0,55,,6402,,,0,14,,6403,,,0,15,,6401,,,0,15,,6400,,,0,55,,6399,,,0,15,,6398,,,0,15,,6393,,,0,14,,6394,,,0,55,,6395,,,0,15,,6391,,,0,16,,6396,,,0,15,,6397,,,0,56,,6392,,,0,14,,6384,,,0,14,,6387,,,0,15,,6390,,,0,55,,6386,,,0,16,,6388,,,0,15,,6389,,,0,15,,6385,,,0,56,,6382,,,0,15,,6383,,,0,15,,6381,,,0,16,,6378,,,0,55,,6379,,,0,14,,6380,,,0,15,,6377,,,0,15,,6375,,,0,54,,6376,,,0,15,,6373,,,0,14,,6374,,,0,16,,6371,,,0,54,,6417,,,0,27,,6412,,,0,20,,6413,,,0,60,,6416,,,0,19,,6415,,,0,19,,6414,,,0
2000001,'26a05H-Samedi',642,,6418,,,0,79,,6419,,,0,79,,6420,,,0,30,,6458,,,0,21,,6422,,,0,60,,6421,,,0,20,,6423,,,0,20,,6424,,,0,59,,6426,,,0,18,,6425,,,0,20,,6431,,,0,60,,6429,,,0,17,,6433,,,0,19,,6427,,,0,59,,6432,,,0,21,,6428,,,0,17,,6430,,,0,18,,6439,,,0,58,,6436,,,0,20,,6437,,,0,20,,6438,,,0,58,,6435,,,0,17,,6434,,,0,19,,6440,,,0,61,,6441,,,0,20,,6443,,,0,19,,6442,,,0,60,,6444,,,0,20,,6445,,,0,21,,6446,,,0,60,,6448,,,0,19,,6447,,,0,19,,6449,,,0,59,,6450,,,0,19,,6451,,,0,19,,6452,,,0,57,,6453,,,0,19,,6454,,,0,24,,6455,,,0,64,,6456,,,0,23,,6457,,,0
2000001,'26a05H-Mercredi',638,,6511,,,0,63,,6488,,,0,13,,6469,,,0,3,,6471,,,0,16,,6496,,,0,18,,6479,,,0,54,,6514,,,0,14,,6461,,,0,14,,6489,,,0,15,,6473,,,0,56,,6497,,,0,15,,6481,,,0,16,,6505,,,0,17,,6462,,,0,56,,6495,,,0,15,,6472,,,0,16,,6498,,,0,16,,6480,,,0,56,,6507,,,0,15,,6463,,,0,16,,6493,,,0,15,,6478,,,0,57,,6499,,,0,16,,6487,,,0,14,,6506,,,0,13,,6465,,,0,55,,6490,,,0,16,,6474,,,0,15,,6501,,,0,15,,6482,,,0,56,,6510,,,0,15,,6466,,,0,15,,6491,,,0,15,,6475,,,0,55,,6500,,,0,16,,6483,,,0,14,,6509,,,0,56,,6464,,,0,15,,6492,,,0,17,,6476,,,0,15,,6502,,,0,56,,6484,,,0,17,,6460,,,0,17,,6508,,,0,18,,6515,,,0,52,,6494,,,0,13,,6477,,,0,14,,6503,,,0,15,,6485,,,0,52,,6459,,,0,13,,6512,,,0,14,,6468,,,0,23,,6504,,,0,60,,6486,,,0,21,,6513,,,0,20,,6470,,,0
2000001,'26a05H-L-Ma-J-V',638,,6568,,,0,63,,6545,,,0,13,,6526,,,0,3,,6528,,,0,16,,6553,,,0,18,,6536,,,0,54,,6571,,,0,14,,6518,,,0,14,,6546,,,0,15,,6530,,,0,56,,6554,,,0,15,,6538,,,0,16,,6562,,,0,17,,6519,,,0,56,,6552,,,0,15,,6529,,,0,16,,6555,,,0,16,,6537,,,0,56,,6564,,,0,15,,6520,,,0,16,,6550,,,0,15,,6535,,,0,57,,6556,,,0,16,,6544,,,0,14,,6563,,,0,13,,6522,,,0,55,,6547,,,0,16,,6531,,,0,15,,6558,,,0,15,,6539,,,0,56,,6567,,,0,15,,6523,,,0,15,,6548,,,0,15,,6532,,,0,55,,6557,,,0,16,,6540,,,0,14,,6566,,,0,56,,6521,,,0,15,,6549,,,0,17,,6533,,,0,15,,6559,,,0,56,,6541,,,0,17,,6517,,,0,17,,6565,,,0,18,,6572,,,0,52,,6551,,,0,13,,6534,,,0,14,,6560,,,0,15,,6542,,,0,52,,6516,,,0,13,,6569,,,0,14,,6525,,,0,23,,6561,,,0,60,,6543,,,0,21,,6570,,,0,20,,6527,,,0
2000001,'26b23V-Semaine',639,,6579,,,0,64,,6576,,,0,17,,6574,,,0,15,,6578,,,0,15,,6575,,,0,55,,6580,,,0,15,,6573,,,0,13,,6577,,,0,15,,6582,,,0,56,,6621,,,0,15,,6620,,,0,15,,6619,,,0,15,,6618,,,0,55,,6616,,,0,15,,6617,,,0,15,,6615,,,0,15,,6614,,,0,55,,6612,,,0,14,,6613,,,0,15,,6611,,,0,15,,6610,,,0,55,,6609,,,0,15,,6608,,,0,15,,6603,,,0,14,,6604,,,0,55,,6605,,,0,15,,6601,,,0,16,,6606,,,0,15,,6607,,,0,56,,6602,,,0,14,,6594,,,0,14,,6597,,,0,15,,6600,,,0,55,,6596,,,0,16,,6598,,,0,15,,6599,,,0,15,,6595,,,0,56,,6592,,,0,15,,6593,,,0,15,,6591,,,0,16,,6588,,,0,55,,6589,,,0,14,,6590,,,0,15,,6587,,,0,15,,6585,,,0,54,,6586,,,0,15,,6583,,,0,14,,6584,,,0,16,,6581,,,0,54,,6627,,,0,27,,6622,,,0,20,,6623,,,0,60,,6626,,,0,19,,6625,,,0,19,,6624,,,0
2000001,'26c02V-Semaine',639,,6634,,,0,64,,6631,,,0,17,,6629,,,0,15,,6633,,,0,15,,6630,,,0,55,,6635,,,0,15,,6628,,,0,13,,6632,,,0,15,,6637,,,0,56,,6676,,,0,15,,6675,,,0,15,,6674,,,0,15,,6673,,,0,55,,6671,,,0,15,,6672,,,0,15,,6670,,,0,15,,6669,,,0,55,,6667,,,0,14,,6668,,,0,15,,6666,,,0,15,,6665,,,0,55,,6664,,,0,15,,6663,,,0,15,,6658,,,0,14,,6659,,,0,55,,6660,,,0,15,,6656,,,0,16,,6661,,,0,15,,6662,,,0,56,,6657,,,0,14,,6649,,,0,14,,6652,,,0,15,,6655,,,0,55,,6651,,,0,16,,6653,,,0,15,,6654,,,0,15,,6650,,,0,56,,6647,,,0,15,,6648,,,0,15,,6646,,,0,16,,6643,,,0,55,,6644,,,0,14,,6645,,,0,15,,6642,,,0,15,,6640,,,0,54,,6641,,,0,15,,6638,,,0,14,,6639,,,0,16,,6636,,,0,54,,6682,,,0,27,,6677,,,0,20,,6678,,,0,60,,6681,,,0,19,,6680,,,0,19,,6679,,,0
3000001,'25j05H-Dimanche',849,,7004,,,0,170,,7012,,,0,130,,7011,,,0,170,,7010,,,0,130,,7007,,,0,170,,7008,,,0,130,,7009,,,0,170,,7006,,,0,130,,7005,,,0
3000001,'25j26H-Dimanche',849,,7013,,,0,170,,7015,,,0,130,,7016,,,0,170,,7017,,,0,130,,7018,,,0,170,,7019,,,0,130,,7020,,,0,170,,7021,,,0,130,,7014,,,0
3000001,'25k03H-Samedi',644,,7022,,,0,80,,7023,,,0,84,,7024,,,0,37,,7025,,,0,61,,7026,,,0,19,,7027,,,0,21,,7028,,,0,60,,7029,,,0,20,,7030,,,0,20,,7031,,,0,60,,7032,,,0,19,,7033,,,0,21,,7034,,,0,61,,7035,,,0,19,,7036,,,0,19,,7037,,,0,60,,7038,,,0,20,,7039,,,0,20,,7040,,,0,61,,7041,,,0,20,,7042,,,0,20,,7043,,,0,61,,7044,,,0,20,,7045,,,0,20,,7046,,,0,60,,7047,,,0,20,,7048,,,0,21,,7049,,,0,60,,7050,,,0,20,,7051,,,0,19,,7052,,,0,59,,7053,,,0,20,,7054,,,0,20,,7055,,,0,58,,7056,,,0,32,,7058,,,0,68,,7059,,,0,30,,7057,,,0,69,,7060,,,0
3000001,'25l22V-Semaine',654,,7102,,,0,59,,7061,,,0,20,,7062,,,0,20,,7063,,,0,60,,7064,,,0,19,,7065,,,0,20,,7066,,,0,60,,7067,,,0,20,,7068,,,0,20,,7069,,,0,60,,7070,,,0,20,,7071,,,0,20,,7072,,,0,59,,7073,,,0,20,,7074,,,0,20,,7075,,,0,60,,7076,,,0,19,,7077,,,0,20,,7078,,,0,60,,7079,,,0,20,,7080,,,0,20,,7081,,,0,61,,7082,,,0,20,,7083,,,0,19,,7084,,,0,61,,7085,,,0,20,,7086,,,0,20,,7087,,,0,60,,7088,,,0,20,,7089,,,0,21,,7090,,,0,60,,7091,,,0,20,,7092,,,0,20,,7093,,,0,60,,7094,,,0,19,,7095,,,0,21,,7096,,,0,61,,7097,,,0,21,,7098,,,0,70,,7099,,,0,27,,7100,,,0,70,,7101,,,0
3000001,'26a05H-Samedi',644,,7103,,,0,80,,7104,,,0,84,,7105,,,0,37,,7106,,,0,61,,7107,,,0,19,,7108,,,0,21,,7109,,,0,60,,7110,,,0,20,,7111,,,0,20,,7112,,,0,60,,7113,,,0,19,,7114,,,0,21,,7115,,,0,61,,7116,,,0,19,,7117,,,0,19,,7118,,,0,60,,7119,,,0,20,,7120,,,0,20,,7121,,,0,61,,7122,,,0,20,,7123,,,0,20,,7124,,,0,61,,7125,,,0,20,,7126,,,0,20,,7127,,,0,60,,7128,,,0,20,,7129,,,0,21,,7130,,,0,60,,7131,,,0,20,,7132,,,0,19,,7133,,,0,59,,7134,,,0,20,,7135,,,0,20,,7136,,,0,58,,7137,,,0,32,,7139,,,0,68,,7140,,,0,30,,7138,,,0,69,,7141,,,0
3000001,'26a05H-Mercredi',651,,7183,,,0,59,,7142,,,0,20,,7143,,,0,22,,7144,,,0,60,,7145,,,0,20,,7146,,,0,20,,7147,,,0,60,,7148,,,0,20,,7149,,,0,20,,7150,,,0,60,,7151,,,0,20,,7152,,,0,20,,7153,,,0,59,,7154,,,0,19,,7155,,,0,21,,7156,,,0,60,,7157,,,0,21,,7158,,,0,20,,7159,,,0,59,,7160,,,0,19,,7161,,,0,20,,7162,,,0,61,,7163,,,0,20,,7164,,,0,20,,7165,,,0,61,,7166,,,0,22,,7167,,,0,21,,7168,,,0,59,,7169,,,0,11,,7184,4,,0,8,,7170,,,0,11,,7185,4,,0,12,,7171,,,0,51,,7186,4,,0,11,,7172,,,0,11,,7187,4,,0,8,,7173,,,0,10,,7188,4,,0,10,,7174,,,0,47,,7189,4,,0,9,,7175,,,0,10,,7190,4,,0,8,,7176,,,0,11,,7191,4,,0,11,,7177,,,0,60,,7178,,,0,22,,7179,,,0,66,,7180,,,0,29,,7181,,,0,71,,7182,,,0
3000001,'26a05H-L-Ma-J-V',651,,7233,,,0,59,,7192,,,0,20,,7193,,,0,22,,7194,,,0,60,,7195,,,0,20,,7196,,,0,20,,7197,,,0,60,,7198,,,0,20,,7199,,,0,20,,7200,,,0,60,,7201,,,0,20,,7202,,,0,20,,7203,,,0,59,,7204,,,0,19,,7205,,,0,21,,7206,,,0,60,,7207,,,0,21,,7208,,,0,20,,7209,,,0,59,,7210,,,0,19,,7211,,,0,20,,7212,,,0,61,,7213,,,0,20,,7214,,,0,20,,7215,,,0,61,,7216,,,0,22,,7217,,,0,21,,7218,,,0,59,,7219,,,0,11,,7234,4,,0,8,,7220,,,0,11,,7235,4,,0,12,,7221,,,0,51,,7236,4,,0,11,,7222,,,0,11,,7237,4,,0,8,,7223,,,0,10,,7238,4,,0,10,,7224,,,0,47,,7239,4,,0,9,,7225,,,0,10,,7240,4,,0,8,,7226,,,0,11,,7241,4,,0,11,,7227,,,0,60,,7228,,,0,22,,7229,,,0,66,,7230,,,0,29,,7231,,,0,71,,7232,,,0
3000001,'26b23V-Semaine',654,,7283,,,0,59,,7242,,,0,20,,7243,,,0,20,,7244,,,0,60,,7245,,,0,19,,7246,,,0,20,,7247,,,0,60,,7248,,,0,20,,7249,,,0,20,,7250,,,0,60,,7251,,,0,20,,7252,,,0,20,,7253,,,0,59,,7254,,,0,20,,7255,,,0,20,,7256,,,0,60,,7257,,,0,19,,7258,,,0,20,,7259,,,0,60,,7260,,,0,20,,7261,,,0,20,,7262,,,0,61,,7263,,,0,20,,7264,,,0,19,,7265,,,0,61,,7266,,,0,20,,7267,,,0,20,,7268,,,0,60,,7269,,,0,20,,7270,,,0,21,,7271,,,0,60,,7272,,,0,20,,7273,,,0,20,,7274,,,0,60,,7275,,,0,19,,7276,,,0,21,,7277,,,0,61,,7278,,,0,21,,7279,,,0,70,,7280,,,0,27,,7281,,,0,70,,7282,,,0
3000001,'26c02V-Semaine',654,,7325,,,0,59,,7284,,,0,20,,7285,,,0,20,,7286,,,0,60,,7287,,,0,19,,7288,,,0,20,,7289,,,0,60,,7290,,,0,20,,7291,,,0,20,,7292,,,0,60,,7293,,,0,20,,7294,,,0,20,,7295,,,0,59,,7296,,,0,20,,7297,,,0,20,,7298,,,0,60,,7299,,,0,19,,7300,,,0,20,,7301,,,0,60,,7302,,,0,20,,7303,,,0,20,,7304,,,0,61,,7305,,,0,20,,7306,,,0,19,,7307,,,0,61,,7308,,,0,20,,7309,,,0,20,,7310,,,0,60,,7311,,,0,20,,7312,,,0,21,,7313,,,0,60,,7314,,,0,20,,7315,,,0,20,,7316,,,0,60,,7317,,,0,19,,7318,,,0,21,,7319,,,0,61,,7320,,,0,21,,7321,,,0,70,,7322,,,0,27,,7323,,,0,70,,7324,,,0
29000501,'25l22V-Semaine',1719,,8024,,,0,113,,8025,,,0
29000501,'26a05H-Mercredi',1719,,8026,,,0,113,,8027,,,0
29000501,'26a05H-Mercredi0010000',1226,,8028,,,0
29000501,'26a05H-L-Ma-J-V',1719,,8029,,,0,113,,8030,,,0
29000501,'26b23V-Semaine',1719,,8031,,,0,113,,8032,,,0
29000501,'26c02V-Semaine',1719,,8033,,,0,113,,8034,,,0
