1700,'25j05H-Dimanche',757,,3493,,,0,900,,3494,,,0
1700,'25j26H-Dimanche',757,,3495,,,0,900,,3496,,,0
1700,'26a05H-Mercredi',615,,3497,,,0,102,,3499,,,0,83,,3500,0,9 10 9,0,40,,3501,,,0,1005,,3498,,,0
1700,'26a05H-Mercredi0010000',1347,,3502,,,0
1700,'26a05H-L-Ma-J-V',615,,3503,,,0,102,,3505,,,0,83,,3506,0,9 10 9,0,40,,3507,,,0,1005,,3504,,,0
1701,'25j05H-Dimanche',1103,,3508,4,,0,897,,3509,4,,0
1701,'25j26H-Dimanche',1103,,3510,4,,0,897,,3511,4,,0
1701,'26a05H-Mercredi',713,,3512,4,,0,45,,3515,4,,0,1081,,3513,4,,0,95,,3514,4,,0
1701,'26a05H-Mercredi0010000',1200,,3516,4,,0,145,,3517,4,,0
1701,'26a05H-L-Ma-J-V',713,,3518,4,,0,45,,3521,4,,0,1081,,3519,4,,0,95,,3520,4,,0
1701,'26a05H-L-Ma-J-V1101100',1630,,3522,4,,0,105,,3523,4,,0
