200,'2_6',720,,30367,29,0,34,0,31,,30378,26,0,35 37,0,60,,30390,17,0,38,0,20,,30368,29,0,34,0,25,,30379,26,0,35 37,0,60,,30391,29,0,38,0,21,,30369,26,0,34,0,64,,30380,17,0,35 37,0,20,,30392,17,0,38,0,21,,30370,29,0,34,0,65,,30381,26,0,35 37,0,22,,30393,17,0,38,0,23,,30371,29,0,34,0,64,,30382,26,0,35 37,0,20,,30394,17,0,38,0,20,,30372,27,0,34,0,60,,30383,17,0,35 37,0,20,,30395,26,0,38,0,20,,30373,29,0,34,0,60,,30384,26,0,35 37,0,21,,30396,17,0,38,0,21,,30374,29,0,34,0,61,,30385,26,0,35 37,0,21,,30397,17,0,38,0,64,,30375,29,0,34,0,27,,30386,26,0,35 37,0,18,,30398,17,0,38,0,59,,30376,29,0,34,0,24,,30387,26,0,35 37,0,18,,30399,17,0,38,0,57,,30377,29,0,34,0,20,,30401,26,0,35 37,0,25,,30400,17,0,38,0,66,,30388,29,0,35 37,0,23,,30389,26,0,34,0
200,'3_7',945,,30402,26,0,38,0,165,,30403,26,0,38,0,125,,30404,26,0,38,0,110,,30405,26,0,38,0,165,,30406,26,0,38,0,125,,30407,26,0,38,0,165,,30408,26,0,38,0,125,,30409,26,0,38,0
200,'4_7',945,,46710,26,0,38,0,165,,46711,26,0,38,0,125,,46712,26,0,38,0,110,,46713,26,0,38,0,165,,46714,26,0,38,0,125,,46715,26,0,38,0,165,,46716,26,0,38,0,125,,46717,26,0,38,0
200,'5_5',725,,38790,26,0,35 37,0,5,,38792,29,0,38,0,21,,38791,29,0,38,0,60,,38786,17,0,34,0,15,,38783,29,0,35 37,0,15,,38787,26,0,38,0,85,,38785,17,0,34,0,15,,38784,26,0,35 37,0,91,,38782,26,0,34,0,69,,38776,29,0,35 37,0,39,,38774,26,0,34,0,75,,38777,17,0,35 37,0,26,,38775,29,0,34,0,60,,38778,26,0,35 37,0,25,,38769,17,0,34,0,25,,38767,26,0,35 37,0,70,,38771,29,0,34,0,30,,38768,26,0,35 37,0,70,,38770,26,0,34,0,25,,38773,29,0,38,0,68,,38772,26,0,35 37,0,18,,38763,26,0,34,0,15,,38766,17,0,38,0,71,,38764,17,0,35 37,0,9,,38765,26,0,38,0,10,,38762,29,0,34,0,15,,38760,26,0,38,0,61,,38757,29,0,35 37,0,14,,38758,26,0,38,0,15,,38759,29,0,34,0,14,,38761,26,0,38,0,60,,38754,29,0,38,0,15,,38755,26,0,35 37,0,10,,38756,29,0,34,0
200,'6_1',725,,38829,26,0,35 37,0,5,,38831,29,0,38,0,21,,38830,29,0,38,0,60,,38825,17,0,34,0,15,,38822,29,0,35 37,0,15,,38826,26,0,38,0,85,,38824,17,0,34,0,15,,38823,26,0,35 37,0,91,,38821,26,0,34,0,69,,38815,29,0,35 37,0,39,,38813,26,0,34,0,75,,38816,17,0,35 37,0,26,,38814,29,0,34,0,60,,38817,26,0,35 37,0,25,,38808,17,0,34,0,25,,38806,26,0,35 37,0,70,,38810,29,0,34,0,30,,38807,26,0,35 37,0,70,,38809,26,0,34,0,25,,38812,29,0,38,0,68,,38811,26,0,35 37,0,18,,38802,26,0,34,0,15,,38805,17,0,38,0,71,,38803,17,0,35 37,0,9,,38804,26,0,38,0,10,,38801,29,0,34,0,15,,38799,26,0,38,0,61,,38796,29,0,35 37,0,14,,38797,26,0,38,0,15,,38798,29,0,34,0,14,,38800,26,0,38,0,60,,38793,29,0,38,0,15,,38794,26,0,35 37,0,10,,38795,29,0,34,0
200,'6_2',725,,43724,26,0,35 37,0,5,,43726,29,0,38,0,21,,43725,29,0,38,0,60,,43720,17,0,34,0,15,,43717,29,0,35 37,0,15,,43721,26,0,38,0,85,,43719,17,0,34,0,15,,43718,26,0,35 37,0,91,,43716,26,0,34,0,69,,43710,29,0,35 37,0,39,,43708,26,0,34,0,75,,43711,17,0,35 37,0,26,,43709,29,0,34,0,60,,43712,26,0,35 37,0,25,,43703,17,0,34,0,25,,43701,26,0,35 37,0,70,,43705,29,0,34,0,30,,43702,26,0,35 37,0,70,,43704,26,0,34,0,25,,43707,29,0,38,0,68,,43706,26,0,35 37,0,18,,43697,26,0,34,0,15,,43700,17,0,38,0,71,,43698,17,0,35 37,0,9,,43699,26,0,38,0,10,,43696,29,0,34,0,15,,43694,26,0,38,0,61,,43691,29,0,35 37,0,14,,43692,26,0,38,0,15,,43693,29,0,34,0,14,,43695,26,0,38,0,60,,43688,29,0,38,0,15,,43689,26,0,35 37,0,10,,43690,29,0,34,0
200,'6_3',725,,43763,26,0,35 37,0,5,,43765,29,0,38,0,21,,43764,29,0,38,0,60,,43759,17,0,34,0,15,,43756,29,0,35 37,0,15,,43760,26,0,38,0,85,,43758,17,0,34,0,15,,43757,26,0,35 37,0,91,,43755,26,0,34,0,69,,43749,29,0,35 37,0,39,,43747,26,0,34,0,75,,43750,17,0,35 37,0,26,,43748,29,0,34,0,60,,43751,26,0,35 37,0,25,,43742,17,0,34,0,25,,43740,26,0,35 37,0,70,,43744,29,0,34,0,30,,43741,26,0,35 37,0,70,,43743,26,0,34,0,25,,43746,29,0,38,0,68,,43745,26,0,35 37,0,18,,43736,26,0,34,0,15,,43739,17,0,38,0,71,,43737,17,0,35 37,0,9,,43738,26,0,38,0,10,,43735,29,0,34,0,15,,43733,26,0,38,0,61,,43730,29,0,35 37,0,14,,43731,26,0,38,0,15,,43732,29,0,34,0,14,,43734,26,0,38,0,60,,43727,29,0,38,0,15,,43728,26,0,35 37,0,10,,43729,29,0,34,0
200,'6_4',725,,43802,26,0,35 37,0,5,,43804,29,0,38,0,21,,43803,29,0,38,0,60,,43798,17,0,34,0,15,,43795,29,0,35 37,0,15,,43799,26,0,38,0,85,,43797,17,0,34,0,15,,43796,26,0,35 37,0,91,,43794,26,0,34,0,69,,43788,29,0,35 37,0,39,,43786,26,0,34,0,75,,43789,17,0,35 37,0,26,,43787,29,0,34,0,60,,43790,26,0,35 37,0,25,,43781,17,0,34,0,25,,43779,26,0,35 37,0,70,,43783,29,0,34,0,30,,43780,26,0,35 37,0,70,,43782,26,0,34,0,25,,43785,29,0,38,0,68,,43784,26,0,35 37,0,18,,43775,26,0,34,0,15,,43778,17,0,38,0,71,,43776,17,0,35 37,0,9,,43777,26,0,38,0,10,,43774,29,0,34,0,15,,43772,26,0,38,0,61,,43769,29,0,35 37,0,14,,43770,26,0,38,0,15,,43771,29,0,34,0,14,,43773,26,0,38,0,60,,43766,29,0,38,0,15,,43767,26,0,35 37,0,10,,43768,29,0,34,0
200,'7_1',727,,46718,26,0,35 37,0,5,,46750,29,0,38,0,21,,46751,29,0,38,0,60,,46745,17,0,34,0,15,,46725,29,0,35 37,0,15,,46752,26,0,38,0,83,,46746,17,0,34,0,16,,46729,26,0,35 37,0,90,,46732,26,0,34,0,69,,46720,29,0,35 37,0,40,,46733,26,0,34,0,74,,46740,17,0,35 37,0,26,,46730,29,0,34,0,60,,46741,26,0,35 37,0,27,,46735,17,0,34,0,25,,46721,26,0,35 37,0,70,,46734,29,0,34,0,30,,46742,26,0,35 37,0,70,,46731,26,0,34,0,25,,46748,29,0,38,0,67,,46743,26,0,35 37,0,18,,46749,26,0,34,0,15,,46753,17,0,38,0,72,,46722,17,0,35 37,0,9,,46754,26,0,38,0,10,,46736,29,0,34,0,14,,46726,26,0,38,0,60,,46744,29,0,35 37,0,14,,46727,26,0,38,0,15,,46737,29,0,34,0,14,,46755,26,0,38,0,60,,46728,29,0,38,0,15,,46723,26,0,35 37,0,10,,46738,29,0,34,0
2401,'7_1',1625,,47281,6,,,0,104,,47282,6,,,0,94,,47283,6,,,0
