601,'0_1',631,,31725,21,,,0,108,,31738,21,,,0,95,,31726,21,,,0,102,,31727,21,,,0,99,,31728,21,,,0,100,,31729,21,,,0,106,,31742,21,,,0,59,,31730,21,,,0,42,,31731,21,,,0,103,,31732,21,,,0,95,,31733,21,,,0,82,,31739,21,,,0,78,,31734,22,,,0,40,,31740,21,,,0,67,,31735,22,,,0,27,,31741,22,,,0,25,,31736,21,,,0,95,,31737,21,,,0
601,'0_2',631,,31743,21,,,0,108,,31756,21,,,0,95,,31744,21,,,0,102,,31745,21,,,0,99,,31746,21,,,0,100,,31747,21,,,0,106,,31760,21,,,0,59,,31748,21,,,0,42,,31749,21,,,0,103,,31750,21,,,0,95,,31751,21,,,0,82,,31757,21,,,0,78,,31752,22,,,0,40,,31758,21,,,0,67,,31753,22,,,0,27,,31759,22,,,0,25,,31754,21,,,0,95,,31755,21,,,0
601,'0_4',631,,31761,21,,,0,108,,31774,21,,,0,95,,31762,21,,,0,102,,31763,21,,,0,99,,31764,21,,,0,100,,31765,21,,,0,106,,31778,21,,,0,59,,31766,21,,,0,42,,31767,21,,,0,103,,31768,21,,,0,95,,31769,21,,,0,82,,31775,21,,,0,78,,31770,22,,,0,40,,31776,21,,,0,67,,31771,22,,,0,27,,31777,22,,,0,25,,31772,21,,,0,95,,31773,21,,,0
601,'0_5',631,,31779,21,,,0,108,,31792,21,,,0,95,,31780,21,,,0,102,,31781,21,,,0,99,,31782,21,,,0,100,,31783,21,,,0,106,,31796,21,,,0,59,,31784,21,,,0,42,,31785,21,,,0,103,,31786,21,,,0,95,,31787,21,,,0,82,,31793,21,,,0,78,,31788,22,,,0,40,,31794,21,,,0,67,,31789,22,,,0,27,,31795,22,,,0,25,,31790,21,,,0,95,,31791,21,,,0
601,'1_3',631,,31797,21,,,0,108,,31811,21,,,0,95,,31798,21,,,0,102,,31799,21,,,0,99,,31800,21,,,0,100,,31801,21,,,0,106,,31802,22,,,0,59,,31803,21,,,0,42,,31804,21,,,0,103,,31805,21,,,0,95,,31806,21,,,0,82,,31812,21,,,0,78,,31807,22,,,0,40,,31813,21,,,0,67,,31808,22,,,0,27,,31814,22,,,0,25,,31809,21,,,0,95,,31810,21,,,0
601,'2_6',800,,31815,21,,,0,50,,31817,21,,,0,96,,31818,21,,,0,92,,31819,21,,,0,89,,31820,21,,,0,88,,31821,21,,,0,88,,31822,21,,,0,49,,31823,21,,,0,90,,31824,21,,,0,88,,31825,21,,,0,100,,31826,21,,,0,92,,31827,21,,,0,93,,31828,21,,,0,85,,31829,21,,,0,50,,31816,21,,,0
2900601,'0_1',1750,,36098,3,,,0,95,,36099,3,,,0
2900601,'0_2',1750,,36100,3,,,0,95,,36101,3,,,0
2900601,'0_4',1750,,36102,3,,,0,95,,36103,3,,,0
2900601,'0_5',1750,,36104,3,,,0,95,,36105,3,,,0
2900601,'1_3',1750,,36106,3,,,0,95,,36107,3,,,0
