100,'0_4',804,,15,,,0,45,,3,,,0,404,,23,,,0,65,,24,,,0,400,,26,,,0,36,,10,,,0,69,,27,,,0,29,,11,,,0,66,,1,,,0,97,,2,,,0
100,'0_5',804,,43,,,0,45,,31,,,0,404,,51,,,0,65,,52,,,0,400,,54,,,0,36,,38,,,0,69,,55,,,0,29,,39,,,0,66,,29,,,0,97,,30,,,0
100,'3_1',804,,104,,,0,45,,92,,,0,404,,112,,,0,65,,113,,,0,400,,115,,,0,36,,99,,,0,69,,116,,,0,29,,100,,,0,66,,90,,,0,97,,91,,,0
100,'3_2',804,,132,,,0,45,,120,,,0,404,,140,,,0,65,,141,,,0,400,,143,,,0,36,,127,,,0,69,,144,,,0,29,,128,,,0,66,,118,,,0,97,,119,,,0
100,'3_3',804,,160,,,0,45,,148,,,0,404,,168,,,0,65,,169,,,0,400,,171,,,0,36,,155,,,0,69,,172,,,0,29,,156,,,0,66,,146,,,0,97,,147,,,0
100,'3_4',804,,188,,,0,45,,176,,,0,404,,196,,,0,65,,197,,,0,400,,199,,,0,36,,183,,,0,69,,200,,,0,29,,184,,,0,66,,174,,,0,97,,175,,,0
100,'3_5',804,,216,,,0,45,,204,,,0,404,,224,,,0,65,,225,,,0,400,,227,,,0,36,,211,,,0,69,,228,,,0,29,,212,,,0,66,,202,,,0,97,,203,,,0
100,'5_1',854,,242,,,0,400,,262,,,0,62,,263,,,0,307,,264,,,0,98,,265,,,0,81,,266,,,0,22,,273,,,0,3,,267,,,0,29,,268,,,0,45,,274,,,0,17,,240,,,0,107,,241,,,0
100,'5_2',854,,277,,,0,400,,297,,,0,62,,298,,,0,307,,299,,,0,98,,300,,,0,81,,301,,,0,22,,308,,,0,3,,302,,,0,29,,303,,,0,45,,309,,,0,17,,275,,,0,107,,276,,,0
100,'6_3',854,,312,,,0,400,,332,,,0,59,,343,,,0,3,,333,,,0,307,,334,,,0,98,,335,,,0,81,,336,,,0,25,,337,,,0,29,,338,,,0,62,,310,,,0,107,,311,,,0
