401,'2509-HIV-25j05H-d-Dimanche-00',920,,9799,0,20 35,0,100,,9800,0,20 35,0,100,,9801,0,20 35,0,100,,9802,0,20 35,0,100,,9803,0,20 35,0,100,,9804,0,20 35,0,100,,9805,0,20 35,0,100,,9806,0,20 35,0,100,,9807,0,20 35,0,100,,9808,0,20 35,0
401,'2509-HIV-25j26H-d-Dimanche-00',920,,9813,0,20 35,0,100,,9814,0,20 35,0,100,,9815,0,20 35,0,100,,9816,0,20 35,0,100,,9817,0,20 35,0,100,,9818,0,20 35,0,100,,9819,0,20 35,0,100,,9820,0,20 35,0,100,,9821,0,20 35,0,100,,9822,0,20 35,0
401,'2509-HIV-25k03H-s-Samedi-00',708,,9827,,,0,116,,9834,0,20 35,0,33,,9828,,,0,68,,9835,0,20 35,0,32,,9836,0,20 35,0,68,,9837,0,20 35,0,32,,9829,,,0,69,,9838,0,20 35,0,31,,9839,0,20 35,0,71,,9840,0,20 35,0,30,,9830,,,0,69,,9841,0,20 35,0,29,,9842,0,20 35,0,71,,9843,0,20 35,0,31,,9831,,,0,68,,9844,0,20 35,0,32,,9845,0,20 35,0,73,,9846,0,20 35,0,71,,9832,,,0,31,,9847,0,20 35,0,73,,9848,0,20 35,0,32,,9849,0,20 35,0,71,,9850,0,20 35,0,30,,9833,,,0
401,'2509-HIV-25l22Vlv-Semaine-00',713,,9866,0,20 35,0,10,,9852,0,20 35,0,15,,9867,0,20 35,0,15,,9853,0,20 35,0,55,,9873,,,0,19,,9854,0,20 35,0,15,,9855,0,20 35,0,80,,9856,0,20 35,0,31,,9857,0,20 35,0,76,,9858,0,20 35,0,73,,9875,,,0,31,,9859,0,20 35,0,68,,9860,0,20 35,0,21,,9874,,,0,30,,9871,0,20 35,0,70,,9876,,,0,30,,9851,0,20 35,0,80,,9861,0,20 35,0,70,,9877,,,0,25,,9862,0,20 35,0,29,,9863,,,0,65,,9872,0,20 35,0,30,,9868,0,20 35,0,69,,9869,,,0,36,,9864,0,20 35,0,66,,9870,0,20 35,0,31,,9865,0,20 35,0,71,,9878,,,0
401,'2509-HIV-26a05H-s-Samedi-00',708,,9879,,,0,116,,9886,0,20 35,0,33,,9880,,,0,68,,9887,0,20 35,0,32,,9888,0,20 35,0,68,,9889,0,20 35,0,32,,9881,,,0,69,,9890,0,20 35,0,31,,9891,0,20 35,0,71,,9892,0,20 35,0,30,,9882,,,0,69,,9893,0,20 35,0,29,,9894,0,20 35,0,71,,9895,0,20 35,0,31,,9883,,,0,68,,9896,0,20 35,0,32,,9897,0,20 35,0,73,,9898,0,20 35,0,71,,9884,,,0,31,,9899,0,20 35,0,73,,9900,0,20 35,0,32,,9901,0,20 35,0,71,,9902,0,20 35,0,30,,9885,,,0
401,'2509-HIV-26a05H-w-Mercredi-00',711,,9920,0,20 35,0,10,,9904,0,20 35,0,14,,9921,0,20 35,0,16,,9905,0,20 35,0,56,,9928,,,0,22,,9906,0,20 35,0,11,,9907,0,20 35,0,76,,9908,0,20 35,0,35,,9909,0,20 35,0,75,,9910,0,20 35,0,75,,9930,,,0,31,,9911,0,20 35,0,68,,9912,0,20 35,0,21,,9929,,,0,30,,9925,0,20 35,0,70,,9931,,,0,34,,9903,0,20 35,0,77,,9913,0,20 35,0,70,,9932,,,0,26,,9914,0,20 35,0,28,,9915,0,20 35,0,55,,9916,0,20 35,0,16,,9926,0,20 35,0,19,,9922,0,20 35,0,57,,9917,0,20 35,0,14,,9923,0,20 35,0,11,,9927,,,0,72,,9918,0,20 35,0,20,,9924,0,20 35,0,39,,9919,0,20 35,0,65,,9933,,,0
401,'2509-HIV-26a05Hlv-L-Ma-J-V-00',711,,9951,0,20 35,0,10,,9935,0,20 35,0,14,,9952,0,20 35,0,16,,9936,0,20 35,0,56,,9959,,,0,22,,9937,0,20 35,0,11,,9938,0,20 35,0,76,,9939,0,20 35,0,35,,9940,0,20 35,0,75,,9941,0,20 35,0,75,,9961,,,0,31,,9942,0,20 35,0,68,,9943,0,20 35,0,21,,9960,,,0,30,,9956,0,20 35,0,70,,9962,,,0,34,,9934,0,20 35,0,77,,9944,0,20 35,0,70,,9963,,,0,26,,9945,0,20 35,0,28,,9946,0,20 35,0,55,,9947,0,20 35,0,16,,9957,0,20 35,0,19,,9953,0,20 35,0,57,,9948,0,20 35,0,14,,9954,0,20 35,0,11,,9958,,,0,72,,9949,0,20 35,0,20,,9955,0,20 35,0,39,,9950,0,20 35,0,65,,9964,,,0
401,'2509-HIV-26b23Vlv-Semaine-00',713,,9980,0,20 35,0,10,,9966,0,20 35,0,15,,9981,0,20 35,0,15,,9967,0,20 35,0,55,,9987,,,0,19,,9968,0,20 35,0,15,,9969,0,20 35,0,80,,9970,0,20 35,0,31,,9971,0,20 35,0,76,,9972,0,20 35,0,73,,9989,,,0,31,,9973,0,20 35,0,68,,9974,0,20 35,0,21,,9988,,,0,30,,9985,0,20 35,0,70,,9990,,,0,30,,9965,0,20 35,0,80,,9975,0,20 35,0,70,,9991,,,0,25,,9976,0,20 35,0,29,,9977,,,0,65,,9986,0,20 35,0,30,,9982,0,20 35,0,69,,9983,,,0,36,,9978,0,20 35,0,66,,9984,0,20 35,0,31,,9979,0,20 35,0,71,,9992,,,0
401,'2509-HIV-26c02Vlv-Semaine-00',713,,10008,0,20 35,0,10,,9994,0,20 35,0,15,,10009,0,20 35,0,15,,9995,0,20 35,0,55,,10015,,,0,19,,9996,0,20 35,0,15,,9997,0,20 35,0,80,,9998,0,20 35,0,31,,9999,0,20 35,0,76,,10000,0,20 35,0,73,,10017,,,0,31,,10001,0,20 35,0,68,,10002,0,20 35,0,21,,10016,,,0,30,,10013,0,20 35,0,70,,10018,,,0,30,,9993,0,20 35,0,80,,10003,0,20 35,0,70,,10019,,,0,25,,10004,0,20 35,0,29,,10005,,,0,65,,10014,0,20 35,0,30,,10010,0,20 35,0,69,,10011,,,0,36,,10006,0,20 35,0,66,,10012,0,20 35,0,31,,10007,0,20 35,0,71,,10020,,,0
2301,'2509-HIV-26a05H-w-Mercredi-00',708,,11783,,,0,23,,11782,,,0,1,,11781,,,0
2301,'2509-HIV-26a05Hlv-L-Ma-J-V-00',708,,11786,,,0,23,,11785,,,0,1,,11784,,,0
