1501,'2509-HIV-25j05H-d-Dimanche-00',824,,11316,,,0,276,,11317,,,0,300,,11318,,,0,326,,11319,,,0
1501,'2509-HIV-25j26H-d-Dimanche-00',824,,11320,,,0,276,,11321,,,0,300,,11322,,,0,326,,11323,,,0
1501,'2509-HIV-25k03H-s-Samedi-00',712,,11325,,,0,19,,11326,,,0,94,,11327,,,0,21,,11328,,,0,158,,11329,,,0,116,,11330,,,0,117,,11331,,,0,95,,11332,,,0,118,,11333,,,0,99,,11324,,,0,166,,11334,,,0,108,,11335,,,0,93,,11336,,,0
1501,'2509-HIV-25l22Vlv-Semaine-00',712,,11338,,,0,19,,11339,,,0,94,,11340,,,0,21,,11341,,,0,158,,11342,,,0,116,,11343,,,0,117,,11344,,,0,95,,11345,,,0,118,,11346,,,0,99,,11337,,,0,166,,11347,,,0,108,,11348,,,0,93,,11349,,,0
1501,'2509-HIV-26a05H-s-Samedi-00',712,,11351,,,0,19,,11352,,,0,94,,11353,,,0,21,,11354,,,0,158,,11355,,,0,116,,11356,,,0,117,,11357,,,0,95,,11358,,,0,118,,11359,,,0,99,,11350,,,0,166,,11360,,,0,108,,11361,,,0,93,,11362,,,0
1501,'2509-HIV-26a05H-w-Mercredi-00',712,,11364,,,0,19,,11365,,,0,94,,11366,,,0,21,,11367,,,0,158,,11368,,,0,116,,11369,,,0,117,,11370,,,0,95,,11371,,,0,118,,11372,,,0,99,,11363,,,0,166,,11373,,,0,108,,11374,,,0,93,,11375,,,0
1501,'2509-HIV-26a05Hlv-L-Ma-J-V-00',712,,11377,,,0,19,,11378,,,0,94,,11379,,,0,21,,11380,,,0,158,,11381,,,0,116,,11382,,,0,117,,11383,,,0,95,,11384,,,0,118,,11385,,,0,99,,11376,,,0,166,,11386,,,0,108,,11387,,,0,93,,11388,,,0
1501,'2509-HIV-26b23Vlv-Semaine-00',712,,11390,,,0,19,,11391,,,0,94,,11392,,,0,21,,11393,,,0,158,,11394,,,0,116,,11395,,,0,117,,11396,,,0,95,,11397,,,0,118,,11398,,,0,99,,11389,,,0,166,,11399,,,0,108,,11400,,,0,93,,11401,,,0
1501,'2509-HIV-26c02Vlv-Semaine-00',712,,11403,,,0,19,,11404,,,0,94,,11405,,,0,21,,11406,,,0,158,,11407,,,0,116,,11408,,,0,117,,11409,,,0,95,,11410,,,0,118,,11411,,,0,99,,11402,,,0,166,,11412,,,0,108,,11413,,,0,93,,11414,,,0
2001,'2509-HIV-25j05H-d-Dimanche-00',905,,11700,,,0,902,,11701,,,0
2001,'2509-HIV-25j26H-d-Dimanche-00',905,,11702,,,0,902,,11703,,,0
2001,'2509-HIV-26a05H-w-Mercredi-00',716,,11704,,,0,121,,11705,,,0,79,,11706,,,0,893,,11707,,,0
2001,'2509-HIV-26a05H-w-Mercredi-00-0010000',1402,,11708,,,0
2001,'2509-HIV-26a05Hlv-L-Ma-J-V-00',716,,11709,,,0,121,,11710,,,0,79,,11711,,,0,893,,11712,,,0
900501,'2509-HIV-26a05Hlv-L-Ma-J-V-00-0001000',2104,,12403,,,0,40,,12404,,,0,90,,12405,,,0,90,,12406,,,0,90,,12407,,,0,88,,12408,,,0,30,,12409,,,0,70,,12410,,,0
900501,'2509-HIV-26b23Vlv-Semaine-00-0001000',2104,,12411,,,0,40,,12412,,,0,90,,12413,,,0,90,,12414,,,0,90,,12415,,,0,88,,12416,,,0,30,,12417,,,0,70,,12418,,,0
1000001,'2509-HIV-25j05H-d-Dimanche-00',806,,13362,,,0,40,,13363,,,0,80,,13364,,,0,80,,13365,,,0,40,,13366,,,0,80,,13367,,,0,80,,13368,,,0,40,,13369,,,0,80,,13370,,,0,80,,13371,,,0,40,,13372,,,0,80,,13373,,,0,80,,13374,,,0,40,,13375,,,0,80,,13376,,,0,80,,13377,,,0,40,,13378,,,0,80,,13379,,,0
1000001,'2509-HIV-25j26H-d-Dimanche-00',806,,13380,,,0,40,,13381,,,0,80,,13382,,,0,80,,13383,,,0,40,,13384,,,0,80,,13385,,,0,80,,13386,,,0,40,,13387,,,0,80,,13388,,,0,80,,13389,,,0,40,,13390,,,0,80,,13391,,,0,80,,13392,,,0,40,,13393,,,0,80,,13394,,,0,80,,13395,,,0,40,,13396,,,0,80,,13397,,,0
1000001,'2509-HIV-25k03H-s-Samedi-00',538,,13398,,,0,81,,13399,,,0,39,,13400,,,0,69,,13401,,,0,29,,13402,,,0,68,,13403,,,0,15,,13404,,,0,15,,13405,,,0,55,,13406,,,0,15,,13407,,,0,15,,13408,,,0,15,,13409,,,0,56,,13410,,,0,15,,13411,,,0,16,,13412,,,0,15,,13413,,,0,55,,13414,,,0,16,,13415,,,0,15,,13416,,,0,16,,13417,,,0,56,,13418,,,0,14,,13419,,,0,16,,13420,,,0,56,,13421,,,0,9,,13422,,,0,9,,13423,,,0,8,,13424,,,0,10,,13426,,,0,10,,13425,,,0,10,,13427,,,0,51,,13428,,,0,12,,13429,,,0,10,,13430,,,0,9,,13431,,,0,10,,13432,,,0,11,,13433,,,0,50,,13434,,,0,10,,13435,,,0,11,,13436,,,0,11,,13437,,,0,9,,13438,,,0,50,,13439,,,0,10,,13440,,,0,12,,13441,,,0,9,,13442,,,0,9,,13443,,,0,9,,13444,,,0,9,,13446,,,0,49,,13445,,,0,10,,13447,,,0,10,,13448,,,0,10,,13450,,,0,10,,13449,,,0,9,,13451,,,0,49,,13452,,,0,10,,13454,,,0,11,,13453,,,0,10,,13455,,,0,13,,13456,,,0,59,,13457,,,0,17,,13458,,,0,21,,13459,,,0,61,,13460,,,0,17,,13461,,,0,21,,13462,,,0,60,,13463,,,0,20,,13464,,,0,21,,13465,,,0
1000001,'2509-HIV-25l22Vlv-Semaine-00',538,,13466,,,0,20,,13467,,,0,60,,13468,,,0,20,,13469,,,0,19,,13470,,,0,50,,13550,,,0,10,,13551,,,0,10,,13501,,,0,10,,13502,,,0,10,,13503,,,0,10,,13504,,,0,49,,13505,,,0,10,,13506,,,0,10,,13507,,,0,10,,13508,,,0,9,,13509,,,0,11,,13510,,,0,50,,13511,,,0,10,,13512,,,0,11,,13471,,,0,11,,13472,,,0,10,,13473,,,0,10,,13474,,,0,50,,13475,,,0,11,,13513,,,0,11,,13476,,,0,11,,13477,,,0,11,,13478,,,0,51,,13479,,,0,10,,13480,,,0,11,,13514,,,0,11,,13481,,,0,11,,13482,,,0,10,,13483,,,0,50,,13484,,,0,9,,13515,,,0,10,,13516,,,0,9,,13517,,,0,10,,13518,,,0,10,,13519,,,0,50,,13520,,,0,10,,13521,,,0,9,,13522,,,0,10,,13523,,,0,9,,13524,,,0,10,,13525,,,0,50,,13526,,,0,10,,13527,,,0,10,,13485,,,0,10,,13486,,,0,10,,13528,,,0,10,,13487,,,0,50,,13488,,,0,11,,13489,,,0,10,,13529,,,0,11,,13490,,,0,11,,13491,,,0,11,,13492,,,0,50,,13493,,,0,10,,13494,,,0,10,,13530,,,0,10,,13531,,,0,10,,13532,,,0,9,,13533,,,0,50,,13534,,,0,10,,13535,,,0,11,,13536,,,0,10,,13537,,,0,10,,13538,,,0,10,,13539,,,0,50,,13540,,,0,10,,13541,,,0,10,,13542,,,0,9,,13543,,,0,9,,13544,,,0,9,,13545,,,0,50,,13546,,,0,10,,13547,,,0,13,,13549,,,0,19,,13548,,,0,60,,13495,,,0,20,,13496,,,0,21,,13497,,,0,60,,13498,,,0,20,,13499,,,0,21,,13500,,,0
1000001,'2509-HIV-26a05H-s-Samedi-00',538,,13552,,,0,81,,13553,,,0,39,,13554,,,0,69,,13555,,,0,29,,13556,,,0,68,,13557,,,0,15,,13558,,,0,15,,13559,,,0,55,,13560,,,0,15,,13561,,,0,15,,13562,,,0,15,,13563,,,0,56,,13564,,,0,15,,13565,,,0,16,,13566,,,0,15,,13567,,,0,55,,13568,,,0,16,,13569,,,0,15,,13570,,,0,16,,13571,,,0,56,,13572,,,0,14,,13573,,,0,16,,13574,,,0,56,,13575,,,0,9,,13576,,,0,9,,13577,,,0,8,,13578,,,0,10,,13580,,,0,10,,13579,,,0,10,,13581,,,0,51,,13582,,,0,12,,13583,,,0,10,,13584,,,0,9,,13585,,,0,10,,13586,,,0,11,,13587,,,0,50,,13588,,,0,10,,13589,,,0,11,,13590,,,0,11,,13591,,,0,9,,13592,,,0,50,,13593,,,0,10,,13594,,,0,12,,13595,,,0,9,,13596,,,0,9,,13597,,,0,9,,13598,,,0,9,,13600,,,0,49,,13599,,,0,10,,13601,,,0,10,,13602,,,0,10,,13604,,,0,10,,13603,,,0,9,,13605,,,0,49,,13606,,,0,10,,13608,,,0,11,,13607,,,0,10,,13609,,,0,13,,13610,,,0,59,,13611,,,0,17,,13612,,,0,21,,13613,,,0,61,,13614,,,0,17,,13615,,,0,21,,13616,,,0,60,,13617,,,0,20,,13618,,,0,21,,13619,,,0
1000001,'2509-HIV-26a05H-w-Mercredi-00',537,,13620,,,0,20,,13621,,,0,59,,13622,,,0,20,,13623,,,0,20,,13624,,,0,50,,13704,,,0,9,,13705,,,0,9,,13655,,,0,9,,13656,,,0,10,,13657,,,0,12,,13658,,,0,50,,13659,,,0,9,,13660,,,0,9,,13661,,,0,11,,13662,,,0,10,,13663,,,0,10,,13664,,,0,51,,13665,,,0,11,,13666,,,0,11,,13625,,,0,11,,13626,,,0,10,,13627,,,0,10,,13628,,,0,51,,13629,,,0,11,,13667,,,0,11,,13630,,,0,10,,13631,,,0,10,,13632,,,0,51,,13633,,,0,10,,13634,,,0,11,,13668,,,0,11,,13635,,,0,11,,13636,,,0,9,,13637,,,0,48,,13638,,,0,9,,13669,,,0,11,,13670,,,0,11,,13671,,,0,11,,13672,,,0,10,,13673,,,0,50,,13674,,,0,10,,13675,,,0,8,,13676,,,0,10,,13677,,,0,10,,13678,,,0,10,,13679,,,0,50,,13680,,,0,10,,13681,,,0,10,,13639,,,0,10,,13640,,,0,9,,13682,,,0,10,,13641,,,0,49,,13642,,,0,11,,13643,,,0,11,,13683,,,0,11,,13644,,,0,11,,13645,,,0,10,,13646,,,0,50,,13647,,,0,9,,13648,,,0,10,,13684,,,0,10,,13685,,,0,9,,13686,,,0,10,,13687,,,0,50,,13688,,,0,10,,13689,,,0,10,,13690,,,0,12,,13691,,,0,10,,13692,,,0,11,,13693,,,0,50,,13694,,,0,9,,13695,,,0,9,,13696,,,0,11,,13697,,,0,9,,13698,,,0,10,,13699,,,0,50,,13700,,,0,10,,13701,,,0,13,,13703,,,0,19,,13702,,,0,60,,13649,,,0,21,,13650,,,0,20,,13651,,,0,61,,13652,,,0,20,,13653,,,0,20,,13654,,,0
1000001,'2509-HIV-26a05Hlv-L-Ma-J-V-00',537,,13706,,,0,20,,13707,,,0,59,,13708,,,0,20,,13709,,,0,20,,13710,,,0,50,,13790,,,0,9,,13791,,,0,9,,13741,,,0,9,,13742,,,0,10,,13743,,,0,12,,13744,,,0,50,,13745,,,0,9,,13746,,,0,9,,13747,,,0,11,,13748,,,0,10,,13749,,,0,10,,13750,,,0,51,,13751,,,0,11,,13752,,,0,11,,13711,,,0,11,,13712,,,0,10,,13713,,,0,10,,13714,,,0,51,,13715,,,0,11,,13753,,,0,11,,13716,,,0,10,,13717,,,0,10,,13718,,,0,51,,13719,,,0,10,,13720,,,0,11,,13754,,,0,11,,13721,,,0,11,,13722,,,0,9,,13723,,,0,48,,13724,,,0,9,,13755,,,0,11,,13756,,,0,11,,13757,,,0,11,,13758,,,0,10,,13759,,,0,50,,13760,,,0,10,,13761,,,0,8,,13762,,,0,10,,13763,,,0,10,,13764,,,0,10,,13765,,,0,50,,13766,,,0,10,,13767,,,0,10,,13725,,,0,10,,13726,,,0,9,,13768,,,0,10,,13727,,,0,49,,13728,,,0,11,,13729,,,0,11,,13769,,,0,11,,13730,,,0,11,,13731,,,0,10,,13732,,,0,50,,13733,,,0,9,,13734,,,0,10,,13770,,,0,10,,13771,,,0,9,,13772,,,0,10,,13773,,,0,50,,13774,,,0,10,,13775,,,0,10,,13776,,,0,12,,13777,,,0,10,,13778,,,0,11,,13779,,,0,50,,13780,,,0,9,,13781,,,0,9,,13782,,,0,11,,13783,,,0,9,,13784,,,0,10,,13785,,,0,50,,13786,,,0,10,,13787,,,0,13,,13789,,,0,19,,13788,,,0,60,,13735,,,0,21,,13736,,,0,20,,13737,,,0,61,,13738,,,0,20,,13739,,,0,20,,13740,,,0
1000001,'2509-HIV-26b23Vlv-Semaine-00',538,,13792,,,0,20,,13793,,,0,60,,13794,,,0,20,,13795,,,0,19,,13796,,,0,50,,13876,,,0,10,,13877,,,0,10,,13827,,,0,10,,13828,,,0,10,,13829,,,0,10,,13830,,,0,49,,13831,,,0,10,,13832,,,0,10,,13833,,,0,10,,13834,,,0,9,,13835,,,0,11,,13836,,,0,50,,13837,,,0,10,,13838,,,0,11,,13797,,,0,11,,13798,,,0,10,,13799,,,0,10,,13800,,,0,50,,13801,,,0,11,,13839,,,0,11,,13802,,,0,11,,13803,,,0,11,,13804,,,0,51,,13805,,,0,10,,13806,,,0,11,,13840,,,0,11,,13807,,,0,11,,13808,,,0,10,,13809,,,0,50,,13810,,,0,9,,13841,,,0,10,,13842,,,0,9,,13843,,,0,10,,13844,,,0,10,,13845,,,0,50,,13846,,,0,10,,13847,,,0,9,,13848,,,0,10,,13849,,,0,9,,13850,,,0,10,,13851,,,0,50,,13852,,,0,10,,13853,,,0,10,,13811,,,0,10,,13812,,,0,10,,13854,,,0,10,,13813,,,0,50,,13814,,,0,11,,13815,,,0,10,,13855,,,0,11,,13816,,,0,11,,13817,,,0,11,,13818,,,0,50,,13819,,,0,10,,13820,,,0,10,,13856,,,0,10,,13857,,,0,10,,13858,,,0,9,,13859,,,0,50,,13860,,,0,10,,13861,,,0,11,,13862,,,0,10,,13863,,,0,10,,13864,,,0,10,,13865,,,0,50,,13866,,,0,10,,13867,,,0,10,,13868,,,0,9,,13869,,,0,9,,13870,,,0,9,,13871,,,0,50,,13872,,,0,10,,13873,,,0,13,,13875,,,0,19,,13874,,,0,60,,13821,,,0,20,,13822,,,0,21,,13823,,,0,60,,13824,,,0,20,,13825,,,0,21,,13826,,,0
1000001,'2509-HIV-26c02Vlv-Semaine-00',538,,13878,,,0,20,,13879,,,0,60,,13880,,,0,20,,13881,,,0,19,,13882,,,0,50,,13962,,,0,10,,13963,,,0,10,,13913,,,0,10,,13914,,,0,10,,13915,,,0,10,,13916,,,0,49,,13917,,,0,10,,13918,,,0,10,,13919,,,0,10,,13920,,,0,9,,13921,,,0,11,,13922,,,0,50,,13923,,,0,10,,13924,,,0,11,,13883,,,0,11,,13884,,,0,10,,13885,,,0,10,,13886,,,0,50,,13887,,,0,11,,13925,,,0,11,,13888,,,0,11,,13889,,,0,11,,13890,,,0,51,,13891,,,0,10,,13892,,,0,11,,13926,,,0,11,,13893,,,0,11,,13894,,,0,10,,13895,,,0,50,,13896,,,0,9,,13927,,,0,10,,13928,,,0,9,,13929,,,0,10,,13930,,,0,10,,13931,,,0,50,,13932,,,0,10,,13933,,,0,9,,13934,,,0,10,,13935,,,0,9,,13936,,,0,10,,13937,,,0,50,,13938,,,0,10,,13939,,,0,10,,13897,,,0,10,,13898,,,0,10,,13940,,,0,10,,13899,,,0,50,,13900,,,0,11,,13901,,,0,10,,13941,,,0,11,,13902,,,0,11,,13903,,,0,11,,13904,,,0,50,,13905,,,0,10,,13906,,,0,10,,13942,,,0,10,,13943,,,0,10,,13944,,,0,9,,13945,,,0,50,,13946,,,0,10,,13947,,,0,11,,13948,,,0,10,,13949,,,0,10,,13950,,,0,10,,13951,,,0,50,,13952,,,0,10,,13953,,,0,10,,13954,,,0,9,,13955,,,0,9,,13956,,,0,9,,13957,,,0,50,,13958,,,0,10,,13959,,,0,13,,13961,,,0,19,,13960,,,0,60,,13907,,,0,20,,13908,,,0,21,,13909,,,0,60,,13910,,,0,20,,13911,,,0,21,,13912,,,0
