201,'2_6',723,,30614,24,0,20,0,5,,30638,24,0,62,0,25,,30626,12,0,21,0,70,,30615,24,0,21,0,25,,30627,12,0,62,0,65,,30639,24,0,20,0,25,,30616,24,0,20,0,20,,30628,12,0,21,0,55,,30640,24,0,62,0,32,,30617,24,0,20,0,59,,30629,12,0,21,0,20,,30641,24,0,64,0,25,,30618,24,0,20,0,60,,30630,12,0,62,0,19,,30642,24,0,21,0,30,,30619,24,0,21,0,58,,30631,12,0,62,0,20,,30643,24,0,20,0,65,,30620,24,0,21,0,18,,30632,12,0,62,0,25,,30644,24,0,20,0,65,,30621,24,0,62,0,18,,30633,12,0,21,0,22,,30645,24,0,20,0,62,,30622,24,0,62,0,16,,30634,12,0,21,0,24,,30646,24,0,20,0,65,,30623,24,0,21,0,18,,30635,12,0,62,0,20,,30647,24,0,20,0,65,,30624,24,0,21,0,19,,30636,12,0,20,0,20,,30648,24,0,62,0,60,,30625,24,0,21,0,15,,30637,12,0,62,0,15,,30649,24,0,21,0
201,'3_7',848,,30650,12,0,21,0,165,,30651,12,0,21,0,125,,30652,12,0,21,0,165,,30653,12,0,21,0,110,,30654,12,0,21,0,125,,30655,12,0,21,0,165,,30656,12,0,21,0,125,,30657,12,0,21,0
201,'4_7',848,,46757,12,0,21,0,165,,46758,12,0,21,0,125,,46759,12,0,21,0,165,,46760,12,0,21,0,110,,46761,12,0,21,0,125,,46762,12,0,21,0,165,,46763,12,0,21,0,125,,46764,12,0,21,0
201,'5_5',723,,38986,24,0,20,0,17,,38977,3,0,21,0,13,,38984,24,0,21,0,58,,38983,12,0,62,0,12,,38981,24,0,21,0,15,,38980,12,0,20,0,20,,38985,24,0,62,0,67,,38982,24,0,21,0,28,,38979,24,0,20,0,82,,38974,24,0,21,0,66,,38975,24,0,62,0,43,,38972,24,0,21,0,74,,38971,24,0,62,0,20,,38976,3,0,21,0,20,,38973,24,0,20,0,75,,38969,24,0,21,0,20,,38967,24,0,62,0,66,,38966,24,0,21,0,30,,38964,24,0,20,0,65,,38970,24,0,21,0,25,,38965,24,0,62,0,15,,38968,3,0,20,0,60,,38960,24,0,21,0,10,,38962,3,0,62,0,15,,38959,24,0,21,0,15,,38963,3,0,62,0,60,,38961,12,0,21,0,15,,38953,12,0,62,0,12,,38955,24,0,21,0,13,,38952,24,0,62,0,55,,38956,12,0,21,0,14,,38958,12,0,62,0,15,,38957,24,0,21,0,15,,38954,24,0,62,0,60,,38950,12,0,21,0,25,,38951,24,0,62,0,20,,38949,24,0,21,0
201,'6_1',723,,39025,24,0,20,0,17,,39016,3,0,21,0,13,,39023,24,0,21,0,58,,39022,12,0,62,0,12,,39020,24,0,21,0,15,,39019,12,0,20,0,20,,39024,24,0,62,0,67,,39021,24,0,21,0,28,,39018,24,0,20,0,82,,39013,24,0,21,0,66,,39014,24,0,62,0,43,,39011,24,0,21,0,74,,39010,24,0,62,0,20,,39015,3,0,21,0,20,,39012,24,0,20,0,75,,39008,24,0,21,0,20,,39006,24,0,62,0,66,,39005,24,0,21,0,30,,39003,24,0,20,0,65,,39009,24,0,21,0,25,,39004,24,0,62,0,15,,39007,3,0,20,0,60,,38999,24,0,21,0,10,,39001,3,0,62,0,15,,38998,24,0,21,0,15,,39002,3,0,62,0,60,,39000,12,0,21,0,15,,38992,12,0,62,0,12,,38994,24,0,21,0,13,,38991,24,0,62,0,55,,38995,12,0,21,0,14,,38997,12,0,62,0,15,,38996,24,0,21,0,15,,38993,24,0,62,0,60,,38989,12,0,21,0,25,,38990,24,0,62,0,20,,38988,24,0,21,0
201,'6_2',723,,43842,24,0,20,0,17,,43833,3,0,21,0,13,,43840,24,0,21,0,58,,43839,12,0,62,0,12,,43837,24,0,21,0,15,,43836,12,0,20,0,20,,43841,24,0,62,0,67,,43838,24,0,21,0,28,,43835,24,0,20,0,82,,43830,24,0,21,0,66,,43831,24,0,62,0,43,,43828,24,0,21,0,74,,43827,24,0,62,0,20,,43832,3,0,21,0,20,,43829,24,0,20,0,75,,43825,24,0,21,0,20,,43823,24,0,62,0,66,,43822,24,0,21,0,30,,43820,24,0,20,0,65,,43826,24,0,21,0,25,,43821,24,0,62,0,15,,43824,3,0,20,0,60,,43816,24,0,21,0,10,,43818,3,0,62,0,15,,43815,24,0,21,0,15,,43819,3,0,62,0,60,,43817,12,0,21,0,15,,43809,12,0,62,0,12,,43811,24,0,21,0,13,,43808,24,0,62,0,55,,43812,12,0,21,0,14,,43814,12,0,62,0,15,,43813,24,0,21,0,15,,43810,24,0,62,0,60,,43806,12,0,21,0,25,,43807,24,0,62,0,20,,43805,24,0,21,0
201,'6_3',723,,43881,24,0,20,0,17,,43872,3,0,21,0,13,,43879,24,0,21,0,58,,43878,12,0,62,0,12,,43876,24,0,21,0,15,,43875,12,0,20,0,20,,43880,24,0,62,0,67,,43877,24,0,21,0,28,,43874,24,0,20,0,82,,43869,24,0,21,0,66,,43870,24,0,62,0,43,,43867,24,0,21,0,74,,43866,24,0,62,0,20,,43871,3,0,21,0,20,,43868,24,0,20,0,75,,43864,24,0,21,0,20,,43862,24,0,62,0,66,,43861,24,0,21,0,30,,43859,24,0,20,0,65,,43865,24,0,21,0,25,,43860,24,0,62,0,15,,43863,3,0,20,0,60,,43855,24,0,21,0,10,,43857,3,0,62,0,15,,43854,24,0,21,0,15,,43858,3,0,62,0,60,,43856,12,0,21,0,15,,43848,12,0,62,0,12,,43850,24,0,21,0,13,,43847,24,0,62,0,55,,43851,12,0,21,0,14,,43853,12,0,62,0,15,,43852,24,0,21,0,15,,43849,24,0,62,0,60,,43845,12,0,21,0,25,,43846,24,0,62,0,20,,43844,24,0,21,0
201,'6_4',723,,43920,24,0,20,0,17,,43911,3,0,21,0,13,,43918,24,0,21,0,58,,43917,12,0,62,0,12,,43915,24,0,21,0,15,,43914,12,0,20,0,20,,43919,24,0,62,0,67,,43916,24,0,21,0,28,,43913,24,0,20,0,82,,43908,24,0,21,0,66,,43909,24,0,62,0,43,,43906,24,0,21,0,74,,43905,24,0,62,0,20,,43910,3,0,21,0,20,,43907,24,0,20,0,75,,43903,24,0,21,0,20,,43901,24,0,62,0,66,,43900,24,0,21,0,30,,43898,24,0,20,0,65,,43904,24,0,21,0,25,,43899,24,0,62,0,15,,43902,3,0,20,0,60,,43894,24,0,21,0,10,,43896,3,0,62,0,15,,43893,24,0,21,0,15,,43897,3,0,62,0,60,,43895,12,0,21,0,15,,43887,12,0,62,0,12,,43889,24,0,21,0,13,,43886,24,0,62,0,55,,43890,12,0,21,0,14,,43892,12,0,62,0,15,,43891,24,0,21,0,15,,43888,24,0,62,0,60,,43884,12,0,21,0,25,,43885,24,0,62,0,20,,43883,24,0,21,0
201,'7_1',723,,46765,24,0,20,0,17,,46799,3,0,21,0,13,,46803,24,0,21,0,58,,46787,12,0,62,0,12,,46768,24,0,21,0,15,,46766,12,0,20,0,20,,46788,24,0,62,0,67,,46769,24,0,21,0,28,,46779,24,0,20,0,81,,46773,24,0,21,0,66,,46780,24,0,62,0,43,,46774,24,0,21,0,75,,46781,24,0,62,0,20,,46801,3,0,21,0,20,,46770,24,0,20,0,75,,46789,24,0,21,0,20,,46802,24,0,62,0,65,,46782,24,0,21,0,30,,46767,24,0,20,0,65,,46790,24,0,21,0,25,,46771,24,0,62,0,15,,46796,3,0,20,0,61,,46783,24,0,21,0,10,,46798,3,0,62,0,15,,46775,3,0,21,0,15,,46797,24,0,62,0,60,,46791,12,0,21,0,15,,46784,12,0,62,0,12,,46792,24,0,21,0,13,,46772,24,0,62,0,55,,46793,12,0,21,0,15,,46795,12,0,62,0,14,,46794,12,0,21,0,15,,46785,24,0,62,0,60,,46776,24,0,21,0,25,,46786,24,0,62,0,19,,46777,24,0,21,0
501,'2_6',815,,31618,7,,,0,100,,31619,7,,,0,100,,31620,7,,,0,101,,31621,7,,,0,100,,31622,7,,,0,94,,31623,7,,,0,99,,31624,7,,,0,100,,31625,7,,,0,100,,31626,7,,,0,100,,31627,7,,,0,100,,31628,7,,,0,149,,31629,7,,,0
501,'5_5',923,,39690,7,,,0,104,,39691,7,,,0,100,,39692,7,,,0,86,,39693,7,,,0,95,,39694,7,,,0,98,,39695,7,,,0,102,,39696,7,,,0,101,,39697,7,,,0,106,,39698,7,,,0,104,,39699,7,,,0,129,,39700,7,,,0
501,'6_1',923,,39701,7,,,0,104,,39702,7,,,0,100,,39703,7,,,0,86,,39704,7,,,0,95,,39705,7,,,0,98,,39706,7,,,0,102,,39707,7,,,0,101,,39708,7,,,0,106,,39709,7,,,0,104,,39710,7,,,0,129,,39711,7,,,0
501,'6_2',923,,44300,7,,,0,104,,44301,7,,,0,100,,44302,7,,,0,86,,44303,7,,,0,95,,44304,7,,,0,98,,44305,7,,,0,102,,44306,7,,,0,101,,44307,7,,,0,106,,44308,7,,,0,104,,44309,7,,,0,129,,44310,7,,,0
501,'6_3',923,,44311,7,,,0,104,,44312,7,,,0,100,,44313,7,,,0,86,,44314,7,,,0,95,,44315,7,,,0,98,,44316,7,,,0,102,,44317,7,,,0,101,,44318,7,,,0,106,,44319,7,,,0,104,,44320,7,,,0,129,,44321,7,,,0
501,'6_4',923,,44322,7,,,0,104,,44323,7,,,0,100,,44324,7,,,0,86,,44325,7,,,0,95,,44326,7,,,0,98,,44327,7,,,0,102,,44328,7,,,0,101,,44329,7,,,0,106,,44330,7,,,0,104,,44331,7,,,0,129,,44332,7,,,0
501,'7_1',923,,46983,7,,,0,104,,46984,7,,,0,100,,46985,7,,,0,86,,46986,7,,,0,95,,46987,7,,,0,98,,46988,7,,,0,102,,46989,7,,,0,101,,46990,7,,,0,25,,46992,7,0,13,0,81,,46991,7,,,0,29,,46993,7,0,13,0,75,,46995,7,,,0,19,,46994,7,0,13,0,110,,46996,7,,,0
1501,'2_6',722,,32642,26,4,,0,20,,32643,26,4,,0,94,,32644,26,4,,0,21,,32645,26,4,,0,158,,32646,26,4,,0,116,,32647,26,4,,0,117,,32648,26,4,,0,95,,32649,26,4,,0,158,,32650,26,4,,0,100,,32641,14,4,,0,130,,32651,26,4,,0,103,,32652,26,4,,0,92,,32653,26,4,,0
1501,'5_5',722,,40532,26,4,,0,20,,40533,26,4,,0,94,,40534,26,4,,0,21,,40535,26,4,,0,158,,40536,26,4,,0,116,,40537,26,4,,0,117,,40538,26,4,,0,95,,40539,26,4,,0,158,,40540,26,4,,0,100,,40531,14,4,,0,130,,40541,26,4,,0,103,,40542,26,4,,0,92,,40543,26,4,,0
1501,'6_1',722,,40545,26,4,,0,20,,40546,26,4,,0,94,,40547,26,4,,0,21,,40548,26,4,,0,158,,40549,26,4,,0,116,,40550,26,4,,0,117,,40551,26,4,,0,95,,40552,26,4,,0,158,,40553,26,4,,0,100,,40544,14,4,,0,130,,40554,26,4,,0,103,,40555,26,4,,0,92,,40556,26,4,,0
1501,'6_2',722,,44802,26,4,,0,20,,44803,26,4,,0,94,,44804,26,4,,0,21,,44805,26,4,,0,158,,44806,26,4,,0,116,,44807,26,4,,0,117,,44808,26,4,,0,95,,44809,26,4,,0,158,,44810,26,4,,0,100,,44801,14,4,,0,130,,44811,26,4,,0,103,,44812,26,4,,0,92,,44813,26,4,,0
1501,'6_3',722,,44815,26,4,,0,20,,44816,26,4,,0,94,,44817,26,4,,0,21,,44818,26,4,,0,158,,44819,26,4,,0,116,,44820,26,4,,0,117,,44821,26,4,,0,95,,44822,26,4,,0,158,,44823,26,4,,0,100,,44814,14,4,,0,130,,44824,26,4,,0,103,,44825,26,4,,0,92,,44826,26,4,,0
1501,'6_4',722,,44828,26,4,,0,20,,44829,26,4,,0,94,,44830,26,4,,0,21,,44831,26,4,,0,158,,44832,26,4,,0,116,,44833,26,4,,0,117,,44834,26,4,,0,95,,44835,26,4,,0,158,,44836,26,4,,0,100,,44827,14,4,,0,130,,44837,26,4,,0,103,,44838,26,4,,0,92,,44839,26,4,,0
1501,'7_1',722,,47163,26,4,,0,20,,47164,26,4,,0,94,,47165,26,4,,0,21,,47166,26,4,,0,158,,47167,26,4,,0,116,,47168,26,4,,0,117,,47169,26,4,,0,95,,47170,26,4,,0,158,,47171,26,4,,0,100,,47162,14,4,,0,130,,47172,26,4,,0,103,,47173,26,4,,0,92,,47174,26,4,,0
2601,'2_6',728,,33615,11,,,0,85,,33618,11,,,0,45,,33619,11,,,0,86,,33620,11,,,0,90,,33621,11,,,0,84,,33622,11,,,0,83,,33623,11,,,0,45,,33624,11,,,0,82,,33625,11,,,0,85,,33626,11,,,0,46,,33627,11,,,0,90,,33628,11,,,0,86,,33629,11,,,0,81,,33630,11,,,0,86,,33631,11,,,0,43,,33617,11,,,0,83,,33616,11,,,0
2601,'5_5',728,,40936,11,,,0,85,,40937,11,,,0,45,,40938,11,,,0,86,,40939,11,,,0,90,,40940,11,,,0,84,,40941,11,,,0,83,,40942,11,,,0,45,,40943,11,,,0,82,,40944,11,,,0,85,,40945,11,,,0,46,,40946,11,,,0,90,,40947,11,,,0,86,,40948,11,,,0,81,,40949,11,,,0,86,,40950,11,,,0,43,,40951,11,,,0,83,,40952,11,,,0
2601,'6_1',728,,40953,11,,,0,85,,40954,11,,,0,45,,40955,11,,,0,86,,40956,11,,,0,90,,40957,11,,,0,84,,40958,11,,,0,83,,40959,11,,,0,45,,40960,11,,,0,82,,40961,11,,,0,85,,40962,11,,,0,46,,40963,11,,,0,90,,40964,11,,,0,86,,40965,11,,,0,81,,40966,11,,,0,86,,40967,11,,,0,43,,40968,11,,,0,83,,40969,11,,,0
2601,'6_2',728,,45041,11,,,0,85,,45042,11,,,0,45,,45043,11,,,0,86,,45044,11,,,0,90,,45045,11,,,0,84,,45046,11,,,0,83,,45047,11,,,0,45,,45048,11,,,0,82,,45049,11,,,0,85,,45050,11,,,0,46,,45051,11,,,0,90,,45052,11,,,0,86,,45053,11,,,0,81,,45054,11,,,0,86,,45055,11,,,0,43,,45056,11,,,0,83,,45057,11,,,0
2601,'6_3',728,,45058,11,,,0,85,,45059,11,,,0,45,,45060,11,,,0,86,,45061,11,,,0,90,,45062,11,,,0,84,,45063,11,,,0,83,,45064,11,,,0,45,,45065,11,,,0,82,,45066,11,,,0,85,,45067,11,,,0,46,,45068,11,,,0,90,,45069,11,,,0,86,,45070,11,,,0,81,,45071,11,,,0,86,,45072,11,,,0,43,,45073,11,,,0,83,,45074,11,,,0
2601,'6_4',728,,45075,11,,,0,85,,45076,11,,,0,45,,45077,11,,,0,86,,45078,11,,,0,90,,45079,11,,,0,84,,45080,11,,,0,83,,45081,11,,,0,45,,45082,11,,,0,82,,45083,11,,,0,85,,45084,11,,,0,46,,45085,11,,,0,90,,45086,11,,,0,86,,45087,11,,,0,81,,45088,11,,,0,86,,45089,11,,,0,43,,45090,11,,,0,83,,45091,11,,,0
2601,'7_1',725,,47334,11,,,0,33,,47344,11,,,0,65,,47346,11,,,0,25,,47345,11,,,0,79,,47335,11,,,0,99,,47336,11,,,0,100,,47353,11,,,0,100,,47337,11,,,0,27,,47354,11,,,0,62,,47355,11,,,0,92,,47338,11,,,0,94,,47339,11,,,0,114,,47348,11,,,0,87,,47349,11,,,0,28,,47350,11,,,0,90,,47351,11,,,0,24,,47352,11,,,0,94,,47347,11,,,0
1000001,'2_6',545,,35155,12,,,0,81,,35156,12,,,0,80,,35157,12,,,0,30,,35158,12,,,0,69,,35159,18,,,0,29,,35160,18,,,0,15,,35161,12,,,0,55,,35162,12,,,0,14,,35163,18,,,0,15,,35164,12,,,0,15,,35165,12,,,0,55,,35166,18,,,0,16,,35167,12,,,0,16,,35168,12,,,0,16,,35169,18,,,0,55,,35170,12,,,0,15,,35171,12,,,0,16,,35172,18,,,0,15,,35173,12,,,0,56,,35174,12,,,0,15,,35175,18,,,0,14,,35176,12,,,0,16,,35177,12,,,0,56,,35178,18,,,0,9,,35179,12,,,0,9,,35180,12,,,0,8,,35181,12,,,0,10,,35183,12,,,0,10,,35182,18,,,0,51,,35184,12,,,0,11,,35185,12,,,0,12,,35186,18,,,0,10,,35187,12,,,0,9,,35188,12,,,0,10,,35189,12,,,0,51,,35190,18,,,0,10,,35191,12,,,0,10,,35192,12,,,0,11,,35193,12,,,0,11,,35194,18,,,0,49,,35195,12,,,0,10,,35196,12,,,0,10,,35197,12,,,0,12,,35198,18,,,0,9,,35199,12,,,0,9,,35200,12,,,0,9,,35201,12,,,0,50,,35203,12,,,0,9,,35202,18,,,0,10,,35204,12,,,0,10,,35205,12,,,0,10,,35207,12,,,0,10,,35206,18,,,0,49,,35208,12,,,0,9,,35209,12,,,0,9,,35211,12,,,0,10,,35210,18,,,0,10,,35212,12,,,0,13,,35213,12,,,0,59,,35214,18,,,0,17,,35215,12,,,0,21,,35216,12,,,0,61,,35217,12,,,0,17,,35218,12,,,0,19,,35219,12,,,0,60,,35220,12,,,0,20,,35221,12,,,0,20,,35222,12,,,0
1000001,'3_7',814,,35223,12,,,0,40,,35224,12,,,0,80,,35225,12,,,0,80,,35226,12,,,0,40,,35227,12,,,0,80,,35228,12,,,0,80,,35229,12,,,0,40,,35230,12,,,0,80,,35231,12,,,0,80,,35232,12,,,0,40,,35233,12,,,0,80,,35234,12,,,0,80,,35235,12,,,0,40,,35236,12,,,0,80,,35237,12,,,0,80,,35238,12,,,0,40,,35239,12,,,0,80,,35240,12,,,0
1000001,'4_7',814,,47561,12,,,0,40,,47562,12,,,0,80,,47563,12,,,0,80,,47564,12,,,0,40,,47565,12,,,0,80,,47566,12,,,0,80,,47567,12,,,0,40,,47568,12,,,0,80,,47569,12,,,0,80,,47570,12,,,0,40,,47571,12,,,0,80,,47572,12,,,0,80,,47573,12,,,0,40,,47574,12,,,0,80,,47575,12,,,0,80,,47576,12,,,0,40,,47577,12,,,0,80,,47578,12,,,0
1000001,'5_5',545,,41893,12,,,0,60,,41894,12,,,0,20,,41895,12,,,0,20,,41896,12,,,0,60,,41897,12,,,0,10,,41977,12,,,0,11,,41978,12,,,0,10,,41928,18,,,0,10,,41929,18,,,0,10,,41930,18,,,0,50,,41931,18,,,0,10,,41932,18,,,0,10,,41933,18,,,0,10,,41934,18,,,0,10,,41935,18,,,0,9,,41936,18,,,0,50,,41937,18,,,0,10,,41938,18,,,0,10,,41939,18,,,0,11,,41898,12,,,0,11,,41899,18,,,0,10,,41900,12,,,0,50,,41901,18,,,0,10,,41902,12,,,0,11,,41940,18,,,0,12,,41903,12,,,0,11,,41904,18,,,0,51,,41905,12,,,0,11,,41906,18,,,0,10,,41907,12,,,0,11,,41941,18,,,0,11,,41908,12,,,0,11,,41909,18,,,0,50,,41910,12,,,0,10,,41911,18,,,0,8,,41942,12,,,0,10,,41943,18,,,0,9,,41944,12,,,0,10,,41945,18,,,0,50,,41946,12,,,0,10,,41947,18,,,0,10,,41948,12,,,0,9,,41949,18,,,0,10,,41950,12,,,0,9,,41951,18,,,0,50,,41952,12,,,0,11,,41953,18,,,0,10,,41954,12,,,0,10,,41912,18,,,0,10,,41913,12,,,0,10,,41955,18,,,0,50,,41914,12,,,0,10,,41915,18,,,0,11,,41916,12,,,0,10,,41956,18,,,0,11,,41917,12,,,0,11,,41918,18,,,0,51,,41919,12,,,0,10,,41920,18,,,0,10,,41921,18,,,0,10,,41957,18,,,0,10,,41958,18,,,0,10,,41959,18,,,0,50,,41960,18,,,0,10,,41961,18,,,0,10,,41962,18,,,0,11,,41963,18,,,0,10,,41964,18,,,0,10,,41965,18,,,0,50,,41966,18,,,0,10,,41967,18,,,0,9,,41968,18,,,0,9,,41969,18,,,0,9,,41970,18,,,0,9,,41971,18,,,0,49,,41972,12,,,0,10,,41973,18,,,0,10,,41974,12,,,0,13,,41976,18,,,0,19,,41975,18,,,0,60,,41922,12,,,0,20,,41923,12,,,0,19,,41924,12,,,0,60,,41925,12,,,0,20,,41926,12,,,0,20,,41927,12,,,0
1000001,'6_1',545,,41979,12,,,0,60,,41980,12,,,0,20,,41981,12,,,0,20,,41982,12,,,0,60,,41983,12,,,0,10,,42063,12,,,0,11,,42064,12,,,0,10,,42014,18,,,0,10,,42015,18,,,0,10,,42016,18,,,0,50,,42017,18,,,0,10,,42018,18,,,0,10,,42019,18,,,0,10,,42020,18,,,0,10,,42021,18,,,0,9,,42022,18,,,0,50,,42023,18,,,0,10,,42024,18,,,0,10,,42025,18,,,0,11,,41984,12,,,0,11,,41985,18,,,0,10,,41986,12,,,0,50,,41987,18,,,0,10,,41988,12,,,0,11,,42026,18,,,0,12,,41989,12,,,0,11,,41990,18,,,0,51,,41991,12,,,0,11,,41992,18,,,0,10,,41993,12,,,0,11,,42027,18,,,0,11,,41994,12,,,0,11,,41995,18,,,0,50,,41996,12,,,0,10,,41997,18,,,0,8,,42028,12,,,0,10,,42029,18,,,0,9,,42030,12,,,0,10,,42031,18,,,0,50,,42032,12,,,0,10,,42033,18,,,0,10,,42034,12,,,0,9,,42035,18,,,0,10,,42036,12,,,0,9,,42037,18,,,0,50,,42038,12,,,0,11,,42039,18,,,0,10,,42040,12,,,0,10,,41998,18,,,0,10,,41999,12,,,0,10,,42041,18,,,0,50,,42000,12,,,0,10,,42001,18,,,0,11,,42002,12,,,0,10,,42042,18,,,0,11,,42003,12,,,0,11,,42004,18,,,0,51,,42005,12,,,0,10,,42006,18,,,0,10,,42007,18,,,0,10,,42043,18,,,0,10,,42044,18,,,0,10,,42045,18,,,0,50,,42046,18,,,0,10,,42047,18,,,0,10,,42048,18,,,0,11,,42049,18,,,0,10,,42050,18,,,0,10,,42051,18,,,0,50,,42052,18,,,0,10,,42053,18,,,0,9,,42054,18,,,0,9,,42055,18,,,0,9,,42056,18,,,0,9,,42057,18,,,0,49,,42058,12,,,0,10,,42059,18,,,0,10,,42060,12,,,0,13,,42062,18,,,0,19,,42061,18,,,0,60,,42008,12,,,0,20,,42009,12,,,0,19,,42010,12,,,0,60,,42011,12,,,0,20,,42012,12,,,0,20,,42013,12,,,0
1000001,'6_2',545,,45491,12,,,0,60,,45492,12,,,0,20,,45493,12,,,0,20,,45494,12,,,0,60,,45495,12,,,0,10,,45575,12,,,0,11,,45576,12,,,0,10,,45526,18,,,0,10,,45527,18,,,0,10,,45528,18,,,0,50,,45529,18,,,0,10,,45530,18,,,0,10,,45531,18,,,0,10,,45532,18,,,0,10,,45533,18,,,0,9,,45534,18,,,0,50,,45535,18,,,0,10,,45536,18,,,0,10,,45537,18,,,0,11,,45496,12,,,0,11,,45497,18,,,0,10,,45498,12,,,0,50,,45499,18,,,0,10,,45500,12,,,0,11,,45538,18,,,0,12,,45501,12,,,0,11,,45502,18,,,0,51,,45503,12,,,0,11,,45504,18,,,0,10,,45505,12,,,0,11,,45539,18,,,0,11,,45506,12,,,0,11,,45507,18,,,0,50,,45508,12,,,0,10,,45509,18,,,0,8,,45540,12,,,0,10,,45541,18,,,0,9,,45542,12,,,0,10,,45543,18,,,0,50,,45544,12,,,0,10,,45545,18,,,0,10,,45546,12,,,0,9,,45547,18,,,0,10,,45548,12,,,0,9,,45549,18,,,0,50,,45550,12,,,0,11,,45551,18,,,0,10,,45552,12,,,0,10,,45510,18,,,0,10,,45511,12,,,0,10,,45553,18,,,0,50,,45512,12,,,0,10,,45513,18,,,0,11,,45514,12,,,0,10,,45554,18,,,0,11,,45515,12,,,0,11,,45516,18,,,0,51,,45517,12,,,0,10,,45518,18,,,0,10,,45519,18,,,0,10,,45555,18,,,0,10,,45556,18,,,0,10,,45557,18,,,0,50,,45558,18,,,0,10,,45559,18,,,0,10,,45560,18,,,0,11,,45561,18,,,0,10,,45562,18,,,0,10,,45563,18,,,0,50,,45564,18,,,0,10,,45565,18,,,0,9,,45566,18,,,0,9,,45567,18,,,0,9,,45568,18,,,0,9,,45569,18,,,0,49,,45570,12,,,0,10,,45571,18,,,0,10,,45572,12,,,0,13,,45574,18,,,0,19,,45573,18,,,0,60,,45520,12,,,0,20,,45521,12,,,0,19,,45522,12,,,0,60,,45523,12,,,0,20,,45524,12,,,0,20,,45525,12,,,0
1000001,'6_3',545,,45577,12,,,0,60,,45578,12,,,0,20,,45579,12,,,0,20,,45580,12,,,0,60,,45581,12,,,0,10,,45661,12,,,0,11,,45662,12,,,0,10,,45612,18,,,0,10,,45613,18,,,0,10,,45614,18,,,0,50,,45615,18,,,0,10,,45616,18,,,0,10,,45617,18,,,0,10,,45618,18,,,0,10,,45619,18,,,0,9,,45620,18,,,0,50,,45621,18,,,0,10,,45622,18,,,0,10,,45623,18,,,0,11,,45582,12,,,0,11,,45583,18,,,0,10,,45584,12,,,0,50,,45585,18,,,0,10,,45586,12,,,0,11,,45624,18,,,0,12,,45587,12,,,0,11,,45588,18,,,0,51,,45589,12,,,0,11,,45590,18,,,0,10,,45591,12,,,0,11,,45625,18,,,0,11,,45592,12,,,0,11,,45593,18,,,0,50,,45594,12,,,0,10,,45595,18,,,0,8,,45626,12,,,0,10,,45627,18,,,0,9,,45628,12,,,0,10,,45629,18,,,0,50,,45630,12,,,0,10,,45631,18,,,0,10,,45632,12,,,0,9,,45633,18,,,0,10,,45634,12,,,0,9,,45635,18,,,0,50,,45636,12,,,0,11,,45637,18,,,0,10,,45638,12,,,0,10,,45596,18,,,0,10,,45597,12,,,0,10,,45639,18,,,0,50,,45598,12,,,0,10,,45599,18,,,0,11,,45600,12,,,0,10,,45640,18,,,0,11,,45601,12,,,0,11,,45602,18,,,0,51,,45603,12,,,0,10,,45604,18,,,0,10,,45605,18,,,0,10,,45641,18,,,0,10,,45642,18,,,0,10,,45643,18,,,0,50,,45644,18,,,0,10,,45645,18,,,0,10,,45646,18,,,0,11,,45647,18,,,0,10,,45648,18,,,0,10,,45649,18,,,0,50,,45650,18,,,0,10,,45651,18,,,0,9,,45652,18,,,0,9,,45653,18,,,0,9,,45654,18,,,0,9,,45655,18,,,0,49,,45656,12,,,0,10,,45657,18,,,0,10,,45658,12,,,0,13,,45660,18,,,0,19,,45659,18,,,0,60,,45606,12,,,0,20,,45607,12,,,0,19,,45608,12,,,0,60,,45609,12,,,0,20,,45610,12,,,0,20,,45611,12,,,0
1000001,'6_4',545,,45663,12,,,0,60,,45664,12,,,0,20,,45665,12,,,0,20,,45666,12,,,0,60,,45667,12,,,0,10,,45747,12,,,0,11,,45748,12,,,0,10,,45698,18,,,0,10,,45699,18,,,0,10,,45700,18,,,0,50,,45701,18,,,0,10,,45702,18,,,0,10,,45703,18,,,0,10,,45704,18,,,0,10,,45705,18,,,0,9,,45706,18,,,0,50,,45707,18,,,0,10,,45708,18,,,0,10,,45709,18,,,0,11,,45668,12,,,0,11,,45669,18,,,0,10,,45670,12,,,0,50,,45671,18,,,0,10,,45672,12,,,0,11,,45710,18,,,0,12,,45673,12,,,0,11,,45674,18,,,0,51,,45675,12,,,0,11,,45676,18,,,0,10,,45677,12,,,0,11,,45711,18,,,0,11,,45678,12,,,0,11,,45679,18,,,0,50,,45680,12,,,0,10,,45681,18,,,0,8,,45712,12,,,0,10,,45713,18,,,0,9,,45714,12,,,0,10,,45715,18,,,0,50,,45716,12,,,0,10,,45717,18,,,0,10,,45718,12,,,0,9,,45719,18,,,0,10,,45720,12,,,0,9,,45721,18,,,0,50,,45722,12,,,0,11,,45723,18,,,0,10,,45724,12,,,0,10,,45682,18,,,0,10,,45683,12,,,0,10,,45725,18,,,0,50,,45684,12,,,0,10,,45685,18,,,0,11,,45686,12,,,0,10,,45726,18,,,0,11,,45687,12,,,0,11,,45688,18,,,0,51,,45689,12,,,0,10,,45690,18,,,0,10,,45691,18,,,0,10,,45727,18,,,0,10,,45728,18,,,0,10,,45729,18,,,0,50,,45730,18,,,0,10,,45731,18,,,0,10,,45732,18,,,0,11,,45733,18,,,0,10,,45734,18,,,0,10,,45735,18,,,0,50,,45736,18,,,0,10,,45737,18,,,0,9,,45738,18,,,0,9,,45739,18,,,0,9,,45740,18,,,0,9,,45741,18,,,0,49,,45742,12,,,0,10,,45743,18,,,0,10,,45744,12,,,0,13,,45746,18,,,0,19,,45745,18,,,0,60,,45692,12,,,0,20,,45693,12,,,0,19,,45694,12,,,0,60,,45695,12,,,0,20,,45696,12,,,0,20,,45697,12,,,0
1000001,'7_1',545,,47579,12,,,0,60,,47580,12,,,0,20,,47581,12,,,0,20,,47582,12,,,0,60,,47583,12,,,0,10,,47663,12,,,0,9,,47664,12,,,0,10,,47614,18,,,0,10,,47615,18,,,0,10,,47616,18,,,0,51,,47617,18,,,0,10,,47618,18,,,0,9,,47619,18,,,0,10,,47620,18,,,0,10,,47621,18,,,0,10,,47622,18,,,0,50,,47623,18,,,0,10,,47624,18,,,0,11,,47625,18,,,0,11,,47584,12,,,0,11,,47585,18,,,0,10,,47586,12,,,0,50,,47587,18,,,0,11,,47588,12,,,0,11,,47626,18,,,0,11,,47589,12,,,0,11,,47590,18,,,0,50,,47591,12,,,0,11,,47592,18,,,0,10,,47593,12,,,0,11,,47627,18,,,0,10,,47594,12,,,0,11,,47595,18,,,0,50,,47596,12,,,0,9,,47597,18,,,0,10,,47628,12,,,0,10,,47629,18,,,0,10,,47630,12,,,0,10,,47631,18,,,0,50,,47632,12,,,0,10,,47633,18,,,0,10,,47634,12,,,0,9,,47635,18,,,0,10,,47636,12,,,0,10,,47637,18,,,0,50,,47638,12,,,0,10,,47639,18,,,0,10,,47640,12,,,0,10,,47598,18,,,0,10,,47599,12,,,0,9,,47641,18,,,0,50,,47600,12,,,0,10,,47601,18,,,0,11,,47602,12,,,0,11,,47642,18,,,0,11,,47603,12,,,0,11,,47604,18,,,0,51,,47605,12,,,0,10,,47606,18,,,0,9,,47607,18,,,0,10,,47643,18,,,0,10,,47644,18,,,0,10,,47645,18,,,0,51,,47646,18,,,0,11,,47647,18,,,0,11,,47648,18,,,0,10,,47649,18,,,0,10,,47650,18,,,0,10,,47651,18,,,0,50,,47652,18,,,0,10,,47653,18,,,0,8,,47654,18,,,0,9,,47655,18,,,0,9,,47656,18,,,0,9,,47657,18,,,0,49,,47658,12,,,0,9,,47659,18,,,0,10,,47660,12,,,0,13,,47662,18,,,0,19,,47661,18,,,0,60,,47608,12,,,0,20,,47609,12,,,0,20,,47610,12,,,0,60,,47611,12,,,0,20,,47612,12,,,0,20,,47613,12,,,0
3000001,'2_6',652,,36698,20,,,0,82,,36699,20,,,0,84,,36700,20,,,0,38,,36701,20,,,0,61,,36702,20,,,0,19,,36703,20,,,0,21,,36704,20,,,0,60,,36705,20,,,0,21,,36706,20,,,0,20,,36707,20,,,0,60,,36708,20,,,0,19,,36709,20,,,0,21,,36710,20,,,0,60,,36711,20,,,0,19,,36712,20,,,0,19,,36713,20,,,0,60,,36714,20,,,0,20,,36715,20,,,0,20,,36716,20,,,0,62,,36717,20,,,0,20,,36718,20,,,0,20,,36719,20,,,0,61,,36720,20,,,0,20,,36721,20,,,0,20,,36722,20,,,0,60,,36723,20,,,0,20,,36724,20,,,0,61,,36725,20,,,0,20,,36726,20,,,0,20,,36727,20,,,0,19,,36728,20,,,0,59,,36729,20,,,0,19,,36730,20,,,0,20,,36731,20,,,0,58,,36732,20,,,0,31,,36734,20,,,0,67,,36735,20,,,0,30,,36733,20,,,0,68,,36736,20,,,0
3000001,'3_7',859,,36737,20,,,0,170,,36739,20,,,0,130,,36740,20,,,0,170,,36741,20,,,0,130,,36742,20,,,0,170,,36743,20,,,0,130,,36744,20,,,0,170,,36745,20,,,0,130,,36738,20,,,0
3000001,'4_7',859,,47911,20,,,0,170,,47919,20,,,0,130,,47918,20,,,0,170,,47917,20,,,0,130,,47914,20,,,0,170,,47915,20,,,0,130,,47916,20,,,0,170,,47913,20,,,0,130,,47912,20,,,0
3000001,'5_5',702,,43037,20,,,0,21,,42996,20,,,0,20,,42997,20,,,0,60,,42998,20,,,0,20,,42999,20,,,0,20,,43000,20,,,0,60,,43001,20,,,0,20,,43002,20,,,0,20,,43003,20,,,0,60,,43004,20,,,0,20,,43005,20,,,0,21,,43006,20,,,0,60,,43007,20,,,0,19,,43008,20,,,0,20,,43009,20,,,0,60,,43010,20,,,0,19,,43011,20,,,0,19,,43012,20,,,0,60,,43013,20,,,0,20,,43014,20,,,0,20,,43015,20,,,0,60,,43016,20,,,0,22,,43017,20,,,0,20,,43018,20,,,0,59,,43019,20,,,0,21,,43020,20,,,0,20,,43021,20,,,0,60,,43022,20,,,0,20,,43023,20,,,0,20,,43024,20,,,0,61,,43025,20,,,0,20,,43026,20,,,0,20,,43027,20,,,0,60,,43028,20,,,0,19,,43029,20,,,0,19,,43030,20,,,0,61,,43031,20,,,0,20,,43032,20,,,0,21,,43033,20,,,0,69,,43034,20,,,0,27,,43035,20,,,0,69,,43036,20,,,0
3000001,'6_1',702,,43079,20,,,0,21,,43038,20,,,0,20,,43039,20,,,0,60,,43040,20,,,0,20,,43041,20,,,0,20,,43042,20,,,0,60,,43043,20,,,0,20,,43044,20,,,0,20,,43045,20,,,0,60,,43046,20,,,0,20,,43047,20,,,0,21,,43048,20,,,0,60,,43049,20,,,0,19,,43050,20,,,0,20,,43051,20,,,0,60,,43052,20,,,0,19,,43053,20,,,0,19,,43054,20,,,0,60,,43055,20,,,0,20,,43056,20,,,0,20,,43057,20,,,0,60,,43058,20,,,0,22,,43059,20,,,0,20,,43060,20,,,0,59,,43061,20,,,0,21,,43062,20,,,0,20,,43063,20,,,0,60,,43064,20,,,0,20,,43065,20,,,0,20,,43066,20,,,0,61,,43067,20,,,0,20,,43068,20,,,0,20,,43069,20,,,0,60,,43070,20,,,0,19,,43071,20,,,0,19,,43072,20,,,0,61,,43073,20,,,0,20,,43074,20,,,0,21,,43075,20,,,0,69,,43076,20,,,0,27,,43077,20,,,0,69,,43078,20,,,0
3000001,'6_2',702,,46273,20,,,0,21,,46232,20,,,0,20,,46233,20,,,0,60,,46234,20,,,0,20,,46235,20,,,0,20,,46236,20,,,0,60,,46237,20,,,0,20,,46238,20,,,0,20,,46239,20,,,0,60,,46240,20,,,0,20,,46241,20,,,0,21,,46242,20,,,0,60,,46243,20,,,0,19,,46244,20,,,0,20,,46245,20,,,0,60,,46246,20,,,0,19,,46247,20,,,0,19,,46248,20,,,0,60,,46249,20,,,0,20,,46250,20,,,0,20,,46251,20,,,0,60,,46252,20,,,0,22,,46253,20,,,0,20,,46254,20,,,0,59,,46255,20,,,0,21,,46256,20,,,0,20,,46257,20,,,0,60,,46258,20,,,0,20,,46259,20,,,0,20,,46260,20,,,0,61,,46261,20,,,0,20,,46262,20,,,0,20,,46263,20,,,0,60,,46264,20,,,0,19,,46265,20,,,0,19,,46266,20,,,0,61,,46267,20,,,0,20,,46268,20,,,0,21,,46269,20,,,0,69,,46270,20,,,0,27,,46271,20,,,0,69,,46272,20,,,0
3000001,'6_3',702,,46315,20,,,0,21,,46274,20,,,0,20,,46275,20,,,0,60,,46276,20,,,0,20,,46277,20,,,0,20,,46278,20,,,0,60,,46279,20,,,0,20,,46280,20,,,0,20,,46281,20,,,0,60,,46282,20,,,0,20,,46283,20,,,0,21,,46284,20,,,0,60,,46285,20,,,0,19,,46286,20,,,0,20,,46287,20,,,0,60,,46288,20,,,0,19,,46289,20,,,0,19,,46290,20,,,0,60,,46291,20,,,0,20,,46292,20,,,0,20,,46293,20,,,0,60,,46294,20,,,0,22,,46295,20,,,0,20,,46296,20,,,0,59,,46297,20,,,0,21,,46298,20,,,0,20,,46299,20,,,0,60,,46300,20,,,0,20,,46301,20,,,0,20,,46302,20,,,0,61,,46303,20,,,0,20,,46304,20,,,0,20,,46305,20,,,0,60,,46306,20,,,0,19,,46307,20,,,0,19,,46308,20,,,0,61,,46309,20,,,0,20,,46310,20,,,0,21,,46311,20,,,0,69,,46312,20,,,0,27,,46313,20,,,0,69,,46314,20,,,0
3000001,'6_4',702,,46357,20,,,0,21,,46316,20,,,0,20,,46317,20,,,0,60,,46318,20,,,0,20,,46319,20,,,0,20,,46320,20,,,0,60,,46321,20,,,0,20,,46322,20,,,0,20,,46323,20,,,0,60,,46324,20,,,0,20,,46325,20,,,0,21,,46326,20,,,0,60,,46327,20,,,0,19,,46328,20,,,0,20,,46329,20,,,0,60,,46330,20,,,0,19,,46331,20,,,0,19,,46332,20,,,0,60,,46333,20,,,0,20,,46334,20,,,0,20,,46335,20,,,0,60,,46336,20,,,0,22,,46337,20,,,0,20,,46338,20,,,0,59,,46339,20,,,0,21,,46340,20,,,0,20,,46341,20,,,0,60,,46342,20,,,0,20,,46343,20,,,0,20,,46344,20,,,0,61,,46345,20,,,0,20,,46346,20,,,0,20,,46347,20,,,0,60,,46348,20,,,0,19,,46349,20,,,0,19,,46350,20,,,0,61,,46351,20,,,0,20,,46352,20,,,0,21,,46353,20,,,0,69,,46354,20,,,0,27,,46355,20,,,0,69,,46356,20,,,0
3000001,'7_1',700,,47961,20,,,0,22,,47920,20,,,0,20,,47921,20,,,0,60,,47922,20,,,0,20,,47923,20,,,0,21,,47924,20,,,0,60,,47925,20,,,0,20,,47926,20,,,0,20,,47927,20,,,0,60,,47928,20,,,0,20,,47929,20,,,0,20,,47930,20,,,0,60,,47931,20,,,0,19,,47932,20,,,0,19,,47933,20,,,0,61,,47934,20,,,0,21,,47935,20,,,0,20,,47936,20,,,0,60,,47937,20,,,0,19,,47938,20,,,0,20,,47939,20,,,0,60,,47940,20,,,0,20,,47941,20,,,0,20,,47942,20,,,0,61,,47943,20,,,0,21,,47944,20,,,0,22,,47945,20,,,0,60,,47946,20,,,0,20,,47947,20,,,0,19,,47948,20,,,0,64,,47949,20,,,0,23,,47950,20,,,0,18,,47951,20,,,0,59,,47952,20,,,0,15,,47953,20,,,0,18,,47954,20,,,0,61,,47955,20,,,0,19,,47956,20,,,0,22,,47957,20,,,0,66,,47958,20,,,0,28,,47959,20,,,0,71,,47960,20,,,0
