200,'2_6',742,,30367,46,4,,0,112,,30368,46,4,,0,146,,30369,43,4,,0,105,,30370,46,4,,0,110,,30371,46,4,,0,104,,30372,44,4,,0,100,,30373,46,4,,0,104,,30374,46,4,,0,105,,30375,46,4,,0,105,,30376,46,4,,0,99,,30377,46,4,,0,171,,30389,43,4,,0
200,'5_1',833,,37413,34,4,,0,115,,37412,34,4,,0,107,,37409,43,4,,0,148,,37401,43,4,,0,101,,37402,46,4,,0,45,,37396,34,4,,0,96,,37398,46,4,,0,100,,37397,43,4,,0,111,,37390,43,4,,0,146,,37389,46,4,,0,104,,37386,46,4,,0,97,,37383,46,4,,0
200,'5_2',833,,38669,34,4,,0,115,,38668,34,4,,0,107,,38665,43,4,,0,148,,38657,43,4,,0,101,,38658,46,4,,0,45,,38652,34,4,,0,96,,38654,46,4,,0,100,,38653,43,4,,0,111,,38646,43,4,,0,146,,38645,46,4,,0,104,,38642,46,4,,0,97,,38639,46,4,,0
200,'5_3',833,,38708,34,4,,0,115,,38707,34,4,,0,107,,38704,43,4,,0,148,,38696,43,4,,0,101,,38697,46,4,,0,45,,38691,34,4,,0,96,,38693,46,4,,0,100,,38692,43,4,,0,111,,38685,43,4,,0,146,,38684,46,4,,0,104,,38681,46,4,,0,97,,38678,46,4,,0
200,'5_4',833,,38747,34,4,,0,115,,38746,34,4,,0,107,,38743,43,4,,0,148,,38735,43,4,,0,101,,38736,46,4,,0,45,,38730,34,4,,0,96,,38732,46,4,,0,100,,38731,43,4,,0,111,,38724,43,4,,0,146,,38723,46,4,,0,104,,38720,46,4,,0,97,,38717,46,4,,0
200,'5_5',833,,38786,34,4,,0,115,,38785,34,4,,0,107,,38782,43,4,,0,148,,38774,43,4,,0,101,,38775,46,4,,0,45,,38769,34,4,,0,96,,38771,46,4,,0,100,,38770,43,4,,0,111,,38763,43,4,,0,146,,38762,46,4,,0,104,,38759,46,4,,0,97,,38756,46,4,,0
200,'6_1',833,,38825,34,4,,0,115,,38824,34,4,,0,107,,38821,43,4,,0,148,,38813,43,4,,0,101,,38814,46,4,,0,45,,38808,34,4,,0,96,,38810,46,4,,0,100,,38809,43,4,,0,111,,38802,43,4,,0,146,,38801,46,4,,0,104,,38798,46,4,,0,97,,38795,46,4,,0
200,'6_2',833,,43720,34,4,,0,115,,43719,34,4,,0,107,,43716,43,4,,0,148,,43708,43,4,,0,101,,43709,46,4,,0,45,,43703,34,4,,0,96,,43705,46,4,,0,100,,43704,43,4,,0,111,,43697,43,4,,0,146,,43696,46,4,,0,104,,43693,46,4,,0,97,,43690,46,4,,0
200,'6_3',833,,43759,34,4,,0,115,,43758,34,4,,0,107,,43755,43,4,,0,148,,43747,43,4,,0,101,,43748,46,4,,0,45,,43742,34,4,,0,96,,43744,46,4,,0,100,,43743,43,4,,0,111,,43736,43,4,,0,146,,43735,46,4,,0,104,,43732,46,4,,0,97,,43729,46,4,,0
200,'6_4',833,,43798,34,4,,0,115,,43797,34,4,,0,107,,43794,43,4,,0,148,,43786,43,4,,0,101,,43787,46,4,,0,45,,43781,34,4,,0,96,,43783,46,4,,0,100,,43782,43,4,,0,111,,43775,43,4,,0,146,,43774,46,4,,0,104,,43771,46,4,,0,97,,43768,46,4,,0
