400,'S2-0_6',722,,55407,11,0,40,0,94,,55399,11,0,40,0,31,,55388,23,0,40,0,70,,55387,11,0,40,0,30,,55386,11,0,40,0,72,,55389,11,0,40,0,31,,55403,23,0,40,0,71,,55390,11,0,40,0,30,,55391,11,0,40,0,71,,55409,11,0,40,0,29,,55406,23,0,40,0,70,,55392,11,0,40,0,30,,55393,11,0,40,0,68,,55394,11,0,40,0,27,,55396,23,0,40,0,71,,55397,11,0,40,0,35,,55395,11,0,40,0,72,,55408,11,0,40,0,24,,55400,23,0,40,0,63,,55404,11,0,40,0,29,,55405,11,0,40,0,77,,55401,11,0,40,0,30,,55402,23,0,40,0,85,,55398,23,0,40,0
400,'S2-1_7',828,,55410,23,0,40,0,125,,55411,23,0,40,0,165,,55412,23,0,40,0,200,,55413,23,0,40,0,126,,55414,23,0,40,0,165,,55415,23,0,40,0,126,,55416,23,0,40,0,165,,55417,23,0,40,0
400,'S2-2_1',707,,55442,11,,,0,34,,55439,11,0,40,0,75,,55433,11,0,40,0,31,,55420,23,0,40,0,70,,55419,11,0,40,0,29,,55418,11,0,40,0,77,,55421,11,0,40,0,28,,55440,23,0,40,0,70,,55422,11,0,40,0,35,,55423,11,0,40,0,72,,55436,11,0,40,0,23,,55434,23,0,40,0,70,,55424,11,0,40,0,30,,55425,11,0,40,0,66,,55426,11,0,40,0,29,,55428,23,0,40,0,71,,55429,11,0,40,0,35,,55427,11,0,40,0,72,,55438,11,,,0,28,,55435,23,0,40,0,68,,55430,11,0,40,0,26,,55431,23,,,0,71,,55437,11,0,40,0,35,,55441,23,0,40,0,86,,55432,23,0,40,0
400,'S2-2_2',707,,55467,11,,,0,34,,55464,11,0,40,0,75,,55458,11,0,40,0,31,,55445,23,0,40,0,70,,55444,11,0,40,0,29,,55443,11,0,40,0,77,,55446,11,0,40,0,28,,55465,23,0,40,0,70,,55447,11,0,40,0,35,,55448,11,0,40,0,72,,55461,11,0,40,0,23,,55459,23,0,40,0,70,,55449,11,0,40,0,30,,55450,11,0,40,0,66,,55451,11,0,40,0,29,,55453,23,0,40,0,71,,55454,11,0,40,0,35,,55452,11,0,40,0,72,,55463,11,,,0,28,,55460,23,0,40,0,68,,55455,11,0,40,0,26,,55456,23,,,0,71,,55462,11,0,40,0,35,,55466,23,0,40,0,86,,55457,23,0,40,0
400,'S2-2_3',707,,55492,11,,,0,34,,55489,11,0,40,0,75,,55483,11,0,40,0,31,,55470,23,0,40,0,70,,55469,11,0,40,0,29,,55468,11,0,40,0,77,,55471,11,0,40,0,28,,55490,23,0,40,0,70,,55472,11,0,40,0,35,,55473,11,0,40,0,72,,55486,11,0,40,0,23,,55484,23,0,40,0,70,,55474,11,0,40,0,30,,55475,11,0,40,0,66,,55476,11,0,40,0,29,,55478,23,0,40,0,71,,55479,11,0,40,0,35,,55477,11,0,40,0,72,,55488,11,,,0,28,,55485,23,0,40,0,68,,55480,11,0,40,0,26,,55481,23,,,0,71,,55487,11,0,40,0,35,,55491,23,0,40,0,86,,55482,23,0,40,0
400,'S2-2_4',707,,55517,11,,,0,34,,55514,11,0,40,0,75,,55508,11,0,40,0,31,,55495,23,0,40,0,70,,55494,11,0,40,0,29,,55493,11,0,40,0,77,,55496,11,0,40,0,28,,55515,23,0,40,0,70,,55497,11,0,40,0,35,,55498,11,0,40,0,72,,55511,11,0,40,0,23,,55509,23,0,40,0,70,,55499,11,0,40,0,30,,55500,11,0,40,0,66,,55501,11,0,40,0,29,,55503,23,0,40,0,71,,55504,11,0,40,0,35,,55502,11,0,40,0,72,,55513,11,,,0,28,,55510,23,0,40,0,68,,55505,11,0,40,0,26,,55506,23,,,0,71,,55512,11,0,40,0,35,,55516,23,0,40,0,86,,55507,23,0,40,0
400,'S2-2_5',707,,55542,11,,,0,34,,55539,11,0,40,0,75,,55533,11,0,40,0,31,,55520,23,0,40,0,70,,55519,11,0,40,0,29,,55518,11,0,40,0,77,,55521,11,0,40,0,28,,55540,23,0,40,0,70,,55522,11,0,40,0,35,,55523,11,0,40,0,72,,55536,11,0,40,0,23,,55534,23,0,40,0,70,,55524,11,0,40,0,30,,55525,11,0,40,0,66,,55526,11,0,40,0,29,,55528,23,0,40,0,71,,55529,11,0,40,0,35,,55527,11,0,40,0,72,,55538,11,,,0,28,,55535,23,0,40,0,68,,55530,11,0,40,0,26,,55531,23,,,0,71,,55537,11,0,40,0,35,,55541,23,0,40,0,86,,55532,23,0,40,0
400,'S2-3_1',707,,55567,11,,,0,34,,55564,11,0,40,0,75,,55558,11,0,40,0,31,,55545,23,0,40,0,70,,55544,11,0,40,0,29,,55543,11,0,40,0,77,,55546,11,0,40,0,28,,55565,23,0,40,0,70,,55547,11,0,40,0,35,,55548,11,0,40,0,72,,55561,11,0,40,0,23,,55559,23,0,40,0,70,,55549,11,0,40,0,30,,55550,11,0,40,0,66,,55551,11,0,40,0,29,,55553,23,0,40,0,71,,55554,11,0,40,0,35,,55552,11,0,40,0,72,,55563,11,,,0,28,,55560,23,0,40,0,68,,55555,11,0,40,0,26,,55556,23,,,0,71,,55562,11,0,40,0,35,,55566,23,0,40,0,86,,55557,23,0,40,0
400,'S2-3_3',707,,55592,11,,,0,34,,55589,11,0,40,0,75,,55583,11,0,40,0,31,,55570,23,0,40,0,70,,55569,11,0,40,0,29,,55568,11,0,40,0,77,,55571,11,0,40,0,28,,55590,23,0,40,0,70,,55572,11,0,40,0,35,,55573,11,0,40,0,72,,55586,11,0,40,0,23,,55584,23,0,40,0,70,,55574,11,0,40,0,30,,55575,11,0,40,0,66,,55576,11,0,40,0,29,,55578,23,0,40,0,71,,55579,11,0,40,0,35,,55577,11,0,40,0,72,,55588,11,,,0,28,,55585,23,0,40,0,68,,55580,11,0,40,0,26,,55581,23,,,0,71,,55587,11,0,40,0,35,,55591,23,0,40,0,86,,55582,23,0,40,0
400,'S2-3_4',707,,55617,11,,,0,34,,55614,11,0,40,0,75,,55608,11,0,40,0,31,,55595,23,0,40,0,70,,55594,11,0,40,0,29,,55593,11,0,40,0,77,,55596,11,0,40,0,28,,55615,23,0,40,0,70,,55597,11,0,40,0,35,,55598,11,0,40,0,72,,55611,11,0,40,0,23,,55609,23,0,40,0,70,,55599,11,0,40,0,30,,55600,11,0,40,0,66,,55601,11,0,40,0,29,,55603,23,0,40,0,71,,55604,11,0,40,0,35,,55602,11,0,40,0,72,,55613,11,,,0,28,,55610,23,0,40,0,68,,55605,11,0,40,0,26,,55606,23,,,0,71,,55612,11,0,40,0,35,,55616,23,0,40,0,86,,55607,23,0,40,0
400,'S2-4_7',828,,55618,23,0,40,0,125,,55619,23,0,40,0,165,,55620,23,0,40,0,200,,55621,23,0,40,0,126,,55622,23,0,40,0,165,,55623,23,0,40,0,126,,55624,23,0,40,0,165,,55625,23,0,40,0
700,'S2-0_6',710,,56504,5,,,0,110,,56505,5,,,0,109,,56506,5,,,0,110,,56507,5,,,0,110,,56508,5,,,0,110,,56509,5,,,0,150,,56510,5,,,0,110,,56511,5,,,0,110,,56512,5,,,0,110,,56502,5,,,0,111,,56503,5,,,0
700,'S2-2_1',707,,56513,5,,,0,110,,56515,5,,,0,110,,56516,5,,,0,110,,56517,5,,,0,110,,56518,5,,,0,110,,56519,5,,,0,150,,56520,5,,,0,110,,56521,5,,,0,110,,56522,5,,,0,110,,56523,5,,,0,110,,56514,5,,,0
700,'S2-2_2',707,,56524,5,,,0,110,,56526,5,,,0,110,,56527,5,,,0,110,,56528,5,,,0,110,,56529,5,,,0,110,,56530,5,,,0,150,,56531,5,,,0,110,,56532,5,,,0,110,,56533,5,,,0,110,,56534,5,,,0,110,,56525,5,,,0
700,'S2-2_3',707,,56535,5,,,0,110,,56537,5,,,0,110,,56538,5,,,0,110,,56539,5,,,0,110,,56540,5,,,0,110,,56541,5,,,0,150,,56542,5,,,0,110,,56543,5,,,0,110,,56544,5,,,0,110,,56545,5,,,0,110,,56536,5,,,0
700,'S2-2_4',707,,56546,5,,,0,110,,56548,5,,,0,110,,56549,5,,,0,110,,56550,5,,,0,110,,56551,5,,,0,110,,56552,5,,,0,150,,56553,5,,,0,110,,56554,5,,,0,110,,56555,5,,,0,110,,56556,5,,,0,110,,56547,5,,,0
700,'S2-2_5',707,,56557,5,,,0,110,,56559,5,,,0,110,,56560,5,,,0,110,,56561,5,,,0,110,,56562,5,,,0,110,,56563,5,,,0,150,,56564,5,,,0,110,,56565,5,,,0,110,,56566,5,,,0,110,,56567,5,,,0,110,,56558,5,,,0
700,'S2-3_1',707,,56568,5,,,0,110,,56570,5,,,0,110,,56571,5,,,0,110,,56572,5,,,0,110,,56573,5,,,0,110,,56574,5,,,0,150,,56575,5,,,0,110,,56576,5,,,0,110,,56577,5,,,0,110,,56578,5,,,0,110,,56569,5,,,0
700,'S2-3_3',707,,56579,5,,,0,110,,56581,5,,,0,110,,56582,5,,,0,110,,56583,5,,,0,110,,56584,5,,,0,110,,56585,5,,,0,150,,56586,5,,,0,110,,56587,5,,,0,110,,56588,5,,,0,110,,56589,5,,,0,110,,56580,5,,,0
700,'S2-3_4',707,,56590,5,,,0,110,,56592,5,,,0,110,,56593,5,,,0,110,,56594,5,,,0,110,,56595,5,,,0,110,,56596,5,,,0,150,,56597,5,,,0,110,,56598,5,,,0,110,,56599,5,,,0,110,,56600,5,,,0,110,,56591,5,,,0
