301,'S2-1_6',746,,8456,29,,,0,71,,8453,29,,,0,31,,8454,29,,,0,70,,8455,29,,,0,31,,8457,29,,,0,70,,8458,29,,,0,31,,8459,29,,,0,70,,8460,29,,,0,31,,8464,29,,,0,69,,8463,29,,,0,28,,8461,29,,,0,69,,8462,29,,,0,29,,8466,29,,,0,71,,8467,29,,,0,30,,8465,29,,,0,71,,8468,29,,,0,30,,8471,29,,,0,72,,8469,29,,,0,33,,8470,29,,,0,71,,8473,29,,,0,31,,8472,29,,,0,70,,8474,29,,,0,32,,8475,29,,,0,67,,8476,29,,,0,28,,8477,29,,,0,69,,8478,29,,,0,30,,8479,29,,,0,63,,8480,29,,,0
301,'S2-4_7',938,,8481,29,,,0,100,,8482,29,,,0,100,,8483,29,,,0,100,,8484,29,,,0,100,,8485,29,,,0,100,,8486,29,,,0,100,,8487,29,,,0,100,,8488,29,,,0,100,,8489,29,,,0,100,,8490,29,,,0,100,,8491,29,,,0
301,'S2-5_1',741,,8518,29,,,0,61,,8492,29,,,0,34,,8519,29,,,0,73,,8493,29,,,0,30,,8494,29,,,0,71,,8495,29,,,0,32,,8496,29,,,0,72,,8497,29,,,0,33,,8498,29,,,0,74,,8499,29,,,0,31,,8500,29,,,0,71,,8501,29,,,0,33,,8502,29,,,0,72,,8503,29,,,0,31,,8504,29,,,0,71,,8505,29,,,0,27,,8506,29,,,0,68,,8507,29,,,0,31,,8508,29,,,0,70,,8509,29,,,0,30,,8510,29,,,0,70,,8511,29,,,0,23,,8512,29,,,0,62,,8513,29,,,0,23,,8514,29,,,0,69,,8515,29,,,0,28,,8516,29,,,0,70,,8517,29,,,0
301,'S2-5_2',741,,8546,29,,,0,61,,8520,29,,,0,34,,8547,29,,,0,73,,8521,29,,,0,30,,8522,29,,,0,71,,8523,29,,,0,32,,8524,29,,,0,72,,8525,29,,,0,33,,8526,29,,,0,74,,8527,29,,,0,31,,8528,29,,,0,71,,8529,29,,,0,33,,8530,29,,,0,72,,8531,29,,,0,31,,8532,29,,,0,71,,8533,29,,,0,27,,8534,29,,,0,68,,8535,29,,,0,31,,8536,29,,,0,70,,8537,29,,,0,30,,8538,29,,,0,70,,8539,29,,,0,23,,8540,29,,,0,62,,8541,29,,,0,23,,8542,29,,,0,69,,8543,29,,,0,28,,8544,29,,,0,70,,8545,29,,,0
301,'S2-5_4',741,,8574,29,,,0,61,,8548,29,,,0,34,,8575,29,,,0,73,,8549,29,,,0,30,,8550,29,,,0,71,,8551,29,,,0,32,,8552,29,,,0,72,,8553,29,,,0,33,,8554,29,,,0,74,,8555,29,,,0,31,,8556,29,,,0,71,,8557,29,,,0,33,,8558,29,,,0,72,,8559,29,,,0,31,,8560,29,,,0,71,,8561,29,,,0,27,,8562,29,,,0,68,,8563,29,,,0,31,,8564,29,,,0,70,,8565,29,,,0,30,,8566,29,,,0,70,,8567,29,,,0,23,,8568,29,,,0,62,,8569,29,,,0,23,,8570,29,,,0,69,,8571,29,,,0,28,,8572,29,,,0,70,,8573,29,,,0
301,'S2-5_5',741,,8602,29,,,0,61,,8576,29,,,0,34,,8603,29,,,0,73,,8577,29,,,0,30,,8578,29,,,0,71,,8579,29,,,0,32,,8580,29,,,0,72,,8581,29,,,0,33,,8582,29,,,0,74,,8583,29,,,0,31,,8584,29,,,0,71,,8585,29,,,0,33,,8586,29,,,0,72,,8587,29,,,0,31,,8588,29,,,0,71,,8589,29,,,0,27,,8590,29,,,0,68,,8591,29,,,0,31,,8592,29,,,0,70,,8593,29,,,0,30,,8594,29,,,0,70,,8595,29,,,0,23,,8596,29,,,0,62,,8597,29,,,0,23,,8598,29,,,0,69,,8599,29,,,0,28,,8600,29,,,0,70,,8601,29,,,0
301,'S2-6_3',741,,8630,29,,,0,61,,8604,29,,,0,34,,8631,29,,,0,73,,8605,29,,,0,30,,8606,29,,,0,71,,8607,29,,,0,32,,8608,29,,,0,72,,8609,29,,,0,33,,8610,29,,,0,74,,8611,29,,,0,31,,8612,29,,,0,71,,8613,29,,,0,33,,8614,29,,,0,72,,8615,29,,,0,31,,8616,29,,,0,71,,8617,29,,,0,27,,8618,29,,,0,68,,8619,29,,,0,31,,8620,29,,,0,70,,8621,29,,,0,30,,8622,29,,,0,70,,8623,29,,,0,23,,8624,29,,,0,62,,8625,29,,,0,23,,8626,29,,,0,69,,8627,29,,,0,28,,8628,29,,,0,70,,8629,29,,,0
900601,'S2-1_6',809,,11516,21,,,0,130,,11517,21,,,0,170,,11518,21,,,0,135,,11519,21,,,0,160,,11520,21,,,0,135,,11521,21,,,0,165,,11522,21,,,0,130,,11523,21,,,0
900601,'S2-5_1',809,,11524,21,,,0,130,,11525,21,,,0,170,,11526,21,,,0,135,,11527,21,,,0,160,,11528,21,,,0,135,,11529,21,,,0,165,,11530,21,,,0,130,,11531,21,,,0
900601,'S2-5_2',809,,11532,21,,,0,130,,11533,21,,,0,170,,11534,21,,,0,135,,11535,21,,,0,160,,11536,21,,,0,135,,11537,21,,,0,165,,11538,21,,,0,130,,11539,21,,,0
900601,'S2-5_4',809,,11540,21,,,0,130,,11541,21,,,0,170,,11542,21,,,0,135,,11543,21,,,0,160,,11544,21,,,0,135,,11545,21,,,0,165,,11546,21,,,0,130,,11547,21,,,0
900601,'S2-5_5',809,,11548,21,,,0,130,,11549,21,,,0,170,,11550,21,,,0,135,,11551,21,,,0,160,,11552,21,,,0,135,,11553,21,,,0,165,,11554,21,,,0,130,,11555,21,,,0
900601,'S2-6_3',809,,11556,21,,,0,130,,11557,21,,,0,170,,11558,21,,,0,135,,11559,21,,,0,160,,11560,21,,,0,135,,11561,21,,,0,165,,11562,21,,,0,130,,11563,21,,,0
2900301,'S2-5_1',1733,,13520,15,4,,0,68,,13521,15,4,,0,33,,13522,15,4,,0,20,,13523,15,4,,0
2900301,'S2-5_2',1733,,13524,15,4,,0,68,,13525,15,4,,0,33,,13526,15,4,,0,20,,13527,15,4,,0
2900301,'S2-5_4',1733,,13528,15,4,,0,68,,13529,15,4,,0,33,,13530,15,4,,0,20,,13531,15,4,,0
2900301,'S2-5_5',1733,,13532,15,4,,0,68,,13533,15,4,,0,33,,13534,15,4,,0,20,,13535,15,4,,0
2900301,'S2-6_3',1733,,13536,15,4,,0,68,,13537,15,4,,0,33,,13538,15,4,,0,20,,13539,15,4,,0
