200,'2_6',808,,30378,38,0,35 37,0,105,,30379,38,0,35 37,0,106,,30380,29,0,35 37,0,106,,30381,38,0,35 37,0,109,,30382,38,0,35 37,0,100,,30383,29,0,35 37,0,102,,30384,38,0,35 37,0,102,,30385,38,0,35 37,0,112,,30386,38,0,35 37,0,102,,30387,38,0,35 37,0,94,,30401,38,0,35 37,0,89,,30388,41,0,35 37,0
200,'5_1',742,,37417,38,0,35 37,0,102,,37410,41,0,35 37,0,156,,37411,38,0,35 37,0,119,,37403,41,0,35 37,0,114,,37404,29,0,35 37,0,86,,37405,38,0,35 37,0,90,,37394,38,0,35 37,0,102,,37395,38,0,35 37,0,122,,37399,38,0,35 37,0,104,,37391,29,0,35 37,0,95,,37384,41,0,35 37,0,116,,37382,38,0,35 37,0
200,'5_2',742,,38673,38,0,35 37,0,102,,38666,41,0,35 37,0,156,,38667,38,0,35 37,0,119,,38659,41,0,35 37,0,114,,38660,29,0,35 37,0,86,,38661,38,0,35 37,0,90,,38650,38,0,35 37,0,102,,38651,38,0,35 37,0,122,,38655,38,0,35 37,0,104,,38647,29,0,35 37,0,95,,38640,41,0,35 37,0,116,,38638,38,0,35 37,0
200,'5_3',742,,38712,38,0,35 37,0,102,,38705,41,0,35 37,0,156,,38706,38,0,35 37,0,119,,38698,41,0,35 37,0,114,,38699,29,0,35 37,0,86,,38700,38,0,35 37,0,90,,38689,38,0,35 37,0,102,,38690,38,0,35 37,0,122,,38694,38,0,35 37,0,104,,38686,29,0,35 37,0,95,,38679,41,0,35 37,0,116,,38677,38,0,35 37,0
200,'5_4',742,,38751,38,0,35 37,0,102,,38744,41,0,35 37,0,156,,38745,38,0,35 37,0,119,,38737,41,0,35 37,0,114,,38738,29,0,35 37,0,86,,38739,38,0,35 37,0,90,,38728,38,0,35 37,0,102,,38729,38,0,35 37,0,122,,38733,38,0,35 37,0,104,,38725,29,0,35 37,0,95,,38718,41,0,35 37,0,116,,38716,38,0,35 37,0
200,'5_5',742,,38790,38,0,35 37,0,102,,38783,41,0,35 37,0,156,,38784,38,0,35 37,0,119,,38776,41,0,35 37,0,114,,38777,29,0,35 37,0,86,,38778,38,0,35 37,0,90,,38767,38,0,35 37,0,102,,38768,38,0,35 37,0,122,,38772,38,0,35 37,0,104,,38764,29,0,35 37,0,95,,38757,41,0,35 37,0,116,,38755,38,0,35 37,0
200,'6_1',742,,38829,38,0,35 37,0,102,,38822,41,0,35 37,0,156,,38823,38,0,35 37,0,119,,38815,41,0,35 37,0,114,,38816,29,0,35 37,0,86,,38817,38,0,35 37,0,90,,38806,38,0,35 37,0,102,,38807,38,0,35 37,0,122,,38811,38,0,35 37,0,104,,38803,29,0,35 37,0,95,,38796,41,0,35 37,0,116,,38794,38,0,35 37,0
200,'6_2',742,,43724,38,0,35 37,0,102,,43717,41,0,35 37,0,156,,43718,38,0,35 37,0,119,,43710,41,0,35 37,0,114,,43711,29,0,35 37,0,86,,43712,38,0,35 37,0,90,,43701,38,0,35 37,0,102,,43702,38,0,35 37,0,122,,43706,38,0,35 37,0,104,,43698,29,0,35 37,0,95,,43691,41,0,35 37,0,116,,43689,38,0,35 37,0
200,'6_3',742,,43763,38,0,35 37,0,102,,43756,41,0,35 37,0,156,,43757,38,0,35 37,0,119,,43749,41,0,35 37,0,114,,43750,29,0,35 37,0,86,,43751,38,0,35 37,0,90,,43740,38,0,35 37,0,102,,43741,38,0,35 37,0,122,,43745,38,0,35 37,0,104,,43737,29,0,35 37,0,95,,43730,41,0,35 37,0,116,,43728,38,0,35 37,0
200,'6_4',742,,43802,38,0,35 37,0,102,,43795,41,0,35 37,0,156,,43796,38,0,35 37,0,119,,43788,41,0,35 37,0,114,,43789,29,0,35 37,0,86,,43790,38,0,35 37,0,90,,43779,38,0,35 37,0,102,,43780,38,0,35 37,0,122,,43784,38,0,35 37,0,104,,43776,29,0,35 37,0,95,,43769,41,0,35 37,0,116,,43767,38,0,35 37,0
