101,'0_6',703,,63047,13,0,5,0,112,,63048,13,0,5,0,107,,63049,13,0,5,0,30,,63060,13,0,6,0,69,,63050,13,0,5,0,31,,63061,13,0,6,0,70,,63051,13,0,5,0,30,,63062,13,0,6,0,70,,63052,13,0,5,0,30,,63063,13,0,6,0,71,,63053,13,0,5,0,29,,63064,13,0,6,0,69,,63054,13,0,5,0,30,,63065,13,0,6,0,70,,63055,13,0,5,0,32,,63066,13,0,6,0,70,,63056,13,0,5,0,29,,63067,13,0,6,0,73,,63057,13,0,5,0,30,,63068,13,0,6,0,78,,63058,13,0,5,0,25,,63069,13,0,6,0,67,,63059,13,0,5,0
101,'1_7',909,,63070,13,0,6,0,105,,63075,13,0,5,0,105,,63071,13,0,6,0,105,,63076,13,0,5,0,105,,63072,13,0,6,0,90,,63077,13,0,5,0,100,,63073,13,0,6,0,105,,63078,13,0,5,0,105,,63074,13,0,6,0,105,,63079,13,0,5,0
101,'2_1',703,,63080,19,0,5,0,29,,63081,13,0,5,0,74,,63082,19,0,6,0,31,,63084,13,0,5,0,75,,63083,19,0,6,0,35,,63085,13,0,5,0,71,,63089,13,0,6,0,32,,63086,13,0,5,0,72,,63087,13,0,6,0,30,,63088,13,0,5,0,70,,63090,13,0,6,0,31,,63091,13,0,5,0,70,,63092,13,0,6,0,28,,63094,19,0,5,0,70,,63093,13,0,6,0,31,,63095,19,0,5,0,70,,63097,13,0,6,0,31,,63101,13,0,5,0,71,,63100,13,0,6,0,32,,63098,13,0,5,0,70,,63099,13,0,6,0,31,,63096,19,0,5,0,67,,63102,13,0,6,0,30,,63103,19,0,5,0,66,,63104,13,0,6,0
101,'2_2',703,,63105,19,0,5,0,29,,63106,13,0,5,0,74,,63107,19,0,6,0,31,,63109,13,0,5,0,75,,63108,19,0,6,0,35,,63110,13,0,5,0,71,,63114,13,0,6,0,32,,63111,13,0,5,0,72,,63112,13,0,6,0,30,,63113,13,0,5,0,70,,63115,13,0,6,0,31,,63116,13,0,5,0,70,,63117,13,0,6,0,28,,63119,19,0,5,0,70,,63118,13,0,6,0,31,,63120,19,0,5,0,70,,63122,13,0,6,0,31,,63126,13,0,5,0,71,,63125,13,0,6,0,32,,63123,13,0,5,0,70,,63124,13,0,6,0,31,,63121,19,0,5,0,67,,63127,13,0,6,0,30,,63128,19,0,5,0,66,,63129,13,0,6,0
101,'2_3',703,,63130,19,0,5,0,29,,63131,13,0,5,0,74,,63132,19,0,6,0,31,,63134,13,0,5,0,75,,63133,19,0,6,0,35,,63135,13,0,5,0,71,,63139,13,0,6,0,32,,63136,13,0,5,0,72,,63137,13,0,6,0,30,,63138,13,0,5,0,70,,63140,13,0,6,0,31,,63141,13,0,5,0,70,,63142,13,0,6,0,28,,63144,19,0,5,0,70,,63143,13,0,6,0,31,,63145,19,0,5,0,70,,63147,13,0,6,0,31,,63151,13,0,5,0,71,,63150,13,0,6,0,32,,63148,13,0,5,0,70,,63149,13,0,6,0,31,,63146,19,0,5,0,67,,63152,13,0,6,0,30,,63153,19,0,5,0,66,,63154,13,0,6,0
101,'2_4',703,,63155,19,0,5,0,29,,63156,13,0,5,0,74,,63157,19,0,6,0,31,,63159,13,0,5,0,75,,63158,19,0,6,0,35,,63160,13,0,5,0,71,,63164,13,0,6,0,32,,63161,13,0,5,0,72,,63162,13,0,6,0,30,,63163,13,0,5,0,70,,63165,13,0,6,0,31,,63166,13,0,5,0,70,,63167,13,0,6,0,28,,63169,19,0,5,0,70,,63168,13,0,6,0,31,,63170,19,0,5,0,70,,63172,13,0,6,0,31,,63176,13,0,5,0,71,,63175,13,0,6,0,32,,63173,13,0,5,0,70,,63174,13,0,6,0,31,,63171,19,0,5,0,67,,63177,13,0,6,0,30,,63178,19,0,5,0,66,,63179,13,0,6,0
101,'2_5',703,,63180,19,0,5,0,29,,63181,13,0,5,0,74,,63182,19,0,6,0,31,,63184,13,0,5,0,75,,63183,19,0,6,0,35,,63185,13,0,5,0,71,,63189,13,0,6,0,32,,63186,13,0,5,0,72,,63187,13,0,6,0,30,,63188,13,0,5,0,70,,63190,13,0,6,0,31,,63191,13,0,5,0,70,,63192,13,0,6,0,28,,63194,19,0,5,0,70,,63193,13,0,6,0,31,,63195,19,0,5,0,70,,63197,13,0,6,0,31,,63201,13,0,5,0,71,,63200,13,0,6,0,32,,63198,13,0,5,0,70,,63199,13,0,6,0,31,,63196,19,0,5,0,67,,63202,13,0,6,0,30,,63203,19,0,5,0,66,,63204,13,0,6,0
101,'3_1',703,,63205,19,0,5,0,29,,63206,13,0,5,0,74,,63207,19,0,6,0,31,,63209,13,0,5,0,75,,63208,19,0,6,0,35,,63210,13,0,5,0,71,,63214,13,0,6,0,32,,63211,13,0,5,0,72,,63212,13,0,6,0,30,,63213,13,0,5,0,70,,63215,13,0,6,0,31,,63216,13,0,5,0,70,,63217,13,0,6,0,28,,63219,19,0,5,0,70,,63218,13,0,6,0,31,,63220,19,0,5,0,70,,63222,13,0,6,0,31,,63226,13,0,5,0,71,,63225,13,0,6,0,32,,63223,13,0,5,0,70,,63224,13,0,6,0,31,,63221,19,0,5,0,67,,63227,13,0,6,0,30,,63228,19,0,5,0,66,,63229,13,0,6,0
101,'3_3',703,,63230,19,0,5,0,29,,63231,13,0,5,0,74,,63232,19,0,6,0,31,,63234,13,0,5,0,75,,63233,19,0,6,0,35,,63235,13,0,5,0,71,,63239,13,0,6,0,32,,63236,13,0,5,0,72,,63237,13,0,6,0,30,,63238,13,0,5,0,70,,63240,13,0,6,0,31,,63241,13,0,5,0,70,,63242,13,0,6,0,28,,63244,19,0,5,0,70,,63243,13,0,6,0,31,,63245,19,0,5,0,70,,63247,13,0,6,0,31,,63251,13,0,5,0,71,,63250,13,0,6,0,32,,63248,13,0,5,0,70,,63249,13,0,6,0,31,,63246,19,0,5,0,67,,63252,13,0,6,0,30,,63253,19,0,5,0,66,,63254,13,0,6,0
101,'3_4',703,,63255,19,0,5,0,29,,63256,13,0,5,0,74,,63257,19,0,6,0,31,,63259,13,0,5,0,75,,63258,19,0,6,0,35,,63260,13,0,5,0,71,,63264,13,0,6,0,32,,63261,13,0,5,0,72,,63262,13,0,6,0,30,,63263,13,0,5,0,70,,63265,13,0,6,0,31,,63266,13,0,5,0,70,,63267,13,0,6,0,28,,63269,19,0,5,0,70,,63268,13,0,6,0,31,,63270,19,0,5,0,70,,63272,13,0,6,0,31,,63276,13,0,5,0,71,,63275,13,0,6,0,32,,63273,13,0,5,0,70,,63274,13,0,6,0,31,,63271,19,0,5,0,67,,63277,13,0,6,0,30,,63278,19,0,5,0,66,,63279,13,0,6,0
101,'3_5',703,,63280,19,0,5,0,29,,63281,13,0,5,0,74,,63282,19,0,6,0,31,,63284,13,0,5,0,75,,63283,19,0,6,0,35,,63285,13,0,5,0,71,,63289,13,0,6,0,32,,63286,13,0,5,0,72,,63287,13,0,6,0,30,,63288,13,0,5,0,70,,63290,13,0,6,0,31,,63291,13,0,5,0,70,,63292,13,0,6,0,28,,63294,19,0,5,0,70,,63293,13,0,6,0,31,,63295,19,0,5,0,70,,63297,13,0,6,0,31,,63301,13,0,5,0,71,,63300,13,0,6,0,32,,63298,13,0,5,0,70,,63299,13,0,6,0,31,,63296,19,0,5,0,67,,63302,13,0,6,0,30,,63303,19,0,5,0,66,,63304,13,0,6,0
101,'4_7',909,,63305,13,0,6,0,105,,63310,13,0,5,0,105,,63306,13,0,6,0,105,,63311,13,0,5,0,105,,63307,13,0,6,0,90,,63312,13,0,5,0,100,,63308,13,0,6,0,105,,63313,13,0,5,0,105,,63309,13,0,6,0,105,,63314,13,0,5,0
