200,'0_1',640,,30204,2,0,38,0,61,,30205,2,0,38,0,33,,30179,2,0,35 37,0,82,,30173,2,0,9 10,0,96,,30193,2,0,9 10,0,99,,30174,2,0,35 37,0,142,,30184,2,0,34,0,179,,30188,2,0,34,0,125,,30202,2,0,38,0,187,,30190,2,0,34,0,78,,30198,2,0,35 37,0,30,,30191,2,0,34,0,77,,30182,2,0,38,0,26,,30192,2,0,34,0
200,'0_2',640,,30243,2,0,38,0,61,,30244,2,0,38,0,33,,30218,2,0,35 37,0,82,,30212,2,0,9 10,0,96,,30232,2,0,9 10,0,99,,30213,2,0,35 37,0,142,,30223,2,0,34,0,179,,30227,2,0,34,0,125,,30241,2,0,38,0,187,,30229,2,0,34,0,78,,30237,2,0,35 37,0,30,,30230,2,0,34,0,77,,30221,2,0,38,0,26,,30231,2,0,34,0
200,'0_4',640,,30282,2,0,38,0,61,,30283,2,0,38,0,33,,30257,2,0,35 37,0,82,,30251,2,0,9 10,0,96,,30271,2,0,9 10,0,99,,30252,2,0,35 37,0,142,,30262,2,0,34,0,179,,30266,2,0,34,0,125,,30280,2,0,38,0,187,,30268,2,0,34,0,78,,30276,2,0,35 37,0,30,,30269,2,0,34,0,77,,30260,2,0,38,0,26,,30270,2,0,34,0
200,'0_5',640,,30321,2,0,38,0,61,,30322,2,0,38,0,33,,30296,2,0,35 37,0,82,,30290,2,0,9 10,0,96,,30310,2,0,9 10,0,99,,30291,2,0,35 37,0,142,,30301,2,0,34,0,179,,30305,2,0,34,0,125,,30319,2,0,38,0,187,,30307,2,0,34,0,78,,30315,2,0,35 37,0,30,,30308,2,0,34,0,77,,30299,2,0,38,0,26,,30309,2,0,34,0
200,'1_3',640,,30360,2,0,38,0,61,,30361,2,0,38,0,33,,30335,2,0,35 37,0,82,,30329,2,0,9 10,0,96,,30349,2,0,9 10,0,99,,30330,2,0,35 37,0,142,,30340,2,0,34,0,179,,30344,2,0,34,0,125,,30358,2,0,38,0,187,,30346,2,0,34,0,78,,30354,2,0,35 37,0,30,,30347,2,0,34,0,77,,30338,2,0,38,0,26,,30348,2,0,34,0
200,'2_6',633,,30367,2,0,34,0,108,,30368,2,0,34,0,85,,30391,2,0,38,0,127,,30370,2,0,34,0,151,,30371,2,0,34,0,203,,30373,2,0,34,0,102,,30374,2,0,34,0,105,,30375,2,0,34,0,103,,30376,2,0,34,0,101,,30377,2,0,34,0,113,,30388,2,0,35 37,0
200,'5_1',643,,37419,2,0,38,0,59,,37418,2,0,38,0,34,,37410,2,0,35 37,0,80,,37408,2,0,9 10,0,98,,37407,2,0,9 10,0,98,,37403,2,0,35 37,0,142,,37402,2,0,34,0,178,,37398,2,0,34,0,126,,37400,2,0,38,0,188,,37389,2,0,34,0,78,,37384,2,0,35 37,0,28,,37386,2,0,34,0,77,,37381,2,0,38,0,26,,37383,2,0,34,0
2900200,'0_1',652,,35992,2,,,0,99,,35993,2,,,0
2900200,'0_2',652,,35994,2,,,0,99,,35995,2,,,0
2900200,'0_4',652,,35996,2,,,0,99,,35997,2,,,0
2900200,'0_5',652,,35998,2,,,0,99,,35999,2,,,0
2900200,'1_3',652,,36000,2,,,0,99,,36001,2,,,0
