201,'2_6',701,,30638,6,0,62,0,141,,30639,6,0,20,0,100,,30640,6,0,62,0,110,,30641,6,0,64,0,106,,30642,6,0,21,0,149,,30643,6,0,20,0,105,,30644,6,0,20,0,105,,30645,6,0,20,0,101,,30646,6,0,20,0,103,,30647,6,0,20,0,105,,30648,6,0,62,0,94,,30649,6,0,21,0
201,'5_1',656,,37458,6,0,62,0,70,,37455,6,0,21,0,101,,37456,6,0,62,0,95,,37450,6,0,20,0,107,,37446,6,0,62,0,119,,37442,6,0,62,0,156,,37440,6,0,21,0,43,,37437,6,0,21,0,95,,37441,6,0,21,0,100,,37431,6,0,21,0,166,,37426,6,0,21,0,98,,37428,6,0,21,0,101,,37422,6,0,62,0
201,'5_2',656,,38870,6,0,62,0,70,,38867,6,0,21,0,101,,38868,6,0,62,0,95,,38862,6,0,20,0,107,,38858,6,0,62,0,119,,38854,6,0,62,0,156,,38852,6,0,21,0,43,,38849,6,0,21,0,95,,38853,6,0,21,0,100,,38843,6,0,21,0,166,,38838,6,0,21,0,98,,38840,6,0,21,0,101,,38834,6,0,62,0
201,'5_3',656,,38909,6,0,62,0,70,,38906,6,0,21,0,101,,38907,6,0,62,0,95,,38901,6,0,20,0,107,,38897,6,0,62,0,119,,38893,6,0,62,0,156,,38891,6,0,21,0,43,,38888,6,0,21,0,95,,38892,6,0,21,0,100,,38882,6,0,21,0,166,,38877,6,0,21,0,98,,38879,6,0,21,0,101,,38873,6,0,62,0
201,'5_4',656,,38948,6,0,62,0,70,,38945,6,0,21,0,101,,38946,6,0,62,0,95,,38940,6,0,20,0,107,,38936,6,0,62,0,119,,38932,6,0,62,0,156,,38930,6,0,21,0,43,,38927,6,0,21,0,95,,38931,6,0,21,0,100,,38921,6,0,21,0,166,,38916,6,0,21,0,98,,38918,6,0,21,0,101,,38912,6,0,62,0
201,'5_5',656,,38987,6,0,62,0,70,,38984,6,0,21,0,101,,38985,6,0,62,0,95,,38979,6,0,20,0,107,,38975,6,0,62,0,119,,38971,6,0,62,0,156,,38969,6,0,21,0,43,,38966,6,0,21,0,95,,38970,6,0,21,0,100,,38960,6,0,21,0,166,,38955,6,0,21,0,98,,38957,6,0,21,0,101,,38951,6,0,62,0
201,'6_1',656,,39026,6,0,62,0,70,,39023,6,0,21,0,101,,39024,6,0,62,0,95,,39018,6,0,20,0,107,,39014,6,0,62,0,119,,39010,6,0,62,0,156,,39008,6,0,21,0,43,,39005,6,0,21,0,95,,39009,6,0,21,0,100,,38999,6,0,21,0,166,,38994,6,0,21,0,98,,38996,6,0,21,0,101,,38990,6,0,62,0
201,'6_2',656,,43843,6,0,62,0,70,,43840,6,0,21,0,101,,43841,6,0,62,0,95,,43835,6,0,20,0,107,,43831,6,0,62,0,119,,43827,6,0,62,0,156,,43825,6,0,21,0,43,,43822,6,0,21,0,95,,43826,6,0,21,0,100,,43816,6,0,21,0,166,,43811,6,0,21,0,98,,43813,6,0,21,0,101,,43807,6,0,62,0
201,'6_3',656,,43882,6,0,62,0,70,,43879,6,0,21,0,101,,43880,6,0,62,0,95,,43874,6,0,20,0,107,,43870,6,0,62,0,119,,43866,6,0,62,0,156,,43864,6,0,21,0,43,,43861,6,0,21,0,95,,43865,6,0,21,0,100,,43855,6,0,21,0,166,,43850,6,0,21,0,98,,43852,6,0,21,0,101,,43846,6,0,62,0
201,'6_4',656,,43921,6,0,62,0,70,,43918,6,0,21,0,101,,43919,6,0,62,0,95,,43913,6,0,20,0,107,,43909,6,0,62,0,119,,43905,6,0,62,0,156,,43903,6,0,21,0,43,,43900,6,0,21,0,95,,43904,6,0,21,0,100,,43894,6,0,21,0,166,,43889,6,0,21,0,98,,43891,6,0,21,0,101,,43885,6,0,62,0
