1600,'25k03H-Samedi',758,,3339,0,8,0,497,,3347,,,0,68,,3348,4,,0,395,,3350,,,0
1600,'25l22V-Semaine',758,,3351,0,8,0,497,,3359,,,0,68,,3360,4,,0,395,,3362,,,0
1600,'26a05H-Samedi',758,,3363,0,8,0,497,,3371,,,0,68,,3372,4,,0,395,,3374,,,0
1600,'26a05H-Mercredi',758,,3375,0,8,0,497,,3383,,,0,68,,3384,4,,0,395,,3386,,,0
1600,'26a05H-L-Ma-J-V',758,,3387,0,8,0,497,,3395,,,0,68,,3396,4,,0,395,,3398,,,0
1600,'26b23V-Semaine',758,,3399,0,8,0,497,,3407,,,0,68,,3408,4,,0,395,,3410,,,0
1600,'26c02V-Semaine',758,,3411,0,8,0,497,,3419,,,0,68,,3420,4,,0,395,,3422,,,0
1601,'25k03H-Samedi',1222,,3430,,,0
1601,'25l22V-Semaine',1222,,3440,,,0
1601,'26a05H-Samedi',1222,,3450,,,0
1601,'26a05H-Mercredi',1222,,3460,,,0
1601,'26a05H-L-Ma-J-V',1222,,3470,,,0
1601,'26b23V-Semaine',1222,,3480,,,0
1601,'26c02V-Semaine',1222,,3490,,,0
2100,'25l22V-Semaine0000100',1240,,3637,0,22 23,0
2100,'25l22V-Semaine1111000',1640,,3639,,,0
2100,'26a05H-Mercredi0010000',1640,,3640,,,0
2100,'26a05H-L-Ma-J-V0000100',1240,,3641,0,22 23,0
2100,'26a05H-L-Ma-J-V1101000',1640,,3643,,,0
2100,'26b23V-Semaine0000100',1240,,3644,0,22 23,0
2100,'26b23V-Semaine1111000',1640,,3646,,,0
2100,'26c02V-Semaine0000100',1240,,3647,0,22 23,0
2100,'26c02V-Semaine1111000',1640,,3649,,,0
2101,'25l22V-Semaine',757,,3650,4,,0,158,,3651,4,,0
2101,'26a05H-Mercredi',757,,3652,4,,0,158,,3653,4,,0
2101,'26a05H-L-Ma-J-V',757,,3654,4,,0,158,,3655,4,,0
2101,'26b23V-Semaine',757,,3656,4,,0,158,,3657,4,,0
2101,'26c02V-Semaine',757,,3658,4,,0,158,,3659,4,,0
