101,'S2-0_6',731,,53799,37,0,5,0,117,,53800,37,0,5,0,106,,53801,37,0,5,0,69,,53812,37,0,6,0,30,,53802,37,0,5,0,70,,53813,37,0,6,0,30,,53803,37,0,5,0,70,,53814,37,0,6,0,30,,53804,37,0,5,0,68,,53815,37,0,6,0,32,,53805,37,0,5,0,68,,53816,37,0,6,0,31,,53806,37,0,5,0,69,,53817,37,0,6,0,32,,53807,37,0,5,0,71,,53818,37,0,6,0,32,,53808,37,0,5,0,70,,53819,37,0,6,0,33,,53809,37,0,5,0,68,,53820,37,0,6,0,75,,53810,37,0,5,0,24,,53821,37,0,6,0,25,,53811,37,0,5,0
101,'S2-1_7',937,,53822,37,0,6,0,105,,53827,37,0,5,0,105,,53823,37,0,6,0,105,,53828,37,0,5,0,105,,53824,37,0,6,0,90,,53829,37,0,5,0,100,,53825,37,0,6,0,105,,53830,37,0,5,0,105,,53826,37,0,6,0,145,,53831,37,0,5,0
101,'S2-2_1',731,,53832,43,0,5,0,72,,53833,37,0,5,0,35,,53834,43,0,6,0,70,,53836,37,0,5,0,36,,53835,43,0,6,0,75,,53837,37,0,5,0,30,,53841,37,0,6,0,73,,53838,37,0,5,0,31,,53839,37,0,6,0,70,,53840,37,0,5,0,30,,53842,37,0,6,0,70,,53843,37,0,5,0,29,,53844,37,0,6,0,69,,53846,43,0,5,0,30,,53845,37,0,6,0,72,,53847,43,0,5,0,30,,53849,37,0,6,0,72,,53853,37,0,5,0,32,,53852,37,0,6,0,73,,53850,37,0,5,0,29,,53851,37,0,6,0,70,,53848,43,0,5,0,23,,53854,37,0,6,0,70,,53855,43,0,5,0,24,,53856,37,0,6,0
101,'S2-2_2',731,,53857,43,0,5,0,72,,53858,37,0,5,0,35,,53859,43,0,6,0,70,,53861,37,0,5,0,36,,53860,43,0,6,0,75,,53862,37,0,5,0,30,,53866,37,0,6,0,73,,53863,37,0,5,0,31,,53864,37,0,6,0,70,,53865,37,0,5,0,30,,53867,37,0,6,0,70,,53868,37,0,5,0,29,,53869,37,0,6,0,69,,53871,43,0,5,0,30,,53870,37,0,6,0,72,,53872,43,0,5,0,30,,53874,37,0,6,0,72,,53878,37,0,5,0,32,,53877,37,0,6,0,73,,53875,37,0,5,0,29,,53876,37,0,6,0,70,,53873,43,0,5,0,23,,53879,37,0,6,0,70,,53880,43,0,5,0,24,,53881,37,0,6,0
101,'S2-2_3',731,,53882,43,0,5,0,72,,53883,37,0,5,0,35,,53884,43,0,6,0,70,,53886,37,0,5,0,36,,53885,43,0,6,0,75,,53887,37,0,5,0,30,,53891,37,0,6,0,73,,53888,37,0,5,0,31,,53889,37,0,6,0,70,,53890,37,0,5,0,30,,53892,37,0,6,0,70,,53893,37,0,5,0,29,,53894,37,0,6,0,69,,53896,43,0,5,0,30,,53895,37,0,6,0,72,,53897,43,0,5,0,30,,53899,37,0,6,0,72,,53903,37,0,5,0,32,,53902,37,0,6,0,73,,53900,37,0,5,0,29,,53901,37,0,6,0,70,,53898,43,0,5,0,23,,53904,37,0,6,0,70,,53905,43,0,5,0,24,,53906,37,0,6,0
101,'S2-2_4',731,,53907,43,0,5,0,72,,53908,37,0,5,0,35,,53909,43,0,6,0,70,,53911,37,0,5,0,36,,53910,43,0,6,0,75,,53912,37,0,5,0,30,,53916,37,0,6,0,73,,53913,37,0,5,0,31,,53914,37,0,6,0,70,,53915,37,0,5,0,30,,53917,37,0,6,0,70,,53918,37,0,5,0,29,,53919,37,0,6,0,69,,53921,43,0,5,0,30,,53920,37,0,6,0,72,,53922,43,0,5,0,30,,53924,37,0,6,0,72,,53928,37,0,5,0,32,,53927,37,0,6,0,73,,53925,37,0,5,0,29,,53926,37,0,6,0,70,,53923,43,0,5,0,23,,53929,37,0,6,0,70,,53930,43,0,5,0,24,,53931,37,0,6,0
101,'S2-2_5',731,,53932,43,0,5,0,72,,53933,37,0,5,0,35,,53934,43,0,6,0,70,,53936,37,0,5,0,36,,53935,43,0,6,0,75,,53937,37,0,5,0,30,,53941,37,0,6,0,73,,53938,37,0,5,0,31,,53939,37,0,6,0,70,,53940,37,0,5,0,30,,53942,37,0,6,0,70,,53943,37,0,5,0,29,,53944,37,0,6,0,69,,53946,43,0,5,0,30,,53945,37,0,6,0,72,,53947,43,0,5,0,30,,53949,37,0,6,0,72,,53953,37,0,5,0,32,,53952,37,0,6,0,73,,53950,37,0,5,0,29,,53951,37,0,6,0,70,,53948,43,0,5,0,23,,53954,37,0,6,0,70,,53955,43,0,5,0,24,,53956,37,0,6,0
101,'S2-3_1',731,,53957,43,0,5,0,72,,53958,37,0,5,0,35,,53959,43,0,6,0,70,,53961,37,0,5,0,36,,53960,43,0,6,0,75,,53962,37,0,5,0,30,,53966,37,0,6,0,73,,53963,37,0,5,0,31,,53964,37,0,6,0,70,,53965,37,0,5,0,30,,53967,37,0,6,0,70,,53968,37,0,5,0,29,,53969,37,0,6,0,69,,53971,43,0,5,0,30,,53970,37,0,6,0,72,,53972,43,0,5,0,30,,53974,37,0,6,0,72,,53978,37,0,5,0,32,,53977,37,0,6,0,73,,53975,37,0,5,0,29,,53976,37,0,6,0,70,,53973,43,0,5,0,23,,53979,37,0,6,0,70,,53980,43,0,5,0,24,,53981,37,0,6,0
101,'S2-3_3',731,,53982,43,0,5,0,72,,53983,37,0,5,0,35,,53984,43,0,6,0,70,,53986,37,0,5,0,36,,53985,43,0,6,0,75,,53987,37,0,5,0,30,,53991,37,0,6,0,73,,53988,37,0,5,0,31,,53989,37,0,6,0,70,,53990,37,0,5,0,30,,53992,37,0,6,0,70,,53993,37,0,5,0,29,,53994,37,0,6,0,69,,53996,43,0,5,0,30,,53995,37,0,6,0,72,,53997,43,0,5,0,30,,53999,37,0,6,0,72,,54003,37,0,5,0,32,,54002,37,0,6,0,73,,54000,37,0,5,0,29,,54001,37,0,6,0,70,,53998,43,0,5,0,23,,54004,37,0,6,0,70,,54005,43,0,5,0,24,,54006,37,0,6,0
101,'S2-3_4',731,,54007,43,0,5,0,72,,54008,37,0,5,0,35,,54009,43,0,6,0,70,,54011,37,0,5,0,36,,54010,43,0,6,0,75,,54012,37,0,5,0,30,,54016,37,0,6,0,73,,54013,37,0,5,0,31,,54014,37,0,6,0,70,,54015,37,0,5,0,30,,54017,37,0,6,0,70,,54018,37,0,5,0,29,,54019,37,0,6,0,69,,54021,43,0,5,0,30,,54020,37,0,6,0,72,,54022,43,0,5,0,30,,54024,37,0,6,0,72,,54028,37,0,5,0,32,,54027,37,0,6,0,73,,54025,37,0,5,0,29,,54026,37,0,6,0,70,,54023,43,0,5,0,23,,54029,37,0,6,0,70,,54030,43,0,5,0,24,,54031,37,0,6,0
101,'S2-4_7',937,,54032,37,0,6,0,105,,54037,37,0,5,0,105,,54033,37,0,6,0,105,,54038,37,0,5,0,105,,54034,37,0,6,0,90,,54039,37,0,5,0,100,,54035,37,0,6,0,105,,54040,37,0,5,0,105,,54036,37,0,6,0,145,,54041,37,0,5,0
