400,'S2-5_1',1315,,23473,55,,,0,512,,23477,56,,,0,87,,23474,55,,,0
400,'S2-5_2',1315,,23507,55,,,0,512,,23511,56,,,0,87,,23508,55,,,0
400,'S2-5_4',1315,,23541,55,,,0,512,,23545,56,,,0,87,,23542,55,,,0
400,'S2-5_5',1315,,23575,55,,,0,512,,23579,56,,,0,87,,23576,55,,,0
400,'S2-6_3',1315,,23608,55,,,0,512,,23612,56,,,0,87,,23609,55,,,0
401,'S2-5_1',1333,,23647,3,0,41,0
401,'S2-5_2',1333,,23679,3,0,41,0
401,'S2-5_4',1333,,23711,3,0,41,0
401,'S2-5_5',1333,,23743,3,0,41,0
401,'S2-6_3',1333,,23775,3,0,41,0
2300,'S2-5_1',1639,,25489,33,,,0,105,,25490,33,,,0,95,,25491,33,,,0
2300,'S2-5_2',1639,,25492,33,,,0,105,,25493,33,,,0,95,,25494,33,,,0
2300,'S2-5_4',1639,,25495,33,,,0,105,,25496,33,,,0,95,,25497,33,,,0
2300,'S2-5_5',1639,,25498,33,,,0,105,,25499,33,,,0,95,,25500,33,,,0
2300,'S2-6_3',1242,,25502,33,,,0,3,,25501,33,,,0
2301,'S2-5_1',706,,25503,3,,,0
2301,'S2-5_2',706,,25506,3,,,0
2301,'S2-5_4',706,,25509,3,,,0
2301,'S2-5_5',706,,25512,3,,,0
2301,'S2-6_3',706,,25515,3,,,0
2900400,'S2-5_1',1712,,28318,12,,,0,99,,28319,12,,,0
2900400,'S2-5_2',1712,,28320,12,,,0,99,,28321,12,,,0
2900400,'S2-5_4',1712,,28322,12,,,0,99,,28323,12,,,0
2900400,'S2-5_5',1712,,28324,12,,,0,99,,28325,12,,,0
2900400,'S2-6_3',1712,,28326,12,,,0,99,,28327,12,,,0
2900401,'S2-5_1',652,,28328,3,,,0,165,,28329,3,,,0
2900401,'S2-5_2',652,,28330,3,,,0,165,,28331,3,,,0
2900401,'S2-5_4',652,,28332,3,,,0,165,,28333,3,,,0
2900401,'S2-5_5',652,,28334,3,,,0,165,,28335,3,,,0
2900401,'S2-6_3',652,,28336,3,,,0,165,,28337,3,,,0
