1001,'2_6',847,,32445,38,,,0,108,,32446,41,,,0,103,,32453,39,,,0,142,,32447,41,,,0,59,,32454,39,,,0,86,,32455,39,,,0,158,,32450,38,,,0,42,,32456,39,,,0,177,,32451,35,,,0,115,,32452,35,,,0,102,,32448,41,,,0,107,,32449,41,,,0
1001,'5_1',847,,37721,38,,,0,104,,37723,41,,,0,107,,37726,39,,,0,142,,37724,41,,,0,59,,37727,39,,,0,86,,37728,39,,,0,158,,37722,38,,,0,42,,37732,39,,,0,177,,37729,35,,,0,115,,37730,35,,,0,102,,37731,41,,,0,107,,37725,41,,,0
1001,'5_2',847,,40337,38,,,0,104,,40339,41,,,0,107,,40342,39,,,0,142,,40340,41,,,0,59,,40343,39,,,0,86,,40344,39,,,0,158,,40338,38,,,0,42,,40348,39,,,0,177,,40345,35,,,0,115,,40346,35,,,0,102,,40347,41,,,0,107,,40341,41,,,0
1001,'5_3',847,,40349,38,,,0,104,,40351,41,,,0,107,,40354,39,,,0,142,,40352,41,,,0,59,,40355,39,,,0,86,,40356,39,,,0,158,,40350,38,,,0,42,,40360,39,,,0,177,,40357,35,,,0,115,,40358,35,,,0,102,,40359,41,,,0,107,,40353,41,,,0
1001,'5_4',847,,40361,38,,,0,104,,40363,41,,,0,107,,40366,39,,,0,142,,40364,41,,,0,59,,40367,39,,,0,86,,40368,39,,,0,158,,40362,38,,,0,42,,40372,39,,,0,177,,40369,35,,,0,115,,40370,35,,,0,102,,40371,41,,,0,107,,40365,41,,,0
1001,'5_5',847,,40373,38,,,0,104,,40375,41,,,0,107,,40378,39,,,0,142,,40376,41,,,0,59,,40379,39,,,0,86,,40380,39,,,0,158,,40374,38,,,0,42,,40384,39,,,0,177,,40381,35,,,0,115,,40382,35,,,0,102,,40383,41,,,0,107,,40377,41,,,0
1001,'6_1',847,,40385,38,,,0,104,,40387,41,,,0,107,,40390,39,,,0,142,,40388,41,,,0,59,,40391,39,,,0,86,,40392,39,,,0,158,,40386,38,,,0,42,,40396,39,,,0,177,,40393,35,,,0,115,,40394,35,,,0,102,,40395,41,,,0,107,,40389,41,,,0
1001,'6_2',847,,44708,38,,,0,104,,44710,41,,,0,107,,44713,39,,,0,142,,44711,41,,,0,59,,44714,39,,,0,86,,44715,39,,,0,158,,44709,38,,,0,42,,44719,39,,,0,177,,44716,35,,,0,115,,44717,35,,,0,102,,44718,41,,,0,107,,44712,41,,,0
1001,'6_3',847,,44720,38,,,0,104,,44722,41,,,0,107,,44725,39,,,0,142,,44723,41,,,0,59,,44726,39,,,0,86,,44727,39,,,0,158,,44721,38,,,0,42,,44731,39,,,0,177,,44728,35,,,0,115,,44729,35,,,0,102,,44730,41,,,0,107,,44724,41,,,0
1001,'6_4',847,,44732,38,,,0,104,,44734,41,,,0,107,,44737,39,,,0,142,,44735,41,,,0,59,,44738,39,,,0,86,,44739,39,,,0,158,,44733,38,,,0,42,,44743,39,,,0,177,,44740,35,,,0,115,,44741,35,,,0,102,,44742,41,,,0,107,,44736,41,,,0
