401,'1_6',705,,16224,20,,,0,116,,16231,20,0,41,0,33,,16225,20,,,0,68,,16232,20,0,41,0,32,,16233,20,0,41,0,68,,16234,20,0,41,0,32,,16226,20,,,0,69,,16235,20,0,41,0,31,,16236,20,0,41,0,71,,16237,20,0,41,0,30,,16227,20,,,0,69,,16238,20,0,41,0,29,,16239,20,0,41,0,71,,16240,20,0,41,0,31,,16228,20,,,0,68,,16241,20,0,41,0,32,,16242,20,0,41,0,73,,16243,20,0,41,0,31,,16229,20,,,0,71,,16244,20,0,41,0,73,,16245,20,0,41,0,32,,16246,20,0,41,0,71,,16247,20,0,41,0,30,,16230,20,,,0
401,'4_7',917,,16248,20,0,41,0,100,,16249,20,0,41,0,100,,16250,20,0,41,0,100,,16251,20,0,41,0,100,,16252,20,0,41,0,100,,16253,20,0,41,0,100,,16254,20,0,41,0,100,,16255,20,0,41,0,100,,16256,20,0,41,0,100,,16257,20,0,41,0
401,'5_1',708,,16289,18,0,52,0,10,,16259,20,0,41,0,14,,16276,22,0,41,0,16,,16260,20,0,41,0,56,,16283,22,,,0,22,,16261,20,0,41,0,11,,16262,20,0,41,0,76,,16263,20,0,41,0,35,,16264,20,0,41,0,75,,16265,20,0,41,0,35,,16285,20,,,0,71,,16266,20,0,41,0,28,,16267,20,0,41,0,61,,16284,22,,,0,30,,16280,23,0,41,0,70,,16286,20,,,0,34,,16258,23,0,41,0,77,,16268,20,0,41,0,30,,16287,20,,,0,66,,16269,20,0,41,0,28,,16270,20,0,41,0,55,,16271,20,0,41,0,16,,16281,23,0,41,0,19,,16277,22,0,41,0,57,,16272,20,0,41,0,14,,16278,22,0,41,0,11,,16282,23,,,0,32,,16273,20,0,41,0,60,,16279,22,0,41,0,39,,16274,20,0,41,0,65,,16288,20,,,0
401,'5_2',708,,16321,18,0,52,0,10,,16291,20,0,41,0,14,,16308,22,0,41,0,16,,16292,20,0,41,0,56,,16315,22,,,0,22,,16293,20,0,41,0,11,,16294,20,0,41,0,76,,16295,20,0,41,0,35,,16296,20,0,41,0,75,,16297,20,0,41,0,35,,16317,20,,,0,71,,16298,20,0,41,0,28,,16299,20,0,41,0,61,,16316,22,,,0,30,,16312,23,0,41,0,70,,16318,20,,,0,34,,16290,23,0,41,0,77,,16300,20,0,41,0,30,,16319,20,,,0,66,,16301,20,0,41,0,28,,16302,20,0,41,0,55,,16303,20,0,41,0,16,,16313,23,0,41,0,19,,16309,22,0,41,0,57,,16304,20,0,41,0,14,,16310,22,0,41,0,11,,16314,23,,,0,32,,16305,20,0,41,0,60,,16311,22,0,41,0,39,,16306,20,0,41,0,65,,16320,20,,,0
401,'5_4',708,,16353,18,0,52,0,10,,16323,20,0,41,0,14,,16340,22,0,41,0,16,,16324,20,0,41,0,56,,16347,22,,,0,22,,16325,20,0,41,0,11,,16326,20,0,41,0,76,,16327,20,0,41,0,35,,16328,20,0,41,0,75,,16329,20,0,41,0,35,,16349,20,,,0,71,,16330,20,0,41,0,28,,16331,20,0,41,0,61,,16348,22,,,0,30,,16344,23,0,41,0,70,,16350,20,,,0,34,,16322,23,0,41,0,77,,16332,20,0,41,0,30,,16351,20,,,0,66,,16333,20,0,41,0,28,,16334,20,0,41,0,55,,16335,20,0,41,0,16,,16345,23,0,41,0,19,,16341,22,0,41,0,57,,16336,20,0,41,0,14,,16342,22,0,41,0,11,,16346,23,,,0,32,,16337,20,0,41,0,60,,16343,22,0,41,0,39,,16338,20,0,41,0,65,,16352,20,,,0
401,'5_5',708,,16385,18,0,52,0,10,,16355,20,0,41,0,14,,16372,22,0,41,0,16,,16356,20,0,41,0,56,,16379,22,,,0,22,,16357,20,0,41,0,11,,16358,20,0,41,0,76,,16359,20,0,41,0,35,,16360,20,0,41,0,75,,16361,20,0,41,0,35,,16381,20,,,0,71,,16362,20,0,41,0,28,,16363,20,0,41,0,61,,16380,22,,,0,30,,16376,23,0,41,0,70,,16382,20,,,0,34,,16354,23,0,41,0,77,,16364,20,0,41,0,30,,16383,20,,,0,66,,16365,20,0,41,0,28,,16366,20,0,41,0,55,,16367,20,0,41,0,16,,16377,23,0,41,0,19,,16373,22,0,41,0,57,,16368,20,0,41,0,14,,16374,22,0,41,0,11,,16378,23,,,0,32,,16369,20,0,41,0,60,,16375,22,0,41,0,39,,16370,20,0,41,0,65,,16384,20,,,0
401,'6_3',708,,16417,18,0,52,0,10,,16387,20,0,41,0,14,,16404,22,0,41,0,16,,16388,20,0,41,0,56,,16411,22,,,0,22,,16389,20,0,41,0,11,,16390,20,0,41,0,76,,16391,20,0,41,0,35,,16392,20,0,41,0,75,,16393,20,0,41,0,35,,16413,20,,,0,71,,16394,20,0,41,0,28,,16395,20,0,41,0,61,,16412,22,,,0,30,,16408,23,0,41,0,70,,16414,20,,,0,34,,16386,23,0,41,0,77,,16396,20,0,41,0,30,,16415,20,,,0,66,,16397,20,0,41,0,28,,16398,20,0,41,0,55,,16399,20,0,41,0,16,,16409,23,0,41,0,19,,16405,22,0,41,0,57,,16400,20,0,41,0,14,,16406,22,0,41,0,11,,16410,23,,,0,32,,16401,20,0,41,0,60,,16407,22,0,41,0,39,,16402,20,0,41,0,65,,16416,20,,,0
2301,'5_1',705,,18116,13,,,0,23,,18115,13,,,0,1,,18114,23,,,0
2301,'5_2',705,,18119,13,,,0,23,,18118,13,,,0,1,,18117,23,,,0
2301,'5_4',705,,18122,13,,,0,23,,18121,13,,,0,1,,18120,23,,,0
2301,'5_5',705,,18125,13,,,0,23,,18124,13,,,0,1,,18123,23,,,0
2301,'6_3',705,,18128,13,,,0,23,,18127,13,,,0,1,,18126,23,,,0
