400,'2509-HIV-25l22Vlv-Semaine-00',1911,,9652,,,0
400,'2509-HIV-26a05H-w-Mercredi-00',1315,,9706,,,0,512,,9710,,,0,87,,9707,,,0
400,'2509-HIV-26a05Hlv-L-Ma-J-V-00',1315,,9738,,,0,512,,9742,,,0,87,,9739,,,0
400,'2509-HIV-26b23Vlv-Semaine-00',1911,,9768,,,0
400,'2509-HIV-26c02Vlv-Semaine-00',1911,,9796,,,0
401,'2509-HIV-25l22Vlv-Semaine-00',644,,9866,0,20 35,0
401,'2509-HIV-26a05H-w-Mercredi-00',1333,,9903,0,20 35,0
401,'2509-HIV-26a05Hlv-L-Ma-J-V-00',1333,,9934,0,20 35,0
401,'2509-HIV-26b23Vlv-Semaine-00',644,,9980,0,20 35,0
401,'2509-HIV-26c02Vlv-Semaine-00',644,,10008,0,20 35,0
2300,'2509-HIV-26a05H-w-Mercredi-00-0010000',1242,,11777,,,0,3,,11776,,,0
2300,'2509-HIV-26a05Hlv-L-Ma-J-V-00-1101100',1639,,11778,,,0,105,,11779,,,0,95,,11780,,,0
2301,'2509-HIV-26a05H-w-Mercredi-00',706,,11781,,,0
2301,'2509-HIV-26a05Hlv-L-Ma-J-V-00',706,,11784,,,0
29000400,'2509-HIV-26a05H-w-Mercredi-00',1712,,16082,,,0,99,,16083,,,0
29000400,'2509-HIV-26a05Hlv-L-Ma-J-V-00',1712,,16084,,,0,99,,16085,,,0
29000401,'2509-HIV-26a05H-w-Mercredi-00',652,,16086,,,0,165,,16087,,,0
29000401,'2509-HIV-26a05Hlv-L-Ma-J-V-00',652,,16088,,,0,165,,16089,,,0
