2601,'0_6',731,,68098,13,,,0,86,,68101,13,,,0,85,,68102,13,,,0,46,,68103,13,,,0,90,,68104,13,,,0,84,,68105,13,,,0,83,,68106,13,,,0,45,,68107,13,,,0,82,,68108,13,,,0,85,,68109,13,,,0,86,,68110,13,,,0,50,,68111,13,,,0,86,,68112,13,,,0,81,,68113,13,,,0,86,,68114,13,,,0,43,,68100,13,,,0,82,,68099,13,,,0
2601,'2_1',731,,68115,13,,,0,86,,68116,13,,,0,85,,68117,13,,,0,46,,68118,13,,,0,90,,68119,13,,,0,84,,68120,13,,,0,83,,68121,13,,,0,45,,68122,13,,,0,82,,68123,13,,,0,85,,68124,13,,,0,86,,68125,13,,,0,50,,68126,13,,,0,86,,68127,13,,,0,81,,68128,13,,,0,86,,68129,13,,,0,43,,68130,13,,,0,82,,68131,13,,,0
2601,'2_2',731,,68132,13,,,0,86,,68133,13,,,0,85,,68134,13,,,0,46,,68135,13,,,0,90,,68136,13,,,0,84,,68137,13,,,0,83,,68138,13,,,0,45,,68139,13,,,0,82,,68140,13,,,0,85,,68141,13,,,0,86,,68142,13,,,0,50,,68143,13,,,0,86,,68144,13,,,0,81,,68145,13,,,0,86,,68146,13,,,0,43,,68147,13,,,0,82,,68148,13,,,0
2601,'2_3',731,,68149,13,,,0,86,,68150,13,,,0,85,,68151,13,,,0,46,,68152,13,,,0,90,,68153,13,,,0,84,,68154,13,,,0,83,,68155,13,,,0,45,,68156,13,,,0,82,,68157,13,,,0,85,,68158,13,,,0,86,,68159,13,,,0,50,,68160,13,,,0,86,,68161,13,,,0,81,,68162,13,,,0,86,,68163,13,,,0,43,,68164,13,,,0,82,,68165,13,,,0
2601,'2_4',731,,68166,13,,,0,86,,68167,13,,,0,85,,68168,13,,,0,46,,68169,13,,,0,90,,68170,13,,,0,84,,68171,13,,,0,83,,68172,13,,,0,45,,68173,13,,,0,82,,68174,13,,,0,85,,68175,13,,,0,86,,68176,13,,,0,50,,68177,13,,,0,86,,68178,13,,,0,81,,68179,13,,,0,86,,68180,13,,,0,43,,68181,13,,,0,82,,68182,13,,,0
2601,'2_5',731,,68183,13,,,0,86,,68184,13,,,0,85,,68185,13,,,0,46,,68186,13,,,0,90,,68187,13,,,0,84,,68188,13,,,0,83,,68189,13,,,0,45,,68190,13,,,0,82,,68191,13,,,0,85,,68192,13,,,0,86,,68193,13,,,0,50,,68194,13,,,0,86,,68195,13,,,0,81,,68196,13,,,0,86,,68197,13,,,0,43,,68198,13,,,0,82,,68199,13,,,0
2601,'3_1',731,,68200,13,,,0,86,,68201,13,,,0,85,,68202,13,,,0,46,,68203,13,,,0,90,,68204,13,,,0,84,,68205,13,,,0,83,,68206,13,,,0,45,,68207,13,,,0,82,,68208,13,,,0,85,,68209,13,,,0,86,,68210,13,,,0,50,,68211,13,,,0,86,,68212,13,,,0,81,,68213,13,,,0,86,,68214,13,,,0,43,,68215,13,,,0,82,,68216,13,,,0
2601,'3_3',731,,68217,13,,,0,86,,68218,13,,,0,85,,68219,13,,,0,46,,68220,13,,,0,90,,68221,13,,,0,84,,68222,13,,,0,83,,68223,13,,,0,45,,68224,13,,,0,82,,68225,13,,,0,85,,68226,13,,,0,86,,68227,13,,,0,50,,68228,13,,,0,86,,68229,13,,,0,81,,68230,13,,,0,86,,68231,13,,,0,43,,68232,13,,,0,82,,68233,13,,,0
2601,'3_4',731,,68234,13,,,0,86,,68235,13,,,0,85,,68236,13,,,0,46,,68237,13,,,0,90,,68238,13,,,0,84,,68239,13,,,0,83,,68240,13,,,0,45,,68241,13,,,0,82,,68242,13,,,0,85,,68243,13,,,0,86,,68244,13,,,0,50,,68245,13,,,0,86,,68246,13,,,0,81,,68247,13,,,0,86,,68248,13,,,0,43,,68249,13,,,0,82,,68250,13,,,0
2601,'3_5',731,,68251,13,,,0,86,,68252,13,,,0,85,,68253,13,,,0,46,,68254,13,,,0,90,,68255,13,,,0,84,,68256,13,,,0,83,,68257,13,,,0,45,,68258,13,,,0,82,,68259,13,,,0,85,,68260,13,,,0,86,,68261,13,,,0,50,,68262,13,,,0,86,,68263,13,,,0,81,,68264,13,,,0,86,,68265,13,,,0,43,,68266,13,,,0,82,,68267,13,,,0
