101,'S2-0_6',746,,53799,51,0,5,0,158,,53800,51,0,5,0,106,,53801,51,0,5,0,99,,53802,51,0,5,0,100,,53803,51,0,5,0,99,,53804,51,0,5,0,100,,53805,51,0,5,0,100,,53806,51,0,5,0,101,,53807,51,0,5,0,104,,53808,51,0,5,0,102,,53809,51,0,5,0,102,,53810,51,0,5,0,88,,53811,51,0,5,0
101,'S2-1_7',1055,,53827,51,0,5,0,250,,53828,51,0,5,0,195,,53829,51,0,5,0,205,,53830,51,0,5,0,210,,53831,51,0,5,0
101,'S2-2_1',746,,53832,57,0,5,0,73,,53833,51,0,5,0,105,,53836,51,0,5,0,111,,53837,51,0,5,0,103,,53838,51,0,5,0,100,,53840,51,0,5,0,100,,53843,51,0,5,0,98,,53846,57,0,5,0,103,,53847,57,0,5,0,102,,53853,51,0,5,0,107,,53850,51,0,5,0,97,,53848,57,0,5,0,91,,53855,57,0,5,0
101,'S2-2_2',746,,53857,57,0,5,0,73,,53858,51,0,5,0,105,,53861,51,0,5,0,111,,53862,51,0,5,0,103,,53863,51,0,5,0,100,,53865,51,0,5,0,100,,53868,51,0,5,0,98,,53871,57,0,5,0,103,,53872,57,0,5,0,102,,53878,51,0,5,0,107,,53875,51,0,5,0,97,,53873,57,0,5,0,91,,53880,57,0,5,0
101,'S2-2_3',746,,53882,57,0,5,0,73,,53883,51,0,5,0,105,,53886,51,0,5,0,111,,53887,51,0,5,0,103,,53888,51,0,5,0,100,,53890,51,0,5,0,100,,53893,51,0,5,0,98,,53896,57,0,5,0,103,,53897,57,0,5,0,102,,53903,51,0,5,0,107,,53900,51,0,5,0,97,,53898,57,0,5,0,91,,53905,57,0,5,0
101,'S2-2_4',746,,53907,57,0,5,0,73,,53908,51,0,5,0,105,,53911,51,0,5,0,111,,53912,51,0,5,0,103,,53913,51,0,5,0,100,,53915,51,0,5,0,100,,53918,51,0,5,0,98,,53921,57,0,5,0,103,,53922,57,0,5,0,102,,53928,51,0,5,0,107,,53925,51,0,5,0,97,,53923,57,0,5,0,91,,53930,57,0,5,0
101,'S2-2_5',746,,53932,57,0,5,0,73,,53933,51,0,5,0,105,,53936,51,0,5,0,111,,53937,51,0,5,0,103,,53938,51,0,5,0,100,,53940,51,0,5,0,100,,53943,51,0,5,0,98,,53946,57,0,5,0,103,,53947,57,0,5,0,102,,53953,51,0,5,0,107,,53950,51,0,5,0,97,,53948,57,0,5,0,91,,53955,57,0,5,0
101,'S2-3_1',746,,53957,57,0,5,0,73,,53958,51,0,5,0,105,,53961,51,0,5,0,111,,53962,51,0,5,0,103,,53963,51,0,5,0,100,,53965,51,0,5,0,100,,53968,51,0,5,0,98,,53971,57,0,5,0,103,,53972,57,0,5,0,102,,53978,51,0,5,0,107,,53975,51,0,5,0,97,,53973,57,0,5,0,91,,53980,57,0,5,0
101,'S2-3_3',746,,53982,57,0,5,0,73,,53983,51,0,5,0,105,,53986,51,0,5,0,111,,53987,51,0,5,0,103,,53988,51,0,5,0,100,,53990,51,0,5,0,100,,53993,51,0,5,0,98,,53996,57,0,5,0,103,,53997,57,0,5,0,102,,54003,51,0,5,0,107,,54000,51,0,5,0,97,,53998,57,0,5,0,91,,54005,57,0,5,0
101,'S2-3_4',746,,54007,57,0,5,0,73,,54008,51,0,5,0,105,,54011,51,0,5,0,111,,54012,51,0,5,0,103,,54013,51,0,5,0,100,,54015,51,0,5,0,100,,54018,51,0,5,0,98,,54021,57,0,5,0,103,,54022,57,0,5,0,102,,54028,51,0,5,0,107,,54025,51,0,5,0,97,,54023,57,0,5,0,91,,54030,57,0,5,0
101,'S2-4_7',1055,,54037,51,0,5,0,250,,54038,51,0,5,0,195,,54039,51,0,5,0,205,,54040,51,0,5,0,210,,54041,51,0,5,0
