100,'S2-0_6',709,,53556,19,0,61 8,0,109,,53568,19,0,61 8,0,95,,53557,19,0,61 8,0,30,,53569,19,0,61 8,0,69,,53558,19,0,61 8,0,33,,53570,19,0,61 8,0,70,,53559,19,0,61 8,0,29,,53571,19,0,61 8,0,71,,53560,19,0,61 8,0,28,,53572,19,0,61 8,0,70,,53561,19,0,61 8,0,30,,53573,19,0,61 8,0,70,,53562,19,0,61 8,0,31,,53574,19,0,61 8,0,69,,53563,19,0,61 8,0,31,,53575,19,0,61 8,0,71,,53564,19,0,61 8,0,31,,53576,19,0,61 8,0,73,,53565,19,0,61 8,0,28,,53577,19,0,61 8,0,70,,53566,19,0,61 8,0,32,,53578,19,0,61 8,0,69,,53567,19,0,61 8,0
100,'S2-1_7',913,,53579,19,0,61 8,0,105,,53584,19,0,61 8,0,106,,53580,19,0,61 8,0,104,,53585,19,0,61 8,0,90,,53581,19,0,61 8,0,100,,53586,19,0,61 8,0,105,,53582,19,0,61 8,0,105,,53587,19,0,61 8,0,105,,53583,19,0,61 8,0,105,,53588,19,0,61 8,0
100,'S2-2_1',709,,53589,19,0,61 8,0,30,,53590,19,,,0,74,,53592,19,0,61 8,0,25,,53593,19,0,61 8,0,70,,53591,19,0,61 8,0,29,,53594,19,0,61 8,0,74,,53595,19,0,61 8,0,31,,53598,19,0,61 8,0,71,,53596,19,0,61 8,0,32,,53597,19,0,61 8,0,72,,53600,19,,,0,30,,53599,19,0,61 8,0,70,,53601,19,,,0,30,,53602,19,0,61 8,0,70,,53604,19,0,61 8,0,30,,53603,19,0,61 8,0,70,,53608,19,0,61 8,0,30,,53607,19,0,61 8,0,71,,53609,19,,,0,34,,53605,19,0,61 8,0,70,,53610,19,,,0,30,,53606,19,0,61 8,0,70,,53611,19,,,0,31,,53612,19,0,61 8,0,70,,53613,19,,,0
100,'S2-2_2',709,,53614,19,0,61 8,0,30,,53615,19,,,0,74,,53617,19,0,61 8,0,25,,53618,19,0,61 8,0,70,,53616,19,0,61 8,0,29,,53619,19,0,61 8,0,74,,53620,19,0,61 8,0,31,,53623,19,0,61 8,0,71,,53621,19,0,61 8,0,32,,53622,19,0,61 8,0,72,,53625,19,,,0,30,,53624,19,0,61 8,0,70,,53626,19,,,0,30,,53627,19,0,61 8,0,70,,53629,19,0,61 8,0,30,,53628,19,0,61 8,0,70,,53633,19,0,61 8,0,30,,53632,19,0,61 8,0,71,,53634,19,,,0,34,,53630,19,0,61 8,0,70,,53635,19,,,0,30,,53631,19,0,61 8,0,70,,53636,19,,,0,31,,53637,19,0,61 8,0,70,,53638,19,,,0
100,'S2-2_3',709,,53639,19,0,61 8,0,30,,53640,19,,,0,74,,53642,19,0,61 8,0,25,,53643,19,0,61 8,0,70,,53641,19,0,61 8,0,29,,53644,19,0,61 8,0,74,,53645,19,0,61 8,0,31,,53648,19,0,61 8,0,71,,53646,19,0,61 8,0,32,,53647,19,0,61 8,0,72,,53650,19,,,0,30,,53649,19,0,61 8,0,70,,53651,19,,,0,30,,53652,19,0,61 8,0,70,,53654,19,0,61 8,0,30,,53653,19,0,61 8,0,70,,53658,19,0,61 8,0,30,,53657,19,0,61 8,0,71,,53659,19,,,0,34,,53655,19,0,61 8,0,70,,53660,19,,,0,30,,53656,19,0,61 8,0,70,,53661,19,,,0,31,,53662,19,0,61 8,0,70,,53663,19,,,0
100,'S2-2_4',709,,53664,19,0,61 8,0,30,,53665,19,,,0,74,,53667,19,0,61 8,0,25,,53668,19,0,61 8,0,70,,53666,19,0,61 8,0,29,,53669,19,0,61 8,0,74,,53670,19,0,61 8,0,31,,53673,19,0,61 8,0,71,,53671,19,0,61 8,0,32,,53672,19,0,61 8,0,72,,53675,19,,,0,30,,53674,19,0,61 8,0,70,,53676,19,,,0,30,,53677,19,0,61 8,0,70,,53679,19,0,61 8,0,30,,53678,19,0,61 8,0,70,,53683,19,0,61 8,0,30,,53682,19,0,61 8,0,71,,53684,19,,,0,34,,53680,19,0,61 8,0,70,,53685,19,,,0,30,,53681,19,0,61 8,0,70,,53686,19,,,0,31,,53687,19,0,61 8,0,70,,53688,19,,,0
100,'S2-2_5',709,,53689,19,0,61 8,0,30,,53690,19,,,0,74,,53692,19,0,61 8,0,25,,53693,19,0,61 8,0,70,,53691,19,0,61 8,0,29,,53694,19,0,61 8,0,74,,53695,19,0,61 8,0,31,,53698,19,0,61 8,0,71,,53696,19,0,61 8,0,32,,53697,19,0,61 8,0,72,,53700,19,,,0,30,,53699,19,0,61 8,0,70,,53701,19,,,0,30,,53702,19,0,61 8,0,70,,53704,19,0,61 8,0,30,,53703,19,0,61 8,0,70,,53708,19,0,61 8,0,30,,53707,19,0,61 8,0,71,,53709,19,,,0,34,,53705,19,0,61 8,0,70,,53710,19,,,0,30,,53706,19,0,61 8,0,70,,53711,19,,,0,31,,53712,19,0,61 8,0,70,,53713,19,,,0
100,'S2-3_1',709,,53714,19,0,61 8,0,30,,53715,19,,,0,74,,53717,19,0,61 8,0,25,,53718,19,0,61 8,0,70,,53716,19,0,61 8,0,29,,53719,19,0,61 8,0,74,,53720,19,0,61 8,0,31,,53723,19,0,61 8,0,71,,53721,19,0,61 8,0,32,,53722,19,0,61 8,0,72,,53725,19,,,0,30,,53724,19,0,61 8,0,70,,53726,19,,,0,30,,53727,19,0,61 8,0,70,,53729,19,0,61 8,0,30,,53728,19,0,61 8,0,70,,53733,19,0,61 8,0,30,,53732,19,0,61 8,0,71,,53734,19,,,0,34,,53730,19,0,61 8,0,70,,53735,19,,,0,30,,53731,19,0,61 8,0,70,,53736,19,,,0,31,,53737,19,0,61 8,0,70,,53738,19,,,0
100,'S2-3_3',709,,53739,19,0,61 8,0,30,,53740,19,,,0,74,,53742,19,0,61 8,0,25,,53743,19,0,61 8,0,70,,53741,19,0,61 8,0,29,,53744,19,0,61 8,0,74,,53745,19,0,61 8,0,31,,53748,19,0,61 8,0,71,,53746,19,0,61 8,0,32,,53747,19,0,61 8,0,72,,53750,19,,,0,30,,53749,19,0,61 8,0,70,,53751,19,,,0,30,,53752,19,0,61 8,0,70,,53754,19,0,61 8,0,30,,53753,19,0,61 8,0,70,,53758,19,0,61 8,0,30,,53757,19,0,61 8,0,71,,53759,19,,,0,34,,53755,19,0,61 8,0,70,,53760,19,,,0,30,,53756,19,0,61 8,0,70,,53761,19,,,0,31,,53762,19,0,61 8,0,70,,53763,19,,,0
100,'S2-3_4',709,,53764,19,0,61 8,0,30,,53765,19,,,0,74,,53767,19,0,61 8,0,25,,53768,19,0,61 8,0,70,,53766,19,0,61 8,0,29,,53769,19,0,61 8,0,74,,53770,19,0,61 8,0,31,,53773,19,0,61 8,0,71,,53771,19,0,61 8,0,32,,53772,19,0,61 8,0,72,,53775,19,,,0,30,,53774,19,0,61 8,0,70,,53776,19,,,0,30,,53777,19,0,61 8,0,70,,53779,19,0,61 8,0,30,,53778,19,0,61 8,0,70,,53783,19,0,61 8,0,30,,53782,19,0,61 8,0,71,,53784,19,,,0,34,,53780,19,0,61 8,0,70,,53785,19,,,0,30,,53781,19,0,61 8,0,70,,53786,19,,,0,31,,53787,19,0,61 8,0,70,,53788,19,,,0
100,'S2-4_7',913,,53789,19,0,61 8,0,105,,53794,19,0,61 8,0,106,,53790,19,0,61 8,0,104,,53795,19,0,61 8,0,90,,53791,19,0,61 8,0,100,,53796,19,0,61 8,0,105,,53792,19,0,61 8,0,105,,53797,19,0,61 8,0,105,,53793,19,0,61 8,0,105,,53798,19,0,61 8,0
