2500,'2_6',748,,33275,14,,,0,153,,33276,14,,,0,127,,33277,14,,,0,114,,33278,14,,,0,168,,33279,14,,,0,113,,33280,14,,,0,132,,33281,14,,,0,159,,33282,14,,,0,120,,33283,14,,,0,114,,33284,14,,,0
2500,'5_1',746,,37790,14,,,0,72,,37800,14,,,0,41,,37791,14,,,0,169,,37792,14,,,0,114,,37793,14,,,0,168,,37794,14,,,0,113,,37795,14,,,0,132,,37796,14,,,0,159,,37797,14,,,0,120,,37798,14,,,0,114,,37799,14,,,0
2500,'5_2',746,,40685,14,,,0,72,,40695,14,,,0,41,,40686,14,,,0,169,,40687,14,,,0,114,,40688,14,,,0,168,,40689,14,,,0,113,,40690,14,,,0,132,,40691,14,,,0,159,,40692,14,,,0,120,,40693,14,,,0,114,,40694,14,,,0
2500,'5_3',746,,40696,14,,,0,72,,40706,14,,,0,41,,40697,14,,,0,169,,40698,14,,,0,114,,40699,14,,,0,168,,40700,14,,,0,113,,40701,14,,,0,132,,40702,14,,,0,159,,40703,14,,,0,120,,40704,14,,,0,114,,40705,14,,,0
2500,'5_4',746,,40707,14,,,0,72,,40717,14,,,0,41,,40708,14,,,0,169,,40709,14,,,0,114,,40710,14,,,0,168,,40711,14,,,0,113,,40712,14,,,0,132,,40713,14,,,0,159,,40714,14,,,0,120,,40715,14,,,0,114,,40716,14,,,0
2500,'5_5',746,,40718,14,,,0,72,,40728,14,,,0,41,,40719,14,,,0,169,,40720,14,,,0,114,,40721,14,,,0,168,,40722,14,,,0,113,,40723,14,,,0,132,,40724,14,,,0,159,,40725,14,,,0,120,,40726,14,,,0,114,,40727,14,,,0
2500,'6_1',746,,40729,14,,,0,72,,40739,14,,,0,41,,40730,14,,,0,169,,40731,14,,,0,114,,40732,14,,,0,168,,40733,14,,,0,113,,40734,14,,,0,132,,40735,14,,,0,159,,40736,14,,,0,120,,40737,14,,,0,114,,40738,14,,,0
2500,'6_2',746,,44921,14,,,0,72,,44931,14,,,0,41,,44922,14,,,0,169,,44923,14,,,0,114,,44924,14,,,0,168,,44925,14,,,0,113,,44926,14,,,0,132,,44927,14,,,0,159,,44928,14,,,0,120,,44929,14,,,0,114,,44930,14,,,0
2500,'6_3',746,,44932,14,,,0,72,,44942,14,,,0,41,,44933,14,,,0,169,,44934,14,,,0,114,,44935,14,,,0,168,,44936,14,,,0,113,,44937,14,,,0,132,,44938,14,,,0,159,,44939,14,,,0,120,,44940,14,,,0,114,,44941,14,,,0
2500,'6_4',746,,44943,14,,,0,72,,44953,14,,,0,41,,44944,14,,,0,169,,44945,14,,,0,114,,44946,14,,,0,168,,44947,14,,,0,113,,44948,14,,,0,132,,44949,14,,,0,159,,44950,14,,,0,120,,44951,14,,,0,114,,44952,14,,,0
