101,'S2-0_6',734,,53799,41,0,5,0,117,,53800,41,0,5,0,106,,53801,41,0,5,0,70,,53812,41,0,6,0,29,,53802,41,0,5,0,71,,53813,41,0,6,0,29,,53803,41,0,5,0,70,,53814,41,0,6,0,30,,53804,41,0,5,0,69,,53815,41,0,6,0,31,,53805,41,0,5,0,69,,53816,41,0,6,0,30,,53806,41,0,5,0,70,,53817,41,0,6,0,31,,53807,41,0,5,0,72,,53818,41,0,6,0,72,,53808,41,0,5,0,31,,53819,41,0,6,0,71,,53809,41,0,5,0,29,,53820,41,0,6,0,74,,53810,41,0,5,0,24,,53821,41,0,6,0,25,,53811,41,0,5,0
101,'S2-1_7',939,,53822,41,0,6,0,105,,53827,41,0,5,0,105,,53823,41,0,6,0,105,,53828,41,0,5,0,105,,53824,41,0,6,0,90,,53829,41,0,5,0,100,,53825,41,0,6,0,105,,53830,41,0,5,0,105,,53826,41,0,6,0,145,,53831,41,0,5,0
101,'S2-2_1',734,,53832,47,0,5,0,72,,53833,41,0,5,0,35,,53834,47,0,6,0,70,,53836,41,0,5,0,36,,53835,47,0,6,0,75,,53837,41,0,5,0,31,,53841,41,0,6,0,72,,53838,41,0,5,0,31,,53839,41,0,6,0,70,,53840,41,0,5,0,30,,53842,41,0,6,0,70,,53843,41,0,5,0,30,,53844,41,0,6,0,68,,53846,47,0,5,0,31,,53845,41,0,6,0,71,,53847,47,0,5,0,31,,53849,41,0,6,0,71,,53853,41,0,5,0,73,,53852,41,0,6,0,34,,53850,41,0,5,0,68,,53851,41,0,6,0,29,,53848,47,0,5,0,24,,53854,41,0,6,0,69,,53855,47,0,5,0,24,,53856,41,0,6,0
101,'S2-2_2',734,,53857,47,0,5,0,72,,53858,41,0,5,0,35,,53859,47,0,6,0,70,,53861,41,0,5,0,36,,53860,47,0,6,0,75,,53862,41,0,5,0,31,,53866,41,0,6,0,72,,53863,41,0,5,0,31,,53864,41,0,6,0,70,,53865,41,0,5,0,30,,53867,41,0,6,0,70,,53868,41,0,5,0,30,,53869,41,0,6,0,68,,53871,47,0,5,0,31,,53870,41,0,6,0,71,,53872,47,0,5,0,31,,53874,41,0,6,0,71,,53878,41,0,5,0,73,,53877,41,0,6,0,34,,53875,41,0,5,0,68,,53876,41,0,6,0,29,,53873,47,0,5,0,24,,53879,41,0,6,0,69,,53880,47,0,5,0,24,,53881,41,0,6,0
101,'S2-2_3',734,,53882,47,0,5,0,72,,53883,41,0,5,0,35,,53884,47,0,6,0,70,,53886,41,0,5,0,36,,53885,47,0,6,0,75,,53887,41,0,5,0,31,,53891,41,0,6,0,72,,53888,41,0,5,0,31,,53889,41,0,6,0,70,,53890,41,0,5,0,30,,53892,41,0,6,0,70,,53893,41,0,5,0,30,,53894,41,0,6,0,68,,53896,47,0,5,0,31,,53895,41,0,6,0,71,,53897,47,0,5,0,31,,53899,41,0,6,0,71,,53903,41,0,5,0,73,,53902,41,0,6,0,34,,53900,41,0,5,0,68,,53901,41,0,6,0,29,,53898,47,0,5,0,24,,53904,41,0,6,0,69,,53905,47,0,5,0,24,,53906,41,0,6,0
101,'S2-2_4',734,,53907,47,0,5,0,72,,53908,41,0,5,0,35,,53909,47,0,6,0,70,,53911,41,0,5,0,36,,53910,47,0,6,0,75,,53912,41,0,5,0,31,,53916,41,0,6,0,72,,53913,41,0,5,0,31,,53914,41,0,6,0,70,,53915,41,0,5,0,30,,53917,41,0,6,0,70,,53918,41,0,5,0,30,,53919,41,0,6,0,68,,53921,47,0,5,0,31,,53920,41,0,6,0,71,,53922,47,0,5,0,31,,53924,41,0,6,0,71,,53928,41,0,5,0,73,,53927,41,0,6,0,34,,53925,41,0,5,0,68,,53926,41,0,6,0,29,,53923,47,0,5,0,24,,53929,41,0,6,0,69,,53930,47,0,5,0,24,,53931,41,0,6,0
101,'S2-2_5',734,,53932,47,0,5,0,72,,53933,41,0,5,0,35,,53934,47,0,6,0,70,,53936,41,0,5,0,36,,53935,47,0,6,0,75,,53937,41,0,5,0,31,,53941,41,0,6,0,72,,53938,41,0,5,0,31,,53939,41,0,6,0,70,,53940,41,0,5,0,30,,53942,41,0,6,0,70,,53943,41,0,5,0,30,,53944,41,0,6,0,68,,53946,47,0,5,0,31,,53945,41,0,6,0,71,,53947,47,0,5,0,31,,53949,41,0,6,0,71,,53953,41,0,5,0,73,,53952,41,0,6,0,34,,53950,41,0,5,0,68,,53951,41,0,6,0,29,,53948,47,0,5,0,24,,53954,41,0,6,0,69,,53955,47,0,5,0,24,,53956,41,0,6,0
101,'S2-3_1',734,,53957,47,0,5,0,72,,53958,41,0,5,0,35,,53959,47,0,6,0,70,,53961,41,0,5,0,36,,53960,47,0,6,0,75,,53962,41,0,5,0,31,,53966,41,0,6,0,72,,53963,41,0,5,0,31,,53964,41,0,6,0,70,,53965,41,0,5,0,30,,53967,41,0,6,0,70,,53968,41,0,5,0,30,,53969,41,0,6,0,68,,53971,47,0,5,0,31,,53970,41,0,6,0,71,,53972,47,0,5,0,31,,53974,41,0,6,0,71,,53978,41,0,5,0,73,,53977,41,0,6,0,34,,53975,41,0,5,0,68,,53976,41,0,6,0,29,,53973,47,0,5,0,24,,53979,41,0,6,0,69,,53980,47,0,5,0,24,,53981,41,0,6,0
101,'S2-3_3',734,,53982,47,0,5,0,72,,53983,41,0,5,0,35,,53984,47,0,6,0,70,,53986,41,0,5,0,36,,53985,47,0,6,0,75,,53987,41,0,5,0,31,,53991,41,0,6,0,72,,53988,41,0,5,0,31,,53989,41,0,6,0,70,,53990,41,0,5,0,30,,53992,41,0,6,0,70,,53993,41,0,5,0,30,,53994,41,0,6,0,68,,53996,47,0,5,0,31,,53995,41,0,6,0,71,,53997,47,0,5,0,31,,53999,41,0,6,0,71,,54003,41,0,5,0,73,,54002,41,0,6,0,34,,54000,41,0,5,0,68,,54001,41,0,6,0,29,,53998,47,0,5,0,24,,54004,41,0,6,0,69,,54005,47,0,5,0,24,,54006,41,0,6,0
101,'S2-3_4',734,,54007,47,0,5,0,72,,54008,41,0,5,0,35,,54009,47,0,6,0,70,,54011,41,0,5,0,36,,54010,47,0,6,0,75,,54012,41,0,5,0,31,,54016,41,0,6,0,72,,54013,41,0,5,0,31,,54014,41,0,6,0,70,,54015,41,0,5,0,30,,54017,41,0,6,0,70,,54018,41,0,5,0,30,,54019,41,0,6,0,68,,54021,47,0,5,0,31,,54020,41,0,6,0,71,,54022,47,0,5,0,31,,54024,41,0,6,0,71,,54028,41,0,5,0,73,,54027,41,0,6,0,34,,54025,41,0,5,0,68,,54026,41,0,6,0,29,,54023,47,0,5,0,24,,54029,41,0,6,0,69,,54030,47,0,5,0,24,,54031,41,0,6,0
101,'S2-4_7',939,,54032,41,0,6,0,105,,54037,41,0,5,0,105,,54033,41,0,6,0,105,,54038,41,0,5,0,105,,54034,41,0,6,0,90,,54039,41,0,5,0,100,,54035,41,0,6,0,105,,54040,41,0,5,0,105,,54036,41,0,6,0,145,,54041,41,0,5,0
