1001,'0_6',739,,66890,28,0,61 65,0,102,,66900,31,,,0,112,,66891,31,0,61 65,0,152,,66901,34,,,0,142,,66902,34,,,0,88,,66897,34,0,61 65,0,91,,66892,31,0,61 65,0,101,,66903,34,,,0,105,,66893,31,0,61 65,0,95,,66894,31,0,61 65,0,108,,66904,31,,,0,96,,66898,34,0,61 65,0,111,,66899,34,0,61 65,0,85,,66895,31,0,61 65,0,100,,66896,31,0,61 65,0
1001,'1_7',1004,,66905,31,,,0,321,,66906,31,,,0,407,,66907,31,,,0,310,,66908,31,0,61 65,0
1001,'2_1',834,,66909,31,,,0,113,,66910,34,0,61 65,0,94,,66916,29,,,0,117,,66911,34,0,61 65,0,96,,66917,29,0,61 65,0,99,,66914,32,,,0,105,,66918,31,0,61 65,0,94,,66915,32,,,0,164,,66919,31,0,61 65,0,120,,66920,31,,,0,98,,66912,34,0,61 65,0,99,,66913,34,0,61 65,0
1001,'2_2',834,,66921,31,,,0,113,,66922,34,0,61 65,0,94,,66928,29,,,0,117,,66923,34,0,61 65,0,96,,66929,29,0,61 65,0,99,,66926,32,,,0,105,,66930,31,0,61 65,0,94,,66927,32,,,0,164,,66931,31,0,61 65,0,120,,66932,31,,,0,98,,66924,34,0,61 65,0,99,,66925,34,0,61 65,0
1001,'2_3',834,,66933,31,,,0,113,,66934,34,0,61 65,0,94,,66940,29,,,0,117,,66935,34,0,61 65,0,96,,66941,29,0,61 65,0,99,,66938,32,,,0,105,,66942,31,0,61 65,0,94,,66939,32,,,0,164,,66943,31,0,61 65,0,120,,66944,31,,,0,98,,66936,34,0,61 65,0,99,,66937,34,0,61 65,0
1001,'2_4',834,,66945,31,,,0,113,,66946,34,0,61 65,0,94,,66952,29,,,0,117,,66947,34,0,61 65,0,96,,66953,29,0,61 65,0,99,,66950,32,,,0,105,,66954,31,0,61 65,0,94,,66951,32,,,0,164,,66955,31,0,61 65,0,120,,66956,31,,,0,98,,66948,34,0,61 65,0,99,,66949,34,0,61 65,0
1001,'2_5',834,,66957,31,,,0,113,,66958,34,0,61 65,0,94,,66964,29,,,0,117,,66959,34,0,61 65,0,96,,66965,29,0,61 65,0,99,,66962,32,,,0,105,,66966,31,0,61 65,0,94,,66963,32,,,0,164,,66967,31,0,61 65,0,120,,66968,31,,,0,98,,66960,34,0,61 65,0,99,,66961,34,0,61 65,0
1001,'3_1',834,,66969,31,,,0,113,,66970,34,0,61 65,0,94,,66976,29,,,0,117,,66971,34,0,61 65,0,96,,66977,29,0,61 65,0,99,,66974,32,,,0,105,,66978,31,0,61 65,0,94,,66975,32,,,0,164,,66979,31,0,61 65,0,120,,66980,31,,,0,98,,66972,34,0,61 65,0,99,,66973,34,0,61 65,0
1001,'3_3',834,,66981,31,,,0,113,,66982,34,0,61 65,0,94,,66988,29,,,0,117,,66983,34,0,61 65,0,96,,66989,29,0,61 65,0,99,,66986,32,,,0,105,,66990,31,0,61 65,0,94,,66987,32,,,0,164,,66991,31,0,61 65,0,120,,66992,31,,,0,98,,66984,34,0,61 65,0,99,,66985,34,0,61 65,0
1001,'3_4',834,,66993,31,,,0,113,,66994,34,0,61 65,0,94,,67000,29,,,0,117,,66995,34,0,61 65,0,96,,67001,29,0,61 65,0,99,,66998,32,,,0,105,,67002,31,0,61 65,0,94,,66999,32,,,0,164,,67003,31,0,61 65,0,120,,67004,31,,,0,98,,66996,34,0,61 65,0,99,,66997,34,0,61 65,0
1001,'3_5',834,,67005,31,,,0,113,,67006,34,0,61 65,0,94,,67012,29,,,0,117,,67007,34,0,61 65,0,96,,67013,29,0,61 65,0,99,,67010,32,,,0,105,,67014,31,0,61 65,0,94,,67011,32,,,0,164,,67015,31,0,61 65,0,120,,67016,31,,,0,98,,67008,34,0,61 65,0,99,,67009,34,0,61 65,0
1001,'4_7',834,,67017,31,,,0,113,,67018,34,0,61 65,0,94,,67024,29,,,0,117,,67019,34,0,61 65,0,96,,67025,29,0,61 65,0,99,,67022,32,,,0,105,,67026,31,0,61 65,0,94,,67023,32,,,0,164,,67027,31,0,61 65,0,120,,67028,31,,,0,98,,67020,34,0,61 65,0,99,,67021,34,0,61 65,0
