1001,'0_6',759,,66890,34,0,61 65,0,142,,66900,37,,,0,112,,66891,37,0,61 65,0,112,,66901,40,,,0,182,,66902,40,,,0,48,,66897,40,0,61 65,0,91,,66892,37,0,61 65,0,101,,66903,40,,,0,106,,66893,37,0,61 65,0,95,,66894,37,0,61 65,0,107,,66904,37,,,0,96,,66898,40,0,61 65,0,151,,66899,40,0,61 65,0,45,,66895,37,0,61 65,0,100,,66896,37,0,61 65,0
1001,'1_7',1014,,66905,36,,,0,321,,66906,36,,,0,408,,66907,36,,,0,309,,66908,36,0,61 65,0
1001,'3_1',844,,66969,36,,,0,113,,66970,39,0,61 65,0,94,,66976,34,,,0,157,,66971,39,0,61 65,0,96,,66977,34,0,61 65,0,99,,66974,37,,,0,105,,66978,36,0,61 65,0,94,,66975,37,,,0,125,,66979,36,0,61 65,0,119,,66980,36,,,0,98,,66972,39,0,61 65,0,99,,66973,39,0,61 65,0
1001,'3_2',844,,73394,36,,,0,113,,73395,39,0,61 65,0,94,,73401,34,,,0,157,,73396,39,0,61 65,0,96,,73402,34,0,61 65,0,99,,73399,37,,,0,105,,73403,36,0,61 65,0,94,,73400,37,,,0,125,,73404,36,0,61 65,0,119,,73405,36,,,0,98,,73397,39,0,61 65,0,99,,73398,39,0,61 65,0
1001,'3_3',844,,66981,36,,,0,113,,66982,39,0,61 65,0,94,,66988,34,,,0,157,,66983,39,0,61 65,0,96,,66989,34,0,61 65,0,99,,66986,37,,,0,105,,66990,36,0,61 65,0,94,,66987,37,,,0,125,,66991,36,0,61 65,0,119,,66992,36,,,0,98,,66984,39,0,61 65,0,99,,66985,39,0,61 65,0
1001,'3_4',844,,66993,36,,,0,113,,66994,39,0,61 65,0,94,,67000,34,,,0,157,,66995,39,0,61 65,0,96,,67001,34,0,61 65,0,99,,66998,37,,,0,105,,67002,36,0,61 65,0,94,,66999,37,,,0,125,,67003,36,0,61 65,0,119,,67004,36,,,0,98,,66996,39,0,61 65,0,99,,66997,39,0,61 65,0
1001,'3_5',844,,67005,36,,,0,113,,67006,39,0,61 65,0,94,,67012,34,,,0,157,,67007,39,0,61 65,0,96,,67013,34,0,61 65,0,99,,67010,37,,,0,105,,67014,36,0,61 65,0,94,,67011,37,,,0,125,,67015,36,0,61 65,0,119,,67016,36,,,0,98,,67008,39,0,61 65,0,99,,67009,39,0,61 65,0
2901001,'0_6',1153,,71124,10,,,0,82,,71117,10,,,0,88,,71120,10,,,0,96,,71121,10,,,0,95,,71118,10,,,0,32,,71122,10,,,0,78,,71123,10,,,0,97,,71119,10,,,0,197,,71125,10,,,0
2901001,'3_1',1052,,71151,10,,,0,261,,71152,10,,,0,94,,71153,10,,,0,207,,71154,10,,,0,140,,71155,10,,,0
2901001,'3_2',1052,,73791,10,,,0,261,,73792,10,,,0,94,,73793,10,,,0,207,,73794,10,,,0,140,,73795,10,,,0
2901001,'3_3',1052,,71156,10,,,0,261,,71157,10,,,0,94,,71158,10,,,0,207,,71159,10,,,0,140,,71160,10,,,0
2901001,'3_4',1052,,71161,10,,,0,261,,71162,10,,,0,94,,71163,10,,,0,207,,71164,10,,,0,140,,71165,10,,,0
2901001,'3_5',1052,,71166,10,,,0,261,,71167,10,,,0,94,,71168,10,,,0,207,,71169,10,,,0,140,,71170,10,,,0
