1600,'0_6',806,,67349,4,,,0,118,,67350,8,0,25,0,87,,67354,8,,,0,119,,67351,8,0,25,0,177,,67356,13,,,0,124,,67352,8,,,0,193,,67353,8,0,25,0,103,,67358,13,,,0,126,,67355,8,,,0
1600,'2_1',806,,67359,4,,,0,118,,67360,8,0,25,0,87,,67364,8,,,0,119,,67361,8,0,25,0,177,,67366,13,,,0,124,,67362,8,,,0,193,,67363,8,0,25,0,103,,67368,13,,,0,126,,67365,8,,,0
1600,'2_2',806,,67369,4,,,0,118,,67370,8,0,25,0,87,,67374,8,,,0,119,,67371,8,0,25,0,177,,67376,13,,,0,124,,67372,8,,,0,193,,67373,8,0,25,0,103,,67378,13,,,0,126,,67375,8,,,0
1600,'2_3',806,,67379,4,,,0,118,,67380,8,0,25,0,87,,67384,8,,,0,119,,67381,8,0,25,0,177,,67386,13,,,0,124,,67382,8,,,0,193,,67383,8,0,25,0,103,,67388,13,,,0,126,,67385,8,,,0
1600,'2_4',806,,67389,4,,,0,118,,67390,8,0,25,0,87,,67394,8,,,0,119,,67391,8,0,25,0,177,,67396,13,,,0,124,,67392,8,,,0,193,,67393,8,0,25,0,103,,67398,13,,,0,126,,67395,8,,,0
1600,'2_5',806,,67399,4,,,0,118,,67400,8,0,25,0,87,,67404,8,,,0,119,,67401,8,0,25,0,177,,67406,13,,,0,124,,67402,8,,,0,193,,67403,8,0,25,0,103,,67408,13,,,0,126,,67405,8,,,0
1600,'3_1',806,,67409,4,,,0,118,,67410,8,0,25,0,87,,67414,8,,,0,119,,67411,8,0,25,0,177,,67416,13,,,0,124,,67412,8,,,0,193,,67413,8,0,25,0,103,,67418,13,,,0,126,,67415,8,,,0
1600,'3_3',806,,67419,4,,,0,118,,67420,8,0,25,0,87,,67424,8,,,0,119,,67421,8,0,25,0,177,,67426,13,,,0,124,,67422,8,,,0,193,,67423,8,0,25,0,103,,67428,13,,,0,126,,67425,8,,,0
1600,'3_4',806,,67429,4,,,0,118,,67430,8,0,25,0,87,,67434,8,,,0,119,,67431,8,0,25,0,177,,67436,13,,,0,124,,67432,8,,,0,193,,67433,8,0,25,0,103,,67438,13,,,0,126,,67435,8,,,0
1600,'3_5',806,,67439,4,,,0,118,,67440,8,0,25,0,87,,67444,8,,,0,119,,67441,8,0,25,0,177,,67446,13,,,0,124,,67442,8,,,0,193,,67443,8,0,25,0,103,,67448,13,,,0,126,,67445,8,,,0
