401,'0_1',1330,,31259,1,0,41,0
401,'0_2',1330,,31291,1,0,41,0
401,'0_4',1330,,31323,1,0,41,0
401,'0_5',1330,,31355,1,0,41,0
401,'1_3',1330,,31387,1,0,41,0
2301,'0_1',703,,33159,1,,,0
2301,'0_2',703,,33162,1,,,0
2301,'0_4',703,,33165,1,,,0
2301,'0_5',703,,33168,1,,,0
2301,'1_3',703,,33171,1,,,0
2900401,'0_1',649,,36057,1,,,0,165,,36058,1,,,0
2900401,'0_2',649,,36059,1,,,0,165,,36060,1,,,0
2900401,'0_4',649,,36061,1,,,0,165,,36062,1,,,0
2900401,'0_5',649,,36063,1,,,0,165,,36064,1,,,0
2900401,'1_3',649,,36065,1,,,0,165,,36066,1,,,0
