200,'0_6',653,,63315,11,0,34,0,148,,63316,11,0,34,0,45,,63339,11,0,38,0,167,,63318,11,0,34,0,111,,63319,11,0,34,0,104,,63320,9,0,34,0,98,,63321,11,0,34,0,102,,63322,11,0,34,0,105,,63323,11,0,34,0,103,,63324,11,0,34,0,101,,63325,11,0,34,0,113,,63336,11,0,35 37,0
200,'2_1',653,,63358,11,0,34,0,148,,63359,11,0,34,0,45,,63382,11,0,38,0,167,,63361,11,0,34,0,111,,63362,11,0,34,0,104,,63363,9,0,34,0,98,,63364,11,0,34,0,102,,63365,11,0,34,0,105,,63366,11,0,34,0,103,,63367,11,0,34,0,101,,63368,11,0,34,0,113,,63379,11,0,35 37,0
200,'2_2',653,,63393,11,0,34,0,148,,63394,11,0,34,0,45,,63417,11,0,38,0,167,,63396,11,0,34,0,111,,63397,11,0,34,0,104,,63398,9,0,34,0,98,,63399,11,0,34,0,102,,63400,11,0,34,0,105,,63401,11,0,34,0,103,,63402,11,0,34,0,101,,63403,11,0,34,0,113,,63414,11,0,35 37,0
200,'2_3',653,,63428,11,0,34,0,148,,63429,11,0,34,0,45,,63452,11,0,38,0,167,,63431,11,0,34,0,111,,63432,11,0,34,0,104,,63433,9,0,34,0,98,,63434,11,0,34,0,102,,63435,11,0,34,0,105,,63436,11,0,34,0,103,,63437,11,0,34,0,101,,63438,11,0,34,0,113,,63449,11,0,35 37,0
200,'2_4',653,,63463,11,0,34,0,148,,63464,11,0,34,0,45,,63487,11,0,38,0,167,,63466,11,0,34,0,111,,63467,11,0,34,0,104,,63468,9,0,34,0,98,,63469,11,0,34,0,102,,63470,11,0,34,0,105,,63471,11,0,34,0,103,,63472,11,0,34,0,101,,63473,11,0,34,0,113,,63484,11,0,35 37,0
200,'2_5',653,,63498,11,0,34,0,148,,63499,11,0,34,0,45,,63522,11,0,38,0,167,,63501,11,0,34,0,111,,63502,11,0,34,0,104,,63503,9,0,34,0,98,,63504,11,0,34,0,102,,63505,11,0,34,0,105,,63506,11,0,34,0,103,,63507,11,0,34,0,101,,63508,11,0,34,0,113,,63519,11,0,35 37,0
200,'3_1',653,,63533,11,0,34,0,148,,63534,11,0,34,0,45,,63557,11,0,38,0,167,,63536,11,0,34,0,111,,63537,11,0,34,0,104,,63538,9,0,34,0,98,,63539,11,0,34,0,102,,63540,11,0,34,0,105,,63541,11,0,34,0,103,,63542,11,0,34,0,101,,63543,11,0,34,0,113,,63554,11,0,35 37,0
200,'3_3',653,,63568,11,0,34,0,148,,63569,11,0,34,0,45,,63592,11,0,38,0,167,,63571,11,0,34,0,111,,63572,11,0,34,0,104,,63573,9,0,34,0,98,,63574,11,0,34,0,102,,63575,11,0,34,0,105,,63576,11,0,34,0,103,,63577,11,0,34,0,101,,63578,11,0,34,0,113,,63589,11,0,35 37,0
200,'3_4',653,,63603,11,0,34,0,148,,63604,11,0,34,0,45,,63627,11,0,38,0,167,,63606,11,0,34,0,111,,63607,11,0,34,0,104,,63608,9,0,34,0,98,,63609,11,0,34,0,102,,63610,11,0,34,0,105,,63611,11,0,34,0,103,,63612,11,0,34,0,101,,63613,11,0,34,0,113,,63624,11,0,35 37,0
200,'3_5',653,,63638,11,0,34,0,148,,63639,11,0,34,0,45,,63662,11,0,38,0,167,,63641,11,0,34,0,111,,63642,11,0,34,0,104,,63643,9,0,34,0,98,,63644,11,0,34,0,102,,63645,11,0,34,0,105,,63646,11,0,34,0,103,,63647,11,0,34,0,101,,63648,11,0,34,0,113,,63659,11,0,35 37,0
