700,'2509-HIV-25k03H-s-Samedi-00',731,,2385,,,0,110,,2386,,,0,112,,2387,,,0,150,,2388,,,0,110,,2389,,,0,110,,2390,,,0,111,,2391,,,0,109,,2392,,,0,111,,2393,,,0,150,,2383,,,0,107,,2384,,,0
700,'2509-HIV-25l22Vlv-Semaine-00',733,,2394,,,0,110,,2396,,,0,111,,2397,,,0,150,,2398,,,0,110,,2399,,,0,110,,2400,,,0,110,,2401,,,0,110,,2402,,,0,113,,2403,,,0,150,,2404,,,0,105,,2395,,,0
700,'2509-HIV-26a05H-s-Samedi-00',731,,2407,,,0,110,,2408,,,0,112,,2409,,,0,150,,2410,,,0,110,,2411,,,0,110,,2412,,,0,111,,2413,,,0,109,,2414,,,0,111,,2415,,,0,150,,2405,,,0,107,,2406,,,0
700,'2509-HIV-26a05H-w-Mercredi-00',733,,2416,,,0,110,,2418,,,0,111,,2419,,,0,150,,2420,,,0,110,,2421,,,0,110,,2422,,,0,110,,2423,,,0,110,,2424,,,0,113,,2425,,,0,150,,2426,,,0,105,,2417,,,0
700,'2509-HIV-26a05Hlv-L-Ma-J-V-00',733,,2427,,,0,110,,2429,,,0,111,,2430,,,0,150,,2431,,,0,110,,2432,,,0,110,,2433,,,0,110,,2434,,,0,110,,2435,,,0,113,,2436,,,0,150,,2437,,,0,105,,2428,,,0
700,'2509-HIV-26b23Vlv-Semaine-00',733,,2438,,,0,110,,2440,,,0,111,,2441,,,0,150,,2442,,,0,110,,2443,,,0,110,,2444,,,0,110,,2445,,,0,110,,2446,,,0,113,,2447,,,0,150,,2448,,,0,105,,2439,,,0
700,'2509-HIV-26c02Vlv-Semaine-00',733,,2449,,,0,110,,2451,,,0,111,,2452,,,0,150,,2453,,,0,110,,2454,,,0,110,,2455,,,0,110,,2456,,,0,110,,2457,,,0,113,,2458,,,0,150,,2459,,,0,105,,2450,,,0
2400,'2509-HIV-26a05H-w-Mercredi-00',743,,3711,,,0
2400,'2509-HIV-26a05H-w-Mercredi-00-0010000',1233,,3712,,,0
2400,'2509-HIV-26a05Hlv-L-Ma-J-V-00',743,,3713,,,0
2400,'2509-HIV-26a05Hlv-L-Ma-J-V-00-1101100',1611,,3714,,,0,103,,3715,,,0,95,,3716,,,0
