4000001,'2_6',640,,37262,4,,,0,79,,37263,4,,,0,38,,37264,4,,,0,80,,37265,4,,,0,81,,37266,4,,,0,41,,37267,4,,,0,81,,37268,4,,,0,83,,37269,4,,,0,83,,37270,4,,,0,42,,37271,4,,,0,76,,37272,4,,,0,35,,37273,4,,,0,78,,37274,4,,,0,80,,37275,4,,,0,39,,37276,4,,,0,79,,37277,4,,,0,80,,37278,4,,,0,41,,37279,4,,,0,82,,37280,4,,,0,102,,37302,4,,,0,81,,37282,4,,,0
4000001,'3_7',856,,37306,4,,,0,260,,37307,4,,,0,220,,37308,4,,,0,220,,37309,4,,,0,260,,37310,4,,,0
4000001,'5_1',640,,38314,4,,,0,79,,38315,4,,,0,38,,38316,4,,,0,80,,38317,4,,,0,81,,38318,4,,,0,41,,38319,4,,,0,81,,38320,4,,,0,83,,38321,4,,,0,83,,38322,4,,,0,42,,38323,4,,,0,76,,38324,4,,,0,35,,38325,4,,,0,78,,38326,4,,,0,80,,38327,4,,,0,39,,38328,4,,,0,79,,38329,4,,,0,80,,38330,4,,,0,41,,38331,4,,,0,82,,38332,4,,,0,102,,38354,4,,,0,81,,38334,4,,,0
4000001,'5_2',640,,43305,4,,,0,79,,43306,4,,,0,38,,43307,4,,,0,80,,43308,4,,,0,81,,43309,4,,,0,41,,43310,4,,,0,81,,43311,4,,,0,83,,43312,4,,,0,83,,43313,4,,,0,42,,43314,4,,,0,76,,43315,4,,,0,35,,43316,4,,,0,78,,43317,4,,,0,80,,43318,4,,,0,39,,43319,4,,,0,79,,43320,4,,,0,80,,43321,4,,,0,41,,43322,4,,,0,82,,43323,4,,,0,102,,43345,4,,,0,81,,43325,4,,,0
4000001,'5_3',640,,43348,4,,,0,79,,43349,4,,,0,38,,43350,4,,,0,80,,43351,4,,,0,81,,43352,4,,,0,41,,43353,4,,,0,81,,43354,4,,,0,83,,43355,4,,,0,83,,43356,4,,,0,42,,43357,4,,,0,76,,43358,4,,,0,35,,43359,4,,,0,78,,43360,4,,,0,80,,43361,4,,,0,39,,43362,4,,,0,79,,43363,4,,,0,80,,43364,4,,,0,41,,43365,4,,,0,82,,43366,4,,,0,102,,43388,4,,,0,81,,43368,4,,,0
4000001,'5_4',640,,43391,4,,,0,79,,43392,4,,,0,38,,43393,4,,,0,80,,43394,4,,,0,81,,43395,4,,,0,41,,43396,4,,,0,81,,43397,4,,,0,83,,43398,4,,,0,83,,43399,4,,,0,42,,43400,4,,,0,76,,43401,4,,,0,35,,43402,4,,,0,78,,43403,4,,,0,80,,43404,4,,,0,39,,43405,4,,,0,79,,43406,4,,,0,80,,43407,4,,,0,41,,43408,4,,,0,82,,43409,4,,,0,102,,43431,4,,,0,81,,43411,4,,,0
4000001,'5_5',640,,43434,4,,,0,79,,43435,4,,,0,38,,43436,4,,,0,80,,43437,4,,,0,81,,43438,4,,,0,41,,43439,4,,,0,81,,43440,4,,,0,83,,43441,4,,,0,83,,43442,4,,,0,42,,43443,4,,,0,76,,43444,4,,,0,35,,43445,4,,,0,78,,43446,4,,,0,80,,43447,4,,,0,39,,43448,4,,,0,79,,43449,4,,,0,80,,43450,4,,,0,41,,43451,4,,,0,82,,43452,4,,,0,102,,43474,4,,,0,81,,43454,4,,,0
4000001,'6_1',640,,43477,4,,,0,79,,43478,4,,,0,38,,43479,4,,,0,80,,43480,4,,,0,81,,43481,4,,,0,41,,43482,4,,,0,81,,43483,4,,,0,83,,43484,4,,,0,83,,43485,4,,,0,42,,43486,4,,,0,76,,43487,4,,,0,35,,43488,4,,,0,78,,43489,4,,,0,80,,43490,4,,,0,39,,43491,4,,,0,79,,43492,4,,,0,80,,43493,4,,,0,41,,43494,4,,,0,82,,43495,4,,,0,102,,43517,4,,,0,81,,43497,4,,,0
4000001,'6_2',640,,46493,4,,,0,79,,46494,4,,,0,38,,46495,4,,,0,80,,46496,4,,,0,81,,46497,4,,,0,41,,46498,4,,,0,81,,46499,4,,,0,83,,46500,4,,,0,83,,46501,4,,,0,42,,46502,4,,,0,76,,46503,4,,,0,35,,46504,4,,,0,78,,46505,4,,,0,80,,46506,4,,,0,39,,46507,4,,,0,79,,46508,4,,,0,80,,46509,4,,,0,41,,46510,4,,,0,82,,46511,4,,,0,102,,46533,4,,,0,81,,46513,4,,,0
4000001,'6_3',640,,46536,4,,,0,79,,46537,4,,,0,38,,46538,4,,,0,80,,46539,4,,,0,81,,46540,4,,,0,41,,46541,4,,,0,81,,46542,4,,,0,83,,46543,4,,,0,83,,46544,4,,,0,42,,46545,4,,,0,76,,46546,4,,,0,35,,46547,4,,,0,78,,46548,4,,,0,80,,46549,4,,,0,39,,46550,4,,,0,79,,46551,4,,,0,80,,46552,4,,,0,41,,46553,4,,,0,82,,46554,4,,,0,102,,46576,4,,,0,81,,46556,4,,,0
4000001,'6_4',640,,46579,4,,,0,79,,46580,4,,,0,38,,46581,4,,,0,80,,46582,4,,,0,81,,46583,4,,,0,41,,46584,4,,,0,81,,46585,4,,,0,83,,46586,4,,,0,83,,46587,4,,,0,42,,46588,4,,,0,76,,46589,4,,,0,35,,46590,4,,,0,78,,46591,4,,,0,80,,46592,4,,,0,39,,46593,4,,,0,79,,46594,4,,,0,80,,46595,4,,,0,41,,46596,4,,,0,82,,46597,4,,,0,102,,46619,4,,,0,81,,46599,4,,,0
