300,'2_6',702,,30806,21,,,0,30,,30808,21,,,0,69,,30809,21,,,0,30,,30807,21,,,0,70,,30811,21,,,0,29,,30812,21,,,0,29,,30810,21,,,0,71,,30813,21,,,0,70,,30814,21,,,0,30,,30817,21,,,0,29,,30816,21,,,0,69,,30815,21,,,0,28,,30819,21,,,0,70,,30818,21,,,0,30,,30820,21,,,0,69,,30821,21,,,0,32,,30822,21,,,0,72,,30823,21,,,0,71,,30824,21,,,0,31,,30825,21,,,0,72,,30826,21,,,0,32,,30827,21,,,0,70,,30828,21,,,0,31,,30833,21,,,0,71,,30829,21,,,0,30,,30830,21,,,0,65,,30831,21,,,0,30,,30832,21,,,0
300,'3_7',920,,30834,21,,,0,100,,30835,21,,,0,100,,30836,21,,,0,100,,30837,21,,,0,100,,30838,21,,,0,100,,30839,21,,,0,100,,30840,21,,,0,100,,30841,21,,,0,100,,30842,21,,,0,100,,30843,21,,,0,100,,30844,21,,,0
300,'5_1',707,,37459,21,,,0,25,,37460,21,,,0,69,,37461,21,,,0,23,,37464,21,,,0,25,,37463,21,,,0,69,,37462,21,,,0,32,,37466,21,,,0,72,,37469,21,,,0,31,,37471,21,,,0,72,,37467,21,,,0,32,,37472,21,,,0,72,,37465,21,,,0,73,,37468,21,,,0,33,,37470,21,,,0,72,,37473,21,,,0,32,,37474,21,,,0,72,,37475,21,,,0,34,,37477,21,,,0,69,,37476,21,,,0,28,,37479,21,,,0,68,,37481,21,,,0,27,,37483,21,,,0,68,,37480,21,,,0,30,,37486,21,,,0,72,,37485,21,,,0,30,,37482,21,,,0,74,,37484,21,,,0,30,,37478,21,,,0
300,'5_2',707,,39027,21,,,0,25,,39028,21,,,0,69,,39029,21,,,0,23,,39032,21,,,0,25,,39031,21,,,0,69,,39030,21,,,0,32,,39034,21,,,0,72,,39037,21,,,0,31,,39039,21,,,0,72,,39035,21,,,0,32,,39040,21,,,0,72,,39033,21,,,0,73,,39036,21,,,0,33,,39038,21,,,0,72,,39041,21,,,0,32,,39042,21,,,0,72,,39043,21,,,0,34,,39045,21,,,0,69,,39044,21,,,0,28,,39047,21,,,0,68,,39049,21,,,0,27,,39051,21,,,0,68,,39048,21,,,0,30,,39054,21,,,0,72,,39053,21,,,0,30,,39050,21,,,0,74,,39052,21,,,0,30,,39046,21,,,0
300,'5_3',707,,39055,21,,,0,25,,39056,21,,,0,69,,39057,21,,,0,23,,39060,21,,,0,25,,39059,21,,,0,69,,39058,21,,,0,32,,39062,21,,,0,72,,39065,21,,,0,31,,39067,21,,,0,72,,39063,21,,,0,32,,39068,21,,,0,72,,39061,21,,,0,73,,39064,21,,,0,33,,39066,21,,,0,72,,39069,21,,,0,32,,39070,21,,,0,72,,39071,21,,,0,34,,39073,21,,,0,69,,39072,21,,,0,28,,39075,21,,,0,68,,39077,21,,,0,27,,39079,21,,,0,68,,39076,21,,,0,30,,39082,21,,,0,72,,39081,21,,,0,30,,39078,21,,,0,74,,39080,21,,,0,30,,39074,21,,,0
300,'5_4',707,,39083,21,,,0,25,,39084,21,,,0,69,,39085,21,,,0,23,,39088,21,,,0,25,,39087,21,,,0,69,,39086,21,,,0,32,,39090,21,,,0,72,,39093,21,,,0,31,,39095,21,,,0,72,,39091,21,,,0,32,,39096,21,,,0,72,,39089,21,,,0,73,,39092,21,,,0,33,,39094,21,,,0,72,,39097,21,,,0,32,,39098,21,,,0,72,,39099,21,,,0,34,,39101,21,,,0,69,,39100,21,,,0,28,,39103,21,,,0,68,,39105,21,,,0,27,,39107,21,,,0,68,,39104,21,,,0,30,,39110,21,,,0,72,,39109,21,,,0,30,,39106,21,,,0,74,,39108,21,,,0,30,,39102,21,,,0
300,'5_5',707,,39111,21,,,0,25,,39112,21,,,0,69,,39113,21,,,0,23,,39116,21,,,0,25,,39115,21,,,0,69,,39114,21,,,0,32,,39118,21,,,0,72,,39121,21,,,0,31,,39123,21,,,0,72,,39119,21,,,0,32,,39124,21,,,0,72,,39117,21,,,0,73,,39120,21,,,0,33,,39122,21,,,0,72,,39125,21,,,0,32,,39126,21,,,0,72,,39127,21,,,0,34,,39129,21,,,0,69,,39128,21,,,0,28,,39131,21,,,0,68,,39133,21,,,0,27,,39135,21,,,0,68,,39132,21,,,0,30,,39138,21,,,0,72,,39137,21,,,0,30,,39134,21,,,0,74,,39136,21,,,0,30,,39130,21,,,0
300,'6_1',707,,39139,21,,,0,25,,39140,21,,,0,69,,39141,21,,,0,23,,39144,21,,,0,25,,39143,21,,,0,69,,39142,21,,,0,32,,39146,21,,,0,72,,39149,21,,,0,31,,39151,21,,,0,72,,39147,21,,,0,32,,39152,21,,,0,72,,39145,21,,,0,73,,39148,21,,,0,33,,39150,21,,,0,72,,39153,21,,,0,32,,39154,21,,,0,72,,39155,21,,,0,34,,39157,21,,,0,69,,39156,21,,,0,28,,39159,21,,,0,68,,39161,21,,,0,27,,39163,21,,,0,68,,39160,21,,,0,30,,39166,21,,,0,72,,39165,21,,,0,30,,39162,21,,,0,74,,39164,21,,,0,30,,39158,21,,,0
300,'6_2',707,,43922,21,,,0,25,,43923,21,,,0,69,,43924,21,,,0,23,,43927,21,,,0,25,,43926,21,,,0,69,,43925,21,,,0,32,,43929,21,,,0,72,,43932,21,,,0,31,,43934,21,,,0,72,,43930,21,,,0,32,,43935,21,,,0,72,,43928,21,,,0,73,,43931,21,,,0,33,,43933,21,,,0,72,,43936,21,,,0,32,,43937,21,,,0,72,,43938,21,,,0,34,,43940,21,,,0,69,,43939,21,,,0,28,,43942,21,,,0,68,,43944,21,,,0,27,,43946,21,,,0,68,,43943,21,,,0,30,,43949,21,,,0,72,,43948,21,,,0,30,,43945,21,,,0,74,,43947,21,,,0,30,,43941,21,,,0
300,'6_3',707,,43950,21,,,0,25,,43951,21,,,0,69,,43952,21,,,0,23,,43955,21,,,0,25,,43954,21,,,0,69,,43953,21,,,0,32,,43957,21,,,0,72,,43960,21,,,0,31,,43962,21,,,0,72,,43958,21,,,0,32,,43963,21,,,0,72,,43956,21,,,0,73,,43959,21,,,0,33,,43961,21,,,0,72,,43964,21,,,0,32,,43965,21,,,0,72,,43966,21,,,0,34,,43968,21,,,0,69,,43967,21,,,0,28,,43970,21,,,0,68,,43972,21,,,0,27,,43974,21,,,0,68,,43971,21,,,0,30,,43977,21,,,0,72,,43976,21,,,0,30,,43973,21,,,0,74,,43975,21,,,0,30,,43969,21,,,0
300,'6_4',707,,43978,21,,,0,25,,43979,21,,,0,69,,43980,21,,,0,23,,43983,21,,,0,25,,43982,21,,,0,69,,43981,21,,,0,32,,43985,21,,,0,72,,43988,21,,,0,31,,43990,21,,,0,72,,43986,21,,,0,32,,43991,21,,,0,72,,43984,21,,,0,73,,43987,21,,,0,33,,43989,21,,,0,72,,43992,21,,,0,32,,43993,21,,,0,72,,43994,21,,,0,34,,43996,21,,,0,69,,43995,21,,,0,28,,43998,21,,,0,68,,44000,21,,,0,27,,44002,21,,,0,68,,43999,21,,,0,30,,44005,21,,,0,72,,44004,21,,,0,30,,44001,21,,,0,74,,44003,21,,,0,30,,43997,21,,,0
