301,'1_6',737,,15845,21,,,0,71,,15842,21,,,0,30,,15843,21,,,0,70,,15844,21,,,0,31,,15846,21,,,0,70,,15847,21,,,0,31,,15848,21,,,0,70,,15849,21,,,0,31,,15853,21,,,0,69,,15852,21,,,0,28,,15850,21,,,0,69,,15851,21,,,0,29,,15855,21,,,0,71,,15856,21,,,0,30,,15854,21,,,0,71,,15857,21,,,0,30,,15860,21,,,0,72,,15858,21,,,0,33,,15859,21,,,0,71,,15862,21,,,0,32,,15861,21,,,0,70,,15863,21,,,0,32,,15864,21,,,0,68,,15865,21,,,0,29,,15866,21,,,0,69,,15867,21,,,0,30,,15868,21,,,0,63,,15869,21,,,0
301,'4_7',931,,15870,21,,,0,100,,15871,21,,,0,100,,15872,21,,,0,100,,15873,21,,,0,100,,15874,21,,,0,100,,15875,21,,,0,100,,15876,21,,,0,100,,15877,21,,,0,100,,15878,21,,,0,100,,15879,21,,,0,100,,15880,21,,,0
301,'5_1',732,,15907,21,,,0,21,,15881,21,,,0,74,,15908,21,,,0,73,,15882,21,,,0,30,,15883,21,,,0,71,,15884,21,,,0,32,,15885,21,,,0,72,,15886,21,,,0,33,,15887,21,,,0,73,,15888,21,,,0,32,,15889,21,,,0,71,,15890,21,,,0,33,,15891,21,,,0,72,,15892,21,,,0,31,,15893,21,,,0,70,,15894,21,,,0,27,,15895,21,,,0,67,,15896,21,,,0,31,,15897,21,,,0,70,,15898,21,,,0,30,,15899,21,,,0,70,,15900,21,,,0,25,,15901,21,,,0,63,,15902,21,,,0,24,,15903,21,,,0,29,,15904,21,,,0,68,,15905,21,,,0,30,,15906,21,,,0
301,'5_2',732,,15935,21,,,0,21,,15909,21,,,0,74,,15936,21,,,0,73,,15910,21,,,0,30,,15911,21,,,0,71,,15912,21,,,0,32,,15913,21,,,0,72,,15914,21,,,0,33,,15915,21,,,0,73,,15916,21,,,0,32,,15917,21,,,0,71,,15918,21,,,0,33,,15919,21,,,0,72,,15920,21,,,0,31,,15921,21,,,0,70,,15922,21,,,0,27,,15923,21,,,0,67,,15924,21,,,0,31,,15925,21,,,0,70,,15926,21,,,0,30,,15927,21,,,0,70,,15928,21,,,0,25,,15929,21,,,0,63,,15930,21,,,0,24,,15931,21,,,0,29,,15932,21,,,0,68,,15933,21,,,0,30,,15934,21,,,0
301,'5_4',732,,15963,21,,,0,21,,15937,21,,,0,74,,15964,21,,,0,73,,15938,21,,,0,30,,15939,21,,,0,71,,15940,21,,,0,32,,15941,21,,,0,72,,15942,21,,,0,33,,15943,21,,,0,73,,15944,21,,,0,32,,15945,21,,,0,71,,15946,21,,,0,33,,15947,21,,,0,72,,15948,21,,,0,31,,15949,21,,,0,70,,15950,21,,,0,27,,15951,21,,,0,67,,15952,21,,,0,31,,15953,21,,,0,70,,15954,21,,,0,30,,15955,21,,,0,70,,15956,21,,,0,25,,15957,21,,,0,63,,15958,21,,,0,24,,15959,21,,,0,29,,15960,21,,,0,68,,15961,21,,,0,30,,15962,21,,,0
301,'5_5',732,,15991,21,,,0,21,,15965,21,,,0,74,,15992,21,,,0,73,,15966,21,,,0,30,,15967,21,,,0,71,,15968,21,,,0,32,,15969,21,,,0,72,,15970,21,,,0,33,,15971,21,,,0,73,,15972,21,,,0,32,,15973,21,,,0,71,,15974,21,,,0,33,,15975,21,,,0,72,,15976,21,,,0,31,,15977,21,,,0,70,,15978,21,,,0,27,,15979,21,,,0,67,,15980,21,,,0,31,,15981,21,,,0,70,,15982,21,,,0,30,,15983,21,,,0,70,,15984,21,,,0,25,,15985,21,,,0,63,,15986,21,,,0,24,,15987,21,,,0,29,,15988,21,,,0,68,,15989,21,,,0,30,,15990,21,,,0
301,'6_3',732,,16019,21,,,0,21,,15993,21,,,0,74,,16020,21,,,0,73,,15994,21,,,0,30,,15995,21,,,0,71,,15996,21,,,0,32,,15997,21,,,0,72,,15998,21,,,0,33,,15999,21,,,0,73,,16000,21,,,0,32,,16001,21,,,0,71,,16002,21,,,0,33,,16003,21,,,0,72,,16004,21,,,0,31,,16005,21,,,0,70,,16006,21,,,0,27,,16007,21,,,0,67,,16008,21,,,0,31,,16009,21,,,0,70,,16010,21,,,0,30,,16011,21,,,0,70,,16012,21,,,0,25,,16013,21,,,0,63,,16014,21,,,0,24,,16015,21,,,0,29,,16016,21,,,0,68,,16017,21,,,0,30,,16018,21,,,0
900601,'1_6',751,,18905,5,,,0,170,,18906,5,,,0,130,,18907,5,,,0,175,,18908,5,,,0,120,,18909,5,,,0,175,,18910,5,,,0,125,,18911,5,,,0,170,,18912,5,,,0
900601,'5_1',751,,18913,5,,,0,170,,18914,5,,,0,130,,18915,5,,,0,175,,18916,5,,,0,120,,18917,5,,,0,175,,18918,5,,,0,125,,18919,5,,,0,170,,18920,5,,,0
900601,'5_2',751,,18921,5,,,0,170,,18922,5,,,0,130,,18923,5,,,0,175,,18924,5,,,0,120,,18925,5,,,0,175,,18926,5,,,0,125,,18927,5,,,0,170,,18928,5,,,0
900601,'5_4',751,,18929,5,,,0,170,,18930,5,,,0,130,,18931,5,,,0,175,,18932,5,,,0,120,,18933,5,,,0,175,,18934,5,,,0,125,,18935,5,,,0,170,,18936,5,,,0
900601,'5_5',751,,18937,5,,,0,170,,18938,5,,,0,130,,18939,5,,,0,175,,18940,5,,,0,120,,18941,5,,,0,175,,18942,5,,,0,125,,18943,5,,,0,170,,18944,5,,,0
900601,'6_3',751,,18945,5,,,0,170,,18946,5,,,0,130,,18947,5,,,0,175,,18948,5,,,0,120,,18949,5,,,0,175,,18950,5,,,0,125,,18951,5,,,0,170,,18952,5,,,0
2900301,'5_1',1722,,20909,7,,,0,28,,20910,7,,,0,73,,20911,7,,,0,22,,20912,7,,,0
2900301,'5_2',1722,,20913,7,,,0,28,,20914,7,,,0,73,,20915,7,,,0,22,,20916,7,,,0
2900301,'5_4',1722,,20917,7,,,0,28,,20918,7,,,0,73,,20919,7,,,0,22,,20920,7,,,0
2900301,'5_5',1722,,20921,7,,,0,28,,20922,7,,,0,73,,20923,7,,,0,22,,20924,7,,,0
2900301,'6_3',1722,,20925,7,,,0,28,,20926,7,,,0,73,,20927,7,,,0,22,,20928,7,,,0
