900601,'0_6',814,,68348,25,,,0,130,,68349,25,,,0,170,,68350,25,,,0,135,,68351,25,,,0,160,,68352,25,,,0,135,,68353,25,,,0,165,,68354,25,,,0,130,,68355,25,,,0
900601,'2_1',814,,68356,25,,,0,130,,68357,25,,,0,170,,68358,25,,,0,135,,68359,25,,,0,160,,68360,25,,,0,135,,68361,25,,,0,165,,68362,25,,,0,130,,68363,25,,,0
900601,'2_2',814,,68364,25,,,0,130,,68365,25,,,0,170,,68366,25,,,0,135,,68367,25,,,0,160,,68368,25,,,0,135,,68369,25,,,0,165,,68370,25,,,0,130,,68371,25,,,0
900601,'2_3',814,,68372,25,,,0,130,,68373,25,,,0,170,,68374,25,,,0,135,,68375,25,,,0,160,,68376,25,,,0,135,,68377,25,,,0,165,,68378,25,,,0,130,,68379,25,,,0
900601,'2_4',814,,68380,25,,,0,130,,68381,25,,,0,170,,68382,25,,,0,135,,68383,25,,,0,160,,68384,25,,,0,135,,68385,25,,,0,165,,68386,25,,,0,130,,68387,25,,,0
900601,'2_5',814,,68388,25,,,0,130,,68389,25,,,0,170,,68390,25,,,0,135,,68391,25,,,0,160,,68392,25,,,0,135,,68393,25,,,0,165,,68394,25,,,0,130,,68395,25,,,0
900601,'3_1',814,,68396,25,,,0,130,,68397,25,,,0,170,,68398,25,,,0,135,,68399,25,,,0,160,,68400,25,,,0,135,,68401,25,,,0,165,,68402,25,,,0,130,,68403,25,,,0
900601,'3_3',814,,68404,25,,,0,130,,68405,25,,,0,170,,68406,25,,,0,135,,68407,25,,,0,160,,68408,25,,,0,135,,68409,25,,,0,165,,68410,25,,,0,130,,68411,25,,,0
900601,'3_4',814,,68412,25,,,0,130,,68413,25,,,0,170,,68414,25,,,0,135,,68415,25,,,0,160,,68416,25,,,0,135,,68417,25,,,0,165,,68418,25,,,0,130,,68419,25,,,0
900601,'3_5',814,,68420,25,,,0,130,,68421,25,,,0,170,,68422,25,,,0,135,,68423,25,,,0,160,,68424,25,,,0,135,,68425,25,,,0,165,,68426,25,,,0,130,,68427,25,,,0
