401,'S2-0_6',657,,55641,13,,,0,164,,55640,13,0,41,0,31,,55638,13,,,0,64,,55627,13,0,41,0,32,,55639,13,0,41,0,69,,55628,13,0,41,0,35,,55634,13,,,0,67,,55629,13,0,41,0,32,,55630,13,0,41,0,73,,55646,13,0,41,0,31,,55648,13,,,0,72,,55635,13,0,41,0,29,,55626,13,0,41,0,68,,55631,13,0,41,0,28,,55636,13,,,0,67,,55632,13,0,41,0,29,,55649,13,0,41,0,71,,55645,13,0,41,0,26,,55642,13,,,0,64,,55643,13,0,41,0,27,,55647,13,,,0,76,,55644,13,0,41,0,36,,55633,13,0,41,0,76,,55637,13,,,0
401,'S2-1_7',934,,55650,13,,,0,125,,55651,13,,,0,165,,55652,13,,,0,201,,55653,13,,,0,125,,55654,13,,,0,165,,55655,13,,,0,125,,55656,13,,,0
401,'S2-2_1',652,,55667,16,,,0,58,,55668,13,0,41,0,39,,55679,13,0,41,0,77,,55658,16,0,41,0,26,,55680,13,,,0,67,,55659,13,0,41,0,29,,55681,13,0,41,0,69,,55660,13,0,41,0,35,,55675,13,,,0,71,,55661,13,0,41,0,29,,55662,13,0,41,0,69,,55674,13,0,41,0,36,,55672,13,,,0,73,,55676,13,0,41,0,26,,55657,13,0,41,0,68,,55663,13,0,41,0,28,,55677,13,,,0,65,,55664,13,0,41,0,31,,55665,13,,,0,62,,55673,13,0,41,0,27,,55669,13,,,0,64,,55670,13,0,41,0,46,,55682,16,,,0,62,,55671,13,0,41,0,34,,55666,13,0,41,0,79,,55678,13,,,0
401,'S2-2_2',652,,55693,16,,,0,58,,55694,13,0,41,0,39,,55705,13,0,41,0,77,,55684,16,0,41,0,26,,55706,13,,,0,67,,55685,13,0,41,0,29,,55707,13,0,41,0,69,,55686,13,0,41,0,35,,55701,13,,,0,71,,55687,13,0,41,0,29,,55688,13,0,41,0,69,,55700,13,0,41,0,36,,55698,13,,,0,73,,55702,13,0,41,0,26,,55683,13,0,41,0,68,,55689,13,0,41,0,28,,55703,13,,,0,65,,55690,13,0,41,0,31,,55691,13,,,0,62,,55699,13,0,41,0,27,,55695,13,,,0,64,,55696,13,0,41,0,46,,55708,16,,,0,62,,55697,13,0,41,0,34,,55692,13,0,41,0,79,,55704,13,,,0
401,'S2-2_3',652,,55719,16,,,0,58,,55720,13,0,41,0,39,,55731,13,0,41,0,77,,55710,16,0,41,0,26,,55732,13,,,0,67,,55711,13,0,41,0,29,,55733,13,0,41,0,69,,55712,13,0,41,0,35,,55727,13,,,0,71,,55713,13,0,41,0,29,,55714,13,0,41,0,69,,55726,13,0,41,0,36,,55724,13,,,0,73,,55728,13,0,41,0,26,,55709,13,0,41,0,68,,55715,13,0,41,0,28,,55729,13,,,0,65,,55716,13,0,41,0,31,,55717,13,,,0,62,,55725,13,0,41,0,27,,55721,13,,,0,64,,55722,13,0,41,0,46,,55734,16,,,0,62,,55723,13,0,41,0,34,,55718,13,0,41,0,79,,55730,13,,,0
401,'S2-2_4',652,,55745,16,,,0,58,,55746,13,0,41,0,39,,55757,13,0,41,0,77,,55736,16,0,41,0,26,,55758,13,,,0,67,,55737,13,0,41,0,29,,55759,13,0,41,0,69,,55738,13,0,41,0,35,,55753,13,,,0,71,,55739,13,0,41,0,29,,55740,13,0,41,0,69,,55752,13,0,41,0,36,,55750,13,,,0,73,,55754,13,0,41,0,26,,55735,13,0,41,0,68,,55741,13,0,41,0,28,,55755,13,,,0,65,,55742,13,0,41,0,31,,55743,13,,,0,62,,55751,13,0,41,0,27,,55747,13,,,0,64,,55748,13,0,41,0,46,,55760,16,,,0,62,,55749,13,0,41,0,34,,55744,13,0,41,0,79,,55756,13,,,0
401,'S2-2_5',652,,55771,16,,,0,58,,55772,13,0,41,0,39,,55783,13,0,41,0,77,,55762,16,0,41,0,26,,55784,13,,,0,67,,55763,13,0,41,0,29,,55785,13,0,41,0,69,,55764,13,0,41,0,35,,55779,13,,,0,71,,55765,13,0,41,0,29,,55766,13,0,41,0,69,,55778,13,0,41,0,36,,55776,13,,,0,73,,55780,13,0,41,0,26,,55761,13,0,41,0,68,,55767,13,0,41,0,28,,55781,13,,,0,65,,55768,13,0,41,0,31,,55769,13,,,0,62,,55777,13,0,41,0,27,,55773,13,,,0,64,,55774,13,0,41,0,46,,55786,16,,,0,62,,55775,13,0,41,0,34,,55770,13,0,41,0,79,,55782,13,,,0
401,'S2-3_1',652,,55797,16,,,0,58,,55798,13,0,41,0,39,,55809,13,0,41,0,77,,55788,16,0,41,0,26,,55810,13,,,0,67,,55789,13,0,41,0,29,,55811,13,0,41,0,69,,55790,13,0,41,0,35,,55805,13,,,0,71,,55791,13,0,41,0,29,,55792,13,0,41,0,69,,55804,13,0,41,0,36,,55802,13,,,0,73,,55806,13,0,41,0,26,,55787,13,0,41,0,68,,55793,13,0,41,0,28,,55807,13,,,0,65,,55794,13,0,41,0,31,,55795,13,,,0,62,,55803,13,0,41,0,27,,55799,13,,,0,64,,55800,13,0,41,0,46,,55812,16,,,0,62,,55801,13,0,41,0,34,,55796,13,0,41,0,79,,55808,13,,,0
401,'S2-3_3',652,,55823,16,,,0,58,,55824,13,0,41,0,39,,55835,13,0,41,0,77,,55814,16,0,41,0,26,,55836,13,,,0,67,,55815,13,0,41,0,29,,55837,13,0,41,0,69,,55816,13,0,41,0,35,,55831,13,,,0,71,,55817,13,0,41,0,29,,55818,13,0,41,0,69,,55830,13,0,41,0,36,,55828,13,,,0,73,,55832,13,0,41,0,26,,55813,13,0,41,0,68,,55819,13,0,41,0,28,,55833,13,,,0,65,,55820,13,0,41,0,31,,55821,13,,,0,62,,55829,13,0,41,0,27,,55825,13,,,0,64,,55826,13,0,41,0,46,,55838,16,,,0,62,,55827,13,0,41,0,34,,55822,13,0,41,0,79,,55834,13,,,0
401,'S2-3_4',652,,55849,16,,,0,58,,55850,13,0,41,0,39,,55861,13,0,41,0,77,,55840,16,0,41,0,26,,55862,13,,,0,67,,55841,13,0,41,0,29,,55863,13,0,41,0,69,,55842,13,0,41,0,35,,55857,13,,,0,71,,55843,13,0,41,0,29,,55844,13,0,41,0,69,,55856,13,0,41,0,36,,55854,13,,,0,73,,55858,13,0,41,0,26,,55839,13,0,41,0,68,,55845,13,0,41,0,28,,55859,13,,,0,65,,55846,13,0,41,0,31,,55847,13,,,0,62,,55855,13,0,41,0,27,,55851,13,,,0,64,,55852,13,0,41,0,46,,55864,16,,,0,62,,55853,13,0,41,0,34,,55848,13,0,41,0,79,,55860,13,,,0
401,'S2-4_7',934,,55865,13,,,0,125,,55866,13,,,0,165,,55867,13,,,0,201,,55868,13,,,0,125,,55869,13,,,0,165,,55870,13,,,0,125,,55871,13,,,0
