701,'1_6',703,,16853,4,,,0,110,,16854,4,,,0,110,,16855,4,,,0,110,,16856,4,,,0,111,,16857,4,,,0,109,,16858,4,,,0,150,,16859,4,,,0,111,,16860,4,,,0,109,,16861,4,,,0,110,,16851,4,,,0,111,,16852,4,,,0
701,'5_1',701,,16862,4,,,0,112,,16863,4,,,0,109,,16864,4,,,0,110,,16865,4,,,0,111,,16866,4,,,0,110,,16867,4,,,0,149,,16868,4,,,0,108,,16869,4,,,0,110,,16870,4,,,0,110,,16871,4,,,0,113,,16872,4,,,0
701,'5_2',701,,16873,4,,,0,112,,16874,4,,,0,109,,16875,4,,,0,110,,16876,4,,,0,111,,16877,4,,,0,110,,16878,4,,,0,149,,16879,4,,,0,108,,16880,4,,,0,110,,16881,4,,,0,110,,16882,4,,,0,113,,16883,4,,,0
701,'5_4',701,,16884,4,,,0,112,,16885,4,,,0,109,,16886,4,,,0,110,,16887,4,,,0,111,,16888,4,,,0,110,,16889,4,,,0,149,,16890,4,,,0,108,,16891,4,,,0,110,,16892,4,,,0,110,,16893,4,,,0,113,,16894,4,,,0
701,'5_5',701,,16895,4,,,0,112,,16896,4,,,0,109,,16897,4,,,0,110,,16898,4,,,0,111,,16899,4,,,0,110,,16900,4,,,0,149,,16901,4,,,0,108,,16902,4,,,0,110,,16903,4,,,0,110,,16904,4,,,0,113,,16905,4,,,0
701,'6_3',701,,16906,4,,,0,112,,16907,4,,,0,109,,16908,4,,,0,110,,16909,4,,,0,111,,16910,4,,,0,110,,16911,4,,,0,149,,16912,4,,,0,108,,16913,4,,,0,110,,16914,4,,,0,110,,16915,4,,,0,113,,16916,4,,,0
2401,'5_1',724,,18147,8,0,18 19,0
2401,'5_2',724,,18151,8,0,18 19,0
2401,'5_4',724,,18155,8,0,18 19,0
2401,'5_5',724,,18159,8,0,18 19,0
2401,'6_3',724,,18163,8,0,18 19,0
