600,'2_6',753,,31710,15,0,11 12,0,93,,31712,15,0,11 12,0,92,,31713,15,0,11 12,0,87,,31714,15,0,11 12,0,90,,31715,15,0,11 12,0,89,,31716,15,0,11 12,0,48,,31717,15,0,11 12,0,90,,31718,15,0,11 12,0,87,,31719,15,0,11 12,0,99,,31720,15,0,11 12,0,89,,31721,15,0,11 12,0,91,,31722,15,0,11 12,0,51,,31723,15,0,11 12,0,95,,31724,15,0,11 12,0,81,,31711,15,0,11 12,0
600,'5_5',709,,39760,15,0,11 12,0,24,,39773,15,0,11 12,0,79,,39761,15,0,11 12,0,92,,39762,15,0,11 12,0,96,,39763,15,0,11 12,0,52,,39764,15,0,11 12,0,85,,39774,15,0,11 12,0,93,,39765,15,0,11 12,0,104,,39766,15,0,11 12,0,92,,39767,15,0,11 12,0,97,,39768,15,0,11 12,0,92,,39769,15,0,11 12,0,86,,39775,15,0,11 12,0,55,,39770,15,0,11 12,0,98,,39771,15,0,11 12,0,81,,39772,15,0,11 12,0
600,'6_1',709,,39776,15,0,11 12,0,24,,39789,15,0,11 12,0,79,,39777,15,0,11 12,0,92,,39778,15,0,11 12,0,96,,39779,15,0,11 12,0,52,,39780,15,0,11 12,0,85,,39790,15,0,11 12,0,93,,39781,15,0,11 12,0,104,,39782,15,0,11 12,0,92,,39783,15,0,11 12,0,97,,39784,15,0,11 12,0,92,,39785,15,0,11 12,0,86,,39791,15,0,11 12,0,55,,39786,15,0,11 12,0,98,,39787,15,0,11 12,0,81,,39788,15,0,11 12,0
600,'6_2',709,,44333,15,0,11 12,0,24,,44346,15,0,11 12,0,79,,44334,15,0,11 12,0,92,,44335,15,0,11 12,0,96,,44336,15,0,11 12,0,52,,44337,15,0,11 12,0,85,,44347,15,0,11 12,0,93,,44338,15,0,11 12,0,104,,44339,15,0,11 12,0,92,,44340,15,0,11 12,0,97,,44341,15,0,11 12,0,92,,44342,15,0,11 12,0,86,,44348,15,0,11 12,0,55,,44343,15,0,11 12,0,98,,44344,15,0,11 12,0,81,,44345,15,0,11 12,0
600,'6_3',709,,44349,15,0,11 12,0,24,,44362,15,0,11 12,0,79,,44350,15,0,11 12,0,92,,44351,15,0,11 12,0,96,,44352,15,0,11 12,0,52,,44353,15,0,11 12,0,85,,44363,15,0,11 12,0,93,,44354,15,0,11 12,0,104,,44355,15,0,11 12,0,92,,44356,15,0,11 12,0,97,,44357,15,0,11 12,0,92,,44358,15,0,11 12,0,86,,44364,15,0,11 12,0,55,,44359,15,0,11 12,0,98,,44360,15,0,11 12,0,81,,44361,15,0,11 12,0
600,'6_4',709,,44365,15,0,11 12,0,24,,44378,15,0,11 12,0,79,,44366,15,0,11 12,0,92,,44367,15,0,11 12,0,96,,44368,15,0,11 12,0,52,,44369,15,0,11 12,0,85,,44379,15,0,11 12,0,93,,44370,15,0,11 12,0,104,,44371,15,0,11 12,0,92,,44372,15,0,11 12,0,97,,44373,15,0,11 12,0,92,,44374,15,0,11 12,0,86,,44380,15,0,11 12,0,55,,44375,15,0,11 12,0,98,,44376,15,0,11 12,0,81,,44377,15,0,11 12,0
600,'7_1',704,,46997,15,,,0,20,,47011,15,0,11 12,0,92,,46998,15,,,0,110,,46999,15,0,11 12,0,101,,47000,15,0,11 12,0,91,,47001,15,0,11 12,0,110,,47002,15,0,11 12,0,106,,47003,15,0,11 12,0,97,,47012,15,0,11 12,0,92,,47004,15,0,11 12,0,96,,47005,15,0,11 12,0,40,,47006,15,0,11 12,0,84,,47007,15,0,11 12,0,76,,47008,15,0,11 12,0,32,,47009,15,0,11 12,0,81,,47010,15,0,11 12,0
601,'2_6',749,,31815,16,,,0,91,,31817,16,,,0,96,,31818,16,,,0,92,,31819,16,,,0,89,,31820,16,,,0,88,,31821,16,,,0,48,,31822,16,,,0,90,,31823,16,,,0,89,,31824,16,,,0,88,,31825,16,,,0,100,,31826,16,,,0,92,,31827,16,,,0,94,,31828,16,,,0,45,,31829,16,,,0,90,,31816,16,,,0
601,'5_5',618,,39843,16,,,0,110,,39857,16,,,0,92,,39844,16,,,0,94,,39845,16,,,0,92,,39846,16,,,0,45,,39847,16,,,0,93,,39858,16,,,0,83,,39848,16,,,0,20,,39849,16,,,0,96,,39850,16,,,0,85,,39851,16,,,0,102,,39852,16,,,0,85,,39853,16,,,0,95,,39854,16,,,0,49,,39859,16,,,0,88,,39855,16,,,0,94,,39856,16,,,0
601,'6_1',618,,39860,16,,,0,110,,39874,16,,,0,92,,39861,16,,,0,94,,39862,16,,,0,92,,39863,16,,,0,45,,39864,16,,,0,93,,39875,16,,,0,83,,39865,16,,,0,20,,39866,16,,,0,96,,39867,16,,,0,85,,39868,16,,,0,102,,39869,16,,,0,85,,39870,16,,,0,95,,39871,16,,,0,49,,39876,16,,,0,88,,39872,16,,,0,94,,39873,16,,,0
601,'6_2',618,,44381,16,,,0,110,,44395,16,,,0,92,,44382,16,,,0,94,,44383,16,,,0,92,,44384,16,,,0,45,,44385,16,,,0,93,,44396,16,,,0,83,,44386,16,,,0,20,,44387,16,,,0,96,,44388,16,,,0,85,,44389,16,,,0,102,,44390,16,,,0,85,,44391,16,,,0,95,,44392,16,,,0,49,,44397,16,,,0,88,,44393,16,,,0,94,,44394,16,,,0
601,'6_3',618,,44398,16,,,0,110,,44412,16,,,0,92,,44399,16,,,0,94,,44400,16,,,0,92,,44401,16,,,0,45,,44402,16,,,0,93,,44413,16,,,0,83,,44403,16,,,0,20,,44404,16,,,0,96,,44405,16,,,0,85,,44406,16,,,0,102,,44407,16,,,0,85,,44408,16,,,0,95,,44409,16,,,0,49,,44414,16,,,0,88,,44410,16,,,0,94,,44411,16,,,0
601,'6_4',618,,44415,16,,,0,110,,44429,16,,,0,92,,44416,16,,,0,94,,44417,16,,,0,92,,44418,16,,,0,45,,44419,16,,,0,93,,44430,16,,,0,83,,44420,16,,,0,20,,44421,16,,,0,96,,44422,16,,,0,85,,44423,16,,,0,102,,44424,16,,,0,85,,44425,16,,,0,95,,44426,16,,,0,49,,44431,16,,,0,88,,44427,16,,,0,94,,44428,16,,,0
601,'7_1',619,,47013,16,,,0,108,,47026,16,,,0,95,,47014,16,,,0,103,,47015,16,,,0,99,,47016,16,,,0,100,,47017,16,,,0,105,,47030,16,,,0,20,,47018,16,,,0,81,,47019,16,,,0,104,,47020,16,,,0,94,,47021,16,,,0,82,,47027,16,,,0,38,,47022,17,,,0,80,,47028,16,,,0,26,,47023,17,,,0,69,,47029,17,,,0,26,,47024,16,,,0,94,,47025,16,,,0
