201,'0_6',707,,63705,10,0,62,0,141,,63706,10,0,20,0,100,,63707,10,0,62,0,110,,63708,10,0,64,0,151,,63709,10,0,20,0,104,,63710,10,0,20,0,105,,63711,10,0,20,0,105,,63712,10,0,20,0,101,,63713,10,0,20,0,103,,63714,10,0,20,0,105,,63715,10,0,62,0,94,,63716,10,0,21,0
201,'2_1',707,,63749,10,0,62,0,141,,63750,10,0,20,0,100,,63751,10,0,62,0,110,,63752,10,0,64,0,151,,63753,10,0,20,0,104,,63754,10,0,20,0,105,,63755,10,0,20,0,105,,63756,10,0,20,0,101,,63757,10,0,20,0,103,,63758,10,0,20,0,105,,63759,10,0,62,0,94,,63760,10,0,21,0
201,'2_2',707,,63785,10,0,62,0,141,,63786,10,0,20,0,100,,63787,10,0,62,0,110,,63788,10,0,64,0,151,,63789,10,0,20,0,104,,63790,10,0,20,0,105,,63791,10,0,20,0,105,,63792,10,0,20,0,101,,63793,10,0,20,0,103,,63794,10,0,20,0,105,,63795,10,0,62,0,94,,63796,10,0,21,0
201,'2_3',707,,63821,10,0,62,0,141,,63822,10,0,20,0,100,,63823,10,0,62,0,110,,63824,10,0,64,0,151,,63825,10,0,20,0,104,,63826,10,0,20,0,105,,63827,10,0,20,0,105,,63828,10,0,20,0,101,,63829,10,0,20,0,103,,63830,10,0,20,0,105,,63831,10,0,62,0,94,,63832,10,0,21,0
201,'2_4',707,,63857,10,0,62,0,141,,63858,10,0,20,0,100,,63859,10,0,62,0,110,,63860,10,0,64,0,151,,63861,10,0,20,0,104,,63862,10,0,20,0,105,,63863,10,0,20,0,105,,63864,10,0,20,0,101,,63865,10,0,20,0,103,,63866,10,0,20,0,105,,63867,10,0,62,0,94,,63868,10,0,21,0
201,'2_5',707,,63893,10,0,62,0,141,,63894,10,0,20,0,100,,63895,10,0,62,0,110,,63896,10,0,64,0,151,,63897,10,0,20,0,104,,63898,10,0,20,0,105,,63899,10,0,20,0,105,,63900,10,0,20,0,101,,63901,10,0,20,0,103,,63902,10,0,20,0,105,,63903,10,0,62,0,94,,63904,10,0,21,0
201,'3_1',707,,63929,10,0,62,0,141,,63930,10,0,20,0,100,,63931,10,0,62,0,110,,63932,10,0,64,0,151,,63933,10,0,20,0,104,,63934,10,0,20,0,105,,63935,10,0,20,0,105,,63936,10,0,20,0,101,,63937,10,0,20,0,103,,63938,10,0,20,0,105,,63939,10,0,62,0,94,,63940,10,0,21,0
201,'3_3',707,,63965,10,0,62,0,141,,63966,10,0,20,0,100,,63967,10,0,62,0,110,,63968,10,0,64,0,151,,63969,10,0,20,0,104,,63970,10,0,20,0,105,,63971,10,0,20,0,105,,63972,10,0,20,0,101,,63973,10,0,20,0,103,,63974,10,0,20,0,105,,63975,10,0,62,0,94,,63976,10,0,21,0
201,'3_4',707,,64001,10,0,62,0,141,,64002,10,0,20,0,100,,64003,10,0,62,0,110,,64004,10,0,64,0,151,,64005,10,0,20,0,104,,64006,10,0,20,0,105,,64007,10,0,20,0,105,,64008,10,0,20,0,101,,64009,10,0,20,0,103,,64010,10,0,20,0,105,,64011,10,0,62,0,94,,64012,10,0,21,0
201,'3_5',707,,64037,10,0,62,0,141,,64038,10,0,20,0,100,,64039,10,0,62,0,110,,64040,10,0,64,0,151,,64041,10,0,20,0,104,,64042,10,0,20,0,105,,64043,10,0,20,0,105,,64044,10,0,20,0,101,,64045,10,0,20,0,103,,64046,10,0,20,0,105,,64047,10,0,62,0,94,,64048,10,0,21,0
