401,'S2-1_6',649,,8835,4,,,0,154,,8842,4,0,41,0,35,,8836,4,,,0,69,,8843,4,0,41,0,32,,8844,4,0,41,0,67,,8845,4,0,41,0,32,,8837,4,,,0,70,,8846,4,0,41,0,31,,8847,4,0,41,0,71,,8848,4,0,41,0,30,,8838,4,,,0,69,,8849,4,0,41,0,29,,8850,4,0,41,0,70,,8851,4,0,41,0,31,,8839,4,,,0,69,,8852,4,0,41,0,32,,8853,4,0,41,0,73,,8854,4,0,41,0,31,,8840,4,,,0,71,,8855,4,0,41,0,33,,8856,4,0,41,0,72,,8857,4,0,41,0,31,,8858,4,0,41,0,70,,8841,4,,,0
401,'S2-4_7',904,,8859,4,0,41,0,100,,8860,4,0,41,0,100,,8861,4,0,41,0,100,,8862,4,0,41,0,100,,8863,4,0,41,0,100,,8864,4,0,41,0,100,,8865,4,0,41,0,100,,8866,4,0,41,0,100,,8867,4,0,41,0,100,,8868,4,0,41,0
401,'S2-5_1',644,,8886,4,0,41,0,56,,8870,4,0,41,0,8,,8887,4,0,41,0,22,,8871,4,0,41,0,12,,8894,4,,,0,66,,8872,4,0,41,0,11,,8873,4,0,41,0,39,,8874,4,0,41,0,76,,8875,4,0,41,0,75,,8876,4,0,41,0,35,,8896,4,,,0,71,,8877,4,0,41,0,28,,8878,4,0,41,0,57,,8895,4,,,0,30,,8891,4,0,41,0,73,,8897,4,,,0,34,,8869,7,0,41,0,77,,8879,4,0,41,0,30,,8898,4,,,0,66,,8880,4,0,41,0,28,,8881,4,0,41,0,15,,8882,4,0,41,0,50,,8892,4,0,41,0,18,,8888,4,0,41,0,23,,8883,4,0,41,0,8,,8889,4,0,41,0,51,,8893,4,,,0,38,,8884,4,0,41,0,15,,8890,4,0,41,0,85,,8885,4,0,41,0,67,,8899,4,,,0
401,'S2-5_2',644,,8918,4,0,41,0,56,,8902,4,0,41,0,8,,8919,4,0,41,0,22,,8903,4,0,41,0,12,,8926,4,,,0,66,,8904,4,0,41,0,11,,8905,4,0,41,0,39,,8906,4,0,41,0,76,,8907,4,0,41,0,75,,8908,4,0,41,0,35,,8928,4,,,0,71,,8909,4,0,41,0,28,,8910,4,0,41,0,57,,8927,4,,,0,30,,8923,4,0,41,0,73,,8929,4,,,0,34,,8901,7,0,41,0,77,,8911,4,0,41,0,30,,8930,4,,,0,66,,8912,4,0,41,0,28,,8913,4,0,41,0,15,,8914,4,0,41,0,50,,8924,4,0,41,0,18,,8920,4,0,41,0,23,,8915,4,0,41,0,8,,8921,4,0,41,0,51,,8925,4,,,0,38,,8916,4,0,41,0,15,,8922,4,0,41,0,85,,8917,4,0,41,0,67,,8931,4,,,0
401,'S2-5_4',644,,8950,4,0,41,0,56,,8934,4,0,41,0,8,,8951,4,0,41,0,22,,8935,4,0,41,0,12,,8958,4,,,0,66,,8936,4,0,41,0,11,,8937,4,0,41,0,39,,8938,4,0,41,0,76,,8939,4,0,41,0,75,,8940,4,0,41,0,35,,8960,4,,,0,71,,8941,4,0,41,0,28,,8942,4,0,41,0,57,,8959,4,,,0,30,,8955,4,0,41,0,73,,8961,4,,,0,34,,8933,7,0,41,0,77,,8943,4,0,41,0,30,,8962,4,,,0,66,,8944,4,0,41,0,28,,8945,4,0,41,0,15,,8946,4,0,41,0,50,,8956,4,0,41,0,18,,8952,4,0,41,0,23,,8947,4,0,41,0,8,,8953,4,0,41,0,51,,8957,4,,,0,38,,8948,4,0,41,0,15,,8954,4,0,41,0,85,,8949,4,0,41,0,67,,8963,4,,,0
401,'S2-5_5',644,,8982,4,0,41,0,56,,8966,4,0,41,0,8,,8983,4,0,41,0,22,,8967,4,0,41,0,12,,8990,4,,,0,66,,8968,4,0,41,0,11,,8969,4,0,41,0,39,,8970,4,0,41,0,76,,8971,4,0,41,0,75,,8972,4,0,41,0,35,,8992,4,,,0,71,,8973,4,0,41,0,28,,8974,4,0,41,0,57,,8991,4,,,0,30,,8987,4,0,41,0,73,,8993,4,,,0,34,,8965,7,0,41,0,77,,8975,4,0,41,0,30,,8994,4,,,0,66,,8976,4,0,41,0,28,,8977,4,0,41,0,15,,8978,4,0,41,0,50,,8988,4,0,41,0,18,,8984,4,0,41,0,23,,8979,4,0,41,0,8,,8985,4,0,41,0,51,,8989,4,,,0,38,,8980,4,0,41,0,15,,8986,4,0,41,0,85,,8981,4,0,41,0,67,,8995,4,,,0
401,'S2-6_3',644,,9014,4,0,41,0,56,,8998,4,0,41,0,8,,9015,4,0,41,0,22,,8999,4,0,41,0,12,,9022,4,,,0,66,,9000,4,0,41,0,11,,9001,4,0,41,0,39,,9002,4,0,41,0,76,,9003,4,0,41,0,75,,9004,4,0,41,0,35,,9024,4,,,0,71,,9005,4,0,41,0,28,,9006,4,0,41,0,57,,9023,4,,,0,30,,9019,4,0,41,0,73,,9025,4,,,0,34,,8997,7,0,41,0,77,,9007,4,0,41,0,30,,9026,4,,,0,66,,9008,4,0,41,0,28,,9009,4,0,41,0,15,,9010,4,0,41,0,50,,9020,4,0,41,0,18,,9016,4,0,41,0,23,,9011,4,0,41,0,8,,9017,4,0,41,0,51,,9021,4,,,0,38,,9012,4,0,41,0,15,,9018,4,0,41,0,85,,9013,4,0,41,0,67,,9027,4,,,0
2301,'S2-5_1',710,,10725,7,,,0
2301,'S2-5_2',710,,10728,7,,,0
2301,'S2-5_4',710,,10731,7,,,0
2301,'S2-5_5',710,,10734,7,,,0
2301,'S2-6_3',710,,10737,7,,,0
