2600,'2_6',720,,33480,9,,,0,85,,33481,9,,,0,44,,33482,9,,,0,85,,33483,9,,,0,84,,33484,9,,,0,90,,33485,9,,,0,44,,33486,9,,,0,82,,33487,9,,,0,84,,33488,9,,,0,85,,33489,9,,,0,43,,33490,9,,,0,86,,33491,9,,,0,90,,33492,9,,,0,87,,33493,9,,,0,43,,33494,9,,,0,85,,33495,9,,,0,83,,33496,9,,,0
2600,'5_1',720,,37813,9,,,0,85,,37814,9,,,0,44,,37815,9,,,0,85,,37816,9,,,0,84,,37817,9,,,0,90,,37818,9,,,0,44,,37819,9,,,0,82,,37820,9,,,0,84,,37821,9,,,0,85,,37822,9,,,0,43,,37823,9,,,0,86,,37824,9,,,0,90,,37825,9,,,0,87,,37826,9,,,0,43,,37827,9,,,0,85,,37828,9,,,0,83,,37829,9,,,0
2600,'5_2',720,,40800,9,,,0,85,,40801,9,,,0,44,,40802,9,,,0,85,,40803,9,,,0,84,,40804,9,,,0,90,,40805,9,,,0,44,,40806,9,,,0,82,,40807,9,,,0,84,,40808,9,,,0,85,,40809,9,,,0,43,,40810,9,,,0,86,,40811,9,,,0,90,,40812,9,,,0,87,,40813,9,,,0,43,,40814,9,,,0,85,,40815,9,,,0,83,,40816,9,,,0
2600,'5_3',720,,40817,9,,,0,85,,40818,9,,,0,44,,40819,9,,,0,85,,40820,9,,,0,84,,40821,9,,,0,90,,40822,9,,,0,44,,40823,9,,,0,82,,40824,9,,,0,84,,40825,9,,,0,85,,40826,9,,,0,43,,40827,9,,,0,86,,40828,9,,,0,90,,40829,9,,,0,87,,40830,9,,,0,43,,40831,9,,,0,85,,40832,9,,,0,83,,40833,9,,,0
2600,'5_4',720,,40834,9,,,0,85,,40835,9,,,0,44,,40836,9,,,0,85,,40837,9,,,0,84,,40838,9,,,0,90,,40839,9,,,0,44,,40840,9,,,0,82,,40841,9,,,0,84,,40842,9,,,0,85,,40843,9,,,0,43,,40844,9,,,0,86,,40845,9,,,0,90,,40846,9,,,0,87,,40847,9,,,0,43,,40848,9,,,0,85,,40849,9,,,0,83,,40850,9,,,0
2600,'5_5',720,,40851,9,,,0,85,,40852,9,,,0,44,,40853,9,,,0,85,,40854,9,,,0,84,,40855,9,,,0,90,,40856,9,,,0,44,,40857,9,,,0,82,,40858,9,,,0,84,,40859,9,,,0,85,,40860,9,,,0,43,,40861,9,,,0,86,,40862,9,,,0,90,,40863,9,,,0,87,,40864,9,,,0,43,,40865,9,,,0,85,,40866,9,,,0,83,,40867,9,,,0
2600,'6_1',720,,40868,9,,,0,85,,40869,9,,,0,44,,40870,9,,,0,85,,40871,9,,,0,84,,40872,9,,,0,90,,40873,9,,,0,44,,40874,9,,,0,82,,40875,9,,,0,84,,40876,9,,,0,85,,40877,9,,,0,43,,40878,9,,,0,86,,40879,9,,,0,90,,40880,9,,,0,87,,40881,9,,,0,43,,40882,9,,,0,85,,40883,9,,,0,83,,40884,9,,,0
2600,'6_2',720,,44990,9,,,0,85,,44991,9,,,0,44,,44992,9,,,0,85,,44993,9,,,0,84,,44994,9,,,0,90,,44995,9,,,0,44,,44996,9,,,0,82,,44997,9,,,0,84,,44998,9,,,0,85,,44999,9,,,0,43,,45000,9,,,0,86,,45001,9,,,0,90,,45002,9,,,0,87,,45003,9,,,0,43,,45004,9,,,0,85,,45005,9,,,0,83,,45006,9,,,0
2600,'6_3',720,,45007,9,,,0,85,,45008,9,,,0,44,,45009,9,,,0,85,,45010,9,,,0,84,,45011,9,,,0,90,,45012,9,,,0,44,,45013,9,,,0,82,,45014,9,,,0,84,,45015,9,,,0,85,,45016,9,,,0,43,,45017,9,,,0,86,,45018,9,,,0,90,,45019,9,,,0,87,,45020,9,,,0,43,,45021,9,,,0,85,,45022,9,,,0,83,,45023,9,,,0
2600,'6_4',720,,45024,9,,,0,85,,45025,9,,,0,44,,45026,9,,,0,85,,45027,9,,,0,84,,45028,9,,,0,90,,45029,9,,,0,44,,45030,9,,,0,82,,45031,9,,,0,84,,45032,9,,,0,85,,45033,9,,,0,43,,45034,9,,,0,86,,45035,9,,,0,90,,45036,9,,,0,87,,45037,9,,,0,43,,45038,9,,,0,85,,45039,9,,,0,83,,45040,9,,,0
