601,'S2-1_6',744,,9291,12,,,0,90,,9293,12,,,0,96,,9294,12,,,0,93,,9295,12,,,0,89,,9296,12,,,0,88,,9297,12,,,0,48,,9298,12,,,0,90,,9299,12,,,0,88,,9300,12,,,0,89,,9301,12,,,0,100,,9302,12,,,0,91,,9303,12,,,0,94,,9304,12,,,0,47,,9305,12,,,0,90,,9292,12,,,0
601,'S2-5_1',614,,9306,12,,,0,108,,9319,12,,,0,96,,9307,12,,,0,102,,9308,12,,,0,99,,9309,12,,,0,100,,9310,12,,,0,103,,9323,12,,,0,22,,9311,12,,,0,80,,9312,12,,,0,104,,9313,12,,,0,94,,9314,12,,,0,80,,9320,12,,,0,40,,9315,13,,,0,75,,9321,12,,,0,28,,9316,13,,,0,72,,9322,13,,,0,27,,9317,12,,,0,94,,9318,12,,,0
601,'S2-5_2',614,,9324,12,,,0,108,,9337,12,,,0,96,,9325,12,,,0,102,,9326,12,,,0,99,,9327,12,,,0,100,,9328,12,,,0,103,,9341,12,,,0,22,,9329,12,,,0,80,,9330,12,,,0,104,,9331,12,,,0,94,,9332,12,,,0,80,,9338,12,,,0,40,,9333,13,,,0,75,,9339,12,,,0,28,,9334,13,,,0,72,,9340,13,,,0,27,,9335,12,,,0,94,,9336,12,,,0
601,'S2-5_4',614,,9342,12,,,0,108,,9355,12,,,0,96,,9343,12,,,0,102,,9344,12,,,0,99,,9345,12,,,0,100,,9346,12,,,0,103,,9359,12,,,0,22,,9347,12,,,0,80,,9348,12,,,0,104,,9349,12,,,0,94,,9350,12,,,0,80,,9356,12,,,0,40,,9351,13,,,0,75,,9357,12,,,0,28,,9352,13,,,0,72,,9358,13,,,0,27,,9353,12,,,0,94,,9354,12,,,0
601,'S2-5_5',614,,9360,12,,,0,108,,9373,12,,,0,96,,9361,12,,,0,102,,9362,12,,,0,99,,9363,12,,,0,100,,9364,12,,,0,103,,9377,12,,,0,22,,9365,12,,,0,80,,9366,12,,,0,104,,9367,12,,,0,94,,9368,12,,,0,80,,9374,12,,,0,40,,9369,13,,,0,75,,9375,12,,,0,28,,9370,13,,,0,72,,9376,13,,,0,27,,9371,12,,,0,94,,9372,12,,,0
601,'S2-6_3',614,,9378,12,,,0,108,,9392,12,,,0,96,,9379,12,,,0,102,,9380,12,,,0,99,,9381,12,,,0,100,,9382,12,,,0,103,,9383,13,,,0,22,,9384,12,,,0,80,,9385,12,,,0,104,,9386,12,,,0,94,,9387,12,,,0,80,,9393,12,,,0,40,,9388,13,,,0,75,,9394,12,,,0,28,,9389,13,,,0,72,,9395,13,,,0,27,,9390,12,,,0,94,,9391,12,,,0
901,'S2-1_6',742,,9760,8,0,23 24,0,99,,9772,8,0,25,0,367,,9770,8,0,25,0,319,,9768,8,0,25,0,82,,9761,8,0,23 24,0,103,,9762,8,0,23 24,0,135,,9763,8,0,23 24,0,90,,9764,8,0,23 24,0
901,'S2-5_1',743,,9773,8,0,26,0,66,,9774,8,0,27 28 29,0,102,,9779,8,0,23 24,0,192,,9780,8,0,23 24,0,107,,9775,8,0,27 28 29,0,34,,9784,8,,,0,105,,9781,8,0,23 24,0,151,,9782,8,0,23 24,0,110,,9776,8,0,27 28 29,0,21,,9787,8,,,0,79,,9777,8,0,27 28 29,0,100,,9778,8,0,27 28 29,0,127,,9788,8,,,0
901,'S2-5_2',743,,9789,8,0,26,0,66,,9790,8,0,27 28 29,0,102,,9795,8,0,23 24,0,192,,9796,8,0,23 24,0,107,,9791,8,0,27 28 29,0,34,,9800,8,,,0,105,,9797,8,0,23 24,0,151,,9798,8,0,23 24,0,110,,9792,8,0,27 28 29,0,21,,9803,8,,,0,79,,9793,8,0,27 28 29,0,100,,9794,8,0,27 28 29,0,127,,9804,8,,,0
901,'S2-5_4',743,,9805,8,0,26,0,66,,9806,8,0,27 28 29,0,102,,9811,8,0,23 24,0,192,,9812,8,0,23 24,0,107,,9807,8,0,27 28 29,0,34,,9816,8,,,0,105,,9813,8,0,23 24,0,151,,9814,8,0,23 24,0,110,,9808,8,0,27 28 29,0,21,,9819,8,,,0,79,,9809,8,0,27 28 29,0,100,,9810,8,0,27 28 29,0,127,,9820,8,,,0
901,'S2-5_5',743,,9821,8,0,26,0,66,,9822,8,0,27 28 29,0,102,,9827,8,0,23 24,0,192,,9828,8,0,23 24,0,107,,9823,8,0,27 28 29,0,34,,9832,8,,,0,105,,9829,8,0,23 24,0,151,,9830,8,0,23 24,0,110,,9824,8,0,27 28 29,0,21,,9835,8,,,0,79,,9825,8,0,27 28 29,0,100,,9826,8,0,27 28 29,0,127,,9836,8,,,0
901,'S2-6_3',743,,9837,8,0,26,0,66,,9838,8,0,27 28 29,0,102,,9843,8,0,23 24,0,192,,9844,8,0,23 24,0,107,,9839,8,0,27 28 29,0,34,,9848,8,,,0,105,,9845,8,0,23 24,0,151,,9846,8,0,23 24,0,110,,9840,8,0,27 28 29,0,21,,9851,8,,,0,79,,9841,8,0,27 28 29,0,100,,9842,8,0,27 28 29,0,127,,9852,8,,,0
1901,'S2-5_1',1610,,10540,8,,,0,100,,10541,8,,,0,100,,10542,8,,,0
1901,'S2-5_2',1610,,10549,8,,,0,100,,10550,8,,,0,100,,10551,8,,,0
1901,'S2-5_4',1610,,10558,8,,,0,100,,10559,8,,,0,100,,10560,8,,,0
1901,'S2-5_5',1610,,10567,8,,,0,100,,10568,8,,,0,100,,10569,8,,,0
1901,'S2-6_3',1210,,10579,8,,,0,34,,10580,8,,,0
