101,'2_6',655,,30129,4,0,5,0,150,,30130,4,0,5,0,109,,30131,4,0,5,0,29,,30142,4,0,6,0,69,,30132,4,0,5,0,31,,30143,4,0,6,0,70,,30133,4,0,5,0,31,,30144,4,0,6,0,70,,30134,4,0,5,0,30,,30145,4,0,6,0,70,,30135,4,0,5,0,29,,30146,4,0,6,0,68,,30136,4,0,5,0,31,,30147,4,0,6,0,70,,30137,4,0,5,0,32,,30148,4,0,6,0,70,,30138,4,0,5,0,29,,30149,4,0,6,0,72,,30139,4,0,5,0,31,,30150,4,0,6,0,79,,30140,4,0,5,0,25,,30151,4,0,6,0,67,,30141,4,0,5,0
101,'3_7',901,,30152,4,0,6,0,105,,30157,4,0,5,0,105,,30153,4,0,6,0,105,,30158,4,0,5,0,105,,30154,4,0,6,0,90,,30159,4,0,5,0,100,,30155,4,0,6,0,105,,30160,4,0,5,0,105,,30156,4,0,6,0,105,,30161,4,0,5,0
101,'5_1',656,,37353,10,0,6,0,53,,37379,4,0,5,0,15,,37354,10,0,6,0,14,,37378,4,0,5,0,15,,37355,10,0,6,0,55,,37380,10,0,5,0,16,,37368,4,0,17,0,25,,37359,4,0,6,0,80,,37369,10,0,5,0,75,,37360,4,0,6,0,40,,37371,4,0,5,0,79,,37361,4,0,6,0,27,,37372,4,0,5,0,60,,37362,4,0,6,0,35,,37373,4,0,5,0,76,,37356,10,0,6,0,28,,37370,10,0,5,0,70,,37363,4,0,6,0,25,,37374,4,0,5,0,70,,37364,4,0,6,0,24,,37375,4,0,5,0,69,,37365,4,0,6,0,30,,37366,4,0,5,0,75,,37367,4,0,6,0,37,,37357,10,0,6,0,74,,37376,10,0,5,0,29,,37358,10,0,6,0,71,,37377,10,0,5,0
101,'5_2',656,,38497,10,0,6,0,53,,38523,4,0,5,0,15,,38498,10,0,6,0,14,,38522,4,0,5,0,15,,38499,10,0,6,0,55,,38524,10,0,5,0,16,,38512,4,0,17,0,25,,38503,4,0,6,0,80,,38513,10,0,5,0,75,,38504,4,0,6,0,40,,38515,4,0,5,0,79,,38505,4,0,6,0,27,,38516,4,0,5,0,60,,38506,4,0,6,0,35,,38517,4,0,5,0,76,,38500,10,0,6,0,28,,38514,10,0,5,0,70,,38507,4,0,6,0,25,,38518,4,0,5,0,70,,38508,4,0,6,0,24,,38519,4,0,5,0,69,,38509,4,0,6,0,30,,38510,4,0,5,0,75,,38511,4,0,6,0,37,,38501,10,0,6,0,74,,38520,10,0,5,0,29,,38502,10,0,6,0,71,,38521,10,0,5,0
101,'5_3',656,,38525,10,0,6,0,53,,38551,4,0,5,0,15,,38526,10,0,6,0,14,,38550,4,0,5,0,15,,38527,10,0,6,0,55,,38552,10,0,5,0,16,,38540,4,0,17,0,25,,38531,4,0,6,0,80,,38541,10,0,5,0,75,,38532,4,0,6,0,40,,38543,4,0,5,0,79,,38533,4,0,6,0,27,,38544,4,0,5,0,60,,38534,4,0,6,0,35,,38545,4,0,5,0,76,,38528,10,0,6,0,28,,38542,10,0,5,0,70,,38535,4,0,6,0,25,,38546,4,0,5,0,70,,38536,4,0,6,0,24,,38547,4,0,5,0,69,,38537,4,0,6,0,30,,38538,4,0,5,0,75,,38539,4,0,6,0,37,,38529,10,0,6,0,74,,38548,10,0,5,0,29,,38530,10,0,6,0,71,,38549,10,0,5,0
101,'5_4',656,,38553,10,0,6,0,53,,38579,4,0,5,0,15,,38554,10,0,6,0,14,,38578,4,0,5,0,15,,38555,10,0,6,0,55,,38580,10,0,5,0,16,,38568,4,0,17,0,25,,38559,4,0,6,0,80,,38569,10,0,5,0,75,,38560,4,0,6,0,40,,38571,4,0,5,0,79,,38561,4,0,6,0,27,,38572,4,0,5,0,60,,38562,4,0,6,0,35,,38573,4,0,5,0,76,,38556,10,0,6,0,28,,38570,10,0,5,0,70,,38563,4,0,6,0,25,,38574,4,0,5,0,70,,38564,4,0,6,0,24,,38575,4,0,5,0,69,,38565,4,0,6,0,30,,38566,4,0,5,0,75,,38567,4,0,6,0,37,,38557,10,0,6,0,74,,38576,10,0,5,0,29,,38558,10,0,6,0,71,,38577,10,0,5,0
101,'5_5',656,,38581,10,0,6,0,53,,38607,4,0,5,0,15,,38582,10,0,6,0,14,,38606,4,0,5,0,15,,38583,10,0,6,0,55,,38608,10,0,5,0,16,,38596,4,0,17,0,25,,38587,4,0,6,0,80,,38597,10,0,5,0,75,,38588,4,0,6,0,40,,38599,4,0,5,0,79,,38589,4,0,6,0,27,,38600,4,0,5,0,60,,38590,4,0,6,0,35,,38601,4,0,5,0,76,,38584,10,0,6,0,28,,38598,10,0,5,0,70,,38591,4,0,6,0,25,,38602,4,0,5,0,70,,38592,4,0,6,0,24,,38603,4,0,5,0,69,,38593,4,0,6,0,30,,38594,4,0,5,0,75,,38595,4,0,6,0,37,,38585,10,0,6,0,74,,38604,10,0,5,0,29,,38586,10,0,6,0,71,,38605,10,0,5,0
101,'6_1',656,,38609,10,0,6,0,53,,38635,4,0,5,0,15,,38610,10,0,6,0,14,,38634,4,0,5,0,15,,38611,10,0,6,0,55,,38636,10,0,5,0,16,,38624,4,0,17,0,25,,38615,4,0,6,0,80,,38625,10,0,5,0,75,,38616,4,0,6,0,40,,38627,4,0,5,0,79,,38617,4,0,6,0,27,,38628,4,0,5,0,60,,38618,4,0,6,0,35,,38629,4,0,5,0,76,,38612,10,0,6,0,28,,38626,10,0,5,0,70,,38619,4,0,6,0,25,,38630,4,0,5,0,70,,38620,4,0,6,0,24,,38631,4,0,5,0,69,,38621,4,0,6,0,30,,38622,4,0,5,0,75,,38623,4,0,6,0,37,,38613,10,0,6,0,74,,38632,10,0,5,0,29,,38614,10,0,6,0,71,,38633,10,0,5,0
101,'6_2',656,,43604,10,0,6,0,53,,43630,4,0,5,0,15,,43605,10,0,6,0,14,,43629,4,0,5,0,15,,43606,10,0,6,0,55,,43631,10,0,5,0,16,,43619,4,0,17,0,25,,43610,4,0,6,0,80,,43620,10,0,5,0,75,,43611,4,0,6,0,40,,43622,4,0,5,0,79,,43612,4,0,6,0,27,,43623,4,0,5,0,60,,43613,4,0,6,0,35,,43624,4,0,5,0,76,,43607,10,0,6,0,28,,43621,10,0,5,0,70,,43614,4,0,6,0,25,,43625,4,0,5,0,70,,43615,4,0,6,0,24,,43626,4,0,5,0,69,,43616,4,0,6,0,30,,43617,4,0,5,0,75,,43618,4,0,6,0,37,,43608,10,0,6,0,74,,43627,10,0,5,0,29,,43609,10,0,6,0,71,,43628,10,0,5,0
101,'6_3',656,,43632,10,0,6,0,53,,43658,4,0,5,0,15,,43633,10,0,6,0,14,,43657,4,0,5,0,15,,43634,10,0,6,0,55,,43659,10,0,5,0,16,,43647,4,0,17,0,25,,43638,4,0,6,0,80,,43648,10,0,5,0,75,,43639,4,0,6,0,40,,43650,4,0,5,0,79,,43640,4,0,6,0,27,,43651,4,0,5,0,60,,43641,4,0,6,0,35,,43652,4,0,5,0,76,,43635,10,0,6,0,28,,43649,10,0,5,0,70,,43642,4,0,6,0,25,,43653,4,0,5,0,70,,43643,4,0,6,0,24,,43654,4,0,5,0,69,,43644,4,0,6,0,30,,43645,4,0,5,0,75,,43646,4,0,6,0,37,,43636,10,0,6,0,74,,43655,10,0,5,0,29,,43637,10,0,6,0,71,,43656,10,0,5,0
101,'6_4',656,,43660,10,0,6,0,53,,43686,4,0,5,0,15,,43661,10,0,6,0,14,,43685,4,0,5,0,15,,43662,10,0,6,0,55,,43687,10,0,5,0,16,,43675,4,0,17,0,25,,43666,4,0,6,0,80,,43676,10,0,5,0,75,,43667,4,0,6,0,40,,43678,4,0,5,0,79,,43668,4,0,6,0,27,,43679,4,0,5,0,60,,43669,4,0,6,0,35,,43680,4,0,5,0,76,,43663,10,0,6,0,28,,43677,10,0,5,0,70,,43670,4,0,6,0,25,,43681,4,0,5,0,70,,43671,4,0,6,0,24,,43682,4,0,5,0,69,,43672,4,0,6,0,30,,43673,4,0,5,0,75,,43674,4,0,6,0,37,,43664,10,0,6,0,74,,43683,10,0,5,0,29,,43665,10,0,6,0,71,,43684,10,0,5,0
