600,'S2-1_6',741,,23974,6,0,11 12,0,93,,23976,6,0,11 12,0,90,,23977,6,0,11 12,0,87,,23978,6,0,11 12,0,90,,23979,6,0,11 12,0,50,,23980,6,0,11 12,0,89,,23981,6,0,11 12,0,90,,23982,6,0,11 12,0,87,,23983,6,0,11 12,0,98,,23984,6,0,11 12,0,89,,23985,6,0,11 12,0,50,,23986,6,0,11 12,0,90,,23987,6,0,11 12,0,96,,23988,6,0,11 12,0,83,,23975,6,0,11 12,0
600,'S2-5_1',652,,23989,6,,,0,58,,24003,6,0,11 12,0,93,,23990,6,,,0,109,,23991,6,0,11 12,0,101,,23992,6,0,11 12,0,91,,23993,6,0,11 12,0,111,,23994,6,0,11 12,0,106,,23995,6,0,11 12,0,95,,24004,6,0,11 12,0,93,,23996,6,0,11 12,0,94,,23997,6,0,11 12,0,39,,23998,6,0,11 12,0,85,,23999,6,0,11 12,0,77,,24000,6,0,11 12,0,32,,24001,6,0,11 12,0,84,,24002,6,0,11 12,0
600,'S2-5_2',652,,24005,6,,,0,58,,24019,6,0,11 12,0,93,,24006,6,,,0,109,,24007,6,0,11 12,0,101,,24008,6,0,11 12,0,91,,24009,6,0,11 12,0,111,,24010,6,0,11 12,0,106,,24011,6,0,11 12,0,95,,24020,6,0,11 12,0,93,,24012,6,0,11 12,0,94,,24013,6,0,11 12,0,39,,24014,6,0,11 12,0,85,,24015,6,0,11 12,0,77,,24016,6,0,11 12,0,32,,24017,6,0,11 12,0,84,,24018,6,0,11 12,0
600,'S2-5_4',652,,24021,6,,,0,58,,24035,6,0,11 12,0,93,,24022,6,,,0,109,,24023,6,0,11 12,0,101,,24024,6,0,11 12,0,91,,24025,6,0,11 12,0,111,,24026,6,0,11 12,0,106,,24027,6,0,11 12,0,95,,24036,6,0,11 12,0,93,,24028,6,0,11 12,0,94,,24029,6,0,11 12,0,39,,24030,6,0,11 12,0,85,,24031,6,0,11 12,0,77,,24032,6,0,11 12,0,32,,24033,6,0,11 12,0,84,,24034,6,0,11 12,0
600,'S2-5_5',652,,24037,6,,,0,58,,24051,6,0,11 12,0,93,,24038,6,,,0,109,,24039,6,0,11 12,0,101,,24040,6,0,11 12,0,91,,24041,6,0,11 12,0,111,,24042,6,0,11 12,0,106,,24043,6,0,11 12,0,95,,24052,6,0,11 12,0,93,,24044,6,0,11 12,0,94,,24045,6,0,11 12,0,39,,24046,6,0,11 12,0,85,,24047,6,0,11 12,0,77,,24048,6,0,11 12,0,32,,24049,6,0,11 12,0,84,,24050,6,0,11 12,0
600,'S2-6_3',652,,24053,6,,,0,58,,24067,6,0,11 12,0,93,,24054,6,,,0,109,,24055,6,0,11 12,0,101,,24056,6,0,11 12,0,91,,24057,6,0,11 12,0,111,,24058,6,0,11 12,0,106,,24059,6,0,11 12,0,95,,24068,6,0,11 12,0,93,,24060,6,0,11 12,0,94,,24061,6,0,11 12,0,39,,24062,6,0,11 12,0,85,,24063,6,0,11 12,0,77,,24064,6,0,11 12,0,32,,24065,6,0,11 12,0,84,,24066,6,0,11 12,0
2900600,'S2-5_1',703,,28359,6,,,0,115,,28360,6,,,0
2900600,'S2-5_2',703,,28361,6,,,0,115,,28362,6,,,0
2900600,'S2-5_4',703,,28363,6,,,0,115,,28364,6,,,0
2900600,'S2-5_5',703,,28365,6,,,0,115,,28366,6,,,0
2900600,'S2-6_3',703,,28367,6,,,0,115,,28368,6,,,0
