900,'2_6',709,,32184,16,,,0,100,,32185,16,,,0,314,,32186,16,,,0,324,,32187,16,,,0,89,,32182,10,,,0,99,,32193,10,,,0,175,,32188,17,,,0,93,,32189,16,,,0
900,'5_5',705,,40167,13,,,0,25,,40168,13,,,0,80,,40170,19,,,0,23,,40172,20,,,0,1,,40171,10,,,0,86,,40169,13,,,0,91,,40173,20,,,0,112,,40174,16,,,0,324,,40180,16,,,0,98,,40183,10,,,0,90,,40181,10,,,0,173,,40179,16,,,0,96,,40182,16,,,0
900,'6_1',705,,40185,13,,,0,25,,40186,13,,,0,80,,40188,19,,,0,23,,40190,20,,,0,1,,40189,10,,,0,86,,40187,13,,,0,91,,40191,20,,,0,112,,40192,16,,,0,324,,40198,16,,,0,98,,40201,10,,,0,90,,40199,10,,,0,173,,40197,16,,,0,96,,40200,16,,,0
900,'6_2',705,,44574,13,,,0,25,,44575,13,,,0,80,,44577,19,,,0,23,,44579,20,,,0,1,,44578,10,,,0,86,,44576,13,,,0,91,,44580,20,,,0,112,,44581,16,,,0,324,,44587,16,,,0,98,,44590,10,,,0,90,,44588,10,,,0,173,,44586,16,,,0,96,,44589,16,,,0
900,'6_3',705,,44592,13,,,0,25,,44593,13,,,0,80,,44595,19,,,0,23,,44597,20,,,0,1,,44596,10,,,0,86,,44594,13,,,0,91,,44598,20,,,0,112,,44599,16,,,0,324,,44605,16,,,0,98,,44608,10,,,0,90,,44606,10,,,0,173,,44604,16,,,0,96,,44607,16,,,0
900,'6_4',705,,44610,13,,,0,25,,44611,13,,,0,80,,44613,19,,,0,23,,44615,20,,,0,1,,44614,10,,,0,86,,44612,13,,,0,91,,44616,20,,,0,112,,44617,16,,,0,324,,44623,16,,,0,98,,44626,10,,,0,90,,44624,10,,,0,173,,44622,16,,,0,96,,44625,16,,,0
900,'7_1',700,,47079,13,,,0,28,,47080,13,,,0,81,,47084,19,,,0,21,,47085,10,,,0,4,,47086,20,,,0,84,,47081,13,,,0,89,,47087,20,,,0,147,,47089,16,,,0,104,,47090,16,,,0,71,,47082,13,,,0,171,,47093,21,,,0,44,,47091,16,,,0,110,,47092,16,,,0,72,,47083,13,,,0,129,,47094,21,,,0
1000,'2_6',702,,32362,29,,,0,56,,32363,29,,,0,171,,32369,35,0,18 30,0,27,,32364,29,,,0,158,,32370,35,0,18 30,0,101,,32371,35,0,18 30,0,100,,32372,35,0,18 30,0,102,,32373,35,0,18 30,0,92,,32367,35,,,0,115,,32368,35,,,0,29,,32365,29,,,0,186,,32366,29,,,0,120,,32374,35,0,18 30,0
1000,'5_5',932,,40323,35,0,18 30,0,24,,40313,29,,,0,164,,40316,35,0,18 30,0,95,,40317,35,0,18 30,0,100,,40318,35,0,18 30,0,102,,40319,35,0,18 30,0,92,,40321,35,,,0,115,,40322,35,,,0,29,,40314,29,,,0,186,,40315,29,,,0,120,,40320,35,0,18 30,0
1000,'6_1',932,,40336,35,0,18 30,0,24,,40326,29,,,0,164,,40329,35,0,18 30,0,95,,40330,35,0,18 30,0,100,,40331,35,0,18 30,0,102,,40332,35,0,18 30,0,92,,40334,35,,,0,115,,40335,35,,,0,29,,40327,29,,,0,186,,40328,29,,,0,120,,40333,35,0,18 30,0
1000,'6_2',932,,44681,35,0,18 30,0,24,,44671,29,,,0,164,,44674,35,0,18 30,0,95,,44675,35,0,18 30,0,100,,44676,35,0,18 30,0,102,,44677,35,0,18 30,0,92,,44679,35,,,0,115,,44680,35,,,0,29,,44672,29,,,0,186,,44673,29,,,0,120,,44678,35,0,18 30,0
1000,'6_3',932,,44694,35,0,18 30,0,24,,44684,29,,,0,164,,44687,35,0,18 30,0,95,,44688,35,0,18 30,0,100,,44689,35,0,18 30,0,102,,44690,35,0,18 30,0,92,,44692,35,,,0,115,,44693,35,,,0,29,,44685,29,,,0,186,,44686,29,,,0,120,,44691,35,0,18 30,0
1000,'6_4',932,,44707,35,0,18 30,0,24,,44697,29,,,0,164,,44700,35,0,18 30,0,95,,44701,35,0,18 30,0,100,,44702,35,0,18 30,0,102,,44703,35,0,18 30,0,92,,44705,35,,,0,115,,44706,35,,,0,29,,44698,29,,,0,186,,44699,29,,,0,120,,44704,35,0,18 30,0
1000,'7_1',932,,47127,35,0,18 30,0,25,,47115,29,,,0,161,,47118,35,0,18 30,0,87,,47119,35,0,18 30,0,36,,47120,35,0,18 30,0,81,,47121,35,0,18 30,0,99,,47122,35,0,18 30,0,80,,47124,35,,,0,30,,47125,35,,,0,96,,47126,35,,,0,23,,47116,29,,,0,187,,47117,29,,,0,163,,47123,35,0,18 30,0
1100,'2_6',710,,32477,18,,,0,128,,32478,21,,,0,905,,32479,21,,,0,159,,32480,21,,,0
1100,'5_5',710,,40409,18,,,0,128,,40410,21,,,0,905,,40411,21,,,0,159,,40412,21,,,0
1100,'6_1',710,,40413,18,,,0,128,,40414,21,,,0,905,,40415,21,,,0,159,,40416,21,,,0
1100,'6_2',710,,44744,18,,,0,128,,44745,21,,,0,905,,44746,21,,,0,159,,44747,21,,,0
1100,'6_3',710,,44748,18,,,0,128,,44749,21,,,0,905,,44750,21,,,0,159,,44751,21,,,0
1100,'6_4',710,,44752,18,,,0,128,,44753,21,,,0,905,,44754,21,,,0,159,,44755,21,,,0
1100,'7_1',710,,47142,18,,,0,128,,47143,21,,,0,905,,47144,21,,,0,159,,47145,21,,,0
1900,'7_1',729,,47229,16,,,0,105,,47233,16,,,0,974,,47230,16,,,0
1000000,'2_6',531,,34621,4,0,31 33,0,79,,34622,4,0,31 33,0,41,,34623,4,,,0,80,,34624,4,,,0,70,,34625,4,0,31 33,0,15,,34626,4,,,0,16,,34627,4,0,31 33,0,15,,34628,4,0,31 33,0,53,,34629,4,,,0,15,,34630,4,0,31 33,0,15,,34688,4,0,31 33,0,16,,34631,4,,,0,56,,34632,4,0,31 33,0,16,,34633,4,0,31 33,0,14,,34634,4,,,0,16,,34635,4,0,31 33,0,55,,34636,4,0,31 33,0,16,,34637,4,,,0,15,,34638,4,0,31 33,0,15,,34639,4,0,31 33,0,56,,34640,4,,,0,14,,34641,4,0,31 33,0,16,,34642,4,0,31 33,0,15,,34643,4,,,0,54,,34644,4,0,31 33,0,9,,34645,4,0,31 33,0,11,,34646,4,,,0,12,,34647,4,0,31 33,0,10,,34648,4,0,31 33,0,9,,34649,4,0,31 33,0,49,,34650,4,,,0,10,,34651,4,0,31 33,0,11,,34652,4,0,31 33,0,10,,34653,4,0,31 33,0,10,,34654,4,,,0,12,,34655,4,0,31 33,0,49,,34656,4,0,31 33,0,9,,34657,4,0,31 33,0,10,,34658,4,,,0,11,,34659,4,0,31 33,0,10,,34660,4,0,31 33,0,10,,34661,4,0,31 33,0,51,,34662,4,,,0,11,,34663,4,0,31 33,0,9,,34664,4,0,31 33,0,10,,34665,4,0,31 33,0,11,,34666,4,,,0,53,,34667,4,0,31 33,0,9,,34668,4,0,31 33,0,9,,34669,4,0,31 33,0,10,,34670,4,,,0,9,,34671,4,0,31 33,0,9,,34672,4,0,31 33,0,10,,34673,4,0,31 33,0,49,,34675,4,0,31 33,0,10,,34674,4,,,0,9,,34676,4,0,31 33,0,9,,34677,4,0,31 33,0,9,,34679,4,0,31 33,0,10,,34678,4,0,31 33,0,51,,34680,4,0,31 33,0,21,,34681,4,0,31 33,0,17,,34682,4,0,31 33,0,60,,34683,4,0,31 33,0,20,,34684,4,0,31 33,0,20,,34685,4,0,31 33,0,60,,34686,4,0,31 33,0,19,,34687,4,0,31 33,0
1000000,'3_7',801,,34689,4,0,31 33,0,40,,34690,4,0,31 33,0,80,,34691,4,0,31 33,0,80,,34692,4,0,31 33,0,40,,34693,4,0,31 33,0,80,,34694,4,0,31 33,0,80,,34695,4,0,31 33,0,40,,34696,4,0,31 33,0,80,,34697,4,0,31 33,0,80,,34698,4,0,31 33,0,40,,34699,4,0,31 33,0,80,,34700,4,0,31 33,0,80,,34701,4,0,31 33,0,40,,34702,4,0,31 33,0,80,,34703,4,0,31 33,0,80,,34704,4,0,31 33,0,40,,34705,4,0,31 33,0,80,,34706,4,0,31 33,0
1000000,'4_7',801,,47457,4,0,31 33,0,40,,47458,4,0,31 33,0,80,,47459,4,0,31 33,0,80,,47460,4,0,31 33,0,40,,47461,4,0,31 33,0,80,,47462,4,0,31 33,0,80,,47463,4,0,31 33,0,40,,47464,4,0,31 33,0,80,,47465,4,0,31 33,0,80,,47466,4,0,31 33,0,40,,47467,4,0,31 33,0,80,,47468,4,0,31 33,0,80,,47469,4,0,31 33,0,40,,47470,4,0,31 33,0,80,,47471,4,0,31 33,0,80,,47472,4,0,31 33,0,40,,47473,4,0,31 33,0,80,,47474,4,0,31 33,0
1000000,'5_5',536,,41465,4,0,31 33,0,20,,41466,4,0,31 33,0,59,,41546,4,0,31 33,0,20,,41547,4,,,0,13,,41549,4,,,0,11,,41545,4,,,0,50,,41499,4,,,0,9,,41500,4,,,0,9,,41501,4,,,0,9,,41502,4,,,0,10,,41503,4,,,0,11,,41504,4,,,0,50,,41505,4,,,0,10,,41506,4,,,0,9,,41548,4,,,0,9,,41467,4,0,31 33,0,9,,41468,4,,,0,10,,41469,4,0,31 33,0,49,,41470,4,,,0,10,,41471,4,0,31 33,0,9,,41507,4,,,0,12,,41472,4,0,31 33,0,11,,41473,4,,,0,11,,41474,4,0,31 33,0,51,,41475,4,,,0,11,,41476,4,0,31 33,0,10,,41477,4,,,0,11,,41479,4,0,31 33,0,10,,41478,4,,,0,51,,41509,4,0,31 33,0,10,,41508,4,,,0,11,,41510,4,0,31 33,0,10,,41511,4,,,0,11,,41512,4,0,31 33,0,11,,41513,4,,,0,50,,41514,4,0,31 33,0,11,,41515,4,,,0,12,,41516,4,0,31 33,0,10,,41517,4,,,0,9,,41518,4,0,31 33,0,10,,41519,4,,,0,51,,41520,4,0,31 33,0,9,,41521,4,,,0,9,,41480,4,0,31 33,0,11,,41481,4,,,0,10,,41522,4,0,31 33,0,10,,41482,4,,,0,50,,41483,4,0,31 33,0,10,,41484,4,,,0,10,,41523,4,0,31 33,0,10,,41485,4,,,0,10,,41486,4,0,31 33,0,11,,41487,4,,,0,50,,41488,4,0,31 33,0,11,,41524,4,,,0,10,,41525,4,,,0,10,,41526,4,,,0,10,,41527,4,,,0,10,,41528,4,,,0,49,,41529,4,,,0,10,,41530,4,,,0,10,,41531,4,,,0,10,,41532,4,,,0,11,,41533,4,,,0,10,,41534,4,,,0,50,,41535,4,,,0,10,,41536,4,,,0,10,,41537,4,,,0,11,,41538,4,,,0,9,,41539,4,,,0,10,,41540,4,0,31 33,0,51,,41541,4,,,0,9,,41544,4,0,31 33,0,9,,41489,4,0,31 33,0,9,,41542,4,,,0,9,,41490,4,0,31 33,0,9,,41543,4,,,0,49,,41491,4,0,31 33,0,20,,41492,4,0,31 33,0,20,,41493,4,0,31 33,0,58,,41494,4,0,31 33,0,20,,41495,4,0,31 33,0,21,,41496,4,0,31 33,0,61,,41497,4,0,31 33,0,20,,41498,4,0,31 33,0
1000000,'6_1',536,,41550,4,0,31 33,0,20,,41551,4,0,31 33,0,59,,41631,4,0,31 33,0,20,,41632,4,,,0,13,,41634,4,,,0,11,,41630,4,,,0,50,,41584,4,,,0,9,,41585,4,,,0,9,,41586,4,,,0,9,,41587,4,,,0,10,,41588,4,,,0,11,,41589,4,,,0,50,,41590,4,,,0,10,,41591,4,,,0,9,,41633,4,,,0,9,,41552,4,0,31 33,0,9,,41553,4,,,0,10,,41554,4,0,31 33,0,49,,41555,4,,,0,10,,41556,4,0,31 33,0,9,,41592,4,,,0,12,,41557,4,0,31 33,0,11,,41558,4,,,0,11,,41559,4,0,31 33,0,51,,41560,4,,,0,11,,41561,4,0,31 33,0,10,,41562,4,,,0,11,,41564,4,0,31 33,0,10,,41563,4,,,0,51,,41594,4,0,31 33,0,10,,41593,4,,,0,11,,41595,4,0,31 33,0,10,,41596,4,,,0,11,,41597,4,0,31 33,0,11,,41598,4,,,0,50,,41599,4,0,31 33,0,11,,41600,4,,,0,12,,41601,4,0,31 33,0,10,,41602,4,,,0,9,,41603,4,0,31 33,0,10,,41604,4,,,0,51,,41605,4,0,31 33,0,9,,41606,4,,,0,9,,41565,4,0,31 33,0,11,,41566,4,,,0,10,,41607,4,0,31 33,0,10,,41567,4,,,0,50,,41568,4,0,31 33,0,10,,41569,4,,,0,10,,41608,4,0,31 33,0,10,,41570,4,,,0,10,,41571,4,0,31 33,0,11,,41572,4,,,0,50,,41573,4,0,31 33,0,11,,41609,4,,,0,10,,41610,4,,,0,10,,41611,4,,,0,10,,41612,4,,,0,10,,41613,4,,,0,49,,41614,4,,,0,10,,41615,4,,,0,10,,41616,4,,,0,10,,41617,4,,,0,11,,41618,4,,,0,10,,41619,4,,,0,50,,41620,4,,,0,10,,41621,4,,,0,10,,41622,4,,,0,11,,41623,4,,,0,9,,41624,4,,,0,10,,41625,4,0,31 33,0,51,,41626,4,,,0,9,,41629,4,0,31 33,0,9,,41574,4,0,31 33,0,9,,41627,4,,,0,9,,41575,4,0,31 33,0,9,,41628,4,,,0,49,,41576,4,0,31 33,0,20,,41577,4,0,31 33,0,20,,41578,4,0,31 33,0,58,,41579,4,0,31 33,0,20,,41580,4,0,31 33,0,21,,41581,4,0,31 33,0,61,,41582,4,0,31 33,0,20,,41583,4,0,31 33,0
1000000,'6_2',536,,45236,4,0,31 33,0,20,,45237,4,0,31 33,0,59,,45317,4,0,31 33,0,20,,45318,4,,,0,13,,45320,4,,,0,11,,45316,4,,,0,50,,45270,4,,,0,9,,45271,4,,,0,9,,45272,4,,,0,9,,45273,4,,,0,10,,45274,4,,,0,11,,45275,4,,,0,50,,45276,4,,,0,10,,45277,4,,,0,9,,45319,4,,,0,9,,45238,4,0,31 33,0,9,,45239,4,,,0,10,,45240,4,0,31 33,0,49,,45241,4,,,0,10,,45242,4,0,31 33,0,9,,45278,4,,,0,12,,45243,4,0,31 33,0,11,,45244,4,,,0,11,,45245,4,0,31 33,0,51,,45246,4,,,0,11,,45247,4,0,31 33,0,10,,45248,4,,,0,11,,45250,4,0,31 33,0,10,,45249,4,,,0,51,,45280,4,0,31 33,0,10,,45279,4,,,0,11,,45281,4,0,31 33,0,10,,45282,4,,,0,11,,45283,4,0,31 33,0,11,,45284,4,,,0,50,,45285,4,0,31 33,0,11,,45286,4,,,0,12,,45287,4,0,31 33,0,10,,45288,4,,,0,9,,45289,4,0,31 33,0,10,,45290,4,,,0,51,,45291,4,0,31 33,0,9,,45292,4,,,0,9,,45251,4,0,31 33,0,11,,45252,4,,,0,10,,45293,4,0,31 33,0,10,,45253,4,,,0,50,,45254,4,0,31 33,0,10,,45255,4,,,0,10,,45294,4,0,31 33,0,10,,45256,4,,,0,10,,45257,4,0,31 33,0,11,,45258,4,,,0,50,,45259,4,0,31 33,0,11,,45295,4,,,0,10,,45296,4,,,0,10,,45297,4,,,0,10,,45298,4,,,0,10,,45299,4,,,0,49,,45300,4,,,0,10,,45301,4,,,0,10,,45302,4,,,0,10,,45303,4,,,0,11,,45304,4,,,0,10,,45305,4,,,0,50,,45306,4,,,0,10,,45307,4,,,0,10,,45308,4,,,0,11,,45309,4,,,0,9,,45310,4,,,0,10,,45311,4,0,31 33,0,51,,45312,4,,,0,9,,45315,4,0,31 33,0,9,,45260,4,0,31 33,0,9,,45313,4,,,0,9,,45261,4,0,31 33,0,9,,45314,4,,,0,49,,45262,4,0,31 33,0,20,,45263,4,0,31 33,0,20,,45264,4,0,31 33,0,58,,45265,4,0,31 33,0,20,,45266,4,0,31 33,0,21,,45267,4,0,31 33,0,61,,45268,4,0,31 33,0,20,,45269,4,0,31 33,0
1000000,'6_3',536,,45321,4,0,31 33,0,20,,45322,4,0,31 33,0,59,,45402,4,0,31 33,0,20,,45403,4,,,0,13,,45405,4,,,0,11,,45401,4,,,0,50,,45355,4,,,0,9,,45356,4,,,0,9,,45357,4,,,0,9,,45358,4,,,0,10,,45359,4,,,0,11,,45360,4,,,0,50,,45361,4,,,0,10,,45362,4,,,0,9,,45404,4,,,0,9,,45323,4,0,31 33,0,9,,45324,4,,,0,10,,45325,4,0,31 33,0,49,,45326,4,,,0,10,,45327,4,0,31 33,0,9,,45363,4,,,0,12,,45328,4,0,31 33,0,11,,45329,4,,,0,11,,45330,4,0,31 33,0,51,,45331,4,,,0,11,,45332,4,0,31 33,0,10,,45333,4,,,0,11,,45335,4,0,31 33,0,10,,45334,4,,,0,51,,45365,4,0,31 33,0,10,,45364,4,,,0,11,,45366,4,0,31 33,0,10,,45367,4,,,0,11,,45368,4,0,31 33,0,11,,45369,4,,,0,50,,45370,4,0,31 33,0,11,,45371,4,,,0,12,,45372,4,0,31 33,0,10,,45373,4,,,0,9,,45374,4,0,31 33,0,10,,45375,4,,,0,51,,45376,4,0,31 33,0,9,,45377,4,,,0,9,,45336,4,0,31 33,0,11,,45337,4,,,0,10,,45378,4,0,31 33,0,10,,45338,4,,,0,50,,45339,4,0,31 33,0,10,,45340,4,,,0,10,,45379,4,0,31 33,0,10,,45341,4,,,0,10,,45342,4,0,31 33,0,11,,45343,4,,,0,50,,45344,4,0,31 33,0,11,,45380,4,,,0,10,,45381,4,,,0,10,,45382,4,,,0,10,,45383,4,,,0,10,,45384,4,,,0,49,,45385,4,,,0,10,,45386,4,,,0,10,,45387,4,,,0,10,,45388,4,,,0,11,,45389,4,,,0,10,,45390,4,,,0,50,,45391,4,,,0,10,,45392,4,,,0,10,,45393,4,,,0,11,,45394,4,,,0,9,,45395,4,,,0,10,,45396,4,0,31 33,0,51,,45397,4,,,0,9,,45400,4,0,31 33,0,9,,45345,4,0,31 33,0,9,,45398,4,,,0,9,,45346,4,0,31 33,0,9,,45399,4,,,0,49,,45347,4,0,31 33,0,20,,45348,4,0,31 33,0,20,,45349,4,0,31 33,0,58,,45350,4,0,31 33,0,20,,45351,4,0,31 33,0,21,,45352,4,0,31 33,0,61,,45353,4,0,31 33,0,20,,45354,4,0,31 33,0
1000000,'6_4',536,,45406,4,0,31 33,0,20,,45407,4,0,31 33,0,59,,45487,4,0,31 33,0,20,,45488,4,,,0,13,,45490,4,,,0,11,,45486,4,,,0,50,,45440,4,,,0,9,,45441,4,,,0,9,,45442,4,,,0,9,,45443,4,,,0,10,,45444,4,,,0,11,,45445,4,,,0,50,,45446,4,,,0,10,,45447,4,,,0,9,,45489,4,,,0,9,,45408,4,0,31 33,0,9,,45409,4,,,0,10,,45410,4,0,31 33,0,49,,45411,4,,,0,10,,45412,4,0,31 33,0,9,,45448,4,,,0,12,,45413,4,0,31 33,0,11,,45414,4,,,0,11,,45415,4,0,31 33,0,51,,45416,4,,,0,11,,45417,4,0,31 33,0,10,,45418,4,,,0,11,,45420,4,0,31 33,0,10,,45419,4,,,0,51,,45450,4,0,31 33,0,10,,45449,4,,,0,11,,45451,4,0,31 33,0,10,,45452,4,,,0,11,,45453,4,0,31 33,0,11,,45454,4,,,0,50,,45455,4,0,31 33,0,11,,45456,4,,,0,12,,45457,4,0,31 33,0,10,,45458,4,,,0,9,,45459,4,0,31 33,0,10,,45460,4,,,0,51,,45461,4,0,31 33,0,9,,45462,4,,,0,9,,45421,4,0,31 33,0,11,,45422,4,,,0,10,,45463,4,0,31 33,0,10,,45423,4,,,0,50,,45424,4,0,31 33,0,10,,45425,4,,,0,10,,45464,4,0,31 33,0,10,,45426,4,,,0,10,,45427,4,0,31 33,0,11,,45428,4,,,0,50,,45429,4,0,31 33,0,11,,45465,4,,,0,10,,45466,4,,,0,10,,45467,4,,,0,10,,45468,4,,,0,10,,45469,4,,,0,49,,45470,4,,,0,10,,45471,4,,,0,10,,45472,4,,,0,10,,45473,4,,,0,11,,45474,4,,,0,10,,45475,4,,,0,50,,45476,4,,,0,10,,45477,4,,,0,10,,45478,4,,,0,11,,45479,4,,,0,9,,45480,4,,,0,10,,45481,4,0,31 33,0,51,,45482,4,,,0,9,,45485,4,0,31 33,0,9,,45430,4,0,31 33,0,9,,45483,4,,,0,9,,45431,4,0,31 33,0,9,,45484,4,,,0,49,,45432,4,0,31 33,0,20,,45433,4,0,31 33,0,20,,45434,4,0,31 33,0,58,,45435,4,0,31 33,0,20,,45436,4,0,31 33,0,21,,45437,4,0,31 33,0,61,,45438,4,0,31 33,0,20,,45439,4,0,31 33,0
1000000,'7_1',534,,47475,4,0,31 33,0,20,,47476,4,0,31 33,0,59,,47557,4,0,31 33,0,18,,47558,4,,,0,14,,47560,4,,,0,10,,47556,4,,,0,49,,47509,4,,,0,8,,47510,4,,,0,11,,47511,4,,,0,11,,47512,4,,,0,10,,47513,4,,,0,11,,47514,4,,,0,50,,47515,4,,,0,10,,47516,4,,,0,9,,47559,4,,,0,9,,47477,4,0,31 33,0,9,,47478,4,,,0,10,,47479,4,0,31 33,0,50,,47480,4,,,0,11,,47481,4,0,31 33,0,9,,47517,4,,,0,11,,47482,4,0,31 33,0,11,,47483,4,,,0,11,,47484,4,0,31 33,0,51,,47485,4,,,0,11,,47486,4,0,31 33,0,10,,47487,4,,,0,11,,47489,4,0,31 33,0,10,,47488,4,,,0,11,,47519,4,0,31 33,0,51,,47518,4,,,0,11,,47520,4,0,31 33,0,11,,47521,4,,,0,10,,47522,4,0,31 33,0,10,,47523,4,,,0,50,,47524,4,0,31 33,0,12,,47525,4,,,0,11,,47526,4,0,31 33,0,10,,47527,4,,,0,10,,47528,4,0,31 33,0,10,,47529,4,,,0,49,,47530,4,0,31 33,0,10,,47531,4,,,0,10,,47490,4,0,31 33,0,11,,47491,4,,,0,9,,47532,4,0,31 33,0,10,,47492,4,,,0,49,,47493,4,0,31 33,0,11,,47494,4,,,0,10,,47533,4,0,31 33,0,11,,47495,4,,,0,9,,47496,4,0,31 33,0,10,,47497,4,,,0,50,,47498,4,0,31 33,0,11,,47534,4,,,0,11,,47535,4,,,0,10,,47536,4,,,0,10,,47537,4,,,0,9,,47538,4,,,0,51,,47539,4,,,0,10,,47540,4,,,0,11,,47541,4,,,0,9,,47542,4,,,0,9,,47543,4,,,0,9,,47544,4,,,0,50,,47545,4,,,0,10,,47546,4,,,0,10,,47547,4,,,0,10,,47548,4,,,0,10,,47549,4,,,0,10,,47550,4,0,31 33,0,50,,47551,4,,,0,9,,47555,4,0,31 33,0,10,,47499,4,0,31 33,0,11,,47552,4,,,0,10,,47500,4,0,31 33,0,10,,47553,4,,,0,49,,47501,4,0,31 33,0,19,,47502,4,0,31 33,0,19,,47503,4,0,31 33,0,18,,47504,4,0,31 33,0,61,,47505,4,0,31 33,0,21,,47506,4,0,31 33,0,61,,47507,4,0,31 33,0,20,,47508,4,0,31 33,0
