600,'2_6',759,,31710,19,,,0,94,,31712,19,,,0,93,,31713,19,,,0,87,,31714,19,,,0,90,,31715,19,,,0,88,,31716,19,,,0,48,,31717,19,,,0,91,,31718,19,,,0,87,,31719,19,,,0,98,,31720,19,,,0,90,,31721,19,,,0,91,,31722,19,,,0,90,,31723,19,,,0,95,,31724,19,,,0,41,,31711,19,,,0
600,'5_1',715,,37596,19,,,0,24,,37609,19,,,0,80,,37597,19,,,0,92,,37598,19,,,0,97,,37599,19,,,0,92,,37600,19,,,0,45,,37610,19,,,0,92,,37601,19,,,0,105,,37602,19,,,0,92,,37603,19,,,0,96,,37604,19,,,0,93,,37605,19,,,0,86,,37611,19,,,0,94,,37606,19,,,0,98,,37607,19,,,0,41,,37608,19,,,0
600,'5_2',715,,39712,19,,,0,24,,39725,19,,,0,80,,39713,19,,,0,92,,39714,19,,,0,97,,39715,19,,,0,92,,39716,19,,,0,45,,39726,19,,,0,92,,39717,19,,,0,105,,39718,19,,,0,92,,39719,19,,,0,96,,39720,19,,,0,93,,39721,19,,,0,86,,39727,19,,,0,94,,39722,19,,,0,98,,39723,19,,,0,41,,39724,19,,,0
600,'5_3',715,,39728,19,,,0,24,,39741,19,,,0,80,,39729,19,,,0,92,,39730,19,,,0,97,,39731,19,,,0,92,,39732,19,,,0,45,,39742,19,,,0,92,,39733,19,,,0,105,,39734,19,,,0,92,,39735,19,,,0,96,,39736,19,,,0,93,,39737,19,,,0,86,,39743,19,,,0,94,,39738,19,,,0,98,,39739,19,,,0,41,,39740,19,,,0
600,'5_4',715,,39744,19,,,0,24,,39757,19,,,0,80,,39745,19,,,0,92,,39746,19,,,0,97,,39747,19,,,0,92,,39748,19,,,0,45,,39758,19,,,0,92,,39749,19,,,0,105,,39750,19,,,0,92,,39751,19,,,0,96,,39752,19,,,0,93,,39753,19,,,0,86,,39759,19,,,0,94,,39754,19,,,0,98,,39755,19,,,0,41,,39756,19,,,0
600,'5_5',715,,39760,19,,,0,24,,39773,19,,,0,80,,39761,19,,,0,92,,39762,19,,,0,97,,39763,19,,,0,92,,39764,19,,,0,45,,39774,19,,,0,92,,39765,19,,,0,105,,39766,19,,,0,92,,39767,19,,,0,96,,39768,19,,,0,93,,39769,19,,,0,86,,39775,19,,,0,94,,39770,19,,,0,98,,39771,19,,,0,41,,39772,19,,,0
600,'6_1',715,,39776,19,,,0,24,,39789,19,,,0,80,,39777,19,,,0,92,,39778,19,,,0,97,,39779,19,,,0,92,,39780,19,,,0,45,,39790,19,,,0,92,,39781,19,,,0,105,,39782,19,,,0,92,,39783,19,,,0,96,,39784,19,,,0,93,,39785,19,,,0,86,,39791,19,,,0,94,,39786,19,,,0,98,,39787,19,,,0,41,,39788,19,,,0
600,'6_2',715,,44333,19,,,0,24,,44346,19,,,0,80,,44334,19,,,0,92,,44335,19,,,0,97,,44336,19,,,0,92,,44337,19,,,0,45,,44347,19,,,0,92,,44338,19,,,0,105,,44339,19,,,0,92,,44340,19,,,0,96,,44341,19,,,0,93,,44342,19,,,0,86,,44348,19,,,0,94,,44343,19,,,0,98,,44344,19,,,0,41,,44345,19,,,0
600,'6_3',715,,44349,19,,,0,24,,44362,19,,,0,80,,44350,19,,,0,92,,44351,19,,,0,97,,44352,19,,,0,92,,44353,19,,,0,45,,44363,19,,,0,92,,44354,19,,,0,105,,44355,19,,,0,92,,44356,19,,,0,96,,44357,19,,,0,93,,44358,19,,,0,86,,44364,19,,,0,94,,44359,19,,,0,98,,44360,19,,,0,41,,44361,19,,,0
600,'6_4',715,,44365,19,,,0,24,,44378,19,,,0,80,,44366,19,,,0,92,,44367,19,,,0,97,,44368,19,,,0,92,,44369,19,,,0,45,,44379,19,,,0,92,,44370,19,,,0,105,,44371,19,,,0,92,,44372,19,,,0,96,,44373,19,,,0,93,,44374,19,,,0,86,,44380,19,,,0,94,,44375,19,,,0,98,,44376,19,,,0,41,,44377,19,,,0
900,'2_6',715,,32184,23,,,0,100,,32185,23,,,0,315,,32186,23,,,0,325,,32187,23,,,0,89,,32182,17,,,0,98,,32193,17,,,0,174,,32188,24,,,0,93,,32189,23,,,0
900,'5_1',711,,37677,20,,,0,25,,37678,20,,,0,80,,37680,26,,,0,23,,37682,27,,,0,1,,37681,17,,,0,86,,37679,20,,,0,92,,37683,27,,,0,112,,37684,23,,,0,325,,37690,23,,,0,98,,37693,17,,,0,89,,37691,17,,,0,172,,37689,23,,,0,96,,37692,23,,,0
900,'5_2',711,,40113,20,,,0,25,,40114,20,,,0,80,,40116,26,,,0,23,,40118,27,,,0,1,,40117,17,,,0,86,,40115,20,,,0,92,,40119,27,,,0,112,,40120,23,,,0,325,,40126,23,,,0,98,,40129,17,,,0,89,,40127,17,,,0,172,,40125,23,,,0,96,,40128,23,,,0
900,'5_3',711,,40131,20,,,0,25,,40132,20,,,0,80,,40134,26,,,0,23,,40136,27,,,0,1,,40135,17,,,0,86,,40133,20,,,0,92,,40137,27,,,0,112,,40138,23,,,0,325,,40144,23,,,0,98,,40147,17,,,0,89,,40145,17,,,0,172,,40143,23,,,0,96,,40146,23,,,0
900,'5_4',711,,40149,20,,,0,25,,40150,20,,,0,80,,40152,26,,,0,23,,40154,27,,,0,1,,40153,17,,,0,86,,40151,20,,,0,92,,40155,27,,,0,112,,40156,23,,,0,325,,40162,23,,,0,98,,40165,17,,,0,89,,40163,17,,,0,172,,40161,23,,,0,96,,40164,23,,,0
900,'5_5',711,,40167,20,,,0,25,,40168,20,,,0,80,,40170,26,,,0,23,,40172,27,,,0,1,,40171,17,,,0,86,,40169,20,,,0,92,,40173,27,,,0,112,,40174,23,,,0,325,,40180,23,,,0,98,,40183,17,,,0,89,,40181,17,,,0,172,,40179,23,,,0,96,,40182,23,,,0
900,'6_1',711,,40185,20,,,0,25,,40186,20,,,0,80,,40188,26,,,0,23,,40190,27,,,0,1,,40189,17,,,0,86,,40187,20,,,0,92,,40191,27,,,0,112,,40192,23,,,0,325,,40198,23,,,0,98,,40201,17,,,0,89,,40199,17,,,0,172,,40197,23,,,0,96,,40200,23,,,0
900,'6_2',711,,44574,20,,,0,25,,44575,20,,,0,80,,44577,26,,,0,23,,44579,27,,,0,1,,44578,17,,,0,86,,44576,20,,,0,92,,44580,27,,,0,112,,44581,23,,,0,325,,44587,23,,,0,98,,44590,17,,,0,89,,44588,17,,,0,172,,44586,23,,,0,96,,44589,23,,,0
900,'6_3',711,,44592,20,,,0,25,,44593,20,,,0,80,,44595,26,,,0,23,,44597,27,,,0,1,,44596,17,,,0,86,,44594,20,,,0,92,,44598,27,,,0,112,,44599,23,,,0,325,,44605,23,,,0,98,,44608,17,,,0,89,,44606,17,,,0,172,,44604,23,,,0,96,,44607,23,,,0
900,'6_4',711,,44610,20,,,0,25,,44611,20,,,0,80,,44613,26,,,0,23,,44615,27,,,0,1,,44614,17,,,0,86,,44612,20,,,0,92,,44616,27,,,0,112,,44617,23,,,0,325,,44623,23,,,0,98,,44626,17,,,0,89,,44624,17,,,0,172,,44622,23,,,0,96,,44625,23,,,0
2600,'2_6',714,,33480,2,,,0,45,,33481,2,,,0,84,,33482,2,,,0,85,,33483,2,,,0,84,,33484,2,,,0,90,,33485,2,,,0,44,,33486,2,,,0,82,,33487,2,,,0,84,,33488,2,,,0,45,,33489,2,,,0,83,,33490,2,,,0,86,,33491,2,,,0,90,,33492,2,,,0,87,,33493,2,,,0,43,,33494,2,,,0,85,,33495,2,,,0,84,,33496,2,,,0
2600,'5_1',714,,37813,2,,,0,45,,37814,2,,,0,84,,37815,2,,,0,85,,37816,2,,,0,84,,37817,2,,,0,90,,37818,2,,,0,44,,37819,2,,,0,82,,37820,2,,,0,84,,37821,2,,,0,45,,37822,2,,,0,83,,37823,2,,,0,86,,37824,2,,,0,90,,37825,2,,,0,87,,37826,2,,,0,43,,37827,2,,,0,85,,37828,2,,,0,84,,37829,2,,,0
2600,'5_2',714,,40800,2,,,0,45,,40801,2,,,0,84,,40802,2,,,0,85,,40803,2,,,0,84,,40804,2,,,0,90,,40805,2,,,0,44,,40806,2,,,0,82,,40807,2,,,0,84,,40808,2,,,0,45,,40809,2,,,0,83,,40810,2,,,0,86,,40811,2,,,0,90,,40812,2,,,0,87,,40813,2,,,0,43,,40814,2,,,0,85,,40815,2,,,0,84,,40816,2,,,0
2600,'5_3',714,,40817,2,,,0,45,,40818,2,,,0,84,,40819,2,,,0,85,,40820,2,,,0,84,,40821,2,,,0,90,,40822,2,,,0,44,,40823,2,,,0,82,,40824,2,,,0,84,,40825,2,,,0,45,,40826,2,,,0,83,,40827,2,,,0,86,,40828,2,,,0,90,,40829,2,,,0,87,,40830,2,,,0,43,,40831,2,,,0,85,,40832,2,,,0,84,,40833,2,,,0
2600,'5_4',714,,40834,2,,,0,45,,40835,2,,,0,84,,40836,2,,,0,85,,40837,2,,,0,84,,40838,2,,,0,90,,40839,2,,,0,44,,40840,2,,,0,82,,40841,2,,,0,84,,40842,2,,,0,45,,40843,2,,,0,83,,40844,2,,,0,86,,40845,2,,,0,90,,40846,2,,,0,87,,40847,2,,,0,43,,40848,2,,,0,85,,40849,2,,,0,84,,40850,2,,,0
2600,'5_5',714,,40851,2,,,0,45,,40852,2,,,0,84,,40853,2,,,0,85,,40854,2,,,0,84,,40855,2,,,0,90,,40856,2,,,0,44,,40857,2,,,0,82,,40858,2,,,0,84,,40859,2,,,0,45,,40860,2,,,0,83,,40861,2,,,0,86,,40862,2,,,0,90,,40863,2,,,0,87,,40864,2,,,0,43,,40865,2,,,0,85,,40866,2,,,0,84,,40867,2,,,0
2600,'6_1',714,,40868,2,,,0,45,,40869,2,,,0,84,,40870,2,,,0,85,,40871,2,,,0,84,,40872,2,,,0,90,,40873,2,,,0,44,,40874,2,,,0,82,,40875,2,,,0,84,,40876,2,,,0,45,,40877,2,,,0,83,,40878,2,,,0,86,,40879,2,,,0,90,,40880,2,,,0,87,,40881,2,,,0,43,,40882,2,,,0,85,,40883,2,,,0,84,,40884,2,,,0
2600,'6_2',714,,44990,2,,,0,45,,44991,2,,,0,84,,44992,2,,,0,85,,44993,2,,,0,84,,44994,2,,,0,90,,44995,2,,,0,44,,44996,2,,,0,82,,44997,2,,,0,84,,44998,2,,,0,45,,44999,2,,,0,83,,45000,2,,,0,86,,45001,2,,,0,90,,45002,2,,,0,87,,45003,2,,,0,43,,45004,2,,,0,85,,45005,2,,,0,84,,45006,2,,,0
2600,'6_3',714,,45007,2,,,0,45,,45008,2,,,0,84,,45009,2,,,0,85,,45010,2,,,0,84,,45011,2,,,0,90,,45012,2,,,0,44,,45013,2,,,0,82,,45014,2,,,0,84,,45015,2,,,0,45,,45016,2,,,0,83,,45017,2,,,0,86,,45018,2,,,0,90,,45019,2,,,0,87,,45020,2,,,0,43,,45021,2,,,0,85,,45022,2,,,0,84,,45023,2,,,0
2600,'6_4',714,,45024,2,,,0,45,,45025,2,,,0,84,,45026,2,,,0,85,,45027,2,,,0,84,,45028,2,,,0,90,,45029,2,,,0,44,,45030,2,,,0,82,,45031,2,,,0,84,,45032,2,,,0,45,,45033,2,,,0,83,,45034,2,,,0,86,,45035,2,,,0,90,,45036,2,,,0,87,,45037,2,,,0,43,,45038,2,,,0,85,,45039,2,,,0,84,,45040,2,,,0
