800,'25l22V-Semaine',705,,2537,,,0,33,,2538,,,0,67,,2539,,,0,31,,2540,,,0,80,,2541,,,0,110,,2542,,,0,117,,2543,,,0,111,,2544,,,0,150,,2545,,,0,112,,2547,,,0,110,,2546,,,0
800,'26a05H-Mercredi',705,,2548,,,0,33,,2549,,,0,67,,2550,,,0,31,,2551,,,0,80,,2552,,,0,110,,2553,,,0,117,,2554,,,0,111,,2555,,,0,150,,2556,,,0,112,,2558,,,0,110,,2557,,,0
800,'26a05H-L-Ma-J-V',705,,2559,,,0,33,,2560,,,0,67,,2561,,,0,31,,2562,,,0,80,,2563,,,0,110,,2564,,,0,117,,2565,,,0,111,,2566,,,0,150,,2567,,,0,112,,2569,,,0,110,,2568,,,0
800,'26b23V-Semaine',705,,2570,,,0,33,,2571,,,0,67,,2572,,,0,31,,2573,,,0,80,,2574,,,0,110,,2575,,,0,117,,2576,,,0,111,,2577,,,0,150,,2578,,,0,112,,2580,,,0,110,,2579,,,0
800,'26c02V-Semaine',705,,2581,,,0,33,,2582,,,0,67,,2583,,,0,31,,2584,,,0,80,,2585,,,0,110,,2586,,,0,117,,2587,,,0,111,,2588,,,0,150,,2589,,,0,112,,2591,,,0,110,,2590,,,0
2200,'25j05H-Dimanche',847,,3660,4,,0,360,,3661,4,,0,240,,3662,4,,0,360,,3663,4,,0
2200,'25j26H-Dimanche',847,,3664,4,,0,360,,3665,4,,0,240,,3666,4,,0,360,,3667,4,,0
2200,'26a05H-Mercredi',710,,3668,0,22 53 54,0,20,,3672,0,44,0,102,,3669,0,22 53 54,0,513,,3671,4,,0,368,,3670,0,22 53 54,0
2200,'26a05H-L-Ma-J-V',710,,3673,0,22 53 54,0,20,,3677,0,44,0,102,,3674,0,22 53 54,0,513,,3676,4,,0,368,,3675,0,22 53 54,0
2200,'26a05H-L-Ma-J-V1101100',1650,,3678,4,,0,100,,3679,4,,0
2401,'26a05H-Mercredi0010000',1304,,3718,4,,0
2401,'26a05H-L-Ma-J-V1101100',1642,,3720,4,,0,104,,3721,4,,0,94,,3722,4,,0
