600,'0_6',657,,65671,9,,,0,100,,65672,9,,,0,79,,65673,9,,,0,108,,65674,9,,,0,85,,65675,9,,,0,100,,65676,9,,,0,85,,65677,9,,,0,89,,65685,9,,,0,42,,65678,9,,,0,176,,65679,9,,,0,92,,65680,9,,,0,91,,65681,9,,,0,51,,65682,9,,,0,90,,65683,9,,,0,91,,65684,9,,,0
600,'2_1',657,,65695,9,,,0,100,,65696,9,,,0,79,,65697,9,,,0,108,,65698,9,,,0,85,,65699,9,,,0,100,,65700,9,,,0,85,,65701,9,,,0,89,,65709,9,,,0,42,,65702,9,,,0,176,,65703,9,,,0,92,,65704,9,,,0,91,,65705,9,,,0,51,,65706,9,,,0,90,,65707,9,,,0,91,,65708,9,,,0
600,'2_2',657,,65711,9,,,0,100,,65712,9,,,0,79,,65713,9,,,0,108,,65714,9,,,0,85,,65715,9,,,0,100,,65716,9,,,0,85,,65717,9,,,0,89,,65725,9,,,0,42,,65718,9,,,0,176,,65719,9,,,0,92,,65720,9,,,0,91,,65721,9,,,0,51,,65722,9,,,0,90,,65723,9,,,0,91,,65724,9,,,0
600,'2_3',657,,65727,9,,,0,100,,65728,9,,,0,79,,65729,9,,,0,108,,65730,9,,,0,85,,65731,9,,,0,100,,65732,9,,,0,85,,65733,9,,,0,89,,65741,9,,,0,42,,65734,9,,,0,176,,65735,9,,,0,92,,65736,9,,,0,91,,65737,9,,,0,51,,65738,9,,,0,90,,65739,9,,,0,91,,65740,9,,,0
600,'2_4',657,,65743,9,,,0,100,,65744,9,,,0,79,,65745,9,,,0,108,,65746,9,,,0,85,,65747,9,,,0,100,,65748,9,,,0,85,,65749,9,,,0,89,,65757,9,,,0,42,,65750,9,,,0,176,,65751,9,,,0,92,,65752,9,,,0,91,,65753,9,,,0,51,,65754,9,,,0,90,,65755,9,,,0,91,,65756,9,,,0
600,'2_5',657,,65759,9,,,0,100,,65760,9,,,0,79,,65761,9,,,0,108,,65762,9,,,0,85,,65763,9,,,0,100,,65764,9,,,0,85,,65765,9,,,0,89,,65773,9,,,0,42,,65766,9,,,0,176,,65767,9,,,0,92,,65768,9,,,0,91,,65769,9,,,0,51,,65770,9,,,0,90,,65771,9,,,0,91,,65772,9,,,0
600,'3_1',657,,65775,9,,,0,100,,65776,9,,,0,79,,65777,9,,,0,108,,65778,9,,,0,85,,65779,9,,,0,100,,65780,9,,,0,85,,65781,9,,,0,89,,65789,9,,,0,42,,65782,9,,,0,176,,65783,9,,,0,92,,65784,9,,,0,91,,65785,9,,,0,51,,65786,9,,,0,90,,65787,9,,,0,91,,65788,9,,,0
600,'3_3',657,,65791,9,,,0,100,,65792,9,,,0,79,,65793,9,,,0,108,,65794,9,,,0,85,,65795,9,,,0,100,,65796,9,,,0,85,,65797,9,,,0,89,,65805,9,,,0,42,,65798,9,,,0,176,,65799,9,,,0,92,,65800,9,,,0,91,,65801,9,,,0,51,,65802,9,,,0,90,,65803,9,,,0,91,,65804,9,,,0
600,'3_4',657,,65807,9,,,0,100,,65808,9,,,0,79,,65809,9,,,0,108,,65810,9,,,0,85,,65811,9,,,0,100,,65812,9,,,0,85,,65813,9,,,0,89,,65821,9,,,0,42,,65814,9,,,0,176,,65815,9,,,0,92,,65816,9,,,0,91,,65817,9,,,0,51,,65818,9,,,0,90,,65819,9,,,0,91,,65820,9,,,0
600,'3_5',657,,65823,9,,,0,100,,65824,9,,,0,79,,65825,9,,,0,108,,65826,9,,,0,85,,65827,9,,,0,100,,65828,9,,,0,85,,65829,9,,,0,89,,65837,9,,,0,42,,65830,9,,,0,176,,65831,9,,,0,92,,65832,9,,,0,91,,65833,9,,,0,51,,65834,9,,,0,90,,65835,9,,,0,91,,65836,9,,,0
