400,'S2-1_6',826,,23410,7,0,40,0,198,,23411,7,0,40,0,200,,23412,7,0,40,0,201,,23413,7,0,40,0,202,,23414,7,0,40,0,209,,23415,7,0,40,0
400,'S2-5_1',925,,23449,7,0,40,0,299,,23470,7,0,40,0,125,,23458,7,0,40,0,105,,23459,7,0,40,0,175,,23471,7,0,40,0,85,,23462,7,0,40,0,188,,23465,7,0,40,0
400,'S2-5_2',925,,23483,7,0,40,0,299,,23504,7,0,40,0,125,,23492,7,0,40,0,105,,23493,7,0,40,0,175,,23505,7,0,40,0,85,,23496,7,0,40,0,188,,23499,7,0,40,0
400,'S2-5_4',925,,23517,7,0,40,0,299,,23538,7,0,40,0,125,,23526,7,0,40,0,105,,23527,7,0,40,0,175,,23539,7,0,40,0,85,,23530,7,0,40,0,188,,23533,7,0,40,0
400,'S2-5_5',925,,23551,7,0,40,0,299,,23572,7,0,40,0,125,,23560,7,0,40,0,105,,23561,7,0,40,0,175,,23573,7,0,40,0,85,,23564,7,0,40,0,188,,23567,7,0,40,0
400,'S2-6_3',925,,23585,7,0,40,0,299,,23605,7,0,40,0,125,,23594,7,0,40,0,105,,23595,7,0,40,0,175,,23606,7,0,40,0,85,,23598,7,0,40,0,188,,23601,7,0,40,0
2901200,'S2-5_1',643,,28400,7,,,0,104,,28399,7,,,0
2901200,'S2-5_2',643,,28402,7,,,0,104,,28401,7,,,0
2901200,'S2-5_4',643,,28404,7,,,0,104,,28403,7,,,0
2901200,'S2-5_5',643,,28406,7,,,0,104,,28405,7,,,0
2901200,'S2-6_3',643,,28408,7,,,0,104,,28407,7,,,0
