900600,'2_6',838,,33943,11,,,0,170,,33945,11,,,0,125,,33946,11,,,0,175,,33947,11,,,0,120,,33948,11,,,0,175,,33949,11,,,0,130,,33950,11,,,0,170,,33944,11,,,0
900600,'5_1',838,,37847,11,,,0,170,,37849,11,,,0,125,,37850,11,,,0,175,,37851,11,,,0,120,,37852,11,,,0,175,,37853,11,,,0,130,,37854,11,,,0,170,,37848,11,,,0
900600,'5_2',838,,40970,11,,,0,170,,40972,11,,,0,125,,40973,11,,,0,175,,40974,11,,,0,120,,40975,11,,,0,175,,40976,11,,,0,130,,40977,11,,,0,170,,40971,11,,,0
900600,'5_3',838,,40978,11,,,0,170,,40980,11,,,0,125,,40981,11,,,0,175,,40982,11,,,0,120,,40983,11,,,0,175,,40984,11,,,0,130,,40985,11,,,0,170,,40979,11,,,0
900600,'5_4',838,,40986,11,,,0,170,,40988,11,,,0,125,,40989,11,,,0,175,,40990,11,,,0,120,,40991,11,,,0,175,,40992,11,,,0,130,,40993,11,,,0,170,,40987,11,,,0
900600,'5_5',838,,40994,11,,,0,170,,40996,11,,,0,125,,40997,11,,,0,175,,40998,11,,,0,120,,40999,11,,,0,175,,41000,11,,,0,130,,41001,11,,,0,170,,40995,11,,,0
900600,'6_1',838,,41002,11,,,0,170,,41004,11,,,0,125,,41005,11,,,0,175,,41006,11,,,0,120,,41007,11,,,0,175,,41008,11,,,0,130,,41009,11,,,0,170,,41003,11,,,0
900600,'6_2',838,,45092,11,,,0,170,,45094,11,,,0,125,,45095,11,,,0,175,,45096,11,,,0,120,,45097,11,,,0,175,,45098,11,,,0,130,,45099,11,,,0,170,,45093,11,,,0
900600,'6_3',838,,45100,11,,,0,170,,45102,11,,,0,125,,45103,11,,,0,175,,45104,11,,,0,120,,45105,11,,,0,175,,45106,11,,,0,130,,45107,11,,,0,170,,45101,11,,,0
900600,'6_4',838,,45108,11,,,0,170,,45110,11,,,0,125,,45111,11,,,0,175,,45112,11,,,0,120,,45113,11,,,0,175,,45114,11,,,0,130,,45115,11,,,0,170,,45109,11,,,0
