700,'0_6',723,,66037,15,,,0,110,,66038,15,,,0,110,,66039,15,,,0,110,,66040,15,,,0,150,,66041,15,,,0,110,,66042,15,,,0,110,,66043,15,,,0,110,,66044,15,,,0,110,,66045,15,,,0,110,,66035,15,,,0,150,,66036,15,,,0
700,'2_1',724,,66046,15,,,0,110,,66048,15,,,0,110,,66049,15,,,0,110,,66050,15,,,0,150,,66051,15,,,0,110,,66052,15,,,0,110,,66053,15,,,0,110,,66054,15,,,0,112,,66055,15,,,0,109,,66056,15,,,0,148,,66047,15,,,0
700,'2_2',724,,66057,15,,,0,110,,66059,15,,,0,110,,66060,15,,,0,110,,66061,15,,,0,150,,66062,15,,,0,110,,66063,15,,,0,110,,66064,15,,,0,110,,66065,15,,,0,112,,66066,15,,,0,109,,66067,15,,,0,148,,66058,15,,,0
700,'2_3',724,,66068,15,,,0,110,,66070,15,,,0,110,,66071,15,,,0,110,,66072,15,,,0,150,,66073,15,,,0,110,,66074,15,,,0,110,,66075,15,,,0,110,,66076,15,,,0,112,,66077,15,,,0,109,,66078,15,,,0,148,,66069,15,,,0
700,'2_4',724,,66079,15,,,0,110,,66081,15,,,0,110,,66082,15,,,0,110,,66083,15,,,0,150,,66084,15,,,0,110,,66085,15,,,0,110,,66086,15,,,0,110,,66087,15,,,0,112,,66088,15,,,0,109,,66089,15,,,0,148,,66080,15,,,0
700,'2_5',724,,66090,15,,,0,110,,66092,15,,,0,110,,66093,15,,,0,110,,66094,15,,,0,150,,66095,15,,,0,110,,66096,15,,,0,110,,66097,15,,,0,110,,66098,15,,,0,112,,66099,15,,,0,109,,66100,15,,,0,148,,66091,15,,,0
700,'3_1',724,,66101,15,,,0,110,,66103,15,,,0,110,,66104,15,,,0,110,,66105,15,,,0,150,,66106,15,,,0,110,,66107,15,,,0,110,,66108,15,,,0,110,,66109,15,,,0,112,,66110,15,,,0,109,,66111,15,,,0,148,,66102,15,,,0
700,'3_3',724,,66112,15,,,0,110,,66114,15,,,0,110,,66115,15,,,0,110,,66116,15,,,0,150,,66117,15,,,0,110,,66118,15,,,0,110,,66119,15,,,0,110,,66120,15,,,0,112,,66121,15,,,0,109,,66122,15,,,0,148,,66113,15,,,0
700,'3_4',724,,66123,15,,,0,110,,66125,15,,,0,110,,66126,15,,,0,110,,66127,15,,,0,150,,66128,15,,,0,110,,66129,15,,,0,110,,66130,15,,,0,110,,66131,15,,,0,112,,66132,15,,,0,109,,66133,15,,,0,148,,66124,15,,,0
700,'3_5',724,,66134,15,,,0,110,,66136,15,,,0,110,,66137,15,,,0,110,,66138,15,,,0,150,,66139,15,,,0,110,,66140,15,,,0,110,,66141,15,,,0,110,,66142,15,,,0,112,,66143,15,,,0,109,,66144,15,,,0,148,,66135,15,,,0
