4000000,'S2-0_6',654,,61989,20,0,46,0,82,,61967,20,0,46,0,80,,61968,20,0,46,0,41,,61969,20,0,46,0,80,,61970,20,0,46,0,82,,61971,20,0,46,0,83,,61972,20,0,46,0,42,,61973,20,0,46,0,83,,61974,20,0,46,0,99,,61954,20,0,46,0,79,,61955,20,0,46,0,37,,61956,20,0,46,0,80,,61957,20,0,46,0,80,,61958,20,0,46,0,43,,61959,20,0,46,0,82,,61960,20,0,46,0,79,,61961,20,0,46,0,36,,61962,20,0,46,0,76,,61963,20,0,46,0,38,,61964,20,0,46,0,79,,61965,20,0,46,0
4000000,'S2-1_7',842,,61990,20,0,46,0,261,,61991,20,0,46,0,220,,61992,20,0,46,0,220,,61993,20,0,46,0,260,,61994,20,0,46,0
4000000,'S2-2_1',654,,62045,20,0,46,0,82,,62023,20,0,46,0,80,,62024,20,0,46,0,41,,62025,20,0,46,0,80,,62026,20,0,46,0,82,,62027,20,0,46,0,83,,62028,20,0,46,0,42,,62029,20,0,46,0,83,,62030,20,0,46,0,99,,62010,20,0,46,0,79,,62011,20,0,46,0,37,,62012,20,0,46,0,80,,62013,20,0,46,0,80,,62014,20,0,46,0,43,,62015,20,0,46,0,82,,62016,20,0,46,0,79,,62017,20,0,46,0,36,,62018,20,0,46,0,76,,62019,20,0,46,0,38,,62020,20,0,46,0,79,,62021,20,0,46,0
4000000,'S2-2_2',654,,62090,20,0,46,0,82,,62068,20,0,46,0,80,,62069,20,0,46,0,41,,62070,20,0,46,0,80,,62071,20,0,46,0,82,,62072,20,0,46,0,83,,62073,20,0,46,0,42,,62074,20,0,46,0,83,,62075,20,0,46,0,99,,62055,20,0,46,0,79,,62056,20,0,46,0,37,,62057,20,0,46,0,80,,62058,20,0,46,0,80,,62059,20,0,46,0,43,,62060,20,0,46,0,82,,62061,20,0,46,0,79,,62062,20,0,46,0,36,,62063,20,0,46,0,76,,62064,20,0,46,0,38,,62065,20,0,46,0,79,,62066,20,0,46,0
4000000,'S2-2_3',654,,62135,20,0,46,0,82,,62113,20,0,46,0,80,,62114,20,0,46,0,41,,62115,20,0,46,0,80,,62116,20,0,46,0,82,,62117,20,0,46,0,83,,62118,20,0,46,0,42,,62119,20,0,46,0,83,,62120,20,0,46,0,99,,62100,20,0,46,0,79,,62101,20,0,46,0,37,,62102,20,0,46,0,80,,62103,20,0,46,0,80,,62104,20,0,46,0,43,,62105,20,0,46,0,82,,62106,20,0,46,0,79,,62107,20,0,46,0,36,,62108,20,0,46,0,76,,62109,20,0,46,0,38,,62110,20,0,46,0,79,,62111,20,0,46,0
4000000,'S2-2_4',654,,62180,20,0,46,0,82,,62158,20,0,46,0,80,,62159,20,0,46,0,41,,62160,20,0,46,0,80,,62161,20,0,46,0,82,,62162,20,0,46,0,83,,62163,20,0,46,0,42,,62164,20,0,46,0,83,,62165,20,0,46,0,99,,62145,20,0,46,0,79,,62146,20,0,46,0,37,,62147,20,0,46,0,80,,62148,20,0,46,0,80,,62149,20,0,46,0,43,,62150,20,0,46,0,82,,62151,20,0,46,0,79,,62152,20,0,46,0,36,,62153,20,0,46,0,76,,62154,20,0,46,0,38,,62155,20,0,46,0,79,,62156,20,0,46,0
4000000,'S2-2_5',654,,62225,20,0,46,0,82,,62203,20,0,46,0,80,,62204,20,0,46,0,41,,62205,20,0,46,0,80,,62206,20,0,46,0,82,,62207,20,0,46,0,83,,62208,20,0,46,0,42,,62209,20,0,46,0,83,,62210,20,0,46,0,99,,62190,20,0,46,0,79,,62191,20,0,46,0,37,,62192,20,0,46,0,80,,62193,20,0,46,0,80,,62194,20,0,46,0,43,,62195,20,0,46,0,82,,62196,20,0,46,0,79,,62197,20,0,46,0,36,,62198,20,0,46,0,76,,62199,20,0,46,0,38,,62200,20,0,46,0,79,,62201,20,0,46,0
4000000,'S2-3_1',654,,62270,20,0,46,0,82,,62248,20,0,46,0,80,,62249,20,0,46,0,41,,62250,20,0,46,0,80,,62251,20,0,46,0,82,,62252,20,0,46,0,83,,62253,20,0,46,0,42,,62254,20,0,46,0,83,,62255,20,0,46,0,99,,62235,20,0,46,0,79,,62236,20,0,46,0,37,,62237,20,0,46,0,80,,62238,20,0,46,0,80,,62239,20,0,46,0,43,,62240,20,0,46,0,82,,62241,20,0,46,0,79,,62242,20,0,46,0,36,,62243,20,0,46,0,76,,62244,20,0,46,0,38,,62245,20,0,46,0,79,,62246,20,0,46,0
4000000,'S2-3_3',654,,62315,20,0,46,0,82,,62293,20,0,46,0,80,,62294,20,0,46,0,41,,62295,20,0,46,0,80,,62296,20,0,46,0,82,,62297,20,0,46,0,83,,62298,20,0,46,0,42,,62299,20,0,46,0,83,,62300,20,0,46,0,99,,62280,20,0,46,0,79,,62281,20,0,46,0,37,,62282,20,0,46,0,80,,62283,20,0,46,0,80,,62284,20,0,46,0,43,,62285,20,0,46,0,82,,62286,20,0,46,0,79,,62287,20,0,46,0,36,,62288,20,0,46,0,76,,62289,20,0,46,0,38,,62290,20,0,46,0,79,,62291,20,0,46,0
4000000,'S2-3_4',654,,62360,20,0,46,0,82,,62338,20,0,46,0,80,,62339,20,0,46,0,41,,62340,20,0,46,0,80,,62341,20,0,46,0,82,,62342,20,0,46,0,83,,62343,20,0,46,0,42,,62344,20,0,46,0,83,,62345,20,0,46,0,99,,62325,20,0,46,0,79,,62326,20,0,46,0,37,,62327,20,0,46,0,80,,62328,20,0,46,0,80,,62329,20,0,46,0,43,,62330,20,0,46,0,82,,62331,20,0,46,0,79,,62332,20,0,46,0,36,,62333,20,0,46,0,76,,62334,20,0,46,0,38,,62335,20,0,46,0,79,,62336,20,0,46,0
4000000,'S2-4_7',842,,62361,20,0,46,0,261,,62362,20,0,46,0,220,,62363,20,0,46,0,220,,62364,20,0,46,0,260,,62365,20,0,46,0
