301,'S2-1_6',741,,8456,26,,,0,71,,8453,26,,,0,30,,8454,26,,,0,70,,8455,26,,,0,31,,8457,26,,,0,70,,8458,26,,,0,31,,8459,26,,,0,70,,8460,26,,,0,31,,8464,26,,,0,69,,8463,26,,,0,28,,8461,26,,,0,69,,8462,26,,,0,29,,8466,26,,,0,71,,8467,26,,,0,30,,8465,26,,,0,71,,8468,26,,,0,30,,8471,26,,,0,72,,8469,26,,,0,33,,8470,26,,,0,71,,8473,26,,,0,32,,8472,26,,,0,70,,8474,26,,,0,32,,8475,26,,,0,68,,8476,26,,,0,28,,8477,26,,,0,69,,8478,26,,,0,30,,8479,26,,,0,63,,8480,26,,,0
301,'S2-4_7',934,,8481,26,,,0,100,,8482,26,,,0,100,,8483,26,,,0,100,,8484,26,,,0,100,,8485,26,,,0,100,,8486,26,,,0,100,,8487,26,,,0,100,,8488,26,,,0,100,,8489,26,,,0,100,,8490,26,,,0,100,,8491,26,,,0
301,'S2-5_1',737,,8518,26,,,0,21,,8492,26,,,0,74,,8519,26,,,0,73,,8493,26,,,0,30,,8494,26,,,0,71,,8495,26,,,0,32,,8496,26,,,0,72,,8497,26,,,0,33,,8498,26,,,0,73,,8499,26,,,0,32,,8500,26,,,0,71,,8501,26,,,0,33,,8502,26,,,0,72,,8503,26,,,0,31,,8504,26,,,0,70,,8505,26,,,0,27,,8506,26,,,0,68,,8507,26,,,0,31,,8508,26,,,0,70,,8509,26,,,0,30,,8510,26,,,0,70,,8511,26,,,0,24,,8512,26,,,0,62,,8513,26,,,0,23,,8514,26,,,0,29,,8515,26,,,0,68,,8516,26,,,0,30,,8517,26,,,0
301,'S2-5_2',737,,8546,26,,,0,21,,8520,26,,,0,74,,8547,26,,,0,73,,8521,26,,,0,30,,8522,26,,,0,71,,8523,26,,,0,32,,8524,26,,,0,72,,8525,26,,,0,33,,8526,26,,,0,73,,8527,26,,,0,32,,8528,26,,,0,71,,8529,26,,,0,33,,8530,26,,,0,72,,8531,26,,,0,31,,8532,26,,,0,70,,8533,26,,,0,27,,8534,26,,,0,68,,8535,26,,,0,31,,8536,26,,,0,70,,8537,26,,,0,30,,8538,26,,,0,70,,8539,26,,,0,24,,8540,26,,,0,62,,8541,26,,,0,23,,8542,26,,,0,29,,8543,26,,,0,68,,8544,26,,,0,30,,8545,26,,,0
301,'S2-5_4',737,,8574,26,,,0,21,,8548,26,,,0,74,,8575,26,,,0,73,,8549,26,,,0,30,,8550,26,,,0,71,,8551,26,,,0,32,,8552,26,,,0,72,,8553,26,,,0,33,,8554,26,,,0,73,,8555,26,,,0,32,,8556,26,,,0,71,,8557,26,,,0,33,,8558,26,,,0,72,,8559,26,,,0,31,,8560,26,,,0,70,,8561,26,,,0,27,,8562,26,,,0,68,,8563,26,,,0,31,,8564,26,,,0,70,,8565,26,,,0,30,,8566,26,,,0,70,,8567,26,,,0,24,,8568,26,,,0,62,,8569,26,,,0,23,,8570,26,,,0,29,,8571,26,,,0,68,,8572,26,,,0,30,,8573,26,,,0
301,'S2-5_5',737,,8602,26,,,0,21,,8576,26,,,0,74,,8603,26,,,0,73,,8577,26,,,0,30,,8578,26,,,0,71,,8579,26,,,0,32,,8580,26,,,0,72,,8581,26,,,0,33,,8582,26,,,0,73,,8583,26,,,0,32,,8584,26,,,0,71,,8585,26,,,0,33,,8586,26,,,0,72,,8587,26,,,0,31,,8588,26,,,0,70,,8589,26,,,0,27,,8590,26,,,0,68,,8591,26,,,0,31,,8592,26,,,0,70,,8593,26,,,0,30,,8594,26,,,0,70,,8595,26,,,0,24,,8596,26,,,0,62,,8597,26,,,0,23,,8598,26,,,0,29,,8599,26,,,0,68,,8600,26,,,0,30,,8601,26,,,0
301,'S2-6_3',737,,8630,26,,,0,21,,8604,26,,,0,74,,8631,26,,,0,73,,8605,26,,,0,30,,8606,26,,,0,71,,8607,26,,,0,32,,8608,26,,,0,72,,8609,26,,,0,33,,8610,26,,,0,73,,8611,26,,,0,32,,8612,26,,,0,71,,8613,26,,,0,33,,8614,26,,,0,72,,8615,26,,,0,31,,8616,26,,,0,70,,8617,26,,,0,27,,8618,26,,,0,68,,8619,26,,,0,31,,8620,26,,,0,70,,8621,26,,,0,30,,8622,26,,,0,70,,8623,26,,,0,24,,8624,26,,,0,62,,8625,26,,,0,23,,8626,26,,,0,29,,8627,26,,,0,68,,8628,26,,,0,30,,8629,26,,,0
2900301,'S2-5_1',1728,,13520,12,,,0,28,,13521,12,,,0,73,,13522,12,,,0,21,,13523,12,,,0
2900301,'S2-5_2',1728,,13524,12,,,0,28,,13525,12,,,0,73,,13526,12,,,0,21,,13527,12,,,0
2900301,'S2-5_4',1728,,13528,12,,,0,28,,13529,12,,,0,73,,13530,12,,,0,21,,13531,12,,,0
2900301,'S2-5_5',1728,,13532,12,,,0,28,,13533,12,,,0,73,,13534,12,,,0,21,,13535,12,,,0
2900301,'S2-6_3',1728,,13536,12,,,0,28,,13537,12,,,0,73,,13538,12,,,0,21,,13539,12,,,0
