200,'0_6',809,,63326,39,0,35 37,0,105,,63327,39,0,35 37,0,106,,63328,30,0,35 37,0,106,,63329,39,0,35 37,0,109,,63330,39,0,35 37,0,100,,63331,30,0,35 37,0,102,,63332,39,0,35 37,0,102,,63333,39,0,35 37,0,112,,63334,39,0,35 37,0,102,,63335,39,0,35 37,0,94,,63349,39,0,35 37,0,89,,63336,42,0,35 37,0
200,'2_1',809,,63369,39,0,35 37,0,105,,63370,39,0,35 37,0,106,,63371,30,0,35 37,0,106,,63372,39,0,35 37,0,109,,63373,39,0,35 37,0,100,,63374,30,0,35 37,0,102,,63375,39,0,35 37,0,102,,63376,39,0,35 37,0,112,,63377,39,0,35 37,0,102,,63378,39,0,35 37,0,94,,63392,39,0,35 37,0,89,,63379,42,0,35 37,0
200,'2_2',809,,63404,39,0,35 37,0,105,,63405,39,0,35 37,0,106,,63406,30,0,35 37,0,106,,63407,39,0,35 37,0,109,,63408,39,0,35 37,0,100,,63409,30,0,35 37,0,102,,63410,39,0,35 37,0,102,,63411,39,0,35 37,0,112,,63412,39,0,35 37,0,102,,63413,39,0,35 37,0,94,,63427,39,0,35 37,0,89,,63414,42,0,35 37,0
200,'2_3',809,,63439,39,0,35 37,0,105,,63440,39,0,35 37,0,106,,63441,30,0,35 37,0,106,,63442,39,0,35 37,0,109,,63443,39,0,35 37,0,100,,63444,30,0,35 37,0,102,,63445,39,0,35 37,0,102,,63446,39,0,35 37,0,112,,63447,39,0,35 37,0,102,,63448,39,0,35 37,0,94,,63462,39,0,35 37,0,89,,63449,42,0,35 37,0
200,'2_4',809,,63474,39,0,35 37,0,105,,63475,39,0,35 37,0,106,,63476,30,0,35 37,0,106,,63477,39,0,35 37,0,109,,63478,39,0,35 37,0,100,,63479,30,0,35 37,0,102,,63480,39,0,35 37,0,102,,63481,39,0,35 37,0,112,,63482,39,0,35 37,0,102,,63483,39,0,35 37,0,94,,63497,39,0,35 37,0,89,,63484,42,0,35 37,0
200,'2_5',809,,63509,39,0,35 37,0,105,,63510,39,0,35 37,0,106,,63511,30,0,35 37,0,106,,63512,39,0,35 37,0,109,,63513,39,0,35 37,0,100,,63514,30,0,35 37,0,102,,63515,39,0,35 37,0,102,,63516,39,0,35 37,0,112,,63517,39,0,35 37,0,102,,63518,39,0,35 37,0,94,,63532,39,0,35 37,0,89,,63519,42,0,35 37,0
200,'3_1',809,,63544,39,0,35 37,0,105,,63545,39,0,35 37,0,106,,63546,30,0,35 37,0,106,,63547,39,0,35 37,0,109,,63548,39,0,35 37,0,100,,63549,30,0,35 37,0,102,,63550,39,0,35 37,0,102,,63551,39,0,35 37,0,112,,63552,39,0,35 37,0,102,,63553,39,0,35 37,0,94,,63567,39,0,35 37,0,89,,63554,42,0,35 37,0
200,'3_3',809,,63579,39,0,35 37,0,105,,63580,39,0,35 37,0,106,,63581,30,0,35 37,0,106,,63582,39,0,35 37,0,109,,63583,39,0,35 37,0,100,,63584,30,0,35 37,0,102,,63585,39,0,35 37,0,102,,63586,39,0,35 37,0,112,,63587,39,0,35 37,0,102,,63588,39,0,35 37,0,94,,63602,39,0,35 37,0,89,,63589,42,0,35 37,0
200,'3_4',809,,63614,39,0,35 37,0,105,,63615,39,0,35 37,0,106,,63616,30,0,35 37,0,106,,63617,39,0,35 37,0,109,,63618,39,0,35 37,0,100,,63619,30,0,35 37,0,102,,63620,39,0,35 37,0,102,,63621,39,0,35 37,0,112,,63622,39,0,35 37,0,102,,63623,39,0,35 37,0,94,,63637,39,0,35 37,0,89,,63624,42,0,35 37,0
200,'3_5',809,,63649,39,0,35 37,0,105,,63650,39,0,35 37,0,106,,63651,30,0,35 37,0,106,,63652,39,0,35 37,0,109,,63653,39,0,35 37,0,100,,63654,30,0,35 37,0,102,,63655,39,0,35 37,0,102,,63656,39,0,35 37,0,112,,63657,39,0,35 37,0,102,,63658,39,0,35 37,0,94,,63672,39,0,35 37,0,89,,63659,42,0,35 37,0
