900,'1_3',623,,49211,1,,,0,100,,49229,1,,,0,631,,49226,1,,,0,396,,49227,1,,,0
900,'6_2',627,,44573,1,,,0,100,,44582,1,,,0
900,'6_3',627,,44591,1,,,0,100,,44600,1,,,0
900,'6_4',627,,44609,1,,,0,100,,44618,1,,,0
900,'7_1',623,,47078,1,,,0,100,,47096,1,,,0,631,,47093,1,,,0,396,,47094,1,,,0
900,'7_2',623,,49230,1,,,0,100,,49248,1,,,0,631,,49245,1,,,0,396,,49246,1,,,0
900,'7_4',623,,49249,1,,,0,100,,49267,1,,,0,631,,49264,1,,,0,396,,49265,1,,,0
901,'1_3',1347,,49279,20,4,,0,387,,49282,21,4,,0,106,,49280,12,4,,0,95,,49281,12,4,,0,119,,49283,34,4,,0
901,'7_1',1347,,47108,20,4,,0,387,,47111,21,4,,0,106,,47109,12,4,,0,95,,47110,12,4,,0,119,,47112,34,4,,0
901,'7_2',1347,,49295,20,4,,0,387,,49298,21,4,,0,106,,49296,12,4,,0,95,,49297,12,4,,0,119,,49299,34,4,,0
901,'7_4',1347,,49311,20,4,,0,387,,49314,21,4,,0,106,,49312,12,4,,0,95,,49313,12,4,,0,119,,49315,34,4,,0
