600,'S2-1_6',748,,23974,10,0,11 12,0,93,,23976,10,0,11 12,0,91,,23977,10,0,11 12,0,87,,23978,10,0,11 12,0,90,,23979,10,0,11 12,0,50,,23980,10,0,11 12,0,87,,23981,10,0,11 12,0,91,,23982,10,0,11 12,0,87,,23983,10,0,11 12,0,98,,23984,10,0,11 12,0,89,,23985,10,0,11 12,0,90,,23986,10,0,11 12,0,51,,23987,10,0,11 12,0,96,,23988,10,0,11 12,0,81,,23975,10,0,11 12,0
600,'S2-5_1',659,,23989,10,,,0,59,,24003,10,0,11 12,0,92,,23990,10,,,0,110,,23991,10,0,11 12,0,100,,23992,10,0,11 12,0,91,,23993,10,0,11 12,0,111,,23994,10,0,11 12,0,106,,23995,10,0,11 12,0,96,,24004,10,0,11 12,0,92,,23996,10,0,11 12,0,94,,23997,10,0,11 12,0,39,,23998,10,0,11 12,0,86,,23999,10,0,11 12,0,77,,24000,10,0,11 12,0,32,,24001,10,0,11 12,0,82,,24002,10,0,11 12,0
600,'S2-5_2',659,,24005,10,,,0,59,,24019,10,0,11 12,0,92,,24006,10,,,0,110,,24007,10,0,11 12,0,100,,24008,10,0,11 12,0,91,,24009,10,0,11 12,0,111,,24010,10,0,11 12,0,106,,24011,10,0,11 12,0,96,,24020,10,0,11 12,0,92,,24012,10,0,11 12,0,94,,24013,10,0,11 12,0,39,,24014,10,0,11 12,0,86,,24015,10,0,11 12,0,77,,24016,10,0,11 12,0,32,,24017,10,0,11 12,0,82,,24018,10,0,11 12,0
600,'S2-5_4',659,,24021,10,,,0,59,,24035,10,0,11 12,0,92,,24022,10,,,0,110,,24023,10,0,11 12,0,100,,24024,10,0,11 12,0,91,,24025,10,0,11 12,0,111,,24026,10,0,11 12,0,106,,24027,10,0,11 12,0,96,,24036,10,0,11 12,0,92,,24028,10,0,11 12,0,94,,24029,10,0,11 12,0,39,,24030,10,0,11 12,0,86,,24031,10,0,11 12,0,77,,24032,10,0,11 12,0,32,,24033,10,0,11 12,0,82,,24034,10,0,11 12,0
600,'S2-5_5',659,,24037,10,,,0,59,,24051,10,0,11 12,0,92,,24038,10,,,0,110,,24039,10,0,11 12,0,100,,24040,10,0,11 12,0,91,,24041,10,0,11 12,0,111,,24042,10,0,11 12,0,106,,24043,10,0,11 12,0,96,,24052,10,0,11 12,0,92,,24044,10,0,11 12,0,94,,24045,10,0,11 12,0,39,,24046,10,0,11 12,0,86,,24047,10,0,11 12,0,77,,24048,10,0,11 12,0,32,,24049,10,0,11 12,0,82,,24050,10,0,11 12,0
600,'S2-6_3',659,,24053,10,,,0,59,,24067,10,0,11 12,0,92,,24054,10,,,0,110,,24055,10,0,11 12,0,100,,24056,10,0,11 12,0,91,,24057,10,0,11 12,0,111,,24058,10,0,11 12,0,106,,24059,10,0,11 12,0,96,,24068,10,0,11 12,0,92,,24060,10,0,11 12,0,94,,24061,10,0,11 12,0,39,,24062,10,0,11 12,0,86,,24063,10,0,11 12,0,77,,24064,10,0,11 12,0,32,,24065,10,0,11 12,0,82,,24066,10,0,11 12,0
601,'S2-1_6',757,,24069,20,,,0,90,,24071,20,,,0,96,,24072,20,,,0,92,,24073,20,,,0,89,,24074,20,,,0,88,,24075,20,,,0,88,,24076,20,,,0,49,,24077,20,,,0,90,,24078,20,,,0,88,,24079,20,,,0,100,,24080,20,,,0,92,,24081,20,,,0,93,,24082,20,,,0,45,,24083,20,,,0,90,,24070,20,,,0
601,'S2-5_1',627,,24084,20,,,0,109,,24097,20,,,0,95,,24085,20,,,0,102,,24086,20,,,0,99,,24087,20,,,0,100,,24088,20,,,0,105,,24101,20,,,0,19,,24089,20,,,0,82,,24090,20,,,0,104,,24091,20,,,0,94,,24092,20,,,0,82,,24098,20,,,0,38,,24093,21,,,0,80,,24099,20,,,0,67,,24094,21,,,0,27,,24100,21,,,0,25,,24095,20,,,0,95,,24096,20,,,0
601,'S2-5_2',627,,24102,20,,,0,109,,24115,20,,,0,95,,24103,20,,,0,102,,24104,20,,,0,99,,24105,20,,,0,100,,24106,20,,,0,105,,24119,20,,,0,19,,24107,20,,,0,82,,24108,20,,,0,104,,24109,20,,,0,94,,24110,20,,,0,82,,24116,20,,,0,38,,24111,21,,,0,80,,24117,20,,,0,67,,24112,21,,,0,27,,24118,21,,,0,25,,24113,20,,,0,95,,24114,20,,,0
601,'S2-5_4',627,,24120,20,,,0,109,,24133,20,,,0,95,,24121,20,,,0,102,,24122,20,,,0,99,,24123,20,,,0,100,,24124,20,,,0,105,,24137,20,,,0,19,,24125,20,,,0,82,,24126,20,,,0,104,,24127,20,,,0,94,,24128,20,,,0,82,,24134,20,,,0,38,,24129,21,,,0,80,,24135,20,,,0,67,,24130,21,,,0,27,,24136,21,,,0,25,,24131,20,,,0,95,,24132,20,,,0
601,'S2-5_5',627,,24138,20,,,0,109,,24151,20,,,0,95,,24139,20,,,0,102,,24140,20,,,0,99,,24141,20,,,0,100,,24142,20,,,0,105,,24155,20,,,0,19,,24143,20,,,0,82,,24144,20,,,0,104,,24145,20,,,0,94,,24146,20,,,0,82,,24152,20,,,0,38,,24147,21,,,0,80,,24153,20,,,0,67,,24148,21,,,0,27,,24154,21,,,0,25,,24149,20,,,0,95,,24150,20,,,0
601,'S2-6_3',627,,24156,20,,,0,109,,24170,20,,,0,95,,24157,20,,,0,102,,24158,20,,,0,99,,24159,20,,,0,100,,24160,20,,,0,105,,24161,21,,,0,19,,24162,20,,,0,82,,24163,20,,,0,104,,24164,20,,,0,94,,24165,20,,,0,82,,24171,20,,,0,38,,24166,21,,,0,80,,24172,20,,,0,67,,24167,21,,,0,27,,24173,21,,,0,25,,24168,20,,,0,95,,24169,20,,,0
