900500,'2509-HIV-26a05Hlv-L-Ma-J-V-00-0001000',2140,,12387,4,,0,90,,12388,4,,0,90,,12389,4,,0,90,,12390,4,,0,48,,12391,4,,0,70,,12392,4,,0,30,,12393,4,,0,70,,12394,4,,0
900500,'2509-HIV-26b23Vlv-Semaine-00-0001000',2140,,12395,4,,0,90,,12396,4,,0,90,,12397,4,,0,90,,12398,4,,0,48,,12399,4,,0,70,,12400,4,,0,30,,12401,4,,0,70,,12402,4,,0
900501,'2509-HIV-26a05Hlv-L-Ma-J-V-00-0001000',2100,,12403,,,0,40,,12404,,,0,90,,12405,,,0,90,,12406,,,0,90,,12407,,,0,48,,12408,,,0,70,,12409,,,0,30,,12410,,,0
900501,'2509-HIV-26b23Vlv-Semaine-00-0001000',2100,,12411,,,0,40,,12412,,,0,90,,12413,,,0,90,,12414,,,0,90,,12415,,,0,48,,12416,,,0,70,,12417,,,0,30,,12418,,,0
3000001,'2509-HIV-25j05H-d-Dimanche-00',842,,15080,,,0,170,,15088,,,0,130,,15087,,,0,170,,15086,,,0,130,,15083,,,0,170,,15084,,,0,130,,15085,,,0,170,,15082,,,0,130,,15081,,,0
3000001,'2509-HIV-25j26H-d-Dimanche-00',842,,15089,,,0,170,,15091,,,0,130,,15092,,,0,170,,15093,,,0,130,,15094,,,0,170,,15095,,,0,130,,15096,,,0,170,,15097,,,0,130,,15090,,,0
3000001,'2509-HIV-25k03H-s-Samedi-00',634,,15098,,,0,80,,15099,,,0,44,,15100,,,0,77,,15101,,,0,20,,15102,,,0,60,,15103,,,0,20,,15104,,,0,20,,15105,,,0,60,,15106,,,0,20,,15107,,,0,20,,15108,,,0,60,,15109,,,0,20,,15110,,,0,20,,15111,,,0,59,,15112,,,0,20,,15113,,,0,20,,15114,,,0,60,,15115,,,0,20,,15116,,,0,20,,15117,,,0,60,,15118,,,0,20,,15119,,,0,21,,15120,,,0,60,,15121,,,0,20,,15122,,,0,20,,15123,,,0,60,,15124,,,0,20,,15125,,,0,20,,15126,,,0,60,,15127,,,0,20,,15128,,,0,19,,15129,,,0,60,,15130,,,0,20,,15131,,,0,20,,15132,,,0,71,,15134,,,0,29,,15135,,,0,70,,15133,,,0,30,,15136,,,0
3000001,'2509-HIV-25l22Vlv-Semaine-00',644,,15178,,,0,59,,15137,,,0,20,,15138,,,0,20,,15139,,,0,60,,15140,,,0,19,,15141,,,0,19,,15142,,,0,60,,15143,,,0,21,,15144,,,0,19,,15145,,,0,60,,15146,,,0,20,,15147,,,0,19,,15148,,,0,61,,15149,,,0,20,,15150,,,0,19,,15151,,,0,19,,15152,,,0,60,,15153,,,0,20,,15154,,,0,20,,15155,,,0,60,,15156,,,0,19,,15157,,,0,21,,15158,,,0,60,,15159,,,0,19,,15160,,,0,21,,15161,,,0,60,,15162,,,0,20,,15163,,,0,20,,15164,,,0,60,,15165,,,0,20,,15166,,,0,20,,15167,,,0,60,,15168,,,0,21,,15169,,,0,60,,15170,,,0,19,,15171,,,0,22,,15172,,,0,61,,15173,,,0,21,,15174,,,0,31,,15175,,,0,67,,15176,,,0,31,,15177,,,0
3000001,'2509-HIV-26a05H-s-Samedi-00',634,,15179,,,0,80,,15180,,,0,44,,15181,,,0,77,,15182,,,0,20,,15183,,,0,60,,15184,,,0,20,,15185,,,0,20,,15186,,,0,60,,15187,,,0,20,,15188,,,0,20,,15189,,,0,60,,15190,,,0,20,,15191,,,0,20,,15192,,,0,59,,15193,,,0,20,,15194,,,0,20,,15195,,,0,60,,15196,,,0,20,,15197,,,0,20,,15198,,,0,60,,15199,,,0,20,,15200,,,0,21,,15201,,,0,60,,15202,,,0,20,,15203,,,0,20,,15204,,,0,60,,15205,,,0,20,,15206,,,0,20,,15207,,,0,60,,15208,,,0,20,,15209,,,0,19,,15210,,,0,60,,15211,,,0,20,,15212,,,0,20,,15213,,,0,71,,15215,,,0,29,,15216,,,0,70,,15214,,,0,30,,15217,,,0
3000001,'2509-HIV-26a05H-w-Mercredi-00',641,,15259,,,0,18,,15218,,,0,59,,15219,,,0,20,,15220,,,0,62,,15221,,,0,21,,15222,,,0,20,,15223,,,0,61,,15224,,,0,20,,15225,,,0,19,,15226,,,0,60,,15227,,,0,20,,15228,,,0,19,,15229,,,0,60,,15230,,,0,19,,15231,,,0,21,,15232,,,0,18,,15233,,,0,62,,15234,,,0,21,,15235,,,0,60,,15236,,,0,19,,15237,,,0,19,,15238,,,0,61,,15239,,,0,20,,15240,,,0,20,,15241,,,0,60,,15242,,,0,22,,15243,,,0,19,,15244,,,0,59,,15245,,,0,12,,15260,0,22 23,0,8,,15246,,,0,11,,15261,0,22 23,0,11,,15247,,,0,9,,15262,0,22 23,0,50,,15248,,,0,11,,15263,0,22 23,0,10,,15249,,,0,10,,15264,0,22 23,0,12,,15250,,,0,8,,15265,0,22 23,0,49,,15251,,,0,10,,15266,0,22 23,0,9,,15252,,,0,11,,15267,0,22 23,0,11,,15253,,,0,60,,15254,,,0,23,,15255,,,0,26,,15256,,,0,69,,15257,,,0,33,,15258,,,0
3000001,'2509-HIV-26a05Hlv-L-Ma-J-V-00',641,,15309,,,0,18,,15268,,,0,59,,15269,,,0,20,,15270,,,0,62,,15271,,,0,21,,15272,,,0,20,,15273,,,0,61,,15274,,,0,20,,15275,,,0,19,,15276,,,0,60,,15277,,,0,20,,15278,,,0,19,,15279,,,0,60,,15280,,,0,19,,15281,,,0,21,,15282,,,0,18,,15283,,,0,62,,15284,,,0,21,,15285,,,0,60,,15286,,,0,19,,15287,,,0,19,,15288,,,0,61,,15289,,,0,20,,15290,,,0,20,,15291,,,0,60,,15292,,,0,22,,15293,,,0,19,,15294,,,0,59,,15295,,,0,12,,15310,0,22 23,0,8,,15296,,,0,11,,15311,0,22 23,0,11,,15297,,,0,9,,15312,0,22 23,0,50,,15298,,,0,11,,15313,0,22 23,0,10,,15299,,,0,10,,15314,0,22 23,0,12,,15300,,,0,8,,15315,0,22 23,0,49,,15301,,,0,10,,15316,0,22 23,0,9,,15302,,,0,11,,15317,0,22 23,0,11,,15303,,,0,60,,15304,,,0,23,,15305,,,0,26,,15306,,,0,69,,15307,,,0,33,,15308,,,0
3000001,'2509-HIV-26b23Vlv-Semaine-00',644,,15359,,,0,59,,15318,,,0,20,,15319,,,0,20,,15320,,,0,60,,15321,,,0,19,,15322,,,0,19,,15323,,,0,60,,15324,,,0,21,,15325,,,0,19,,15326,,,0,60,,15327,,,0,20,,15328,,,0,19,,15329,,,0,61,,15330,,,0,20,,15331,,,0,19,,15332,,,0,19,,15333,,,0,60,,15334,,,0,20,,15335,,,0,20,,15336,,,0,60,,15337,,,0,19,,15338,,,0,21,,15339,,,0,60,,15340,,,0,19,,15341,,,0,21,,15342,,,0,60,,15343,,,0,20,,15344,,,0,20,,15345,,,0,60,,15346,,,0,20,,15347,,,0,20,,15348,,,0,60,,15349,,,0,21,,15350,,,0,60,,15351,,,0,19,,15352,,,0,22,,15353,,,0,61,,15354,,,0,21,,15355,,,0,31,,15356,,,0,67,,15357,,,0,31,,15358,,,0
3000001,'2509-HIV-26c02Vlv-Semaine-00',644,,15401,,,0,59,,15360,,,0,20,,15361,,,0,20,,15362,,,0,60,,15363,,,0,19,,15364,,,0,19,,15365,,,0,60,,15366,,,0,21,,15367,,,0,19,,15368,,,0,60,,15369,,,0,20,,15370,,,0,19,,15371,,,0,61,,15372,,,0,20,,15373,,,0,19,,15374,,,0,19,,15375,,,0,60,,15376,,,0,20,,15377,,,0,20,,15378,,,0,60,,15379,,,0,19,,15380,,,0,21,,15381,,,0,60,,15382,,,0,19,,15383,,,0,21,,15384,,,0,60,,15385,,,0,20,,15386,,,0,20,,15387,,,0,60,,15388,,,0,20,,15389,,,0,20,,15390,,,0,60,,15391,,,0,21,,15392,,,0,60,,15393,,,0,19,,15394,,,0,22,,15395,,,0,61,,15396,,,0,21,,15397,,,0,31,,15398,,,0,67,,15399,,,0,31,,15400,,,0
