400,'2509-HIV-25l22Vlv-Semaine-00',735,,9647,0,36,0,13,,9653,0,36,0,72,,9628,0,36,0,495,,9649,0,36,0,337,,9654,0,36,0,71,,9650,0,36,0,28,,9643,0,36,0
400,'2509-HIV-26a05H-w-Mercredi-00',739,,9701,4,,0,15,,9708,0,36,0,69,,9680,0,36,0,493,,9704,0,36,0,339,,9709,0,36,0,71,,9705,0,36,0,29,,9710,,,0
400,'2509-HIV-26a05Hlv-L-Ma-J-V-00',739,,9733,4,,0,15,,9740,0,36,0,69,,9712,0,36,0,493,,9736,0,36,0,339,,9741,0,36,0,71,,9737,0,36,0,29,,9742,,,0
400,'2509-HIV-26b23Vlv-Semaine-00',735,,9763,0,36,0,13,,9769,0,36,0,72,,9744,0,36,0,495,,9765,0,36,0,337,,9770,0,36,0,71,,9766,0,36,0,28,,9759,0,36,0
400,'2509-HIV-26c02Vlv-Semaine-00',735,,9791,0,36,0,13,,9797,0,36,0,72,,9772,0,36,0,495,,9793,0,36,0,337,,9798,0,36,0,71,,9794,0,36,0,28,,9787,0,36,0
401,'2509-HIV-25l22Vlv-Semaine-00',705,,9866,0,20 35,0,24,,9867,0,20 35,0,71,,9873,,,0,413,,9874,,,0,429,,9868,0,20 35,0,69,,9869,,,0,103,,9870,0,20 35,0
401,'2509-HIV-26a05H-w-Mercredi-00',703,,9920,0,20 35,0,22,,9921,0,20 35,0,34,,9928,,,0,454,,9929,,,0,422,,9922,0,20 35,0,71,,9923,0,20 35,0,104,,9924,0,20 35,0
401,'2509-HIV-26a05Hlv-L-Ma-J-V-00',703,,9951,0,20 35,0,22,,9952,0,20 35,0,34,,9959,,,0,454,,9960,,,0,422,,9953,0,20 35,0,71,,9954,0,20 35,0,104,,9955,0,20 35,0
401,'2509-HIV-26b23Vlv-Semaine-00',705,,9980,0,20 35,0,24,,9981,0,20 35,0,71,,9987,,,0,413,,9988,,,0,429,,9982,0,20 35,0,69,,9983,,,0,103,,9984,0,20 35,0
401,'2509-HIV-26c02Vlv-Semaine-00',705,,10008,0,20 35,0,24,,10009,0,20 35,0,71,,10015,,,0,413,,10016,,,0,429,,10010,0,20 35,0,69,,10011,,,0,103,,10012,0,20 35,0
