701,'1_6',701,,16853,2,,,0,110,,16854,2,,,0,109,,16855,2,,,0,110,,16856,2,,,0,112,,16857,2,,,0,109,,16858,2,,,0,149,,16859,2,,,0,111,,16860,2,,,0,110,,16861,2,,,0,110,,16851,2,,,0,111,,16852,2,,,0
701,'5_1',658,,16862,2,,,0,153,,16863,2,,,0,109,,16864,2,,,0,110,,16865,2,,,0,111,,16866,2,,,0,110,,16867,2,,,0,108,,16868,2,,,0,148,,16869,2,,,0,110,,16870,2,,,0,110,,16871,2,,,0,114,,16872,2,,,0
701,'5_2',658,,16873,2,,,0,153,,16874,2,,,0,109,,16875,2,,,0,110,,16876,2,,,0,111,,16877,2,,,0,110,,16878,2,,,0,108,,16879,2,,,0,148,,16880,2,,,0,110,,16881,2,,,0,110,,16882,2,,,0,114,,16883,2,,,0
701,'5_4',658,,16884,2,,,0,153,,16885,2,,,0,109,,16886,2,,,0,110,,16887,2,,,0,111,,16888,2,,,0,110,,16889,2,,,0,108,,16890,2,,,0,148,,16891,2,,,0,110,,16892,2,,,0,110,,16893,2,,,0,114,,16894,2,,,0
701,'5_5',658,,16895,2,,,0,153,,16896,2,,,0,109,,16897,2,,,0,110,,16898,2,,,0,111,,16899,2,,,0,110,,16900,2,,,0,108,,16901,2,,,0,148,,16902,2,,,0,110,,16903,2,,,0,110,,16904,2,,,0,114,,16905,2,,,0
701,'6_3',658,,16906,2,,,0,153,,16907,2,,,0,109,,16908,2,,,0,110,,16909,2,,,0,111,,16910,2,,,0,110,,16911,2,,,0,108,,16912,2,,,0,148,,16913,2,,,0,110,,16914,2,,,0,110,,16915,2,,,0,114,,16916,2,,,0
2401,'5_1',722,,18147,6,0,18 19,0
2401,'5_2',722,,18151,6,0,18 19,0
2401,'5_4',722,,18155,6,0,18 19,0
2401,'5_5',722,,18159,6,0,18 19,0
2401,'6_3',722,,18163,6,0,18 19,0
900500,'5_4',2127,,18841,14,,,0,90,,18842,14,,,0,90,,18843,14,,,0,50,,18844,14,,,0,88,,18845,14,,,0
