100,'S2-0_6',738,,53556,44,0,61 8,0,109,,53568,44,0,61 8,0,95,,53557,44,0,61 8,0,70,,53569,44,0,61 8,0,30,,53558,44,0,61 8,0,72,,53570,44,0,61 8,0,30,,53559,44,0,61 8,0,69,,53571,44,0,61 8,0,30,,53560,44,0,61 8,0,68,,53572,44,0,61 8,0,31,,53561,44,0,61 8,0,70,,53573,44,0,61 8,0,30,,53562,44,0,61 8,0,71,,53574,44,0,61 8,0,29,,53563,44,0,61 8,0,72,,53575,44,0,61 8,0,32,,53564,44,0,61 8,0,72,,53576,44,0,61 8,0,31,,53565,44,0,61 8,0,68,,53577,44,0,61 8,0,28,,53566,44,0,61 8,0,71,,53578,44,0,61 8,0,28,,53567,44,0,61 8,0
100,'S2-1_7',940,,53579,44,0,61 8,0,104,,53584,44,0,61 8,0,106,,53580,44,0,61 8,0,104,,53585,44,0,61 8,0,90,,53581,44,0,61 8,0,100,,53586,44,0,61 8,0,106,,53582,44,0,61 8,0,105,,53587,44,0,61 8,0,104,,53583,44,0,61 8,0,145,,53588,44,0,61 8,0
100,'S2-2_1',738,,53589,44,0,61 8,0,69,,53590,44,,,0,35,,53592,44,0,61 8,0,65,,53593,44,0,61 8,0,30,,53591,44,0,61 8,0,69,,53594,44,0,61 8,0,35,,53595,44,0,61 8,0,70,,53598,44,0,61 8,0,31,,53596,44,0,61 8,0,72,,53597,44,0,61 8,0,31,,53600,44,,,0,70,,53599,44,0,61 8,0,31,,53601,44,,,0,70,,53602,44,0,61 8,0,30,,53604,44,0,61 8,0,70,,53603,44,0,61 8,0,30,,53608,44,0,61 8,0,71,,53607,44,0,61 8,0,32,,53609,44,,,0,75,,53605,44,0,61 8,0,28,,53610,44,,,0,70,,53606,44,0,61 8,0,28,,53611,44,,,0,70,,53612,44,0,61 8,0,29,,53613,44,,,0
100,'S2-2_2',738,,53614,44,0,61 8,0,69,,53615,44,,,0,35,,53617,44,0,61 8,0,65,,53618,44,0,61 8,0,30,,53616,44,0,61 8,0,69,,53619,44,0,61 8,0,35,,53620,44,0,61 8,0,70,,53623,44,0,61 8,0,31,,53621,44,0,61 8,0,72,,53622,44,0,61 8,0,31,,53625,44,,,0,70,,53624,44,0,61 8,0,31,,53626,44,,,0,70,,53627,44,0,61 8,0,30,,53629,44,0,61 8,0,70,,53628,44,0,61 8,0,30,,53633,44,0,61 8,0,71,,53632,44,0,61 8,0,32,,53634,44,,,0,75,,53630,44,0,61 8,0,28,,53635,44,,,0,70,,53631,44,0,61 8,0,28,,53636,44,,,0,70,,53637,44,0,61 8,0,29,,53638,44,,,0
100,'S2-2_3',738,,53639,44,0,61 8,0,69,,53640,44,,,0,35,,53642,44,0,61 8,0,65,,53643,44,0,61 8,0,30,,53641,44,0,61 8,0,69,,53644,44,0,61 8,0,35,,53645,44,0,61 8,0,70,,53648,44,0,61 8,0,31,,53646,44,0,61 8,0,72,,53647,44,0,61 8,0,31,,53650,44,,,0,70,,53649,44,0,61 8,0,31,,53651,44,,,0,70,,53652,44,0,61 8,0,30,,53654,44,0,61 8,0,70,,53653,44,0,61 8,0,30,,53658,44,0,61 8,0,71,,53657,44,0,61 8,0,32,,53659,44,,,0,75,,53655,44,0,61 8,0,28,,53660,44,,,0,70,,53656,44,0,61 8,0,28,,53661,44,,,0,70,,53662,44,0,61 8,0,29,,53663,44,,,0
100,'S2-2_4',738,,53664,44,0,61 8,0,69,,53665,44,,,0,35,,53667,44,0,61 8,0,65,,53668,44,0,61 8,0,30,,53666,44,0,61 8,0,69,,53669,44,0,61 8,0,35,,53670,44,0,61 8,0,70,,53673,44,0,61 8,0,31,,53671,44,0,61 8,0,72,,53672,44,0,61 8,0,31,,53675,44,,,0,70,,53674,44,0,61 8,0,31,,53676,44,,,0,70,,53677,44,0,61 8,0,30,,53679,44,0,61 8,0,70,,53678,44,0,61 8,0,30,,53683,44,0,61 8,0,71,,53682,44,0,61 8,0,32,,53684,44,,,0,75,,53680,44,0,61 8,0,28,,53685,44,,,0,70,,53681,44,0,61 8,0,28,,53686,44,,,0,70,,53687,44,0,61 8,0,29,,53688,44,,,0
100,'S2-2_5',738,,53689,44,0,61 8,0,69,,53690,44,,,0,35,,53692,44,0,61 8,0,65,,53693,44,0,61 8,0,30,,53691,44,0,61 8,0,69,,53694,44,0,61 8,0,35,,53695,44,0,61 8,0,70,,53698,44,0,61 8,0,31,,53696,44,0,61 8,0,72,,53697,44,0,61 8,0,31,,53700,44,,,0,70,,53699,44,0,61 8,0,31,,53701,44,,,0,70,,53702,44,0,61 8,0,30,,53704,44,0,61 8,0,70,,53703,44,0,61 8,0,30,,53708,44,0,61 8,0,71,,53707,44,0,61 8,0,32,,53709,44,,,0,75,,53705,44,0,61 8,0,28,,53710,44,,,0,70,,53706,44,0,61 8,0,28,,53711,44,,,0,70,,53712,44,0,61 8,0,29,,53713,44,,,0
100,'S2-3_1',738,,53714,44,0,61 8,0,69,,53715,44,,,0,35,,53717,44,0,61 8,0,65,,53718,44,0,61 8,0,30,,53716,44,0,61 8,0,69,,53719,44,0,61 8,0,35,,53720,44,0,61 8,0,70,,53723,44,0,61 8,0,31,,53721,44,0,61 8,0,72,,53722,44,0,61 8,0,31,,53725,44,,,0,70,,53724,44,0,61 8,0,31,,53726,44,,,0,70,,53727,44,0,61 8,0,30,,53729,44,0,61 8,0,70,,53728,44,0,61 8,0,30,,53733,44,0,61 8,0,71,,53732,44,0,61 8,0,32,,53734,44,,,0,75,,53730,44,0,61 8,0,28,,53735,44,,,0,70,,53731,44,0,61 8,0,28,,53736,44,,,0,70,,53737,44,0,61 8,0,29,,53738,44,,,0
100,'S2-3_3',738,,53739,44,0,61 8,0,69,,53740,44,,,0,35,,53742,44,0,61 8,0,65,,53743,44,0,61 8,0,30,,53741,44,0,61 8,0,69,,53744,44,0,61 8,0,35,,53745,44,0,61 8,0,70,,53748,44,0,61 8,0,31,,53746,44,0,61 8,0,72,,53747,44,0,61 8,0,31,,53750,44,,,0,70,,53749,44,0,61 8,0,31,,53751,44,,,0,70,,53752,44,0,61 8,0,30,,53754,44,0,61 8,0,70,,53753,44,0,61 8,0,30,,53758,44,0,61 8,0,71,,53757,44,0,61 8,0,32,,53759,44,,,0,75,,53755,44,0,61 8,0,28,,53760,44,,,0,70,,53756,44,0,61 8,0,28,,53761,44,,,0,70,,53762,44,0,61 8,0,29,,53763,44,,,0
100,'S2-3_4',738,,53764,44,0,61 8,0,69,,53765,44,,,0,35,,53767,44,0,61 8,0,65,,53768,44,0,61 8,0,30,,53766,44,0,61 8,0,69,,53769,44,0,61 8,0,35,,53770,44,0,61 8,0,70,,53773,44,0,61 8,0,31,,53771,44,0,61 8,0,72,,53772,44,0,61 8,0,31,,53775,44,,,0,70,,53774,44,0,61 8,0,31,,53776,44,,,0,70,,53777,44,0,61 8,0,30,,53779,44,0,61 8,0,70,,53778,44,0,61 8,0,30,,53783,44,0,61 8,0,71,,53782,44,0,61 8,0,32,,53784,44,,,0,75,,53780,44,0,61 8,0,28,,53785,44,,,0,70,,53781,44,0,61 8,0,28,,53786,44,,,0,70,,53787,44,0,61 8,0,29,,53788,44,,,0
100,'S2-4_7',940,,53789,44,0,61 8,0,104,,53794,44,0,61 8,0,106,,53790,44,0,61 8,0,104,,53795,44,0,61 8,0,90,,53791,44,0,61 8,0,100,,53796,44,0,61 8,0,106,,53792,44,0,61 8,0,105,,53797,44,0,61 8,0,104,,53793,44,0,61 8,0,145,,53798,44,0,61 8,0
