401,'S2-0_6',648,,55641,3,,,0,162,,55640,3,0,41,0,32,,55638,3,,,0,64,,55627,3,0,41,0,32,,55639,3,0,41,0,69,,55628,3,0,41,0,35,,55634,3,,,0,68,,55629,3,0,41,0,32,,55630,3,0,41,0,73,,55646,3,0,41,0,31,,55648,3,,,0,72,,55635,3,0,41,0,29,,55626,3,0,41,0,67,,55631,3,0,41,0,28,,55636,3,,,0,68,,55632,3,0,41,0,29,,55649,3,0,41,0,71,,55645,3,0,41,0,26,,55642,3,,,0,64,,55643,3,0,41,0,27,,55647,3,,,0,76,,55644,3,0,41,0,36,,55633,3,0,41,0,76,,55637,3,,,0
401,'S2-1_7',926,,55650,3,,,0,125,,55651,3,,,0,165,,55652,3,,,0,201,,55653,3,,,0,125,,55654,3,,,0,165,,55655,3,,,0,125,,55656,3,,,0
401,'S2-2_1',643,,55667,6,,,0,58,,55668,3,0,41,0,38,,55679,3,0,41,0,76,,55658,6,0,41,0,27,,55680,3,,,0,67,,55659,3,0,41,0,29,,55681,3,0,41,0,69,,55660,3,0,41,0,35,,55675,3,,,0,72,,55661,3,0,41,0,29,,55662,3,0,41,0,69,,55674,3,0,41,0,36,,55672,3,,,0,73,,55676,3,0,41,0,26,,55657,3,0,41,0,67,,55663,3,0,41,0,28,,55677,3,,,0,66,,55664,3,0,41,0,31,,55665,3,,,0,62,,55673,3,0,41,0,27,,55669,3,,,0,24,,55670,3,0,41,0,86,,55682,6,,,0,62,,55671,3,0,41,0,34,,55666,3,0,41,0,79,,55678,3,,,0
401,'S2-2_2',643,,55693,6,,,0,58,,55694,3,0,41,0,38,,55705,3,0,41,0,76,,55684,6,0,41,0,27,,55706,3,,,0,67,,55685,3,0,41,0,29,,55707,3,0,41,0,69,,55686,3,0,41,0,35,,55701,3,,,0,72,,55687,3,0,41,0,29,,55688,3,0,41,0,69,,55700,3,0,41,0,36,,55698,3,,,0,73,,55702,3,0,41,0,26,,55683,3,0,41,0,67,,55689,3,0,41,0,28,,55703,3,,,0,66,,55690,3,0,41,0,31,,55691,3,,,0,62,,55699,3,0,41,0,27,,55695,3,,,0,24,,55696,3,0,41,0,86,,55708,6,,,0,62,,55697,3,0,41,0,34,,55692,3,0,41,0,79,,55704,3,,,0
401,'S2-2_3',643,,55719,6,,,0,58,,55720,3,0,41,0,38,,55731,3,0,41,0,76,,55710,6,0,41,0,27,,55732,3,,,0,67,,55711,3,0,41,0,29,,55733,3,0,41,0,69,,55712,3,0,41,0,35,,55727,3,,,0,72,,55713,3,0,41,0,29,,55714,3,0,41,0,69,,55726,3,0,41,0,36,,55724,3,,,0,73,,55728,3,0,41,0,26,,55709,3,0,41,0,67,,55715,3,0,41,0,28,,55729,3,,,0,66,,55716,3,0,41,0,31,,55717,3,,,0,62,,55725,3,0,41,0,27,,55721,3,,,0,24,,55722,3,0,41,0,86,,55734,6,,,0,62,,55723,3,0,41,0,34,,55718,3,0,41,0,79,,55730,3,,,0
401,'S2-2_4',643,,55745,6,,,0,58,,55746,3,0,41,0,38,,55757,3,0,41,0,76,,55736,6,0,41,0,27,,55758,3,,,0,67,,55737,3,0,41,0,29,,55759,3,0,41,0,69,,55738,3,0,41,0,35,,55753,3,,,0,72,,55739,3,0,41,0,29,,55740,3,0,41,0,69,,55752,3,0,41,0,36,,55750,3,,,0,73,,55754,3,0,41,0,26,,55735,3,0,41,0,67,,55741,3,0,41,0,28,,55755,3,,,0,66,,55742,3,0,41,0,31,,55743,3,,,0,62,,55751,3,0,41,0,27,,55747,3,,,0,24,,55748,3,0,41,0,86,,55760,6,,,0,62,,55749,3,0,41,0,34,,55744,3,0,41,0,79,,55756,3,,,0
401,'S2-2_5',643,,55771,6,,,0,58,,55772,3,0,41,0,38,,55783,3,0,41,0,76,,55762,6,0,41,0,27,,55784,3,,,0,67,,55763,3,0,41,0,29,,55785,3,0,41,0,69,,55764,3,0,41,0,35,,55779,3,,,0,72,,55765,3,0,41,0,29,,55766,3,0,41,0,69,,55778,3,0,41,0,36,,55776,3,,,0,73,,55780,3,0,41,0,26,,55761,3,0,41,0,67,,55767,3,0,41,0,28,,55781,3,,,0,66,,55768,3,0,41,0,31,,55769,3,,,0,62,,55777,3,0,41,0,27,,55773,3,,,0,24,,55774,3,0,41,0,86,,55786,6,,,0,62,,55775,3,0,41,0,34,,55770,3,0,41,0,79,,55782,3,,,0
401,'S2-3_1',643,,55797,6,,,0,58,,55798,3,0,41,0,38,,55809,3,0,41,0,76,,55788,6,0,41,0,27,,55810,3,,,0,67,,55789,3,0,41,0,29,,55811,3,0,41,0,69,,55790,3,0,41,0,35,,55805,3,,,0,72,,55791,3,0,41,0,29,,55792,3,0,41,0,69,,55804,3,0,41,0,36,,55802,3,,,0,73,,55806,3,0,41,0,26,,55787,3,0,41,0,67,,55793,3,0,41,0,28,,55807,3,,,0,66,,55794,3,0,41,0,31,,55795,3,,,0,62,,55803,3,0,41,0,27,,55799,3,,,0,24,,55800,3,0,41,0,86,,55812,6,,,0,62,,55801,3,0,41,0,34,,55796,3,0,41,0,79,,55808,3,,,0
401,'S2-3_3',643,,55823,6,,,0,58,,55824,3,0,41,0,38,,55835,3,0,41,0,76,,55814,6,0,41,0,27,,55836,3,,,0,67,,55815,3,0,41,0,29,,55837,3,0,41,0,69,,55816,3,0,41,0,35,,55831,3,,,0,72,,55817,3,0,41,0,29,,55818,3,0,41,0,69,,55830,3,0,41,0,36,,55828,3,,,0,73,,55832,3,0,41,0,26,,55813,3,0,41,0,67,,55819,3,0,41,0,28,,55833,3,,,0,66,,55820,3,0,41,0,31,,55821,3,,,0,62,,55829,3,0,41,0,27,,55825,3,,,0,24,,55826,3,0,41,0,86,,55838,6,,,0,62,,55827,3,0,41,0,34,,55822,3,0,41,0,79,,55834,3,,,0
401,'S2-3_4',643,,55849,6,,,0,58,,55850,3,0,41,0,38,,55861,3,0,41,0,76,,55840,6,0,41,0,27,,55862,3,,,0,67,,55841,3,0,41,0,29,,55863,3,0,41,0,69,,55842,3,0,41,0,35,,55857,3,,,0,72,,55843,3,0,41,0,29,,55844,3,0,41,0,69,,55856,3,0,41,0,36,,55854,3,,,0,73,,55858,3,0,41,0,26,,55839,3,0,41,0,67,,55845,3,0,41,0,28,,55859,3,,,0,66,,55846,3,0,41,0,31,,55847,3,,,0,62,,55855,3,0,41,0,27,,55851,3,,,0,24,,55852,3,0,41,0,86,,55864,6,,,0,62,,55853,3,0,41,0,34,,55848,3,0,41,0,79,,55860,3,,,0
401,'S2-4_7',926,,55865,3,,,0,125,,55866,3,,,0,165,,55867,3,,,0,201,,55868,3,,,0,125,,55869,3,,,0,165,,55870,3,,,0,125,,55871,3,,,0
