900601,'2_6',818,,33991,28,,,0,130,,33992,28,,,0,170,,33993,28,,,0,135,,33994,28,,,0,160,,33995,28,,,0,135,,33996,28,,,0,165,,33997,28,,,0,130,,33998,28,,,0
900601,'5_1',818,,37855,28,,,0,130,,37856,28,,,0,170,,37857,28,,,0,135,,37858,28,,,0,160,,37859,28,,,0,135,,37860,28,,,0,165,,37861,28,,,0,130,,37862,28,,,0
900601,'5_2',818,,41010,28,,,0,130,,41011,28,,,0,170,,41012,28,,,0,135,,41013,28,,,0,160,,41014,28,,,0,135,,41015,28,,,0,165,,41016,28,,,0,130,,41017,28,,,0
900601,'5_3',818,,41018,28,,,0,130,,41019,28,,,0,170,,41020,28,,,0,135,,41021,28,,,0,160,,41022,28,,,0,135,,41023,28,,,0,165,,41024,28,,,0,130,,41025,28,,,0
900601,'5_4',818,,41026,28,,,0,130,,41027,28,,,0,170,,41028,28,,,0,135,,41029,28,,,0,160,,41030,28,,,0,135,,41031,28,,,0,165,,41032,28,,,0,130,,41033,28,,,0
900601,'5_5',818,,41034,28,,,0,130,,41035,28,,,0,170,,41036,28,,,0,135,,41037,28,,,0,160,,41038,28,,,0,135,,41039,28,,,0,165,,41040,28,,,0,130,,41041,28,,,0
900601,'6_1',818,,41042,28,,,0,130,,41043,28,,,0,170,,41044,28,,,0,135,,41045,28,,,0,160,,41046,28,,,0,135,,41047,28,,,0,165,,41048,28,,,0,130,,41049,28,,,0
900601,'6_2',818,,45116,28,,,0,130,,45117,28,,,0,170,,45118,28,,,0,135,,45119,28,,,0,160,,45120,28,,,0,135,,45121,28,,,0,165,,45122,28,,,0,130,,45123,28,,,0
900601,'6_3',818,,45124,28,,,0,130,,45125,28,,,0,170,,45126,28,,,0,135,,45127,28,,,0,160,,45128,28,,,0,135,,45129,28,,,0,165,,45130,28,,,0,130,,45131,28,,,0
900601,'6_4',818,,45132,28,,,0,130,,45133,28,,,0,170,,45134,28,,,0,135,,45135,28,,,0,160,,45136,28,,,0,135,,45137,28,,,0,165,,45138,28,,,0,130,,45139,28,,,0
