901,'0_6',800,,66610,20,,,0,59,,66618,20,0,66,0,97,,66615,5,,,0,168,,66621,20,,,0,95,,66619,20,0,66,0,94,,66616,5,,,0,100,,66617,5,0,25,0,92,,66620,5,0,25,0,42,,66622,20,,,0,91,,66611,20,,,0,96,,66612,20,,,0,166,,66613,20,,,0,55,,66614,20,,,0
901,'2_1',800,,66623,20,,,0,59,,66631,20,0,66,0,97,,66628,5,,,0,168,,66634,20,,,0,95,,66632,20,0,66,0,94,,66629,5,,,0,100,,66630,5,0,25,0,92,,66633,5,0,25,0,42,,66635,20,,,0,91,,66624,20,,,0,96,,66625,20,,,0,166,,66626,20,,,0,55,,66627,20,,,0
901,'2_2',800,,66636,20,,,0,59,,66644,20,0,66,0,97,,66641,5,,,0,168,,66647,20,,,0,95,,66645,20,0,66,0,94,,66642,5,,,0,100,,66643,5,0,25,0,92,,66646,5,0,25,0,42,,66648,20,,,0,91,,66637,20,,,0,96,,66638,20,,,0,166,,66639,20,,,0,55,,66640,20,,,0
901,'2_3',800,,66649,20,,,0,59,,66657,20,0,66,0,97,,66654,5,,,0,168,,66660,20,,,0,95,,66658,20,0,66,0,94,,66655,5,,,0,100,,66656,5,0,25,0,92,,66659,5,0,25,0,42,,66661,20,,,0,91,,66650,20,,,0,96,,66651,20,,,0,166,,66652,20,,,0,55,,66653,20,,,0
901,'2_4',800,,66662,20,,,0,59,,66670,20,0,66,0,97,,66667,5,,,0,168,,66673,20,,,0,95,,66671,20,0,66,0,94,,66668,5,,,0,100,,66669,5,0,25,0,92,,66672,5,0,25,0,42,,66674,20,,,0,91,,66663,20,,,0,96,,66664,20,,,0,166,,66665,20,,,0,55,,66666,20,,,0
901,'2_5',800,,66675,20,,,0,59,,66683,20,0,66,0,97,,66680,5,,,0,168,,66686,20,,,0,95,,66684,20,0,66,0,94,,66681,5,,,0,100,,66682,5,0,25,0,92,,66685,5,0,25,0,42,,66687,20,,,0,91,,66676,20,,,0,96,,66677,20,,,0,166,,66678,20,,,0,55,,66679,20,,,0
901,'3_1',800,,66688,20,,,0,59,,66696,20,0,66,0,97,,66693,5,,,0,168,,66699,20,,,0,95,,66697,20,0,66,0,94,,66694,5,,,0,100,,66695,5,0,25,0,92,,66698,5,0,25,0,42,,66700,20,,,0,91,,66689,20,,,0,96,,66690,20,,,0,166,,66691,20,,,0,55,,66692,20,,,0
901,'3_3',800,,66701,20,,,0,59,,66709,20,0,66,0,97,,66706,5,,,0,168,,66712,20,,,0,95,,66710,20,0,66,0,94,,66707,5,,,0,100,,66708,5,0,25,0,92,,66711,5,0,25,0,42,,66713,20,,,0,91,,66702,20,,,0,96,,66703,20,,,0,166,,66704,20,,,0,55,,66705,20,,,0
901,'3_4',800,,66714,20,,,0,59,,66722,20,0,66,0,97,,66719,5,,,0,168,,66725,20,,,0,95,,66723,20,0,66,0,94,,66720,5,,,0,100,,66721,5,0,25,0,92,,66724,5,0,25,0,42,,66726,20,,,0,91,,66715,20,,,0,96,,66716,20,,,0,166,,66717,20,,,0,55,,66718,20,,,0
901,'3_5',800,,66727,20,,,0,59,,66735,20,0,66,0,97,,66732,5,,,0,168,,66738,20,,,0,95,,66736,20,0,66,0,94,,66733,5,,,0,100,,66734,5,0,25,0,92,,66737,5,0,25,0,42,,66739,20,,,0,91,,66728,20,,,0,96,,66729,20,,,0,166,,66730,20,,,0,55,,66731,20,,,0
1601,'0_6',844,,67449,5,,,0,205,,67451,5,,,0,153,,67454,5,,,0,146,,67452,5,,,0,178,,67455,5,,,0,282,,67453,5,,,0
1601,'2_1',844,,67457,5,,,0,205,,67459,5,,,0,153,,67462,5,,,0,146,,67460,5,,,0,178,,67463,5,,,0,282,,67461,5,,,0
1601,'2_2',844,,67465,5,,,0,205,,67467,5,,,0,153,,67470,5,,,0,146,,67468,5,,,0,178,,67471,5,,,0,282,,67469,5,,,0
1601,'2_3',844,,67473,5,,,0,205,,67475,5,,,0,153,,67478,5,,,0,146,,67476,5,,,0,178,,67479,5,,,0,282,,67477,5,,,0
1601,'2_4',844,,67481,5,,,0,205,,67483,5,,,0,153,,67486,5,,,0,146,,67484,5,,,0,178,,67487,5,,,0,282,,67485,5,,,0
1601,'2_5',844,,67489,5,,,0,205,,67491,5,,,0,153,,67494,5,,,0,146,,67492,5,,,0,178,,67495,5,,,0,282,,67493,5,,,0
1601,'3_1',844,,67497,5,,,0,205,,67499,5,,,0,153,,67502,5,,,0,146,,67500,5,,,0,178,,67503,5,,,0,282,,67501,5,,,0
1601,'3_3',844,,67505,5,,,0,205,,67507,5,,,0,153,,67510,5,,,0,146,,67508,5,,,0,178,,67511,5,,,0,282,,67509,5,,,0
1601,'3_4',844,,67513,5,,,0,205,,67515,5,,,0,153,,67518,5,,,0,146,,67516,5,,,0,178,,67519,5,,,0,282,,67517,5,,,0
1601,'3_5',844,,67521,5,,,0,205,,67523,5,,,0,153,,67526,5,,,0,146,,67524,5,,,0,178,,67527,5,,,0,282,,67525,5,,,0
