100,'S2-1_6',716,,7390,23,0,8,0,110,,7402,23,0,8,0,95,,7391,23,0,8,0,30,,7403,23,0,8,0,69,,7392,23,0,8,0,33,,7404,23,0,8,0,70,,7393,23,0,8,0,29,,7405,23,0,8,0,71,,7394,23,0,8,0,28,,7406,23,0,8,0,70,,7395,23,0,8,0,30,,7407,23,0,8,0,70,,7396,23,0,8,0,31,,7408,23,0,8,0,69,,7397,23,0,8,0,31,,7409,23,0,8,0,71,,7398,23,0,8,0,31,,7410,23,0,8,0,73,,7399,23,0,8,0,28,,7411,23,0,8,0,70,,7400,23,0,8,0,31,,7412,23,0,8,0,69,,7401,23,0,8,0
100,'S2-4_7',920,,7413,23,0,8,0,105,,7418,23,0,8,0,106,,7414,23,0,8,0,104,,7419,23,0,8,0,90,,7415,23,0,8,0,100,,7420,23,0,8,0,105,,7416,23,0,8,0,105,,7421,23,0,8,0,105,,7417,23,0,8,0,105,,7422,23,0,8,0
100,'S2-5_1',714,,7437,23,0,8,0,14,,7434,23,0,8,0,16,,7438,23,0,8,0,15,,7425,23,,,0,55,,7444,23,0,8,0,20,,7435,23,0,9 10,0,10,,7439,23,0,8,0,67,,7426,23,0,8,0,38,,7440,23,0,8,0,78,,7427,23,0,8,0,80,,7441,23,0,8,0,38,,7428,23,0,8,0,59,,7445,23,,,0,25,,7446,23,,,0,30,,7429,23,0,8,0,65,,7442,23,0,8,0,25,,7430,23,0,8,0,75,,7443,23,0,8,0,80,,7431,23,0,8,0,24,,7447,23,,,0,76,,7454,7,0,9 10,0,20,,7448,23,,,0,34,,7449,23,,,0,50,,7432,23,0,8,0,11,,7455,7,0,9 10,0,2,,7456,7,,,0,7,,7450,23,,,0,21,,7433,23,0,8,0,55,,7451,23,,,0,6,,7457,7,,,0,19,,7423,23,,,0,75,,7452,23,0,8,0,35,,7424,23,,,0
100,'S2-5_2',714,,7472,23,0,8,0,14,,7469,23,0,8,0,16,,7473,23,0,8,0,15,,7460,23,,,0,55,,7479,23,0,8,0,20,,7470,23,0,9 10,0,10,,7474,23,0,8,0,67,,7461,23,0,8,0,38,,7475,23,0,8,0,78,,7462,23,0,8,0,80,,7476,23,0,8,0,38,,7463,23,0,8,0,59,,7480,23,,,0,25,,7481,23,,,0,30,,7464,23,0,8,0,65,,7477,23,0,8,0,25,,7465,23,0,8,0,75,,7478,23,0,8,0,80,,7466,23,0,8,0,24,,7482,23,,,0,76,,7489,7,0,9 10,0,20,,7483,23,,,0,34,,7484,23,,,0,50,,7467,23,0,8,0,11,,7490,7,0,9 10,0,2,,7491,7,,,0,7,,7485,23,,,0,21,,7468,23,0,8,0,55,,7486,23,,,0,6,,7492,7,,,0,19,,7458,23,,,0,75,,7487,23,0,8,0,35,,7459,23,,,0
100,'S2-5_4',714,,7507,23,0,8,0,14,,7504,23,0,8,0,16,,7508,23,0,8,0,15,,7495,23,,,0,55,,7514,23,0,8,0,20,,7505,23,0,9 10,0,10,,7509,23,0,8,0,67,,7496,23,0,8,0,38,,7510,23,0,8,0,78,,7497,23,0,8,0,80,,7511,23,0,8,0,38,,7498,23,0,8,0,59,,7515,23,,,0,25,,7516,23,,,0,30,,7499,23,0,8,0,65,,7512,23,0,8,0,25,,7500,23,0,8,0,75,,7513,23,0,8,0,80,,7501,23,0,8,0,24,,7517,23,,,0,76,,7524,7,0,9 10,0,20,,7518,23,,,0,34,,7519,23,,,0,50,,7502,23,0,8,0,11,,7525,7,0,9 10,0,2,,7526,7,,,0,7,,7520,23,,,0,21,,7503,23,0,8,0,55,,7521,23,,,0,6,,7527,7,,,0,19,,7493,23,,,0,75,,7522,23,0,8,0,35,,7494,23,,,0
100,'S2-5_5',714,,7542,23,0,8,0,14,,7539,23,0,8,0,16,,7543,23,0,8,0,15,,7530,23,,,0,55,,7549,23,0,8,0,20,,7540,23,0,9 10,0,10,,7544,23,0,8,0,67,,7531,23,0,8,0,38,,7545,23,0,8,0,78,,7532,23,0,8,0,80,,7546,23,0,8,0,38,,7533,23,0,8,0,59,,7550,23,,,0,25,,7551,23,,,0,30,,7534,23,0,8,0,65,,7547,23,0,8,0,25,,7535,23,0,8,0,75,,7548,23,0,8,0,80,,7536,23,0,8,0,24,,7552,23,,,0,76,,7559,7,0,9 10,0,20,,7553,23,,,0,34,,7554,23,,,0,50,,7537,23,0,8,0,11,,7560,7,0,9 10,0,2,,7561,7,,,0,7,,7555,23,,,0,21,,7538,23,0,8,0,55,,7556,23,,,0,6,,7562,7,,,0,19,,7528,23,,,0,75,,7557,23,0,8,0,35,,7529,23,,,0
100,'S2-6_3',714,,7577,23,0,8,0,14,,7574,23,0,8,0,16,,7578,23,0,8,0,15,,7565,23,,,0,55,,7584,23,0,8,0,20,,7575,23,0,9 10,0,10,,7579,23,0,8,0,67,,7566,23,0,8,0,38,,7580,23,0,8,0,78,,7567,23,0,8,0,80,,7581,23,0,8,0,38,,7568,23,0,8,0,59,,7585,23,,,0,6,,7597,7,0,9 10,0,4,,7594,7,0,9 10,0,5,,7595,7,0,9 10,0,10,,7586,23,,,0,30,,7569,23,0,8,0,65,,7582,23,0,8,0,25,,7570,23,0,8,0,75,,7583,23,0,8,0,80,,7571,23,0,8,0,24,,7587,23,,,0,76,,7576,23,0,8,0,20,,7588,23,,,0,34,,7589,23,,,0,50,,7572,23,0,8,0,20,,7590,23,,,0,21,,7573,23,0,8,0,55,,7591,23,,,0,25,,7563,23,,,0,75,,7592,23,0,8,0,35,,7564,23,,,0
300,'S2-1_6',716,,8274,33,,,0,30,,8276,33,,,0,70,,8277,33,,,0,30,,8275,33,,,0,70,,8279,33,,,0,29,,8280,33,,,0,69,,8278,33,,,0,31,,8281,33,,,0,70,,8282,33,,,0,30,,8285,33,,,0,69,,8284,33,,,0,29,,8283,33,,,0,68,,8287,33,,,0,30,,8286,33,,,0,70,,8288,33,,,0,30,,8289,33,,,0,72,,8290,33,,,0,32,,8291,33,,,0,71,,8292,33,,,0,31,,8293,33,,,0,72,,8294,33,,,0,32,,8295,33,,,0,70,,8296,33,,,0,31,,8301,33,,,0,71,,8297,33,,,0,30,,8298,33,,,0,64,,8299,33,,,0,30,,8300,33,,,0
300,'S2-4_7',936,,8302,33,,,0,100,,8303,33,,,0,100,,8304,33,,,0,100,,8305,33,,,0,100,,8306,33,,,0,100,,8307,33,,,0,100,,8308,33,,,0,100,,8309,33,,,0,100,,8310,33,,,0,100,,8311,33,,,0,100,,8312,33,,,0
300,'S2-5_1',719,,8313,33,,,0,25,,8314,33,,,0,70,,8315,33,,,0,23,,8316,33,,,0,65,,8317,33,,,0,30,,8318,33,,,0,72,,8319,33,,,0,32,,8320,33,,,0,71,,8321,33,,,0,32,,8322,33,,,0,72,,8323,33,,,0,32,,8324,33,,,0,73,,8325,33,,,0,33,,8326,33,,,0,72,,8327,33,,,0,33,,8328,33,,,0,72,,8329,33,,,0,74,,8330,33,,,0,29,,8332,33,,,0,27,,8333,33,,,0,68,,8334,33,,,0,28,,8335,33,,,0,68,,8336,33,,,0,30,,8340,33,,,0,71,,8337,33,,,0,31,,8338,33,,,0,73,,8339,33,,,0,30,,8331,33,,,0
300,'S2-5_2',719,,8341,33,,,0,25,,8342,33,,,0,70,,8343,33,,,0,23,,8344,33,,,0,65,,8345,33,,,0,30,,8346,33,,,0,72,,8347,33,,,0,32,,8348,33,,,0,71,,8349,33,,,0,32,,8350,33,,,0,72,,8351,33,,,0,32,,8352,33,,,0,73,,8353,33,,,0,33,,8354,33,,,0,72,,8355,33,,,0,33,,8356,33,,,0,72,,8357,33,,,0,74,,8358,33,,,0,29,,8360,33,,,0,27,,8361,33,,,0,68,,8362,33,,,0,28,,8363,33,,,0,68,,8364,33,,,0,30,,8368,33,,,0,71,,8365,33,,,0,31,,8366,33,,,0,73,,8367,33,,,0,30,,8359,33,,,0
300,'S2-5_4',719,,8369,33,,,0,25,,8370,33,,,0,70,,8371,33,,,0,23,,8372,33,,,0,65,,8373,33,,,0,30,,8374,33,,,0,72,,8375,33,,,0,32,,8376,33,,,0,71,,8377,33,,,0,32,,8378,33,,,0,72,,8379,33,,,0,32,,8380,33,,,0,73,,8381,33,,,0,33,,8382,33,,,0,72,,8383,33,,,0,33,,8384,33,,,0,72,,8385,33,,,0,74,,8386,33,,,0,29,,8388,33,,,0,27,,8389,33,,,0,68,,8390,33,,,0,28,,8391,33,,,0,68,,8392,33,,,0,30,,8396,33,,,0,71,,8393,33,,,0,31,,8394,33,,,0,73,,8395,33,,,0,30,,8387,33,,,0
300,'S2-5_5',719,,8397,33,,,0,25,,8398,33,,,0,70,,8399,33,,,0,23,,8400,33,,,0,65,,8401,33,,,0,30,,8402,33,,,0,72,,8403,33,,,0,32,,8404,33,,,0,71,,8405,33,,,0,32,,8406,33,,,0,72,,8407,33,,,0,32,,8408,33,,,0,73,,8409,33,,,0,33,,8410,33,,,0,72,,8411,33,,,0,33,,8412,33,,,0,72,,8413,33,,,0,74,,8414,33,,,0,29,,8416,33,,,0,27,,8417,33,,,0,68,,8418,33,,,0,28,,8419,33,,,0,68,,8420,33,,,0,30,,8424,33,,,0,71,,8421,33,,,0,31,,8422,33,,,0,73,,8423,33,,,0,30,,8415,33,,,0
300,'S2-6_3',719,,8425,33,,,0,25,,8426,33,,,0,70,,8427,33,,,0,23,,8428,33,,,0,65,,8429,33,,,0,30,,8430,33,,,0,72,,8431,33,,,0,32,,8432,33,,,0,71,,8433,33,,,0,32,,8434,33,,,0,72,,8435,33,,,0,32,,8436,33,,,0,73,,8437,33,,,0,33,,8438,33,,,0,72,,8439,33,,,0,33,,8440,33,,,0,72,,8441,33,,,0,74,,8442,33,,,0,29,,8444,33,,,0,27,,8445,33,,,0,68,,8446,33,,,0,28,,8447,33,,,0,68,,8448,33,,,0,30,,8452,33,,,0,71,,8449,33,,,0,31,,8450,33,,,0,73,,8451,33,,,0,30,,8443,33,,,0
700,'S2-1_6',714,,9398,7,,,0,110,,9399,7,,,0,109,,9400,7,,,0,110,,9401,7,,,0,110,,9402,7,,,0,150,,9403,7,,,0,110,,9404,7,,,0,110,,9405,7,,,0,110,,9406,7,,,0,110,,9396,7,,,0,111,,9397,7,,,0
700,'S2-5_1',711,,9407,7,,,0,110,,9409,7,,,0,110,,9410,7,,,0,110,,9411,7,,,0,110,,9412,7,,,0,150,,9413,7,,,0,110,,9414,7,,,0,110,,9415,7,,,0,110,,9416,7,,,0,110,,9417,7,,,0,110,,9408,7,,,0
700,'S2-5_2',711,,9418,7,,,0,110,,9420,7,,,0,110,,9421,7,,,0,110,,9422,7,,,0,110,,9423,7,,,0,150,,9424,7,,,0,110,,9425,7,,,0,110,,9426,7,,,0,110,,9427,7,,,0,110,,9428,7,,,0,110,,9419,7,,,0
700,'S2-5_4',711,,9429,7,,,0,110,,9431,7,,,0,110,,9432,7,,,0,110,,9433,7,,,0,110,,9434,7,,,0,150,,9435,7,,,0,110,,9436,7,,,0,110,,9437,7,,,0,110,,9438,7,,,0,110,,9439,7,,,0,110,,9430,7,,,0
700,'S2-5_5',711,,9440,7,,,0,110,,9442,7,,,0,110,,9443,7,,,0,110,,9444,7,,,0,110,,9445,7,,,0,150,,9446,7,,,0,110,,9447,7,,,0,110,,9448,7,,,0,110,,9449,7,,,0,110,,9450,7,,,0,110,,9441,7,,,0
700,'S2-6_3',711,,9451,7,,,0,110,,9453,7,,,0,110,,9454,7,,,0,110,,9455,7,,,0,110,,9456,7,,,0,150,,9457,7,,,0,110,,9458,7,,,0,110,,9459,7,,,0,110,,9460,7,,,0,110,,9461,7,,,0,110,,9452,7,,,0
800,'S2-5_1',714,,9528,21,,,0,33,,9529,21,,,0,67,,9530,21,,,0,30,,9531,21,,,0,80,,9532,21,,,0,110,,9533,21,,,0,117,,9534,21,,,0,151,,9535,21,,,0,111,,9536,21,,,0,112,,9538,21,,,0,110,,9537,21,,,0
800,'S2-5_2',714,,9539,21,,,0,33,,9540,21,,,0,67,,9541,21,,,0,30,,9542,21,,,0,80,,9543,21,,,0,110,,9544,21,,,0,117,,9545,21,,,0,151,,9546,21,,,0,111,,9547,21,,,0,112,,9549,21,,,0,110,,9548,21,,,0
800,'S2-5_4',714,,9550,21,,,0,33,,9551,21,,,0,67,,9552,21,,,0,30,,9553,21,,,0,80,,9554,21,,,0,110,,9555,21,,,0,117,,9556,21,,,0,151,,9557,21,,,0,111,,9558,21,,,0,112,,9560,21,,,0,110,,9559,21,,,0
800,'S2-5_5',714,,9561,21,,,0,33,,9562,21,,,0,67,,9563,21,,,0,30,,9564,21,,,0,80,,9565,21,,,0,110,,9566,21,,,0,117,,9567,21,,,0,151,,9568,21,,,0,111,,9569,21,,,0,112,,9571,21,,,0,110,,9570,21,,,0
800,'S2-6_3',714,,9572,21,,,0,33,,9573,21,,,0,67,,9574,21,,,0,30,,9575,21,,,0,80,,9576,21,,,0,110,,9577,21,,,0,117,,9578,21,,,0,151,,9579,21,,,0,111,,9580,21,,,0,112,,9582,21,,,0,110,,9581,21,,,0
2200,'S2-5_1',720,,10645,16,0,11 15 16,0,120,,10646,16,0,11 15 16,0,882,,10647,16,0,11 15 16,0
2200,'S2-5_2',720,,10652,16,0,11 15 16,0,120,,10653,16,0,11 15 16,0,882,,10654,16,0,11 15 16,0
2200,'S2-5_4',720,,10659,16,0,11 15 16,0,120,,10660,16,0,11 15 16,0,882,,10661,16,0,11 15 16,0
2200,'S2-5_5',720,,10666,16,0,11 15 16,0,120,,10667,16,0,11 15 16,0,882,,10668,16,0,11 15 16,0
2200,'S2-6_3',720,,10673,16,0,11 15 16,0,120,,10674,16,0,11 15 16,0,882,,10675,16,0,11 15 16,0
901500,'S2-1_6',853,,11564,8,,,0,60,,11565,8,,,0,20,,11566,8,,,0,20,,11567,8,,,0,60,,11568,8,,,0,20,,11569,8,,,0,20,,11570,8,,,0,60,,11571,8,,,0,20,,11572,8,,,0,20,,11573,8,,,0,60,,11574,8,,,0,20,,11575,8,,,0,20,,11576,8,,,0,60,,11577,8,,,0,20,,11578,8,,,0,20,,11579,8,,,0,60,,11580,8,,,0,20,,11581,8,,,0,20,,11582,8,,,0,80,,11583,8,,,0,20,,11584,8,,,0,60,,11585,8,,,0,20,,11586,8,,,0,20,,11587,8,,,0,60,,11588,8,,,0,20,,11589,8,,,0,20,,11590,8,,,0,60,,11591,8,,,0,20,,11592,8,,,0,20,,11593,8,,,0,60,,11594,8,,,0,20,,11595,8,,,0
901500,'S2-5_1',853,,11596,8,,,0,60,,11597,8,,,0,20,,11598,8,,,0,20,,11599,8,,,0,60,,11600,8,,,0,20,,11601,8,,,0,20,,11602,8,,,0,60,,11603,8,,,0,20,,11604,8,,,0,20,,11605,8,,,0,60,,11606,8,,,0,20,,11607,8,,,0,20,,11608,8,,,0,60,,11609,8,,,0,20,,11610,8,,,0,20,,11611,8,,,0,60,,11612,8,,,0,20,,11613,8,,,0,20,,11614,8,,,0,80,,11615,8,,,0,20,,11616,8,,,0,60,,11617,8,,,0,20,,11618,8,,,0,20,,11619,8,,,0,60,,11620,8,,,0,20,,11621,8,,,0,20,,11622,8,,,0,60,,11623,8,,,0,20,,11624,8,,,0,20,,11625,8,,,0,60,,11626,8,,,0,20,,11627,8,,,0
901500,'S2-5_2',853,,11628,8,,,0,60,,11629,8,,,0,20,,11630,8,,,0,20,,11631,8,,,0,60,,11632,8,,,0,20,,11633,8,,,0,20,,11634,8,,,0,60,,11635,8,,,0,20,,11636,8,,,0,20,,11637,8,,,0,60,,11638,8,,,0,20,,11639,8,,,0,20,,11640,8,,,0,60,,11641,8,,,0,20,,11642,8,,,0,20,,11643,8,,,0,60,,11644,8,,,0,20,,11645,8,,,0,20,,11646,8,,,0,80,,11647,8,,,0,20,,11648,8,,,0,60,,11649,8,,,0,20,,11650,8,,,0,20,,11651,8,,,0,60,,11652,8,,,0,20,,11653,8,,,0,20,,11654,8,,,0,60,,11655,8,,,0,20,,11656,8,,,0,20,,11657,8,,,0,60,,11658,8,,,0,20,,11659,8,,,0
901500,'S2-5_4',853,,11660,8,,,0,60,,11661,8,,,0,20,,11662,8,,,0,20,,11663,8,,,0,60,,11664,8,,,0,20,,11665,8,,,0,20,,11666,8,,,0,60,,11667,8,,,0,20,,11668,8,,,0,20,,11669,8,,,0,60,,11670,8,,,0,20,,11671,8,,,0,20,,11672,8,,,0,60,,11673,8,,,0,20,,11674,8,,,0,20,,11675,8,,,0,60,,11676,8,,,0,20,,11677,8,,,0,20,,11678,8,,,0,80,,11679,8,,,0,20,,11680,8,,,0,60,,11681,8,,,0,20,,11682,8,,,0,20,,11683,8,,,0,60,,11684,8,,,0,20,,11685,8,,,0,20,,11686,8,,,0,60,,11687,8,,,0,20,,11688,8,,,0,20,,11689,8,,,0,60,,11690,8,,,0,20,,11691,8,,,0
901500,'S2-5_5',853,,11692,8,,,0,60,,11693,8,,,0,20,,11694,8,,,0,20,,11695,8,,,0,60,,11696,8,,,0,20,,11697,8,,,0,20,,11698,8,,,0,60,,11699,8,,,0,20,,11700,8,,,0,20,,11701,8,,,0,60,,11702,8,,,0,20,,11703,8,,,0,20,,11704,8,,,0,60,,11705,8,,,0,20,,11706,8,,,0,20,,11707,8,,,0,60,,11708,8,,,0,20,,11709,8,,,0,20,,11710,8,,,0,80,,11711,8,,,0,20,,11712,8,,,0,60,,11713,8,,,0,20,,11714,8,,,0,20,,11715,8,,,0,60,,11716,8,,,0,20,,11717,8,,,0,20,,11718,8,,,0,60,,11719,8,,,0,20,,11720,8,,,0,20,,11721,8,,,0,60,,11722,8,,,0,20,,11723,8,,,0
901500,'S2-6_3',853,,11724,8,,,0,60,,11725,8,,,0,20,,11726,8,,,0,20,,11727,8,,,0,60,,11728,8,,,0,20,,11729,8,,,0,20,,11730,8,,,0,60,,11731,8,,,0,20,,11732,8,,,0,20,,11733,8,,,0,60,,11734,8,,,0,20,,11735,8,,,0,20,,11736,8,,,0,60,,11737,8,,,0,20,,11738,8,,,0,20,,11739,8,,,0,60,,11740,8,,,0,20,,11741,8,,,0,20,,11742,8,,,0,80,,11743,8,,,0,20,,11744,8,,,0,60,,11745,8,,,0,20,,11746,8,,,0,20,,11747,8,,,0,60,,11748,8,,,0,20,,11749,8,,,0,20,,11750,8,,,0,60,,11751,8,,,0,20,,11752,8,,,0,20,,11753,8,,,0,60,,11754,8,,,0,20,,11755,8,,,0
2000000,'S2-1_6',648,,12788,12,,,0,81,,12789,12,,,0,79,,12790,12,,,0,30,,12791,12,,,0,20,,12792,12,,,0,60,,12793,12,,,0,18,,12794,12,,,0,18,,12795,12,,,0,59,,12796,12,,,0,20,,12797,12,,,0,19,,12798,12,,,0,59,,12799,12,,,0,19,,12800,12,,,0,20,,12801,12,,,0,58,,12802,12,,,0,19,,12803,12,,,0,18,,12804,12,,,0,59,,12805,12,,,0,19,,12806,12,,,0,19,,12807,12,,,0,58,,12808,12,,,0,19,,12809,12,,,0,20,,12810,12,,,0,20,,12811,12,,,0,59,,12812,12,,,0,19,,12813,12,,,0,20,,12814,12,,,0,60,,12815,12,,,0,20,,12816,12,,,0,20,,12817,12,,,0,59,,12818,12,,,0,20,,12819,12,,,0,20,,12820,12,,,0,60,,12821,12,,,0,18,,12822,12,,,0,20,,12823,12,,,0,64,,12824,12,,,0,25,,12825,12,,,0,65,,12826,12,,,0,24,,12827,12,,,0,25,,12828,12,,,0
2000000,'S2-4_7',824,,12829,12,,,0,80,,12830,12,,,0,40,,12831,12,,,0,80,,12832,12,,,0,80,,12833,12,,,0,40,,12834,12,,,0,80,,12835,12,,,0,80,,12836,12,,,0,40,,12837,12,,,0,80,,12838,12,,,0,80,,12839,12,,,0,40,,12840,12,,,0,80,,12841,12,,,0,80,,12842,12,,,0,40,,12843,12,,,0,80,,12844,12,,,0,80,,12845,12,,,0,40,,12846,12,,,0
2000000,'S2-5_1',651,,12886,12,,,0,62,,12868,12,,,0,17,,12896,12,,,0,15,,12852,12,,,0,55,,12879,12,,,0,15,,12861,12,,,0,15,,12888,12,,,0,15,,12871,12,,,0,56,,12899,12,,,0,16,,12853,12,,,0,16,,12884,12,,,0,15,,12862,12,,,0,56,,12889,12,,,0,15,,12869,12,,,0,16,,12897,12,,,0,16,,12854,12,,,0,56,,12885,12,,,0,15,,12863,12,,,0,16,,12890,12,,,0,17,,12870,12,,,0,54,,12900,12,,,0,14,,12855,12,,,0,16,,12878,12,,,0,16,,12864,12,,,0,55,,12887,12,,,0,15,,12872,12,,,0,15,,12898,12,,,0,15,,12857,12,,,0,55,,12880,12,,,0,15,,12867,12,,,0,15,,12892,12,,,0,15,,12873,12,,,0,55,,12901,12,,,0,15,,12858,12,,,0,15,,12881,12,,,0,16,,12866,12,,,0,47,,12849,10,0,9 10,0,8,,12891,12,,,0,15,,12874,12,,,0,16,,12850,12,,,0,15,,12902,12,,,0,55,,12848,10,0,9 10,0,3,,12856,12,,,0,14,,12883,12,,,0,16,,12865,12,,,0,55,,12893,12,,,0,9,,12905,10,0,9 10,0,6,,12876,12,,,0,13,,12851,12,,,0,14,,12903,12,,,0,15,,12859,12,,,0,54,,12882,12,,,0,14,,12894,12,,,0,19,,12875,12,,,0,62,,12904,12,,,0,20,,12860,12,,,0,19,,12895,12,,,0,61,,12877,12,,,0
2000000,'S2-5_2',651,,12945,12,,,0,62,,12927,12,,,0,17,,12955,12,,,0,15,,12911,12,,,0,55,,12938,12,,,0,15,,12920,12,,,0,15,,12947,12,,,0,15,,12930,12,,,0,56,,12958,12,,,0,16,,12912,12,,,0,16,,12943,12,,,0,15,,12921,12,,,0,56,,12948,12,,,0,15,,12928,12,,,0,16,,12956,12,,,0,16,,12913,12,,,0,56,,12944,12,,,0,15,,12922,12,,,0,16,,12949,12,,,0,17,,12929,12,,,0,54,,12959,12,,,0,14,,12914,12,,,0,16,,12937,12,,,0,16,,12923,12,,,0,55,,12946,12,,,0,15,,12931,12,,,0,15,,12957,12,,,0,15,,12916,12,,,0,55,,12939,12,,,0,15,,12926,12,,,0,15,,12951,12,,,0,15,,12932,12,,,0,55,,12960,12,,,0,15,,12917,12,,,0,15,,12940,12,,,0,16,,12925,12,,,0,47,,12908,10,0,9 10,0,8,,12950,12,,,0,15,,12933,12,,,0,16,,12909,12,,,0,15,,12961,12,,,0,55,,12907,10,0,9 10,0,3,,12915,12,,,0,14,,12942,12,,,0,16,,12924,12,,,0,55,,12952,12,,,0,9,,12964,10,0,9 10,0,6,,12935,12,,,0,13,,12910,12,,,0,14,,12962,12,,,0,15,,12918,12,,,0,54,,12941,12,,,0,14,,12953,12,,,0,19,,12934,12,,,0,62,,12963,12,,,0,20,,12919,12,,,0,19,,12954,12,,,0,61,,12936,12,,,0
2000000,'S2-5_4',651,,13004,12,,,0,62,,12986,12,,,0,17,,13014,12,,,0,15,,12970,12,,,0,55,,12997,12,,,0,15,,12979,12,,,0,15,,13006,12,,,0,15,,12989,12,,,0,56,,13017,12,,,0,16,,12971,12,,,0,16,,13002,12,,,0,15,,12980,12,,,0,56,,13007,12,,,0,15,,12987,12,,,0,16,,13015,12,,,0,16,,12972,12,,,0,56,,13003,12,,,0,15,,12981,12,,,0,16,,13008,12,,,0,17,,12988,12,,,0,54,,13018,12,,,0,14,,12973,12,,,0,16,,12996,12,,,0,16,,12982,12,,,0,55,,13005,12,,,0,15,,12990,12,,,0,15,,13016,12,,,0,15,,12975,12,,,0,55,,12998,12,,,0,15,,12985,12,,,0,15,,13010,12,,,0,15,,12991,12,,,0,55,,13019,12,,,0,15,,12976,12,,,0,15,,12999,12,,,0,16,,12984,12,,,0,47,,12967,10,0,9 10,0,8,,13009,12,,,0,15,,12992,12,,,0,16,,12968,12,,,0,15,,13020,12,,,0,55,,12966,10,0,9 10,0,3,,12974,12,,,0,14,,13001,12,,,0,16,,12983,12,,,0,55,,13011,12,,,0,9,,13023,10,0,9 10,0,6,,12994,12,,,0,13,,12969,12,,,0,14,,13021,12,,,0,15,,12977,12,,,0,54,,13000,12,,,0,14,,13012,12,,,0,19,,12993,12,,,0,62,,13022,12,,,0,20,,12978,12,,,0,19,,13013,12,,,0,61,,12995,12,,,0
2000000,'S2-5_5',651,,13063,12,,,0,62,,13045,12,,,0,17,,13073,12,,,0,15,,13029,12,,,0,55,,13056,12,,,0,15,,13038,12,,,0,15,,13065,12,,,0,15,,13048,12,,,0,56,,13076,12,,,0,16,,13030,12,,,0,16,,13061,12,,,0,15,,13039,12,,,0,56,,13066,12,,,0,15,,13046,12,,,0,16,,13074,12,,,0,16,,13031,12,,,0,56,,13062,12,,,0,15,,13040,12,,,0,16,,13067,12,,,0,17,,13047,12,,,0,54,,13077,12,,,0,14,,13032,12,,,0,16,,13055,12,,,0,16,,13041,12,,,0,55,,13064,12,,,0,15,,13049,12,,,0,15,,13075,12,,,0,15,,13034,12,,,0,55,,13057,12,,,0,15,,13044,12,,,0,15,,13069,12,,,0,15,,13050,12,,,0,55,,13078,12,,,0,15,,13035,12,,,0,15,,13058,12,,,0,16,,13043,12,,,0,47,,13026,10,0,9 10,0,8,,13068,12,,,0,15,,13051,12,,,0,16,,13027,12,,,0,15,,13079,12,,,0,55,,13025,10,0,9 10,0,3,,13033,12,,,0,14,,13060,12,,,0,16,,13042,12,,,0,55,,13070,12,,,0,9,,13082,10,0,9 10,0,6,,13053,12,,,0,13,,13028,12,,,0,14,,13080,12,,,0,15,,13036,12,,,0,54,,13059,12,,,0,14,,13071,12,,,0,19,,13052,12,,,0,62,,13081,12,,,0,20,,13037,12,,,0,19,,13072,12,,,0,61,,13054,12,,,0
2000000,'S2-6_3',651,,13121,12,,,0,62,,13103,12,,,0,17,,13131,12,,,0,15,,13087,12,,,0,55,,13114,12,,,0,15,,13096,12,,,0,15,,13123,12,,,0,15,,13106,12,,,0,56,,13134,12,,,0,16,,13088,12,,,0,16,,13119,12,,,0,15,,13097,12,,,0,56,,13124,12,,,0,15,,13104,12,,,0,16,,13132,12,,,0,16,,13089,12,,,0,56,,13120,12,,,0,15,,13098,12,,,0,16,,13125,12,,,0,17,,13105,12,,,0,54,,13135,12,,,0,9,,13140,10,0,9 10,0,3,,13084,10,0,9 10,0,2,,13090,12,,,0,3,,13083,10,0,9 10,0,13,,13113,12,,,0,16,,13099,12,,,0,55,,13122,12,,,0,15,,13107,12,,,0,15,,13133,12,,,0,15,,13092,12,,,0,55,,13115,12,,,0,15,,13102,12,,,0,15,,13127,12,,,0,15,,13108,12,,,0,55,,13136,12,,,0,15,,13093,12,,,0,15,,13116,12,,,0,16,,13101,12,,,0,55,,13126,12,,,0,15,,13109,12,,,0,16,,13085,12,,,0,15,,13137,12,,,0,58,,13091,12,,,0,14,,13118,12,,,0,16,,13100,12,,,0,55,,13128,12,,,0,15,,13111,12,,,0,13,,13086,12,,,0,14,,13138,12,,,0,15,,13094,12,,,0,54,,13117,12,,,0,14,,13129,12,,,0,19,,13110,12,,,0,62,,13139,12,,,0,20,,13095,12,,,0,19,,13130,12,,,0,61,,13112,12,,,0
