501,'1_6',850,,16505,41,,,0,101,,16506,41,,,0,101,,16507,41,,,0,100,,16508,41,,,0,99,,16509,41,,,0,94,,16510,41,,,0,99,,16511,41,,,0,101,,16512,41,,,0,99,,16513,41,,,0,105,,16514,41,,,0,97,,16515,41,,,0,185,,16516,41,,,0
501,'5_1',1000,,16517,41,,,0,106,,16518,41,,,0,101,,16519,41,,,0,45,,16520,41,,,0,94,,16521,41,,,0,98,,16522,41,,,0,103,,16523,41,,,0,103,,16524,41,,,0,107,,16525,41,,,0,100,,16529,41,,,0,164,,16530,41,,,0
501,'5_2',1000,,16531,41,,,0,106,,16532,41,,,0,101,,16533,41,,,0,45,,16534,41,,,0,94,,16535,41,,,0,98,,16536,41,,,0,103,,16537,41,,,0,103,,16538,41,,,0,107,,16539,41,,,0,100,,16543,41,,,0,164,,16544,41,,,0
501,'5_4',1000,,16545,41,,,0,106,,16546,41,,,0,101,,16547,41,,,0,45,,16548,41,,,0,94,,16549,41,,,0,98,,16550,41,,,0,103,,16551,41,,,0,103,,16552,41,,,0,107,,16553,41,,,0,100,,16557,41,,,0,164,,16558,41,,,0
501,'5_5',1000,,16559,41,,,0,106,,16560,41,,,0,101,,16561,41,,,0,45,,16562,41,,,0,94,,16563,41,,,0,98,,16564,41,,,0,103,,16565,41,,,0,103,,16566,41,,,0,107,,16567,41,,,0,100,,16571,41,,,0,164,,16572,41,,,0
501,'6_3',1000,,16573,41,,,0,106,,16574,41,,,0,101,,16575,41,,,0,45,,16576,41,,,0,94,,16577,41,,,0,98,,16578,41,,,0,103,,16579,41,,,0,103,,16580,41,,,0,107,,16581,41,,,0,100,,16583,41,,,0,164,,16584,41,,,0
2900501,'5_1',1758,,20959,14,,,0,150,,20960,14,,,0
2900501,'5_2',1758,,20961,14,,,0,150,,20962,14,,,0
2900501,'5_4',1758,,20963,14,,,0,150,,20964,14,,,0
2900501,'5_5',1758,,20965,14,,,0,150,,20966,14,,,0
2900501,'6_3',1304,,20967,14,,,0,454,,20968,14,,,0,150,,20969,14,,,0
