600,'2509-HIV-25j05H-d-Dimanche-00',1052,,2140,0,22 23,0,295,,2141,0,22 23,0,255,,2142,0,22 23,0,215,,2143,0,22 23,0
600,'2509-HIV-25j26H-d-Dimanche-00',1052,,2144,0,22 23,0,295,,2145,0,22 23,0,255,,2146,0,22 23,0,215,,2147,0,22 23,0
600,'2509-HIV-25k03H-s-Samedi-00',802,,2148,0,22 23,0,54,,2150,0,22 23,0,93,,2151,0,22 23,0,87,,2152,0,22 23,0,90,,2153,0,22 23,0,88,,2154,0,22 23,0,88,,2155,0,22 23,0,50,,2156,0,22 23,0,87,,2157,0,22 23,0,99,,2158,0,22 23,0,90,,2159,0,22 23,0,91,,2160,0,22 23,0,90,,2161,0,22 23,0,94,,2162,0,22 23,0,41,,2149,0,22 23,0
600,'2509-HIV-25l22Vlv-Semaine-00',718,,2163,0,22 23,0,24,,2176,0,22 23,0,80,,2164,0,22 23,0,92,,2165,0,22 23,0,97,,2166,0,22 23,0,92,,2167,0,22 23,0,45,,2177,0,22 23,0,92,,2168,0,22 23,0,104,,2169,0,22 23,0,92,,2170,0,22 23,0,97,,2171,0,22 23,0,93,,2172,0,22 23,0,86,,2178,0,22 23,0,94,,2173,0,22 23,0,97,,2174,0,22 23,0,41,,2175,0,22 23,0
600,'2509-HIV-26a05H-s-Samedi-00',802,,2179,0,22 23,0,54,,2181,0,22 23,0,93,,2182,0,22 23,0,87,,2183,0,22 23,0,90,,2184,0,22 23,0,88,,2185,0,22 23,0,88,,2186,0,22 23,0,50,,2187,0,22 23,0,87,,2188,0,22 23,0,99,,2189,0,22 23,0,90,,2190,0,22 23,0,91,,2191,0,22 23,0,90,,2192,0,22 23,0,94,,2193,0,22 23,0,41,,2180,0,22 23,0
600,'2509-HIV-26a05H-w-Mercredi-00',714,,2194,,,0,20,,2208,0,22 23,0,93,,2195,,,0,111,,2196,0,22 23,0,100,,2197,0,22 23,0,91,,2198,0,22 23,0,110,,2199,0,22 23,0,107,,2200,0,22 23,0,97,,2209,0,22 23,0,92,,2201,0,22 23,0,96,,2202,0,22 23,0,83,,2203,0,22 23,0,42,,2204,0,22 23,0,73,,2205,0,22 23,0,71,,2206,0,22 23,0,40,,2207,0,22 23,0
600,'2509-HIV-26a05Hlv-L-Ma-J-V-00',714,,2210,,,0,20,,2224,0,22 23,0,93,,2211,,,0,111,,2212,0,22 23,0,100,,2213,0,22 23,0,91,,2214,0,22 23,0,110,,2215,0,22 23,0,107,,2216,0,22 23,0,97,,2225,0,22 23,0,92,,2217,0,22 23,0,96,,2218,0,22 23,0,83,,2219,0,22 23,0,42,,2220,0,22 23,0,73,,2221,0,22 23,0,71,,2222,0,22 23,0,40,,2223,0,22 23,0
600,'2509-HIV-26b23Vlv-Semaine-00',718,,2226,0,22 23,0,24,,2239,0,22 23,0,80,,2227,0,22 23,0,92,,2228,0,22 23,0,97,,2229,0,22 23,0,92,,2230,0,22 23,0,45,,2240,0,22 23,0,92,,2231,0,22 23,0,104,,2232,0,22 23,0,92,,2233,0,22 23,0,97,,2234,0,22 23,0,93,,2235,0,22 23,0,86,,2241,0,22 23,0,94,,2236,0,22 23,0,97,,2237,0,22 23,0,41,,2238,0,22 23,0
600,'2509-HIV-26c02Vlv-Semaine-00',718,,2242,0,22 23,0,24,,2255,0,22 23,0,80,,2243,0,22 23,0,92,,2244,0,22 23,0,97,,2245,0,22 23,0,92,,2246,0,22 23,0,45,,2256,0,22 23,0,92,,2247,0,22 23,0,104,,2248,0,22 23,0,92,,2249,0,22 23,0,97,,2250,0,22 23,0,93,,2251,0,22 23,0,86,,2257,0,22 23,0,94,,2252,0,22 23,0,97,,2253,0,22 23,0,41,,2254,0,22 23,0
900,'2509-HIV-25j05H-d-Dimanche-00',916,,2664,,,0,300,,2662,,,0,301,,2663,,,0,299,,2665,,,0
900,'2509-HIV-25j26H-d-Dimanche-00',916,,2668,,,0,300,,2666,,,0,301,,2667,,,0,299,,2669,,,0
900,'2509-HIV-25k03H-s-Samedi-00',718,,2672,,,0,100,,2673,,,0,315,,2674,,,0,324,,2675,,,0,90,,2670,,,0,98,,2681,,,0,174,,2676,,,0,92,,2677,,,0
900,'2509-HIV-25l22Vlv-Semaine-00',714,,2683,,,0,25,,2684,,,0,80,,2686,,,0,23,,2688,,,0,1,,2687,,,0,86,,2685,,,0,92,,2689,,,0,112,,2690,,,0,324,,2696,,,0,99,,2699,,,0,89,,2697,,,0,172,,2695,,,0,95,,2698,,,0
900,'2509-HIV-26a05H-s-Samedi-00',718,,2702,,,0,100,,2703,,,0,315,,2704,,,0,324,,2705,,,0,90,,2700,,,0,98,,2711,,,0,174,,2706,,,0,92,,2707,,,0
900,'2509-HIV-26a05H-w-Mercredi-00',711,,2713,,,0,28,,2714,,,0,81,,2718,,,0,21,,2719,,,0,4,,2720,,,0,84,,2715,,,0,90,,2721,,,0,190,,2723,,,0,101,,2724,,,0,31,,2716,,,0,172,,2727,,,0,45,,2725,,,0,151,,2726,,,0,30,,2717,,,0,166,,2728,,,0
900,'2509-HIV-26a05Hlv-L-Ma-J-V-00',711,,2732,,,0,28,,2733,,,0,81,,2737,,,0,21,,2738,,,0,4,,2739,,,0,84,,2734,,,0,90,,2740,,,0,190,,2742,,,0,101,,2743,,,0,31,,2735,,,0,172,,2746,,,0,45,,2744,,,0,151,,2745,,,0,30,,2736,,,0,166,,2747,,,0
900,'2509-HIV-26b23Vlv-Semaine-00',714,,2751,,,0,25,,2752,,,0,80,,2754,,,0,23,,2756,,,0,1,,2755,,,0,86,,2753,,,0,92,,2757,,,0,112,,2758,,,0,324,,2764,,,0,99,,2767,,,0,89,,2765,,,0,172,,2763,,,0,95,,2766,,,0
900,'2509-HIV-26c02Vlv-Semaine-00',714,,2769,,,0,25,,2770,,,0,80,,2772,,,0,23,,2774,,,0,1,,2773,,,0,86,,2771,,,0,92,,2775,,,0,112,,2776,,,0,324,,2782,,,0,99,,2785,,,0,89,,2783,,,0,172,,2781,,,0,95,,2784,,,0
1900,'2509-HIV-26a05H-w-Mercredi-00',740,,3580,,,0,105,,3584,,,0,973,,3581,,,0
1900,'2509-HIV-26a05H-w-Mercredi-00-0010000',1428,,3586,,,0
1900,'2509-HIV-26a05Hlv-L-Ma-J-V-00',740,,3589,,,0,105,,3593,,,0,973,,3590,,,0
2600,'2509-HIV-25k03H-s-Samedi-00',716,,3900,,,0,85,,3901,,,0,44,,3902,,,0,85,,3903,,,0,84,,3904,,,0,90,,3905,,,0,44,,3906,,,0,82,,3907,,,0,84,,3908,,,0,45,,3909,,,0,83,,3910,,,0,86,,3911,,,0,90,,3912,,,0,87,,3913,,,0,43,,3914,,,0,85,,3915,,,0,84,,3916,,,0
2600,'2509-HIV-25l22Vlv-Semaine-00',716,,3917,,,0,85,,3918,,,0,44,,3919,,,0,85,,3920,,,0,84,,3921,,,0,90,,3922,,,0,44,,3923,,,0,82,,3924,,,0,84,,3925,,,0,45,,3926,,,0,83,,3927,,,0,86,,3928,,,0,90,,3929,,,0,87,,3930,,,0,43,,3931,,,0,85,,3932,,,0,84,,3933,,,0
2600,'2509-HIV-26a05H-s-Samedi-00',716,,3934,,,0,85,,3935,,,0,44,,3936,,,0,85,,3937,,,0,84,,3938,,,0,90,,3939,,,0,44,,3940,,,0,82,,3941,,,0,84,,3942,,,0,45,,3943,,,0,83,,3944,,,0,86,,3945,,,0,90,,3946,,,0,87,,3947,,,0,43,,3948,,,0,85,,3949,,,0,84,,3950,,,0
2600,'2509-HIV-26a05H-w-Mercredi-00',654,,3951,,,0,51,,3961,,,0,45,,3962,,,0,56,,3963,,,0,44,,3964,,,0,69,,3965,,,0,96,,3952,,,0,99,,3953,,,0,94,,3968,0,24,0,4,,3954,,,0,27,,3955,,,0,69,,3969,,,0,95,,3970,,,0,111,,3956,,,0,45,,3957,,,0,65,,3966,,,0,31,,3967,,,0,60,,3958,,,0,29,,3959,,,0,74,,3960,,,0,30,,3971,,,0
2600,'2509-HIV-26a05H-w-Mercredi-00-0010000',1210,,3972,0,24,0
2600,'2509-HIV-26a05Hlv-L-Ma-J-V-00',654,,3973,,,0,51,,3983,,,0,45,,3984,,,0,56,,3985,,,0,44,,3986,,,0,69,,3987,,,0,96,,3974,,,0,99,,3975,,,0,94,,3990,0,24,0,4,,3976,,,0,27,,3977,,,0,69,,3991,,,0,95,,3992,,,0,111,,3978,,,0,45,,3979,,,0,65,,3988,,,0,31,,3989,,,0,60,,3980,,,0,29,,3981,,,0,74,,3982,,,0,30,,3993,,,0
2600,'2509-HIV-26a05Hlv-L-Ma-J-V-00-1101100',1541,,3994,0,25,0,184,,3995,0,25,0
2600,'2509-HIV-26b23Vlv-Semaine-00',716,,3996,,,0,85,,3997,,,0,44,,3998,,,0,85,,3999,,,0,84,,4000,,,0,90,,4001,,,0,44,,4002,,,0,82,,4003,,,0,84,,4004,,,0,45,,4005,,,0,83,,4006,,,0,86,,4007,,,0,90,,4008,,,0,87,,4009,,,0,43,,4010,,,0,85,,4011,,,0,84,,4012,,,0
2600,'2509-HIV-26c02Vlv-Semaine-00',716,,4013,,,0,85,,4014,,,0,44,,4015,,,0,85,,4016,,,0,84,,4017,,,0,90,,4018,,,0,44,,4019,,,0,82,,4020,,,0,84,,4021,,,0,45,,4022,,,0,83,,4023,,,0,86,,4024,,,0,90,,4025,,,0,87,,4026,,,0,43,,4027,,,0,85,,4028,,,0,84,,4029,,,0
