2401,'5_1',742,,18147,20,0,18 19,0,895,,18148,18,,,0,104,,18149,18,,,0,94,,18150,18,,,0
2401,'5_2',742,,18151,20,0,18 19,0,895,,18152,18,,,0,104,,18153,18,,,0,94,,18154,18,,,0
2401,'5_4',742,,18155,20,0,18 19,0,895,,18156,18,,,0,104,,18157,18,,,0,94,,18158,18,,,0
2401,'5_5',742,,18159,20,0,18 19,0,895,,18160,18,,,0,104,,18161,18,,,0,94,,18162,18,,,0
2401,'6_3',742,,18163,20,0,18 19,0,517,,18164,18,,,0
2000001,'1_6',659,,20530,22,,,0,81,,20531,22,,,0,80,,20532,22,,,0,32,,20570,22,,,0,61,,20534,22,,,0,20,,20533,22,,,0,21,,20535,22,,,0,60,,20536,22,,,0,19,,20538,22,,,0,18,,20537,22,,,0,60,,20543,22,,,0,19,,20541,22,,,0,18,,20545,22,,,0,59,,20539,22,,,0,19,,20544,22,,,0,20,,20540,22,,,0,57,,20542,22,,,0,18,,20551,22,,,0,18,,20548,22,,,0,20,,20549,22,,,0,61,,20550,22,,,0,18,,20547,22,,,0,17,,20546,22,,,0,59,,20552,22,,,0,22,,20553,22,,,0,20,,20555,22,,,0,59,,20554,22,,,0,20,,20556,22,,,0,20,,20557,22,,,0,61,,20558,22,,,0,20,,20560,22,,,0,19,,20559,22,,,0,58,,20561,22,,,0,19,,20562,22,,,0,19,,20563,22,,,0,58,,20564,22,,,0,17,,20565,22,,,0,18,,20566,22,,,0,62,,20567,22,,,0,24,,20568,22,,,0,22,,20569,22,,,0
2000001,'4_7',832,,20588,22,,,0,80,,20571,22,,,0,40,,20572,22,,,0,80,,20573,22,,,0,80,,20574,22,,,0,40,,20575,22,,,0,80,,20576,22,,,0,79,,20577,22,,,0,40,,20579,22,,,0,80,,20578,22,,,0,80,,20580,22,,,0,40,,20581,22,,,0,80,,20582,22,,,0,80,,20583,22,,,0,40,,20585,22,,,0,80,,20584,22,,,0,80,,20586,22,,,0,40,,20587,22,,,0
2000001,'5_1',656,,20641,22,,,0,69,,20618,22,,,0,14,,20599,16,,,0,3,,20597,12,0,18 19,0,1,,20601,22,,,0,16,,20626,22,,,0,56,,20609,22,,,0,14,,20644,22,,,0,14,,20591,22,,,0,14,,20619,22,,,0,54,,20603,22,,,0,16,,20627,22,,,0,16,,20611,22,,,0,57,,20635,22,,,0,17,,20592,22,,,0,15,,20625,22,,,0,15,,20602,22,,,0,56,,20628,22,,,0,17,,20610,22,,,0,16,,20637,22,,,0,15,,20593,22,,,0,56,,20623,22,,,0,15,,20608,22,,,0,16,,20629,22,,,0,15,,20617,22,,,0,54,,20636,22,,,0,13,,20595,22,,,0,15,,20620,22,,,0,17,,20604,22,,,0,55,,20631,22,,,0,15,,20612,22,,,0,15,,20640,22,,,0,15,,20596,22,,,0,56,,20621,22,,,0,16,,20605,22,,,0,15,,20630,22,,,0,16,,20613,22,,,0,54,,20639,22,,,0,16,,20594,22,,,0,17,,20622,22,,,0,17,,20606,22,,,0,56,,20632,22,,,0,17,,20614,22,,,0,17,,20590,22,,,0,56,,20638,22,,,0,16,,20645,22,,,0,10,,20624,22,,,0,12,,20607,22,,,0,13,,20633,22,,,0,54,,20615,22,,,0,11,,20589,22,,,0,13,,20642,22,,,0,14,,20598,22,,,0,62,,20634,22,,,0,20,,20616,22,,,0,19,,20643,22,,,0,59,,20600,22,,,0
2000001,'5_2',656,,20698,22,,,0,69,,20675,22,,,0,14,,20656,16,,,0,3,,20654,12,0,18 19,0,1,,20658,22,,,0,16,,20683,22,,,0,56,,20666,22,,,0,14,,20701,22,,,0,14,,20648,22,,,0,14,,20676,22,,,0,54,,20660,22,,,0,16,,20684,22,,,0,16,,20668,22,,,0,57,,20692,22,,,0,17,,20649,22,,,0,15,,20682,22,,,0,15,,20659,22,,,0,56,,20685,22,,,0,17,,20667,22,,,0,16,,20694,22,,,0,15,,20650,22,,,0,56,,20680,22,,,0,15,,20665,22,,,0,16,,20686,22,,,0,15,,20674,22,,,0,54,,20693,22,,,0,13,,20652,22,,,0,15,,20677,22,,,0,17,,20661,22,,,0,55,,20688,22,,,0,15,,20669,22,,,0,15,,20697,22,,,0,15,,20653,22,,,0,56,,20678,22,,,0,16,,20662,22,,,0,15,,20687,22,,,0,16,,20670,22,,,0,54,,20696,22,,,0,16,,20651,22,,,0,17,,20679,22,,,0,17,,20663,22,,,0,56,,20689,22,,,0,17,,20671,22,,,0,17,,20647,22,,,0,56,,20695,22,,,0,16,,20702,22,,,0,10,,20681,22,,,0,12,,20664,22,,,0,13,,20690,22,,,0,54,,20672,22,,,0,11,,20646,22,,,0,13,,20699,22,,,0,14,,20655,22,,,0,62,,20691,22,,,0,20,,20673,22,,,0,19,,20700,22,,,0,59,,20657,22,,,0
2000001,'5_4',656,,20755,22,,,0,69,,20732,22,,,0,14,,20713,16,,,0,3,,20711,12,0,18 19,0,1,,20715,22,,,0,16,,20740,22,,,0,56,,20723,22,,,0,14,,20758,22,,,0,14,,20705,22,,,0,14,,20733,22,,,0,54,,20717,22,,,0,16,,20741,22,,,0,16,,20725,22,,,0,57,,20749,22,,,0,17,,20706,22,,,0,15,,20739,22,,,0,15,,20716,22,,,0,56,,20742,22,,,0,17,,20724,22,,,0,16,,20751,22,,,0,15,,20707,22,,,0,56,,20737,22,,,0,15,,20722,22,,,0,16,,20743,22,,,0,15,,20731,22,,,0,54,,20750,22,,,0,13,,20709,22,,,0,15,,20734,22,,,0,17,,20718,22,,,0,55,,20745,22,,,0,15,,20726,22,,,0,15,,20754,22,,,0,15,,20710,22,,,0,56,,20735,22,,,0,16,,20719,22,,,0,15,,20744,22,,,0,16,,20727,22,,,0,54,,20753,22,,,0,16,,20708,22,,,0,17,,20736,22,,,0,17,,20720,22,,,0,56,,20746,22,,,0,17,,20728,22,,,0,17,,20704,22,,,0,56,,20752,22,,,0,16,,20759,22,,,0,10,,20738,22,,,0,12,,20721,22,,,0,13,,20747,22,,,0,54,,20729,22,,,0,11,,20703,22,,,0,13,,20756,22,,,0,14,,20712,22,,,0,62,,20748,22,,,0,20,,20730,22,,,0,19,,20757,22,,,0,59,,20714,22,,,0
2000001,'5_5',656,,20812,22,,,0,69,,20789,22,,,0,14,,20770,16,,,0,3,,20768,12,0,18 19,0,1,,20772,22,,,0,16,,20797,22,,,0,56,,20780,22,,,0,14,,20815,22,,,0,14,,20762,22,,,0,14,,20790,22,,,0,54,,20774,22,,,0,16,,20798,22,,,0,16,,20782,22,,,0,57,,20806,22,,,0,17,,20763,22,,,0,15,,20796,22,,,0,15,,20773,22,,,0,56,,20799,22,,,0,17,,20781,22,,,0,16,,20808,22,,,0,15,,20764,22,,,0,56,,20794,22,,,0,15,,20779,22,,,0,16,,20800,22,,,0,15,,20788,22,,,0,54,,20807,22,,,0,13,,20766,22,,,0,15,,20791,22,,,0,17,,20775,22,,,0,55,,20802,22,,,0,15,,20783,22,,,0,15,,20811,22,,,0,15,,20767,22,,,0,56,,20792,22,,,0,16,,20776,22,,,0,15,,20801,22,,,0,16,,20784,22,,,0,54,,20810,22,,,0,16,,20765,22,,,0,17,,20793,22,,,0,17,,20777,22,,,0,56,,20803,22,,,0,17,,20785,22,,,0,17,,20761,22,,,0,56,,20809,22,,,0,16,,20816,22,,,0,10,,20795,22,,,0,12,,20778,22,,,0,13,,20804,22,,,0,54,,20786,22,,,0,11,,20760,22,,,0,13,,20813,22,,,0,14,,20769,22,,,0,62,,20805,22,,,0,20,,20787,22,,,0,19,,20814,22,,,0,59,,20771,22,,,0
2000001,'6_3',656,,20869,22,,,0,69,,20846,22,,,0,14,,20827,16,,,0,3,,20825,12,0,18 19,0,1,,20829,22,,,0,16,,20854,22,,,0,56,,20837,22,,,0,14,,20872,22,,,0,14,,20819,22,,,0,14,,20847,22,,,0,54,,20831,22,,,0,16,,20855,22,,,0,16,,20839,22,,,0,57,,20863,22,,,0,17,,20820,22,,,0,15,,20853,22,,,0,15,,20830,22,,,0,56,,20856,22,,,0,17,,20838,22,,,0,16,,20865,22,,,0,15,,20821,22,,,0,56,,20851,22,,,0,15,,20836,22,,,0,16,,20857,22,,,0,15,,20845,22,,,0,54,,20864,22,,,0,13,,20823,22,,,0,15,,20848,22,,,0,17,,20832,22,,,0,55,,20859,22,,,0,15,,20840,22,,,0,15,,20868,22,,,0,15,,20824,22,,,0,56,,20849,22,,,0,16,,20833,22,,,0,15,,20858,22,,,0,16,,20841,22,,,0,54,,20867,22,,,0,16,,20822,22,,,0,17,,20850,22,,,0,17,,20834,22,,,0,56,,20860,22,,,0,17,,20842,22,,,0,17,,20818,22,,,0,56,,20866,22,,,0,16,,20873,22,,,0,10,,20852,22,,,0,12,,20835,22,,,0,13,,20861,22,,,0,54,,20843,22,,,0,11,,20817,22,,,0,13,,20870,22,,,0,14,,20826,22,,,0,62,,20862,22,,,0,20,,20844,22,,,0,19,,20871,22,,,0,59,,20828,22,,,0
