900600,'2_6',833,,33943,7,,,0,170,,33945,7,,,0,125,,33946,7,,,0,175,,33947,7,,,0,120,,33948,7,,,0,135,,33949,7,,,0,170,,33950,7,,,0,130,,33944,7,,,0
900600,'5_1',833,,37847,7,,,0,170,,37849,7,,,0,125,,37850,7,,,0,175,,37851,7,,,0,120,,37852,7,,,0,135,,37853,7,,,0,170,,37854,7,,,0,130,,37848,7,,,0
900600,'5_2',833,,40970,7,,,0,170,,40972,7,,,0,125,,40973,7,,,0,175,,40974,7,,,0,120,,40975,7,,,0,135,,40976,7,,,0,170,,40977,7,,,0,130,,40971,7,,,0
900600,'5_3',833,,40978,7,,,0,170,,40980,7,,,0,125,,40981,7,,,0,175,,40982,7,,,0,120,,40983,7,,,0,135,,40984,7,,,0,170,,40985,7,,,0,130,,40979,7,,,0
900600,'5_4',833,,40986,7,,,0,170,,40988,7,,,0,125,,40989,7,,,0,175,,40990,7,,,0,120,,40991,7,,,0,135,,40992,7,,,0,170,,40993,7,,,0,130,,40987,7,,,0
900600,'5_5',833,,40994,7,,,0,170,,40996,7,,,0,125,,40997,7,,,0,175,,40998,7,,,0,120,,40999,7,,,0,135,,41000,7,,,0,170,,41001,7,,,0,130,,40995,7,,,0
900600,'6_1',833,,41002,7,,,0,170,,41004,7,,,0,125,,41005,7,,,0,175,,41006,7,,,0,120,,41007,7,,,0,135,,41008,7,,,0,170,,41009,7,,,0,130,,41003,7,,,0
900600,'6_2',833,,45092,7,,,0,170,,45094,7,,,0,125,,45095,7,,,0,175,,45096,7,,,0,120,,45097,7,,,0,135,,45098,7,,,0,170,,45099,7,,,0,130,,45093,7,,,0
900600,'6_3',833,,45100,7,,,0,170,,45102,7,,,0,125,,45103,7,,,0,175,,45104,7,,,0,120,,45105,7,,,0,135,,45106,7,,,0,170,,45107,7,,,0,130,,45101,7,,,0
900600,'6_4',833,,45108,7,,,0,170,,45110,7,,,0,125,,45111,7,,,0,175,,45112,7,,,0,120,,45113,7,,,0,135,,45114,7,,,0,170,,45115,7,,,0,130,,45109,7,,,0
