1100,'0_6',645,,67029,7,,,0,159,,67030,7,,,0,906,,67031,7,,,0,119,,67032,7,,,0
1100,'2_1',645,,67033,7,,,0,159,,67034,7,,,0,906,,67035,7,,,0,119,,67036,7,,,0
1100,'2_2',645,,67037,7,,,0,159,,67038,7,,,0,906,,67039,7,,,0,119,,67040,7,,,0
1100,'2_3',645,,67041,7,,,0,159,,67042,7,,,0,906,,67043,7,,,0,119,,67044,7,,,0
1100,'2_4',645,,67045,7,,,0,159,,67046,7,,,0,906,,67047,7,,,0,119,,67048,7,,,0
1100,'2_5',645,,67049,7,,,0,159,,67050,7,,,0,906,,67051,7,,,0,119,,67052,7,,,0
1100,'3_1',645,,67053,7,,,0,159,,67054,7,,,0,906,,67055,7,,,0,119,,67056,7,,,0
1100,'3_3',645,,67057,7,,,0,159,,67058,7,,,0,906,,67059,7,,,0,119,,67060,7,,,0
1100,'3_4',645,,67061,7,,,0,159,,67062,7,,,0,906,,67063,7,,,0,119,,67064,7,,,0
1100,'3_5',645,,67065,7,,,0,159,,67066,7,,,0,906,,67067,7,,,0,119,,67068,7,,,0
