201,'1_3',706,,48400,14,0,20,0,27,,48439,14,0,21,0,17,,48422,2,0,62,0,53,,48403,14,0,21,0,15,,48401,2,0,20,0,20,,48423,14,0,62,0,69,,48404,14,0,21,0,28,,48414,14,0,20,0,81,,48408,14,0,21,0,26,,48415,14,0,62,0,83,,48409,14,0,21,0,75,,48416,14,0,62,0,41,,48405,14,0,20,0,74,,48424,14,0,21,0,20,,48438,14,0,62,0,65,,48417,14,0,21,0,30,,48402,14,0,20,0,25,,48425,14,0,21,0,65,,48406,14,0,62,0,34,,48418,14,0,21,0,77,,48432,14,0,62,0,19,,48426,2,0,21,0,55,,48419,2,0,62,0,13,,48427,14,0,21,0,13,,48407,14,0,62,0,15,,48428,2,0,21,0,56,,48430,2,0,62,0,16,,48429,2,0,21,0,18,,48420,14,0,62,0,21,,48411,14,0,21,0,65,,48421,14,0,62,0,21,,48412,14,0,21,0
201,'2_6',709,,30614,14,0,20,0,5,,30638,14,0,62,0,25,,30626,2,0,21,0,69,,30615,14,0,21,0,24,,30627,2,0,62,0,25,,30639,14,0,20,0,65,,30616,14,0,20,0,20,,30628,2,0,21,0,15,,30640,14,0,62,0,71,,30617,14,0,20,0,19,,30629,2,0,21,0,60,,30641,14,0,64,0,26,,30618,14,0,20,0,20,,30630,2,0,62,0,60,,30642,14,0,21,0,30,,30619,14,0,21,0,58,,30631,2,0,62,0,20,,30643,14,0,20,0,25,,30620,14,0,21,0,56,,30632,2,0,62,0,25,,30644,14,0,20,0,25,,30621,14,0,62,0,58,,30633,2,0,21,0,22,,30645,14,0,20,0,22,,30622,14,0,62,0,55,,30634,2,0,21,0,24,,30646,14,0,20,0,24,,30623,14,0,21,0,59,,30635,2,0,62,0,20,,30647,14,0,20,0,64,,30624,14,0,21,0,21,,30636,2,0,20,0,20,,30648,14,0,62,0,60,,30625,14,0,21,0,15,,30637,2,0,62,0,17,,30649,14,0,21,0
201,'3_7',834,,30650,2,0,21,0,125,,30651,2,0,21,0,165,,30652,2,0,21,0,125,,30653,2,0,21,0,110,,30654,2,0,21,0,165,,30655,2,0,21,0,125,,30656,2,0,21,0,165,,30657,2,0,21,0
201,'4_7',834,,46757,2,0,21,0,125,,46758,2,0,21,0,165,,46759,2,0,21,0,125,,46760,2,0,21,0,110,,46761,2,0,21,0,165,,46762,2,0,21,0,125,,46763,2,0,21,0,165,,46764,2,0,21,0
201,'6_1',709,,39025,14,0,20,0,30,,39023,14,0,21,0,18,,39022,2,0,62,0,51,,39020,14,0,21,0,14,,39019,2,0,20,0,20,,39024,14,0,62,0,67,,39021,14,0,21,0,28,,39018,14,0,20,0,81,,39013,14,0,21,0,26,,39014,14,0,62,0,84,,39011,14,0,21,0,75,,39010,14,0,62,0,40,,39012,14,0,20,0,75,,39008,14,0,21,0,20,,39006,14,0,62,0,64,,39005,14,0,21,0,30,,39003,14,0,20,0,25,,39009,14,0,21,0,65,,39004,14,0,62,0,35,,38999,14,0,21,0,64,,38998,14,0,21,0,34,,39000,2,0,21,0,56,,38992,2,0,62,0,12,,38994,14,0,21,0,13,,38991,14,0,62,0,14,,38995,2,0,21,0,55,,38997,2,0,62,0,16,,38996,14,0,21,0,15,,38993,14,0,62,0,20,,38989,2,0,21,0,65,,38990,14,0,62,0,22,,38988,14,0,21,0
201,'6_2',709,,43842,14,0,20,0,30,,43840,14,0,21,0,18,,43839,2,0,62,0,51,,43837,14,0,21,0,14,,43836,2,0,20,0,20,,43841,14,0,62,0,67,,43838,14,0,21,0,28,,43835,14,0,20,0,81,,43830,14,0,21,0,26,,43831,14,0,62,0,84,,43828,14,0,21,0,75,,43827,14,0,62,0,40,,43829,14,0,20,0,75,,43825,14,0,21,0,20,,43823,14,0,62,0,64,,43822,14,0,21,0,30,,43820,14,0,20,0,25,,43826,14,0,21,0,65,,43821,14,0,62,0,35,,43816,14,0,21,0,64,,43815,14,0,21,0,34,,43817,2,0,21,0,56,,43809,2,0,62,0,12,,43811,14,0,21,0,13,,43808,14,0,62,0,14,,43812,2,0,21,0,55,,43814,2,0,62,0,16,,43813,14,0,21,0,15,,43810,14,0,62,0,20,,43806,2,0,21,0,65,,43807,14,0,62,0,22,,43805,14,0,21,0
201,'6_3',709,,43881,14,0,20,0,30,,43879,14,0,21,0,18,,43878,2,0,62,0,51,,43876,14,0,21,0,14,,43875,2,0,20,0,20,,43880,14,0,62,0,67,,43877,14,0,21,0,28,,43874,14,0,20,0,81,,43869,14,0,21,0,26,,43870,14,0,62,0,84,,43867,14,0,21,0,75,,43866,14,0,62,0,40,,43868,14,0,20,0,75,,43864,14,0,21,0,20,,43862,14,0,62,0,64,,43861,14,0,21,0,30,,43859,14,0,20,0,25,,43865,14,0,21,0,65,,43860,14,0,62,0,35,,43855,14,0,21,0,64,,43854,14,0,21,0,34,,43856,2,0,21,0,56,,43848,2,0,62,0,12,,43850,14,0,21,0,13,,43847,14,0,62,0,14,,43851,2,0,21,0,55,,43853,2,0,62,0,16,,43852,14,0,21,0,15,,43849,14,0,62,0,20,,43845,2,0,21,0,65,,43846,14,0,62,0,22,,43844,14,0,21,0
201,'6_4',709,,43920,14,0,20,0,30,,43918,14,0,21,0,18,,43917,2,0,62,0,51,,43915,14,0,21,0,14,,43914,2,0,20,0,20,,43919,14,0,62,0,67,,43916,14,0,21,0,28,,43913,14,0,20,0,81,,43908,14,0,21,0,26,,43909,14,0,62,0,84,,43906,14,0,21,0,75,,43905,14,0,62,0,40,,43907,14,0,20,0,75,,43903,14,0,21,0,20,,43901,14,0,62,0,64,,43900,14,0,21,0,30,,43898,14,0,20,0,25,,43904,14,0,21,0,65,,43899,14,0,62,0,35,,43894,14,0,21,0,64,,43893,14,0,21,0,34,,43895,2,0,21,0,56,,43887,2,0,62,0,12,,43889,14,0,21,0,13,,43886,14,0,62,0,14,,43890,2,0,21,0,55,,43892,2,0,62,0,16,,43891,14,0,21,0,15,,43888,14,0,62,0,20,,43884,2,0,21,0,65,,43885,14,0,62,0,22,,43883,14,0,21,0
201,'7_1',706,,46765,14,0,20,0,27,,46803,14,0,21,0,17,,46787,2,0,62,0,53,,46768,14,0,21,0,15,,46766,2,0,20,0,20,,46788,14,0,62,0,69,,46769,14,0,21,0,28,,46779,14,0,20,0,81,,46773,14,0,21,0,26,,46780,14,0,62,0,83,,46774,14,0,21,0,75,,46781,14,0,62,0,41,,46770,14,0,20,0,74,,46789,14,0,21,0,20,,46802,14,0,62,0,65,,46782,14,0,21,0,30,,46767,14,0,20,0,25,,46790,14,0,21,0,65,,46771,14,0,62,0,34,,46783,14,0,21,0,77,,46797,14,0,62,0,19,,46791,2,0,21,0,55,,46784,2,0,62,0,13,,46792,14,0,21,0,13,,46772,14,0,62,0,15,,46793,2,0,21,0,56,,46795,2,0,62,0,16,,46794,2,0,21,0,18,,46785,14,0,62,0,21,,46776,14,0,21,0,65,,46786,14,0,62,0,21,,46777,14,0,21,0
201,'7_2',706,,48440,14,0,20,0,27,,48478,14,0,21,0,17,,48462,2,0,62,0,53,,48443,14,0,21,0,15,,48441,2,0,20,0,20,,48463,14,0,62,0,69,,48444,14,0,21,0,28,,48454,14,0,20,0,81,,48448,14,0,21,0,26,,48455,14,0,62,0,83,,48449,14,0,21,0,75,,48456,14,0,62,0,41,,48445,14,0,20,0,74,,48464,14,0,21,0,20,,48477,14,0,62,0,65,,48457,14,0,21,0,30,,48442,14,0,20,0,25,,48465,14,0,21,0,65,,48446,14,0,62,0,34,,48458,14,0,21,0,77,,48472,14,0,62,0,19,,48466,2,0,21,0,55,,48459,2,0,62,0,13,,48467,14,0,21,0,13,,48447,14,0,62,0,15,,48468,2,0,21,0,56,,48470,2,0,62,0,16,,48469,2,0,21,0,18,,48460,14,0,62,0,21,,48451,14,0,21,0,65,,48461,14,0,62,0,21,,48452,14,0,21,0
201,'7_4',706,,48479,14,0,20,0,27,,48517,14,0,21,0,17,,48501,2,0,62,0,53,,48482,14,0,21,0,15,,48480,2,0,20,0,20,,48502,14,0,62,0,69,,48483,14,0,21,0,28,,48493,14,0,20,0,81,,48487,14,0,21,0,26,,48494,14,0,62,0,83,,48488,14,0,21,0,75,,48495,14,0,62,0,41,,48484,14,0,20,0,74,,48503,14,0,21,0,20,,48516,14,0,62,0,65,,48496,14,0,21,0,30,,48481,14,0,20,0,25,,48504,14,0,21,0,65,,48485,14,0,62,0,34,,48497,14,0,21,0,77,,48511,14,0,62,0,19,,48505,2,0,21,0,55,,48498,2,0,62,0,13,,48506,14,0,21,0,13,,48486,14,0,62,0,15,,48507,2,0,21,0,56,,48509,2,0,62,0,16,,48508,2,0,21,0,18,,48499,14,0,62,0,21,,48490,14,0,21,0,65,,48500,14,0,62,0,21,,48491,14,0,21,0
