1000,'0_6',948,,66750,29,,,0,83,,66753,30,,,0,225,,66754,30,,,0,288,,66751,29,,,0,171,,66746,30,,,0,207,,66752,29,,,0
1000,'2_1',906,,66762,28,0,18 30,0,151,,66768,28,0,18 30,0,249,,66769,28,0,18 30,0,208,,66765,29,,,0,208,,66766,29,,,0,225,,66767,29,0,18 30,0
1000,'2_2',906,,66775,28,0,18 30,0,151,,66781,28,0,18 30,0,249,,66782,28,0,18 30,0,208,,66778,29,,,0,208,,66779,29,,,0,225,,66780,29,0,18 30,0
1000,'2_3',906,,66788,28,0,18 30,0,151,,66794,28,0,18 30,0,249,,66795,28,0,18 30,0,208,,66791,29,,,0,208,,66792,29,,,0,225,,66793,29,0,18 30,0
1000,'2_4',906,,66801,28,0,18 30,0,151,,66807,28,0,18 30,0,249,,66808,28,0,18 30,0,208,,66804,29,,,0,208,,66805,29,,,0,225,,66806,29,0,18 30,0
1000,'2_5',906,,66814,28,0,18 30,0,151,,66820,28,0,18 30,0,249,,66821,28,0,18 30,0,208,,66817,29,,,0,208,,66818,29,,,0,225,,66819,29,0,18 30,0
1000,'3_1',906,,66827,28,0,18 30,0,151,,66833,28,0,18 30,0,249,,66834,28,0,18 30,0,208,,66830,29,,,0,208,,66831,29,,,0,225,,66832,29,0,18 30,0
1000,'3_3',906,,66840,28,0,18 30,0,151,,66846,28,0,18 30,0,249,,66847,28,0,18 30,0,208,,66843,29,,,0,208,,66844,29,,,0,225,,66845,29,0,18 30,0
1000,'3_4',906,,66853,28,0,18 30,0,151,,66859,28,0,18 30,0,249,,66860,28,0,18 30,0,208,,66856,29,,,0,208,,66857,29,,,0,225,,66858,29,0,18 30,0
1000,'3_5',906,,66866,28,0,18 30,0,151,,66872,28,0,18 30,0,249,,66873,28,0,18 30,0,208,,66869,29,,,0,208,,66870,29,,,0,225,,66871,29,0,18 30,0
1000,'4_7',906,,66879,28,0,18 30,0,151,,66885,28,0,18 30,0,249,,66886,28,0,18 30,0,208,,66882,29,,,0,208,,66883,29,,,0,225,,66884,29,0,18 30,0
1100,'0_6',656,,67029,14,,,0,160,,67030,14,,,0,905,,67031,14,,,0,119,,67032,14,,,0
1100,'2_1',656,,67033,14,,,0,160,,67034,14,,,0,905,,67035,14,,,0,119,,67036,14,,,0
1100,'2_2',656,,67037,14,,,0,160,,67038,14,,,0,905,,67039,14,,,0,119,,67040,14,,,0
1100,'2_3',656,,67041,14,,,0,160,,67042,14,,,0,905,,67043,14,,,0,119,,67044,14,,,0
1100,'2_4',656,,67045,14,,,0,160,,67046,14,,,0,905,,67047,14,,,0,119,,67048,14,,,0
1100,'2_5',656,,67049,14,,,0,160,,67050,14,,,0,905,,67051,14,,,0,119,,67052,14,,,0
1100,'3_1',656,,67053,14,,,0,160,,67054,14,,,0,905,,67055,14,,,0,119,,67056,14,,,0
1100,'3_3',656,,67057,14,,,0,160,,67058,14,,,0,905,,67059,14,,,0,119,,67060,14,,,0
1100,'3_4',656,,67061,14,,,0,160,,67062,14,,,0,905,,67063,14,,,0,119,,67064,14,,,0
1100,'3_5',656,,67065,14,,,0,160,,67066,14,,,0,905,,67067,14,,,0,119,,67068,14,,,0
