2500,'0_6',756,,67728,21,4,,0,153,,67729,21,4,,0,127,,67730,21,4,,0,114,,67731,21,4,,0,168,,67732,21,4,,0,113,,67733,21,4,,0,172,,67734,21,4,,0,119,,67735,21,4,,0,120,,67736,21,4,,0,114,,67737,21,4,,0
2500,'2_1',756,,67738,21,4,,0,153,,67739,21,4,,0,127,,67740,21,4,,0,114,,67741,21,4,,0,168,,67742,21,4,,0,113,,67743,21,4,,0,172,,67744,21,4,,0,119,,67745,21,4,,0,120,,67746,21,4,,0,114,,67747,21,4,,0
2500,'2_2',756,,67748,21,4,,0,153,,67749,21,4,,0,127,,67750,21,4,,0,114,,67751,21,4,,0,168,,67752,21,4,,0,113,,67753,21,4,,0,172,,67754,21,4,,0,119,,67755,21,4,,0,120,,67756,21,4,,0,114,,67757,21,4,,0
2500,'2_3',756,,67758,21,4,,0,153,,67759,21,4,,0,127,,67760,21,4,,0,114,,67761,21,4,,0,168,,67762,21,4,,0,113,,67763,21,4,,0,172,,67764,21,4,,0,119,,67765,21,4,,0,120,,67766,21,4,,0,114,,67767,21,4,,0
2500,'2_4',756,,67768,21,4,,0,153,,67769,21,4,,0,127,,67770,21,4,,0,114,,67771,21,4,,0,168,,67772,21,4,,0,113,,67773,21,4,,0,172,,67774,21,4,,0,119,,67775,21,4,,0,120,,67776,21,4,,0,114,,67777,21,4,,0
2500,'2_5',756,,67778,21,4,,0,153,,67779,21,4,,0,127,,67780,21,4,,0,114,,67781,21,4,,0,168,,67782,21,4,,0,113,,67783,21,4,,0,172,,67784,21,4,,0,119,,67785,21,4,,0,120,,67786,21,4,,0,114,,67787,21,4,,0
2500,'3_1',756,,67788,21,4,,0,153,,67789,21,4,,0,127,,67790,21,4,,0,114,,67791,21,4,,0,168,,67792,21,4,,0,113,,67793,21,4,,0,172,,67794,21,4,,0,119,,67795,21,4,,0,120,,67796,21,4,,0,114,,67797,21,4,,0
2500,'3_3',756,,67798,21,4,,0,153,,67799,21,4,,0,127,,67800,21,4,,0,114,,67801,21,4,,0,168,,67802,21,4,,0,113,,67803,21,4,,0,172,,67804,21,4,,0,119,,67805,21,4,,0,120,,67806,21,4,,0,114,,67807,21,4,,0
2500,'3_4',756,,67808,21,4,,0,153,,67809,21,4,,0,127,,67810,21,4,,0,114,,67811,21,4,,0,168,,67812,21,4,,0,113,,67813,21,4,,0,172,,67814,21,4,,0,119,,67815,21,4,,0,120,,67816,21,4,,0,114,,67817,21,4,,0
2500,'3_5',756,,67818,21,4,,0,153,,67819,21,4,,0,127,,67820,21,4,,0,114,,67821,21,4,,0,168,,67822,21,4,,0,113,,67823,21,4,,0,172,,67824,21,4,,0,119,,67825,21,4,,0,120,,67826,21,4,,0,114,,67827,21,4,,0
2501,'0_6',656,,67828,1,,,0,151,,67829,1,,,0,124,,67830,1,,,0,112,,67831,1,,,0,113,,67832,1,,,0,168,,67833,1,,,0,128,,67834,1,,,0,159,,67835,1,,,0,120,,67836,1,,,0,121,,67837,1,,,0
2501,'2_1',656,,67838,1,,,0,151,,67839,1,,,0,124,,67840,1,,,0,112,,67841,1,,,0,113,,67842,1,,,0,168,,67843,1,,,0,128,,67844,1,,,0,159,,67845,1,,,0,120,,67846,1,,,0,121,,67847,1,,,0
2501,'2_2',656,,67848,1,,,0,151,,67849,1,,,0,124,,67850,1,,,0,112,,67851,1,,,0,113,,67852,1,,,0,168,,67853,1,,,0,128,,67854,1,,,0,159,,67855,1,,,0,120,,67856,1,,,0,121,,67857,1,,,0
2501,'2_3',656,,67858,1,,,0,151,,67859,1,,,0,124,,67860,1,,,0,112,,67861,1,,,0,113,,67862,1,,,0,168,,67863,1,,,0,128,,67864,1,,,0,159,,67865,1,,,0,120,,67866,1,,,0,121,,67867,1,,,0
2501,'2_4',656,,67868,1,,,0,151,,67869,1,,,0,124,,67870,1,,,0,112,,67871,1,,,0,113,,67872,1,,,0,168,,67873,1,,,0,128,,67874,1,,,0,159,,67875,1,,,0,120,,67876,1,,,0,121,,67877,1,,,0
2501,'2_5',656,,67878,1,,,0,151,,67879,1,,,0,124,,67880,1,,,0,112,,67881,1,,,0,113,,67882,1,,,0,168,,67883,1,,,0,128,,67884,1,,,0,159,,67885,1,,,0,120,,67886,1,,,0,121,,67887,1,,,0
2501,'3_1',656,,67888,1,,,0,151,,67889,1,,,0,124,,67890,1,,,0,112,,67891,1,,,0,113,,67892,1,,,0,168,,67893,1,,,0,128,,67894,1,,,0,159,,67895,1,,,0,120,,67896,1,,,0,121,,67897,1,,,0
2501,'3_3',656,,67898,1,,,0,151,,67899,1,,,0,124,,67900,1,,,0,112,,67901,1,,,0,113,,67902,1,,,0,168,,67903,1,,,0,128,,67904,1,,,0,159,,67905,1,,,0,120,,67906,1,,,0,121,,67907,1,,,0
2501,'3_4',656,,67908,1,,,0,151,,67909,1,,,0,124,,67910,1,,,0,112,,67911,1,,,0,113,,67912,1,,,0,168,,67913,1,,,0,128,,67914,1,,,0,159,,67915,1,,,0,120,,67916,1,,,0,121,,67917,1,,,0
2501,'3_5',656,,67918,1,,,0,151,,67919,1,,,0,124,,67920,1,,,0,112,,67921,1,,,0,113,,67922,1,,,0,168,,67923,1,,,0,128,,67924,1,,,0,159,,67925,1,,,0,120,,67926,1,,,0,121,,67927,1,,,0
