2600,'1_6',743,,18315,25,4,,0,86,,18316,25,4,,0,84,,18317,25,4,,0,45,,18318,25,4,,0,84,,18319,25,4,,0,90,,18320,25,4,,0,84,,18321,25,4,,0,42,,18322,25,4,,0,85,,18323,25,4,,0,85,,18324,25,4,,0,83,,18325,25,4,,0,45,,18326,25,4,,0,91,,18327,25,4,,0,86,,18328,25,4,,0,83,,18329,25,4,,0,84,,18330,25,4,,0,42,,18331,25,4,,0
2600,'5_1',723,,18332,25,4,,0,17,,18343,25,4,,0,79,,18344,25,4,,0,18,,18345,25,4,,0,83,,18346,25,4,,0,29,,18347,25,4,,0,95,,18333,25,4,,0,99,,18334,25,4,,0,98,,18335,25,4,,0,67,,18336,25,4,,0,30,,18351,25,4,,0,94,,18352,25,4,,0,112,,18337,25,4,,0,86,,18338,25,4,,0,26,,18348,25,4,,0,73,,18349,25,4,,0,20,,18339,25,4,,0,67,,18340,25,4,,0,29,,18341,25,4,,0,68,,18354,25,4,,0
2600,'5_2',723,,18356,25,4,,0,17,,18367,25,4,,0,79,,18368,25,4,,0,18,,18369,25,4,,0,83,,18370,25,4,,0,29,,18371,25,4,,0,95,,18357,25,4,,0,99,,18358,25,4,,0,98,,18359,25,4,,0,67,,18360,25,4,,0,30,,18375,25,4,,0,94,,18376,25,4,,0,112,,18361,25,4,,0,86,,18362,25,4,,0,26,,18372,25,4,,0,73,,18373,25,4,,0,20,,18363,25,4,,0,67,,18364,25,4,,0,29,,18365,25,4,,0,68,,18378,25,4,,0
2600,'5_4',723,,18380,25,4,,0,17,,18391,25,4,,0,79,,18392,25,4,,0,18,,18393,25,4,,0,83,,18394,25,4,,0,29,,18395,25,4,,0,95,,18381,25,4,,0,99,,18382,25,4,,0,98,,18383,25,4,,0,67,,18384,25,4,,0,30,,18399,25,4,,0,94,,18400,25,4,,0,112,,18385,25,4,,0,86,,18386,25,4,,0,26,,18396,25,4,,0,73,,18397,25,4,,0,20,,18387,25,4,,0,67,,18388,25,4,,0,29,,18389,25,4,,0,68,,18402,25,4,,0
2600,'5_5',723,,18404,25,4,,0,17,,18415,25,4,,0,79,,18416,25,4,,0,18,,18417,25,4,,0,83,,18418,25,4,,0,29,,18419,25,4,,0,95,,18405,25,4,,0,99,,18406,25,4,,0,98,,18407,25,4,,0,67,,18408,25,4,,0,30,,18423,25,4,,0,94,,18424,25,4,,0,112,,18409,25,4,,0,86,,18410,25,4,,0,26,,18420,25,4,,0,73,,18421,25,4,,0,20,,18411,25,4,,0,67,,18412,25,4,,0,29,,18413,25,4,,0,68,,18426,25,4,,0
2600,'6_3',723,,18428,25,4,,0,17,,18439,25,4,,0,79,,18440,25,4,,0,18,,18441,25,4,,0,83,,18442,25,4,,0,29,,18443,25,4,,0,95,,18429,25,4,,0,99,,18430,25,4,,0,98,,18431,25,4,,0,67,,18432,25,4,,0,30,,18447,25,4,,0,94,,18448,25,4,,0,112,,18433,25,4,,0,86,,18434,25,4,,0,26,,18444,25,4,,0,73,,18445,25,4,,0,20,,18435,25,4,,0,67,,18436,25,4,,0,29,,18437,25,4,,0,68,,18449,25,4,,0
2601,'1_6',713,,18451,1,,,0,45,,18454,1,,,0,85,,18455,1,,,0,85,,18456,1,,,0,90,,18457,1,,,0,84,,18458,1,,,0,44,,18459,1,,,0,85,,18460,1,,,0,82,,18461,1,,,0,42,,18462,1,,,0,86,,18463,1,,,0,90,,18464,1,,,0,85,,18465,1,,,0,40,,18466,1,,,0,87,,18467,1,,,0,84,,18453,1,,,0,85,,18452,1,,,0
2601,'5_1',707,,18468,1,,,0,33,,18478,1,,,0,66,,18480,1,,,0,24,,18479,1,,,0,79,,18469,1,,,0,99,,18470,1,,,0,100,,18487,1,,,0,98,,18471,1,,,0,29,,18488,1,,,0,22,,18489,1,,,0,91,,18472,1,,,0,94,,18473,1,,,0,113,,18482,1,,,0,85,,18483,1,,,0,65,,18484,1,,,0,95,,18485,1,,,0,26,,18486,1,,,0,96,,18481,1,,,0
2601,'5_2',707,,18492,1,,,0,33,,18502,1,,,0,66,,18504,1,,,0,24,,18503,1,,,0,79,,18493,1,,,0,99,,18494,1,,,0,100,,18511,1,,,0,98,,18495,1,,,0,29,,18512,1,,,0,22,,18513,1,,,0,91,,18496,1,,,0,94,,18497,1,,,0,113,,18506,1,,,0,85,,18507,1,,,0,65,,18508,1,,,0,95,,18509,1,,,0,26,,18510,1,,,0,96,,18505,1,,,0
2601,'5_4',707,,18516,1,,,0,33,,18526,1,,,0,66,,18528,1,,,0,24,,18527,1,,,0,79,,18517,1,,,0,99,,18518,1,,,0,100,,18535,1,,,0,98,,18519,1,,,0,29,,18536,1,,,0,22,,18537,1,,,0,91,,18520,1,,,0,94,,18521,1,,,0,113,,18530,1,,,0,85,,18531,1,,,0,65,,18532,1,,,0,95,,18533,1,,,0,26,,18534,1,,,0,96,,18529,1,,,0
2601,'5_5',707,,18540,1,,,0,33,,18550,1,,,0,66,,18552,1,,,0,24,,18551,1,,,0,79,,18541,1,,,0,99,,18542,1,,,0,100,,18559,1,,,0,98,,18543,1,,,0,29,,18560,1,,,0,22,,18561,1,,,0,91,,18544,1,,,0,94,,18545,1,,,0,113,,18554,1,,,0,85,,18555,1,,,0,65,,18556,1,,,0,95,,18557,1,,,0,26,,18558,1,,,0,96,,18553,1,,,0
2601,'6_3',707,,18564,1,,,0,33,,18573,1,,,0,66,,18575,1,,,0,24,,18574,1,,,0,79,,18565,1,,,0,99,,18566,1,,,0,100,,18582,1,,,0,98,,18567,1,,,0,29,,18583,1,,,0,22,,18584,1,,,0,91,,18568,1,,,0,94,,18569,1,,,0,113,,18577,1,,,0,85,,18578,1,,,0,65,,18579,1,,,0,95,,18580,1,,,0,26,,18581,1,,,0,96,,18576,1,,,0
