200,'2_6',735,,30367,40,0,34,0,112,,30368,40,0,34,0,106,,30369,37,0,34,0,105,,30370,40,0,34,0,150,,30371,40,0,34,0,104,,30372,38,0,34,0,100,,30373,40,0,34,0,104,,30374,40,0,34,0,105,,30375,40,0,34,0,105,,30376,40,0,34,0,99,,30377,40,0,34,0,131,,30389,37,0,34,0
200,'5_1',826,,37413,28,0,34,0,115,,37412,28,0,34,0,107,,37409,37,0,34,0,108,,37401,37,0,34,0,101,,37402,40,0,34,0,85,,37396,28,0,34,0,96,,37398,40,0,34,0,100,,37397,37,0,34,0,111,,37390,37,0,34,0,106,,37389,40,0,34,0,104,,37386,40,0,34,0,97,,37383,40,0,34,0
200,'5_2',826,,38669,28,0,34,0,115,,38668,28,0,34,0,107,,38665,37,0,34,0,108,,38657,37,0,34,0,101,,38658,40,0,34,0,85,,38652,28,0,34,0,96,,38654,40,0,34,0,100,,38653,37,0,34,0,111,,38646,37,0,34,0,106,,38645,40,0,34,0,104,,38642,40,0,34,0,97,,38639,40,0,34,0
200,'5_3',826,,38708,28,0,34,0,115,,38707,28,0,34,0,107,,38704,37,0,34,0,108,,38696,37,0,34,0,101,,38697,40,0,34,0,85,,38691,28,0,34,0,96,,38693,40,0,34,0,100,,38692,37,0,34,0,111,,38685,37,0,34,0,106,,38684,40,0,34,0,104,,38681,40,0,34,0,97,,38678,40,0,34,0
200,'5_4',826,,38747,28,0,34,0,115,,38746,28,0,34,0,107,,38743,37,0,34,0,108,,38735,37,0,34,0,101,,38736,40,0,34,0,85,,38730,28,0,34,0,96,,38732,40,0,34,0,100,,38731,37,0,34,0,111,,38724,37,0,34,0,106,,38723,40,0,34,0,104,,38720,40,0,34,0,97,,38717,40,0,34,0
200,'5_5',826,,38786,28,0,34,0,115,,38785,28,0,34,0,107,,38782,37,0,34,0,108,,38774,37,0,34,0,101,,38775,40,0,34,0,85,,38769,28,0,34,0,96,,38771,40,0,34,0,100,,38770,37,0,34,0,111,,38763,37,0,34,0,106,,38762,40,0,34,0,104,,38759,40,0,34,0,97,,38756,40,0,34,0
200,'6_1',826,,38825,28,0,34,0,115,,38824,28,0,34,0,107,,38821,37,0,34,0,108,,38813,37,0,34,0,101,,38814,40,0,34,0,85,,38808,28,0,34,0,96,,38810,40,0,34,0,100,,38809,37,0,34,0,111,,38802,37,0,34,0,106,,38801,40,0,34,0,104,,38798,40,0,34,0,97,,38795,40,0,34,0
200,'6_2',826,,43720,28,0,34,0,115,,43719,28,0,34,0,107,,43716,37,0,34,0,108,,43708,37,0,34,0,101,,43709,40,0,34,0,85,,43703,28,0,34,0,96,,43705,40,0,34,0,100,,43704,37,0,34,0,111,,43697,37,0,34,0,106,,43696,40,0,34,0,104,,43693,40,0,34,0,97,,43690,40,0,34,0
200,'6_3',826,,43759,28,0,34,0,115,,43758,28,0,34,0,107,,43755,37,0,34,0,108,,43747,37,0,34,0,101,,43748,40,0,34,0,85,,43742,28,0,34,0,96,,43744,40,0,34,0,100,,43743,37,0,34,0,111,,43736,37,0,34,0,106,,43735,40,0,34,0,104,,43732,40,0,34,0,97,,43729,40,0,34,0
200,'6_4',826,,43798,28,0,34,0,115,,43797,28,0,34,0,107,,43794,37,0,34,0,108,,43786,37,0,34,0,101,,43787,40,0,34,0,85,,43781,28,0,34,0,96,,43783,40,0,34,0,100,,43782,37,0,34,0,111,,43775,37,0,34,0,106,,43774,40,0,34,0,104,,43771,40,0,34,0,97,,43768,40,0,34,0
