501,'2509-HIV-25j05H-d-Dimanche-00',958,,2050,,,0,200,,2051,,,0,200,,2052,,,0,200,,2049,,,0
501,'2509-HIV-25j26H-d-Dimanche-00',958,,2054,,,0,200,,2055,,,0,200,,2056,,,0,200,,2053,,,0
501,'2509-HIV-25k03H-s-Samedi-00',831,,2057,,,0,101,,2058,,,0,101,,2059,,,0,100,,2060,,,0,99,,2061,,,0,94,,2062,,,0,99,,2063,,,0,100,,2064,,,0,100,,2065,,,0,104,,2066,,,0,98,,2067,,,0,187,,2068,,,0
501,'2509-HIV-25l22Vlv-Semaine-00',942,,2069,,,0,105,,2070,,,0,101,,2071,,,0,85,,2072,,,0,94,,2073,,,0,98,,2074,,,0,102,,2075,,,0,103,,2076,,,0,107,,2077,,,0,102,,2078,,,0,166,,2079,,,0
501,'2509-HIV-26a05H-s-Samedi-00',831,,2080,,,0,101,,2081,,,0,101,,2082,,,0,100,,2083,,,0,99,,2084,,,0,94,,2085,,,0,99,,2086,,,0,100,,2087,,,0,100,,2088,,,0,104,,2089,,,0,98,,2090,,,0,187,,2091,,,0
501,'2509-HIV-26a05H-w-Mercredi-00',942,,2092,,,0,105,,2093,,,0,101,,2094,,,0,85,,2095,,,0,94,,2096,,,0,98,,2097,,,0,102,,2098,,,0,103,,2099,,,0,107,,2100,,,0,102,,2101,,,0,166,,2102,,,0
501,'2509-HIV-26a05H-w-Mercredi-00-0010000',1257,,2103,0,20 21,0
501,'2509-HIV-26a05Hlv-L-Ma-J-V-00',942,,2104,,,0,105,,2105,,,0,101,,2106,,,0,85,,2107,,,0,94,,2108,,,0,98,,2109,,,0,102,,2110,,,0,103,,2111,,,0,107,,2112,,,0,102,,2113,,,0,166,,2114,,,0
501,'2509-HIV-26a05Hlv-L-Ma-J-V-00-1101100',1656,,2115,0,20 21,0,150,,2116,0,20 21,0,51,,2117,0,20 21,0
501,'2509-HIV-26b23Vlv-Semaine-00',942,,2118,,,0,105,,2119,,,0,101,,2120,,,0,85,,2121,,,0,94,,2122,,,0,98,,2123,,,0,102,,2124,,,0,103,,2125,,,0,107,,2126,,,0,102,,2127,,,0,166,,2128,,,0
501,'2509-HIV-26c02Vlv-Semaine-00',942,,2129,,,0,105,,2130,,,0,101,,2131,,,0,85,,2132,,,0,94,,2133,,,0,98,,2134,,,0,102,,2135,,,0,103,,2136,,,0,107,,2137,,,0,102,,2138,,,0,166,,2139,,,0
