401,'S2-1_6',702,,8835,18,,,0,116,,8842,18,0,41,0,33,,8836,18,,,0,69,,8843,18,0,41,0,32,,8844,18,0,41,0,67,,8845,18,0,41,0,32,,8837,18,,,0,69,,8846,18,0,41,0,31,,8847,18,0,41,0,71,,8848,18,0,41,0,30,,8838,18,,,0,69,,8849,18,0,41,0,29,,8850,18,0,41,0,71,,8851,18,0,41,0,31,,8839,18,,,0,68,,8852,18,0,41,0,32,,8853,18,0,41,0,73,,8854,18,0,41,0,31,,8840,18,,,0,71,,8855,18,0,41,0,73,,8856,18,0,41,0,32,,8857,18,0,41,0,71,,8858,18,0,41,0,30,,8841,18,,,0
401,'S2-4_7',915,,8859,18,0,41,0,100,,8860,18,0,41,0,100,,8861,18,0,41,0,100,,8862,18,0,41,0,100,,8863,18,0,41,0,100,,8864,18,0,41,0,100,,8865,18,0,41,0,100,,8866,18,0,41,0,100,,8867,18,0,41,0,100,,8868,18,0,41,0
401,'S2-5_1',703,,8900,14,0,52,0,13,,8870,18,0,41,0,8,,8887,18,0,41,0,22,,8871,18,0,41,0,12,,8894,18,,,0,66,,8872,18,0,41,0,11,,8873,18,0,41,0,76,,8874,18,0,41,0,35,,8875,18,0,41,0,75,,8876,18,0,41,0,35,,8896,18,,,0,71,,8877,18,0,41,0,28,,8878,18,0,41,0,57,,8895,18,,,0,34,,8891,21,0,41,0,70,,8897,18,,,0,34,,8869,21,0,41,0,77,,8879,18,0,41,0,30,,8898,18,,,0,66,,8880,18,0,41,0,28,,8881,18,0,41,0,55,,8882,18,0,41,0,15,,8892,21,0,41,0,13,,8888,18,0,41,0,23,,8883,18,0,41,0,48,,8889,18,0,41,0,17,,8893,21,,,0,32,,8884,18,0,41,0,55,,8890,18,0,41,0,45,,8885,18,0,41,0,65,,8899,18,,,0
401,'S2-5_2',703,,8932,14,0,52,0,13,,8902,18,0,41,0,8,,8919,18,0,41,0,22,,8903,18,0,41,0,12,,8926,18,,,0,66,,8904,18,0,41,0,11,,8905,18,0,41,0,76,,8906,18,0,41,0,35,,8907,18,0,41,0,75,,8908,18,0,41,0,35,,8928,18,,,0,71,,8909,18,0,41,0,28,,8910,18,0,41,0,57,,8927,18,,,0,34,,8923,21,0,41,0,70,,8929,18,,,0,34,,8901,21,0,41,0,77,,8911,18,0,41,0,30,,8930,18,,,0,66,,8912,18,0,41,0,28,,8913,18,0,41,0,55,,8914,18,0,41,0,15,,8924,21,0,41,0,13,,8920,18,0,41,0,23,,8915,18,0,41,0,48,,8921,18,0,41,0,17,,8925,21,,,0,32,,8916,18,0,41,0,55,,8922,18,0,41,0,45,,8917,18,0,41,0,65,,8931,18,,,0
401,'S2-5_4',703,,8964,14,0,52,0,13,,8934,18,0,41,0,8,,8951,18,0,41,0,22,,8935,18,0,41,0,12,,8958,18,,,0,66,,8936,18,0,41,0,11,,8937,18,0,41,0,76,,8938,18,0,41,0,35,,8939,18,0,41,0,75,,8940,18,0,41,0,35,,8960,18,,,0,71,,8941,18,0,41,0,28,,8942,18,0,41,0,57,,8959,18,,,0,34,,8955,21,0,41,0,70,,8961,18,,,0,34,,8933,21,0,41,0,77,,8943,18,0,41,0,30,,8962,18,,,0,66,,8944,18,0,41,0,28,,8945,18,0,41,0,55,,8946,18,0,41,0,15,,8956,21,0,41,0,13,,8952,18,0,41,0,23,,8947,18,0,41,0,48,,8953,18,0,41,0,17,,8957,21,,,0,32,,8948,18,0,41,0,55,,8954,18,0,41,0,45,,8949,18,0,41,0,65,,8963,18,,,0
401,'S2-5_5',703,,8996,14,0,52,0,13,,8966,18,0,41,0,8,,8983,18,0,41,0,22,,8967,18,0,41,0,12,,8990,18,,,0,66,,8968,18,0,41,0,11,,8969,18,0,41,0,76,,8970,18,0,41,0,35,,8971,18,0,41,0,75,,8972,18,0,41,0,35,,8992,18,,,0,71,,8973,18,0,41,0,28,,8974,18,0,41,0,57,,8991,18,,,0,34,,8987,21,0,41,0,70,,8993,18,,,0,34,,8965,21,0,41,0,77,,8975,18,0,41,0,30,,8994,18,,,0,66,,8976,18,0,41,0,28,,8977,18,0,41,0,55,,8978,18,0,41,0,15,,8988,21,0,41,0,13,,8984,18,0,41,0,23,,8979,18,0,41,0,48,,8985,18,0,41,0,17,,8989,21,,,0,32,,8980,18,0,41,0,55,,8986,18,0,41,0,45,,8981,18,0,41,0,65,,8995,18,,,0
401,'S2-6_3',703,,9028,14,0,52,0,13,,8998,18,0,41,0,8,,9015,18,0,41,0,22,,8999,18,0,41,0,12,,9022,18,,,0,66,,9000,18,0,41,0,11,,9001,18,0,41,0,76,,9002,18,0,41,0,35,,9003,18,0,41,0,75,,9004,18,0,41,0,35,,9024,18,,,0,71,,9005,18,0,41,0,28,,9006,18,0,41,0,57,,9023,18,,,0,34,,9019,21,0,41,0,70,,9025,18,,,0,34,,8997,21,0,41,0,77,,9007,18,0,41,0,30,,9026,18,,,0,66,,9008,18,0,41,0,28,,9009,18,0,41,0,55,,9010,18,0,41,0,15,,9020,21,0,41,0,13,,9016,18,0,41,0,23,,9011,18,0,41,0,48,,9017,18,0,41,0,17,,9021,21,,,0,32,,9012,18,0,41,0,55,,9018,18,0,41,0,45,,9013,18,0,41,0,65,,9027,18,,,0
2301,'S2-5_1',703,,10727,11,,,0,22,,10726,11,,,0,1,,10725,21,,,0
2301,'S2-5_2',703,,10730,11,,,0,22,,10729,11,,,0,1,,10728,21,,,0
2301,'S2-5_4',703,,10733,11,,,0,22,,10732,11,,,0,1,,10731,21,,,0
2301,'S2-5_5',703,,10736,11,,,0,22,,10735,11,,,0,1,,10734,21,,,0
2301,'S2-6_3',703,,10739,11,,,0,22,,10738,11,,,0,1,,10737,21,,,0
