901,'25j05H-Dimanche',956,,2786,,,0,299,,2788,0,8,0,301,,2789,0,8,0,298,,2787,,,0
901,'25j26H-Dimanche',956,,2790,,,0,299,,2792,0,8,0,301,,2793,0,8,0,298,,2791,,,0
901,'26a05H-Samedi',756,,2821,0,9 10 9,0,99,,2833,0,8,0,90,,2826,0,9 10 9,0,165,,2827,0,9 10 9,0,113,,2831,0,8,0,79,,2828,0,9 10 9,0,107,,2830,0,8,0,50,,2832,0,8,0,84,,2829,0,8,0,82,,2822,0,9 10 9,0,104,,2823,0,9 10 9,0,172,,2824,0,9 10 9,0,50,,2825,0,9 10 9,0
901,'26a05H-Mercredi',800,,2834,0,11,0,26,,2835,0,12,0,103,,2840,0,9 10 9,0,95,,2844,0,9 10 9,0,98,,2841,0,9 10 9,0,106,,2836,0,12,0,181,,2842,0,9 10 9,0,112,,2843,0,9 10 9,0,109,,2837,0,12,0,102,,2838,0,12,0,95,,2839,0,12,0,125,,2849,,,0
901,'26a05H-L-Ma-J-V',800,,2850,0,11,0,26,,2851,0,12,0,103,,2856,0,9 10 9,0,95,,2860,0,9 10 9,0,98,,2857,0,9 10 9,0,106,,2852,0,12,0,181,,2858,0,9 10 9,0,112,,2859,0,9 10 9,0,109,,2853,0,12,0,102,,2854,0,12,0,95,,2855,0,12,0,125,,2865,,,0
901,'26b23V-Semaine',756,,2866,0,11,0,66,,2867,0,12,0,105,,2868,0,9 10 9,0,25,,2869,0,9 10 9,0,168,,2870,0,9 10 9,0,95,,2872,0,8,0,89,,2871,0,9 10 9,0,106,,2873,0,8,0,91,,2874,0,8,0,42,,2879,0,8,0,91,,2875,0,9 10 9,0,96,,2876,0,9 10 9,0,126,,2877,0,9 10 9,0,95,,2878,0,9 10 9,0
901,'26c02V-Semaine',756,,2880,0,11,0,66,,2881,0,12,0,105,,2882,0,9 10 9,0,25,,2883,0,9 10 9,0,168,,2884,0,9 10 9,0,95,,2886,0,8,0,89,,2885,0,9 10 9,0,106,,2887,0,8,0,91,,2888,0,8,0,42,,2893,0,8,0,91,,2889,0,9 10 9,0,96,,2890,0,9 10 9,0,126,,2891,0,9 10 9,0,95,,2892,0,9 10 9,0
1601,'26a05H-Samedi',1050,,3447,,,0,109,,3450,,,0,179,,3448,,,0,105,,3451,,,0,360,,3449,,,0
1601,'26a05H-Mercredi',1050,,3457,,,0,109,,3460,,,0,179,,3458,,,0,105,,3461,,,0,360,,3459,,,0
1601,'26a05H-L-Ma-J-V',1050,,3467,,,0,109,,3470,,,0,179,,3468,,,0,105,,3471,,,0,360,,3469,,,0
1601,'26b23V-Semaine',1050,,3477,,,0,109,,3480,,,0,179,,3478,,,0,105,,3481,,,0,360,,3479,,,0
1601,'26c02V-Semaine',1050,,3487,,,0,109,,3490,,,0,179,,3488,,,0,105,,3491,,,0,360,,3489,,,0
1901,'26a05H-Mercredi',1640,,3599,,,0,110,,3600,,,0,100,,3601,,,0
1901,'26a05H-Mercredi0010000',1302,,3603,,,0
1901,'26a05H-L-Ma-J-V',1640,,3605,,,0,110,,3606,,,0,100,,3607,,,0
