1900,'S2-5_1',636,,10500,2,,,0,16,,10501,2,,,0,84,,10506,2,,,0,9,,10503,2,0,23 53,0,12,,10505,2,,,0,974,,10502,2,,,0,110,,10504,2,0,25,0
1900,'S2-5_2',636,,10508,2,,,0,16,,10509,2,,,0,84,,10514,2,,,0,9,,10511,2,0,23 53,0,12,,10513,2,,,0,974,,10510,2,,,0,110,,10512,2,0,25,0
1900,'S2-5_4',636,,10516,2,,,0,16,,10517,2,,,0,84,,10522,2,,,0,9,,10519,2,0,23 53,0,12,,10521,2,,,0,974,,10518,2,,,0,110,,10520,2,0,25,0
1900,'S2-5_5',636,,10524,2,,,0,16,,10525,2,,,0,84,,10530,2,,,0,9,,10527,2,0,23 53,0,12,,10529,2,,,0,974,,10526,2,,,0,110,,10528,2,0,25,0
1900,'S2-6_3',636,,10532,2,,,0,16,,10533,2,,,0,84,,10539,2,,,0,9,,10535,2,0,23 53,0,12,,10538,2,,,0,582,,10537,2,,,0,392,,10534,2,,,0,110,,10536,2,0,25,0
1901,'S2-5_1',1629,,10543,9,,,0,19,,10540,25,,,0,60,,10545,14,,,0,21,,10544,9,,,0,19,,10541,25,,,0,70,,10546,14,,,0,29,,10542,25,,,0,70,,10547,14,,,0
1901,'S2-5_2',1629,,10552,9,,,0,19,,10549,25,,,0,60,,10554,14,,,0,21,,10553,9,,,0,19,,10550,25,,,0,70,,10555,14,,,0,29,,10551,25,,,0,70,,10556,14,,,0
1901,'S2-5_4',1629,,10561,9,,,0,19,,10558,25,,,0,60,,10563,14,,,0,21,,10562,9,,,0,19,,10559,25,,,0,70,,10564,14,,,0,29,,10560,25,,,0,70,,10565,14,,,0
1901,'S2-5_5',1629,,10570,9,,,0,19,,10567,25,,,0,60,,10572,14,,,0,21,,10571,9,,,0,19,,10568,25,,,0,70,,10573,14,,,0,29,,10569,25,,,0,70,,10574,14,,,0
1901,'S2-6_3',1247,,10579,25,,,0,60,,10581,9,,,0,23,,10580,29,,,0,378,,10576,14,,,0,110,,10577,14,,,0,99,,10578,14,,,0
