401,'2509-HIV-25j05H-d-Dimanche-00',924,,9799,0,20 35,0,100,,9800,0,20 35,0,100,,9801,0,20 35,0,100,,9802,0,20 35,0,100,,9803,0,20 35,0,100,,9804,0,20 35,0,100,,9805,0,20 35,0,100,,9806,0,20 35,0,100,,9807,0,20 35,0,100,,9808,0,20 35,0
401,'2509-HIV-25j26H-d-Dimanche-00',924,,9813,0,20 35,0,100,,9814,0,20 35,0,100,,9815,0,20 35,0,100,,9816,0,20 35,0,100,,9817,0,20 35,0,100,,9818,0,20 35,0,100,,9819,0,20 35,0,100,,9820,0,20 35,0,100,,9821,0,20 35,0,100,,9822,0,20 35,0
401,'2509-HIV-25k03H-s-Samedi-00',714,,9827,,,0,116,,9834,0,20 35,0,73,,9828,,,0,28,,9835,0,20 35,0,72,,9836,0,20 35,0,28,,9837,0,20 35,0,72,,9829,,,0,28,,9838,0,20 35,0,73,,9839,0,20 35,0,30,,9840,0,20 35,0,70,,9830,,,0,29,,9841,0,20 35,0,69,,9842,0,20 35,0,31,,9843,0,20 35,0,71,,9831,,,0,28,,9844,0,20 35,0,73,,9845,0,20 35,0,33,,9846,0,20 35,0,71,,9832,,,0,32,,9847,0,20 35,0,72,,9848,0,20 35,0,31,,9849,0,20 35,0,70,,9850,0,20 35,0,30,,9833,,,0
401,'2509-HIV-25l22Vlv-Semaine-00',719,,9866,0,20 35,0,10,,9852,0,20 35,0,15,,9867,0,20 35,0,15,,9853,0,20 35,0,55,,9873,,,0,19,,9854,0,20 35,0,15,,9855,0,20 35,0,80,,9856,0,20 35,0,31,,9857,0,20 35,0,76,,9858,0,20 35,0,73,,9875,,,0,30,,9859,0,20 35,0,70,,9860,0,20 35,0,20,,9874,,,0,30,,9871,0,20 35,0,70,,9876,,,0,30,,9851,0,20 35,0,80,,9861,0,20 35,0,70,,9877,,,0,25,,9862,0,20 35,0,70,,9863,,,0,25,,9872,0,20 35,0,30,,9868,0,20 35,0,70,,9869,,,0,75,,9864,0,20 35,0,25,,9870,0,20 35,0,30,,9865,0,20 35,0,71,,9878,,,0
401,'2509-HIV-26a05H-s-Samedi-00',714,,9879,,,0,116,,9886,0,20 35,0,73,,9880,,,0,28,,9887,0,20 35,0,72,,9888,0,20 35,0,28,,9889,0,20 35,0,72,,9881,,,0,28,,9890,0,20 35,0,73,,9891,0,20 35,0,30,,9892,0,20 35,0,70,,9882,,,0,29,,9893,0,20 35,0,69,,9894,0,20 35,0,31,,9895,0,20 35,0,71,,9883,,,0,28,,9896,0,20 35,0,73,,9897,0,20 35,0,33,,9898,0,20 35,0,71,,9884,,,0,32,,9899,0,20 35,0,72,,9900,0,20 35,0,31,,9901,0,20 35,0,70,,9902,0,20 35,0,30,,9885,,,0
401,'2509-HIV-26a05H-w-Mercredi-00',718,,9920,0,20 35,0,10,,9904,0,20 35,0,15,,9921,0,20 35,0,15,,9905,0,20 35,0,55,,9928,,,0,23,,9906,0,20 35,0,11,,9907,0,20 35,0,75,,9908,0,20 35,0,35,,9909,0,20 35,0,75,,9910,0,20 35,0,75,,9930,,,0,31,,9911,0,20 35,0,69,,9912,0,20 35,0,20,,9929,,,0,30,,9925,0,20 35,0,70,,9931,,,0,74,,9903,0,20 35,0,37,,9913,0,20 35,0,70,,9932,,,0,26,,9914,0,20 35,0,69,,9915,0,20 35,0,15,,9916,0,20 35,0,16,,9926,0,20 35,0,19,,9922,0,20 35,0,57,,9917,0,20 35,0,16,,9923,0,20 35,0,12,,9927,,,0,70,,9918,0,20 35,0,20,,9924,0,20 35,0,76,,9919,0,20 35,0,25,,9933,,,0
401,'2509-HIV-26a05Hlv-L-Ma-J-V-00',718,,9951,0,20 35,0,10,,9935,0,20 35,0,15,,9952,0,20 35,0,15,,9936,0,20 35,0,55,,9959,,,0,23,,9937,0,20 35,0,11,,9938,0,20 35,0,75,,9939,0,20 35,0,35,,9940,0,20 35,0,75,,9941,0,20 35,0,75,,9961,,,0,31,,9942,0,20 35,0,69,,9943,0,20 35,0,20,,9960,,,0,30,,9956,0,20 35,0,70,,9962,,,0,74,,9934,0,20 35,0,37,,9944,0,20 35,0,70,,9963,,,0,26,,9945,0,20 35,0,69,,9946,0,20 35,0,15,,9947,0,20 35,0,16,,9957,0,20 35,0,19,,9953,0,20 35,0,57,,9948,0,20 35,0,16,,9954,0,20 35,0,12,,9958,,,0,70,,9949,0,20 35,0,20,,9955,0,20 35,0,76,,9950,0,20 35,0,25,,9964,,,0
401,'2509-HIV-26b23Vlv-Semaine-00',719,,9980,0,20 35,0,10,,9966,0,20 35,0,15,,9981,0,20 35,0,15,,9967,0,20 35,0,55,,9987,,,0,19,,9968,0,20 35,0,15,,9969,0,20 35,0,80,,9970,0,20 35,0,31,,9971,0,20 35,0,76,,9972,0,20 35,0,73,,9989,,,0,30,,9973,0,20 35,0,70,,9974,0,20 35,0,20,,9988,,,0,30,,9985,0,20 35,0,70,,9990,,,0,30,,9965,0,20 35,0,80,,9975,0,20 35,0,70,,9991,,,0,25,,9976,0,20 35,0,70,,9977,,,0,25,,9986,0,20 35,0,30,,9982,0,20 35,0,70,,9983,,,0,75,,9978,0,20 35,0,25,,9984,0,20 35,0,30,,9979,0,20 35,0,71,,9992,,,0
401,'2509-HIV-26c02Vlv-Semaine-00',719,,10008,0,20 35,0,10,,9994,0,20 35,0,15,,10009,0,20 35,0,15,,9995,0,20 35,0,55,,10015,,,0,19,,9996,0,20 35,0,15,,9997,0,20 35,0,80,,9998,0,20 35,0,31,,9999,0,20 35,0,76,,10000,0,20 35,0,73,,10017,,,0,30,,10001,0,20 35,0,70,,10002,0,20 35,0,20,,10016,,,0,30,,10013,0,20 35,0,70,,10018,,,0,30,,9993,0,20 35,0,80,,10003,0,20 35,0,70,,10019,,,0,25,,10004,0,20 35,0,70,,10005,,,0,25,,10014,0,20 35,0,30,,10010,0,20 35,0,70,,10011,,,0,75,,10006,0,20 35,0,25,,10012,0,20 35,0,30,,10007,0,20 35,0,71,,10020,,,0
501,'2509-HIV-25k03H-s-Samedi-00',806,,10133,,,0,99,,10134,,,0,100,,10135,,,0,100,,10136,,,0,100,,10137,,,0,95,,10138,,,0,58,,10139,,,0,100,,10140,,,0,100,,10141,,,0,100,,10142,,,0,100,,10143,,,0,192,,10144,,,0
501,'2509-HIV-25l22Vlv-Semaine-00',912,,10145,,,0,104,,10146,,,0,100,,10147,,,0,86,,10148,,,0,55,,10149,,,0,99,,10150,,,0,102,,10151,,,0,100,,10152,,,0,143,,10153,,,0,107,,10154,,,0,131,,10155,,,0
501,'2509-HIV-26a05H-s-Samedi-00',806,,10156,,,0,99,,10157,,,0,100,,10158,,,0,100,,10159,,,0,100,,10160,,,0,95,,10161,,,0,58,,10162,,,0,100,,10163,,,0,100,,10164,,,0,100,,10165,,,0,100,,10166,,,0,192,,10167,,,0
501,'2509-HIV-26a05H-w-Mercredi-00',912,,10168,,,0,104,,10169,,,0,100,,10170,,,0,86,,10171,,,0,55,,10172,,,0,99,,10173,,,0,102,,10174,,,0,100,,10175,,,0,143,,10176,,,0,107,,10177,,,0,131,,10178,,,0
501,'2509-HIV-26a05H-w-Mercredi-00-0010000',1227,,10179,0,20 21,0
501,'2509-HIV-26a05Hlv-L-Ma-J-V-00',912,,10180,,,0,104,,10181,,,0,100,,10182,,,0,86,,10183,,,0,55,,10184,,,0,99,,10185,,,0,102,,10186,,,0,100,,10187,,,0,143,,10188,,,0,107,,10189,,,0,131,,10190,,,0
501,'2509-HIV-26a05Hlv-L-Ma-J-V-00-1101100',1623,,10191,0,20 21,0,108,,10192,0,20 21,0,97,,10193,0,20 21,0
501,'2509-HIV-26b23Vlv-Semaine-00',912,,10194,,,0,104,,10195,,,0,100,,10196,,,0,86,,10197,,,0,55,,10198,,,0,99,,10199,,,0,102,,10200,,,0,100,,10201,,,0,143,,10202,,,0,107,,10203,,,0,131,,10204,,,0
501,'2509-HIV-26c02Vlv-Semaine-00',912,,10205,,,0,104,,10206,,,0,100,,10207,,,0,86,,10208,,,0,55,,10209,,,0,99,,10210,,,0,102,,10211,,,0,100,,10212,,,0,143,,10213,,,0,107,,10214,,,0,131,,10215,,,0
601,'2509-HIV-25j05H-d-Dimanche-00',948,,10334,,,0,295,,10335,,,0,210,,10336,,,0,255,,10337,,,0
601,'2509-HIV-25j26H-d-Dimanche-00',948,,10338,,,0,295,,10339,,,0,210,,10340,,,0,255,,10341,,,0
601,'2509-HIV-25k03H-s-Samedi-00',732,,10342,,,0,90,,10344,,,0,94,,10345,,,0,94,,10346,,,0,48,,10347,,,0,89,,10348,,,0,89,,10349,,,0,89,,10350,,,0,87,,10351,,,0,89,,10352,,,0,100,,10353,,,0,51,,10354,,,0,95,,10355,,,0,87,,10356,,,0,91,,10343,,,0
601,'2509-HIV-25l22Vlv-Semaine-00',603,,10357,,,0,108,,10371,,,0,92,,10358,,,0,52,,10359,,,0,92,,10360,,,0,86,,10361,,,0,92,,10372,,,0,84,,10362,,,0,21,,10363,,,0,95,,10364,,,0,83,,10365,,,0,103,,10366,,,0,45,,10367,,,0,94,,10368,,,0,90,,10373,,,0,90,,10369,,,0,95,,10370,,,0
601,'2509-HIV-26a05H-s-Samedi-00',732,,10374,,,0,90,,10376,,,0,94,,10377,,,0,94,,10378,,,0,48,,10379,,,0,89,,10380,,,0,89,,10381,,,0,89,,10382,,,0,87,,10383,,,0,89,,10384,,,0,100,,10385,,,0,51,,10386,,,0,95,,10387,,,0,87,,10388,,,0,91,,10375,,,0
601,'2509-HIV-26a05H-w-Mercredi-00',603,,10389,,,0,103,,10402,,,0,98,,10390,,,0,102,,10391,,,0,98,,10392,,,0,100,,10393,,,0,125,,10394,,,0,81,,10395,,,0,103,,10396,,,0,94,,10397,,,0,39,,10403,,,0,78,,10398,,,0,35,,10404,,,0,69,,10399,,,0,73,,10405,,,0,28,,10400,,,0,96,,10401,,,0
601,'2509-HIV-26a05H-w-Mercredi-00-0010000',1203,,10406,,,0
601,'2509-HIV-26a05Hlv-L-Ma-J-V-00',603,,10407,,,0,103,,10420,,,0,98,,10408,,,0,102,,10409,,,0,98,,10410,,,0,100,,10411,,,0,125,,10412,,,0,81,,10413,,,0,103,,10414,,,0,94,,10415,,,0,39,,10421,,,0,78,,10416,,,0,35,,10422,,,0,69,,10417,,,0,73,,10423,,,0,28,,10418,,,0,96,,10419,,,0
601,'2509-HIV-26a05Hlv-L-Ma-J-V-00-1101100',1203,,10424,,,0
601,'2509-HIV-26b23Vlv-Semaine-00',603,,10425,,,0,108,,10439,,,0,92,,10426,,,0,52,,10427,,,0,92,,10428,,,0,86,,10429,,,0,92,,10440,,,0,84,,10430,,,0,21,,10431,,,0,95,,10432,,,0,83,,10433,,,0,103,,10434,,,0,45,,10435,,,0,94,,10436,,,0,90,,10441,,,0,90,,10437,,,0,95,,10438,,,0
601,'2509-HIV-26c02Vlv-Semaine-00',603,,10442,,,0,108,,10456,,,0,92,,10443,,,0,52,,10444,,,0,92,,10445,,,0,86,,10446,,,0,92,,10457,,,0,84,,10447,,,0,21,,10448,,,0,95,,10449,,,0,83,,10450,,,0,103,,10451,,,0,45,,10452,,,0,94,,10453,,,0,90,,10458,,,0,90,,10454,,,0,95,,10455,,,0
2501,'2509-HIV-25j05H-d-Dimanche-00',854,,11886,,,0,200,,11887,,,0,372,,11888,,,0,303,,11889,,,0
2501,'2509-HIV-25j26H-d-Dimanche-00',854,,11890,,,0,200,,11891,,,0,372,,11892,,,0,303,,11893,,,0
2501,'2509-HIV-25k03H-s-Samedi-00',717,,11894,,,0,112,,11895,,,0,126,,11896,,,0,152,,11897,,,0,113,,11898,,,0,128,,11899,,,0,168,,11900,,,0,121,,11901,,,0,121,,11902,,,0,157,,11903,,,0
2501,'2509-HIV-25l22Vlv-Semaine-00',711,,11904,,,0,28,,11914,,,0,88,,11905,,,0,77,,11915,,,0,51,,11906,,,0,152,,11907,,,0,113,,11908,,,0,128,,11909,,,0,168,,11910,,,0,121,,11911,,,0,121,,11912,,,0,157,,11913,,,0
2501,'2509-HIV-26a05H-s-Samedi-00',717,,11916,,,0,112,,11917,,,0,126,,11918,,,0,152,,11919,,,0,113,,11920,,,0,128,,11921,,,0,168,,11922,,,0,121,,11923,,,0,121,,11924,,,0,157,,11925,,,0
2501,'2509-HIV-26a05H-w-Mercredi-00',714,,11926,,,0,30,,11927,,,0,85,,11928,,,0,77,,11929,,,0,36,,11930,,,0,112,,11931,,,0,166,,11932,,,0,120,,11933,,,0,117,,11934,,,0,157,,11935,,,0,103,,11936,,,0,96,,11937,,,0,118,,11938,,,0
2501,'2509-HIV-26a05Hlv-L-Ma-J-V-00',714,,11939,,,0,30,,11940,,,0,85,,11941,,,0,77,,11942,,,0,36,,11943,,,0,112,,11944,,,0,166,,11945,,,0,120,,11946,,,0,117,,11947,,,0,157,,11948,,,0,103,,11949,,,0,96,,11950,,,0,118,,11951,,,0
2501,'2509-HIV-26b23Vlv-Semaine-00',711,,11952,,,0,28,,11962,,,0,88,,11953,,,0,77,,11963,,,0,51,,11954,,,0,152,,11955,,,0,113,,11956,,,0,128,,11957,,,0,168,,11958,,,0,121,,11959,,,0,121,,11960,,,0,157,,11961,,,0
2501,'2509-HIV-26c02Vlv-Semaine-00',711,,11964,,,0,28,,11974,,,0,88,,11965,,,0,77,,11975,,,0,51,,11966,,,0,152,,11967,,,0,113,,11968,,,0,128,,11969,,,0,168,,11970,,,0,121,,11971,,,0,121,,11972,,,0,157,,11973,,,0
2601,'2509-HIV-25k03H-s-Samedi-00',720,,12106,,,0,85,,12109,,,0,45,,12110,,,0,85,,12111,,,0,90,,12112,,,0,84,,12113,,,0,44,,12114,,,0,85,,12115,,,0,82,,12116,,,0,83,,12117,,,0,46,,12118,,,0,90,,12119,,,0,85,,12120,,,0,81,,12121,,,0,47,,12122,,,0,84,,12108,,,0,83,,12107,,,0
2601,'2509-HIV-25l22Vlv-Semaine-00',720,,12123,,,0,85,,12124,,,0,45,,12125,,,0,85,,12126,,,0,90,,12127,,,0,84,,12128,,,0,44,,12129,,,0,85,,12130,,,0,82,,12131,,,0,83,,12132,,,0,46,,12133,,,0,90,,12134,,,0,85,,12135,,,0,81,,12136,,,0,47,,12137,,,0,84,,12138,,,0,83,,12139,,,0
2601,'2509-HIV-26a05H-s-Samedi-00',720,,12140,,,0,85,,12143,,,0,45,,12144,,,0,85,,12145,,,0,90,,12146,,,0,84,,12147,,,0,44,,12148,,,0,85,,12149,,,0,82,,12150,,,0,83,,12151,,,0,46,,12152,,,0,90,,12153,,,0,85,,12154,,,0,81,,12155,,,0,47,,12156,,,0,84,,12142,,,0,83,,12141,,,0
2601,'2509-HIV-26a05H-w-Mercredi-00',715,,12157,,,0,33,,12166,,,0,65,,12168,,,0,24,,12167,,,0,79,,12158,,,0,99,,12159,,,0,100,,12175,,,0,100,,12160,,,0,28,,12176,,,0,61,,12177,,,0,53,,12161,,,0,94,,12162,,,0,153,,12170,,,0,45,,12171,,,0,67,,12172,,,0,93,,12173,,,0,25,,12174,,,0,95,,12169,,,0
2601,'2509-HIV-26a05Hlv-L-Ma-J-V-00',715,,12178,,,0,33,,12187,,,0,65,,12189,,,0,24,,12188,,,0,79,,12179,,,0,99,,12180,,,0,100,,12196,,,0,100,,12181,,,0,28,,12197,,,0,61,,12198,,,0,53,,12182,,,0,94,,12183,,,0,153,,12191,,,0,45,,12192,,,0,67,,12193,,,0,93,,12194,,,0,25,,12195,,,0,95,,12190,,,0
2601,'2509-HIV-26b23Vlv-Semaine-00',720,,12200,,,0,85,,12201,,,0,45,,12202,,,0,85,,12203,,,0,90,,12204,,,0,84,,12205,,,0,44,,12206,,,0,85,,12207,,,0,82,,12208,,,0,83,,12209,,,0,46,,12210,,,0,90,,12211,,,0,85,,12212,,,0,81,,12213,,,0,47,,12214,,,0,84,,12215,,,0,83,,12216,,,0
2601,'2509-HIV-26c02Vlv-Semaine-00',720,,12217,,,0,85,,12218,,,0,45,,12219,,,0,85,,12220,,,0,90,,12221,,,0,84,,12222,,,0,44,,12223,,,0,85,,12224,,,0,82,,12225,,,0,83,,12226,,,0,46,,12227,,,0,90,,12228,,,0,85,,12229,,,0,81,,12230,,,0,47,,12231,,,0,84,,12232,,,0,83,,12233,,,0
2000001,'2509-HIV-25j05H-d-Dimanche-00',813,,14379,,,0,40,,14362,,,0,80,,14363,,,0,80,,14364,,,0,40,,14365,,,0,80,,14366,,,0,80,,14367,,,0,40,,14368,,,0,80,,14370,,,0,80,,14369,,,0,40,,14371,,,0,80,,14372,,,0,80,,14373,,,0,40,,14374,,,0,80,,14376,,,0,80,,14375,,,0,40,,14377,,,0,80,,14378,,,0
2000001,'2509-HIV-25j26H-d-Dimanche-00',813,,14397,,,0,40,,14380,,,0,80,,14381,,,0,80,,14382,,,0,40,,14383,,,0,80,,14384,,,0,80,,14385,,,0,40,,14386,,,0,80,,14388,,,0,80,,14387,,,0,40,,14389,,,0,80,,14390,,,0,80,,14391,,,0,40,,14392,,,0,80,,14394,,,0,80,,14393,,,0,40,,14395,,,0,80,,14396,,,0
2000001,'2509-HIV-25k03H-s-Samedi-00',643,,14398,,,0,79,,14399,,,0,79,,14400,,,0,30,,14438,,,0,21,,14402,,,0,60,,14401,,,0,20,,14403,,,0,20,,14404,,,0,59,,14406,,,0,18,,14405,,,0,20,,14411,,,0,60,,14409,,,0,17,,14413,,,0,19,,14407,,,0,59,,14412,,,0,21,,14408,,,0,17,,14410,,,0,58,,14419,,,0,18,,14416,,,0,20,,14417,,,0,20,,14418,,,0,58,,14415,,,0,17,,14414,,,0,19,,14420,,,0,61,,14421,,,0,20,,14423,,,0,19,,14422,,,0,60,,14424,,,0,20,,14425,,,0,21,,14426,,,0,60,,14428,,,0,19,,14427,,,0,19,,14429,,,0,59,,14430,,,0,19,,14431,,,0,19,,14432,,,0,57,,14433,,,0,19,,14434,,,0,24,,14435,,,0,64,,14436,,,0,23,,14437,,,0
2000001,'2509-HIV-25l22Vlv-Semaine-00',640,,14445,,,0,64,,14442,,,0,17,,14440,,,0,15,,14444,,,0,15,,14441,,,0,55,,14446,,,0,15,,14439,,,0,13,,14443,,,0,15,,14448,,,0,56,,14487,,,0,15,,14486,,,0,15,,14485,,,0,15,,14484,,,0,55,,14482,,,0,15,,14483,,,0,15,,14481,,,0,15,,14480,,,0,55,,14478,,,0,14,,14479,,,0,15,,14477,,,0,15,,14476,,,0,55,,14475,,,0,15,,14474,,,0,15,,14469,,,0,14,,14470,,,0,55,,14471,,,0,15,,14467,,,0,16,,14472,,,0,15,,14473,,,0,56,,14468,,,0,14,,14460,,,0,14,,14463,,,0,15,,14466,,,0,55,,14462,,,0,16,,14464,,,0,15,,14465,,,0,15,,14461,,,0,56,,14458,,,0,15,,14459,,,0,15,,14457,,,0,16,,14454,,,0,55,,14455,,,0,14,,14456,,,0,15,,14453,,,0,15,,14451,,,0,54,,14452,,,0,15,,14449,,,0,14,,14450,,,0,16,,14447,,,0,54,,14493,,,0,27,,14488,,,0,20,,14489,,,0,60,,14492,,,0,19,,14491,,,0,19,,14490,,,0
2000001,'2509-HIV-26a05H-s-Samedi-00',643,,14494,,,0,79,,14495,,,0,79,,14496,,,0,30,,14534,,,0,21,,14498,,,0,60,,14497,,,0,20,,14499,,,0,20,,14500,,,0,59,,14502,,,0,18,,14501,,,0,20,,14507,,,0,60,,14505,,,0,17,,14509,,,0,19,,14503,,,0,59,,14508,,,0,21,,14504,,,0,17,,14506,,,0,58,,14515,,,0,18,,14512,,,0,20,,14513,,,0,20,,14514,,,0,58,,14511,,,0,17,,14510,,,0,19,,14516,,,0,61,,14517,,,0,20,,14519,,,0,19,,14518,,,0,60,,14520,,,0,20,,14521,,,0,21,,14522,,,0,60,,14524,,,0,19,,14523,,,0,19,,14525,,,0,59,,14526,,,0,19,,14527,,,0,19,,14528,,,0,57,,14529,,,0,19,,14530,,,0,24,,14531,,,0,64,,14532,,,0,23,,14533,,,0
2000001,'2509-HIV-26a05H-w-Mercredi-00',639,,14587,,,0,63,,14564,,,0,13,,14545,,,0,3,,14547,,,0,16,,14572,,,0,18,,14555,,,0,54,,14590,,,0,14,,14537,,,0,14,,14565,,,0,15,,14549,,,0,56,,14573,,,0,15,,14557,,,0,16,,14581,,,0,17,,14538,,,0,56,,14571,,,0,15,,14548,,,0,16,,14574,,,0,16,,14556,,,0,56,,14583,,,0,15,,14539,,,0,16,,14569,,,0,15,,14554,,,0,57,,14575,,,0,16,,14563,,,0,14,,14582,,,0,13,,14541,,,0,55,,14566,,,0,16,,14550,,,0,15,,14577,,,0,15,,14558,,,0,56,,14586,,,0,15,,14542,,,0,15,,14567,,,0,55,,14551,,,0,15,,14576,,,0,16,,14559,,,0,14,,14585,,,0,56,,14540,,,0,15,,14568,,,0,17,,14552,,,0,15,,14578,,,0,56,,14560,,,0,17,,14536,,,0,17,,14584,,,0,18,,14591,,,0,52,,14570,,,0,13,,14553,,,0,14,,14579,,,0,15,,14561,,,0,52,,14535,,,0,13,,14588,,,0,14,,14544,,,0,23,,14580,,,0,60,,14562,,,0,21,,14589,,,0,20,,14546,,,0
2000001,'2509-HIV-26a05Hlv-L-Ma-J-V-00',639,,14644,,,0,63,,14621,,,0,13,,14602,,,0,3,,14604,,,0,16,,14629,,,0,18,,14612,,,0,54,,14647,,,0,14,,14594,,,0,14,,14622,,,0,15,,14606,,,0,56,,14630,,,0,15,,14614,,,0,16,,14638,,,0,17,,14595,,,0,56,,14628,,,0,15,,14605,,,0,16,,14631,,,0,16,,14613,,,0,56,,14640,,,0,15,,14596,,,0,16,,14626,,,0,15,,14611,,,0,57,,14632,,,0,16,,14620,,,0,14,,14639,,,0,13,,14598,,,0,55,,14623,,,0,16,,14607,,,0,15,,14634,,,0,15,,14615,,,0,56,,14643,,,0,15,,14599,,,0,15,,14624,,,0,55,,14608,,,0,15,,14633,,,0,16,,14616,,,0,14,,14642,,,0,56,,14597,,,0,15,,14625,,,0,17,,14609,,,0,15,,14635,,,0,56,,14617,,,0,17,,14593,,,0,17,,14641,,,0,18,,14648,,,0,52,,14627,,,0,13,,14610,,,0,14,,14636,,,0,15,,14618,,,0,52,,14592,,,0,13,,14645,,,0,14,,14601,,,0,23,,14637,,,0,60,,14619,,,0,21,,14646,,,0,20,,14603,,,0
2000001,'2509-HIV-26b23Vlv-Semaine-00',640,,14655,,,0,64,,14652,,,0,17,,14650,,,0,15,,14654,,,0,15,,14651,,,0,55,,14656,,,0,15,,14649,,,0,13,,14653,,,0,15,,14658,,,0,56,,14697,,,0,15,,14696,,,0,15,,14695,,,0,15,,14694,,,0,55,,14692,,,0,15,,14693,,,0,15,,14691,,,0,15,,14690,,,0,55,,14688,,,0,14,,14689,,,0,15,,14687,,,0,15,,14686,,,0,55,,14685,,,0,15,,14684,,,0,15,,14679,,,0,14,,14680,,,0,55,,14681,,,0,15,,14677,,,0,16,,14682,,,0,15,,14683,,,0,56,,14678,,,0,14,,14670,,,0,14,,14673,,,0,15,,14676,,,0,55,,14672,,,0,16,,14674,,,0,15,,14675,,,0,15,,14671,,,0,56,,14668,,,0,15,,14669,,,0,15,,14667,,,0,16,,14664,,,0,55,,14665,,,0,14,,14666,,,0,15,,14663,,,0,15,,14661,,,0,54,,14662,,,0,15,,14659,,,0,14,,14660,,,0,16,,14657,,,0,54,,14703,,,0,27,,14698,,,0,20,,14699,,,0,60,,14702,,,0,19,,14701,,,0,19,,14700,,,0
2000001,'2509-HIV-26c02Vlv-Semaine-00',640,,14710,,,0,64,,14707,,,0,17,,14705,,,0,15,,14709,,,0,15,,14706,,,0,55,,14711,,,0,15,,14704,,,0,13,,14708,,,0,15,,14713,,,0,56,,14752,,,0,15,,14751,,,0,15,,14750,,,0,15,,14749,,,0,55,,14747,,,0,15,,14748,,,0,15,,14746,,,0,15,,14745,,,0,55,,14743,,,0,14,,14744,,,0,15,,14742,,,0,15,,14741,,,0,55,,14740,,,0,15,,14739,,,0,15,,14734,,,0,14,,14735,,,0,55,,14736,,,0,15,,14732,,,0,16,,14737,,,0,15,,14738,,,0,56,,14733,,,0,14,,14725,,,0,14,,14728,,,0,15,,14731,,,0,55,,14727,,,0,16,,14729,,,0,15,,14730,,,0,15,,14726,,,0,56,,14723,,,0,15,,14724,,,0,15,,14722,,,0,16,,14719,,,0,55,,14720,,,0,14,,14721,,,0,15,,14718,,,0,15,,14716,,,0,54,,14717,,,0,15,,14714,,,0,14,,14715,,,0,16,,14712,,,0,54,,14758,,,0,27,,14753,,,0,20,,14754,,,0,60,,14757,,,0,19,,14756,,,0,19,,14755,,,0
3000001,'2509-HIV-25j05H-d-Dimanche-00',850,,15080,,,0,170,,15088,,,0,130,,15087,,,0,170,,15086,,,0,130,,15083,,,0,170,,15084,,,0,130,,15085,,,0,170,,15082,,,0,130,,15081,,,0
3000001,'2509-HIV-25j26H-d-Dimanche-00',850,,15089,,,0,170,,15091,,,0,130,,15092,,,0,170,,15093,,,0,130,,15094,,,0,170,,15095,,,0,130,,15096,,,0,170,,15097,,,0,130,,15090,,,0
3000001,'2509-HIV-25k03H-s-Samedi-00',645,,15098,,,0,80,,15099,,,0,84,,15100,,,0,37,,15101,,,0,61,,15102,,,0,19,,15103,,,0,21,,15104,,,0,60,,15105,,,0,20,,15106,,,0,20,,15107,,,0,60,,15108,,,0,19,,15109,,,0,21,,15110,,,0,61,,15111,,,0,19,,15112,,,0,19,,15113,,,0,60,,15114,,,0,20,,15115,,,0,20,,15116,,,0,61,,15117,,,0,20,,15118,,,0,20,,15119,,,0,61,,15120,,,0,20,,15121,,,0,20,,15122,,,0,60,,15123,,,0,20,,15124,,,0,21,,15125,,,0,60,,15126,,,0,20,,15127,,,0,19,,15128,,,0,59,,15129,,,0,20,,15130,,,0,20,,15131,,,0,58,,15132,,,0,32,,15134,,,0,68,,15135,,,0,30,,15133,,,0,69,,15136,,,0
3000001,'2509-HIV-25l22Vlv-Semaine-00',655,,15178,,,0,59,,15137,,,0,20,,15138,,,0,20,,15139,,,0,60,,15140,,,0,19,,15141,,,0,20,,15142,,,0,60,,15143,,,0,20,,15144,,,0,20,,15145,,,0,60,,15146,,,0,20,,15147,,,0,20,,15148,,,0,59,,15149,,,0,20,,15150,,,0,20,,15151,,,0,60,,15152,,,0,19,,15153,,,0,20,,15154,,,0,60,,15155,,,0,20,,15156,,,0,20,,15157,,,0,61,,15158,,,0,20,,15159,,,0,19,,15160,,,0,61,,15161,,,0,20,,15162,,,0,20,,15163,,,0,60,,15164,,,0,20,,15165,,,0,21,,15166,,,0,60,,15167,,,0,20,,15168,,,0,20,,15169,,,0,60,,15170,,,0,19,,15171,,,0,21,,15172,,,0,61,,15173,,,0,21,,15174,,,0,70,,15175,,,0,27,,15176,,,0,70,,15177,,,0
3000001,'2509-HIV-26a05H-s-Samedi-00',645,,15179,,,0,80,,15180,,,0,84,,15181,,,0,37,,15182,,,0,61,,15183,,,0,19,,15184,,,0,21,,15185,,,0,60,,15186,,,0,20,,15187,,,0,20,,15188,,,0,60,,15189,,,0,19,,15190,,,0,21,,15191,,,0,61,,15192,,,0,19,,15193,,,0,19,,15194,,,0,60,,15195,,,0,20,,15196,,,0,20,,15197,,,0,61,,15198,,,0,20,,15199,,,0,20,,15200,,,0,61,,15201,,,0,20,,15202,,,0,20,,15203,,,0,60,,15204,,,0,20,,15205,,,0,21,,15206,,,0,60,,15207,,,0,20,,15208,,,0,19,,15209,,,0,59,,15210,,,0,20,,15211,,,0,20,,15212,,,0,58,,15213,,,0,32,,15215,,,0,68,,15216,,,0,30,,15214,,,0,69,,15217,,,0
3000001,'2509-HIV-26a05H-w-Mercredi-00',652,,15259,,,0,59,,15218,,,0,20,,15219,,,0,22,,15220,,,0,60,,15221,,,0,20,,15222,,,0,20,,15223,,,0,60,,15224,,,0,20,,15225,,,0,20,,15226,,,0,60,,15227,,,0,20,,15228,,,0,20,,15229,,,0,59,,15230,,,0,19,,15231,,,0,21,,15232,,,0,60,,15233,,,0,21,,15234,,,0,20,,15235,,,0,59,,15236,,,0,19,,15237,,,0,20,,15238,,,0,61,,15239,,,0,20,,15240,,,0,20,,15241,,,0,61,,15242,,,0,22,,15243,,,0,21,,15244,,,0,59,,15245,,,0,19,,15246,,,0,23,,15247,,,0,62,,15248,,,0,19,,15249,,,0,20,,15250,,,0,56,,15251,,,0,18,,15252,,,0,22,,15253,,,0,60,,15254,,,0,22,,15255,,,0,66,,15256,,,0,29,,15257,,,0,71,,15258,,,0
3000001,'2509-HIV-26a05Hlv-L-Ma-J-V-00',652,,15309,,,0,59,,15268,,,0,20,,15269,,,0,22,,15270,,,0,60,,15271,,,0,20,,15272,,,0,20,,15273,,,0,60,,15274,,,0,20,,15275,,,0,20,,15276,,,0,60,,15277,,,0,20,,15278,,,0,20,,15279,,,0,59,,15280,,,0,19,,15281,,,0,21,,15282,,,0,60,,15283,,,0,21,,15284,,,0,20,,15285,,,0,59,,15286,,,0,19,,15287,,,0,20,,15288,,,0,61,,15289,,,0,20,,15290,,,0,20,,15291,,,0,61,,15292,,,0,22,,15293,,,0,21,,15294,,,0,59,,15295,,,0,19,,15296,,,0,23,,15297,,,0,62,,15298,,,0,19,,15299,,,0,20,,15300,,,0,56,,15301,,,0,18,,15302,,,0,22,,15303,,,0,60,,15304,,,0,22,,15305,,,0,66,,15306,,,0,29,,15307,,,0,71,,15308,,,0
3000001,'2509-HIV-26b23Vlv-Semaine-00',655,,15359,,,0,59,,15318,,,0,20,,15319,,,0,20,,15320,,,0,60,,15321,,,0,19,,15322,,,0,20,,15323,,,0,60,,15324,,,0,20,,15325,,,0,20,,15326,,,0,60,,15327,,,0,20,,15328,,,0,20,,15329,,,0,59,,15330,,,0,20,,15331,,,0,20,,15332,,,0,60,,15333,,,0,19,,15334,,,0,20,,15335,,,0,60,,15336,,,0,20,,15337,,,0,20,,15338,,,0,61,,15339,,,0,20,,15340,,,0,19,,15341,,,0,61,,15342,,,0,20,,15343,,,0,20,,15344,,,0,60,,15345,,,0,20,,15346,,,0,21,,15347,,,0,60,,15348,,,0,20,,15349,,,0,20,,15350,,,0,60,,15351,,,0,19,,15352,,,0,21,,15353,,,0,61,,15354,,,0,21,,15355,,,0,70,,15356,,,0,27,,15357,,,0,70,,15358,,,0
3000001,'2509-HIV-26c02Vlv-Semaine-00',655,,15401,,,0,59,,15360,,,0,20,,15361,,,0,20,,15362,,,0,60,,15363,,,0,19,,15364,,,0,20,,15365,,,0,60,,15366,,,0,20,,15367,,,0,20,,15368,,,0,60,,15369,,,0,20,,15370,,,0,20,,15371,,,0,59,,15372,,,0,20,,15373,,,0,20,,15374,,,0,60,,15375,,,0,19,,15376,,,0,20,,15377,,,0,60,,15378,,,0,20,,15379,,,0,20,,15380,,,0,61,,15381,,,0,20,,15382,,,0,19,,15383,,,0,61,,15384,,,0,20,,15385,,,0,20,,15386,,,0,60,,15387,,,0,20,,15388,,,0,21,,15389,,,0,60,,15390,,,0,20,,15391,,,0,20,,15392,,,0,60,,15393,,,0,19,,15394,,,0,21,,15395,,,0,61,,15396,,,0,21,,15397,,,0,70,,15398,,,0,27,,15399,,,0,70,,15400,,,0
