2501,'0_6',700,,67828,7,,,0,111,,67829,7,,,0,125,,67830,7,,,0,112,,67831,7,,,0,153,,67832,7,,,0,128,,67833,7,,,0,128,,67834,7,,,0,159,,67835,7,,,0,120,,67836,7,,,0,120,,67837,7,,,0
2501,'2_1',700,,67838,7,,,0,111,,67839,7,,,0,125,,67840,7,,,0,112,,67841,7,,,0,153,,67842,7,,,0,128,,67843,7,,,0,128,,67844,7,,,0,159,,67845,7,,,0,120,,67846,7,,,0,120,,67847,7,,,0
2501,'2_2',700,,67848,7,,,0,111,,67849,7,,,0,125,,67850,7,,,0,112,,67851,7,,,0,153,,67852,7,,,0,128,,67853,7,,,0,128,,67854,7,,,0,159,,67855,7,,,0,120,,67856,7,,,0,120,,67857,7,,,0
2501,'2_3',700,,67858,7,,,0,111,,67859,7,,,0,125,,67860,7,,,0,112,,67861,7,,,0,153,,67862,7,,,0,128,,67863,7,,,0,128,,67864,7,,,0,159,,67865,7,,,0,120,,67866,7,,,0,120,,67867,7,,,0
2501,'2_4',700,,67868,7,,,0,111,,67869,7,,,0,125,,67870,7,,,0,112,,67871,7,,,0,153,,67872,7,,,0,128,,67873,7,,,0,128,,67874,7,,,0,159,,67875,7,,,0,120,,67876,7,,,0,120,,67877,7,,,0
2501,'2_5',700,,67878,7,,,0,111,,67879,7,,,0,125,,67880,7,,,0,112,,67881,7,,,0,153,,67882,7,,,0,128,,67883,7,,,0,128,,67884,7,,,0,159,,67885,7,,,0,120,,67886,7,,,0,120,,67887,7,,,0
2501,'3_1',700,,67888,7,,,0,111,,67889,7,,,0,125,,67890,7,,,0,112,,67891,7,,,0,153,,67892,7,,,0,128,,67893,7,,,0,128,,67894,7,,,0,159,,67895,7,,,0,120,,67896,7,,,0,120,,67897,7,,,0
2501,'3_3',700,,67898,7,,,0,111,,67899,7,,,0,125,,67900,7,,,0,112,,67901,7,,,0,153,,67902,7,,,0,128,,67903,7,,,0,128,,67904,7,,,0,159,,67905,7,,,0,120,,67906,7,,,0,120,,67907,7,,,0
2501,'3_4',700,,67908,7,,,0,111,,67909,7,,,0,125,,67910,7,,,0,112,,67911,7,,,0,153,,67912,7,,,0,128,,67913,7,,,0,128,,67914,7,,,0,159,,67915,7,,,0,120,,67916,7,,,0,120,,67917,7,,,0
2501,'3_5',700,,67918,7,,,0,111,,67919,7,,,0,125,,67920,7,,,0,112,,67921,7,,,0,153,,67922,7,,,0,128,,67923,7,,,0,128,,67924,7,,,0,159,,67925,7,,,0,120,,67926,7,,,0,120,,67927,7,,,0
