301,'0_6',718,,64459,33,,,0,33,,64460,33,,,0,73,,64461,33,,,0,33,,64462,33,,,0,72,,64463,33,,,0,74,,64464,33,,,0,33,,64465,33,,,0,72,,64466,33,,,0,33,,64467,33,,,0,72,,64468,33,,,0,32,,64469,33,,,0,73,,64434,33,,,0,27,,64435,33,,,0,70,,64436,33,,,0,26,,64437,33,,,0,68,,64438,33,,,0,27,,64439,33,,,0,69,,64440,33,,,0,28,,64458,33,,,0,25,,64441,33,,,0,72,,64442,33,,,0,74,,64443,33,,,0,28,,64444,33,,,0,27,,64445,33,,,0,65,,64446,33,,,0,25,,64447,33,,,0,65,,64448,33,,,0,27,,64470,33,,,0,65,,64449,33,,,0
301,'1_7',824,,64492,33,,,0,33,,64487,33,,,0,72,,64493,33,,,0,74,,64488,33,,,0,33,,64494,33,,,0,72,,64489,33,,,0,33,,64495,33,,,0,72,,64490,33,,,0,32,,64496,33,,,0,73,,64471,33,,,0,27,,64472,33,,,0,70,,64473,33,,,0,26,,64474,33,,,0,68,,64475,33,,,0,27,,64476,33,,,0,69,,64477,33,,,0,28,,64497,33,,,0,25,,64478,33,,,0,72,,64479,33,,,0,74,,64480,33,,,0,28,,64481,33,,,0,27,,64482,33,,,0,65,,64483,33,,,0,25,,64484,33,,,0,65,,64485,33,,,0,27,,64491,33,,,0,65,,64486,33,,,0
301,'2_1',718,,64515,33,,,0,33,,64516,33,,,0,73,,64517,33,,,0,33,,64518,33,,,0,72,,64519,33,,,0,74,,64520,33,,,0,33,,64521,33,,,0,72,,64522,33,,,0,33,,64523,33,,,0,72,,64524,33,,,0,32,,64525,33,,,0,73,,64498,33,,,0,27,,64499,33,,,0,70,,64500,33,,,0,26,,64501,33,,,0,68,,64502,33,,,0,27,,64503,33,,,0,69,,64504,33,,,0,28,,64514,33,,,0,25,,64505,33,,,0,72,,64506,33,,,0,74,,64507,33,,,0,28,,64508,33,,,0,27,,64509,33,,,0,65,,64510,33,,,0,25,,64511,33,,,0,65,,64512,33,,,0,27,,64526,33,,,0,65,,64513,33,,,0
301,'2_2',718,,64544,33,,,0,33,,64545,33,,,0,73,,64546,33,,,0,33,,64547,33,,,0,72,,64548,33,,,0,74,,64549,33,,,0,33,,64550,33,,,0,72,,64551,33,,,0,33,,64552,33,,,0,72,,64553,33,,,0,32,,64554,33,,,0,73,,64527,33,,,0,27,,64528,33,,,0,70,,64529,33,,,0,26,,64530,33,,,0,68,,64531,33,,,0,27,,64532,33,,,0,69,,64533,33,,,0,28,,64543,33,,,0,25,,64534,33,,,0,72,,64535,33,,,0,74,,64536,33,,,0,28,,64537,33,,,0,27,,64538,33,,,0,65,,64539,33,,,0,25,,64540,33,,,0,65,,64541,33,,,0,27,,64555,33,,,0,65,,64542,33,,,0
301,'2_3',718,,64573,33,,,0,33,,64574,33,,,0,73,,64575,33,,,0,33,,64576,33,,,0,72,,64577,33,,,0,74,,64578,33,,,0,33,,64579,33,,,0,72,,64580,33,,,0,33,,64581,33,,,0,72,,64582,33,,,0,32,,64583,33,,,0,73,,64556,33,,,0,27,,64557,33,,,0,70,,64558,33,,,0,26,,64559,33,,,0,68,,64560,33,,,0,27,,64561,33,,,0,69,,64562,33,,,0,28,,64572,33,,,0,25,,64563,33,,,0,72,,64564,33,,,0,74,,64565,33,,,0,28,,64566,33,,,0,27,,64567,33,,,0,65,,64568,33,,,0,25,,64569,33,,,0,65,,64570,33,,,0,27,,64584,33,,,0,65,,64571,33,,,0
301,'2_4',718,,64602,33,,,0,33,,64603,33,,,0,73,,64604,33,,,0,33,,64605,33,,,0,72,,64606,33,,,0,74,,64607,33,,,0,33,,64608,33,,,0,72,,64609,33,,,0,33,,64610,33,,,0,72,,64611,33,,,0,32,,64612,33,,,0,73,,64585,33,,,0,27,,64586,33,,,0,70,,64587,33,,,0,26,,64588,33,,,0,68,,64589,33,,,0,27,,64590,33,,,0,69,,64591,33,,,0,28,,64601,33,,,0,25,,64592,33,,,0,72,,64593,33,,,0,74,,64594,33,,,0,28,,64595,33,,,0,27,,64596,33,,,0,65,,64597,33,,,0,25,,64598,33,,,0,65,,64599,33,,,0,27,,64613,33,,,0,65,,64600,33,,,0
301,'2_5',718,,64639,33,,,0,33,,64640,33,,,0,73,,64641,33,,,0,33,,64642,33,,,0,72,,64643,33,,,0,74,,64644,33,,,0,33,,64645,33,,,0,72,,64646,33,,,0,33,,64647,33,,,0,72,,64648,33,,,0,32,,64649,33,,,0,73,,64614,33,,,0,27,,64615,33,,,0,70,,64616,33,,,0,26,,64617,33,,,0,68,,64618,33,,,0,27,,64619,33,,,0,69,,64620,33,,,0,28,,64638,33,,,0,25,,64621,33,,,0,72,,64622,33,,,0,74,,64623,33,,,0,28,,64624,33,,,0,27,,64625,33,,,0,65,,64626,33,,,0,25,,64627,33,,,0,65,,64628,33,,,0,27,,64650,33,,,0,65,,64629,33,,,0
301,'3_1',718,,64668,33,,,0,33,,64669,33,,,0,73,,64670,33,,,0,33,,64671,33,,,0,72,,64672,33,,,0,74,,64673,33,,,0,33,,64674,33,,,0,72,,64675,33,,,0,33,,64676,33,,,0,72,,64677,33,,,0,32,,64678,33,,,0,73,,64651,33,,,0,27,,64652,33,,,0,70,,64653,33,,,0,26,,64654,33,,,0,68,,64655,33,,,0,27,,64656,33,,,0,69,,64657,33,,,0,28,,64667,33,,,0,25,,64658,33,,,0,72,,64659,33,,,0,74,,64660,33,,,0,28,,64661,33,,,0,27,,64662,33,,,0,65,,64663,33,,,0,25,,64664,33,,,0,65,,64665,33,,,0,27,,64679,33,,,0,65,,64666,33,,,0
301,'3_3',718,,64697,33,,,0,33,,64698,33,,,0,73,,64699,33,,,0,33,,64700,33,,,0,72,,64701,33,,,0,74,,64702,33,,,0,33,,64703,33,,,0,72,,64704,33,,,0,33,,64705,33,,,0,72,,64706,33,,,0,32,,64707,33,,,0,73,,64680,33,,,0,27,,64681,33,,,0,70,,64682,33,,,0,26,,64683,33,,,0,68,,64684,33,,,0,27,,64685,33,,,0,69,,64686,33,,,0,28,,64696,33,,,0,25,,64687,33,,,0,72,,64688,33,,,0,74,,64689,33,,,0,28,,64690,33,,,0,27,,64691,33,,,0,65,,64692,33,,,0,25,,64693,33,,,0,65,,64694,33,,,0,27,,64708,33,,,0,65,,64695,33,,,0
301,'3_4',718,,64726,33,,,0,33,,64727,33,,,0,73,,64728,33,,,0,33,,64729,33,,,0,72,,64730,33,,,0,74,,64731,33,,,0,33,,64732,33,,,0,72,,64733,33,,,0,33,,64734,33,,,0,72,,64735,33,,,0,32,,64736,33,,,0,73,,64709,33,,,0,27,,64710,33,,,0,70,,64711,33,,,0,26,,64712,33,,,0,68,,64713,33,,,0,27,,64714,33,,,0,69,,64715,33,,,0,28,,64725,33,,,0,25,,64716,33,,,0,72,,64717,33,,,0,74,,64718,33,,,0,28,,64719,33,,,0,27,,64720,33,,,0,65,,64721,33,,,0,25,,64722,33,,,0,65,,64723,33,,,0,27,,64737,33,,,0,65,,64724,33,,,0
301,'3_5',718,,64763,33,,,0,33,,64764,33,,,0,73,,64765,33,,,0,33,,64766,33,,,0,72,,64767,33,,,0,74,,64768,33,,,0,33,,64769,33,,,0,72,,64770,33,,,0,33,,64771,33,,,0,72,,64772,33,,,0,32,,64773,33,,,0,73,,64738,33,,,0,27,,64739,33,,,0,70,,64740,33,,,0,26,,64741,33,,,0,68,,64742,33,,,0,27,,64743,33,,,0,69,,64744,33,,,0,28,,64762,33,,,0,25,,64745,33,,,0,72,,64746,33,,,0,74,,64747,33,,,0,28,,64748,33,,,0,27,,64749,33,,,0,65,,64750,33,,,0,25,,64751,33,,,0,65,,64752,33,,,0,27,,64774,33,,,0,65,,64753,33,,,0
301,'4_7',718,,64792,33,,,0,33,,64793,33,,,0,73,,64794,33,,,0,33,,64795,33,,,0,72,,64796,33,,,0,74,,64797,33,,,0,33,,64798,33,,,0,72,,64799,33,,,0,33,,64800,33,,,0,72,,64801,33,,,0,32,,64802,33,,,0,73,,64775,33,,,0,27,,64776,33,,,0,70,,64777,33,,,0,26,,64778,33,,,0,68,,64779,33,,,0,27,,64780,33,,,0,69,,64781,33,,,0,28,,64791,33,,,0,25,,64782,33,,,0,72,,64783,33,,,0,74,,64784,33,,,0,28,,64785,33,,,0,27,,64786,33,,,0,65,,64787,33,,,0,25,,64788,33,,,0,65,,64789,33,,,0,27,,64803,33,,,0,65,,64790,33,,,0
