2600,'0_6',722,,67928,11,,,0,85,,67929,11,,,0,45,,67930,11,,,0,85,,67931,11,,,0,84,,67932,11,,,0,90,,67933,11,,,0,44,,67934,11,,,0,82,,67935,11,,,0,84,,67936,11,,,0,85,,67937,11,,,0,43,,67938,11,,,0,86,,67939,11,,,0,90,,67940,11,,,0,86,,67941,11,,,0,43,,67942,11,,,0,85,,67943,11,,,0,84,,67944,11,,,0
2600,'2_1',722,,67945,11,,,0,85,,67946,11,,,0,45,,67947,11,,,0,85,,67948,11,,,0,84,,67949,11,,,0,90,,67950,11,,,0,44,,67951,11,,,0,82,,67952,11,,,0,84,,67953,11,,,0,85,,67954,11,,,0,43,,67955,11,,,0,86,,67956,11,,,0,90,,67957,11,,,0,86,,67958,11,,,0,43,,67959,11,,,0,85,,67960,11,,,0,84,,67961,11,,,0
2600,'2_2',722,,67962,11,,,0,85,,67963,11,,,0,45,,67964,11,,,0,85,,67965,11,,,0,84,,67966,11,,,0,90,,67967,11,,,0,44,,67968,11,,,0,82,,67969,11,,,0,84,,67970,11,,,0,85,,67971,11,,,0,43,,67972,11,,,0,86,,67973,11,,,0,90,,67974,11,,,0,86,,67975,11,,,0,43,,67976,11,,,0,85,,67977,11,,,0,84,,67978,11,,,0
2600,'2_3',722,,67979,11,,,0,85,,67980,11,,,0,45,,67981,11,,,0,85,,67982,11,,,0,84,,67983,11,,,0,90,,67984,11,,,0,44,,67985,11,,,0,82,,67986,11,,,0,84,,67987,11,,,0,85,,67988,11,,,0,43,,67989,11,,,0,86,,67990,11,,,0,90,,67991,11,,,0,86,,67992,11,,,0,43,,67993,11,,,0,85,,67994,11,,,0,84,,67995,11,,,0
2600,'2_4',722,,67996,11,,,0,85,,67997,11,,,0,45,,67998,11,,,0,85,,67999,11,,,0,84,,68000,11,,,0,90,,68001,11,,,0,44,,68002,11,,,0,82,,68003,11,,,0,84,,68004,11,,,0,85,,68005,11,,,0,43,,68006,11,,,0,86,,68007,11,,,0,90,,68008,11,,,0,86,,68009,11,,,0,43,,68010,11,,,0,85,,68011,11,,,0,84,,68012,11,,,0
2600,'2_5',722,,68013,11,,,0,85,,68014,11,,,0,45,,68015,11,,,0,85,,68016,11,,,0,84,,68017,11,,,0,90,,68018,11,,,0,44,,68019,11,,,0,82,,68020,11,,,0,84,,68021,11,,,0,85,,68022,11,,,0,43,,68023,11,,,0,86,,68024,11,,,0,90,,68025,11,,,0,86,,68026,11,,,0,43,,68027,11,,,0,85,,68028,11,,,0,84,,68029,11,,,0
2600,'3_1',722,,68030,11,,,0,85,,68031,11,,,0,45,,68032,11,,,0,85,,68033,11,,,0,84,,68034,11,,,0,90,,68035,11,,,0,44,,68036,11,,,0,82,,68037,11,,,0,84,,68038,11,,,0,85,,68039,11,,,0,43,,68040,11,,,0,86,,68041,11,,,0,90,,68042,11,,,0,86,,68043,11,,,0,43,,68044,11,,,0,85,,68045,11,,,0,84,,68046,11,,,0
2600,'3_3',722,,68047,11,,,0,85,,68048,11,,,0,45,,68049,11,,,0,85,,68050,11,,,0,84,,68051,11,,,0,90,,68052,11,,,0,44,,68053,11,,,0,82,,68054,11,,,0,84,,68055,11,,,0,85,,68056,11,,,0,43,,68057,11,,,0,86,,68058,11,,,0,90,,68059,11,,,0,86,,68060,11,,,0,43,,68061,11,,,0,85,,68062,11,,,0,84,,68063,11,,,0
2600,'3_4',722,,68064,11,,,0,85,,68065,11,,,0,45,,68066,11,,,0,85,,68067,11,,,0,84,,68068,11,,,0,90,,68069,11,,,0,44,,68070,11,,,0,82,,68071,11,,,0,84,,68072,11,,,0,85,,68073,11,,,0,43,,68074,11,,,0,86,,68075,11,,,0,90,,68076,11,,,0,86,,68077,11,,,0,43,,68078,11,,,0,85,,68079,11,,,0,84,,68080,11,,,0
2600,'3_5',722,,68081,11,,,0,85,,68082,11,,,0,45,,68083,11,,,0,85,,68084,11,,,0,84,,68085,11,,,0,90,,68086,11,,,0,44,,68087,11,,,0,82,,68088,11,,,0,84,,68089,11,,,0,85,,68090,11,,,0,43,,68091,11,,,0,86,,68092,11,,,0,90,,68093,11,,,0,86,,68094,11,,,0,43,,68095,11,,,0,85,,68096,11,,,0,84,,68097,11,,,0
