700,'26a05H-Samedi',721,,2407,,,0,110,,2408,,,0,110,,2409,,,0,110,,2410,,,0,150,,2411,,,0,110,,2412,,,0,110,,2413,,,0,110,,2414,,,0,110,,2415,,,0,110,,2405,,,0,150,,2406,,,0
700,'26a05H-Mercredi',721,,2416,,,0,110,,2418,,,0,110,,2419,,,0,110,,2420,,,0,150,,2421,,,0,110,,2422,,,0,110,,2423,,,0,110,,2424,,,0,110,,2425,,,0,110,,2426,,,0,150,,2417,,,0
700,'26a05H-L-Ma-J-V',721,,2427,,,0,110,,2429,,,0,110,,2430,,,0,110,,2431,,,0,150,,2432,,,0,110,,2433,,,0,110,,2434,,,0,110,,2435,,,0,110,,2436,,,0,110,,2437,,,0,150,,2428,,,0
700,'26b23V-Semaine',721,,2438,,,0,110,,2440,,,0,110,,2441,,,0,110,,2442,,,0,150,,2443,,,0,110,,2444,,,0,110,,2445,,,0,110,,2446,,,0,110,,2447,,,0,110,,2448,,,0,150,,2439,,,0
700,'26c02V-Semaine',721,,2449,,,0,110,,2451,,,0,110,,2452,,,0,110,,2453,,,0,150,,2454,,,0,110,,2455,,,0,110,,2456,,,0,110,,2457,,,0,110,,2458,,,0,110,,2459,,,0,150,,2450,,,0
901500,'26a05H-Samedi',833,,4527,,,0,20,,4528,,,0,60,,4529,,,0,20,,4530,,,0,20,,4531,,,0,60,,4532,,,0,20,,4533,,,0,20,,4534,,,0,60,,4535,,,0,20,,4536,,,0,20,,4537,,,0,60,,4538,,,0,20,,4539,,,0,20,,4540,,,0,60,,4541,,,0,20,,4542,,,0,20,,4543,,,0,60,,4544,,,0,20,,4545,,,0,80,,4546,,,0,20,,4547,,,0,20,,4548,,,0,60,,4549,,,0,20,,4550,,,0,20,,4551,,,0,60,,4552,,,0,20,,4553,,,0,20,,4554,,,0,60,,4555,,,0,20,,4556,,,0,20,,4557,,,0,60,,4558,,,0
901500,'26a05H-Mercredi',833,,4559,,,0,20,,4560,,,0,60,,4561,,,0,20,,4562,,,0,20,,4563,,,0,60,,4564,,,0,20,,4565,,,0,20,,4566,,,0,60,,4567,,,0,20,,4568,,,0,20,,4569,,,0,60,,4570,,,0,20,,4571,,,0,20,,4572,,,0,60,,4573,,,0,20,,4574,,,0,20,,4575,,,0,60,,4576,,,0,20,,4577,,,0,80,,4578,,,0,20,,4579,,,0,20,,4580,,,0,60,,4581,,,0,20,,4582,,,0,20,,4583,,,0,60,,4584,,,0,20,,4585,,,0,20,,4586,,,0,60,,4587,,,0,20,,4588,,,0,20,,4589,,,0,60,,4590,,,0
901500,'26a05H-L-Ma-J-V',833,,4591,,,0,20,,4592,,,0,60,,4593,,,0,20,,4594,,,0,20,,4595,,,0,60,,4596,,,0,20,,4597,,,0,20,,4598,,,0,60,,4599,,,0,20,,4600,,,0,20,,4601,,,0,60,,4602,,,0,20,,4603,,,0,20,,4604,,,0,60,,4605,,,0,20,,4606,,,0,20,,4607,,,0,60,,4608,,,0,20,,4609,,,0,80,,4610,,,0,20,,4611,,,0,20,,4612,,,0,60,,4613,,,0,20,,4614,,,0,20,,4615,,,0,60,,4616,,,0,20,,4617,,,0,20,,4618,,,0,60,,4619,,,0,20,,4620,,,0,20,,4621,,,0,60,,4622,,,0
901500,'26b23V-Semaine',833,,4623,,,0,20,,4624,,,0,60,,4625,,,0,20,,4626,,,0,20,,4627,,,0,60,,4628,,,0,20,,4629,,,0,20,,4630,,,0,60,,4631,,,0,20,,4632,,,0,20,,4633,,,0,60,,4634,,,0,20,,4635,,,0,20,,4636,,,0,60,,4637,,,0,20,,4638,,,0,20,,4639,,,0,60,,4640,,,0,20,,4641,,,0,80,,4642,,,0,20,,4643,,,0,20,,4644,,,0,60,,4645,,,0,20,,4646,,,0,20,,4647,,,0,60,,4648,,,0,20,,4649,,,0,20,,4650,,,0,60,,4651,,,0,20,,4652,,,0,20,,4653,,,0,60,,4654,,,0
901500,'26c02V-Semaine',833,,4655,,,0,20,,4656,,,0,60,,4657,,,0,20,,4658,,,0,20,,4659,,,0,60,,4660,,,0,20,,4661,,,0,20,,4662,,,0,60,,4663,,,0,20,,4664,,,0,20,,4665,,,0,60,,4666,,,0,20,,4667,,,0,20,,4668,,,0,60,,4669,,,0,20,,4670,,,0,20,,4671,,,0,60,,4672,,,0,20,,4673,,,0,80,,4674,,,0,20,,4675,,,0,20,,4676,,,0,60,,4677,,,0,20,,4678,,,0,20,,4679,,,0,60,,4680,,,0,20,,4681,,,0,20,,4682,,,0,60,,4683,,,0,20,,4684,,,0,20,,4685,,,0,60,,4686,,,0
