301,'S2-0_6',659,,55078,13,,,0,72,,55079,13,,,0,73,,55080,13,,,0,32,,55081,13,,,0,72,,55082,13,,,0,32,,55083,13,,,0,72,,55084,13,,,0,33,,55085,13,,,0,73,,55086,13,,,0,33,,55087,13,,,0,73,,55088,13,,,0,33,,55053,13,,,0,67,,55054,13,,,0,27,,55055,13,,,0,66,,55056,13,,,0,28,,55057,13,,,0,67,,55058,13,,,0,29,,55059,13,,,0,68,,55077,13,,,0,26,,55060,13,,,0,72,,55061,13,,,0,34,,55062,13,,,0,68,,55063,13,,,0,28,,55064,13,,,0,65,,55065,13,,,0,26,,55066,13,,,0,27,,55067,13,,,0,67,,55089,13,,,0,25,,55068,13,,,0,58,,55069,13,0,67 68,0,30,,55070,13,0,67 68,0,70,,55071,13,0,67 68,0,29,,55072,13,0,67 68,0,70,,55073,13,0,67 68,0,30,,55074,13,0,67 68,0,69,,55075,13,0,67 68,0,30,,55076,13,0,67 68,0
301,'S2-1_7',804,,55111,13,,,0,32,,55106,13,,,0,72,,55112,13,,,0,32,,55107,13,,,0,72,,55113,13,,,0,33,,55108,13,,,0,73,,55114,13,,,0,33,,55109,13,,,0,73,,55115,13,,,0,33,,55090,13,,,0,67,,55091,13,,,0,27,,55092,13,,,0,66,,55093,13,,,0,28,,55094,13,,,0,67,,55095,13,,,0,29,,55096,13,,,0,68,,55116,13,,,0,26,,55097,13,,,0,72,,55098,13,,,0,34,,55099,13,,,0,68,,55100,13,,,0,28,,55101,13,,,0,65,,55102,13,,,0,26,,55103,13,,,0,27,,55104,13,,,0,67,,55110,13,,,0,25,,55105,13,,,0
301,'S2-2_1',659,,55134,13,,,0,72,,55135,13,,,0,73,,55136,13,,,0,32,,55137,13,,,0,72,,55138,13,,,0,32,,55139,13,,,0,72,,55140,13,,,0,33,,55141,13,,,0,73,,55142,13,,,0,33,,55143,13,,,0,73,,55144,13,,,0,33,,55117,13,,,0,67,,55118,13,,,0,27,,55119,13,,,0,66,,55120,13,,,0,28,,55121,13,,,0,67,,55122,13,,,0,29,,55123,13,,,0,68,,55133,13,,,0,26,,55124,13,,,0,72,,55125,13,,,0,34,,55126,13,,,0,68,,55127,13,,,0,28,,55128,13,,,0,65,,55129,13,,,0,26,,55130,13,,,0,27,,55131,13,,,0,67,,55145,13,,,0,25,,55132,13,,,0
301,'S2-2_2',659,,55163,13,,,0,72,,55164,13,,,0,73,,55165,13,,,0,32,,55166,13,,,0,72,,55167,13,,,0,32,,55168,13,,,0,72,,55169,13,,,0,33,,55170,13,,,0,73,,55171,13,,,0,33,,55172,13,,,0,73,,55173,13,,,0,33,,55146,13,,,0,67,,55147,13,,,0,27,,55148,13,,,0,66,,55149,13,,,0,28,,55150,13,,,0,67,,55151,13,,,0,29,,55152,13,,,0,68,,55162,13,,,0,26,,55153,13,,,0,72,,55154,13,,,0,34,,55155,13,,,0,68,,55156,13,,,0,28,,55157,13,,,0,65,,55158,13,,,0,26,,55159,13,,,0,27,,55160,13,,,0,67,,55174,13,,,0,25,,55161,13,,,0
301,'S2-2_3',659,,55192,13,,,0,72,,55193,13,,,0,73,,55194,13,,,0,32,,55195,13,,,0,72,,55196,13,,,0,32,,55197,13,,,0,72,,55198,13,,,0,33,,55199,13,,,0,73,,55200,13,,,0,33,,55201,13,,,0,73,,55202,13,,,0,33,,55175,13,,,0,67,,55176,13,,,0,27,,55177,13,,,0,66,,55178,13,,,0,28,,55179,13,,,0,67,,55180,13,,,0,29,,55181,13,,,0,68,,55191,13,,,0,26,,55182,13,,,0,72,,55183,13,,,0,34,,55184,13,,,0,68,,55185,13,,,0,28,,55186,13,,,0,65,,55187,13,,,0,26,,55188,13,,,0,27,,55189,13,,,0,67,,55203,13,,,0,25,,55190,13,,,0
301,'S2-2_4',659,,55221,13,,,0,72,,55222,13,,,0,73,,55223,13,,,0,32,,55224,13,,,0,72,,55225,13,,,0,32,,55226,13,,,0,72,,55227,13,,,0,33,,55228,13,,,0,73,,55229,13,,,0,33,,55230,13,,,0,73,,55231,13,,,0,33,,55204,13,,,0,67,,55205,13,,,0,27,,55206,13,,,0,66,,55207,13,,,0,28,,55208,13,,,0,67,,55209,13,,,0,29,,55210,13,,,0,68,,55220,13,,,0,26,,55211,13,,,0,72,,55212,13,,,0,34,,55213,13,,,0,68,,55214,13,,,0,28,,55215,13,,,0,65,,55216,13,,,0,26,,55217,13,,,0,27,,55218,13,,,0,67,,55232,13,,,0,25,,55219,13,,,0
301,'S2-2_5',659,,55258,13,,,0,72,,55259,13,,,0,73,,55260,13,,,0,32,,55261,13,,,0,72,,55262,13,,,0,32,,55263,13,,,0,72,,55264,13,,,0,33,,55265,13,,,0,73,,55266,13,,,0,33,,55267,13,,,0,73,,55268,13,,,0,33,,55233,13,,,0,67,,55234,13,,,0,27,,55235,13,,,0,66,,55236,13,,,0,28,,55237,13,,,0,67,,55238,13,,,0,29,,55239,13,,,0,68,,55257,13,,,0,26,,55240,13,,,0,72,,55241,13,,,0,34,,55242,13,,,0,68,,55243,13,,,0,28,,55244,13,,,0,65,,55245,13,,,0,26,,55246,13,,,0,27,,55247,13,,,0,67,,55269,13,,,0,25,,55248,13,,,0,58,,55249,13,0,67 68,0,30,,55250,13,0,67 68,0,70,,55251,13,0,67 68,0,29,,55252,13,0,67 68,0,70,,55253,13,0,67 68,0,30,,55254,13,0,67 68,0,69,,55255,13,0,67 68,0,30,,55256,13,0,67 68,0
301,'S2-3_1',659,,55287,13,,,0,72,,55288,13,,,0,73,,55289,13,,,0,32,,55290,13,,,0,72,,55291,13,,,0,32,,55292,13,,,0,72,,55293,13,,,0,33,,55294,13,,,0,73,,55295,13,,,0,33,,55296,13,,,0,73,,55297,13,,,0,33,,55270,13,,,0,67,,55271,13,,,0,27,,55272,13,,,0,66,,55273,13,,,0,28,,55274,13,,,0,67,,55275,13,,,0,29,,55276,13,,,0,68,,55286,13,,,0,26,,55277,13,,,0,72,,55278,13,,,0,34,,55279,13,,,0,68,,55280,13,,,0,28,,55281,13,,,0,65,,55282,13,,,0,26,,55283,13,,,0,27,,55284,13,,,0,67,,55298,13,,,0,25,,55285,13,,,0
301,'S2-3_3',659,,55316,13,,,0,72,,55317,13,,,0,73,,55318,13,,,0,32,,55319,13,,,0,72,,55320,13,,,0,32,,55321,13,,,0,72,,55322,13,,,0,33,,55323,13,,,0,73,,55324,13,,,0,33,,55325,13,,,0,73,,55326,13,,,0,33,,55299,13,,,0,67,,55300,13,,,0,27,,55301,13,,,0,66,,55302,13,,,0,28,,55303,13,,,0,67,,55304,13,,,0,29,,55305,13,,,0,68,,55315,13,,,0,26,,55306,13,,,0,72,,55307,13,,,0,34,,55308,13,,,0,68,,55309,13,,,0,28,,55310,13,,,0,65,,55311,13,,,0,26,,55312,13,,,0,27,,55313,13,,,0,67,,55327,13,,,0,25,,55314,13,,,0
301,'S2-3_4',659,,55345,13,,,0,72,,55346,13,,,0,73,,55347,13,,,0,32,,55348,13,,,0,72,,55349,13,,,0,32,,55350,13,,,0,72,,55351,13,,,0,33,,55352,13,,,0,73,,55353,13,,,0,33,,55354,13,,,0,73,,55355,13,,,0,33,,55328,13,,,0,67,,55329,13,,,0,27,,55330,13,,,0,66,,55331,13,,,0,28,,55332,13,,,0,67,,55333,13,,,0,29,,55334,13,,,0,68,,55344,13,,,0,26,,55335,13,,,0,72,,55336,13,,,0,34,,55337,13,,,0,68,,55338,13,,,0,28,,55339,13,,,0,65,,55340,13,,,0,26,,55341,13,,,0,27,,55342,13,,,0,67,,55356,13,,,0,25,,55343,13,,,0
301,'S2-4_7',659,,55374,13,,,0,72,,55375,13,,,0,73,,55376,13,,,0,32,,55377,13,,,0,72,,55378,13,,,0,32,,55379,13,,,0,72,,55380,13,,,0,33,,55381,13,,,0,73,,55382,13,,,0,33,,55383,13,,,0,73,,55384,13,,,0,33,,55357,13,,,0,67,,55358,13,,,0,27,,55359,13,,,0,66,,55360,13,,,0,28,,55361,13,,,0,67,,55362,13,,,0,29,,55363,13,,,0,68,,55373,13,,,0,26,,55364,13,,,0,72,,55365,13,,,0,34,,55366,13,,,0,68,,55367,13,,,0,28,,55368,13,,,0,65,,55369,13,,,0,26,,55370,13,,,0,27,,55371,13,,,0,67,,55385,13,,,0,25,,55372,13,,,0
