900600,'0_6',843,,68268,15,,,0,170,,68270,15,,,0,125,,68271,15,,,0,175,,68272,15,,,0,120,,68273,15,,,0,175,,68274,15,,,0,130,,68275,15,,,0,170,,68269,15,,,0
900600,'2_1',843,,68276,15,,,0,170,,68278,15,,,0,125,,68279,15,,,0,175,,68280,15,,,0,120,,68281,15,,,0,175,,68282,15,,,0,130,,68283,15,,,0,170,,68277,15,,,0
900600,'2_2',843,,68284,15,,,0,170,,68286,15,,,0,125,,68287,15,,,0,175,,68288,15,,,0,120,,68289,15,,,0,175,,68290,15,,,0,130,,68291,15,,,0,170,,68285,15,,,0
900600,'2_3',843,,68292,15,,,0,170,,68294,15,,,0,125,,68295,15,,,0,175,,68296,15,,,0,120,,68297,15,,,0,175,,68298,15,,,0,130,,68299,15,,,0,170,,68293,15,,,0
900600,'2_4',843,,68300,15,,,0,170,,68302,15,,,0,125,,68303,15,,,0,175,,68304,15,,,0,120,,68305,15,,,0,175,,68306,15,,,0,130,,68307,15,,,0,170,,68301,15,,,0
900600,'2_5',843,,68308,15,,,0,170,,68310,15,,,0,125,,68311,15,,,0,175,,68312,15,,,0,120,,68313,15,,,0,175,,68314,15,,,0,130,,68315,15,,,0,170,,68309,15,,,0
900600,'3_1',843,,68316,15,,,0,170,,68318,15,,,0,125,,68319,15,,,0,175,,68320,15,,,0,120,,68321,15,,,0,175,,68322,15,,,0,130,,68323,15,,,0,170,,68317,15,,,0
900600,'3_3',843,,68324,15,,,0,170,,68326,15,,,0,125,,68327,15,,,0,175,,68328,15,,,0,120,,68329,15,,,0,175,,68330,15,,,0,130,,68331,15,,,0,170,,68325,15,,,0
900600,'3_4',843,,68332,15,,,0,170,,68334,15,,,0,125,,68335,15,,,0,175,,68336,15,,,0,120,,68337,15,,,0,175,,68338,15,,,0,130,,68339,15,,,0,170,,68333,15,,,0
900600,'3_5',843,,68340,15,,,0,170,,68342,15,,,0,125,,68343,15,,,0,175,,68344,15,,,0,120,,68345,15,,,0,175,,68346,15,,,0,130,,68347,15,,,0,170,,68341,15,,,0
