200,'0_6',800,,63326,33,0,35 37,0,105,,63327,33,0,35 37,0,106,,63328,24,0,35 37,0,106,,63329,33,0,35 37,0,109,,63330,33,0,35 37,0,100,,63331,24,0,35 37,0,102,,63332,33,0,35 37,0,102,,63333,33,0,35 37,0,112,,63334,33,0,35 37,0,102,,63335,33,0,35 37,0,94,,63349,33,0,35 37,0,89,,63336,36,0,35 37,0
200,'2_1',800,,63369,33,0,35 37,0,105,,63370,33,0,35 37,0,106,,63371,24,0,35 37,0,106,,63372,33,0,35 37,0,109,,63373,33,0,35 37,0,100,,63374,24,0,35 37,0,102,,63375,33,0,35 37,0,102,,63376,33,0,35 37,0,112,,63377,33,0,35 37,0,102,,63378,33,0,35 37,0,94,,63392,33,0,35 37,0,89,,63379,36,0,35 37,0
200,'2_2',800,,63404,33,0,35 37,0,105,,63405,33,0,35 37,0,106,,63406,24,0,35 37,0,106,,63407,33,0,35 37,0,109,,63408,33,0,35 37,0,100,,63409,24,0,35 37,0,102,,63410,33,0,35 37,0,102,,63411,33,0,35 37,0,112,,63412,33,0,35 37,0,102,,63413,33,0,35 37,0,94,,63427,33,0,35 37,0,89,,63414,36,0,35 37,0
200,'2_3',800,,63439,33,0,35 37,0,105,,63440,33,0,35 37,0,106,,63441,24,0,35 37,0,106,,63442,33,0,35 37,0,109,,63443,33,0,35 37,0,100,,63444,24,0,35 37,0,102,,63445,33,0,35 37,0,102,,63446,33,0,35 37,0,112,,63447,33,0,35 37,0,102,,63448,33,0,35 37,0,94,,63462,33,0,35 37,0,89,,63449,36,0,35 37,0
200,'2_4',800,,63474,33,0,35 37,0,105,,63475,33,0,35 37,0,106,,63476,24,0,35 37,0,106,,63477,33,0,35 37,0,109,,63478,33,0,35 37,0,100,,63479,24,0,35 37,0,102,,63480,33,0,35 37,0,102,,63481,33,0,35 37,0,112,,63482,33,0,35 37,0,102,,63483,33,0,35 37,0,94,,63497,33,0,35 37,0,89,,63484,36,0,35 37,0
200,'2_5',800,,63509,33,0,35 37,0,105,,63510,33,0,35 37,0,106,,63511,24,0,35 37,0,106,,63512,33,0,35 37,0,109,,63513,33,0,35 37,0,100,,63514,24,0,35 37,0,102,,63515,33,0,35 37,0,102,,63516,33,0,35 37,0,112,,63517,33,0,35 37,0,102,,63518,33,0,35 37,0,94,,63532,33,0,35 37,0,89,,63519,36,0,35 37,0
200,'3_1',800,,63544,33,0,35 37,0,105,,63545,33,0,35 37,0,106,,63546,24,0,35 37,0,106,,63547,33,0,35 37,0,109,,63548,33,0,35 37,0,100,,63549,24,0,35 37,0,102,,63550,33,0,35 37,0,102,,63551,33,0,35 37,0,112,,63552,33,0,35 37,0,102,,63553,33,0,35 37,0,94,,63567,33,0,35 37,0,89,,63554,36,0,35 37,0
200,'3_3',800,,63579,33,0,35 37,0,105,,63580,33,0,35 37,0,106,,63581,24,0,35 37,0,106,,63582,33,0,35 37,0,109,,63583,33,0,35 37,0,100,,63584,24,0,35 37,0,102,,63585,33,0,35 37,0,102,,63586,33,0,35 37,0,112,,63587,33,0,35 37,0,102,,63588,33,0,35 37,0,94,,63602,33,0,35 37,0,89,,63589,36,0,35 37,0
200,'3_4',800,,63614,33,0,35 37,0,105,,63615,33,0,35 37,0,106,,63616,24,0,35 37,0,106,,63617,33,0,35 37,0,109,,63618,33,0,35 37,0,100,,63619,24,0,35 37,0,102,,63620,33,0,35 37,0,102,,63621,33,0,35 37,0,112,,63622,33,0,35 37,0,102,,63623,33,0,35 37,0,94,,63637,33,0,35 37,0,89,,63624,36,0,35 37,0
200,'3_5',800,,63649,33,0,35 37,0,105,,63650,33,0,35 37,0,106,,63651,24,0,35 37,0,106,,63652,33,0,35 37,0,109,,63653,33,0,35 37,0,100,,63654,24,0,35 37,0,102,,63655,33,0,35 37,0,102,,63656,33,0,35 37,0,112,,63657,33,0,35 37,0,102,,63658,33,0,35 37,0,94,,63672,33,0,35 37,0,89,,63659,36,0,35 37,0
