1600,'0_5',801,,32690,3,0,25,0,457,,32698,10,,,0,463,,32701,12,,,0
1600,'2_6',801,,32714,3,0,25,0,457,,32722,10,,,0,463,,32725,12,,,0
1600,'5_1',801,,37765,3,0,25,0,457,,37773,10,,,0,463,,37776,12,,,0
1600,'5_2',801,,40557,3,0,25,0,457,,40565,10,,,0,463,,40568,12,,,0
1600,'5_3',801,,40569,3,0,25,0,457,,40577,10,,,0,463,,40580,12,,,0
1600,'5_4',801,,40581,3,0,25,0,457,,40589,10,,,0,463,,40592,12,,,0
1600,'5_5',801,,40593,3,0,25,0,457,,40601,10,,,0,463,,40604,12,,,0
1600,'6_1',801,,40605,3,0,25,0,457,,40613,10,,,0,463,,40616,12,,,0
1601,'0_5',1225,,32763,17,,,0
1601,'2_6',1225,,32783,17,,,0
1601,'5_1',1225,,37784,17,,,0
1601,'5_2',1225,,40624,17,,,0
1601,'5_3',1225,,40634,17,,,0
1601,'5_4',1225,,40644,17,,,0
1601,'5_5',1225,,40654,17,,,0
1601,'6_1',1225,,40664,17,,,0
2100,'0_5',1242,,33059,3,0,11 12,0
2100,'5_1',1643,,37787,3,,,0
2100,'5_2',1643,,40667,3,,,0
2100,'5_3',1643,,40668,3,,,0
2100,'5_4',1643,,40669,3,,,0
2100,'5_5',1242,,40670,3,0,11 12,0
2100,'6_1',1643,,40672,3,,,0
