2901000,'0_6',804,,71037,7,,,0,101,,71039,7,,,0,200,,71038,7,,,0,135,,71044,7,,,0,70,,71041,7,,,0,95,,71040,7,,,0,95,,71042,7,,,0,58,,71043,7,,,0,157,,71046,7,,,0,99,,71045,7,,,0
2901000,'2_1',846,,71047,7,,,0,298,,71048,7,,,0,208,,71049,7,,,0,93,,71050,7,,,0,192,,71051,7,,,0,199,,71052,7,,,0,183,,71053,7,,,0
2901000,'2_2',846,,71054,7,,,0,298,,71055,7,,,0,208,,71056,7,,,0,93,,71057,7,,,0,192,,71058,7,,,0,199,,71059,7,,,0,183,,71060,7,,,0
2901000,'2_3',846,,71061,7,,,0,298,,71062,7,,,0,208,,71063,7,,,0,93,,71064,7,,,0,192,,71065,7,,,0,199,,71066,7,,,0,183,,71067,7,,,0
2901000,'2_4',846,,71068,7,,,0,298,,71069,7,,,0,208,,71070,7,,,0,93,,71071,7,,,0,192,,71072,7,,,0,199,,71073,7,,,0,183,,71074,7,,,0
2901000,'2_5',846,,71075,7,,,0,298,,71076,7,,,0,208,,71077,7,,,0,93,,71078,7,,,0,192,,71079,7,,,0,199,,71080,7,,,0,183,,71081,7,,,0
2901000,'3_1',846,,71082,7,,,0,298,,71083,7,,,0,208,,71084,7,,,0,93,,71085,7,,,0,192,,71086,7,,,0,199,,71087,7,,,0,183,,71088,7,,,0
2901000,'3_3',846,,71089,7,,,0,298,,71090,7,,,0,208,,71091,7,,,0,93,,71092,7,,,0,192,,71093,7,,,0,199,,71094,7,,,0,183,,71095,7,,,0
2901000,'3_4',846,,71096,7,,,0,298,,71097,7,,,0,208,,71098,7,,,0,93,,71099,7,,,0,192,,71100,7,,,0,199,,71101,7,,,0,183,,71102,7,,,0
2901000,'3_5',846,,71103,7,,,0,298,,71104,7,,,0,208,,71105,7,,,0,93,,71106,7,,,0,192,,71107,7,,,0,199,,71108,7,,,0,183,,71109,7,,,0
2901000,'4_7',846,,71110,7,,,0,298,,71111,7,,,0,208,,71112,7,,,0,93,,71113,7,,,0,192,,71114,7,,,0,199,,71115,7,,,0,183,,71116,7,,,0
