301,'0_6',703,,64459,19,,,0,32,,64460,19,,,0,73,,64461,19,,,0,32,,64462,19,,,0,72,,64463,19,,,0,33,,64464,19,,,0,72,,64465,19,,,0,33,,64466,19,,,0,73,,64467,19,,,0,32,,64468,19,,,0,73,,64469,19,,,0,73,,64434,19,,,0,27,,64435,19,,,0,28,,64436,19,,,0,66,,64437,19,,,0,28,,64438,19,,,0,67,,64439,19,,,0,29,,64440,19,,,0,68,,64458,19,,,0,26,,64441,19,,,0,72,,64442,19,,,0,34,,64443,19,,,0,68,,64444,19,,,0,28,,64445,19,,,0,65,,64446,19,,,0,25,,64447,19,,,0,27,,64448,19,,,0,67,,64470,19,,,0,25,,64449,19,,,0,58,,64450,19,0,67 68,0,30,,64451,19,0,67 68,0,70,,64452,19,0,67 68,0,29,,64453,19,0,67 68,0,70,,64454,19,0,67 68,0,30,,64455,19,0,67 68,0,68,,64456,19,0,67 68,0,30,,64457,19,0,67 68,0
301,'1_7',808,,64492,19,,,0,32,,64487,19,,,0,72,,64493,19,,,0,33,,64488,19,,,0,72,,64494,19,,,0,33,,64489,19,,,0,73,,64495,19,,,0,32,,64490,19,,,0,73,,64496,19,,,0,73,,64471,19,,,0,27,,64472,19,,,0,28,,64473,19,,,0,66,,64474,19,,,0,28,,64475,19,,,0,67,,64476,19,,,0,29,,64477,19,,,0,68,,64497,19,,,0,26,,64478,19,,,0,72,,64479,19,,,0,34,,64480,19,,,0,68,,64481,19,,,0,28,,64482,19,,,0,65,,64483,19,,,0,25,,64484,19,,,0,27,,64485,19,,,0,67,,64491,19,,,0,25,,64486,19,,,0
301,'2_1',703,,64515,19,,,0,32,,64516,19,,,0,73,,64517,19,,,0,32,,64518,19,,,0,72,,64519,19,,,0,33,,64520,19,,,0,72,,64521,19,,,0,33,,64522,19,,,0,73,,64523,19,,,0,32,,64524,19,,,0,73,,64525,19,,,0,73,,64498,19,,,0,27,,64499,19,,,0,28,,64500,19,,,0,66,,64501,19,,,0,28,,64502,19,,,0,67,,64503,19,,,0,29,,64504,19,,,0,68,,64514,19,,,0,26,,64505,19,,,0,72,,64506,19,,,0,34,,64507,19,,,0,68,,64508,19,,,0,28,,64509,19,,,0,65,,64510,19,,,0,25,,64511,19,,,0,27,,64512,19,,,0,67,,64526,19,,,0,25,,64513,19,,,0
301,'2_2',703,,64544,19,,,0,32,,64545,19,,,0,73,,64546,19,,,0,32,,64547,19,,,0,72,,64548,19,,,0,33,,64549,19,,,0,72,,64550,19,,,0,33,,64551,19,,,0,73,,64552,19,,,0,32,,64553,19,,,0,73,,64554,19,,,0,73,,64527,19,,,0,27,,64528,19,,,0,28,,64529,19,,,0,66,,64530,19,,,0,28,,64531,19,,,0,67,,64532,19,,,0,29,,64533,19,,,0,68,,64543,19,,,0,26,,64534,19,,,0,72,,64535,19,,,0,34,,64536,19,,,0,68,,64537,19,,,0,28,,64538,19,,,0,65,,64539,19,,,0,25,,64540,19,,,0,27,,64541,19,,,0,67,,64555,19,,,0,25,,64542,19,,,0
301,'2_3',703,,64573,19,,,0,32,,64574,19,,,0,73,,64575,19,,,0,32,,64576,19,,,0,72,,64577,19,,,0,33,,64578,19,,,0,72,,64579,19,,,0,33,,64580,19,,,0,73,,64581,19,,,0,32,,64582,19,,,0,73,,64583,19,,,0,73,,64556,19,,,0,27,,64557,19,,,0,28,,64558,19,,,0,66,,64559,19,,,0,28,,64560,19,,,0,67,,64561,19,,,0,29,,64562,19,,,0,68,,64572,19,,,0,26,,64563,19,,,0,72,,64564,19,,,0,34,,64565,19,,,0,68,,64566,19,,,0,28,,64567,19,,,0,65,,64568,19,,,0,25,,64569,19,,,0,27,,64570,19,,,0,67,,64584,19,,,0,25,,64571,19,,,0
301,'2_4',703,,64602,19,,,0,32,,64603,19,,,0,73,,64604,19,,,0,32,,64605,19,,,0,72,,64606,19,,,0,33,,64607,19,,,0,72,,64608,19,,,0,33,,64609,19,,,0,73,,64610,19,,,0,32,,64611,19,,,0,73,,64612,19,,,0,73,,64585,19,,,0,27,,64586,19,,,0,28,,64587,19,,,0,66,,64588,19,,,0,28,,64589,19,,,0,67,,64590,19,,,0,29,,64591,19,,,0,68,,64601,19,,,0,26,,64592,19,,,0,72,,64593,19,,,0,34,,64594,19,,,0,68,,64595,19,,,0,28,,64596,19,,,0,65,,64597,19,,,0,25,,64598,19,,,0,27,,64599,19,,,0,67,,64613,19,,,0,25,,64600,19,,,0
301,'2_5',703,,64639,19,,,0,32,,64640,19,,,0,73,,64641,19,,,0,32,,64642,19,,,0,72,,64643,19,,,0,33,,64644,19,,,0,72,,64645,19,,,0,33,,64646,19,,,0,73,,64647,19,,,0,32,,64648,19,,,0,73,,64649,19,,,0,73,,64614,19,,,0,27,,64615,19,,,0,28,,64616,19,,,0,66,,64617,19,,,0,28,,64618,19,,,0,67,,64619,19,,,0,29,,64620,19,,,0,68,,64638,19,,,0,26,,64621,19,,,0,72,,64622,19,,,0,34,,64623,19,,,0,68,,64624,19,,,0,28,,64625,19,,,0,65,,64626,19,,,0,25,,64627,19,,,0,27,,64628,19,,,0,67,,64650,19,,,0,25,,64629,19,,,0,58,,64630,19,0,67 68,0,30,,64631,19,0,67 68,0,70,,64632,19,0,67 68,0,29,,64633,19,0,67 68,0,70,,64634,19,0,67 68,0,30,,64635,19,0,67 68,0,68,,64636,19,0,67 68,0,30,,64637,19,0,67 68,0
301,'3_1',703,,64668,19,,,0,32,,64669,19,,,0,73,,64670,19,,,0,32,,64671,19,,,0,72,,64672,19,,,0,33,,64673,19,,,0,72,,64674,19,,,0,33,,64675,19,,,0,73,,64676,19,,,0,32,,64677,19,,,0,73,,64678,19,,,0,73,,64651,19,,,0,27,,64652,19,,,0,28,,64653,19,,,0,66,,64654,19,,,0,28,,64655,19,,,0,67,,64656,19,,,0,29,,64657,19,,,0,68,,64667,19,,,0,26,,64658,19,,,0,72,,64659,19,,,0,34,,64660,19,,,0,68,,64661,19,,,0,28,,64662,19,,,0,65,,64663,19,,,0,25,,64664,19,,,0,27,,64665,19,,,0,67,,64679,19,,,0,25,,64666,19,,,0
301,'3_3',703,,64697,19,,,0,32,,64698,19,,,0,73,,64699,19,,,0,32,,64700,19,,,0,72,,64701,19,,,0,33,,64702,19,,,0,72,,64703,19,,,0,33,,64704,19,,,0,73,,64705,19,,,0,32,,64706,19,,,0,73,,64707,19,,,0,73,,64680,19,,,0,27,,64681,19,,,0,28,,64682,19,,,0,66,,64683,19,,,0,28,,64684,19,,,0,67,,64685,19,,,0,29,,64686,19,,,0,68,,64696,19,,,0,26,,64687,19,,,0,72,,64688,19,,,0,34,,64689,19,,,0,68,,64690,19,,,0,28,,64691,19,,,0,65,,64692,19,,,0,25,,64693,19,,,0,27,,64694,19,,,0,67,,64708,19,,,0,25,,64695,19,,,0
301,'3_4',703,,64726,19,,,0,32,,64727,19,,,0,73,,64728,19,,,0,32,,64729,19,,,0,72,,64730,19,,,0,33,,64731,19,,,0,72,,64732,19,,,0,33,,64733,19,,,0,73,,64734,19,,,0,32,,64735,19,,,0,73,,64736,19,,,0,73,,64709,19,,,0,27,,64710,19,,,0,28,,64711,19,,,0,66,,64712,19,,,0,28,,64713,19,,,0,67,,64714,19,,,0,29,,64715,19,,,0,68,,64725,19,,,0,26,,64716,19,,,0,72,,64717,19,,,0,34,,64718,19,,,0,68,,64719,19,,,0,28,,64720,19,,,0,65,,64721,19,,,0,25,,64722,19,,,0,27,,64723,19,,,0,67,,64737,19,,,0,25,,64724,19,,,0
301,'3_5',703,,64763,19,,,0,32,,64764,19,,,0,73,,64765,19,,,0,32,,64766,19,,,0,72,,64767,19,,,0,33,,64768,19,,,0,72,,64769,19,,,0,33,,64770,19,,,0,73,,64771,19,,,0,32,,64772,19,,,0,73,,64773,19,,,0,73,,64738,19,,,0,27,,64739,19,,,0,28,,64740,19,,,0,66,,64741,19,,,0,28,,64742,19,,,0,67,,64743,19,,,0,29,,64744,19,,,0,68,,64762,19,,,0,26,,64745,19,,,0,72,,64746,19,,,0,34,,64747,19,,,0,68,,64748,19,,,0,28,,64749,19,,,0,65,,64750,19,,,0,25,,64751,19,,,0,27,,64752,19,,,0,67,,64774,19,,,0,25,,64753,19,,,0,58,,64754,19,0,67 68,0,30,,64755,19,0,67 68,0,70,,64756,19,0,67 68,0,29,,64757,19,0,67 68,0,70,,64758,19,0,67 68,0,30,,64759,19,0,67 68,0,68,,64760,19,0,67 68,0,30,,64761,19,0,67 68,0
301,'4_7',703,,64792,19,,,0,32,,64793,19,,,0,73,,64794,19,,,0,32,,64795,19,,,0,72,,64796,19,,,0,33,,64797,19,,,0,72,,64798,19,,,0,33,,64799,19,,,0,73,,64800,19,,,0,32,,64801,19,,,0,73,,64802,19,,,0,73,,64775,19,,,0,27,,64776,19,,,0,28,,64777,19,,,0,66,,64778,19,,,0,28,,64779,19,,,0,67,,64780,19,,,0,29,,64781,19,,,0,68,,64791,19,,,0,26,,64782,19,,,0,72,,64783,19,,,0,34,,64784,19,,,0,68,,64785,19,,,0,28,,64786,19,,,0,65,,64787,19,,,0,25,,64788,19,,,0,27,,64789,19,,,0,67,,64803,19,,,0,25,,64790,19,,,0
