601,'S2-0_6',622,,56331,18,,,0,103,,56332,18,,,0,75,,56333,18,,,0,100,,56334,18,,,0,51,,56335,18,,,0,101,,56336,18,,,0,84,,56337,18,,,0,97,,56338,18,,,0,78,,56346,18,,,0,95,,56347,18,0,69,0,44,,56339,18,,,0,87,,56340,18,,,0,94,,56341,18,,,0,90,,56342,18,,,0,91,,56343,18,,,0,89,,56344,18,,,0,46,,56345,18,,,0
601,'S2-1_7',826,,56348,18,0,69,0,105,,56349,18,0,69,0,115,,56350,18,0,69,0,158,,56351,18,0,69,0,197,,56352,18,0,69,0,122,,56353,18,0,69,0,111,,56354,18,0,69,0,106,,56355,18,0,69,0,108,,56356,18,0,69,0
601,'S2-2_1',622,,56357,18,,,0,103,,56358,18,,,0,75,,56359,18,,,0,100,,56360,18,,,0,51,,56361,18,,,0,101,,56362,18,,,0,84,,56363,18,,,0,97,,56364,18,,,0,78,,56372,18,,,0,95,,56373,18,0,69,0,44,,56365,18,,,0,87,,56366,18,,,0,94,,56367,18,,,0,90,,56368,18,,,0,91,,56369,18,,,0,89,,56370,18,,,0,46,,56371,18,,,0
601,'S2-2_2',622,,56374,18,,,0,103,,56375,18,,,0,75,,56376,18,,,0,100,,56377,18,,,0,51,,56378,18,,,0,101,,56379,18,,,0,84,,56380,18,,,0,97,,56381,18,,,0,78,,56389,18,,,0,95,,56390,18,0,69,0,44,,56382,18,,,0,87,,56383,18,,,0,94,,56384,18,,,0,90,,56385,18,,,0,91,,56386,18,,,0,89,,56387,18,,,0,46,,56388,18,,,0
601,'S2-2_3',622,,56391,18,,,0,103,,56392,18,,,0,75,,56393,18,,,0,100,,56394,18,,,0,51,,56395,18,,,0,101,,56396,18,,,0,84,,56397,18,,,0,97,,56398,18,,,0,78,,56406,18,,,0,95,,56407,18,0,69,0,44,,56399,18,,,0,87,,56400,18,,,0,94,,56401,18,,,0,90,,56402,18,,,0,91,,56403,18,,,0,89,,56404,18,,,0,46,,56405,18,,,0
601,'S2-2_4',622,,56408,18,,,0,103,,56409,18,,,0,75,,56410,18,,,0,100,,56411,18,,,0,51,,56412,18,,,0,101,,56413,18,,,0,84,,56414,18,,,0,97,,56415,18,,,0,78,,56423,18,,,0,95,,56424,18,0,69,0,44,,56416,18,,,0,87,,56417,18,,,0,94,,56418,18,,,0,90,,56419,18,,,0,91,,56420,18,,,0,89,,56421,18,,,0,46,,56422,18,,,0
601,'S2-2_5',622,,56425,18,,,0,103,,56426,18,,,0,75,,56427,18,,,0,100,,56428,18,,,0,51,,56429,18,,,0,101,,56430,18,,,0,84,,56431,18,,,0,97,,56432,18,,,0,78,,56440,18,,,0,95,,56441,18,0,69,0,44,,56433,18,,,0,87,,56434,18,,,0,94,,56435,18,,,0,90,,56436,18,,,0,91,,56437,18,,,0,89,,56438,18,,,0,46,,56439,18,,,0
601,'S2-3_1',622,,56442,18,,,0,103,,56443,18,,,0,75,,56444,18,,,0,100,,56445,18,,,0,51,,56446,18,,,0,101,,56447,18,,,0,84,,56448,18,,,0,97,,56449,18,,,0,78,,56457,18,,,0,95,,56458,18,0,69,0,44,,56450,18,,,0,87,,56451,18,,,0,94,,56452,18,,,0,90,,56453,18,,,0,91,,56454,18,,,0,89,,56455,18,,,0,46,,56456,18,,,0
601,'S2-3_3',622,,56459,18,,,0,103,,56460,18,,,0,75,,56461,18,,,0,100,,56462,18,,,0,51,,56463,18,,,0,101,,56464,18,,,0,84,,56465,18,,,0,97,,56466,18,,,0,78,,56474,18,,,0,95,,56475,18,0,69,0,44,,56467,18,,,0,87,,56468,18,,,0,94,,56469,18,,,0,90,,56470,18,,,0,91,,56471,18,,,0,89,,56472,18,,,0,46,,56473,18,,,0
601,'S2-3_4',622,,56476,18,,,0,103,,56477,18,,,0,75,,56478,18,,,0,100,,56479,18,,,0,51,,56480,18,,,0,101,,56481,18,,,0,84,,56482,18,,,0,97,,56483,18,,,0,78,,56491,18,,,0,95,,56492,18,0,69,0,44,,56484,18,,,0,87,,56485,18,,,0,94,,56486,18,,,0,90,,56487,18,,,0,91,,56488,18,,,0,89,,56489,18,,,0,46,,56490,18,,,0
601,'S2-4_7',826,,56493,18,0,69,0,105,,56494,18,0,69,0,115,,56495,18,0,69,0,158,,56496,18,0,69,0,197,,56497,18,0,69,0,122,,56498,18,0,69,0,111,,56499,18,0,69,0,106,,56500,18,0,69,0,108,,56501,18,0,69,0
