1001,'1_6',820,,17330,18,,,0,108,,17331,21,,,0,101,,17338,19,,,0,102,,17332,21,,,0,100,,17339,19,,,0,85,,17340,19,,,0,119,,17335,18,,,0,83,,17341,19,,,0,135,,17336,15,,,0,158,,17337,15,,,0,102,,17333,21,,,0,107,,17334,21,,,0
1001,'5_1',823,,17342,18,,,0,106,,17344,21,,,0,86,,17345,21,,,0,39,,17349,19,,,0,86,,17346,21,,,0,90,,17350,19,,,0,82,,17351,19,,,0,31,,17352,19,,,0,95,,17343,18,,,0,78,,17353,16,,,0,137,,17354,15,,,0,151,,17355,6,,,0,50,,17347,6,,,0,168,,17348,21,,,0
1001,'5_2',823,,17356,18,,,0,106,,17358,21,,,0,86,,17359,21,,,0,39,,17363,19,,,0,86,,17360,21,,,0,90,,17364,19,,,0,82,,17365,19,,,0,31,,17366,19,,,0,95,,17357,18,,,0,78,,17367,16,,,0,137,,17368,15,,,0,151,,17369,6,,,0,50,,17361,6,,,0,168,,17362,21,,,0
1001,'5_4',823,,17370,18,,,0,106,,17372,21,,,0,86,,17373,21,,,0,39,,17377,19,,,0,86,,17374,21,,,0,90,,17378,19,,,0,82,,17379,19,,,0,31,,17380,19,,,0,95,,17371,18,,,0,78,,17381,16,,,0,137,,17382,15,,,0,151,,17383,6,,,0,50,,17375,6,,,0,168,,17376,21,,,0
1001,'5_5',823,,17384,18,,,0,106,,17386,21,,,0,86,,17387,21,,,0,39,,17391,19,,,0,86,,17388,21,,,0,90,,17392,19,,,0,82,,17393,19,,,0,31,,17394,19,,,0,95,,17385,18,,,0,78,,17395,16,,,0,137,,17396,15,,,0,151,,17397,6,,,0,50,,17389,6,,,0,168,,17390,21,,,0
1001,'6_3',823,,17398,18,,,0,106,,17400,21,,,0,86,,17401,21,,,0,39,,17405,19,,,0,86,,17402,21,,,0,90,,17406,19,,,0,82,,17407,19,,,0,31,,17408,19,,,0,95,,17399,18,,,0,78,,17409,16,,,0,137,,17410,15,,,0,151,,17411,6,,,0,50,,17403,6,,,0,168,,17404,21,,,0
1101,'1_6',1653,,17436,21,,,0,158,,17437,21,,,0
1101,'5_1',1653,,17438,21,,,0,158,,17439,21,,,0,94,,17440,21,,,0
1101,'5_2',1653,,17441,21,,,0,158,,17442,21,,,0,94,,17443,21,,,0
1101,'5_4',1653,,17444,21,,,0,158,,17445,21,,,0,94,,17446,21,,,0
1101,'5_5',1653,,17447,21,,,0,158,,17448,21,,,0,94,,17449,21,,,0
1101,'6_3',1653,,17450,21,,,0,158,,17451,21,,,0,94,,17452,21,,,0
