500,'0_6',706,,65341,29,,,0,33,,65342,29,,,0,100,,65343,29,,,0,101,,65344,29,,,0,98,,65345,29,,,0,100,,65346,29,,,0,99,,65347,29,,,0,98,,65348,29,,,0,80,,65349,29,,,0,39,,65350,29,,,0,99,,65351,29,,,0,102,,65352,29,,,0,100,,65353,29,,,0,74,,65354,29,,,0,26,,65355,29,,,0,97,,65356,29,,,0
500,'1_7',1222,,65357,29,,,0,191,,65358,29,,,0,191,,65359,29,,,0,144,,65360,29,,,0,191,,65361,29,,,0
500,'2_1',706,,65362,29,,,0,33,,65363,29,,,0,100,,65364,29,,,0,101,,65365,29,,,0,98,,65366,29,,,0,100,,65367,29,,,0,99,,65368,29,,,0,98,,65369,29,,,0,80,,65370,29,,,0,39,,65371,29,,,0,99,,65372,29,,,0,102,,65373,29,,,0,100,,65374,29,,,0,74,,65375,29,,,0,26,,65376,29,,,0,97,,65377,29,,,0
500,'2_2',706,,65378,29,,,0,33,,65379,29,,,0,100,,65380,29,,,0,101,,65381,29,,,0,98,,65382,29,,,0,100,,65383,29,,,0,99,,65384,29,,,0,98,,65385,29,,,0,80,,65386,29,,,0,39,,65387,29,,,0,99,,65388,29,,,0,102,,65389,29,,,0,100,,65390,29,,,0,74,,65391,29,,,0,26,,65392,29,,,0,97,,65393,29,,,0
500,'2_3',706,,65394,29,,,0,33,,65395,29,,,0,100,,65396,29,,,0,101,,65397,29,,,0,98,,65398,29,,,0,100,,65399,29,,,0,99,,65400,29,,,0,98,,65401,29,,,0,80,,65402,29,,,0,39,,65403,29,,,0,99,,65404,29,,,0,102,,65405,29,,,0,100,,65406,29,,,0,74,,65407,29,,,0,26,,65408,29,,,0,97,,65409,29,,,0
500,'2_4',706,,65410,29,,,0,33,,65411,29,,,0,100,,65412,29,,,0,101,,65413,29,,,0,98,,65414,29,,,0,100,,65415,29,,,0,99,,65416,29,,,0,98,,65417,29,,,0,80,,65418,29,,,0,39,,65419,29,,,0,99,,65420,29,,,0,102,,65421,29,,,0,100,,65422,29,,,0,74,,65423,29,,,0,26,,65424,29,,,0,97,,65425,29,,,0
500,'2_5',706,,65426,29,,,0,33,,65427,29,,,0,100,,65428,29,,,0,101,,65429,29,,,0,98,,65430,29,,,0,100,,65431,29,,,0,99,,65432,29,,,0,98,,65433,29,,,0,80,,65434,29,,,0,39,,65435,29,,,0,99,,65436,29,,,0,102,,65437,29,,,0,100,,65438,29,,,0,74,,65439,29,,,0,26,,65440,29,,,0,97,,65441,29,,,0
500,'3_1',706,,65442,29,,,0,33,,65443,29,,,0,100,,65444,29,,,0,101,,65445,29,,,0,98,,65446,29,,,0,100,,65447,29,,,0,99,,65448,29,,,0,98,,65449,29,,,0,80,,65450,29,,,0,39,,65451,29,,,0,99,,65452,29,,,0,102,,65453,29,,,0,100,,65454,29,,,0,74,,65455,29,,,0,26,,65456,29,,,0,97,,65457,29,,,0
500,'3_3',706,,65458,29,,,0,33,,65459,29,,,0,100,,65460,29,,,0,101,,65461,29,,,0,98,,65462,29,,,0,100,,65463,29,,,0,99,,65464,29,,,0,98,,65465,29,,,0,80,,65466,29,,,0,39,,65467,29,,,0,99,,65468,29,,,0,102,,65469,29,,,0,100,,65470,29,,,0,74,,65471,29,,,0,26,,65472,29,,,0,97,,65473,29,,,0
500,'3_4',706,,65474,29,,,0,33,,65475,29,,,0,100,,65476,29,,,0,101,,65477,29,,,0,98,,65478,29,,,0,100,,65479,29,,,0,99,,65480,29,,,0,98,,65481,29,,,0,80,,65482,29,,,0,39,,65483,29,,,0,99,,65484,29,,,0,102,,65485,29,,,0,100,,65486,29,,,0,74,,65487,29,,,0,26,,65488,29,,,0,97,,65489,29,,,0
500,'3_5',706,,65490,29,,,0,33,,65491,29,,,0,100,,65492,29,,,0,101,,65493,29,,,0,98,,65494,29,,,0,100,,65495,29,,,0,99,,65496,29,,,0,98,,65497,29,,,0,80,,65498,29,,,0,39,,65499,29,,,0,99,,65500,29,,,0,102,,65501,29,,,0,100,,65502,29,,,0,74,,65503,29,,,0,26,,65504,29,,,0,97,,65505,29,,,0
500,'4_7',1222,,65506,29,,,0,191,,65507,29,,,0,191,,65508,29,,,0,144,,65509,29,,,0,191,,65510,29,,,0
