201,'2_6',743,,30638,36,0,62,0,160,,30627,24,0,62,0,126,,30640,36,0,62,0,110,,30641,36,0,64,0,85,,30630,24,0,62,0,107,,30631,24,0,62,0,104,,30632,24,0,62,0,90,,30621,36,0,62,0,103,,30622,36,0,62,0,124,,30635,24,0,62,0,163,,30648,36,0,62,0,34,,30637,24,0,62,0
201,'5_1',738,,37458,36,0,62,0,88,,37454,24,0,62,0,87,,37456,36,0,62,0,203,,37446,36,0,62,0,118,,37442,36,0,62,0,19,,37449,15,0,62,0,156,,37438,36,0,62,0,147,,37436,36,0,62,0,85,,37433,15,0,62,0,70,,37434,15,0,62,0,35,,37424,24,0,62,0,65,,37423,36,0,62,0,29,,37429,24,0,62,0,70,,37425,36,0,62,0,44,,37422,36,0,62,0
201,'5_2',738,,38870,36,0,62,0,88,,38866,24,0,62,0,87,,38868,36,0,62,0,203,,38858,36,0,62,0,118,,38854,36,0,62,0,19,,38861,15,0,62,0,156,,38850,36,0,62,0,147,,38848,36,0,62,0,85,,38845,15,0,62,0,70,,38846,15,0,62,0,35,,38836,24,0,62,0,65,,38835,36,0,62,0,29,,38841,24,0,62,0,70,,38837,36,0,62,0,44,,38834,36,0,62,0
201,'5_3',738,,38909,36,0,62,0,88,,38905,24,0,62,0,87,,38907,36,0,62,0,203,,38897,36,0,62,0,118,,38893,36,0,62,0,19,,38900,15,0,62,0,156,,38889,36,0,62,0,147,,38887,36,0,62,0,85,,38884,15,0,62,0,70,,38885,15,0,62,0,35,,38875,24,0,62,0,65,,38874,36,0,62,0,29,,38880,24,0,62,0,70,,38876,36,0,62,0,44,,38873,36,0,62,0
201,'5_4',738,,38948,36,0,62,0,88,,38944,24,0,62,0,87,,38946,36,0,62,0,203,,38936,36,0,62,0,118,,38932,36,0,62,0,19,,38939,15,0,62,0,156,,38928,36,0,62,0,147,,38926,36,0,62,0,85,,38923,15,0,62,0,70,,38924,15,0,62,0,35,,38914,24,0,62,0,65,,38913,36,0,62,0,29,,38919,24,0,62,0,70,,38915,36,0,62,0,44,,38912,36,0,62,0
201,'5_5',738,,38987,36,0,62,0,88,,38983,24,0,62,0,87,,38985,36,0,62,0,203,,38975,36,0,62,0,118,,38971,36,0,62,0,19,,38978,15,0,62,0,156,,38967,36,0,62,0,147,,38965,36,0,62,0,85,,38962,15,0,62,0,70,,38963,15,0,62,0,35,,38953,24,0,62,0,65,,38952,36,0,62,0,29,,38958,24,0,62,0,70,,38954,36,0,62,0,44,,38951,36,0,62,0
201,'6_1',738,,39026,36,0,62,0,88,,39022,24,0,62,0,87,,39024,36,0,62,0,203,,39014,36,0,62,0,118,,39010,36,0,62,0,19,,39017,15,0,62,0,156,,39006,36,0,62,0,147,,39004,36,0,62,0,85,,39001,15,0,62,0,70,,39002,15,0,62,0,35,,38992,24,0,62,0,65,,38991,36,0,62,0,29,,38997,24,0,62,0,70,,38993,36,0,62,0,44,,38990,36,0,62,0
201,'6_2',738,,43843,36,0,62,0,88,,43839,24,0,62,0,87,,43841,36,0,62,0,203,,43831,36,0,62,0,118,,43827,36,0,62,0,19,,43834,15,0,62,0,156,,43823,36,0,62,0,147,,43821,36,0,62,0,85,,43818,15,0,62,0,70,,43819,15,0,62,0,35,,43809,24,0,62,0,65,,43808,36,0,62,0,29,,43814,24,0,62,0,70,,43810,36,0,62,0,44,,43807,36,0,62,0
201,'6_3',738,,43882,36,0,62,0,88,,43878,24,0,62,0,87,,43880,36,0,62,0,203,,43870,36,0,62,0,118,,43866,36,0,62,0,19,,43873,15,0,62,0,156,,43862,36,0,62,0,147,,43860,36,0,62,0,85,,43857,15,0,62,0,70,,43858,15,0,62,0,35,,43848,24,0,62,0,65,,43847,36,0,62,0,29,,43853,24,0,62,0,70,,43849,36,0,62,0,44,,43846,36,0,62,0
201,'6_4',738,,43921,36,0,62,0,88,,43917,24,0,62,0,87,,43919,36,0,62,0,203,,43909,36,0,62,0,118,,43905,36,0,62,0,19,,43912,15,0,62,0,156,,43901,36,0,62,0,147,,43899,36,0,62,0,85,,43896,15,0,62,0,70,,43897,15,0,62,0,35,,43887,24,0,62,0,65,,43886,36,0,62,0,29,,43892,24,0,62,0,70,,43888,36,0,62,0,44,,43885,36,0,62,0
