900,'0_4',631,,4043,,,0,100,,4052,,,0,3,,4049,,,0,180,,4050,,,0
900,'0_5',631,,4061,,,0,100,,4070,,,0,3,,4067,,,0,180,,4068,,,0
900,'3_1',631,,4091,,,0,100,,4100,,,0,3,,4097,,,0,180,,4098,,,0
900,'3_2',631,,4109,,,0,100,,4118,,,0,3,,4115,,,0,180,,4116,,,0
900,'3_3',631,,4127,,,0,100,,4136,,,0,3,,4133,,,0,180,,4134,,,0
900,'3_4',631,,4145,,,0,100,,4154,,,0,3,,4151,,,0,180,,4152,,,0
900,'3_5',631,,4163,,,0,100,,4172,,,0,3,,4169,,,0,180,,4170,,,0
900,'5_1',627,,4181,,,0,100,,4199,,,0,6,,4189,,,0,173,,4190,,,0,452,,4196,,,0,396,,4197,,,0
900,'5_2',627,,4200,,,0,100,,4218,,,0,6,,4208,,,0,173,,4209,,,0,452,,4215,,,0,396,,4216,,,0
900,'6_3',627,,4219,,,0,100,,4237,,,0,6,,4227,,,0,173,,4228,,,0,452,,4234,,,0,396,,4235,,,0
