400,'S2-1_6',740,,23416,41,0,40,0,105,,23417,41,0,40,0,72,,23410,53,0,40,0,27,,23418,41,0,40,0,72,,23419,41,0,40,0,30,,23420,41,0,40,0,71,,23411,53,0,40,0,31,,23421,41,0,40,0,70,,23423,41,0,40,0,29,,23422,41,0,40,0,69,,23412,53,0,40,0,31,,23424,41,0,40,0,70,,23425,41,0,40,0,29,,23426,41,0,40,0,73,,23413,53,0,40,0,33,,23427,41,0,40,0,70,,23428,41,0,40,0,30,,23429,41,0,40,0,73,,23414,53,0,40,0,33,,23430,41,0,40,0,70,,23431,41,0,40,0,31,,23432,41,0,40,0,69,,23415,53,0,40,0,31,,23433,41,0,40,0
400,'S2-2_7',939,,29615,41,0,40,0,100,,29616,41,0,40,0,100,,29617,41,0,40,0,100,,29618,41,0,40,0,100,,29619,41,0,40,0,100,,29620,41,0,40,0,100,,29621,41,0,40,0,100,,29622,41,0,40,0,100,,29623,41,0,40,0,100,,29624,41,0,40,0
400,'S2-4_7',939,,23434,41,0,40,0,100,,23435,41,0,40,0,100,,23436,41,0,40,0,100,,23437,41,0,40,0,100,,23438,41,0,40,0,100,,23439,41,0,40,0,100,,23440,41,0,40,0,100,,23441,41,0,40,0,100,,23442,41,0,40,0,100,,23443,41,0,40,0
400,'S2-5_1',749,,23468,42,0,40,0,59,,23472,11,0,23 51,0,6,,23444,41,0,40,0,18,,23445,42,0,40,0,11,,23469,41,0,40,0,14,,23446,41,0,40,0,53,,23447,41,0,40,0,30,,23448,41,0,40,0,80,,23449,53,0,40,0,31,,23450,41,0,40,0,70,,23451,41,0,40,0,35,,23452,41,0,40,0,77,,23453,41,0,40,0,68,,23473,44,,,0,25,,23470,54,0,40,0,24,,23454,41,0,40,0,67,,23455,41,0,40,0,29,,23458,53,0,40,0,75,,23456,41,0,40,0,31,,23459,53,0,40,0,78,,23457,41,0,40,0,82,,23476,45,0,40,0,15,,23460,25,0,40,0,10,,23471,54,0,40,0,8,,23461,41,0,40,0,66,,23477,45,,,0,4,,23462,53,0,40,0,22,,23466,25,0,40,0,22,,23474,44,,,0,69,,23464,41,0,40,0,25,,23465,53,0,40,0
400,'S2-5_2',749,,23502,42,0,40,0,59,,23506,11,0,23 51,0,6,,23478,41,0,40,0,18,,23479,42,0,40,0,11,,23503,41,0,40,0,14,,23480,41,0,40,0,53,,23481,41,0,40,0,30,,23482,41,0,40,0,80,,23483,53,0,40,0,31,,23484,41,0,40,0,70,,23485,41,0,40,0,35,,23486,41,0,40,0,77,,23487,41,0,40,0,68,,23507,44,,,0,25,,23504,54,0,40,0,24,,23488,41,0,40,0,67,,23489,41,0,40,0,29,,23492,53,0,40,0,75,,23490,41,0,40,0,31,,23493,53,0,40,0,78,,23491,41,0,40,0,82,,23510,45,0,40,0,15,,23494,25,0,40,0,10,,23505,54,0,40,0,8,,23495,41,0,40,0,66,,23511,45,,,0,4,,23496,53,0,40,0,22,,23500,25,0,40,0,22,,23508,44,,,0,69,,23498,41,0,40,0,25,,23499,53,0,40,0
400,'S2-5_4',749,,23536,42,0,40,0,59,,23540,11,0,23 51,0,6,,23512,41,0,40,0,18,,23513,42,0,40,0,11,,23537,41,0,40,0,14,,23514,41,0,40,0,53,,23515,41,0,40,0,30,,23516,41,0,40,0,80,,23517,53,0,40,0,31,,23518,41,0,40,0,70,,23519,41,0,40,0,35,,23520,41,0,40,0,77,,23521,41,0,40,0,68,,23541,44,,,0,25,,23538,54,0,40,0,24,,23522,41,0,40,0,67,,23523,41,0,40,0,29,,23526,53,0,40,0,75,,23524,41,0,40,0,31,,23527,53,0,40,0,78,,23525,41,0,40,0,82,,23544,45,0,40,0,15,,23528,25,0,40,0,10,,23539,54,0,40,0,8,,23529,41,0,40,0,66,,23545,45,,,0,4,,23530,53,0,40,0,22,,23534,25,0,40,0,22,,23542,44,,,0,69,,23532,41,0,40,0,25,,23533,53,0,40,0
400,'S2-5_5',749,,23570,42,0,40,0,59,,23574,11,0,23 51,0,6,,23546,41,0,40,0,18,,23547,42,0,40,0,11,,23571,41,0,40,0,14,,23548,41,0,40,0,53,,23549,41,0,40,0,30,,23550,41,0,40,0,80,,23551,53,0,40,0,31,,23552,41,0,40,0,70,,23553,41,0,40,0,35,,23554,41,0,40,0,77,,23555,41,0,40,0,68,,23575,44,,,0,25,,23572,54,0,40,0,24,,23556,41,0,40,0,67,,23557,41,0,40,0,29,,23560,53,0,40,0,75,,23558,41,0,40,0,31,,23561,53,0,40,0,78,,23559,41,0,40,0,82,,23578,45,0,40,0,15,,23562,25,0,40,0,10,,23573,54,0,40,0,8,,23563,41,0,40,0,66,,23579,45,,,0,4,,23564,53,0,40,0,22,,23568,25,0,40,0,22,,23576,44,,,0,69,,23566,41,0,40,0,25,,23567,53,0,40,0
400,'S2-6_3',749,,23603,42,0,40,0,59,,23607,11,0,23 51,0,6,,23580,41,0,40,0,18,,23581,42,0,40,0,11,,23604,41,0,40,0,14,,23582,41,0,40,0,53,,23583,41,0,40,0,30,,23584,41,0,40,0,80,,23585,53,0,40,0,31,,23586,41,0,40,0,70,,23587,41,0,40,0,35,,23588,41,0,40,0,77,,23589,41,0,40,0,68,,23608,44,,,0,25,,23605,54,0,40,0,24,,23590,41,0,40,0,67,,23591,41,0,40,0,29,,23594,53,0,40,0,75,,23592,41,0,40,0,31,,23595,53,0,40,0,78,,23593,41,0,40,0,82,,23611,45,0,40,0,15,,23596,25,0,40,0,10,,23606,54,0,40,0,8,,23597,41,0,40,0,66,,23612,45,,,0,4,,23598,53,0,40,0,22,,23599,41,0,40,0,22,,23609,44,,,0,69,,23600,41,0,40,0,25,,23601,53,0,40,0
2300,'S2-5_1',1622,,25489,22,,,0,104,,25490,22,,,0,96,,25491,22,,,0
2300,'S2-5_2',1622,,25492,22,,,0,104,,25493,22,,,0,96,,25494,22,,,0
2300,'S2-5_4',1622,,25495,22,,,0,104,,25496,22,,,0,96,,25497,22,,,0
2300,'S2-5_5',1622,,25498,22,,,0,104,,25499,22,,,0,96,,25500,22,,,0
2300,'S2-6_3',1227,,25502,22,,,0,3,,25501,22,,,0
2900400,'S2-5_1',1702,,28318,7,,,0,100,,28319,7,,,0
2900400,'S2-5_2',1702,,28320,7,,,0,100,,28321,7,,,0
2900400,'S2-5_4',1702,,28322,7,,,0,100,,28323,7,,,0
2900400,'S2-5_5',1702,,28324,7,,,0,100,,28325,7,,,0
2900400,'S2-6_3',1702,,28326,7,,,0,100,,28327,7,,,0
