201,'0_6',700,,63705,5,0,62,0,141,,63706,5,0,20,0,100,,63707,5,0,62,0,110,,63708,5,0,64,0,151,,63709,5,0,20,0,104,,63710,5,0,20,0,105,,63711,5,0,20,0,105,,63712,5,0,20,0,101,,63713,5,0,20,0,103,,63714,5,0,20,0,105,,63715,5,0,62,0,94,,63716,5,0,21,0
201,'2_1',700,,63749,5,0,62,0,141,,63750,5,0,20,0,100,,63751,5,0,62,0,110,,63752,5,0,64,0,151,,63753,5,0,20,0,104,,63754,5,0,20,0,105,,63755,5,0,20,0,105,,63756,5,0,20,0,101,,63757,5,0,20,0,103,,63758,5,0,20,0,105,,63759,5,0,62,0,94,,63760,5,0,21,0
201,'2_2',700,,63785,5,0,62,0,141,,63786,5,0,20,0,100,,63787,5,0,62,0,110,,63788,5,0,64,0,151,,63789,5,0,20,0,104,,63790,5,0,20,0,105,,63791,5,0,20,0,105,,63792,5,0,20,0,101,,63793,5,0,20,0,103,,63794,5,0,20,0,105,,63795,5,0,62,0,94,,63796,5,0,21,0
201,'2_3',700,,63821,5,0,62,0,141,,63822,5,0,20,0,100,,63823,5,0,62,0,110,,63824,5,0,64,0,151,,63825,5,0,20,0,104,,63826,5,0,20,0,105,,63827,5,0,20,0,105,,63828,5,0,20,0,101,,63829,5,0,20,0,103,,63830,5,0,20,0,105,,63831,5,0,62,0,94,,63832,5,0,21,0
201,'2_4',700,,63857,5,0,62,0,141,,63858,5,0,20,0,100,,63859,5,0,62,0,110,,63860,5,0,64,0,151,,63861,5,0,20,0,104,,63862,5,0,20,0,105,,63863,5,0,20,0,105,,63864,5,0,20,0,101,,63865,5,0,20,0,103,,63866,5,0,20,0,105,,63867,5,0,62,0,94,,63868,5,0,21,0
201,'2_5',700,,63893,5,0,62,0,141,,63894,5,0,20,0,100,,63895,5,0,62,0,110,,63896,5,0,64,0,151,,63897,5,0,20,0,104,,63898,5,0,20,0,105,,63899,5,0,20,0,105,,63900,5,0,20,0,101,,63901,5,0,20,0,103,,63902,5,0,20,0,105,,63903,5,0,62,0,94,,63904,5,0,21,0
201,'3_1',700,,63929,5,0,62,0,141,,63930,5,0,20,0,100,,63931,5,0,62,0,110,,63932,5,0,64,0,151,,63933,5,0,20,0,104,,63934,5,0,20,0,105,,63935,5,0,20,0,105,,63936,5,0,20,0,101,,63937,5,0,20,0,103,,63938,5,0,20,0,105,,63939,5,0,62,0,94,,63940,5,0,21,0
201,'3_3',700,,63965,5,0,62,0,141,,63966,5,0,20,0,100,,63967,5,0,62,0,110,,63968,5,0,64,0,151,,63969,5,0,20,0,104,,63970,5,0,20,0,105,,63971,5,0,20,0,105,,63972,5,0,20,0,101,,63973,5,0,20,0,103,,63974,5,0,20,0,105,,63975,5,0,62,0,94,,63976,5,0,21,0
201,'3_4',700,,64001,5,0,62,0,141,,64002,5,0,20,0,100,,64003,5,0,62,0,110,,64004,5,0,64,0,151,,64005,5,0,20,0,104,,64006,5,0,20,0,105,,64007,5,0,20,0,105,,64008,5,0,20,0,101,,64009,5,0,20,0,103,,64010,5,0,20,0,105,,64011,5,0,62,0,94,,64012,5,0,21,0
201,'3_5',700,,64037,5,0,62,0,141,,64038,5,0,20,0,100,,64039,5,0,62,0,110,,64040,5,0,64,0,151,,64041,5,0,20,0,104,,64042,5,0,20,0,105,,64043,5,0,20,0,105,,64044,5,0,20,0,101,,64045,5,0,20,0,103,,64046,5,0,20,0,105,,64047,5,0,62,0,94,,64048,5,0,21,0
