200,'2509-HIV-25j05H-d-Dimanche-00',902,,8536,0,14 15,0,132,,8537,0,14 15,0,125,,8538,0,14 15,0,683,,8539,0,14 15,0
200,'2509-HIV-25j26H-d-Dimanche-00',902,,8556,0,14 15,0,132,,8557,0,14 15,0,125,,8558,0,14 15,0,683,,8559,0,14 15,0
200,'2509-HIV-25k03H-s-Samedi-00',647,,8568,0,5,0,108,,8569,0,5,0,85,,8592,0,13,0,167,,8571,0,5,0,111,,8572,0,5,0,105,,8573,0,5,0,98,,8574,0,5,0,102,,8575,0,5,0,105,,8576,0,5,0,103,,8577,0,5,0,101,,8578,0,5,0,113,,8589,0,37 38 18 39,0
200,'2509-HIV-25l22Vlv-Semaine-00',657,,8641,0,13,0,59,,8640,0,13,0,34,,8632,0,37 38 18 39,0,80,,8630,0,6 7,0,98,,8629,0,6 7,0,98,,8625,0,37 38 18 39,0,182,,8624,0,5,0,138,,8620,0,5,0,166,,8622,0,13,0,188,,8611,0,5,0,38,,8606,0,37 38 18 39,0,68,,8608,0,5,0,37,,8603,0,13,0,66,,8605,0,5,0
200,'2509-HIV-26a05H-s-Samedi-00',647,,8642,0,5,0,108,,8643,0,5,0,85,,8666,0,13,0,167,,8645,0,5,0,111,,8646,0,5,0,105,,8647,0,5,0,98,,8648,0,5,0,102,,8649,0,5,0,105,,8650,0,5,0,103,,8651,0,5,0,101,,8652,0,5,0,113,,8663,0,37 38 18 39,0
200,'2509-HIV-26a05H-w-Mercredi-00',654,,8709,0,13,0,61,,8710,0,13,0,33,,8684,0,37 38 18 39,0,82,,8678,0,6 7,0,96,,8698,0,6 7,0,99,,8679,0,37 38 18 39,0,182,,8689,0,5,0,139,,8693,0,5,0,165,,8707,0,13,0,147,,8695,0,5,0,78,,8703,0,37 38 18 39,0,70,,8696,0,5,0,37,,8687,0,13,0,66,,8697,0,5,0
200,'2509-HIV-26a05Hlv-L-Ma-J-V-00',654,,8748,0,13,0,61,,8749,0,13,0,33,,8723,0,37 38 18 39,0,82,,8717,0,6 7,0,96,,8737,0,6 7,0,99,,8718,0,37 38 18 39,0,182,,8728,0,5,0,139,,8732,0,5,0,165,,8746,0,13,0,147,,8734,0,5,0,78,,8742,0,37 38 18 39,0,70,,8735,0,5,0,37,,8726,0,13,0,66,,8736,0,5,0
200,'2509-HIV-26b23Vlv-Semaine-00',657,,8793,0,13,0,59,,8792,0,13,0,34,,8784,0,37 38 18 39,0,80,,8782,0,6 7,0,98,,8781,0,6 7,0,98,,8777,0,37 38 18 39,0,182,,8776,0,5,0,138,,8772,0,5,0,166,,8774,0,13,0,188,,8763,0,5,0,38,,8758,0,37 38 18 39,0,68,,8760,0,5,0,37,,8755,0,13,0,66,,8757,0,5,0
200,'2509-HIV-26c02Vlv-Semaine-00',657,,8832,0,13,0,59,,8831,0,13,0,34,,8823,0,37 38 18 39,0,80,,8821,0,6 7,0,98,,8820,0,6 7,0,98,,8816,0,37 38 18 39,0,182,,8815,0,5,0,138,,8811,0,5,0,166,,8813,0,13,0,188,,8802,0,5,0,38,,8797,0,37 38 18 39,0,68,,8799,0,5,0,37,,8794,0,13,0,66,,8796,0,5,0
201,'2509-HIV-25j05H-d-Dimanche-00',920,,8841,0,17 18 19,0,408,,8842,0,17 18 19,0,276,,8843,0,17 18 19,0,297,,8844,0,17 18 19,0
201,'2509-HIV-25j26H-d-Dimanche-00',920,,8861,0,17 18 19,0,408,,8862,0,17 18 19,0,276,,8863,0,17 18 19,0,297,,8864,0,17 18 19,0
201,'2509-HIV-25k03H-s-Samedi-00',749,,8897,0,17 18 19,0,160,,8886,0,17 18 19,0,126,,8899,0,17 18 19,0,110,,8900,0,47 18 19,0,85,,8889,0,17 18 19,0,107,,8890,0,17 18 19,0,104,,8891,0,17 18 19,0,90,,8880,0,17 18 19,0,103,,8881,0,17 18 19,0,124,,8894,0,17 18 19,0,163,,8907,0,17 18 19,0,33,,8896,0,17 18 19,0
201,'2509-HIV-25l22Vlv-Semaine-00',744,,8947,0,17 18 19,0,88,,8943,0,17 18 19,0,87,,8945,0,17 18 19,0,203,,8935,0,17 18 19,0,118,,8931,0,17 18 19,0,19,,8938,0,17 18 19,0,156,,8927,0,17 18 19,0,187,,8925,0,17 18 19,0,45,,8922,0,17 18 19,0,70,,8923,0,17 18 19,0,35,,8913,0,17 18 19,0,65,,8912,0,17 18 19,0,29,,8918,0,17 18 19,0,70,,8914,0,17 18 19,0,43,,8911,0,17 18 19,0
201,'2509-HIV-26a05H-s-Samedi-00',749,,8972,0,17 18 19,0,160,,8961,0,17 18 19,0,126,,8974,0,17 18 19,0,110,,8975,0,47 18 19,0,85,,8964,0,17 18 19,0,107,,8965,0,17 18 19,0,104,,8966,0,17 18 19,0,90,,8955,0,17 18 19,0,103,,8956,0,17 18 19,0,124,,8969,0,17 18 19,0,163,,8982,0,17 18 19,0,33,,8971,0,17 18 19,0
201,'2509-HIV-26a05H-w-Mercredi-00',744,,8997,0,17 18 19,0,88,,9006,0,17 18 19,0,88,,9007,0,17 18 19,0,202,,8999,0,17 18 19,0,118,,9000,0,17 18 19,0,60,,9019,0,17 18 19,0,116,,9021,0,17 18 19,0,185,,8990,0,17 18 19,0,47,,9017,0,17 18 19,0,71,,9016,0,17 18 19,0,36,,9003,0,17 18 19,0,65,,8991,0,17 18 19,0,29,,9014,0,17 18 19,0,68,,9004,0,17 18 19,0,41,,9005,0,17 18 19,0
201,'2509-HIV-26a05Hlv-L-Ma-J-V-00',744,,9037,0,17 18 19,0,88,,9046,0,17 18 19,0,88,,9047,0,17 18 19,0,202,,9039,0,17 18 19,0,118,,9040,0,17 18 19,0,60,,9059,0,17 18 19,0,116,,9061,0,17 18 19,0,185,,9030,0,17 18 19,0,47,,9057,0,17 18 19,0,71,,9056,0,17 18 19,0,36,,9043,0,17 18 19,0,65,,9031,0,17 18 19,0,29,,9054,0,17 18 19,0,68,,9044,0,17 18 19,0,41,,9045,0,17 18 19,0
201,'2509-HIV-26b23Vlv-Semaine-00',744,,9101,0,17 18 19,0,88,,9097,0,17 18 19,0,87,,9099,0,17 18 19,0,203,,9089,0,17 18 19,0,118,,9085,0,17 18 19,0,19,,9092,0,17 18 19,0,156,,9081,0,17 18 19,0,187,,9079,0,17 18 19,0,45,,9076,0,17 18 19,0,70,,9077,0,17 18 19,0,35,,9067,0,17 18 19,0,65,,9066,0,17 18 19,0,29,,9072,0,17 18 19,0,70,,9068,0,17 18 19,0,43,,9065,0,17 18 19,0
201,'2509-HIV-26c02Vlv-Semaine-00',744,,9140,0,17 18 19,0,88,,9136,0,17 18 19,0,87,,9138,0,17 18 19,0,203,,9128,0,17 18 19,0,118,,9124,0,17 18 19,0,19,,9131,0,17 18 19,0,156,,9120,0,17 18 19,0,187,,9118,0,17 18 19,0,45,,9115,0,17 18 19,0,70,,9116,0,17 18 19,0,35,,9106,0,17 18 19,0,65,,9105,0,17 18 19,0,29,,9111,0,17 18 19,0,70,,9107,0,17 18 19,0,43,,9104,0,17 18 19,0
29000200,'2509-HIV-26a05H-w-Mercredi-00',706,,16060,,,0,99,,16061,,,0
29000200,'2509-HIV-26a05Hlv-L-Ma-J-V-00',706,,16062,,,0,99,,16063,,,0
29000201,'2509-HIV-26a05H-w-Mercredi-00',1753,,16064,,,0,100,,16065,,,0
29000201,'2509-HIV-26a05Hlv-L-Ma-J-V-00',1753,,16066,,,0,100,,16067,,,0
