600,'2509-HIV-25j05H-d-Dimanche-00',1032,,10216,0,22 23,0,295,,10217,0,22 23,0,215,,10218,0,22 23,0,215,,10219,0,22 23,0
600,'2509-HIV-25j26H-d-Dimanche-00',1032,,10220,0,22 23,0,295,,10221,0,22 23,0,215,,10222,0,22 23,0,215,,10223,0,22 23,0
600,'2509-HIV-25k03H-s-Samedi-00',739,,10224,0,22 23,0,93,,10226,0,22 23,0,90,,10227,0,22 23,0,86,,10228,0,22 23,0,50,,10229,0,22 23,0,91,,10230,0,22 23,0,89,,10231,0,22 23,0,90,,10232,0,22 23,0,87,,10233,0,22 23,0,98,,10234,0,22 23,0,89,,10235,0,22 23,0,50,,10236,0,22 23,0,90,,10237,0,22 23,0,96,,10238,0,22 23,0,83,,10225,0,22 23,0
600,'2509-HIV-25l22Vlv-Semaine-00',656,,10239,0,22 23,0,63,,10252,0,22 23,0,39,,10240,0,22 23,0,91,,10241,0,22 23,0,94,,10242,0,22 23,0,92,,10243,0,22 23,0,86,,10253,0,22 23,0,94,,10244,0,22 23,0,106,,10245,0,22 23,0,91,,10246,0,22 23,0,96,,10247,0,22 23,0,92,,10248,0,22 23,0,45,,10254,0,22 23,0,94,,10249,0,22 23,0,99,,10250,0,22 23,0,83,,10251,0,22 23,0
600,'2509-HIV-26a05H-s-Samedi-00',739,,10255,0,22 23,0,93,,10257,0,22 23,0,90,,10258,0,22 23,0,86,,10259,0,22 23,0,50,,10260,0,22 23,0,91,,10261,0,22 23,0,89,,10262,0,22 23,0,90,,10263,0,22 23,0,87,,10264,0,22 23,0,98,,10265,0,22 23,0,89,,10266,0,22 23,0,50,,10267,0,22 23,0,90,,10268,0,22 23,0,96,,10269,0,22 23,0,83,,10256,0,22 23,0
600,'2509-HIV-26a05H-w-Mercredi-00',650,,10270,,,0,57,,10284,0,22 23,0,93,,10271,,,0,109,,10272,0,22 23,0,102,,10273,0,22 23,0,91,,10274,0,22 23,0,111,,10275,0,22 23,0,106,,10276,0,22 23,0,95,,10285,0,22 23,0,93,,10277,0,22 23,0,94,,10278,0,22 23,0,39,,10279,0,22 23,0,85,,10280,0,22 23,0,77,,10281,0,22 23,0,31,,10282,0,22 23,0,84,,10283,0,22 23,0
600,'2509-HIV-26a05Hlv-L-Ma-J-V-00',650,,10286,,,0,57,,10300,0,22 23,0,93,,10287,,,0,109,,10288,0,22 23,0,102,,10289,0,22 23,0,91,,10290,0,22 23,0,111,,10291,0,22 23,0,106,,10292,0,22 23,0,95,,10301,0,22 23,0,93,,10293,0,22 23,0,94,,10294,0,22 23,0,39,,10295,0,22 23,0,85,,10296,0,22 23,0,77,,10297,0,22 23,0,31,,10298,0,22 23,0,84,,10299,0,22 23,0
600,'2509-HIV-26b23Vlv-Semaine-00',656,,10302,0,22 23,0,63,,10315,0,22 23,0,39,,10303,0,22 23,0,91,,10304,0,22 23,0,94,,10305,0,22 23,0,92,,10306,0,22 23,0,86,,10316,0,22 23,0,94,,10307,0,22 23,0,106,,10308,0,22 23,0,91,,10309,0,22 23,0,96,,10310,0,22 23,0,92,,10311,0,22 23,0,45,,10317,0,22 23,0,94,,10312,0,22 23,0,99,,10313,0,22 23,0,83,,10314,0,22 23,0
600,'2509-HIV-26c02Vlv-Semaine-00',656,,10318,0,22 23,0,63,,10331,0,22 23,0,39,,10319,0,22 23,0,91,,10320,0,22 23,0,94,,10321,0,22 23,0,92,,10322,0,22 23,0,86,,10332,0,22 23,0,94,,10323,0,22 23,0,106,,10324,0,22 23,0,91,,10325,0,22 23,0,96,,10326,0,22 23,0,92,,10327,0,22 23,0,45,,10333,0,22 23,0,94,,10328,0,22 23,0,99,,10329,0,22 23,0,83,,10330,0,22 23,0
29000600,'2509-HIV-26a05H-w-Mercredi-00',700,,16111,,,0,115,,16112,,,0
29000600,'2509-HIV-26a05Hlv-L-Ma-J-V-00',700,,16113,,,0,115,,16114,,,0
