300,'1_3',708,,48518,27,,,0,25,,48519,27,,,0,71,,48520,27,,,0,24,,48521,27,,,0,25,,48522,27,,,0,70,,48523,27,,,0,32,,48524,27,,,0,72,,48525,27,,,0,31,,48526,27,,,0,72,,48527,27,,,0,72,,48528,27,,,0,32,,48529,27,,,0,72,,48530,27,,,0,33,,48531,27,,,0,72,,48532,27,,,0,33,,48533,27,,,0,72,,48534,27,,,0,33,,48535,27,,,0,70,,48537,27,,,0,27,,48538,27,,,0,68,,48539,27,,,0,28,,48540,27,,,0,69,,48541,27,,,0,30,,48545,27,,,0,71,,48542,27,,,0,31,,48543,27,,,0,73,,48544,27,,,0,30,,48536,27,,,0
300,'2_6',708,,30806,27,,,0,30,,30808,27,,,0,70,,30809,27,,,0,30,,30807,27,,,0,70,,30811,27,,,0,29,,30812,27,,,0,69,,30810,27,,,0,31,,30813,27,,,0,70,,30814,27,,,0,30,,30817,27,,,0,69,,30816,27,,,0,29,,30815,27,,,0,68,,30819,27,,,0,30,,30818,27,,,0,70,,30820,27,,,0,29,,30821,27,,,0,72,,30822,27,,,0,32,,30823,27,,,0,71,,30824,27,,,0,31,,30825,27,,,0,72,,30826,27,,,0,32,,30827,27,,,0,70,,30828,27,,,0,31,,30833,27,,,0,71,,30829,27,,,0,30,,30830,27,,,0,64,,30831,27,,,0,30,,30832,27,,,0
300,'3_7',927,,30834,27,,,0,100,,30835,27,,,0,100,,30836,27,,,0,100,,30837,27,,,0,100,,30838,27,,,0,100,,30839,27,,,0,100,,30840,27,,,0,100,,30841,27,,,0,100,,30842,27,,,0,100,,30843,27,,,0,100,,30844,27,,,0
300,'4_7',927,,46804,27,,,0,100,,46805,27,,,0,100,,46806,27,,,0,100,,46807,27,,,0,100,,46808,27,,,0,100,,46809,27,,,0,100,,46810,27,,,0,100,,46811,27,,,0,100,,46812,27,,,0,100,,46813,27,,,0,100,,46814,27,,,0
300,'6_1',713,,39139,27,,,0,25,,39140,27,,,0,70,,39141,27,,,0,23,,39144,27,,,0,25,,39143,27,,,0,69,,39142,27,,,0,32,,39146,27,,,0,72,,39149,27,,,0,71,,39151,27,,,0,32,,39147,27,,,0,72,,39152,27,,,0,32,,39145,27,,,0,73,,39148,27,,,0,33,,39150,27,,,0,72,,39153,27,,,0,32,,39154,27,,,0,72,,39155,27,,,0,34,,39157,27,,,0,69,,39156,27,,,0,28,,39159,27,,,0,68,,39161,27,,,0,27,,39163,27,,,0,68,,39160,27,,,0,30,,39166,27,,,0,72,,39165,27,,,0,30,,39162,27,,,0,73,,39164,27,,,0,30,,39158,27,,,0
300,'6_2',713,,43922,27,,,0,25,,43923,27,,,0,70,,43924,27,,,0,23,,43927,27,,,0,25,,43926,27,,,0,69,,43925,27,,,0,32,,43929,27,,,0,72,,43932,27,,,0,71,,43934,27,,,0,32,,43930,27,,,0,72,,43935,27,,,0,32,,43928,27,,,0,73,,43931,27,,,0,33,,43933,27,,,0,72,,43936,27,,,0,32,,43937,27,,,0,72,,43938,27,,,0,34,,43940,27,,,0,69,,43939,27,,,0,28,,43942,27,,,0,68,,43944,27,,,0,27,,43946,27,,,0,68,,43943,27,,,0,30,,43949,27,,,0,72,,43948,27,,,0,30,,43945,27,,,0,73,,43947,27,,,0,30,,43941,27,,,0
300,'6_3',713,,43950,27,,,0,25,,43951,27,,,0,70,,43952,27,,,0,23,,43955,27,,,0,25,,43954,27,,,0,69,,43953,27,,,0,32,,43957,27,,,0,72,,43960,27,,,0,71,,43962,27,,,0,32,,43958,27,,,0,72,,43963,27,,,0,32,,43956,27,,,0,73,,43959,27,,,0,33,,43961,27,,,0,72,,43964,27,,,0,32,,43965,27,,,0,72,,43966,27,,,0,34,,43968,27,,,0,69,,43967,27,,,0,28,,43970,27,,,0,68,,43972,27,,,0,27,,43974,27,,,0,68,,43971,27,,,0,30,,43977,27,,,0,72,,43976,27,,,0,30,,43973,27,,,0,73,,43975,27,,,0,30,,43969,27,,,0
300,'6_4',713,,43978,27,,,0,25,,43979,27,,,0,70,,43980,27,,,0,23,,43983,27,,,0,25,,43982,27,,,0,69,,43981,27,,,0,32,,43985,27,,,0,72,,43988,27,,,0,71,,43990,27,,,0,32,,43986,27,,,0,72,,43991,27,,,0,32,,43984,27,,,0,73,,43987,27,,,0,33,,43989,27,,,0,72,,43992,27,,,0,32,,43993,27,,,0,72,,43994,27,,,0,34,,43996,27,,,0,69,,43995,27,,,0,28,,43998,27,,,0,68,,44000,27,,,0,27,,44002,27,,,0,68,,43999,27,,,0,30,,44005,27,,,0,72,,44004,27,,,0,30,,44001,27,,,0,73,,44003,27,,,0,30,,43997,27,,,0
300,'7_1',708,,46815,27,,,0,25,,46816,27,,,0,71,,46817,27,,,0,24,,46818,27,,,0,25,,46819,27,,,0,70,,46820,27,,,0,32,,46821,27,,,0,72,,46822,27,,,0,31,,46823,27,,,0,72,,46824,27,,,0,72,,46825,27,,,0,32,,46826,27,,,0,72,,46827,27,,,0,33,,46828,27,,,0,72,,46829,27,,,0,33,,46830,27,,,0,72,,46831,27,,,0,33,,46832,27,,,0,70,,46834,27,,,0,27,,46835,27,,,0,68,,46836,27,,,0,28,,46837,27,,,0,69,,46838,27,,,0,30,,46842,27,,,0,71,,46839,27,,,0,31,,46840,27,,,0,73,,46841,27,,,0,30,,46833,27,,,0
300,'7_2',708,,48546,27,,,0,25,,48547,27,,,0,71,,48548,27,,,0,24,,48549,27,,,0,25,,48550,27,,,0,70,,48551,27,,,0,32,,48552,27,,,0,72,,48553,27,,,0,31,,48554,27,,,0,72,,48555,27,,,0,72,,48556,27,,,0,32,,48557,27,,,0,72,,48558,27,,,0,33,,48559,27,,,0,72,,48560,27,,,0,33,,48561,27,,,0,72,,48562,27,,,0,33,,48563,27,,,0,70,,48565,27,,,0,27,,48566,27,,,0,68,,48567,27,,,0,28,,48568,27,,,0,69,,48569,27,,,0,30,,48573,27,,,0,71,,48570,27,,,0,31,,48571,27,,,0,73,,48572,27,,,0,30,,48564,27,,,0
300,'7_4',708,,48574,27,,,0,25,,48575,27,,,0,71,,48576,27,,,0,24,,48577,27,,,0,25,,48578,27,,,0,70,,48579,27,,,0,32,,48580,27,,,0,72,,48581,27,,,0,31,,48582,27,,,0,72,,48583,27,,,0,72,,48584,27,,,0,32,,48585,27,,,0,72,,48586,27,,,0,33,,48587,27,,,0,72,,48588,27,,,0,33,,48589,27,,,0,72,,48590,27,,,0,33,,48591,27,,,0,70,,48593,27,,,0,27,,48594,27,,,0,68,,48595,27,,,0,28,,48596,27,,,0,69,,48597,27,,,0,30,,48601,27,,,0,71,,48598,27,,,0,31,,48599,27,,,0,73,,48600,27,,,0,30,,48592,27,,,0
