2500,'0_6',740,,67728,9,,,0,113,,67729,9,,,0,167,,67730,9,,,0,113,,67731,9,,,0,168,,67732,9,,,0,112,,67733,9,,,0,131,,67734,9,,,0,160,,67735,9,,,0,121,,67736,9,,,0,115,,67737,9,,,0
2500,'2_1',740,,67738,9,,,0,113,,67739,9,,,0,167,,67740,9,,,0,113,,67741,9,,,0,168,,67742,9,,,0,112,,67743,9,,,0,131,,67744,9,,,0,160,,67745,9,,,0,121,,67746,9,,,0,115,,67747,9,,,0
2500,'2_2',740,,67748,9,,,0,113,,67749,9,,,0,167,,67750,9,,,0,113,,67751,9,,,0,168,,67752,9,,,0,112,,67753,9,,,0,131,,67754,9,,,0,160,,67755,9,,,0,121,,67756,9,,,0,115,,67757,9,,,0
2500,'2_3',740,,67758,9,,,0,113,,67759,9,,,0,167,,67760,9,,,0,113,,67761,9,,,0,168,,67762,9,,,0,112,,67763,9,,,0,131,,67764,9,,,0,160,,67765,9,,,0,121,,67766,9,,,0,115,,67767,9,,,0
2500,'2_4',740,,67768,9,,,0,113,,67769,9,,,0,167,,67770,9,,,0,113,,67771,9,,,0,168,,67772,9,,,0,112,,67773,9,,,0,131,,67774,9,,,0,160,,67775,9,,,0,121,,67776,9,,,0,115,,67777,9,,,0
2500,'2_5',740,,67778,9,,,0,113,,67779,9,,,0,167,,67780,9,,,0,113,,67781,9,,,0,168,,67782,9,,,0,112,,67783,9,,,0,131,,67784,9,,,0,160,,67785,9,,,0,121,,67786,9,,,0,115,,67787,9,,,0
2500,'3_1',740,,67788,9,,,0,113,,67789,9,,,0,167,,67790,9,,,0,113,,67791,9,,,0,168,,67792,9,,,0,112,,67793,9,,,0,131,,67794,9,,,0,160,,67795,9,,,0,121,,67796,9,,,0,115,,67797,9,,,0
2500,'3_3',740,,67798,9,,,0,113,,67799,9,,,0,167,,67800,9,,,0,113,,67801,9,,,0,168,,67802,9,,,0,112,,67803,9,,,0,131,,67804,9,,,0,160,,67805,9,,,0,121,,67806,9,,,0,115,,67807,9,,,0
2500,'3_4',740,,67808,9,,,0,113,,67809,9,,,0,167,,67810,9,,,0,113,,67811,9,,,0,168,,67812,9,,,0,112,,67813,9,,,0,131,,67814,9,,,0,160,,67815,9,,,0,121,,67816,9,,,0,115,,67817,9,,,0
2500,'3_5',740,,67818,9,,,0,113,,67819,9,,,0,167,,67820,9,,,0,113,,67821,9,,,0,168,,67822,9,,,0,112,,67823,9,,,0,131,,67824,9,,,0,160,,67825,9,,,0,121,,67826,9,,,0,115,,67827,9,,,0
