1501,'0_5',710,,32616,20,,,0,18,,32617,20,,,0,95,,32618,20,,,0,21,,32619,20,,,0,158,,32620,20,,,0,116,,32621,20,,,0,118,,32622,20,,,0,94,,32623,20,,,0,118,,32624,20,,,0,99,,32615,8,,,0,165,,32625,20,,,0,108,,32626,20,,,0,95,,32627,20,,,0
1501,'2_6',710,,32642,20,,,0,18,,32643,20,,,0,95,,32644,20,,,0,21,,32645,20,,,0,158,,32646,20,,,0,116,,32647,20,,,0,118,,32648,20,,,0,94,,32649,20,,,0,118,,32650,20,,,0,99,,32641,8,,,0,165,,32651,20,,,0,108,,32652,20,,,0,95,,32653,20,,,0
1501,'5_1',710,,37753,20,,,0,18,,37754,20,,,0,95,,37755,20,,,0,21,,37756,20,,,0,158,,37757,20,,,0,116,,37758,20,,,0,118,,37759,20,,,0,94,,37760,20,,,0,118,,37761,20,,,0,99,,37752,8,,,0,165,,37762,20,,,0,108,,37763,20,,,0,95,,37764,20,,,0
1501,'5_2',710,,40493,20,,,0,18,,40494,20,,,0,95,,40495,20,,,0,21,,40496,20,,,0,158,,40497,20,,,0,116,,40498,20,,,0,118,,40499,20,,,0,94,,40500,20,,,0,118,,40501,20,,,0,99,,40492,8,,,0,165,,40502,20,,,0,108,,40503,20,,,0,95,,40504,20,,,0
1501,'5_3',710,,40506,20,,,0,18,,40507,20,,,0,95,,40508,20,,,0,21,,40509,20,,,0,158,,40510,20,,,0,116,,40511,20,,,0,118,,40512,20,,,0,94,,40513,20,,,0,118,,40514,20,,,0,99,,40505,8,,,0,165,,40515,20,,,0,108,,40516,20,,,0,95,,40517,20,,,0
1501,'5_4',710,,40519,20,,,0,18,,40520,20,,,0,95,,40521,20,,,0,21,,40522,20,,,0,158,,40523,20,,,0,116,,40524,20,,,0,118,,40525,20,,,0,94,,40526,20,,,0,118,,40527,20,,,0,99,,40518,8,,,0,165,,40528,20,,,0,108,,40529,20,,,0,95,,40530,20,,,0
1501,'5_5',710,,40532,20,,,0,18,,40533,20,,,0,95,,40534,20,,,0,21,,40535,20,,,0,158,,40536,20,,,0,116,,40537,20,,,0,118,,40538,20,,,0,94,,40539,20,,,0,118,,40540,20,,,0,99,,40531,8,,,0,165,,40541,20,,,0,108,,40542,20,,,0,95,,40543,20,,,0
1501,'6_1',710,,40545,20,,,0,18,,40546,20,,,0,95,,40547,20,,,0,21,,40548,20,,,0,158,,40549,20,,,0,116,,40550,20,,,0,118,,40551,20,,,0,94,,40552,20,,,0,118,,40553,20,,,0,99,,40544,8,,,0,165,,40554,20,,,0,108,,40555,20,,,0,95,,40556,20,,,0
2001,'0_5',714,,33044,16,,,0,121,,33045,16,,,0,79,,33046,16,,,0,893,,33047,16,,,0
4000001,'0_5',652,,37176,14,,,0,59,,37194,12,,,0,18,,37177,14,,,0,19,,37218,12,,,0,62,,37178,14,,,0,20,,37195,12,,,0,21,,37179,14,,,0,60,,37196,12,,,0,20,,37180,14,,,0,20,,37197,12,,,0,60,,37217,14,,,0,20,,37198,12,,,0,20,,37181,14,,,0,60,,37199,12,,,0,20,,37182,14,,,0,20,,37200,12,,,0,58,,37183,14,,,0,22,,37201,12,,,0,20,,37184,14,,,0,60,,37202,12,,,0,19,,37185,14,,,0,20,,37203,12,,,0,60,,37216,14,,,0,21,,37204,12,,,0,19,,37186,14,,,0,59,,37205,12,,,0,21,,37187,14,,,0,20,,37206,12,,,0,58,,37215,14,,,0,20,,37207,12,,,0,18,,37188,14,,,0,60,,37208,12,,,0,19,,37189,14,,,0,23,,37209,12,,,0,60,,37190,14,,,0,21,,37210,12,,,0,22,,37191,14,,,0,61,,37211,12,,,0,20,,37192,14,,,0,20,,37212,12,,,0,61,,37213,12,,,0,20,,37193,14,,,0,70,,37214,12,,,0
4000001,'2_6',652,,37262,14,,,0,59,,37283,12,,,0,20,,37263,14,,,0,20,,37284,12,,,0,60,,37264,14,,,0,20,,37285,12,,,0,20,,37265,14,,,0,61,,37286,12,,,0,20,,37266,14,,,0,21,,37287,12,,,0,61,,37267,14,,,0,21,,37288,12,,,0,21,,37268,14,,,0,61,,37289,12,,,0,22,,37269,14,,,0,20,,37290,12,,,0,61,,37270,14,,,0,21,,37291,12,,,0,61,,37271,14,,,0,18,,37292,12,,,0,18,,37272,14,,,0,18,,37293,12,,,0,58,,37273,14,,,0,19,,37294,12,,,0,20,,37274,14,,,0,60,,37295,12,,,0,20,,37275,14,,,0,20,,37296,12,,,0,60,,37276,14,,,0,19,,37297,12,,,0,20,,37277,14,,,0,60,,37298,12,,,0,20,,37278,14,,,0,20,,37299,12,,,0,61,,37279,14,,,0,20,,37300,12,,,0,20,,37280,14,,,0,60,,37301,12,,,0,20,,37281,12,,,0,21,,37302,14,,,0,60,,37304,12,,,0,20,,37282,14,,,0,70,,37303,12,,,0
4000001,'3_7',909,,37306,14,,,0,110,,37311,12,,,0,110,,37307,14,,,0,110,,37312,12,,,0,110,,37308,14,,,0,110,,37313,12,,,0,150,,37309,14,,,0,110,,37314,12,,,0,110,,37310,14,,,0,110,,37305,12,,,0
4000001,'5_1',652,,38314,14,,,0,59,,38335,12,,,0,20,,38315,14,,,0,20,,38336,12,,,0,60,,38316,14,,,0,20,,38337,12,,,0,20,,38317,14,,,0,61,,38338,12,,,0,20,,38318,14,,,0,21,,38339,12,,,0,61,,38319,14,,,0,21,,38340,12,,,0,21,,38320,14,,,0,61,,38341,12,,,0,22,,38321,14,,,0,20,,38342,12,,,0,61,,38322,14,,,0,21,,38343,12,,,0,61,,38323,14,,,0,18,,38344,12,,,0,18,,38324,14,,,0,18,,38345,12,,,0,58,,38325,14,,,0,19,,38346,12,,,0,20,,38326,14,,,0,60,,38347,12,,,0,20,,38327,14,,,0,20,,38348,12,,,0,60,,38328,14,,,0,19,,38349,12,,,0,20,,38329,14,,,0,60,,38350,12,,,0,20,,38330,14,,,0,20,,38351,12,,,0,61,,38331,14,,,0,20,,38352,12,,,0,20,,38332,14,,,0,60,,38353,12,,,0,20,,38333,12,,,0,21,,38354,14,,,0,60,,38355,12,,,0,20,,38334,14,,,0,70,,38356,12,,,0
4000001,'5_2',652,,43305,14,,,0,59,,43326,12,,,0,20,,43306,14,,,0,20,,43327,12,,,0,60,,43307,14,,,0,20,,43328,12,,,0,20,,43308,14,,,0,61,,43329,12,,,0,20,,43309,14,,,0,21,,43330,12,,,0,61,,43310,14,,,0,21,,43331,12,,,0,21,,43311,14,,,0,61,,43332,12,,,0,22,,43312,14,,,0,20,,43333,12,,,0,61,,43313,14,,,0,21,,43334,12,,,0,61,,43314,14,,,0,18,,43335,12,,,0,18,,43315,14,,,0,18,,43336,12,,,0,58,,43316,14,,,0,19,,43337,12,,,0,20,,43317,14,,,0,60,,43338,12,,,0,20,,43318,14,,,0,20,,43339,12,,,0,60,,43319,14,,,0,19,,43340,12,,,0,20,,43320,14,,,0,60,,43341,12,,,0,20,,43321,14,,,0,20,,43342,12,,,0,61,,43322,14,,,0,20,,43343,12,,,0,20,,43323,14,,,0,60,,43344,12,,,0,20,,43324,12,,,0,21,,43345,14,,,0,60,,43346,12,,,0,20,,43325,14,,,0,70,,43347,12,,,0
4000001,'5_3',652,,43348,14,,,0,59,,43369,12,,,0,20,,43349,14,,,0,20,,43370,12,,,0,60,,43350,14,,,0,20,,43371,12,,,0,20,,43351,14,,,0,61,,43372,12,,,0,20,,43352,14,,,0,21,,43373,12,,,0,61,,43353,14,,,0,21,,43374,12,,,0,21,,43354,14,,,0,61,,43375,12,,,0,22,,43355,14,,,0,20,,43376,12,,,0,61,,43356,14,,,0,21,,43377,12,,,0,61,,43357,14,,,0,18,,43378,12,,,0,18,,43358,14,,,0,18,,43379,12,,,0,58,,43359,14,,,0,19,,43380,12,,,0,20,,43360,14,,,0,60,,43381,12,,,0,20,,43361,14,,,0,20,,43382,12,,,0,60,,43362,14,,,0,19,,43383,12,,,0,20,,43363,14,,,0,60,,43384,12,,,0,20,,43364,14,,,0,20,,43385,12,,,0,61,,43365,14,,,0,20,,43386,12,,,0,20,,43366,14,,,0,60,,43387,12,,,0,20,,43367,12,,,0,21,,43388,14,,,0,60,,43389,12,,,0,20,,43368,14,,,0,70,,43390,12,,,0
4000001,'5_4',652,,43391,14,,,0,59,,43412,12,,,0,20,,43392,14,,,0,20,,43413,12,,,0,60,,43393,14,,,0,20,,43414,12,,,0,20,,43394,14,,,0,61,,43415,12,,,0,20,,43395,14,,,0,21,,43416,12,,,0,61,,43396,14,,,0,21,,43417,12,,,0,21,,43397,14,,,0,61,,43418,12,,,0,22,,43398,14,,,0,20,,43419,12,,,0,61,,43399,14,,,0,21,,43420,12,,,0,61,,43400,14,,,0,18,,43421,12,,,0,18,,43401,14,,,0,18,,43422,12,,,0,58,,43402,14,,,0,19,,43423,12,,,0,20,,43403,14,,,0,60,,43424,12,,,0,20,,43404,14,,,0,20,,43425,12,,,0,60,,43405,14,,,0,19,,43426,12,,,0,20,,43406,14,,,0,60,,43427,12,,,0,20,,43407,14,,,0,20,,43428,12,,,0,61,,43408,14,,,0,20,,43429,12,,,0,20,,43409,14,,,0,60,,43430,12,,,0,20,,43410,12,,,0,21,,43431,14,,,0,60,,43432,12,,,0,20,,43411,14,,,0,70,,43433,12,,,0
4000001,'5_5',652,,43434,14,,,0,59,,43455,12,,,0,20,,43435,14,,,0,20,,43456,12,,,0,60,,43436,14,,,0,20,,43457,12,,,0,20,,43437,14,,,0,61,,43458,12,,,0,20,,43438,14,,,0,21,,43459,12,,,0,61,,43439,14,,,0,21,,43460,12,,,0,21,,43440,14,,,0,61,,43461,12,,,0,22,,43441,14,,,0,20,,43462,12,,,0,61,,43442,14,,,0,21,,43463,12,,,0,61,,43443,14,,,0,18,,43464,12,,,0,18,,43444,14,,,0,18,,43465,12,,,0,58,,43445,14,,,0,19,,43466,12,,,0,20,,43446,14,,,0,60,,43467,12,,,0,20,,43447,14,,,0,20,,43468,12,,,0,60,,43448,14,,,0,19,,43469,12,,,0,20,,43449,14,,,0,60,,43470,12,,,0,20,,43450,14,,,0,20,,43471,12,,,0,61,,43451,14,,,0,20,,43472,12,,,0,20,,43452,14,,,0,60,,43473,12,,,0,20,,43453,12,,,0,21,,43474,14,,,0,60,,43475,12,,,0,20,,43454,14,,,0,70,,43476,12,,,0
4000001,'6_1',652,,43477,14,,,0,59,,43498,12,,,0,20,,43478,14,,,0,20,,43499,12,,,0,60,,43479,14,,,0,20,,43500,12,,,0,20,,43480,14,,,0,61,,43501,12,,,0,20,,43481,14,,,0,21,,43502,12,,,0,61,,43482,14,,,0,21,,43503,12,,,0,21,,43483,14,,,0,61,,43504,12,,,0,22,,43484,14,,,0,20,,43505,12,,,0,61,,43485,14,,,0,21,,43506,12,,,0,61,,43486,14,,,0,18,,43507,12,,,0,18,,43487,14,,,0,18,,43508,12,,,0,58,,43488,14,,,0,19,,43509,12,,,0,20,,43489,14,,,0,60,,43510,12,,,0,20,,43490,14,,,0,20,,43511,12,,,0,60,,43491,14,,,0,19,,43512,12,,,0,20,,43492,14,,,0,60,,43513,12,,,0,20,,43493,14,,,0,20,,43514,12,,,0,61,,43494,14,,,0,20,,43515,12,,,0,20,,43495,14,,,0,60,,43516,12,,,0,20,,43496,12,,,0,21,,43517,14,,,0,60,,43518,12,,,0,20,,43497,14,,,0,70,,43519,12,,,0
