201,'0_6',744,,63705,37,0,62,0,160,,63694,25,0,62,0,126,,63707,37,0,62,0,110,,63708,37,0,64,0,87,,63697,25,0,62,0,105,,63698,25,0,62,0,104,,63699,25,0,62,0,90,,63688,37,0,62,0,103,,63689,37,0,62,0,124,,63702,25,0,62,0,163,,63715,37,0,62,0,34,,63704,25,0,62,0
201,'2_1',744,,63749,37,0,62,0,160,,63738,25,0,62,0,126,,63751,37,0,62,0,110,,63752,37,0,64,0,87,,63741,25,0,62,0,105,,63742,25,0,62,0,104,,63743,25,0,62,0,90,,63732,37,0,62,0,103,,63733,37,0,62,0,124,,63746,25,0,62,0,163,,63759,37,0,62,0,34,,63748,25,0,62,0
201,'2_2',744,,63785,37,0,62,0,160,,63774,25,0,62,0,126,,63787,37,0,62,0,110,,63788,37,0,64,0,87,,63777,25,0,62,0,105,,63778,25,0,62,0,104,,63779,25,0,62,0,90,,63768,37,0,62,0,103,,63769,37,0,62,0,124,,63782,25,0,62,0,163,,63795,37,0,62,0,34,,63784,25,0,62,0
201,'2_3',744,,63821,37,0,62,0,160,,63810,25,0,62,0,126,,63823,37,0,62,0,110,,63824,37,0,64,0,87,,63813,25,0,62,0,105,,63814,25,0,62,0,104,,63815,25,0,62,0,90,,63804,37,0,62,0,103,,63805,37,0,62,0,124,,63818,25,0,62,0,163,,63831,37,0,62,0,34,,63820,25,0,62,0
201,'2_4',744,,63857,37,0,62,0,160,,63846,25,0,62,0,126,,63859,37,0,62,0,110,,63860,37,0,64,0,87,,63849,25,0,62,0,105,,63850,25,0,62,0,104,,63851,25,0,62,0,90,,63840,37,0,62,0,103,,63841,37,0,62,0,124,,63854,25,0,62,0,163,,63867,37,0,62,0,34,,63856,25,0,62,0
201,'2_5',744,,63893,37,0,62,0,160,,63882,25,0,62,0,126,,63895,37,0,62,0,110,,63896,37,0,64,0,87,,63885,25,0,62,0,105,,63886,25,0,62,0,104,,63887,25,0,62,0,90,,63876,37,0,62,0,103,,63877,37,0,62,0,124,,63890,25,0,62,0,163,,63903,37,0,62,0,34,,63892,25,0,62,0
201,'3_1',744,,63929,37,0,62,0,160,,63918,25,0,62,0,126,,63931,37,0,62,0,110,,63932,37,0,64,0,87,,63921,25,0,62,0,105,,63922,25,0,62,0,104,,63923,25,0,62,0,90,,63912,37,0,62,0,103,,63913,37,0,62,0,124,,63926,25,0,62,0,163,,63939,37,0,62,0,34,,63928,25,0,62,0
201,'3_3',744,,63965,37,0,62,0,160,,63954,25,0,62,0,126,,63967,37,0,62,0,110,,63968,37,0,64,0,87,,63957,25,0,62,0,105,,63958,25,0,62,0,104,,63959,25,0,62,0,90,,63948,37,0,62,0,103,,63949,37,0,62,0,124,,63962,25,0,62,0,163,,63975,37,0,62,0,34,,63964,25,0,62,0
201,'3_4',744,,64001,37,0,62,0,160,,63990,25,0,62,0,126,,64003,37,0,62,0,110,,64004,37,0,64,0,87,,63993,25,0,62,0,105,,63994,25,0,62,0,104,,63995,25,0,62,0,90,,63984,37,0,62,0,103,,63985,37,0,62,0,124,,63998,25,0,62,0,163,,64011,37,0,62,0,34,,64000,25,0,62,0
201,'3_5',744,,64037,37,0,62,0,160,,64026,25,0,62,0,126,,64039,37,0,62,0,110,,64040,37,0,64,0,87,,64029,25,0,62,0,105,,64030,25,0,62,0,104,,64031,25,0,62,0,90,,64020,37,0,62,0,103,,64021,37,0,62,0,124,,64034,25,0,62,0,163,,64047,37,0,62,0,34,,64036,25,0,62,0
