100,'S2-1_6',714,,22168,22,0,8,0,110,,22180,22,0,8,0,95,,22169,22,0,8,0,30,,22181,22,0,8,0,69,,22170,22,0,8,0,33,,22182,22,0,8,0,70,,22171,22,0,8,0,29,,22183,22,0,8,0,71,,22172,22,0,8,0,28,,22184,22,0,8,0,70,,22173,22,0,8,0,30,,22185,22,0,8,0,70,,22174,22,0,8,0,31,,22186,22,0,8,0,69,,22175,22,0,8,0,31,,22187,22,0,8,0,71,,22176,22,0,8,0,31,,22188,22,0,8,0,73,,22177,22,0,8,0,28,,22189,22,0,8,0,70,,22178,22,0,8,0,31,,22190,22,0,8,0,69,,22179,22,0,8,0
100,'S2-4_7',918,,22191,22,0,8,0,105,,22196,22,0,8,0,106,,22192,22,0,8,0,104,,22197,22,0,8,0,90,,22193,22,0,8,0,100,,22198,22,0,8,0,105,,22194,22,0,8,0,105,,22199,22,0,8,0,105,,22195,22,0,8,0,105,,22200,22,0,8,0
100,'S2-5_1',712,,22215,22,0,8,0,14,,22212,22,0,8,0,16,,22216,22,0,8,0,15,,22203,22,,,0,55,,22222,22,0,8,0,20,,22213,22,0,9 10,0,10,,22217,22,0,8,0,67,,22204,22,0,8,0,38,,22218,22,0,8,0,78,,22205,22,0,8,0,80,,22219,22,0,8,0,38,,22206,22,0,8,0,59,,22223,22,,,0,25,,22224,22,,,0,30,,22207,22,0,8,0,65,,22220,22,0,8,0,25,,22208,22,0,8,0,75,,22221,22,0,8,0,80,,22209,22,0,8,0,24,,22225,22,,,0,76,,22232,6,0,9 10,0,20,,22226,22,,,0,33,,22227,22,,,0,50,,22210,22,0,8,0,11,,22233,6,0,9 10,0,2,,22234,6,,,0,7,,22228,22,,,0,21,,22211,22,0,8,0,55,,22229,22,,,0,6,,22235,6,,,0,20,,22201,22,,,0,75,,22230,22,0,8,0,35,,22202,22,,,0
100,'S2-5_2',712,,22250,22,0,8,0,14,,22247,22,0,8,0,16,,22251,22,0,8,0,15,,22238,22,,,0,55,,22257,22,0,8,0,20,,22248,22,0,9 10,0,10,,22252,22,0,8,0,67,,22239,22,0,8,0,38,,22253,22,0,8,0,78,,22240,22,0,8,0,80,,22254,22,0,8,0,38,,22241,22,0,8,0,59,,22258,22,,,0,25,,22259,22,,,0,30,,22242,22,0,8,0,65,,22255,22,0,8,0,25,,22243,22,0,8,0,75,,22256,22,0,8,0,80,,22244,22,0,8,0,24,,22260,22,,,0,76,,22267,6,0,9 10,0,20,,22261,22,,,0,33,,22262,22,,,0,50,,22245,22,0,8,0,11,,22268,6,0,9 10,0,2,,22269,6,,,0,7,,22263,22,,,0,21,,22246,22,0,8,0,55,,22264,22,,,0,6,,22270,6,,,0,20,,22236,22,,,0,75,,22265,22,0,8,0,35,,22237,22,,,0
100,'S2-5_4',712,,22285,22,0,8,0,14,,22282,22,0,8,0,16,,22286,22,0,8,0,15,,22273,22,,,0,55,,22292,22,0,8,0,20,,22283,22,0,9 10,0,10,,22287,22,0,8,0,67,,22274,22,0,8,0,38,,22288,22,0,8,0,78,,22275,22,0,8,0,80,,22289,22,0,8,0,38,,22276,22,0,8,0,59,,22293,22,,,0,25,,22294,22,,,0,30,,22277,22,0,8,0,65,,22290,22,0,8,0,25,,22278,22,0,8,0,75,,22291,22,0,8,0,80,,22279,22,0,8,0,24,,22295,22,,,0,76,,22302,6,0,9 10,0,20,,22296,22,,,0,33,,22297,22,,,0,50,,22280,22,0,8,0,11,,22303,6,0,9 10,0,2,,22304,6,,,0,7,,22298,22,,,0,21,,22281,22,0,8,0,55,,22299,22,,,0,6,,22305,6,,,0,20,,22271,22,,,0,75,,22300,22,0,8,0,35,,22272,22,,,0
100,'S2-5_5',712,,22320,22,0,8,0,14,,22317,22,0,8,0,16,,22321,22,0,8,0,15,,22308,22,,,0,55,,22327,22,0,8,0,20,,22318,22,0,9 10,0,10,,22322,22,0,8,0,67,,22309,22,0,8,0,38,,22323,22,0,8,0,78,,22310,22,0,8,0,80,,22324,22,0,8,0,38,,22311,22,0,8,0,59,,22328,22,,,0,25,,22329,22,,,0,30,,22312,22,0,8,0,65,,22325,22,0,8,0,25,,22313,22,0,8,0,75,,22326,22,0,8,0,80,,22314,22,0,8,0,24,,22330,22,,,0,76,,22337,6,0,9 10,0,20,,22331,22,,,0,33,,22332,22,,,0,50,,22315,22,0,8,0,11,,22338,6,0,9 10,0,2,,22339,6,,,0,7,,22333,22,,,0,21,,22316,22,0,8,0,55,,22334,22,,,0,6,,22340,6,,,0,20,,22306,22,,,0,75,,22335,22,0,8,0,35,,22307,22,,,0
100,'S2-6_3',712,,22355,22,0,8,0,14,,22352,22,0,8,0,16,,22356,22,0,8,0,15,,22343,22,,,0,55,,22362,22,0,8,0,20,,22353,22,0,9 10,0,10,,22357,22,0,8,0,67,,22344,22,0,8,0,38,,22358,22,0,8,0,78,,22345,22,0,8,0,80,,22359,22,0,8,0,38,,22346,22,0,8,0,59,,22363,22,,,0,6,,22375,6,0,9 10,0,4,,22372,6,0,9 10,0,5,,22373,6,0,9 10,0,10,,22364,22,,,0,30,,22347,22,0,8,0,65,,22360,22,0,8,0,25,,22348,22,0,8,0,75,,22361,22,0,8,0,80,,22349,22,0,8,0,24,,22365,22,,,0,76,,22354,22,0,8,0,20,,22366,22,,,0,33,,22367,22,,,0,50,,22350,22,0,8,0,20,,22368,22,,,0,21,,22351,22,0,8,0,55,,22369,22,,,0,26,,22341,22,,,0,75,,22370,22,0,8,0,35,,22342,22,,,0
300,'S2-1_6',714,,23052,32,,,0,30,,23054,32,,,0,70,,23055,32,,,0,30,,23053,32,,,0,70,,23057,32,,,0,29,,23058,32,,,0,69,,23056,32,,,0,31,,23059,32,,,0,70,,23060,32,,,0,30,,23063,32,,,0,69,,23062,32,,,0,29,,23061,32,,,0,68,,23065,32,,,0,30,,23064,32,,,0,70,,23066,32,,,0,30,,23067,32,,,0,72,,23068,32,,,0,32,,23069,32,,,0,71,,23070,32,,,0,31,,23071,32,,,0,72,,23072,32,,,0,32,,23073,32,,,0,70,,23074,32,,,0,31,,23079,32,,,0,71,,23075,32,,,0,30,,23076,32,,,0,64,,23077,32,,,0,30,,23078,32,,,0
300,'S2-4_7',934,,23080,32,,,0,100,,23081,32,,,0,100,,23082,32,,,0,100,,23083,32,,,0,100,,23084,32,,,0,100,,23085,32,,,0,100,,23086,32,,,0,100,,23087,32,,,0,100,,23088,32,,,0,100,,23089,32,,,0,100,,23090,32,,,0
300,'S2-5_1',717,,23091,32,,,0,25,,23092,32,,,0,70,,23093,32,,,0,23,,23094,32,,,0,65,,23095,32,,,0,30,,23096,32,,,0,72,,23097,32,,,0,32,,23098,32,,,0,71,,23099,32,,,0,32,,23100,32,,,0,72,,23101,32,,,0,32,,23102,32,,,0,73,,23103,32,,,0,33,,23104,32,,,0,72,,23105,32,,,0,33,,23106,32,,,0,72,,23107,32,,,0,34,,23108,32,,,0,69,,23110,32,,,0,27,,23111,32,,,0,68,,23112,32,,,0,28,,23113,32,,,0,68,,23114,32,,,0,30,,23118,32,,,0,71,,23115,32,,,0,31,,23116,32,,,0,73,,23117,32,,,0,30,,23109,32,,,0
300,'S2-5_2',717,,23119,32,,,0,25,,23120,32,,,0,70,,23121,32,,,0,23,,23122,32,,,0,65,,23123,32,,,0,30,,23124,32,,,0,72,,23125,32,,,0,32,,23126,32,,,0,71,,23127,32,,,0,32,,23128,32,,,0,72,,23129,32,,,0,32,,23130,32,,,0,73,,23131,32,,,0,33,,23132,32,,,0,72,,23133,32,,,0,33,,23134,32,,,0,72,,23135,32,,,0,34,,23136,32,,,0,69,,23138,32,,,0,27,,23139,32,,,0,68,,23140,32,,,0,28,,23141,32,,,0,68,,23142,32,,,0,30,,23146,32,,,0,71,,23143,32,,,0,31,,23144,32,,,0,73,,23145,32,,,0,30,,23137,32,,,0
300,'S2-5_4',717,,23147,32,,,0,25,,23148,32,,,0,70,,23149,32,,,0,23,,23150,32,,,0,65,,23151,32,,,0,30,,23152,32,,,0,72,,23153,32,,,0,32,,23154,32,,,0,71,,23155,32,,,0,32,,23156,32,,,0,72,,23157,32,,,0,32,,23158,32,,,0,73,,23159,32,,,0,33,,23160,32,,,0,72,,23161,32,,,0,33,,23162,32,,,0,72,,23163,32,,,0,34,,23164,32,,,0,69,,23166,32,,,0,27,,23167,32,,,0,68,,23168,32,,,0,28,,23169,32,,,0,68,,23170,32,,,0,30,,23174,32,,,0,71,,23171,32,,,0,31,,23172,32,,,0,73,,23173,32,,,0,30,,23165,32,,,0
300,'S2-5_5',717,,23175,32,,,0,25,,23176,32,,,0,70,,23177,32,,,0,23,,23178,32,,,0,65,,23179,32,,,0,30,,23180,32,,,0,72,,23181,32,,,0,32,,23182,32,,,0,71,,23183,32,,,0,32,,23184,32,,,0,72,,23185,32,,,0,32,,23186,32,,,0,73,,23187,32,,,0,33,,23188,32,,,0,72,,23189,32,,,0,33,,23190,32,,,0,72,,23191,32,,,0,34,,23192,32,,,0,69,,23194,32,,,0,27,,23195,32,,,0,68,,23196,32,,,0,28,,23197,32,,,0,68,,23198,32,,,0,30,,23202,32,,,0,71,,23199,32,,,0,31,,23200,32,,,0,73,,23201,32,,,0,30,,23193,32,,,0
300,'S2-6_3',717,,23203,32,,,0,25,,23204,32,,,0,70,,23205,32,,,0,23,,23206,32,,,0,65,,23207,32,,,0,30,,23208,32,,,0,72,,23209,32,,,0,32,,23210,32,,,0,71,,23211,32,,,0,32,,23212,32,,,0,72,,23213,32,,,0,32,,23214,32,,,0,73,,23215,32,,,0,33,,23216,32,,,0,72,,23217,32,,,0,33,,23218,32,,,0,72,,23219,32,,,0,34,,23220,32,,,0,69,,23222,32,,,0,27,,23223,32,,,0,68,,23224,32,,,0,28,,23225,32,,,0,68,,23226,32,,,0,30,,23230,32,,,0,71,,23227,32,,,0,31,,23228,32,,,0,73,,23229,32,,,0,30,,23221,32,,,0
700,'S2-1_6',712,,24176,6,,,0,110,,24177,6,,,0,109,,24178,6,,,0,110,,24179,6,,,0,110,,24180,6,,,0,150,,24181,6,,,0,110,,24182,6,,,0,110,,24183,6,,,0,110,,24184,6,,,0,110,,24174,6,,,0,111,,24175,6,,,0
700,'S2-5_1',709,,24185,6,,,0,110,,24187,6,,,0,110,,24188,6,,,0,110,,24189,6,,,0,110,,24190,6,,,0,110,,24191,6,,,0,150,,24192,6,,,0,110,,24193,6,,,0,110,,24194,6,,,0,110,,24195,6,,,0,110,,24186,6,,,0
700,'S2-5_2',709,,24196,6,,,0,110,,24198,6,,,0,110,,24199,6,,,0,110,,24200,6,,,0,110,,24201,6,,,0,110,,24202,6,,,0,150,,24203,6,,,0,110,,24204,6,,,0,110,,24205,6,,,0,110,,24206,6,,,0,110,,24197,6,,,0
700,'S2-5_4',709,,24207,6,,,0,110,,24209,6,,,0,110,,24210,6,,,0,110,,24211,6,,,0,110,,24212,6,,,0,110,,24213,6,,,0,150,,24214,6,,,0,110,,24215,6,,,0,110,,24216,6,,,0,110,,24217,6,,,0,110,,24208,6,,,0
700,'S2-5_5',709,,24218,6,,,0,110,,24220,6,,,0,110,,24221,6,,,0,110,,24222,6,,,0,110,,24223,6,,,0,110,,24224,6,,,0,150,,24225,6,,,0,110,,24226,6,,,0,110,,24227,6,,,0,110,,24228,6,,,0,110,,24219,6,,,0
700,'S2-6_3',709,,24229,6,,,0,110,,24231,6,,,0,110,,24232,6,,,0,110,,24233,6,,,0,110,,24234,6,,,0,110,,24235,6,,,0,150,,24236,6,,,0,110,,24237,6,,,0,110,,24238,6,,,0,110,,24239,6,,,0,110,,24230,6,,,0
800,'S2-5_1',712,,24306,20,,,0,33,,24307,20,,,0,67,,24308,20,,,0,30,,24309,20,,,0,80,,24310,20,,,0,110,,24311,20,,,0,117,,24312,20,,,0,151,,24313,20,,,0,111,,24314,20,,,0,112,,24316,20,,,0,110,,24315,20,,,0
800,'S2-5_2',712,,24317,20,,,0,33,,24318,20,,,0,67,,24319,20,,,0,30,,24320,20,,,0,80,,24321,20,,,0,110,,24322,20,,,0,117,,24323,20,,,0,151,,24324,20,,,0,111,,24325,20,,,0,112,,24327,20,,,0,110,,24326,20,,,0
800,'S2-5_4',712,,24328,20,,,0,33,,24329,20,,,0,67,,24330,20,,,0,30,,24331,20,,,0,80,,24332,20,,,0,110,,24333,20,,,0,117,,24334,20,,,0,151,,24335,20,,,0,111,,24336,20,,,0,112,,24338,20,,,0,110,,24337,20,,,0
800,'S2-5_5',712,,24339,20,,,0,33,,24340,20,,,0,67,,24341,20,,,0,30,,24342,20,,,0,80,,24343,20,,,0,110,,24344,20,,,0,117,,24345,20,,,0,151,,24346,20,,,0,111,,24347,20,,,0,112,,24349,20,,,0,110,,24348,20,,,0
800,'S2-6_3',712,,24350,20,,,0,33,,24351,20,,,0,67,,24352,20,,,0,30,,24353,20,,,0,80,,24354,20,,,0,110,,24355,20,,,0,117,,24356,20,,,0,151,,24357,20,,,0,111,,24358,20,,,0,112,,24360,20,,,0,110,,24359,20,,,0
2200,'S2-5_1',718,,25423,15,0,11 15 16,0,120,,25424,15,0,11 15 16,0,882,,25425,15,0,11 15 16,0
2200,'S2-5_2',718,,25430,15,0,11 15 16,0,120,,25431,15,0,11 15 16,0,882,,25432,15,0,11 15 16,0
2200,'S2-5_4',718,,25437,15,0,11 15 16,0,120,,25438,15,0,11 15 16,0,882,,25439,15,0,11 15 16,0
2200,'S2-5_5',718,,25444,15,0,11 15 16,0,120,,25445,15,0,11 15 16,0,882,,25446,15,0,11 15 16,0
2200,'S2-6_3',718,,25451,15,0,11 15 16,0,120,,25452,15,0,11 15 16,0,882,,25453,15,0,11 15 16,0
2000000,'S2-1_6',646,,27566,11,,,0,81,,27567,11,,,0,79,,27568,11,,,0,30,,27569,11,,,0,20,,27570,11,,,0,60,,27571,11,,,0,18,,27572,11,,,0,18,,27573,11,,,0,59,,27574,11,,,0,20,,27575,11,,,0,19,,27576,11,,,0,59,,27577,11,,,0,19,,27578,11,,,0,20,,27579,11,,,0,58,,27580,11,,,0,19,,27581,11,,,0,18,,27582,11,,,0,59,,27583,11,,,0,19,,27584,11,,,0,19,,27585,11,,,0,18,,27586,11,,,0,59,,27587,11,,,0,20,,27588,11,,,0,20,,27589,11,,,0,59,,27590,11,,,0,19,,27591,11,,,0,20,,27592,11,,,0,60,,27593,11,,,0,20,,27594,11,,,0,20,,27595,11,,,0,59,,27596,11,,,0,20,,27597,11,,,0,20,,27598,11,,,0,60,,27599,11,,,0,18,,27600,11,,,0,20,,27601,11,,,0,64,,27602,11,,,0,25,,27603,11,,,0,65,,27604,11,,,0,24,,27605,11,,,0,25,,27606,11,,,0
2000000,'S2-4_7',822,,27607,11,,,0,80,,27608,11,,,0,40,,27609,11,,,0,80,,27610,11,,,0,80,,27611,11,,,0,40,,27612,11,,,0,80,,27613,11,,,0,80,,27614,11,,,0,40,,27615,11,,,0,80,,27616,11,,,0,80,,27617,11,,,0,40,,27618,11,,,0,80,,27619,11,,,0,80,,27620,11,,,0,40,,27621,11,,,0,80,,27622,11,,,0,80,,27623,11,,,0,40,,27624,11,,,0
2000000,'S2-5_1',649,,27664,11,,,0,62,,27646,11,,,0,17,,27674,11,,,0,15,,27630,11,,,0,15,,27657,11,,,0,55,,27639,11,,,0,15,,27666,11,,,0,15,,27649,11,,,0,16,,27677,11,,,0,56,,27631,11,,,0,16,,27662,11,,,0,15,,27640,11,,,0,56,,27667,11,,,0,15,,27647,11,,,0,16,,27675,11,,,0,16,,27632,11,,,0,56,,27663,11,,,0,15,,27641,11,,,0,16,,27668,11,,,0,17,,27648,11,,,0,54,,27678,11,,,0,14,,27633,11,,,0,16,,27656,11,,,0,16,,27642,11,,,0,55,,27665,11,,,0,15,,27650,11,,,0,15,,27676,11,,,0,15,,27635,11,,,0,55,,27658,11,,,0,15,,27645,11,,,0,15,,27670,11,,,0,15,,27651,11,,,0,55,,27679,11,,,0,15,,27636,11,,,0,15,,27659,11,,,0,16,,27644,11,,,0,47,,27627,9,0,9 10,0,8,,27669,11,,,0,14,,27652,11,,,0,16,,27628,11,,,0,15,,27680,11,,,0,55,,27626,9,0,9 10,0,3,,27634,11,,,0,14,,27661,11,,,0,16,,27643,11,,,0,15,,27671,11,,,0,50,,27683,9,0,9 10,0,6,,27654,11,,,0,13,,27629,11,,,0,14,,27681,11,,,0,15,,27637,11,,,0,54,,27660,11,,,0,14,,27672,11,,,0,19,,27653,11,,,0,62,,27682,11,,,0,20,,27638,11,,,0,19,,27673,11,,,0,61,,27655,11,,,0
2000000,'S2-5_2',649,,27723,11,,,0,62,,27705,11,,,0,17,,27733,11,,,0,15,,27689,11,,,0,15,,27716,11,,,0,55,,27698,11,,,0,15,,27725,11,,,0,15,,27708,11,,,0,16,,27736,11,,,0,56,,27690,11,,,0,16,,27721,11,,,0,15,,27699,11,,,0,56,,27726,11,,,0,15,,27706,11,,,0,16,,27734,11,,,0,16,,27691,11,,,0,56,,27722,11,,,0,15,,27700,11,,,0,16,,27727,11,,,0,17,,27707,11,,,0,54,,27737,11,,,0,14,,27692,11,,,0,16,,27715,11,,,0,16,,27701,11,,,0,55,,27724,11,,,0,15,,27709,11,,,0,15,,27735,11,,,0,15,,27694,11,,,0,55,,27717,11,,,0,15,,27704,11,,,0,15,,27729,11,,,0,15,,27710,11,,,0,55,,27738,11,,,0,15,,27695,11,,,0,15,,27718,11,,,0,16,,27703,11,,,0,47,,27686,9,0,9 10,0,8,,27728,11,,,0,14,,27711,11,,,0,16,,27687,11,,,0,15,,27739,11,,,0,55,,27685,9,0,9 10,0,3,,27693,11,,,0,14,,27720,11,,,0,16,,27702,11,,,0,15,,27730,11,,,0,50,,27742,9,0,9 10,0,6,,27713,11,,,0,13,,27688,11,,,0,14,,27740,11,,,0,15,,27696,11,,,0,54,,27719,11,,,0,14,,27731,11,,,0,19,,27712,11,,,0,62,,27741,11,,,0,20,,27697,11,,,0,19,,27732,11,,,0,61,,27714,11,,,0
2000000,'S2-5_4',649,,27782,11,,,0,62,,27764,11,,,0,17,,27792,11,,,0,15,,27748,11,,,0,15,,27775,11,,,0,55,,27757,11,,,0,15,,27784,11,,,0,15,,27767,11,,,0,16,,27795,11,,,0,56,,27749,11,,,0,16,,27780,11,,,0,15,,27758,11,,,0,56,,27785,11,,,0,15,,27765,11,,,0,16,,27793,11,,,0,16,,27750,11,,,0,56,,27781,11,,,0,15,,27759,11,,,0,16,,27786,11,,,0,17,,27766,11,,,0,54,,27796,11,,,0,14,,27751,11,,,0,16,,27774,11,,,0,16,,27760,11,,,0,55,,27783,11,,,0,15,,27768,11,,,0,15,,27794,11,,,0,15,,27753,11,,,0,55,,27776,11,,,0,15,,27763,11,,,0,15,,27788,11,,,0,15,,27769,11,,,0,55,,27797,11,,,0,15,,27754,11,,,0,15,,27777,11,,,0,16,,27762,11,,,0,47,,27745,9,0,9 10,0,8,,27787,11,,,0,14,,27770,11,,,0,16,,27746,11,,,0,15,,27798,11,,,0,55,,27744,9,0,9 10,0,3,,27752,11,,,0,14,,27779,11,,,0,16,,27761,11,,,0,15,,27789,11,,,0,50,,27801,9,0,9 10,0,6,,27772,11,,,0,13,,27747,11,,,0,14,,27799,11,,,0,15,,27755,11,,,0,54,,27778,11,,,0,14,,27790,11,,,0,19,,27771,11,,,0,62,,27800,11,,,0,20,,27756,11,,,0,19,,27791,11,,,0,61,,27773,11,,,0
2000000,'S2-5_5',649,,27841,11,,,0,62,,27823,11,,,0,17,,27851,11,,,0,15,,27807,11,,,0,15,,27834,11,,,0,55,,27816,11,,,0,15,,27843,11,,,0,15,,27826,11,,,0,16,,27854,11,,,0,56,,27808,11,,,0,16,,27839,11,,,0,15,,27817,11,,,0,56,,27844,11,,,0,15,,27824,11,,,0,16,,27852,11,,,0,16,,27809,11,,,0,56,,27840,11,,,0,15,,27818,11,,,0,16,,27845,11,,,0,17,,27825,11,,,0,54,,27855,11,,,0,14,,27810,11,,,0,16,,27833,11,,,0,16,,27819,11,,,0,55,,27842,11,,,0,15,,27827,11,,,0,15,,27853,11,,,0,15,,27812,11,,,0,55,,27835,11,,,0,15,,27822,11,,,0,15,,27847,11,,,0,15,,27828,11,,,0,55,,27856,11,,,0,15,,27813,11,,,0,15,,27836,11,,,0,16,,27821,11,,,0,47,,27804,9,0,9 10,0,8,,27846,11,,,0,14,,27829,11,,,0,16,,27805,11,,,0,15,,27857,11,,,0,55,,27803,9,0,9 10,0,3,,27811,11,,,0,14,,27838,11,,,0,16,,27820,11,,,0,15,,27848,11,,,0,50,,27860,9,0,9 10,0,6,,27831,11,,,0,13,,27806,11,,,0,14,,27858,11,,,0,15,,27814,11,,,0,54,,27837,11,,,0,14,,27849,11,,,0,19,,27830,11,,,0,62,,27859,11,,,0,20,,27815,11,,,0,19,,27850,11,,,0,61,,27832,11,,,0
2000000,'S2-6_3',649,,27899,11,,,0,62,,27881,11,,,0,17,,27909,11,,,0,15,,27865,11,,,0,15,,27892,11,,,0,55,,27874,11,,,0,15,,27901,11,,,0,15,,27884,11,,,0,16,,27912,11,,,0,56,,27866,11,,,0,16,,27897,11,,,0,15,,27875,11,,,0,56,,27902,11,,,0,15,,27882,11,,,0,16,,27910,11,,,0,16,,27867,11,,,0,56,,27898,11,,,0,15,,27876,11,,,0,16,,27903,11,,,0,17,,27883,11,,,0,54,,27913,11,,,0,9,,27918,9,0,9 10,0,3,,27862,9,0,9 10,0,2,,27868,11,,,0,3,,27861,9,0,9 10,0,13,,27891,11,,,0,16,,27877,11,,,0,55,,27900,11,,,0,15,,27885,11,,,0,15,,27911,11,,,0,15,,27870,11,,,0,55,,27893,11,,,0,15,,27880,11,,,0,15,,27905,11,,,0,15,,27886,11,,,0,55,,27914,11,,,0,15,,27871,11,,,0,15,,27894,11,,,0,16,,27879,11,,,0,55,,27904,11,,,0,14,,27887,11,,,0,16,,27863,11,,,0,15,,27915,11,,,0,58,,27869,11,,,0,14,,27896,11,,,0,16,,27878,11,,,0,15,,27906,11,,,0,56,,27889,11,,,0,13,,27864,11,,,0,14,,27916,11,,,0,15,,27872,11,,,0,54,,27895,11,,,0,14,,27907,11,,,0,19,,27888,11,,,0,62,,27917,11,,,0,20,,27873,11,,,0,19,,27908,11,,,0,61,,27890,11,,,0
