400,'S2-1_6',739,,8638,39,0,40,0,105,,8639,39,0,40,0,72,,8632,51,0,40,0,27,,8640,39,0,40,0,72,,8641,39,0,40,0,30,,8642,39,0,40,0,71,,8633,51,0,40,0,31,,8643,39,0,40,0,70,,8645,39,0,40,0,29,,8644,39,0,40,0,69,,8634,51,0,40,0,31,,8646,39,0,40,0,70,,8647,39,0,40,0,29,,8648,39,0,40,0,73,,8635,51,0,40,0,33,,8649,39,0,40,0,70,,8650,39,0,40,0,30,,8651,39,0,40,0,73,,8636,51,0,40,0,33,,8652,39,0,40,0,70,,8653,39,0,40,0,31,,8654,39,0,40,0,69,,8637,51,0,40,0,31,,8655,39,0,40,0
400,'S2-4_7',938,,8656,39,0,40,0,100,,8657,39,0,40,0,100,,8658,39,0,40,0,100,,8659,39,0,40,0,100,,8660,39,0,40,0,100,,8661,39,0,40,0,100,,8662,39,0,40,0,100,,8663,39,0,40,0,100,,8664,39,0,40,0,100,,8665,39,0,40,0
400,'S2-5_1',748,,8690,40,0,40,0,59,,8694,9,0,23 51,0,6,,8666,39,0,40,0,18,,8667,40,0,40,0,11,,8691,39,0,40,0,14,,8668,39,0,40,0,53,,8669,39,0,40,0,30,,8670,39,0,40,0,80,,8671,51,0,40,0,31,,8672,39,0,40,0,70,,8673,39,0,40,0,35,,8674,39,0,40,0,77,,8675,39,0,40,0,68,,8695,42,,,0,25,,8692,52,0,40,0,24,,8676,39,0,40,0,67,,8677,39,0,40,0,29,,8680,51,0,40,0,75,,8678,39,0,40,0,31,,8681,51,0,40,0,78,,8679,39,0,40,0,82,,8698,43,0,40,0,15,,8682,23,0,40,0,10,,8693,52,0,40,0,8,,8683,39,0,40,0,66,,8699,43,,,0,4,,8684,51,0,40,0,22,,8688,23,0,40,0,22,,8696,42,,,0,69,,8686,39,0,40,0,25,,8687,51,0,40,0
400,'S2-5_2',748,,8724,40,0,40,0,59,,8728,9,0,23 51,0,6,,8700,39,0,40,0,18,,8701,40,0,40,0,11,,8725,39,0,40,0,14,,8702,39,0,40,0,53,,8703,39,0,40,0,30,,8704,39,0,40,0,80,,8705,51,0,40,0,31,,8706,39,0,40,0,70,,8707,39,0,40,0,35,,8708,39,0,40,0,77,,8709,39,0,40,0,68,,8729,42,,,0,25,,8726,52,0,40,0,24,,8710,39,0,40,0,67,,8711,39,0,40,0,29,,8714,51,0,40,0,75,,8712,39,0,40,0,31,,8715,51,0,40,0,78,,8713,39,0,40,0,82,,8732,43,0,40,0,15,,8716,23,0,40,0,10,,8727,52,0,40,0,8,,8717,39,0,40,0,66,,8733,43,,,0,4,,8718,51,0,40,0,22,,8722,23,0,40,0,22,,8730,42,,,0,69,,8720,39,0,40,0,25,,8721,51,0,40,0
400,'S2-5_4',748,,8758,40,0,40,0,59,,8762,9,0,23 51,0,6,,8734,39,0,40,0,18,,8735,40,0,40,0,11,,8759,39,0,40,0,14,,8736,39,0,40,0,53,,8737,39,0,40,0,30,,8738,39,0,40,0,80,,8739,51,0,40,0,31,,8740,39,0,40,0,70,,8741,39,0,40,0,35,,8742,39,0,40,0,77,,8743,39,0,40,0,68,,8763,42,,,0,25,,8760,52,0,40,0,24,,8744,39,0,40,0,67,,8745,39,0,40,0,29,,8748,51,0,40,0,75,,8746,39,0,40,0,31,,8749,51,0,40,0,78,,8747,39,0,40,0,82,,8766,43,0,40,0,15,,8750,23,0,40,0,10,,8761,52,0,40,0,8,,8751,39,0,40,0,66,,8767,43,,,0,4,,8752,51,0,40,0,22,,8756,23,0,40,0,22,,8764,42,,,0,69,,8754,39,0,40,0,25,,8755,51,0,40,0
400,'S2-5_5',748,,8792,40,0,40,0,59,,8796,9,0,23 51,0,6,,8768,39,0,40,0,18,,8769,40,0,40,0,11,,8793,39,0,40,0,14,,8770,39,0,40,0,53,,8771,39,0,40,0,30,,8772,39,0,40,0,80,,8773,51,0,40,0,31,,8774,39,0,40,0,70,,8775,39,0,40,0,35,,8776,39,0,40,0,77,,8777,39,0,40,0,68,,8797,42,,,0,25,,8794,52,0,40,0,24,,8778,39,0,40,0,67,,8779,39,0,40,0,29,,8782,51,0,40,0,75,,8780,39,0,40,0,31,,8783,51,0,40,0,78,,8781,39,0,40,0,82,,8800,43,0,40,0,15,,8784,23,0,40,0,10,,8795,52,0,40,0,8,,8785,39,0,40,0,66,,8801,43,,,0,4,,8786,51,0,40,0,22,,8790,23,0,40,0,22,,8798,42,,,0,69,,8788,39,0,40,0,25,,8789,51,0,40,0
400,'S2-6_3',748,,8825,40,0,40,0,59,,8829,9,0,23 51,0,6,,8802,39,0,40,0,18,,8803,40,0,40,0,11,,8826,39,0,40,0,14,,8804,39,0,40,0,53,,8805,39,0,40,0,30,,8806,39,0,40,0,80,,8807,51,0,40,0,31,,8808,39,0,40,0,70,,8809,39,0,40,0,35,,8810,39,0,40,0,77,,8811,39,0,40,0,68,,8830,42,,,0,25,,8827,52,0,40,0,24,,8812,39,0,40,0,67,,8813,39,0,40,0,29,,8816,51,0,40,0,75,,8814,39,0,40,0,31,,8817,51,0,40,0,78,,8815,39,0,40,0,82,,8833,43,0,40,0,15,,8818,23,0,40,0,10,,8828,52,0,40,0,8,,8819,39,0,40,0,66,,8834,43,,,0,4,,8820,51,0,40,0,22,,8821,39,0,40,0,22,,8831,42,,,0,69,,8822,39,0,40,0,25,,8823,51,0,40,0
2300,'S2-5_1',1621,,10711,20,,,0,104,,10712,20,,,0,96,,10713,20,,,0
2300,'S2-5_2',1621,,10714,20,,,0,104,,10715,20,,,0,96,,10716,20,,,0
2300,'S2-5_4',1621,,10717,20,,,0,104,,10718,20,,,0,96,,10719,20,,,0
2300,'S2-5_5',1621,,10720,20,,,0,104,,10721,20,,,0,96,,10722,20,,,0
2300,'S2-6_3',1226,,10724,20,,,0,3,,10723,20,,,0
2900400,'S2-5_1',1701,,13540,5,,,0,100,,13541,5,,,0
2900400,'S2-5_2',1701,,13542,5,,,0,100,,13543,5,,,0
2900400,'S2-5_4',1701,,13544,5,,,0,100,,13545,5,,,0
2900400,'S2-5_5',1701,,13546,5,,,0,100,,13547,5,,,0
2900400,'S2-6_3',1701,,13548,5,,,0,100,,13549,5,,,0
