'2509-HIV-25k03H-w-Mercredi-00',900300,71300,0,'Ncmi',0,2000,0,'Ncmi',0,2500,0,'Ncmi',0,7000,0,'Ncmi',0,3000,0,'Ncmi',0,7000,0,'Ncmi',0,3000,0,'Ncmi',0,7000,0,'Ncmi',0,3000,0,'Ncmi',0,7000,0,'Ncmi',0,3000,0,'Ncmi',0,7000,0,'Ncmi',0,3000,0,'Ncmi',0,7000,0,'Ncmi',0,3000,0,'Ncmi',0,7000,0,'Ncmi',0,3000,0,'Ncmi',0,7000,0,'Ncmi',0,3000,0,'Ncmi',0,7000,0,'Ncmi',0,3000,0,'Ncmi',0,7000,0,'Ncmi',0,3000,0,'Ncmi',0,7000,0,'Ncmi',0,2000,0,'Ncmi',0,6000,0,'Ncmi',0
'2509-HIV-25k03H-w-Mercredi-00',900301,73300,4,'',0,2000,4,'',0,6500,4,'',0,3000,4,'',0,7000,4,'',0,3000,4,'',0,7000,4,'',0,3000,4,'',0,7000,4,'',0,3000,4,'',0,7000,4,'',0,3000,4,'',0,7000,4,'',0,3000,4,'',0,7000,4,'',0,3000,4,'',0,7000,4,'',0,3000,4,'',0,7000,4,'',0,3000,4,'',0,7000,4,'',0,3000,4,'',0,7000,4,'',0,3000,4,'',0,6000,4,'',0
'2509-HIV-25k03Hlv-L-Ma-J-V-00',900300,71300,0,'Ncmi',0,2000,0,'Ncmi',0,2500,0,'Ncmi',0,7000,0,'Ncmi',0,3000,0,'Ncmi',0,7000,0,'Ncmi',0,3000,0,'Ncmi',0,7000,0,'Ncmi',0,3000,0,'Ncmi',0,7000,0,'Ncmi',0,3000,0,'Ncmi',0,7000,0,'Ncmi',0,3000,0,'Ncmi',0,7000,0,'Ncmi',0,3000,0,'Ncmi',0,7000,0,'Ncmi',0,3000,0,'Ncmi',0,7000,0,'Ncmi',0,3000,0,'Ncmi',0,7000,0,'Ncmi',0,3000,0,'Ncmi',0,7000,0,'Ncmi',0,3000,0,'Ncmi',0,7000,0,'Ncmi',0,2000,0,'Ncmi',0,6000,0,'Ncmi',0
'2509-HIV-25k03Hlv-L-Ma-J-V-00',900301,73300,4,'',0,2000,4,'',0,6500,4,'',0,3000,4,'',0,7000,4,'',0,3000,4,'',0,7000,4,'',0,3000,4,'',0,7000,4,'',0,3000,4,'',0,7000,4,'',0,3000,4,'',0,7000,4,'',0,3000,4,'',0,7000,4,'',0,3000,4,'',0,7000,4,'',0,3000,4,'',0,7000,4,'',0,3000,4,'',0,7000,4,'',0,3000,4,'',0,7000,4,'',0,3000,4,'',0,6000,4,'',0
'2509-HIV-25l08H-w-Mercredi-00',900300,71300,0,'Ncmi',0,2000,0,'Ncmi',0,2500,0,'Ncmi',0,7000,0,'Ncmi',0,3000,0,'Ncmi',0,7000,0,'Ncmi',0,3000,0,'Ncmi',0,7000,0,'Ncmi',0,3000,0,'Ncmi',0,7000,0,'Ncmi',0,3000,0,'Ncmi',0,7000,0,'Ncmi',0,3000,0,'Ncmi',0,7000,0,'Ncmi',0,3000,0,'Ncmi',0,7000,0,'Ncmi',0,3000,0,'Ncmi',0,7000,0,'Ncmi',0,3000,0,'Ncmi',0,7000,0,'Ncmi',0,3000,0,'Ncmi',0,7000,0,'Ncmi',0,3000,0,'Ncmi',0,7000,0,'Ncmi',0,2000,0,'Ncmi',0,6000,0,'Ncmi',0
'2509-HIV-25l08H-w-Mercredi-00',900301,73300,4,'',0,2000,4,'',0,6500,4,'',0,3000,4,'',0,7000,4,'',0,3000,4,'',0,7000,4,'',0,3000,4,'',0,7000,4,'',0,3000,4,'',0,7000,4,'',0,3000,4,'',0,7000,4,'',0,3000,4,'',0,7000,4,'',0,3000,4,'',0,7000,4,'',0,3000,4,'',0,7000,4,'',0,3000,4,'',0,7000,4,'',0,3000,4,'',0,7000,4,'',0,3000,4,'',0,6000,4,'',0
'2509-HIV-25l08Hlv-L-Ma-J-V-00',900300,71300,0,'Ncmi',0,2000,0,'Ncmi',0,2500,0,'Ncmi',0,7000,0,'Ncmi',0,3000,0,'Ncmi',0,7000,0,'Ncmi',0,3000,0,'Ncmi',0,7000,0,'Ncmi',0,3000,0,'Ncmi',0,7000,0,'Ncmi',0,3000,0,'Ncmi',0,7000,0,'Ncmi',0,3000,0,'Ncmi',0,7000,0,'Ncmi',0,3000,0,'Ncmi',0,7000,0,'Ncmi',0,3000,0,'Ncmi',0,7000,0,'Ncmi',0,3000,0,'Ncmi',0,7000,0,'Ncmi',0,3000,0,'Ncmi',0,7000,0,'Ncmi',0,3000,0,'Ncmi',0,7000,0,'Ncmi',0,2000,0,'Ncmi',0,6000,0,'Ncmi',0
'2509-HIV-25l08Hlv-L-Ma-J-V-00',900301,73300,4,'',0,2000,4,'',0,6500,4,'',0,3000,4,'',0,7000,4,'',0,3000,4,'',0,7000,4,'',0,3000,4,'',0,7000,4,'',0,3000,4,'',0,7000,4,'',0,3000,4,'',0,7000,4,'',0,3000,4,'',0,7000,4,'',0,3000,4,'',0,7000,4,'',0,3000,4,'',0,7000,4,'',0,3000,4,'',0,7000,4,'',0,3000,4,'',0,7000,4,'',0,3000,4,'',0,6000,4,'',0
'2509-HIV-25l18Hlv-L-Ma-J-V-00',900300,71300,0,'Ncmi',0,2000,0,'Ncmi',0,2500,0,'Ncmi',0,7000,0,'Ncmi',0,3000,0,'Ncmi',0,7000,0,'Ncmi',0,3000,0,'Ncmi',0,7000,0,'Ncmi',0,3000,0,'Ncmi',0,7000,0,'Ncmi',0,3000,0,'Ncmi',0,7000,0,'Ncmi',0,3000,0,'Ncmi',0,7000,0,'Ncmi',0,3000,0,'Ncmi',0,7000,0,'Ncmi',0,3000,0,'Ncmi',0,7000,0,'Ncmi',0,3000,0,'Ncmi',0,7000,0,'Ncmi',0,3000,0,'Ncmi',0,7000,0,'Ncmi',0,3000,0,'Ncmi',0,7000,0,'Ncmi',0,2000,0,'Ncmi',0,6000,0,'Ncmi',0
'2509-HIV-25l18Hlv-L-Ma-J-V-00',900301,73300,4,'',0,2000,4,'',0,6500,4,'',0,3000,4,'',0,7000,4,'',0,3000,4,'',0,7000,4,'',0,3000,4,'',0,7000,4,'',0,3000,4,'',0,7000,4,'',0,3000,4,'',0,7000,4,'',0,3000,4,'',0,7000,4,'',0,3000,4,'',0,7000,4,'',0,3000,4,'',0,7000,4,'',0,3000,4,'',0,7000,4,'',0,3000,4,'',0,7000,4,'',0,3000,4,'',0,6000,4,'',0
'2509-HIV-26a05H-w-Mercredi-00',900300,71300,0,'Ncmi',0,2000,0,'Ncmi',0,2500,0,'Ncmi',0,7000,0,'Ncmi',0,3000,0,'Ncmi',0,7000,0,'Ncmi',0,3000,0,'Ncmi',0,7000,0,'Ncmi',0,3000,0,'Ncmi',0,7000,0,'Ncmi',0,3000,0,'Ncmi',0,7000,0,'Ncmi',0,3000,0,'Ncmi',0,7000,0,'Ncmi',0,3000,0,'Ncmi',0,7000,0,'Ncmi',0,3000,0,'Ncmi',0,7000,0,'Ncmi',0,3000,0,'Ncmi',0,7000,0,'Ncmi',0,3000,0,'Ncmi',0,7000,0,'Ncmi',0,3000,0,'Ncmi',0,7000,0,'Ncmi',0,2000,0,'Ncmi',0,6000,0,'Ncmi',0
'2509-HIV-26a05H-w-Mercredi-00',900301,73300,4,'',0,2000,4,'',0,6500,4,'',0,3000,4,'',0,7000,4,'',0,3000,4,'',0,7000,4,'',0,3000,4,'',0,7000,4,'',0,3000,4,'',0,7000,4,'',0,3000,4,'',0,7000,4,'',0,3000,4,'',0,7000,4,'',0,3000,4,'',0,7000,4,'',0,3000,4,'',0,7000,4,'',0,3000,4,'',0,7000,4,'',0,3000,4,'',0,7000,4,'',0,3000,4,'',0,6000,4,'',0
'2509-HIV-26a05Hlv-L-Ma-J-V-00',900300,71300,0,'Ncmi',0,2000,0,'Ncmi',0,2500,0,'Ncmi',0,7000,0,'Ncmi',0,3000,0,'Ncmi',0,7000,0,'Ncmi',0,3000,0,'Ncmi',0,7000,0,'Ncmi',0,3000,0,'Ncmi',0,7000,0,'Ncmi',0,3000,0,'Ncmi',0,7000,0,'Ncmi',0,3000,0,'Ncmi',0,7000,0,'Ncmi',0,3000,0,'Ncmi',0,7000,0,'Ncmi',0,3000,0,'Ncmi',0,7000,0,'Ncmi',0,3000,0,'Ncmi',0,7000,0,'Ncmi',0,3000,0,'Ncmi',0,7000,0,'Ncmi',0,3000,0,'Ncmi',0,7000,0,'Ncmi',0,2000,0,'Ncmi',0,6000,0,'Ncmi',0
'2509-HIV-26a05Hlv-L-Ma-J-V-00',900301,73300,4,'',0,2000,4,'',0,6500,4,'',0,3000,4,'',0,7000,4,'',0,3000,4,'',0,7000,4,'',0,3000,4,'',0,7000,4,'',0,3000,4,'',0,7000,4,'',0,3000,4,'',0,7000,4,'',0,3000,4,'',0,7000,4,'',0,3000,4,'',0,7000,4,'',0,3000,4,'',0,7000,4,'',0,3000,4,'',0,7000,4,'',0,3000,4,'',0,7000,4,'',0,3000,4,'',0,6000,4,'',0
