201,'2509-HIV-25j05H-d-Dimanche-00',937,,8841,4,,0,408,,8842,4,,0,277,,8843,4,,0,295,,8844,4,,0
201,'2509-HIV-25j26H-d-Dimanche-00',937,,8861,4,,0,408,,8862,4,,0,277,,8863,4,,0,295,,8864,4,,0
201,'2509-HIV-25k03H-s-Samedi-00',807,,8897,4,,0,119,,8886,4,,0,126,,8899,4,,0,195,,8889,4,,0,107,,8890,4,,0,105,,8891,4,,0,90,,8880,4,,0,102,,8881,4,,0,165,,8894,4,,0,123,,8907,4,,0,72,,8896,4,,0
201,'2509-HIV-25l22Vlv-Semaine-00',802,,8947,4,,0,47,,8943,4,,0,87,,8945,4,,0,203,,8935,4,,0,118,,8931,4,,0,59,,8938,4,,0,117,,8927,4,,0,187,,8925,4,,0,84,,8922,4,,0,30,,8923,4,,0,76,,8913,4,,0,25,,8912,4,,0,69,,8918,4,,0,30,,8914,4,,0,82,,8911,4,,0
201,'2509-HIV-26a05H-s-Samedi-00',807,,8972,4,,0,119,,8961,4,,0,126,,8974,4,,0,195,,8964,4,,0,107,,8965,4,,0,105,,8966,4,,0,90,,8955,4,,0,102,,8956,4,,0,165,,8969,4,,0,123,,8982,4,,0,72,,8971,4,,0
201,'2509-HIV-26a05H-w-Mercredi-00',802,,8997,4,,0,48,,9006,4,,0,88,,9007,4,,0,202,,8999,4,,0,118,,9000,4,,0,60,,9019,4,,0,116,,9021,4,,0,186,,8990,4,,0,87,,9017,4,,0,31,,9016,4,,0,75,,9003,4,,0,25,,8991,4,,0,68,,9014,4,,0,28,,9004,4,,0,80,,9005,4,,0
201,'2509-HIV-26a05Hlv-L-Ma-J-V-00',802,,9037,4,,0,48,,9046,4,,0,88,,9047,4,,0,202,,9039,4,,0,118,,9040,4,,0,60,,9059,4,,0,116,,9061,4,,0,186,,9030,4,,0,87,,9057,4,,0,31,,9056,4,,0,75,,9043,4,,0,25,,9031,4,,0,68,,9054,4,,0,28,,9044,4,,0,80,,9045,4,,0
201,'2509-HIV-26b23Vlv-Semaine-00',802,,9101,4,,0,47,,9097,4,,0,87,,9099,4,,0,203,,9089,4,,0,118,,9085,4,,0,59,,9092,4,,0,117,,9081,4,,0,187,,9079,4,,0,84,,9076,4,,0,30,,9077,4,,0,76,,9067,4,,0,25,,9066,4,,0,69,,9072,4,,0,30,,9068,4,,0,82,,9065,4,,0
201,'2509-HIV-26c02Vlv-Semaine-00',802,,9140,4,,0,47,,9136,4,,0,87,,9138,4,,0,203,,9128,4,,0,118,,9124,4,,0,59,,9131,4,,0,117,,9120,4,,0,187,,9118,4,,0,84,,9115,4,,0,30,,9116,4,,0,76,,9106,4,,0,25,,9105,4,,0,69,,9111,4,,0,30,,9107,4,,0,82,,9104,4,,0
29000201,'2509-HIV-26a05H-w-Mercredi-00',1812,,16064,4,,0,98,,16065,4,,0
29000201,'2509-HIV-26a05Hlv-L-Ma-J-V-00',1812,,16066,4,,0,98,,16067,4,,0
