100,'2509-HIV-25j05H-d-Dimanche-00',920,,8077,0,46,0,105,,8082,0,46,0,106,,8078,0,46,0,104,,8083,0,46,0,90,,8079,0,46,0,100,,8084,0,46,0,105,,8080,0,46,0,105,,8085,0,46,0,105,,8081,0,46,0,105,,8086,0,46,0
100,'2509-HIV-25j26H-d-Dimanche-00',920,,8091,0,46,0,105,,8096,0,46,0,106,,8092,0,46,0,104,,8097,0,46,0,90,,8093,0,46,0,100,,8098,0,46,0,105,,8094,0,46,0,105,,8099,0,46,0,105,,8095,0,46,0,105,,8100,0,46,0
100,'2509-HIV-25k03H-s-Samedi-00',716,,8105,0,46,0,110,,8117,0,46,0,95,,8106,0,46,0,30,,8118,0,46,0,69,,8107,0,46,0,33,,8119,0,46,0,70,,8108,0,46,0,29,,8120,0,46,0,71,,8109,0,46,0,28,,8121,0,46,0,70,,8110,0,46,0,30,,8122,0,46,0,70,,8111,0,46,0,31,,8123,0,46,0,69,,8112,0,46,0,31,,8124,0,46,0,71,,8113,0,46,0,31,,8125,0,46,0,73,,8114,0,46,0,28,,8126,0,46,0,70,,8115,0,46,0,31,,8127,0,46,0,69,,8116,0,46,0
100,'2509-HIV-25l22Vlv-Semaine-00',716,,8142,,,0,15,,8139,0,46,0,15,,8143,0,46,0,55,,8130,,,0,15,,8149,0,46,0,15,,8140,0,6 7,0,15,,8144,0,46,0,65,,8131,0,46,0,39,,8145,0,46,0,80,,8132,0,46,0,80,,8146,0,46,0,35,,8133,0,46,0,60,,8150,,,0,25,,8151,,,0,70,,8134,0,46,0,25,,8147,0,46,0,25,,8135,0,46,0,72,,8148,0,46,0,78,,8136,0,46,0,30,,8152,0,46,0,71,,8141,0,46,0,24,,8153,,,0,34,,8137,,,0,71,,8154,,,0,70,,8138,,,0,30,,8128,,,0,76,,8155,0,46,0,25,,8129,,,0
100,'2509-HIV-26a05H-s-Samedi-00',716,,8156,0,46,0,110,,8168,0,46,0,95,,8157,0,46,0,30,,8169,0,46,0,69,,8158,0,46,0,33,,8170,0,46,0,70,,8159,0,46,0,29,,8171,0,46,0,71,,8160,0,46,0,28,,8172,0,46,0,70,,8161,0,46,0,30,,8173,0,46,0,70,,8162,0,46,0,31,,8174,0,46,0,69,,8163,0,46,0,31,,8175,0,46,0,71,,8164,0,46,0,31,,8176,0,46,0,73,,8165,0,46,0,28,,8177,0,46,0,70,,8166,0,46,0,31,,8178,0,46,0,69,,8167,0,46,0
100,'2509-HIV-26a05H-w-Mercredi-00',714,,8193,0,46,0,14,,8190,0,46,0,16,,8194,0,46,0,15,,8181,,,0,55,,8200,0,46,0,20,,8191,0,6 7,0,10,,8195,0,46,0,67,,8182,0,46,0,38,,8196,0,46,0,78,,8183,0,46,0,80,,8197,0,46,0,38,,8184,0,46,0,59,,8201,,,0,25,,8202,,,0,30,,8185,0,46,0,65,,8198,0,46,0,25,,8186,0,46,0,75,,8199,0,46,0,80,,8187,0,46,0,24,,8203,,,0,76,,8192,0,46,0,20,,8204,,,0,34,,8205,,,0,50,,8188,0,46,0,20,,8206,,,0,21,,8189,0,46,0,55,,8207,,,0,25,,8179,,,0,75,,8208,0,46,0,35,,8180,,,0
100,'2509-HIV-26a05H-w-Mercredi-00-0010000',1214,,8210,0,6 7,0,5,,8211,0,6 7,0
100,'2509-HIV-26a05Hlv-L-Ma-J-V-00',714,,8227,0,46,0,14,,8224,0,46,0,16,,8228,0,46,0,15,,8215,,,0,55,,8234,0,46,0,20,,8225,0,6 7,0,10,,8229,0,46,0,67,,8216,0,46,0,38,,8230,0,46,0,78,,8217,0,46,0,80,,8231,0,46,0,38,,8218,0,46,0,59,,8235,,,0,25,,8236,,,0,30,,8219,0,46,0,65,,8232,0,46,0,25,,8220,0,46,0,75,,8233,0,46,0,80,,8221,0,46,0,24,,8237,,,0,76,,8226,0,46,0,20,,8238,,,0,34,,8239,,,0,50,,8222,0,46,0,20,,8240,,,0,21,,8223,0,46,0,55,,8241,,,0,25,,8213,,,0,75,,8242,0,46,0,35,,8214,,,0
100,'2509-HIV-26a05Hlv-L-Ma-J-V-00-1101100',1604,,8244,0,6 7,0,115,,8245,0,6 7,0,2,,8246,,,0,89,,8247,,,0
100,'2509-HIV-26b23Vlv-Semaine-00',716,,8262,,,0,15,,8259,0,46,0,15,,8263,0,46,0,55,,8250,,,0,15,,8269,0,46,0,15,,8260,0,6 7,0,15,,8264,0,46,0,65,,8251,0,46,0,39,,8265,0,46,0,80,,8252,0,46,0,80,,8266,0,46,0,35,,8253,0,46,0,60,,8270,,,0,25,,8271,,,0,70,,8254,0,46,0,25,,8267,0,46,0,25,,8255,0,46,0,72,,8268,0,46,0,78,,8256,0,46,0,30,,8272,0,46,0,71,,8261,0,46,0,24,,8273,,,0,34,,8257,,,0,71,,8274,,,0,70,,8258,,,0,30,,8248,,,0,76,,8275,0,46,0,25,,8249,,,0
100,'2509-HIV-26c02Vlv-Semaine-00',716,,8290,,,0,15,,8287,0,46,0,15,,8291,0,46,0,55,,8278,,,0,15,,8297,0,46,0,15,,8288,0,6 7,0,15,,8292,0,46,0,65,,8279,0,46,0,39,,8293,0,46,0,80,,8280,0,46,0,80,,8294,0,46,0,35,,8281,0,46,0,60,,8298,,,0,25,,8299,,,0,70,,8282,0,46,0,25,,8295,0,46,0,25,,8283,0,46,0,72,,8296,0,46,0,78,,8284,0,46,0,30,,8300,0,46,0,71,,8289,0,46,0,24,,8301,,,0,34,,8285,,,0,71,,8302,,,0,70,,8286,,,0,30,,8276,,,0,76,,8303,0,46,0,25,,8277,,,0
300,'2509-HIV-25j05H-d-Dimanche-00',936,,9141,,,0,100,,9142,,,0,100,,9143,,,0,100,,9144,,,0,100,,9145,,,0,100,,9146,,,0,100,,9147,,,0,100,,9148,,,0,100,,9149,,,0,100,,9150,,,0,100,,9151,,,0
300,'2509-HIV-25j26H-d-Dimanche-00',936,,9152,,,0,100,,9153,,,0,100,,9154,,,0,100,,9155,,,0,100,,9156,,,0,100,,9157,,,0,100,,9158,,,0,100,,9159,,,0,100,,9160,,,0,100,,9161,,,0,100,,9162,,,0
300,'2509-HIV-25k03H-s-Samedi-00',716,,9163,,,0,30,,9165,,,0,70,,9166,,,0,30,,9164,,,0,70,,9168,,,0,29,,9169,,,0,69,,9167,,,0,31,,9170,,,0,70,,9171,,,0,30,,9174,,,0,69,,9173,,,0,29,,9172,,,0,68,,9176,,,0,30,,9175,,,0,70,,9177,,,0,30,,9178,,,0,72,,9179,,,0,32,,9180,,,0,71,,9181,,,0,31,,9182,,,0,72,,9183,,,0,32,,9184,,,0,70,,9185,,,0,31,,9190,,,0,71,,9186,,,0,30,,9187,,,0,64,,9188,,,0,30,,9189,,,0
300,'2509-HIV-25l22Vlv-Semaine-00',721,,9191,,,0,25,,9192,,,0,70,,9193,,,0,23,,9196,,,0,65,,9195,,,0,29,,9194,,,0,72,,9198,,,0,32,,9201,,,0,71,,9203,,,0,32,,9199,,,0,72,,9204,,,0,32,,9197,,,0,73,,9200,,,0,33,,9202,,,0,72,,9205,,,0,33,,9206,,,0,72,,9207,,,0,74,,9209,,,0,29,,9208,,,0,28,,9211,,,0,68,,9213,,,0,27,,9215,,,0,68,,9212,,,0,30,,9218,,,0,72,,9217,,,0,30,,9214,,,0,73,,9216,,,0,30,,9210,,,0
300,'2509-HIV-26a05H-s-Samedi-00',716,,9219,,,0,30,,9221,,,0,70,,9222,,,0,30,,9220,,,0,70,,9224,,,0,29,,9225,,,0,69,,9223,,,0,31,,9226,,,0,70,,9227,,,0,30,,9230,,,0,69,,9229,,,0,29,,9228,,,0,68,,9232,,,0,30,,9231,,,0,70,,9233,,,0,30,,9234,,,0,72,,9235,,,0,32,,9236,,,0,71,,9237,,,0,31,,9238,,,0,72,,9239,,,0,32,,9240,,,0,70,,9241,,,0,31,,9246,,,0,71,,9242,,,0,30,,9243,,,0,64,,9244,,,0,30,,9245,,,0
300,'2509-HIV-26a05H-w-Mercredi-00',719,,9247,,,0,25,,9248,,,0,70,,9249,,,0,23,,9250,,,0,65,,9251,,,0,30,,9252,,,0,72,,9253,,,0,32,,9254,,,0,71,,9255,,,0,32,,9256,,,0,72,,9257,,,0,32,,9258,,,0,73,,9259,,,0,33,,9260,,,0,72,,9261,,,0,33,,9262,,,0,72,,9263,,,0,74,,9264,,,0,29,,9266,,,0,27,,9267,,,0,68,,9268,,,0,28,,9269,,,0,68,,9270,,,0,30,,9274,,,0,71,,9271,,,0,31,,9272,,,0,73,,9273,,,0,30,,9265,,,0
300,'2509-HIV-26a05Hlv-L-Ma-J-V-00',719,,9275,,,0,25,,9276,,,0,70,,9277,,,0,23,,9278,,,0,65,,9279,,,0,30,,9280,,,0,72,,9281,,,0,32,,9282,,,0,71,,9283,,,0,32,,9284,,,0,72,,9285,,,0,32,,9286,,,0,73,,9287,,,0,33,,9288,,,0,72,,9289,,,0,33,,9290,,,0,72,,9291,,,0,74,,9292,,,0,29,,9294,,,0,27,,9295,,,0,68,,9296,,,0,28,,9297,,,0,68,,9298,,,0,30,,9302,,,0,71,,9299,,,0,31,,9300,,,0,73,,9301,,,0,30,,9293,,,0
300,'2509-HIV-26b23Vlv-Semaine-00',721,,9303,,,0,25,,9304,,,0,70,,9305,,,0,23,,9308,,,0,65,,9307,,,0,29,,9306,,,0,72,,9310,,,0,32,,9313,,,0,71,,9315,,,0,32,,9311,,,0,72,,9316,,,0,32,,9309,,,0,73,,9312,,,0,33,,9314,,,0,72,,9317,,,0,33,,9318,,,0,72,,9319,,,0,74,,9321,,,0,29,,9320,,,0,28,,9323,,,0,68,,9325,,,0,27,,9327,,,0,68,,9324,,,0,30,,9330,,,0,72,,9329,,,0,30,,9326,,,0,73,,9328,,,0,30,,9322,,,0
300,'2509-HIV-26c02Vlv-Semaine-00',721,,9331,,,0,25,,9332,,,0,70,,9333,,,0,23,,9336,,,0,65,,9335,,,0,29,,9334,,,0,72,,9338,,,0,32,,9341,,,0,71,,9343,,,0,32,,9339,,,0,72,,9344,,,0,32,,9337,,,0,73,,9340,,,0,33,,9342,,,0,72,,9345,,,0,33,,9346,,,0,72,,9347,,,0,74,,9349,,,0,29,,9348,,,0,28,,9351,,,0,68,,9353,,,0,27,,9355,,,0,68,,9352,,,0,30,,9358,,,0,72,,9357,,,0,30,,9354,,,0,73,,9356,,,0,30,,9350,,,0
700,'2509-HIV-25k03H-s-Samedi-00',714,,10461,,,0,110,,10462,,,0,109,,10463,,,0,110,,10464,,,0,110,,10465,,,0,150,,10466,,,0,110,,10467,,,0,110,,10468,,,0,110,,10469,,,0,110,,10459,,,0,111,,10460,,,0
700,'2509-HIV-25l22Vlv-Semaine-00',711,,10470,,,0,110,,10472,,,0,110,,10473,,,0,110,,10474,,,0,110,,10475,,,0,150,,10476,,,0,110,,10477,,,0,110,,10478,,,0,110,,10479,,,0,110,,10480,,,0,110,,10471,,,0
700,'2509-HIV-26a05H-s-Samedi-00',714,,10483,,,0,110,,10484,,,0,109,,10485,,,0,110,,10486,,,0,110,,10487,,,0,150,,10488,,,0,110,,10489,,,0,110,,10490,,,0,110,,10491,,,0,110,,10481,,,0,111,,10482,,,0
700,'2509-HIV-26a05H-w-Mercredi-00',711,,10492,,,0,110,,10494,,,0,110,,10495,,,0,110,,10496,,,0,110,,10497,,,0,150,,10498,,,0,110,,10499,,,0,110,,10500,,,0,110,,10501,,,0,110,,10502,,,0,110,,10493,,,0
700,'2509-HIV-26a05Hlv-L-Ma-J-V-00',711,,10503,,,0,110,,10505,,,0,110,,10506,,,0,110,,10507,,,0,110,,10508,,,0,150,,10509,,,0,110,,10510,,,0,110,,10511,,,0,110,,10512,,,0,110,,10513,,,0,110,,10504,,,0
700,'2509-HIV-26b23Vlv-Semaine-00',711,,10514,,,0,110,,10516,,,0,110,,10517,,,0,110,,10518,,,0,110,,10519,,,0,150,,10520,,,0,110,,10521,,,0,110,,10522,,,0,110,,10523,,,0,110,,10524,,,0,110,,10515,,,0
700,'2509-HIV-26c02Vlv-Semaine-00',711,,10525,,,0,110,,10527,,,0,110,,10528,,,0,110,,10529,,,0,110,,10530,,,0,150,,10531,,,0,110,,10532,,,0,110,,10533,,,0,110,,10534,,,0,110,,10535,,,0,110,,10526,,,0
800,'2509-HIV-25l22Vlv-Semaine-00',714,,10613,,,0,33,,10614,,,0,67,,10615,,,0,30,,10616,,,0,80,,10617,,,0,110,,10618,,,0,117,,10619,,,0,151,,10620,,,0,111,,10621,,,0,112,,10623,,,0,110,,10622,,,0
800,'2509-HIV-26a05H-w-Mercredi-00',714,,10624,,,0,33,,10625,,,0,67,,10626,,,0,30,,10627,,,0,80,,10628,,,0,110,,10629,,,0,117,,10630,,,0,151,,10631,,,0,111,,10632,,,0,112,,10634,,,0,110,,10633,,,0
800,'2509-HIV-26a05Hlv-L-Ma-J-V-00',714,,10635,,,0,33,,10636,,,0,67,,10637,,,0,30,,10638,,,0,80,,10639,,,0,110,,10640,,,0,117,,10641,,,0,151,,10642,,,0,111,,10643,,,0,112,,10645,,,0,110,,10644,,,0
800,'2509-HIV-26b23Vlv-Semaine-00',714,,10646,,,0,33,,10647,,,0,67,,10648,,,0,30,,10649,,,0,80,,10650,,,0,110,,10651,,,0,117,,10652,,,0,151,,10653,,,0,111,,10654,,,0,112,,10656,,,0,110,,10655,,,0
800,'2509-HIV-26c02Vlv-Semaine-00',714,,10657,,,0,33,,10658,,,0,67,,10659,,,0,30,,10660,,,0,80,,10661,,,0,110,,10662,,,0,117,,10663,,,0,151,,10664,,,0,111,,10665,,,0,112,,10667,,,0,110,,10666,,,0
2200,'2509-HIV-26a05H-w-Mercredi-00',720,,11744,0,22 53 54,0,120,,11745,0,22 53 54,0,882,,11746,0,22 53 54,0
2200,'2509-HIV-26a05Hlv-L-Ma-J-V-00',720,,11749,0,22 53 54,0,120,,11750,0,22 53 54,0,882,,11751,0,22 53 54,0
901500,'2509-HIV-25k03H-s-Samedi-00',853,,12539,,,0,60,,12540,,,0,20,,12541,,,0,20,,12542,,,0,60,,12543,,,0,20,,12544,,,0,20,,12545,,,0,60,,12546,,,0,20,,12547,,,0,20,,12548,,,0,60,,12549,,,0,20,,12550,,,0,20,,12551,,,0,60,,12552,,,0,20,,12553,,,0,20,,12554,,,0,60,,12555,,,0,20,,12556,,,0,20,,12557,,,0,80,,12558,,,0,20,,12559,,,0,60,,12560,,,0,20,,12561,,,0,20,,12562,,,0,60,,12563,,,0,20,,12564,,,0,20,,12565,,,0,60,,12566,,,0,20,,12567,,,0,20,,12568,,,0,60,,12569,,,0,20,,12570,,,0
901500,'2509-HIV-25l22Vlv-Semaine-00',853,,12571,,,0,60,,12572,,,0,20,,12573,,,0,20,,12574,,,0,60,,12575,,,0,20,,12576,,,0,20,,12577,,,0,60,,12578,,,0,20,,12579,,,0,20,,12580,,,0,60,,12581,,,0,20,,12582,,,0,20,,12583,,,0,60,,12584,,,0,20,,12585,,,0,20,,12586,,,0,60,,12587,,,0,20,,12588,,,0,20,,12589,,,0,80,,12590,,,0,20,,12591,,,0,60,,12592,,,0,20,,12593,,,0,20,,12594,,,0,60,,12595,,,0,20,,12596,,,0,20,,12597,,,0,60,,12598,,,0,20,,12599,,,0,20,,12600,,,0,60,,12601,,,0,20,,12602,,,0
901500,'2509-HIV-26a05H-s-Samedi-00',853,,12603,,,0,60,,12604,,,0,20,,12605,,,0,20,,12606,,,0,60,,12607,,,0,20,,12608,,,0,20,,12609,,,0,60,,12610,,,0,20,,12611,,,0,20,,12612,,,0,60,,12613,,,0,20,,12614,,,0,20,,12615,,,0,60,,12616,,,0,20,,12617,,,0,20,,12618,,,0,60,,12619,,,0,20,,12620,,,0,20,,12621,,,0,80,,12622,,,0,20,,12623,,,0,60,,12624,,,0,20,,12625,,,0,20,,12626,,,0,60,,12627,,,0,20,,12628,,,0,20,,12629,,,0,60,,12630,,,0,20,,12631,,,0,20,,12632,,,0,60,,12633,,,0,20,,12634,,,0
901500,'2509-HIV-26a05H-w-Mercredi-00',853,,12635,,,0,60,,12636,,,0,20,,12637,,,0,20,,12638,,,0,60,,12639,,,0,20,,12640,,,0,20,,12641,,,0,60,,12642,,,0,20,,12643,,,0,20,,12644,,,0,60,,12645,,,0,20,,12646,,,0,20,,12647,,,0,60,,12648,,,0,20,,12649,,,0,20,,12650,,,0,60,,12651,,,0,20,,12652,,,0,20,,12653,,,0,80,,12654,,,0,20,,12655,,,0,60,,12656,,,0,20,,12657,,,0,20,,12658,,,0,60,,12659,,,0,20,,12660,,,0,20,,12661,,,0,60,,12662,,,0,20,,12663,,,0,20,,12664,,,0,60,,12665,,,0,20,,12666,,,0
901500,'2509-HIV-26a05Hlv-L-Ma-J-V-00',853,,12667,,,0,60,,12668,,,0,20,,12669,,,0,20,,12670,,,0,60,,12671,,,0,20,,12672,,,0,20,,12673,,,0,60,,12674,,,0,20,,12675,,,0,20,,12676,,,0,60,,12677,,,0,20,,12678,,,0,20,,12679,,,0,60,,12680,,,0,20,,12681,,,0,20,,12682,,,0,60,,12683,,,0,20,,12684,,,0,20,,12685,,,0,80,,12686,,,0,20,,12687,,,0,60,,12688,,,0,20,,12689,,,0,20,,12690,,,0,60,,12691,,,0,20,,12692,,,0,20,,12693,,,0,60,,12694,,,0,20,,12695,,,0,20,,12696,,,0,60,,12697,,,0,20,,12698,,,0
901500,'2509-HIV-26b23Vlv-Semaine-00',853,,12699,,,0,60,,12700,,,0,20,,12701,,,0,20,,12702,,,0,60,,12703,,,0,20,,12704,,,0,20,,12705,,,0,60,,12706,,,0,20,,12707,,,0,20,,12708,,,0,60,,12709,,,0,20,,12710,,,0,20,,12711,,,0,60,,12712,,,0,20,,12713,,,0,20,,12714,,,0,60,,12715,,,0,20,,12716,,,0,20,,12717,,,0,80,,12718,,,0,20,,12719,,,0,60,,12720,,,0,20,,12721,,,0,20,,12722,,,0,60,,12723,,,0,20,,12724,,,0,20,,12725,,,0,60,,12726,,,0,20,,12727,,,0,20,,12728,,,0,60,,12729,,,0,20,,12730,,,0
901500,'2509-HIV-26c02Vlv-Semaine-00',853,,12731,,,0,60,,12732,,,0,20,,12733,,,0,20,,12734,,,0,60,,12735,,,0,20,,12736,,,0,20,,12737,,,0,60,,12738,,,0,20,,12739,,,0,20,,12740,,,0,60,,12741,,,0,20,,12742,,,0,20,,12743,,,0,60,,12744,,,0,20,,12745,,,0,20,,12746,,,0,60,,12747,,,0,20,,12748,,,0,20,,12749,,,0,80,,12750,,,0,20,,12751,,,0,60,,12752,,,0,20,,12753,,,0,20,,12754,,,0,60,,12755,,,0,20,,12756,,,0,20,,12757,,,0,60,,12758,,,0,20,,12759,,,0,20,,12760,,,0,60,,12761,,,0,20,,12762,,,0
2000000,'2509-HIV-25j05H-d-Dimanche-00',824,,13964,,,0,80,,13965,,,0,40,,13966,,,0,80,,13967,,,0,80,,13968,,,0,40,,13969,,,0,80,,13970,,,0,80,,13971,,,0,40,,13972,,,0,80,,13973,,,0,80,,13974,,,0,40,,13975,,,0,80,,13976,,,0,80,,13977,,,0,40,,13978,,,0,80,,13979,,,0,80,,13980,,,0,40,,13981,,,0
2000000,'2509-HIV-25j26H-d-Dimanche-00',824,,13982,,,0,80,,13983,,,0,40,,13984,,,0,80,,13985,,,0,80,,13986,,,0,40,,13987,,,0,80,,13988,,,0,80,,13989,,,0,40,,13990,,,0,80,,13991,,,0,80,,13992,,,0,40,,13993,,,0,80,,13994,,,0,80,,13995,,,0,40,,13996,,,0,80,,13997,,,0,80,,13998,,,0,40,,13999,,,0
2000000,'2509-HIV-25k03H-s-Samedi-00',648,,14000,,,0,81,,14001,,,0,79,,14002,,,0,30,,14003,,,0,20,,14004,,,0,60,,14005,,,0,18,,14006,,,0,18,,14007,,,0,59,,14008,,,0,20,,14009,,,0,19,,14010,,,0,59,,14011,,,0,19,,14012,,,0,20,,14013,,,0,58,,14014,,,0,19,,14015,,,0,18,,14016,,,0,59,,14017,,,0,19,,14018,,,0,19,,14019,,,0,58,,14020,,,0,19,,14021,,,0,20,,14022,,,0,20,,14023,,,0,59,,14024,,,0,19,,14025,,,0,20,,14026,,,0,60,,14027,,,0,20,,14028,,,0,20,,14029,,,0,59,,14030,,,0,20,,14031,,,0,20,,14032,,,0,60,,14033,,,0,18,,14034,,,0,20,,14035,,,0,64,,14036,,,0,25,,14037,,,0,65,,14038,,,0,24,,14039,,,0,25,,14040,,,0
2000000,'2509-HIV-25l22Vlv-Semaine-00',651,,14046,,,0,63,,14043,,,0,17,,14048,,,0,15,,14041,,,0,55,,14045,,,0,15,,14042,,,0,15,,14047,,,0,15,,14044,,,0,55,,14049,,,0,15,,14050,,,0,14,,14051,,,0,15,,14052,,,0,55,,14053,,,0,14,,14054,,,0,15,,14055,,,0,15,,14056,,,0,56,,14057,,,0,15,,14058,,,0,15,,14059,,,0,15,,14060,,,0,55,,14061,,,0,15,,14062,,,0,15,,14063,,,0,15,,14064,,,0,55,,14065,,,0,15,,14066,,,0,15,,14067,,,0,15,,14068,,,0,55,,14069,,,0,15,,14070,,,0,15,,14071,,,0,15,,14072,,,0,55,,14073,,,0,15,,14074,,,0,15,,14075,,,0,15,,14076,,,0,55,,14077,,,0,15,,14078,,,0,15,,14079,,,0,15,,14080,,,0,55,,14081,,,0,15,,14082,,,0,15,,14083,,,0,15,,14084,,,0,55,,14085,,,0,15,,14086,,,0,15,,14087,,,0,15,,14088,,,0,55,,14089,,,0,20,,14092,,,0,21,,14093,,,0,60,,14094,,,0,20,,14095,,,0,20,,14090,,,0,60,,14091,,,0
2000000,'2509-HIV-26a05H-s-Samedi-00',648,,14096,,,0,81,,14097,,,0,79,,14098,,,0,30,,14099,,,0,20,,14100,,,0,60,,14101,,,0,18,,14102,,,0,18,,14103,,,0,59,,14104,,,0,20,,14105,,,0,19,,14106,,,0,59,,14107,,,0,19,,14108,,,0,20,,14109,,,0,58,,14110,,,0,19,,14111,,,0,18,,14112,,,0,59,,14113,,,0,19,,14114,,,0,19,,14115,,,0,58,,14116,,,0,19,,14117,,,0,20,,14118,,,0,20,,14119,,,0,59,,14120,,,0,19,,14121,,,0,20,,14122,,,0,60,,14123,,,0,20,,14124,,,0,20,,14125,,,0,59,,14126,,,0,20,,14127,,,0,20,,14128,,,0,60,,14129,,,0,18,,14130,,,0,20,,14131,,,0,64,,14132,,,0,25,,14133,,,0,65,,14134,,,0,24,,14135,,,0,25,,14136,,,0
2000000,'2509-HIV-26a05H-w-Mercredi-00',651,,14173,,,0,62,,14155,,,0,17,,14183,,,0,15,,14139,,,0,55,,14166,,,0,15,,14148,,,0,15,,14175,,,0,15,,14158,,,0,56,,14186,,,0,16,,14140,,,0,16,,14171,,,0,15,,14149,,,0,56,,14176,,,0,15,,14156,,,0,16,,14184,,,0,16,,14141,,,0,56,,14172,,,0,15,,14150,,,0,16,,14177,,,0,17,,14157,,,0,54,,14187,,,0,14,,14142,,,0,16,,14165,,,0,16,,14151,,,0,55,,14174,,,0,15,,14159,,,0,15,,14185,,,0,15,,14144,,,0,55,,14167,,,0,15,,14154,,,0,15,,14179,,,0,15,,14160,,,0,55,,14188,,,0,15,,14145,,,0,15,,14168,,,0,16,,14153,,,0,55,,14178,,,0,15,,14161,,,0,16,,14137,,,0,15,,14189,,,0,58,,14143,,,0,14,,14170,,,0,16,,14152,,,0,55,,14180,,,0,15,,14163,,,0,13,,14138,,,0,14,,14190,,,0,15,,14146,,,0,54,,14169,,,0,14,,14181,,,0,19,,14162,,,0,62,,14191,,,0,20,,14147,,,0,19,,14182,,,0,61,,14164,,,0
2000000,'2509-HIV-26a05H-w-Mercredi-00-0010000',1221,,14193,0,6 7,0,5,,14192,0,6 7,0
2000000,'2509-HIV-26a05Hlv-L-Ma-J-V-00',651,,14230,,,0,62,,14212,,,0,17,,14240,,,0,15,,14196,,,0,55,,14223,,,0,15,,14205,,,0,15,,14232,,,0,15,,14215,,,0,56,,14243,,,0,16,,14197,,,0,16,,14228,,,0,15,,14206,,,0,56,,14233,,,0,15,,14213,,,0,16,,14241,,,0,16,,14198,,,0,56,,14229,,,0,15,,14207,,,0,16,,14234,,,0,17,,14214,,,0,54,,14244,,,0,14,,14199,,,0,16,,14222,,,0,16,,14208,,,0,55,,14231,,,0,15,,14216,,,0,15,,14242,,,0,15,,14201,,,0,55,,14224,,,0,15,,14211,,,0,15,,14236,,,0,15,,14217,,,0,55,,14245,,,0,15,,14202,,,0,15,,14225,,,0,16,,14210,,,0,55,,14235,,,0,15,,14218,,,0,16,,14194,,,0,15,,14246,,,0,58,,14200,,,0,14,,14227,,,0,16,,14209,,,0,55,,14237,,,0,15,,14220,,,0,13,,14195,,,0,14,,14247,,,0,15,,14203,,,0,54,,14226,,,0,14,,14238,,,0,19,,14219,,,0,62,,14248,,,0,20,,14204,,,0,19,,14239,,,0,61,,14221,,,0
2000000,'2509-HIV-26a05Hlv-L-Ma-J-V-00-1101100',1603,,14251,0,6 7,0,109,,14250,0,6 7,0,97,,14249,0,6 7,0
2000000,'2509-HIV-26b23Vlv-Semaine-00',651,,14257,,,0,63,,14254,,,0,17,,14259,,,0,15,,14252,,,0,55,,14256,,,0,15,,14253,,,0,15,,14258,,,0,15,,14255,,,0,55,,14260,,,0,15,,14261,,,0,14,,14262,,,0,15,,14263,,,0,55,,14264,,,0,14,,14265,,,0,15,,14266,,,0,15,,14267,,,0,56,,14268,,,0,15,,14269,,,0,15,,14270,,,0,15,,14271,,,0,55,,14272,,,0,15,,14273,,,0,15,,14274,,,0,15,,14275,,,0,55,,14276,,,0,15,,14277,,,0,15,,14278,,,0,15,,14279,,,0,55,,14280,,,0,15,,14281,,,0,15,,14282,,,0,15,,14283,,,0,55,,14284,,,0,15,,14285,,,0,15,,14286,,,0,15,,14287,,,0,55,,14288,,,0,15,,14289,,,0,15,,14290,,,0,15,,14291,,,0,55,,14292,,,0,15,,14293,,,0,15,,14294,,,0,15,,14295,,,0,55,,14296,,,0,15,,14297,,,0,15,,14298,,,0,15,,14299,,,0,55,,14300,,,0,20,,14303,,,0,21,,14304,,,0,60,,14305,,,0,20,,14306,,,0,20,,14301,,,0,60,,14302,,,0
2000000,'2509-HIV-26c02Vlv-Semaine-00',651,,14312,,,0,63,,14309,,,0,17,,14314,,,0,15,,14307,,,0,55,,14311,,,0,15,,14308,,,0,15,,14313,,,0,15,,14310,,,0,55,,14315,,,0,15,,14316,,,0,14,,14317,,,0,15,,14318,,,0,55,,14319,,,0,14,,14320,,,0,15,,14321,,,0,15,,14322,,,0,56,,14323,,,0,15,,14324,,,0,15,,14325,,,0,15,,14326,,,0,55,,14327,,,0,15,,14328,,,0,15,,14329,,,0,15,,14330,,,0,55,,14331,,,0,15,,14332,,,0,15,,14333,,,0,15,,14334,,,0,55,,14335,,,0,15,,14336,,,0,15,,14337,,,0,15,,14338,,,0,55,,14339,,,0,15,,14340,,,0,15,,14341,,,0,15,,14342,,,0,55,,14343,,,0,15,,14344,,,0,15,,14345,,,0,15,,14346,,,0,55,,14347,,,0,15,,14348,,,0,15,,14349,,,0,15,,14350,,,0,55,,14351,,,0,15,,14352,,,0,15,,14353,,,0,15,,14354,,,0,55,,14355,,,0,20,,14358,,,0,21,,14359,,,0,60,,14360,,,0,20,,14361,,,0,20,,14356,,,0,60,,14357,,,0
