600,'0_6',709,,65671,16,,,0,101,,65672,16,,,0,39,,65673,16,,,0,110,,65674,16,,,0,85,,65675,16,,,0,99,,65676,16,,,0,85,,65677,16,,,0,88,,65685,16,,,0,42,,65678,16,,,0,85,,65686,7,,,0,92,,65679,16,,,0,93,,65680,16,,,0,92,,65681,16,,,0,90,,65682,16,,,0,49,,65683,16,,,0,90,,65684,16,,,0
600,'1_7',842,,65687,7,,,0,110,,65688,7,,,0,160,,65689,7,,,0,200,,65690,7,,,0,120,,65691,7,,,0,111,,65692,7,,,0,108,,65693,7,,,0,106,,65694,7,,,0
600,'2_1',709,,65695,16,,,0,101,,65696,16,,,0,39,,65697,16,,,0,110,,65698,16,,,0,85,,65699,16,,,0,99,,65700,16,,,0,85,,65701,16,,,0,88,,65709,16,,,0,42,,65702,16,,,0,85,,65710,7,,,0,92,,65703,16,,,0,93,,65704,16,,,0,92,,65705,16,,,0,90,,65706,16,,,0,49,,65707,16,,,0,90,,65708,16,,,0
600,'2_2',709,,65711,16,,,0,101,,65712,16,,,0,39,,65713,16,,,0,110,,65714,16,,,0,85,,65715,16,,,0,99,,65716,16,,,0,85,,65717,16,,,0,88,,65725,16,,,0,42,,65718,16,,,0,85,,65726,7,,,0,92,,65719,16,,,0,93,,65720,16,,,0,92,,65721,16,,,0,90,,65722,16,,,0,49,,65723,16,,,0,90,,65724,16,,,0
600,'2_3',709,,65727,16,,,0,101,,65728,16,,,0,39,,65729,16,,,0,110,,65730,16,,,0,85,,65731,16,,,0,99,,65732,16,,,0,85,,65733,16,,,0,88,,65741,16,,,0,42,,65734,16,,,0,85,,65742,7,,,0,92,,65735,16,,,0,93,,65736,16,,,0,92,,65737,16,,,0,90,,65738,16,,,0,49,,65739,16,,,0,90,,65740,16,,,0
600,'2_4',709,,65743,16,,,0,101,,65744,16,,,0,39,,65745,16,,,0,110,,65746,16,,,0,85,,65747,16,,,0,99,,65748,16,,,0,85,,65749,16,,,0,88,,65757,16,,,0,42,,65750,16,,,0,85,,65758,7,,,0,92,,65751,16,,,0,93,,65752,16,,,0,92,,65753,16,,,0,90,,65754,16,,,0,49,,65755,16,,,0,90,,65756,16,,,0
600,'2_5',709,,65759,16,,,0,101,,65760,16,,,0,39,,65761,16,,,0,110,,65762,16,,,0,85,,65763,16,,,0,99,,65764,16,,,0,85,,65765,16,,,0,88,,65773,16,,,0,42,,65766,16,,,0,85,,65774,7,,,0,92,,65767,16,,,0,93,,65768,16,,,0,92,,65769,16,,,0,90,,65770,16,,,0,49,,65771,16,,,0,90,,65772,16,,,0
600,'3_1',709,,65775,16,,,0,101,,65776,16,,,0,39,,65777,16,,,0,110,,65778,16,,,0,85,,65779,16,,,0,99,,65780,16,,,0,85,,65781,16,,,0,88,,65789,16,,,0,42,,65782,16,,,0,85,,65790,7,,,0,92,,65783,16,,,0,93,,65784,16,,,0,92,,65785,16,,,0,90,,65786,16,,,0,49,,65787,16,,,0,90,,65788,16,,,0
600,'3_3',709,,65791,16,,,0,101,,65792,16,,,0,39,,65793,16,,,0,110,,65794,16,,,0,85,,65795,16,,,0,99,,65796,16,,,0,85,,65797,16,,,0,88,,65805,16,,,0,42,,65798,16,,,0,85,,65806,7,,,0,92,,65799,16,,,0,93,,65800,16,,,0,92,,65801,16,,,0,90,,65802,16,,,0,49,,65803,16,,,0,90,,65804,16,,,0
600,'3_4',709,,65807,16,,,0,101,,65808,16,,,0,39,,65809,16,,,0,110,,65810,16,,,0,85,,65811,16,,,0,99,,65812,16,,,0,85,,65813,16,,,0,88,,65821,16,,,0,42,,65814,16,,,0,85,,65822,7,,,0,92,,65815,16,,,0,93,,65816,16,,,0,92,,65817,16,,,0,90,,65818,16,,,0,49,,65819,16,,,0,90,,65820,16,,,0
600,'3_5',709,,65823,16,,,0,101,,65824,16,,,0,39,,65825,16,,,0,110,,65826,16,,,0,85,,65827,16,,,0,99,,65828,16,,,0,85,,65829,16,,,0,88,,65837,16,,,0,42,,65830,16,,,0,85,,65838,7,,,0,92,,65831,16,,,0,93,,65832,16,,,0,92,,65833,16,,,0,90,,65834,16,,,0,49,,65835,16,,,0,90,,65836,16,,,0
600,'4_7',842,,65839,7,,,0,110,,65840,7,,,0,160,,65841,7,,,0,200,,65842,7,,,0,120,,65843,7,,,0,111,,65844,7,,,0,108,,65845,7,,,0,106,,65846,7,,,0
