900,'2509-HIV-25j05H-d-Dimanche-00',926,,10740,4,,0,300,,10738,4,,0,301,,10739,4,,0,299,,10741,4,,0
900,'2509-HIV-25j26H-d-Dimanche-00',926,,10744,4,,0,300,,10742,4,,0,301,,10743,4,,0,299,,10745,4,,0
900,'2509-HIV-25k03H-s-Samedi-00',724,,10748,4,,0,100,,10749,4,,0,315,,10750,4,,0,365,,10751,4,,0,50,,10746,4,,0,98,,10757,4,,0,174,,10752,4,,0,92,,10753,4,,0
900,'2509-HIV-25l22Vlv-Semaine-00',720,,10758,4,,0,25,,10760,4,,0,75,,10767,4,,0,5,,10762,4,,0,23,,10764,4,,0,1,,10763,4,,0,86,,10761,4,,0,92,,10765,4,,0,112,,10766,4,,0,365,,10772,4,,0,99,,10775,4,,0,49,,10773,4,,0,172,,10771,4,,0,95,,10774,4,,0
900,'2509-HIV-26a05H-s-Samedi-00',724,,10778,4,,0,100,,10779,4,,0,315,,10780,4,,0,365,,10781,4,,0,50,,10776,4,,0,98,,10787,4,,0,174,,10782,4,,0,92,,10783,4,,0
900,'2509-HIV-26a05H-w-Mercredi-00',720,,10788,4,,0,29,,10790,4,,0,71,,10806,4,,0,10,,10794,4,,0,21,,10795,4,,0,4,,10796,4,,0,84,,10791,4,,0,90,,10797,4,,0,190,,10799,4,,0,101,,10800,4,,0,31,,10792,4,,0,172,,10803,4,,0,85,,10801,4,,0,111,,10802,4,,0,30,,10793,4,,0,165,,10804,4,,0
900,'2509-HIV-26a05Hlv-L-Ma-J-V-00',720,,10807,4,,0,29,,10809,4,,0,71,,10825,4,,0,10,,10813,4,,0,21,,10814,4,,0,4,,10815,4,,0,84,,10810,4,,0,90,,10816,4,,0,190,,10818,4,,0,101,,10819,4,,0,31,,10811,4,,0,172,,10822,4,,0,85,,10820,4,,0,111,,10821,4,,0,30,,10812,4,,0,165,,10823,4,,0
900,'2509-HIV-26b23Vlv-Semaine-00',720,,10826,4,,0,25,,10828,4,,0,75,,10835,4,,0,5,,10830,4,,0,23,,10832,4,,0,1,,10831,4,,0,86,,10829,4,,0,92,,10833,4,,0,112,,10834,4,,0,365,,10840,4,,0,99,,10843,4,,0,49,,10841,4,,0,172,,10839,4,,0,95,,10842,4,,0
900,'2509-HIV-26c02Vlv-Semaine-00',720,,10844,4,,0,25,,10846,4,,0,75,,10853,4,,0,5,,10848,4,,0,23,,10850,4,,0,1,,10849,4,,0,86,,10847,4,,0,92,,10851,4,,0,112,,10852,4,,0,365,,10858,4,,0,99,,10861,4,,0,49,,10859,4,,0,172,,10857,4,,0,95,,10860,4,,0
901,'2509-HIV-25j05H-d-Dimanche-00',930,,10862,,,0,300,,10864,0,8,0,300,,10865,0,8,0,300,,10863,,,0
901,'2509-HIV-25j26H-d-Dimanche-00',930,,10866,,,0,300,,10868,0,8,0,300,,10869,0,8,0,300,,10867,,,0
901,'2509-HIV-25k03H-s-Samedi-00',735,,10870,0,9 10 9,0,99,,10882,0,8,0,367,,10880,0,8,0,319,,10878,0,8,0,82,,10871,0,9 10 9,0,103,,10872,0,9 10 9,0,135,,10873,0,9 10 9,0,90,,10874,0,9 10 9,0
901,'2509-HIV-25l22Vlv-Semaine-00',735,,10883,0,11,0,66,,10884,0,12,0,103,,10885,0,9 10 9,0,249,,10889,0,8,0,367,,10896,0,8,0,91,,10892,0,9 10 9,0,95,,10893,0,9 10 9,0,129,,10894,0,9 10 9,0,95,,10895,0,9 10 9,0
901,'2509-HIV-26a05H-s-Samedi-00',735,,10897,0,9 10 9,0,99,,10909,0,8,0,367,,10907,0,8,0,319,,10905,0,8,0,82,,10898,0,9 10 9,0,103,,10899,0,9 10 9,0,135,,10900,0,9 10 9,0,90,,10901,0,9 10 9,0
901,'2509-HIV-26a05H-w-Mercredi-00',734,,10910,0,11,0,66,,10911,0,12,0,102,,10916,0,9 10 9,0,152,,10917,0,9 10 9,0,147,,10912,0,12,0,34,,10921,,,0,105,,10918,0,9 10 9,0,111,,10919,0,9 10 9,0,150,,10913,0,12,0,21,,10924,,,0,79,,10914,0,12,0,34,,10922,,,0,66,,10915,0,12,0,29,,10923,,,0,100,,10925,,,0
901,'2509-HIV-26a05Hlv-L-Ma-J-V-00',734,,10926,0,11,0,66,,10927,0,12,0,102,,10932,0,9 10 9,0,152,,10933,0,9 10 9,0,147,,10928,0,12,0,34,,10937,,,0,105,,10934,0,9 10 9,0,111,,10935,0,9 10 9,0,150,,10929,0,12,0,21,,10940,,,0,79,,10930,0,12,0,34,,10938,,,0,66,,10931,0,12,0,29,,10939,,,0,100,,10941,,,0
901,'2509-HIV-26b23Vlv-Semaine-00',735,,10942,0,11,0,66,,10943,0,12,0,103,,10944,0,9 10 9,0,249,,10948,0,8,0,367,,10955,0,8,0,91,,10951,0,9 10 9,0,95,,10952,0,9 10 9,0,129,,10953,0,9 10 9,0,95,,10954,0,9 10 9,0
901,'2509-HIV-26c02Vlv-Semaine-00',735,,10956,0,11,0,66,,10957,0,12,0,103,,10958,0,9 10 9,0,249,,10962,0,8,0,367,,10969,0,8,0,91,,10965,0,9 10 9,0,95,,10966,0,9 10 9,0,129,,10967,0,9 10 9,0,95,,10968,0,9 10 9,0
1900,'2509-HIV-26a05H-w-Mercredi-00',720,,11655,4,,0,30,,11656,4,,0,70,,11661,4,,0,35,,11660,4,,0,973,,11657,4,,0
1900,'2509-HIV-26a05H-w-Mercredi-00-0010000',1438,,11662,4,,0
1900,'2509-HIV-26a05Hlv-L-Ma-J-V-00',720,,11664,4,,0,30,,11665,4,,0,70,,11670,4,,0,35,,11669,4,,0,973,,11666,4,,0
1901,'2509-HIV-26a05H-w-Mercredi-00',1625,,11675,,,0,110,,11676,,,0,100,,11677,,,0
1901,'2509-HIV-26a05H-w-Mercredi-00-0010000',1201,,11678,,,0,34,,11679,0,,0
1901,'2509-HIV-26a05Hlv-L-Ma-J-V-00',1625,,11681,,,0,110,,11682,,,0,100,,11683,,,0
1901,'2509-HIV-26a05Hlv-L-Ma-J-V-00-1101100',1601,,11684,,,0,100,,11685,,,0,100,,11686,,,0
2000,'2509-HIV-25j05H-d-Dimanche-00',915,,11689,,,0,900,,11690,,,0
2000,'2509-HIV-25j26H-d-Dimanche-00',915,,11691,,,0,900,,11692,,,0
2000,'2509-HIV-26a05H-w-Mercredi-00',1630,,11693,,,0,105,,11694,,,0,95,,11695,,,0
2000,'2509-HIV-26a05H-w-Mercredi-00-0010000',1235,,11696,,,0
2000,'2509-HIV-26a05Hlv-L-Ma-J-V-00',1630,,11697,,,0,105,,11698,,,0,95,,11699,,,0
2001,'2509-HIV-25j05H-d-Dimanche-00',910,,11700,4,,0,903,,11701,4,,0
2001,'2509-HIV-25j26H-d-Dimanche-00',910,,11702,4,,0,903,,11703,4,,0
2001,'2509-HIV-26a05H-w-Mercredi-00',726,,11704,4,,0,119,,11705,4,,0,79,,11706,4,,0,896,,11707,4,,0
2001,'2509-HIV-26a05H-w-Mercredi-00-0010000',1410,,11708,4,,0
2001,'2509-HIV-26a05Hlv-L-Ma-J-V-00',726,,11709,4,,0,119,,11710,4,,0,79,,11711,4,,0,896,,11712,4,,0
2100,'2509-HIV-25l22Vlv-Semaine-00-0000100',1718,,11714,4,,0
2100,'2509-HIV-25l22Vlv-Semaine-00-1111000',1718,,11715,4,,0
2100,'2509-HIV-26a05H-w-Mercredi-00-0010000',1718,,11716,4,,0
2100,'2509-HIV-26a05Hlv-L-Ma-J-V-00-0000100',1718,,11718,4,,0
2100,'2509-HIV-26a05Hlv-L-Ma-J-V-00-1101000',1718,,11719,4,,0
2100,'2509-HIV-26b23Vlv-Semaine-00-0000100',1718,,11721,4,,0
2100,'2509-HIV-26b23Vlv-Semaine-00-1111000',1718,,11722,4,,0
2100,'2509-HIV-26c02Vlv-Semaine-00-0000100',1718,,11724,4,,0
2100,'2509-HIV-26c02Vlv-Semaine-00-1111000',1718,,11725,4,,0
2101,'2509-HIV-25l22Vlv-Semaine-00',735,,11726,,,0,122,,11727,,,0
2101,'2509-HIV-26a05H-w-Mercredi-00',735,,11728,,,0,122,,11729,,,0
2101,'2509-HIV-26a05Hlv-L-Ma-J-V-00',735,,11730,,,0,122,,11731,,,0
2101,'2509-HIV-26b23Vlv-Semaine-00',735,,11732,,,0,122,,11733,,,0
2101,'2509-HIV-26c02Vlv-Semaine-00',735,,11734,,,0,122,,11735,,,0
2200,'2509-HIV-26a05H-w-Mercredi-00',726,,11744,4,,0,120,,11745,4,,0,883,,11746,4,,0
2200,'2509-HIV-26a05Hlv-L-Ma-J-V-00',726,,11749,4,,0,120,,11750,4,,0,883,,11751,4,,0
2201,'2509-HIV-26a05H-w-Mercredi-00',1235,,11764,,,0,385,,11765,,,0,115,,11766,,,0,105,,11767,,,0
2201,'2509-HIV-26a05Hlv-L-Ma-J-V-00',1235,,11769,,,0,385,,11770,,,0,115,,11771,,,0,105,,11772,,,0
2301,'2509-HIV-26a05H-w-Mercredi-00',721,,11783,4,,0,26,,11782,4,,0,1,,11781,4,,0
2301,'2509-HIV-26a05Hlv-L-Ma-J-V-00',721,,11786,4,,0,26,,11785,4,,0,1,,11784,4,,0
901300,'2509-HIV-25l22Vlv-Semaine-00-0101000',902,,12531,0,,0
901300,'2509-HIV-26a05Hlv-L-Ma-J-V-00-0101000',902,,12532,0,,0
901300,'2509-HIV-26b23Vlv-Semaine-00-0101000',902,,12533,0,,0
901300,'2509-HIV-26c02Vlv-Semaine-00-0101000',902,,12534,0,,0
901301,'2509-HIV-25l22Vlv-Semaine-00-0101000',1025,,12535,0,,0
901301,'2509-HIV-26a05Hlv-L-Ma-J-V-00-0101000',1025,,12536,0,,0
901301,'2509-HIV-26b23Vlv-Semaine-00-0101000',1025,,12537,0,,0
901301,'2509-HIV-26c02Vlv-Semaine-00-0101000',1025,,12538,0,,0
29000200,'2509-HIV-26a05H-w-Mercredi-00',720,,16060,4,,0,100,,16061,4,,0
29000200,'2509-HIV-26a05Hlv-L-Ma-J-V-00',720,,16062,4,,0,100,,16063,4,,0
29000201,'2509-HIV-26a05H-w-Mercredi-00',1735,,16064,,,0,100,,16065,,,0
29000201,'2509-HIV-26a05Hlv-L-Ma-J-V-00',1735,,16066,,,0,100,,16067,,,0
29000600,'2509-HIV-26a05H-w-Mercredi-00',725,,16111,,,0,110,,16112,,,0
29000600,'2509-HIV-26a05Hlv-L-Ma-J-V-00',725,,16113,,,0,110,,16114,,,0
29000601,'2509-HIV-26a05H-w-Mercredi-00',1736,,16115,,,0,95,,16116,,,0
29000601,'2509-HIV-26a05Hlv-L-Ma-J-V-00',1736,,16117,,,0,95,,16118,,,0
29000900,'2509-HIV-26a05H-w-Mercredi-00',719,,16119,,,0,100,,16120,,,0
29000900,'2509-HIV-26a05Hlv-L-Ma-J-V-00',719,,16121,,,0,100,,16122,,,0
29000901,'2509-HIV-26a05H-w-Mercredi-00',1730,,16123,,,0,100,,16124,,,0
29000901,'2509-HIV-26a05Hlv-L-Ma-J-V-00',1730,,16125,,,0,100,,16126,,,0
