2501,'0_6',711,,67828,14,,,0,112,,67829,14,,,0,126,,67830,14,,,0,152,,67831,14,,,0,113,,67832,14,,,0,128,,67833,14,,,0,168,,67834,14,,,0,121,,67835,14,,,0,121,,67836,14,,,0,157,,67837,14,,,0
2501,'2_1',711,,67838,14,,,0,112,,67839,14,,,0,126,,67840,14,,,0,152,,67841,14,,,0,113,,67842,14,,,0,128,,67843,14,,,0,168,,67844,14,,,0,121,,67845,14,,,0,121,,67846,14,,,0,157,,67847,14,,,0
2501,'2_2',711,,67848,14,,,0,112,,67849,14,,,0,126,,67850,14,,,0,152,,67851,14,,,0,113,,67852,14,,,0,128,,67853,14,,,0,168,,67854,14,,,0,121,,67855,14,,,0,121,,67856,14,,,0,157,,67857,14,,,0
2501,'2_3',711,,67858,14,,,0,112,,67859,14,,,0,126,,67860,14,,,0,152,,67861,14,,,0,113,,67862,14,,,0,128,,67863,14,,,0,168,,67864,14,,,0,121,,67865,14,,,0,121,,67866,14,,,0,157,,67867,14,,,0
2501,'2_4',711,,67868,14,,,0,112,,67869,14,,,0,126,,67870,14,,,0,152,,67871,14,,,0,113,,67872,14,,,0,128,,67873,14,,,0,168,,67874,14,,,0,121,,67875,14,,,0,121,,67876,14,,,0,157,,67877,14,,,0
2501,'2_5',711,,67878,14,,,0,112,,67879,14,,,0,126,,67880,14,,,0,152,,67881,14,,,0,113,,67882,14,,,0,128,,67883,14,,,0,168,,67884,14,,,0,121,,67885,14,,,0,121,,67886,14,,,0,157,,67887,14,,,0
2501,'3_1',711,,67888,14,,,0,112,,67889,14,,,0,126,,67890,14,,,0,152,,67891,14,,,0,113,,67892,14,,,0,128,,67893,14,,,0,168,,67894,14,,,0,121,,67895,14,,,0,121,,67896,14,,,0,157,,67897,14,,,0
2501,'3_3',711,,67898,14,,,0,112,,67899,14,,,0,126,,67900,14,,,0,152,,67901,14,,,0,113,,67902,14,,,0,128,,67903,14,,,0,168,,67904,14,,,0,121,,67905,14,,,0,121,,67906,14,,,0,157,,67907,14,,,0
2501,'3_4',711,,67908,14,,,0,112,,67909,14,,,0,126,,67910,14,,,0,152,,67911,14,,,0,113,,67912,14,,,0,128,,67913,14,,,0,168,,67914,14,,,0,121,,67915,14,,,0,121,,67916,14,,,0,157,,67917,14,,,0
2501,'3_5',711,,67918,14,,,0,112,,67919,14,,,0,126,,67920,14,,,0,152,,67921,14,,,0,113,,67922,14,,,0,128,,67923,14,,,0,168,,67924,14,,,0,121,,67925,14,,,0,121,,67926,14,,,0,157,,67927,14,,,0
