601,'0_6',612,,65847,9,,,0,102,,65848,9,,,0,35,,65849,9,,,0,99,,65850,9,,,0,92,,65851,9,,,0,101,,65852,9,,,0,84,,65853,9,,,0,98,,65854,9,,,0,78,,65862,9,,,0,54,,65863,9,0,69,0,84,,65855,9,,,0,87,,65856,9,,,0,94,,65857,9,,,0,90,,65858,9,,,0,91,,65859,9,,,0,51,,65860,9,,,0,86,,65861,9,,,0
601,'1_7',816,,65864,9,0,69,0,105,,65865,9,0,69,0,115,,65866,9,0,69,0,118,,65867,9,0,69,0,197,,65868,9,0,69,0,162,,65869,9,0,69,0,111,,65870,9,0,69,0,106,,65871,9,0,69,0,108,,65872,9,0,69,0
601,'2_1',612,,65873,9,,,0,102,,65874,9,,,0,35,,65875,9,,,0,99,,65876,9,,,0,92,,65877,9,,,0,101,,65878,9,,,0,84,,65879,9,,,0,98,,65880,9,,,0,78,,65888,9,,,0,54,,65889,9,0,69,0,84,,65881,9,,,0,87,,65882,9,,,0,94,,65883,9,,,0,90,,65884,9,,,0,91,,65885,9,,,0,51,,65886,9,,,0,86,,65887,9,,,0
601,'2_2',612,,65890,9,,,0,102,,65891,9,,,0,35,,65892,9,,,0,99,,65893,9,,,0,92,,65894,9,,,0,101,,65895,9,,,0,84,,65896,9,,,0,98,,65897,9,,,0,78,,65905,9,,,0,54,,65906,9,0,69,0,84,,65898,9,,,0,87,,65899,9,,,0,94,,65900,9,,,0,90,,65901,9,,,0,91,,65902,9,,,0,51,,65903,9,,,0,86,,65904,9,,,0
601,'2_3',612,,65907,9,,,0,102,,65908,9,,,0,35,,65909,9,,,0,99,,65910,9,,,0,92,,65911,9,,,0,101,,65912,9,,,0,84,,65913,9,,,0,98,,65914,9,,,0,78,,65922,9,,,0,54,,65923,9,0,69,0,84,,65915,9,,,0,87,,65916,9,,,0,94,,65917,9,,,0,90,,65918,9,,,0,91,,65919,9,,,0,51,,65920,9,,,0,86,,65921,9,,,0
601,'2_4',612,,65924,9,,,0,102,,65925,9,,,0,35,,65926,9,,,0,99,,65927,9,,,0,92,,65928,9,,,0,101,,65929,9,,,0,84,,65930,9,,,0,98,,65931,9,,,0,78,,65939,9,,,0,54,,65940,9,0,69,0,84,,65932,9,,,0,87,,65933,9,,,0,94,,65934,9,,,0,90,,65935,9,,,0,91,,65936,9,,,0,51,,65937,9,,,0,86,,65938,9,,,0
601,'2_5',612,,65941,9,,,0,102,,65942,9,,,0,35,,65943,9,,,0,99,,65944,9,,,0,92,,65945,9,,,0,101,,65946,9,,,0,84,,65947,9,,,0,98,,65948,9,,,0,78,,65956,9,,,0,54,,65957,9,0,69,0,84,,65949,9,,,0,87,,65950,9,,,0,94,,65951,9,,,0,90,,65952,9,,,0,91,,65953,9,,,0,51,,65954,9,,,0,86,,65955,9,,,0
601,'3_1',612,,65958,9,,,0,102,,65959,9,,,0,35,,65960,9,,,0,99,,65961,9,,,0,92,,65962,9,,,0,101,,65963,9,,,0,84,,65964,9,,,0,98,,65965,9,,,0,78,,65973,9,,,0,54,,65974,9,0,69,0,84,,65966,9,,,0,87,,65967,9,,,0,94,,65968,9,,,0,90,,65969,9,,,0,91,,65970,9,,,0,51,,65971,9,,,0,86,,65972,9,,,0
601,'3_3',612,,65975,9,,,0,102,,65976,9,,,0,35,,65977,9,,,0,99,,65978,9,,,0,92,,65979,9,,,0,101,,65980,9,,,0,84,,65981,9,,,0,98,,65982,9,,,0,78,,65990,9,,,0,54,,65991,9,0,69,0,84,,65983,9,,,0,87,,65984,9,,,0,94,,65985,9,,,0,90,,65986,9,,,0,91,,65987,9,,,0,51,,65988,9,,,0,86,,65989,9,,,0
601,'3_4',612,,65992,9,,,0,102,,65993,9,,,0,35,,65994,9,,,0,99,,65995,9,,,0,92,,65996,9,,,0,101,,65997,9,,,0,84,,65998,9,,,0,98,,65999,9,,,0,78,,66007,9,,,0,54,,66008,9,0,69,0,84,,66000,9,,,0,87,,66001,9,,,0,94,,66002,9,,,0,90,,66003,9,,,0,91,,66004,9,,,0,51,,66005,9,,,0,86,,66006,9,,,0
601,'3_5',612,,66009,9,,,0,102,,66010,9,,,0,35,,66011,9,,,0,99,,66012,9,,,0,92,,66013,9,,,0,101,,66014,9,,,0,84,,66015,9,,,0,98,,66016,9,,,0,78,,66024,9,,,0,54,,66025,9,0,69,0,84,,66017,9,,,0,87,,66018,9,,,0,94,,66019,9,,,0,90,,66020,9,,,0,91,,66021,9,,,0,51,,66022,9,,,0,86,,66023,9,,,0
601,'4_7',816,,66026,9,0,69,0,105,,66027,9,0,69,0,115,,66028,9,0,69,0,118,,66029,9,0,69,0,197,,66030,9,0,69,0,162,,66031,9,0,69,0,111,,66032,9,0,69,0,106,,66033,9,0,69,0,108,,66034,9,0,69,0
901,'0_6',739,,66610,5,,,0,99,,66618,5,0,66,0,264,,66621,5,,,0,56,,66619,5,0,66,0,366,,66622,5,,,0,91,,66611,5,,,0,95,,66612,5,,,0,129,,66613,5,,,0,95,,66614,5,,,0
901,'2_1',739,,66623,5,,,0,99,,66631,5,0,66,0,264,,66634,5,,,0,56,,66632,5,0,66,0,366,,66635,5,,,0,91,,66624,5,,,0,95,,66625,5,,,0,129,,66626,5,,,0,95,,66627,5,,,0
901,'2_2',739,,66636,5,,,0,99,,66644,5,0,66,0,264,,66647,5,,,0,56,,66645,5,0,66,0,366,,66648,5,,,0,91,,66637,5,,,0,95,,66638,5,,,0,129,,66639,5,,,0,95,,66640,5,,,0
901,'2_3',739,,66649,5,,,0,99,,66657,5,0,66,0,264,,66660,5,,,0,56,,66658,5,0,66,0,366,,66661,5,,,0,91,,66650,5,,,0,95,,66651,5,,,0,129,,66652,5,,,0,95,,66653,5,,,0
901,'2_4',739,,66662,5,,,0,99,,66670,5,0,66,0,264,,66673,5,,,0,56,,66671,5,0,66,0,366,,66674,5,,,0,91,,66663,5,,,0,95,,66664,5,,,0,129,,66665,5,,,0,95,,66666,5,,,0
901,'2_5',739,,66675,5,,,0,99,,66683,5,0,66,0,264,,66686,5,,,0,56,,66684,5,0,66,0,366,,66687,5,,,0,91,,66676,5,,,0,95,,66677,5,,,0,129,,66678,5,,,0,95,,66679,5,,,0
901,'3_1',739,,66688,5,,,0,99,,66696,5,0,66,0,264,,66699,5,,,0,56,,66697,5,0,66,0,366,,66700,5,,,0,91,,66689,5,,,0,95,,66690,5,,,0,129,,66691,5,,,0,95,,66692,5,,,0
901,'3_3',739,,66701,5,,,0,99,,66709,5,0,66,0,264,,66712,5,,,0,56,,66710,5,0,66,0,366,,66713,5,,,0,91,,66702,5,,,0,95,,66703,5,,,0,129,,66704,5,,,0,95,,66705,5,,,0
901,'3_4',739,,66714,5,,,0,99,,66722,5,0,66,0,264,,66725,5,,,0,56,,66723,5,0,66,0,366,,66726,5,,,0,91,,66715,5,,,0,95,,66716,5,,,0,129,,66717,5,,,0,95,,66718,5,,,0
901,'3_5',739,,66727,5,,,0,99,,66735,5,0,66,0,264,,66738,5,,,0,56,,66736,5,0,66,0,366,,66739,5,,,0,91,,66728,5,,,0,95,,66729,5,,,0,129,,66730,5,,,0,95,,66731,5,,,0
2601,'0_6',740,,68098,21,,,0,86,,68101,21,,,0,85,,68102,21,,,0,47,,68103,21,,,0,90,,68104,21,,,0,84,,68105,21,,,0,83,,68106,21,,,0,85,,68107,21,,,0,42,,68108,21,,,0,85,,68109,21,,,0,86,,68110,21,,,0,91,,68111,21,,,0,46,,68112,21,,,0,81,,68113,21,,,0,86,,68114,21,,,0,42,,68100,21,,,0,81,,68099,21,,,0
2601,'2_1',740,,68115,21,,,0,86,,68116,21,,,0,85,,68117,21,,,0,47,,68118,21,,,0,90,,68119,21,,,0,84,,68120,21,,,0,83,,68121,21,,,0,85,,68122,21,,,0,42,,68123,21,,,0,85,,68124,21,,,0,86,,68125,21,,,0,91,,68126,21,,,0,46,,68127,21,,,0,81,,68128,21,,,0,86,,68129,21,,,0,42,,68130,21,,,0,81,,68131,21,,,0
2601,'2_2',740,,68132,21,,,0,86,,68133,21,,,0,85,,68134,21,,,0,47,,68135,21,,,0,90,,68136,21,,,0,84,,68137,21,,,0,83,,68138,21,,,0,85,,68139,21,,,0,42,,68140,21,,,0,85,,68141,21,,,0,86,,68142,21,,,0,91,,68143,21,,,0,46,,68144,21,,,0,81,,68145,21,,,0,86,,68146,21,,,0,42,,68147,21,,,0,81,,68148,21,,,0
2601,'2_3',740,,68149,21,,,0,86,,68150,21,,,0,85,,68151,21,,,0,47,,68152,21,,,0,90,,68153,21,,,0,84,,68154,21,,,0,83,,68155,21,,,0,85,,68156,21,,,0,42,,68157,21,,,0,85,,68158,21,,,0,86,,68159,21,,,0,91,,68160,21,,,0,46,,68161,21,,,0,81,,68162,21,,,0,86,,68163,21,,,0,42,,68164,21,,,0,81,,68165,21,,,0
2601,'2_4',740,,68166,21,,,0,86,,68167,21,,,0,85,,68168,21,,,0,47,,68169,21,,,0,90,,68170,21,,,0,84,,68171,21,,,0,83,,68172,21,,,0,85,,68173,21,,,0,42,,68174,21,,,0,85,,68175,21,,,0,86,,68176,21,,,0,91,,68177,21,,,0,46,,68178,21,,,0,81,,68179,21,,,0,86,,68180,21,,,0,42,,68181,21,,,0,81,,68182,21,,,0
2601,'2_5',740,,68183,21,,,0,86,,68184,21,,,0,85,,68185,21,,,0,47,,68186,21,,,0,90,,68187,21,,,0,84,,68188,21,,,0,83,,68189,21,,,0,85,,68190,21,,,0,42,,68191,21,,,0,85,,68192,21,,,0,86,,68193,21,,,0,91,,68194,21,,,0,46,,68195,21,,,0,81,,68196,21,,,0,86,,68197,21,,,0,42,,68198,21,,,0,81,,68199,21,,,0
2601,'3_1',740,,68200,21,,,0,86,,68201,21,,,0,85,,68202,21,,,0,47,,68203,21,,,0,90,,68204,21,,,0,84,,68205,21,,,0,83,,68206,21,,,0,85,,68207,21,,,0,42,,68208,21,,,0,85,,68209,21,,,0,86,,68210,21,,,0,91,,68211,21,,,0,46,,68212,21,,,0,81,,68213,21,,,0,86,,68214,21,,,0,42,,68215,21,,,0,81,,68216,21,,,0
2601,'3_3',740,,68217,21,,,0,86,,68218,21,,,0,85,,68219,21,,,0,47,,68220,21,,,0,90,,68221,21,,,0,84,,68222,21,,,0,83,,68223,21,,,0,85,,68224,21,,,0,42,,68225,21,,,0,85,,68226,21,,,0,86,,68227,21,,,0,91,,68228,21,,,0,46,,68229,21,,,0,81,,68230,21,,,0,86,,68231,21,,,0,42,,68232,21,,,0,81,,68233,21,,,0
2601,'3_4',740,,68234,21,,,0,86,,68235,21,,,0,85,,68236,21,,,0,47,,68237,21,,,0,90,,68238,21,,,0,84,,68239,21,,,0,83,,68240,21,,,0,85,,68241,21,,,0,42,,68242,21,,,0,85,,68243,21,,,0,86,,68244,21,,,0,91,,68245,21,,,0,46,,68246,21,,,0,81,,68247,21,,,0,86,,68248,21,,,0,42,,68249,21,,,0,81,,68250,21,,,0
2601,'3_5',740,,68251,21,,,0,86,,68252,21,,,0,85,,68253,21,,,0,47,,68254,21,,,0,90,,68255,21,,,0,84,,68256,21,,,0,83,,68257,21,,,0,85,,68258,21,,,0,42,,68259,21,,,0,85,,68260,21,,,0,86,,68261,21,,,0,91,,68262,21,,,0,46,,68263,21,,,0,81,,68264,21,,,0,86,,68265,21,,,0,42,,68266,21,,,0,81,,68267,21,,,0
