301,'2509-HIV-25j05H-d-Dimanche-00',918,,1283,,,0,100,,1284,,,0,100,,1285,,,0,100,,1286,,,0,100,,1287,,,0,100,,1288,,,0,100,,1289,,,0,100,,1290,,,0,100,,1291,,,0,100,,1292,,,0,100,,1293,,,0
301,'2509-HIV-25j26H-d-Dimanche-00',918,,1294,,,0,100,,1295,,,0,100,,1296,,,0,100,,1297,,,0,100,,1298,,,0,100,,1299,,,0,100,,1300,,,0,100,,1301,,,0,100,,1302,,,0,100,,1303,,,0,100,,1304,,,0
301,'2509-HIV-25k03H-s-Samedi-00',725,,1308,,,0,31,,1305,,,0,70,,1306,,,0,30,,1307,,,0,70,,1309,,,0,30,,1310,,,0,71,,1311,,,0,29,,1312,,,0,71,,1316,,,0,30,,1315,,,0,69,,1313,,,0,29,,1314,,,0,69,,1318,,,0,29,,1319,,,0,70,,1317,,,0,31,,1320,,,0,70,,1323,,,0,32,,1321,,,0,73,,1322,,,0,71,,1325,,,0,32,,1324,,,0,70,,1326,,,0,32,,1327,,,0,69,,1328,,,0,29,,1329,,,0,69,,1330,,,0,30,,1331,,,0,23,,1332,,,0
301,'2509-HIV-25l22Vlv-Semaine-00',715,,1333,,,0,22,,1334,,,0,73,,1345,,,0,32,,1337,,,0,72,,1338,,,0,32,,1342,,,0,73,,1339,,,0,32,,1340,,,0,72,,1336,,,0,32,,1341,,,0,72,,1335,,,0,31,,1344,,,0,73,,1343,,,0,72,,1349,,,0,30,,1346,,,0,70,,1348,,,0,27,,1347,,,0,27,,1350,,,0,71,,1353,,,0,30,,1354,,,0,70,,1355,,,0,29,,1356,,,0,66,,1357,,,0,25,,1351,,,0,65,,1358,,,0,29,,1359,,,0,69,,1360,,,0,30,,1352,,,0
301,'2509-HIV-26a05H-s-Samedi-00',725,,1364,,,0,31,,1361,,,0,70,,1362,,,0,30,,1363,,,0,70,,1365,,,0,30,,1366,,,0,71,,1367,,,0,29,,1368,,,0,71,,1372,,,0,30,,1371,,,0,69,,1369,,,0,29,,1370,,,0,69,,1374,,,0,29,,1375,,,0,70,,1373,,,0,31,,1376,,,0,70,,1379,,,0,32,,1377,,,0,73,,1378,,,0,71,,1381,,,0,32,,1380,,,0,70,,1382,,,0,32,,1383,,,0,69,,1384,,,0,29,,1385,,,0,69,,1386,,,0,30,,1387,,,0,23,,1388,,,0
301,'2509-HIV-26a05H-w-Mercredi-00',717,,1415,,,0,22,,1389,,,0,74,,1416,,,0,33,,1390,,,0,70,,1391,,,0,31,,1392,,,0,72,,1393,,,0,32,,1394,,,0,73,,1395,,,0,33,,1396,,,0,72,,1397,,,0,71,,1398,,,0,33,,1399,,,0,72,,1400,,,0,30,,1401,,,0,70,,1402,,,0,27,,1403,,,0,27,,1404,,,0,71,,1405,,,0,70,,1406,,,0,30,,1407,,,0,70,,1408,,,0,26,,1409,,,0,24,,1410,,,0,64,,1411,,,0,29,,1412,,,0,68,,1413,,,0,30,,1414,,,0
301,'2509-HIV-26a05Hlv-L-Ma-J-V-00',717,,1443,,,0,22,,1417,,,0,74,,1444,,,0,33,,1418,,,0,70,,1419,,,0,31,,1420,,,0,72,,1421,,,0,32,,1422,,,0,73,,1423,,,0,33,,1424,,,0,72,,1425,,,0,71,,1426,,,0,33,,1427,,,0,72,,1428,,,0,30,,1429,,,0,70,,1430,,,0,27,,1431,,,0,27,,1432,,,0,71,,1433,,,0,70,,1434,,,0,30,,1435,,,0,70,,1436,,,0,26,,1437,,,0,24,,1438,,,0,64,,1439,,,0,29,,1440,,,0,68,,1441,,,0,30,,1442,,,0
301,'2509-HIV-26b23Vlv-Semaine-00',715,,1445,,,0,22,,1446,,,0,73,,1457,,,0,32,,1449,,,0,72,,1450,,,0,32,,1454,,,0,73,,1451,,,0,32,,1452,,,0,72,,1448,,,0,32,,1453,,,0,72,,1447,,,0,31,,1456,,,0,73,,1455,,,0,72,,1461,,,0,30,,1458,,,0,70,,1460,,,0,27,,1459,,,0,27,,1462,,,0,71,,1465,,,0,30,,1466,,,0,70,,1467,,,0,29,,1468,,,0,66,,1469,,,0,25,,1463,,,0,65,,1470,,,0,29,,1471,,,0,69,,1472,,,0,30,,1464,,,0
301,'2509-HIV-26c02Vlv-Semaine-00',715,,1473,,,0,22,,1474,,,0,73,,1485,,,0,32,,1477,,,0,72,,1478,,,0,32,,1482,,,0,73,,1479,,,0,32,,1480,,,0,72,,1476,,,0,32,,1481,,,0,72,,1475,,,0,31,,1484,,,0,73,,1483,,,0,72,,1489,,,0,30,,1486,,,0,70,,1488,,,0,27,,1487,,,0,27,,1490,,,0,71,,1493,,,0,30,,1494,,,0,70,,1495,,,0,29,,1496,,,0,66,,1497,,,0,25,,1491,,,0,65,,1498,,,0,29,,1499,,,0,69,,1500,,,0,30,,1492,,,0
2000001,'2509-HIV-25j05H-d-Dimanche-00',834,,6303,,,0,80,,6286,,,0,40,,6287,,,0,80,,6288,,,0,80,,6289,,,0,40,,6290,,,0,80,,6291,,,0,79,,6292,,,0,40,,6294,,,0,80,,6293,,,0,80,,6295,,,0,40,,6296,,,0,80,,6297,,,0,80,,6298,,,0,40,,6300,,,0,80,,6299,,,0,80,,6301,,,0,40,,6302,,,0
2000001,'2509-HIV-25j26H-d-Dimanche-00',834,,6321,,,0,80,,6304,,,0,40,,6305,,,0,80,,6306,,,0,80,,6307,,,0,40,,6308,,,0,80,,6309,,,0,79,,6310,,,0,40,,6312,,,0,80,,6311,,,0,80,,6313,,,0,40,,6314,,,0,80,,6315,,,0,80,,6316,,,0,40,,6318,,,0,80,,6317,,,0,80,,6319,,,0,40,,6320,,,0
2000001,'2509-HIV-25k03H-s-Samedi-00',701,,6322,,,0,41,,6323,,,0,80,,6324,,,0,32,,6362,,,0,61,,6326,,,0,20,,6325,,,0,21,,6327,,,0,60,,6328,,,0,19,,6330,,,0,18,,6329,,,0,60,,6335,,,0,19,,6333,,,0,18,,6337,,,0,59,,6331,,,0,19,,6336,,,0,20,,6332,,,0,57,,6334,,,0,18,,6343,,,0,18,,6340,,,0,60,,6341,,,0,21,,6342,,,0,18,,6339,,,0,17,,6338,,,0,59,,6344,,,0,22,,6345,,,0,20,,6347,,,0,59,,6346,,,0,20,,6348,,,0,20,,6349,,,0,61,,6350,,,0,20,,6352,,,0,19,,6351,,,0,58,,6353,,,0,19,,6354,,,0,19,,6355,,,0,58,,6356,,,0,17,,6357,,,0,18,,6358,,,0,62,,6359,,,0,24,,6360,,,0,22,,6361,,,0
2000001,'2509-HIV-25l22Vlv-Semaine-00',658,,6369,,,0,65,,6366,,,0,18,,6364,,,0,16,,6368,,,0,55,,6365,,,0,15,,6370,,,0,16,,6363,,,0,14,,6367,,,0,55,,6372,,,0,16,,6411,,,0,15,,6410,,,0,16,,6409,,,0,55,,6408,,,0,15,,6406,,,0,14,,6407,,,0,16,,6405,,,0,55,,6404,,,0,14,,6402,,,0,15,,6403,,,0,15,,6401,,,0,55,,6400,,,0,15,,6399,,,0,14,,6398,,,0,15,,6393,,,0,54,,6394,,,0,15,,6395,,,0,15,,6391,,,0,16,,6396,,,0,55,,6397,,,0,17,,6392,,,0,14,,6384,,,0,14,,6387,,,0,55,,6390,,,0,15,,6386,,,0,17,,6388,,,0,15,,6389,,,0,55,,6385,,,0,16,,6382,,,0,15,,6383,,,0,55,,6381,,,0,16,,6378,,,0,15,,6379,,,0,14,,6380,,,0,55,,6377,,,0,14,,6375,,,0,14,,6376,,,0,14,,6373,,,0,15,,6374,,,0,55,,6371,,,0,14,,6417,,,0,26,,6412,,,0,58,,6413,,,0,20,,6416,,,0,19,,6415,,,0,57,,6414,,,0
2000001,'2509-HIV-26a05H-s-Samedi-00',701,,6418,,,0,41,,6419,,,0,80,,6420,,,0,32,,6458,,,0,61,,6422,,,0,20,,6421,,,0,21,,6423,,,0,60,,6424,,,0,19,,6426,,,0,18,,6425,,,0,60,,6431,,,0,19,,6429,,,0,18,,6433,,,0,59,,6427,,,0,19,,6432,,,0,20,,6428,,,0,57,,6430,,,0,18,,6439,,,0,18,,6436,,,0,60,,6437,,,0,21,,6438,,,0,18,,6435,,,0,17,,6434,,,0,59,,6440,,,0,22,,6441,,,0,20,,6443,,,0,59,,6442,,,0,20,,6444,,,0,20,,6445,,,0,61,,6446,,,0,20,,6448,,,0,19,,6447,,,0,58,,6449,,,0,19,,6450,,,0,19,,6451,,,0,58,,6452,,,0,17,,6453,,,0,18,,6454,,,0,62,,6455,,,0,24,,6456,,,0,22,,6457,,,0
2000001,'2509-HIV-26a05H-w-Mercredi-00',658,,6511,,,0,69,,6488,,,0,14,,6469,,,0,4,,6471,,,0,56,,6496,,,0,16,,6479,,,0,14,,6514,,,0,14,,6461,,,0,14,,6489,,,0,54,,6473,,,0,16,,6497,,,0,16,,6481,,,0,57,,6505,,,0,17,,6462,,,0,15,,6495,,,0,15,,6472,,,0,56,,6498,,,0,17,,6480,,,0,16,,6507,,,0,15,,6463,,,0,56,,6493,,,0,15,,6478,,,0,16,,6499,,,0,15,,6487,,,0,54,,6506,,,0,13,,6465,,,0,15,,6490,,,0,17,,6474,,,0,55,,6501,,,0,15,,6482,,,0,15,,6510,,,0,15,,6466,,,0,56,,6491,,,0,16,,6475,,,0,15,,6500,,,0,16,,6483,,,0,54,,6509,,,0,16,,6464,,,0,17,,6492,,,0,57,,6476,,,0,16,,6502,,,0,17,,6484,,,0,17,,6460,,,0,56,,6508,,,0,16,,6515,,,0,10,,6494,,,0,12,,6477,,,0,13,,6503,,,0,54,,6485,,,0,11,,6459,,,0,13,,6512,,,0,14,,6468,,,0,62,,6504,,,0,19,,6486,,,0,19,,6513,,,0,59,,6470,,,0
2000001,'2509-HIV-26a05Hlv-L-Ma-J-V-00',658,,6568,,,0,69,,6545,,,0,14,,6526,,,0,4,,6528,,,0,56,,6553,,,0,16,,6536,,,0,14,,6571,,,0,14,,6518,,,0,14,,6546,,,0,54,,6530,,,0,16,,6554,,,0,16,,6538,,,0,57,,6562,,,0,17,,6519,,,0,15,,6552,,,0,15,,6529,,,0,56,,6555,,,0,17,,6537,,,0,16,,6564,,,0,15,,6520,,,0,56,,6550,,,0,15,,6535,,,0,16,,6556,,,0,15,,6544,,,0,54,,6563,,,0,13,,6522,,,0,15,,6547,,,0,17,,6531,,,0,55,,6558,,,0,15,,6539,,,0,15,,6567,,,0,15,,6523,,,0,56,,6548,,,0,16,,6532,,,0,15,,6557,,,0,16,,6540,,,0,54,,6566,,,0,16,,6521,,,0,17,,6549,,,0,57,,6533,,,0,16,,6559,,,0,17,,6541,,,0,17,,6517,,,0,56,,6565,,,0,16,,6572,,,0,10,,6551,,,0,12,,6534,,,0,13,,6560,,,0,54,,6542,,,0,11,,6516,,,0,13,,6569,,,0,14,,6525,,,0,62,,6561,,,0,19,,6543,,,0,19,,6570,,,0,59,,6527,,,0
2000001,'2509-HIV-26b23Vlv-Semaine-00',658,,6579,,,0,65,,6576,,,0,18,,6574,,,0,16,,6578,,,0,55,,6575,,,0,15,,6580,,,0,16,,6573,,,0,14,,6577,,,0,55,,6582,,,0,16,,6621,,,0,15,,6620,,,0,16,,6619,,,0,55,,6618,,,0,15,,6616,,,0,14,,6617,,,0,16,,6615,,,0,55,,6614,,,0,14,,6612,,,0,15,,6613,,,0,15,,6611,,,0,55,,6610,,,0,15,,6609,,,0,14,,6608,,,0,15,,6603,,,0,54,,6604,,,0,15,,6605,,,0,15,,6601,,,0,16,,6606,,,0,55,,6607,,,0,17,,6602,,,0,14,,6594,,,0,14,,6597,,,0,55,,6600,,,0,15,,6596,,,0,17,,6598,,,0,15,,6599,,,0,55,,6595,,,0,16,,6592,,,0,15,,6593,,,0,55,,6591,,,0,16,,6588,,,0,15,,6589,,,0,14,,6590,,,0,55,,6587,,,0,14,,6585,,,0,14,,6586,,,0,14,,6583,,,0,15,,6584,,,0,55,,6581,,,0,14,,6627,,,0,26,,6622,,,0,58,,6623,,,0,20,,6626,,,0,19,,6625,,,0,57,,6624,,,0
2000001,'2509-HIV-26c02Vlv-Semaine-00',658,,6634,,,0,65,,6631,,,0,18,,6629,,,0,16,,6633,,,0,55,,6630,,,0,15,,6635,,,0,16,,6628,,,0,14,,6632,,,0,55,,6637,,,0,16,,6676,,,0,15,,6675,,,0,16,,6674,,,0,55,,6673,,,0,15,,6671,,,0,14,,6672,,,0,16,,6670,,,0,55,,6669,,,0,14,,6667,,,0,15,,6668,,,0,15,,6666,,,0,55,,6665,,,0,15,,6664,,,0,14,,6663,,,0,15,,6658,,,0,54,,6659,,,0,15,,6660,,,0,15,,6656,,,0,16,,6661,,,0,55,,6662,,,0,17,,6657,,,0,14,,6649,,,0,14,,6652,,,0,55,,6655,,,0,15,,6651,,,0,17,,6653,,,0,15,,6654,,,0,55,,6650,,,0,16,,6647,,,0,15,,6648,,,0,55,,6646,,,0,16,,6643,,,0,15,,6644,,,0,14,,6645,,,0,55,,6642,,,0,14,,6640,,,0,14,,6641,,,0,14,,6638,,,0,15,,6639,,,0,55,,6636,,,0,14,,6682,,,0,26,,6677,,,0,58,,6678,,,0,20,,6681,,,0,19,,6680,,,0,57,,6679,,,0
