901,'1_6',811,,17149,24,0,23 24,0,148,,17154,9,0,23 24,0,166,,17155,9,0,23 24,0,192,,17156,9,0,23 24,0,326,,17150,24,0,23 24,0,102,,17151,24,0,23 24,0,172,,17152,24,0,23 24,0,89,,17153,24,0,23 24,0
901,'5_1',814,,17162,24,0,26,0,27,,17163,24,0,27 28 29,0,103,,17168,24,0,23 24,0,95,,17172,9,0,23 24,0,98,,17169,24,0,23 24,0,106,,17164,24,0,27 28 29,0,15,,17173,10,,,0,166,,17170,24,0,23 24,0,112,,17171,24,0,23 24,0,109,,17165,24,0,27 28 29,0,0,,17176,10,,,0,102,,17166,24,0,27 28 29,0,5,,17174,2,,,0,90,,17167,24,0,27 28 29,0,5,,17175,2,,,0,158,,17177,24,,,0
901,'5_2',814,,17178,24,0,26,0,27,,17179,24,0,27 28 29,0,103,,17184,24,0,23 24,0,95,,17188,9,0,23 24,0,98,,17185,24,0,23 24,0,106,,17180,24,0,27 28 29,0,15,,17189,10,,,0,166,,17186,24,0,23 24,0,112,,17187,24,0,23 24,0,109,,17181,24,0,27 28 29,0,0,,17192,10,,,0,102,,17182,24,0,27 28 29,0,5,,17190,2,,,0,90,,17183,24,0,27 28 29,0,5,,17191,2,,,0,158,,17193,24,,,0
901,'5_4',814,,17194,24,0,26,0,27,,17195,24,0,27 28 29,0,103,,17200,24,0,23 24,0,95,,17204,9,0,23 24,0,98,,17201,24,0,23 24,0,106,,17196,24,0,27 28 29,0,15,,17205,10,,,0,166,,17202,24,0,23 24,0,112,,17203,24,0,23 24,0,109,,17197,24,0,27 28 29,0,0,,17208,10,,,0,102,,17198,24,0,27 28 29,0,5,,17206,2,,,0,90,,17199,24,0,27 28 29,0,5,,17207,2,,,0,158,,17209,24,,,0
901,'5_5',814,,17210,24,0,26,0,27,,17211,24,0,27 28 29,0,103,,17216,24,0,23 24,0,95,,17220,9,0,23 24,0,98,,17217,24,0,23 24,0,106,,17212,24,0,27 28 29,0,15,,17221,10,,,0,166,,17218,24,0,23 24,0,112,,17219,24,0,23 24,0,109,,17213,24,0,27 28 29,0,0,,17224,10,,,0,102,,17214,24,0,27 28 29,0,5,,17222,2,,,0,90,,17215,24,0,27 28 29,0,5,,17223,2,,,0,158,,17225,24,,,0
901,'6_3',814,,17226,24,0,26,0,27,,17227,24,0,27 28 29,0,103,,17232,24,0,23 24,0,95,,17236,9,0,23 24,0,98,,17233,24,0,23 24,0,106,,17228,24,0,27 28 29,0,15,,17237,10,,,0,166,,17234,24,0,23 24,0,112,,17235,24,0,23 24,0,109,,17229,24,0,27 28 29,0,0,,17240,10,,,0,102,,17230,24,0,27 28 29,0,5,,17238,2,,,0,90,,17231,24,0,27 28 29,0,5,,17239,2,,,0,158,,17241,24,,,0
2900901,'5_1',1752,,21000,7,,,0,100,,21001,7,,,0
2900901,'5_2',1752,,21002,7,,,0,100,,21003,7,,,0
2900901,'5_4',1752,,21004,7,,,0,100,,21005,7,,,0
2900901,'5_5',1752,,21006,7,,,0,100,,21007,7,,,0
2900901,'6_3',1752,,21008,7,,,0,100,,21009,7,,,0
