1600,'S2-1_6',758,,24998,1,0,25,0,497,,25006,8,,,0,68,,25007,10,4,,0,395,,25009,10,,,0
1600,'S2-5_1',758,,25010,1,0,25,0,497,,25018,8,,,0,68,,25019,10,4,,0,395,,25021,10,,,0
1600,'S2-5_2',758,,25022,1,0,25,0,497,,25030,8,,,0,68,,25031,10,4,,0,395,,25033,10,,,0
1600,'S2-5_4',758,,25034,1,0,25,0,497,,25042,8,,,0,68,,25043,10,4,,0,395,,25045,10,,,0
1600,'S2-5_5',758,,25046,1,0,25,0,497,,25054,8,,,0,68,,25055,10,4,,0,395,,25057,10,,,0
1600,'S2-6_3',758,,25058,1,0,25,0,497,,25066,8,,,0,68,,25067,10,4,,0,395,,25069,10,,,0
1601,'S2-1_6',1222,,25077,15,,,0
1601,'S2-5_1',1222,,25087,15,,,0
1601,'S2-5_2',1222,,25097,15,,,0
1601,'S2-5_4',1222,,25107,15,,,0
1601,'S2-5_5',1222,,25117,15,,,0
1601,'S2-6_3',1222,,25127,15,,,0
2100,'S2-5_1',1640,,25397,1,,,0
2100,'S2-5_2',1640,,25399,1,,,0
2100,'S2-5_4',1640,,25401,1,,,0
2100,'S2-5_5',1240,,25403,1,0,11 12,0
2100,'S2-6_3',1640,,25406,1,,,0
2101,'S2-5_1',757,,25409,9,4,,0,158,,25410,6,4,,0
2101,'S2-5_2',757,,25412,9,4,,0,158,,25413,6,4,,0
2101,'S2-5_4',757,,25415,9,4,,0,158,,25416,6,4,,0
2101,'S2-5_5',757,,25418,9,4,,0,158,,25419,6,4,,0
2101,'S2-6_3',757,,25421,9,4,,0,158,,25422,6,4,,0
