601,'25j05H-Dimanche',1018,,2258,,,0,295,,2259,,,0,210,,2260,,,0,215,,2261,,,0
601,'25j26H-Dimanche',1018,,2262,,,0,295,,2263,,,0,210,,2264,,,0,215,,2265,,,0
601,'25k03H-Samedi',800,,2266,,,0,51,,2268,,,0,96,,2269,,,0,92,,2270,,,0,88,,2271,,,0,88,,2272,,,0,88,,2273,,,0,49,,2274,,,0,90,,2275,,,0,89,,2276,,,0,100,,2277,,,0,92,,2278,,,0,93,,2279,,,0,85,,2280,,,0,49,,2267,,,0
601,'25l22V-Semaine',628,,2281,,,0,111,,2295,,,0,92,,2282,,,0,94,,2283,,,0,92,,2284,,,0,85,,2285,,,0,52,,2296,,,0,83,,2286,,,0,20,,2287,,,0,95,,2288,,,0,85,,2289,,,0,104,,2290,,,0,85,,2291,,,0,95,,2292,,,0,88,,2297,,,0,48,,2293,,,0,93,,2294,,,0
601,'26a05H-Samedi',800,,2298,,,0,51,,2300,,,0,96,,2301,,,0,92,,2302,,,0,88,,2303,,,0,88,,2304,,,0,88,,2305,,,0,49,,2306,,,0,90,,2307,,,0,89,,2308,,,0,100,,2309,,,0,92,,2310,,,0,93,,2311,,,0,85,,2312,,,0,49,,2299,,,0
601,'26a05H-Mercredi',631,,2313,,,0,109,,2326,,,0,95,,2314,,,0,102,,2315,,,0,99,,2316,,,0,100,,2317,,,0,164,,2318,,,0,42,,2319,,,0,104,,2320,,,0,94,,2321,,,0,82,,2327,,,0,78,,2322,,,0,41,,2328,,,0,66,,2323,,,0,27,,2329,,,0,25,,2324,,,0,95,,2325,,,0
601,'26a05H-Mercredi0010000',1241,,2330,,,0
601,'26a05H-L-Ma-J-V',631,,2331,,,0,109,,2344,,,0,95,,2332,,,0,102,,2333,,,0,99,,2334,,,0,100,,2335,,,0,164,,2336,,,0,42,,2337,,,0,104,,2338,,,0,94,,2339,,,0,82,,2345,,,0,78,,2340,,,0,41,,2346,,,0,66,,2341,,,0,27,,2347,,,0,25,,2342,,,0,95,,2343,,,0
601,'26a05H-L-Ma-J-V1101100',1241,,2348,,,0
601,'26b23V-Semaine',628,,2349,,,0,111,,2363,,,0,92,,2350,,,0,94,,2351,,,0,92,,2352,,,0,85,,2353,,,0,52,,2364,,,0,83,,2354,,,0,20,,2355,,,0,95,,2356,,,0,85,,2357,,,0,104,,2358,,,0,85,,2359,,,0,95,,2360,,,0,88,,2365,,,0,48,,2361,,,0,93,,2362,,,0
601,'26c02V-Semaine',628,,2366,,,0,111,,2380,,,0,92,,2367,,,0,94,,2368,,,0,92,,2369,,,0,85,,2370,,,0,52,,2381,,,0,83,,2371,,,0,20,,2372,,,0,95,,2373,,,0,85,,2374,,,0,104,,2375,,,0,85,,2376,,,0,95,,2377,,,0,88,,2382,,,0,48,,2378,,,0,93,,2379,,,0
29000601,'26a05H-Mercredi',1750,,8039,,,0,95,,8040,,,0
29000601,'26a05H-L-Ma-J-V',1750,,8041,,,0,95,,8042,,,0
