400,'2_6',743,,31221,44,0,40,0,105,,31222,44,0,40,0,72,,31215,56,0,40,0,27,,31223,44,0,40,0,72,,31224,44,0,40,0,30,,31225,44,0,40,0,71,,31216,56,0,40,0,31,,31226,44,0,40,0,70,,31228,44,0,40,0,29,,31227,44,0,40,0,69,,31217,56,0,40,0,31,,31229,44,0,40,0,70,,31230,44,0,40,0,29,,31231,44,0,40,0,73,,31218,56,0,40,0,33,,31232,44,0,40,0,70,,31233,44,0,40,0,31,,31234,44,0,40,0,73,,31219,56,0,40,0,72,,31235,44,0,40,0,30,,31236,44,0,40,0,71,,31237,44,0,40,0,29,,31220,56,0,40,0,71,,31238,44,0,40,0
400,'3_7',942,,31239,44,0,40,0,100,,31240,44,0,40,0,100,,31241,44,0,40,0,100,,31242,44,0,40,0,100,,31243,44,0,40,0,100,,31244,44,0,40,0,100,,31245,44,0,40,0,100,,31246,44,0,40,0,100,,31247,44,0,40,0,100,,31248,44,0,40,0
400,'4_7',942,,46882,44,0,40,0,100,,46883,44,0,40,0,100,,46884,44,0,40,0,100,,46885,44,0,40,0,100,,46886,44,0,40,0,100,,46887,44,0,40,0,100,,46888,44,0,40,0,100,,46889,44,0,40,0,100,,46890,44,0,40,0,100,,46891,44,0,40,0
400,'5_5',747,,39411,45,0,40,0,56,,39417,48,0,40,0,10,,39391,44,0,40,0,19,,39392,45,0,40,0,10,,39412,44,0,40,0,17,,39393,44,0,40,0,53,,39394,44,0,40,0,37,,39395,44,0,40,0,73,,39396,56,0,40,0,30,,39397,44,0,40,0,71,,39398,44,0,40,0,35,,39399,44,0,40,0,76,,39400,44,0,40,0,23,,39415,44,0,40,0,70,,39413,57,0,40,0,26,,39401,44,0,40,0,69,,39402,44,0,40,0,25,,39405,56,0,40,0,76,,39403,44,0,40,0,31,,39406,56,0,40,0,76,,39404,44,0,40,0,75,,39418,45,0,40,0,31,,39414,57,0,40,0,67,,39407,45,0,40,0,30,,39408,56,0,40,0,68,,39416,47,,,0,26,,39409,44,0,40,0,30,,39410,56,0,40,0
400,'6_1',747,,39439,45,0,40,0,56,,39445,48,0,40,0,10,,39419,44,0,40,0,19,,39420,45,0,40,0,10,,39440,44,0,40,0,17,,39421,44,0,40,0,53,,39422,44,0,40,0,37,,39423,44,0,40,0,73,,39424,56,0,40,0,30,,39425,44,0,40,0,71,,39426,44,0,40,0,35,,39427,44,0,40,0,76,,39428,44,0,40,0,23,,39443,44,0,40,0,70,,39441,57,0,40,0,26,,39429,44,0,40,0,69,,39430,44,0,40,0,25,,39433,56,0,40,0,76,,39431,44,0,40,0,31,,39434,56,0,40,0,76,,39432,44,0,40,0,75,,39446,45,0,40,0,31,,39442,57,0,40,0,67,,39435,45,0,40,0,30,,39436,56,0,40,0,68,,39444,47,,,0,26,,39437,44,0,40,0,30,,39438,56,0,40,0
400,'6_2',747,,44110,45,0,40,0,56,,44116,48,0,40,0,10,,44090,44,0,40,0,19,,44091,45,0,40,0,10,,44111,44,0,40,0,17,,44092,44,0,40,0,53,,44093,44,0,40,0,37,,44094,44,0,40,0,73,,44095,56,0,40,0,30,,44096,44,0,40,0,71,,44097,44,0,40,0,35,,44098,44,0,40,0,76,,44099,44,0,40,0,23,,44114,44,0,40,0,70,,44112,57,0,40,0,26,,44100,44,0,40,0,69,,44101,44,0,40,0,25,,44104,56,0,40,0,76,,44102,44,0,40,0,31,,44105,56,0,40,0,76,,44103,44,0,40,0,75,,44117,45,0,40,0,31,,44113,57,0,40,0,67,,44106,45,0,40,0,30,,44107,56,0,40,0,68,,44115,47,,,0,26,,44108,44,0,40,0,30,,44109,56,0,40,0
400,'6_3',747,,44138,45,0,40,0,56,,44144,48,0,40,0,10,,44118,44,0,40,0,19,,44119,45,0,40,0,10,,44139,44,0,40,0,17,,44120,44,0,40,0,53,,44121,44,0,40,0,37,,44122,44,0,40,0,73,,44123,56,0,40,0,30,,44124,44,0,40,0,71,,44125,44,0,40,0,35,,44126,44,0,40,0,76,,44127,44,0,40,0,23,,44142,44,0,40,0,70,,44140,57,0,40,0,26,,44128,44,0,40,0,69,,44129,44,0,40,0,25,,44132,56,0,40,0,76,,44130,44,0,40,0,31,,44133,56,0,40,0,76,,44131,44,0,40,0,75,,44145,45,0,40,0,31,,44141,57,0,40,0,67,,44134,45,0,40,0,30,,44135,56,0,40,0,68,,44143,47,,,0,26,,44136,44,0,40,0,30,,44137,56,0,40,0
400,'6_4',747,,44166,45,0,40,0,56,,44172,48,0,40,0,10,,44146,44,0,40,0,19,,44147,45,0,40,0,10,,44167,44,0,40,0,17,,44148,44,0,40,0,53,,44149,44,0,40,0,37,,44150,44,0,40,0,73,,44151,56,0,40,0,30,,44152,44,0,40,0,71,,44153,44,0,40,0,35,,44154,44,0,40,0,76,,44155,44,0,40,0,23,,44170,44,0,40,0,70,,44168,57,0,40,0,26,,44156,44,0,40,0,69,,44157,44,0,40,0,25,,44160,56,0,40,0,76,,44158,44,0,40,0,31,,44161,56,0,40,0,76,,44159,44,0,40,0,75,,44173,45,0,40,0,31,,44169,57,0,40,0,67,,44162,45,0,40,0,30,,44163,56,0,40,0,68,,44171,47,,,0,26,,44164,44,0,40,0,30,,44165,56,0,40,0
400,'7_1',753,,46916,45,0,40,0,59,,46920,14,4,,0,6,,46892,44,0,40,0,17,,46893,45,0,40,0,11,,46917,44,0,40,0,54,,46894,44,0,40,0,13,,46895,44,0,40,0,30,,46896,44,0,40,0,80,,46897,56,0,40,0,31,,46898,44,0,40,0,70,,46899,44,0,40,0,35,,46900,44,0,40,0,77,,46901,44,0,40,0,68,,46921,47,,,0,25,,46918,57,0,40,0,24,,46902,44,0,40,0,67,,46903,44,0,40,0,29,,46906,56,0,40,0,75,,46904,44,0,40,0,32,,46907,56,0,40,0,78,,46905,44,0,40,0,83,,46924,48,0,40,0,15,,46908,28,0,40,0,10,,46919,57,0,40,0,8,,46909,44,0,40,0,65,,46925,48,,,0,4,,46910,56,0,40,0,22,,46914,28,0,40,0,62,,46922,47,,,0,28,,46912,44,0,40,0,25,,46913,56,0,40,0
2300,'7_1',1626,,47270,25,,,0,105,,47271,25,,,0,95,,47272,25,,,0
