901,'1_6',747,,17149,14,0,23 24,0,99,,17161,14,0,25,0,367,,17159,14,0,25,0,319,,17157,14,0,25,0,82,,17150,14,0,23 24,0,105,,17151,14,0,23 24,0,133,,17152,14,0,23 24,0,90,,17153,14,0,23 24,0
901,'5_1',749,,17162,14,0,26,0,66,,17163,14,0,27 28 29,0,103,,17168,14,0,23 24,0,193,,17169,14,0,23 24,0,106,,17164,14,0,27 28 29,0,141,,17170,14,0,23 24,0,152,,17171,14,0,23 24,0,109,,17165,14,0,27 28 29,0,101,,17166,14,0,27 28 29,0,96,,17167,14,0,27 28 29,0,126,,17177,14,,,0
901,'5_2',749,,17178,14,0,26,0,66,,17179,14,0,27 28 29,0,103,,17184,14,0,23 24,0,193,,17185,14,0,23 24,0,106,,17180,14,0,27 28 29,0,141,,17186,14,0,23 24,0,152,,17187,14,0,23 24,0,109,,17181,14,0,27 28 29,0,101,,17182,14,0,27 28 29,0,96,,17183,14,0,27 28 29,0,126,,17193,14,,,0
901,'5_4',749,,17194,14,0,26,0,66,,17195,14,0,27 28 29,0,103,,17200,14,0,23 24,0,193,,17201,14,0,23 24,0,106,,17196,14,0,27 28 29,0,141,,17202,14,0,23 24,0,152,,17203,14,0,23 24,0,109,,17197,14,0,27 28 29,0,101,,17198,14,0,27 28 29,0,96,,17199,14,0,27 28 29,0,126,,17209,14,,,0
901,'5_5',749,,17210,14,0,26,0,66,,17211,14,0,27 28 29,0,103,,17216,14,0,23 24,0,193,,17217,14,0,23 24,0,106,,17212,14,0,27 28 29,0,141,,17218,14,0,23 24,0,152,,17219,14,0,23 24,0,109,,17213,14,0,27 28 29,0,101,,17214,14,0,27 28 29,0,96,,17215,14,0,27 28 29,0,126,,17225,14,,,0
901,'6_3',749,,17226,14,0,26,0,66,,17227,14,0,27 28 29,0,103,,17232,14,0,23 24,0,193,,17233,14,0,23 24,0,106,,17228,14,0,27 28 29,0,141,,17234,14,0,23 24,0,152,,17235,14,0,23 24,0,109,,17229,14,0,27 28 29,0,101,,17230,14,0,27 28 29,0,96,,17231,14,0,27 28 29,0,126,,17241,14,,,0
1001,'1_6',753,,17330,9,,,0,103,,17331,9,,,0,101,,17338,7,,,0,102,,17332,9,,,0,100,,17339,7,,,0,85,,17340,7,,,0,164,,17335,9,,,0,38,,17341,7,,,0,187,,17336,9,,,0,118,,17337,9,,,0,90,,17333,9,,,0,107,,17334,9,,,0
1001,'5_1',756,,17342,9,,,0,100,,17344,9,,,0,86,,17345,9,,,0,79,,17349,7,,,0,86,,17346,9,,,0,50,,17350,7,,,0,82,,17351,7,,,0,71,,17352,7,,,0,101,,17343,9,,,0,38,,17353,7,,,0,183,,17354,9,,,0,317,,17348,9,,,0
1001,'5_2',756,,17356,9,,,0,100,,17358,9,,,0,86,,17359,9,,,0,79,,17363,7,,,0,86,,17360,9,,,0,50,,17364,7,,,0,82,,17365,7,,,0,71,,17366,7,,,0,101,,17357,9,,,0,38,,17367,7,,,0,183,,17368,9,,,0,317,,17362,9,,,0
1001,'5_4',756,,17370,9,,,0,100,,17372,9,,,0,86,,17373,9,,,0,79,,17377,7,,,0,86,,17374,9,,,0,50,,17378,7,,,0,82,,17379,7,,,0,71,,17380,7,,,0,101,,17371,9,,,0,38,,17381,7,,,0,183,,17382,9,,,0,317,,17376,9,,,0
1001,'5_5',756,,17384,9,,,0,100,,17386,9,,,0,86,,17387,9,,,0,79,,17391,7,,,0,86,,17388,9,,,0,50,,17392,7,,,0,82,,17393,7,,,0,71,,17394,7,,,0,101,,17385,9,,,0,38,,17395,7,,,0,183,,17396,9,,,0,317,,17390,9,,,0
1001,'6_3',756,,17398,9,,,0,100,,17400,9,,,0,86,,17401,9,,,0,79,,17405,7,,,0,86,,17402,9,,,0,50,,17406,7,,,0,82,,17407,7,,,0,71,,17408,7,,,0,101,,17399,9,,,0,38,,17409,7,,,0,183,,17410,9,,,0,317,,17404,9,,,0
1101,'1_6',1617,,17436,3,,,0,119,,17437,3,,,0
1101,'5_1',1617,,17438,3,,,0,119,,17439,3,,,0,94,,17440,3,,,0
1101,'5_2',1617,,17441,3,,,0,119,,17442,3,,,0,94,,17443,3,,,0
1101,'5_4',1617,,17444,3,,,0,119,,17445,3,,,0,94,,17446,3,,,0
1101,'5_5',1617,,17447,3,,,0,119,,17448,3,,,0,94,,17449,3,,,0
1101,'6_3',1617,,17450,3,,,0,119,,17451,3,,,0,94,,17452,3,,,0
1901,'5_1',1617,,17929,13,,,0,100,,17930,13,,,0,99,,17931,13,,,0
1901,'5_2',1617,,17938,13,,,0,100,,17939,13,,,0,99,,17940,13,,,0
1901,'5_4',1617,,17947,13,,,0,100,,17948,13,,,0,99,,17949,13,,,0
1901,'5_5',1617,,17956,13,,,0,100,,17957,13,,,0,99,,17958,13,,,0
1901,'6_3',1216,,17968,13,,,0,34,,17969,13,,,0
1000001,'1_6',556,,19661,25,,,0,82,,19662,25,,,0,81,,19663,25,,,0,30,,19664,25,,,0,70,,19665,31,,,0,29,,19666,31,,,0,54,,19667,25,,,0,16,,19668,25,,,0,15,,19669,31,,,0,16,,19670,25,,,0,55,,19671,25,,,0,15,,19672,31,,,0,16,,19673,25,,,0,15,,19674,25,,,0,56,,19675,31,,,0,15,,19676,25,,,0,15,,19677,25,,,0,16,,19678,31,,,0,54,,19679,25,,,0,16,,19680,25,,,0,15,,19681,31,,,0,14,,19682,25,,,0,57,,19683,25,,,0,16,,19684,31,,,0,9,,19685,25,,,0,9,,19686,25,,,0,9,,19687,25,,,0,50,,19689,25,,,0,10,,19688,31,,,0,10,,19690,25,,,0,11,,19691,25,,,0,12,,19692,31,,,0,9,,19693,25,,,0,49,,19694,25,,,0,10,,19695,25,,,0,11,,19696,31,,,0,10,,19697,25,,,0,10,,19698,25,,,0,11,,19699,25,,,0,51,,19700,31,,,0,9,,19701,25,,,0,10,,19702,25,,,0,11,,19703,25,,,0,13,,19704,31,,,0,9,,19705,25,,,0,49,,19706,25,,,0,10,,19707,25,,,0,9,,19709,25,,,0,9,,19708,31,,,0,10,,19710,25,,,0,9,,19711,25,,,0,50,,19713,25,,,0,9,,19712,31,,,0,9,,19714,25,,,0,9,,19715,25,,,0,9,,19717,25,,,0,10,,19716,31,,,0,10,,19718,25,,,0,53,,19719,25,,,0,18,,19720,31,,,0,17,,19721,25,,,0,61,,19722,25,,,0,21,,19723,25,,,0,16,,19724,25,,,0,59,,19725,25,,,0,20,,19726,25,,,0,20,,19727,25,,,0,60,,19728,25,,,0
1000001,'4_7',827,,19729,25,,,0,80,,19730,25,,,0,40,,19731,25,,,0,80,,19732,25,,,0,80,,19733,25,,,0,40,,19734,25,,,0,80,,19735,25,,,0,80,,19736,25,,,0,40,,19737,25,,,0,80,,19738,25,,,0,80,,19739,25,,,0,40,,19740,25,,,0,80,,19741,25,,,0,80,,19742,25,,,0,40,,19743,25,,,0,80,,19744,25,,,0,80,,19745,25,,,0,40,,19746,25,,,0
1000001,'5_1',556,,19747,25,,,0,60,,19748,25,,,0,20,,19749,25,,,0,21,,19750,25,,,0,62,,19751,25,,,0,10,,19831,25,,,0,10,,19832,25,,,0,11,,19782,31,,,0,50,,19783,31,,,0,9,,19784,31,,,0,11,,19785,31,,,0,10,,19786,31,,,0,10,,19787,31,,,0,10,,19788,31,,,0,50,,19789,31,,,0,10,,19790,31,,,0,9,,19791,31,,,0,10,,19792,31,,,0,12,,19793,31,,,0,12,,19752,25,,,0,51,,19753,31,,,0,10,,19754,25,,,0,9,,19755,31,,,0,11,,19756,25,,,0,11,,19794,31,,,0,11,,19757,25,,,0,51,,19758,31,,,0,10,,19759,25,,,0,11,,19760,31,,,0,10,,19761,25,,,0,11,,19795,31,,,0,52,,19762,25,,,0,11,,19763,31,,,0,10,,19764,25,,,0,8,,19765,31,,,0,9,,19796,25,,,0,10,,19797,31,,,0,10,,19798,25,,,0,50,,19799,31,,,0,10,,19800,25,,,0,10,,19801,31,,,0,10,,19802,25,,,0,9,,19803,31,,,0,10,,19804,25,,,0,51,,19805,31,,,0,10,,19806,25,,,0,10,,19807,31,,,0,10,,19808,25,,,0,11,,19766,31,,,0,50,,19767,25,,,0,9,,19809,31,,,0,10,,19768,25,,,0,9,,19769,31,,,0,11,,19770,25,,,0,11,,19810,31,,,0,52,,19771,25,,,0,12,,19772,31,,,0,11,,19773,25,,,0,10,,19774,31,,,0,9,,19775,31,,,0,10,,19811,31,,,0,52,,19812,31,,,0,11,,19813,31,,,0,12,,19814,31,,,0,11,,19815,31,,,0,8,,19816,31,,,0,9,,19817,31,,,0,49,,19818,31,,,0,8,,19819,31,,,0,10,,19820,31,,,0,9,,19821,31,,,0,8,,19822,31,,,0,9,,19823,31,,,0,9,,19824,31,,,0,48,,19825,31,,,0,9,,19826,25,,,0,9,,19827,31,,,0,10,,19828,25,,,0,12,,19830,31,,,0,59,,19829,31,,,0,20,,19776,25,,,0,20,,19777,25,,,0,60,,19778,25,,,0,20,,19779,25,,,0,19,,19780,25,,,0,60,,19781,25,,,0
1000001,'5_2',556,,19833,25,,,0,60,,19834,25,,,0,20,,19835,25,,,0,21,,19836,25,,,0,62,,19837,25,,,0,10,,19917,25,,,0,10,,19918,25,,,0,11,,19868,31,,,0,50,,19869,31,,,0,9,,19870,31,,,0,11,,19871,31,,,0,10,,19872,31,,,0,10,,19873,31,,,0,10,,19874,31,,,0,50,,19875,31,,,0,10,,19876,31,,,0,9,,19877,31,,,0,10,,19878,31,,,0,12,,19879,31,,,0,12,,19838,25,,,0,51,,19839,31,,,0,10,,19840,25,,,0,9,,19841,31,,,0,11,,19842,25,,,0,11,,19880,31,,,0,11,,19843,25,,,0,51,,19844,31,,,0,10,,19845,25,,,0,11,,19846,31,,,0,10,,19847,25,,,0,11,,19881,31,,,0,52,,19848,25,,,0,11,,19849,31,,,0,10,,19850,25,,,0,8,,19851,31,,,0,9,,19882,25,,,0,10,,19883,31,,,0,10,,19884,25,,,0,50,,19885,31,,,0,10,,19886,25,,,0,10,,19887,31,,,0,10,,19888,25,,,0,9,,19889,31,,,0,10,,19890,25,,,0,51,,19891,31,,,0,10,,19892,25,,,0,10,,19893,31,,,0,10,,19894,25,,,0,11,,19852,31,,,0,50,,19853,25,,,0,9,,19895,31,,,0,10,,19854,25,,,0,9,,19855,31,,,0,11,,19856,25,,,0,11,,19896,31,,,0,52,,19857,25,,,0,12,,19858,31,,,0,11,,19859,25,,,0,10,,19860,31,,,0,9,,19861,31,,,0,10,,19897,31,,,0,52,,19898,31,,,0,11,,19899,31,,,0,12,,19900,31,,,0,11,,19901,31,,,0,8,,19902,31,,,0,9,,19903,31,,,0,49,,19904,31,,,0,8,,19905,31,,,0,10,,19906,31,,,0,9,,19907,31,,,0,8,,19908,31,,,0,9,,19909,31,,,0,9,,19910,31,,,0,48,,19911,31,,,0,9,,19912,25,,,0,9,,19913,31,,,0,10,,19914,25,,,0,12,,19916,31,,,0,59,,19915,31,,,0,20,,19862,25,,,0,20,,19863,25,,,0,60,,19864,25,,,0,20,,19865,25,,,0,19,,19866,25,,,0,60,,19867,25,,,0
1000001,'5_4',556,,19919,25,,,0,60,,19920,25,,,0,20,,19921,25,,,0,21,,19922,25,,,0,62,,19923,25,,,0,10,,20003,25,,,0,10,,20004,25,,,0,11,,19954,31,,,0,50,,19955,31,,,0,9,,19956,31,,,0,11,,19957,31,,,0,10,,19958,31,,,0,10,,19959,31,,,0,10,,19960,31,,,0,50,,19961,31,,,0,10,,19962,31,,,0,9,,19963,31,,,0,10,,19964,31,,,0,12,,19965,31,,,0,12,,19924,25,,,0,51,,19925,31,,,0,10,,19926,25,,,0,9,,19927,31,,,0,11,,19928,25,,,0,11,,19966,31,,,0,11,,19929,25,,,0,51,,19930,31,,,0,10,,19931,25,,,0,11,,19932,31,,,0,10,,19933,25,,,0,11,,19967,31,,,0,52,,19934,25,,,0,11,,19935,31,,,0,10,,19936,25,,,0,8,,19937,31,,,0,9,,19968,25,,,0,10,,19969,31,,,0,10,,19970,25,,,0,50,,19971,31,,,0,10,,19972,25,,,0,10,,19973,31,,,0,10,,19974,25,,,0,9,,19975,31,,,0,10,,19976,25,,,0,51,,19977,31,,,0,10,,19978,25,,,0,10,,19979,31,,,0,10,,19980,25,,,0,11,,19938,31,,,0,50,,19939,25,,,0,9,,19981,31,,,0,10,,19940,25,,,0,9,,19941,31,,,0,11,,19942,25,,,0,11,,19982,31,,,0,52,,19943,25,,,0,12,,19944,31,,,0,11,,19945,25,,,0,10,,19946,31,,,0,9,,19947,31,,,0,10,,19983,31,,,0,52,,19984,31,,,0,11,,19985,31,,,0,12,,19986,31,,,0,11,,19987,31,,,0,8,,19988,31,,,0,9,,19989,31,,,0,49,,19990,31,,,0,8,,19991,31,,,0,10,,19992,31,,,0,9,,19993,31,,,0,8,,19994,31,,,0,9,,19995,31,,,0,9,,19996,31,,,0,48,,19997,31,,,0,9,,19998,25,,,0,9,,19999,31,,,0,10,,20000,25,,,0,12,,20002,31,,,0,59,,20001,31,,,0,20,,19948,25,,,0,20,,19949,25,,,0,60,,19950,25,,,0,20,,19951,25,,,0,19,,19952,25,,,0,60,,19953,25,,,0
1000001,'5_5',556,,20005,25,,,0,60,,20006,25,,,0,20,,20007,25,,,0,21,,20008,25,,,0,62,,20009,25,,,0,10,,20089,25,,,0,10,,20090,25,,,0,11,,20040,31,,,0,50,,20041,31,,,0,9,,20042,31,,,0,11,,20043,31,,,0,10,,20044,31,,,0,10,,20045,31,,,0,10,,20046,31,,,0,50,,20047,31,,,0,10,,20048,31,,,0,9,,20049,31,,,0,10,,20050,31,,,0,12,,20051,31,,,0,12,,20010,25,,,0,51,,20011,31,,,0,10,,20012,25,,,0,9,,20013,31,,,0,11,,20014,25,,,0,11,,20052,31,,,0,11,,20015,25,,,0,51,,20016,31,,,0,10,,20017,25,,,0,11,,20018,31,,,0,10,,20019,25,,,0,11,,20053,31,,,0,52,,20020,25,,,0,11,,20021,31,,,0,10,,20022,25,,,0,8,,20023,31,,,0,9,,20054,25,,,0,10,,20055,31,,,0,10,,20056,25,,,0,50,,20057,31,,,0,10,,20058,25,,,0,10,,20059,31,,,0,10,,20060,25,,,0,9,,20061,31,,,0,10,,20062,25,,,0,51,,20063,31,,,0,10,,20064,25,,,0,10,,20065,31,,,0,10,,20066,25,,,0,11,,20024,31,,,0,50,,20025,25,,,0,9,,20067,31,,,0,10,,20026,25,,,0,9,,20027,31,,,0,11,,20028,25,,,0,11,,20068,31,,,0,52,,20029,25,,,0,12,,20030,31,,,0,11,,20031,25,,,0,10,,20032,31,,,0,9,,20033,31,,,0,10,,20069,31,,,0,52,,20070,31,,,0,11,,20071,31,,,0,12,,20072,31,,,0,11,,20073,31,,,0,8,,20074,31,,,0,9,,20075,31,,,0,49,,20076,31,,,0,8,,20077,31,,,0,10,,20078,31,,,0,9,,20079,31,,,0,8,,20080,31,,,0,9,,20081,31,,,0,9,,20082,31,,,0,48,,20083,31,,,0,9,,20084,25,,,0,9,,20085,31,,,0,10,,20086,25,,,0,12,,20088,31,,,0,59,,20087,31,,,0,20,,20034,25,,,0,20,,20035,25,,,0,60,,20036,25,,,0,20,,20037,25,,,0,19,,20038,25,,,0,60,,20039,25,,,0
1000001,'6_3',556,,20091,25,,,0,60,,20092,25,,,0,20,,20093,25,,,0,21,,20094,25,,,0,62,,20095,25,,,0,10,,20175,25,,,0,10,,20176,25,,,0,11,,20126,31,,,0,50,,20127,31,,,0,9,,20128,31,,,0,11,,20129,31,,,0,10,,20130,31,,,0,10,,20131,31,,,0,10,,20132,31,,,0,50,,20133,31,,,0,10,,20134,31,,,0,9,,20135,31,,,0,10,,20136,31,,,0,12,,20137,31,,,0,12,,20096,25,,,0,51,,20097,31,,,0,10,,20098,25,,,0,9,,20099,31,,,0,11,,20100,25,,,0,11,,20138,31,,,0,11,,20101,25,,,0,51,,20102,31,,,0,10,,20103,25,,,0,11,,20104,31,,,0,10,,20105,25,,,0,11,,20139,31,,,0,52,,20106,25,,,0,11,,20107,31,,,0,10,,20108,25,,,0,8,,20109,31,,,0,9,,20140,25,,,0,10,,20141,31,,,0,10,,20142,25,,,0,50,,20143,31,,,0,10,,20144,25,,,0,10,,20145,31,,,0,10,,20146,25,,,0,9,,20147,31,,,0,10,,20148,25,,,0,51,,20149,31,,,0,10,,20150,25,,,0,10,,20151,31,,,0,10,,20152,25,,,0,11,,20110,31,,,0,50,,20111,25,,,0,9,,20153,31,,,0,10,,20112,25,,,0,9,,20113,31,,,0,11,,20114,25,,,0,11,,20154,31,,,0,52,,20115,25,,,0,12,,20116,31,,,0,11,,20117,25,,,0,10,,20118,31,,,0,9,,20119,31,,,0,10,,20155,31,,,0,52,,20156,31,,,0,11,,20157,31,,,0,12,,20158,31,,,0,11,,20159,31,,,0,8,,20160,31,,,0,9,,20161,31,,,0,49,,20162,31,,,0,8,,20163,31,,,0,10,,20164,31,,,0,9,,20165,31,,,0,8,,20166,31,,,0,9,,20167,31,,,0,9,,20168,31,,,0,48,,20169,31,,,0,9,,20170,25,,,0,9,,20171,31,,,0,10,,20172,25,,,0,12,,20174,31,,,0,59,,20173,31,,,0,20,,20120,25,,,0,20,,20121,25,,,0,60,,20122,25,,,0,20,,20123,25,,,0,19,,20124,25,,,0,60,,20125,25,,,0
