1000,'0_6',604,,66740,8,,,0,103,,66741,8,,,0,94,,66742,8,,,0,101,,66750,8,,,0,43,,66753,9,,,0,157,,66743,8,,,0,108,,66754,9,,,0,97,,66744,8,,,0,95,,66755,9,,,0,55,,66751,8,,,0,98,,66745,8,,,0,73,,66746,9,,,0,116,,66748,8,,,0,92,,66752,8,,,0,103,,66749,9,,,0,102,,66747,8,,,0
1000,'1_7',1052,,66756,9,,,0,360,,66757,9,,,0,409,,66758,9,,,0,307,,66759,8,,,0
1000,'2_1',618,,66760,8,,,0,97,,66761,8,,,0,120,,66762,8,0,18 30,0,89,,66763,9,,,0,102,,66768,8,0,18 30,0,97,,66764,9,0,18 30,0,112,,66769,8,0,18 30,0,105,,66770,8,0,18 30,0,102,,66765,9,,,0,93,,66771,8,,,0,115,,66766,9,,,0,106,,66772,8,,,0,160,,66767,9,0,18 30,0
1000,'2_2',618,,66773,8,,,0,97,,66774,8,,,0,120,,66775,8,0,18 30,0,89,,66776,9,,,0,102,,66781,8,0,18 30,0,97,,66777,9,0,18 30,0,112,,66782,8,0,18 30,0,105,,66783,8,0,18 30,0,102,,66778,9,,,0,93,,66784,8,,,0,115,,66779,9,,,0,106,,66785,8,,,0,160,,66780,9,0,18 30,0
1000,'2_3',618,,66786,8,,,0,97,,66787,8,,,0,120,,66788,8,0,18 30,0,89,,66789,9,,,0,102,,66794,8,0,18 30,0,97,,66790,9,0,18 30,0,112,,66795,8,0,18 30,0,105,,66796,8,0,18 30,0,102,,66791,9,,,0,93,,66797,8,,,0,115,,66792,9,,,0,106,,66798,8,,,0,160,,66793,9,0,18 30,0
1000,'2_4',618,,66799,8,,,0,97,,66800,8,,,0,120,,66801,8,0,18 30,0,89,,66802,9,,,0,102,,66807,8,0,18 30,0,97,,66803,9,0,18 30,0,112,,66808,8,0,18 30,0,105,,66809,8,0,18 30,0,102,,66804,9,,,0,93,,66810,8,,,0,115,,66805,9,,,0,106,,66811,8,,,0,160,,66806,9,0,18 30,0
1000,'2_5',618,,66812,8,,,0,97,,66813,8,,,0,120,,66814,8,0,18 30,0,89,,66815,9,,,0,102,,66820,8,0,18 30,0,97,,66816,9,0,18 30,0,112,,66821,8,0,18 30,0,105,,66822,8,0,18 30,0,102,,66817,9,,,0,93,,66823,8,,,0,115,,66818,9,,,0,106,,66824,8,,,0,160,,66819,9,0,18 30,0
1000,'3_1',618,,66825,8,,,0,97,,66826,8,,,0,120,,66827,8,0,18 30,0,89,,66828,9,,,0,102,,66833,8,0,18 30,0,97,,66829,9,0,18 30,0,112,,66834,8,0,18 30,0,105,,66835,8,0,18 30,0,102,,66830,9,,,0,93,,66836,8,,,0,115,,66831,9,,,0,106,,66837,8,,,0,160,,66832,9,0,18 30,0
1000,'3_3',618,,66838,8,,,0,97,,66839,8,,,0,120,,66840,8,0,18 30,0,89,,66841,9,,,0,102,,66846,8,0,18 30,0,97,,66842,9,0,18 30,0,112,,66847,8,0,18 30,0,105,,66848,8,0,18 30,0,102,,66843,9,,,0,93,,66849,8,,,0,115,,66844,9,,,0,106,,66850,8,,,0,160,,66845,9,0,18 30,0
1000,'3_4',618,,66851,8,,,0,97,,66852,8,,,0,120,,66853,8,0,18 30,0,89,,66854,9,,,0,102,,66859,8,0,18 30,0,97,,66855,9,0,18 30,0,112,,66860,8,0,18 30,0,105,,66861,8,0,18 30,0,102,,66856,9,,,0,93,,66862,8,,,0,115,,66857,9,,,0,106,,66863,8,,,0,160,,66858,9,0,18 30,0
1000,'3_5',618,,66864,8,,,0,97,,66865,8,,,0,120,,66866,8,0,18 30,0,89,,66867,9,,,0,102,,66872,8,0,18 30,0,97,,66868,9,0,18 30,0,112,,66873,8,0,18 30,0,105,,66874,8,0,18 30,0,102,,66869,9,,,0,93,,66875,8,,,0,115,,66870,9,,,0,106,,66876,8,,,0,160,,66871,9,0,18 30,0
1000,'4_7',618,,66877,8,,,0,97,,66878,8,,,0,120,,66879,8,0,18 30,0,89,,66880,9,,,0,102,,66885,8,0,18 30,0,97,,66881,9,0,18 30,0,112,,66886,8,0,18 30,0,105,,66887,8,0,18 30,0,102,,66882,9,,,0,93,,66888,8,,,0,115,,66883,9,,,0,106,,66889,8,,,0,160,,66884,9,0,18 30,0
