900,'2_6',709,,32184,14,,,0,99,,32185,14,,,0,118,,32183,14,4,,0,126,,32190,8,4,,0,69,,32186,14,,,0,137,,32192,15,4,,0,97,,32191,8,4,,0,90,,32187,14,,,0,89,,32182,8,,,0,99,,32193,8,,,0,175,,32188,15,,,0,93,,32189,14,,,0
900,'5_1',705,,37677,11,,,0,25,,37678,11,,,0,79,,37680,17,,,0,23,,37682,18,,,0,1,,37681,8,,,0,86,,37679,11,,,0,90,,37683,18,,,0,49,,37687,8,4,,0,63,,37684,14,,,0,129,,37686,14,4,,0,105,,37688,8,4,,0,90,,37690,14,,,0,98,,37693,8,,,0,90,,37691,8,,,0,173,,37689,14,,,0,96,,37692,14,,,0
900,'5_2',705,,40113,11,,,0,25,,40114,11,,,0,79,,40116,17,,,0,23,,40118,18,,,0,1,,40117,8,,,0,86,,40115,11,,,0,90,,40119,18,,,0,49,,40123,8,4,,0,63,,40120,14,,,0,129,,40122,14,4,,0,105,,40124,8,4,,0,90,,40126,14,,,0,98,,40129,8,,,0,90,,40127,8,,,0,173,,40125,14,,,0,96,,40128,14,,,0
900,'5_3',705,,40131,11,,,0,25,,40132,11,,,0,79,,40134,17,,,0,23,,40136,18,,,0,1,,40135,8,,,0,86,,40133,11,,,0,90,,40137,18,,,0,49,,40141,8,4,,0,63,,40138,14,,,0,129,,40140,14,4,,0,105,,40142,8,4,,0,90,,40144,14,,,0,98,,40147,8,,,0,90,,40145,8,,,0,173,,40143,14,,,0,96,,40146,14,,,0
900,'5_4',705,,40149,11,,,0,25,,40150,11,,,0,79,,40152,17,,,0,23,,40154,18,,,0,1,,40153,8,,,0,86,,40151,11,,,0,90,,40155,18,,,0,49,,40159,8,4,,0,63,,40156,14,,,0,129,,40158,14,4,,0,105,,40160,8,4,,0,90,,40162,14,,,0,98,,40165,8,,,0,90,,40163,8,,,0,173,,40161,14,,,0,96,,40164,14,,,0
900,'5_5',705,,40167,11,,,0,25,,40168,11,,,0,79,,40170,17,,,0,23,,40172,18,,,0,1,,40171,8,,,0,86,,40169,11,,,0,90,,40173,18,,,0,49,,40177,8,4,,0,63,,40174,14,,,0,129,,40176,14,4,,0,105,,40178,8,4,,0,90,,40180,14,,,0,98,,40183,8,,,0,90,,40181,8,,,0,173,,40179,14,,,0,96,,40182,14,,,0
900,'6_1',705,,40185,11,,,0,25,,40186,11,,,0,79,,40188,17,,,0,23,,40190,18,,,0,1,,40189,8,,,0,86,,40187,11,,,0,90,,40191,18,,,0,49,,40195,8,4,,0,63,,40192,14,,,0,129,,40194,14,4,,0,105,,40196,8,4,,0,90,,40198,14,,,0,98,,40201,8,,,0,90,,40199,8,,,0,173,,40197,14,,,0,96,,40200,14,,,0
900,'6_2',705,,44574,11,,,0,25,,44575,11,,,0,79,,44577,17,,,0,23,,44579,18,,,0,1,,44578,8,,,0,86,,44576,11,,,0,90,,44580,18,,,0,49,,44584,8,4,,0,63,,44581,14,,,0,129,,44583,14,4,,0,105,,44585,8,4,,0,90,,44587,14,,,0,98,,44590,8,,,0,90,,44588,8,,,0,173,,44586,14,,,0,96,,44589,14,,,0
900,'6_3',705,,44592,11,,,0,25,,44593,11,,,0,79,,44595,17,,,0,23,,44597,18,,,0,1,,44596,8,,,0,86,,44594,11,,,0,90,,44598,18,,,0,49,,44602,8,4,,0,63,,44599,14,,,0,129,,44601,14,4,,0,105,,44603,8,4,,0,90,,44605,14,,,0,98,,44608,8,,,0,90,,44606,8,,,0,173,,44604,14,,,0,96,,44607,14,,,0
900,'6_4',705,,44610,11,,,0,25,,44611,11,,,0,79,,44613,17,,,0,23,,44615,18,,,0,1,,44614,8,,,0,86,,44612,11,,,0,90,,44616,18,,,0,49,,44620,8,4,,0,63,,44617,14,,,0,129,,44619,14,4,,0,105,,44621,8,4,,0,90,,44623,14,,,0,98,,44626,8,,,0,90,,44624,8,,,0,173,,44622,14,,,0,96,,44625,14,,,0
1000,'2_6',702,,32362,27,,,0,55,,32363,27,,,0,171,,32369,33,0,18 30,0,26,,32364,27,,,0,158,,32370,33,0,18 30,0,101,,32371,33,0,18 30,0,101,,32372,33,0,18 30,0,101,,32373,33,0,18 30,0,92,,32367,33,,,0,115,,32368,33,,,0,29,,32365,27,,,0,186,,32366,27,,,0,122,,32374,33,0,18 30,0
1000,'5_1',930,,37720,33,0,18 30,0,24,,37710,27,,,0,164,,37713,33,0,18 30,0,95,,37714,33,0,18 30,0,101,,37715,33,0,18 30,0,101,,37716,33,0,18 30,0,92,,37718,33,,,0,115,,37719,33,,,0,29,,37711,27,,,0,186,,37712,27,,,0,122,,37717,33,0,18 30,0
1000,'5_2',930,,40284,33,0,18 30,0,24,,40274,27,,,0,164,,40277,33,0,18 30,0,95,,40278,33,0,18 30,0,101,,40279,33,0,18 30,0,101,,40280,33,0,18 30,0,92,,40282,33,,,0,115,,40283,33,,,0,29,,40275,27,,,0,186,,40276,27,,,0,122,,40281,33,0,18 30,0
1000,'5_3',930,,40297,33,0,18 30,0,24,,40287,27,,,0,164,,40290,33,0,18 30,0,95,,40291,33,0,18 30,0,101,,40292,33,0,18 30,0,101,,40293,33,0,18 30,0,92,,40295,33,,,0,115,,40296,33,,,0,29,,40288,27,,,0,186,,40289,27,,,0,122,,40294,33,0,18 30,0
1000,'5_4',930,,40310,33,0,18 30,0,24,,40300,27,,,0,164,,40303,33,0,18 30,0,95,,40304,33,0,18 30,0,101,,40305,33,0,18 30,0,101,,40306,33,0,18 30,0,92,,40308,33,,,0,115,,40309,33,,,0,29,,40301,27,,,0,186,,40302,27,,,0,122,,40307,33,0,18 30,0
1000,'5_5',930,,40323,33,0,18 30,0,24,,40313,27,,,0,164,,40316,33,0,18 30,0,95,,40317,33,0,18 30,0,101,,40318,33,0,18 30,0,101,,40319,33,0,18 30,0,92,,40321,33,,,0,115,,40322,33,,,0,29,,40314,27,,,0,186,,40315,27,,,0,122,,40320,33,0,18 30,0
1000,'6_1',930,,40336,33,0,18 30,0,24,,40326,27,,,0,164,,40329,33,0,18 30,0,95,,40330,33,0,18 30,0,101,,40331,33,0,18 30,0,101,,40332,33,0,18 30,0,92,,40334,33,,,0,115,,40335,33,,,0,29,,40327,27,,,0,186,,40328,27,,,0,122,,40333,33,0,18 30,0
1000,'6_2',930,,44681,33,0,18 30,0,24,,44671,27,,,0,164,,44674,33,0,18 30,0,95,,44675,33,0,18 30,0,101,,44676,33,0,18 30,0,101,,44677,33,0,18 30,0,92,,44679,33,,,0,115,,44680,33,,,0,29,,44672,27,,,0,186,,44673,27,,,0,122,,44678,33,0,18 30,0
1000,'6_3',930,,44694,33,0,18 30,0,24,,44684,27,,,0,164,,44687,33,0,18 30,0,95,,44688,33,0,18 30,0,101,,44689,33,0,18 30,0,101,,44690,33,0,18 30,0,92,,44692,33,,,0,115,,44693,33,,,0,29,,44685,27,,,0,186,,44686,27,,,0,122,,44691,33,0,18 30,0
1000,'6_4',930,,44707,33,0,18 30,0,24,,44697,27,,,0,164,,44700,33,0,18 30,0,95,,44701,33,0,18 30,0,101,,44702,33,0,18 30,0,101,,44703,33,0,18 30,0,92,,44705,33,,,0,115,,44706,33,,,0,29,,44698,27,,,0,186,,44699,27,,,0,122,,44704,33,0,18 30,0
1100,'2_6',709,,32477,16,,,0,128,,32478,19,,,0,905,,32479,19,,,0,159,,32480,19,,,0
1100,'5_1',709,,37733,16,,,0,128,,37734,19,,,0,905,,37735,19,,,0,159,,37736,19,,,0
1100,'5_2',709,,40397,16,,,0,128,,40398,19,,,0,905,,40399,19,,,0,159,,40400,19,,,0
1100,'5_3',709,,40401,16,,,0,128,,40402,19,,,0,905,,40403,19,,,0,159,,40404,19,,,0
1100,'5_4',709,,40405,16,,,0,128,,40406,19,,,0,905,,40407,19,,,0,159,,40408,19,,,0
1100,'5_5',709,,40409,16,,,0,128,,40410,19,,,0,905,,40411,19,,,0,159,,40412,19,,,0
1100,'6_1',709,,40413,16,,,0,128,,40414,19,,,0,905,,40415,19,,,0,159,,40416,19,,,0
1100,'6_2',709,,44744,16,,,0,128,,44745,19,,,0,905,,44746,19,,,0,159,,44747,19,,,0
1100,'6_3',709,,44748,16,,,0,128,,44749,19,,,0,905,,44750,19,,,0,159,,44751,19,,,0
1100,'6_4',709,,44752,16,,,0,128,,44753,19,,,0,905,,44754,19,,,0,159,,44755,19,,,0
1600,'2_6',1033,,32720,18,4,,0,293,,32722,23,4,,0,423,,32725,25,4,,0,163,,32721,18,4,,0
1600,'5_1',1033,,37771,18,4,,0,293,,37773,23,4,,0,423,,37776,25,4,,0,163,,37772,18,4,,0
1600,'5_2',1033,,40563,18,4,,0,293,,40565,23,4,,0,423,,40568,25,4,,0,163,,40564,18,4,,0
1600,'5_3',1033,,40575,18,4,,0,293,,40577,23,4,,0,423,,40580,25,4,,0,163,,40576,18,4,,0
1600,'5_4',1033,,40587,18,4,,0,293,,40589,23,4,,0,423,,40592,25,4,,0,163,,40588,18,4,,0
1600,'5_5',1033,,40599,18,4,,0,293,,40601,23,4,,0,423,,40604,25,4,,0,163,,40600,18,4,,0
1600,'6_1',1033,,40611,18,4,,0,293,,40613,23,4,,0,423,,40616,25,4,,0,163,,40612,18,4,,0
1600,'6_2',1033,,44846,18,4,,0,293,,44848,23,4,,0,423,,44851,25,4,,0,163,,44847,18,4,,0
1600,'6_3',1033,,44858,18,4,,0,293,,44860,23,4,,0,423,,44863,25,4,,0,163,,44859,18,4,,0
1600,'6_4',1033,,44870,18,4,,0,293,,44872,23,4,,0,423,,44875,25,4,,0,163,,44871,18,4,,0
