2201,'0_1',1608,,33116,2,,,0,100,,33117,2,,,0,100,,33118,2,,,0
2201,'0_2',1608,,33123,2,,,0,100,,33124,2,,,0,100,,33125,2,,,0
2201,'0_4',1608,,33130,2,,,0,100,,33131,2,,,0,100,,33132,2,,,0
2201,'0_5',1608,,33137,2,,,0,100,,33138,2,,,0,100,,33139,2,,,0
2201,'1_3',1208,,33144,2,,,0
2401,'0_1',736,,33192,16,0,18 19,0,895,,33193,14,,,0,104,,33194,14,,,0,94,,33195,14,,,0
2401,'0_2',736,,33196,16,0,18 19,0,895,,33197,14,,,0,104,,33198,14,,,0,94,,33199,14,,,0
2401,'0_4',736,,33200,16,0,18 19,0,895,,33201,14,,,0,104,,33202,14,,,0,94,,33203,14,,,0
2401,'0_5',736,,33204,16,0,18 19,0,895,,33205,14,,,0,104,,33206,14,,,0,94,,33207,14,,,0
2401,'1_3',736,,33208,16,0,18 19,0,517,,33209,14,,,0
2000001,'0_1',651,,35682,18,,,0,67,,35659,18,,,0,14,,35640,12,,,0,3,,35638,8,0,18 19,0,1,,35642,18,,,0,16,,35667,18,,,0,56,,35650,18,,,0,14,,35685,18,,,0,14,,35632,18,,,0,14,,35660,18,,,0,55,,35644,18,,,0,16,,35668,18,,,0,16,,35652,18,,,0,17,,35676,18,,,0,57,,35633,18,,,0,15,,35666,18,,,0,15,,35643,18,,,0,16,,35669,18,,,0,56,,35651,18,,,0,16,,35678,18,,,0,15,,35634,18,,,0,56,,35664,18,,,0,15,,35649,18,,,0,17,,35670,18,,,0,15,,35658,18,,,0,54,,35677,18,,,0,13,,35636,18,,,0,15,,35661,18,,,0,17,,35645,18,,,0,55,,35672,18,,,0,15,,35653,18,,,0,15,,35681,18,,,0,15,,35637,18,,,0,56,,35662,18,,,0,16,,35646,18,,,0,15,,35671,18,,,0,16,,35654,18,,,0,54,,35680,18,,,0,15,,35635,18,,,0,17,,35663,18,,,0,17,,35647,18,,,0,56,,35673,18,,,0,17,,35655,18,,,0,17,,35631,18,,,0,16,,35679,18,,,0,56,,35686,18,,,0,11,,35665,18,,,0,12,,35648,18,,,0,14,,35674,18,,,0,54,,35656,18,,,0,11,,35630,18,,,0,13,,35683,18,,,0,14,,35639,18,,,0,62,,35675,18,,,0,20,,35657,18,,,0,20,,35684,18,,,0,59,,35641,18,,,0
2000001,'0_2',651,,35739,18,,,0,67,,35716,18,,,0,14,,35697,12,,,0,3,,35695,8,0,18 19,0,1,,35699,18,,,0,16,,35724,18,,,0,56,,35707,18,,,0,14,,35742,18,,,0,14,,35689,18,,,0,14,,35717,18,,,0,55,,35701,18,,,0,16,,35725,18,,,0,16,,35709,18,,,0,17,,35733,18,,,0,57,,35690,18,,,0,15,,35723,18,,,0,15,,35700,18,,,0,16,,35726,18,,,0,56,,35708,18,,,0,16,,35735,18,,,0,15,,35691,18,,,0,56,,35721,18,,,0,15,,35706,18,,,0,17,,35727,18,,,0,15,,35715,18,,,0,54,,35734,18,,,0,13,,35693,18,,,0,15,,35718,18,,,0,17,,35702,18,,,0,55,,35729,18,,,0,15,,35710,18,,,0,15,,35738,18,,,0,15,,35694,18,,,0,56,,35719,18,,,0,16,,35703,18,,,0,15,,35728,18,,,0,16,,35711,18,,,0,54,,35737,18,,,0,15,,35692,18,,,0,17,,35720,18,,,0,17,,35704,18,,,0,56,,35730,18,,,0,17,,35712,18,,,0,17,,35688,18,,,0,16,,35736,18,,,0,56,,35743,18,,,0,11,,35722,18,,,0,12,,35705,18,,,0,14,,35731,18,,,0,54,,35713,18,,,0,11,,35687,18,,,0,13,,35740,18,,,0,14,,35696,18,,,0,62,,35732,18,,,0,20,,35714,18,,,0,20,,35741,18,,,0,59,,35698,18,,,0
2000001,'0_4',651,,35796,18,,,0,67,,35773,18,,,0,14,,35754,12,,,0,3,,35752,8,0,18 19,0,1,,35756,18,,,0,16,,35781,18,,,0,56,,35764,18,,,0,14,,35799,18,,,0,14,,35746,18,,,0,14,,35774,18,,,0,55,,35758,18,,,0,16,,35782,18,,,0,16,,35766,18,,,0,17,,35790,18,,,0,57,,35747,18,,,0,15,,35780,18,,,0,15,,35757,18,,,0,16,,35783,18,,,0,56,,35765,18,,,0,16,,35792,18,,,0,15,,35748,18,,,0,56,,35778,18,,,0,15,,35763,18,,,0,17,,35784,18,,,0,15,,35772,18,,,0,54,,35791,18,,,0,13,,35750,18,,,0,15,,35775,18,,,0,17,,35759,18,,,0,55,,35786,18,,,0,15,,35767,18,,,0,15,,35795,18,,,0,15,,35751,18,,,0,56,,35776,18,,,0,16,,35760,18,,,0,15,,35785,18,,,0,16,,35768,18,,,0,54,,35794,18,,,0,15,,35749,18,,,0,17,,35777,18,,,0,17,,35761,18,,,0,56,,35787,18,,,0,17,,35769,18,,,0,17,,35745,18,,,0,16,,35793,18,,,0,56,,35800,18,,,0,11,,35779,18,,,0,12,,35762,18,,,0,14,,35788,18,,,0,54,,35770,18,,,0,11,,35744,18,,,0,13,,35797,18,,,0,14,,35753,18,,,0,62,,35789,18,,,0,20,,35771,18,,,0,20,,35798,18,,,0,59,,35755,18,,,0
2000001,'0_5',651,,35853,18,,,0,67,,35830,18,,,0,14,,35811,12,,,0,3,,35809,8,0,18 19,0,1,,35813,18,,,0,16,,35838,18,,,0,56,,35821,18,,,0,14,,35856,18,,,0,14,,35803,18,,,0,14,,35831,18,,,0,55,,35815,18,,,0,16,,35839,18,,,0,16,,35823,18,,,0,17,,35847,18,,,0,57,,35804,18,,,0,15,,35837,18,,,0,15,,35814,18,,,0,16,,35840,18,,,0,56,,35822,18,,,0,16,,35849,18,,,0,15,,35805,18,,,0,56,,35835,18,,,0,15,,35820,18,,,0,17,,35841,18,,,0,15,,35829,18,,,0,54,,35848,18,,,0,13,,35807,18,,,0,15,,35832,18,,,0,17,,35816,18,,,0,55,,35843,18,,,0,15,,35824,18,,,0,15,,35852,18,,,0,15,,35808,18,,,0,56,,35833,18,,,0,16,,35817,18,,,0,15,,35842,18,,,0,16,,35825,18,,,0,54,,35851,18,,,0,15,,35806,18,,,0,17,,35834,18,,,0,17,,35818,18,,,0,56,,35844,18,,,0,17,,35826,18,,,0,17,,35802,18,,,0,16,,35850,18,,,0,56,,35857,18,,,0,11,,35836,18,,,0,12,,35819,18,,,0,14,,35845,18,,,0,54,,35827,18,,,0,11,,35801,18,,,0,13,,35854,18,,,0,14,,35810,18,,,0,62,,35846,18,,,0,20,,35828,18,,,0,20,,35855,18,,,0,59,,35812,18,,,0
2000001,'1_3',651,,35910,18,,,0,67,,35887,18,,,0,14,,35868,12,,,0,3,,35866,8,0,18 19,0,1,,35870,18,,,0,16,,35895,18,,,0,56,,35878,18,,,0,14,,35913,18,,,0,14,,35860,18,,,0,14,,35888,18,,,0,55,,35872,18,,,0,16,,35896,18,,,0,16,,35880,18,,,0,17,,35904,18,,,0,57,,35861,18,,,0,15,,35894,18,,,0,15,,35871,18,,,0,16,,35897,18,,,0,56,,35879,18,,,0,16,,35906,18,,,0,15,,35862,18,,,0,56,,35892,18,,,0,15,,35877,18,,,0,17,,35898,18,,,0,15,,35886,18,,,0,54,,35905,18,,,0,13,,35864,18,,,0,15,,35889,18,,,0,17,,35873,18,,,0,55,,35900,18,,,0,15,,35881,18,,,0,15,,35909,18,,,0,15,,35865,18,,,0,56,,35890,18,,,0,16,,35874,18,,,0,15,,35899,18,,,0,16,,35882,18,,,0,54,,35908,18,,,0,15,,35863,18,,,0,17,,35891,18,,,0,17,,35875,18,,,0,56,,35901,18,,,0,17,,35883,18,,,0,17,,35859,18,,,0,16,,35907,18,,,0,56,,35914,18,,,0,11,,35893,18,,,0,12,,35876,18,,,0,14,,35902,18,,,0,54,,35884,18,,,0,11,,35858,18,,,0,13,,35911,18,,,0,14,,35867,18,,,0,62,,35903,18,,,0,20,,35885,18,,,0,20,,35912,18,,,0,59,,35869,18,,,0
2000001,'2_6',655,,35915,18,,,0,81,,35916,18,,,0,79,,35917,18,,,0,32,,35955,18,,,0,61,,35919,18,,,0,20,,35918,18,,,0,21,,35920,18,,,0,60,,35921,18,,,0,19,,35923,18,,,0,18,,35922,18,,,0,60,,35928,18,,,0,19,,35926,18,,,0,18,,35930,18,,,0,59,,35924,18,,,0,19,,35929,18,,,0,20,,35925,18,,,0,16,,35927,18,,,0,58,,35936,18,,,0,18,,35933,18,,,0,20,,35934,18,,,0,61,,35935,18,,,0,18,,35932,18,,,0,17,,35931,18,,,0,59,,35937,18,,,0,23,,35938,18,,,0,20,,35940,18,,,0,59,,35939,18,,,0,19,,35941,18,,,0,20,,35942,18,,,0,61,,35943,18,,,0,20,,35945,18,,,0,19,,35944,18,,,0,58,,35946,18,,,0,19,,35947,18,,,0,19,,35948,18,,,0,59,,35949,18,,,0,17,,35950,18,,,0,18,,35951,18,,,0,62,,35952,18,,,0,24,,35953,18,,,0,23,,35954,18,,,0
2000001,'3_7',828,,35973,18,,,0,80,,35956,18,,,0,40,,35957,18,,,0,80,,35958,18,,,0,80,,35959,18,,,0,40,,35960,18,,,0,80,,35961,18,,,0,80,,35962,18,,,0,40,,35964,18,,,0,80,,35963,18,,,0,80,,35965,18,,,0,40,,35966,18,,,0,80,,35967,18,,,0,80,,35968,18,,,0,40,,35970,18,,,0,80,,35969,18,,,0,80,,35971,18,,,0,40,,35972,18,,,0
2000001,'4_7',828,,35991,18,,,0,80,,35974,18,,,0,40,,35975,18,,,0,80,,35976,18,,,0,80,,35977,18,,,0,40,,35978,18,,,0,80,,35979,18,,,0,80,,35980,18,,,0,40,,35982,18,,,0,80,,35981,18,,,0,80,,35983,18,,,0,40,,35984,18,,,0,80,,35985,18,,,0,80,,35986,18,,,0,40,,35988,18,,,0,80,,35987,18,,,0,80,,35989,18,,,0,40,,35990,18,,,0
2000001,'5_1',652,,38127,18,,,0,65,,38124,18,,,0,18,,38122,18,,,0,15,,38126,18,,,0,55,,38123,18,,,0,15,,38128,18,,,0,16,,38121,18,,,0,14,,38125,18,,,0,55,,38130,18,,,0,16,,38169,18,,,0,15,,38168,18,,,0,16,,38167,18,,,0,55,,38166,18,,,0,15,,38164,18,,,0,14,,38165,18,,,0,16,,38163,18,,,0,55,,38162,18,,,0,14,,38160,18,,,0,15,,38161,18,,,0,15,,38159,18,,,0,55,,38158,18,,,0,15,,38157,18,,,0,14,,38156,18,,,0,15,,38151,18,,,0,53,,38152,18,,,0,15,,38153,18,,,0,15,,38149,18,,,0,16,,38154,18,,,0,55,,38155,18,,,0,17,,38150,18,,,0,14,,38142,18,,,0,14,,38145,18,,,0,55,,38148,18,,,0,15,,38144,18,,,0,18,,38146,18,,,0,15,,38147,18,,,0,55,,38143,18,,,0,15,,38140,18,,,0,15,,38141,18,,,0,15,,38139,18,,,0,56,,38136,18,,,0,15,,38137,18,,,0,14,,38138,18,,,0,15,,38135,18,,,0,54,,38133,18,,,0,14,,38134,18,,,0,14,,38131,18,,,0,15,,38132,18,,,0,56,,38129,18,,,0,14,,38175,18,,,0,26,,38170,18,,,0,58,,38171,18,,,0,20,,38174,18,,,0,19,,38173,18,,,0,58,,38172,18,,,0
