1501,'S2-0_6',711,,57570,21,,,0,19,,57571,21,,,0,94,,57572,21,,,0,21,,57573,21,,,0,158,,57574,21,,,0,116,,57575,21,,,0,118,,57576,21,,,0,94,,57577,21,,,0,118,,57578,21,,,0,99,,57569,9,,,0,166,,57579,21,,,0,108,,57580,21,,,0,94,,57581,21,,,0
1501,'S2-2_1',711,,57583,21,,,0,19,,57584,21,,,0,94,,57585,21,,,0,21,,57586,21,,,0,158,,57587,21,,,0,116,,57588,21,,,0,118,,57589,21,,,0,94,,57590,21,,,0,118,,57591,21,,,0,99,,57582,9,,,0,166,,57592,21,,,0,108,,57593,21,,,0,94,,57594,21,,,0
1501,'S2-2_2',711,,57596,21,,,0,19,,57597,21,,,0,94,,57598,21,,,0,21,,57599,21,,,0,158,,57600,21,,,0,116,,57601,21,,,0,118,,57602,21,,,0,94,,57603,21,,,0,118,,57604,21,,,0,99,,57595,9,,,0,166,,57605,21,,,0,108,,57606,21,,,0,94,,57607,21,,,0
1501,'S2-2_3',711,,57609,21,,,0,19,,57610,21,,,0,94,,57611,21,,,0,21,,57612,21,,,0,158,,57613,21,,,0,116,,57614,21,,,0,118,,57615,21,,,0,94,,57616,21,,,0,118,,57617,21,,,0,99,,57608,9,,,0,166,,57618,21,,,0,108,,57619,21,,,0,94,,57620,21,,,0
1501,'S2-2_4',711,,57622,21,,,0,19,,57623,21,,,0,94,,57624,21,,,0,21,,57625,21,,,0,158,,57626,21,,,0,116,,57627,21,,,0,118,,57628,21,,,0,94,,57629,21,,,0,118,,57630,21,,,0,99,,57621,9,,,0,166,,57631,21,,,0,108,,57632,21,,,0,94,,57633,21,,,0
1501,'S2-2_5',711,,57635,21,,,0,19,,57636,21,,,0,94,,57637,21,,,0,21,,57638,21,,,0,158,,57639,21,,,0,116,,57640,21,,,0,118,,57641,21,,,0,94,,57642,21,,,0,118,,57643,21,,,0,99,,57634,9,,,0,166,,57644,21,,,0,108,,57645,21,,,0,94,,57646,21,,,0
1501,'S2-3_1',711,,57648,21,,,0,19,,57649,21,,,0,94,,57650,21,,,0,21,,57651,21,,,0,158,,57652,21,,,0,116,,57653,21,,,0,118,,57654,21,,,0,94,,57655,21,,,0,118,,57656,21,,,0,99,,57647,9,,,0,166,,57657,21,,,0,108,,57658,21,,,0,94,,57659,21,,,0
1501,'S2-3_3',711,,57661,21,,,0,19,,57662,21,,,0,94,,57663,21,,,0,21,,57664,21,,,0,158,,57665,21,,,0,116,,57666,21,,,0,118,,57667,21,,,0,94,,57668,21,,,0,118,,57669,21,,,0,99,,57660,9,,,0,166,,57670,21,,,0,108,,57671,21,,,0,94,,57672,21,,,0
1501,'S2-3_4',711,,57674,21,,,0,19,,57675,21,,,0,94,,57676,21,,,0,21,,57677,21,,,0,158,,57678,21,,,0,116,,57679,21,,,0,118,,57680,21,,,0,94,,57681,21,,,0,118,,57682,21,,,0,99,,57673,9,,,0,166,,57683,21,,,0,108,,57684,21,,,0,94,,57685,21,,,0
1000001,'S2-0_6',537,,59566,7,,,0,79,,59567,7,,,0,42,,59568,7,,,0,83,,59569,13,,,0,15,,59575,7,,,0,54,,59576,7,,,0,14,,59577,13,,,0,15,,59578,7,,,0,15,,59579,7,,,0,56,,59580,13,,,0,15,,59581,7,,,0,15,,59582,7,,,0,14,,59583,13,,,0,56,,59584,7,,,0,16,,59585,7,,,0,16,,59586,13,,,0,15,,59587,7,,,0,56,,59588,13,,,0,16,,59589,7,,,0,16,,59590,7,,,0,56,,59591,13,,,0,15,,59592,7,,,0,16,,59593,7,,,0,15,,59594,13,,,0,54,,59595,7,,,0,15,,59596,7,,,0,15,,59597,13,,,0,16,,59598,7,,,0,55,,59599,13,,,0,16,,59600,7,,,0,16,,59601,7,,,0,16,,59602,13,,,0,56,,59603,7,,,0,16,,59604,7,,,0,16,,59605,13,,,0,16,,59606,7,,,0,56,,59607,7,,,0,16,,59608,13,,,0,16,,59609,7,,,0,15,,59610,13,,,0,56,,59611,7,,,0,16,,59612,7,,,0,16,,59613,13,,,0,56,,59615,7,,,0,16,,59617,7,,,0,17,,59616,13,,,0,15,,59614,7,,,0,56,,59574,13,,,0,20,,59573,7,,,0,20,,59571,7,,,0,61,,59564,7,,,0,18,,59562,7,,,0,20,,59565,7,,,0,60,,59572,7,,,0,20,,59570,7,,,0,21,,59563,7,,,0
1000001,'S2-1_7',805,,59618,7,,,0,40,,59619,7,,,0,80,,59620,7,,,0,80,,59621,7,,,0,40,,59622,7,,,0,80,,59623,7,,,0,80,,59624,7,,,0,40,,59625,7,,,0,80,,59626,7,,,0,80,,59627,7,,,0,40,,59628,7,,,0,80,,59629,7,,,0,80,,59630,7,,,0,40,,59631,7,,,0,80,,59632,7,,,0,80,,59633,7,,,0,40,,59634,7,,,0,80,,59635,7,,,0
1000001,'S2-2_1',540,,59636,7,,,0,17,,59651,7,,,0,55,,59650,7,,,0,15,,59649,7,,,0,14,,59648,7,,,0,15,,59647,7,,,0,54,,59639,7,,,0,15,,59637,13,,,0,14,,59640,13,,,0,15,,59641,13,,,0,54,,59642,13,,,0,15,,59643,13,,,0,16,,59644,13,,,0,14,,59645,13,,,0,55,,59646,13,,,0,15,,59652,7,,,0,15,,59671,13,,,0,15,,59653,7,,,0,56,,59672,13,,,0,15,,59654,7,,,0,16,,59673,13,,,0,16,,59655,7,,,0,56,,59674,13,,,0,16,,59656,7,,,0,16,,59675,13,,,0,56,,59657,7,,,0,15,,59676,13,,,0,17,,59658,7,,,0,15,,59677,13,,,0,55,,59659,7,,,0,15,,59678,13,,,0,16,,59660,7,,,0,15,,59679,13,,,0,56,,59661,7,,,0,16,,59680,13,,,0,16,,59662,7,,,0,15,,59681,13,,,0,54,,59663,7,,,0,14,,59682,13,,,0,14,,59664,7,,,0,14,,59683,13,,,0,54,,59665,7,,,0,15,,59684,13,,,0,14,,59666,13,,,0,14,,59685,13,,,0,14,,59667,13,,,0,55,,59686,13,,,0,15,,59668,13,,,0,15,,59687,13,,,0,15,,59669,13,,,0,55,,59688,13,,,0,16,,59670,13,,,0,14,,59638,13,,,0,58,,59689,13,,,0,19,,59694,7,,,0,20,,59690,13,,,0,61,,59695,7,,,0,19,,59691,7,,,0,19,,59696,7,,,0,20,,59692,7,,,0,60,,59697,7,,,0,21,,59693,7,,,0
1000001,'S2-2_2',540,,59698,7,,,0,17,,59713,7,,,0,55,,59712,7,,,0,15,,59711,7,,,0,14,,59710,7,,,0,15,,59709,7,,,0,54,,59701,7,,,0,15,,59699,13,,,0,14,,59702,13,,,0,15,,59703,13,,,0,54,,59704,13,,,0,15,,59705,13,,,0,16,,59706,13,,,0,14,,59707,13,,,0,55,,59708,13,,,0,15,,59714,7,,,0,15,,59733,13,,,0,15,,59715,7,,,0,56,,59734,13,,,0,15,,59716,7,,,0,16,,59735,13,,,0,16,,59717,7,,,0,56,,59736,13,,,0,16,,59718,7,,,0,16,,59737,13,,,0,56,,59719,7,,,0,15,,59738,13,,,0,17,,59720,7,,,0,15,,59739,13,,,0,55,,59721,7,,,0,15,,59740,13,,,0,16,,59722,7,,,0,15,,59741,13,,,0,56,,59723,7,,,0,16,,59742,13,,,0,16,,59724,7,,,0,15,,59743,13,,,0,54,,59725,7,,,0,14,,59744,13,,,0,14,,59726,7,,,0,14,,59745,13,,,0,54,,59727,7,,,0,15,,59746,13,,,0,14,,59728,13,,,0,14,,59747,13,,,0,14,,59729,13,,,0,55,,59748,13,,,0,15,,59730,13,,,0,15,,59749,13,,,0,15,,59731,13,,,0,55,,59750,13,,,0,16,,59732,13,,,0,14,,59700,13,,,0,58,,59751,13,,,0,19,,59756,7,,,0,20,,59752,13,,,0,61,,59757,7,,,0,19,,59753,7,,,0,19,,59758,7,,,0,20,,59754,7,,,0,60,,59759,7,,,0,21,,59755,7,,,0
1000001,'S2-2_3',540,,59760,7,,,0,17,,59775,7,,,0,55,,59774,7,,,0,15,,59773,7,,,0,14,,59772,7,,,0,15,,59771,7,,,0,54,,59763,7,,,0,15,,59761,13,,,0,14,,59764,13,,,0,15,,59765,13,,,0,54,,59766,13,,,0,15,,59767,13,,,0,16,,59768,13,,,0,14,,59769,13,,,0,55,,59770,13,,,0,15,,59776,7,,,0,15,,59795,13,,,0,15,,59777,7,,,0,56,,59796,13,,,0,15,,59778,7,,,0,16,,59797,13,,,0,16,,59779,7,,,0,56,,59798,13,,,0,16,,59780,7,,,0,16,,59799,13,,,0,56,,59781,7,,,0,15,,59800,13,,,0,17,,59782,7,,,0,15,,59801,13,,,0,55,,59783,7,,,0,15,,59802,13,,,0,16,,59784,7,,,0,15,,59803,13,,,0,56,,59785,7,,,0,16,,59804,13,,,0,16,,59786,7,,,0,15,,59805,13,,,0,54,,59787,7,,,0,14,,59806,13,,,0,14,,59788,7,,,0,14,,59807,13,,,0,54,,59789,7,,,0,15,,59808,13,,,0,14,,59790,13,,,0,14,,59809,13,,,0,14,,59791,13,,,0,55,,59810,13,,,0,15,,59792,13,,,0,15,,59811,13,,,0,15,,59793,13,,,0,55,,59812,13,,,0,16,,59794,13,,,0,14,,59762,13,,,0,58,,59813,13,,,0,19,,59818,7,,,0,20,,59814,13,,,0,61,,59819,7,,,0,19,,59815,7,,,0,19,,59820,7,,,0,20,,59816,7,,,0,60,,59821,7,,,0,21,,59817,7,,,0
1000001,'S2-2_4',540,,59822,7,,,0,17,,59837,7,,,0,55,,59836,7,,,0,15,,59835,7,,,0,14,,59834,7,,,0,15,,59833,7,,,0,54,,59825,7,,,0,15,,59823,13,,,0,14,,59826,13,,,0,15,,59827,13,,,0,54,,59828,13,,,0,15,,59829,13,,,0,16,,59830,13,,,0,14,,59831,13,,,0,55,,59832,13,,,0,15,,59838,7,,,0,15,,59857,13,,,0,15,,59839,7,,,0,56,,59858,13,,,0,15,,59840,7,,,0,16,,59859,13,,,0,16,,59841,7,,,0,56,,59860,13,,,0,16,,59842,7,,,0,16,,59861,13,,,0,56,,59843,7,,,0,15,,59862,13,,,0,17,,59844,7,,,0,15,,59863,13,,,0,55,,59845,7,,,0,15,,59864,13,,,0,16,,59846,7,,,0,15,,59865,13,,,0,56,,59847,7,,,0,16,,59866,13,,,0,16,,59848,7,,,0,15,,59867,13,,,0,54,,59849,7,,,0,14,,59868,13,,,0,14,,59850,7,,,0,14,,59869,13,,,0,54,,59851,7,,,0,15,,59870,13,,,0,14,,59852,13,,,0,14,,59871,13,,,0,14,,59853,13,,,0,55,,59872,13,,,0,15,,59854,13,,,0,15,,59873,13,,,0,15,,59855,13,,,0,55,,59874,13,,,0,16,,59856,13,,,0,14,,59824,13,,,0,58,,59875,13,,,0,19,,59880,7,,,0,20,,59876,13,,,0,61,,59881,7,,,0,19,,59877,7,,,0,19,,59882,7,,,0,20,,59878,7,,,0,60,,59883,7,,,0,21,,59879,7,,,0
1000001,'S2-2_5',540,,59884,7,,,0,17,,59899,7,,,0,55,,59898,7,,,0,15,,59897,7,,,0,14,,59896,7,,,0,15,,59895,7,,,0,54,,59887,7,,,0,15,,59885,13,,,0,14,,59888,13,,,0,15,,59889,13,,,0,54,,59890,13,,,0,15,,59891,13,,,0,16,,59892,13,,,0,14,,59893,13,,,0,55,,59894,13,,,0,15,,59900,7,,,0,15,,59919,13,,,0,15,,59901,7,,,0,56,,59920,13,,,0,15,,59902,7,,,0,16,,59921,13,,,0,16,,59903,7,,,0,56,,59922,13,,,0,16,,59904,7,,,0,16,,59923,13,,,0,56,,59905,7,,,0,15,,59924,13,,,0,17,,59906,7,,,0,15,,59925,13,,,0,55,,59907,7,,,0,15,,59926,13,,,0,16,,59908,7,,,0,15,,59927,13,,,0,56,,59909,7,,,0,16,,59928,13,,,0,16,,59910,7,,,0,15,,59929,13,,,0,54,,59911,7,,,0,14,,59930,13,,,0,14,,59912,7,,,0,14,,59931,13,,,0,54,,59913,7,,,0,15,,59932,13,,,0,14,,59914,13,,,0,14,,59933,13,,,0,14,,59915,13,,,0,55,,59934,13,,,0,15,,59916,13,,,0,15,,59935,13,,,0,15,,59917,13,,,0,55,,59936,13,,,0,16,,59918,13,,,0,14,,59886,13,,,0,58,,59937,13,,,0,19,,59942,7,,,0,20,,59938,13,,,0,61,,59943,7,,,0,19,,59939,7,,,0,19,,59944,7,,,0,20,,59940,7,,,0,60,,59945,7,,,0,21,,59941,7,,,0
1000001,'S2-3_1',540,,59946,7,,,0,17,,59961,7,,,0,55,,59960,7,,,0,15,,59959,7,,,0,14,,59958,7,,,0,15,,59957,7,,,0,54,,59949,7,,,0,15,,59947,13,,,0,14,,59950,13,,,0,15,,59951,13,,,0,54,,59952,13,,,0,15,,59953,13,,,0,16,,59954,13,,,0,14,,59955,13,,,0,55,,59956,13,,,0,15,,59962,7,,,0,15,,59981,13,,,0,15,,59963,7,,,0,56,,59982,13,,,0,15,,59964,7,,,0,16,,59983,13,,,0,16,,59965,7,,,0,56,,59984,13,,,0,16,,59966,7,,,0,16,,59985,13,,,0,56,,59967,7,,,0,15,,59986,13,,,0,17,,59968,7,,,0,15,,59987,13,,,0,55,,59969,7,,,0,15,,59988,13,,,0,16,,59970,7,,,0,15,,59989,13,,,0,56,,59971,7,,,0,16,,59990,13,,,0,16,,59972,7,,,0,15,,59991,13,,,0,54,,59973,7,,,0,14,,59992,13,,,0,14,,59974,7,,,0,14,,59993,13,,,0,54,,59975,7,,,0,15,,59994,13,,,0,14,,59976,13,,,0,14,,59995,13,,,0,14,,59977,13,,,0,55,,59996,13,,,0,15,,59978,13,,,0,15,,59997,13,,,0,15,,59979,13,,,0,55,,59998,13,,,0,16,,59980,13,,,0,14,,59948,13,,,0,58,,59999,13,,,0,19,,60004,7,,,0,20,,60000,13,,,0,61,,60005,7,,,0,19,,60001,7,,,0,19,,60006,7,,,0,20,,60002,7,,,0,60,,60007,7,,,0,21,,60003,7,,,0
1000001,'S2-3_3',540,,60008,7,,,0,17,,60023,7,,,0,55,,60022,7,,,0,15,,60021,7,,,0,14,,60020,7,,,0,15,,60019,7,,,0,54,,60011,7,,,0,15,,60009,13,,,0,14,,60012,13,,,0,15,,60013,13,,,0,54,,60014,13,,,0,15,,60015,13,,,0,16,,60016,13,,,0,14,,60017,13,,,0,55,,60018,13,,,0,15,,60024,7,,,0,15,,60043,13,,,0,15,,60025,7,,,0,56,,60044,13,,,0,15,,60026,7,,,0,16,,60045,13,,,0,16,,60027,7,,,0,56,,60046,13,,,0,16,,60028,7,,,0,16,,60047,13,,,0,56,,60029,7,,,0,15,,60048,13,,,0,17,,60030,7,,,0,15,,60049,13,,,0,55,,60031,7,,,0,15,,60050,13,,,0,16,,60032,7,,,0,15,,60051,13,,,0,56,,60033,7,,,0,16,,60052,13,,,0,16,,60034,7,,,0,15,,60053,13,,,0,54,,60035,7,,,0,14,,60054,13,,,0,14,,60036,7,,,0,14,,60055,13,,,0,54,,60037,7,,,0,15,,60056,13,,,0,14,,60038,13,,,0,14,,60057,13,,,0,14,,60039,13,,,0,55,,60058,13,,,0,15,,60040,13,,,0,15,,60059,13,,,0,15,,60041,13,,,0,55,,60060,13,,,0,16,,60042,13,,,0,14,,60010,13,,,0,58,,60061,13,,,0,19,,60066,7,,,0,20,,60062,13,,,0,61,,60067,7,,,0,19,,60063,7,,,0,19,,60068,7,,,0,20,,60064,7,,,0,60,,60069,7,,,0,21,,60065,7,,,0
1000001,'S2-3_4',540,,60070,7,,,0,17,,60085,7,,,0,55,,60084,7,,,0,15,,60083,7,,,0,14,,60082,7,,,0,15,,60081,7,,,0,54,,60073,7,,,0,15,,60071,13,,,0,14,,60074,13,,,0,15,,60075,13,,,0,54,,60076,13,,,0,15,,60077,13,,,0,16,,60078,13,,,0,14,,60079,13,,,0,55,,60080,13,,,0,15,,60086,7,,,0,15,,60105,13,,,0,15,,60087,7,,,0,56,,60106,13,,,0,15,,60088,7,,,0,16,,60107,13,,,0,16,,60089,7,,,0,56,,60108,13,,,0,16,,60090,7,,,0,16,,60109,13,,,0,56,,60091,7,,,0,15,,60110,13,,,0,17,,60092,7,,,0,15,,60111,13,,,0,55,,60093,7,,,0,15,,60112,13,,,0,16,,60094,7,,,0,15,,60113,13,,,0,56,,60095,7,,,0,16,,60114,13,,,0,16,,60096,7,,,0,15,,60115,13,,,0,54,,60097,7,,,0,14,,60116,13,,,0,14,,60098,7,,,0,14,,60117,13,,,0,54,,60099,7,,,0,15,,60118,13,,,0,14,,60100,13,,,0,14,,60119,13,,,0,14,,60101,13,,,0,55,,60120,13,,,0,15,,60102,13,,,0,15,,60121,13,,,0,15,,60103,13,,,0,55,,60122,13,,,0,16,,60104,13,,,0,14,,60072,13,,,0,58,,60123,13,,,0,19,,60128,7,,,0,20,,60124,13,,,0,61,,60129,7,,,0,19,,60125,7,,,0,19,,60130,7,,,0,20,,60126,7,,,0,60,,60131,7,,,0,21,,60127,7,,,0
1000001,'S2-4_7',805,,60132,7,,,0,40,,60133,7,,,0,80,,60134,7,,,0,80,,60135,7,,,0,40,,60136,7,,,0,80,,60137,7,,,0,80,,60138,7,,,0,40,,60139,7,,,0,80,,60140,7,,,0,80,,60141,7,,,0,40,,60142,7,,,0,80,,60143,7,,,0,80,,60144,7,,,0,40,,60145,7,,,0,80,,60146,7,,,0,80,,60147,7,,,0,40,,60148,7,,,0,80,,60149,7,,,0
