901,'2509-HIV-25j05H-d-Dimanche-00',1035,,10862,,,0,897,,10863,,,0
901,'2509-HIV-25j26H-d-Dimanche-00',1035,,10866,,,0,897,,10867,,,0
901,'2509-HIV-25k03H-s-Samedi-00',831,,10870,0,9 10 9,0,193,,10875,0,9 10 9,0,126,,10876,0,9 10 9,0,192,,10877,0,9 10 9,0,360,,10871,0,9 10 9,0,102,,10872,0,9 10 9,0,131,,10873,0,9 10 9,0,88,,10874,0,9 10 9,0
901,'2509-HIV-25l22Vlv-Semaine-00',831,,10883,0,11,0,127,,10885,0,9 10 9,0,65,,10886,0,9 10 9,0,130,,10887,0,9 10 9,0,183,,10888,0,9 10 9,0,374,,10892,0,9 10 9,0,95,,10893,0,9 10 9,0,125,,10894,0,9 10 9,0,93,,10895,0,9 10 9,0
901,'2509-HIV-26a05H-s-Samedi-00',831,,10897,0,9 10 9,0,193,,10902,0,9 10 9,0,126,,10903,0,9 10 9,0,192,,10904,0,9 10 9,0,360,,10898,0,9 10 9,0,102,,10899,0,9 10 9,0,131,,10900,0,9 10 9,0,88,,10901,0,9 10 9,0
901,'2509-HIV-26a05H-w-Mercredi-00',837,,10910,0,11,0,170,,10916,0,9 10 9,0,95,,10920,0,9 10 9,0,98,,10917,0,9 10 9,0,121,,10921,,,0,126,,10918,0,9 10 9,0,112,,10919,0,9 10 9,0,149,,10924,,,0,106,,10922,,,0,95,,10923,,,0,119,,10925,,,0
901,'2509-HIV-26a05Hlv-L-Ma-J-V-00',837,,10926,0,11,0,170,,10932,0,9 10 9,0,95,,10936,0,9 10 9,0,98,,10933,0,9 10 9,0,121,,10937,,,0,126,,10934,0,9 10 9,0,112,,10935,0,9 10 9,0,149,,10940,,,0,106,,10938,,,0,95,,10939,,,0,119,,10941,,,0
901,'2509-HIV-26b23Vlv-Semaine-00',831,,10942,0,11,0,127,,10944,0,9 10 9,0,65,,10945,0,9 10 9,0,130,,10946,0,9 10 9,0,183,,10947,0,9 10 9,0,374,,10951,0,9 10 9,0,95,,10952,0,9 10 9,0,125,,10953,0,9 10 9,0,93,,10954,0,9 10 9,0
901,'2509-HIV-26c02Vlv-Semaine-00',831,,10956,0,11,0,127,,10958,0,9 10 9,0,65,,10959,0,9 10 9,0,130,,10960,0,9 10 9,0,183,,10961,0,9 10 9,0,374,,10965,0,9 10 9,0,95,,10966,0,9 10 9,0,125,,10967,0,9 10 9,0,93,,10968,0,9 10 9,0
1701,'2509-HIV-25j05H-d-Dimanche-00',1040,,11584,,,0,897,,11585,,,0
1701,'2509-HIV-25j26H-d-Dimanche-00',1040,,11586,,,0,897,,11587,,,0
1701,'2509-HIV-26a05H-w-Mercredi-00',653,,11588,,,0,90,,11591,,,0,1076,,11589,,,0,95,,11590,,,0
1701,'2509-HIV-26a05H-w-Mercredi-00-0010000',1325,,11593,,,0
1701,'2509-HIV-26a05Hlv-L-Ma-J-V-00',653,,11594,,,0,90,,11597,,,0,1076,,11595,,,0,95,,11596,,,0
