900601,'2_6',816,,33991,26,,,0,130,,33992,26,,,0,170,,33993,26,,,0,135,,33994,26,,,0,160,,33995,26,,,0,135,,33996,26,,,0,165,,33997,26,,,0,130,,33998,26,,,0
900601,'5_1',816,,37855,26,,,0,130,,37856,26,,,0,170,,37857,26,,,0,135,,37858,26,,,0,160,,37859,26,,,0,135,,37860,26,,,0,165,,37861,26,,,0,130,,37862,26,,,0
900601,'5_2',816,,41010,26,,,0,130,,41011,26,,,0,170,,41012,26,,,0,135,,41013,26,,,0,160,,41014,26,,,0,135,,41015,26,,,0,165,,41016,26,,,0,130,,41017,26,,,0
900601,'5_3',816,,41018,26,,,0,130,,41019,26,,,0,170,,41020,26,,,0,135,,41021,26,,,0,160,,41022,26,,,0,135,,41023,26,,,0,165,,41024,26,,,0,130,,41025,26,,,0
900601,'5_4',816,,41026,26,,,0,130,,41027,26,,,0,170,,41028,26,,,0,135,,41029,26,,,0,160,,41030,26,,,0,135,,41031,26,,,0,165,,41032,26,,,0,130,,41033,26,,,0
900601,'5_5',816,,41034,26,,,0,130,,41035,26,,,0,170,,41036,26,,,0,135,,41037,26,,,0,160,,41038,26,,,0,135,,41039,26,,,0,165,,41040,26,,,0,130,,41041,26,,,0
900601,'6_1',816,,41042,26,,,0,130,,41043,26,,,0,170,,41044,26,,,0,135,,41045,26,,,0,160,,41046,26,,,0,135,,41047,26,,,0,165,,41048,26,,,0,130,,41049,26,,,0
900601,'6_2',816,,45116,26,,,0,130,,45117,26,,,0,170,,45118,26,,,0,135,,45119,26,,,0,160,,45120,26,,,0,135,,45121,26,,,0,165,,45122,26,,,0,130,,45123,26,,,0
900601,'6_3',816,,45124,26,,,0,130,,45125,26,,,0,170,,45126,26,,,0,135,,45127,26,,,0,160,,45128,26,,,0,135,,45129,26,,,0,165,,45130,26,,,0,130,,45131,26,,,0
900601,'6_4',816,,45132,26,,,0,130,,45133,26,,,0,170,,45134,26,,,0,135,,45135,26,,,0,160,,45136,26,,,0,135,,45137,26,,,0,165,,45138,26,,,0,130,,45139,26,,,0
