200,'1_3',718,,48283,20,0,35 37,0,5,,48315,23,0,38,0,8,,48289,20,0,9 10,0,12,,48316,23,0,38,0,60,,48310,11,0,34,0,15,,48290,23,0,35 37,0,15,,48317,20,0,38,0,15,,48321,20,0,9 10,0,10,,48284,23,0,9 10,0,60,,48311,11,0,34,0,15,,48294,20,0,35 37,0,20,,48304,23,0,9 10,0,70,,48297,20,0,34,0,29,,48285,23,0,35 37,0,80,,48298,20,0,34,0,75,,48305,11,0,35 37,0,11,,48312,11,0,9 10,0,15,,48295,23,0,34,0,20,,48306,20,0,35 37,0,65,,48300,11,0,34,0,25,,48286,20,0,35 37,0,70,,48299,23,0,34,0,30,,48307,20,0,35 37,0,70,,48296,20,0,34,0,25,,48313,23,0,38,0,67,,48308,20,0,35 37,0,18,,48314,20,0,34,0,15,,48318,11,0,38,0,70,,48287,11,0,35 37,0,10,,48319,20,0,38,0,10,,48301,23,0,34,0,15,,48291,20,0,38,0,61,,48309,23,0,35 37,0,14,,48292,20,0,38,0,15,,48302,23,0,34,0,15,,48320,20,0,38,0,60,,48293,23,0,38,0,15,,48288,20,0,35 37,0,10,,48303,23,0,34,0
200,'2_6',713,,30367,23,0,34,0,30,,30378,20,0,35 37,0,60,,30390,11,0,38,0,20,,30368,23,0,34,0,25,,30379,20,0,35 37,0,60,,30391,23,0,38,0,20,,30369,20,0,34,0,24,,30380,11,0,35 37,0,60,,30392,11,0,38,0,20,,30370,23,0,34,0,25,,30381,20,0,35 37,0,63,,30393,11,0,38,0,23,,30371,23,0,34,0,64,,30382,20,0,35 37,0,20,,30394,11,0,38,0,20,,30372,21,0,34,0,60,,30383,11,0,35 37,0,20,,30395,20,0,38,0,20,,30373,23,0,34,0,60,,30384,20,0,35 37,0,21,,30396,11,0,38,0,21,,30374,23,0,34,0,61,,30385,20,0,35 37,0,21,,30397,11,0,38,0,23,,30375,23,0,34,0,67,,30386,20,0,35 37,0,18,,30398,11,0,38,0,19,,30376,23,0,34,0,65,,30387,20,0,35 37,0,18,,30399,11,0,38,0,17,,30377,23,0,34,0,60,,30401,20,0,35 37,0,25,,30400,11,0,38,0,67,,30388,23,0,35 37,0,23,,30389,20,0,34,0
200,'3_7',938,,30402,20,0,38,0,165,,30403,20,0,38,0,125,,30404,20,0,38,0,110,,30405,20,0,38,0,165,,30406,20,0,38,0,125,,30407,20,0,38,0,125,,30408,20,0,38,0,165,,30409,20,0,38,0
200,'7_1',718,,46718,20,0,35 37,0,5,,46750,23,0,38,0,8,,46724,20,0,9 10,0,12,,46751,23,0,38,0,60,,46745,11,0,34,0,15,,46725,23,0,35 37,0,15,,46752,20,0,38,0,15,,46756,20,0,9 10,0,10,,46719,23,0,9 10,0,60,,46746,11,0,34,0,15,,46729,20,0,35 37,0,20,,46739,23,0,9 10,0,70,,46732,20,0,34,0,29,,46720,23,0,35 37,0,80,,46733,20,0,34,0,75,,46740,11,0,35 37,0,11,,46747,11,0,9 10,0,15,,46730,23,0,34,0,20,,46741,20,0,35 37,0,65,,46735,11,0,34,0,25,,46721,20,0,35 37,0,70,,46734,23,0,34,0,30,,46742,20,0,35 37,0,70,,46731,20,0,34,0,25,,46748,23,0,38,0,67,,46743,20,0,35 37,0,18,,46749,20,0,34,0,15,,46753,11,0,38,0,70,,46722,11,0,35 37,0,10,,46754,20,0,38,0,10,,46736,23,0,34,0,15,,46726,20,0,38,0,61,,46744,23,0,35 37,0,14,,46727,20,0,38,0,15,,46737,23,0,34,0,15,,46755,20,0,38,0,60,,46728,23,0,38,0,15,,46723,20,0,35 37,0,10,,46738,23,0,34,0
200,'7_2',718,,48322,20,0,35 37,0,5,,48354,23,0,38,0,8,,48328,20,0,9 10,0,12,,48355,23,0,38,0,60,,48349,11,0,34,0,15,,48329,23,0,35 37,0,15,,48356,20,0,38,0,15,,48360,20,0,9 10,0,10,,48323,23,0,9 10,0,60,,48350,11,0,34,0,15,,48333,20,0,35 37,0,20,,48343,23,0,9 10,0,70,,48336,20,0,34,0,29,,48324,23,0,35 37,0,80,,48337,20,0,34,0,75,,48344,11,0,35 37,0,11,,48351,11,0,9 10,0,15,,48334,23,0,34,0,20,,48345,20,0,35 37,0,65,,48339,11,0,34,0,25,,48325,20,0,35 37,0,70,,48338,23,0,34,0,30,,48346,20,0,35 37,0,70,,48335,20,0,34,0,25,,48352,23,0,38,0,67,,48347,20,0,35 37,0,18,,48353,20,0,34,0,15,,48357,11,0,38,0,70,,48326,11,0,35 37,0,10,,48358,20,0,38,0,10,,48340,23,0,34,0,15,,48330,20,0,38,0,61,,48348,23,0,35 37,0,14,,48331,20,0,38,0,15,,48341,23,0,34,0,15,,48359,20,0,38,0,60,,48332,23,0,38,0,15,,48327,20,0,35 37,0,10,,48342,23,0,34,0
200,'7_4',718,,48361,20,0,35 37,0,5,,48393,23,0,38,0,8,,48367,20,0,9 10,0,12,,48394,23,0,38,0,60,,48388,11,0,34,0,15,,48368,23,0,35 37,0,15,,48395,20,0,38,0,15,,48399,20,0,9 10,0,10,,48362,23,0,9 10,0,60,,48389,11,0,34,0,15,,48372,20,0,35 37,0,20,,48382,23,0,9 10,0,70,,48375,20,0,34,0,29,,48363,23,0,35 37,0,80,,48376,20,0,34,0,75,,48383,11,0,35 37,0,11,,48390,11,0,9 10,0,15,,48373,23,0,34,0,20,,48384,20,0,35 37,0,65,,48378,11,0,34,0,25,,48364,20,0,35 37,0,70,,48377,23,0,34,0,30,,48385,20,0,35 37,0,70,,48374,20,0,34,0,25,,48391,23,0,38,0,67,,48386,20,0,35 37,0,18,,48392,20,0,34,0,15,,48396,11,0,38,0,70,,48365,11,0,35 37,0,10,,48397,20,0,38,0,10,,48379,23,0,34,0,15,,48369,20,0,38,0,61,,48387,23,0,35 37,0,14,,48370,20,0,38,0,15,,48380,23,0,34,0,15,,48398,20,0,38,0,60,,48371,23,0,38,0,15,,48366,20,0,35 37,0,10,,48381,23,0,34,0
200,'7_5',718,,52362,20,0,35 37,0,5,,52394,23,0,38,0,8,,52368,20,0,9 10,0,12,,52395,23,0,38,0,60,,52389,11,0,34,0,15,,52369,23,0,35 37,0,15,,52396,20,0,38,0,15,,52400,20,0,9 10,0,10,,52363,23,0,9 10,0,60,,52390,11,0,34,0,15,,52373,20,0,35 37,0,20,,52383,23,0,9 10,0,70,,52376,20,0,34,0,29,,52364,23,0,35 37,0,80,,52377,20,0,34,0,75,,52384,11,0,35 37,0,11,,52391,11,0,9 10,0,15,,52374,23,0,34,0,20,,52385,20,0,35 37,0,65,,52379,11,0,34,0,25,,52365,20,0,35 37,0,70,,52378,23,0,34,0,30,,52386,20,0,35 37,0,70,,52375,20,0,34,0,25,,52392,23,0,38,0,67,,52387,20,0,35 37,0,18,,52393,20,0,34,0,15,,52397,11,0,38,0,70,,52366,11,0,35 37,0,10,,52398,20,0,38,0,10,,52380,23,0,34,0,15,,52370,20,0,38,0,61,,52388,23,0,35 37,0,14,,52371,20,0,38,0,15,,52381,23,0,34,0,15,,52399,20,0,38,0,60,,52372,23,0,38,0,15,,52367,20,0,35 37,0,10,,52382,23,0,34,0
200,'8_7',938,,51867,20,0,38,0,165,,51868,20,0,38,0,125,,51869,20,0,38,0,110,,51870,20,0,38,0,165,,51871,20,0,38,0,125,,51872,20,0,38,0,125,,51873,20,0,38,0,165,,51874,20,0,38,0
200,'9_7',938,,52094,20,0,38,0,165,,52095,20,0,38,0,125,,52096,20,0,38,0,110,,52097,20,0,38,0,165,,52098,20,0,38,0,125,,52099,20,0,38,0,125,,52100,20,0,38,0,165,,52101,20,0,38,0
700,'1_3',715,,49070,8,,,0,110,,49072,8,,,0,110,,49073,8,,,0,110,,49074,8,,,0,110,,49075,8,,,0,150,,49076,8,,,0,110,,49077,8,,,0,110,,49078,8,,,0,110,,49079,8,,,0,110,,49080,8,,,0,110,,49071,8,,,0
700,'2_6',716,,31887,8,,,0,110,,31888,8,,,0,110,,31889,8,,,0,110,,31890,8,,,0,110,,31891,8,,,0,150,,31892,8,,,0,110,,31893,8,,,0,110,,31894,8,,,0,110,,31895,8,,,0,110,,31885,8,,,0,110,,31886,8,,,0
700,'7_1',715,,47031,8,,,0,110,,47033,8,,,0,110,,47034,8,,,0,110,,47035,8,,,0,110,,47036,8,,,0,150,,47037,8,,,0,110,,47038,8,,,0,110,,47039,8,,,0,110,,47040,8,,,0,110,,47041,8,,,0,110,,47032,8,,,0
700,'7_2',715,,49081,8,,,0,110,,49083,8,,,0,110,,49084,8,,,0,110,,49085,8,,,0,110,,49086,8,,,0,150,,49087,8,,,0,110,,49088,8,,,0,110,,49089,8,,,0,110,,49090,8,,,0,110,,49091,8,,,0,110,,49082,8,,,0
700,'7_4',715,,49092,8,,,0,110,,49094,8,,,0,110,,49095,8,,,0,110,,49096,8,,,0,110,,49097,8,,,0,150,,49098,8,,,0,110,,49099,8,,,0,110,,49100,8,,,0,110,,49101,8,,,0,110,,49102,8,,,0,110,,49093,8,,,0
700,'7_5',715,,52625,8,,,0,110,,52627,8,,,0,110,,52628,8,,,0,110,,52629,8,,,0,110,,52630,8,,,0,150,,52631,8,,,0,110,,52632,8,,,0,110,,52633,8,,,0,110,,52634,8,,,0,110,,52635,8,,,0,110,,52626,8,,,0
800,'1_3',718,,49136,22,,,0,33,,49137,22,,,0,67,,49138,22,,,0,30,,49139,22,,,0,80,,49140,22,,,0,110,,49141,22,,,0,117,,49142,22,,,0,151,,49143,22,,,0,111,,49144,22,,,0,112,,49146,22,,,0,110,,49145,22,,,0
800,'7_1',718,,47053,22,,,0,33,,47054,22,,,0,67,,47055,22,,,0,30,,47056,22,,,0,80,,47057,22,,,0,110,,47058,22,,,0,117,,47059,22,,,0,151,,47060,22,,,0,111,,47061,22,,,0,112,,47063,22,,,0,110,,47062,22,,,0
800,'7_2',718,,49147,22,,,0,33,,49148,22,,,0,67,,49149,22,,,0,30,,49150,22,,,0,80,,49151,22,,,0,110,,49152,22,,,0,117,,49153,22,,,0,151,,49154,22,,,0,111,,49155,22,,,0,112,,49157,22,,,0,110,,49156,22,,,0
800,'7_4',718,,49158,22,,,0,33,,49159,22,,,0,67,,49160,22,,,0,30,,49161,22,,,0,80,,49162,22,,,0,110,,49163,22,,,0,117,,49164,22,,,0,151,,49165,22,,,0,111,,49166,22,,,0,112,,49168,22,,,0,110,,49167,22,,,0
800,'7_5',718,,52647,22,,,0,33,,52648,22,,,0,67,,52649,22,,,0,30,,52650,22,,,0,80,,52651,22,,,0,110,,52652,22,,,0,117,,52653,22,,,0,151,,52654,22,,,0,111,,52655,22,,,0,112,,52657,22,,,0,110,,52656,22,,,0
1500,'1_3',724,,49425,1,,,0,21,,49426,1,,,0,155,,49427,1,,,0,117,,49428,1,,,0,116,,49429,1,,,0,80,,49430,1,,,0,37,,49431,1,,,0,95,,49432,1,,,0,158,,49424,1,0,44,0,100,,49433,1,,,0,107,,49434,1,,,0,100,,49435,1,,,0,118,,49436,1,,,0
1500,'2_6',724,,32564,1,,,0,21,,32565,1,,,0,155,,32566,1,,,0,117,,32567,1,,,0,116,,32568,1,,,0,80,,32569,1,,,0,37,,32570,1,,,0,95,,32571,1,,,0,158,,32563,1,0,44,0,100,,32572,1,,,0,107,,32573,1,,,0,100,,32574,1,,,0,118,,32575,1,,,0
1500,'7_1',724,,47150,1,,,0,21,,47151,1,,,0,155,,47152,1,,,0,117,,47153,1,,,0,116,,47154,1,,,0,80,,47155,1,,,0,37,,47156,1,,,0,95,,47157,1,,,0,158,,47149,1,0,44,0,100,,47158,1,,,0,107,,47159,1,,,0,100,,47160,1,,,0,118,,47161,1,,,0
1500,'7_2',724,,49438,1,,,0,21,,49439,1,,,0,155,,49440,1,,,0,117,,49441,1,,,0,116,,49442,1,,,0,80,,49443,1,,,0,37,,49444,1,,,0,95,,49445,1,,,0,158,,49437,1,0,44,0,100,,49446,1,,,0,107,,49447,1,,,0,100,,49448,1,,,0,118,,49449,1,,,0
1500,'7_4',724,,49451,1,,,0,21,,49452,1,,,0,155,,49453,1,,,0,117,,49454,1,,,0,116,,49455,1,,,0,80,,49456,1,,,0,37,,49457,1,,,0,95,,49458,1,,,0,158,,49450,1,0,44,0,100,,49459,1,,,0,107,,49460,1,,,0,100,,49461,1,,,0,118,,49462,1,,,0
1500,'7_5',724,,52744,1,,,0,21,,52745,1,,,0,155,,52746,1,,,0,117,,52747,1,,,0,116,,52748,1,,,0,80,,52749,1,,,0,37,,52750,1,,,0,95,,52751,1,,,0,158,,52743,1,0,44,0,100,,52752,1,,,0,107,,52753,1,,,0,100,,52754,1,,,0,118,,52755,1,,,0
1000000,'1_3',548,,50334,15,0,31 33,0,60,,50335,15,0,31 33,0,20,,50416,15,0,31 33,0,20,,50417,15,,,0,54,,50419,15,,,0,10,,50415,15,,,0,9,,50368,15,,,0,6,,50413,1,,,0,3,,50369,15,,,0,11,,50370,15,,,0,11,,50371,15,,,0,50,,50372,15,,,0,11,,50373,15,,,0,10,,50374,15,,,0,10,,50375,15,,,0,9,,50418,15,,,0,9,,50336,15,0,31 33,0,49,,50337,15,,,0,10,,50338,15,0,31 33,0,10,,50339,15,,,0,11,,50340,15,0,31 33,0,10,,50376,15,,,0,11,,50341,15,0,31 33,0,51,,50342,15,,,0,10,,50343,15,0,31 33,0,11,,50344,15,,,0,11,,50345,15,0,31 33,0,10,,50346,15,,,0,11,,50348,15,0,31 33,0,50,,50347,15,,,0,11,,50378,15,0,31 33,0,12,,50377,15,,,0,11,,50379,15,0,31 33,0,11,,50380,15,,,0,50,,50381,15,0,31 33,0,10,,50382,15,,,0,10,,50383,15,0,31 33,0,11,,50384,15,,,0,11,,50385,15,0,31 33,0,10,,50386,15,,,0,50,,50387,15,0,31 33,0,10,,50388,15,,,0,9,,50389,15,0,31 33,0,10,,50390,15,,,0,10,,50349,15,0,31 33,0,11,,50350,15,,,0,50,,50391,15,0,31 33,0,10,,50351,15,,,0,9,,50352,15,0,31 33,0,11,,50353,15,,,0,10,,50392,15,0,31 33,0,11,,50354,15,,,0,50,,50355,15,0,31 33,0,10,,50356,15,,,0,10,,50357,15,0,31 33,0,11,,50393,15,,,0,11,,50394,15,,,0,10,,50395,15,,,0,50,,50396,15,,,0,10,,50397,15,,,0,10,,50398,15,,,0,10,,50399,15,,,0,11,,50400,15,,,0,9,,50401,15,,,0,50,,50402,15,,,0,10,,50403,15,,,0,10,,50404,15,,,0,9,,50405,15,,,0,9,,50406,15,,,0,9,,50407,15,,,0,50,,50408,15,,,0,10,,50409,15,0,31 33,0,9,,50410,15,,,0,8,,50414,15,0,31 33,0,10,,50358,15,0,31 33,0,10,,50411,15,,,0,50,,50359,15,0,31 33,0,10,,50412,15,,,0,9,,50360,15,0,31 33,0,19,,50361,15,0,31 33,0,19,,50362,15,0,31 33,0,58,,50363,15,0,31 33,0,20,,50364,15,0,31 33,0,21,,50365,15,0,31 33,0,60,,50366,15,0,31 33,0,20,,50367,15,0,31 33,0
1000000,'2_6',543,,34621,15,0,31 33,0,80,,34622,15,0,31 33,0,82,,34623,15,,,0,42,,34624,15,,,0,70,,34625,15,0,31 33,0,15,,34626,15,,,0,16,,34627,15,0,31 33,0,55,,34628,15,0,31 33,0,14,,34629,15,,,0,15,,34630,15,0,31 33,0,16,,34688,15,0,31 33,0,55,,34631,15,,,0,16,,34632,15,0,31 33,0,16,,34633,15,0,31 33,0,14,,34634,15,,,0,56,,34635,15,0,31 33,0,16,,34636,15,0,31 33,0,16,,34637,15,,,0,15,,34638,15,0,31 33,0,55,,34639,15,0,31 33,0,16,,34640,15,,,0,14,,34641,15,0,31 33,0,14,,34642,15,0,31 33,0,55,,34643,15,,,0,14,,34644,15,0,31 33,0,10,,34645,15,0,31 33,0,11,,34646,15,,,0,12,,34647,15,0,31 33,0,50,,34648,15,0,31 33,0,9,,34649,15,0,31 33,0,9,,34650,15,,,0,10,,34651,15,0,31 33,0,11,,34652,15,0,31 33,0,11,,34653,15,0,31 33,0,50,,34654,15,,,0,12,,34655,15,0,31 33,0,9,,34656,15,0,31 33,0,9,,34657,15,0,31 33,0,10,,34658,15,,,0,11,,34659,15,0,31 33,0,50,,34660,15,0,31 33,0,10,,34661,15,0,31 33,0,11,,34662,15,,,0,11,,34663,15,0,31 33,0,10,,34664,15,0,31 33,0,10,,34665,15,0,31 33,0,51,,34666,15,,,0,13,,34667,15,0,31 33,0,9,,34668,15,0,31 33,0,9,,34669,15,0,31 33,0,10,,34670,15,,,0,8,,34671,15,0,31 33,0,49,,34672,15,0,31 33,0,9,,34673,15,0,31 33,0,8,,34675,15,0,31 33,0,10,,34674,15,,,0,9,,34676,15,0,31 33,0,9,,34677,15,0,31 33,0,9,,34679,15,0,31 33,0,50,,34678,15,0,31 33,0,11,,34680,15,0,31 33,0,21,,34681,15,0,31 33,0,17,,34682,15,0,31 33,0,60,,34683,15,0,31 33,0,20,,34684,15,0,31 33,0,19,,34685,15,0,31 33,0,59,,34686,15,0,31 33,0,19,,34687,15,0,31 33,0
1000000,'3_7',817,,34689,15,0,31 33,0,40,,34690,15,0,31 33,0,80,,34691,15,0,31 33,0,80,,34692,15,0,31 33,0,40,,34693,15,0,31 33,0,80,,34694,15,0,31 33,0,80,,34695,15,0,31 33,0,40,,34696,15,0,31 33,0,80,,34697,15,0,31 33,0,80,,34698,15,0,31 33,0,40,,34699,15,0,31 33,0,80,,34700,15,0,31 33,0,80,,34701,15,0,31 33,0,40,,34702,15,0,31 33,0,80,,34703,15,0,31 33,0,80,,34704,15,0,31 33,0,40,,34705,15,0,31 33,0,80,,34706,15,0,31 33,0
1000000,'7_1',548,,47475,15,0,31 33,0,60,,47476,15,0,31 33,0,20,,47557,15,0,31 33,0,20,,47558,15,,,0,54,,47560,15,,,0,10,,47556,15,,,0,9,,47509,15,,,0,6,,47554,1,,,0,3,,47510,15,,,0,11,,47511,15,,,0,11,,47512,15,,,0,50,,47513,15,,,0,11,,47514,15,,,0,10,,47515,15,,,0,10,,47516,15,,,0,9,,47559,15,,,0,9,,47477,15,0,31 33,0,49,,47478,15,,,0,10,,47479,15,0,31 33,0,10,,47480,15,,,0,11,,47481,15,0,31 33,0,10,,47517,15,,,0,11,,47482,15,0,31 33,0,51,,47483,15,,,0,10,,47484,15,0,31 33,0,11,,47485,15,,,0,11,,47486,15,0,31 33,0,10,,47487,15,,,0,11,,47489,15,0,31 33,0,50,,47488,15,,,0,11,,47519,15,0,31 33,0,12,,47518,15,,,0,11,,47520,15,0,31 33,0,11,,47521,15,,,0,50,,47522,15,0,31 33,0,10,,47523,15,,,0,10,,47524,15,0,31 33,0,11,,47525,15,,,0,11,,47526,15,0,31 33,0,10,,47527,15,,,0,50,,47528,15,0,31 33,0,10,,47529,15,,,0,9,,47530,15,0,31 33,0,10,,47531,15,,,0,10,,47490,15,0,31 33,0,11,,47491,15,,,0,50,,47532,15,0,31 33,0,10,,47492,15,,,0,9,,47493,15,0,31 33,0,11,,47494,15,,,0,10,,47533,15,0,31 33,0,11,,47495,15,,,0,50,,47496,15,0,31 33,0,10,,47497,15,,,0,10,,47498,15,0,31 33,0,11,,47534,15,,,0,11,,47535,15,,,0,10,,47536,15,,,0,50,,47537,15,,,0,10,,47538,15,,,0,10,,47539,15,,,0,10,,47540,15,,,0,11,,47541,15,,,0,9,,47542,15,,,0,50,,47543,15,,,0,10,,47544,15,,,0,10,,47545,15,,,0,9,,47546,15,,,0,9,,47547,15,,,0,9,,47548,15,,,0,50,,47549,15,,,0,10,,47550,15,0,31 33,0,9,,47551,15,,,0,8,,47555,15,0,31 33,0,10,,47499,15,0,31 33,0,10,,47552,15,,,0,50,,47500,15,0,31 33,0,10,,47553,15,,,0,9,,47501,15,0,31 33,0,19,,47502,15,0,31 33,0,19,,47503,15,0,31 33,0,58,,47504,15,0,31 33,0,20,,47505,15,0,31 33,0,21,,47506,15,0,31 33,0,60,,47507,15,0,31 33,0,20,,47508,15,0,31 33,0
1000000,'7_2',548,,50420,15,0,31 33,0,60,,50421,15,0,31 33,0,20,,50502,15,0,31 33,0,20,,50503,15,,,0,54,,50505,15,,,0,10,,50501,15,,,0,9,,50454,15,,,0,6,,50499,1,,,0,3,,50455,15,,,0,11,,50456,15,,,0,11,,50457,15,,,0,50,,50458,15,,,0,11,,50459,15,,,0,10,,50460,15,,,0,10,,50461,15,,,0,9,,50504,15,,,0,9,,50422,15,0,31 33,0,49,,50423,15,,,0,10,,50424,15,0,31 33,0,10,,50425,15,,,0,11,,50426,15,0,31 33,0,10,,50462,15,,,0,11,,50427,15,0,31 33,0,51,,50428,15,,,0,10,,50429,15,0,31 33,0,11,,50430,15,,,0,11,,50431,15,0,31 33,0,10,,50432,15,,,0,11,,50434,15,0,31 33,0,50,,50433,15,,,0,11,,50464,15,0,31 33,0,12,,50463,15,,,0,11,,50465,15,0,31 33,0,11,,50466,15,,,0,50,,50467,15,0,31 33,0,10,,50468,15,,,0,10,,50469,15,0,31 33,0,11,,50470,15,,,0,11,,50471,15,0,31 33,0,10,,50472,15,,,0,50,,50473,15,0,31 33,0,10,,50474,15,,,0,9,,50475,15,0,31 33,0,10,,50476,15,,,0,10,,50435,15,0,31 33,0,11,,50436,15,,,0,50,,50477,15,0,31 33,0,10,,50437,15,,,0,9,,50438,15,0,31 33,0,11,,50439,15,,,0,10,,50478,15,0,31 33,0,11,,50440,15,,,0,50,,50441,15,0,31 33,0,10,,50442,15,,,0,10,,50443,15,0,31 33,0,11,,50479,15,,,0,11,,50480,15,,,0,10,,50481,15,,,0,50,,50482,15,,,0,10,,50483,15,,,0,10,,50484,15,,,0,10,,50485,15,,,0,11,,50486,15,,,0,9,,50487,15,,,0,50,,50488,15,,,0,10,,50489,15,,,0,10,,50490,15,,,0,9,,50491,15,,,0,9,,50492,15,,,0,9,,50493,15,,,0,50,,50494,15,,,0,10,,50495,15,0,31 33,0,9,,50496,15,,,0,8,,50500,15,0,31 33,0,10,,50444,15,0,31 33,0,10,,50497,15,,,0,50,,50445,15,0,31 33,0,10,,50498,15,,,0,9,,50446,15,0,31 33,0,19,,50447,15,0,31 33,0,19,,50448,15,0,31 33,0,58,,50449,15,0,31 33,0,20,,50450,15,0,31 33,0,21,,50451,15,0,31 33,0,60,,50452,15,0,31 33,0,20,,50453,15,0,31 33,0
1000000,'7_4',548,,50506,15,0,31 33,0,60,,50507,15,0,31 33,0,20,,50588,15,0,31 33,0,20,,50589,15,,,0,54,,50591,15,,,0,10,,50587,15,,,0,9,,50540,15,,,0,6,,50585,1,,,0,3,,50541,15,,,0,11,,50542,15,,,0,11,,50543,15,,,0,50,,50544,15,,,0,11,,50545,15,,,0,10,,50546,15,,,0,10,,50547,15,,,0,9,,50590,15,,,0,9,,50508,15,0,31 33,0,49,,50509,15,,,0,10,,50510,15,0,31 33,0,10,,50511,15,,,0,11,,50512,15,0,31 33,0,10,,50548,15,,,0,11,,50513,15,0,31 33,0,51,,50514,15,,,0,10,,50515,15,0,31 33,0,11,,50516,15,,,0,11,,50517,15,0,31 33,0,10,,50518,15,,,0,11,,50520,15,0,31 33,0,50,,50519,15,,,0,11,,50550,15,0,31 33,0,12,,50549,15,,,0,11,,50551,15,0,31 33,0,11,,50552,15,,,0,50,,50553,15,0,31 33,0,10,,50554,15,,,0,10,,50555,15,0,31 33,0,11,,50556,15,,,0,11,,50557,15,0,31 33,0,10,,50558,15,,,0,50,,50559,15,0,31 33,0,10,,50560,15,,,0,9,,50561,15,0,31 33,0,10,,50562,15,,,0,10,,50521,15,0,31 33,0,11,,50522,15,,,0,50,,50563,15,0,31 33,0,10,,50523,15,,,0,9,,50524,15,0,31 33,0,11,,50525,15,,,0,10,,50564,15,0,31 33,0,11,,50526,15,,,0,50,,50527,15,0,31 33,0,10,,50528,15,,,0,10,,50529,15,0,31 33,0,11,,50565,15,,,0,11,,50566,15,,,0,10,,50567,15,,,0,50,,50568,15,,,0,10,,50569,15,,,0,10,,50570,15,,,0,10,,50571,15,,,0,11,,50572,15,,,0,9,,50573,15,,,0,50,,50574,15,,,0,10,,50575,15,,,0,10,,50576,15,,,0,9,,50577,15,,,0,9,,50578,15,,,0,9,,50579,15,,,0,50,,50580,15,,,0,10,,50581,15,0,31 33,0,9,,50582,15,,,0,8,,50586,15,0,31 33,0,10,,50530,15,0,31 33,0,10,,50583,15,,,0,50,,50531,15,0,31 33,0,10,,50584,15,,,0,9,,50532,15,0,31 33,0,19,,50533,15,0,31 33,0,19,,50534,15,0,31 33,0,58,,50535,15,0,31 33,0,20,,50536,15,0,31 33,0,21,,50537,15,0,31 33,0,60,,50538,15,0,31 33,0,20,,50539,15,0,31 33,0
1000000,'7_5',548,,53052,15,0,31 33,0,60,,53053,15,0,31 33,0,20,,53134,15,0,31 33,0,20,,53135,15,,,0,54,,53137,15,,,0,10,,53133,15,,,0,9,,53086,15,,,0,6,,53131,1,,,0,3,,53087,15,,,0,11,,53088,15,,,0,11,,53089,15,,,0,50,,53090,15,,,0,11,,53091,15,,,0,10,,53092,15,,,0,10,,53093,15,,,0,9,,53136,15,,,0,9,,53054,15,0,31 33,0,49,,53055,15,,,0,10,,53056,15,0,31 33,0,10,,53057,15,,,0,11,,53058,15,0,31 33,0,10,,53094,15,,,0,11,,53059,15,0,31 33,0,51,,53060,15,,,0,10,,53061,15,0,31 33,0,11,,53062,15,,,0,11,,53063,15,0,31 33,0,10,,53064,15,,,0,11,,53066,15,0,31 33,0,50,,53065,15,,,0,11,,53096,15,0,31 33,0,12,,53095,15,,,0,11,,53097,15,0,31 33,0,11,,53098,15,,,0,50,,53099,15,0,31 33,0,10,,53100,15,,,0,10,,53101,15,0,31 33,0,11,,53102,15,,,0,11,,53103,15,0,31 33,0,10,,53104,15,,,0,50,,53105,15,0,31 33,0,10,,53106,15,,,0,9,,53107,15,0,31 33,0,10,,53108,15,,,0,10,,53067,15,0,31 33,0,11,,53068,15,,,0,50,,53109,15,0,31 33,0,10,,53069,15,,,0,9,,53070,15,0,31 33,0,11,,53071,15,,,0,10,,53110,15,0,31 33,0,11,,53072,15,,,0,50,,53073,15,0,31 33,0,10,,53074,15,,,0,10,,53075,15,0,31 33,0,11,,53111,15,,,0,11,,53112,15,,,0,10,,53113,15,,,0,50,,53114,15,,,0,10,,53115,15,,,0,10,,53116,15,,,0,10,,53117,15,,,0,11,,53118,15,,,0,9,,53119,15,,,0,50,,53120,15,,,0,10,,53121,15,,,0,10,,53122,15,,,0,9,,53123,15,,,0,9,,53124,15,,,0,9,,53125,15,,,0,50,,53126,15,,,0,10,,53127,15,0,31 33,0,9,,53128,15,,,0,8,,53132,15,0,31 33,0,10,,53076,15,0,31 33,0,10,,53129,15,,,0,50,,53077,15,0,31 33,0,10,,53130,15,,,0,9,,53078,15,0,31 33,0,19,,53079,15,0,31 33,0,19,,53080,15,0,31 33,0,58,,53081,15,0,31 33,0,20,,53082,15,0,31 33,0,21,,53083,15,0,31 33,0,60,,53084,15,0,31 33,0,20,,53085,15,0,31 33,0
1000000,'8_7',817,,51956,15,0,31 33,0,40,,51957,15,0,31 33,0,80,,51958,15,0,31 33,0,80,,51959,15,0,31 33,0,40,,51960,15,0,31 33,0,80,,51961,15,0,31 33,0,80,,51962,15,0,31 33,0,40,,51963,15,0,31 33,0,80,,51964,15,0,31 33,0,80,,51965,15,0,31 33,0,40,,51966,15,0,31 33,0,80,,51967,15,0,31 33,0,80,,51968,15,0,31 33,0,40,,51969,15,0,31 33,0,80,,51970,15,0,31 33,0,80,,51971,15,0,31 33,0,40,,51972,15,0,31 33,0,80,,51973,15,0,31 33,0
1000000,'9_7',817,,52183,15,0,31 33,0,40,,52184,15,0,31 33,0,80,,52185,15,0,31 33,0,80,,52186,15,0,31 33,0,40,,52187,15,0,31 33,0,80,,52188,15,0,31 33,0,80,,52189,15,0,31 33,0,40,,52190,15,0,31 33,0,80,,52191,15,0,31 33,0,80,,52192,15,0,31 33,0,40,,52193,15,0,31 33,0,80,,52194,15,0,31 33,0,80,,52195,15,0,31 33,0,40,,52196,15,0,31 33,0,80,,52197,15,0,31 33,0,80,,52198,15,0,31 33,0,40,,52199,15,0,31 33,0,80,,52200,15,0,31 33,0
