1000,'25j05H-Dimanche',812,,2894,,,0,422,,2895,,,0,497,,2896,,,0
1000,'25j26H-Dimanche',812,,2897,,,0,422,,2898,,,0,497,,2899,,,0
1000,'25k03H-Samedi',642,,2900,,,0,95,,2901,,,0,120,,2907,0,26 32,0,77,,2902,,,0,107,,2908,0,26 32,0,101,,2909,0,26 32,0,101,,2910,0,26 32,0,100,,2911,0,26 32,0,92,,2905,,,0,115,,2906,,,0,80,,2903,,,0,187,,2904,,,0,111,,2912,0,26 32,0
1000,'25l22V-Semaine',649,,2913,,,0,94,,2914,,,0,116,,2925,0,26 32,0,75,,2915,,,0,113,,2918,0,26 32,0,95,,2919,0,26 32,0,101,,2920,0,26 32,0,100,,2921,0,26 32,0,92,,2923,,,0,115,,2924,,,0,80,,2916,,,0,187,,2917,,,0,111,,2922,0,26 32,0
1000,'26a05H-Samedi',642,,2926,,,0,95,,2927,,,0,120,,2933,0,26 32,0,77,,2928,,,0,107,,2934,0,26 32,0,101,,2935,0,26 32,0,101,,2936,0,26 32,0,100,,2937,0,26 32,0,92,,2931,,,0,115,,2932,,,0,80,,2929,,,0,187,,2930,,,0,111,,2938,0,26 32,0
1000,'26a05H-Mercredi',648,,2939,,,0,100,,2940,,,0,111,,2953,0,26 32,0,77,,2941,,,0,109,,2944,0,26 32,0,87,,2945,0,26 32,0,77,,2946,0,26 32,0,40,,2947,0,26 32,0,98,,2948,0,26 32,0,79,,2950,,,0,30,,2951,,,0,96,,2952,,,0,75,,2942,,,0,189,,2943,,,0,112,,2949,0,26 32,0
1000,'26a05H-L-Ma-J-V',648,,2954,,,0,100,,2955,,,0,111,,2968,0,26 32,0,77,,2956,,,0,109,,2959,0,26 32,0,87,,2960,0,26 32,0,77,,2961,0,26 32,0,40,,2962,0,26 32,0,98,,2963,0,26 32,0,79,,2965,,,0,30,,2966,,,0,96,,2967,,,0,75,,2957,,,0,189,,2958,,,0,112,,2964,0,26 32,0
1000,'26b23V-Semaine',649,,2969,,,0,94,,2970,,,0,116,,2981,0,26 32,0,75,,2971,,,0,113,,2974,0,26 32,0,95,,2975,0,26 32,0,101,,2976,0,26 32,0,100,,2977,0,26 32,0,92,,2979,,,0,115,,2980,,,0,80,,2972,,,0,187,,2973,,,0,111,,2978,0,26 32,0
1000,'26c02V-Semaine',649,,2982,,,0,94,,2983,,,0,116,,2994,0,26 32,0,75,,2984,,,0,113,,2987,0,26 32,0,95,,2988,0,26 32,0,101,,2989,0,26 32,0,100,,2990,0,26 32,0,92,,2992,,,0,115,,2993,,,0,80,,2985,,,0,187,,2986,,,0,111,,2991,0,26 32,0
1100,'25j05H-Dimanche',812,,3089,,,0,919,,3090,,,0
1100,'25j26H-Dimanche',812,,3091,,,0,919,,3092,,,0
1100,'25k03H-Samedi',641,,3093,,,0,159,,3094,,,0,906,,3095,,,0,119,,3096,,,0
1100,'25l22V-Semaine',641,,3097,,,0,159,,3098,,,0,906,,3099,,,0,119,,3100,,,0
1100,'26a05H-Samedi',641,,3101,,,0,159,,3102,,,0,906,,3103,,,0,119,,3104,,,0
1100,'26a05H-Mercredi',641,,3105,,,0,159,,3106,,,0,906,,3107,,,0,119,,3108,,,0
1100,'26a05H-L-Ma-J-V',641,,3109,,,0,159,,3110,,,0,906,,3111,,,0,119,,3112,,,0
1100,'26b23V-Semaine',641,,3113,,,0,159,,3114,,,0,906,,3115,,,0,119,,3116,,,0
1100,'26c02V-Semaine',641,,3117,,,0,159,,3118,,,0,906,,3119,,,0,119,,3120,,,0
