100,'2509-HIV-25l22Vlv-Semaine-00',759,,8142,,,0,85,,8130,,,0,404,,8150,,,0,65,,8151,,,0,399,,8153,,,0,36,,8137,,,0,70,,8154,,,0,29,,8138,,,0,66,,8128,,,0,97,,8129,,,0
100,'2509-HIV-26a05H-w-Mercredi-00',849,,8181,,,0,400,,8201,,,0,62,,8202,,,0,307,,8203,,,0,97,,8204,,,0,41,,8205,,,0,66,,8206,,,0,29,,8207,,,0,62,,8179,,,0,107,,8180,,,0
100,'2509-HIV-26a05H-w-Mercredi-00-0010000',1308,,8212,,,0
100,'2509-HIV-26a05Hlv-L-Ma-J-V-00',849,,8215,,,0,400,,8235,,,0,62,,8236,,,0,307,,8237,,,0,97,,8238,,,0,41,,8239,,,0,66,,8240,,,0,29,,8241,,,0,62,,8213,,,0,107,,8214,,,0
100,'2509-HIV-26a05Hlv-L-Ma-J-V-00-1101100',1819,,8246,,,0,37,,8247,,,0
100,'2509-HIV-26b23Vlv-Semaine-00',759,,8262,,,0,85,,8250,,,0,404,,8270,,,0,65,,8271,,,0,399,,8273,,,0,36,,8257,,,0,70,,8274,,,0,29,,8258,,,0,66,,8248,,,0,97,,8249,,,0
100,'2509-HIV-26c02Vlv-Semaine-00',759,,8290,,,0,85,,8278,,,0,404,,8298,,,0,65,,8299,,,0,399,,8301,,,0,36,,8285,,,0,70,,8302,,,0,29,,8286,,,0,66,,8276,,,0,97,,8277,,,0
101,'2509-HIV-25l22Vlv-Semaine-00',646,,8355,0,41 42,0,68,,8356,0,41 42,0,28,,8357,0,41 42,0,15,,8382,0,43,0,163,,8371,0,43,0,392,,8358,0,41 42,0,27,,8372,0,43,0,400,,8359,0,41 42,0,75,,8378,0,43,0,29,,8360,0,41 42,0,71,,8379,0,43,0
101,'2509-HIV-26a05H-w-Mercredi-00',642,,8406,0,41 42,0,67,,8407,0,41 42,0,27,,8408,0,41 42,0,17,,8437,0,43,0,166,,8422,0,43,0,394,,8409,0,41 42,0,26,,8423,0,43,0,304,,8424,0,43,0,102,,8410,0,41 42,0,92,,8411,0,41 42,0
101,'2509-HIV-26a05Hlv-L-Ma-J-V-00',642,,8439,0,41 42,0,67,,8440,0,41 42,0,27,,8441,0,41 42,0,17,,8470,0,43,0,166,,8455,0,43,0,394,,8442,0,41 42,0,26,,8456,0,43,0,304,,8457,0,43,0,102,,8443,0,41 42,0,92,,8444,0,41 42,0
101,'2509-HIV-26b23Vlv-Semaine-00',646,,8472,0,41 42,0,68,,8473,0,41 42,0,28,,8474,0,41 42,0,15,,8499,0,43,0,163,,8488,0,43,0,392,,8475,0,41 42,0,27,,8489,0,43,0,400,,8476,0,41 42,0,75,,8495,0,43,0,29,,8477,0,41 42,0,71,,8496,0,43,0
101,'2509-HIV-26c02Vlv-Semaine-00',646,,8500,0,41 42,0,68,,8501,0,41 42,0,28,,8502,0,41 42,0,15,,8527,0,43,0,163,,8516,0,43,0,392,,8503,0,41 42,0,27,,8517,0,43,0,400,,8504,0,41 42,0,75,,8523,0,43,0,29,,8505,0,41 42,0,71,,8524,0,43,0
