1501,'0_6',703,,67220,15,,,0,18,,67221,15,,,0,95,,67222,15,,,0,21,,67223,15,,,0,118,,67224,15,,,0,156,,67225,15,,,0,118,,67226,15,,,0,94,,67227,15,,,0,118,,67228,15,,,0,99,,67219,3,,,0,163,,67229,15,,,0,110,,67230,15,,,0,95,,67231,15,,,0
1501,'2_1',703,,67233,15,,,0,18,,67234,15,,,0,95,,67235,15,,,0,21,,67236,15,,,0,118,,67237,15,,,0,156,,67238,15,,,0,118,,67239,15,,,0,94,,67240,15,,,0,118,,67241,15,,,0,99,,67232,3,,,0,163,,67242,15,,,0,110,,67243,15,,,0,95,,67244,15,,,0
1501,'2_2',703,,67246,15,,,0,18,,67247,15,,,0,95,,67248,15,,,0,21,,67249,15,,,0,118,,67250,15,,,0,156,,67251,15,,,0,118,,67252,15,,,0,94,,67253,15,,,0,118,,67254,15,,,0,99,,67245,3,,,0,163,,67255,15,,,0,110,,67256,15,,,0,95,,67257,15,,,0
1501,'2_3',703,,67259,15,,,0,18,,67260,15,,,0,95,,67261,15,,,0,21,,67262,15,,,0,118,,67263,15,,,0,156,,67264,15,,,0,118,,67265,15,,,0,94,,67266,15,,,0,118,,67267,15,,,0,99,,67258,3,,,0,163,,67268,15,,,0,110,,67269,15,,,0,95,,67270,15,,,0
1501,'2_4',703,,67272,15,,,0,18,,67273,15,,,0,95,,67274,15,,,0,21,,67275,15,,,0,118,,67276,15,,,0,156,,67277,15,,,0,118,,67278,15,,,0,94,,67279,15,,,0,118,,67280,15,,,0,99,,67271,3,,,0,163,,67281,15,,,0,110,,67282,15,,,0,95,,67283,15,,,0
1501,'2_5',703,,67285,15,,,0,18,,67286,15,,,0,95,,67287,15,,,0,21,,67288,15,,,0,118,,67289,15,,,0,156,,67290,15,,,0,118,,67291,15,,,0,94,,67292,15,,,0,118,,67293,15,,,0,99,,67284,3,,,0,163,,67294,15,,,0,110,,67295,15,,,0,95,,67296,15,,,0
1501,'3_1',703,,67298,15,,,0,18,,67299,15,,,0,95,,67300,15,,,0,21,,67301,15,,,0,118,,67302,15,,,0,156,,67303,15,,,0,118,,67304,15,,,0,94,,67305,15,,,0,118,,67306,15,,,0,99,,67297,3,,,0,163,,67307,15,,,0,110,,67308,15,,,0,95,,67309,15,,,0
1501,'3_3',703,,67311,15,,,0,18,,67312,15,,,0,95,,67313,15,,,0,21,,67314,15,,,0,118,,67315,15,,,0,156,,67316,15,,,0,118,,67317,15,,,0,94,,67318,15,,,0,118,,67319,15,,,0,99,,67310,3,,,0,163,,67320,15,,,0,110,,67321,15,,,0,95,,67322,15,,,0
1501,'3_4',703,,67324,15,,,0,18,,67325,15,,,0,95,,67326,15,,,0,21,,67327,15,,,0,118,,67328,15,,,0,156,,67329,15,,,0,118,,67330,15,,,0,94,,67331,15,,,0,118,,67332,15,,,0,99,,67323,3,,,0,163,,67333,15,,,0,110,,67334,15,,,0,95,,67335,15,,,0
1501,'3_5',703,,67337,15,,,0,18,,67338,15,,,0,95,,67339,15,,,0,21,,67340,15,,,0,118,,67341,15,,,0,156,,67342,15,,,0,118,,67343,15,,,0,94,,67344,15,,,0,118,,67345,15,,,0,99,,67336,3,,,0,163,,67346,15,,,0,110,,67347,15,,,0,95,,67348,15,,,0
4000000,'0_6',650,,72135,15,0,46,0,58,,72091,15,0,45,0,23,,72113,15,0,46,0,20,,72092,15,0,45,0,60,,72114,15,0,46,0,21,,72093,15,0,45,0,20,,72115,15,0,46,0,60,,72094,15,0,45,0,21,,72116,15,0,46,0,22,,72095,15,0,45,0,59,,72117,15,0,46,0,21,,72096,15,0,45,0,22,,72118,15,0,46,0,61,,72097,15,0,45,0,21,,72119,15,0,46,0,61,,72098,15,0,45,0,22,,72120,15,0,46,0,20,,72099,15,0,45,0,59,,72121,15,0,45,0,21,,72100,15,0,46,0,21,,72122,15,0,45,0,58,,72101,15,0,46,0,19,,72123,15,0,45,0,18,,72102,15,0,46,0,19,,72124,15,0,45,0,60,,72103,15,0,46,0,20,,72125,15,0,45,0,20,,72104,15,0,46,0,60,,72126,15,0,45,0,22,,72105,15,0,46,0,61,,72127,15,0,45,0,21,,72106,15,0,46,0,19,,72128,15,0,45,0,60,,72107,15,0,46,0,18,,72129,15,0,45,0,19,,72108,15,0,46,0,18,,72130,15,0,45,0,58,,72109,15,0,46,0,20,,72131,15,0,45,0,19,,72110,15,0,46,0,60,,72132,15,0,45,0,19,,72111,15,0,46,0
4000000,'1_7',838,,72136,15,0,46,0,110,,72141,15,0,45,0,110,,72137,15,0,46,0,150,,72142,15,0,45,0,110,,72138,15,0,46,0,110,,72143,15,0,45,0,110,,72139,15,0,46,0,110,,72144,15,0,45,0,110,,72140,15,0,46,0,150,,72145,15,0,45,0
4000000,'2_1',650,,72191,15,0,46,0,58,,72147,15,0,45,0,23,,72169,15,0,46,0,20,,72148,15,0,45,0,60,,72170,15,0,46,0,21,,72149,15,0,45,0,20,,72171,15,0,46,0,60,,72150,15,0,45,0,21,,72172,15,0,46,0,22,,72151,15,0,45,0,59,,72173,15,0,46,0,21,,72152,15,0,45,0,22,,72174,15,0,46,0,61,,72153,15,0,45,0,21,,72175,15,0,46,0,61,,72154,15,0,45,0,22,,72176,15,0,46,0,20,,72155,15,0,45,0,59,,72177,15,0,45,0,21,,72156,15,0,46,0,21,,72178,15,0,45,0,58,,72157,15,0,46,0,19,,72179,15,0,45,0,18,,72158,15,0,46,0,19,,72180,15,0,45,0,60,,72159,15,0,46,0,20,,72181,15,0,45,0,20,,72160,15,0,46,0,60,,72182,15,0,45,0,22,,72161,15,0,46,0,61,,72183,15,0,45,0,21,,72162,15,0,46,0,19,,72184,15,0,45,0,60,,72163,15,0,46,0,18,,72185,15,0,45,0,19,,72164,15,0,46,0,18,,72186,15,0,45,0,58,,72165,15,0,46,0,20,,72187,15,0,45,0,19,,72166,15,0,46,0,60,,72188,15,0,45,0,19,,72167,15,0,46,0
4000000,'2_2',650,,72236,15,0,46,0,58,,72192,15,0,45,0,23,,72214,15,0,46,0,20,,72193,15,0,45,0,60,,72215,15,0,46,0,21,,72194,15,0,45,0,20,,72216,15,0,46,0,60,,72195,15,0,45,0,21,,72217,15,0,46,0,22,,72196,15,0,45,0,59,,72218,15,0,46,0,21,,72197,15,0,45,0,22,,72219,15,0,46,0,61,,72198,15,0,45,0,21,,72220,15,0,46,0,61,,72199,15,0,45,0,22,,72221,15,0,46,0,20,,72200,15,0,45,0,59,,72222,15,0,45,0,21,,72201,15,0,46,0,21,,72223,15,0,45,0,58,,72202,15,0,46,0,19,,72224,15,0,45,0,18,,72203,15,0,46,0,19,,72225,15,0,45,0,60,,72204,15,0,46,0,20,,72226,15,0,45,0,20,,72205,15,0,46,0,60,,72227,15,0,45,0,22,,72206,15,0,46,0,61,,72228,15,0,45,0,21,,72207,15,0,46,0,19,,72229,15,0,45,0,60,,72208,15,0,46,0,18,,72230,15,0,45,0,19,,72209,15,0,46,0,18,,72231,15,0,45,0,58,,72210,15,0,46,0,20,,72232,15,0,45,0,19,,72211,15,0,46,0,60,,72233,15,0,45,0,19,,72212,15,0,46,0
4000000,'2_3',650,,72281,15,0,46,0,58,,72237,15,0,45,0,23,,72259,15,0,46,0,20,,72238,15,0,45,0,60,,72260,15,0,46,0,21,,72239,15,0,45,0,20,,72261,15,0,46,0,60,,72240,15,0,45,0,21,,72262,15,0,46,0,22,,72241,15,0,45,0,59,,72263,15,0,46,0,21,,72242,15,0,45,0,22,,72264,15,0,46,0,61,,72243,15,0,45,0,21,,72265,15,0,46,0,61,,72244,15,0,45,0,22,,72266,15,0,46,0,20,,72245,15,0,45,0,59,,72267,15,0,45,0,21,,72246,15,0,46,0,21,,72268,15,0,45,0,58,,72247,15,0,46,0,19,,72269,15,0,45,0,18,,72248,15,0,46,0,19,,72270,15,0,45,0,60,,72249,15,0,46,0,20,,72271,15,0,45,0,20,,72250,15,0,46,0,60,,72272,15,0,45,0,22,,72251,15,0,46,0,61,,72273,15,0,45,0,21,,72252,15,0,46,0,19,,72274,15,0,45,0,60,,72253,15,0,46,0,18,,72275,15,0,45,0,19,,72254,15,0,46,0,18,,72276,15,0,45,0,58,,72255,15,0,46,0,20,,72277,15,0,45,0,19,,72256,15,0,46,0,60,,72278,15,0,45,0,19,,72257,15,0,46,0
4000000,'2_4',650,,72326,15,0,46,0,58,,72282,15,0,45,0,23,,72304,15,0,46,0,20,,72283,15,0,45,0,60,,72305,15,0,46,0,21,,72284,15,0,45,0,20,,72306,15,0,46,0,60,,72285,15,0,45,0,21,,72307,15,0,46,0,22,,72286,15,0,45,0,59,,72308,15,0,46,0,21,,72287,15,0,45,0,22,,72309,15,0,46,0,61,,72288,15,0,45,0,21,,72310,15,0,46,0,61,,72289,15,0,45,0,22,,72311,15,0,46,0,20,,72290,15,0,45,0,59,,72312,15,0,45,0,21,,72291,15,0,46,0,21,,72313,15,0,45,0,58,,72292,15,0,46,0,19,,72314,15,0,45,0,18,,72293,15,0,46,0,19,,72315,15,0,45,0,60,,72294,15,0,46,0,20,,72316,15,0,45,0,20,,72295,15,0,46,0,60,,72317,15,0,45,0,22,,72296,15,0,46,0,61,,72318,15,0,45,0,21,,72297,15,0,46,0,19,,72319,15,0,45,0,60,,72298,15,0,46,0,18,,72320,15,0,45,0,19,,72299,15,0,46,0,18,,72321,15,0,45,0,58,,72300,15,0,46,0,20,,72322,15,0,45,0,19,,72301,15,0,46,0,60,,72323,15,0,45,0,19,,72302,15,0,46,0
4000000,'2_5',650,,72371,15,0,46,0,58,,72327,15,0,45,0,23,,72349,15,0,46,0,20,,72328,15,0,45,0,60,,72350,15,0,46,0,21,,72329,15,0,45,0,20,,72351,15,0,46,0,60,,72330,15,0,45,0,21,,72352,15,0,46,0,22,,72331,15,0,45,0,59,,72353,15,0,46,0,21,,72332,15,0,45,0,22,,72354,15,0,46,0,61,,72333,15,0,45,0,21,,72355,15,0,46,0,61,,72334,15,0,45,0,22,,72356,15,0,46,0,20,,72335,15,0,45,0,59,,72357,15,0,45,0,21,,72336,15,0,46,0,21,,72358,15,0,45,0,58,,72337,15,0,46,0,19,,72359,15,0,45,0,18,,72338,15,0,46,0,19,,72360,15,0,45,0,60,,72339,15,0,46,0,20,,72361,15,0,45,0,20,,72340,15,0,46,0,60,,72362,15,0,45,0,22,,72341,15,0,46,0,61,,72363,15,0,45,0,21,,72342,15,0,46,0,19,,72364,15,0,45,0,60,,72343,15,0,46,0,18,,72365,15,0,45,0,19,,72344,15,0,46,0,18,,72366,15,0,45,0,58,,72345,15,0,46,0,20,,72367,15,0,45,0,19,,72346,15,0,46,0,60,,72368,15,0,45,0,19,,72347,15,0,46,0
4000000,'3_1',650,,72416,15,0,46,0,58,,72372,15,0,45,0,23,,72394,15,0,46,0,20,,72373,15,0,45,0,60,,72395,15,0,46,0,21,,72374,15,0,45,0,20,,72396,15,0,46,0,60,,72375,15,0,45,0,21,,72397,15,0,46,0,22,,72376,15,0,45,0,59,,72398,15,0,46,0,21,,72377,15,0,45,0,22,,72399,15,0,46,0,61,,72378,15,0,45,0,21,,72400,15,0,46,0,61,,72379,15,0,45,0,22,,72401,15,0,46,0,20,,72380,15,0,45,0,59,,72402,15,0,45,0,21,,72381,15,0,46,0,21,,72403,15,0,45,0,58,,72382,15,0,46,0,19,,72404,15,0,45,0,18,,72383,15,0,46,0,19,,72405,15,0,45,0,60,,72384,15,0,46,0,20,,72406,15,0,45,0,20,,72385,15,0,46,0,60,,72407,15,0,45,0,22,,72386,15,0,46,0,61,,72408,15,0,45,0,21,,72387,15,0,46,0,19,,72409,15,0,45,0,60,,72388,15,0,46,0,18,,72410,15,0,45,0,19,,72389,15,0,46,0,18,,72411,15,0,45,0,58,,72390,15,0,46,0,20,,72412,15,0,45,0,19,,72391,15,0,46,0,60,,72413,15,0,45,0,19,,72392,15,0,46,0
4000000,'3_3',650,,72461,15,0,46,0,58,,72417,15,0,45,0,23,,72439,15,0,46,0,20,,72418,15,0,45,0,60,,72440,15,0,46,0,21,,72419,15,0,45,0,20,,72441,15,0,46,0,60,,72420,15,0,45,0,21,,72442,15,0,46,0,22,,72421,15,0,45,0,59,,72443,15,0,46,0,21,,72422,15,0,45,0,22,,72444,15,0,46,0,61,,72423,15,0,45,0,21,,72445,15,0,46,0,61,,72424,15,0,45,0,22,,72446,15,0,46,0,20,,72425,15,0,45,0,59,,72447,15,0,45,0,21,,72426,15,0,46,0,21,,72448,15,0,45,0,58,,72427,15,0,46,0,19,,72449,15,0,45,0,18,,72428,15,0,46,0,19,,72450,15,0,45,0,60,,72429,15,0,46,0,20,,72451,15,0,45,0,20,,72430,15,0,46,0,60,,72452,15,0,45,0,22,,72431,15,0,46,0,61,,72453,15,0,45,0,21,,72432,15,0,46,0,19,,72454,15,0,45,0,60,,72433,15,0,46,0,18,,72455,15,0,45,0,19,,72434,15,0,46,0,18,,72456,15,0,45,0,58,,72435,15,0,46,0,20,,72457,15,0,45,0,19,,72436,15,0,46,0,60,,72458,15,0,45,0,19,,72437,15,0,46,0
4000000,'3_4',650,,72506,15,0,46,0,58,,72462,15,0,45,0,23,,72484,15,0,46,0,20,,72463,15,0,45,0,60,,72485,15,0,46,0,21,,72464,15,0,45,0,20,,72486,15,0,46,0,60,,72465,15,0,45,0,21,,72487,15,0,46,0,22,,72466,15,0,45,0,59,,72488,15,0,46,0,21,,72467,15,0,45,0,22,,72489,15,0,46,0,61,,72468,15,0,45,0,21,,72490,15,0,46,0,61,,72469,15,0,45,0,22,,72491,15,0,46,0,20,,72470,15,0,45,0,59,,72492,15,0,45,0,21,,72471,15,0,46,0,21,,72493,15,0,45,0,58,,72472,15,0,46,0,19,,72494,15,0,45,0,18,,72473,15,0,46,0,19,,72495,15,0,45,0,60,,72474,15,0,46,0,20,,72496,15,0,45,0,20,,72475,15,0,46,0,60,,72497,15,0,45,0,22,,72476,15,0,46,0,61,,72498,15,0,45,0,21,,72477,15,0,46,0,19,,72499,15,0,45,0,60,,72478,15,0,46,0,18,,72500,15,0,45,0,19,,72479,15,0,46,0,18,,72501,15,0,45,0,58,,72480,15,0,46,0,20,,72502,15,0,45,0,19,,72481,15,0,46,0,60,,72503,15,0,45,0,19,,72482,15,0,46,0
4000000,'3_5',650,,72551,15,0,46,0,58,,72507,15,0,45,0,23,,72529,15,0,46,0,20,,72508,15,0,45,0,60,,72530,15,0,46,0,21,,72509,15,0,45,0,20,,72531,15,0,46,0,60,,72510,15,0,45,0,21,,72532,15,0,46,0,22,,72511,15,0,45,0,59,,72533,15,0,46,0,21,,72512,15,0,45,0,22,,72534,15,0,46,0,61,,72513,15,0,45,0,21,,72535,15,0,46,0,61,,72514,15,0,45,0,22,,72536,15,0,46,0,20,,72515,15,0,45,0,59,,72537,15,0,45,0,21,,72516,15,0,46,0,21,,72538,15,0,45,0,58,,72517,15,0,46,0,19,,72539,15,0,45,0,18,,72518,15,0,46,0,19,,72540,15,0,45,0,60,,72519,15,0,46,0,20,,72541,15,0,45,0,20,,72520,15,0,46,0,60,,72542,15,0,45,0,22,,72521,15,0,46,0,61,,72543,15,0,45,0,21,,72522,15,0,46,0,19,,72544,15,0,45,0,60,,72523,15,0,46,0,18,,72545,15,0,45,0,19,,72524,15,0,46,0,18,,72546,15,0,45,0,58,,72525,15,0,46,0,20,,72547,15,0,45,0,19,,72526,15,0,46,0,60,,72548,15,0,45,0,19,,72527,15,0,46,0
4000000,'4_7',838,,72552,15,0,46,0,110,,72557,15,0,45,0,110,,72553,15,0,46,0,150,,72558,15,0,45,0,110,,72554,15,0,46,0,110,,72559,15,0,45,0,110,,72555,15,0,46,0,110,,72560,15,0,45,0,110,,72556,15,0,46,0,150,,72561,15,0,45,0
