100,'2509-HIV-25j05H-d-Dimanche-00',923,,1,0,46,0,105,,6,0,46,0,106,,2,0,46,0,104,,7,0,46,0,90,,3,0,46,0,100,,8,0,46,0,105,,4,0,46,0,105,,9,0,46,0,105,,5,0,46,0,105,,10,0,46,0
100,'2509-HIV-25j26H-d-Dimanche-00',923,,15,0,46,0,105,,20,0,46,0,106,,16,0,46,0,104,,21,0,46,0,90,,17,0,46,0,100,,22,0,46,0,105,,18,0,46,0,105,,23,0,46,0,105,,19,0,46,0,105,,24,0,46,0
100,'2509-HIV-25k03H-s-Samedi-00',718,,29,0,46,0,110,,41,0,46,0,95,,30,0,46,0,30,,42,0,46,0,70,,31,0,46,0,32,,43,0,46,0,70,,32,0,46,0,29,,44,0,46,0,71,,33,0,46,0,28,,45,0,46,0,70,,34,0,46,0,30,,46,0,46,0,70,,35,0,46,0,31,,47,0,46,0,69,,36,0,46,0,31,,48,0,46,0,71,,37,0,46,0,32,,49,0,46,0,73,,38,0,46,0,28,,50,0,46,0,70,,39,0,46,0,31,,51,0,46,0,69,,40,0,46,0
100,'2509-HIV-25l22Vlv-Semaine-00',718,,66,,,0,15,,63,0,46,0,15,,67,0,46,0,55,,54,,,0,15,,73,0,46,0,15,,64,0,6 7,0,15,,68,0,46,0,65,,55,0,46,0,40,,69,0,46,0,80,,56,0,46,0,80,,70,0,46,0,35,,57,0,46,0,60,,74,,,0,25,,75,,,0,70,,58,0,46,0,25,,71,0,46,0,25,,59,0,46,0,72,,72,0,46,0,78,,60,0,46,0,30,,76,0,46,0,71,,65,0,46,0,24,,77,,,0,74,,61,,,0,31,,78,,,0,70,,62,,,0,30,,52,,,0,75,,79,0,46,0,25,,53,,,0
100,'2509-HIV-26a05H-s-Samedi-00',718,,80,0,46,0,110,,92,0,46,0,95,,81,0,46,0,30,,93,0,46,0,70,,82,0,46,0,32,,94,0,46,0,70,,83,0,46,0,29,,95,0,46,0,71,,84,0,46,0,28,,96,0,46,0,70,,85,0,46,0,30,,97,0,46,0,70,,86,0,46,0,31,,98,0,46,0,69,,87,0,46,0,31,,99,0,46,0,71,,88,0,46,0,32,,100,0,46,0,73,,89,0,46,0,28,,101,0,46,0,70,,90,0,46,0,31,,102,0,46,0,69,,91,0,46,0
100,'2509-HIV-26a05H-w-Mercredi-00',718,,117,0,46,0,14,,114,0,46,0,16,,118,0,46,0,55,,105,,,0,15,,124,0,46,0,20,,115,0,6 7,0,10,,119,0,46,0,67,,106,0,46,0,38,,120,0,46,0,78,,107,0,46,0,80,,121,0,46,0,38,,108,0,46,0,59,,125,,,0,25,,126,,,0,70,,109,0,46,0,25,,122,0,46,0,25,,110,0,46,0,75,,123,0,46,0,80,,111,0,46,0,24,,127,,,0,76,,116,0,46,0,20,,128,,,0,13,,133,0,46,0,62,,129,,,0,10,,112,0,46,0,20,,130,,,0,20,,113,0,46,0,55,,131,,,0,25,,103,,,0,75,,132,0,46,0,35,,104,,,0
100,'2509-HIV-26a05H-w-Mercredi-00-0010000',1218,,134,0,6 7,0,5,,135,0,6 7,0,7,,136,,,0
100,'2509-HIV-26a05Hlv-L-Ma-J-V-00',718,,151,0,46,0,14,,148,0,46,0,16,,152,0,46,0,55,,139,,,0,15,,158,0,46,0,20,,149,0,6 7,0,10,,153,0,46,0,67,,140,0,46,0,38,,154,0,46,0,78,,141,0,46,0,80,,155,0,46,0,38,,142,0,46,0,59,,159,,,0,25,,160,,,0,70,,143,0,46,0,25,,156,0,46,0,25,,144,0,46,0,75,,157,0,46,0,80,,145,0,46,0,24,,161,,,0,76,,150,0,46,0,20,,162,,,0,13,,167,0,46,0,62,,163,,,0,10,,146,0,46,0,20,,164,,,0,20,,147,0,46,0,55,,165,,,0,25,,137,,,0,75,,166,0,46,0,35,,138,,,0
100,'2509-HIV-26a05Hlv-L-Ma-J-V-00-1101100',1608,,168,0,6 7,0,116,,169,0,6 7,0,2,,170,,,0,88,,171,,,0
100,'2509-HIV-26b23Vlv-Semaine-00',718,,186,,,0,15,,183,0,46,0,15,,187,0,46,0,55,,174,,,0,15,,193,0,46,0,15,,184,0,6 7,0,15,,188,0,46,0,65,,175,0,46,0,40,,189,0,46,0,80,,176,0,46,0,80,,190,0,46,0,35,,177,0,46,0,60,,194,,,0,25,,195,,,0,70,,178,0,46,0,25,,191,0,46,0,25,,179,0,46,0,72,,192,0,46,0,78,,180,0,46,0,30,,196,0,46,0,71,,185,0,46,0,24,,197,,,0,74,,181,,,0,31,,198,,,0,70,,182,,,0,30,,172,,,0,75,,199,0,46,0,25,,173,,,0
100,'2509-HIV-26c02Vlv-Semaine-00',718,,214,,,0,15,,211,0,46,0,15,,215,0,46,0,55,,202,,,0,15,,221,0,46,0,15,,212,0,6 7,0,15,,216,0,46,0,65,,203,0,46,0,40,,217,0,46,0,80,,204,0,46,0,80,,218,0,46,0,35,,205,0,46,0,60,,222,,,0,25,,223,,,0,70,,206,0,46,0,25,,219,0,46,0,25,,207,0,46,0,72,,220,0,46,0,78,,208,0,46,0,30,,224,0,46,0,71,,213,0,46,0,24,,225,,,0,74,,209,,,0,31,,226,,,0,70,,210,,,0,30,,200,,,0,75,,227,0,46,0,25,,201,,,0
400,'2509-HIV-25j05H-d-Dimanche-00',918,,1501,0,36,0,100,,1502,0,36,0,100,,1503,0,36,0,100,,1504,0,36,0,100,,1505,0,36,0,100,,1506,0,36,0,100,,1507,0,36,0,100,,1508,0,36,0,100,,1509,0,36,0,100,,1510,0,36,0
400,'2509-HIV-25j26H-d-Dimanche-00',918,,1514,0,36,0,100,,1515,0,36,0,100,,1516,0,36,0,100,,1517,0,36,0,100,,1518,0,36,0,100,,1519,0,36,0,100,,1520,0,36,0,100,,1521,0,36,0,100,,1522,0,36,0,100,,1523,0,36,0
400,'2509-HIV-25k03H-s-Samedi-00',718,,1533,0,36,0,104,,1534,0,36,0,34,,1527,0,36,0,67,,1535,0,36,0,31,,1536,0,36,0,70,,1537,0,36,0,30,,1528,0,36,0,71,,1538,0,36,0,29,,1540,0,36,0,71,,1539,0,36,0,29,,1529,0,36,0,70,,1541,0,36,0,31,,1542,0,36,0,69,,1543,0,36,0,32,,1530,0,36,0,72,,1544,0,36,0,29,,1545,0,36,0,70,,1546,0,36,0,73,,1531,0,36,0,35,,1547,0,36,0,71,,1548,0,36,0,32,,1549,0,36,0,69,,1532,0,36,0,31,,1550,0,36,0
400,'2509-HIV-25l22Vlv-Semaine-00',717,,1571,0,36,0,14,,1577,0,36,0,17,,1551,0,36,0,55,,1552,0,36,0,13,,1572,0,36,0,17,,1553,0,36,0,15,,1554,0,36,0,77,,1555,0,36,0,32,,1556,0,36,0,70,,1557,0,36,0,30,,1558,0,36,0,75,,1559,0,36,0,75,,1560,0,36,0,25,,1575,0,36,0,25,,1573,0,36,0,70,,1561,0,36,0,30,,1562,0,36,0,65,,1565,0,36,0,35,,1563,0,36,0,70,,1566,0,36,0,75,,1564,0,36,0,30,,1578,0,36,0,71,,1574,0,36,0,30,,1567,0,36,0,75,,1568,0,36,0,25,,1576,,,0,70,,1569,0,36,0,30,,1570,0,36,0
400,'2509-HIV-26a05H-s-Samedi-00',718,,1585,0,36,0,104,,1586,0,36,0,34,,1579,0,36,0,67,,1587,0,36,0,31,,1588,0,36,0,70,,1589,0,36,0,30,,1580,0,36,0,71,,1590,0,36,0,29,,1592,0,36,0,71,,1591,0,36,0,29,,1581,0,36,0,70,,1593,0,36,0,31,,1594,0,36,0,69,,1595,0,36,0,32,,1582,0,36,0,72,,1596,0,36,0,29,,1597,0,36,0,70,,1598,0,36,0,73,,1583,0,36,0,35,,1599,0,36,0,71,,1600,0,36,0,32,,1601,0,36,0,69,,1584,0,36,0,31,,1602,0,36,0
400,'2509-HIV-26a05H-w-Mercredi-00',718,,1625,0,40,0,15,,1632,0,36,0,15,,1603,0,36,0,55,,1604,0,36,0,15,,1627,0,36,0,15,,1605,0,36,0,14,,1606,0,36,0,70,,1607,0,36,0,40,,1608,0,36,0,71,,1609,0,36,0,30,,1610,0,36,0,75,,1611,0,36,0,75,,1612,0,36,0,25,,1630,,,0,25,,1628,0,36,0,70,,1613,0,36,0,27,,1614,0,36,0,68,,1617,0,36,0,35,,1615,0,36,0,70,,1618,0,36,0,75,,1616,0,36,0,30,,1633,0,36,0,70,,1629,0,36,0,15,,1620,0,36,0,15,,1634,,,0,15,,1621,0,36,0,65,,1622,0,36,0,20,,1631,,,0,75,,1623,0,36,0,25,,1624,0,36,0
400,'2509-HIV-26a05Hlv-L-Ma-J-V-00',718,,1657,0,40,0,15,,1664,0,36,0,15,,1635,0,36,0,55,,1636,0,36,0,15,,1659,0,36,0,15,,1637,0,36,0,14,,1638,0,36,0,70,,1639,0,36,0,40,,1640,0,36,0,71,,1641,0,36,0,30,,1642,0,36,0,75,,1643,0,36,0,75,,1644,0,36,0,25,,1662,,,0,25,,1660,0,36,0,70,,1645,0,36,0,27,,1646,0,36,0,68,,1649,0,36,0,35,,1647,0,36,0,70,,1650,0,36,0,75,,1648,0,36,0,30,,1665,0,36,0,70,,1661,0,36,0,15,,1652,0,36,0,15,,1666,,,0,15,,1653,0,36,0,65,,1654,0,36,0,20,,1663,,,0,75,,1655,0,36,0,25,,1656,0,36,0
400,'2509-HIV-26b23Vlv-Semaine-00',717,,1687,0,36,0,14,,1693,0,36,0,17,,1667,0,36,0,55,,1668,0,36,0,13,,1688,0,36,0,17,,1669,0,36,0,15,,1670,0,36,0,77,,1671,0,36,0,32,,1672,0,36,0,70,,1673,0,36,0,30,,1674,0,36,0,75,,1675,0,36,0,75,,1676,0,36,0,25,,1691,0,36,0,25,,1689,0,36,0,70,,1677,0,36,0,30,,1678,0,36,0,65,,1681,0,36,0,35,,1679,0,36,0,70,,1682,0,36,0,75,,1680,0,36,0,30,,1694,0,36,0,71,,1690,0,36,0,30,,1683,0,36,0,75,,1684,0,36,0,25,,1692,,,0,70,,1685,0,36,0,30,,1686,0,36,0
400,'2509-HIV-26c02Vlv-Semaine-00',717,,1715,0,36,0,14,,1721,0,36,0,17,,1695,0,36,0,55,,1696,0,36,0,13,,1716,0,36,0,17,,1697,0,36,0,15,,1698,0,36,0,77,,1699,0,36,0,32,,1700,0,36,0,70,,1701,0,36,0,30,,1702,0,36,0,75,,1703,0,36,0,75,,1704,0,36,0,25,,1719,0,36,0,25,,1717,0,36,0,70,,1705,0,36,0,30,,1706,0,36,0,65,,1709,0,36,0,35,,1707,0,36,0,70,,1710,0,36,0,75,,1708,0,36,0,30,,1722,0,36,0,71,,1718,0,36,0,30,,1711,0,36,0,75,,1712,0,36,0,25,,1720,,,0,70,,1713,0,36,0,30,,1714,0,36,0
500,'2509-HIV-25j05H-d-Dimanche-00',1119,,1945,0,6 7,0,200,,1946,0,6 7,0,200,,1947,0,6 7,0,200,,1948,0,6 7,0
500,'2509-HIV-25j26H-d-Dimanche-00',1119,,1949,0,6 7,0,200,,1950,0,6 7,0,200,,1951,0,6 7,0,200,,1952,0,6 7,0
500,'2509-HIV-25k03H-s-Samedi-00',748,,1964,,,0,100,,1953,,,0,99,,1954,,,0,100,,1955,,,0,99,,1956,,,0,96,,1957,,,0,98,,1958,,,0,100,,1959,,,0,100,,1960,,,0,100,,1961,,,0,101,,1962,,,0,191,,1963,,,0
500,'2509-HIV-25l22Vlv-Semaine-00',718,,1965,,,0,100,,1966,,,0,36,,1967,,,0,104,,1968,,,0,100,,1969,,,0,145,,1970,,,0,100,,1971,,,0,44,,1972,,,0,94,,1973,,,0,100,,1974,,,0,103,,1975,,,0,107,,1976,,,0,101,,1977,,,0,98,,1978,,,0
500,'2509-HIV-26a05H-s-Samedi-00',748,,1990,,,0,100,,1979,,,0,99,,1980,,,0,100,,1981,,,0,99,,1982,,,0,96,,1983,,,0,98,,1984,,,0,100,,1985,,,0,100,,1986,,,0,100,,1987,,,0,101,,1988,,,0,191,,1989,,,0
500,'2509-HIV-26a05H-w-Mercredi-00',718,,2002,,,0,20,,2003,,,0,80,,2004,,,0,36,,1991,,,0,104,,1992,,,0,100,,1993,,,0,145,,1994,,,0,100,,1995,,,0,44,,1996,,,0,94,,1997,,,0,100,,1998,,,0,103,,1999,,,0,107,,2000,,,0,101,,2005,,,0,98,,2001,,,0
500,'2509-HIV-26a05Hlv-L-Ma-J-V-00',718,,2017,,,0,20,,2018,,,0,80,,2019,,,0,36,,2006,,,0,104,,2007,,,0,100,,2008,,,0,145,,2009,,,0,100,,2010,,,0,44,,2011,,,0,94,,2012,,,0,100,,2013,,,0,103,,2014,,,0,107,,2015,,,0,101,,2020,,,0,98,,2016,,,0
500,'2509-HIV-26b23Vlv-Semaine-00',718,,2021,,,0,100,,2022,,,0,36,,2023,,,0,104,,2024,,,0,100,,2025,,,0,145,,2026,,,0,100,,2027,,,0,44,,2028,,,0,94,,2029,,,0,100,,2030,,,0,103,,2031,,,0,107,,2032,,,0,101,,2033,,,0,98,,2034,,,0
500,'2509-HIV-26c02Vlv-Semaine-00',718,,2035,,,0,100,,2036,,,0,36,,2037,,,0,104,,2038,,,0,100,,2039,,,0,145,,2040,,,0,100,,2041,,,0,44,,2042,,,0,94,,2043,,,0,100,,2044,,,0,103,,2045,,,0,107,,2046,,,0,101,,2047,,,0,98,,2048,,,0
2600,'2509-HIV-25k03H-s-Samedi-00',728,,3900,,,0,85,,3901,,,0,45,,3902,,,0,85,,3903,,,0,84,,3904,,,0,90,,3905,,,0,84,,3906,,,0,42,,3907,,,0,85,,3908,,,0,85,,3909,,,0,43,,3910,,,0,85,,3911,,,0,90,,3912,,,0,86,,3913,,,0,83,,3914,,,0,45,,3915,,,0,83,,3916,,,0
2600,'2509-HIV-25l22Vlv-Semaine-00',728,,3917,,,0,85,,3918,,,0,45,,3919,,,0,85,,3920,,,0,84,,3921,,,0,90,,3922,,,0,84,,3923,,,0,42,,3924,,,0,85,,3925,,,0,85,,3926,,,0,43,,3927,,,0,85,,3928,,,0,90,,3929,,,0,86,,3930,,,0,83,,3931,,,0,45,,3932,,,0,83,,3933,,,0
2600,'2509-HIV-26a05H-s-Samedi-00',728,,3934,,,0,85,,3935,,,0,45,,3936,,,0,85,,3937,,,0,84,,3938,,,0,90,,3939,,,0,84,,3940,,,0,42,,3941,,,0,85,,3942,,,0,85,,3943,,,0,43,,3944,,,0,85,,3945,,,0,90,,3946,,,0,86,,3947,,,0,83,,3948,,,0,45,,3949,,,0,83,,3950,,,0
2600,'2509-HIV-26a05H-w-Mercredi-00',707,,3951,,,0,13,,3961,,,0,84,,3962,,,0,16,,3963,,,0,84,,3964,,,0,29,,3965,,,0,95,,3952,,,0,99,,3953,,,0,98,,3954,,,0,27,,3955,,,0,70,,3969,,,0,95,,3970,,,0,111,,3956,,,0,85,,3957,,,0,25,,3966,,,0,71,,3967,,,0,21,,3958,,,0,28,,3959,,,0,72,,3960,,,0,29,,3971,,,0
2600,'2509-HIV-26a05Hlv-L-Ma-J-V-00',707,,3973,,,0,13,,3983,,,0,84,,3984,,,0,16,,3985,,,0,84,,3986,,,0,29,,3987,,,0,95,,3974,,,0,99,,3975,,,0,98,,3976,,,0,27,,3977,,,0,70,,3991,,,0,95,,3992,,,0,111,,3978,,,0,85,,3979,,,0,25,,3988,,,0,71,,3989,,,0,21,,3980,,,0,28,,3981,,,0,72,,3982,,,0,29,,3993,,,0
2600,'2509-HIV-26b23Vlv-Semaine-00',728,,3996,,,0,85,,3997,,,0,45,,3998,,,0,85,,3999,,,0,84,,4000,,,0,90,,4001,,,0,84,,4002,,,0,42,,4003,,,0,85,,4004,,,0,85,,4005,,,0,43,,4006,,,0,85,,4007,,,0,90,,4008,,,0,86,,4009,,,0,83,,4010,,,0,45,,4011,,,0,83,,4012,,,0
2600,'2509-HIV-26c02Vlv-Semaine-00',728,,4013,,,0,85,,4014,,,0,45,,4015,,,0,85,,4016,,,0,84,,4017,,,0,90,,4018,,,0,84,,4019,,,0,42,,4020,,,0,85,,4021,,,0,85,,4022,,,0,43,,4023,,,0,85,,4024,,,0,90,,4025,,,0,86,,4026,,,0,83,,4027,,,0,45,,4028,,,0,83,,4029,,,0
901500,'2509-HIV-25k03H-s-Samedi-00',855,,4463,,,0,60,,4464,,,0,20,,4465,,,0,20,,4466,,,0,60,,4467,,,0,20,,4468,,,0,20,,4469,,,0,60,,4470,,,0,20,,4471,,,0,20,,4472,,,0,60,,4473,,,0,20,,4474,,,0,20,,4475,,,0,60,,4476,,,0,20,,4477,,,0,20,,4478,,,0,60,,4479,,,0,20,,4480,,,0,20,,4481,,,0,80,,4482,,,0,20,,4483,,,0,60,,4484,,,0,20,,4485,,,0,20,,4486,,,0,60,,4487,,,0,20,,4488,,,0,20,,4489,,,0,60,,4490,,,0,20,,4491,,,0,20,,4492,,,0,60,,4493,,,0,20,,4494,,,0
901500,'2509-HIV-25l22Vlv-Semaine-00',855,,4495,,,0,60,,4496,,,0,20,,4497,,,0,20,,4498,,,0,60,,4499,,,0,20,,4500,,,0,20,,4501,,,0,60,,4502,,,0,20,,4503,,,0,20,,4504,,,0,60,,4505,,,0,20,,4506,,,0,20,,4507,,,0,60,,4508,,,0,20,,4509,,,0,20,,4510,,,0,60,,4511,,,0,20,,4512,,,0,20,,4513,,,0,80,,4514,,,0,20,,4515,,,0,60,,4516,,,0,20,,4517,,,0,20,,4518,,,0,60,,4519,,,0,20,,4520,,,0,20,,4521,,,0,60,,4522,,,0,20,,4523,,,0,20,,4524,,,0,60,,4525,,,0,20,,4526,,,0
901500,'2509-HIV-26a05H-s-Samedi-00',855,,4527,,,0,60,,4528,,,0,20,,4529,,,0,20,,4530,,,0,60,,4531,,,0,20,,4532,,,0,20,,4533,,,0,60,,4534,,,0,20,,4535,,,0,20,,4536,,,0,60,,4537,,,0,20,,4538,,,0,20,,4539,,,0,60,,4540,,,0,20,,4541,,,0,20,,4542,,,0,60,,4543,,,0,20,,4544,,,0,20,,4545,,,0,80,,4546,,,0,20,,4547,,,0,60,,4548,,,0,20,,4549,,,0,20,,4550,,,0,60,,4551,,,0,20,,4552,,,0,20,,4553,,,0,60,,4554,,,0,20,,4555,,,0,20,,4556,,,0,60,,4557,,,0,20,,4558,,,0
901500,'2509-HIV-26a05H-w-Mercredi-00',855,,4559,,,0,60,,4560,,,0,20,,4561,,,0,20,,4562,,,0,60,,4563,,,0,20,,4564,,,0,20,,4565,,,0,60,,4566,,,0,20,,4567,,,0,20,,4568,,,0,60,,4569,,,0,20,,4570,,,0,20,,4571,,,0,60,,4572,,,0,20,,4573,,,0,20,,4574,,,0,60,,4575,,,0,20,,4576,,,0,20,,4577,,,0,80,,4578,,,0,20,,4579,,,0,60,,4580,,,0,20,,4581,,,0,20,,4582,,,0,60,,4583,,,0,20,,4584,,,0,20,,4585,,,0,60,,4586,,,0,20,,4587,,,0,20,,4588,,,0,60,,4589,,,0,20,,4590,,,0
901500,'2509-HIV-26a05Hlv-L-Ma-J-V-00',855,,4591,,,0,60,,4592,,,0,20,,4593,,,0,20,,4594,,,0,60,,4595,,,0,20,,4596,,,0,20,,4597,,,0,60,,4598,,,0,20,,4599,,,0,20,,4600,,,0,60,,4601,,,0,20,,4602,,,0,20,,4603,,,0,60,,4604,,,0,20,,4605,,,0,20,,4606,,,0,60,,4607,,,0,20,,4608,,,0,20,,4609,,,0,80,,4610,,,0,20,,4611,,,0,60,,4612,,,0,20,,4613,,,0,20,,4614,,,0,60,,4615,,,0,20,,4616,,,0,20,,4617,,,0,60,,4618,,,0,20,,4619,,,0,20,,4620,,,0,60,,4621,,,0,20,,4622,,,0
901500,'2509-HIV-26b23Vlv-Semaine-00',855,,4623,,,0,60,,4624,,,0,20,,4625,,,0,20,,4626,,,0,60,,4627,,,0,20,,4628,,,0,20,,4629,,,0,60,,4630,,,0,20,,4631,,,0,20,,4632,,,0,60,,4633,,,0,20,,4634,,,0,20,,4635,,,0,60,,4636,,,0,20,,4637,,,0,20,,4638,,,0,60,,4639,,,0,20,,4640,,,0,20,,4641,,,0,80,,4642,,,0,20,,4643,,,0,60,,4644,,,0,20,,4645,,,0,20,,4646,,,0,60,,4647,,,0,20,,4648,,,0,20,,4649,,,0,60,,4650,,,0,20,,4651,,,0,20,,4652,,,0,60,,4653,,,0,20,,4654,,,0
901500,'2509-HIV-26c02Vlv-Semaine-00',855,,4655,,,0,60,,4656,,,0,20,,4657,,,0,20,,4658,,,0,60,,4659,,,0,20,,4660,,,0,20,,4661,,,0,60,,4662,,,0,20,,4663,,,0,20,,4664,,,0,60,,4665,,,0,20,,4666,,,0,20,,4667,,,0,60,,4668,,,0,20,,4669,,,0,20,,4670,,,0,60,,4671,,,0,20,,4672,,,0,20,,4673,,,0,80,,4674,,,0,20,,4675,,,0,60,,4676,,,0,20,,4677,,,0,20,,4678,,,0,60,,4679,,,0,20,,4680,,,0,20,,4681,,,0,60,,4682,,,0,20,,4683,,,0,20,,4684,,,0,60,,4685,,,0,20,,4686,,,0
2000000,'2509-HIV-25j05H-d-Dimanche-00',827,,5888,,,0,80,,5889,,,0,40,,5890,,,0,80,,5891,,,0,80,,5892,,,0,40,,5893,,,0,80,,5894,,,0,80,,5895,,,0,40,,5896,,,0,80,,5897,,,0,80,,5898,,,0,40,,5899,,,0,80,,5900,,,0,80,,5901,,,0,40,,5902,,,0,80,,5903,,,0,80,,5904,,,0,40,,5905,,,0
2000000,'2509-HIV-25j26H-d-Dimanche-00',827,,5906,,,0,80,,5907,,,0,40,,5908,,,0,80,,5909,,,0,80,,5910,,,0,40,,5911,,,0,80,,5912,,,0,80,,5913,,,0,40,,5914,,,0,80,,5915,,,0,80,,5916,,,0,40,,5917,,,0,80,,5918,,,0,80,,5919,,,0,40,,5920,,,0,80,,5921,,,0,80,,5922,,,0,40,,5923,,,0
2000000,'2509-HIV-25k03H-s-Samedi-00',650,,5924,,,0,81,,5925,,,0,79,,5926,,,0,30,,5927,,,0,60,,5928,,,0,20,,5929,,,0,18,,5930,,,0,18,,5931,,,0,60,,5932,,,0,20,,5933,,,0,18,,5934,,,0,59,,5935,,,0,19,,5936,,,0,20,,5937,,,0,58,,5938,,,0,19,,5939,,,0,18,,5940,,,0,59,,5941,,,0,19,,5942,,,0,19,,5943,,,0,58,,5944,,,0,19,,5945,,,0,20,,5946,,,0,60,,5947,,,0,19,,5948,,,0,19,,5949,,,0,20,,5950,,,0,60,,5951,,,0,20,,5952,,,0,61,,5953,,,0,19,,5954,,,0,20,,5955,,,0,20,,5956,,,0,60,,5957,,,0,18,,5958,,,0,20,,5959,,,0,64,,5960,,,0,24,,5961,,,0,65,,5962,,,0,24,,5963,,,0,25,,5964,,,0
2000000,'2509-HIV-25l22Vlv-Semaine-00',653,,5970,,,0,63,,5967,,,0,17,,5972,,,0,15,,5965,,,0,55,,5969,,,0,15,,5966,,,0,15,,5971,,,0,15,,5968,,,0,55,,5973,,,0,15,,5974,,,0,14,,5975,,,0,15,,5976,,,0,55,,5977,,,0,15,,5978,,,0,15,,5979,,,0,15,,5980,,,0,55,,5981,,,0,15,,5982,,,0,15,,5983,,,0,15,,5984,,,0,55,,5985,,,0,15,,5986,,,0,15,,5987,,,0,15,,5988,,,0,55,,5989,,,0,15,,5990,,,0,15,,5991,,,0,15,,5992,,,0,55,,5993,,,0,15,,5994,,,0,15,,5995,,,0,15,,5996,,,0,55,,5997,,,0,15,,5998,,,0,15,,5999,,,0,15,,6000,,,0,55,,6001,,,0,15,,6002,,,0,15,,6003,,,0,16,,6004,,,0,55,,6005,,,0,15,,6006,,,0,15,,6007,,,0,15,,6008,,,0,55,,6009,,,0,15,,6010,,,0,15,,6011,,,0,15,,6012,,,0,55,,6013,,,0,20,,6016,,,0,20,,6017,,,0,60,,6018,,,0,20,,6019,,,0,20,,6014,,,0,60,,6015,,,0
2000000,'2509-HIV-26a05H-s-Samedi-00',650,,6020,,,0,81,,6021,,,0,79,,6022,,,0,30,,6023,,,0,60,,6024,,,0,20,,6025,,,0,18,,6026,,,0,18,,6027,,,0,60,,6028,,,0,20,,6029,,,0,18,,6030,,,0,59,,6031,,,0,19,,6032,,,0,20,,6033,,,0,58,,6034,,,0,19,,6035,,,0,18,,6036,,,0,59,,6037,,,0,19,,6038,,,0,19,,6039,,,0,58,,6040,,,0,19,,6041,,,0,20,,6042,,,0,60,,6043,,,0,19,,6044,,,0,19,,6045,,,0,20,,6046,,,0,60,,6047,,,0,20,,6048,,,0,61,,6049,,,0,19,,6050,,,0,20,,6051,,,0,20,,6052,,,0,60,,6053,,,0,18,,6054,,,0,20,,6055,,,0,64,,6056,,,0,24,,6057,,,0,65,,6058,,,0,24,,6059,,,0,25,,6060,,,0
2000000,'2509-HIV-26a05H-w-Mercredi-00',653,,6097,,,0,62,,6079,,,0,17,,6107,,,0,16,,6063,,,0,55,,6090,,,0,15,,6072,,,0,15,,6099,,,0,15,,6082,,,0,56,,6110,,,0,16,,6064,,,0,16,,6095,,,0,16,,6073,,,0,56,,6100,,,0,15,,6080,,,0,16,,6108,,,0,16,,6065,,,0,56,,6096,,,0,15,,6074,,,0,16,,6101,,,0,16,,6081,,,0,54,,6111,,,0,15,,6066,,,0,16,,6089,,,0,16,,6075,,,0,55,,6098,,,0,15,,6083,,,0,15,,6109,,,0,15,,6068,,,0,55,,6091,,,0,15,,6078,,,0,15,,6103,,,0,15,,6084,,,0,55,,6112,,,0,15,,6069,,,0,15,,6092,,,0,56,,6077,,,0,15,,6102,,,0,15,,6085,,,0,16,,6061,,,0,55,,6113,,,0,18,,6067,,,0,14,,6094,,,0,16,,6076,,,0,55,,6104,,,0,15,,6087,,,0,13,,6062,,,0,14,,6114,,,0,54,,6070,,,0,14,,6093,,,0,14,,6105,,,0,19,,6086,,,0,61,,6115,,,0,20,,6071,,,0,19,,6106,,,0,61,,6088,,,0
2000000,'2509-HIV-26a05H-w-Mercredi-00-0010000',1225,,6117,0,6 7,0,5,,6116,0,6 7,0
2000000,'2509-HIV-26a05Hlv-L-Ma-J-V-00',653,,6154,,,0,62,,6136,,,0,17,,6164,,,0,16,,6120,,,0,55,,6147,,,0,15,,6129,,,0,15,,6156,,,0,15,,6139,,,0,56,,6167,,,0,16,,6121,,,0,16,,6152,,,0,16,,6130,,,0,56,,6157,,,0,15,,6137,,,0,16,,6165,,,0,16,,6122,,,0,56,,6153,,,0,15,,6131,,,0,16,,6158,,,0,16,,6138,,,0,54,,6168,,,0,15,,6123,,,0,16,,6146,,,0,16,,6132,,,0,55,,6155,,,0,15,,6140,,,0,15,,6166,,,0,15,,6125,,,0,55,,6148,,,0,15,,6135,,,0,15,,6160,,,0,15,,6141,,,0,55,,6169,,,0,15,,6126,,,0,15,,6149,,,0,56,,6134,,,0,15,,6159,,,0,15,,6142,,,0,16,,6118,,,0,55,,6170,,,0,18,,6124,,,0,14,,6151,,,0,16,,6133,,,0,55,,6161,,,0,15,,6144,,,0,13,,6119,,,0,14,,6171,,,0,54,,6127,,,0,14,,6150,,,0,14,,6162,,,0,19,,6143,,,0,61,,6172,,,0,20,,6128,,,0,19,,6163,,,0,61,,6145,,,0
2000000,'2509-HIV-26a05Hlv-L-Ma-J-V-00-1101100',1607,,6175,0,6 7,0,109,,6174,0,6 7,0,97,,6173,0,6 7,0
2000000,'2509-HIV-26b23Vlv-Semaine-00',653,,6181,,,0,63,,6178,,,0,17,,6183,,,0,15,,6176,,,0,55,,6180,,,0,15,,6177,,,0,15,,6182,,,0,15,,6179,,,0,55,,6184,,,0,15,,6185,,,0,14,,6186,,,0,15,,6187,,,0,55,,6188,,,0,15,,6189,,,0,15,,6190,,,0,15,,6191,,,0,55,,6192,,,0,15,,6193,,,0,15,,6194,,,0,15,,6195,,,0,55,,6196,,,0,15,,6197,,,0,15,,6198,,,0,15,,6199,,,0,55,,6200,,,0,15,,6201,,,0,15,,6202,,,0,15,,6203,,,0,55,,6204,,,0,15,,6205,,,0,15,,6206,,,0,15,,6207,,,0,55,,6208,,,0,15,,6209,,,0,15,,6210,,,0,15,,6211,,,0,55,,6212,,,0,15,,6213,,,0,15,,6214,,,0,16,,6215,,,0,55,,6216,,,0,15,,6217,,,0,15,,6218,,,0,15,,6219,,,0,55,,6220,,,0,15,,6221,,,0,15,,6222,,,0,15,,6223,,,0,55,,6224,,,0,20,,6227,,,0,20,,6228,,,0,60,,6229,,,0,20,,6230,,,0,20,,6225,,,0,60,,6226,,,0
2000000,'2509-HIV-26c02Vlv-Semaine-00',653,,6236,,,0,63,,6233,,,0,17,,6238,,,0,15,,6231,,,0,55,,6235,,,0,15,,6232,,,0,15,,6237,,,0,15,,6234,,,0,55,,6239,,,0,15,,6240,,,0,14,,6241,,,0,15,,6242,,,0,55,,6243,,,0,15,,6244,,,0,15,,6245,,,0,15,,6246,,,0,55,,6247,,,0,15,,6248,,,0,15,,6249,,,0,15,,6250,,,0,55,,6251,,,0,15,,6252,,,0,15,,6253,,,0,15,,6254,,,0,55,,6255,,,0,15,,6256,,,0,15,,6257,,,0,15,,6258,,,0,55,,6259,,,0,15,,6260,,,0,15,,6261,,,0,15,,6262,,,0,55,,6263,,,0,15,,6264,,,0,15,,6265,,,0,15,,6266,,,0,55,,6267,,,0,15,,6268,,,0,15,,6269,,,0,16,,6270,,,0,55,,6271,,,0,15,,6272,,,0,15,,6273,,,0,15,,6274,,,0,55,,6275,,,0,15,,6276,,,0,15,,6277,,,0,15,,6278,,,0,55,,6279,,,0,20,,6282,,,0,20,,6283,,,0,60,,6284,,,0,20,,6285,,,0,20,,6280,,,0,60,,6281,,,0
3000000,'2509-HIV-25j05H-d-Dimanche-00',803,,6684,,,0,130,,6685,,,0,170,,6692,,,0,130,,6691,,,0,170,,6690,,,0,130,,6688,,,0,170,,6689,,,0,129,,6687,,,0,170,,6686,,,0
3000000,'2509-HIV-25j26H-d-Dimanche-00',803,,6699,,,0,130,,6700,,,0,170,,6701,,,0,130,,6702,,,0,170,,6703,,,0,130,,6704,,,0,170,,6705,,,0,129,,6706,,,0,170,,6707,,,0
3000000,'2509-HIV-25k03H-s-Samedi-00',642,,6708,,,0,81,,6709,,,0,81,,6710,,,0,30,,6711,,,0,20,,6712,,,0,60,,6713,,,0,20,,6714,,,0,20,,6715,,,0,60,,6716,,,0,20,,6717,,,0,20,,6718,,,0,59,,6719,,,0,20,,6720,,,0,20,,6721,,,0,60,,6722,,,0,19,,6723,,,0,20,,6724,,,0,60,,6725,,,0,20,,6726,,,0,20,,6727,,,0,61,,6728,,,0,20,,6729,,,0,20,,6730,,,0,60,,6731,,,0,20,,6732,,,0,20,,6733,,,0,60,,6734,,,0,20,,6735,,,0,21,,6736,,,0,60,,6737,,,0,20,,6738,,,0,20,,6739,,,0,59,,6740,,,0,20,,6741,,,0,19,,6742,,,0,70,,6743,,,0,30,,6744,,,0,70,,6745,,,0,29,,6746,,,0
3000000,'2509-HIV-25l22Vlv-Semaine-00',638,,6788,,,0,20,,6787,,,0,60,,6747,,,0,20,,6748,,,0,20,,6749,,,0,60,,6750,,,0,20,,6751,,,0,21,,6752,,,0,60,,6753,,,0,19,,6754,,,0,21,,6755,,,0,60,,6756,,,0,20,,6757,,,0,20,,6758,,,0,60,,6759,,,0,20,,6760,,,0,20,,6761,,,0,59,,6762,,,0,20,,6763,,,0,20,,6764,,,0,61,,6765,,,0,20,,6766,,,0,20,,6767,,,0,60,,6768,,,0,19,,6769,,,0,20,,6770,,,0,60,,6771,,,0,20,,6772,,,0,20,,6773,,,0,59,,6774,,,0,20,,6775,,,0,22,,6776,,,0,60,,6777,,,0,21,,6778,,,0,60,,6779,,,0,20,,6780,,,0,19,,6781,,,0,19,,6782,,,0,58,,6783,,,0,29,,6784,,,0,73,,6785,,,0,33,,6786,,,0
3000000,'2509-HIV-26a05H-s-Samedi-00',642,,6789,,,0,81,,6790,,,0,81,,6791,,,0,30,,6792,,,0,20,,6793,,,0,60,,6794,,,0,20,,6795,,,0,20,,6796,,,0,60,,6797,,,0,20,,6798,,,0,20,,6799,,,0,59,,6800,,,0,20,,6801,,,0,20,,6802,,,0,60,,6803,,,0,19,,6804,,,0,20,,6805,,,0,60,,6806,,,0,20,,6807,,,0,20,,6808,,,0,61,,6809,,,0,20,,6810,,,0,20,,6811,,,0,60,,6812,,,0,20,,6813,,,0,20,,6814,,,0,60,,6815,,,0,20,,6816,,,0,21,,6817,,,0,60,,6818,,,0,20,,6819,,,0,20,,6820,,,0,59,,6821,,,0,20,,6822,,,0,19,,6823,,,0,70,,6824,,,0,30,,6825,,,0,70,,6826,,,0,29,,6827,,,0
3000000,'2509-HIV-26a05H-w-Mercredi-00',638,,6869,,,0,19,,6868,,,0,60,,6828,,,0,21,,6829,,,0,20,,6830,,,0,60,,6831,,,0,20,,6832,,,0,62,,6833,,,0,20,,6834,,,0,20,,6835,,,0,60,,6836,,,0,18,,6837,,,0,21,,6838,,,0,20,,6839,,,0,60,,6840,,,0,20,,6841,,,0,20,,6842,,,0,60,,6843,,,0,22,,6844,,,0,59,,6845,,,0,20,,6846,,,0,19,,6847,,,0,20,,6848,,,0,61,,6849,,,0,20,,6850,,,0,60,,6851,,,0,20,,6852,,,0,19,,6853,,,0,19,,6854,,,0,57,,6855,,,0,19,,6856,,,0,18,,6857,,,0,60,,6858,,,0,21,,6859,,,0,21,,6860,,,0,61,,6861,,,0,22,,6862,,,0,20,,6863,,,0,60,,6864,,,0,29,,6865,,,0,73,,6866,,,0,33,,6867,,,0
3000000,'2509-HIV-26a05Hlv-L-Ma-J-V-00',638,,6915,,,0,19,,6914,,,0,60,,6874,,,0,21,,6875,,,0,20,,6876,,,0,60,,6877,,,0,20,,6878,,,0,62,,6879,,,0,20,,6880,,,0,20,,6881,,,0,60,,6882,,,0,18,,6883,,,0,21,,6884,,,0,20,,6885,,,0,60,,6886,,,0,20,,6887,,,0,20,,6888,,,0,60,,6889,,,0,22,,6890,,,0,59,,6891,,,0,20,,6892,,,0,19,,6893,,,0,20,,6894,,,0,61,,6895,,,0,20,,6896,,,0,60,,6897,,,0,20,,6898,,,0,19,,6899,,,0,19,,6900,,,0,57,,6901,,,0,19,,6902,,,0,18,,6903,,,0,60,,6904,,,0,21,,6905,,,0,21,,6906,,,0,61,,6907,,,0,22,,6908,,,0,20,,6909,,,0,60,,6910,,,0,29,,6911,,,0,73,,6912,,,0,33,,6913,,,0
3000000,'2509-HIV-26b23Vlv-Semaine-00',638,,6961,,,0,20,,6960,,,0,60,,6920,,,0,20,,6921,,,0,20,,6922,,,0,60,,6923,,,0,20,,6924,,,0,21,,6925,,,0,60,,6926,,,0,19,,6927,,,0,21,,6928,,,0,60,,6929,,,0,20,,6930,,,0,20,,6931,,,0,60,,6932,,,0,20,,6933,,,0,20,,6934,,,0,59,,6935,,,0,20,,6936,,,0,20,,6937,,,0,61,,6938,,,0,20,,6939,,,0,20,,6940,,,0,60,,6941,,,0,19,,6942,,,0,20,,6943,,,0,60,,6944,,,0,20,,6945,,,0,20,,6946,,,0,59,,6947,,,0,20,,6948,,,0,22,,6949,,,0,60,,6950,,,0,21,,6951,,,0,60,,6952,,,0,20,,6953,,,0,19,,6954,,,0,19,,6955,,,0,58,,6956,,,0,29,,6957,,,0,73,,6958,,,0,33,,6959,,,0
3000000,'2509-HIV-26c02Vlv-Semaine-00',638,,7003,,,0,20,,7002,,,0,60,,6962,,,0,20,,6963,,,0,20,,6964,,,0,60,,6965,,,0,20,,6966,,,0,21,,6967,,,0,60,,6968,,,0,19,,6969,,,0,21,,6970,,,0,60,,6971,,,0,20,,6972,,,0,20,,6973,,,0,60,,6974,,,0,20,,6975,,,0,20,,6976,,,0,59,,6977,,,0,20,,6978,,,0,20,,6979,,,0,61,,6980,,,0,20,,6981,,,0,20,,6982,,,0,60,,6983,,,0,19,,6984,,,0,20,,6985,,,0,60,,6986,,,0,20,,6987,,,0,20,,6988,,,0,59,,6989,,,0,20,,6990,,,0,22,,6991,,,0,60,,6992,,,0,21,,6993,,,0,60,,6994,,,0,20,,6995,,,0,19,,6996,,,0,19,,6997,,,0,58,,6998,,,0,29,,6999,,,0,73,,7000,,,0,33,,7001,,,0
