501,'0_5',926,,31592,10,,,0,105,,31593,10,,,0,100,,31594,10,,,0,86,,31595,10,,,0,95,,31596,10,,,0,98,,31597,10,,,0,102,,31598,10,,,0,101,,31599,10,,,0,25,,31601,10,0,13,0,81,,31600,10,,,0,29,,31602,10,0,13,0,75,,31604,10,,,0,19,,31603,10,0,13,0,109,,31605,10,,,0
501,'2_6',818,,31618,10,,,0,101,,31619,10,,,0,100,,31620,10,,,0,100,,31621,10,,,0,100,,31622,10,,,0,94,,31623,10,,,0,99,,31624,10,,,0,100,,31625,10,,,0,100,,31626,10,,,0,101,,31627,10,,,0,99,,31628,10,,,0,189,,31629,10,,,0
501,'5_1',926,,37585,10,,,0,105,,37586,10,,,0,100,,37587,10,,,0,86,,37588,10,,,0,95,,37589,10,,,0,98,,37590,10,,,0,102,,37591,10,,,0,101,,37592,10,,,0,106,,37593,10,,,0,104,,37594,10,,,0,128,,37595,10,,,0
501,'5_2',926,,39657,10,,,0,105,,39658,10,,,0,100,,39659,10,,,0,86,,39660,10,,,0,95,,39661,10,,,0,98,,39662,10,,,0,102,,39663,10,,,0,101,,39664,10,,,0,106,,39665,10,,,0,104,,39666,10,,,0,128,,39667,10,,,0
501,'5_3',926,,39668,10,,,0,105,,39669,10,,,0,100,,39670,10,,,0,86,,39671,10,,,0,95,,39672,10,,,0,98,,39673,10,,,0,102,,39674,10,,,0,101,,39675,10,,,0,106,,39676,10,,,0,104,,39677,10,,,0,128,,39678,10,,,0
501,'5_4',926,,39679,10,,,0,105,,39680,10,,,0,100,,39681,10,,,0,86,,39682,10,,,0,95,,39683,10,,,0,98,,39684,10,,,0,102,,39685,10,,,0,101,,39686,10,,,0,106,,39687,10,,,0,104,,39688,10,,,0,128,,39689,10,,,0
501,'5_5',926,,39690,10,,,0,105,,39691,10,,,0,100,,39692,10,,,0,86,,39693,10,,,0,95,,39694,10,,,0,98,,39695,10,,,0,102,,39696,10,,,0,101,,39697,10,,,0,106,,39698,10,,,0,104,,39699,10,,,0,128,,39700,10,,,0
501,'6_1',926,,39701,10,,,0,105,,39702,10,,,0,100,,39703,10,,,0,86,,39704,10,,,0,95,,39705,10,,,0,98,,39706,10,,,0,102,,39707,10,,,0,101,,39708,10,,,0,106,,39709,10,,,0,104,,39710,10,,,0,128,,39711,10,,,0
1000001,'0_5',549,,34983,15,,,0,60,,34984,15,,,0,20,,34985,15,,,0,20,,34986,15,,,0,60,,34987,15,,,0,10,,35067,15,,,0,10,,35068,15,,,0,10,,35018,21,,,0,10,,35019,21,,,0,10,,35020,21,,,0,51,,35021,21,,,0,10,,35022,21,,,0,9,,35023,21,,,0,10,,35024,21,,,0,10,,35025,21,,,0,10,,35026,21,,,0,50,,35027,21,,,0,10,,35028,21,,,0,11,,35029,21,,,0,11,,34988,15,,,0,11,,34989,21,,,0,50,,34990,15,,,0,10,,34991,21,,,0,11,,34992,15,,,0,11,,35030,21,,,0,11,,34993,15,,,0,11,,34994,21,,,0,50,,34995,15,,,0,11,,34996,21,,,0,10,,34997,15,,,0,11,,35031,21,,,0,10,,34998,15,,,0,11,,34999,21,,,0,50,,35000,15,,,0,9,,35001,21,,,0,10,,35032,15,,,0,10,,35033,21,,,0,10,,35034,15,,,0,10,,35035,21,,,0,50,,35036,15,,,0,10,,35037,21,,,0,10,,35038,15,,,0,9,,35039,21,,,0,10,,35040,15,,,0,10,,35041,21,,,0,50,,35042,15,,,0,10,,35043,21,,,0,10,,35044,15,,,0,10,,35002,21,,,0,10,,35003,15,,,0,9,,35045,21,,,0,50,,35004,15,,,0,10,,35005,21,,,0,11,,35006,15,,,0,11,,35046,21,,,0,11,,35007,15,,,0,51,,35008,21,,,0,11,,35009,15,,,0,10,,35010,21,,,0,9,,35011,21,,,0,10,,35047,21,,,0,10,,35048,21,,,0,50,,35049,21,,,0,11,,35050,21,,,0,11,,35051,21,,,0,11,,35052,21,,,0,10,,35053,21,,,0,10,,35054,21,,,0,50,,35055,21,,,0,10,,35056,21,,,0,10,,35057,21,,,0,8,,35058,21,,,0,9,,35059,21,,,0,9,,35060,21,,,0,8,,35061,21,,,0,49,,35062,15,,,0,9,,35063,21,,,0,10,,35064,15,,,0,13,,35066,21,,,0,19,,35065,21,,,0,60,,35012,15,,,0,20,,35013,15,,,0,20,,35014,15,,,0,60,,35015,15,,,0,20,,35016,15,,,0,20,,35017,15,,,0
1000001,'2_6',549,,35155,15,,,0,81,,35156,15,,,0,80,,35157,15,,,0,30,,35158,15,,,0,69,,35159,21,,,0,29,,35160,21,,,0,15,,35161,15,,,0,55,,35162,15,,,0,15,,35163,21,,,0,15,,35164,15,,,0,15,,35165,15,,,0,55,,35166,21,,,0,16,,35167,15,,,0,15,,35168,15,,,0,16,,35169,21,,,0,55,,35170,15,,,0,15,,35171,15,,,0,16,,35172,21,,,0,15,,35173,15,,,0,56,,35174,15,,,0,15,,35175,21,,,0,14,,35176,15,,,0,16,,35177,15,,,0,56,,35178,21,,,0,9,,35179,15,,,0,10,,35180,15,,,0,8,,35181,15,,,0,10,,35183,15,,,0,50,,35182,21,,,0,10,,35184,15,,,0,11,,35185,15,,,0,12,,35186,21,,,0,10,,35187,15,,,0,9,,35188,15,,,0,50,,35189,15,,,0,11,,35190,21,,,0,10,,35191,15,,,0,10,,35192,15,,,0,11,,35193,15,,,0,11,,35194,21,,,0,49,,35195,15,,,0,10,,35196,15,,,0,10,,35197,15,,,0,12,,35198,21,,,0,9,,35199,15,,,0,9,,35200,15,,,0,49,,35201,15,,,0,10,,35203,15,,,0,9,,35202,21,,,0,10,,35204,15,,,0,10,,35205,15,,,0,10,,35207,15,,,0,50,,35206,21,,,0,9,,35208,15,,,0,9,,35209,15,,,0,9,,35211,15,,,0,10,,35210,21,,,0,10,,35212,15,,,0,53,,35213,15,,,0,19,,35214,21,,,0,17,,35215,15,,,0,21,,35216,15,,,0,61,,35217,15,,,0,17,,35218,15,,,0,19,,35219,15,,,0,60,,35220,15,,,0,20,,35221,15,,,0,20,,35222,15,,,0
1000001,'3_7',818,,35223,15,,,0,40,,35224,15,,,0,80,,35225,15,,,0,80,,35226,15,,,0,40,,35227,15,,,0,80,,35228,15,,,0,80,,35229,15,,,0,40,,35230,15,,,0,80,,35231,15,,,0,80,,35232,15,,,0,40,,35233,15,,,0,80,,35234,15,,,0,80,,35235,15,,,0,40,,35236,15,,,0,80,,35237,15,,,0,80,,35238,15,,,0,40,,35239,15,,,0,80,,35240,15,,,0
1000001,'5_1',549,,37980,15,,,0,60,,37981,15,,,0,20,,37982,15,,,0,20,,37983,15,,,0,60,,37984,15,,,0,10,,38064,15,,,0,11,,38065,15,,,0,10,,38015,21,,,0,10,,38016,21,,,0,50,,38017,21,,,0,10,,38018,21,,,0,10,,38019,21,,,0,10,,38020,21,,,0,10,,38021,21,,,0,10,,38022,21,,,0,9,,38023,21,,,0,50,,38024,21,,,0,11,,38025,21,,,0,10,,38026,21,,,0,11,,37985,15,,,0,11,,37986,21,,,0,50,,37987,15,,,0,10,,37988,21,,,0,10,,37989,15,,,0,11,,38027,21,,,0,11,,37990,15,,,0,11,,37991,21,,,0,51,,37992,15,,,0,11,,37993,21,,,0,10,,37994,15,,,0,11,,38028,21,,,0,11,,37995,15,,,0,51,,37996,21,,,0,10,,37997,15,,,0,10,,37998,21,,,0,8,,38029,15,,,0,10,,38030,21,,,0,9,,38031,15,,,0,10,,38032,21,,,0,50,,38033,15,,,0,10,,38034,21,,,0,11,,38035,15,,,0,9,,38036,21,,,0,10,,38037,15,,,0,9,,38038,21,,,0,50,,38039,15,,,0,10,,38040,21,,,0,10,,38041,15,,,0,10,,37999,21,,,0,10,,38000,15,,,0,10,,38042,21,,,0,50,,38001,15,,,0,10,,38002,21,,,0,11,,38003,15,,,0,10,,38043,21,,,0,11,,38004,15,,,0,11,,38005,21,,,0,51,,38006,15,,,0,10,,38007,21,,,0,10,,38008,21,,,0,10,,38044,21,,,0,10,,38045,21,,,0,50,,38046,21,,,0,10,,38047,21,,,0,10,,38048,21,,,0,10,,38049,21,,,0,11,,38050,21,,,0,10,,38051,21,,,0,50,,38052,21,,,0,10,,38053,21,,,0,10,,38054,21,,,0,9,,38055,21,,,0,9,,38056,21,,,0,9,,38057,21,,,0,9,,38058,21,,,0,49,,38059,15,,,0,10,,38060,21,,,0,10,,38061,15,,,0,13,,38063,21,,,0,19,,38062,21,,,0,60,,38009,15,,,0,20,,38010,15,,,0,19,,38011,15,,,0,60,,38012,15,,,0,20,,38013,15,,,0,20,,38014,15,,,0
1000001,'5_2',549,,41635,15,,,0,60,,41636,15,,,0,20,,41637,15,,,0,20,,41638,15,,,0,60,,41639,15,,,0,10,,41719,15,,,0,11,,41720,15,,,0,10,,41670,21,,,0,10,,41671,21,,,0,50,,41672,21,,,0,10,,41673,21,,,0,10,,41674,21,,,0,10,,41675,21,,,0,10,,41676,21,,,0,10,,41677,21,,,0,9,,41678,21,,,0,50,,41679,21,,,0,11,,41680,21,,,0,10,,41681,21,,,0,11,,41640,15,,,0,11,,41641,21,,,0,50,,41642,15,,,0,10,,41643,21,,,0,10,,41644,15,,,0,11,,41682,21,,,0,11,,41645,15,,,0,11,,41646,21,,,0,51,,41647,15,,,0,11,,41648,21,,,0,10,,41649,15,,,0,11,,41683,21,,,0,11,,41650,15,,,0,51,,41651,21,,,0,10,,41652,15,,,0,10,,41653,21,,,0,8,,41684,15,,,0,10,,41685,21,,,0,9,,41686,15,,,0,10,,41687,21,,,0,50,,41688,15,,,0,10,,41689,21,,,0,11,,41690,15,,,0,9,,41691,21,,,0,10,,41692,15,,,0,9,,41693,21,,,0,50,,41694,15,,,0,10,,41695,21,,,0,10,,41696,15,,,0,10,,41654,21,,,0,10,,41655,15,,,0,10,,41697,21,,,0,50,,41656,15,,,0,10,,41657,21,,,0,11,,41658,15,,,0,10,,41698,21,,,0,11,,41659,15,,,0,11,,41660,21,,,0,51,,41661,15,,,0,10,,41662,21,,,0,10,,41663,21,,,0,10,,41699,21,,,0,10,,41700,21,,,0,50,,41701,21,,,0,10,,41702,21,,,0,10,,41703,21,,,0,10,,41704,21,,,0,11,,41705,21,,,0,10,,41706,21,,,0,50,,41707,21,,,0,10,,41708,21,,,0,10,,41709,21,,,0,9,,41710,21,,,0,9,,41711,21,,,0,9,,41712,21,,,0,9,,41713,21,,,0,49,,41714,15,,,0,10,,41715,21,,,0,10,,41716,15,,,0,13,,41718,21,,,0,19,,41717,21,,,0,60,,41664,15,,,0,20,,41665,15,,,0,19,,41666,15,,,0,60,,41667,15,,,0,20,,41668,15,,,0,20,,41669,15,,,0
1000001,'5_3',549,,41721,15,,,0,60,,41722,15,,,0,20,,41723,15,,,0,20,,41724,15,,,0,60,,41725,15,,,0,10,,41805,15,,,0,11,,41806,15,,,0,10,,41756,21,,,0,10,,41757,21,,,0,50,,41758,21,,,0,10,,41759,21,,,0,10,,41760,21,,,0,10,,41761,21,,,0,10,,41762,21,,,0,10,,41763,21,,,0,9,,41764,21,,,0,50,,41765,21,,,0,11,,41766,21,,,0,10,,41767,21,,,0,11,,41726,15,,,0,11,,41727,21,,,0,50,,41728,15,,,0,10,,41729,21,,,0,10,,41730,15,,,0,11,,41768,21,,,0,11,,41731,15,,,0,11,,41732,21,,,0,51,,41733,15,,,0,11,,41734,21,,,0,10,,41735,15,,,0,11,,41769,21,,,0,11,,41736,15,,,0,51,,41737,21,,,0,10,,41738,15,,,0,10,,41739,21,,,0,8,,41770,15,,,0,10,,41771,21,,,0,9,,41772,15,,,0,10,,41773,21,,,0,50,,41774,15,,,0,10,,41775,21,,,0,11,,41776,15,,,0,9,,41777,21,,,0,10,,41778,15,,,0,9,,41779,21,,,0,50,,41780,15,,,0,10,,41781,21,,,0,10,,41782,15,,,0,10,,41740,21,,,0,10,,41741,15,,,0,10,,41783,21,,,0,50,,41742,15,,,0,10,,41743,21,,,0,11,,41744,15,,,0,10,,41784,21,,,0,11,,41745,15,,,0,11,,41746,21,,,0,51,,41747,15,,,0,10,,41748,21,,,0,10,,41749,21,,,0,10,,41785,21,,,0,10,,41786,21,,,0,50,,41787,21,,,0,10,,41788,21,,,0,10,,41789,21,,,0,10,,41790,21,,,0,11,,41791,21,,,0,10,,41792,21,,,0,50,,41793,21,,,0,10,,41794,21,,,0,10,,41795,21,,,0,9,,41796,21,,,0,9,,41797,21,,,0,9,,41798,21,,,0,9,,41799,21,,,0,49,,41800,15,,,0,10,,41801,21,,,0,10,,41802,15,,,0,13,,41804,21,,,0,19,,41803,21,,,0,60,,41750,15,,,0,20,,41751,15,,,0,19,,41752,15,,,0,60,,41753,15,,,0,20,,41754,15,,,0,20,,41755,15,,,0
1000001,'5_4',549,,41807,15,,,0,60,,41808,15,,,0,20,,41809,15,,,0,20,,41810,15,,,0,60,,41811,15,,,0,10,,41891,15,,,0,11,,41892,15,,,0,10,,41842,21,,,0,10,,41843,21,,,0,50,,41844,21,,,0,10,,41845,21,,,0,10,,41846,21,,,0,10,,41847,21,,,0,10,,41848,21,,,0,10,,41849,21,,,0,9,,41850,21,,,0,50,,41851,21,,,0,11,,41852,21,,,0,10,,41853,21,,,0,11,,41812,15,,,0,11,,41813,21,,,0,50,,41814,15,,,0,10,,41815,21,,,0,10,,41816,15,,,0,11,,41854,21,,,0,11,,41817,15,,,0,11,,41818,21,,,0,51,,41819,15,,,0,11,,41820,21,,,0,10,,41821,15,,,0,11,,41855,21,,,0,11,,41822,15,,,0,51,,41823,21,,,0,10,,41824,15,,,0,10,,41825,21,,,0,8,,41856,15,,,0,10,,41857,21,,,0,9,,41858,15,,,0,10,,41859,21,,,0,50,,41860,15,,,0,10,,41861,21,,,0,11,,41862,15,,,0,9,,41863,21,,,0,10,,41864,15,,,0,9,,41865,21,,,0,50,,41866,15,,,0,10,,41867,21,,,0,10,,41868,15,,,0,10,,41826,21,,,0,10,,41827,15,,,0,10,,41869,21,,,0,50,,41828,15,,,0,10,,41829,21,,,0,11,,41830,15,,,0,10,,41870,21,,,0,11,,41831,15,,,0,11,,41832,21,,,0,51,,41833,15,,,0,10,,41834,21,,,0,10,,41835,21,,,0,10,,41871,21,,,0,10,,41872,21,,,0,50,,41873,21,,,0,10,,41874,21,,,0,10,,41875,21,,,0,10,,41876,21,,,0,11,,41877,21,,,0,10,,41878,21,,,0,50,,41879,21,,,0,10,,41880,21,,,0,10,,41881,21,,,0,9,,41882,21,,,0,9,,41883,21,,,0,9,,41884,21,,,0,9,,41885,21,,,0,49,,41886,15,,,0,10,,41887,21,,,0,10,,41888,15,,,0,13,,41890,21,,,0,19,,41889,21,,,0,60,,41836,15,,,0,20,,41837,15,,,0,19,,41838,15,,,0,60,,41839,15,,,0,20,,41840,15,,,0,20,,41841,15,,,0
1000001,'5_5',549,,41893,15,,,0,60,,41894,15,,,0,20,,41895,15,,,0,20,,41896,15,,,0,60,,41897,15,,,0,10,,41977,15,,,0,11,,41978,15,,,0,10,,41928,21,,,0,10,,41929,21,,,0,50,,41930,21,,,0,10,,41931,21,,,0,10,,41932,21,,,0,10,,41933,21,,,0,10,,41934,21,,,0,10,,41935,21,,,0,9,,41936,21,,,0,50,,41937,21,,,0,11,,41938,21,,,0,10,,41939,21,,,0,11,,41898,15,,,0,11,,41899,21,,,0,50,,41900,15,,,0,10,,41901,21,,,0,10,,41902,15,,,0,11,,41940,21,,,0,11,,41903,15,,,0,11,,41904,21,,,0,51,,41905,15,,,0,11,,41906,21,,,0,10,,41907,15,,,0,11,,41941,21,,,0,11,,41908,15,,,0,51,,41909,21,,,0,10,,41910,15,,,0,10,,41911,21,,,0,8,,41942,15,,,0,10,,41943,21,,,0,9,,41944,15,,,0,10,,41945,21,,,0,50,,41946,15,,,0,10,,41947,21,,,0,11,,41948,15,,,0,9,,41949,21,,,0,10,,41950,15,,,0,9,,41951,21,,,0,50,,41952,15,,,0,10,,41953,21,,,0,10,,41954,15,,,0,10,,41912,21,,,0,10,,41913,15,,,0,10,,41955,21,,,0,50,,41914,15,,,0,10,,41915,21,,,0,11,,41916,15,,,0,10,,41956,21,,,0,11,,41917,15,,,0,11,,41918,21,,,0,51,,41919,15,,,0,10,,41920,21,,,0,10,,41921,21,,,0,10,,41957,21,,,0,10,,41958,21,,,0,50,,41959,21,,,0,10,,41960,21,,,0,10,,41961,21,,,0,10,,41962,21,,,0,11,,41963,21,,,0,10,,41964,21,,,0,50,,41965,21,,,0,10,,41966,21,,,0,10,,41967,21,,,0,9,,41968,21,,,0,9,,41969,21,,,0,9,,41970,21,,,0,9,,41971,21,,,0,49,,41972,15,,,0,10,,41973,21,,,0,10,,41974,15,,,0,13,,41976,21,,,0,19,,41975,21,,,0,60,,41922,15,,,0,20,,41923,15,,,0,19,,41924,15,,,0,60,,41925,15,,,0,20,,41926,15,,,0,20,,41927,15,,,0
1000001,'6_1',549,,41979,15,,,0,60,,41980,15,,,0,20,,41981,15,,,0,20,,41982,15,,,0,60,,41983,15,,,0,10,,42063,15,,,0,11,,42064,15,,,0,10,,42014,21,,,0,10,,42015,21,,,0,50,,42016,21,,,0,10,,42017,21,,,0,10,,42018,21,,,0,10,,42019,21,,,0,10,,42020,21,,,0,10,,42021,21,,,0,9,,42022,21,,,0,50,,42023,21,,,0,11,,42024,21,,,0,10,,42025,21,,,0,11,,41984,15,,,0,11,,41985,21,,,0,50,,41986,15,,,0,10,,41987,21,,,0,10,,41988,15,,,0,11,,42026,21,,,0,11,,41989,15,,,0,11,,41990,21,,,0,51,,41991,15,,,0,11,,41992,21,,,0,10,,41993,15,,,0,11,,42027,21,,,0,11,,41994,15,,,0,51,,41995,21,,,0,10,,41996,15,,,0,10,,41997,21,,,0,8,,42028,15,,,0,10,,42029,21,,,0,9,,42030,15,,,0,10,,42031,21,,,0,50,,42032,15,,,0,10,,42033,21,,,0,11,,42034,15,,,0,9,,42035,21,,,0,10,,42036,15,,,0,9,,42037,21,,,0,50,,42038,15,,,0,10,,42039,21,,,0,10,,42040,15,,,0,10,,41998,21,,,0,10,,41999,15,,,0,10,,42041,21,,,0,50,,42000,15,,,0,10,,42001,21,,,0,11,,42002,15,,,0,10,,42042,21,,,0,11,,42003,15,,,0,11,,42004,21,,,0,51,,42005,15,,,0,10,,42006,21,,,0,10,,42007,21,,,0,10,,42043,21,,,0,10,,42044,21,,,0,50,,42045,21,,,0,10,,42046,21,,,0,10,,42047,21,,,0,10,,42048,21,,,0,11,,42049,21,,,0,10,,42050,21,,,0,50,,42051,21,,,0,10,,42052,21,,,0,10,,42053,21,,,0,9,,42054,21,,,0,9,,42055,21,,,0,9,,42056,21,,,0,9,,42057,21,,,0,49,,42058,15,,,0,10,,42059,21,,,0,10,,42060,15,,,0,13,,42062,21,,,0,19,,42061,21,,,0,60,,42008,15,,,0,20,,42009,15,,,0,19,,42010,15,,,0,60,,42011,15,,,0,20,,42012,15,,,0,20,,42013,15,,,0
