1000,'2509-HIV-25j05H-d-Dimanche-00',811,,10970,,,0,422,,10971,,,0,497,,10972,,,0
1000,'2509-HIV-25j26H-d-Dimanche-00',811,,10973,,,0,422,,10974,,,0,497,,10975,,,0
1000,'2509-HIV-25k03H-s-Samedi-00',641,,10976,,,0,95,,10977,,,0,120,,10983,0,26 32,0,77,,10978,,,0,107,,10984,0,26 32,0,101,,10985,0,26 32,0,101,,10986,0,26 32,0,100,,10987,0,26 32,0,92,,10981,,,0,115,,10982,,,0,80,,10979,,,0,187,,10980,,,0,111,,10988,0,26 32,0
1000,'2509-HIV-25l22Vlv-Semaine-00',648,,10989,,,0,94,,10990,,,0,116,,11001,0,26 32,0,75,,10991,,,0,113,,10994,0,26 32,0,95,,10995,0,26 32,0,101,,10996,0,26 32,0,100,,10997,0,26 32,0,92,,10999,,,0,115,,11000,,,0,80,,10992,,,0,187,,10993,,,0,111,,10998,0,26 32,0
1000,'2509-HIV-26a05H-s-Samedi-00',641,,11002,,,0,95,,11003,,,0,120,,11009,0,26 32,0,77,,11004,,,0,107,,11010,0,26 32,0,101,,11011,0,26 32,0,101,,11012,0,26 32,0,100,,11013,0,26 32,0,92,,11007,,,0,115,,11008,,,0,80,,11005,,,0,187,,11006,,,0,111,,11014,0,26 32,0
1000,'2509-HIV-26a05H-w-Mercredi-00',647,,11015,,,0,100,,11016,,,0,111,,11029,0,26 32,0,77,,11017,,,0,109,,11020,0,26 32,0,87,,11021,0,26 32,0,77,,11022,0,26 32,0,40,,11023,0,26 32,0,98,,11024,0,26 32,0,79,,11026,,,0,30,,11027,,,0,96,,11028,,,0,75,,11018,,,0,189,,11019,,,0,112,,11025,0,26 32,0
1000,'2509-HIV-26a05Hlv-L-Ma-J-V-00',647,,11030,,,0,100,,11031,,,0,111,,11044,0,26 32,0,77,,11032,,,0,109,,11035,0,26 32,0,87,,11036,0,26 32,0,77,,11037,0,26 32,0,40,,11038,0,26 32,0,98,,11039,0,26 32,0,79,,11041,,,0,30,,11042,,,0,96,,11043,,,0,75,,11033,,,0,189,,11034,,,0,112,,11040,0,26 32,0
1000,'2509-HIV-26b23Vlv-Semaine-00',648,,11045,,,0,94,,11046,,,0,116,,11057,0,26 32,0,75,,11047,,,0,113,,11050,0,26 32,0,95,,11051,0,26 32,0,101,,11052,0,26 32,0,100,,11053,0,26 32,0,92,,11055,,,0,115,,11056,,,0,80,,11048,,,0,187,,11049,,,0,111,,11054,0,26 32,0
1000,'2509-HIV-26c02Vlv-Semaine-00',648,,11058,,,0,94,,11059,,,0,116,,11070,0,26 32,0,75,,11060,,,0,113,,11063,0,26 32,0,95,,11064,0,26 32,0,101,,11065,0,26 32,0,100,,11066,0,26 32,0,92,,11068,,,0,115,,11069,,,0,80,,11061,,,0,187,,11062,,,0,111,,11067,0,26 32,0
1100,'2509-HIV-25j05H-d-Dimanche-00',811,,11165,,,0,919,,11166,,,0
1100,'2509-HIV-25j26H-d-Dimanche-00',811,,11167,,,0,919,,11168,,,0
1100,'2509-HIV-25k03H-s-Samedi-00',640,,11169,,,0,119,,11170,,,0,946,,11171,,,0,119,,11172,,,0
1100,'2509-HIV-25l22Vlv-Semaine-00',640,,11173,,,0,119,,11174,,,0,946,,11175,,,0,119,,11176,,,0
1100,'2509-HIV-26a05H-s-Samedi-00',640,,11177,,,0,119,,11178,,,0,946,,11179,,,0,119,,11180,,,0
1100,'2509-HIV-26a05H-w-Mercredi-00',640,,11181,,,0,119,,11182,,,0,946,,11183,,,0,119,,11184,,,0
1100,'2509-HIV-26a05Hlv-L-Ma-J-V-00',640,,11185,,,0,119,,11186,,,0,946,,11187,,,0,119,,11188,,,0
1100,'2509-HIV-26b23Vlv-Semaine-00',640,,11189,,,0,119,,11190,,,0,946,,11191,,,0,119,,11192,,,0
1100,'2509-HIV-26c02Vlv-Semaine-00',640,,11193,,,0,119,,11194,,,0,946,,11195,,,0,119,,11196,,,0
1101,'2509-HIV-25j05H-d-Dimanche-00',1007,,11197,4,,0,920,,11198,4,,0
1101,'2509-HIV-25j26H-d-Dimanche-00',1007,,11199,4,,0,920,,11200,4,,0
1101,'2509-HIV-25k03H-s-Samedi-00',1655,,11201,4,,0,158,,11202,4,,0
1101,'2509-HIV-25l22Vlv-Semaine-00',1655,,11203,4,,0,158,,11204,4,,0
1101,'2509-HIV-26a05H-s-Samedi-00',1655,,11205,4,,0,158,,11206,4,,0
1101,'2509-HIV-26a05H-w-Mercredi-00',1655,,11207,4,,0,158,,11208,4,,0,94,,11209,4,,0
1101,'2509-HIV-26a05Hlv-L-Ma-J-V-00',1655,,11210,4,,0,158,,11211,4,,0,94,,11212,4,,0
1101,'2509-HIV-26b23Vlv-Semaine-00',1655,,11213,4,,0,158,,11214,4,,0
1101,'2509-HIV-26c02Vlv-Semaine-00',1655,,11215,4,,0,158,,11216,4,,0
