601,'S2-1_6',806,,9291,27,,,0,51,,9293,27,,,0,96,,9294,27,,,0,92,,9295,27,,,0,88,,9296,27,,,0,88,,9297,27,,,0,88,,9298,27,,,0,50,,9299,27,,,0,89,,9300,27,,,0,89,,9301,27,,,0,100,,9302,27,,,0,92,,9303,27,,,0,93,,9304,27,,,0,85,,9305,27,,,0,49,,9292,27,,,0
601,'S2-5_1',638,,9306,27,,,0,108,,9319,27,,,0,95,,9307,27,,,0,102,,9308,27,,,0,99,,9309,27,,,0,100,,9310,27,,,0,106,,9323,27,,,0,59,,9311,27,,,0,42,,9312,27,,,0,103,,9313,27,,,0,95,,9314,27,,,0,82,,9320,27,,,0,79,,9315,28,,,0,40,,9321,27,,,0,66,,9316,28,,,0,27,,9322,28,,,0,65,,9317,27,,,0,95,,9318,27,,,0
601,'S2-5_2',638,,9324,27,,,0,108,,9337,27,,,0,95,,9325,27,,,0,102,,9326,27,,,0,99,,9327,27,,,0,100,,9328,27,,,0,106,,9341,27,,,0,59,,9329,27,,,0,42,,9330,27,,,0,103,,9331,27,,,0,95,,9332,27,,,0,82,,9338,27,,,0,79,,9333,28,,,0,40,,9339,27,,,0,66,,9334,28,,,0,27,,9340,28,,,0,65,,9335,27,,,0,95,,9336,27,,,0
601,'S2-5_4',638,,9342,27,,,0,108,,9355,27,,,0,95,,9343,27,,,0,102,,9344,27,,,0,99,,9345,27,,,0,100,,9346,27,,,0,106,,9359,27,,,0,59,,9347,27,,,0,42,,9348,27,,,0,103,,9349,27,,,0,95,,9350,27,,,0,82,,9356,27,,,0,79,,9351,28,,,0,40,,9357,27,,,0,66,,9352,28,,,0,27,,9358,28,,,0,65,,9353,27,,,0,95,,9354,27,,,0
601,'S2-5_5',638,,9360,27,,,0,108,,9373,27,,,0,95,,9361,27,,,0,102,,9362,27,,,0,99,,9363,27,,,0,100,,9364,27,,,0,106,,9377,27,,,0,59,,9365,27,,,0,42,,9366,27,,,0,103,,9367,27,,,0,95,,9368,27,,,0,82,,9374,27,,,0,79,,9369,28,,,0,40,,9375,27,,,0,66,,9370,28,,,0,27,,9376,28,,,0,65,,9371,27,,,0,95,,9372,27,,,0
601,'S2-6_3',638,,9378,27,,,0,108,,9392,27,,,0,95,,9379,27,,,0,102,,9380,27,,,0,99,,9381,27,,,0,100,,9382,27,,,0,106,,9383,28,,,0,59,,9384,27,,,0,42,,9385,27,,,0,103,,9386,27,,,0,95,,9387,27,,,0,82,,9393,27,,,0,79,,9388,28,,,0,40,,9394,27,,,0,66,,9389,28,,,0,27,,9395,28,,,0,65,,9390,27,,,0,95,,9391,27,,,0
1800,'S2-5_1',700,,10408,2,,,0,24,,10409,2,,,0,26,,10410,2,,,0,870,,10411,2,,,0,28,,10412,3,,,0,70,,10413,2,,,0,32,,10414,2,,,0,67,,10415,2,,,0,29,,10416,2,,,0,64,,10417,2,,,0
1800,'S2-5_2',700,,10418,2,,,0,24,,10419,2,,,0,26,,10420,2,,,0,870,,10421,2,,,0,28,,10422,3,,,0,70,,10423,2,,,0,32,,10424,2,,,0,67,,10425,2,,,0,29,,10426,2,,,0,64,,10427,2,,,0
1800,'S2-5_4',700,,10428,2,,,0,24,,10429,2,,,0,26,,10430,2,,,0,870,,10431,2,,,0,28,,10432,3,,,0,70,,10433,2,,,0,32,,10434,2,,,0,67,,10435,2,,,0,29,,10436,2,,,0,64,,10437,2,,,0
1800,'S2-5_5',700,,10438,2,,,0,24,,10439,2,,,0,26,,10440,2,,,0,870,,10441,2,,,0,28,,10442,3,,,0,70,,10443,2,,,0,32,,10444,2,,,0,67,,10445,2,,,0,29,,10446,2,,,0,64,,10447,2,,,0
1800,'S2-6_3',700,,10448,2,,,0,24,,10449,2,,,0,26,,10450,2,,,0,501,,10454,2,,,0,62,,10455,2,,,0,405,,10451,2,,,0,99,,10452,2,,,0,93,,10453,2,,,0
2900601,'S2-5_1',1758,,13591,9,,,0,95,,13592,9,,,0
2900601,'S2-5_2',1758,,13593,9,,,0,95,,13594,9,,,0
2900601,'S2-5_4',1758,,13595,9,,,0,95,,13596,9,,,0
2900601,'S2-5_5',1758,,13597,9,,,0,95,,13598,9,,,0
2900601,'S2-6_3',1758,,13599,9,,,0,95,,13600,9,,,0
