101,'2_6',732,,30129,39,0,5,0,117,,30130,39,0,5,0,106,,30131,39,0,5,0,70,,30142,39,0,6,0,29,,30132,39,0,5,0,71,,30143,39,0,6,0,30,,30133,39,0,5,0,70,,30144,39,0,6,0,30,,30134,39,0,5,0,68,,30145,39,0,6,0,31,,30135,39,0,5,0,69,,30146,39,0,6,0,30,,30136,39,0,5,0,70,,30147,39,0,6,0,31,,30137,39,0,5,0,72,,30148,39,0,6,0,32,,30138,39,0,5,0,70,,30149,39,0,6,0,72,,30139,39,0,5,0,29,,30150,39,0,6,0,74,,30140,39,0,5,0,25,,30151,39,0,6,0,25,,30141,39,0,5,0
101,'3_7',938,,30152,39,0,6,0,105,,30157,39,0,5,0,105,,30153,39,0,6,0,105,,30158,39,0,5,0,105,,30154,39,0,6,0,90,,30159,39,0,5,0,100,,30155,39,0,6,0,105,,30160,39,0,5,0,105,,30156,39,0,6,0,145,,30161,39,0,5,0
101,'5_1',734,,37353,45,0,6,0,16,,37379,39,0,5,0,57,,37354,45,0,6,0,15,,37378,39,0,5,0,15,,37355,45,0,6,0,15,,37380,45,0,5,0,80,,37359,39,0,6,0,80,,37369,45,0,5,0,36,,37360,39,0,6,0,80,,37371,39,0,5,0,78,,37361,39,0,6,0,26,,37372,39,0,5,0,20,,37362,39,0,6,0,75,,37373,39,0,5,0,76,,37356,45,0,6,0,29,,37370,45,0,5,0,70,,37363,39,0,6,0,25,,37374,39,0,5,0,31,,37364,39,0,6,0,66,,37375,39,0,5,0,30,,37365,39,0,6,0,71,,37366,39,0,5,0,34,,37367,39,0,6,0,74,,37357,45,0,6,0,70,,37376,45,0,5,0,26,,37358,45,0,6,0,30,,37377,45,0,5,0
101,'5_2',734,,38497,45,0,6,0,16,,38523,39,0,5,0,57,,38498,45,0,6,0,15,,38522,39,0,5,0,15,,38499,45,0,6,0,15,,38524,45,0,5,0,80,,38503,39,0,6,0,80,,38513,45,0,5,0,36,,38504,39,0,6,0,80,,38515,39,0,5,0,78,,38505,39,0,6,0,26,,38516,39,0,5,0,20,,38506,39,0,6,0,75,,38517,39,0,5,0,76,,38500,45,0,6,0,29,,38514,45,0,5,0,70,,38507,39,0,6,0,25,,38518,39,0,5,0,31,,38508,39,0,6,0,66,,38519,39,0,5,0,30,,38509,39,0,6,0,71,,38510,39,0,5,0,34,,38511,39,0,6,0,74,,38501,45,0,6,0,70,,38520,45,0,5,0,26,,38502,45,0,6,0,30,,38521,45,0,5,0
101,'5_3',734,,38525,45,0,6,0,16,,38551,39,0,5,0,57,,38526,45,0,6,0,15,,38550,39,0,5,0,15,,38527,45,0,6,0,15,,38552,45,0,5,0,80,,38531,39,0,6,0,80,,38541,45,0,5,0,36,,38532,39,0,6,0,80,,38543,39,0,5,0,78,,38533,39,0,6,0,26,,38544,39,0,5,0,20,,38534,39,0,6,0,75,,38545,39,0,5,0,76,,38528,45,0,6,0,29,,38542,45,0,5,0,70,,38535,39,0,6,0,25,,38546,39,0,5,0,31,,38536,39,0,6,0,66,,38547,39,0,5,0,30,,38537,39,0,6,0,71,,38538,39,0,5,0,34,,38539,39,0,6,0,74,,38529,45,0,6,0,70,,38548,45,0,5,0,26,,38530,45,0,6,0,30,,38549,45,0,5,0
101,'5_4',734,,38553,45,0,6,0,16,,38579,39,0,5,0,57,,38554,45,0,6,0,15,,38578,39,0,5,0,15,,38555,45,0,6,0,15,,38580,45,0,5,0,80,,38559,39,0,6,0,80,,38569,45,0,5,0,36,,38560,39,0,6,0,80,,38571,39,0,5,0,78,,38561,39,0,6,0,26,,38572,39,0,5,0,20,,38562,39,0,6,0,75,,38573,39,0,5,0,76,,38556,45,0,6,0,29,,38570,45,0,5,0,70,,38563,39,0,6,0,25,,38574,39,0,5,0,31,,38564,39,0,6,0,66,,38575,39,0,5,0,30,,38565,39,0,6,0,71,,38566,39,0,5,0,34,,38567,39,0,6,0,74,,38557,45,0,6,0,70,,38576,45,0,5,0,26,,38558,45,0,6,0,30,,38577,45,0,5,0
101,'5_5',734,,38581,45,0,6,0,16,,38607,39,0,5,0,57,,38582,45,0,6,0,15,,38606,39,0,5,0,15,,38583,45,0,6,0,15,,38608,45,0,5,0,80,,38587,39,0,6,0,80,,38597,45,0,5,0,36,,38588,39,0,6,0,80,,38599,39,0,5,0,78,,38589,39,0,6,0,26,,38600,39,0,5,0,20,,38590,39,0,6,0,75,,38601,39,0,5,0,76,,38584,45,0,6,0,29,,38598,45,0,5,0,70,,38591,39,0,6,0,25,,38602,39,0,5,0,31,,38592,39,0,6,0,66,,38603,39,0,5,0,30,,38593,39,0,6,0,71,,38594,39,0,5,0,34,,38595,39,0,6,0,74,,38585,45,0,6,0,70,,38604,45,0,5,0,26,,38586,45,0,6,0,30,,38605,45,0,5,0
101,'6_1',734,,38609,45,0,6,0,16,,38635,39,0,5,0,57,,38610,45,0,6,0,15,,38634,39,0,5,0,15,,38611,45,0,6,0,15,,38636,45,0,5,0,80,,38615,39,0,6,0,80,,38625,45,0,5,0,36,,38616,39,0,6,0,80,,38627,39,0,5,0,78,,38617,39,0,6,0,26,,38628,39,0,5,0,20,,38618,39,0,6,0,75,,38629,39,0,5,0,76,,38612,45,0,6,0,29,,38626,45,0,5,0,70,,38619,39,0,6,0,25,,38630,39,0,5,0,31,,38620,39,0,6,0,66,,38631,39,0,5,0,30,,38621,39,0,6,0,71,,38622,39,0,5,0,34,,38623,39,0,6,0,74,,38613,45,0,6,0,70,,38632,45,0,5,0,26,,38614,45,0,6,0,30,,38633,45,0,5,0
101,'6_2',734,,43604,45,0,6,0,16,,43630,39,0,5,0,57,,43605,45,0,6,0,15,,43629,39,0,5,0,15,,43606,45,0,6,0,15,,43631,45,0,5,0,80,,43610,39,0,6,0,80,,43620,45,0,5,0,36,,43611,39,0,6,0,80,,43622,39,0,5,0,78,,43612,39,0,6,0,26,,43623,39,0,5,0,20,,43613,39,0,6,0,75,,43624,39,0,5,0,76,,43607,45,0,6,0,29,,43621,45,0,5,0,70,,43614,39,0,6,0,25,,43625,39,0,5,0,31,,43615,39,0,6,0,66,,43626,39,0,5,0,30,,43616,39,0,6,0,71,,43617,39,0,5,0,34,,43618,39,0,6,0,74,,43608,45,0,6,0,70,,43627,45,0,5,0,26,,43609,45,0,6,0,30,,43628,45,0,5,0
101,'6_3',734,,43632,45,0,6,0,16,,43658,39,0,5,0,57,,43633,45,0,6,0,15,,43657,39,0,5,0,15,,43634,45,0,6,0,15,,43659,45,0,5,0,80,,43638,39,0,6,0,80,,43648,45,0,5,0,36,,43639,39,0,6,0,80,,43650,39,0,5,0,78,,43640,39,0,6,0,26,,43651,39,0,5,0,20,,43641,39,0,6,0,75,,43652,39,0,5,0,76,,43635,45,0,6,0,29,,43649,45,0,5,0,70,,43642,39,0,6,0,25,,43653,39,0,5,0,31,,43643,39,0,6,0,66,,43654,39,0,5,0,30,,43644,39,0,6,0,71,,43645,39,0,5,0,34,,43646,39,0,6,0,74,,43636,45,0,6,0,70,,43655,45,0,5,0,26,,43637,45,0,6,0,30,,43656,45,0,5,0
101,'6_4',734,,43660,45,0,6,0,16,,43686,39,0,5,0,57,,43661,45,0,6,0,15,,43685,39,0,5,0,15,,43662,45,0,6,0,15,,43687,45,0,5,0,80,,43666,39,0,6,0,80,,43676,45,0,5,0,36,,43667,39,0,6,0,80,,43678,39,0,5,0,78,,43668,39,0,6,0,26,,43679,39,0,5,0,20,,43669,39,0,6,0,75,,43680,39,0,5,0,76,,43663,45,0,6,0,29,,43677,45,0,5,0,70,,43670,39,0,6,0,25,,43681,39,0,5,0,31,,43671,39,0,6,0,66,,43682,39,0,5,0,30,,43672,39,0,6,0,71,,43673,39,0,5,0,34,,43674,39,0,6,0,74,,43664,45,0,6,0,70,,43683,45,0,5,0,26,,43665,45,0,6,0,30,,43684,45,0,5,0
