200,'2_6',741,,30367,45,0,34,0,112,,30368,45,0,34,0,106,,30369,42,0,34,0,145,,30370,45,0,34,0,110,,30371,45,0,34,0,104,,30372,43,0,34,0,100,,30373,45,0,34,0,104,,30374,45,0,34,0,105,,30375,45,0,34,0,105,,30376,45,0,34,0,99,,30377,45,0,34,0,171,,30389,42,0,34,0
200,'5_1',832,,37413,33,0,34,0,115,,37412,33,0,34,0,107,,37409,42,0,34,0,148,,37401,42,0,34,0,101,,37402,45,0,34,0,45,,37396,33,0,34,0,96,,37398,45,0,34,0,100,,37397,42,0,34,0,111,,37390,42,0,34,0,146,,37389,45,0,34,0,104,,37386,45,0,34,0,97,,37383,45,0,34,0
200,'5_2',832,,38669,33,0,34,0,115,,38668,33,0,34,0,107,,38665,42,0,34,0,148,,38657,42,0,34,0,101,,38658,45,0,34,0,45,,38652,33,0,34,0,96,,38654,45,0,34,0,100,,38653,42,0,34,0,111,,38646,42,0,34,0,146,,38645,45,0,34,0,104,,38642,45,0,34,0,97,,38639,45,0,34,0
200,'5_3',832,,38708,33,0,34,0,115,,38707,33,0,34,0,107,,38704,42,0,34,0,148,,38696,42,0,34,0,101,,38697,45,0,34,0,45,,38691,33,0,34,0,96,,38693,45,0,34,0,100,,38692,42,0,34,0,111,,38685,42,0,34,0,146,,38684,45,0,34,0,104,,38681,45,0,34,0,97,,38678,45,0,34,0
200,'5_4',832,,38747,33,0,34,0,115,,38746,33,0,34,0,107,,38743,42,0,34,0,148,,38735,42,0,34,0,101,,38736,45,0,34,0,45,,38730,33,0,34,0,96,,38732,45,0,34,0,100,,38731,42,0,34,0,111,,38724,42,0,34,0,146,,38723,45,0,34,0,104,,38720,45,0,34,0,97,,38717,45,0,34,0
200,'5_5',832,,38786,33,0,34,0,115,,38785,33,0,34,0,107,,38782,42,0,34,0,148,,38774,42,0,34,0,101,,38775,45,0,34,0,45,,38769,33,0,34,0,96,,38771,45,0,34,0,100,,38770,42,0,34,0,111,,38763,42,0,34,0,146,,38762,45,0,34,0,104,,38759,45,0,34,0,97,,38756,45,0,34,0
200,'6_1',832,,38825,33,0,34,0,115,,38824,33,0,34,0,107,,38821,42,0,34,0,148,,38813,42,0,34,0,101,,38814,45,0,34,0,45,,38808,33,0,34,0,96,,38810,45,0,34,0,100,,38809,42,0,34,0,111,,38802,42,0,34,0,146,,38801,45,0,34,0,104,,38798,45,0,34,0,97,,38795,45,0,34,0
200,'6_2',832,,43720,33,0,34,0,115,,43719,33,0,34,0,107,,43716,42,0,34,0,148,,43708,42,0,34,0,101,,43709,45,0,34,0,45,,43703,33,0,34,0,96,,43705,45,0,34,0,100,,43704,42,0,34,0,111,,43697,42,0,34,0,146,,43696,45,0,34,0,104,,43693,45,0,34,0,97,,43690,45,0,34,0
200,'6_3',832,,43759,33,0,34,0,115,,43758,33,0,34,0,107,,43755,42,0,34,0,148,,43747,42,0,34,0,101,,43748,45,0,34,0,45,,43742,33,0,34,0,96,,43744,45,0,34,0,100,,43743,42,0,34,0,111,,43736,42,0,34,0,146,,43735,45,0,34,0,104,,43732,45,0,34,0,97,,43729,45,0,34,0
200,'6_4',832,,43798,33,0,34,0,115,,43797,33,0,34,0,107,,43794,42,0,34,0,148,,43786,42,0,34,0,101,,43787,45,0,34,0,45,,43781,33,0,34,0,96,,43783,45,0,34,0,100,,43782,42,0,34,0,111,,43775,42,0,34,0,146,,43774,45,0,34,0,104,,43771,45,0,34,0,97,,43768,45,0,34,0
