301,'2509-HIV-25j05H-d-Dimanche-00',933,,9359,,,0,100,,9360,,,0,100,,9361,,,0,100,,9362,,,0,100,,9363,,,0,100,,9364,,,0,100,,9365,,,0,100,,9366,,,0,100,,9367,,,0,100,,9368,,,0,100,,9369,,,0
301,'2509-HIV-25j26H-d-Dimanche-00',933,,9370,,,0,100,,9371,,,0,100,,9372,,,0,100,,9373,,,0,100,,9374,,,0,100,,9375,,,0,100,,9376,,,0,100,,9377,,,0,100,,9378,,,0,100,,9379,,,0,100,,9380,,,0
301,'2509-HIV-25k03H-s-Samedi-00',739,,9384,,,0,71,,9381,,,0,30,,9382,,,0,70,,9383,,,0,31,,9385,,,0,70,,9386,,,0,31,,9387,,,0,70,,9388,,,0,31,,9392,,,0,69,,9391,,,0,28,,9389,,,0,69,,9390,,,0,29,,9394,,,0,71,,9395,,,0,30,,9393,,,0,71,,9396,,,0,30,,9399,,,0,72,,9397,,,0,33,,9398,,,0,71,,9401,,,0,32,,9400,,,0,70,,9402,,,0,32,,9403,,,0,68,,9404,,,0,29,,9405,,,0,69,,9406,,,0,30,,9407,,,0,63,,9408,,,0
301,'2509-HIV-25l22Vlv-Semaine-00',729,,9409,,,0,22,,9410,,,0,73,,9421,,,0,32,,9413,,,0,72,,9414,,,0,73,,9418,,,0,33,,9415,,,0,73,,9416,,,0,32,,9412,,,0,71,,9417,,,0,31,,9411,,,0,71,,9420,,,0,33,,9419,,,0,74,,9425,,,0,30,,9422,,,0,70,,9424,,,0,27,,9423,,,0,67,,9426,,,0,31,,9429,,,0,70,,9430,,,0,30,,9431,,,0,69,,9432,,,0,26,,9433,,,0,65,,9427,,,0,24,,9434,,,0,29,,9435,,,0,69,,9436,,,0,30,,9428,,,0
301,'2509-HIV-26a05H-s-Samedi-00',739,,9440,,,0,71,,9437,,,0,30,,9438,,,0,70,,9439,,,0,31,,9441,,,0,70,,9442,,,0,31,,9443,,,0,70,,9444,,,0,31,,9448,,,0,69,,9447,,,0,28,,9445,,,0,69,,9446,,,0,29,,9450,,,0,71,,9451,,,0,30,,9449,,,0,71,,9452,,,0,30,,9455,,,0,72,,9453,,,0,33,,9454,,,0,71,,9457,,,0,32,,9456,,,0,70,,9458,,,0,32,,9459,,,0,68,,9460,,,0,29,,9461,,,0,69,,9462,,,0,30,,9463,,,0,63,,9464,,,0
301,'2509-HIV-26a05H-w-Mercredi-00',735,,9491,,,0,21,,9465,,,0,74,,9492,,,0,73,,9466,,,0,30,,9467,,,0,71,,9468,,,0,32,,9469,,,0,72,,9470,,,0,33,,9471,,,0,73,,9472,,,0,32,,9473,,,0,71,,9474,,,0,33,,9475,,,0,72,,9476,,,0,31,,9477,,,0,70,,9478,,,0,27,,9479,,,0,68,,9480,,,0,31,,9481,,,0,70,,9482,,,0,30,,9483,,,0,70,,9484,,,0,24,,9485,,,0,62,,9486,,,0,24,,9487,,,0,29,,9488,,,0,68,,9489,,,0,30,,9490,,,0
301,'2509-HIV-26a05Hlv-L-Ma-J-V-00',735,,9519,,,0,21,,9493,,,0,74,,9520,,,0,73,,9494,,,0,30,,9495,,,0,71,,9496,,,0,32,,9497,,,0,72,,9498,,,0,33,,9499,,,0,73,,9500,,,0,32,,9501,,,0,71,,9502,,,0,33,,9503,,,0,72,,9504,,,0,31,,9505,,,0,70,,9506,,,0,27,,9507,,,0,68,,9508,,,0,31,,9509,,,0,70,,9510,,,0,30,,9511,,,0,70,,9512,,,0,24,,9513,,,0,62,,9514,,,0,24,,9515,,,0,29,,9516,,,0,68,,9517,,,0,30,,9518,,,0
301,'2509-HIV-26b23Vlv-Semaine-00',729,,9521,,,0,22,,9522,,,0,73,,9533,,,0,32,,9525,,,0,72,,9526,,,0,73,,9530,,,0,33,,9527,,,0,73,,9528,,,0,32,,9524,,,0,71,,9529,,,0,31,,9523,,,0,71,,9532,,,0,33,,9531,,,0,74,,9537,,,0,30,,9534,,,0,70,,9536,,,0,27,,9535,,,0,67,,9538,,,0,31,,9541,,,0,70,,9542,,,0,30,,9543,,,0,69,,9544,,,0,26,,9545,,,0,65,,9539,,,0,24,,9546,,,0,29,,9547,,,0,69,,9548,,,0,30,,9540,,,0
301,'2509-HIV-26c02Vlv-Semaine-00',729,,9549,,,0,22,,9550,,,0,73,,9561,,,0,32,,9553,,,0,72,,9554,,,0,73,,9558,,,0,33,,9555,,,0,73,,9556,,,0,32,,9552,,,0,71,,9557,,,0,31,,9551,,,0,71,,9560,,,0,33,,9559,,,0,74,,9565,,,0,30,,9562,,,0,70,,9564,,,0,27,,9563,,,0,67,,9566,,,0,31,,9569,,,0,70,,9570,,,0,30,,9571,,,0,69,,9572,,,0,26,,9573,,,0,65,,9567,,,0,24,,9574,,,0,29,,9575,,,0,69,,9576,,,0,30,,9568,,,0
29000301,'2509-HIV-26a05H-w-Mercredi-00',1726,,16074,,,0,28,,16075,,,0,73,,16076,,,0,21,,16077,,,0
29000301,'2509-HIV-26a05Hlv-L-Ma-J-V-00',1726,,16078,,,0,28,,16079,,,0,73,,16080,,,0,21,,16081,,,0
