900600,'2_6',833,,33943,6,,,0,170,,33945,6,,,0,125,,33946,6,,,0,175,,33947,6,,,0,120,,33948,6,,,0,135,,33949,6,,,0,170,,33950,6,,,0,130,,33944,6,,,0
900600,'5_1',833,,37847,6,,,0,170,,37849,6,,,0,125,,37850,6,,,0,175,,37851,6,,,0,120,,37852,6,,,0,135,,37853,6,,,0,170,,37854,6,,,0,130,,37848,6,,,0
900600,'5_2',833,,40970,6,,,0,170,,40972,6,,,0,125,,40973,6,,,0,175,,40974,6,,,0,120,,40975,6,,,0,135,,40976,6,,,0,170,,40977,6,,,0,130,,40971,6,,,0
900600,'5_3',833,,40978,6,,,0,170,,40980,6,,,0,125,,40981,6,,,0,175,,40982,6,,,0,120,,40983,6,,,0,135,,40984,6,,,0,170,,40985,6,,,0,130,,40979,6,,,0
900600,'5_4',833,,40986,6,,,0,170,,40988,6,,,0,125,,40989,6,,,0,175,,40990,6,,,0,120,,40991,6,,,0,135,,40992,6,,,0,170,,40993,6,,,0,130,,40987,6,,,0
900600,'5_5',833,,40994,6,,,0,170,,40996,6,,,0,125,,40997,6,,,0,175,,40998,6,,,0,120,,40999,6,,,0,135,,41000,6,,,0,170,,41001,6,,,0,130,,40995,6,,,0
900600,'6_1',833,,41002,6,,,0,170,,41004,6,,,0,125,,41005,6,,,0,175,,41006,6,,,0,120,,41007,6,,,0,135,,41008,6,,,0,170,,41009,6,,,0,130,,41003,6,,,0
900600,'6_2',833,,45092,6,,,0,170,,45094,6,,,0,125,,45095,6,,,0,175,,45096,6,,,0,120,,45097,6,,,0,135,,45098,6,,,0,170,,45099,6,,,0,130,,45093,6,,,0
900600,'6_3',833,,45100,6,,,0,170,,45102,6,,,0,125,,45103,6,,,0,175,,45104,6,,,0,120,,45105,6,,,0,135,,45106,6,,,0,170,,45107,6,,,0,130,,45101,6,,,0
900600,'6_4',833,,45108,6,,,0,170,,45110,6,,,0,125,,45111,6,,,0,175,,45112,6,,,0,120,,45113,6,,,0,135,,45114,6,,,0,170,,45115,6,,,0,130,,45109,6,,,0
