501,'25j05H-Dimanche',1006,,2050,,,0,200,,2051,,,0,200,,2052,,,0,200,,2049,,,0
501,'25j26H-Dimanche',1006,,2054,,,0,200,,2055,,,0,200,,2056,,,0,200,,2053,,,0
501,'25k03H-Samedi',841,,2057,,,0,101,,2058,,,0,101,,2059,,,0,100,,2060,,,0,99,,2061,,,0,94,,2062,,,0,99,,2063,,,0,101,,2064,,,0,99,,2065,,,0,104,,2066,,,0,98,,2067,,,0,186,,2068,,,0
501,'25l22V-Semaine',951,,2069,,,0,105,,2070,,,0,101,,2071,,,0,85,,2072,,,0,94,,2073,,,0,98,,2074,,,0,103,,2075,,,0,103,,2076,,,0,107,,2077,,,0,101,,2078,,,0,166,,2079,,,0
501,'26a05H-Samedi',841,,2080,,,0,101,,2081,,,0,101,,2082,,,0,100,,2083,,,0,99,,2084,,,0,94,,2085,,,0,99,,2086,,,0,101,,2087,,,0,99,,2088,,,0,104,,2089,,,0,98,,2090,,,0,186,,2091,,,0
501,'26a05H-Mercredi',951,,2092,,,0,105,,2093,,,0,101,,2094,,,0,85,,2095,,,0,94,,2096,,,0,98,,2097,,,0,103,,2098,,,0,103,,2099,,,0,107,,2100,,,0,101,,2101,,,0,166,,2102,,,0
501,'26a05H-L-Ma-J-V',951,,2104,,,0,105,,2105,,,0,101,,2106,,,0,85,,2107,,,0,94,,2108,,,0,98,,2109,,,0,103,,2110,,,0,103,,2111,,,0,107,,2112,,,0,101,,2113,,,0,166,,2114,,,0
501,'26b23V-Semaine',951,,2118,,,0,105,,2119,,,0,101,,2120,,,0,85,,2121,,,0,94,,2122,,,0,98,,2123,,,0,103,,2124,,,0,103,,2125,,,0,107,,2126,,,0,101,,2127,,,0,166,,2128,,,0
501,'26c02V-Semaine',951,,2129,,,0,105,,2130,,,0,101,,2131,,,0,85,,2132,,,0,94,,2133,,,0,98,,2134,,,0,103,,2135,,,0,103,,2136,,,0,107,,2137,,,0,101,,2138,,,0,166,,2139,,,0
29000501,'25l22V-Semaine',1742,,8024,,,0,112,,8025,,,0
29000501,'26a05H-Mercredi',1749,,8026,,,0,110,,8027,,,0
29000501,'26a05H-Mercredi0010000',1254,,8028,,,0
29000501,'26a05H-L-Ma-J-V',1749,,8029,,,0,110,,8030,,,0
29000501,'26b23V-Semaine',1742,,8031,,,0,112,,8032,,,0
29000501,'26c02V-Semaine',1742,,8033,,,0,112,,8034,,,0
