301,'0_6',717,,64459,32,,,0,34,,64460,32,,,0,73,,64461,32,,,0,33,,64462,32,,,0,72,,64463,32,,,0,73,,64464,32,,,0,33,,64465,32,,,0,72,,64466,32,,,0,33,,64467,32,,,0,72,,64468,32,,,0,32,,64469,32,,,0,74,,64434,32,,,0,27,,64435,32,,,0,69,,64436,32,,,0,26,,64437,32,,,0,68,,64438,32,,,0,27,,64439,32,,,0,69,,64440,32,,,0,28,,64458,32,,,0,25,,64441,32,,,0,72,,64442,32,,,0,74,,64443,32,,,0,28,,64444,32,,,0,27,,64445,32,,,0,65,,64446,32,,,0,25,,64447,32,,,0,66,,64448,32,,,0,27,,64470,32,,,0,64,,64449,32,,,0
301,'1_7',824,,64492,32,,,0,33,,64487,32,,,0,72,,64493,32,,,0,73,,64488,32,,,0,33,,64494,32,,,0,72,,64489,32,,,0,33,,64495,32,,,0,72,,64490,32,,,0,32,,64496,32,,,0,74,,64471,32,,,0,27,,64472,32,,,0,69,,64473,32,,,0,26,,64474,32,,,0,68,,64475,32,,,0,27,,64476,32,,,0,69,,64477,32,,,0,28,,64497,32,,,0,25,,64478,32,,,0,72,,64479,32,,,0,74,,64480,32,,,0,28,,64481,32,,,0,27,,64482,32,,,0,65,,64483,32,,,0,25,,64484,32,,,0,66,,64485,32,,,0,27,,64491,32,,,0,64,,64486,32,,,0
301,'2_1',717,,64515,32,,,0,34,,64516,32,,,0,73,,64517,32,,,0,33,,64518,32,,,0,72,,64519,32,,,0,73,,64520,32,,,0,33,,64521,32,,,0,72,,64522,32,,,0,33,,64523,32,,,0,72,,64524,32,,,0,32,,64525,32,,,0,74,,64498,32,,,0,27,,64499,32,,,0,69,,64500,32,,,0,26,,64501,32,,,0,68,,64502,32,,,0,27,,64503,32,,,0,69,,64504,32,,,0,28,,64514,32,,,0,25,,64505,32,,,0,72,,64506,32,,,0,74,,64507,32,,,0,28,,64508,32,,,0,27,,64509,32,,,0,65,,64510,32,,,0,25,,64511,32,,,0,66,,64512,32,,,0,27,,64526,32,,,0,64,,64513,32,,,0
301,'2_2',717,,64544,32,,,0,34,,64545,32,,,0,73,,64546,32,,,0,33,,64547,32,,,0,72,,64548,32,,,0,73,,64549,32,,,0,33,,64550,32,,,0,72,,64551,32,,,0,33,,64552,32,,,0,72,,64553,32,,,0,32,,64554,32,,,0,74,,64527,32,,,0,27,,64528,32,,,0,69,,64529,32,,,0,26,,64530,32,,,0,68,,64531,32,,,0,27,,64532,32,,,0,69,,64533,32,,,0,28,,64543,32,,,0,25,,64534,32,,,0,72,,64535,32,,,0,74,,64536,32,,,0,28,,64537,32,,,0,27,,64538,32,,,0,65,,64539,32,,,0,25,,64540,32,,,0,66,,64541,32,,,0,27,,64555,32,,,0,64,,64542,32,,,0
301,'2_3',717,,64573,32,,,0,34,,64574,32,,,0,73,,64575,32,,,0,33,,64576,32,,,0,72,,64577,32,,,0,73,,64578,32,,,0,33,,64579,32,,,0,72,,64580,32,,,0,33,,64581,32,,,0,72,,64582,32,,,0,32,,64583,32,,,0,74,,64556,32,,,0,27,,64557,32,,,0,69,,64558,32,,,0,26,,64559,32,,,0,68,,64560,32,,,0,27,,64561,32,,,0,69,,64562,32,,,0,28,,64572,32,,,0,25,,64563,32,,,0,72,,64564,32,,,0,74,,64565,32,,,0,28,,64566,32,,,0,27,,64567,32,,,0,65,,64568,32,,,0,25,,64569,32,,,0,66,,64570,32,,,0,27,,64584,32,,,0,64,,64571,32,,,0
301,'2_4',717,,64602,32,,,0,34,,64603,32,,,0,73,,64604,32,,,0,33,,64605,32,,,0,72,,64606,32,,,0,73,,64607,32,,,0,33,,64608,32,,,0,72,,64609,32,,,0,33,,64610,32,,,0,72,,64611,32,,,0,32,,64612,32,,,0,74,,64585,32,,,0,27,,64586,32,,,0,69,,64587,32,,,0,26,,64588,32,,,0,68,,64589,32,,,0,27,,64590,32,,,0,69,,64591,32,,,0,28,,64601,32,,,0,25,,64592,32,,,0,72,,64593,32,,,0,74,,64594,32,,,0,28,,64595,32,,,0,27,,64596,32,,,0,65,,64597,32,,,0,25,,64598,32,,,0,66,,64599,32,,,0,27,,64613,32,,,0,64,,64600,32,,,0
301,'2_5',717,,64639,32,,,0,34,,64640,32,,,0,73,,64641,32,,,0,33,,64642,32,,,0,72,,64643,32,,,0,73,,64644,32,,,0,33,,64645,32,,,0,72,,64646,32,,,0,33,,64647,32,,,0,72,,64648,32,,,0,32,,64649,32,,,0,74,,64614,32,,,0,27,,64615,32,,,0,69,,64616,32,,,0,26,,64617,32,,,0,68,,64618,32,,,0,27,,64619,32,,,0,69,,64620,32,,,0,28,,64638,32,,,0,25,,64621,32,,,0,72,,64622,32,,,0,74,,64623,32,,,0,28,,64624,32,,,0,27,,64625,32,,,0,65,,64626,32,,,0,25,,64627,32,,,0,66,,64628,32,,,0,27,,64650,32,,,0,64,,64629,32,,,0
301,'3_1',717,,64668,32,,,0,34,,64669,32,,,0,73,,64670,32,,,0,33,,64671,32,,,0,72,,64672,32,,,0,73,,64673,32,,,0,33,,64674,32,,,0,72,,64675,32,,,0,33,,64676,32,,,0,72,,64677,32,,,0,32,,64678,32,,,0,74,,64651,32,,,0,27,,64652,32,,,0,69,,64653,32,,,0,26,,64654,32,,,0,68,,64655,32,,,0,27,,64656,32,,,0,69,,64657,32,,,0,28,,64667,32,,,0,25,,64658,32,,,0,72,,64659,32,,,0,74,,64660,32,,,0,28,,64661,32,,,0,27,,64662,32,,,0,65,,64663,32,,,0,25,,64664,32,,,0,66,,64665,32,,,0,27,,64679,32,,,0,64,,64666,32,,,0
301,'3_3',717,,64697,32,,,0,34,,64698,32,,,0,73,,64699,32,,,0,33,,64700,32,,,0,72,,64701,32,,,0,73,,64702,32,,,0,33,,64703,32,,,0,72,,64704,32,,,0,33,,64705,32,,,0,72,,64706,32,,,0,32,,64707,32,,,0,74,,64680,32,,,0,27,,64681,32,,,0,69,,64682,32,,,0,26,,64683,32,,,0,68,,64684,32,,,0,27,,64685,32,,,0,69,,64686,32,,,0,28,,64696,32,,,0,25,,64687,32,,,0,72,,64688,32,,,0,74,,64689,32,,,0,28,,64690,32,,,0,27,,64691,32,,,0,65,,64692,32,,,0,25,,64693,32,,,0,66,,64694,32,,,0,27,,64708,32,,,0,64,,64695,32,,,0
301,'3_4',717,,64726,32,,,0,34,,64727,32,,,0,73,,64728,32,,,0,33,,64729,32,,,0,72,,64730,32,,,0,73,,64731,32,,,0,33,,64732,32,,,0,72,,64733,32,,,0,33,,64734,32,,,0,72,,64735,32,,,0,32,,64736,32,,,0,74,,64709,32,,,0,27,,64710,32,,,0,69,,64711,32,,,0,26,,64712,32,,,0,68,,64713,32,,,0,27,,64714,32,,,0,69,,64715,32,,,0,28,,64725,32,,,0,25,,64716,32,,,0,72,,64717,32,,,0,74,,64718,32,,,0,28,,64719,32,,,0,27,,64720,32,,,0,65,,64721,32,,,0,25,,64722,32,,,0,66,,64723,32,,,0,27,,64737,32,,,0,64,,64724,32,,,0
301,'3_5',717,,64763,32,,,0,34,,64764,32,,,0,73,,64765,32,,,0,33,,64766,32,,,0,72,,64767,32,,,0,73,,64768,32,,,0,33,,64769,32,,,0,72,,64770,32,,,0,33,,64771,32,,,0,72,,64772,32,,,0,32,,64773,32,,,0,74,,64738,32,,,0,27,,64739,32,,,0,69,,64740,32,,,0,26,,64741,32,,,0,68,,64742,32,,,0,27,,64743,32,,,0,69,,64744,32,,,0,28,,64762,32,,,0,25,,64745,32,,,0,72,,64746,32,,,0,74,,64747,32,,,0,28,,64748,32,,,0,27,,64749,32,,,0,65,,64750,32,,,0,25,,64751,32,,,0,66,,64752,32,,,0,27,,64774,32,,,0,64,,64753,32,,,0
301,'4_7',717,,64792,32,,,0,34,,64793,32,,,0,73,,64794,32,,,0,33,,64795,32,,,0,72,,64796,32,,,0,73,,64797,32,,,0,33,,64798,32,,,0,72,,64799,32,,,0,33,,64800,32,,,0,72,,64801,32,,,0,32,,64802,32,,,0,74,,64775,32,,,0,27,,64776,32,,,0,69,,64777,32,,,0,26,,64778,32,,,0,68,,64779,32,,,0,27,,64780,32,,,0,69,,64781,32,,,0,28,,64791,32,,,0,25,,64782,32,,,0,72,,64783,32,,,0,74,,64784,32,,,0,28,,64785,32,,,0,27,,64786,32,,,0,65,,64787,32,,,0,25,,64788,32,,,0,66,,64789,32,,,0,27,,64803,32,,,0,64,,64790,32,,,0
