900600,'S2-0_6',849,,58515,22,,,0,170,,58517,22,,,0,125,,58518,22,,,0,175,,58519,22,,,0,120,,58520,22,,,0,175,,58521,22,,,0,130,,58522,22,,,0,170,,58516,22,,,0
900600,'S2-2_1',849,,58523,22,,,0,170,,58525,22,,,0,125,,58526,22,,,0,175,,58527,22,,,0,120,,58528,22,,,0,175,,58529,22,,,0,130,,58530,22,,,0,170,,58524,22,,,0
900600,'S2-2_2',849,,58531,22,,,0,170,,58533,22,,,0,125,,58534,22,,,0,175,,58535,22,,,0,120,,58536,22,,,0,175,,58537,22,,,0,130,,58538,22,,,0,170,,58532,22,,,0
900600,'S2-2_3',849,,58539,22,,,0,170,,58541,22,,,0,125,,58542,22,,,0,175,,58543,22,,,0,120,,58544,22,,,0,175,,58545,22,,,0,130,,58546,22,,,0,170,,58540,22,,,0
900600,'S2-2_4',849,,58547,22,,,0,170,,58549,22,,,0,125,,58550,22,,,0,175,,58551,22,,,0,120,,58552,22,,,0,175,,58553,22,,,0,130,,58554,22,,,0,170,,58548,22,,,0
900600,'S2-2_5',849,,58555,22,,,0,170,,58557,22,,,0,125,,58558,22,,,0,175,,58559,22,,,0,120,,58560,22,,,0,175,,58561,22,,,0,130,,58562,22,,,0,170,,58556,22,,,0
900600,'S2-3_1',849,,58563,22,,,0,170,,58565,22,,,0,125,,58566,22,,,0,175,,58567,22,,,0,120,,58568,22,,,0,175,,58569,22,,,0,130,,58570,22,,,0,170,,58564,22,,,0
900600,'S2-3_3',849,,58571,22,,,0,170,,58573,22,,,0,125,,58574,22,,,0,175,,58575,22,,,0,120,,58576,22,,,0,175,,58577,22,,,0,130,,58578,22,,,0,170,,58572,22,,,0
900600,'S2-3_4',849,,58579,22,,,0,170,,58581,22,,,0,125,,58582,22,,,0,175,,58583,22,,,0,120,,58584,22,,,0,175,,58585,22,,,0,130,,58586,22,,,0,170,,58580,22,,,0
900601,'S2-0_6',759,,58587,11,,,0,170,,58588,11,,,0,130,,58589,11,,,0,175,,58590,11,,,0,120,,58591,11,,,0,175,,58592,11,,,0,125,,58593,11,,,0,170,,58594,11,,,0
900601,'S2-2_1',759,,58595,11,,,0,170,,58596,11,,,0,130,,58597,11,,,0,175,,58598,11,,,0,120,,58599,11,,,0,175,,58600,11,,,0,125,,58601,11,,,0,170,,58602,11,,,0
900601,'S2-2_2',759,,58603,11,,,0,170,,58604,11,,,0,130,,58605,11,,,0,175,,58606,11,,,0,120,,58607,11,,,0,175,,58608,11,,,0,125,,58609,11,,,0,170,,58610,11,,,0
900601,'S2-2_3',759,,58611,11,,,0,170,,58612,11,,,0,130,,58613,11,,,0,175,,58614,11,,,0,120,,58615,11,,,0,175,,58616,11,,,0,125,,58617,11,,,0,170,,58618,11,,,0
900601,'S2-2_4',759,,58619,11,,,0,170,,58620,11,,,0,130,,58621,11,,,0,175,,58622,11,,,0,120,,58623,11,,,0,175,,58624,11,,,0,125,,58625,11,,,0,170,,58626,11,,,0
900601,'S2-2_5',759,,58627,11,,,0,170,,58628,11,,,0,130,,58629,11,,,0,175,,58630,11,,,0,120,,58631,11,,,0,175,,58632,11,,,0,125,,58633,11,,,0,170,,58634,11,,,0
900601,'S2-3_1',759,,58635,11,,,0,170,,58636,11,,,0,130,,58637,11,,,0,175,,58638,11,,,0,120,,58639,11,,,0,175,,58640,11,,,0,125,,58641,11,,,0,170,,58642,11,,,0
900601,'S2-3_3',759,,58643,11,,,0,170,,58644,11,,,0,130,,58645,11,,,0,175,,58646,11,,,0,120,,58647,11,,,0,175,,58648,11,,,0,125,,58649,11,,,0,170,,58650,11,,,0
900601,'S2-3_4',759,,58651,11,,,0,170,,58652,11,,,0,130,,58653,11,,,0,175,,58654,11,,,0,120,,58655,11,,,0,175,,58656,11,,,0,125,,58657,11,,,0,170,,58658,11,,,0
