200,'2_6',734,,30367,38,0,34,0,112,,30368,38,0,34,0,106,,30369,35,0,34,0,105,,30370,38,0,34,0,150,,30371,38,0,34,0,104,,30372,36,0,34,0,100,,30373,38,0,34,0,104,,30374,38,0,34,0,105,,30375,38,0,34,0,105,,30376,38,0,34,0,99,,30377,38,0,34,0,131,,30389,35,0,34,0
200,'5_1',825,,37413,26,0,34,0,115,,37412,26,0,34,0,107,,37409,35,0,34,0,108,,37401,35,0,34,0,101,,37402,38,0,34,0,85,,37396,26,0,34,0,96,,37398,38,0,34,0,100,,37397,35,0,34,0,111,,37390,35,0,34,0,106,,37389,38,0,34,0,104,,37386,38,0,34,0,97,,37383,38,0,34,0
200,'5_2',825,,38669,26,0,34,0,115,,38668,26,0,34,0,107,,38665,35,0,34,0,108,,38657,35,0,34,0,101,,38658,38,0,34,0,85,,38652,26,0,34,0,96,,38654,38,0,34,0,100,,38653,35,0,34,0,111,,38646,35,0,34,0,106,,38645,38,0,34,0,104,,38642,38,0,34,0,97,,38639,38,0,34,0
200,'5_3',825,,38708,26,0,34,0,115,,38707,26,0,34,0,107,,38704,35,0,34,0,108,,38696,35,0,34,0,101,,38697,38,0,34,0,85,,38691,26,0,34,0,96,,38693,38,0,34,0,100,,38692,35,0,34,0,111,,38685,35,0,34,0,106,,38684,38,0,34,0,104,,38681,38,0,34,0,97,,38678,38,0,34,0
200,'5_4',825,,38747,26,0,34,0,115,,38746,26,0,34,0,107,,38743,35,0,34,0,108,,38735,35,0,34,0,101,,38736,38,0,34,0,85,,38730,26,0,34,0,96,,38732,38,0,34,0,100,,38731,35,0,34,0,111,,38724,35,0,34,0,106,,38723,38,0,34,0,104,,38720,38,0,34,0,97,,38717,38,0,34,0
200,'5_5',825,,38786,26,0,34,0,115,,38785,26,0,34,0,107,,38782,35,0,34,0,108,,38774,35,0,34,0,101,,38775,38,0,34,0,85,,38769,26,0,34,0,96,,38771,38,0,34,0,100,,38770,35,0,34,0,111,,38763,35,0,34,0,106,,38762,38,0,34,0,104,,38759,38,0,34,0,97,,38756,38,0,34,0
200,'6_1',825,,38825,26,0,34,0,115,,38824,26,0,34,0,107,,38821,35,0,34,0,108,,38813,35,0,34,0,101,,38814,38,0,34,0,85,,38808,26,0,34,0,96,,38810,38,0,34,0,100,,38809,35,0,34,0,111,,38802,35,0,34,0,106,,38801,38,0,34,0,104,,38798,38,0,34,0,97,,38795,38,0,34,0
200,'6_2',825,,43720,26,0,34,0,115,,43719,26,0,34,0,107,,43716,35,0,34,0,108,,43708,35,0,34,0,101,,43709,38,0,34,0,85,,43703,26,0,34,0,96,,43705,38,0,34,0,100,,43704,35,0,34,0,111,,43697,35,0,34,0,106,,43696,38,0,34,0,104,,43693,38,0,34,0,97,,43690,38,0,34,0
200,'6_3',825,,43759,26,0,34,0,115,,43758,26,0,34,0,107,,43755,35,0,34,0,108,,43747,35,0,34,0,101,,43748,38,0,34,0,85,,43742,26,0,34,0,96,,43744,38,0,34,0,100,,43743,35,0,34,0,111,,43736,35,0,34,0,106,,43735,38,0,34,0,104,,43732,38,0,34,0,97,,43729,38,0,34,0
200,'6_4',825,,43798,26,0,34,0,115,,43797,26,0,34,0,107,,43794,35,0,34,0,108,,43786,35,0,34,0,101,,43787,38,0,34,0,85,,43781,26,0,34,0,96,,43783,38,0,34,0,100,,43782,35,0,34,0,111,,43775,35,0,34,0,106,,43774,38,0,34,0,104,,43771,38,0,34,0,97,,43768,38,0,34,0
