500,'S2-0_6',706,,55872,30,,,0,33,,55873,30,,,0,101,,55874,30,,,0,101,,55875,30,,,0,98,,55876,30,,,0,100,,55877,30,,,0,99,,55878,30,,,0,98,,55879,30,,,0,80,,55880,30,,,0,39,,55881,30,,,0,99,,55882,30,,,0,102,,55883,30,,,0,100,,55884,30,,,0,74,,55885,30,,,0,26,,55886,30,,,0,97,,55887,30,,,0
500,'S2-1_7',1223,,55888,30,,,0,191,,55889,30,,,0,191,,55890,30,,,0,144,,55891,30,,,0,191,,55892,30,,,0
500,'S2-2_1',706,,55893,30,,,0,33,,55894,30,,,0,101,,55895,30,,,0,101,,55896,30,,,0,98,,55897,30,,,0,100,,55898,30,,,0,99,,55899,30,,,0,98,,55900,30,,,0,80,,55901,30,,,0,39,,55902,30,,,0,99,,55903,30,,,0,102,,55904,30,,,0,100,,55905,30,,,0,74,,55906,30,,,0,26,,55907,30,,,0,97,,55908,30,,,0
500,'S2-2_2',706,,55909,30,,,0,33,,55910,30,,,0,101,,55911,30,,,0,101,,55912,30,,,0,98,,55913,30,,,0,100,,55914,30,,,0,99,,55915,30,,,0,98,,55916,30,,,0,80,,55917,30,,,0,39,,55918,30,,,0,99,,55919,30,,,0,102,,55920,30,,,0,100,,55921,30,,,0,74,,55922,30,,,0,26,,55923,30,,,0,97,,55924,30,,,0
500,'S2-2_3',706,,55925,30,,,0,33,,55926,30,,,0,101,,55927,30,,,0,101,,55928,30,,,0,98,,55929,30,,,0,100,,55930,30,,,0,99,,55931,30,,,0,98,,55932,30,,,0,80,,55933,30,,,0,39,,55934,30,,,0,99,,55935,30,,,0,102,,55936,30,,,0,100,,55937,30,,,0,74,,55938,30,,,0,26,,55939,30,,,0,97,,55940,30,,,0
500,'S2-2_4',706,,55941,30,,,0,33,,55942,30,,,0,101,,55943,30,,,0,101,,55944,30,,,0,98,,55945,30,,,0,100,,55946,30,,,0,99,,55947,30,,,0,98,,55948,30,,,0,80,,55949,30,,,0,39,,55950,30,,,0,99,,55951,30,,,0,102,,55952,30,,,0,100,,55953,30,,,0,74,,55954,30,,,0,26,,55955,30,,,0,97,,55956,30,,,0
500,'S2-2_5',706,,55957,30,,,0,33,,55958,30,,,0,101,,55959,30,,,0,101,,55960,30,,,0,98,,55961,30,,,0,100,,55962,30,,,0,99,,55963,30,,,0,98,,55964,30,,,0,80,,55965,30,,,0,39,,55966,30,,,0,99,,55967,30,,,0,102,,55968,30,,,0,100,,55969,30,,,0,74,,55970,30,,,0,26,,55971,30,,,0,97,,55972,30,,,0
500,'S2-3_1',706,,55973,30,,,0,33,,55974,30,,,0,101,,55975,30,,,0,101,,55976,30,,,0,98,,55977,30,,,0,100,,55978,30,,,0,99,,55979,30,,,0,98,,55980,30,,,0,80,,55981,30,,,0,39,,55982,30,,,0,99,,55983,30,,,0,102,,55984,30,,,0,100,,55985,30,,,0,74,,55986,30,,,0,26,,55987,30,,,0,97,,55988,30,,,0
500,'S2-3_3',706,,55989,30,,,0,33,,55990,30,,,0,101,,55991,30,,,0,101,,55992,30,,,0,98,,55993,30,,,0,100,,55994,30,,,0,99,,55995,30,,,0,98,,55996,30,,,0,80,,55997,30,,,0,39,,55998,30,,,0,99,,55999,30,,,0,102,,56000,30,,,0,100,,56001,30,,,0,74,,56002,30,,,0,26,,56003,30,,,0,97,,56004,30,,,0
500,'S2-3_4',706,,56005,30,,,0,33,,56006,30,,,0,101,,56007,30,,,0,101,,56008,30,,,0,98,,56009,30,,,0,100,,56010,30,,,0,99,,56011,30,,,0,98,,56012,30,,,0,80,,56013,30,,,0,39,,56014,30,,,0,99,,56015,30,,,0,102,,56016,30,,,0,100,,56017,30,,,0,74,,56018,30,,,0,26,,56019,30,,,0,97,,56020,30,,,0
500,'S2-4_7',1223,,56021,30,,,0,191,,56022,30,,,0,191,,56023,30,,,0,144,,56024,30,,,0,191,,56025,30,,,0
