1600,'25k03H-Samedi',1252,,3347,,,0,68,,3348,0,8 33 34,0,395,,3350,,,0
1600,'25l22V-Semaine',1252,,3359,,,0,68,,3360,0,8 33 34,0,395,,3362,,,0
1600,'26a05H-Samedi',1252,,3371,,,0,68,,3372,0,8 33 34,0,395,,3374,,,0
1600,'26a05H-Mercredi',1252,,3383,,,0,68,,3384,0,8 33 34,0,395,,3386,,,0
1600,'26a05H-L-Ma-J-V',1252,,3395,,,0,68,,3396,0,8 33 34,0,395,,3398,,,0
1600,'26b23V-Semaine',1252,,3407,,,0,68,,3408,0,8 33 34,0,395,,3410,,,0
1600,'26c02V-Semaine',1252,,3419,,,0,68,,3420,0,8 33 34,0,395,,3422,,,0
1601,'25k03H-Samedi',1219,,3430,,,0
1601,'25l22V-Semaine',1219,,3440,,,0
1601,'26a05H-Samedi',1219,,3450,,,0
1601,'26a05H-Mercredi',1219,,3460,,,0
1601,'26a05H-L-Ma-J-V',1219,,3470,,,0
1601,'26b23V-Semaine',1219,,3480,,,0
1601,'26c02V-Semaine',1219,,3490,,,0
2101,'25l22V-Semaine',754,,3650,,,0,159,,3651,,,0
2101,'26a05H-Mercredi',754,,3652,,,0,159,,3653,,,0
2101,'26a05H-L-Ma-J-V',754,,3654,,,0,159,,3655,,,0
2101,'26b23V-Semaine',754,,3656,,,0,159,,3657,,,0
2101,'26c02V-Semaine',754,,3658,,,0,159,,3659,,,0
