401,'S2-0_6',735,,55641,45,,,0,124,,55640,45,0,41,0,70,,55638,45,,,0,23,,55627,45,0,41,0,72,,55639,45,0,41,0,31,,55628,45,0,41,0,75,,55634,45,,,0,26,,55629,45,0,41,0,73,,55630,45,0,41,0,72,,55646,45,0,41,0,32,,55648,45,,,0,71,,55635,45,0,41,0,29,,55626,45,0,41,0,68,,55631,45,0,41,0,29,,55636,45,,,0,27,,55632,45,0,41,0,70,,55649,45,0,41,0,31,,55645,45,0,41,0,66,,55642,45,,,0,25,,55643,45,0,41,0,65,,55647,45,,,0,35,,55644,45,0,41,0,75,,55633,45,0,41,0,34,,55637,45,,,0
401,'S2-1_7',1007,,55650,45,,,0,125,,55651,45,,,0,126,,55652,45,,,0,200,,55653,45,,,0,165,,55654,45,,,0,125,,55655,45,,,0,165,,55656,45,,,0
401,'S2-2_1',735,,55667,53,,,0,16,,55668,47,0,41,0,78,,55679,47,0,41,0,75,,55658,48,0,41,0,25,,55680,45,,,0,26,,55659,45,0,41,0,69,,55681,45,0,41,0,31,,55660,45,0,41,0,75,,55675,45,,,0,70,,55661,45,0,41,0,30,,55662,45,0,41,0,72,,55674,47,0,41,0,35,,55672,48,,,0,70,,55676,45,0,41,0,26,,55657,45,0,41,0,68,,55663,45,0,41,0,29,,55677,45,,,0,25,,55664,45,0,41,0,72,,55665,45,,,0,25,,55673,48,0,41,0,68,,55669,47,,,0,29,,55670,50,0,41,0,77,,55682,48,,,0,23,,55671,47,0,41,0,70,,55666,45,0,41,0,37,,55678,45,,,0
401,'S2-2_2',735,,55693,53,,,0,16,,55694,47,0,41,0,78,,55705,47,0,41,0,75,,55684,48,0,41,0,25,,55706,45,,,0,26,,55685,45,0,41,0,69,,55707,45,0,41,0,31,,55686,45,0,41,0,75,,55701,45,,,0,70,,55687,45,0,41,0,30,,55688,45,0,41,0,72,,55700,47,0,41,0,35,,55698,48,,,0,70,,55702,45,0,41,0,26,,55683,45,0,41,0,68,,55689,45,0,41,0,29,,55703,45,,,0,25,,55690,45,0,41,0,72,,55691,45,,,0,25,,55699,48,0,41,0,68,,55695,47,,,0,29,,55696,50,0,41,0,77,,55708,48,,,0,23,,55697,47,0,41,0,70,,55692,45,0,41,0,37,,55704,45,,,0
401,'S2-2_3',735,,55719,53,,,0,16,,55720,47,0,41,0,78,,55731,47,0,41,0,75,,55710,48,0,41,0,25,,55732,45,,,0,26,,55711,45,0,41,0,69,,55733,45,0,41,0,31,,55712,45,0,41,0,75,,55727,45,,,0,70,,55713,45,0,41,0,30,,55714,45,0,41,0,72,,55726,47,0,41,0,35,,55724,48,,,0,70,,55728,45,0,41,0,26,,55709,45,0,41,0,68,,55715,45,0,41,0,29,,55729,45,,,0,25,,55716,45,0,41,0,72,,55717,45,,,0,25,,55725,48,0,41,0,68,,55721,47,,,0,29,,55722,50,0,41,0,77,,55734,48,,,0,23,,55723,47,0,41,0,70,,55718,45,0,41,0,37,,55730,45,,,0
401,'S2-2_4',735,,55745,53,,,0,16,,55746,47,0,41,0,78,,55757,47,0,41,0,75,,55736,48,0,41,0,25,,55758,45,,,0,26,,55737,45,0,41,0,69,,55759,45,0,41,0,31,,55738,45,0,41,0,75,,55753,45,,,0,70,,55739,45,0,41,0,30,,55740,45,0,41,0,72,,55752,47,0,41,0,35,,55750,48,,,0,70,,55754,45,0,41,0,26,,55735,45,0,41,0,68,,55741,45,0,41,0,29,,55755,45,,,0,25,,55742,45,0,41,0,72,,55743,45,,,0,25,,55751,48,0,41,0,68,,55747,47,,,0,29,,55748,50,0,41,0,77,,55760,48,,,0,23,,55749,47,0,41,0,70,,55744,45,0,41,0,37,,55756,45,,,0
401,'S2-2_5',735,,55771,53,,,0,16,,55772,47,0,41,0,78,,55783,47,0,41,0,75,,55762,48,0,41,0,25,,55784,45,,,0,26,,55763,45,0,41,0,69,,55785,45,0,41,0,31,,55764,45,0,41,0,75,,55779,45,,,0,70,,55765,45,0,41,0,30,,55766,45,0,41,0,72,,55778,47,0,41,0,35,,55776,48,,,0,70,,55780,45,0,41,0,26,,55761,45,0,41,0,68,,55767,45,0,41,0,29,,55781,45,,,0,25,,55768,45,0,41,0,72,,55769,45,,,0,25,,55777,48,0,41,0,68,,55773,47,,,0,29,,55774,50,0,41,0,77,,55786,48,,,0,23,,55775,47,0,41,0,70,,55770,45,0,41,0,37,,55782,45,,,0
401,'S2-3_1',735,,55797,53,,,0,16,,55798,47,0,41,0,78,,55809,47,0,41,0,75,,55788,48,0,41,0,25,,55810,45,,,0,26,,55789,45,0,41,0,69,,55811,45,0,41,0,31,,55790,45,0,41,0,75,,55805,45,,,0,70,,55791,45,0,41,0,30,,55792,45,0,41,0,72,,55804,47,0,41,0,35,,55802,48,,,0,70,,55806,45,0,41,0,26,,55787,45,0,41,0,68,,55793,45,0,41,0,29,,55807,45,,,0,25,,55794,45,0,41,0,72,,55795,45,,,0,25,,55803,48,0,41,0,68,,55799,47,,,0,29,,55800,50,0,41,0,77,,55812,48,,,0,23,,55801,47,0,41,0,70,,55796,45,0,41,0,37,,55808,45,,,0
401,'S2-3_3',735,,55823,53,,,0,16,,55824,47,0,41,0,78,,55835,47,0,41,0,75,,55814,48,0,41,0,25,,55836,45,,,0,26,,55815,45,0,41,0,69,,55837,45,0,41,0,31,,55816,45,0,41,0,75,,55831,45,,,0,70,,55817,45,0,41,0,30,,55818,45,0,41,0,72,,55830,47,0,41,0,35,,55828,48,,,0,70,,55832,45,0,41,0,26,,55813,45,0,41,0,68,,55819,45,0,41,0,29,,55833,45,,,0,25,,55820,45,0,41,0,72,,55821,45,,,0,25,,55829,48,0,41,0,68,,55825,47,,,0,29,,55826,50,0,41,0,77,,55838,48,,,0,23,,55827,47,0,41,0,70,,55822,45,0,41,0,37,,55834,45,,,0
401,'S2-3_4',735,,55849,53,,,0,16,,55850,47,0,41,0,78,,55861,47,0,41,0,75,,55840,48,0,41,0,25,,55862,45,,,0,26,,55841,45,0,41,0,69,,55863,45,0,41,0,31,,55842,45,0,41,0,75,,55857,45,,,0,70,,55843,45,0,41,0,30,,55844,45,0,41,0,72,,55856,47,0,41,0,35,,55854,48,,,0,70,,55858,45,0,41,0,26,,55839,45,0,41,0,68,,55845,45,0,41,0,29,,55859,45,,,0,25,,55846,45,0,41,0,72,,55847,45,,,0,25,,55855,48,0,41,0,68,,55851,47,,,0,29,,55852,50,0,41,0,77,,55864,48,,,0,23,,55853,47,0,41,0,70,,55848,45,0,41,0,37,,55860,45,,,0
401,'S2-4_7',1007,,55865,45,,,0,125,,55866,45,,,0,126,,55867,45,,,0,200,,55868,45,,,0,165,,55869,45,,,0,125,,55870,45,,,0,165,,55871,45,,,0
