500,'0_6',707,,65341,31,,,0,33,,65342,31,,,0,101,,65343,31,,,0,101,,65344,31,,,0,98,,65345,31,,,0,99,,65346,31,,,0,99,,65347,31,,,0,98,,65348,31,,,0,81,,65349,31,,,0,38,,65350,31,,,0,99,,65351,31,,,0,102,,65352,31,,,0,100,,65353,31,,,0,74,,65354,31,,,0,26,,65355,31,,,0,97,,65356,31,,,0
500,'1_7',1224,,65357,31,,,0,191,,65358,31,,,0,191,,65359,31,,,0,144,,65360,31,,,0,191,,65361,31,,,0
500,'2_1',707,,65362,31,,,0,33,,65363,31,,,0,101,,65364,31,,,0,101,,65365,31,,,0,98,,65366,31,,,0,99,,65367,31,,,0,99,,65368,31,,,0,98,,65369,31,,,0,81,,65370,31,,,0,38,,65371,31,,,0,99,,65372,31,,,0,102,,65373,31,,,0,100,,65374,31,,,0,74,,65375,31,,,0,26,,65376,31,,,0,97,,65377,31,,,0
500,'2_2',707,,65378,31,,,0,33,,65379,31,,,0,101,,65380,31,,,0,101,,65381,31,,,0,98,,65382,31,,,0,99,,65383,31,,,0,99,,65384,31,,,0,98,,65385,31,,,0,81,,65386,31,,,0,38,,65387,31,,,0,99,,65388,31,,,0,102,,65389,31,,,0,100,,65390,31,,,0,74,,65391,31,,,0,26,,65392,31,,,0,97,,65393,31,,,0
500,'2_3',707,,65394,31,,,0,33,,65395,31,,,0,101,,65396,31,,,0,101,,65397,31,,,0,98,,65398,31,,,0,99,,65399,31,,,0,99,,65400,31,,,0,98,,65401,31,,,0,81,,65402,31,,,0,38,,65403,31,,,0,99,,65404,31,,,0,102,,65405,31,,,0,100,,65406,31,,,0,74,,65407,31,,,0,26,,65408,31,,,0,97,,65409,31,,,0
500,'2_4',707,,65410,31,,,0,33,,65411,31,,,0,101,,65412,31,,,0,101,,65413,31,,,0,98,,65414,31,,,0,99,,65415,31,,,0,99,,65416,31,,,0,98,,65417,31,,,0,81,,65418,31,,,0,38,,65419,31,,,0,99,,65420,31,,,0,102,,65421,31,,,0,100,,65422,31,,,0,74,,65423,31,,,0,26,,65424,31,,,0,97,,65425,31,,,0
500,'2_5',707,,65426,31,,,0,33,,65427,31,,,0,101,,65428,31,,,0,101,,65429,31,,,0,98,,65430,31,,,0,99,,65431,31,,,0,99,,65432,31,,,0,98,,65433,31,,,0,81,,65434,31,,,0,38,,65435,31,,,0,99,,65436,31,,,0,102,,65437,31,,,0,100,,65438,31,,,0,74,,65439,31,,,0,26,,65440,31,,,0,97,,65441,31,,,0
500,'3_1',707,,65442,31,,,0,33,,65443,31,,,0,101,,65444,31,,,0,101,,65445,31,,,0,98,,65446,31,,,0,99,,65447,31,,,0,99,,65448,31,,,0,98,,65449,31,,,0,81,,65450,31,,,0,38,,65451,31,,,0,99,,65452,31,,,0,102,,65453,31,,,0,100,,65454,31,,,0,74,,65455,31,,,0,26,,65456,31,,,0,97,,65457,31,,,0
500,'3_3',707,,65458,31,,,0,33,,65459,31,,,0,101,,65460,31,,,0,101,,65461,31,,,0,98,,65462,31,,,0,99,,65463,31,,,0,99,,65464,31,,,0,98,,65465,31,,,0,81,,65466,31,,,0,38,,65467,31,,,0,99,,65468,31,,,0,102,,65469,31,,,0,100,,65470,31,,,0,74,,65471,31,,,0,26,,65472,31,,,0,97,,65473,31,,,0
500,'3_4',707,,65474,31,,,0,33,,65475,31,,,0,101,,65476,31,,,0,101,,65477,31,,,0,98,,65478,31,,,0,99,,65479,31,,,0,99,,65480,31,,,0,98,,65481,31,,,0,81,,65482,31,,,0,38,,65483,31,,,0,99,,65484,31,,,0,102,,65485,31,,,0,100,,65486,31,,,0,74,,65487,31,,,0,26,,65488,31,,,0,97,,65489,31,,,0
500,'3_5',707,,65490,31,,,0,33,,65491,31,,,0,101,,65492,31,,,0,101,,65493,31,,,0,98,,65494,31,,,0,99,,65495,31,,,0,99,,65496,31,,,0,98,,65497,31,,,0,81,,65498,31,,,0,38,,65499,31,,,0,99,,65500,31,,,0,102,,65501,31,,,0,100,,65502,31,,,0,74,,65503,31,,,0,26,,65504,31,,,0,97,,65505,31,,,0
500,'4_7',1224,,65506,31,,,0,191,,65507,31,,,0,191,,65508,31,,,0,144,,65509,31,,,0,191,,65510,31,,,0
1000000,'0_6',536,,68818,11,0,31 33,0,81,,68819,11,0,31 33,0,40,,68829,11,,,0,82,,68830,11,,,0,16,,68831,11,0,31 33,0,55,,68832,11,0,31 33,0,15,,68833,11,,,0,15,,68834,11,0,31 33,0,15,,68835,11,0,31 33,0,54,,68836,11,,,0,15,,68837,11,0,31 33,0,16,,68873,11,0,31 33,0,17,,68838,11,,,0,56,,68839,11,0,31 33,0,15,,68840,11,,,0,16,,68841,11,0,31 33,0,56,,68842,11,0,31 33,0,15,,68843,11,,,0,16,,68844,11,0,31 33,0,15,,68845,11,0,31 33,0,56,,68846,11,,,0,15,,68847,11,0,31 33,0,15,,68848,11,0,31 33,0,16,,68849,11,,,0,55,,68850,11,0,31 33,0,15,,68851,11,,,0,16,,68852,11,0,31 33,0,15,,68853,11,0,31 33,0,55,,68854,11,,,0,16,,68855,11,0,31 33,0,16,,68856,11,0,31 33,0,15,,68857,11,,,0,56,,68858,11,0,31 33,0,16,,68859,11,0,31 33,0,16,,68860,11,,,0,16,,68861,11,0,31 33,0,56,,68862,11,,,0,16,,68863,11,0,31 33,0,17,,68864,11,0,31 33,0,56,,68865,11,,,0,16,,68866,11,0,31 33,0,16,,68868,11,0,31 33,0,16,,68867,11,,,0,56,,68869,11,0,31 33,0,15,,68870,11,,,0,15,,68871,11,0,31 33,0,15,,68872,11,0,31 33,0,55,,68820,11,0,31 33,0,15,,68821,11,0,31 33,0,15,,68822,11,0,31 33,0,16,,68823,11,0,31 33,0,60,,68824,11,0,31 33,0,20,,68825,11,0,31 33,0,19,,68826,11,0,31 33,0,59,,68827,11,0,31 33,0,19,,68828,11,0,31 33,0
1000000,'1_7',809,,68874,11,0,31 33,0,40,,68875,11,0,31 33,0,80,,68876,11,0,31 33,0,80,,68877,11,0,31 33,0,40,,68878,11,0,31 33,0,80,,68879,11,0,31 33,0,80,,68880,11,0,31 33,0,40,,68881,11,0,31 33,0,80,,68882,11,0,31 33,0,80,,68883,11,0,31 33,0,40,,68884,11,0,31 33,0,80,,68885,11,0,31 33,0,80,,68886,11,0,31 33,0,40,,68887,11,0,31 33,0,80,,68888,11,0,31 33,0,80,,68889,11,0,31 33,0,40,,68890,11,0,31 33,0,80,,68891,11,0,31 33,0
1000000,'2_1',541,,68892,11,0,31 33,0,60,,68893,11,0,31 33,0,20,,68894,11,0,31 33,0,19,,68895,11,,,0,15,,68921,11,,,0,54,,68910,11,,,0,14,,68945,11,,,0,15,,68931,11,,,0,15,,68936,11,,,0,55,,68946,11,,,0,14,,68923,11,,,0,15,,68933,11,0,31 33,0,15,,68938,11,,,0,55,,68906,11,0,31 33,0,15,,68909,11,,,0,16,,68940,11,0,31 33,0,16,,68939,11,,,0,56,,68928,11,0,31 33,0,15,,68898,11,,,0,16,,68924,11,0,31 33,0,16,,68907,11,,,0,55,,68925,11,0,31 33,0,16,,68919,11,,,0,16,,68916,11,0,31 33,0,56,,68914,11,,,0,16,,68930,11,0,31 33,0,15,,68900,11,,,0,16,,68896,11,0,31 33,0,55,,68942,11,,,0,15,,68922,11,0,31 33,0,16,,68899,11,,,0,16,,68917,11,0,31 33,0,55,,68937,11,,,0,14,,68915,11,0,31 33,0,14,,68912,11,,,0,13,,68911,11,0,31 33,0,14,,68920,11,,,0,54,,68929,11,0,31 33,0,14,,68932,11,,,0,14,,68947,11,,,0,14,,68948,11,,,0,54,,68943,11,,,0,14,,68949,11,,,0,15,,68935,11,,,0,16,,68950,11,,,0,55,,68903,11,,,0,15,,68951,11,,,0,15,,68902,11,,,0,15,,68952,11,,,0,55,,68944,11,,,0,14,,68913,11,0,31 33,0,15,,68897,11,0,31 33,0,15,,68908,11,,,0,55,,68904,11,0,31 33,0,19,,68918,11,0,31 33,0,20,,68905,11,0,31 33,0,61,,68901,11,0,31 33,0,20,,68934,11,0,31 33,0,20,,68926,11,0,31 33,0,60,,68927,11,0,31 33,0,20,,68941,11,0,31 33,0
1000000,'2_2',541,,68953,11,0,31 33,0,60,,68954,11,0,31 33,0,20,,68955,11,0,31 33,0,19,,68956,11,,,0,15,,68982,11,,,0,54,,68971,11,,,0,14,,69006,11,,,0,15,,68992,11,,,0,15,,68997,11,,,0,55,,69007,11,,,0,14,,68984,11,,,0,15,,68994,11,0,31 33,0,15,,68999,11,,,0,55,,68967,11,0,31 33,0,15,,68970,11,,,0,16,,69001,11,0,31 33,0,16,,69000,11,,,0,56,,68989,11,0,31 33,0,15,,68959,11,,,0,16,,68985,11,0,31 33,0,16,,68968,11,,,0,55,,68986,11,0,31 33,0,16,,68980,11,,,0,16,,68977,11,0,31 33,0,56,,68975,11,,,0,16,,68991,11,0,31 33,0,15,,68961,11,,,0,16,,68957,11,0,31 33,0,55,,69003,11,,,0,15,,68983,11,0,31 33,0,16,,68960,11,,,0,16,,68978,11,0,31 33,0,55,,68998,11,,,0,14,,68976,11,0,31 33,0,14,,68973,11,,,0,13,,68972,11,0,31 33,0,14,,68981,11,,,0,54,,68990,11,0,31 33,0,14,,68993,11,,,0,14,,69008,11,,,0,14,,69009,11,,,0,54,,69004,11,,,0,14,,69010,11,,,0,15,,68996,11,,,0,16,,69011,11,,,0,55,,68964,11,,,0,15,,69012,11,,,0,15,,68963,11,,,0,15,,69013,11,,,0,55,,69005,11,,,0,14,,68974,11,0,31 33,0,15,,68958,11,0,31 33,0,15,,68969,11,,,0,55,,68965,11,0,31 33,0,19,,68979,11,0,31 33,0,20,,68966,11,0,31 33,0,61,,68962,11,0,31 33,0,20,,68995,11,0,31 33,0,20,,68987,11,0,31 33,0,60,,68988,11,0,31 33,0,20,,69002,11,0,31 33,0
1000000,'2_3',541,,69014,11,0,31 33,0,60,,69015,11,0,31 33,0,20,,69016,11,0,31 33,0,19,,69017,11,,,0,15,,69043,11,,,0,54,,69032,11,,,0,14,,69067,11,,,0,15,,69053,11,,,0,15,,69058,11,,,0,55,,69068,11,,,0,14,,69045,11,,,0,15,,69055,11,0,31 33,0,15,,69060,11,,,0,55,,69028,11,0,31 33,0,15,,69031,11,,,0,16,,69062,11,0,31 33,0,16,,69061,11,,,0,56,,69050,11,0,31 33,0,15,,69020,11,,,0,16,,69046,11,0,31 33,0,16,,69029,11,,,0,55,,69047,11,0,31 33,0,16,,69041,11,,,0,16,,69038,11,0,31 33,0,56,,69036,11,,,0,16,,69052,11,0,31 33,0,15,,69022,11,,,0,16,,69018,11,0,31 33,0,55,,69064,11,,,0,15,,69044,11,0,31 33,0,16,,69021,11,,,0,16,,69039,11,0,31 33,0,55,,69059,11,,,0,14,,69037,11,0,31 33,0,14,,69034,11,,,0,13,,69033,11,0,31 33,0,14,,69042,11,,,0,54,,69051,11,0,31 33,0,14,,69054,11,,,0,14,,69069,11,,,0,14,,69070,11,,,0,54,,69065,11,,,0,14,,69071,11,,,0,15,,69057,11,,,0,16,,69072,11,,,0,55,,69025,11,,,0,15,,69073,11,,,0,15,,69024,11,,,0,15,,69074,11,,,0,55,,69066,11,,,0,14,,69035,11,0,31 33,0,15,,69019,11,0,31 33,0,15,,69030,11,,,0,55,,69026,11,0,31 33,0,19,,69040,11,0,31 33,0,20,,69027,11,0,31 33,0,61,,69023,11,0,31 33,0,20,,69056,11,0,31 33,0,20,,69048,11,0,31 33,0,60,,69049,11,0,31 33,0,20,,69063,11,0,31 33,0
1000000,'2_4',541,,69075,11,0,31 33,0,60,,69076,11,0,31 33,0,20,,69077,11,0,31 33,0,19,,69078,11,,,0,15,,69104,11,,,0,54,,69093,11,,,0,14,,69128,11,,,0,15,,69114,11,,,0,15,,69119,11,,,0,55,,69129,11,,,0,14,,69106,11,,,0,15,,69116,11,0,31 33,0,15,,69121,11,,,0,55,,69089,11,0,31 33,0,15,,69092,11,,,0,16,,69123,11,0,31 33,0,16,,69122,11,,,0,56,,69111,11,0,31 33,0,15,,69081,11,,,0,16,,69107,11,0,31 33,0,16,,69090,11,,,0,55,,69108,11,0,31 33,0,16,,69102,11,,,0,16,,69099,11,0,31 33,0,56,,69097,11,,,0,16,,69113,11,0,31 33,0,15,,69083,11,,,0,16,,69079,11,0,31 33,0,55,,69125,11,,,0,15,,69105,11,0,31 33,0,16,,69082,11,,,0,16,,69100,11,0,31 33,0,55,,69120,11,,,0,14,,69098,11,0,31 33,0,14,,69095,11,,,0,13,,69094,11,0,31 33,0,14,,69103,11,,,0,54,,69112,11,0,31 33,0,14,,69115,11,,,0,14,,69130,11,,,0,14,,69131,11,,,0,54,,69126,11,,,0,14,,69132,11,,,0,15,,69118,11,,,0,16,,69133,11,,,0,55,,69086,11,,,0,15,,69134,11,,,0,15,,69085,11,,,0,15,,69135,11,,,0,55,,69127,11,,,0,14,,69096,11,0,31 33,0,15,,69080,11,0,31 33,0,15,,69091,11,,,0,55,,69087,11,0,31 33,0,19,,69101,11,0,31 33,0,20,,69088,11,0,31 33,0,61,,69084,11,0,31 33,0,20,,69117,11,0,31 33,0,20,,69109,11,0,31 33,0,60,,69110,11,0,31 33,0,20,,69124,11,0,31 33,0
1000000,'2_5',541,,69136,11,0,31 33,0,60,,69137,11,0,31 33,0,20,,69138,11,0,31 33,0,19,,69139,11,,,0,15,,69165,11,,,0,54,,69154,11,,,0,14,,69189,11,,,0,15,,69175,11,,,0,15,,69180,11,,,0,55,,69190,11,,,0,14,,69167,11,,,0,15,,69177,11,0,31 33,0,15,,69182,11,,,0,55,,69150,11,0,31 33,0,15,,69153,11,,,0,16,,69184,11,0,31 33,0,16,,69183,11,,,0,56,,69172,11,0,31 33,0,15,,69142,11,,,0,16,,69168,11,0,31 33,0,16,,69151,11,,,0,55,,69169,11,0,31 33,0,16,,69163,11,,,0,16,,69160,11,0,31 33,0,56,,69158,11,,,0,16,,69174,11,0,31 33,0,15,,69144,11,,,0,16,,69140,11,0,31 33,0,55,,69186,11,,,0,15,,69166,11,0,31 33,0,16,,69143,11,,,0,16,,69161,11,0,31 33,0,55,,69181,11,,,0,14,,69159,11,0,31 33,0,14,,69156,11,,,0,13,,69155,11,0,31 33,0,14,,69164,11,,,0,54,,69173,11,0,31 33,0,14,,69176,11,,,0,14,,69191,11,,,0,14,,69192,11,,,0,54,,69187,11,,,0,14,,69193,11,,,0,15,,69179,11,,,0,16,,69194,11,,,0,55,,69147,11,,,0,15,,69195,11,,,0,15,,69146,11,,,0,15,,69196,11,,,0,55,,69188,11,,,0,14,,69157,11,0,31 33,0,15,,69141,11,0,31 33,0,15,,69152,11,,,0,55,,69148,11,0,31 33,0,19,,69162,11,0,31 33,0,20,,69149,11,0,31 33,0,61,,69145,11,0,31 33,0,20,,69178,11,0,31 33,0,20,,69170,11,0,31 33,0,60,,69171,11,0,31 33,0,20,,69185,11,0,31 33,0
1000000,'3_1',541,,69197,11,0,31 33,0,60,,69198,11,0,31 33,0,20,,69199,11,0,31 33,0,19,,69200,11,,,0,15,,69226,11,,,0,54,,69215,11,,,0,14,,69250,11,,,0,15,,69236,11,,,0,15,,69241,11,,,0,55,,69251,11,,,0,14,,69228,11,,,0,15,,69238,11,0,31 33,0,15,,69243,11,,,0,55,,69211,11,0,31 33,0,15,,69214,11,,,0,16,,69245,11,0,31 33,0,16,,69244,11,,,0,56,,69233,11,0,31 33,0,15,,69203,11,,,0,16,,69229,11,0,31 33,0,16,,69212,11,,,0,55,,69230,11,0,31 33,0,16,,69224,11,,,0,16,,69221,11,0,31 33,0,56,,69219,11,,,0,16,,69235,11,0,31 33,0,15,,69205,11,,,0,16,,69201,11,0,31 33,0,55,,69247,11,,,0,15,,69227,11,0,31 33,0,16,,69204,11,,,0,16,,69222,11,0,31 33,0,55,,69242,11,,,0,14,,69220,11,0,31 33,0,14,,69217,11,,,0,13,,69216,11,0,31 33,0,14,,69225,11,,,0,54,,69234,11,0,31 33,0,14,,69237,11,,,0,14,,69252,11,,,0,14,,69253,11,,,0,54,,69248,11,,,0,14,,69254,11,,,0,15,,69240,11,,,0,16,,69255,11,,,0,55,,69208,11,,,0,15,,69256,11,,,0,15,,69207,11,,,0,15,,69257,11,,,0,55,,69249,11,,,0,14,,69218,11,0,31 33,0,15,,69202,11,0,31 33,0,15,,69213,11,,,0,55,,69209,11,0,31 33,0,19,,69223,11,0,31 33,0,20,,69210,11,0,31 33,0,61,,69206,11,0,31 33,0,20,,69239,11,0,31 33,0,20,,69231,11,0,31 33,0,60,,69232,11,0,31 33,0,20,,69246,11,0,31 33,0
1000000,'3_3',541,,69258,11,0,31 33,0,60,,69259,11,0,31 33,0,20,,69260,11,0,31 33,0,19,,69261,11,,,0,15,,69287,11,,,0,54,,69276,11,,,0,14,,69311,11,,,0,15,,69297,11,,,0,15,,69302,11,,,0,55,,69312,11,,,0,14,,69289,11,,,0,15,,69299,11,0,31 33,0,15,,69304,11,,,0,55,,69272,11,0,31 33,0,15,,69275,11,,,0,16,,69306,11,0,31 33,0,16,,69305,11,,,0,56,,69294,11,0,31 33,0,15,,69264,11,,,0,16,,69290,11,0,31 33,0,16,,69273,11,,,0,55,,69291,11,0,31 33,0,16,,69285,11,,,0,16,,69282,11,0,31 33,0,56,,69280,11,,,0,16,,69296,11,0,31 33,0,15,,69266,11,,,0,16,,69262,11,0,31 33,0,55,,69308,11,,,0,15,,69288,11,0,31 33,0,16,,69265,11,,,0,16,,69283,11,0,31 33,0,55,,69303,11,,,0,14,,69281,11,0,31 33,0,14,,69278,11,,,0,13,,69277,11,0,31 33,0,14,,69286,11,,,0,54,,69295,11,0,31 33,0,14,,69298,11,,,0,14,,69313,11,,,0,14,,69314,11,,,0,54,,69309,11,,,0,14,,69315,11,,,0,15,,69301,11,,,0,16,,69316,11,,,0,55,,69269,11,,,0,15,,69317,11,,,0,15,,69268,11,,,0,15,,69318,11,,,0,55,,69310,11,,,0,14,,69279,11,0,31 33,0,15,,69263,11,0,31 33,0,15,,69274,11,,,0,55,,69270,11,0,31 33,0,19,,69284,11,0,31 33,0,20,,69271,11,0,31 33,0,61,,69267,11,0,31 33,0,20,,69300,11,0,31 33,0,20,,69292,11,0,31 33,0,60,,69293,11,0,31 33,0,20,,69307,11,0,31 33,0
1000000,'3_4',541,,69319,11,0,31 33,0,60,,69320,11,0,31 33,0,20,,69321,11,0,31 33,0,19,,69322,11,,,0,15,,69348,11,,,0,54,,69337,11,,,0,14,,69372,11,,,0,15,,69358,11,,,0,15,,69363,11,,,0,55,,69373,11,,,0,14,,69350,11,,,0,15,,69360,11,0,31 33,0,15,,69365,11,,,0,55,,69333,11,0,31 33,0,15,,69336,11,,,0,16,,69367,11,0,31 33,0,16,,69366,11,,,0,56,,69355,11,0,31 33,0,15,,69325,11,,,0,16,,69351,11,0,31 33,0,16,,69334,11,,,0,55,,69352,11,0,31 33,0,16,,69346,11,,,0,16,,69343,11,0,31 33,0,56,,69341,11,,,0,16,,69357,11,0,31 33,0,15,,69327,11,,,0,16,,69323,11,0,31 33,0,55,,69369,11,,,0,15,,69349,11,0,31 33,0,16,,69326,11,,,0,16,,69344,11,0,31 33,0,55,,69364,11,,,0,14,,69342,11,0,31 33,0,14,,69339,11,,,0,13,,69338,11,0,31 33,0,14,,69347,11,,,0,54,,69356,11,0,31 33,0,14,,69359,11,,,0,14,,69374,11,,,0,14,,69375,11,,,0,54,,69370,11,,,0,14,,69376,11,,,0,15,,69362,11,,,0,16,,69377,11,,,0,55,,69330,11,,,0,15,,69378,11,,,0,15,,69329,11,,,0,15,,69379,11,,,0,55,,69371,11,,,0,14,,69340,11,0,31 33,0,15,,69324,11,0,31 33,0,15,,69335,11,,,0,55,,69331,11,0,31 33,0,19,,69345,11,0,31 33,0,20,,69332,11,0,31 33,0,61,,69328,11,0,31 33,0,20,,69361,11,0,31 33,0,20,,69353,11,0,31 33,0,60,,69354,11,0,31 33,0,20,,69368,11,0,31 33,0
1000000,'3_5',541,,69380,11,0,31 33,0,60,,69381,11,0,31 33,0,20,,69382,11,0,31 33,0,19,,69383,11,,,0,15,,69409,11,,,0,54,,69398,11,,,0,14,,69433,11,,,0,15,,69419,11,,,0,15,,69424,11,,,0,55,,69434,11,,,0,14,,69411,11,,,0,15,,69421,11,0,31 33,0,15,,69426,11,,,0,55,,69394,11,0,31 33,0,15,,69397,11,,,0,16,,69428,11,0,31 33,0,16,,69427,11,,,0,56,,69416,11,0,31 33,0,15,,69386,11,,,0,16,,69412,11,0,31 33,0,16,,69395,11,,,0,55,,69413,11,0,31 33,0,16,,69407,11,,,0,16,,69404,11,0,31 33,0,56,,69402,11,,,0,16,,69418,11,0,31 33,0,15,,69388,11,,,0,16,,69384,11,0,31 33,0,55,,69430,11,,,0,15,,69410,11,0,31 33,0,16,,69387,11,,,0,16,,69405,11,0,31 33,0,55,,69425,11,,,0,14,,69403,11,0,31 33,0,14,,69400,11,,,0,13,,69399,11,0,31 33,0,14,,69408,11,,,0,54,,69417,11,0,31 33,0,14,,69420,11,,,0,14,,69435,11,,,0,14,,69436,11,,,0,54,,69431,11,,,0,14,,69437,11,,,0,15,,69423,11,,,0,16,,69438,11,,,0,55,,69391,11,,,0,15,,69439,11,,,0,15,,69390,11,,,0,15,,69440,11,,,0,55,,69432,11,,,0,14,,69401,11,0,31 33,0,15,,69385,11,0,31 33,0,15,,69396,11,,,0,55,,69392,11,0,31 33,0,19,,69406,11,0,31 33,0,20,,69393,11,0,31 33,0,61,,69389,11,0,31 33,0,20,,69422,11,0,31 33,0,20,,69414,11,0,31 33,0,60,,69415,11,0,31 33,0,20,,69429,11,0,31 33,0
1000000,'4_7',809,,69441,11,0,31 33,0,40,,69442,11,0,31 33,0,80,,69443,11,0,31 33,0,80,,69444,11,0,31 33,0,40,,69445,11,0,31 33,0,80,,69446,11,0,31 33,0,80,,69447,11,0,31 33,0,40,,69448,11,0,31 33,0,80,,69449,11,0,31 33,0,80,,69450,11,0,31 33,0,40,,69451,11,0,31 33,0,80,,69452,11,0,31 33,0,80,,69453,11,0,31 33,0,40,,69454,11,0,31 33,0,80,,69455,11,0,31 33,0,80,,69456,11,0,31 33,0,40,,69457,11,0,31 33,0,80,,69458,11,0,31 33,0
