901,'2_6',744,,32274,10,0,23 24,0,99,,32286,10,0,25,0,367,,32284,10,0,25,0,319,,32282,10,0,25,0,82,,32275,10,0,23 24,0,103,,32276,10,0,23 24,0,135,,32277,10,0,23 24,0,90,,32278,10,0,23 24,0
901,'5_5',744,,40244,10,0,26,0,66,,40245,10,0,27 63,0,103,,40246,10,0,23 24,0,289,,40250,10,0,25,0,327,,40257,10,0,25,0,91,,40253,10,0,23 24,0,95,,40254,10,0,23 24,0,129,,40255,10,0,23 24,0,95,,40256,10,0,23 24,0
901,'6_1',744,,40258,10,0,26,0,66,,40259,10,0,27 63,0,103,,40260,10,0,23 24,0,289,,40264,10,0,25,0,327,,40271,10,0,25,0,91,,40267,10,0,23 24,0,95,,40268,10,0,23 24,0,129,,40269,10,0,23 24,0,95,,40270,10,0,23 24,0
901,'6_2',744,,44627,10,0,26,0,66,,44628,10,0,27 63,0,103,,44629,10,0,23 24,0,289,,44633,10,0,25,0,327,,44640,10,0,25,0,91,,44636,10,0,23 24,0,95,,44637,10,0,23 24,0,129,,44638,10,0,23 24,0,95,,44639,10,0,23 24,0
901,'6_3',744,,44641,10,0,26,0,66,,44642,10,0,27 63,0,103,,44643,10,0,23 24,0,289,,44647,10,0,25,0,327,,44654,10,0,25,0,91,,44650,10,0,23 24,0,95,,44651,10,0,23 24,0,129,,44652,10,0,23 24,0,95,,44653,10,0,23 24,0
901,'6_4',744,,44655,10,0,26,0,66,,44656,10,0,27 63,0,103,,44657,10,0,23 24,0,289,,44661,10,0,25,0,327,,44668,10,0,25,0,91,,44664,10,0,23 24,0,95,,44665,10,0,23 24,0,129,,44666,10,0,23 24,0,95,,44667,10,0,23 24,0
901,'7_1',745,,47097,10,0,26,0,66,,47098,10,0,27 63,0,102,,47103,10,0,23 24,0,192,,47104,10,0,23 24,0,107,,47099,10,0,27 63,0,139,,47105,10,0,23 24,0,151,,47106,10,0,23 24,0,110,,47100,10,0,27 63,0,100,,47101,10,0,27 63,0,100,,47102,10,0,27 63,0,127,,47112,10,,,0
1001,'2_6',750,,32445,5,,,0,103,,32446,5,,,0,101,,32453,3,,,0,102,,32447,5,,,0,100,,32454,3,,,0,85,,32455,3,,,0,163,,32450,5,,,0,38,,32456,3,,,0,187,,32451,5,,,0,118,,32452,5,,,0,91,,32448,5,,,0,107,,32449,5,,,0
1001,'5_5',750,,40373,5,,,0,99,,40375,5,,,0,105,,40378,3,,,0,102,,40376,5,,,0,100,,40379,3,,,0,85,,40380,3,,,0,163,,40374,5,,,0,38,,40384,3,,,0,187,,40381,5,,,0,118,,40382,5,,,0,91,,40383,5,,,0,107,,40377,5,,,0
1001,'6_1',750,,40385,5,,,0,99,,40387,5,,,0,105,,40390,3,,,0,102,,40388,5,,,0,100,,40391,3,,,0,85,,40392,3,,,0,163,,40386,5,,,0,38,,40396,3,,,0,187,,40393,5,,,0,118,,40394,5,,,0,91,,40395,5,,,0,107,,40389,5,,,0
1001,'6_2',750,,44708,5,,,0,99,,44710,5,,,0,105,,44713,3,,,0,102,,44711,5,,,0,100,,44714,3,,,0,85,,44715,3,,,0,163,,44709,5,,,0,38,,44719,3,,,0,187,,44716,5,,,0,118,,44717,5,,,0,91,,44718,5,,,0,107,,44712,5,,,0
1001,'6_3',750,,44720,5,,,0,99,,44722,5,,,0,105,,44725,3,,,0,102,,44723,5,,,0,100,,44726,3,,,0,85,,44727,3,,,0,163,,44721,5,,,0,38,,44731,3,,,0,187,,44728,5,,,0,118,,44729,5,,,0,91,,44730,5,,,0,107,,44724,5,,,0
1001,'6_4',750,,44732,5,,,0,99,,44734,5,,,0,105,,44737,3,,,0,102,,44735,5,,,0,100,,44738,3,,,0,85,,44739,3,,,0,163,,44733,5,,,0,38,,44743,3,,,0,187,,44740,5,,,0,118,,44741,5,,,0,91,,44742,5,,,0,107,,44736,5,,,0
1001,'7_1',752,,47128,5,,,0,99,,47130,5,,,0,85,,47131,5,,,0,79,,47135,3,,,0,86,,47132,5,,,0,50,,47136,3,,,0,85,,47137,3,,,0,69,,47138,3,,,0,99,,47129,5,,,0,37,,47139,3,,,0,184,,47140,5,,,0,321,,47134,5,,,0
1901,'7_1',1612,,47235,10,,,0,100,,47236,10,,,0,100,,47237,10,,,0
1000001,'2_6',553,,35155,21,,,0,82,,35156,21,,,0,81,,35157,21,,,0,30,,35158,21,,,0,69,,35159,27,,,0,29,,35160,27,,,0,15,,35161,21,,,0,55,,35162,21,,,0,15,,35163,27,,,0,16,,35164,21,,,0,55,,35165,21,,,0,15,,35166,27,,,0,16,,35167,21,,,0,15,,35168,21,,,0,56,,35169,27,,,0,15,,35170,21,,,0,15,,35171,21,,,0,16,,35172,27,,,0,54,,35173,21,,,0,16,,35174,21,,,0,15,,35175,27,,,0,14,,35176,21,,,0,57,,35177,21,,,0,16,,35178,27,,,0,9,,35179,21,,,0,9,,35180,21,,,0,9,,35181,21,,,0,10,,35183,21,,,0,50,,35182,27,,,0,10,,35184,21,,,0,11,,35185,21,,,0,12,,35186,27,,,0,10,,35187,21,,,0,9,,35188,21,,,0,50,,35189,21,,,0,11,,35190,27,,,0,10,,35191,21,,,0,10,,35192,21,,,0,11,,35193,21,,,0,51,,35194,27,,,0,9,,35195,21,,,0,10,,35196,21,,,0,10,,35197,21,,,0,12,,35198,27,,,0,9,,35199,21,,,0,49,,35200,21,,,0,10,,35201,21,,,0,10,,35203,21,,,0,9,,35202,27,,,0,10,,35204,21,,,0,9,,35205,21,,,0,10,,35207,21,,,0,49,,35206,27,,,0,9,,35208,21,,,0,9,,35209,21,,,0,9,,35211,21,,,0,10,,35210,27,,,0,10,,35212,21,,,0,53,,35213,21,,,0,19,,35214,27,,,0,17,,35215,21,,,0,61,,35216,21,,,0,21,,35217,21,,,0,16,,35218,21,,,0,59,,35219,21,,,0,20,,35220,21,,,0,20,,35221,21,,,0,60,,35222,21,,,0
1000001,'3_7',824,,35223,21,,,0,80,,35224,21,,,0,40,,35225,21,,,0,80,,35226,21,,,0,80,,35227,21,,,0,40,,35228,21,,,0,80,,35229,21,,,0,80,,35230,21,,,0,40,,35231,21,,,0,80,,35232,21,,,0,80,,35233,21,,,0,40,,35234,21,,,0,80,,35235,21,,,0,80,,35236,21,,,0,40,,35237,21,,,0,80,,35238,21,,,0,80,,35239,21,,,0,40,,35240,21,,,0
1000001,'4_7',824,,47561,21,,,0,80,,47562,21,,,0,40,,47563,21,,,0,80,,47564,21,,,0,80,,47565,21,,,0,40,,47566,21,,,0,80,,47567,21,,,0,80,,47568,21,,,0,40,,47569,21,,,0,80,,47570,21,,,0,80,,47571,21,,,0,40,,47572,21,,,0,80,,47573,21,,,0,80,,47574,21,,,0,40,,47575,21,,,0,80,,47576,21,,,0,80,,47577,21,,,0,40,,47578,21,,,0
1000001,'5_5',553,,41893,21,,,0,61,,41894,21,,,0,20,,41895,21,,,0,21,,41896,21,,,0,60,,41897,21,,,0,10,,41977,21,,,0,11,,41978,21,,,0,10,,41928,27,,,0,10,,41929,27,,,0,50,,41930,27,,,0,10,,41931,27,,,0,10,,41932,27,,,0,10,,41933,27,,,0,10,,41934,27,,,0,10,,41935,27,,,0,49,,41936,27,,,0,10,,41937,27,,,0,11,,41938,27,,,0,10,,41939,27,,,0,12,,41898,21,,,0,11,,41899,27,,,0,50,,41900,21,,,0,10,,41901,27,,,0,10,,41902,21,,,0,11,,41940,27,,,0,11,,41903,21,,,0,51,,41904,27,,,0,11,,41905,21,,,0,11,,41906,27,,,0,10,,41907,21,,,0,11,,41941,27,,,0,10,,41908,21,,,0,51,,41909,27,,,0,10,,41910,21,,,0,10,,41911,27,,,0,8,,41942,21,,,0,10,,41943,27,,,0,10,,41944,21,,,0,50,,41945,27,,,0,10,,41946,21,,,0,10,,41947,27,,,0,10,,41948,21,,,0,9,,41949,27,,,0,11,,41950,21,,,0,49,,41951,27,,,0,10,,41952,21,,,0,10,,41953,27,,,0,10,,41954,21,,,0,10,,41912,27,,,0,10,,41913,21,,,0,50,,41955,27,,,0,10,,41914,21,,,0,10,,41915,27,,,0,11,,41916,21,,,0,10,,41956,27,,,0,11,,41917,21,,,0,51,,41918,27,,,0,11,,41919,21,,,0,10,,41920,27,,,0,10,,41921,27,,,0,10,,41957,27,,,0,10,,41958,27,,,0,51,,41959,27,,,0,10,,41960,27,,,0,10,,41961,27,,,0,10,,41962,27,,,0,10,,41963,27,,,0,10,,41964,27,,,0,49,,41965,27,,,0,10,,41966,27,,,0,10,,41967,27,,,0,9,,41968,27,,,0,9,,41969,27,,,0,9,,41970,27,,,0,49,,41971,27,,,0,9,,41972,21,,,0,10,,41973,27,,,0,10,,41974,21,,,0,13,,41976,27,,,0,59,,41975,27,,,0,20,,41922,21,,,0,19,,41923,21,,,0,59,,41924,21,,,0,20,,41925,21,,,0,20,,41926,21,,,0,60,,41927,21,,,0
1000001,'6_1',553,,41979,21,,,0,61,,41980,21,,,0,20,,41981,21,,,0,21,,41982,21,,,0,60,,41983,21,,,0,10,,42063,21,,,0,11,,42064,21,,,0,10,,42014,27,,,0,10,,42015,27,,,0,50,,42016,27,,,0,10,,42017,27,,,0,10,,42018,27,,,0,10,,42019,27,,,0,10,,42020,27,,,0,10,,42021,27,,,0,49,,42022,27,,,0,10,,42023,27,,,0,11,,42024,27,,,0,10,,42025,27,,,0,12,,41984,21,,,0,11,,41985,27,,,0,50,,41986,21,,,0,10,,41987,27,,,0,10,,41988,21,,,0,11,,42026,27,,,0,11,,41989,21,,,0,51,,41990,27,,,0,11,,41991,21,,,0,11,,41992,27,,,0,10,,41993,21,,,0,11,,42027,27,,,0,10,,41994,21,,,0,51,,41995,27,,,0,10,,41996,21,,,0,10,,41997,27,,,0,8,,42028,21,,,0,10,,42029,27,,,0,10,,42030,21,,,0,50,,42031,27,,,0,10,,42032,21,,,0,10,,42033,27,,,0,10,,42034,21,,,0,9,,42035,27,,,0,11,,42036,21,,,0,49,,42037,27,,,0,10,,42038,21,,,0,10,,42039,27,,,0,10,,42040,21,,,0,10,,41998,27,,,0,10,,41999,21,,,0,50,,42041,27,,,0,10,,42000,21,,,0,10,,42001,27,,,0,11,,42002,21,,,0,10,,42042,27,,,0,11,,42003,21,,,0,51,,42004,27,,,0,11,,42005,21,,,0,10,,42006,27,,,0,10,,42007,27,,,0,10,,42043,27,,,0,10,,42044,27,,,0,51,,42045,27,,,0,10,,42046,27,,,0,10,,42047,27,,,0,10,,42048,27,,,0,10,,42049,27,,,0,10,,42050,27,,,0,49,,42051,27,,,0,10,,42052,27,,,0,10,,42053,27,,,0,9,,42054,27,,,0,9,,42055,27,,,0,9,,42056,27,,,0,49,,42057,27,,,0,9,,42058,21,,,0,10,,42059,27,,,0,10,,42060,21,,,0,13,,42062,27,,,0,59,,42061,27,,,0,20,,42008,21,,,0,19,,42009,21,,,0,59,,42010,21,,,0,20,,42011,21,,,0,20,,42012,21,,,0,60,,42013,21,,,0
1000001,'6_2',553,,45491,21,,,0,61,,45492,21,,,0,20,,45493,21,,,0,21,,45494,21,,,0,60,,45495,21,,,0,10,,45575,21,,,0,11,,45576,21,,,0,10,,45526,27,,,0,10,,45527,27,,,0,50,,45528,27,,,0,10,,45529,27,,,0,10,,45530,27,,,0,10,,45531,27,,,0,10,,45532,27,,,0,10,,45533,27,,,0,49,,45534,27,,,0,10,,45535,27,,,0,11,,45536,27,,,0,10,,45537,27,,,0,12,,45496,21,,,0,11,,45497,27,,,0,50,,45498,21,,,0,10,,45499,27,,,0,10,,45500,21,,,0,11,,45538,27,,,0,11,,45501,21,,,0,51,,45502,27,,,0,11,,45503,21,,,0,11,,45504,27,,,0,10,,45505,21,,,0,11,,45539,27,,,0,10,,45506,21,,,0,51,,45507,27,,,0,10,,45508,21,,,0,10,,45509,27,,,0,8,,45540,21,,,0,10,,45541,27,,,0,10,,45542,21,,,0,50,,45543,27,,,0,10,,45544,21,,,0,10,,45545,27,,,0,10,,45546,21,,,0,9,,45547,27,,,0,11,,45548,21,,,0,49,,45549,27,,,0,10,,45550,21,,,0,10,,45551,27,,,0,10,,45552,21,,,0,10,,45510,27,,,0,10,,45511,21,,,0,50,,45553,27,,,0,10,,45512,21,,,0,10,,45513,27,,,0,11,,45514,21,,,0,10,,45554,27,,,0,11,,45515,21,,,0,51,,45516,27,,,0,11,,45517,21,,,0,10,,45518,27,,,0,10,,45519,27,,,0,10,,45555,27,,,0,10,,45556,27,,,0,51,,45557,27,,,0,10,,45558,27,,,0,10,,45559,27,,,0,10,,45560,27,,,0,10,,45561,27,,,0,10,,45562,27,,,0,49,,45563,27,,,0,10,,45564,27,,,0,10,,45565,27,,,0,9,,45566,27,,,0,9,,45567,27,,,0,9,,45568,27,,,0,49,,45569,27,,,0,9,,45570,21,,,0,10,,45571,27,,,0,10,,45572,21,,,0,13,,45574,27,,,0,59,,45573,27,,,0,20,,45520,21,,,0,19,,45521,21,,,0,59,,45522,21,,,0,20,,45523,21,,,0,20,,45524,21,,,0,60,,45525,21,,,0
1000001,'6_3',553,,45577,21,,,0,61,,45578,21,,,0,20,,45579,21,,,0,21,,45580,21,,,0,60,,45581,21,,,0,10,,45661,21,,,0,11,,45662,21,,,0,10,,45612,27,,,0,10,,45613,27,,,0,50,,45614,27,,,0,10,,45615,27,,,0,10,,45616,27,,,0,10,,45617,27,,,0,10,,45618,27,,,0,10,,45619,27,,,0,49,,45620,27,,,0,10,,45621,27,,,0,11,,45622,27,,,0,10,,45623,27,,,0,12,,45582,21,,,0,11,,45583,27,,,0,50,,45584,21,,,0,10,,45585,27,,,0,10,,45586,21,,,0,11,,45624,27,,,0,11,,45587,21,,,0,51,,45588,27,,,0,11,,45589,21,,,0,11,,45590,27,,,0,10,,45591,21,,,0,11,,45625,27,,,0,10,,45592,21,,,0,51,,45593,27,,,0,10,,45594,21,,,0,10,,45595,27,,,0,8,,45626,21,,,0,10,,45627,27,,,0,10,,45628,21,,,0,50,,45629,27,,,0,10,,45630,21,,,0,10,,45631,27,,,0,10,,45632,21,,,0,9,,45633,27,,,0,11,,45634,21,,,0,49,,45635,27,,,0,10,,45636,21,,,0,10,,45637,27,,,0,10,,45638,21,,,0,10,,45596,27,,,0,10,,45597,21,,,0,50,,45639,27,,,0,10,,45598,21,,,0,10,,45599,27,,,0,11,,45600,21,,,0,10,,45640,27,,,0,11,,45601,21,,,0,51,,45602,27,,,0,11,,45603,21,,,0,10,,45604,27,,,0,10,,45605,27,,,0,10,,45641,27,,,0,10,,45642,27,,,0,51,,45643,27,,,0,10,,45644,27,,,0,10,,45645,27,,,0,10,,45646,27,,,0,10,,45647,27,,,0,10,,45648,27,,,0,49,,45649,27,,,0,10,,45650,27,,,0,10,,45651,27,,,0,9,,45652,27,,,0,9,,45653,27,,,0,9,,45654,27,,,0,49,,45655,27,,,0,9,,45656,21,,,0,10,,45657,27,,,0,10,,45658,21,,,0,13,,45660,27,,,0,59,,45659,27,,,0,20,,45606,21,,,0,19,,45607,21,,,0,59,,45608,21,,,0,20,,45609,21,,,0,20,,45610,21,,,0,60,,45611,21,,,0
1000001,'6_4',553,,45663,21,,,0,61,,45664,21,,,0,20,,45665,21,,,0,21,,45666,21,,,0,60,,45667,21,,,0,10,,45747,21,,,0,11,,45748,21,,,0,10,,45698,27,,,0,10,,45699,27,,,0,50,,45700,27,,,0,10,,45701,27,,,0,10,,45702,27,,,0,10,,45703,27,,,0,10,,45704,27,,,0,10,,45705,27,,,0,49,,45706,27,,,0,10,,45707,27,,,0,11,,45708,27,,,0,10,,45709,27,,,0,12,,45668,21,,,0,11,,45669,27,,,0,50,,45670,21,,,0,10,,45671,27,,,0,10,,45672,21,,,0,11,,45710,27,,,0,11,,45673,21,,,0,51,,45674,27,,,0,11,,45675,21,,,0,11,,45676,27,,,0,10,,45677,21,,,0,11,,45711,27,,,0,10,,45678,21,,,0,51,,45679,27,,,0,10,,45680,21,,,0,10,,45681,27,,,0,8,,45712,21,,,0,10,,45713,27,,,0,10,,45714,21,,,0,50,,45715,27,,,0,10,,45716,21,,,0,10,,45717,27,,,0,10,,45718,21,,,0,9,,45719,27,,,0,11,,45720,21,,,0,49,,45721,27,,,0,10,,45722,21,,,0,10,,45723,27,,,0,10,,45724,21,,,0,10,,45682,27,,,0,10,,45683,21,,,0,50,,45725,27,,,0,10,,45684,21,,,0,10,,45685,27,,,0,11,,45686,21,,,0,10,,45726,27,,,0,11,,45687,21,,,0,51,,45688,27,,,0,11,,45689,21,,,0,10,,45690,27,,,0,10,,45691,27,,,0,10,,45727,27,,,0,10,,45728,27,,,0,51,,45729,27,,,0,10,,45730,27,,,0,10,,45731,27,,,0,10,,45732,27,,,0,10,,45733,27,,,0,10,,45734,27,,,0,49,,45735,27,,,0,10,,45736,27,,,0,10,,45737,27,,,0,9,,45738,27,,,0,9,,45739,27,,,0,9,,45740,27,,,0,49,,45741,27,,,0,9,,45742,21,,,0,10,,45743,27,,,0,10,,45744,21,,,0,13,,45746,27,,,0,59,,45745,27,,,0,20,,45692,21,,,0,19,,45693,21,,,0,59,,45694,21,,,0,20,,45695,21,,,0,20,,45696,21,,,0,60,,45697,21,,,0
1000001,'7_1',553,,47579,21,,,0,60,,47580,21,,,0,20,,47581,21,,,0,20,,47582,21,,,0,62,,47583,21,,,0,10,,47663,21,,,0,11,,47664,21,,,0,10,,47614,27,,,0,10,,47615,27,,,0,50,,47616,27,,,0,11,,47617,27,,,0,10,,47618,27,,,0,9,,47619,27,,,0,10,,47620,27,,,0,10,,47621,27,,,0,50,,47622,27,,,0,10,,47623,27,,,0,10,,47624,27,,,0,11,,47625,27,,,0,11,,47584,21,,,0,11,,47585,27,,,0,50,,47586,21,,,0,10,,47587,27,,,0,11,,47588,21,,,0,11,,47626,27,,,0,11,,47589,21,,,0,51,,47590,27,,,0,10,,47591,21,,,0,11,,47592,27,,,0,10,,47593,21,,,0,11,,47627,27,,,0,11,,47594,21,,,0,51,,47595,27,,,0,10,,47596,21,,,0,9,,47597,27,,,0,9,,47628,21,,,0,10,,47629,27,,,0,10,,47630,21,,,0,50,,47631,27,,,0,10,,47632,21,,,0,10,,47633,27,,,0,10,,47634,21,,,0,9,,47635,27,,,0,10,,47636,21,,,0,51,,47637,27,,,0,10,,47638,21,,,0,10,,47639,27,,,0,10,,47640,21,,,0,10,,47598,27,,,0,10,,47599,21,,,0,49,,47641,27,,,0,10,,47600,21,,,0,9,,47601,27,,,0,11,,47602,21,,,0,11,,47642,27,,,0,12,,47603,21,,,0,51,,47604,27,,,0,11,,47605,21,,,0,10,,47606,27,,,0,9,,47607,27,,,0,10,,47643,27,,,0,10,,47644,27,,,0,50,,47645,27,,,0,11,,47646,27,,,0,11,,47647,27,,,0,11,,47648,27,,,0,10,,47649,27,,,0,50,,47650,27,,,0,9,,47651,27,,,0,10,,47652,27,,,0,10,,47653,27,,,0,8,,47654,27,,,0,9,,47655,27,,,0,9,,47656,27,,,0,48,,47657,27,,,0,9,,47658,21,,,0,9,,47659,27,,,0,10,,47660,21,,,0,12,,47662,27,,,0,59,,47661,27,,,0,20,,47608,21,,,0,20,,47609,21,,,0,60,,47610,21,,,0,20,,47611,21,,,0,19,,47612,21,,,0,60,,47613,21,,,0
