900,'2509-HIV-25j05H-d-Dimanche-00',850,,10740,,,0,300,,10738,,,0,300,,10739,,,0,300,,10741,,,0
900,'2509-HIV-25j26H-d-Dimanche-00',850,,10744,,,0,300,,10742,,,0,300,,10743,,,0,300,,10745,,,0
900,'2509-HIV-25k03H-s-Samedi-00',653,,10748,,,0,99,,10749,,,0,158,,10747,0,28,0,127,,10754,0,28,0,69,,10750,,,0,136,,10756,0,28,0,98,,10755,0,28,0,89,,10751,,,0,90,,10746,,,0,98,,10757,,,0,135,,10752,,,0,94,,10753,,,0
900,'2509-HIV-25l22Vlv-Semaine-00',649,,10759,,,0,65,,10760,,,0,39,,10762,,,0,62,,10764,,,0,1,,10763,,,0,87,,10761,,,0,51,,10765,,,0,89,,10769,0,28,0,63,,10766,,,0,128,,10768,0,28,0,106,,10770,0,28,0,89,,10772,,,0,99,,10775,,,0,89,,10773,,,0,133,,10771,,,0,97,,10774,,,0
900,'2509-HIV-26a05H-s-Samedi-00',653,,10778,,,0,99,,10779,,,0,158,,10777,0,28,0,127,,10784,0,28,0,69,,10780,,,0,136,,10786,0,28,0,98,,10785,0,28,0,89,,10781,,,0,90,,10776,,,0,98,,10787,,,0,135,,10782,,,0,94,,10783,,,0
900,'2509-HIV-26a05H-w-Mercredi-00',643,,10789,,,0,68,,10790,,,0,41,,10794,,,0,61,,10795,,,0,4,,10796,,,0,84,,10791,,,0,49,,10797,,,0,94,,10798,0,28,0,93,,10799,,,0,105,,10800,,,0,70,,10792,,,0,130,,10803,,,0,84,,10801,,,0,110,,10802,,,0,72,,10793,,,0,130,,10804,,,0,78,,10805,0,28,0
900,'2509-HIV-26a05Hlv-L-Ma-J-V-00',643,,10808,,,0,68,,10809,,,0,41,,10813,,,0,61,,10814,,,0,4,,10815,,,0,84,,10810,,,0,49,,10816,,,0,94,,10817,0,28,0,93,,10818,,,0,105,,10819,,,0,70,,10811,,,0,130,,10822,,,0,84,,10820,,,0,110,,10821,,,0,72,,10812,,,0,130,,10823,,,0,78,,10824,0,28,0
900,'2509-HIV-26b23Vlv-Semaine-00',649,,10827,,,0,65,,10828,,,0,39,,10830,,,0,62,,10832,,,0,1,,10831,,,0,87,,10829,,,0,51,,10833,,,0,89,,10837,0,28,0,63,,10834,,,0,128,,10836,0,28,0,106,,10838,0,28,0,89,,10840,,,0,99,,10843,,,0,89,,10841,,,0,133,,10839,,,0,97,,10842,,,0
900,'2509-HIV-26c02Vlv-Semaine-00',649,,10845,,,0,65,,10846,,,0,39,,10848,,,0,62,,10850,,,0,1,,10849,,,0,87,,10847,,,0,51,,10851,,,0,89,,10855,0,28,0,63,,10852,,,0,128,,10854,0,28,0,106,,10856,0,28,0,89,,10858,,,0,99,,10861,,,0,89,,10859,,,0,133,,10857,,,0,97,,10860,,,0
901,'2509-HIV-25j05H-d-Dimanche-00',1007,,10862,,,0,299,,10864,4,,0,301,,10865,4,,0,297,,10863,,,0
901,'2509-HIV-25j26H-d-Dimanche-00',1007,,10866,,,0,299,,10868,4,,0,301,,10869,4,,0,297,,10867,,,0
901,'2509-HIV-25k03H-s-Samedi-00',806,,10870,0,9 10 9,0,99,,10882,4,,0,49,,10875,0,9 10 9,0,166,,10876,0,9 10 9,0,113,,10880,4,,0,79,,10877,0,9 10 9,0,107,,10879,4,,0,90,,10881,4,,0,45,,10878,4,,0,83,,10871,0,9 10 9,0,103,,10872,0,9 10 9,0,172,,10873,0,9 10 9,0,89,,10874,0,9 10 9,0
901,'2509-HIV-25l22Vlv-Semaine-00',806,,10883,0,11,0,26,,10884,0,12,0,104,,10885,0,9 10 9,0,65,,10886,0,9 10 9,0,129,,10887,0,9 10 9,0,95,,10889,4,,0,89,,10888,0,9 10 9,0,106,,10890,4,,0,91,,10891,4,,0,43,,10896,4,,0,92,,10892,0,9 10 9,0,95,,10893,0,9 10 9,0,166,,10894,0,9 10 9,0,94,,10895,0,9 10 9,0
901,'2509-HIV-26a05H-s-Samedi-00',806,,10897,0,9 10 9,0,99,,10909,4,,0,49,,10902,0,9 10 9,0,166,,10903,0,9 10 9,0,113,,10907,4,,0,79,,10904,0,9 10 9,0,107,,10906,4,,0,90,,10908,4,,0,45,,10905,4,,0,83,,10898,0,9 10 9,0,103,,10899,0,9 10 9,0,172,,10900,0,9 10 9,0,89,,10901,0,9 10 9,0
901,'2509-HIV-26a05H-w-Mercredi-00',809,,10910,0,11,0,26,,10911,0,12,0,103,,10916,0,9 10 9,0,95,,10920,0,9 10 9,0,98,,10917,0,9 10 9,0,106,,10912,0,12,0,181,,10918,0,9 10 9,0,112,,10919,0,9 10 9,0,109,,10913,0,12,0,102,,10914,0,12,0,95,,10915,0,12,0,164,,10925,,,0
901,'2509-HIV-26a05Hlv-L-Ma-J-V-00',809,,10926,0,11,0,26,,10927,0,12,0,103,,10932,0,9 10 9,0,95,,10936,0,9 10 9,0,98,,10933,0,9 10 9,0,106,,10928,0,12,0,181,,10934,0,9 10 9,0,112,,10935,0,9 10 9,0,109,,10929,0,12,0,102,,10930,0,12,0,95,,10931,0,12,0,164,,10941,,,0
901,'2509-HIV-26b23Vlv-Semaine-00',806,,10942,0,11,0,26,,10943,0,12,0,104,,10944,0,9 10 9,0,65,,10945,0,9 10 9,0,129,,10946,0,9 10 9,0,95,,10948,4,,0,89,,10947,0,9 10 9,0,106,,10949,4,,0,91,,10950,4,,0,43,,10955,4,,0,92,,10951,0,9 10 9,0,95,,10952,0,9 10 9,0,166,,10953,0,9 10 9,0,94,,10954,0,9 10 9,0
901,'2509-HIV-26c02Vlv-Semaine-00',806,,10956,0,11,0,26,,10957,0,12,0,104,,10958,0,9 10 9,0,65,,10959,0,9 10 9,0,129,,10960,0,9 10 9,0,95,,10962,4,,0,89,,10961,0,9 10 9,0,106,,10963,4,,0,91,,10964,4,,0,43,,10969,4,,0,92,,10965,0,9 10 9,0,95,,10966,0,9 10 9,0,166,,10967,0,9 10 9,0,94,,10968,0,9 10 9,0
1600,'2509-HIV-25k03H-s-Samedi-00',813,,11415,4,,0,43,,11416,4,,0,85,,11417,4,,0,76,,11421,,,0,116,,11418,4,,0,177,,11423,,,0,114,,11419,4,,0,104,,11425,4,,0,104,,11420,4,,0,101,,11426,,,0,123,,11422,,,0
1600,'2509-HIV-25l22Vlv-Semaine-00',813,,11427,4,,0,43,,11428,4,,0,85,,11429,4,,0,76,,11433,,,0,116,,11430,4,,0,177,,11435,,,0,114,,11431,4,,0,104,,11437,4,,0,104,,11432,4,,0,101,,11438,,,0,123,,11434,,,0
1600,'2509-HIV-26a05H-s-Samedi-00',813,,11439,4,,0,43,,11440,4,,0,85,,11441,4,,0,76,,11445,,,0,116,,11442,4,,0,177,,11447,,,0,114,,11443,4,,0,104,,11449,4,,0,104,,11444,4,,0,101,,11450,,,0,123,,11446,,,0
1600,'2509-HIV-26a05H-w-Mercredi-00',813,,11451,4,,0,43,,11452,4,,0,85,,11453,4,,0,76,,11457,,,0,116,,11454,4,,0,177,,11459,,,0,114,,11455,4,,0,104,,11461,4,,0,104,,11456,4,,0,101,,11462,,,0,123,,11458,,,0
1600,'2509-HIV-26a05Hlv-L-Ma-J-V-00',813,,11463,4,,0,43,,11464,4,,0,85,,11465,4,,0,76,,11469,,,0,116,,11466,4,,0,177,,11471,,,0,114,,11467,4,,0,104,,11473,4,,0,104,,11468,4,,0,101,,11474,,,0,123,,11470,,,0
1600,'2509-HIV-26b23Vlv-Semaine-00',813,,11475,4,,0,43,,11476,4,,0,85,,11477,4,,0,76,,11481,,,0,116,,11478,4,,0,177,,11483,,,0,114,,11479,4,,0,104,,11485,4,,0,104,,11480,4,,0,101,,11486,,,0,123,,11482,,,0
1600,'2509-HIV-26c02Vlv-Semaine-00',813,,11487,4,,0,43,,11488,4,,0,85,,11489,4,,0,76,,11493,,,0,116,,11490,4,,0,177,,11495,,,0,114,,11491,4,,0,104,,11497,4,,0,104,,11492,4,,0,101,,11498,,,0,123,,11494,,,0
1601,'2509-HIV-25k03H-s-Samedi-00',823,,11499,,,0,77,,11500,,,0,44,,11501,,,0,115,,11503,,,0,149,,11506,,,0,139,,11504,,,0,105,,11507,,,0,85,,11502,,,0,106,,11508,,,0,169,,11505,,,0
1601,'2509-HIV-25l22Vlv-Semaine-00',823,,11509,,,0,77,,11510,,,0,44,,11511,,,0,115,,11513,,,0,149,,11516,,,0,139,,11514,,,0,105,,11517,,,0,85,,11512,,,0,106,,11518,,,0,169,,11515,,,0
1601,'2509-HIV-26a05H-s-Samedi-00',823,,11519,,,0,77,,11520,,,0,44,,11521,,,0,115,,11523,,,0,149,,11526,,,0,139,,11524,,,0,105,,11527,,,0,85,,11522,,,0,106,,11528,,,0,169,,11525,,,0
1601,'2509-HIV-26a05H-w-Mercredi-00',823,,11529,,,0,77,,11530,,,0,44,,11531,,,0,115,,11533,,,0,149,,11536,,,0,139,,11534,,,0,105,,11537,,,0,85,,11532,,,0,106,,11538,,,0,169,,11535,,,0
1601,'2509-HIV-26a05Hlv-L-Ma-J-V-00',823,,11539,,,0,77,,11540,,,0,44,,11541,,,0,115,,11543,,,0,149,,11546,,,0,139,,11544,,,0,105,,11547,,,0,85,,11542,,,0,106,,11548,,,0,169,,11545,,,0
1601,'2509-HIV-26b23Vlv-Semaine-00',823,,11549,,,0,77,,11550,,,0,44,,11551,,,0,115,,11553,,,0,149,,11556,,,0,139,,11554,,,0,105,,11557,,,0,85,,11552,,,0,106,,11558,,,0,169,,11555,,,0
1601,'2509-HIV-26c02Vlv-Semaine-00',823,,11559,,,0,77,,11560,,,0,44,,11561,,,0,115,,11563,,,0,149,,11566,,,0,139,,11564,,,0,105,,11567,,,0,85,,11562,,,0,106,,11568,,,0,169,,11565,,,0
1900,'2509-HIV-25j05H-d-Dimanche-00',841,,11650,4,,0,900,,11651,4,,0
1900,'2509-HIV-25j26H-d-Dimanche-00',841,,11652,4,,0,900,,11653,4,,0
1900,'2509-HIV-26a05H-w-Mercredi-00',701,,11655,,,0,16,,11656,,,0,84,,11661,,,0,7,,11654,0,8 10 55,0,14,,11660,,,0,934,,11657,,,0,150,,11659,4,,0
1900,'2509-HIV-26a05H-w-Mercredi-00-0010000',1404,,11662,,,0
1900,'2509-HIV-26a05Hlv-L-Ma-J-V-00',701,,11664,,,0,16,,11665,,,0,84,,11670,,,0,7,,11663,0,8 10 55,0,14,,11669,,,0,934,,11666,,,0,150,,11668,4,,0
1901,'2509-HIV-25j05H-d-Dimanche-00',1015,,11671,,,0,895,,11672,,,0
1901,'2509-HIV-25j26H-d-Dimanche-00',1015,,11673,,,0,895,,11674,,,0
1901,'2509-HIV-26a05H-w-Mercredi-00',1649,,11675,,,0,110,,11676,,,0,99,,11677,,,0
1901,'2509-HIV-26a05H-w-Mercredi-00-0010000',1228,,11678,,,0,20,,11680,,,0,63,,11679,0,,0
1901,'2509-HIV-26a05Hlv-L-Ma-J-V-00',1649,,11681,,,0,110,,11682,,,0,99,,11683,,,0
1901,'2509-HIV-26a05Hlv-L-Ma-J-V-00-1101100',1610,,11687,,,0,19,,11684,,,0,81,,11688,,,0,19,,11685,,,0,99,,11686,,,0
29000900,'2509-HIV-26a05H-w-Mercredi-00',659,,16119,,,0,100,,16120,,,0
29000900,'2509-HIV-26a05Hlv-L-Ma-J-V-00',659,,16121,,,0,100,,16122,,,0
29000901,'2509-HIV-26a05H-w-Mercredi-00',1746,,16123,,,0,100,,16124,,,0
29000901,'2509-HIV-26a05Hlv-L-Ma-J-V-00',1746,,16125,,,0,100,,16126,,,0
