601,'S2-1_6',800,,9291,22,,,0,51,,9293,22,,,0,96,,9294,22,,,0,92,,9295,22,,,0,88,,9296,22,,,0,88,,9297,22,,,0,88,,9298,22,,,0,49,,9299,22,,,0,90,,9300,22,,,0,89,,9301,22,,,0,100,,9302,22,,,0,92,,9303,22,,,0,93,,9304,22,,,0,85,,9305,22,,,0,49,,9292,22,,,0
601,'S2-5_1',632,,9306,22,,,0,108,,9319,22,,,0,95,,9307,22,,,0,102,,9308,22,,,0,99,,9309,22,,,0,100,,9310,22,,,0,106,,9323,22,,,0,59,,9311,22,,,0,42,,9312,22,,,0,103,,9313,22,,,0,95,,9314,22,,,0,82,,9320,22,,,0,78,,9315,23,,,0,41,,9321,22,,,0,66,,9316,23,,,0,27,,9322,23,,,0,65,,9317,22,,,0,55,,9318,22,,,0
601,'S2-5_2',632,,9324,22,,,0,108,,9337,22,,,0,95,,9325,22,,,0,102,,9326,22,,,0,99,,9327,22,,,0,100,,9328,22,,,0,106,,9341,22,,,0,59,,9329,22,,,0,42,,9330,22,,,0,103,,9331,22,,,0,95,,9332,22,,,0,82,,9338,22,,,0,78,,9333,23,,,0,41,,9339,22,,,0,66,,9334,23,,,0,27,,9340,23,,,0,65,,9335,22,,,0,55,,9336,22,,,0
601,'S2-5_4',632,,9342,22,,,0,108,,9355,22,,,0,95,,9343,22,,,0,102,,9344,22,,,0,99,,9345,22,,,0,100,,9346,22,,,0,106,,9359,22,,,0,59,,9347,22,,,0,42,,9348,22,,,0,103,,9349,22,,,0,95,,9350,22,,,0,82,,9356,22,,,0,78,,9351,23,,,0,41,,9357,22,,,0,66,,9352,23,,,0,27,,9358,23,,,0,65,,9353,22,,,0,55,,9354,22,,,0
601,'S2-5_5',632,,9360,22,,,0,108,,9373,22,,,0,95,,9361,22,,,0,102,,9362,22,,,0,99,,9363,22,,,0,100,,9364,22,,,0,106,,9377,22,,,0,59,,9365,22,,,0,42,,9366,22,,,0,103,,9367,22,,,0,95,,9368,22,,,0,82,,9374,22,,,0,78,,9369,23,,,0,41,,9375,22,,,0,66,,9370,23,,,0,27,,9376,23,,,0,65,,9371,22,,,0,55,,9372,22,,,0
601,'S2-6_3',632,,9378,22,,,0,108,,9392,22,,,0,95,,9379,22,,,0,102,,9380,22,,,0,99,,9381,22,,,0,100,,9382,22,,,0,106,,9383,23,,,0,59,,9384,22,,,0,42,,9385,22,,,0,103,,9386,22,,,0,95,,9387,22,,,0,82,,9393,22,,,0,78,,9388,23,,,0,41,,9394,22,,,0,66,,9389,23,,,0,27,,9395,23,,,0,65,,9390,22,,,0,55,,9391,22,,,0
2900601,'S2-5_1',1751,,13591,4,,,0,95,,13592,4,,,0
2900601,'S2-5_2',1751,,13593,4,,,0,95,,13594,4,,,0
2900601,'S2-5_4',1751,,13595,4,,,0,95,,13596,4,,,0
2900601,'S2-5_5',1751,,13597,4,,,0,95,,13598,4,,,0
2900601,'S2-6_3',1751,,13599,4,,,0,95,,13600,4,,,0
