301,'S2-1_6',743,,23234,27,,,0,71,,23231,27,,,0,30,,23232,27,,,0,70,,23233,27,,,0,31,,23235,27,,,0,70,,23236,27,,,0,31,,23237,27,,,0,70,,23238,27,,,0,31,,23242,27,,,0,69,,23241,27,,,0,28,,23239,27,,,0,69,,23240,27,,,0,29,,23244,27,,,0,71,,23245,27,,,0,30,,23243,27,,,0,71,,23246,27,,,0,30,,23249,27,,,0,72,,23247,27,,,0,33,,23248,27,,,0,71,,23251,27,,,0,32,,23250,27,,,0,70,,23252,27,,,0,32,,23253,27,,,0,67,,23254,27,,,0,29,,23255,27,,,0,69,,23256,27,,,0,30,,23257,27,,,0,63,,23258,27,,,0
301,'S2-4_7',936,,23259,27,,,0,100,,23260,27,,,0,100,,23261,27,,,0,100,,23262,27,,,0,100,,23263,27,,,0,100,,23264,27,,,0,100,,23265,27,,,0,100,,23266,27,,,0,100,,23267,27,,,0,100,,23268,27,,,0,100,,23269,27,,,0
301,'S2-5_1',738,,23296,27,,,0,21,,23270,27,,,0,74,,23297,27,,,0,73,,23271,27,,,0,30,,23272,27,,,0,71,,23273,27,,,0,32,,23274,27,,,0,72,,23275,27,,,0,33,,23276,27,,,0,74,,23277,27,,,0,31,,23278,27,,,0,71,,23279,27,,,0,33,,23280,27,,,0,72,,23281,27,,,0,31,,23282,27,,,0,71,,23283,27,,,0,27,,23284,27,,,0,68,,23285,27,,,0,31,,23286,27,,,0,70,,23287,27,,,0,30,,23288,27,,,0,70,,23289,27,,,0,23,,23290,27,,,0,62,,23291,27,,,0,24,,23292,27,,,0,69,,23293,27,,,0,28,,23294,27,,,0,30,,23295,27,,,0
301,'S2-5_2',738,,23324,27,,,0,21,,23298,27,,,0,74,,23325,27,,,0,73,,23299,27,,,0,30,,23300,27,,,0,71,,23301,27,,,0,32,,23302,27,,,0,72,,23303,27,,,0,33,,23304,27,,,0,74,,23305,27,,,0,31,,23306,27,,,0,71,,23307,27,,,0,33,,23308,27,,,0,72,,23309,27,,,0,31,,23310,27,,,0,71,,23311,27,,,0,27,,23312,27,,,0,68,,23313,27,,,0,31,,23314,27,,,0,70,,23315,27,,,0,30,,23316,27,,,0,70,,23317,27,,,0,23,,23318,27,,,0,62,,23319,27,,,0,24,,23320,27,,,0,69,,23321,27,,,0,28,,23322,27,,,0,30,,23323,27,,,0
301,'S2-5_4',738,,23352,27,,,0,21,,23326,27,,,0,74,,23353,27,,,0,73,,23327,27,,,0,30,,23328,27,,,0,71,,23329,27,,,0,32,,23330,27,,,0,72,,23331,27,,,0,33,,23332,27,,,0,74,,23333,27,,,0,31,,23334,27,,,0,71,,23335,27,,,0,33,,23336,27,,,0,72,,23337,27,,,0,31,,23338,27,,,0,71,,23339,27,,,0,27,,23340,27,,,0,68,,23341,27,,,0,31,,23342,27,,,0,70,,23343,27,,,0,30,,23344,27,,,0,70,,23345,27,,,0,23,,23346,27,,,0,62,,23347,27,,,0,24,,23348,27,,,0,69,,23349,27,,,0,28,,23350,27,,,0,30,,23351,27,,,0
301,'S2-5_5',738,,23380,27,,,0,21,,23354,27,,,0,74,,23381,27,,,0,73,,23355,27,,,0,30,,23356,27,,,0,71,,23357,27,,,0,32,,23358,27,,,0,72,,23359,27,,,0,33,,23360,27,,,0,74,,23361,27,,,0,31,,23362,27,,,0,71,,23363,27,,,0,33,,23364,27,,,0,72,,23365,27,,,0,31,,23366,27,,,0,71,,23367,27,,,0,27,,23368,27,,,0,68,,23369,27,,,0,31,,23370,27,,,0,70,,23371,27,,,0,30,,23372,27,,,0,70,,23373,27,,,0,23,,23374,27,,,0,62,,23375,27,,,0,24,,23376,27,,,0,69,,23377,27,,,0,28,,23378,27,,,0,30,,23379,27,,,0
301,'S2-6_3',738,,23408,27,,,0,21,,23382,27,,,0,74,,23409,27,,,0,73,,23383,27,,,0,30,,23384,27,,,0,71,,23385,27,,,0,32,,23386,27,,,0,72,,23387,27,,,0,33,,23388,27,,,0,74,,23389,27,,,0,31,,23390,27,,,0,71,,23391,27,,,0,33,,23392,27,,,0,72,,23393,27,,,0,31,,23394,27,,,0,71,,23395,27,,,0,27,,23396,27,,,0,68,,23397,27,,,0,31,,23398,27,,,0,70,,23399,27,,,0,30,,23400,27,,,0,70,,23401,27,,,0,23,,23402,27,,,0,62,,23403,27,,,0,24,,23404,27,,,0,69,,23405,27,,,0,28,,23406,27,,,0,30,,23407,27,,,0
900600,'S2-1_6',842,,26246,14,,,0,170,,26248,14,,,0,125,,26249,14,,,0,175,,26250,14,,,0,120,,26251,14,,,0,175,,26252,14,,,0,130,,26253,14,,,0,170,,26247,14,,,0
900600,'S2-5_1',842,,26254,14,,,0,170,,26256,14,,,0,125,,26257,14,,,0,175,,26258,14,,,0,120,,26259,14,,,0,175,,26260,14,,,0,130,,26261,14,,,0,170,,26255,14,,,0
900600,'S2-5_2',842,,26262,14,,,0,170,,26264,14,,,0,125,,26265,14,,,0,175,,26266,14,,,0,120,,26267,14,,,0,175,,26268,14,,,0,130,,26269,14,,,0,170,,26263,14,,,0
900600,'S2-5_4',842,,26270,14,,,0,170,,26272,14,,,0,125,,26273,14,,,0,175,,26274,14,,,0,120,,26275,14,,,0,175,,26276,14,,,0,130,,26277,14,,,0,170,,26271,14,,,0
900600,'S2-5_5',842,,26278,14,,,0,170,,26280,14,,,0,125,,26281,14,,,0,175,,26282,14,,,0,120,,26283,14,,,0,175,,26284,14,,,0,130,,26285,14,,,0,170,,26279,14,,,0
900600,'S2-6_3',842,,26286,14,,,0,170,,26288,14,,,0,125,,26289,14,,,0,175,,26290,14,,,0,120,,26291,14,,,0,175,,26292,14,,,0,130,,26293,14,,,0,170,,26287,14,,,0
2900301,'S2-5_1',1730,,28298,13,,,0,28,,28299,13,,,0,73,,28300,13,,,0,20,,28301,13,,,0
2900301,'S2-5_2',1730,,28302,13,,,0,28,,28303,13,,,0,73,,28304,13,,,0,20,,28305,13,,,0
2900301,'S2-5_4',1730,,28306,13,,,0,28,,28307,13,,,0,73,,28308,13,,,0,20,,28309,13,,,0
2900301,'S2-5_5',1730,,28310,13,,,0,28,,28311,13,,,0,73,,28312,13,,,0,20,,28313,13,,,0
2900301,'S2-6_3',1730,,28314,13,,,0,28,,28315,13,,,0,73,,28316,13,,,0,20,,28317,13,,,0
