300,'25j05H-Dimanche',933,,1065,,,0,100,,1066,,,0,100,,1067,,,0,100,,1068,,,0,100,,1069,,,0,100,,1070,,,0,100,,1071,,,0,100,,1072,,,0,100,,1073,,,0,100,,1074,,,0,100,,1075,,,0
300,'25j26H-Dimanche',933,,1076,,,0,100,,1077,,,0,100,,1078,,,0,100,,1079,,,0,100,,1080,,,0,100,,1081,,,0,100,,1082,,,0,100,,1083,,,0,100,,1084,,,0,100,,1085,,,0,100,,1086,,,0
300,'25k03H-Samedi',713,,1087,,,0,30,,1089,,,0,70,,1090,,,0,30,,1088,,,0,70,,1092,,,0,29,,1093,,,0,69,,1091,,,0,31,,1094,,,0,70,,1095,,,0,30,,1098,,,0,69,,1097,,,0,29,,1096,,,0,68,,1100,,,0,30,,1099,,,0,70,,1101,,,0,30,,1102,,,0,72,,1103,,,0,32,,1104,,,0,71,,1105,,,0,31,,1106,,,0,72,,1107,,,0,32,,1108,,,0,70,,1109,,,0,31,,1114,,,0,71,,1110,,,0,30,,1111,,,0,64,,1112,,,0,30,,1113,,,0
300,'25l22V-Semaine',718,,1115,,,0,25,,1116,,,0,70,,1117,,,0,23,,1120,,,0,65,,1119,,,0,29,,1118,,,0,72,,1122,,,0,32,,1125,,,0,71,,1127,,,0,32,,1123,,,0,72,,1128,,,0,32,,1121,,,0,73,,1124,,,0,33,,1126,,,0,72,,1129,,,0,33,,1130,,,0,72,,1131,,,0,34,,1133,,,0,69,,1132,,,0,28,,1135,,,0,68,,1137,,,0,27,,1139,,,0,68,,1136,,,0,30,,1142,,,0,72,,1141,,,0,30,,1138,,,0,73,,1140,,,0,30,,1134,,,0
300,'26a05H-Samedi',713,,1143,,,0,30,,1145,,,0,70,,1146,,,0,30,,1144,,,0,70,,1148,,,0,29,,1149,,,0,69,,1147,,,0,31,,1150,,,0,70,,1151,,,0,30,,1154,,,0,69,,1153,,,0,29,,1152,,,0,68,,1156,,,0,30,,1155,,,0,70,,1157,,,0,30,,1158,,,0,72,,1159,,,0,32,,1160,,,0,71,,1161,,,0,31,,1162,,,0,72,,1163,,,0,32,,1164,,,0,70,,1165,,,0,31,,1170,,,0,71,,1166,,,0,30,,1167,,,0,64,,1168,,,0,30,,1169,,,0
300,'26a05H-Mercredi',716,,1171,,,0,25,,1172,,,0,70,,1173,,,0,23,,1174,,,0,25,,1175,,,0,70,,1176,,,0,72,,1177,,,0,32,,1178,,,0,71,,1179,,,0,32,,1180,,,0,72,,1181,,,0,32,,1182,,,0,73,,1183,,,0,33,,1184,,,0,72,,1185,,,0,33,,1186,,,0,72,,1187,,,0,34,,1188,,,0,69,,1190,,,0,27,,1191,,,0,68,,1192,,,0,28,,1193,,,0,68,,1194,,,0,30,,1198,,,0,71,,1195,,,0,31,,1196,,,0,73,,1197,,,0,30,,1189,,,0
300,'26a05H-L-Ma-J-V',716,,1199,,,0,25,,1200,,,0,70,,1201,,,0,23,,1202,,,0,25,,1203,,,0,70,,1204,,,0,72,,1205,,,0,32,,1206,,,0,71,,1207,,,0,32,,1208,,,0,72,,1209,,,0,32,,1210,,,0,73,,1211,,,0,33,,1212,,,0,72,,1213,,,0,33,,1214,,,0,72,,1215,,,0,34,,1216,,,0,69,,1218,,,0,27,,1219,,,0,68,,1220,,,0,28,,1221,,,0,68,,1222,,,0,30,,1226,,,0,71,,1223,,,0,31,,1224,,,0,73,,1225,,,0,30,,1217,,,0
300,'26b23V-Semaine',718,,1227,,,0,25,,1228,,,0,70,,1229,,,0,23,,1232,,,0,65,,1231,,,0,29,,1230,,,0,72,,1234,,,0,32,,1237,,,0,71,,1239,,,0,32,,1235,,,0,72,,1240,,,0,32,,1233,,,0,73,,1236,,,0,33,,1238,,,0,72,,1241,,,0,33,,1242,,,0,72,,1243,,,0,34,,1245,,,0,69,,1244,,,0,28,,1247,,,0,68,,1249,,,0,27,,1251,,,0,68,,1248,,,0,30,,1254,,,0,72,,1253,,,0,30,,1250,,,0,73,,1252,,,0,30,,1246,,,0
300,'26c02V-Semaine',718,,1255,,,0,25,,1256,,,0,70,,1257,,,0,23,,1260,,,0,65,,1259,,,0,29,,1258,,,0,72,,1262,,,0,32,,1265,,,0,71,,1267,,,0,32,,1263,,,0,72,,1268,,,0,32,,1261,,,0,73,,1264,,,0,33,,1266,,,0,72,,1269,,,0,33,,1270,,,0,72,,1271,,,0,34,,1273,,,0,69,,1272,,,0,28,,1275,,,0,68,,1277,,,0,27,,1279,,,0,68,,1276,,,0,30,,1282,,,0,72,,1281,,,0,30,,1278,,,0,73,,1280,,,0,30,,1274,,,0
800,'25l22V-Semaine',711,,2537,,,0,33,,2538,,,0,67,,2539,,,0,30,,2540,,,0,80,,2541,,,0,110,,2542,,,0,117,,2543,,,0,111,,2544,,,0,151,,2545,,,0,112,,2547,,,0,110,,2546,,,0
800,'26a05H-Mercredi',711,,2548,,,0,33,,2549,,,0,67,,2550,,,0,30,,2551,,,0,80,,2552,,,0,110,,2553,,,0,117,,2554,,,0,111,,2555,,,0,151,,2556,,,0,112,,2558,,,0,110,,2557,,,0
800,'26a05H-L-Ma-J-V',711,,2559,,,0,33,,2560,,,0,67,,2561,,,0,30,,2562,,,0,80,,2563,,,0,110,,2564,,,0,117,,2565,,,0,111,,2566,,,0,151,,2567,,,0,112,,2569,,,0,110,,2568,,,0
800,'26b23V-Semaine',711,,2570,,,0,33,,2571,,,0,67,,2572,,,0,30,,2573,,,0,80,,2574,,,0,110,,2575,,,0,117,,2576,,,0,111,,2577,,,0,151,,2578,,,0,112,,2580,,,0,110,,2579,,,0
800,'26c02V-Semaine',711,,2581,,,0,33,,2582,,,0,67,,2583,,,0,30,,2584,,,0,80,,2585,,,0,110,,2586,,,0,117,,2587,,,0,111,,2588,,,0,151,,2589,,,0,112,,2591,,,0,110,,2590,,,0
2200,'26a05H-Mercredi',717,,3668,0,22 53 54,0,120,,3669,0,22 53 54,0,882,,3670,0,22 53 54,0
2200,'26a05H-L-Ma-J-V',717,,3673,0,22 53 54,0,120,,3674,0,22 53 54,0,882,,3675,0,22 53 54,0
