200,'2509-HIV-25j05H-d-Dimanche-00',942,,8528,0,13,0,165,,8529,0,13,0,125,,8530,0,13,0,110,,8531,0,13,0,165,,8532,0,13,0,125,,8533,0,13,0,125,,8534,0,13,0,165,,8535,0,13,0
200,'2509-HIV-25j26H-d-Dimanche-00',942,,8548,0,13,0,165,,8549,0,13,0,125,,8550,0,13,0,110,,8551,0,13,0,165,,8552,0,13,0,125,,8553,0,13,0,125,,8554,0,13,0,165,,8555,0,13,0
200,'2509-HIV-25k03H-s-Samedi-00',717,,8568,0,5,0,30,,8579,0,37 38 18 39,0,61,,8591,0,13,0,20,,8569,0,5,0,25,,8580,0,37 38 18 39,0,60,,8592,0,13,0,20,,8570,0,5,0,24,,8581,0,37 38 18 39,0,60,,8593,0,13,0,21,,8571,0,5,0,65,,8582,0,37 38 18 39,0,22,,8594,0,13,0,23,,8572,0,5,0,64,,8583,0,37 38 18 39,0,20,,8595,0,13,0,20,,8573,0,5,0,60,,8584,0,37 38 18 39,0,20,,8596,0,13,0,21,,8574,0,5,0,60,,8585,0,37 38 18 39,0,21,,8597,0,13,0,21,,8575,0,5,0,61,,8586,0,37 38 18 39,0,21,,8598,0,13,0,63,,8576,0,5,0,27,,8587,0,37 38 18 39,0,18,,8599,0,13,0,59,,8577,0,5,0,25,,8588,0,37 38 18 39,0,18,,8600,0,13,0,57,,8578,0,5,0,20,,8602,0,37 38 18 39,0,25,,8601,0,13,0,66,,8589,0,37 38 18 39,0,23,,8590,0,5,0
200,'2509-HIV-25l22Vlv-Semaine-00',722,,8639,0,37 38 18 39,0,5,,8641,0,13,0,20,,8640,0,13,0,61,,8635,0,5,0,15,,8632,0,37 38 18 39,0,15,,8636,0,13,0,85,,8634,0,5,0,14,,8633,0,37 38 18 39,0,91,,8631,0,5,0,29,,8625,0,37 38 18 39,0,79,,8623,0,5,0,75,,8626,0,37 38 18 39,0,26,,8624,0,5,0,20,,8627,0,37 38 18 39,0,65,,8618,0,5,0,26,,8616,0,37 38 18 39,0,70,,8620,0,5,0,30,,8617,0,37 38 18 39,0,70,,8619,0,5,0,25,,8622,0,13,0,67,,8621,0,37 38 18 39,0,18,,8612,0,5,0,15,,8615,0,13,0,71,,8613,0,37 38 18 39,0,10,,8614,0,13,0,10,,8611,0,5,0,15,,8609,0,13,0,61,,8606,0,37 38 18 39,0,14,,8607,0,13,0,15,,8608,0,5,0,14,,8610,0,13,0,60,,8603,0,13,0,15,,8604,0,37 38 18 39,0,10,,8605,0,5,0
200,'2509-HIV-26a05H-s-Samedi-00',717,,8642,0,5,0,30,,8653,0,37 38 18 39,0,61,,8665,0,13,0,20,,8643,0,5,0,25,,8654,0,37 38 18 39,0,60,,8666,0,13,0,20,,8644,0,5,0,24,,8655,0,37 38 18 39,0,60,,8667,0,13,0,21,,8645,0,5,0,65,,8656,0,37 38 18 39,0,22,,8668,0,13,0,23,,8646,0,5,0,64,,8657,0,37 38 18 39,0,20,,8669,0,13,0,20,,8647,0,5,0,60,,8658,0,37 38 18 39,0,20,,8670,0,13,0,21,,8648,0,5,0,60,,8659,0,37 38 18 39,0,21,,8671,0,13,0,21,,8649,0,5,0,61,,8660,0,37 38 18 39,0,21,,8672,0,13,0,63,,8650,0,5,0,27,,8661,0,37 38 18 39,0,18,,8673,0,13,0,59,,8651,0,5,0,25,,8662,0,37 38 18 39,0,18,,8674,0,13,0,57,,8652,0,5,0,20,,8676,0,37 38 18 39,0,25,,8675,0,13,0,66,,8663,0,37 38 18 39,0,23,,8664,0,5,0
200,'2509-HIV-26a05H-w-Mercredi-00',723,,8677,0,37 38 18 39,0,5,,8709,0,13,0,20,,8710,0,13,0,60,,8704,0,5,0,15,,8684,0,37 38 18 39,0,15,,8711,0,13,0,84,,8705,0,5,0,15,,8688,0,37 38 18 39,0,90,,8691,0,5,0,29,,8679,0,37 38 18 39,0,80,,8692,0,5,0,75,,8699,0,37 38 18 39,0,26,,8689,0,5,0,20,,8700,0,37 38 18 39,0,65,,8694,0,5,0,25,,8680,0,37 38 18 39,0,70,,8693,0,5,0,30,,8701,0,37 38 18 39,0,70,,8690,0,5,0,25,,8707,0,13,0,67,,8702,0,37 38 18 39,0,18,,8708,0,5,0,15,,8712,0,13,0,71,,8681,0,37 38 18 39,0,10,,8713,0,13,0,10,,8695,0,5,0,14,,8685,0,13,0,61,,8703,0,37 38 18 39,0,14,,8686,0,13,0,15,,8696,0,5,0,15,,8714,0,13,0,60,,8687,0,13,0,15,,8682,0,37 38 18 39,0,10,,8697,0,5,0
200,'2509-HIV-26a05Hlv-L-Ma-J-V-00',723,,8716,0,37 38 18 39,0,5,,8748,0,13,0,20,,8749,0,13,0,60,,8743,0,5,0,15,,8723,0,37 38 18 39,0,15,,8750,0,13,0,84,,8744,0,5,0,15,,8727,0,37 38 18 39,0,90,,8730,0,5,0,29,,8718,0,37 38 18 39,0,80,,8731,0,5,0,75,,8738,0,37 38 18 39,0,26,,8728,0,5,0,20,,8739,0,37 38 18 39,0,65,,8733,0,5,0,25,,8719,0,37 38 18 39,0,70,,8732,0,5,0,30,,8740,0,37 38 18 39,0,70,,8729,0,5,0,25,,8746,0,13,0,67,,8741,0,37 38 18 39,0,18,,8747,0,5,0,15,,8751,0,13,0,71,,8720,0,37 38 18 39,0,10,,8752,0,13,0,10,,8734,0,5,0,14,,8724,0,13,0,61,,8742,0,37 38 18 39,0,14,,8725,0,13,0,15,,8735,0,5,0,15,,8753,0,13,0,60,,8726,0,13,0,15,,8721,0,37 38 18 39,0,10,,8736,0,5,0
200,'2509-HIV-26b23Vlv-Semaine-00',722,,8791,0,37 38 18 39,0,5,,8793,0,13,0,20,,8792,0,13,0,61,,8787,0,5,0,15,,8784,0,37 38 18 39,0,15,,8788,0,13,0,85,,8786,0,5,0,14,,8785,0,37 38 18 39,0,91,,8783,0,5,0,29,,8777,0,37 38 18 39,0,79,,8775,0,5,0,75,,8778,0,37 38 18 39,0,26,,8776,0,5,0,20,,8779,0,37 38 18 39,0,65,,8770,0,5,0,26,,8768,0,37 38 18 39,0,70,,8772,0,5,0,30,,8769,0,37 38 18 39,0,70,,8771,0,5,0,25,,8774,0,13,0,67,,8773,0,37 38 18 39,0,18,,8764,0,5,0,15,,8767,0,13,0,71,,8765,0,37 38 18 39,0,10,,8766,0,13,0,10,,8763,0,5,0,15,,8761,0,13,0,61,,8758,0,37 38 18 39,0,14,,8759,0,13,0,15,,8760,0,5,0,14,,8762,0,13,0,60,,8755,0,13,0,15,,8756,0,37 38 18 39,0,10,,8757,0,5,0
200,'2509-HIV-26c02Vlv-Semaine-00',722,,8830,0,37 38 18 39,0,5,,8832,0,13,0,20,,8831,0,13,0,61,,8826,0,5,0,15,,8823,0,37 38 18 39,0,15,,8827,0,13,0,85,,8825,0,5,0,14,,8824,0,37 38 18 39,0,91,,8822,0,5,0,29,,8816,0,37 38 18 39,0,79,,8814,0,5,0,75,,8817,0,37 38 18 39,0,26,,8815,0,5,0,20,,8818,0,37 38 18 39,0,65,,8809,0,5,0,26,,8807,0,37 38 18 39,0,70,,8811,0,5,0,30,,8808,0,37 38 18 39,0,70,,8810,0,5,0,25,,8813,0,13,0,67,,8812,0,37 38 18 39,0,18,,8803,0,5,0,15,,8806,0,13,0,71,,8804,0,37 38 18 39,0,10,,8805,0,13,0,10,,8802,0,5,0,15,,8800,0,13,0,61,,8797,0,37 38 18 39,0,14,,8798,0,13,0,15,,8799,0,5,0,14,,8801,0,13,0,60,,8794,0,13,0,15,,8795,0,37 38 18 39,0,10,,8796,0,5,0
1500,'2509-HIV-25j05H-d-Dimanche-00',844,,11217,0,48,0,275,,11218,0,48,0,300,,11219,0,48,0,325,,11220,0,48,0
1500,'2509-HIV-25j26H-d-Dimanche-00',844,,11221,0,48,0,275,,11222,0,48,0,300,,11223,0,48,0,325,,11224,0,48,0
1500,'2509-HIV-25k03H-s-Samedi-00',729,,11226,0,48,0,21,,11227,0,48,0,154,,11228,0,48,0,117,,11229,0,48,0,116,,11230,0,48,0,80,,11231,0,48,0,37,,11232,0,48,0,95,,11233,0,48,0,158,,11225,,,0,100,,11234,0,48,0,108,,11235,0,48,0,99,,11236,0,48,0,118,,11237,0,48,0
1500,'2509-HIV-25l22Vlv-Semaine-00',729,,11239,0,48,0,21,,11240,0,48,0,154,,11241,0,48,0,117,,11242,0,48,0,116,,11243,0,48,0,80,,11244,0,48,0,37,,11245,0,48,0,95,,11246,0,48,0,158,,11238,,,0,100,,11247,0,48,0,108,,11248,0,48,0,99,,11249,0,48,0,118,,11250,0,48,0
1500,'2509-HIV-26a05H-s-Samedi-00',729,,11252,0,48,0,21,,11253,0,48,0,154,,11254,0,48,0,117,,11255,0,48,0,116,,11256,0,48,0,80,,11257,0,48,0,37,,11258,0,48,0,95,,11259,0,48,0,158,,11251,,,0,100,,11260,0,48,0,108,,11261,0,48,0,99,,11262,0,48,0,118,,11263,0,48,0
1500,'2509-HIV-26a05H-w-Mercredi-00',729,,11265,0,48,0,21,,11266,0,48,0,154,,11267,0,48,0,117,,11268,0,48,0,116,,11269,0,48,0,80,,11270,0,48,0,37,,11271,0,48,0,95,,11272,0,48,0,158,,11264,,,0,100,,11273,0,48,0,108,,11274,0,48,0,99,,11275,0,48,0,118,,11276,0,48,0
1500,'2509-HIV-26a05Hlv-L-Ma-J-V-00',729,,11278,0,48,0,21,,11279,0,48,0,154,,11280,0,48,0,117,,11281,0,48,0,116,,11282,0,48,0,80,,11283,0,48,0,37,,11284,0,48,0,95,,11285,0,48,0,158,,11277,,,0,100,,11286,0,48,0,108,,11287,0,48,0,99,,11288,0,48,0,118,,11289,0,48,0
1500,'2509-HIV-26b23Vlv-Semaine-00',729,,11291,0,48,0,21,,11292,0,48,0,154,,11293,0,48,0,117,,11294,0,48,0,116,,11295,0,48,0,80,,11296,0,48,0,37,,11297,0,48,0,95,,11298,0,48,0,158,,11290,,,0,100,,11299,0,48,0,108,,11300,0,48,0,99,,11301,0,48,0,118,,11302,0,48,0
1500,'2509-HIV-26c02Vlv-Semaine-00',729,,11304,0,48,0,21,,11305,0,48,0,154,,11306,0,48,0,117,,11307,0,48,0,116,,11308,0,48,0,80,,11309,0,48,0,37,,11310,0,48,0,95,,11311,0,48,0,158,,11303,,,0,100,,11312,0,48,0,108,,11313,0,48,0,99,,11314,0,48,0,118,,11315,0,48,0
2000,'2509-HIV-25j05H-d-Dimanche-00',921,,11689,,,0,900,,11690,,,0
2000,'2509-HIV-25j26H-d-Dimanche-00',921,,11691,,,0,900,,11692,,,0
2000,'2509-HIV-26a05H-w-Mercredi-00',1636,,11693,,,0,105,,11694,,,0,95,,11695,,,0
2000,'2509-HIV-26a05H-w-Mercredi-00-0010000',1241,,11696,,,0
2000,'2509-HIV-26a05Hlv-L-Ma-J-V-00',1636,,11697,,,0,105,,11698,,,0,95,,11699,,,0
900500,'2509-HIV-26a05Hlv-L-Ma-J-V-00-0001000',2121,,12387,,,0,90,,12388,,,0,90,,12389,,,0,50,,12390,,,0,88,,12391,,,0,82,,12392,,,0,30,,12393,,,0,70,,12394,,,0
900500,'2509-HIV-26b23Vlv-Semaine-00-0001000',2121,,12395,,,0,90,,12396,,,0,90,,12397,,,0,50,,12398,,,0,88,,12399,,,0,82,,12400,,,0,30,,12401,,,0,70,,12402,,,0
1000000,'2509-HIV-25j05H-d-Dimanche-00',821,,12763,0,29 30 31,0,80,,12764,0,29 30 31,0,40,,12765,0,29 30 31,0,80,,12766,0,29 30 31,0,80,,12767,0,29 30 31,0,40,,12768,0,29 30 31,0,80,,12769,0,29 30 31,0,80,,12770,0,29 30 31,0,40,,12771,0,29 30 31,0,80,,12772,0,29 30 31,0,80,,12773,0,29 30 31,0,40,,12774,0,29 30 31,0,80,,12775,0,29 30 31,0,80,,12776,0,29 30 31,0,40,,12777,0,29 30 31,0,80,,12778,0,29 30 31,0,80,,12779,0,29 30 31,0,40,,12780,0,29 30 31,0
1000000,'2509-HIV-25j26H-d-Dimanche-00',821,,12781,0,29 30 31,0,80,,12782,0,29 30 31,0,40,,12783,0,29 30 31,0,80,,12784,0,29 30 31,0,80,,12785,0,29 30 31,0,40,,12786,0,29 30 31,0,80,,12787,0,29 30 31,0,80,,12788,0,29 30 31,0,40,,12789,0,29 30 31,0,80,,12790,0,29 30 31,0,80,,12791,0,29 30 31,0,40,,12792,0,29 30 31,0,80,,12793,0,29 30 31,0,80,,12794,0,29 30 31,0,40,,12795,0,29 30 31,0,80,,12796,0,29 30 31,0,80,,12797,0,29 30 31,0,40,,12798,0,29 30 31,0
1000000,'2509-HIV-25k03H-s-Samedi-00',547,,12799,0,29 30 31,0,80,,12800,0,29 30 31,0,82,,12801,,,0,42,,12802,,,0,71,,12803,0,29 30 31,0,15,,12804,,,0,16,,12805,0,29 30 31,0,55,,12806,0,29 30 31,0,14,,12807,,,0,15,,12808,0,29 30 31,0,16,,12866,0,29 30 31,0,55,,12809,,,0,17,,12810,0,29 30 31,0,16,,12811,0,29 30 31,0,14,,12812,,,0,56,,12813,0,29 30 31,0,15,,12814,0,29 30 31,0,16,,12815,,,0,15,,12816,0,29 30 31,0,55,,12817,0,29 30 31,0,16,,12818,,,0,14,,12819,0,29 30 31,0,14,,12820,0,29 30 31,0,55,,12821,,,0,14,,12822,0,29 30 31,0,10,,12823,0,29 30 31,0,12,,12824,,,0,12,,12825,0,29 30 31,0,50,,12826,0,29 30 31,0,9,,12827,0,29 30 31,0,9,,12828,,,0,10,,12829,0,29 30 31,0,11,,12830,0,29 30 31,0,11,,12831,0,29 30 31,0,50,,12832,,,0,12,,12833,0,29 30 31,0,9,,12834,0,29 30 31,0,9,,12835,0,29 30 31,0,10,,12836,,,0,51,,12837,0,29 30 31,0,10,,12838,0,29 30 31,0,10,,12839,0,29 30 31,0,11,,12840,,,0,11,,12841,0,29 30 31,0,9,,12842,0,29 30 31,0,51,,12843,0,29 30 31,0,11,,12844,,,0,13,,12845,0,29 30 31,0,9,,12846,0,29 30 31,0,9,,12847,0,29 30 31,0,10,,12848,,,0,48,,12849,0,29 30 31,0,9,,12850,0,29 30 31,0,9,,12851,0,29 30 31,0,8,,12853,0,29 30 31,0,10,,12852,,,0,9,,12854,0,29 30 31,0,8,,12855,0,29 30 31,0,49,,12857,0,29 30 31,0,10,,12856,0,29 30 31,0,11,,12858,0,29 30 31,0,21,,12859,0,29 30 31,0,57,,12860,0,29 30 31,0,20,,12861,0,29 30 31,0,19,,12862,0,29 30 31,0,59,,12863,0,29 30 31,0,19,,12864,0,29 30 31,0,19,,12865,0,29 30 31,0
1000000,'2509-HIV-25l22Vlv-Semaine-00',552,,12867,0,29 30 31,0,60,,12868,0,29 30 31,0,20,,12948,0,29 30 31,0,21,,12949,,,0,53,,12951,,,0,11,,12947,,,0,10,,12901,,,0,9,,12902,,,0,10,,12903,,,0,10,,12904,,,0,51,,12905,,,0,11,,12906,,,0,10,,12907,,,0,10,,12908,,,0,9,,12950,,,0,9,,12869,0,29 30 31,0,49,,12870,,,0,10,,12871,0,29 30 31,0,10,,12872,,,0,10,,12873,0,29 30 31,0,10,,12909,,,0,11,,12874,0,29 30 31,0,51,,12875,,,0,11,,12876,0,29 30 31,0,12,,12877,,,0,11,,12878,0,29 30 31,0,10,,12879,,,0,51,,12881,0,29 30 31,0,10,,12880,,,0,11,,12911,0,29 30 31,0,10,,12910,,,0,11,,12912,0,29 30 31,0,10,,12913,,,0,51,,12914,0,29 30 31,0,11,,12915,,,0,10,,12916,0,29 30 31,0,11,,12917,,,0,11,,12918,0,29 30 31,0,9,,12919,,,0,49,,12920,0,29 30 31,0,10,,12921,,,0,11,,12922,0,29 30 31,0,10,,12923,,,0,10,,12882,0,29 30 31,0,11,,12883,,,0,50,,12924,0,29 30 31,0,10,,12884,,,0,10,,12885,0,29 30 31,0,10,,12886,,,0,10,,12925,0,29 30 31,0,11,,12887,,,0,50,,12888,0,29 30 31,0,11,,12889,,,0,10,,12890,0,29 30 31,0,11,,12926,,,0,10,,12927,,,0,50,,12928,,,0,10,,12929,,,0,10,,12930,,,0,9,,12931,,,0,10,,12932,,,0,10,,12933,,,0,51,,12934,,,0,11,,12935,,,0,10,,12936,,,0,10,,12937,,,0,10,,12938,,,0,10,,12939,,,0,50,,12940,,,0,9,,12941,,,0,9,,12942,0,29 30 31,0,10,,12943,,,0,9,,12946,0,29 30 31,0,9,,12891,0,29 30 31,0,8,,12944,,,0,49,,12892,0,29 30 31,0,9,,12945,,,0,9,,12893,0,29 30 31,0,20,,12894,0,29 30 31,0,60,,12895,0,29 30 31,0,18,,12896,0,29 30 31,0,19,,12897,0,29 30 31,0,60,,12898,0,29 30 31,0,20,,12899,0,29 30 31,0,20,,12900,0,29 30 31,0
1000000,'2509-HIV-26a05H-s-Samedi-00',547,,12952,0,29 30 31,0,80,,12953,0,29 30 31,0,82,,12954,,,0,42,,12955,,,0,71,,12956,0,29 30 31,0,15,,12957,,,0,16,,12958,0,29 30 31,0,55,,12959,0,29 30 31,0,14,,12960,,,0,15,,12961,0,29 30 31,0,16,,13019,0,29 30 31,0,55,,12962,,,0,17,,12963,0,29 30 31,0,16,,12964,0,29 30 31,0,14,,12965,,,0,56,,12966,0,29 30 31,0,15,,12967,0,29 30 31,0,16,,12968,,,0,15,,12969,0,29 30 31,0,55,,12970,0,29 30 31,0,16,,12971,,,0,14,,12972,0,29 30 31,0,14,,12973,0,29 30 31,0,55,,12974,,,0,14,,12975,0,29 30 31,0,10,,12976,0,29 30 31,0,12,,12977,,,0,12,,12978,0,29 30 31,0,50,,12979,0,29 30 31,0,9,,12980,0,29 30 31,0,9,,12981,,,0,10,,12982,0,29 30 31,0,11,,12983,0,29 30 31,0,11,,12984,0,29 30 31,0,50,,12985,,,0,12,,12986,0,29 30 31,0,9,,12987,0,29 30 31,0,9,,12988,0,29 30 31,0,10,,12989,,,0,51,,12990,0,29 30 31,0,10,,12991,0,29 30 31,0,10,,12992,0,29 30 31,0,11,,12993,,,0,11,,12994,0,29 30 31,0,9,,12995,0,29 30 31,0,51,,12996,0,29 30 31,0,11,,12997,,,0,13,,12998,0,29 30 31,0,9,,12999,0,29 30 31,0,9,,13000,0,29 30 31,0,10,,13001,,,0,48,,13002,0,29 30 31,0,9,,13003,0,29 30 31,0,9,,13004,0,29 30 31,0,8,,13006,0,29 30 31,0,10,,13005,,,0,9,,13007,0,29 30 31,0,8,,13008,0,29 30 31,0,49,,13010,0,29 30 31,0,10,,13009,0,29 30 31,0,11,,13011,0,29 30 31,0,21,,13012,0,29 30 31,0,57,,13013,0,29 30 31,0,20,,13014,0,29 30 31,0,19,,13015,0,29 30 31,0,59,,13016,0,29 30 31,0,19,,13017,0,29 30 31,0,19,,13018,0,29 30 31,0
1000000,'2509-HIV-26a05H-w-Mercredi-00',552,,13020,0,29 30 31,0,60,,13021,0,29 30 31,0,20,,13102,0,29 30 31,0,20,,13103,,,0,54,,13105,,,0,12,,13101,,,0,10,,13054,,,0,6,,13099,,,0,3,,13055,,,0,10,,13056,,,0,10,,13057,,,0,50,,13058,,,0,11,,13059,,,0,10,,13060,,,0,10,,13061,,,0,9,,13104,,,0,9,,13022,0,29 30 31,0,49,,13023,,,0,10,,13024,0,29 30 31,0,10,,13025,,,0,11,,13026,0,29 30 31,0,10,,13062,,,0,11,,13027,0,29 30 31,0,51,,13028,,,0,10,,13029,0,29 30 31,0,11,,13030,,,0,11,,13031,0,29 30 31,0,10,,13032,,,0,51,,13034,0,29 30 31,0,10,,13033,,,0,11,,13064,0,29 30 31,0,12,,13063,,,0,11,,13065,0,29 30 31,0,11,,13066,,,0,51,,13067,0,29 30 31,0,10,,13068,,,0,10,,13069,0,29 30 31,0,11,,13070,,,0,10,,13071,0,29 30 31,0,10,,13072,,,0,50,,13073,0,29 30 31,0,10,,13074,,,0,9,,13075,0,29 30 31,0,10,,13076,,,0,10,,13035,0,29 30 31,0,11,,13036,,,0,50,,13077,0,29 30 31,0,10,,13037,,,0,9,,13038,0,29 30 31,0,11,,13039,,,0,10,,13078,0,29 30 31,0,11,,13040,,,0,50,,13041,0,29 30 31,0,10,,13042,,,0,10,,13043,0,29 30 31,0,11,,13079,,,0,11,,13080,,,0,50,,13081,,,0,10,,13082,,,0,10,,13083,,,0,10,,13084,,,0,10,,13085,,,0,11,,13086,,,0,51,,13087,,,0,10,,13088,,,0,10,,13089,,,0,10,,13090,,,0,9,,13091,,,0,8,,13092,,,0,9,,13093,,,0,50,,13094,,,0,10,,13095,0,29 30 31,0,9,,13096,,,0,8,,13100,0,29 30 31,0,9,,13044,0,29 30 31,0,10,,13097,,,0,50,,13045,0,29 30 31,0,10,,13098,,,0,9,,13046,0,29 30 31,0,19,,13047,0,29 30 31,0,59,,13048,0,29 30 31,0,18,,13049,0,29 30 31,0,20,,13050,0,29 30 31,0,60,,13051,0,29 30 31,0,20,,13052,0,29 30 31,0,20,,13053,0,29 30 31,0
1000000,'2509-HIV-26a05Hlv-L-Ma-J-V-00',552,,13106,0,29 30 31,0,60,,13107,0,29 30 31,0,20,,13188,0,29 30 31,0,20,,13189,,,0,54,,13191,,,0,12,,13187,,,0,10,,13140,,,0,6,,13185,,,0,3,,13141,,,0,10,,13142,,,0,10,,13143,,,0,50,,13144,,,0,11,,13145,,,0,10,,13146,,,0,10,,13147,,,0,9,,13190,,,0,9,,13108,0,29 30 31,0,49,,13109,,,0,10,,13110,0,29 30 31,0,10,,13111,,,0,11,,13112,0,29 30 31,0,10,,13148,,,0,11,,13113,0,29 30 31,0,51,,13114,,,0,10,,13115,0,29 30 31,0,11,,13116,,,0,11,,13117,0,29 30 31,0,10,,13118,,,0,51,,13120,0,29 30 31,0,10,,13119,,,0,11,,13150,0,29 30 31,0,12,,13149,,,0,11,,13151,0,29 30 31,0,11,,13152,,,0,51,,13153,0,29 30 31,0,10,,13154,,,0,10,,13155,0,29 30 31,0,11,,13156,,,0,10,,13157,0,29 30 31,0,10,,13158,,,0,50,,13159,0,29 30 31,0,10,,13160,,,0,9,,13161,0,29 30 31,0,10,,13162,,,0,10,,13121,0,29 30 31,0,11,,13122,,,0,50,,13163,0,29 30 31,0,10,,13123,,,0,9,,13124,0,29 30 31,0,11,,13125,,,0,10,,13164,0,29 30 31,0,11,,13126,,,0,50,,13127,0,29 30 31,0,10,,13128,,,0,10,,13129,0,29 30 31,0,11,,13165,,,0,11,,13166,,,0,50,,13167,,,0,10,,13168,,,0,10,,13169,,,0,10,,13170,,,0,10,,13171,,,0,11,,13172,,,0,51,,13173,,,0,10,,13174,,,0,10,,13175,,,0,10,,13176,,,0,9,,13177,,,0,8,,13178,,,0,9,,13179,,,0,50,,13180,,,0,10,,13181,0,29 30 31,0,9,,13182,,,0,8,,13186,0,29 30 31,0,9,,13130,0,29 30 31,0,10,,13183,,,0,50,,13131,0,29 30 31,0,10,,13184,,,0,9,,13132,0,29 30 31,0,19,,13133,0,29 30 31,0,59,,13134,0,29 30 31,0,18,,13135,0,29 30 31,0,20,,13136,0,29 30 31,0,60,,13137,0,29 30 31,0,20,,13138,0,29 30 31,0,20,,13139,0,29 30 31,0
1000000,'2509-HIV-26b23Vlv-Semaine-00',552,,13192,0,29 30 31,0,60,,13193,0,29 30 31,0,20,,13273,0,29 30 31,0,21,,13274,,,0,53,,13276,,,0,11,,13272,,,0,10,,13226,,,0,9,,13227,,,0,10,,13228,,,0,10,,13229,,,0,51,,13230,,,0,11,,13231,,,0,10,,13232,,,0,10,,13233,,,0,9,,13275,,,0,9,,13194,0,29 30 31,0,49,,13195,,,0,10,,13196,0,29 30 31,0,10,,13197,,,0,10,,13198,0,29 30 31,0,10,,13234,,,0,11,,13199,0,29 30 31,0,51,,13200,,,0,11,,13201,0,29 30 31,0,12,,13202,,,0,11,,13203,0,29 30 31,0,10,,13204,,,0,51,,13206,0,29 30 31,0,10,,13205,,,0,11,,13236,0,29 30 31,0,10,,13235,,,0,11,,13237,0,29 30 31,0,10,,13238,,,0,51,,13239,0,29 30 31,0,11,,13240,,,0,10,,13241,0,29 30 31,0,11,,13242,,,0,11,,13243,0,29 30 31,0,9,,13244,,,0,49,,13245,0,29 30 31,0,10,,13246,,,0,11,,13247,0,29 30 31,0,10,,13248,,,0,10,,13207,0,29 30 31,0,11,,13208,,,0,50,,13249,0,29 30 31,0,10,,13209,,,0,10,,13210,0,29 30 31,0,10,,13211,,,0,10,,13250,0,29 30 31,0,11,,13212,,,0,50,,13213,0,29 30 31,0,11,,13214,,,0,10,,13215,0,29 30 31,0,11,,13251,,,0,10,,13252,,,0,50,,13253,,,0,10,,13254,,,0,10,,13255,,,0,9,,13256,,,0,10,,13257,,,0,10,,13258,,,0,51,,13259,,,0,11,,13260,,,0,10,,13261,,,0,10,,13262,,,0,10,,13263,,,0,10,,13264,,,0,50,,13265,,,0,9,,13266,,,0,9,,13267,0,29 30 31,0,10,,13268,,,0,9,,13271,0,29 30 31,0,9,,13216,0,29 30 31,0,8,,13269,,,0,49,,13217,0,29 30 31,0,9,,13270,,,0,9,,13218,0,29 30 31,0,20,,13219,0,29 30 31,0,60,,13220,0,29 30 31,0,18,,13221,0,29 30 31,0,19,,13222,0,29 30 31,0,60,,13223,0,29 30 31,0,20,,13224,0,29 30 31,0,20,,13225,0,29 30 31,0
1000000,'2509-HIV-26c02Vlv-Semaine-00',552,,13277,0,29 30 31,0,60,,13278,0,29 30 31,0,20,,13358,0,29 30 31,0,21,,13359,,,0,53,,13361,,,0,11,,13357,,,0,10,,13311,,,0,9,,13312,,,0,10,,13313,,,0,10,,13314,,,0,51,,13315,,,0,11,,13316,,,0,10,,13317,,,0,10,,13318,,,0,9,,13360,,,0,9,,13279,0,29 30 31,0,49,,13280,,,0,10,,13281,0,29 30 31,0,10,,13282,,,0,10,,13283,0,29 30 31,0,10,,13319,,,0,11,,13284,0,29 30 31,0,51,,13285,,,0,11,,13286,0,29 30 31,0,12,,13287,,,0,11,,13288,0,29 30 31,0,10,,13289,,,0,51,,13291,0,29 30 31,0,10,,13290,,,0,11,,13321,0,29 30 31,0,10,,13320,,,0,11,,13322,0,29 30 31,0,10,,13323,,,0,51,,13324,0,29 30 31,0,11,,13325,,,0,10,,13326,0,29 30 31,0,11,,13327,,,0,11,,13328,0,29 30 31,0,9,,13329,,,0,49,,13330,0,29 30 31,0,10,,13331,,,0,11,,13332,0,29 30 31,0,10,,13333,,,0,10,,13292,0,29 30 31,0,11,,13293,,,0,50,,13334,0,29 30 31,0,10,,13294,,,0,10,,13295,0,29 30 31,0,10,,13296,,,0,10,,13335,0,29 30 31,0,11,,13297,,,0,50,,13298,0,29 30 31,0,11,,13299,,,0,10,,13300,0,29 30 31,0,11,,13336,,,0,10,,13337,,,0,50,,13338,,,0,10,,13339,,,0,10,,13340,,,0,9,,13341,,,0,10,,13342,,,0,10,,13343,,,0,51,,13344,,,0,11,,13345,,,0,10,,13346,,,0,10,,13347,,,0,10,,13348,,,0,10,,13349,,,0,50,,13350,,,0,9,,13351,,,0,9,,13352,0,29 30 31,0,10,,13353,,,0,9,,13356,0,29 30 31,0,9,,13301,0,29 30 31,0,8,,13354,,,0,49,,13302,0,29 30 31,0,9,,13355,,,0,9,,13303,0,29 30 31,0,20,,13304,0,29 30 31,0,60,,13305,0,29 30 31,0,18,,13306,0,29 30 31,0,19,,13307,0,29 30 31,0,60,,13308,0,29 30 31,0,20,,13309,0,29 30 31,0,20,,13310,0,29 30 31,0
