900,'2509-HIV-25j05H-d-Dimanche-00',906,,10740,,,0,300,,10738,,,0,300,,10739,,,0,300,,10741,,,0
900,'2509-HIV-25j26H-d-Dimanche-00',906,,10744,,,0,300,,10742,,,0,300,,10743,,,0,300,,10745,,,0
900,'2509-HIV-25k03H-s-Samedi-00',709,,10748,,,0,99,,10749,,,0,118,,10747,4,,0,126,,10754,4,,0,69,,10750,,,0,137,,10756,4,,0,97,,10755,4,,0,90,,10751,,,0,89,,10746,,,0,99,,10757,,,0,175,,10752,,,0,93,,10753,,,0
900,'2509-HIV-25l22Vlv-Semaine-00',705,,10759,,,0,25,,10760,,,0,79,,10762,,,0,23,,10764,,,0,1,,10763,,,0,86,,10761,,,0,90,,10765,,,0,49,,10769,4,,0,63,,10766,,,0,129,,10768,4,,0,105,,10770,4,,0,90,,10772,,,0,98,,10775,,,0,90,,10773,,,0,173,,10771,,,0,96,,10774,,,0
900,'2509-HIV-26a05H-s-Samedi-00',709,,10778,,,0,99,,10779,,,0,118,,10777,4,,0,126,,10784,4,,0,69,,10780,,,0,137,,10786,4,,0,97,,10785,4,,0,90,,10781,,,0,89,,10776,,,0,99,,10787,,,0,175,,10782,,,0,93,,10783,,,0
900,'2509-HIV-26a05H-w-Mercredi-00',659,,10789,,,0,68,,10790,,,0,81,,10794,,,0,21,,10795,,,0,4,,10796,,,0,84,,10791,,,0,89,,10797,,,0,94,,10798,4,,0,53,,10799,,,0,105,,10800,,,0,70,,10792,,,0,130,,10803,,,0,84,,10801,,,0,110,,10802,,,0,72,,10793,,,0,130,,10804,,,0,78,,10805,4,,0
900,'2509-HIV-26a05Hlv-L-Ma-J-V-00',659,,10808,,,0,68,,10809,,,0,81,,10813,,,0,21,,10814,,,0,4,,10815,,,0,84,,10810,,,0,89,,10816,,,0,94,,10817,4,,0,53,,10818,,,0,105,,10819,,,0,70,,10811,,,0,130,,10822,,,0,84,,10820,,,0,110,,10821,,,0,72,,10812,,,0,130,,10823,,,0,78,,10824,4,,0
900,'2509-HIV-26b23Vlv-Semaine-00',705,,10827,,,0,25,,10828,,,0,79,,10830,,,0,23,,10832,,,0,1,,10831,,,0,86,,10829,,,0,90,,10833,,,0,49,,10837,4,,0,63,,10834,,,0,129,,10836,4,,0,105,,10838,4,,0,90,,10840,,,0,98,,10843,,,0,90,,10841,,,0,173,,10839,,,0,96,,10842,,,0
900,'2509-HIV-26c02Vlv-Semaine-00',705,,10845,,,0,25,,10846,,,0,79,,10848,,,0,23,,10850,,,0,1,,10849,,,0,86,,10847,,,0,90,,10851,,,0,49,,10855,4,,0,63,,10852,,,0,129,,10854,4,,0,105,,10856,4,,0,90,,10858,,,0,98,,10861,,,0,90,,10859,,,0,173,,10857,,,0,96,,10860,,,0
1000,'2509-HIV-25j05H-d-Dimanche-00',844,,10970,,,0,462,,10971,,,0,497,,10972,,,0
1000,'2509-HIV-25j26H-d-Dimanche-00',844,,10973,,,0,462,,10974,,,0,497,,10975,,,0
1000,'2509-HIV-25k03H-s-Samedi-00',702,,10976,,,0,55,,10977,,,0,171,,10983,0,26 32,0,26,,10978,,,0,158,,10984,0,26 32,0,101,,10985,0,26 32,0,101,,10986,0,26 32,0,101,,10987,0,26 32,0,92,,10981,,,0,115,,10982,,,0,29,,10979,,,0,186,,10980,,,0,122,,10988,0,26 32,0
1000,'2509-HIV-25l22Vlv-Semaine-00',930,,11001,0,26 32,0,24,,10991,,,0,164,,10994,0,26 32,0,95,,10995,0,26 32,0,101,,10996,0,26 32,0,101,,10997,0,26 32,0,92,,10999,,,0,115,,11000,,,0,29,,10992,,,0,186,,10993,,,0,122,,10998,0,26 32,0
1000,'2509-HIV-26a05H-s-Samedi-00',702,,11002,,,0,55,,11003,,,0,171,,11009,0,26 32,0,26,,11004,,,0,158,,11010,0,26 32,0,101,,11011,0,26 32,0,101,,11012,0,26 32,0,101,,11013,0,26 32,0,92,,11007,,,0,115,,11008,,,0,29,,11005,,,0,186,,11006,,,0,122,,11014,0,26 32,0
1000,'2509-HIV-26a05H-w-Mercredi-00',931,,11029,0,26 32,0,25,,11017,,,0,161,,11020,0,26 32,0,87,,11021,0,26 32,0,37,,11022,0,26 32,0,80,,11023,0,26 32,0,99,,11024,0,26 32,0,39,,11026,,,0,70,,11027,,,0,96,,11028,,,0,23,,11018,,,0,188,,11019,,,0,164,,11025,0,26 32,0
1000,'2509-HIV-26a05Hlv-L-Ma-J-V-00',931,,11044,0,26 32,0,25,,11032,,,0,161,,11035,0,26 32,0,87,,11036,0,26 32,0,37,,11037,0,26 32,0,80,,11038,0,26 32,0,99,,11039,0,26 32,0,39,,11041,,,0,70,,11042,,,0,96,,11043,,,0,23,,11033,,,0,188,,11034,,,0,164,,11040,0,26 32,0
1000,'2509-HIV-26b23Vlv-Semaine-00',930,,11057,0,26 32,0,24,,11047,,,0,164,,11050,0,26 32,0,95,,11051,0,26 32,0,101,,11052,0,26 32,0,101,,11053,0,26 32,0,92,,11055,,,0,115,,11056,,,0,29,,11048,,,0,186,,11049,,,0,122,,11054,0,26 32,0
1000,'2509-HIV-26c02Vlv-Semaine-00',930,,11070,0,26 32,0,24,,11060,,,0,164,,11063,0,26 32,0,95,,11064,0,26 32,0,101,,11065,0,26 32,0,101,,11066,0,26 32,0,92,,11068,,,0,115,,11069,,,0,29,,11061,,,0,186,,11062,,,0,122,,11067,0,26 32,0
1100,'2509-HIV-25j05H-d-Dimanche-00',849,,11165,,,0,958,,11166,,,0
1100,'2509-HIV-25j26H-d-Dimanche-00',849,,11167,,,0,958,,11168,,,0
1100,'2509-HIV-25k03H-s-Samedi-00',709,,11169,,,0,128,,11170,,,0,905,,11171,,,0,159,,11172,,,0
1100,'2509-HIV-25l22Vlv-Semaine-00',709,,11173,,,0,128,,11174,,,0,905,,11175,,,0,159,,11176,,,0
1100,'2509-HIV-26a05H-s-Samedi-00',709,,11177,,,0,128,,11178,,,0,905,,11179,,,0,159,,11180,,,0
1100,'2509-HIV-26a05H-w-Mercredi-00',709,,11181,,,0,128,,11182,,,0,905,,11183,,,0,159,,11184,,,0
1100,'2509-HIV-26a05Hlv-L-Ma-J-V-00',709,,11185,,,0,128,,11186,,,0,905,,11187,,,0,159,,11188,,,0
1100,'2509-HIV-26b23Vlv-Semaine-00',709,,11189,,,0,128,,11190,,,0,905,,11191,,,0,159,,11192,,,0
1100,'2509-HIV-26c02Vlv-Semaine-00',709,,11193,,,0,128,,11194,,,0,905,,11195,,,0,159,,11196,,,0
1600,'2509-HIV-25k03H-s-Samedi-00',1033,,11421,4,,0,293,,11423,4,,0,423,,11426,4,,0,163,,11422,4,,0
1600,'2509-HIV-25l22Vlv-Semaine-00',1033,,11433,4,,0,293,,11435,4,,0,423,,11438,4,,0,163,,11434,4,,0
1600,'2509-HIV-26a05H-s-Samedi-00',1033,,11445,4,,0,293,,11447,4,,0,423,,11450,4,,0,163,,11446,4,,0
1600,'2509-HIV-26a05H-w-Mercredi-00',1033,,11457,4,,0,293,,11459,4,,0,423,,11462,4,,0,163,,11458,4,,0
1600,'2509-HIV-26a05Hlv-L-Ma-J-V-00',1033,,11469,4,,0,293,,11471,4,,0,423,,11474,4,,0,163,,11470,4,,0
1600,'2509-HIV-26b23Vlv-Semaine-00',1033,,11481,4,,0,293,,11483,4,,0,423,,11486,4,,0,163,,11482,4,,0
1600,'2509-HIV-26c02Vlv-Semaine-00',1033,,11493,4,,0,293,,11495,4,,0,423,,11498,4,,0,163,,11494,4,,0
1900,'2509-HIV-26a05H-w-Mercredi-00',727,,11656,,,0,105,,11660,,,0,974,,11657,,,0
1900,'2509-HIV-26a05H-w-Mercredi-00-0010000',1414,,11662,,,0
1900,'2509-HIV-26a05Hlv-L-Ma-J-V-00',727,,11665,,,0,105,,11669,,,0,974,,11666,,,0
