101,'S2-0_6',735,,53799,42,0,5,0,118,,53800,42,0,5,0,106,,53801,42,0,5,0,70,,53812,42,0,6,0,29,,53802,42,0,5,0,71,,53813,42,0,6,0,29,,53803,42,0,5,0,69,,53814,42,0,6,0,30,,53804,42,0,5,0,69,,53815,42,0,6,0,31,,53805,42,0,5,0,69,,53816,42,0,6,0,31,,53806,42,0,5,0,70,,53817,42,0,6,0,31,,53807,42,0,5,0,72,,53818,42,0,6,0,72,,53808,42,0,5,0,30,,53819,42,0,6,0,72,,53809,42,0,5,0,29,,53820,42,0,6,0,73,,53810,42,0,5,0,24,,53821,42,0,6,0,25,,53811,42,0,5,0
101,'S2-1_7',941,,53822,42,0,6,0,105,,53827,42,0,5,0,105,,53823,42,0,6,0,105,,53828,42,0,5,0,145,,53824,42,0,6,0,50,,53829,42,0,5,0,100,,53825,42,0,6,0,105,,53830,42,0,5,0,145,,53826,42,0,6,0,105,,53831,42,0,5,0
101,'S2-2_1',735,,53832,48,0,5,0,73,,53833,42,0,5,0,35,,53834,48,0,6,0,70,,53836,42,0,5,0,36,,53835,48,0,6,0,75,,53837,42,0,5,0,31,,53841,42,0,6,0,72,,53838,42,0,5,0,31,,53839,42,0,6,0,69,,53840,42,0,5,0,30,,53842,42,0,6,0,70,,53843,42,0,5,0,30,,53844,42,0,6,0,68,,53846,48,0,5,0,32,,53845,42,0,6,0,71,,53847,48,0,5,0,31,,53849,42,0,6,0,71,,53853,42,0,5,0,73,,53852,42,0,6,0,33,,53850,42,0,5,0,69,,53851,42,0,6,0,29,,53848,48,0,5,0,24,,53854,42,0,6,0,68,,53855,48,0,5,0,24,,53856,42,0,6,0
101,'S2-2_2',735,,53857,48,0,5,0,73,,53858,42,0,5,0,35,,53859,48,0,6,0,70,,53861,42,0,5,0,36,,53860,48,0,6,0,75,,53862,42,0,5,0,31,,53866,42,0,6,0,72,,53863,42,0,5,0,31,,53864,42,0,6,0,69,,53865,42,0,5,0,30,,53867,42,0,6,0,70,,53868,42,0,5,0,30,,53869,42,0,6,0,68,,53871,48,0,5,0,32,,53870,42,0,6,0,71,,53872,48,0,5,0,31,,53874,42,0,6,0,71,,53878,42,0,5,0,73,,53877,42,0,6,0,33,,53875,42,0,5,0,69,,53876,42,0,6,0,29,,53873,48,0,5,0,24,,53879,42,0,6,0,68,,53880,48,0,5,0,24,,53881,42,0,6,0
101,'S2-2_3',735,,53882,48,0,5,0,73,,53883,42,0,5,0,35,,53884,48,0,6,0,70,,53886,42,0,5,0,36,,53885,48,0,6,0,75,,53887,42,0,5,0,31,,53891,42,0,6,0,72,,53888,42,0,5,0,31,,53889,42,0,6,0,69,,53890,42,0,5,0,30,,53892,42,0,6,0,70,,53893,42,0,5,0,30,,53894,42,0,6,0,68,,53896,48,0,5,0,32,,53895,42,0,6,0,71,,53897,48,0,5,0,31,,53899,42,0,6,0,71,,53903,42,0,5,0,73,,53902,42,0,6,0,33,,53900,42,0,5,0,69,,53901,42,0,6,0,29,,53898,48,0,5,0,24,,53904,42,0,6,0,68,,53905,48,0,5,0,24,,53906,42,0,6,0
101,'S2-2_4',735,,53907,48,0,5,0,73,,53908,42,0,5,0,35,,53909,48,0,6,0,70,,53911,42,0,5,0,36,,53910,48,0,6,0,75,,53912,42,0,5,0,31,,53916,42,0,6,0,72,,53913,42,0,5,0,31,,53914,42,0,6,0,69,,53915,42,0,5,0,30,,53917,42,0,6,0,70,,53918,42,0,5,0,30,,53919,42,0,6,0,68,,53921,48,0,5,0,32,,53920,42,0,6,0,71,,53922,48,0,5,0,31,,53924,42,0,6,0,71,,53928,42,0,5,0,73,,53927,42,0,6,0,33,,53925,42,0,5,0,69,,53926,42,0,6,0,29,,53923,48,0,5,0,24,,53929,42,0,6,0,68,,53930,48,0,5,0,24,,53931,42,0,6,0
101,'S2-2_5',735,,53932,48,0,5,0,73,,53933,42,0,5,0,35,,53934,48,0,6,0,70,,53936,42,0,5,0,36,,53935,48,0,6,0,75,,53937,42,0,5,0,31,,53941,42,0,6,0,72,,53938,42,0,5,0,31,,53939,42,0,6,0,69,,53940,42,0,5,0,30,,53942,42,0,6,0,70,,53943,42,0,5,0,30,,53944,42,0,6,0,68,,53946,48,0,5,0,32,,53945,42,0,6,0,71,,53947,48,0,5,0,31,,53949,42,0,6,0,71,,53953,42,0,5,0,73,,53952,42,0,6,0,33,,53950,42,0,5,0,69,,53951,42,0,6,0,29,,53948,48,0,5,0,24,,53954,42,0,6,0,68,,53955,48,0,5,0,24,,53956,42,0,6,0
101,'S2-3_1',735,,53957,48,0,5,0,73,,53958,42,0,5,0,35,,53959,48,0,6,0,70,,53961,42,0,5,0,36,,53960,48,0,6,0,75,,53962,42,0,5,0,31,,53966,42,0,6,0,72,,53963,42,0,5,0,31,,53964,42,0,6,0,69,,53965,42,0,5,0,30,,53967,42,0,6,0,70,,53968,42,0,5,0,30,,53969,42,0,6,0,68,,53971,48,0,5,0,32,,53970,42,0,6,0,71,,53972,48,0,5,0,31,,53974,42,0,6,0,71,,53978,42,0,5,0,73,,53977,42,0,6,0,33,,53975,42,0,5,0,69,,53976,42,0,6,0,29,,53973,48,0,5,0,24,,53979,42,0,6,0,68,,53980,48,0,5,0,24,,53981,42,0,6,0
101,'S2-3_3',735,,53982,48,0,5,0,73,,53983,42,0,5,0,35,,53984,48,0,6,0,70,,53986,42,0,5,0,36,,53985,48,0,6,0,75,,53987,42,0,5,0,31,,53991,42,0,6,0,72,,53988,42,0,5,0,31,,53989,42,0,6,0,69,,53990,42,0,5,0,30,,53992,42,0,6,0,70,,53993,42,0,5,0,30,,53994,42,0,6,0,68,,53996,48,0,5,0,32,,53995,42,0,6,0,71,,53997,48,0,5,0,31,,53999,42,0,6,0,71,,54003,42,0,5,0,73,,54002,42,0,6,0,33,,54000,42,0,5,0,69,,54001,42,0,6,0,29,,53998,48,0,5,0,24,,54004,42,0,6,0,68,,54005,48,0,5,0,24,,54006,42,0,6,0
101,'S2-3_4',735,,54007,48,0,5,0,73,,54008,42,0,5,0,35,,54009,48,0,6,0,70,,54011,42,0,5,0,36,,54010,48,0,6,0,75,,54012,42,0,5,0,31,,54016,42,0,6,0,72,,54013,42,0,5,0,31,,54014,42,0,6,0,69,,54015,42,0,5,0,30,,54017,42,0,6,0,70,,54018,42,0,5,0,30,,54019,42,0,6,0,68,,54021,48,0,5,0,32,,54020,42,0,6,0,71,,54022,48,0,5,0,31,,54024,42,0,6,0,71,,54028,42,0,5,0,73,,54027,42,0,6,0,33,,54025,42,0,5,0,69,,54026,42,0,6,0,29,,54023,48,0,5,0,24,,54029,42,0,6,0,68,,54030,48,0,5,0,24,,54031,42,0,6,0
101,'S2-4_7',941,,54032,42,0,6,0,105,,54037,42,0,5,0,105,,54033,42,0,6,0,105,,54038,42,0,5,0,145,,54034,42,0,6,0,50,,54039,42,0,5,0,100,,54035,42,0,6,0,105,,54040,42,0,5,0,145,,54036,42,0,6,0,105,,54041,42,0,5,0
