901,'0_6',821,,66610,27,,,0,97,,66618,27,0,66,0,96,,66615,12,,,0,129,,66621,27,,,0,95,,66619,27,0,66,0,94,,66616,12,,,0,277,,66622,27,,,0,92,,66611,27,,,0,55,,66612,27,,,0,166,,66613,27,,,0,93,,66614,27,,,0
901,'2_1',821,,66623,27,,,0,97,,66631,27,0,66,0,96,,66628,12,,,0,129,,66634,27,,,0,95,,66632,27,0,66,0,94,,66629,12,,,0,277,,66635,27,,,0,92,,66624,27,,,0,55,,66625,27,,,0,166,,66626,27,,,0,93,,66627,27,,,0
901,'2_2',821,,66636,27,,,0,97,,66644,27,0,66,0,96,,66641,12,,,0,129,,66647,27,,,0,95,,66645,27,0,66,0,94,,66642,12,,,0,277,,66648,27,,,0,92,,66637,27,,,0,55,,66638,27,,,0,166,,66639,27,,,0,93,,66640,27,,,0
901,'2_3',821,,66649,27,,,0,97,,66657,27,0,66,0,96,,66654,12,,,0,129,,66660,27,,,0,95,,66658,27,0,66,0,94,,66655,12,,,0,277,,66661,27,,,0,92,,66650,27,,,0,55,,66651,27,,,0,166,,66652,27,,,0,93,,66653,27,,,0
901,'2_4',821,,66662,27,,,0,97,,66670,27,0,66,0,96,,66667,12,,,0,129,,66673,27,,,0,95,,66671,27,0,66,0,94,,66668,12,,,0,277,,66674,27,,,0,92,,66663,27,,,0,55,,66664,27,,,0,166,,66665,27,,,0,93,,66666,27,,,0
901,'2_5',821,,66675,27,,,0,97,,66683,27,0,66,0,96,,66680,12,,,0,129,,66686,27,,,0,95,,66684,27,0,66,0,94,,66681,12,,,0,277,,66687,27,,,0,92,,66676,27,,,0,55,,66677,27,,,0,166,,66678,27,,,0,93,,66679,27,,,0
901,'3_1',821,,66688,27,,,0,97,,66696,27,0,66,0,96,,66693,12,,,0,129,,66699,27,,,0,95,,66697,27,0,66,0,94,,66694,12,,,0,277,,66700,27,,,0,92,,66689,27,,,0,55,,66690,27,,,0,166,,66691,27,,,0,93,,66692,27,,,0
901,'3_3',821,,66701,27,,,0,97,,66709,27,0,66,0,96,,66706,12,,,0,129,,66712,27,,,0,95,,66710,27,0,66,0,94,,66707,12,,,0,277,,66713,27,,,0,92,,66702,27,,,0,55,,66703,27,,,0,166,,66704,27,,,0,93,,66705,27,,,0
901,'3_4',821,,66714,27,,,0,97,,66722,27,0,66,0,96,,66719,12,,,0,129,,66725,27,,,0,95,,66723,27,0,66,0,94,,66720,12,,,0,277,,66726,27,,,0,92,,66715,27,,,0,55,,66716,27,,,0,166,,66717,27,,,0,93,,66718,27,,,0
901,'3_5',821,,66727,27,,,0,97,,66735,27,0,66,0,96,,66732,12,,,0,129,,66738,27,,,0,95,,66736,27,0,66,0,94,,66733,12,,,0,277,,66739,27,,,0,92,,66728,27,,,0,55,,66729,27,,,0,166,,66730,27,,,0,93,,66731,27,,,0
