900600,'0_6',840,,68268,12,,,0,170,,68270,12,,,0,125,,68271,12,,,0,175,,68272,12,,,0,120,,68273,12,,,0,175,,68274,12,,,0,130,,68275,12,,,0,170,,68269,12,,,0
900600,'2_1',840,,68276,12,,,0,170,,68278,12,,,0,125,,68279,12,,,0,175,,68280,12,,,0,120,,68281,12,,,0,175,,68282,12,,,0,130,,68283,12,,,0,170,,68277,12,,,0
900600,'2_2',840,,68284,12,,,0,170,,68286,12,,,0,125,,68287,12,,,0,175,,68288,12,,,0,120,,68289,12,,,0,175,,68290,12,,,0,130,,68291,12,,,0,170,,68285,12,,,0
900600,'2_3',840,,68292,12,,,0,170,,68294,12,,,0,125,,68295,12,,,0,175,,68296,12,,,0,120,,68297,12,,,0,175,,68298,12,,,0,130,,68299,12,,,0,170,,68293,12,,,0
900600,'2_4',840,,68300,12,,,0,170,,68302,12,,,0,125,,68303,12,,,0,175,,68304,12,,,0,120,,68305,12,,,0,175,,68306,12,,,0,130,,68307,12,,,0,170,,68301,12,,,0
900600,'2_5',840,,68308,12,,,0,170,,68310,12,,,0,125,,68311,12,,,0,175,,68312,12,,,0,120,,68313,12,,,0,175,,68314,12,,,0,130,,68315,12,,,0,170,,68309,12,,,0
900600,'3_1',840,,68316,12,,,0,170,,68318,12,,,0,125,,68319,12,,,0,175,,68320,12,,,0,120,,68321,12,,,0,175,,68322,12,,,0,130,,68323,12,,,0,170,,68317,12,,,0
900600,'3_3',840,,68324,12,,,0,170,,68326,12,,,0,125,,68327,12,,,0,175,,68328,12,,,0,120,,68329,12,,,0,175,,68330,12,,,0,130,,68331,12,,,0,170,,68325,12,,,0
900600,'3_4',840,,68332,12,,,0,170,,68334,12,,,0,125,,68335,12,,,0,175,,68336,12,,,0,120,,68337,12,,,0,175,,68338,12,,,0,130,,68339,12,,,0,170,,68333,12,,,0
900600,'3_5',840,,68340,12,,,0,170,,68342,12,,,0,125,,68343,12,,,0,175,,68344,12,,,0,120,,68345,12,,,0,175,,68346,12,,,0,130,,68347,12,,,0,170,,68341,12,,,0
